,Location ID,Place ID,Governorate,District,Location Name,Arabic Name,Latitude,Longitude,Families,Individuals,Anbar,Babylon,Baghdad,Basrah,Dahuk,Diyala,Erbil,Kerbala,Kirkuk,Missan,Muthanna,Najaf,Ninewa,Qadissiya,Salahal Din,Sulaymaniyah,Thi Qar,Wassit,Camp,Hostfamilies,Hotel Motel,Informalsettlements,Own Property,Other,Informalsettlements.1,Religiousbuilding,Rented pre Apr 2019,Religiousbuilding.1,Rented Habitable,Rented pre Apr 2019.1,Rented Uninhabitable,Rented Habitable.1,Schoolbuilding,Rented Uninhabitable.1,Unfinishedbuilding,Schoolbuilding.1,Unknownsheltertype,Unfinishedbuilding.1,Pre June14 Period of displacement,Unknownsheltertype.1,June July14 Period of displacement,Pre June14 Period of displacement.1,August14 Period of displacement,June July14 Period of displacement.1,Post September 14 Period of displacement,August14 Period of displacement.1,Post April15 Period of displacement,Post September 14 Period of displacement.1,Post March 16 Period of displacement,Post April15 Period of displacement.1,Post 17 October 16 Period of displacement,Post March 16 Period of displacement.1,July 17 Period of displacement,Post 17 October 16 Period of displacement.1,July 17 Period of displacement.1,Jan19,date
0,1101001.0,7861.0,Dahuk,Amedi,Amedi,عمادية,37.0923890175,43.4878569852,14.0,84.0,0.0,0.0,0.0,0.0,0.0,0.0,0.0,0.0,0.0,0.0,0.0,0.0,14.0,0.0,0.0,0.0,0.0,0.0,0.0,1.0,0.0,0.0,0.0,0.0,0.0,0.0,13.0,0.0,0.0,13.0,0.0,0.0,0.0,0.0,0.0,0.0,0.0,0.0,0.0,0.0,3.0,0.0,11.0,3.0,0.0,11.0,0.0,0.0,0.0,0.0,0.0,0.0,0.0,0.0,0.0,0.0,"Dec 31, 2018"
1,1101002.0,8171.0,Dahuk,Amedi,Aradin,ارادن,37.108610668,43.3198276644,7.0,42.0,0.0,0.0,0.0,0.0,0.0,0.0,0.0,0.0,0.0,0.0,0.0,0.0,7.0,0.0,0.0,0.0,0.0,0.0,0.0,6.0,0.0,0.0,0.0,0.0,0.0,0.0,1.0,0.0,0.0,1.0,0.0,0.0,0.0,0.0,0.0,0.0,0.0,0.0,0.0,0.0,0.0,0.0,7.0,0.0,0.0,7.0,0.0,0.0,0.0,0.0,0.0,0.0,0.0,0.0,0.0,0.0,"Dec 31, 2018"
2,1101004.0,8189.0,Dahuk,Amedi,Bamarne,بامرني,37.1205771897,43.2686893555,16.0,96.0,0.0,0.0,0.0,0.0,0.0,0.0,0.0,0.0,0.0,0.0,0.0,0.0,16.0,0.0,0.0,0.0,0.0,0.0,0.0,4.0,0.0,2.0,0.0,0.0,2.0,0.0,8.0,0.0,0.0,8.0,0.0,0.0,0.0,0.0,2.0,0.0,0.0,2.0,0.0,0.0,0.0,0.0,16.0,0.0,0.0,16.0,0.0,0.0,0.0,0.0,0.0,0.0,0.0,0.0,0.0,0.0,"Dec 31, 2018"
3,1101005.0,7770.0,Dahuk,Amedi,Chamanke,جمانكي,36.9379560964,43.4127922018,99.0,594.0,0.0,0.0,0.0,0.0,0.0,0.0,0.0,0.0,0.0,0.0,0.0,0.0,99.0,0.0,0.0,0.0,0.0,0.0,0.0,16.0,0.0,0.0,0.0,0.0,0.0,0.0,63.0,0.0,0.0,63.0,0.0,0.0,0.0,0.0,20.0,0.0,0.0,20.0,0.0,0.0,23.0,0.0,76.0,23.0,0.0,76.0,0.0,0.0,0.0,0.0,0.0,0.0,0.0,0.0,0.0,0.0,"Dec 31, 2018"
4,1101006.0,24920.0,Dahuk,Amedi,Dawadia,مخيم داودية,37.0936533072,43.2278982352,638.0,3828.0,0.0,0.0,0.0,0.0,0.0,0.0,0.0,0.0,0.0,0.0,0.0,0.0,638.0,0.0,0.0,0.0,0.0,0.0,638.0,0.0,0.0,0.0,0.0,0.0,0.0,0.0,0.0,0.0,0.0,0.0,0.0,0.0,0.0,0.0,0.0,0.0,0.0,0.0,0.0,0.0,4.0,0.0,634.0,4.0,0.0,634.0,0.0,0.0,0.0,0.0,0.0,0.0,0.0,0.0,0.0,0.0,"Dec 31, 2018"
5,1101007.0,8229.0,Dahuk,Amedi,Deraluk,ديرلوك,37.0550435982,43.6522039848,23.0,138.0,1.0,0.0,0.0,0.0,0.0,0.0,0.0,0.0,0.0,0.0,0.0,0.0,22.0,0.0,0.0,0.0,0.0,0.0,0.0,0.0,0.0,0.0,0.0,0.0,0.0,0.0,23.0,0.0,0.0,23.0,0.0,0.0,0.0,0.0,0.0,0.0,0.0,0.0,1.0,0.0,10.0,1.0,12.0,10.0,0.0,12.0,0.0,0.0,0.0,0.0,0.0,0.0,0.0,0.0,0.0,0.0,"Dec 31, 2018"
6,1101008.0,7860.0,Dahuk,Amedi,Inishke,اينشكي,37.1086991116,43.3608519505,27.0,162.0,0.0,0.0,0.0,0.0,0.0,0.0,0.0,0.0,0.0,0.0,0.0,0.0,27.0,0.0,0.0,0.0,0.0,0.0,0.0,11.0,0.0,0.0,0.0,0.0,0.0,0.0,0.0,0.0,0.0,0.0,0.0,0.0,0.0,0.0,16.0,0.0,0.0,16.0,0.0,0.0,0.0,0.0,27.0,0.0,0.0,27.0,0.0,0.0,0.0,0.0,0.0,0.0,0.0,0.0,0.0,0.0,"Dec 31, 2018"
7,1101009.0,8443.0,Dahuk,Amedi,Kani Mase,كاني ماسي,37.2280364508,43.4386236519,12.0,72.0,0.0,0.0,0.0,0.0,0.0,0.0,0.0,0.0,0.0,0.0,0.0,0.0,12.0,0.0,0.0,0.0,0.0,0.0,0.0,12.0,0.0,0.0,0.0,0.0,0.0,0.0,0.0,0.0,0.0,0.0,0.0,0.0,0.0,0.0,0.0,0.0,0.0,0.0,0.0,0.0,0.0,0.0,12.0,0.0,0.0,12.0,0.0,0.0,0.0,0.0,0.0,0.0,0.0,0.0,0.0,0.0,"Dec 31, 2018"
8,1101010.0,23903.0,Dahuk,Amedi,Kaniya Mala,كانيا مالا,37.1009044216,43.4951567019,24.0,144.0,2.0,0.0,0.0,0.0,0.0,0.0,0.0,0.0,0.0,0.0,0.0,0.0,21.0,0.0,1.0,0.0,0.0,0.0,0.0,4.0,0.0,0.0,0.0,0.0,0.0,0.0,20.0,0.0,0.0,20.0,0.0,0.0,0.0,0.0,0.0,0.0,0.0,0.0,2.0,0.0,7.0,2.0,15.0,7.0,0.0,15.0,0.0,0.0,0.0,0.0,0.0,0.0,0.0,0.0,0.0,0.0,"Dec 31, 2018"
9,1101011.0,7862.0,Dahuk,Amedi,Qadish Collective,قدش,37.1005320168,43.3853994206,16.0,96.0,0.0,0.0,0.0,0.0,0.0,0.0,0.0,0.0,0.0,0.0,0.0,0.0,16.0,0.0,0.0,0.0,0.0,0.0,0.0,0.0,0.0,0.0,0.0,0.0,0.0,0.0,13.0,0.0,0.0,13.0,0.0,0.0,0.0,0.0,3.0,0.0,0.0,3.0,0.0,0.0,5.0,0.0,11.0,5.0,0.0,11.0,0.0,0.0,0.0,0.0,0.0,0.0,0.0,0.0,0.0,0.0,"Dec 31, 2018"
10,1101012.0,7835.0,Dahuk,Amedi,Sarsink,سرسنك,37.0393145523,43.3429225465,71.0,426.0,0.0,0.0,0.0,0.0,0.0,0.0,0.0,0.0,0.0,0.0,0.0,0.0,59.0,0.0,12.0,0.0,0.0,0.0,0.0,14.0,0.0,0.0,0.0,0.0,0.0,0.0,52.0,0.0,0.0,52.0,0.0,0.0,0.0,0.0,5.0,0.0,0.0,5.0,0.0,0.0,31.0,0.0,40.0,31.0,0.0,40.0,0.0,0.0,0.0,0.0,0.0,0.0,0.0,0.0,0.0,0.0,"Dec 31, 2018"
11,1101013.0,7833.0,Dahuk,Amedi,Sheladize Collective,شيلادزي,37.0284608985,43.7853920529,21.0,126.0,0.0,0.0,0.0,0.0,0.0,0.0,0.0,0.0,0.0,0.0,0.0,0.0,21.0,0.0,0.0,0.0,0.0,0.0,0.0,13.0,0.0,0.0,0.0,0.0,0.0,0.0,8.0,0.0,0.0,8.0,0.0,0.0,0.0,0.0,0.0,0.0,0.0,0.0,0.0,0.0,17.0,0.0,4.0,17.0,0.0,4.0,0.0,0.0,0.0,0.0,0.0,0.0,0.0,0.0,0.0,0.0,"Dec 31, 2018"
12,1101014.0,7867.0,Dahuk,Amedi,Sikreen,سكرين,37.0390828925,43.2796708867,7.0,42.0,0.0,0.0,0.0,0.0,0.0,0.0,0.0,0.0,0.0,0.0,0.0,0.0,7.0,0.0,0.0,0.0,0.0,0.0,0.0,3.0,0.0,0.0,0.0,0.0,0.0,0.0,3.0,0.0,0.0,3.0,0.0,0.0,0.0,0.0,1.0,0.0,0.0,1.0,0.0,0.0,2.0,0.0,5.0,2.0,0.0,5.0,0.0,0.0,0.0,0.0,0.0,0.0,0.0,0.0,0.0,0.0,"Dec 31, 2018"
13,1101015.0,26044.0,Dahuk,Amedi,Sowaratoka,سوارتوكا,37.0086424248,43.2267616438,1.0,6.0,0.0,0.0,0.0,0.0,0.0,0.0,0.0,0.0,0.0,0.0,0.0,0.0,1.0,0.0,0.0,0.0,0.0,0.0,0.0,1.0,0.0,0.0,0.0,0.0,0.0,0.0,0.0,0.0,0.0,0.0,0.0,0.0,0.0,0.0,0.0,0.0,0.0,0.0,0.0,0.0,0.0,0.0,1.0,0.0,0.0,1.0,0.0,0.0,0.0,0.0,0.0,0.0,0.0,0.0,0.0,0.0,"Dec 31, 2018"
14,1101019.0,7768.0,Dahuk,Amedi,Mizi Village,قرية ميزي,36.9453094847,43.391867871,61.0,366.0,0.0,0.0,0.0,0.0,0.0,0.0,0.0,0.0,0.0,0.0,0.0,0.0,61.0,0.0,0.0,0.0,0.0,0.0,0.0,61.0,0.0,0.0,0.0,0.0,0.0,0.0,0.0,0.0,0.0,0.0,0.0,0.0,0.0,0.0,0.0,0.0,0.0,0.0,0.0,0.0,0.0,0.0,61.0,0.0,0.0,61.0,0.0,0.0,0.0,0.0,0.0,0.0,0.0,0.0,0.0,0.0,"Dec 31, 2018"
15,1101020.0,27120.0,Dahuk,Amedi,Nahla Area,منطقة نهلة,36.86370972,43.69317721,34.0,204.0,0.0,0.0,0.0,0.0,0.0,0.0,0.0,0.0,0.0,0.0,0.0,0.0,34.0,0.0,0.0,0.0,0.0,0.0,0.0,34.0,0.0,0.0,0.0,0.0,0.0,0.0,0.0,0.0,0.0,0.0,0.0,0.0,0.0,0.0,0.0,0.0,0.0,0.0,0.0,0.0,4.0,0.0,30.0,4.0,0.0,30.0,0.0,0.0,0.0,0.0,0.0,0.0,0.0,0.0,0.0,0.0,"Dec 31, 2018"
16,1101021.0,22613.0,Dahuk,Amedi,Azadi,آزادي,37.0468127113,43.3633756628,9.0,54.0,0.0,0.0,0.0,0.0,0.0,0.0,0.0,0.0,0.0,0.0,0.0,0.0,9.0,0.0,0.0,0.0,0.0,0.0,0.0,0.0,0.0,0.0,0.0,0.0,0.0,0.0,9.0,0.0,0.0,9.0,0.0,0.0,0.0,0.0,0.0,0.0,0.0,0.0,0.0,0.0,8.0,0.0,1.0,8.0,0.0,1.0,0.0,0.0,0.0,0.0,0.0,0.0,0.0,0.0,0.0,0.0,"Dec 31, 2018"
17,1101022.0,29567.0,Dahuk,Amedi,Kani,كاني,37.0838083045,43.5247963358,6.0,36.0,0.0,0.0,0.0,0.0,0.0,0.0,0.0,0.0,0.0,0.0,0.0,0.0,6.0,0.0,0.0,0.0,0.0,0.0,0.0,6.0,0.0,0.0,0.0,0.0,0.0,0.0,0.0,0.0,0.0,0.0,0.0,0.0,0.0,0.0,0.0,0.0,0.0,0.0,0.0,0.0,1.0,0.0,5.0,1.0,0.0,5.0,0.0,0.0,0.0,0.0,0.0,0.0,0.0,0.0,0.0,0.0,"Dec 31, 2018"
18,1101023.0,22546.0,Dahuk,Amedi,Kanika,كانيكا,37.0667009178,43.2636838624,8.0,48.0,0.0,0.0,0.0,0.0,0.0,0.0,0.0,0.0,0.0,0.0,0.0,0.0,8.0,0.0,0.0,0.0,0.0,0.0,0.0,5.0,0.0,0.0,0.0,0.0,0.0,0.0,0.0,0.0,0.0,0.0,0.0,0.0,0.0,0.0,3.0,0.0,0.0,3.0,0.0,0.0,0.0,0.0,8.0,0.0,0.0,8.0,0.0,0.0,0.0,0.0,0.0,0.0,0.0,0.0,0.0,0.0,"Dec 31, 2018"
19,1101024.0,7788.0,Dahuk,Amedi,Hamza,همزا,37.1181824294,43.1660034827,7.0,42.0,0.0,0.0,0.0,0.0,0.0,0.0,0.0,0.0,0.0,0.0,0.0,0.0,7.0,0.0,0.0,0.0,0.0,0.0,0.0,0.0,0.0,0.0,0.0,0.0,0.0,0.0,0.0,0.0,0.0,0.0,0.0,0.0,0.0,0.0,7.0,0.0,0.0,7.0,0.0,0.0,0.0,0.0,7.0,0.0,0.0,7.0,0.0,0.0,0.0,0.0,0.0,0.0,0.0,0.0,0.0,0.0,"Dec 31, 2018"
20,1101025.0,8224.0,Dahuk,Amedi,Dawodia Village,قرية داودية,37.0892727472,43.2205836849,6.0,36.0,0.0,0.0,0.0,0.0,0.0,0.0,0.0,0.0,0.0,0.0,0.0,0.0,6.0,0.0,0.0,0.0,0.0,0.0,0.0,6.0,0.0,0.0,0.0,0.0,0.0,0.0,0.0,0.0,0.0,0.0,0.0,0.0,0.0,0.0,0.0,0.0,0.0,0.0,0.0,0.0,0.0,0.0,6.0,0.0,0.0,6.0,0.0,0.0,0.0,0.0,0.0,0.0,0.0,0.0,0.0,0.0,"Dec 31, 2018"
21,1101026.0,7785.0,Dahuk,Amedi,Ghlbish,غلبيش,37.1022617076,43.2037138542,4.0,24.0,0.0,0.0,0.0,0.0,0.0,0.0,0.0,0.0,0.0,0.0,0.0,0.0,4.0,0.0,0.0,0.0,0.0,0.0,0.0,0.0,0.0,0.0,0.0,0.0,0.0,0.0,0.0,0.0,0.0,0.0,0.0,0.0,0.0,0.0,4.0,0.0,0.0,4.0,0.0,0.0,0.0,0.0,4.0,0.0,0.0,4.0,0.0,0.0,0.0,0.0,0.0,0.0,0.0,0.0,0.0,0.0,"Dec 31, 2018"
22,1101027.0,33583.0,Dahuk,Amedi,Dhe,دهي,37.1343966829,43.1787530486,3.0,18.0,0.0,0.0,0.0,0.0,0.0,0.0,0.0,0.0,0.0,0.0,0.0,0.0,3.0,0.0,0.0,0.0,0.0,0.0,0.0,3.0,0.0,0.0,0.0,0.0,0.0,0.0,0.0,0.0,0.0,0.0,0.0,0.0,0.0,0.0,0.0,0.0,0.0,0.0,0.0,0.0,0.0,0.0,3.0,0.0,0.0,3.0,0.0,0.0,0.0,0.0,0.0,0.0,0.0,0.0,0.0,0.0,"Dec 31, 2018"
23,1101028.0,8419.0,Dahuk,Amedi,Shekh Mama,شيخ مما,37.0805007304,43.2602013604,3.0,18.0,0.0,0.0,0.0,0.0,0.0,0.0,0.0,0.0,0.0,0.0,0.0,0.0,3.0,0.0,0.0,0.0,0.0,0.0,0.0,1.0,0.0,2.0,0.0,0.0,2.0,0.0,0.0,0.0,0.0,0.0,0.0,0.0,0.0,0.0,0.0,0.0,0.0,0.0,0.0,0.0,0.0,0.0,3.0,0.0,0.0,3.0,0.0,0.0,0.0,0.0,0.0,0.0,0.0,0.0,0.0,0.0,"Dec 31, 2018"
24,1101029.0,8335.0,Dahuk,Amedi,Spindare,سبيندارى,36.9708461154,43.3169068039,14.0,84.0,0.0,0.0,0.0,0.0,0.0,0.0,0.0,0.0,0.0,0.0,0.0,0.0,14.0,0.0,0.0,0.0,0.0,0.0,0.0,14.0,0.0,0.0,0.0,0.0,0.0,0.0,0.0,0.0,0.0,0.0,0.0,0.0,0.0,0.0,0.0,0.0,0.0,0.0,0.0,0.0,0.0,0.0,14.0,0.0,0.0,14.0,0.0,0.0,0.0,0.0,0.0,0.0,0.0,0.0,0.0,0.0,"Dec 31, 2018"
25,1101030.0,8666.0,Dahuk,Amedi,Barchi,برجي,37.0743061611,43.5802071087,6.0,36.0,0.0,0.0,0.0,0.0,0.0,0.0,0.0,0.0,0.0,0.0,0.0,0.0,6.0,0.0,0.0,0.0,0.0,0.0,0.0,6.0,0.0,0.0,0.0,0.0,0.0,0.0,0.0,0.0,0.0,0.0,0.0,0.0,0.0,0.0,0.0,0.0,0.0,0.0,0.0,0.0,0.0,0.0,6.0,0.0,0.0,6.0,0.0,0.0,0.0,0.0,0.0,0.0,0.0,0.0,0.0,0.0,"Dec 31, 2018"
26,1101031.0,33584.0,Dahuk,Amedi,Goharze,كوهرزي,37.0725798348,43.6048442921,3.0,18.0,0.0,0.0,0.0,0.0,0.0,0.0,0.0,0.0,0.0,0.0,0.0,0.0,3.0,0.0,0.0,0.0,0.0,0.0,0.0,3.0,0.0,0.0,0.0,0.0,0.0,0.0,0.0,0.0,0.0,0.0,0.0,0.0,0.0,0.0,0.0,0.0,0.0,0.0,0.0,0.0,2.0,0.0,1.0,2.0,0.0,1.0,0.0,0.0,0.0,0.0,0.0,0.0,0.0,0.0,0.0,0.0,"Dec 31, 2018"
27,1101032.0,8214.0,Dahuk,Amedi,Chalke,جلكي,37.2314568488,43.1669203855,5.0,30.0,0.0,0.0,0.0,0.0,0.0,0.0,0.0,0.0,0.0,0.0,0.0,0.0,5.0,0.0,0.0,0.0,0.0,0.0,0.0,5.0,0.0,0.0,0.0,0.0,0.0,0.0,0.0,0.0,0.0,0.0,0.0,0.0,0.0,0.0,0.0,0.0,0.0,0.0,0.0,0.0,0.0,0.0,5.0,0.0,0.0,5.0,0.0,0.0,0.0,0.0,0.0,0.0,0.0,0.0,0.0,0.0,"Dec 31, 2018"
28,1101033.0,8525.0,Dahuk,Amedi,Merstak,ميرستك,37.0892285581,43.5134791591,10.0,60.0,0.0,0.0,0.0,0.0,0.0,0.0,0.0,0.0,0.0,0.0,0.0,0.0,10.0,0.0,0.0,0.0,0.0,0.0,0.0,1.0,0.0,0.0,0.0,0.0,0.0,0.0,9.0,0.0,0.0,9.0,0.0,0.0,0.0,0.0,0.0,0.0,0.0,0.0,0.0,0.0,3.0,0.0,7.0,3.0,0.0,7.0,0.0,0.0,0.0,0.0,0.0,0.0,0.0,0.0,0.0,0.0,"Dec 31, 2018"
29,1101034.0,8204.0,Dahuk,Amedi,Bebade,بيبادي,37.0994976832,43.4529498477,7.0,42.0,0.0,0.0,0.0,0.0,0.0,0.0,0.0,0.0,0.0,0.0,0.0,0.0,7.0,0.0,0.0,0.0,0.0,0.0,0.0,7.0,0.0,0.0,0.0,0.0,0.0,0.0,0.0,0.0,0.0,0.0,0.0,0.0,0.0,0.0,0.0,0.0,0.0,0.0,0.0,0.0,2.0,0.0,5.0,2.0,0.0,5.0,0.0,0.0,0.0,0.0,0.0,0.0,0.0,0.0,0.0,0.0,"Dec 31, 2018"
30,1101035.0,8317.0,Dahuk,Amedi,Ska,سكة,37.0987907238,43.4768104644,5.0,30.0,0.0,0.0,0.0,0.0,0.0,0.0,0.0,0.0,0.0,0.0,0.0,0.0,5.0,0.0,0.0,0.0,0.0,0.0,0.0,3.0,0.0,0.0,0.0,0.0,0.0,0.0,2.0,0.0,0.0,2.0,0.0,0.0,0.0,0.0,0.0,0.0,0.0,0.0,0.0,0.0,2.0,0.0,3.0,2.0,0.0,3.0,0.0,0.0,0.0,0.0,0.0,0.0,0.0,0.0,0.0,0.0,"Dec 31, 2018"
31,1101036.0,8615.0,Dahuk,Amedi,Sayidava,سيدافا,37.0398945123,43.2471658302,16.0,96.0,0.0,0.0,0.0,0.0,0.0,0.0,0.0,0.0,0.0,0.0,0.0,0.0,16.0,0.0,0.0,0.0,0.0,0.0,0.0,16.0,0.0,0.0,0.0,0.0,0.0,0.0,0.0,0.0,0.0,0.0,0.0,0.0,0.0,0.0,0.0,0.0,0.0,0.0,0.0,0.0,16.0,0.0,0.0,16.0,0.0,0.0,0.0,0.0,0.0,0.0,0.0,0.0,0.0,0.0,0.0,0.0,"Dec 31, 2018"
32,1101037.0,8418.0,Dahuk,Amedi,Blijanke,بليجانكي,37.0905441273,43.4417325845,10.0,60.0,0.0,0.0,0.0,0.0,0.0,0.0,0.0,0.0,0.0,0.0,0.0,0.0,10.0,0.0,0.0,0.0,0.0,0.0,0.0,10.0,0.0,0.0,0.0,0.0,0.0,0.0,0.0,0.0,0.0,0.0,0.0,0.0,0.0,0.0,0.0,0.0,0.0,0.0,0.0,0.0,0.0,0.0,10.0,0.0,0.0,10.0,0.0,0.0,0.0,0.0,0.0,0.0,0.0,0.0,0.0,0.0,"Dec 31, 2018"
33,1101038.0,7896.0,Dahuk,Amedi,Benata,بيناتا,37.0860218562,43.3760286859,5.0,30.0,0.0,0.0,0.0,0.0,0.0,0.0,0.0,0.0,0.0,0.0,0.0,0.0,5.0,0.0,0.0,0.0,0.0,0.0,0.0,0.0,0.0,0.0,0.0,0.0,0.0,0.0,3.0,0.0,0.0,3.0,0.0,0.0,0.0,0.0,2.0,0.0,0.0,2.0,0.0,0.0,0.0,0.0,5.0,0.0,0.0,5.0,0.0,0.0,0.0,0.0,0.0,0.0,0.0,0.0,0.0,0.0,"Dec 31, 2018"
34,1101039.0,7863.0,Dahuk,Amedi,Hamzike,همزيكي,37.0932171343,43.4261914819,4.0,24.0,0.0,0.0,0.0,0.0,0.0,0.0,0.0,0.0,0.0,0.0,0.0,0.0,4.0,0.0,0.0,0.0,0.0,0.0,0.0,2.0,0.0,0.0,0.0,0.0,0.0,0.0,0.0,0.0,0.0,0.0,0.0,0.0,0.0,0.0,2.0,0.0,0.0,2.0,0.0,0.0,0.0,0.0,4.0,0.0,0.0,4.0,0.0,0.0,0.0,0.0,0.0,0.0,0.0,0.0,0.0,0.0,"Dec 31, 2018"
35,1102001.0,21971.0,Dahuk,Dahuk,Shorash (Al Jamyah),شورش (الجمعية),36.8704826594,42.9920154687,135.0,810.0,0.0,0.0,0.0,0.0,0.0,0.0,0.0,0.0,0.0,0.0,0.0,0.0,132.0,0.0,3.0,0.0,0.0,0.0,0.0,0.0,10.0,0.0,0.0,0.0,0.0,0.0,125.0,0.0,0.0,125.0,0.0,0.0,0.0,0.0,0.0,0.0,0.0,0.0,0.0,0.0,75.0,0.0,60.0,75.0,0.0,60.0,0.0,0.0,0.0,0.0,0.0,0.0,0.0,0.0,0.0,0.0,"Dec 31, 2018"
36,1102002.0,23580.0,Dahuk,Dahuk,Al Sinaah,الصناعة,36.8542059767,43.0445885206,207.0,1242.0,0.0,0.0,0.0,0.0,0.0,0.0,0.0,0.0,0.0,0.0,0.0,0.0,207.0,0.0,0.0,0.0,0.0,0.0,0.0,0.0,0.0,0.0,0.0,0.0,0.0,0.0,207.0,0.0,0.0,207.0,0.0,0.0,0.0,0.0,0.0,0.0,0.0,0.0,0.0,0.0,130.0,0.0,77.0,130.0,0.0,77.0,0.0,0.0,0.0,0.0,0.0,0.0,0.0,0.0,0.0,0.0,"Dec 31, 2018"
37,1102003.0,26054.0,Dahuk,Dahuk,Ashti,آشتي,36.8693988459,42.982650769,33.0,198.0,0.0,0.0,0.0,0.0,0.0,0.0,0.0,0.0,0.0,0.0,0.0,0.0,33.0,0.0,0.0,0.0,0.0,0.0,0.0,0.0,0.0,0.0,0.0,0.0,0.0,0.0,33.0,0.0,0.0,33.0,0.0,0.0,0.0,0.0,0.0,0.0,0.0,0.0,0.0,0.0,6.0,0.0,27.0,6.0,0.0,27.0,0.0,0.0,0.0,0.0,0.0,0.0,0.0,0.0,0.0,0.0,"Dec 31, 2018"
38,1102005.0,8687.0,Dahuk,Dahuk,Bablu,بابلو,36.8763062985,43.1250835275,63.0,378.0,0.0,0.0,0.0,0.0,0.0,0.0,0.0,0.0,0.0,0.0,0.0,0.0,57.0,0.0,6.0,0.0,0.0,0.0,0.0,16.0,0.0,27.0,0.0,0.0,27.0,0.0,17.0,0.0,0.0,17.0,0.0,0.0,0.0,0.0,3.0,0.0,0.0,3.0,0.0,0.0,23.0,0.0,40.0,23.0,0.0,40.0,0.0,0.0,0.0,0.0,0.0,0.0,0.0,0.0,0.0,0.0,"Dec 31, 2018"
39,1102006.0,24801.0,Dahuk,Dahuk,Bagera,باكيرا,36.9656684392,43.1696570782,96.0,576.0,0.0,0.0,0.0,0.0,0.0,0.0,0.0,0.0,0.0,0.0,0.0,0.0,94.0,0.0,2.0,0.0,0.0,0.0,0.0,31.0,0.0,0.0,0.0,0.0,0.0,0.0,59.0,0.0,0.0,59.0,0.0,0.0,0.0,0.0,6.0,0.0,0.0,6.0,0.0,0.0,22.0,0.0,74.0,22.0,0.0,74.0,0.0,0.0,0.0,0.0,0.0,0.0,0.0,0.0,0.0,0.0,"Dec 31, 2018"
40,1102007.0,26048.0,Dahuk,Dahuk,Bahdinan,بهدينان,36.8637930663,42.9686041234,63.0,378.0,0.0,0.0,0.0,0.0,0.0,0.0,0.0,0.0,0.0,0.0,0.0,0.0,63.0,0.0,0.0,0.0,0.0,0.0,0.0,0.0,8.0,0.0,0.0,0.0,0.0,0.0,55.0,0.0,0.0,55.0,0.0,0.0,0.0,0.0,0.0,0.0,0.0,0.0,0.0,0.0,43.0,0.0,20.0,43.0,0.0,20.0,0.0,0.0,0.0,0.0,0.0,0.0,0.0,0.0,0.0,0.0,"Dec 31, 2018"
41,1102008.0,8538.0,Dahuk,Dahuk,Banye,باني,36.9102061181,43.2362185907,37.0,222.0,0.0,0.0,0.0,0.0,0.0,0.0,0.0,0.0,0.0,0.0,0.0,0.0,37.0,0.0,0.0,0.0,0.0,0.0,0.0,6.0,0.0,0.0,0.0,0.0,0.0,0.0,0.0,0.0,0.0,0.0,0.0,0.0,0.0,0.0,31.0,0.0,0.0,31.0,0.0,0.0,0.0,0.0,37.0,0.0,0.0,37.0,0.0,0.0,0.0,0.0,0.0,0.0,0.0,0.0,0.0,0.0,"Dec 31, 2018"
42,1102009.0,7945.0,Dahuk,Dahuk,Baroshke,بروشكي,36.855219127,43.0222705365,321.0,1926.0,0.0,0.0,0.0,0.0,0.0,0.0,0.0,0.0,0.0,0.0,0.0,0.0,321.0,0.0,0.0,0.0,0.0,0.0,0.0,0.0,0.0,0.0,0.0,0.0,0.0,0.0,321.0,0.0,0.0,321.0,0.0,0.0,0.0,0.0,0.0,0.0,0.0,0.0,0.0,0.0,228.0,0.0,90.0,228.0,0.0,90.0,0.0,0.0,0.0,0.0,0.0,0.0,3.0,0.0,3.0,0.0,"Dec 31, 2018"
43,1102010.0,26051.0,Dahuk,Dahuk,Baroshke Complex,مجمع بروشكي,36.8501692328,43.0369777613,63.0,378.0,7.0,0.0,0.0,0.0,0.0,0.0,0.0,0.0,0.0,0.0,0.0,0.0,56.0,0.0,0.0,0.0,0.0,0.0,0.0,0.0,0.0,0.0,0.0,0.0,0.0,0.0,63.0,0.0,0.0,63.0,0.0,0.0,0.0,0.0,0.0,0.0,0.0,0.0,7.0,0.0,35.0,7.0,21.0,35.0,0.0,21.0,0.0,0.0,0.0,0.0,0.0,0.0,0.0,0.0,0.0,0.0,"Dec 31, 2018"
44,1102011.0,23710.0,Dahuk,Dahuk,Bazaar,بازار(سوق رئيسي),36.8622780044,42.9991135024,55.0,330.0,0.0,0.0,0.0,0.0,0.0,0.0,0.0,0.0,0.0,0.0,0.0,0.0,54.0,0.0,1.0,0.0,0.0,0.0,0.0,0.0,10.0,0.0,0.0,0.0,0.0,0.0,45.0,0.0,0.0,45.0,0.0,0.0,0.0,0.0,0.0,0.0,0.0,0.0,0.0,0.0,16.0,0.0,39.0,16.0,0.0,39.0,0.0,0.0,0.0,0.0,0.0,0.0,0.0,0.0,0.0,0.0,"Dec 31, 2018"
45,1102012.0,25899.0,Dahuk,Dahuk,Betase,بيتاسي,36.8205982757,43.1176957553,22.0,132.0,0.0,0.0,0.0,0.0,0.0,0.0,0.0,0.0,0.0,0.0,0.0,0.0,22.0,0.0,0.0,0.0,0.0,0.0,0.0,3.0,0.0,0.0,0.0,0.0,0.0,0.0,11.0,0.0,0.0,11.0,0.0,0.0,0.0,0.0,8.0,0.0,0.0,8.0,0.0,0.0,7.0,0.0,15.0,7.0,0.0,15.0,0.0,0.0,0.0,0.0,0.0,0.0,0.0,0.0,0.0,0.0,"Dec 31, 2018"
46,1102013.0,26052.0,Dahuk,Dahuk,Bintika,بنتيكا,36.8455205414,43.0088280572,36.0,216.0,0.0,0.0,0.0,0.0,0.0,0.0,0.0,0.0,0.0,0.0,0.0,0.0,36.0,0.0,0.0,0.0,0.0,0.0,0.0,0.0,0.0,0.0,0.0,0.0,0.0,0.0,36.0,0.0,0.0,36.0,0.0,0.0,0.0,0.0,0.0,0.0,0.0,0.0,0.0,0.0,11.0,0.0,25.0,11.0,0.0,25.0,0.0,0.0,0.0,0.0,0.0,0.0,0.0,0.0,0.0,0.0,"Dec 31, 2018"
47,1102014.0,26047.0,Dahuk,Dahuk,Botan,بوتان,36.8703008319,42.9719215977,86.0,516.0,1.0,0.0,0.0,0.0,0.0,0.0,0.0,0.0,0.0,0.0,0.0,0.0,85.0,0.0,0.0,0.0,0.0,0.0,0.0,0.0,20.0,0.0,0.0,0.0,0.0,0.0,66.0,0.0,0.0,66.0,0.0,0.0,0.0,0.0,0.0,0.0,0.0,0.0,1.0,0.0,22.0,1.0,63.0,22.0,0.0,63.0,0.0,0.0,0.0,0.0,0.0,0.0,0.0,0.0,0.0,0.0,"Dec 31, 2018"
48,1102015.0,23763.0,Dahuk,Dahuk,Dabin,دابين,36.8653013829,42.9787957157,27.0,162.0,0.0,0.0,0.0,0.0,0.0,0.0,0.0,0.0,0.0,0.0,0.0,0.0,27.0,0.0,0.0,0.0,0.0,0.0,0.0,0.0,0.0,0.0,0.0,0.0,0.0,0.0,27.0,0.0,0.0,27.0,0.0,0.0,0.0,0.0,0.0,0.0,0.0,0.0,0.0,0.0,19.0,0.0,8.0,19.0,0.0,8.0,0.0,0.0,0.0,0.0,0.0,0.0,0.0,0.0,0.0,0.0,"Dec 31, 2018"
49,1102016.0,24302.0,Dahuk,Dahuk,Dabin 2,دابين 2,36.8818269693,42.9425558194,383.0,2298.0,3.0,0.0,0.0,0.0,0.0,0.0,0.0,0.0,0.0,0.0,0.0,0.0,380.0,0.0,0.0,0.0,0.0,0.0,0.0,0.0,0.0,0.0,0.0,0.0,0.0,0.0,383.0,0.0,0.0,383.0,0.0,0.0,0.0,0.0,0.0,0.0,0.0,0.0,3.0,0.0,270.0,3.0,103.0,270.0,0.0,103.0,0.0,0.0,0.0,0.0,0.0,0.0,7.0,0.0,7.0,0.0,"Dec 31, 2018"
50,1102017.0,24185.0,Dahuk,Dahuk,Diyari,دياري,36.8489900036,43.0230109157,29.0,174.0,0.0,0.0,0.0,0.0,0.0,0.0,0.0,0.0,0.0,0.0,0.0,0.0,29.0,0.0,0.0,0.0,0.0,0.0,0.0,6.0,0.0,0.0,0.0,0.0,0.0,0.0,23.0,0.0,0.0,23.0,0.0,0.0,0.0,0.0,0.0,0.0,0.0,0.0,0.0,0.0,8.0,0.0,21.0,8.0,0.0,21.0,0.0,0.0,0.0,0.0,0.0,0.0,0.0,0.0,0.0,0.0,"Dec 31, 2018"
51,1102018.0,7949.0,Dahuk,Dahuk,Eminke,امينكي,36.8598589802,43.0951569088,129.0,774.0,0.0,0.0,0.0,0.0,0.0,0.0,0.0,0.0,0.0,0.0,0.0,0.0,129.0,0.0,0.0,0.0,0.0,0.0,0.0,29.0,0.0,0.0,0.0,0.0,0.0,0.0,70.0,0.0,0.0,70.0,0.0,0.0,0.0,0.0,30.0,0.0,0.0,30.0,0.0,0.0,42.0,0.0,87.0,42.0,0.0,87.0,0.0,0.0,0.0,0.0,0.0,0.0,0.0,0.0,0.0,0.0,"Dec 31, 2018"
52,1102019.0,23711.0,Dahuk,Dahuk,Gali Dohuk,كلي دهوك,36.8638748683,43.0061243315,22.0,132.0,0.0,0.0,0.0,0.0,0.0,0.0,0.0,0.0,0.0,0.0,0.0,0.0,22.0,0.0,0.0,0.0,0.0,0.0,0.0,0.0,0.0,0.0,0.0,0.0,0.0,0.0,22.0,0.0,0.0,22.0,0.0,0.0,0.0,0.0,0.0,0.0,0.0,0.0,0.0,0.0,0.0,0.0,22.0,0.0,0.0,22.0,0.0,0.0,0.0,0.0,0.0,0.0,0.0,0.0,0.0,0.0,"Dec 31, 2018"
53,1102021.0,8371.0,Dahuk,Dahuk,Gavarrke,كفركي,36.8471850269,42.9400111384,20.0,120.0,0.0,0.0,0.0,0.0,0.0,0.0,0.0,0.0,0.0,0.0,0.0,0.0,20.0,0.0,0.0,0.0,0.0,0.0,0.0,0.0,0.0,0.0,0.0,0.0,0.0,0.0,13.0,0.0,0.0,13.0,0.0,0.0,0.0,0.0,7.0,0.0,0.0,7.0,0.0,0.0,7.0,0.0,13.0,7.0,0.0,13.0,0.0,0.0,0.0,0.0,0.0,0.0,0.0,0.0,0.0,0.0,"Dec 31, 2018"
54,1102022.0,24628.0,Dahuk,Dahuk,Etit,ايتيت,36.844704079,43.0823302102,320.0,1920.0,0.0,0.0,0.0,0.0,0.0,0.0,0.0,0.0,0.0,0.0,0.0,0.0,320.0,0.0,0.0,0.0,0.0,0.0,0.0,25.0,0.0,8.0,0.0,0.0,8.0,0.0,270.0,0.0,0.0,270.0,0.0,0.0,0.0,0.0,17.0,0.0,0.0,17.0,0.0,0.0,168.0,0.0,121.0,168.0,0.0,121.0,0.0,0.0,0.0,0.0,0.0,0.0,31.0,0.0,31.0,0.0,"Dec 31, 2018"
55,1102023.0,21509.0,Dahuk,Dahuk,Kari Basi,كري باصي,36.8680922519,42.9918738841,206.0,1236.0,4.0,0.0,0.0,0.0,0.0,0.0,0.0,0.0,0.0,0.0,0.0,0.0,202.0,0.0,0.0,0.0,0.0,0.0,0.0,10.0,34.0,0.0,0.0,0.0,0.0,0.0,162.0,0.0,0.0,162.0,0.0,0.0,0.0,0.0,0.0,0.0,0.0,0.0,4.0,0.0,84.0,4.0,118.0,84.0,0.0,118.0,0.0,0.0,0.0,0.0,0.0,0.0,0.0,0.0,0.0,0.0,"Dec 31, 2018"
56,1102024.0,24184.0,Dahuk,Dahuk,Khabat Kojar,خبات(كوجر),36.8564135522,43.0028427368,145.0,870.0,0.0,0.0,0.0,0.0,0.0,0.0,0.0,0.0,0.0,0.0,0.0,0.0,145.0,0.0,0.0,0.0,0.0,0.0,0.0,0.0,9.0,0.0,0.0,0.0,0.0,0.0,136.0,0.0,0.0,136.0,0.0,0.0,0.0,0.0,0.0,0.0,0.0,0.0,0.0,0.0,67.0,0.0,78.0,67.0,0.0,78.0,0.0,0.0,0.0,0.0,0.0,0.0,0.0,0.0,0.0,0.0,"Dec 31, 2018"
57,1102025.0,8871.0,Dahuk,Dahuk,Kora,كورا,36.9342194987,43.1507973334,67.0,402.0,0.0,0.0,0.0,0.0,0.0,0.0,0.0,0.0,0.0,0.0,0.0,0.0,67.0,0.0,0.0,0.0,0.0,0.0,0.0,31.0,0.0,2.0,0.0,0.0,2.0,0.0,24.0,0.0,0.0,24.0,0.0,0.0,0.0,0.0,10.0,0.0,0.0,10.0,0.0,0.0,7.0,0.0,60.0,7.0,0.0,60.0,0.0,0.0,0.0,0.0,0.0,0.0,0.0,0.0,0.0,0.0,"Dec 31, 2018"
58,1102027.0,7984.0,Dahuk,Dahuk,Kevila,كيفيلا,36.8901529412,42.9149543195,106.0,636.0,0.0,0.0,0.0,0.0,0.0,0.0,0.0,0.0,0.0,0.0,0.0,0.0,106.0,0.0,0.0,0.0,0.0,0.0,0.0,0.0,0.0,0.0,0.0,0.0,0.0,0.0,98.0,0.0,0.0,98.0,0.0,0.0,0.0,0.0,8.0,0.0,0.0,8.0,0.0,0.0,5.0,0.0,101.0,5.0,0.0,101.0,0.0,0.0,0.0,0.0,0.0,0.0,0.0,0.0,0.0,0.0,"Dec 31, 2018"
59,1102029.0,26046.0,Dahuk,Dahuk,Upper Malta,مالتا العليا,36.8615099478,42.9449863952,180.0,1080.0,0.0,0.0,0.0,0.0,0.0,0.0,0.0,0.0,0.0,0.0,0.0,0.0,180.0,0.0,0.0,0.0,0.0,0.0,0.0,0.0,20.0,0.0,0.0,0.0,0.0,0.0,160.0,0.0,0.0,160.0,0.0,0.0,0.0,0.0,0.0,0.0,0.0,0.0,0.0,0.0,136.0,0.0,41.0,136.0,0.0,41.0,0.0,0.0,0.0,0.0,0.0,0.0,3.0,0.0,3.0,0.0,"Dec 31, 2018"
60,1102030.0,26045.0,Dahuk,Dahuk,Lower Malta,مالتا سفلى,36.8515582186,42.9319835441,110.0,660.0,0.0,0.0,0.0,0.0,0.0,0.0,0.0,0.0,0.0,0.0,0.0,0.0,110.0,0.0,0.0,0.0,0.0,0.0,0.0,10.0,0.0,0.0,0.0,0.0,0.0,0.0,100.0,0.0,0.0,100.0,0.0,0.0,0.0,0.0,0.0,0.0,0.0,0.0,0.0,0.0,40.0,0.0,70.0,40.0,0.0,70.0,0.0,0.0,0.0,0.0,0.0,0.0,0.0,0.0,0.0,0.0,"Dec 31, 2018"
61,1102031.0,7964.0,Dahuk,Dahuk,Mangesh,مانكيش,37.035876278,43.0965303365,25.0,150.0,0.0,0.0,0.0,0.0,0.0,0.0,0.0,0.0,0.0,0.0,0.0,0.0,25.0,0.0,0.0,0.0,0.0,0.0,0.0,22.0,0.0,0.0,0.0,0.0,0.0,0.0,3.0,0.0,0.0,3.0,0.0,0.0,0.0,0.0,0.0,0.0,0.0,0.0,0.0,0.0,0.0,0.0,25.0,0.0,0.0,25.0,0.0,0.0,0.0,0.0,0.0,0.0,0.0,0.0,0.0,0.0,"Dec 31, 2018"
62,1102032.0,24092.0,Dahuk,Dahuk,Masik-1,ماسيك 1,36.8811633973,42.948334316,170.0,1020.0,0.0,0.0,0.0,0.0,0.0,0.0,0.0,0.0,0.0,0.0,0.0,0.0,170.0,0.0,0.0,0.0,0.0,0.0,0.0,12.0,18.0,0.0,0.0,0.0,0.0,0.0,133.0,0.0,0.0,133.0,0.0,0.0,0.0,0.0,7.0,0.0,0.0,7.0,0.0,0.0,57.0,0.0,77.0,57.0,0.0,77.0,0.0,0.0,0.0,0.0,0.0,0.0,36.0,0.0,36.0,0.0,"Dec 31, 2018"
63,1102033.0,24093.0,Dahuk,Dahuk,Masik-2,ماسيك 2,36.8730314009,42.9416399073,194.0,1164.0,2.0,0.0,0.0,0.0,0.0,0.0,0.0,0.0,0.0,0.0,0.0,0.0,192.0,0.0,0.0,0.0,0.0,0.0,0.0,23.0,0.0,0.0,0.0,0.0,0.0,0.0,164.0,0.0,0.0,164.0,0.0,0.0,0.0,0.0,7.0,0.0,0.0,7.0,2.0,0.0,45.0,2.0,145.0,45.0,0.0,145.0,0.0,0.0,0.0,0.0,0.0,0.0,2.0,0.0,2.0,0.0,"Dec 31, 2018"
64,1102035.0,24802.0,Dahuk,Dahuk,Mazi,مازي,36.8554966559,42.9760345375,140.0,840.0,0.0,0.0,0.0,0.0,0.0,0.0,0.0,0.0,0.0,0.0,0.0,0.0,140.0,0.0,0.0,0.0,0.0,0.0,0.0,0.0,12.0,0.0,0.0,0.0,0.0,0.0,128.0,0.0,0.0,128.0,0.0,0.0,0.0,0.0,0.0,0.0,0.0,0.0,0.0,0.0,88.0,0.0,52.0,88.0,0.0,52.0,0.0,0.0,0.0,0.0,0.0,0.0,0.0,0.0,0.0,0.0,"Dec 31, 2018"
65,1102036.0,24803.0,Dahuk,Dahuk,Midiya,ميديا,36.8537717904,42.9623251718,35.0,210.0,0.0,0.0,0.0,0.0,0.0,0.0,0.0,0.0,0.0,0.0,0.0,0.0,35.0,0.0,0.0,0.0,0.0,0.0,0.0,5.0,0.0,0.0,0.0,0.0,0.0,0.0,30.0,0.0,0.0,30.0,0.0,0.0,0.0,0.0,0.0,0.0,0.0,0.0,0.0,0.0,7.0,0.0,28.0,7.0,0.0,28.0,0.0,0.0,0.0,0.0,0.0,0.0,0.0,0.0,0.0,0.0,"Dec 31, 2018"
66,1102037.0,24644.0,Dahuk,Dahuk,Muhabad,مهاباد,36.8482851035,43.0316330201,30.0,180.0,0.0,0.0,0.0,0.0,0.0,0.0,0.0,0.0,0.0,0.0,0.0,0.0,30.0,0.0,0.0,0.0,0.0,0.0,0.0,1.0,0.0,0.0,0.0,0.0,0.0,0.0,29.0,0.0,0.0,29.0,0.0,0.0,0.0,0.0,0.0,0.0,0.0,0.0,0.0,0.0,7.0,0.0,23.0,7.0,0.0,23.0,0.0,0.0,0.0,0.0,0.0,0.0,0.0,0.0,0.0,0.0,"Dec 31, 2018"
67,1102038.0,23905.0,Dahuk,Dahuk,Naor,ناعور,36.8585541999,43.0125296316,142.0,852.0,0.0,0.0,0.0,0.0,0.0,0.0,0.0,0.0,0.0,0.0,0.0,0.0,142.0,0.0,0.0,0.0,0.0,0.0,0.0,0.0,0.0,0.0,0.0,0.0,0.0,0.0,142.0,0.0,0.0,142.0,0.0,0.0,0.0,0.0,0.0,0.0,0.0,0.0,0.0,0.0,87.0,0.0,55.0,87.0,0.0,55.0,0.0,0.0,0.0,0.0,0.0,0.0,0.0,0.0,0.0,0.0,"Dec 31, 2018"
68,1102039.0,7946.0,Dahuk,Dahuk,Nazarke,نزاركي,36.8461278321,43.0477670218,320.0,1920.0,0.0,0.0,0.0,0.0,0.0,0.0,0.0,0.0,0.0,0.0,0.0,0.0,303.0,0.0,17.0,0.0,0.0,0.0,0.0,30.0,0.0,0.0,0.0,0.0,0.0,0.0,255.0,0.0,0.0,255.0,0.0,0.0,0.0,0.0,35.0,0.0,0.0,35.0,0.0,0.0,143.0,0.0,177.0,143.0,0.0,177.0,0.0,0.0,0.0,0.0,0.0,0.0,0.0,0.0,0.0,0.0,"Dec 31, 2018"
69,1102040.0,24188.0,Dahuk,Dahuk,Qassara,قسارا,36.8419729136,42.9322725975,35.0,210.0,0.0,0.0,0.0,0.0,0.0,0.0,0.0,0.0,0.0,0.0,0.0,0.0,35.0,0.0,0.0,0.0,0.0,0.0,0.0,7.0,0.0,0.0,0.0,0.0,0.0,0.0,13.0,0.0,0.0,13.0,0.0,0.0,0.0,0.0,15.0,0.0,0.0,15.0,0.0,0.0,0.0,0.0,34.0,0.0,0.0,34.0,0.0,0.0,0.0,0.0,0.0,0.0,1.0,0.0,1.0,0.0,"Dec 31, 2018"
70,1102041.0,8468.0,Dahuk,Dahuk,Rashanke,رشانكي,36.9299783168,43.1983842298,56.0,336.0,0.0,0.0,0.0,0.0,0.0,0.0,0.0,0.0,0.0,0.0,0.0,0.0,56.0,0.0,0.0,0.0,0.0,0.0,0.0,19.0,0.0,9.0,0.0,0.0,9.0,0.0,19.0,0.0,0.0,19.0,0.0,0.0,0.0,0.0,9.0,0.0,0.0,9.0,0.0,0.0,3.0,0.0,53.0,3.0,0.0,53.0,0.0,0.0,0.0,0.0,0.0,0.0,0.0,0.0,0.0,0.0,"Dec 31, 2018"
71,1102042.0,23712.0,Dahuk,Dahuk,Raza,رزا,36.8502435242,42.9848694963,210.0,1260.0,0.0,0.0,0.0,0.0,0.0,0.0,0.0,0.0,0.0,0.0,0.0,0.0,210.0,0.0,0.0,0.0,0.0,0.0,0.0,7.0,0.0,0.0,0.0,0.0,0.0,0.0,203.0,0.0,0.0,203.0,0.0,0.0,0.0,0.0,0.0,0.0,0.0,0.0,0.0,0.0,84.0,0.0,126.0,84.0,0.0,126.0,0.0,0.0,0.0,0.0,0.0,0.0,0.0,0.0,0.0,0.0,"Dec 31, 2018"
72,1102043.0,26049.0,Dahuk,Dahuk,Sarbasti,سربستي,36.8504093869,43.0092905542,28.0,168.0,0.0,0.0,0.0,0.0,0.0,0.0,0.0,0.0,0.0,0.0,0.0,0.0,28.0,0.0,0.0,0.0,0.0,0.0,0.0,0.0,0.0,0.0,0.0,0.0,0.0,0.0,26.0,0.0,0.0,26.0,0.0,0.0,0.0,0.0,2.0,0.0,0.0,2.0,0.0,0.0,2.0,0.0,26.0,2.0,0.0,26.0,0.0,0.0,0.0,0.0,0.0,0.0,0.0,0.0,0.0,0.0,"Dec 31, 2018"
73,1102044.0,23902.0,Dahuk,Dahuk,Sarheldan,سرهلدان,36.8537066286,43.0305321738,227.0,1362.0,0.0,0.0,0.0,0.0,0.0,0.0,0.0,0.0,0.0,0.0,0.0,0.0,227.0,0.0,0.0,0.0,0.0,0.0,0.0,0.0,0.0,0.0,0.0,0.0,0.0,0.0,227.0,0.0,0.0,227.0,0.0,0.0,0.0,0.0,0.0,0.0,0.0,0.0,0.0,0.0,117.0,0.0,92.0,117.0,0.0,92.0,0.0,0.0,0.0,0.0,0.0,0.0,18.0,0.0,18.0,0.0,"Dec 31, 2018"
74,1102045.0,26053.0,Dahuk,Dahuk,Shahidan,شهيدان,36.8685497368,42.9950220246,80.0,480.0,0.0,0.0,0.0,0.0,0.0,0.0,0.0,0.0,0.0,0.0,0.0,0.0,80.0,0.0,0.0,0.0,0.0,0.0,0.0,0.0,2.0,0.0,0.0,0.0,0.0,0.0,78.0,0.0,0.0,78.0,0.0,0.0,0.0,0.0,0.0,0.0,0.0,0.0,0.0,0.0,8.0,0.0,70.0,8.0,0.0,70.0,0.0,0.0,0.0,0.0,0.0,0.0,2.0,0.0,2.0,0.0,"Dec 31, 2018"
75,1102046.0,8373.0,Dahuk,Dahuk,Shakhke,شاخكي,36.8762293618,42.979035324,200.0,1200.0,7.0,0.0,0.0,0.0,0.0,0.0,0.0,0.0,0.0,0.0,0.0,0.0,190.0,0.0,3.0,0.0,0.0,0.0,0.0,0.0,47.0,0.0,0.0,0.0,0.0,0.0,153.0,0.0,0.0,153.0,0.0,0.0,0.0,0.0,0.0,0.0,0.0,0.0,7.0,0.0,86.0,7.0,107.0,86.0,0.0,107.0,0.0,0.0,0.0,0.0,0.0,0.0,0.0,0.0,0.0,0.0,"Dec 31, 2018"
76,1102047.0,21979.0,Dahuk,Dahuk,Shele,شيلي,36.8575836915,42.9965073915,21.0,126.0,0.0,0.0,0.0,0.0,0.0,0.0,0.0,0.0,0.0,0.0,0.0,0.0,21.0,0.0,0.0,0.0,0.0,0.0,0.0,0.0,2.0,0.0,0.0,0.0,0.0,0.0,19.0,0.0,0.0,19.0,0.0,0.0,0.0,0.0,0.0,0.0,0.0,0.0,0.0,0.0,5.0,0.0,16.0,5.0,0.0,16.0,0.0,0.0,0.0,0.0,0.0,0.0,0.0,0.0,0.0,0.0,"Dec 31, 2018"
77,1102048.0,8372.0,Dahuk,Dahuk,Shindukha,شندوخا,36.8462234223,42.9695201784,52.0,312.0,0.0,0.0,0.0,0.0,0.0,0.0,0.0,0.0,0.0,0.0,0.0,0.0,52.0,0.0,0.0,0.0,0.0,0.0,0.0,9.0,0.0,0.0,0.0,0.0,0.0,0.0,42.0,0.0,0.0,42.0,0.0,0.0,0.0,0.0,1.0,0.0,0.0,1.0,0.0,0.0,19.0,0.0,31.0,19.0,0.0,31.0,0.0,0.0,0.0,0.0,0.0,0.0,2.0,0.0,2.0,0.0,"Dec 31, 2018"
78,1102049.0,7921.0,Dahuk,Dahuk,Zawita,زاويتة,36.906067605,43.1465299967,79.0,474.0,0.0,0.0,0.0,0.0,0.0,0.0,0.0,0.0,0.0,0.0,0.0,0.0,79.0,0.0,0.0,0.0,0.0,0.0,0.0,24.0,0.0,1.0,0.0,0.0,1.0,0.0,50.0,0.0,0.0,50.0,0.0,0.0,0.0,0.0,4.0,0.0,0.0,4.0,0.0,0.0,32.0,0.0,30.0,32.0,0.0,30.0,0.0,0.0,0.0,0.0,0.0,0.0,17.0,0.0,17.0,0.0,"Dec 31, 2018"
79,1102050.0,25898.0,Dahuk,Dahuk,Avrike,افريكي,36.8317640341,43.1190399827,195.0,1170.0,0.0,0.0,0.0,0.0,0.0,0.0,0.0,0.0,0.0,0.0,0.0,0.0,195.0,0.0,0.0,0.0,0.0,0.0,0.0,45.0,0.0,0.0,0.0,0.0,0.0,0.0,101.0,0.0,0.0,101.0,0.0,0.0,0.0,0.0,49.0,0.0,0.0,49.0,0.0,0.0,108.0,0.0,87.0,108.0,0.0,87.0,0.0,0.0,0.0,0.0,0.0,0.0,0.0,0.0,0.0,0.0,"Dec 31, 2018"
80,1102051.0,8867.0,Dahuk,Dahuk,Zeri Land,زري لاند,36.8702833927,42.9586759913,516.0,3096.0,11.0,0.0,0.0,0.0,0.0,0.0,0.0,0.0,0.0,0.0,0.0,0.0,502.0,0.0,3.0,0.0,0.0,0.0,0.0,0.0,0.0,0.0,0.0,0.0,0.0,0.0,516.0,0.0,0.0,516.0,0.0,0.0,0.0,0.0,0.0,0.0,0.0,0.0,11.0,0.0,349.0,11.0,148.0,349.0,0.0,148.0,0.0,0.0,0.0,0.0,0.0,0.0,8.0,0.0,8.0,0.0,"Dec 31, 2018"
81,1102052.0,24186.0,Dahuk,Dahuk,Zirka,زركا,36.8711301218,42.9301074986,116.0,696.0,0.0,0.0,0.0,0.0,0.0,0.0,0.0,0.0,0.0,0.0,0.0,0.0,116.0,0.0,0.0,0.0,0.0,0.0,0.0,0.0,0.0,0.0,0.0,0.0,0.0,0.0,86.0,0.0,0.0,86.0,0.0,0.0,0.0,0.0,30.0,0.0,0.0,30.0,0.0,0.0,60.0,0.0,54.0,60.0,0.0,54.0,0.0,0.0,0.0,0.0,0.0,0.0,2.0,0.0,2.0,0.0,"Dec 31, 2018"
82,1102053.0,24187.0,Dahuk,Dahuk,Zozan,زوزان,36.8595380545,43.005781166,98.0,588.0,0.0,0.0,0.0,0.0,0.0,0.0,0.0,0.0,0.0,0.0,0.0,0.0,98.0,0.0,0.0,0.0,0.0,0.0,0.0,0.0,0.0,0.0,0.0,0.0,0.0,0.0,98.0,0.0,0.0,98.0,0.0,0.0,0.0,0.0,0.0,0.0,0.0,0.0,0.0,0.0,33.0,0.0,65.0,33.0,0.0,65.0,0.0,0.0,0.0,0.0,0.0,0.0,0.0,0.0,0.0,0.0,"Dec 31, 2018"
83,1102057.0,8822.0,Dahuk,Dahuk,Banasora,بانصورا,37.0154933981,43.016330133,77.0,462.0,0.0,0.0,0.0,0.0,0.0,0.0,0.0,0.0,0.0,0.0,0.0,0.0,73.0,0.0,4.0,0.0,0.0,0.0,0.0,48.0,0.0,0.0,0.0,0.0,0.0,0.0,2.0,0.0,0.0,2.0,0.0,0.0,0.0,0.0,27.0,0.0,0.0,27.0,0.0,0.0,11.0,0.0,66.0,11.0,0.0,66.0,0.0,0.0,0.0,0.0,0.0,0.0,0.0,0.0,0.0,0.0,"Dec 31, 2018"
84,1102058.0,8238.0,Dahuk,Dahuk,Kovle,كوفلي,37.0468524247,43.1388632746,2.0,12.0,0.0,0.0,0.0,0.0,0.0,0.0,0.0,0.0,0.0,0.0,0.0,0.0,2.0,0.0,0.0,0.0,0.0,0.0,0.0,2.0,0.0,0.0,0.0,0.0,0.0,0.0,0.0,0.0,0.0,0.0,0.0,0.0,0.0,0.0,0.0,0.0,0.0,0.0,0.0,0.0,0.0,0.0,2.0,0.0,0.0,2.0,0.0,0.0,0.0,0.0,0.0,0.0,0.0,0.0,0.0,0.0,"Dec 31, 2018"
85,1102059.0,8460.0,Dahuk,Dahuk,Mjlmakht,مجلمخت,37.0191695446,43.1655734603,9.0,54.0,0.0,0.0,0.0,0.0,0.0,0.0,0.0,0.0,0.0,0.0,0.0,0.0,9.0,0.0,0.0,0.0,0.0,0.0,0.0,9.0,0.0,0.0,0.0,0.0,0.0,0.0,0.0,0.0,0.0,0.0,0.0,0.0,0.0,0.0,0.0,0.0,0.0,0.0,0.0,0.0,0.0,0.0,9.0,0.0,0.0,9.0,0.0,0.0,0.0,0.0,0.0,0.0,0.0,0.0,0.0,0.0,"Dec 31, 2018"
86,1102060.0,8193.0,Dahuk,Dahuk,Baroshka Saadin,بروشكا سعدين,37.067141895,43.0779845029,31.0,186.0,0.0,0.0,0.0,0.0,0.0,0.0,0.0,0.0,0.0,0.0,0.0,0.0,31.0,0.0,0.0,0.0,0.0,0.0,0.0,31.0,0.0,0.0,0.0,0.0,0.0,0.0,0.0,0.0,0.0,0.0,0.0,0.0,0.0,0.0,0.0,0.0,0.0,0.0,0.0,0.0,3.0,0.0,28.0,3.0,0.0,28.0,0.0,0.0,0.0,0.0,0.0,0.0,0.0,0.0,0.0,0.0,"Dec 31, 2018"
87,1102061.0,29698.0,Dahuk,Dahuk,Nawroz,نوروز,36.8657196578,42.9906778038,47.0,282.0,0.0,0.0,0.0,0.0,0.0,0.0,0.0,0.0,0.0,0.0,0.0,0.0,47.0,0.0,0.0,0.0,0.0,0.0,0.0,0.0,0.0,0.0,0.0,0.0,0.0,0.0,47.0,0.0,0.0,47.0,0.0,0.0,0.0,0.0,0.0,0.0,0.0,0.0,0.0,0.0,0.0,0.0,47.0,0.0,0.0,47.0,0.0,0.0,0.0,0.0,0.0,0.0,0.0,0.0,0.0,0.0,"Dec 31, 2018"
88,1102063.0,33474.0,Dahuk,Dahuk,Rizgari,رزكاري,36.8525779027,42.950201407,55.0,330.0,0.0,0.0,0.0,0.0,0.0,0.0,0.0,0.0,0.0,0.0,0.0,0.0,55.0,0.0,0.0,0.0,0.0,0.0,0.0,0.0,0.0,0.0,0.0,0.0,0.0,0.0,55.0,0.0,0.0,55.0,0.0,0.0,0.0,0.0,0.0,0.0,0.0,0.0,0.0,0.0,5.0,0.0,50.0,5.0,0.0,50.0,0.0,0.0,0.0,0.0,0.0,0.0,0.0,0.0,0.0,0.0,"Dec 31, 2018"
89,1103001.0,24800.0,Dahuk,Sumel,Avro City,افرو سيتي,36.8574288717,42.9076970107,1185.0,7110.0,1.0,0.0,0.0,0.0,0.0,0.0,0.0,0.0,0.0,0.0,0.0,0.0,1184.0,0.0,0.0,0.0,0.0,0.0,0.0,200.0,0.0,0.0,0.0,0.0,0.0,0.0,985.0,0.0,0.0,985.0,0.0,0.0,0.0,0.0,0.0,0.0,0.0,0.0,1.0,0.0,997.0,1.0,187.0,997.0,0.0,187.0,0.0,0.0,0.0,0.0,0.0,0.0,0.0,0.0,0.0,0.0,"Dec 31, 2018"
90,1103002.0,8044.0,Dahuk,Sumel,Bajit Kandala,باجت كندال,37.047257891,42.451053771,110.0,660.0,0.0,0.0,0.0,0.0,0.0,0.0,0.0,0.0,0.0,0.0,0.0,0.0,110.0,0.0,0.0,0.0,0.0,0.0,0.0,91.0,0.0,7.0,0.0,0.0,7.0,0.0,0.0,0.0,0.0,0.0,0.0,0.0,0.0,0.0,12.0,0.0,0.0,12.0,0.0,0.0,0.0,0.0,110.0,0.0,0.0,110.0,0.0,0.0,0.0,0.0,0.0,0.0,0.0,0.0,0.0,0.0,"Dec 31, 2018"
91,1103003.0,24790.0,Dahuk,Sumel,Bajet Kandala,مخيم باجت كندالا,37.0558176814,42.4460285564,2046.0,12276.0,0.0,0.0,0.0,0.0,0.0,0.0,0.0,0.0,0.0,0.0,0.0,0.0,2046.0,0.0,0.0,0.0,0.0,0.0,2046.0,0.0,0.0,0.0,0.0,0.0,0.0,0.0,0.0,0.0,0.0,0.0,0.0,0.0,0.0,0.0,0.0,0.0,0.0,0.0,0.0,0.0,0.0,0.0,2043.0,0.0,0.0,2043.0,3.0,0.0,0.0,3.0,0.0,0.0,0.0,0.0,0.0,0.0,"Dec 31, 2018"
92,1103004.0,8019.0,Dahuk,Sumel,Bakhitme,باختمي,36.806965597,42.8593761365,36.0,216.0,0.0,0.0,0.0,0.0,0.0,0.0,0.0,0.0,0.0,0.0,0.0,0.0,36.0,0.0,0.0,0.0,0.0,0.0,0.0,0.0,0.0,3.0,0.0,0.0,3.0,0.0,26.0,0.0,0.0,26.0,0.0,0.0,0.0,0.0,7.0,0.0,0.0,7.0,0.0,0.0,0.0,0.0,36.0,0.0,0.0,36.0,0.0,0.0,0.0,0.0,0.0,0.0,0.0,0.0,0.0,0.0,"Dec 31, 2018"
93,1103005.0,25993.0,Dahuk,Sumel,Basetki,باستكي,36.9568378737,42.7284603812,175.0,1050.0,0.0,0.0,0.0,0.0,0.0,0.0,0.0,0.0,0.0,0.0,0.0,0.0,175.0,0.0,0.0,0.0,0.0,0.0,0.0,149.0,0.0,0.0,0.0,0.0,0.0,0.0,0.0,0.0,0.0,0.0,0.0,0.0,0.0,0.0,26.0,0.0,0.0,26.0,0.0,0.0,44.0,0.0,101.0,44.0,0.0,101.0,0.0,0.0,0.0,0.0,0.0,0.0,30.0,0.0,30.0,0.0,"Dec 31, 2018"
94,1103006.0,8196.0,Dahuk,Sumel,Batel,باتيل,36.9610934335,42.6813437249,91.0,546.0,0.0,0.0,0.0,0.0,0.0,0.0,0.0,0.0,0.0,0.0,0.0,0.0,91.0,0.0,0.0,0.0,0.0,0.0,0.0,82.0,0.0,0.0,0.0,0.0,0.0,0.0,6.0,0.0,0.0,6.0,0.0,0.0,0.0,0.0,3.0,0.0,0.0,3.0,0.0,0.0,43.0,0.0,34.0,43.0,0.0,34.0,0.0,0.0,0.0,0.0,0.0,0.0,14.0,0.0,14.0,0.0,"Dec 31, 2018"
95,1103007.0,8018.0,Dahuk,Sumel,Bazalan,بازلان,36.8150284896,42.9142815443,54.0,324.0,0.0,0.0,0.0,0.0,0.0,0.0,0.0,0.0,0.0,0.0,0.0,0.0,54.0,0.0,0.0,0.0,0.0,0.0,0.0,21.0,0.0,0.0,0.0,0.0,0.0,0.0,0.0,0.0,0.0,0.0,0.0,0.0,0.0,0.0,33.0,0.0,0.0,33.0,0.0,0.0,0.0,0.0,54.0,0.0,0.0,54.0,0.0,0.0,0.0,0.0,0.0,0.0,0.0,0.0,0.0,0.0,"Dec 31, 2018"
96,1103009.0,8239.0,Dahuk,Sumel,Fayda,فايدة,36.7568274843,42.9270861475,386.0,2316.0,0.0,0.0,0.0,0.0,0.0,0.0,0.0,0.0,0.0,0.0,0.0,0.0,386.0,0.0,0.0,0.0,0.0,0.0,0.0,20.0,0.0,0.0,0.0,0.0,0.0,0.0,364.0,0.0,0.0,364.0,0.0,0.0,0.0,0.0,2.0,0.0,0.0,2.0,0.0,0.0,268.0,0.0,77.0,268.0,0.0,77.0,0.0,0.0,0.0,0.0,0.0,0.0,41.0,0.0,41.0,0.0,"Dec 31, 2018"
97,1103010.0,25622.0,Dahuk,Sumel,Moaskar Domiz,معسكر دوميز,36.7876371577,42.9050202606,218.0,1308.0,1.0,0.0,0.0,0.0,0.0,0.0,0.0,0.0,0.0,0.0,0.0,0.0,217.0,0.0,0.0,0.0,0.0,0.0,0.0,19.0,0.0,0.0,0.0,0.0,0.0,0.0,194.0,0.0,0.0,194.0,0.0,0.0,0.0,0.0,5.0,0.0,0.0,5.0,1.0,0.0,180.0,1.0,37.0,180.0,0.0,37.0,0.0,0.0,0.0,0.0,0.0,0.0,0.0,0.0,0.0,0.0,"Dec 31, 2018"
98,1103011.0,25623.0,Dahuk,Sumel,Waarvin City,وارفين ستي,36.8006019234,42.9124949489,407.0,2442.0,0.0,0.0,0.0,0.0,0.0,0.0,0.0,0.0,0.0,0.0,0.0,0.0,396.0,0.0,11.0,0.0,0.0,0.0,0.0,7.0,0.0,0.0,0.0,0.0,0.0,0.0,397.0,0.0,0.0,397.0,0.0,0.0,0.0,0.0,3.0,0.0,0.0,3.0,0.0,0.0,295.0,0.0,112.0,295.0,0.0,112.0,0.0,0.0,0.0,0.0,0.0,0.0,0.0,0.0,0.0,0.0,"Dec 31, 2018"
99,1103012.0,8246.0,Dahuk,Sumel,Girsheen,كرشين,36.9924547544,42.6006406225,72.0,432.0,0.0,0.0,0.0,0.0,0.0,0.0,0.0,0.0,0.0,0.0,0.0,0.0,72.0,0.0,0.0,0.0,0.0,0.0,0.0,60.0,0.0,0.0,0.0,0.0,0.0,0.0,0.0,0.0,0.0,0.0,0.0,0.0,0.0,0.0,12.0,0.0,0.0,12.0,0.0,0.0,13.0,0.0,42.0,13.0,0.0,42.0,0.0,0.0,0.0,0.0,0.0,0.0,17.0,0.0,17.0,0.0,"Dec 31, 2018"
100,1103014.0,24794.0,Dahuk,Sumel,Kabarto 1,مخيم كبرتو 1,36.789299951,42.8566103893,2543.0,15258.0,0.0,0.0,0.0,0.0,0.0,0.0,0.0,0.0,0.0,0.0,0.0,0.0,2543.0,0.0,0.0,0.0,0.0,0.0,2543.0,0.0,0.0,0.0,0.0,0.0,0.0,0.0,0.0,0.0,0.0,0.0,0.0,0.0,0.0,0.0,0.0,0.0,0.0,0.0,0.0,0.0,45.0,0.0,2494.0,45.0,0.0,2494.0,0.0,0.0,0.0,0.0,0.0,0.0,4.0,0.0,4.0,0.0,"Dec 31, 2018"
101,1103015.0,24795.0,Dahuk,Sumel,Kabarto 2,مخيم كبرتو 2,36.7878435202,42.8566065223,2582.0,15492.0,0.0,0.0,0.0,0.0,0.0,0.0,0.0,0.0,0.0,0.0,0.0,0.0,2582.0,0.0,0.0,0.0,0.0,0.0,2582.0,0.0,0.0,0.0,0.0,0.0,0.0,0.0,0.0,0.0,0.0,0.0,0.0,0.0,0.0,0.0,0.0,0.0,0.0,0.0,0.0,0.0,0.0,0.0,2578.0,0.0,0.0,2578.0,0.0,0.0,0.0,0.0,0.0,0.0,4.0,0.0,4.0,0.0,"Dec 31, 2018"
102,1103017.0,8656.0,Dahuk,Sumel,Khanke,مخيم خانكي,36.7786621516,42.7746618699,2833.0,16998.0,0.0,0.0,0.0,0.0,0.0,0.0,0.0,0.0,0.0,0.0,0.0,0.0,2833.0,0.0,0.0,0.0,0.0,0.0,2833.0,0.0,0.0,0.0,0.0,0.0,0.0,0.0,0.0,0.0,0.0,0.0,0.0,0.0,0.0,0.0,0.0,0.0,0.0,0.0,0.0,0.0,0.0,0.0,2833.0,0.0,0.0,2833.0,0.0,0.0,0.0,0.0,0.0,0.0,0.0,0.0,0.0,0.0,"Dec 31, 2018"
103,1103018.0,25777.0,Dahuk,Sumel,Dolib,دلب,36.8405217158,42.9009229975,24.0,144.0,0.0,0.0,0.0,0.0,0.0,0.0,0.0,0.0,0.0,0.0,0.0,0.0,24.0,0.0,0.0,0.0,0.0,0.0,0.0,3.0,0.0,0.0,0.0,0.0,0.0,0.0,21.0,0.0,0.0,21.0,0.0,0.0,0.0,0.0,0.0,0.0,0.0,0.0,0.0,0.0,3.0,0.0,21.0,3.0,0.0,21.0,0.0,0.0,0.0,0.0,0.0,0.0,0.0,0.0,0.0,0.0,"Dec 31, 2018"
104,1103019.0,25778.0,Dahuk,Sumel,Hawshke,حوشكي,36.873716487,42.8876247955,21.0,126.0,0.0,0.0,0.0,0.0,0.0,0.0,0.0,0.0,1.0,0.0,0.0,0.0,20.0,0.0,0.0,0.0,0.0,0.0,0.0,2.0,0.0,0.0,0.0,0.0,0.0,0.0,5.0,0.0,0.0,5.0,0.0,0.0,0.0,0.0,14.0,0.0,0.0,14.0,0.0,0.0,0.0,0.0,14.0,0.0,0.0,14.0,0.0,0.0,0.0,0.0,0.0,0.0,7.0,0.0,7.0,0.0,"Dec 31, 2018"
105,1103020.0,8873.0,Dahuk,Sumel,Misereek,مسيريك,36.8625503803,42.8052015326,963.0,5778.0,0.0,0.0,0.0,0.0,0.0,0.0,0.0,0.0,0.0,0.0,0.0,0.0,963.0,0.0,0.0,0.0,0.0,0.0,0.0,210.0,0.0,0.0,0.0,0.0,0.0,0.0,753.0,0.0,0.0,753.0,0.0,0.0,0.0,0.0,0.0,0.0,0.0,0.0,0.0,0.0,599.0,0.0,218.0,599.0,0.0,218.0,0.0,0.0,0.0,0.0,0.0,0.0,146.0,0.0,146.0,0.0,"Dec 31, 2018"
106,1103021.0,7990.0,Dahuk,Sumel,Namrike,نمريكي,36.7388267266,42.8842812701,16.0,96.0,0.0,0.0,0.0,0.0,0.0,0.0,0.0,0.0,0.0,0.0,0.0,0.0,16.0,0.0,0.0,0.0,0.0,0.0,0.0,5.0,0.0,0.0,0.0,0.0,0.0,0.0,2.0,0.0,0.0,2.0,0.0,0.0,0.0,0.0,9.0,0.0,0.0,9.0,0.0,0.0,11.0,0.0,1.0,11.0,0.0,1.0,1.0,0.0,0.0,1.0,0.0,0.0,3.0,0.0,3.0,0.0,"Dec 31, 2018"
107,1103022.0,24791.0,Dahuk,Sumel,Rwanga Community ,مخيم روانكه,37.0583354983,42.619139735,2637.0,15822.0,0.0,0.0,0.0,0.0,0.0,0.0,0.0,0.0,0.0,0.0,0.0,0.0,2637.0,0.0,0.0,0.0,0.0,0.0,2637.0,0.0,0.0,0.0,0.0,0.0,0.0,0.0,0.0,0.0,0.0,0.0,0.0,0.0,0.0,0.0,0.0,0.0,0.0,0.0,0.0,0.0,0.0,0.0,2637.0,0.0,0.0,2637.0,0.0,0.0,0.0,0.0,0.0,0.0,0.0,0.0,0.0,0.0,"Dec 31, 2018"
108,1103023.0,7989.0,Dahuk,Sumel,Seje,سيجي,36.9132638807,42.8853381925,586.0,3516.0,0.0,0.0,0.0,0.0,0.0,0.0,0.0,0.0,0.0,0.0,0.0,0.0,586.0,0.0,0.0,0.0,0.0,0.0,0.0,25.0,0.0,25.0,0.0,0.0,25.0,0.0,90.0,0.0,0.0,90.0,0.0,0.0,0.0,0.0,446.0,0.0,0.0,446.0,0.0,0.0,42.0,0.0,544.0,42.0,0.0,544.0,0.0,0.0,0.0,0.0,0.0,0.0,0.0,0.0,0.0,0.0,"Dec 31, 2018"
109,1103024.0,8336.0,Dahuk,Sumel,Semel,سيميل,36.8570167451,42.8572455505,1076.0,6456.0,0.0,0.0,0.0,0.0,0.0,0.0,0.0,0.0,0.0,0.0,0.0,0.0,1075.0,0.0,1.0,0.0,0.0,0.0,0.0,230.0,0.0,0.0,0.0,0.0,0.0,0.0,806.0,0.0,0.0,806.0,0.0,0.0,0.0,0.0,40.0,0.0,0.0,40.0,0.0,0.0,765.0,0.0,271.0,765.0,0.0,271.0,0.0,0.0,0.0,0.0,0.0,0.0,40.0,0.0,40.0,0.0,"Dec 31, 2018"
110,1103025.0,8369.0,Dahuk,Sumel,Shariya,شاريا,36.7861301566,42.9737871575,4451.0,26706.0,0.0,0.0,0.0,0.0,0.0,0.0,0.0,0.0,0.0,0.0,0.0,0.0,4451.0,0.0,0.0,0.0,0.0,0.0,0.0,120.0,0.0,1459.0,0.0,0.0,1459.0,0.0,1207.0,0.0,0.0,1207.0,0.0,0.0,0.0,0.0,1665.0,0.0,0.0,1665.0,0.0,0.0,0.0,0.0,4301.0,0.0,0.0,4301.0,0.0,0.0,0.0,0.0,0.0,0.0,150.0,0.0,150.0,0.0,"Dec 31, 2018"
111,1103026.0,24827.0,Dahuk,Sumel,Shariya ,مخيم شاريا,36.7947500339,42.9633869006,3102.0,18612.0,0.0,0.0,0.0,0.0,0.0,0.0,0.0,0.0,0.0,0.0,0.0,0.0,3102.0,0.0,0.0,0.0,0.0,0.0,3102.0,0.0,0.0,0.0,0.0,0.0,0.0,0.0,0.0,0.0,0.0,0.0,0.0,0.0,0.0,0.0,0.0,0.0,0.0,0.0,0.0,0.0,0.0,0.0,3097.0,0.0,0.0,3097.0,0.0,0.0,0.0,0.0,0.0,0.0,5.0,0.0,5.0,0.0,"Dec 31, 2018"
112,1103027.0,8476.0,Dahuk,Sumel,Soriya,صوريا,37.0029054857,42.4852168514,91.0,546.0,0.0,0.0,0.0,0.0,0.0,0.0,0.0,0.0,0.0,0.0,0.0,0.0,91.0,0.0,0.0,0.0,0.0,0.0,0.0,90.0,0.0,0.0,0.0,0.0,0.0,0.0,0.0,0.0,0.0,0.0,0.0,0.0,0.0,0.0,1.0,0.0,0.0,1.0,0.0,0.0,0.0,0.0,91.0,0.0,0.0,91.0,0.0,0.0,0.0,0.0,0.0,0.0,0.0,0.0,0.0,0.0,"Dec 31, 2018"
113,1103028.0,25776.0,Dahuk,Sumel,Ramilan City,راميلان ستي,36.8632978833,42.8975976975,121.0,726.0,0.0,0.0,0.0,0.0,0.0,0.0,0.0,0.0,0.0,0.0,0.0,0.0,121.0,0.0,0.0,0.0,0.0,0.0,0.0,20.0,0.0,0.0,0.0,0.0,0.0,0.0,101.0,0.0,0.0,101.0,0.0,0.0,0.0,0.0,0.0,0.0,0.0,0.0,0.0,0.0,57.0,0.0,64.0,57.0,0.0,64.0,0.0,0.0,0.0,0.0,0.0,0.0,0.0,0.0,0.0,0.0,"Dec 31, 2018"
114,1103029.0,24596.0,Dahuk,Sumel,Tanahi,تناهي,36.86240581,42.9031999597,207.0,1242.0,0.0,0.0,0.0,0.0,0.0,0.0,0.0,0.0,0.0,0.0,0.0,0.0,207.0,0.0,0.0,0.0,0.0,0.0,0.0,2.0,0.0,0.0,0.0,0.0,0.0,0.0,147.0,0.0,0.0,147.0,0.0,0.0,0.0,0.0,58.0,0.0,0.0,58.0,0.0,0.0,120.0,0.0,87.0,120.0,0.0,87.0,0.0,0.0,0.0,0.0,0.0,0.0,0.0,0.0,0.0,0.0,"Dec 31, 2018"
115,1103030.0,23645.0,Dahuk,Sumel,War City,وار ستي,36.7723211609,42.9195183907,309.0,1854.0,0.0,0.0,0.0,0.0,0.0,0.0,0.0,0.0,0.0,0.0,0.0,0.0,306.0,0.0,3.0,0.0,0.0,0.0,0.0,29.0,0.0,0.0,0.0,0.0,0.0,0.0,280.0,0.0,0.0,280.0,0.0,0.0,0.0,0.0,0.0,0.0,0.0,0.0,0.0,0.0,122.0,0.0,187.0,122.0,0.0,187.0,0.0,0.0,0.0,0.0,0.0,0.0,0.0,0.0,0.0,0.0,"Dec 31, 2018"
116,1103033.0,26122.0,Dahuk,Sumel,Domiz-Rozh,دوميز روز,36.8028713296,42.9163498244,227.0,1362.0,0.0,0.0,0.0,0.0,0.0,0.0,0.0,0.0,0.0,0.0,0.0,0.0,223.0,0.0,4.0,0.0,0.0,0.0,0.0,51.0,0.0,0.0,0.0,0.0,0.0,0.0,176.0,0.0,0.0,176.0,0.0,0.0,0.0,0.0,0.0,0.0,0.0,0.0,0.0,0.0,144.0,0.0,83.0,144.0,0.0,83.0,0.0,0.0,0.0,0.0,0.0,0.0,0.0,0.0,0.0,0.0,"Dec 31, 2018"
117,1103034.0,26123.0,Dahuk,Sumel,Domiz-Halat,دوميز هلات,36.7946920859,42.9175000359,563.0,3378.0,0.0,0.0,0.0,0.0,0.0,0.0,0.0,0.0,0.0,0.0,0.0,0.0,556.0,0.0,7.0,0.0,0.0,0.0,0.0,175.0,0.0,0.0,0.0,0.0,0.0,0.0,378.0,0.0,0.0,378.0,0.0,0.0,0.0,0.0,10.0,0.0,0.0,10.0,0.0,0.0,387.0,0.0,176.0,387.0,0.0,176.0,0.0,0.0,0.0,0.0,0.0,0.0,0.0,0.0,0.0,0.0,"Dec 31, 2018"
118,1103035.0,27126.0,Dahuk,Sumel,Haweri,هويري,36.7734658877,42.7863281533,200.0,1200.0,0.0,0.0,0.0,0.0,0.0,0.0,0.0,0.0,0.0,0.0,0.0,0.0,200.0,0.0,0.0,0.0,0.0,0.0,0.0,47.0,0.0,0.0,0.0,0.0,0.0,0.0,10.0,0.0,0.0,10.0,0.0,0.0,0.0,0.0,143.0,0.0,0.0,143.0,0.0,0.0,0.0,0.0,200.0,0.0,0.0,200.0,0.0,0.0,0.0,0.0,0.0,0.0,0.0,0.0,0.0,0.0,"Dec 31, 2018"
119,1103036.0,8015.0,Dahuk,Sumel,Kabarto,كبرتو,36.7789609898,42.7865598268,197.0,1182.0,0.0,0.0,0.0,0.0,0.0,0.0,0.0,0.0,0.0,0.0,0.0,0.0,197.0,0.0,0.0,0.0,0.0,0.0,0.0,73.0,0.0,0.0,0.0,0.0,0.0,0.0,77.0,0.0,0.0,77.0,0.0,0.0,0.0,0.0,47.0,0.0,0.0,47.0,0.0,0.0,0.0,0.0,197.0,0.0,0.0,197.0,0.0,0.0,0.0,0.0,0.0,0.0,0.0,0.0,0.0,0.0,"Dec 31, 2018"
120,1103037.0,27128.0,Dahuk,Sumel,Kamona,كمونا,36.7653921448,42.7638244315,41.0,246.0,0.0,0.0,0.0,0.0,0.0,0.0,0.0,0.0,0.0,0.0,0.0,0.0,41.0,0.0,0.0,0.0,0.0,0.0,0.0,7.0,0.0,0.0,0.0,0.0,0.0,0.0,29.0,0.0,0.0,29.0,0.0,0.0,0.0,0.0,5.0,0.0,0.0,5.0,0.0,0.0,0.0,0.0,41.0,0.0,0.0,41.0,0.0,0.0,0.0,0.0,0.0,0.0,0.0,0.0,0.0,0.0,"Dec 31, 2018"
121,1103038.0,27121.0,Dahuk,Sumel,Khanke Qadima,خانكي قديمة,36.7703278898,42.7758211647,359.0,2154.0,0.0,0.0,0.0,0.0,0.0,0.0,0.0,0.0,0.0,0.0,0.0,0.0,359.0,0.0,0.0,0.0,0.0,0.0,0.0,16.0,0.0,74.0,0.0,0.0,74.0,0.0,9.0,0.0,0.0,9.0,0.0,0.0,0.0,0.0,260.0,0.0,0.0,260.0,0.0,0.0,0.0,0.0,350.0,0.0,0.0,350.0,0.0,0.0,0.0,0.0,0.0,0.0,9.0,0.0,9.0,0.0,"Dec 31, 2018"
122,1103039.0,8800.0,Dahuk,Sumel,Kherava,خيرافا,36.7755319899,42.7831799202,288.0,1728.0,0.0,0.0,0.0,0.0,0.0,0.0,0.0,0.0,0.0,0.0,0.0,0.0,288.0,0.0,0.0,0.0,0.0,0.0,0.0,48.0,0.0,6.0,0.0,0.0,6.0,0.0,15.0,0.0,0.0,15.0,0.0,0.0,0.0,0.0,219.0,0.0,0.0,219.0,0.0,0.0,0.0,0.0,288.0,0.0,0.0,288.0,0.0,0.0,0.0,0.0,0.0,0.0,0.0,0.0,0.0,0.0,"Dec 31, 2018"
123,1103040.0,27127.0,Dahuk,Sumel,Old Mam Shvana,مام شفانا قديمة,36.8031738961,42.7735605569,85.0,510.0,0.0,0.0,0.0,0.0,0.0,0.0,0.0,0.0,0.0,0.0,0.0,0.0,85.0,0.0,0.0,0.0,0.0,0.0,0.0,0.0,0.0,65.0,0.0,0.0,65.0,0.0,0.0,0.0,0.0,0.0,0.0,0.0,0.0,0.0,20.0,0.0,0.0,20.0,0.0,0.0,0.0,0.0,85.0,0.0,0.0,85.0,0.0,0.0,0.0,0.0,0.0,0.0,0.0,0.0,0.0,0.0,"Dec 31, 2018"
124,1103041.0,27129.0,Dahuk,Sumel,Small Mam Shvana,مام شفانا صغيرة,36.7805978995,42.7874803017,76.0,456.0,0.0,0.0,0.0,0.0,0.0,0.0,0.0,0.0,0.0,0.0,0.0,0.0,76.0,0.0,0.0,0.0,0.0,0.0,0.0,4.0,0.0,17.0,0.0,0.0,17.0,0.0,5.0,0.0,0.0,5.0,0.0,0.0,0.0,0.0,50.0,0.0,0.0,50.0,0.0,0.0,0.0,0.0,76.0,0.0,0.0,76.0,0.0,0.0,0.0,0.0,0.0,0.0,0.0,0.0,0.0,0.0,"Dec 31, 2018"
125,1103042.0,8582.0,Dahuk,Sumel,Qasr Yazddin,قسر يزدين,36.7900242295,42.7879039742,567.0,3402.0,0.0,0.0,0.0,0.0,0.0,0.0,0.0,0.0,0.0,0.0,0.0,0.0,567.0,0.0,0.0,0.0,0.0,0.0,0.0,30.0,0.0,356.0,0.0,0.0,356.0,0.0,21.0,0.0,0.0,21.0,0.0,0.0,0.0,0.0,160.0,0.0,0.0,160.0,0.0,0.0,0.0,0.0,567.0,0.0,0.0,567.0,0.0,0.0,0.0,0.0,0.0,0.0,0.0,0.0,0.0,0.0,"Dec 31, 2018"
126,1103043.0,27125.0,Dahuk,Sumel,Old Qasr Yazddin,قسريزدين قديمة,36.8210205191,42.8073193633,199.0,1194.0,0.0,0.0,0.0,0.0,0.0,0.0,0.0,0.0,0.0,0.0,0.0,0.0,199.0,0.0,0.0,0.0,0.0,0.0,0.0,8.0,0.0,25.0,0.0,0.0,25.0,0.0,5.0,0.0,0.0,5.0,0.0,0.0,0.0,0.0,161.0,0.0,0.0,161.0,0.0,0.0,0.0,0.0,199.0,0.0,0.0,199.0,0.0,0.0,0.0,0.0,0.0,0.0,0.0,0.0,0.0,0.0,"Dec 31, 2018"
127,1103044.0,8366.0,Dahuk,Sumel,Ribeybi,ربيبي,36.7812588447,42.7881494925,255.0,1530.0,0.0,0.0,0.0,0.0,0.0,0.0,0.0,0.0,0.0,0.0,0.0,0.0,255.0,0.0,0.0,0.0,0.0,0.0,0.0,27.0,0.0,0.0,0.0,0.0,0.0,0.0,58.0,0.0,0.0,58.0,0.0,0.0,0.0,0.0,170.0,0.0,0.0,170.0,0.0,0.0,0.0,0.0,255.0,0.0,0.0,255.0,0.0,0.0,0.0,0.0,0.0,0.0,0.0,0.0,0.0,0.0,"Dec 31, 2018"
128,1103045.0,27122.0,Dahuk,Sumel,Shorash,شورش,36.7865650927,42.7903679829,141.0,846.0,0.0,0.0,0.0,0.0,0.0,0.0,0.0,0.0,0.0,0.0,0.0,0.0,141.0,0.0,0.0,0.0,0.0,0.0,0.0,20.0,0.0,0.0,0.0,0.0,0.0,0.0,100.0,0.0,0.0,100.0,0.0,0.0,0.0,0.0,21.0,0.0,0.0,21.0,0.0,0.0,0.0,0.0,141.0,0.0,0.0,141.0,0.0,0.0,0.0,0.0,0.0,0.0,0.0,0.0,0.0,0.0,"Dec 31, 2018"
129,1103046.0,27130.0,Dahuk,Sumel,Old Sorka,صوركا قديمة,36.8085013434,42.8237194089,68.0,408.0,0.0,0.0,0.0,0.0,0.0,0.0,0.0,0.0,0.0,0.0,0.0,0.0,68.0,0.0,0.0,0.0,0.0,0.0,0.0,20.0,0.0,0.0,0.0,0.0,0.0,0.0,10.0,0.0,0.0,10.0,0.0,0.0,0.0,0.0,38.0,0.0,0.0,38.0,0.0,0.0,0.0,0.0,68.0,0.0,0.0,68.0,0.0,0.0,0.0,0.0,0.0,0.0,0.0,0.0,0.0,0.0,"Dec 31, 2018"
130,1103047.0,27124.0,Dahuk,Sumel,New Zinya,زينيا جديدة,36.7858515216,42.7801483106,418.0,2508.0,0.0,0.0,0.0,0.0,0.0,0.0,0.0,0.0,0.0,0.0,0.0,0.0,418.0,0.0,0.0,0.0,0.0,0.0,0.0,0.0,0.0,183.0,0.0,0.0,183.0,0.0,23.0,0.0,0.0,23.0,0.0,0.0,0.0,0.0,212.0,0.0,0.0,212.0,0.0,0.0,0.0,0.0,418.0,0.0,0.0,418.0,0.0,0.0,0.0,0.0,0.0,0.0,0.0,0.0,0.0,0.0,"Dec 31, 2018"
131,1103048.0,27123.0,Dahuk,Sumel,Old Zinya,زينيا قديمة,36.7761700839,42.7937836232,214.0,1284.0,0.0,0.0,0.0,0.0,0.0,0.0,0.0,0.0,0.0,0.0,0.0,0.0,214.0,0.0,0.0,0.0,0.0,0.0,0.0,47.0,0.0,0.0,0.0,0.0,0.0,0.0,12.0,0.0,0.0,12.0,0.0,0.0,0.0,0.0,155.0,0.0,0.0,155.0,0.0,0.0,0.0,0.0,214.0,0.0,0.0,214.0,0.0,0.0,0.0,0.0,0.0,0.0,0.0,0.0,0.0,0.0,"Dec 31, 2018"
132,1103051.0,29597.0,Dahuk,Sumel,Nawro City,نورو ستي,36.8705432055,42.8913613003,4.0,24.0,0.0,0.0,0.0,0.0,0.0,0.0,0.0,0.0,0.0,0.0,0.0,0.0,4.0,0.0,0.0,0.0,0.0,0.0,0.0,0.0,0.0,0.0,0.0,0.0,0.0,0.0,4.0,0.0,0.0,4.0,0.0,0.0,0.0,0.0,0.0,0.0,0.0,0.0,0.0,0.0,0.0,0.0,4.0,0.0,0.0,4.0,0.0,0.0,0.0,0.0,0.0,0.0,0.0,0.0,0.0,0.0,"Dec 31, 2018"
133,1103052.0,29614.0,Dahuk,Sumel,Kar City,كار ستي,36.8914453631,42.7990126341,161.0,966.0,0.0,0.0,0.0,0.0,0.0,0.0,0.0,0.0,0.0,0.0,0.0,0.0,161.0,0.0,0.0,0.0,0.0,0.0,0.0,9.0,0.0,0.0,0.0,0.0,0.0,0.0,152.0,0.0,0.0,152.0,0.0,0.0,0.0,0.0,0.0,0.0,0.0,0.0,0.0,0.0,27.0,0.0,110.0,27.0,0.0,110.0,0.0,0.0,0.0,0.0,0.0,0.0,24.0,0.0,24.0,0.0,"Dec 31, 2018"
134,1103053.0,8013.0,Dahuk,Sumel,Marina,مرينا,36.9102954447,42.7939173782,88.0,528.0,0.0,0.0,0.0,0.0,0.0,0.0,0.0,0.0,0.0,0.0,0.0,0.0,88.0,0.0,0.0,0.0,0.0,0.0,0.0,23.0,0.0,0.0,0.0,0.0,0.0,0.0,62.0,0.0,0.0,62.0,0.0,0.0,0.0,0.0,3.0,0.0,0.0,3.0,0.0,0.0,10.0,0.0,42.0,10.0,0.0,42.0,0.0,0.0,0.0,0.0,0.0,0.0,36.0,0.0,36.0,0.0,"Dec 31, 2018"
135,1104002.0,8119.0,Dahuk,Zakho,Afirma,افرما,37.1359789245,42.6590939598,15.0,90.0,0.0,0.0,0.0,0.0,0.0,0.0,0.0,0.0,0.0,0.0,0.0,0.0,15.0,0.0,0.0,0.0,0.0,0.0,0.0,0.0,0.0,0.0,0.0,0.0,0.0,0.0,15.0,0.0,0.0,15.0,0.0,0.0,0.0,0.0,0.0,0.0,0.0,0.0,0.0,0.0,0.0,0.0,15.0,0.0,0.0,15.0,0.0,0.0,0.0,0.0,0.0,0.0,0.0,0.0,0.0,0.0,"Dec 31, 2018"
136,1104005.0,8849.0,Dahuk,Zakho,Batifa,باتيفا,37.1760202601,43.0110555215,300.0,1800.0,0.0,0.0,0.0,0.0,0.0,0.0,0.0,0.0,0.0,0.0,0.0,0.0,300.0,0.0,0.0,0.0,0.0,0.0,0.0,0.0,0.0,0.0,0.0,0.0,0.0,0.0,247.0,0.0,0.0,247.0,0.0,0.0,0.0,0.0,53.0,0.0,0.0,53.0,0.0,0.0,28.0,0.0,250.0,28.0,0.0,250.0,20.0,0.0,0.0,20.0,0.0,0.0,2.0,0.0,2.0,0.0,"Dec 31, 2018"
137,1104008.0,24789.0,Dahuk,Zakho,Berseve 1,مخيم بيرسفي1,37.1806148889,42.8573370643,1471.0,8826.0,0.0,0.0,0.0,0.0,0.0,0.0,0.0,0.0,0.0,0.0,0.0,0.0,1471.0,0.0,0.0,0.0,0.0,0.0,1471.0,0.0,0.0,0.0,0.0,0.0,0.0,0.0,0.0,0.0,0.0,0.0,0.0,0.0,0.0,0.0,0.0,0.0,0.0,0.0,0.0,0.0,26.0,0.0,1430.0,26.0,0.0,1430.0,15.0,0.0,0.0,15.0,0.0,0.0,0.0,0.0,0.0,0.0,"Dec 31, 2018"
138,1104009.0,24792.0,Dahuk,Zakho,Berseve 2,مخيم بيرسفي2,37.1808239425,42.862288689,1748.0,10488.0,0.0,0.0,0.0,0.0,0.0,0.0,0.0,0.0,0.0,0.0,0.0,0.0,1748.0,0.0,0.0,0.0,0.0,0.0,1748.0,0.0,0.0,0.0,0.0,0.0,0.0,0.0,0.0,0.0,0.0,0.0,0.0,0.0,0.0,0.0,0.0,0.0,0.0,0.0,0.0,0.0,0.0,0.0,1748.0,0.0,0.0,1748.0,0.0,0.0,0.0,0.0,0.0,0.0,0.0,0.0,0.0,0.0,"Dec 31, 2018"
139,1104011.0,24793.0,Dahuk,Zakho,Chamishku,مخيم جمشكو,37.1778503123,42.6674211818,5036.0,30216.0,0.0,0.0,0.0,0.0,0.0,0.0,0.0,0.0,0.0,0.0,0.0,0.0,5036.0,0.0,0.0,0.0,0.0,0.0,5036.0,0.0,0.0,0.0,0.0,0.0,0.0,0.0,0.0,0.0,0.0,0.0,0.0,0.0,0.0,0.0,0.0,0.0,0.0,0.0,0.0,0.0,18.0,0.0,5018.0,18.0,0.0,5018.0,0.0,0.0,0.0,0.0,0.0,0.0,0.0,0.0,0.0,0.0,"Dec 31, 2018"
140,1104012.0,8766.0,Dahuk,Zakho,Chamkork,جم كورك,37.138846009,42.6171902774,180.0,1080.0,0.0,0.0,0.0,0.0,0.0,0.0,0.0,0.0,0.0,0.0,0.0,0.0,180.0,0.0,0.0,0.0,0.0,0.0,0.0,3.0,0.0,0.0,0.0,0.0,0.0,0.0,177.0,0.0,0.0,177.0,0.0,0.0,0.0,0.0,0.0,0.0,0.0,0.0,0.0,0.0,0.0,0.0,59.0,0.0,0.0,59.0,0.0,0.0,0.0,0.0,0.0,0.0,121.0,0.0,121.0,0.0,"Dec 31, 2018"
141,1104013.0,8084.0,Dahuk,Zakho,Darkar,دركار,37.1977073109,42.8210972995,301.0,1806.0,0.0,0.0,0.0,0.0,0.0,0.0,0.0,0.0,0.0,0.0,0.0,0.0,301.0,0.0,0.0,0.0,0.0,0.0,0.0,42.0,0.0,0.0,0.0,0.0,0.0,0.0,230.0,0.0,0.0,230.0,0.0,0.0,0.0,0.0,29.0,0.0,0.0,29.0,0.0,0.0,27.0,0.0,240.0,27.0,0.0,240.0,0.0,0.0,0.0,0.0,0.0,0.0,34.0,0.0,34.0,0.0,"Dec 31, 2018"
142,1104016.0,23620.0,Dahuk,Zakho,Fishkhaboor,فيشخابور,37.0672881317,42.3768623098,57.0,342.0,0.0,0.0,0.0,0.0,0.0,0.0,0.0,0.0,0.0,0.0,0.0,0.0,57.0,0.0,0.0,0.0,0.0,0.0,0.0,10.0,0.0,11.0,0.0,0.0,11.0,0.0,2.0,0.0,0.0,2.0,0.0,0.0,0.0,0.0,34.0,0.0,0.0,34.0,0.0,0.0,0.0,0.0,57.0,0.0,0.0,57.0,0.0,0.0,0.0,0.0,0.0,0.0,0.0,0.0,0.0,0.0,"Dec 31, 2018"
143,1104019.0,25992.0,Dahuk,Zakho,Diraboon,ديربون,37.0855515317,42.4272489738,544.0,3264.0,0.0,0.0,0.0,0.0,0.0,0.0,0.0,0.0,0.0,0.0,0.0,0.0,544.0,0.0,0.0,0.0,0.0,0.0,0.0,82.0,0.0,246.0,0.0,0.0,246.0,0.0,196.0,0.0,0.0,196.0,0.0,0.0,0.0,0.0,20.0,0.0,0.0,20.0,0.0,0.0,0.0,0.0,544.0,0.0,0.0,544.0,0.0,0.0,0.0,0.0,0.0,0.0,0.0,0.0,0.0,0.0,"Dec 31, 2018"
144,1104020.0,8620.0,Dahuk,Zakho,Qarawla,قرولا,37.1235641736,42.4368353604,34.0,204.0,0.0,0.0,0.0,0.0,0.0,0.0,0.0,0.0,0.0,0.0,0.0,0.0,34.0,0.0,0.0,0.0,0.0,0.0,0.0,22.0,0.0,0.0,0.0,0.0,0.0,0.0,0.0,0.0,0.0,0.0,0.0,0.0,0.0,0.0,12.0,0.0,0.0,12.0,0.0,0.0,0.0,0.0,34.0,0.0,0.0,34.0,0.0,0.0,0.0,0.0,0.0,0.0,0.0,0.0,0.0,0.0,"Dec 31, 2018"
145,1104021.0,8711.0,Dahuk,Zakho,Rizgari,رزكاري,37.1378129881,42.5702569524,290.0,1740.0,0.0,0.0,0.0,0.0,0.0,0.0,0.0,0.0,0.0,0.0,0.0,0.0,290.0,0.0,0.0,0.0,0.0,0.0,0.0,0.0,0.0,0.0,0.0,0.0,0.0,0.0,290.0,0.0,0.0,290.0,0.0,0.0,0.0,0.0,0.0,0.0,0.0,0.0,0.0,0.0,0.0,0.0,81.0,0.0,0.0,81.0,0.0,0.0,0.0,0.0,0.0,0.0,209.0,0.0,209.0,0.0,"Dec 31, 2018"
146,1104043.0,29568.0,Dahuk,Zakho,Darkar,مخيم دركار,37.1990165584,42.8332617078,720.0,4320.0,0.0,0.0,0.0,0.0,0.0,0.0,0.0,0.0,0.0,0.0,0.0,0.0,720.0,0.0,0.0,0.0,0.0,0.0,720.0,0.0,0.0,0.0,0.0,0.0,0.0,0.0,0.0,0.0,0.0,0.0,0.0,0.0,0.0,0.0,0.0,0.0,0.0,0.0,0.0,0.0,0.0,0.0,720.0,0.0,0.0,720.0,0.0,0.0,0.0,0.0,0.0,0.0,0.0,0.0,0.0,0.0,"Dec 31, 2018"
147,1104052.0,8161.0,Dahuk,Zakho,Nafkandala,نافكندالا,37.1683859037,42.896502544,30.0,180.0,0.0,0.0,0.0,0.0,0.0,0.0,0.0,0.0,0.0,0.0,0.0,0.0,30.0,0.0,0.0,0.0,0.0,0.0,0.0,1.0,0.0,0.0,0.0,0.0,0.0,0.0,25.0,0.0,0.0,25.0,0.0,0.0,0.0,0.0,4.0,0.0,0.0,4.0,0.0,0.0,20.0,0.0,10.0,20.0,0.0,10.0,0.0,0.0,0.0,0.0,0.0,0.0,0.0,0.0,0.0,0.0,"Dec 31, 2018"
148,1104053.0,8152.0,Dahuk,Zakho,Levo,ليفو,37.1484907112,42.9264097072,71.0,426.0,0.0,0.0,0.0,0.0,0.0,0.0,0.0,0.0,0.0,0.0,0.0,0.0,71.0,0.0,0.0,0.0,0.0,0.0,0.0,0.0,0.0,0.0,0.0,0.0,0.0,0.0,57.0,0.0,0.0,57.0,0.0,0.0,0.0,0.0,14.0,0.0,0.0,14.0,0.0,0.0,18.0,0.0,53.0,18.0,0.0,53.0,0.0,0.0,0.0,0.0,0.0,0.0,0.0,0.0,0.0,0.0,"Dec 31, 2018"
149,1104054.0,8153.0,Dahuk,Zakho,Mergasor,ميركاسور,37.1317488478,42.8953891823,19.0,114.0,0.0,0.0,0.0,0.0,0.0,0.0,0.0,0.0,0.0,0.0,0.0,0.0,19.0,0.0,0.0,0.0,0.0,0.0,0.0,15.0,0.0,0.0,0.0,0.0,0.0,0.0,2.0,0.0,0.0,2.0,0.0,0.0,0.0,0.0,2.0,0.0,0.0,2.0,0.0,0.0,6.0,0.0,13.0,6.0,0.0,13.0,0.0,0.0,0.0,0.0,0.0,0.0,0.0,0.0,0.0,0.0,"Dec 31, 2018"
150,1104055.0,32024.0,Dahuk,Zakho,Ashe Chami Sector,قطاع آشي جمي,37.1490505831,42.6750710538,412.0,2472.0,0.0,0.0,0.0,0.0,0.0,0.0,0.0,0.0,1.0,0.0,0.0,0.0,404.0,0.0,7.0,0.0,0.0,0.0,0.0,10.0,0.0,0.0,0.0,0.0,0.0,0.0,387.0,0.0,0.0,387.0,0.0,0.0,0.0,0.0,15.0,0.0,0.0,15.0,0.0,0.0,221.0,0.0,131.0,221.0,0.0,131.0,0.0,0.0,0.0,0.0,0.0,0.0,60.0,0.0,60.0,0.0,"Dec 31, 2018"
151,1104056.0,32025.0,Dahuk,Zakho,Bazar Sector,قطاع بازار,37.1436654771,42.6885663128,284.0,1704.0,0.0,0.0,0.0,0.0,0.0,0.0,0.0,0.0,1.0,0.0,0.0,0.0,282.0,0.0,1.0,0.0,0.0,0.0,0.0,15.0,0.0,0.0,0.0,0.0,0.0,0.0,254.0,0.0,0.0,254.0,0.0,0.0,0.0,0.0,15.0,0.0,0.0,15.0,0.0,0.0,149.0,0.0,100.0,149.0,0.0,100.0,0.0,0.0,0.0,0.0,0.0,0.0,35.0,0.0,35.0,0.0,"Dec 31, 2018"
152,1104057.0,32026.0,Dahuk,Zakho,Betase Sector,قطاع بيتاسي,37.0598916369,42.7333027562,189.0,1134.0,1.0,0.0,0.0,0.0,0.0,0.0,0.0,0.0,0.0,0.0,0.0,0.0,188.0,0.0,0.0,0.0,0.0,0.0,0.0,15.0,0.0,0.0,0.0,0.0,0.0,1.0,159.0,1.0,0.0,159.0,0.0,0.0,0.0,0.0,14.0,0.0,0.0,14.0,1.0,0.0,77.0,1.0,65.0,77.0,0.0,65.0,0.0,0.0,0.0,0.0,0.0,0.0,46.0,0.0,46.0,0.0,"Dec 31, 2018"
153,1104058.0,32027.0,Dahuk,Zakho,Bedar Sector,قطاع بيدار,37.1466766528,42.6455225971,1268.0,7608.0,6.0,0.0,0.0,0.0,0.0,0.0,0.0,0.0,5.0,0.0,0.0,0.0,1257.0,0.0,0.0,0.0,0.0,0.0,0.0,20.0,0.0,0.0,0.0,0.0,0.0,0.0,1106.0,0.0,0.0,1106.0,0.0,0.0,0.0,0.0,142.0,0.0,0.0,142.0,6.0,0.0,272.0,6.0,300.0,272.0,0.0,300.0,0.0,0.0,0.0,0.0,0.0,0.0,690.0,0.0,690.0,0.0,"Dec 31, 2018"
154,1104059.0,32028.0,Dahuk,Zakho,Khrababka Sector,قطاع خرابابكا,37.1481758763,42.7471289573,879.0,5274.0,1.0,0.0,0.0,0.0,0.0,0.0,0.0,0.0,0.0,0.0,0.0,0.0,876.0,0.0,2.0,0.0,0.0,0.0,0.0,17.0,0.0,0.0,0.0,0.0,0.0,0.0,565.0,0.0,0.0,565.0,0.0,0.0,0.0,0.0,297.0,0.0,0.0,297.0,1.0,0.0,88.0,1.0,478.0,88.0,0.0,478.0,13.0,0.0,0.0,13.0,0.0,0.0,299.0,0.0,299.0,0.0,"Dec 31, 2018"
155,1104060.0,32029.0,Dahuk,Zakho,Rkawa Sector,قطاع ركاوا,37.1447962268,42.6852791109,193.0,1158.0,1.0,0.0,0.0,0.0,0.0,0.0,0.0,0.0,0.0,0.0,0.0,0.0,192.0,0.0,0.0,0.0,0.0,0.0,0.0,18.0,0.0,0.0,0.0,0.0,0.0,0.0,142.0,0.0,0.0,142.0,0.0,0.0,0.0,0.0,33.0,0.0,0.0,33.0,1.0,0.0,62.0,1.0,90.0,62.0,0.0,90.0,6.0,0.0,0.0,6.0,0.0,0.0,34.0,0.0,34.0,0.0,"Dec 31, 2018"
156,1104061.0,32030.0,Dahuk,Zakho,Shabaniya Sector,قطاع شعبانية,37.1483078923,42.6845735642,847.0,5082.0,1.0,0.0,0.0,0.0,0.0,0.0,0.0,0.0,0.0,0.0,0.0,0.0,846.0,0.0,0.0,0.0,0.0,0.0,0.0,24.0,0.0,0.0,0.0,0.0,0.0,0.0,793.0,0.0,0.0,793.0,0.0,0.0,0.0,0.0,30.0,0.0,0.0,30.0,1.0,0.0,266.0,1.0,393.0,266.0,0.0,393.0,0.0,0.0,0.0,0.0,0.0,0.0,187.0,0.0,187.0,0.0,"Dec 31, 2018"
157,1104062.0,32031.0,Dahuk,Zakho,Abasiya Sector,قطاع عباسية,37.1453186121,42.7077838043,1023.0,6138.0,2.0,0.0,0.0,0.0,0.0,0.0,0.0,0.0,1.0,0.0,0.0,0.0,1020.0,0.0,0.0,0.0,0.0,0.0,0.0,8.0,0.0,0.0,0.0,0.0,0.0,1.0,984.0,1.0,0.0,984.0,0.0,0.0,0.0,0.0,30.0,0.0,0.0,30.0,2.0,0.0,327.0,2.0,523.0,327.0,0.0,523.0,11.0,0.0,0.0,11.0,0.0,0.0,160.0,0.0,160.0,0.0,"Dec 31, 2018"
158,1104063.0,32032.0,Dahuk,Zakho,Firqa Sector,قطاع فرقة,37.1579971223,42.708881148,925.0,5550.0,2.0,0.0,0.0,0.0,0.0,0.0,0.0,0.0,0.0,0.0,0.0,0.0,922.0,0.0,1.0,0.0,0.0,0.0,0.0,10.0,0.0,0.0,0.0,0.0,0.0,0.0,750.0,0.0,0.0,750.0,0.0,0.0,0.0,0.0,165.0,0.0,0.0,165.0,2.0,0.0,215.0,2.0,493.0,215.0,0.0,493.0,5.0,0.0,0.0,5.0,0.0,0.0,210.0,0.0,210.0,0.0,"Dec 31, 2018"
159,1104064.0,32033.0,Dahuk,Zakho,Kochka Honari,قطاع كوجكا هوناري,37.167043054,42.687572453,933.0,5598.0,1.0,0.0,0.0,0.0,0.0,0.0,0.0,0.0,0.0,0.0,0.0,0.0,928.0,0.0,4.0,0.0,0.0,0.0,0.0,30.0,0.0,0.0,0.0,0.0,0.0,0.0,865.0,0.0,0.0,865.0,0.0,0.0,0.0,0.0,38.0,0.0,0.0,38.0,1.0,0.0,257.0,1.0,431.0,257.0,0.0,431.0,0.0,0.0,0.0,0.0,0.0,0.0,244.0,0.0,244.0,0.0,"Dec 31, 2018"
160,1104069.0,8718.0,Dahuk,Zakho,Gofk,كوفك,37.1096664932,43.0578921663,22.0,132.0,0.0,0.0,0.0,0.0,0.0,0.0,0.0,0.0,0.0,0.0,0.0,0.0,22.0,0.0,0.0,0.0,0.0,0.0,0.0,0.0,0.0,0.0,0.0,0.0,0.0,0.0,1.0,0.0,0.0,1.0,0.0,0.0,0.0,0.0,21.0,0.0,0.0,21.0,0.0,0.0,8.0,0.0,14.0,8.0,0.0,14.0,0.0,0.0,0.0,0.0,0.0,0.0,0.0,0.0,0.0,0.0,"Dec 31, 2018"
161,1104070.0,8722.0,Dahuk,Zakho,Spindarook,سبينداروك,37.1071972687,42.9235391157,18.0,108.0,0.0,0.0,0.0,0.0,0.0,0.0,0.0,0.0,0.0,0.0,0.0,0.0,18.0,0.0,0.0,0.0,0.0,0.0,0.0,0.0,0.0,0.0,0.0,0.0,0.0,0.0,0.0,0.0,0.0,0.0,0.0,0.0,0.0,0.0,18.0,0.0,0.0,18.0,0.0,0.0,1.0,0.0,17.0,1.0,0.0,17.0,0.0,0.0,0.0,0.0,0.0,0.0,0.0,0.0,0.0,0.0,"Dec 31, 2018"
162,1104071.0,8156.0,Dahuk,Zakho,Hizawa,هيزاوا,37.1804462028,42.8093468291,178.0,1068.0,0.0,0.0,0.0,0.0,0.0,0.0,0.0,0.0,0.0,0.0,0.0,0.0,178.0,0.0,0.0,0.0,0.0,0.0,0.0,31.0,0.0,0.0,0.0,0.0,0.0,0.0,130.0,0.0,0.0,130.0,0.0,0.0,0.0,0.0,17.0,0.0,0.0,17.0,0.0,0.0,20.0,0.0,158.0,20.0,0.0,158.0,0.0,0.0,0.0,0.0,0.0,0.0,0.0,0.0,0.0,0.0,"Dec 31, 2018"
163,1104072.0,8212.0,Dahuk,Zakho,Bersive,بيرسفي,37.1900080837,42.8563234981,67.0,402.0,0.0,0.0,0.0,0.0,0.0,0.0,0.0,0.0,0.0,0.0,0.0,0.0,67.0,0.0,0.0,0.0,0.0,0.0,0.0,10.0,0.0,0.0,0.0,0.0,0.0,0.0,53.0,0.0,0.0,53.0,0.0,0.0,0.0,0.0,4.0,0.0,0.0,4.0,0.0,0.0,36.0,0.0,31.0,36.0,0.0,31.0,0.0,0.0,0.0,0.0,0.0,0.0,0.0,0.0,0.0,0.0,"Dec 31, 2018"
164,1104073.0,33580.0,Dahuk,Zakho,Grksindi,كركسندي,37.1809500848,42.7852889305,31.0,186.0,0.0,0.0,0.0,0.0,0.0,0.0,0.0,0.0,0.0,0.0,0.0,0.0,31.0,0.0,0.0,0.0,0.0,0.0,0.0,2.0,0.0,0.0,0.0,0.0,0.0,0.0,27.0,0.0,0.0,27.0,0.0,0.0,0.0,0.0,2.0,0.0,0.0,2.0,0.0,0.0,14.0,0.0,17.0,14.0,0.0,17.0,0.0,0.0,0.0,0.0,0.0,0.0,0.0,0.0,0.0,0.0,"Dec 31, 2018"
165,1104074.0,8220.0,Dahuk,Zakho,Darhozan,دارهوزان,37.1713421379,42.7510071118,10.0,60.0,0.0,0.0,0.0,0.0,0.0,0.0,0.0,0.0,0.0,0.0,0.0,0.0,10.0,0.0,0.0,0.0,0.0,0.0,0.0,10.0,0.0,0.0,0.0,0.0,0.0,0.0,0.0,0.0,0.0,0.0,0.0,0.0,0.0,0.0,0.0,0.0,0.0,0.0,0.0,0.0,0.0,0.0,10.0,0.0,0.0,10.0,0.0,0.0,0.0,0.0,0.0,0.0,0.0,0.0,0.0,0.0,"Dec 31, 2018"
166,1104075.0,33579.0,Dahuk,Zakho,Bajika,باجيكا,37.1371955181,42.5447365038,265.0,1590.0,0.0,0.0,0.0,0.0,0.0,0.0,0.0,0.0,0.0,0.0,0.0,0.0,265.0,0.0,0.0,0.0,0.0,0.0,0.0,35.0,0.0,0.0,0.0,0.0,0.0,0.0,105.0,0.0,0.0,105.0,0.0,0.0,0.0,0.0,125.0,0.0,0.0,125.0,0.0,0.0,6.0,0.0,139.0,6.0,0.0,139.0,0.0,0.0,0.0,0.0,0.0,0.0,120.0,0.0,120.0,0.0,"Dec 31, 2018"
167,1104076.0,8328.0,Dahuk,Zakho,Shinava,شينافا,37.1253431304,42.5068035221,39.0,234.0,0.0,0.0,0.0,0.0,0.0,0.0,0.0,0.0,0.0,0.0,0.0,0.0,39.0,0.0,0.0,0.0,0.0,0.0,0.0,2.0,0.0,0.0,0.0,0.0,0.0,0.0,37.0,0.0,0.0,37.0,0.0,0.0,0.0,0.0,0.0,0.0,0.0,0.0,0.0,0.0,0.0,0.0,7.0,0.0,0.0,7.0,0.0,0.0,0.0,0.0,0.0,0.0,32.0,0.0,32.0,0.0,"Dec 31, 2018"
168,1104077.0,33581.0,Dahuk,Zakho,Bakorman,باكورمان,37.1384117088,42.5973556435,16.0,96.0,0.0,0.0,0.0,0.0,0.0,0.0,0.0,0.0,0.0,0.0,0.0,0.0,16.0,0.0,0.0,0.0,0.0,0.0,0.0,0.0,0.0,0.0,0.0,0.0,0.0,0.0,16.0,0.0,0.0,16.0,0.0,0.0,0.0,0.0,0.0,0.0,0.0,0.0,0.0,0.0,0.0,0.0,9.0,0.0,0.0,9.0,0.0,0.0,0.0,0.0,0.0,0.0,7.0,0.0,7.0,0.0,"Dec 31, 2018"
169,1104078.0,33582.0,Dahuk,Zakho,Tiyan,تيان,37.1162288313,42.4719500056,5.0,30.0,0.0,0.0,0.0,0.0,0.0,0.0,0.0,0.0,0.0,0.0,0.0,0.0,5.0,0.0,0.0,0.0,0.0,0.0,0.0,0.0,0.0,0.0,0.0,0.0,0.0,0.0,0.0,0.0,0.0,0.0,0.0,0.0,0.0,0.0,5.0,0.0,0.0,5.0,0.0,0.0,0.0,0.0,3.0,0.0,0.0,3.0,0.0,0.0,0.0,0.0,0.0,0.0,2.0,0.0,2.0,0.0,"Dec 31, 2018"
170,1202001.0,21582.0,Erbil,Erbil,11 Athar,11 اذار,36.2069858312,44.1438685,55.0,330.0,15.0,0.0,0.0,0.0,0.0,0.0,0.0,0.0,0.0,0.0,0.0,0.0,40.0,0.0,0.0,0.0,0.0,0.0,0.0,0.0,0.0,0.0,0.0,0.0,0.0,0.0,55.0,0.0,0.0,55.0,0.0,0.0,0.0,0.0,0.0,0.0,0.0,0.0,10.0,0.0,30.0,10.0,0.0,30.0,0.0,0.0,5.0,0.0,0.0,5.0,10.0,0.0,0.0,10.0,0.0,0.0,"Dec 31, 2018"
171,1202003.0,20980.0,Erbil,Erbil,Ainkawa(108),108 عنكاوة,36.24349834,43.983621,316.0,1896.0,20.0,0.0,10.0,0.0,0.0,0.0,0.0,0.0,0.0,0.0,0.0,0.0,256.0,0.0,30.0,0.0,0.0,0.0,0.0,0.0,0.0,0.0,0.0,0.0,0.0,0.0,316.0,0.0,0.0,316.0,0.0,0.0,0.0,0.0,0.0,0.0,0.0,0.0,15.0,0.0,88.0,15.0,86.0,88.0,6.0,86.0,18.0,6.0,5.0,18.0,95.0,5.0,3.0,95.0,3.0,0.0,"Dec 31, 2018"
172,1202004.0,21874.0,Erbil,Erbil,Al Eskan,الاسكان,36.17273842,44.02214306,490.0,2940.0,200.0,0.0,20.0,0.0,0.0,0.0,0.0,0.0,0.0,0.0,0.0,0.0,245.0,0.0,25.0,0.0,0.0,0.0,0.0,0.0,0.0,0.0,0.0,0.0,0.0,0.0,490.0,0.0,0.0,490.0,0.0,0.0,0.0,0.0,0.0,0.0,0.0,0.0,4.0,0.0,15.0,4.0,36.0,15.0,15.0,36.0,177.0,15.0,15.0,177.0,228.0,15.0,0.0,228.0,0.0,0.0,"Dec 31, 2018"
173,1202006.0,13685.0,Erbil,Erbil,Andazyaran,ئه ندازياران,36.2005896,44.1217624,240.0,1440.0,201.0,0.0,0.0,0.0,0.0,0.0,0.0,0.0,0.0,0.0,0.0,0.0,17.0,0.0,22.0,0.0,0.0,0.0,0.0,0.0,0.0,0.0,0.0,0.0,0.0,0.0,240.0,0.0,0.0,240.0,0.0,0.0,0.0,0.0,0.0,0.0,0.0,0.0,185.0,0.0,0.0,185.0,25.0,0.0,0.0,25.0,2.0,0.0,0.0,2.0,18.0,0.0,10.0,18.0,10.0,0.0,"Dec 31, 2018"
174,1202007.0,24664.0,Erbil,Erbil,Andazyaran Complex,مجمع اندزياران السكني,36.20174493,44.11764544,150.0,900.0,27.0,0.0,0.0,0.0,0.0,0.0,0.0,0.0,0.0,0.0,0.0,0.0,123.0,0.0,0.0,0.0,0.0,0.0,0.0,0.0,0.0,0.0,0.0,0.0,0.0,0.0,150.0,0.0,0.0,150.0,0.0,0.0,0.0,0.0,0.0,0.0,0.0,0.0,20.0,0.0,94.0,20.0,20.0,94.0,0.0,20.0,6.0,0.0,0.0,6.0,0.0,0.0,10.0,0.0,10.0,0.0,"Dec 31, 2018"
175,1202008.0,13687.0,Erbil,Erbil,Ashty,اشتي,36.1742435,44.1225785,300.0,1800.0,123.0,0.0,0.0,0.0,0.0,0.0,0.0,0.0,12.0,0.0,0.0,0.0,155.0,0.0,10.0,0.0,0.0,0.0,0.0,0.0,0.0,0.0,0.0,0.0,0.0,0.0,300.0,0.0,0.0,300.0,0.0,0.0,0.0,0.0,0.0,0.0,0.0,0.0,99.0,0.0,122.0,99.0,30.0,122.0,0.0,30.0,14.0,0.0,0.0,14.0,15.0,0.0,20.0,15.0,20.0,0.0,"Dec 31, 2018"
176,1202009.0,25472.0,Erbil,Erbil,Aynda,آينده,36.2034907,44.126255,135.0,810.0,77.0,0.0,0.0,0.0,0.0,0.0,0.0,0.0,0.0,0.0,0.0,0.0,48.0,0.0,10.0,0.0,0.0,0.0,0.0,0.0,0.0,0.0,0.0,0.0,0.0,0.0,135.0,0.0,0.0,135.0,0.0,0.0,0.0,0.0,0.0,0.0,0.0,0.0,23.0,0.0,27.0,23.0,7.0,27.0,3.0,7.0,54.0,3.0,0.0,54.0,21.0,0.0,0.0,21.0,0.0,0.0,"Dec 31, 2018"
177,1202010.0,12370.0,Erbil,Erbil,Bahrka center,مركز بحركة,36.314392,44.0318795,506.0,3036.0,58.0,0.0,8.0,0.0,0.0,0.0,0.0,0.0,18.0,0.0,0.0,0.0,398.0,0.0,24.0,0.0,0.0,0.0,0.0,5.0,0.0,0.0,0.0,0.0,0.0,0.0,501.0,0.0,0.0,501.0,0.0,0.0,0.0,0.0,0.0,0.0,0.0,0.0,23.0,0.0,368.0,23.0,30.0,368.0,5.0,30.0,40.0,5.0,4.0,40.0,11.0,4.0,25.0,11.0,25.0,0.0,"Dec 31, 2018"
178,1202011.0,13230.0,Erbil,Erbil,Baharka,مخيم بحركه,36.2947009,43.9901153,913.0,5478.0,16.0,0.0,2.0,0.0,0.0,0.0,1.0,0.0,2.0,0.0,0.0,0.0,832.0,0.0,60.0,0.0,0.0,0.0,913.0,0.0,0.0,0.0,0.0,0.0,0.0,0.0,0.0,0.0,0.0,0.0,0.0,0.0,0.0,0.0,0.0,0.0,0.0,0.0,10.0,0.0,283.0,10.0,114.0,283.0,2.0,114.0,6.0,2.0,1.0,6.0,495.0,1.0,2.0,495.0,2.0,0.0,"Dec 31, 2018"
179,1202013.0,25974.0,Erbil,Erbil,perdawood,بيرداود,36.022481268,43.9239759,200.0,1200.0,21.0,0.0,0.0,0.0,0.0,0.0,0.0,0.0,0.0,0.0,0.0,0.0,152.0,0.0,27.0,0.0,0.0,0.0,0.0,0.0,0.0,0.0,0.0,0.0,0.0,0.0,200.0,0.0,0.0,200.0,0.0,0.0,0.0,0.0,0.0,0.0,0.0,0.0,0.0,0.0,168.0,0.0,0.0,168.0,0.0,0.0,11.0,0.0,0.0,11.0,11.0,0.0,10.0,11.0,10.0,0.0,"Dec 31, 2018"
180,1202014.0,25471.0,Erbil,Erbil,Byaban,بيابان,36.209834,44.115016,170.0,1020.0,58.0,0.0,0.0,0.0,0.0,0.0,0.0,0.0,35.0,0.0,0.0,0.0,60.0,0.0,17.0,0.0,0.0,0.0,0.0,0.0,0.0,0.0,0.0,0.0,0.0,0.0,170.0,0.0,0.0,170.0,0.0,0.0,0.0,0.0,0.0,0.0,0.0,0.0,48.0,0.0,47.0,48.0,20.0,47.0,0.0,20.0,10.0,0.0,0.0,10.0,10.0,0.0,35.0,10.0,35.0,0.0,"Dec 31, 2018"
181,1202016.0,25726.0,Erbil,Erbil,Chwarchra-Banslawa,جوارجرا-بنصلاوة,36.155136,44.1032917291,370.0,2220.0,55.0,0.0,0.0,0.0,0.0,0.0,0.0,0.0,220.0,0.0,0.0,0.0,60.0,0.0,35.0,0.0,0.0,0.0,0.0,10.0,0.0,0.0,0.0,0.0,0.0,0.0,360.0,0.0,0.0,360.0,0.0,0.0,0.0,0.0,0.0,0.0,0.0,0.0,45.0,0.0,53.0,45.0,0.0,53.0,0.0,0.0,10.0,0.0,0.0,10.0,42.0,0.0,220.0,42.0,220.0,0.0,"Dec 31, 2018"
182,1202018.0,21669.0,Erbil,Erbil,Dartu Nwee,داره تو نوي,36.1151091,44.0799536641,355.0,2130.0,115.0,0.0,0.0,0.0,0.0,0.0,0.0,0.0,25.0,0.0,0.0,0.0,97.0,0.0,118.0,0.0,0.0,0.0,0.0,15.0,0.0,0.0,0.0,0.0,0.0,0.0,340.0,0.0,0.0,340.0,0.0,0.0,0.0,0.0,0.0,0.0,0.0,0.0,20.0,0.0,140.0,20.0,18.0,140.0,0.0,18.0,95.0,0.0,0.0,95.0,57.0,0.0,25.0,57.0,25.0,0.0,"Dec 31, 2018"
183,1202020.0,25732.0,Erbil,Erbil,Al-Shurtta Qr,حي الشرطة,36.2114633246,44.0405917603,106.0,636.0,39.0,0.0,0.0,0.0,0.0,0.0,0.0,0.0,0.0,0.0,0.0,0.0,0.0,0.0,67.0,0.0,0.0,0.0,0.0,0.0,0.0,0.0,0.0,0.0,0.0,0.0,106.0,0.0,0.0,106.0,0.0,0.0,0.0,0.0,0.0,0.0,0.0,0.0,0.0,0.0,67.0,0.0,0.0,67.0,0.0,0.0,39.0,0.0,0.0,39.0,0.0,0.0,0.0,0.0,0.0,0.0,"Dec 31, 2018"
184,1202021.0,25731.0,Erbil,Erbil,Al-Ziraa Qr,حي الزراعة,36.1667063526,44.0374188176,60.0,360.0,19.0,0.0,9.0,0.0,0.0,0.0,0.0,0.0,0.0,0.0,0.0,0.0,25.0,0.0,7.0,0.0,0.0,0.0,0.0,0.0,0.0,0.0,0.0,0.0,0.0,0.0,60.0,0.0,0.0,60.0,0.0,0.0,0.0,0.0,0.0,0.0,0.0,0.0,0.0,0.0,25.0,0.0,6.0,25.0,9.0,6.0,14.0,9.0,0.0,14.0,1.0,0.0,5.0,1.0,5.0,0.0,"Dec 31, 2018"
185,1202023.0,24909.0,Erbil,Erbil,Gazna,كزنه,36.2795931892,43.9344967279,168.0,1008.0,20.0,0.0,0.0,0.0,0.0,0.0,0.0,0.0,13.0,0.0,0.0,0.0,128.0,0.0,7.0,0.0,0.0,0.0,0.0,0.0,0.0,0.0,0.0,0.0,0.0,0.0,168.0,0.0,0.0,168.0,0.0,0.0,0.0,0.0,0.0,0.0,0.0,0.0,4.0,0.0,124.0,4.0,0.0,124.0,0.0,0.0,16.0,0.0,0.0,16.0,11.0,0.0,13.0,11.0,13.0,0.0,"Dec 31, 2018"
186,1202024.0,24419.0,Erbil,Erbil,Ganjan,كنجان,36.2888225282,44.0348909999,330.0,1980.0,55.0,0.0,0.0,0.0,0.0,0.0,0.0,0.0,0.0,0.0,0.0,0.0,187.0,0.0,88.0,0.0,0.0,0.0,0.0,0.0,0.0,0.0,0.0,0.0,0.0,0.0,330.0,0.0,0.0,330.0,0.0,0.0,0.0,0.0,0.0,0.0,0.0,0.0,20.0,0.0,188.0,20.0,85.0,188.0,0.0,85.0,22.0,0.0,13.0,22.0,2.0,13.0,0.0,2.0,0.0,0.0,"Dec 31, 2018"
187,1202025.0,25973.0,Erbil,Erbil,Harem,هريم,36.119372256,44.0630427,150.0,900.0,65.0,0.0,0.0,0.0,0.0,0.0,0.0,0.0,20.0,0.0,0.0,0.0,50.0,0.0,15.0,0.0,0.0,0.0,0.0,15.0,0.0,0.0,0.0,0.0,0.0,0.0,135.0,0.0,0.0,135.0,0.0,0.0,0.0,0.0,0.0,0.0,0.0,0.0,10.0,0.0,40.0,10.0,0.0,40.0,0.0,0.0,55.0,0.0,0.0,55.0,25.0,0.0,20.0,25.0,20.0,0.0,"Dec 31, 2018"
188,1202026.0,24608.0,Erbil,Erbil,Harsham 1,هرشم 1,36.25869333,43.99399142,72.0,432.0,0.0,0.0,0.0,0.0,0.0,0.0,0.0,0.0,0.0,0.0,0.0,0.0,72.0,0.0,0.0,0.0,0.0,0.0,0.0,0.0,0.0,0.0,0.0,0.0,0.0,0.0,72.0,0.0,0.0,72.0,0.0,0.0,0.0,0.0,0.0,0.0,0.0,0.0,0.0,0.0,0.0,0.0,58.0,0.0,0.0,58.0,0.0,0.0,0.0,0.0,12.0,0.0,2.0,12.0,2.0,0.0,"Dec 31, 2018"
189,1202027.0,24417.0,Erbil,Erbil,Harsham 2,هرشم 2,36.30229,44.03502,330.0,1980.0,190.0,0.0,15.0,0.0,0.0,0.0,0.0,0.0,0.0,0.0,0.0,0.0,75.0,0.0,50.0,0.0,0.0,0.0,0.0,0.0,0.0,0.0,0.0,0.0,0.0,0.0,330.0,0.0,0.0,330.0,0.0,0.0,0.0,0.0,0.0,0.0,0.0,0.0,130.0,0.0,50.0,130.0,40.0,50.0,15.0,40.0,55.0,15.0,10.0,55.0,15.0,10.0,15.0,15.0,15.0,0.0,"Dec 31, 2018"
190,1202028.0,24418.0,Erbil,Erbil,Harsham 3,هرشم 3,36.2936859,44.0203819,164.0,984.0,73.0,0.0,35.0,0.0,0.0,0.0,0.0,0.0,0.0,0.0,0.0,0.0,29.0,0.0,27.0,0.0,0.0,0.0,0.0,0.0,0.0,0.0,0.0,0.0,0.0,0.0,164.0,0.0,0.0,164.0,0.0,0.0,0.0,0.0,0.0,0.0,0.0,0.0,30.0,0.0,27.0,30.0,9.0,27.0,35.0,9.0,43.0,35.0,0.0,43.0,20.0,0.0,0.0,20.0,0.0,0.0,"Dec 31, 2018"
191,1202029.0,24606.0,Erbil,Erbil,Harshm,مخيم هرشم,36.2562479,43.9953875,303.0,1818.0,0.0,0.0,0.0,0.0,0.0,2.0,0.0,0.0,0.0,0.0,0.0,0.0,300.0,0.0,1.0,0.0,0.0,0.0,303.0,0.0,0.0,0.0,0.0,0.0,0.0,0.0,0.0,0.0,0.0,0.0,0.0,0.0,0.0,0.0,0.0,0.0,0.0,0.0,0.0,0.0,5.0,0.0,298.0,5.0,0.0,298.0,0.0,0.0,0.0,0.0,0.0,0.0,0.0,0.0,0.0,0.0,"Dec 31, 2018"
192,1202030.0,20790.0,Erbil,Erbil,Havalan,هفالان,36.1898498,44.0489734744,275.0,1650.0,195.0,0.0,0.0,0.0,0.0,0.0,0.0,0.0,5.0,0.0,0.0,0.0,55.0,0.0,20.0,0.0,0.0,0.0,0.0,0.0,0.0,0.0,0.0,0.0,0.0,0.0,275.0,0.0,0.0,275.0,0.0,0.0,0.0,0.0,0.0,0.0,0.0,0.0,133.0,0.0,66.0,133.0,0.0,66.0,0.0,0.0,42.0,0.0,4.0,42.0,10.0,4.0,20.0,10.0,20.0,0.0,"Dec 31, 2018"
193,1202031.0,25473.0,Erbil,Erbil,Hawler city,هولير ستي,36.1840284,44.1229225,70.0,420.0,30.0,0.0,0.0,0.0,0.0,0.0,0.0,0.0,0.0,0.0,0.0,0.0,40.0,0.0,0.0,0.0,0.0,0.0,0.0,0.0,0.0,0.0,0.0,0.0,0.0,0.0,70.0,0.0,0.0,70.0,0.0,0.0,0.0,0.0,0.0,0.0,0.0,0.0,10.0,0.0,15.0,10.0,15.0,15.0,0.0,15.0,20.0,0.0,0.0,20.0,10.0,0.0,0.0,10.0,0.0,0.0,"Dec 31, 2018"
194,1202032.0,13668.0,Erbil,Erbil,Hay Askary,حي عسكري,36.1725082,43.9734006,1150.0,6900.0,600.0,0.0,0.0,0.0,0.0,0.0,150.0,0.0,0.0,0.0,0.0,0.0,400.0,0.0,0.0,0.0,0.0,0.0,0.0,75.0,0.0,0.0,0.0,0.0,0.0,0.0,1075.0,0.0,0.0,1075.0,0.0,0.0,0.0,0.0,0.0,0.0,0.0,0.0,400.0,0.0,322.0,400.0,0.0,322.0,0.0,0.0,220.0,0.0,58.0,220.0,0.0,58.0,150.0,0.0,150.0,0.0,"Dec 31, 2018"
195,1202033.0,25470.0,Erbil,Erbil,Heran City,هيران ستي,36.1691321,44.1246584,160.0,960.0,45.0,0.0,0.0,0.0,0.0,0.0,0.0,0.0,0.0,0.0,0.0,0.0,100.0,0.0,15.0,0.0,0.0,0.0,0.0,0.0,0.0,0.0,0.0,0.0,0.0,0.0,160.0,0.0,0.0,160.0,0.0,0.0,0.0,0.0,0.0,0.0,0.0,0.0,30.0,0.0,25.0,30.0,20.0,25.0,0.0,20.0,10.0,0.0,0.0,10.0,70.0,0.0,5.0,70.0,5.0,0.0,"Dec 31, 2018"
196,1202034.0,25727.0,Erbil,Erbil,Kani Qarzhala,كاني قرشالة,36.2067298,43.8592122,172.0,1032.0,13.0,0.0,0.0,0.0,0.0,0.0,0.0,0.0,0.0,0.0,0.0,0.0,159.0,0.0,0.0,0.0,0.0,0.0,0.0,0.0,0.0,0.0,0.0,0.0,0.0,0.0,172.0,0.0,0.0,172.0,0.0,0.0,0.0,0.0,0.0,0.0,0.0,0.0,6.0,0.0,126.0,6.0,23.0,126.0,0.0,23.0,4.0,0.0,0.0,4.0,10.0,0.0,3.0,10.0,3.0,0.0,"Dec 31, 2018"
197,1202035.0,25840.0,Erbil,Erbil,Kasnazan-1 Shubat,كسنزان-ا شباط,36.208085,44.1509693,15.0,90.0,13.0,0.0,0.0,0.0,0.0,0.0,0.0,0.0,0.0,0.0,0.0,0.0,2.0,0.0,0.0,0.0,0.0,0.0,0.0,0.0,0.0,0.0,0.0,0.0,0.0,0.0,15.0,0.0,0.0,15.0,0.0,0.0,0.0,0.0,0.0,0.0,0.0,0.0,0.0,0.0,0.0,0.0,5.0,0.0,0.0,5.0,7.0,0.0,0.0,7.0,0.0,0.0,3.0,0.0,3.0,0.0,"Dec 31, 2018"
198,1202036.0,25630.0,Erbil,Erbil,Kawa Collective,مجمع كاوه,35.9790143,44.0373527,377.0,2262.0,278.0,0.0,0.0,0.0,0.0,0.0,0.0,0.0,0.0,0.0,0.0,0.0,85.0,0.0,14.0,0.0,0.0,0.0,0.0,0.0,0.0,0.0,0.0,0.0,0.0,0.0,377.0,0.0,0.0,377.0,0.0,0.0,0.0,0.0,0.0,0.0,0.0,0.0,0.0,0.0,24.0,0.0,0.0,24.0,0.0,0.0,268.0,0.0,0.0,268.0,75.0,0.0,10.0,75.0,10.0,0.0,"Dec 31, 2018"
199,1202038.0,25729.0,Erbil,Erbil,Darashakran,داره شكران,36.4044152,43.9964362,20.0,120.0,0.0,0.0,0.0,0.0,0.0,0.0,0.0,0.0,0.0,0.0,0.0,0.0,20.0,0.0,0.0,0.0,0.0,0.0,0.0,0.0,0.0,0.0,0.0,0.0,0.0,0.0,20.0,0.0,0.0,20.0,0.0,0.0,0.0,0.0,0.0,0.0,0.0,0.0,0.0,0.0,0.0,0.0,20.0,0.0,0.0,20.0,0.0,0.0,0.0,0.0,0.0,0.0,0.0,0.0,0.0,0.0,"Dec 31, 2018"
200,1202039.0,13472.0,Erbil,Erbil,Kawergosk,كوركوسك,36.3479462,43.8055085,200.0,1200.0,0.0,0.0,6.0,0.0,0.0,0.0,0.0,0.0,10.0,0.0,0.0,0.0,64.0,0.0,120.0,0.0,0.0,0.0,0.0,0.0,0.0,0.0,0.0,0.0,0.0,0.0,200.0,0.0,0.0,200.0,0.0,0.0,0.0,0.0,0.0,0.0,0.0,0.0,0.0,0.0,170.0,0.0,14.0,170.0,6.0,14.0,0.0,6.0,0.0,0.0,0.0,0.0,10.0,0.0,10.0,0.0,"Dec 31, 2018"
201,1202040.0,12821.0,Erbil,Erbil,Khabat,خبات,36.2768827,43.6727879,3670.0,22020.0,1073.0,0.0,27.0,0.0,0.0,0.0,0.0,0.0,30.0,0.0,0.0,0.0,2540.0,0.0,0.0,0.0,0.0,0.0,0.0,10.0,0.0,0.0,0.0,0.0,0.0,0.0,3660.0,0.0,0.0,3660.0,0.0,0.0,0.0,0.0,0.0,0.0,0.0,0.0,484.0,0.0,1773.0,484.0,490.0,1773.0,27.0,490.0,570.0,27.0,5.0,570.0,285.0,5.0,36.0,285.0,36.0,0.0,"Dec 31, 2018"
202,1202041.0,23908.0,Erbil,Erbil,Al Qala(Hay khanaqa),القلعه(حي خانقا),36.192393,44.0154977,50.0,300.0,21.0,0.0,0.0,0.0,0.0,0.0,0.0,0.0,0.0,0.0,0.0,0.0,25.0,0.0,4.0,0.0,0.0,0.0,0.0,0.0,15.0,0.0,0.0,0.0,0.0,0.0,35.0,0.0,0.0,35.0,0.0,0.0,0.0,0.0,0.0,0.0,0.0,0.0,5.0,0.0,13.0,5.0,0.0,13.0,0.0,0.0,16.0,0.0,0.0,16.0,16.0,0.0,0.0,16.0,0.0,0.0,"Dec 31, 2018"
203,1202042.0,21549.0,Erbil,Erbil,Khoragr,خوراكر,36.2060292,44.1358426,90.0,540.0,55.0,0.0,0.0,0.0,0.0,0.0,0.0,0.0,0.0,0.0,0.0,0.0,20.0,0.0,15.0,0.0,0.0,0.0,0.0,0.0,0.0,0.0,0.0,0.0,0.0,0.0,90.0,0.0,0.0,90.0,0.0,0.0,0.0,0.0,0.0,0.0,0.0,0.0,40.0,0.0,25.0,40.0,0.0,25.0,0.0,0.0,15.0,0.0,0.0,15.0,10.0,0.0,0.0,10.0,0.0,0.0,"Dec 31, 2018"
204,1202043.0,21671.0,Erbil,Erbil,Kurd Stan,كوردستان,36.1235817,44.0512551,145.0,870.0,88.0,0.0,0.0,0.0,0.0,0.0,0.0,0.0,15.0,0.0,0.0,0.0,42.0,0.0,0.0,0.0,0.0,0.0,0.0,10.0,0.0,0.0,0.0,0.0,0.0,0.0,135.0,0.0,0.0,135.0,0.0,0.0,0.0,0.0,0.0,0.0,0.0,0.0,62.0,0.0,15.0,62.0,21.0,15.0,0.0,21.0,26.0,0.0,0.0,26.0,6.0,0.0,15.0,6.0,15.0,0.0,"Dec 31, 2018"
205,1202044.0,23931.0,Erbil,Erbil,Lawan city,لاوان ستي,36.1888856,44.1239667,100.0,600.0,25.0,0.0,0.0,0.0,0.0,0.0,0.0,0.0,0.0,0.0,0.0,0.0,70.0,0.0,5.0,0.0,0.0,0.0,0.0,0.0,0.0,0.0,0.0,0.0,0.0,0.0,100.0,0.0,0.0,100.0,0.0,0.0,0.0,0.0,0.0,0.0,0.0,0.0,10.0,0.0,20.0,10.0,5.0,20.0,0.0,5.0,5.0,0.0,0.0,5.0,50.0,0.0,10.0,50.0,10.0,0.0,"Dec 31, 2018"
206,1202045.0,12825.0,Erbil,Erbil,Mala Omar,ملا عمر,36.2994883,44.1369149,165.0,990.0,40.0,0.0,0.0,0.0,0.0,0.0,0.0,0.0,0.0,0.0,0.0,0.0,75.0,0.0,50.0,0.0,0.0,0.0,0.0,0.0,0.0,0.0,0.0,0.0,0.0,0.0,165.0,0.0,0.0,165.0,0.0,0.0,0.0,0.0,0.0,0.0,0.0,0.0,7.0,0.0,55.0,7.0,17.0,55.0,0.0,17.0,15.0,0.0,5.0,15.0,50.0,5.0,16.0,50.0,16.0,0.0,"Dec 31, 2018"
207,1202046.0,21247.0,Erbil,Erbil,Mamostayan,ماموستايان,36.1508071372,44.036978,330.0,1980.0,155.0,0.0,0.0,0.0,0.0,0.0,0.0,0.0,0.0,0.0,0.0,0.0,90.0,0.0,85.0,0.0,0.0,0.0,0.0,0.0,0.0,0.0,0.0,0.0,0.0,0.0,330.0,0.0,0.0,330.0,0.0,0.0,0.0,0.0,0.0,0.0,0.0,0.0,90.0,0.0,155.0,90.0,0.0,155.0,0.0,0.0,55.0,0.0,0.0,55.0,20.0,0.0,10.0,20.0,10.0,0.0,"Dec 31, 2018"
208,1202047.0,12826.0,Erbil,Erbil,Mamzawa,مامزاوه,36.11909237,43.963592,1500.0,9000.0,601.0,0.0,0.0,0.0,0.0,0.0,0.0,0.0,0.0,0.0,0.0,0.0,792.0,0.0,107.0,0.0,0.0,0.0,0.0,0.0,0.0,0.0,0.0,0.0,0.0,0.0,1500.0,0.0,0.0,1500.0,0.0,0.0,0.0,0.0,0.0,0.0,0.0,0.0,205.0,0.0,792.0,205.0,107.0,792.0,0.0,107.0,219.0,0.0,75.0,219.0,30.0,75.0,72.0,30.0,72.0,0.0,"Dec 31, 2018"
209,1202048.0,20986.0,Erbil,Erbil,Martshmony,مارت شموني,36.23531925,43.9874456,224.0,1344.0,53.0,0.0,0.0,0.0,0.0,0.0,0.0,0.0,0.0,0.0,0.0,0.0,171.0,0.0,0.0,0.0,0.0,0.0,0.0,0.0,0.0,0.0,0.0,0.0,0.0,0.0,224.0,0.0,0.0,224.0,0.0,0.0,0.0,0.0,0.0,0.0,0.0,0.0,16.0,0.0,159.0,16.0,9.0,159.0,0.0,9.0,30.0,0.0,0.0,30.0,10.0,0.0,0.0,10.0,0.0,0.0,"Dec 31, 2018"
210,1202049.0,23766.0,Erbil,Erbil,Mustawfi,مستوفي,36.1956404,44.01088,175.0,1050.0,136.0,0.0,0.0,0.0,0.0,0.0,0.0,0.0,0.0,0.0,0.0,0.0,22.0,0.0,17.0,0.0,0.0,0.0,0.0,0.0,0.0,0.0,0.0,0.0,0.0,0.0,175.0,0.0,0.0,175.0,0.0,0.0,0.0,0.0,0.0,0.0,0.0,0.0,95.0,0.0,30.0,95.0,0.0,30.0,0.0,0.0,33.0,0.0,5.0,33.0,12.0,5.0,0.0,12.0,0.0,0.0,"Dec 31, 2018"
211,1202050.0,22825.0,Erbil,Erbil,Nawroz-Banslawa,نوروز-بنصلاوة,36.1547614,44.1213228,283.0,1698.0,25.0,0.0,0.0,0.0,0.0,0.0,0.0,0.0,200.0,0.0,0.0,0.0,45.0,0.0,13.0,0.0,0.0,0.0,0.0,10.0,0.0,0.0,0.0,0.0,0.0,0.0,273.0,0.0,0.0,273.0,0.0,0.0,0.0,0.0,0.0,0.0,0.0,0.0,5.0,0.0,44.0,5.0,0.0,44.0,0.0,0.0,20.0,0.0,0.0,20.0,14.0,0.0,200.0,14.0,200.0,0.0,"Dec 31, 2018"
212,1202051.0,24507.0,Erbil,Erbil,Nisthtiman Comercial Complex,مجمع نشتيمان التجاري,36.18636499,44.011834,36.0,216.0,0.0,0.0,0.0,0.0,0.0,0.0,0.0,0.0,0.0,0.0,0.0,0.0,36.0,0.0,0.0,0.0,0.0,0.0,0.0,0.0,0.0,36.0,0.0,0.0,36.0,0.0,0.0,0.0,0.0,0.0,0.0,0.0,0.0,0.0,0.0,0.0,0.0,0.0,0.0,0.0,0.0,0.0,36.0,0.0,0.0,36.0,0.0,0.0,0.0,0.0,0.0,0.0,0.0,0.0,0.0,0.0,"Dec 31, 2018"
213,1202053.0,24607.0,Erbil,Erbil,Nobel,نوبل,36.25940634,44.00077418,20.0,120.0,0.0,0.0,0.0,0.0,0.0,0.0,0.0,0.0,0.0,0.0,0.0,0.0,20.0,0.0,0.0,0.0,0.0,0.0,0.0,0.0,0.0,0.0,0.0,0.0,0.0,0.0,20.0,0.0,0.0,20.0,0.0,0.0,0.0,0.0,0.0,0.0,0.0,0.0,0.0,0.0,0.0,0.0,20.0,0.0,0.0,20.0,0.0,0.0,0.0,0.0,0.0,0.0,0.0,0.0,0.0,0.0,"Dec 31, 2018"
214,1202054.0,24665.0,Erbil,Erbil,Ozal city,مجمع اوزال,36.2284606,44.1425575,220.0,1320.0,60.0,0.0,0.0,0.0,0.0,0.0,0.0,0.0,0.0,0.0,0.0,0.0,140.0,0.0,20.0,0.0,0.0,0.0,0.0,0.0,0.0,0.0,0.0,0.0,0.0,0.0,220.0,0.0,0.0,220.0,0.0,0.0,0.0,0.0,0.0,0.0,0.0,0.0,25.0,0.0,100.0,25.0,15.0,100.0,0.0,15.0,30.0,0.0,0.0,30.0,45.0,0.0,5.0,45.0,5.0,0.0,"Dec 31, 2018"
215,1202056.0,13199.0,Erbil,Erbil,Pirzeen,بيرزين,36.2673322,44.0703735,350.0,2100.0,109.0,0.0,0.0,0.0,0.0,0.0,0.0,0.0,19.0,0.0,0.0,0.0,142.0,0.0,80.0,0.0,0.0,0.0,0.0,15.0,0.0,0.0,0.0,0.0,0.0,0.0,335.0,0.0,0.0,335.0,0.0,0.0,0.0,0.0,0.0,0.0,0.0,0.0,55.0,0.0,127.0,55.0,50.0,127.0,0.0,50.0,64.0,0.0,0.0,64.0,35.0,0.0,19.0,35.0,19.0,0.0,"Dec 31, 2018"
216,1202057.0,13400.0,Erbil,Erbil,Qushtapa center,مركز قوشتبة,36.00809847,44.03730797,1235.0,7410.0,855.0,0.0,0.0,0.0,0.0,0.0,0.0,0.0,160.0,0.0,0.0,0.0,215.0,0.0,5.0,0.0,0.0,0.0,0.0,80.0,0.0,0.0,0.0,0.0,0.0,0.0,1155.0,0.0,0.0,1155.0,0.0,0.0,0.0,0.0,0.0,0.0,0.0,0.0,520.0,0.0,208.0,520.0,45.0,208.0,0.0,45.0,285.0,0.0,0.0,285.0,12.0,0.0,165.0,12.0,165.0,0.0,"Dec 31, 2018"
217,1202059.0,13670.0,Erbil,Erbil,Rasti Qr,حي راستي,36.1484431251,44.0174735883,200.0,1200.0,160.0,0.0,0.0,0.0,0.0,0.0,0.0,0.0,0.0,0.0,0.0,0.0,40.0,0.0,0.0,0.0,0.0,0.0,0.0,0.0,0.0,0.0,0.0,0.0,0.0,0.0,200.0,0.0,0.0,200.0,0.0,0.0,0.0,0.0,0.0,0.0,0.0,0.0,160.0,0.0,40.0,160.0,0.0,40.0,0.0,0.0,0.0,0.0,0.0,0.0,0.0,0.0,0.0,0.0,0.0,0.0,"Dec 31, 2018"
218,1202060.0,21899.0,Erbil,Erbil,Rizgari,رزكاري,36.2797368,43.7341817,712.0,4272.0,230.0,0.0,0.0,0.0,0.0,0.0,0.0,0.0,0.0,0.0,0.0,0.0,349.0,0.0,133.0,0.0,0.0,0.0,0.0,0.0,0.0,0.0,0.0,0.0,0.0,0.0,712.0,0.0,0.0,712.0,0.0,0.0,0.0,0.0,0.0,0.0,0.0,0.0,99.0,0.0,242.0,99.0,0.0,242.0,0.0,0.0,111.0,0.0,0.0,111.0,260.0,0.0,0.0,260.0,0.0,0.0,"Dec 31, 2018"
219,1202061.0,20997.0,Erbil,Erbil,Runaki,روناكي,36.16957159,44.01818971,77.0,462.0,53.0,0.0,8.0,0.0,0.0,0.0,0.0,0.0,0.0,0.0,0.0,0.0,16.0,0.0,0.0,0.0,0.0,0.0,0.0,0.0,0.0,0.0,0.0,0.0,0.0,0.0,77.0,0.0,0.0,77.0,0.0,0.0,0.0,0.0,0.0,0.0,0.0,0.0,0.0,0.0,10.0,0.0,0.0,10.0,8.0,0.0,53.0,8.0,0.0,53.0,6.0,0.0,0.0,6.0,0.0,0.0,"Dec 31, 2018"
220,1202062.0,22027.0,Erbil,Erbil,Sufaya,صفية,36.1927427,43.6000904,40.0,240.0,0.0,0.0,0.0,0.0,0.0,0.0,0.0,0.0,30.0,0.0,0.0,0.0,10.0,0.0,0.0,0.0,0.0,0.0,0.0,10.0,0.0,0.0,0.0,0.0,0.0,0.0,30.0,0.0,0.0,30.0,0.0,0.0,0.0,0.0,0.0,0.0,0.0,0.0,0.0,0.0,8.0,0.0,0.0,8.0,0.0,0.0,0.0,0.0,0.0,0.0,2.0,0.0,30.0,2.0,30.0,0.0,"Dec 31, 2018"
221,1202063.0,11777.0,Erbil,Erbil,Sebardan,سيبردان,36.2173603,44.098166,300.0,1800.0,35.0,0.0,0.0,0.0,0.0,0.0,0.0,0.0,0.0,0.0,0.0,0.0,195.0,0.0,70.0,0.0,0.0,0.0,0.0,0.0,0.0,0.0,0.0,0.0,0.0,0.0,300.0,0.0,0.0,300.0,0.0,0.0,0.0,0.0,0.0,0.0,0.0,0.0,20.0,0.0,160.0,20.0,40.0,160.0,0.0,40.0,10.0,0.0,10.0,10.0,55.0,10.0,5.0,55.0,5.0,0.0,"Dec 31, 2018"
222,1202065.0,23911.0,Erbil,Erbil,Saydawa,سيداوه,36.18265039,44.0183669,57.0,342.0,35.0,0.0,0.0,0.0,0.0,0.0,0.0,0.0,0.0,0.0,0.0,0.0,22.0,0.0,0.0,0.0,0.0,0.0,0.0,0.0,0.0,0.0,0.0,0.0,0.0,0.0,57.0,0.0,0.0,57.0,0.0,0.0,0.0,0.0,0.0,0.0,0.0,0.0,0.0,0.0,22.0,0.0,0.0,22.0,0.0,0.0,35.0,0.0,0.0,35.0,0.0,0.0,0.0,0.0,0.0,0.0,"Dec 31, 2018"
223,1202066.0,25469.0,Erbil,Erbil,Shahan city,شاهان ستي,36.2281327,44.1237281,700.0,4200.0,180.0,0.0,1.0,0.0,0.0,0.0,0.0,0.0,0.0,0.0,0.0,0.0,316.0,0.0,203.0,0.0,0.0,0.0,0.0,0.0,0.0,0.0,0.0,0.0,0.0,0.0,700.0,0.0,0.0,700.0,0.0,0.0,0.0,0.0,0.0,0.0,0.0,0.0,100.0,0.0,351.0,100.0,33.0,351.0,1.0,33.0,63.0,1.0,0.0,63.0,135.0,0.0,17.0,135.0,17.0,0.0,"Dec 31, 2018"
224,1202067.0,11711.0,Erbil,Erbil,Shakholan,شاخولان,36.3905913,43.8691528,11.0,66.0,0.0,0.0,0.0,0.0,0.0,0.0,0.0,0.0,0.0,0.0,0.0,0.0,11.0,0.0,0.0,0.0,0.0,0.0,0.0,0.0,0.0,0.0,0.0,0.0,0.0,0.0,11.0,0.0,0.0,11.0,0.0,0.0,0.0,0.0,0.0,0.0,0.0,0.0,0.0,0.0,0.0,0.0,10.0,0.0,0.0,10.0,0.0,0.0,0.0,0.0,1.0,0.0,0.0,1.0,0.0,0.0,"Dec 31, 2018"
225,1202068.0,21250.0,Erbil,Erbil,Sharawany,شارواني,36.15207267,44.04232369,200.0,1200.0,81.0,0.0,0.0,0.0,0.0,0.0,0.0,0.0,0.0,0.0,0.0,0.0,69.0,0.0,50.0,0.0,0.0,0.0,0.0,0.0,0.0,0.0,0.0,0.0,0.0,0.0,200.0,0.0,0.0,200.0,0.0,0.0,0.0,0.0,0.0,0.0,0.0,0.0,48.0,0.0,84.0,48.0,0.0,84.0,0.0,0.0,30.0,0.0,3.0,30.0,35.0,3.0,0.0,35.0,0.0,0.0,"Dec 31, 2018"
226,1202069.0,11709.0,Erbil,Erbil,Shawes,شاويس,36.2481314,44.08581,530.0,3180.0,78.0,0.0,57.0,0.0,0.0,0.0,0.0,0.0,15.0,0.0,0.0,0.0,363.0,0.0,17.0,0.0,0.0,0.0,0.0,10.0,0.0,0.0,0.0,0.0,0.0,0.0,520.0,0.0,0.0,520.0,0.0,0.0,0.0,0.0,0.0,0.0,0.0,0.0,0.0,0.0,334.0,0.0,16.0,334.0,48.0,16.0,59.0,48.0,10.0,59.0,48.0,10.0,15.0,48.0,15.0,0.0,"Dec 31, 2018"
227,1202070.0,22076.0,Erbil,Erbil,Shorsh,شورش,36.2069515,44.0199460456,225.0,1350.0,32.0,0.0,58.0,0.0,0.0,3.0,0.0,0.0,12.0,0.0,0.0,0.0,114.0,0.0,6.0,0.0,0.0,0.0,0.0,0.0,0.0,0.0,0.0,0.0,0.0,0.0,225.0,0.0,0.0,225.0,0.0,0.0,0.0,0.0,0.0,0.0,0.0,0.0,10.0,0.0,75.0,10.0,15.0,75.0,40.0,15.0,22.0,40.0,8.0,22.0,35.0,8.0,20.0,35.0,20.0,0.0,"Dec 31, 2018"
228,1202071.0,21251.0,Erbil,Erbil,Setaqan,سيطاقان,36.1896505,44.0291689,100.0,600.0,18.0,0.0,0.0,0.0,0.0,0.0,0.0,0.0,0.0,0.0,0.0,0.0,54.0,0.0,28.0,0.0,0.0,0.0,0.0,0.0,0.0,0.0,0.0,0.0,0.0,0.0,100.0,0.0,0.0,100.0,0.0,0.0,0.0,0.0,0.0,0.0,0.0,0.0,8.0,0.0,68.0,8.0,0.0,68.0,0.0,0.0,10.0,0.0,3.0,10.0,11.0,3.0,0.0,11.0,0.0,0.0,"Dec 31, 2018"
229,1202072.0,23335.0,Erbil,Erbil,Al Qalaa(Tajeel Qr),القلعه(حي تعجيل),36.1861558,44.0085795,4.0,24.0,2.0,0.0,0.0,0.0,0.0,0.0,0.0,0.0,0.0,0.0,0.0,0.0,2.0,0.0,0.0,0.0,0.0,0.0,0.0,0.0,4.0,0.0,0.0,0.0,0.0,0.0,0.0,0.0,0.0,0.0,0.0,0.0,0.0,0.0,0.0,0.0,0.0,0.0,2.0,0.0,0.0,2.0,0.0,0.0,0.0,0.0,0.0,0.0,0.0,0.0,2.0,0.0,0.0,2.0,0.0,0.0,"Dec 31, 2018"
230,1202073.0,24159.0,Erbil,Erbil,Tayrawa,تيراوه,36.2002871,44.009707,155.0,930.0,95.0,0.0,5.0,0.0,0.0,0.0,0.0,0.0,0.0,0.0,0.0,0.0,35.0,0.0,20.0,0.0,0.0,0.0,0.0,0.0,0.0,0.0,0.0,0.0,0.0,0.0,155.0,0.0,0.0,155.0,0.0,0.0,0.0,0.0,0.0,0.0,0.0,0.0,30.0,0.0,40.0,30.0,0.0,40.0,5.0,0.0,65.0,5.0,0.0,65.0,15.0,0.0,0.0,15.0,0.0,0.0,"Dec 31, 2018"
231,1202075.0,11706.0,Erbil,Erbil,Turaq,طورق,36.1679358,43.9379491,632.0,3792.0,164.0,0.0,10.0,0.0,0.0,0.0,0.0,0.0,10.0,0.0,0.0,0.0,428.0,0.0,20.0,0.0,0.0,0.0,0.0,0.0,0.0,0.0,0.0,0.0,0.0,0.0,632.0,0.0,0.0,632.0,0.0,0.0,0.0,0.0,0.0,0.0,0.0,0.0,85.0,0.0,357.0,85.0,30.0,357.0,10.0,30.0,47.0,10.0,15.0,47.0,68.0,15.0,20.0,68.0,20.0,0.0,"Dec 31, 2018"
232,1202076.0,24308.0,Erbil,Erbil,Zaiton Collective,مجمع زيتون,36.1370217654,44.0659664,1425.0,8550.0,470.0,0.0,85.0,0.0,0.0,0.0,0.0,0.0,10.0,0.0,0.0,0.0,388.0,0.0,472.0,0.0,0.0,0.0,0.0,0.0,0.0,0.0,0.0,0.0,0.0,0.0,1425.0,0.0,0.0,1425.0,0.0,0.0,0.0,0.0,0.0,0.0,0.0,0.0,180.0,0.0,437.0,180.0,15.0,437.0,85.0,15.0,280.0,85.0,32.0,280.0,376.0,32.0,20.0,376.0,20.0,0.0,"Dec 31, 2018"
233,1202077.0,21253.0,Erbil,Erbil,Zanko,زانكو,36.1528858636,44.0337315874,860.0,5160.0,200.0,0.0,0.0,0.0,0.0,0.0,0.0,0.0,200.0,0.0,0.0,0.0,300.0,0.0,160.0,0.0,0.0,0.0,0.0,40.0,0.0,0.0,0.0,0.0,0.0,0.0,820.0,0.0,0.0,820.0,0.0,0.0,0.0,0.0,0.0,0.0,0.0,0.0,50.0,0.0,410.0,50.0,0.0,410.0,0.0,0.0,80.0,0.0,0.0,80.0,50.0,0.0,270.0,50.0,270.0,0.0,"Dec 31, 2018"
234,1202078.0,24421.0,Erbil,Erbil,Zereen,زيرين,36.2847075,44.0906477,435.0,2610.0,25.0,0.0,0.0,0.0,0.0,0.0,0.0,0.0,0.0,0.0,0.0,0.0,348.0,0.0,62.0,0.0,0.0,0.0,0.0,0.0,0.0,0.0,0.0,0.0,0.0,0.0,435.0,0.0,0.0,435.0,0.0,0.0,0.0,0.0,0.0,0.0,0.0,0.0,10.0,0.0,310.0,10.0,57.0,310.0,5.0,57.0,16.0,5.0,4.0,16.0,33.0,4.0,0.0,33.0,0.0,0.0,"Dec 31, 2018"
235,1202079.0,25972.0,Erbil,Erbil,Zheen,زين,36.1171242,44.0450333,65.0,390.0,14.0,0.0,0.0,0.0,0.0,0.0,0.0,0.0,38.0,0.0,0.0,0.0,7.0,0.0,6.0,0.0,0.0,0.0,0.0,15.0,0.0,0.0,0.0,0.0,0.0,0.0,50.0,0.0,0.0,50.0,0.0,0.0,0.0,0.0,0.0,0.0,0.0,0.0,0.0,0.0,13.0,0.0,0.0,13.0,0.0,0.0,14.0,0.0,0.0,14.0,0.0,0.0,38.0,0.0,38.0,0.0,"Dec 31, 2018"
236,1202080.0,25629.0,Erbil,Erbil,Zhyan,زيان,36.1259644,44.0145161129,440.0,2640.0,250.0,0.0,0.0,0.0,0.0,0.0,0.0,0.0,50.0,0.0,0.0,0.0,97.0,0.0,43.0,0.0,0.0,0.0,0.0,30.0,0.0,0.0,0.0,0.0,0.0,0.0,410.0,0.0,0.0,410.0,0.0,0.0,0.0,0.0,0.0,0.0,0.0,0.0,110.0,0.0,100.0,110.0,0.0,100.0,0.0,0.0,140.0,0.0,0.0,140.0,40.0,0.0,50.0,40.0,50.0,0.0,"Dec 31, 2018"
237,1202091.0,27147.0,Erbil,Erbil,Akad,اكاد,36.2314061,43.9974796,17.0,102.0,7.0,0.0,0.0,0.0,0.0,0.0,0.0,0.0,0.0,0.0,0.0,0.0,10.0,0.0,0.0,0.0,0.0,0.0,0.0,0.0,0.0,0.0,0.0,0.0,0.0,0.0,17.0,0.0,0.0,17.0,0.0,0.0,0.0,0.0,0.0,0.0,0.0,0.0,0.0,0.0,8.0,0.0,2.0,8.0,0.0,2.0,2.0,0.0,5.0,2.0,0.0,5.0,0.0,0.0,0.0,0.0,"Dec 31, 2018"
238,1202094.0,27148.0,Erbil,Erbil,Bahar,بهار,36.2306559,44.00225671,43.0,258.0,0.0,0.0,0.0,0.0,0.0,0.0,0.0,0.0,0.0,0.0,0.0,0.0,43.0,0.0,0.0,0.0,0.0,0.0,0.0,0.0,0.0,0.0,0.0,0.0,0.0,0.0,43.0,0.0,0.0,43.0,0.0,0.0,0.0,0.0,0.0,0.0,0.0,0.0,0.0,0.0,40.0,0.0,3.0,40.0,0.0,3.0,0.0,0.0,0.0,0.0,0.0,0.0,0.0,0.0,0.0,0.0,"Dec 31, 2018"
239,1202095.0,27138.0,Erbil,Erbil,bahrka al jadeda,بحركه الجديده,36.3020246,44.0250651,112.0,672.0,36.0,0.0,9.0,0.0,0.0,0.0,0.0,0.0,15.0,0.0,0.0,0.0,32.0,0.0,20.0,0.0,0.0,0.0,0.0,0.0,0.0,0.0,0.0,0.0,0.0,0.0,112.0,0.0,0.0,112.0,0.0,0.0,0.0,0.0,0.0,0.0,0.0,0.0,10.0,0.0,24.0,10.0,15.0,24.0,9.0,15.0,25.0,9.0,0.0,25.0,4.0,0.0,25.0,4.0,25.0,0.0,"Dec 31, 2018"
240,1202096.0,27137.0,Erbil,Erbil,Bahrka gulan,بحركه كولان,36.3047534,44.0281866,473.0,2838.0,298.0,0.0,40.0,0.0,0.0,0.0,0.0,0.0,12.0,0.0,0.0,0.0,95.0,0.0,28.0,0.0,0.0,0.0,0.0,0.0,0.0,0.0,0.0,0.0,0.0,0.0,473.0,0.0,0.0,473.0,0.0,0.0,0.0,0.0,0.0,0.0,0.0,0.0,15.0,0.0,83.0,15.0,10.0,83.0,33.0,10.0,279.0,33.0,15.0,279.0,26.0,15.0,12.0,26.0,12.0,0.0,"Dec 31, 2018"
241,1202097.0,27153.0,Erbil,Erbil,Byaban Village,قريه بيابان ,36.2627743,43.99421678,15.0,90.0,0.0,0.0,0.0,0.0,0.0,0.0,0.0,0.0,0.0,0.0,0.0,0.0,15.0,0.0,0.0,0.0,0.0,0.0,0.0,0.0,0.0,0.0,0.0,0.0,0.0,0.0,15.0,0.0,0.0,15.0,0.0,0.0,0.0,0.0,0.0,0.0,0.0,0.0,0.0,0.0,13.0,0.0,2.0,13.0,0.0,2.0,0.0,0.0,0.0,0.0,0.0,0.0,0.0,0.0,0.0,0.0,"Dec 31, 2018"
242,1202098.0,27145.0,Erbil,Erbil,Daratu-Brayati,داره تو-برايتي,36.1250998,44.0437701,110.0,660.0,15.0,0.0,0.0,0.0,0.0,0.0,0.0,0.0,0.0,0.0,0.0,0.0,95.0,0.0,0.0,0.0,0.0,0.0,0.0,0.0,0.0,0.0,0.0,0.0,0.0,0.0,110.0,0.0,0.0,110.0,0.0,0.0,0.0,0.0,0.0,0.0,0.0,0.0,5.0,0.0,40.0,5.0,0.0,40.0,0.0,0.0,10.0,0.0,0.0,10.0,55.0,0.0,0.0,55.0,0.0,0.0,"Dec 31, 2018"
243,1202099.0,27140.0,Erbil,Erbil,Daratu-Nishtiman,داره تو-نيشتمان,36.1175062,44.0699509,125.0,750.0,10.0,0.0,0.0,0.0,0.0,0.0,0.0,0.0,25.0,0.0,0.0,0.0,75.0,0.0,15.0,0.0,0.0,0.0,0.0,0.0,0.0,0.0,0.0,0.0,0.0,0.0,125.0,0.0,0.0,125.0,0.0,0.0,0.0,0.0,0.0,0.0,0.0,0.0,0.0,0.0,65.0,0.0,10.0,65.0,0.0,10.0,10.0,0.0,0.0,10.0,15.0,0.0,25.0,15.0,25.0,0.0,"Dec 31, 2018"
244,1202100.0,13677.0,Erbil,Erbil,Hadiab,حدياب,36.23147802,43.98783327,162.0,972.0,0.0,0.0,0.0,0.0,0.0,0.0,0.0,0.0,0.0,0.0,0.0,0.0,162.0,0.0,0.0,0.0,0.0,0.0,0.0,0.0,0.0,0.0,0.0,0.0,0.0,0.0,162.0,0.0,0.0,162.0,0.0,0.0,0.0,0.0,0.0,0.0,0.0,0.0,0.0,0.0,127.0,0.0,35.0,127.0,0.0,35.0,0.0,0.0,0.0,0.0,0.0,0.0,0.0,0.0,0.0,0.0,"Dec 31, 2018"
245,1202101.0,13686.0,Erbil,Erbil,Ishtar,عشتار,36.22972368,43.9887016765,18.0,108.0,0.0,0.0,0.0,0.0,0.0,0.0,0.0,0.0,0.0,0.0,0.0,0.0,18.0,0.0,0.0,0.0,0.0,0.0,0.0,0.0,0.0,0.0,0.0,0.0,0.0,0.0,18.0,0.0,0.0,18.0,0.0,0.0,0.0,0.0,0.0,0.0,0.0,0.0,0.0,0.0,11.0,0.0,6.0,11.0,0.0,6.0,0.0,0.0,0.0,0.0,1.0,0.0,0.0,1.0,0.0,0.0,"Dec 31, 2018"
246,1202103.0,27152.0,Erbil,Erbil,Karez,كاريز,36.22730808,43.99660688,158.0,948.0,0.0,0.0,0.0,0.0,0.0,0.0,0.0,0.0,0.0,0.0,0.0,0.0,158.0,0.0,0.0,0.0,0.0,0.0,0.0,0.0,0.0,0.0,0.0,0.0,0.0,0.0,158.0,0.0,0.0,158.0,0.0,0.0,0.0,0.0,0.0,0.0,0.0,0.0,0.0,0.0,106.0,0.0,52.0,106.0,0.0,52.0,0.0,0.0,0.0,0.0,0.0,0.0,0.0,0.0,0.0,0.0,"Dec 31, 2018"
247,1202104.0,27136.0,Erbil,Erbil,Lebanon Village,قريه لبنانيه ,36.2617,44.011,18.0,108.0,8.0,0.0,0.0,0.0,0.0,0.0,0.0,0.0,0.0,0.0,0.0,0.0,10.0,0.0,0.0,0.0,0.0,0.0,0.0,0.0,0.0,0.0,0.0,0.0,0.0,0.0,18.0,0.0,0.0,18.0,0.0,0.0,0.0,0.0,0.0,0.0,0.0,0.0,0.0,0.0,5.0,0.0,0.0,5.0,0.0,0.0,6.0,0.0,2.0,6.0,5.0,2.0,0.0,5.0,0.0,0.0,"Dec 31, 2018"
248,1202106.0,27134.0,Erbil,Erbil,Rustm palace center,مركز قصر رستم ,36.23674921,43.99372986,75.0,450.0,0.0,0.0,0.0,0.0,0.0,0.0,0.0,0.0,0.0,0.0,0.0,0.0,75.0,0.0,0.0,0.0,0.0,0.0,0.0,0.0,0.0,0.0,0.0,0.0,0.0,0.0,75.0,0.0,0.0,75.0,0.0,0.0,0.0,0.0,0.0,0.0,0.0,0.0,0.0,0.0,38.0,0.0,35.0,38.0,0.0,35.0,0.0,0.0,0.0,0.0,2.0,0.0,0.0,2.0,0.0,0.0,"Dec 31, 2018"
249,1202108.0,27149.0,Erbil,Erbil,Somar,سومر,36.22587316,44.00187593,80.0,480.0,0.0,0.0,0.0,0.0,0.0,0.0,0.0,0.0,0.0,0.0,0.0,0.0,73.0,0.0,7.0,0.0,0.0,0.0,0.0,0.0,0.0,0.0,0.0,0.0,0.0,0.0,80.0,0.0,0.0,80.0,0.0,0.0,0.0,0.0,0.0,0.0,0.0,0.0,0.0,0.0,46.0,0.0,34.0,46.0,0.0,34.0,0.0,0.0,0.0,0.0,0.0,0.0,0.0,0.0,0.0,0.0,"Dec 31, 2018"
250,1202109.0,27139.0,Erbil,Erbil,Zen city,زين ستي,36.2521921,44.0609744,245.0,1470.0,50.0,0.0,0.0,0.0,0.0,0.0,0.0,0.0,0.0,0.0,0.0,0.0,120.0,0.0,75.0,0.0,0.0,0.0,0.0,0.0,0.0,0.0,0.0,0.0,0.0,0.0,245.0,0.0,0.0,245.0,0.0,0.0,0.0,0.0,0.0,0.0,0.0,0.0,10.0,0.0,123.0,10.0,43.0,123.0,0.0,43.0,35.0,0.0,20.0,35.0,14.0,20.0,0.0,14.0,0.0,0.0,"Dec 31, 2018"
251,1202110.0,11832.0,Erbil,Erbil,Manara,مناره,36.1878143,43.9988719,73.0,438.0,15.0,0.0,0.0,0.0,0.0,0.0,0.0,0.0,0.0,0.0,0.0,0.0,48.0,0.0,10.0,0.0,0.0,0.0,0.0,0.0,0.0,0.0,0.0,0.0,0.0,0.0,73.0,0.0,0.0,73.0,0.0,0.0,0.0,0.0,0.0,0.0,0.0,0.0,7.0,0.0,16.0,7.0,3.0,16.0,0.0,3.0,8.0,0.0,1.0,8.0,38.0,1.0,0.0,38.0,0.0,0.0,"Dec 31, 2018"
252,1202111.0,27205.0,Erbil,Erbil,Runaki(Mantikawa),روناكي(منتيكاوه),36.16399675,44.02129203,302.0,1812.0,124.0,0.0,29.0,0.0,0.0,0.0,0.0,0.0,0.0,0.0,0.0,0.0,133.0,0.0,16.0,0.0,0.0,0.0,0.0,0.0,0.0,0.0,0.0,0.0,0.0,0.0,302.0,0.0,0.0,302.0,0.0,0.0,0.0,0.0,0.0,0.0,0.0,0.0,51.0,0.0,53.0,51.0,50.0,53.0,0.0,50.0,94.0,0.0,20.0,94.0,30.0,20.0,4.0,30.0,4.0,0.0,"Dec 31, 2018"
253,1202112.0,27206.0,Erbil,Erbil,Runaki(Komari 1),روناكي(كوماري 1),36.175833745,44.0190652197,55.0,330.0,0.0,0.0,3.0,0.0,0.0,0.0,0.0,0.0,0.0,0.0,0.0,0.0,45.0,0.0,7.0,0.0,0.0,0.0,0.0,0.0,0.0,0.0,0.0,0.0,0.0,0.0,55.0,0.0,0.0,55.0,0.0,0.0,0.0,0.0,0.0,0.0,0.0,0.0,0.0,0.0,27.0,0.0,10.0,27.0,3.0,10.0,0.0,3.0,0.0,0.0,15.0,0.0,0.0,15.0,0.0,0.0,"Dec 31, 2018"
254,1202113.0,27207.0,Erbil,Erbil,Runaki(Mufti),روناكي(موفتي),36.1691999629,44.0323243443,235.0,1410.0,115.0,0.0,22.0,0.0,0.0,0.0,0.0,0.0,0.0,0.0,0.0,0.0,75.0,0.0,23.0,0.0,0.0,0.0,0.0,0.0,0.0,0.0,0.0,0.0,0.0,0.0,235.0,0.0,0.0,235.0,0.0,0.0,0.0,0.0,0.0,0.0,0.0,0.0,10.0,0.0,38.0,10.0,10.0,38.0,22.0,10.0,95.0,22.0,10.0,95.0,40.0,10.0,10.0,40.0,10.0,0.0,"Dec 31, 2018"
255,1202114.0,27208.0,Erbil,Erbil,Runaki(Mamostayan 1),روناكي(ماموستايان 1),36.1814543,44.0303814,95.0,570.0,36.0,0.0,10.0,0.0,0.0,0.0,0.0,0.0,0.0,0.0,0.0,0.0,42.0,0.0,7.0,0.0,0.0,0.0,0.0,0.0,0.0,0.0,0.0,0.0,0.0,0.0,95.0,0.0,0.0,95.0,0.0,0.0,0.0,0.0,0.0,0.0,0.0,0.0,31.0,0.0,15.0,31.0,0.0,15.0,5.0,0.0,5.0,5.0,9.0,5.0,30.0,9.0,0.0,30.0,0.0,0.0,"Dec 31, 2018"
256,1202115.0,27209.0,Erbil,Erbil,Runaki(Mamostayan 2),روناكي(ماموستايان 2),36.1786634054,44.0306322463,95.0,570.0,61.0,0.0,3.0,0.0,0.0,0.0,0.0,0.0,0.0,0.0,0.0,0.0,29.0,0.0,2.0,0.0,0.0,0.0,0.0,0.0,0.0,0.0,0.0,0.0,0.0,0.0,95.0,0.0,0.0,95.0,0.0,0.0,0.0,0.0,0.0,0.0,0.0,0.0,6.0,0.0,3.0,6.0,6.0,3.0,0.0,6.0,56.0,0.0,0.0,56.0,24.0,0.0,0.0,24.0,0.0,0.0,"Dec 31, 2018"
257,1202116.0,27210.0,Erbil,Erbil,Runaki(Andazyaran),روناكي(اندازياران),36.16125717,44.02581482,170.0,1020.0,74.0,0.0,23.0,0.0,0.0,0.0,0.0,0.0,0.0,0.0,0.0,0.0,67.0,0.0,6.0,0.0,0.0,0.0,0.0,0.0,0.0,0.0,0.0,0.0,0.0,0.0,170.0,0.0,0.0,170.0,0.0,0.0,0.0,0.0,0.0,0.0,0.0,0.0,3.0,0.0,50.0,3.0,23.0,50.0,0.0,23.0,59.0,0.0,13.0,59.0,17.0,13.0,5.0,17.0,5.0,0.0,"Dec 31, 2018"
258,1202117.0,27211.0,Erbil,Erbil,Shorsh(Hay arey),شورش(حي اري),36.21508998,44.0191539839,284.0,1704.0,39.0,0.0,60.0,0.0,0.0,5.0,0.0,0.0,30.0,0.0,0.0,0.0,133.0,0.0,17.0,0.0,0.0,0.0,0.0,0.0,0.0,0.0,0.0,0.0,0.0,0.0,284.0,0.0,0.0,284.0,0.0,0.0,0.0,0.0,0.0,0.0,0.0,0.0,15.0,0.0,112.0,15.0,22.0,112.0,60.0,22.0,24.0,60.0,3.0,24.0,18.0,3.0,30.0,18.0,30.0,0.0,"Dec 31, 2018"
259,1202118.0,27212.0,Erbil,Erbil,Shorsh(Hakim awa),شورش(حاكم اوا),36.2097843734,44.0046015949,232.0,1392.0,27.0,0.0,71.0,0.0,0.0,3.0,0.0,0.0,24.0,0.0,0.0,0.0,91.0,0.0,16.0,0.0,0.0,0.0,0.0,0.0,0.0,0.0,0.0,0.0,0.0,0.0,232.0,0.0,0.0,232.0,0.0,0.0,0.0,0.0,0.0,0.0,0.0,0.0,5.0,0.0,76.0,5.0,10.0,76.0,70.0,10.0,27.0,70.0,6.0,27.0,10.0,6.0,28.0,10.0,28.0,0.0,"Dec 31, 2018"
260,1202119.0,27213.0,Erbil,Erbil,Shorsh(Salahaldin),شورش(صلاح الدين),36.2093344,44.0125722983,148.0,888.0,32.0,0.0,14.0,0.0,0.0,2.0,0.0,0.0,5.0,0.0,0.0,0.0,87.0,0.0,8.0,0.0,0.0,0.0,0.0,0.0,0.0,0.0,0.0,0.0,0.0,0.0,148.0,0.0,0.0,148.0,0.0,0.0,0.0,0.0,0.0,0.0,0.0,0.0,3.0,0.0,82.0,3.0,2.0,82.0,14.0,2.0,27.0,14.0,0.0,27.0,10.0,0.0,10.0,10.0,10.0,0.0,"Dec 31, 2018"
261,1202120.0,27214.0,Erbil,Erbil,Shorsh(Malayan),شورش(ملايان),36.213827,44.0208864848,211.0,1266.0,23.0,0.0,61.0,0.0,0.0,2.0,0.0,0.0,16.0,0.0,0.0,0.0,94.0,0.0,15.0,0.0,0.0,0.0,0.0,0.0,0.0,0.0,0.0,0.0,0.0,0.0,211.0,0.0,0.0,211.0,0.0,0.0,0.0,0.0,0.0,0.0,0.0,0.0,9.0,0.0,93.0,9.0,10.0,93.0,61.0,10.0,13.0,61.0,0.0,13.0,9.0,0.0,16.0,9.0,16.0,0.0,"Dec 31, 2018"
262,1202121.0,27215.0,Erbil,Erbil,Saidawa(Khabat),سيداوه(خبات),36.18975504,44.03186734,28.0,168.0,17.0,0.0,0.0,0.0,0.0,0.0,0.0,0.0,0.0,0.0,0.0,0.0,11.0,0.0,0.0,0.0,0.0,0.0,0.0,0.0,0.0,0.0,0.0,0.0,0.0,0.0,28.0,0.0,0.0,28.0,0.0,0.0,0.0,0.0,0.0,0.0,0.0,0.0,0.0,0.0,11.0,0.0,0.0,11.0,0.0,0.0,17.0,0.0,0.0,17.0,0.0,0.0,0.0,0.0,0.0,0.0,"Dec 31, 2018"
263,1202122.0,27216.0,Erbil,Erbil,Saidawa(Ashti),سيداوه(اشتي),36.180798,44.020309,30.0,180.0,17.0,0.0,0.0,0.0,0.0,0.0,0.0,0.0,0.0,0.0,0.0,0.0,13.0,0.0,0.0,0.0,0.0,0.0,0.0,0.0,0.0,0.0,0.0,0.0,0.0,0.0,30.0,0.0,0.0,30.0,0.0,0.0,0.0,0.0,0.0,0.0,0.0,0.0,0.0,0.0,13.0,0.0,0.0,13.0,0.0,0.0,17.0,0.0,0.0,17.0,0.0,0.0,0.0,0.0,0.0,0.0,"Dec 31, 2018"
264,1202124.0,27226.0,Erbil,Erbil,Rzgari,رزكاري,36.1713606,43.9952744,200.0,1200.0,95.0,0.0,0.0,0.0,0.0,0.0,0.0,0.0,0.0,0.0,0.0,0.0,100.0,0.0,5.0,0.0,0.0,0.0,0.0,0.0,0.0,0.0,0.0,0.0,0.0,0.0,200.0,0.0,0.0,200.0,0.0,0.0,0.0,0.0,0.0,0.0,0.0,0.0,18.0,0.0,90.0,18.0,0.0,90.0,0.0,0.0,42.0,0.0,0.0,42.0,25.0,0.0,25.0,25.0,25.0,0.0,"Dec 31, 2018"
265,1202125.0,27227.0,Erbil,Erbil,Khabat,خبات,36.186227,44.0349717,45.0,270.0,15.0,0.0,0.0,0.0,0.0,0.0,0.0,0.0,0.0,0.0,0.0,0.0,25.0,0.0,5.0,0.0,0.0,0.0,0.0,0.0,0.0,0.0,0.0,0.0,0.0,0.0,45.0,0.0,0.0,45.0,0.0,0.0,0.0,0.0,0.0,0.0,0.0,0.0,0.0,0.0,22.0,0.0,3.0,22.0,0.0,3.0,15.0,0.0,0.0,15.0,5.0,0.0,0.0,5.0,0.0,0.0,"Dec 31, 2018"
266,1202126.0,27341.0,Erbil,Erbil,Ashty 2,اشتي 2,36.2133083,44.1272113,491.0,2946.0,153.0,0.0,0.0,0.0,0.0,0.0,0.0,0.0,310.0,0.0,0.0,0.0,28.0,0.0,0.0,0.0,0.0,0.0,0.0,30.0,0.0,0.0,0.0,0.0,0.0,0.0,461.0,0.0,0.0,461.0,0.0,0.0,0.0,0.0,0.0,0.0,0.0,0.0,42.0,0.0,0.0,42.0,0.0,0.0,0.0,0.0,86.0,0.0,0.0,86.0,28.0,0.0,335.0,28.0,335.0,0.0,"Dec 31, 2018"
267,1202127.0,27329.0,Erbil,Erbil,Aynda 2,اينده 2,36.1828807,44.1279273,100.0,600.0,15.0,0.0,0.0,0.0,0.0,0.0,0.0,0.0,0.0,0.0,0.0,0.0,85.0,0.0,0.0,0.0,0.0,0.0,0.0,0.0,0.0,0.0,0.0,0.0,0.0,0.0,100.0,0.0,0.0,100.0,0.0,0.0,0.0,0.0,0.0,0.0,0.0,0.0,5.0,0.0,20.0,5.0,15.0,20.0,0.0,15.0,10.0,0.0,0.0,10.0,50.0,0.0,0.0,50.0,0.0,0.0,"Dec 31, 2018"
268,1202128.0,27330.0,Erbil,Erbil,Sana City ,سانا ستي,36.2488413,44.1027937,18.0,108.0,13.0,0.0,0.0,0.0,0.0,0.0,0.0,0.0,0.0,0.0,0.0,0.0,5.0,0.0,0.0,0.0,0.0,0.0,0.0,0.0,0.0,0.0,0.0,0.0,0.0,0.0,18.0,0.0,0.0,18.0,0.0,0.0,0.0,0.0,0.0,0.0,0.0,0.0,3.0,0.0,2.0,3.0,0.0,2.0,0.0,0.0,8.0,0.0,0.0,8.0,5.0,0.0,0.0,5.0,0.0,0.0,"Dec 31, 2018"
269,1202129.0,27331.0,Erbil,Erbil,Shiraton,شيراتون,36.1942674,44.1346996,15.0,90.0,7.0,0.0,0.0,0.0,0.0,0.0,0.0,0.0,0.0,0.0,0.0,0.0,8.0,0.0,0.0,0.0,0.0,0.0,0.0,0.0,0.0,0.0,0.0,0.0,0.0,0.0,15.0,0.0,0.0,15.0,0.0,0.0,0.0,0.0,0.0,0.0,0.0,0.0,5.0,0.0,5.0,5.0,4.0,5.0,0.0,4.0,1.0,0.0,0.0,1.0,0.0,0.0,0.0,0.0,0.0,0.0,"Dec 31, 2018"
270,1202130.0,11778.0,Erbil,Erbil,Perash,بيرش,36.2343786,44.1386827,20.0,120.0,10.0,0.0,0.0,0.0,0.0,0.0,0.0,0.0,0.0,0.0,0.0,0.0,10.0,0.0,0.0,0.0,0.0,0.0,0.0,0.0,0.0,0.0,0.0,0.0,0.0,0.0,20.0,0.0,0.0,20.0,0.0,0.0,0.0,0.0,0.0,0.0,0.0,0.0,5.0,0.0,0.0,5.0,5.0,0.0,0.0,5.0,0.0,0.0,0.0,0.0,5.0,0.0,5.0,5.0,5.0,0.0,"Dec 31, 2018"
271,1202131.0,27332.0,Erbil,Erbil,Qarabu,قربو,36.1933122,44.1237256,205.0,1230.0,45.0,0.0,0.0,0.0,0.0,0.0,0.0,0.0,60.0,0.0,0.0,0.0,80.0,0.0,20.0,0.0,0.0,0.0,0.0,0.0,0.0,0.0,0.0,0.0,0.0,0.0,205.0,0.0,0.0,205.0,0.0,0.0,0.0,0.0,0.0,0.0,0.0,0.0,25.0,0.0,30.0,25.0,10.0,30.0,0.0,10.0,20.0,0.0,0.0,20.0,50.0,0.0,70.0,50.0,70.0,0.0,"Dec 31, 2018"
272,1202132.0,27333.0,Erbil,Erbil,Al Rihab,الرحاب,36.2147987,44.1428528,50.0,300.0,28.0,0.0,0.0,0.0,0.0,0.0,0.0,0.0,0.0,0.0,0.0,0.0,22.0,0.0,0.0,0.0,0.0,0.0,0.0,0.0,0.0,0.0,0.0,0.0,0.0,0.0,50.0,0.0,0.0,50.0,0.0,0.0,0.0,0.0,0.0,0.0,0.0,0.0,5.0,0.0,5.0,5.0,0.0,5.0,0.0,0.0,23.0,0.0,0.0,23.0,17.0,0.0,0.0,17.0,0.0,0.0,"Dec 31, 2018"
273,1202133.0,27419.0,Erbil,Erbil,Hawler nwee,هوليرنوي,36.2113139,44.0695952,400.0,2400.0,202.0,0.0,0.0,0.0,0.0,0.0,0.0,0.0,3.0,0.0,0.0,0.0,185.0,0.0,10.0,0.0,0.0,0.0,0.0,0.0,0.0,0.0,0.0,0.0,0.0,0.0,400.0,0.0,0.0,400.0,0.0,0.0,0.0,0.0,0.0,0.0,0.0,0.0,90.0,0.0,80.0,90.0,10.0,80.0,0.0,10.0,112.0,0.0,0.0,112.0,105.0,0.0,3.0,105.0,3.0,0.0,"Dec 31, 2018"
274,1202134.0,27420.0,Erbil,Erbil,Manara City,منارة ستي,36.1761155,44.0613566395,110.0,660.0,22.0,0.0,8.0,0.0,0.0,0.0,0.0,0.0,5.0,0.0,0.0,0.0,30.0,0.0,45.0,0.0,0.0,0.0,0.0,0.0,0.0,0.0,0.0,0.0,0.0,0.0,110.0,0.0,0.0,110.0,0.0,0.0,0.0,0.0,0.0,0.0,0.0,0.0,7.0,0.0,50.0,7.0,5.0,50.0,8.0,5.0,15.0,8.0,15.0,15.0,5.0,15.0,5.0,5.0,5.0,0.0,"Dec 31, 2018"
275,1202135.0,27421.0,Erbil,Erbil,Karizan,كاريزان,36.1683663,44.0557606,145.0,870.0,60.0,0.0,0.0,0.0,0.0,0.0,0.0,0.0,0.0,0.0,0.0,0.0,75.0,0.0,10.0,0.0,0.0,0.0,0.0,0.0,0.0,0.0,0.0,0.0,0.0,0.0,145.0,0.0,0.0,145.0,0.0,0.0,0.0,0.0,0.0,0.0,0.0,0.0,25.0,0.0,65.0,25.0,0.0,65.0,0.0,0.0,30.0,0.0,0.0,30.0,20.0,0.0,5.0,20.0,5.0,0.0,"Dec 31, 2018"
276,1202136.0,13203.0,Erbil,Erbil,Du sara fatah,دوسرة فتاح,36.0219919144,43.9115212,520.0,3120.0,361.0,0.0,0.0,0.0,0.0,0.0,30.0,0.0,10.0,0.0,0.0,0.0,59.0,0.0,60.0,0.0,0.0,0.0,0.0,0.0,0.0,0.0,0.0,0.0,0.0,0.0,520.0,0.0,0.0,520.0,0.0,0.0,0.0,0.0,0.0,0.0,0.0,0.0,179.0,0.0,40.0,179.0,15.0,40.0,0.0,15.0,140.0,0.0,9.0,140.0,87.0,9.0,50.0,87.0,50.0,0.0,"Dec 31, 2018"
277,1202137.0,21318.0,Erbil,Erbil,Quretan,قوريتان,36.0793779754,43.947905,270.0,1620.0,196.0,0.0,0.0,0.0,0.0,0.0,0.0,0.0,5.0,0.0,0.0,0.0,29.0,0.0,40.0,0.0,0.0,0.0,0.0,0.0,0.0,0.0,0.0,0.0,0.0,0.0,270.0,0.0,0.0,270.0,0.0,0.0,0.0,0.0,0.0,0.0,0.0,0.0,80.0,0.0,54.0,80.0,5.0,54.0,0.0,5.0,103.0,0.0,0.0,103.0,10.0,0.0,18.0,10.0,18.0,0.0,"Dec 31, 2018"
278,1202138.0,29556.0,Erbil,Erbil,Atlantic,اتلانتك,36.2148742,44.1549244,270.0,1620.0,120.0,0.0,0.0,0.0,0.0,0.0,0.0,0.0,0.0,0.0,0.0,0.0,62.0,0.0,88.0,0.0,0.0,0.0,0.0,0.0,0.0,0.0,0.0,0.0,0.0,0.0,270.0,0.0,0.0,270.0,0.0,0.0,0.0,0.0,0.0,0.0,0.0,0.0,126.0,0.0,112.0,126.0,22.0,112.0,0.0,22.0,0.0,0.0,0.0,0.0,10.0,0.0,0.0,10.0,0.0,0.0,"Dec 31, 2018"
279,1202139.0,29557.0,Erbil,Erbil,Kany Gulan,كاني كولان,36.1833173,44.1647996,30.0,180.0,20.0,0.0,0.0,0.0,0.0,0.0,0.0,0.0,0.0,0.0,0.0,0.0,5.0,0.0,5.0,0.0,0.0,0.0,0.0,0.0,0.0,0.0,0.0,0.0,0.0,0.0,30.0,0.0,0.0,30.0,0.0,0.0,0.0,0.0,0.0,0.0,0.0,0.0,20.0,0.0,5.0,20.0,0.0,5.0,0.0,0.0,0.0,0.0,0.0,0.0,5.0,0.0,0.0,5.0,0.0,0.0,"Dec 31, 2018"
280,1202140.0,29558.0,Erbil,Erbil,Al Saxra Complex ,مجمع الصخرة,36.1872726,44.0132477389,124.0,744.0,0.0,0.0,0.0,0.0,0.0,0.0,0.0,0.0,0.0,0.0,0.0,0.0,124.0,0.0,0.0,0.0,0.0,0.0,0.0,0.0,0.0,124.0,0.0,0.0,124.0,0.0,0.0,0.0,0.0,0.0,0.0,0.0,0.0,0.0,0.0,0.0,0.0,0.0,0.0,0.0,0.0,0.0,124.0,0.0,0.0,124.0,0.0,0.0,0.0,0.0,0.0,0.0,0.0,0.0,0.0,0.0,"Dec 31, 2018"
281,1202142.0,32052.0,Erbil,Erbil,Lana City ,لانا ستي ,36.2183096,44.1437789,315.0,1890.0,85.0,0.0,0.0,0.0,0.0,0.0,0.0,0.0,150.0,0.0,0.0,0.0,70.0,0.0,10.0,0.0,0.0,0.0,0.0,10.0,0.0,0.0,0.0,0.0,0.0,0.0,305.0,0.0,0.0,305.0,0.0,0.0,0.0,0.0,0.0,0.0,0.0,0.0,20.0,0.0,32.0,20.0,5.0,32.0,0.0,5.0,55.0,0.0,0.0,55.0,43.0,0.0,160.0,43.0,160.0,0.0,"Dec 31, 2018"
282,1202146.0,33151.0,Erbil,Erbil,Aweney Shar,اوينا شار,36.1456283,44.0879644,70.0,420.0,13.0,0.0,0.0,0.0,0.0,0.0,0.0,0.0,20.0,0.0,0.0,0.0,20.0,0.0,17.0,0.0,0.0,0.0,0.0,15.0,0.0,0.0,0.0,0.0,0.0,0.0,55.0,0.0,0.0,55.0,0.0,0.0,0.0,0.0,0.0,0.0,0.0,0.0,4.0,0.0,32.0,4.0,0.0,32.0,0.0,0.0,9.0,0.0,0.0,9.0,5.0,0.0,20.0,5.0,20.0,0.0,"Dec 31, 2018"
283,1202147.0,33152.0,Erbil,Erbil,Dashti bahasht,دشتي بهشت,36.2188962,44.1396503,55.0,330.0,0.0,0.0,0.0,0.0,0.0,0.0,0.0,0.0,55.0,0.0,0.0,0.0,0.0,0.0,0.0,0.0,0.0,0.0,0.0,0.0,0.0,0.0,0.0,0.0,0.0,0.0,0.0,0.0,0.0,0.0,0.0,0.0,0.0,0.0,55.0,0.0,0.0,55.0,0.0,0.0,0.0,0.0,0.0,0.0,0.0,0.0,0.0,0.0,0.0,0.0,0.0,0.0,55.0,0.0,55.0,0.0,"Dec 31, 2018"
284,1202148.0,33470.0,Erbil,Erbil,Koran Nwee,كوران نوي,36.281347,44.0207411,45.0,270.0,10.0,0.0,0.0,0.0,0.0,0.0,0.0,0.0,0.0,0.0,0.0,0.0,30.0,0.0,5.0,0.0,0.0,0.0,0.0,0.0,0.0,0.0,0.0,0.0,0.0,0.0,45.0,0.0,0.0,45.0,0.0,0.0,0.0,0.0,0.0,0.0,0.0,0.0,3.0,0.0,8.0,3.0,0.0,8.0,0.0,0.0,8.0,0.0,0.0,8.0,22.0,0.0,4.0,22.0,4.0,0.0,"Dec 31, 2018"
285,1203001.0,24484.0,Erbil,Koisnjaq,Armota,أرموته,36.0681566,44.6072378,17.0,102.0,0.0,0.0,0.0,0.0,0.0,0.0,0.0,0.0,0.0,0.0,0.0,0.0,17.0,0.0,0.0,0.0,0.0,0.0,0.0,0.0,0.0,0.0,0.0,0.0,0.0,0.0,17.0,0.0,0.0,17.0,0.0,0.0,0.0,0.0,0.0,0.0,0.0,0.0,0.0,0.0,17.0,0.0,0.0,17.0,0.0,0.0,0.0,0.0,0.0,0.0,0.0,0.0,0.0,0.0,0.0,0.0,"Dec 31, 2018"
286,1203002.0,24598.0,Erbil,Koisnjaq,Azady,ازادي,36.0848782,44.6389829,88.0,528.0,68.0,0.0,0.0,0.0,0.0,0.0,0.0,0.0,5.0,0.0,0.0,0.0,10.0,0.0,5.0,0.0,0.0,0.0,0.0,0.0,0.0,0.0,0.0,0.0,0.0,0.0,88.0,0.0,0.0,88.0,0.0,0.0,0.0,0.0,0.0,0.0,0.0,0.0,68.0,0.0,10.0,68.0,5.0,10.0,0.0,5.0,0.0,0.0,0.0,0.0,0.0,0.0,5.0,0.0,5.0,0.0,"Dec 31, 2018"
287,1203003.0,12371.0,Erbil,Koisnjaq,Bayizagha,بايزاغا,36.0874678,44.629339,100.0,600.0,85.0,0.0,0.0,0.0,0.0,0.0,0.0,0.0,0.0,0.0,0.0,0.0,15.0,0.0,0.0,0.0,0.0,0.0,0.0,0.0,0.0,0.0,0.0,0.0,0.0,0.0,100.0,0.0,0.0,100.0,0.0,0.0,0.0,0.0,0.0,0.0,0.0,0.0,75.0,0.0,0.0,75.0,0.0,0.0,0.0,0.0,0.0,0.0,0.0,0.0,15.0,0.0,10.0,15.0,10.0,0.0,"Dec 31, 2018"
288,1203004.0,24597.0,Erbil,Koisnjaq,Bazar koya(Bafri qndeel),بازار كويه(بفري قنديل),36.083679,44.6287855,100.0,600.0,18.0,0.0,6.0,0.0,0.0,0.0,0.0,0.0,3.0,0.0,0.0,0.0,40.0,0.0,33.0,0.0,0.0,0.0,0.0,0.0,0.0,0.0,0.0,0.0,0.0,0.0,100.0,0.0,0.0,100.0,0.0,0.0,0.0,0.0,0.0,0.0,0.0,0.0,5.0,0.0,69.0,5.0,0.0,69.0,6.0,0.0,13.0,6.0,0.0,13.0,4.0,0.0,3.0,4.0,3.0,0.0,"Dec 31, 2018"
289,1203006.0,23657.0,Erbil,Koisnjaq,Hamamok,حماموك,36.0906174,44.6133745,60.0,360.0,40.0,0.0,0.0,0.0,0.0,0.0,0.0,0.0,0.0,0.0,0.0,0.0,20.0,0.0,0.0,0.0,0.0,0.0,0.0,0.0,0.0,0.0,0.0,0.0,0.0,0.0,60.0,0.0,0.0,60.0,0.0,0.0,0.0,0.0,0.0,0.0,0.0,0.0,40.0,0.0,20.0,40.0,0.0,20.0,0.0,0.0,0.0,0.0,0.0,0.0,0.0,0.0,0.0,0.0,0.0,0.0,"Dec 31, 2018"
290,1203007.0,23279.0,Erbil,Koisnjaq,Hamoon,هامون ,36.073985,44.6326177,17.0,102.0,0.0,0.0,0.0,0.0,0.0,0.0,0.0,0.0,0.0,0.0,0.0,0.0,17.0,0.0,0.0,0.0,0.0,0.0,0.0,0.0,0.0,0.0,0.0,0.0,0.0,0.0,17.0,0.0,0.0,17.0,0.0,0.0,0.0,0.0,0.0,0.0,0.0,0.0,0.0,0.0,2.0,0.0,15.0,2.0,0.0,15.0,0.0,0.0,0.0,0.0,0.0,0.0,0.0,0.0,0.0,0.0,"Dec 31, 2018"
291,1203008.0,24599.0,Erbil,Koisnjaq,Jamiyah,جمعية,36.0764298,44.6335674,18.0,108.0,18.0,0.0,0.0,0.0,0.0,0.0,0.0,0.0,0.0,0.0,0.0,0.0,0.0,0.0,0.0,0.0,0.0,0.0,0.0,0.0,0.0,0.0,0.0,0.0,0.0,0.0,18.0,0.0,0.0,18.0,0.0,0.0,0.0,0.0,0.0,0.0,0.0,0.0,18.0,0.0,0.0,18.0,0.0,0.0,0.0,0.0,0.0,0.0,0.0,0.0,0.0,0.0,0.0,0.0,0.0,0.0,"Dec 31, 2018"
292,1203009.0,23280.0,Erbil,Koisnjaq,Qalat,قلات,36.0863765,44.6269879,100.0,600.0,25.0,0.0,0.0,0.0,0.0,0.0,0.0,0.0,8.0,0.0,0.0,0.0,67.0,0.0,0.0,0.0,0.0,0.0,0.0,0.0,0.0,0.0,0.0,0.0,0.0,0.0,100.0,0.0,0.0,100.0,0.0,0.0,0.0,0.0,0.0,0.0,0.0,0.0,10.0,0.0,40.0,10.0,10.0,40.0,0.0,10.0,15.0,0.0,0.0,15.0,17.0,0.0,8.0,17.0,8.0,0.0,"Dec 31, 2018"
293,1203010.0,11887.0,Erbil,Koisnjaq,Taqtaq,طقطق,35.8872085,44.5837756,229.0,1374.0,9.0,0.0,21.0,0.0,0.0,29.0,0.0,0.0,46.0,0.0,0.0,0.0,97.0,0.0,27.0,0.0,0.0,0.0,0.0,18.0,0.0,0.0,0.0,0.0,0.0,0.0,211.0,0.0,0.0,211.0,0.0,0.0,0.0,0.0,0.0,0.0,0.0,0.0,29.0,0.0,67.0,29.0,20.0,67.0,21.0,20.0,9.0,21.0,0.0,9.0,37.0,0.0,46.0,37.0,46.0,0.0,"Dec 31, 2018"
294,1203014.0,27221.0,Erbil,Koisnjaq,Ashti,اشتي,35.9215244,44.7840714,20.0,120.0,7.0,0.0,0.0,0.0,0.0,0.0,0.0,0.0,6.0,0.0,0.0,0.0,7.0,0.0,0.0,0.0,0.0,0.0,0.0,0.0,0.0,0.0,0.0,0.0,0.0,0.0,20.0,0.0,0.0,20.0,0.0,0.0,0.0,0.0,0.0,0.0,0.0,0.0,0.0,0.0,6.0,0.0,0.0,6.0,0.0,0.0,7.0,0.0,1.0,7.0,0.0,1.0,6.0,0.0,6.0,0.0,"Dec 31, 2018"
295,1203015.0,27222.0,Erbil,Koisnjaq,Nawdaran,ناوداران,36.0572663,44.6371874,10.0,60.0,7.0,0.0,0.0,0.0,0.0,0.0,0.0,0.0,0.0,0.0,0.0,0.0,3.0,0.0,0.0,0.0,0.0,0.0,0.0,0.0,0.0,0.0,0.0,0.0,0.0,0.0,10.0,0.0,0.0,10.0,0.0,0.0,0.0,0.0,0.0,0.0,0.0,0.0,5.0,0.0,3.0,5.0,0.0,3.0,0.0,0.0,0.0,0.0,0.0,0.0,0.0,0.0,2.0,0.0,2.0,0.0,"Dec 31, 2018"
296,1203016.0,27223.0,Erbil,Koisnjaq,Gashteyari,كشتياري,36.0902057,44.6623454,18.0,108.0,8.0,0.0,0.0,0.0,0.0,0.0,0.0,0.0,0.0,0.0,0.0,0.0,5.0,0.0,5.0,0.0,0.0,0.0,0.0,0.0,0.0,0.0,0.0,0.0,0.0,0.0,18.0,0.0,0.0,18.0,0.0,0.0,0.0,0.0,0.0,0.0,0.0,0.0,5.0,0.0,8.0,5.0,0.0,8.0,0.0,0.0,3.0,0.0,0.0,3.0,2.0,0.0,0.0,2.0,0.0,0.0,"Dec 31, 2018"
297,1204015.0,13569.0,Erbil,Makhmur,Debaga 1,مخيم ديبكه 1,35.8827783,43.8088048,1748.0,10488.0,4.0,0.0,1.0,0.0,0.0,0.0,1398.0,0.0,85.0,0.0,0.0,0.0,190.0,0.0,70.0,0.0,0.0,0.0,1748.0,0.0,0.0,0.0,0.0,0.0,0.0,0.0,0.0,0.0,0.0,0.0,0.0,0.0,0.0,0.0,0.0,0.0,0.0,0.0,0.0,0.0,160.0,0.0,45.0,160.0,321.0,45.0,4.0,321.0,1124.0,4.0,9.0,1124.0,85.0,9.0,85.0,0.0,"Dec 31, 2018"
298,1204028.0,29584.0,Erbil,Makhmur,Debaga 2,مخيم ديبكه 2,35.8789,43.803,131.0,786.0,0.0,0.0,0.0,0.0,0.0,0.0,81.0,0.0,14.0,0.0,0.0,0.0,14.0,0.0,22.0,0.0,0.0,0.0,131.0,0.0,0.0,0.0,0.0,0.0,0.0,0.0,0.0,0.0,0.0,0.0,0.0,0.0,0.0,0.0,0.0,0.0,0.0,0.0,0.0,0.0,22.0,0.0,0.0,22.0,0.0,0.0,0.0,0.0,6.0,0.0,8.0,6.0,95.0,8.0,95.0,0.0,"Dec 31, 2018"
299,1205001.0,27225.0,Erbil,Mergasur,Markaz Mergasur,مركز ميركسور,36.8353167,44.3131953,26.0,156.0,0.0,0.0,0.0,0.0,0.0,0.0,0.0,0.0,0.0,0.0,0.0,0.0,26.0,0.0,0.0,0.0,0.0,0.0,0.0,0.0,0.0,0.0,0.0,0.0,0.0,0.0,26.0,0.0,0.0,26.0,0.0,0.0,0.0,0.0,0.0,0.0,0.0,0.0,0.0,0.0,26.0,0.0,0.0,26.0,0.0,0.0,0.0,0.0,0.0,0.0,0.0,0.0,0.0,0.0,0.0,0.0,"Dec 31, 2018"
300,1206003.0,23907.0,Erbil,Shaqlawa,Bazar Khanzad,بازار خانزاد,36.403459,44.3422355,20.0,120.0,6.0,0.0,4.0,0.0,0.0,5.0,0.0,0.0,0.0,0.0,0.0,0.0,2.0,0.0,3.0,0.0,0.0,0.0,0.0,0.0,5.0,0.0,0.0,0.0,0.0,0.0,15.0,0.0,0.0,15.0,0.0,0.0,0.0,0.0,0.0,0.0,0.0,0.0,5.0,0.0,3.0,5.0,2.0,3.0,4.0,2.0,6.0,4.0,0.0,6.0,0.0,0.0,0.0,0.0,0.0,0.0,"Dec 31, 2018"
301,1206004.0,23713.0,Erbil,Shaqlawa,Betrma,بيترما,36.3946488,44.3424598,100.0,600.0,48.0,0.0,7.0,0.0,0.0,7.0,0.0,0.0,0.0,0.0,0.0,0.0,13.0,0.0,25.0,0.0,0.0,0.0,0.0,0.0,0.0,0.0,0.0,0.0,0.0,0.0,100.0,0.0,0.0,100.0,0.0,0.0,0.0,0.0,0.0,0.0,0.0,0.0,26.0,0.0,19.0,26.0,7.0,19.0,7.0,7.0,24.0,7.0,5.0,24.0,12.0,5.0,0.0,12.0,0.0,0.0,"Dec 31, 2018"
302,1206006.0,12172.0,Erbil,Shaqlawa,Harir,حرير,36.5502052,44.3453688,95.0,570.0,55.0,0.0,0.0,0.0,0.0,0.0,0.0,0.0,0.0,0.0,0.0,0.0,30.0,0.0,10.0,0.0,0.0,0.0,0.0,0.0,0.0,0.0,0.0,0.0,0.0,0.0,95.0,0.0,0.0,95.0,0.0,0.0,0.0,0.0,0.0,0.0,0.0,0.0,25.0,0.0,28.0,25.0,12.0,28.0,0.0,12.0,30.0,0.0,0.0,30.0,0.0,0.0,0.0,0.0,0.0,0.0,"Dec 31, 2018"
303,1206007.0,13372.0,Erbil,Shaqlawa,Harir-Batas,حرير-باتاس,36.5603397,44.334274731,35.0,210.0,15.0,0.0,0.0,0.0,0.0,0.0,0.0,0.0,0.0,0.0,0.0,0.0,5.0,0.0,15.0,0.0,0.0,0.0,0.0,0.0,0.0,0.0,0.0,0.0,0.0,0.0,35.0,0.0,0.0,35.0,0.0,0.0,0.0,0.0,0.0,0.0,0.0,0.0,7.0,0.0,15.0,7.0,5.0,15.0,0.0,5.0,8.0,0.0,0.0,8.0,0.0,0.0,0.0,0.0,0.0,0.0,"Dec 31, 2018"
304,1206008.0,12079.0,Erbil,Shaqlawa,Hiran,هيران ,36.2772151,44.4931456859,114.0,684.0,94.0,0.0,0.0,0.0,0.0,0.0,0.0,0.0,0.0,0.0,0.0,0.0,20.0,0.0,0.0,0.0,0.0,0.0,0.0,0.0,0.0,0.0,0.0,0.0,0.0,0.0,114.0,0.0,0.0,114.0,0.0,0.0,0.0,0.0,0.0,0.0,0.0,0.0,63.0,0.0,0.0,63.0,0.0,0.0,0.0,0.0,31.0,0.0,0.0,31.0,20.0,0.0,0.0,20.0,0.0,0.0,"Dec 31, 2018"
305,1206010.0,23698.0,Erbil,Shaqlawa,Sabirawa,سابيراوه,36.4015164,44.3458974,73.0,438.0,35.0,0.0,0.0,0.0,0.0,2.0,0.0,0.0,0.0,0.0,0.0,0.0,23.0,0.0,13.0,0.0,0.0,0.0,0.0,0.0,0.0,0.0,0.0,0.0,0.0,0.0,73.0,0.0,0.0,73.0,0.0,0.0,0.0,0.0,0.0,0.0,0.0,0.0,12.0,0.0,26.0,12.0,0.0,26.0,0.0,0.0,20.0,0.0,5.0,20.0,10.0,5.0,0.0,10.0,0.0,0.0,"Dec 31, 2018"
306,1206011.0,23741.0,Erbil,Shaqlawa,Safeen,سفين,36.4035677,44.3126218,75.0,450.0,51.0,0.0,0.0,0.0,0.0,0.0,0.0,0.0,0.0,0.0,0.0,0.0,15.0,0.0,9.0,0.0,0.0,0.0,0.0,0.0,5.0,0.0,0.0,0.0,0.0,0.0,70.0,0.0,0.0,70.0,0.0,0.0,0.0,0.0,0.0,0.0,0.0,0.0,35.0,0.0,9.0,35.0,15.0,9.0,0.0,15.0,6.0,0.0,5.0,6.0,0.0,5.0,5.0,0.0,5.0,0.0,"Dec 31, 2018"
307,1206012.0,12948.0,Erbil,Shaqlawa,Sarmidan-1(Ashti),سرميدان 1(اشتي),36.4129364,44.3029432985,80.0,480.0,50.0,0.0,0.0,0.0,0.0,5.0,0.0,0.0,0.0,0.0,0.0,0.0,15.0,0.0,10.0,0.0,0.0,0.0,0.0,0.0,0.0,0.0,0.0,0.0,0.0,0.0,80.0,0.0,0.0,80.0,0.0,0.0,0.0,0.0,0.0,0.0,0.0,0.0,25.0,0.0,0.0,25.0,10.0,0.0,12.0,10.0,10.0,12.0,5.0,10.0,13.0,5.0,5.0,13.0,5.0,0.0,"Dec 31, 2018"
308,1206013.0,23783.0,Erbil,Shaqlawa,Sarmidan-2(Azadi),سرميدان 2(ازادي),36.4103541,44.3165726,50.0,300.0,18.0,0.0,10.0,0.0,0.0,0.0,0.0,0.0,0.0,0.0,0.0,0.0,15.0,0.0,7.0,0.0,0.0,0.0,0.0,0.0,0.0,0.0,0.0,0.0,0.0,0.0,50.0,0.0,0.0,50.0,0.0,0.0,0.0,0.0,0.0,0.0,0.0,0.0,0.0,0.0,10.0,0.0,4.0,10.0,10.0,4.0,12.0,10.0,10.0,12.0,4.0,10.0,0.0,4.0,0.0,0.0,"Dec 31, 2018"
309,1206014.0,23784.0,Erbil,Shaqlawa,Sarmidan-3(Ashti),سر ميدان 3(اشتي),36.4121108,44.3102413473,47.0,282.0,30.0,0.0,3.0,0.0,0.0,0.0,0.0,0.0,0.0,0.0,0.0,0.0,5.0,0.0,9.0,0.0,0.0,0.0,0.0,0.0,0.0,0.0,0.0,0.0,0.0,0.0,47.0,0.0,0.0,47.0,0.0,0.0,0.0,0.0,0.0,0.0,0.0,0.0,10.0,0.0,4.0,10.0,9.0,4.0,3.0,9.0,20.0,3.0,1.0,20.0,0.0,1.0,0.0,0.0,0.0,0.0,"Dec 31, 2018"
310,1206015.0,23742.0,Erbil,Shaqlawa,Shahedan,شهيدان,36.4075659,44.3186095,143.0,858.0,130.0,0.0,0.0,0.0,0.0,3.0,0.0,0.0,0.0,0.0,0.0,0.0,5.0,0.0,5.0,0.0,0.0,0.0,0.0,0.0,0.0,0.0,0.0,0.0,0.0,0.0,143.0,0.0,0.0,143.0,0.0,0.0,0.0,0.0,0.0,0.0,0.0,0.0,70.0,0.0,22.0,70.0,6.0,22.0,0.0,6.0,23.0,0.0,17.0,23.0,0.0,17.0,5.0,0.0,5.0,0.0,"Dec 31, 2018"
311,1206016.0,24910.0,Erbil,Shaqlawa,Rizgari,رزكاري,36.5082511,44.3447619,7.0,42.0,5.0,0.0,0.0,0.0,0.0,0.0,0.0,0.0,0.0,0.0,0.0,0.0,2.0,0.0,0.0,0.0,0.0,0.0,0.0,0.0,0.0,0.0,0.0,0.0,0.0,0.0,7.0,0.0,0.0,7.0,0.0,0.0,0.0,0.0,0.0,0.0,0.0,0.0,5.0,0.0,0.0,5.0,2.0,0.0,0.0,2.0,0.0,0.0,0.0,0.0,0.0,0.0,0.0,0.0,0.0,0.0,"Dec 31, 2018"
312,1206017.0,12957.0,Erbil,Shaqlawa,Spigra,سبيكارا,36.3829007,44.3770004,94.0,564.0,88.0,0.0,0.0,0.0,0.0,0.0,0.0,0.0,0.0,0.0,0.0,0.0,0.0,0.0,6.0,0.0,0.0,0.0,0.0,0.0,0.0,0.0,0.0,0.0,0.0,0.0,94.0,0.0,0.0,94.0,0.0,0.0,0.0,0.0,0.0,0.0,0.0,0.0,30.0,0.0,6.0,30.0,0.0,6.0,0.0,0.0,58.0,0.0,0.0,58.0,0.0,0.0,0.0,0.0,0.0,0.0,"Dec 31, 2018"
313,1206019.0,27141.0,Erbil,Shaqlawa,Gulan,كولان ,36.4979068,44.358839,4.0,24.0,4.0,0.0,0.0,0.0,0.0,0.0,0.0,0.0,0.0,0.0,0.0,0.0,0.0,0.0,0.0,0.0,0.0,0.0,0.0,0.0,0.0,0.0,0.0,0.0,0.0,0.0,4.0,0.0,0.0,4.0,0.0,0.0,0.0,0.0,0.0,0.0,0.0,0.0,0.0,0.0,0.0,0.0,0.0,0.0,0.0,0.0,4.0,0.0,0.0,4.0,0.0,0.0,0.0,0.0,0.0,0.0,"Dec 31, 2018"
314,1206020.0,27143.0,Erbil,Shaqlawa,Khabat,خبات ,36.5052123,44.3468165,6.0,36.0,4.0,0.0,0.0,0.0,0.0,0.0,0.0,0.0,0.0,0.0,0.0,0.0,2.0,0.0,0.0,0.0,0.0,0.0,0.0,0.0,0.0,0.0,0.0,0.0,0.0,0.0,6.0,0.0,0.0,6.0,0.0,0.0,0.0,0.0,0.0,0.0,0.0,0.0,0.0,0.0,0.0,0.0,2.0,0.0,0.0,2.0,4.0,0.0,0.0,4.0,0.0,0.0,0.0,0.0,0.0,0.0,"Dec 31, 2018"
315,1206021.0,27142.0,Erbil,Shaqlawa,Kurdistan,كوردستان,36.4972053,44.3547215,3.0,18.0,3.0,0.0,0.0,0.0,0.0,0.0,0.0,0.0,0.0,0.0,0.0,0.0,0.0,0.0,0.0,0.0,0.0,0.0,0.0,0.0,0.0,0.0,0.0,0.0,0.0,0.0,3.0,0.0,0.0,3.0,0.0,0.0,0.0,0.0,0.0,0.0,0.0,0.0,0.0,0.0,0.0,0.0,0.0,0.0,0.0,0.0,3.0,0.0,0.0,3.0,0.0,0.0,0.0,0.0,0.0,0.0,"Dec 31, 2018"
316,1206022.0,27144.0,Erbil,Shaqlawa,Shorsh,شورش,36.5070266,44.3460042495,10.0,60.0,10.0,0.0,0.0,0.0,0.0,0.0,0.0,0.0,0.0,0.0,0.0,0.0,0.0,0.0,0.0,0.0,0.0,0.0,0.0,0.0,0.0,0.0,0.0,0.0,0.0,0.0,10.0,0.0,0.0,10.0,0.0,0.0,0.0,0.0,0.0,0.0,0.0,0.0,0.0,0.0,0.0,0.0,0.0,0.0,0.0,0.0,10.0,0.0,0.0,10.0,0.0,0.0,0.0,0.0,0.0,0.0,"Dec 31, 2018"
317,1207002.0,12277.0,Erbil,Soran,Khalifan(center),مركز(خليفان),36.6098454,44.4056227,30.0,180.0,10.0,0.0,12.0,0.0,0.0,0.0,0.0,0.0,0.0,0.0,0.0,0.0,8.0,0.0,0.0,0.0,0.0,0.0,0.0,0.0,0.0,0.0,0.0,0.0,0.0,0.0,30.0,0.0,0.0,30.0,0.0,0.0,0.0,0.0,0.0,0.0,0.0,0.0,0.0,0.0,8.0,0.0,7.0,8.0,10.0,7.0,5.0,10.0,0.0,5.0,0.0,0.0,0.0,0.0,0.0,0.0,"Dec 31, 2018"
318,1207003.0,12597.0,Erbil,Soran,Rawanduz District,مركز راوندوز,36.61405134,44.5269909,50.0,300.0,10.0,0.0,0.0,0.0,0.0,0.0,0.0,0.0,5.0,0.0,0.0,0.0,35.0,0.0,0.0,0.0,0.0,0.0,0.0,10.0,0.0,0.0,0.0,0.0,0.0,0.0,40.0,0.0,0.0,40.0,0.0,0.0,0.0,0.0,0.0,0.0,0.0,0.0,6.0,0.0,29.0,6.0,0.0,29.0,0.0,0.0,4.0,0.0,0.0,4.0,7.0,0.0,4.0,7.0,4.0,0.0,"Dec 31, 2018"
319,1207004.0,13141.0,Erbil,Soran,Soran District,مركز قضاء سوران,36.6552912,44.5406644,310.0,1860.0,279.0,0.0,0.0,0.0,0.0,0.0,0.0,0.0,16.0,0.0,0.0,0.0,5.0,0.0,10.0,0.0,0.0,0.0,0.0,10.0,0.0,0.0,0.0,0.0,0.0,0.0,300.0,0.0,0.0,300.0,0.0,0.0,0.0,0.0,0.0,0.0,0.0,0.0,205.0,0.0,8.0,205.0,21.0,8.0,0.0,21.0,60.0,0.0,0.0,60.0,0.0,0.0,16.0,0.0,16.0,0.0,"Dec 31, 2018"
320,1207006.0,27218.0,Erbil,Soran,Diana(Shahedan azady),ديانا(شهيدان ازادي),36.6681161,44.5370106,16.0,96.0,6.0,0.0,0.0,0.0,0.0,0.0,0.0,0.0,0.0,0.0,0.0,0.0,10.0,0.0,0.0,0.0,0.0,0.0,0.0,0.0,0.0,0.0,0.0,0.0,0.0,0.0,16.0,0.0,0.0,16.0,0.0,0.0,0.0,0.0,0.0,0.0,0.0,0.0,7.0,0.0,7.0,7.0,0.0,7.0,0.0,0.0,2.0,0.0,0.0,2.0,0.0,0.0,0.0,0.0,0.0,0.0,"Dec 31, 2018"
321,1207008.0,27198.0,Erbil,Soran,Hay mameel al qeer,حي معمل القير,36.5919395,44.3860076,13.0,78.0,3.0,0.0,2.0,0.0,0.0,0.0,0.0,0.0,0.0,0.0,0.0,0.0,8.0,0.0,0.0,0.0,0.0,0.0,0.0,0.0,0.0,0.0,0.0,0.0,0.0,0.0,13.0,0.0,0.0,13.0,0.0,0.0,0.0,0.0,0.0,0.0,0.0,0.0,3.0,0.0,3.0,3.0,0.0,3.0,2.0,0.0,0.0,2.0,1.0,0.0,4.0,1.0,0.0,4.0,0.0,0.0,"Dec 31, 2018"
322,1207009.0,27199.0,Erbil,Soran,kawrarash,كوررش,36.6093691,44.4027153,13.0,78.0,2.0,0.0,3.0,0.0,0.0,0.0,0.0,0.0,0.0,0.0,0.0,0.0,8.0,0.0,0.0,0.0,0.0,0.0,0.0,0.0,0.0,0.0,0.0,0.0,0.0,0.0,13.0,0.0,0.0,13.0,0.0,0.0,0.0,0.0,0.0,0.0,0.0,0.0,0.0,0.0,4.0,0.0,0.0,4.0,3.0,0.0,2.0,3.0,3.0,2.0,1.0,3.0,0.0,1.0,0.0,0.0,"Dec 31, 2018"
323,1207010.0,27202.0,Erbil,Soran,Soran(Hay al matar),سوران(حي المطار),36.6605379,44.5424547,8.0,48.0,6.0,0.0,0.0,0.0,0.0,0.0,0.0,0.0,0.0,0.0,0.0,0.0,0.0,0.0,2.0,0.0,0.0,0.0,0.0,0.0,0.0,0.0,0.0,0.0,0.0,0.0,8.0,0.0,0.0,8.0,0.0,0.0,0.0,0.0,0.0,0.0,0.0,0.0,6.0,0.0,2.0,6.0,0.0,2.0,0.0,0.0,0.0,0.0,0.0,0.0,0.0,0.0,0.0,0.0,0.0,0.0,"Dec 31, 2018"
324,1207011.0,27203.0,Erbil,Soran,Soran(26 Gulan),سوران(26 كولان),36.6607039,44.5440348,8.0,48.0,4.0,0.0,0.0,0.0,0.0,0.0,0.0,0.0,0.0,0.0,0.0,0.0,0.0,0.0,4.0,0.0,0.0,0.0,0.0,0.0,0.0,0.0,0.0,0.0,0.0,0.0,8.0,0.0,0.0,8.0,0.0,0.0,0.0,0.0,0.0,0.0,0.0,0.0,4.0,0.0,4.0,4.0,0.0,4.0,0.0,0.0,0.0,0.0,0.0,0.0,0.0,0.0,0.0,0.0,0.0,0.0,"Dec 31, 2018"
325,1207012.0,27204.0,Erbil,Soran,Soran(hay al etfaa),سوران(حي الاطفاء),36.6464852,44.5424953,12.0,72.0,6.0,0.0,0.0,0.0,0.0,0.0,0.0,0.0,0.0,0.0,0.0,0.0,0.0,0.0,6.0,0.0,0.0,0.0,0.0,0.0,0.0,0.0,0.0,0.0,0.0,0.0,12.0,0.0,0.0,12.0,0.0,0.0,0.0,0.0,0.0,0.0,0.0,0.0,3.0,0.0,6.0,3.0,0.0,6.0,0.0,0.0,3.0,0.0,0.0,3.0,0.0,0.0,0.0,0.0,0.0,0.0,"Dec 31, 2018"
326,1207015.0,27200.0,Erbil,Soran,Hamya,حاميه,36.6221652,44.5447272,12.0,72.0,0.0,0.0,0.0,0.0,0.0,0.0,0.0,0.0,0.0,0.0,0.0,0.0,12.0,0.0,0.0,0.0,0.0,0.0,0.0,0.0,0.0,12.0,0.0,0.0,12.0,0.0,0.0,0.0,0.0,0.0,0.0,0.0,0.0,0.0,0.0,0.0,0.0,0.0,0.0,0.0,0.0,0.0,9.0,0.0,0.0,9.0,0.0,0.0,0.0,0.0,3.0,0.0,0.0,3.0,0.0,0.0,"Dec 31, 2018"
327,1207017.0,31780.0,Erbil,Soran,Delzyan,دلزيان,36.6681032,44.5273977,20.0,120.0,0.0,0.0,0.0,0.0,0.0,0.0,0.0,0.0,0.0,0.0,0.0,0.0,20.0,0.0,0.0,0.0,0.0,0.0,0.0,0.0,0.0,20.0,0.0,0.0,20.0,0.0,0.0,0.0,0.0,0.0,0.0,0.0,0.0,0.0,0.0,0.0,0.0,0.0,0.0,0.0,0.0,0.0,20.0,0.0,0.0,20.0,0.0,0.0,0.0,0.0,0.0,0.0,0.0,0.0,0.0,0.0,"Dec 31, 2018"
328,1301003.0,24688.0,Sulaymaniyah,Chamchamal,Asuda,اسودة,35.5269308038,44.8137438,186.0,1116.0,48.0,47.0,13.0,0.0,0.0,1.0,0.0,0.0,32.0,0.0,0.0,0.0,0.0,0.0,45.0,0.0,0.0,0.0,0.0,0.0,0.0,0.0,0.0,0.0,0.0,0.0,154.0,0.0,0.0,154.0,0.0,0.0,0.0,0.0,32.0,0.0,0.0,32.0,20.0,0.0,26.0,20.0,18.0,26.0,41.0,18.0,16.0,41.0,7.0,16.0,15.0,7.0,43.0,15.0,43.0,0.0,"Dec 31, 2018"
329,1301004.0,6024.0,Sulaymaniyah,Chamchamal,Azady,ازادى,35.529988673,44.840731,206.0,1236.0,29.0,47.0,22.0,0.0,0.0,28.0,0.0,0.0,4.0,0.0,0.0,0.0,5.0,0.0,71.0,0.0,0.0,0.0,0.0,0.0,0.0,0.0,0.0,0.0,0.0,0.0,206.0,0.0,0.0,206.0,0.0,0.0,0.0,0.0,0.0,0.0,0.0,0.0,34.0,0.0,43.0,34.0,36.0,43.0,42.0,36.0,6.0,42.0,18.0,6.0,13.0,18.0,14.0,13.0,14.0,0.0,"Dec 31, 2018"
330,1301005.0,22080.0,Sulaymaniyah,Chamchamal,Bekas,بيكس,35.5377776842,44.8318011,72.0,432.0,22.0,8.0,4.0,0.0,0.0,15.0,0.0,0.0,7.0,0.0,0.0,0.0,3.0,0.0,13.0,0.0,0.0,0.0,0.0,0.0,0.0,0.0,0.0,0.0,0.0,0.0,72.0,0.0,0.0,72.0,0.0,0.0,0.0,0.0,0.0,0.0,0.0,0.0,7.0,0.0,8.0,7.0,2.0,8.0,10.0,2.0,5.0,10.0,9.0,5.0,15.0,9.0,16.0,15.0,16.0,0.0,"Dec 31, 2018"
331,1301006.0,24894.0,Sulaymaniyah,Chamchamal,Chamchamal-Raparin,جمجمال-رابرين,35.5236050223,44.822298,198.0,1188.0,20.0,53.0,20.0,0.0,0.0,26.0,0.0,0.0,27.0,0.0,0.0,0.0,5.0,0.0,47.0,0.0,0.0,0.0,0.0,0.0,0.0,0.0,0.0,0.0,0.0,0.0,198.0,0.0,0.0,198.0,0.0,0.0,0.0,0.0,0.0,0.0,0.0,0.0,13.0,0.0,43.0,13.0,46.0,43.0,39.0,46.0,3.0,39.0,4.0,3.0,2.0,4.0,48.0,2.0,48.0,0.0,"Dec 31, 2018"
332,1301007.0,6159.0,Sulaymaniyah,Chamchamal,Chamchamal-Rizgari,جمجمال-رزكاري,35.5398264531,44.8236395,35.0,210.0,4.0,5.0,4.0,0.0,0.0,1.0,0.0,0.0,15.0,0.0,0.0,0.0,0.0,0.0,6.0,0.0,0.0,0.0,0.0,0.0,0.0,0.0,0.0,0.0,0.0,0.0,35.0,0.0,0.0,35.0,0.0,0.0,0.0,0.0,0.0,0.0,0.0,0.0,6.0,0.0,6.0,6.0,0.0,6.0,5.0,0.0,1.0,5.0,2.0,1.0,0.0,2.0,15.0,0.0,15.0,0.0,"Dec 31, 2018"
333,1301008.0,25572.0,Sulaymaniyah,Chamchamal,Farqanikan,فرقانيكان,35.5094991,44.8317222,3.0,18.0,0.0,0.0,1.0,0.0,0.0,0.0,0.0,0.0,0.0,0.0,0.0,0.0,0.0,0.0,2.0,0.0,0.0,0.0,0.0,0.0,0.0,0.0,0.0,0.0,0.0,0.0,3.0,0.0,0.0,3.0,0.0,0.0,0.0,0.0,0.0,0.0,0.0,0.0,0.0,0.0,3.0,0.0,0.0,3.0,0.0,0.0,0.0,0.0,0.0,0.0,0.0,0.0,0.0,0.0,0.0,0.0,"Dec 31, 2018"
334,1301010.0,23669.0,Sulaymaniyah,Chamchamal,Handreen,هندرين,35.6268737,44.9651462,100.0,600.0,18.0,0.0,16.0,0.0,0.0,8.0,0.0,0.0,28.0,0.0,0.0,0.0,7.0,0.0,23.0,0.0,0.0,0.0,0.0,0.0,0.0,0.0,0.0,0.0,0.0,0.0,100.0,0.0,0.0,100.0,0.0,0.0,0.0,0.0,0.0,0.0,0.0,0.0,5.0,0.0,6.0,5.0,6.0,6.0,16.0,6.0,12.0,16.0,10.0,12.0,14.0,10.0,31.0,14.0,31.0,0.0,"Dec 31, 2018"
335,1301011.0,24686.0,Sulaymaniyah,Chamchamal,Harim,هريم,35.6315678,44.9631512,6.0,36.0,1.0,1.0,0.0,0.0,0.0,0.0,0.0,0.0,1.0,0.0,0.0,0.0,1.0,0.0,2.0,0.0,0.0,0.0,0.0,0.0,0.0,0.0,0.0,0.0,0.0,0.0,6.0,0.0,0.0,6.0,0.0,0.0,0.0,0.0,0.0,0.0,0.0,0.0,0.0,0.0,1.0,0.0,0.0,1.0,1.0,0.0,1.0,1.0,0.0,1.0,0.0,0.0,3.0,0.0,3.0,0.0,"Dec 31, 2018"
336,1301012.0,24216.0,Sulaymaniyah,Chamchamal,Jarmo City,جرمو ستى,35.5212222,44.8357638,41.0,246.0,14.0,1.0,4.0,0.0,0.0,2.0,0.0,0.0,4.0,0.0,0.0,0.0,2.0,0.0,14.0,0.0,0.0,0.0,0.0,0.0,0.0,0.0,0.0,0.0,0.0,0.0,41.0,0.0,0.0,41.0,0.0,0.0,0.0,0.0,0.0,0.0,0.0,0.0,2.0,0.0,13.0,2.0,11.0,13.0,4.0,11.0,3.0,4.0,2.0,3.0,0.0,2.0,6.0,0.0,6.0,0.0,"Dec 31, 2018"
337,1301014.0,20815.0,Sulaymaniyah,Chamchamal,MOFARIAKAN,موفريكان,35.5058412,44.8279305,8.0,48.0,8.0,0.0,0.0,0.0,0.0,0.0,0.0,0.0,0.0,0.0,0.0,0.0,0.0,0.0,0.0,0.0,0.0,0.0,0.0,0.0,0.0,0.0,0.0,0.0,0.0,0.0,8.0,0.0,0.0,8.0,0.0,0.0,0.0,0.0,0.0,0.0,0.0,0.0,3.0,0.0,3.0,3.0,0.0,3.0,2.0,0.0,0.0,2.0,0.0,0.0,0.0,0.0,0.0,0.0,0.0,0.0,"Dec 31, 2018"
338,1301016.0,4933.0,Sulaymaniyah,Chamchamal,Piryadi,بيريادى,35.5130974,44.8489363,79.0,474.0,4.0,6.0,4.0,0.0,0.0,6.0,0.0,0.0,18.0,0.0,0.0,0.0,13.0,0.0,28.0,0.0,0.0,0.0,0.0,0.0,0.0,0.0,0.0,0.0,0.0,0.0,79.0,0.0,0.0,79.0,0.0,0.0,0.0,0.0,0.0,0.0,0.0,0.0,6.0,0.0,11.0,6.0,3.0,11.0,8.0,3.0,1.0,8.0,0.0,1.0,0.0,0.0,50.0,0.0,50.0,0.0,"Dec 31, 2018"
339,1301017.0,24888.0,Sulaymaniyah,Chamchamal,Pura Gulla,بوره كوله,35.5413762871,44.8351707,50.0,300.0,12.0,15.0,4.0,0.0,0.0,3.0,0.0,0.0,3.0,0.0,0.0,0.0,1.0,0.0,12.0,0.0,0.0,0.0,0.0,0.0,0.0,0.0,0.0,0.0,0.0,0.0,50.0,0.0,0.0,50.0,0.0,0.0,0.0,0.0,0.0,0.0,0.0,0.0,12.0,0.0,1.0,12.0,0.0,1.0,9.0,0.0,3.0,9.0,11.0,3.0,10.0,11.0,4.0,10.0,4.0,0.0,"Dec 31, 2018"
340,1301018.0,21717.0,Sulaymaniyah,Chamchamal,Qadir Kir Mikan,قادركرميكان,35.5037607,44.8523393,43.0,258.0,12.0,1.0,4.0,0.0,0.0,0.0,0.0,0.0,9.0,0.0,0.0,0.0,1.0,0.0,16.0,0.0,0.0,0.0,0.0,0.0,0.0,0.0,0.0,0.0,0.0,0.0,43.0,0.0,0.0,43.0,0.0,0.0,0.0,0.0,0.0,0.0,0.0,0.0,4.0,0.0,10.0,4.0,0.0,10.0,8.0,0.0,0.0,8.0,1.0,0.0,2.0,1.0,18.0,2.0,18.0,0.0,"Dec 31, 2018"
341,1301019.0,24250.0,Sulaymaniyah,Chamchamal,Qarahanjiriakan,قرهنجيريكان,35.5032536,44.8426528,16.0,96.0,5.0,1.0,0.0,0.0,0.0,1.0,0.0,0.0,4.0,0.0,0.0,0.0,0.0,0.0,5.0,0.0,0.0,0.0,0.0,0.0,0.0,0.0,0.0,0.0,0.0,0.0,16.0,0.0,0.0,16.0,0.0,0.0,0.0,0.0,0.0,0.0,0.0,0.0,1.0,0.0,5.0,1.0,0.0,5.0,3.0,0.0,0.0,3.0,0.0,0.0,0.0,0.0,7.0,0.0,7.0,0.0,"Dec 31, 2018"
342,1301021.0,20813.0,Sulaymaniyah,Chamchamal,SANGAWIAKAN,سنكاويكان,35.51058,44.8367107,33.0,198.0,14.0,1.0,1.0,0.0,0.0,1.0,0.0,0.0,3.0,0.0,0.0,0.0,1.0,0.0,12.0,0.0,0.0,0.0,0.0,0.0,0.0,0.0,0.0,0.0,0.0,0.0,33.0,0.0,0.0,33.0,0.0,0.0,0.0,0.0,0.0,0.0,0.0,0.0,2.0,0.0,7.0,2.0,3.0,7.0,2.0,3.0,2.0,2.0,0.0,2.0,2.0,0.0,15.0,2.0,15.0,0.0,"Dec 31, 2018"
343,1301022.0,25573.0,Sulaymaniyah,Chamchamal,Shekhanikan,شيخانيكان,35.5140566,44.838405,2.0,12.0,1.0,0.0,1.0,0.0,0.0,0.0,0.0,0.0,0.0,0.0,0.0,0.0,0.0,0.0,0.0,0.0,0.0,0.0,0.0,0.0,0.0,0.0,0.0,0.0,0.0,0.0,2.0,0.0,0.0,2.0,0.0,0.0,0.0,0.0,0.0,0.0,0.0,0.0,1.0,0.0,1.0,1.0,0.0,1.0,0.0,0.0,0.0,0.0,0.0,0.0,0.0,0.0,0.0,0.0,0.0,0.0,"Dec 31, 2018"
344,1301023.0,24811.0,Sulaymaniyah,Chamchamal,Takya-Ashty,تكية-اشتى,35.6239196,44.9649222,22.0,132.0,1.0,1.0,1.0,0.0,0.0,0.0,0.0,0.0,10.0,0.0,0.0,0.0,5.0,0.0,4.0,0.0,0.0,0.0,0.0,0.0,0.0,0.0,0.0,0.0,0.0,0.0,22.0,0.0,0.0,22.0,0.0,0.0,0.0,0.0,0.0,0.0,0.0,0.0,0.0,0.0,0.0,0.0,3.0,0.0,5.0,3.0,1.0,5.0,2.0,1.0,2.0,2.0,9.0,2.0,9.0,0.0,"Dec 31, 2018"
345,1301024.0,24813.0,Sulaymaniyah,Chamchamal,Takya-Azadi,تكية-ازادى,35.6238672,44.9548877,40.0,240.0,4.0,0.0,8.0,0.0,0.0,3.0,0.0,0.0,0.0,0.0,0.0,0.0,10.0,0.0,15.0,0.0,0.0,0.0,0.0,0.0,0.0,0.0,0.0,0.0,0.0,0.0,40.0,0.0,0.0,40.0,0.0,0.0,0.0,0.0,0.0,0.0,0.0,0.0,0.0,0.0,1.0,0.0,4.0,1.0,2.0,4.0,3.0,2.0,7.0,3.0,17.0,7.0,6.0,17.0,6.0,0.0,"Dec 31, 2018"
346,1301025.0,24810.0,Sulaymaniyah,Chamchamal,Takya-Rizgari,تكية-رزكاري,35.6203928,44.9562706,16.0,96.0,3.0,0.0,2.0,0.0,0.0,1.0,0.0,0.0,1.0,0.0,0.0,0.0,5.0,0.0,4.0,0.0,0.0,0.0,0.0,0.0,0.0,0.0,0.0,0.0,0.0,0.0,16.0,0.0,0.0,16.0,0.0,0.0,0.0,0.0,0.0,0.0,0.0,0.0,0.0,0.0,0.0,0.0,4.0,0.0,4.0,4.0,6.0,4.0,0.0,6.0,0.0,0.0,2.0,0.0,2.0,0.0,"Dec 31, 2018"
347,1301026.0,24812.0,Sulaymaniyah,Chamchamal,Takya-Sharawny,تكية-شاروانى,35.6283123,44.958396,9.0,54.0,0.0,0.0,2.0,0.0,0.0,1.0,0.0,0.0,0.0,0.0,0.0,0.0,5.0,0.0,1.0,0.0,0.0,0.0,0.0,0.0,0.0,0.0,0.0,0.0,0.0,0.0,9.0,0.0,0.0,9.0,0.0,0.0,0.0,0.0,0.0,0.0,0.0,0.0,0.0,0.0,2.0,0.0,1.0,2.0,6.0,1.0,0.0,6.0,0.0,0.0,0.0,0.0,0.0,0.0,0.0,0.0,"Dec 31, 2018"
348,1301027.0,31933.0,Sulaymaniyah,Chamchamal,Sangawi kon,سنكاوي كون,35.2889667,45.1719111,16.0,96.0,0.0,0.0,0.0,0.0,0.0,8.0,0.0,0.0,0.0,0.0,0.0,0.0,1.0,0.0,7.0,0.0,0.0,0.0,0.0,0.0,0.0,0.0,0.0,0.0,0.0,0.0,16.0,0.0,0.0,16.0,0.0,0.0,0.0,0.0,0.0,0.0,0.0,0.0,0.0,0.0,2.0,0.0,3.0,2.0,0.0,3.0,4.0,0.0,2.0,4.0,0.0,2.0,5.0,0.0,5.0,0.0,"Dec 31, 2018"
349,1301028.0,31934.0,Sulaymaniyah,Chamchamal,Sharwani,شارواني,35.2849426,45.1829416,2.0,12.0,0.0,0.0,0.0,0.0,0.0,0.0,0.0,0.0,1.0,0.0,0.0,0.0,0.0,0.0,1.0,0.0,0.0,0.0,0.0,0.0,0.0,0.0,0.0,0.0,0.0,0.0,2.0,0.0,0.0,2.0,0.0,0.0,0.0,0.0,0.0,0.0,0.0,0.0,0.0,0.0,0.0,0.0,0.0,0.0,0.0,0.0,0.0,0.0,0.0,0.0,0.0,0.0,2.0,0.0,2.0,0.0,"Dec 31, 2018"
350,1301029.0,31935.0,Sulaymaniyah,Chamchamal,Kala rashi,كلة راشي,35.3507794,45.1647099,2.0,12.0,0.0,0.0,0.0,0.0,0.0,0.0,0.0,0.0,0.0,0.0,0.0,0.0,2.0,0.0,0.0,0.0,0.0,0.0,0.0,0.0,0.0,0.0,0.0,0.0,0.0,0.0,2.0,0.0,0.0,2.0,0.0,0.0,0.0,0.0,0.0,0.0,0.0,0.0,0.0,0.0,0.0,0.0,0.0,0.0,0.0,0.0,0.0,0.0,1.0,0.0,1.0,1.0,0.0,1.0,0.0,0.0,"Dec 31, 2018"
351,1301030.0,3424.0,Sulaymaniyah,Chamchamal,Hassan kanawesh,حسن كةنةويش,35.1637394,45.1612558,5.0,30.0,0.0,0.0,0.0,0.0,0.0,4.0,0.0,0.0,0.0,0.0,0.0,0.0,1.0,0.0,0.0,0.0,0.0,0.0,0.0,0.0,0.0,0.0,0.0,0.0,0.0,0.0,5.0,0.0,0.0,5.0,0.0,0.0,0.0,0.0,0.0,0.0,0.0,0.0,0.0,0.0,0.0,0.0,0.0,0.0,1.0,0.0,2.0,1.0,0.0,2.0,2.0,0.0,0.0,2.0,0.0,0.0,"Dec 31, 2018"
352,1301031.0,4797.0,Sulaymaniyah,Chamchamal,Hazar kani,هزار كاني,35.183746,45.3248991,12.0,72.0,0.0,0.0,0.0,0.0,0.0,9.0,0.0,0.0,0.0,0.0,0.0,0.0,1.0,0.0,2.0,0.0,0.0,0.0,0.0,0.0,0.0,0.0,0.0,0.0,0.0,0.0,12.0,0.0,0.0,12.0,0.0,0.0,0.0,0.0,0.0,0.0,0.0,0.0,0.0,0.0,0.0,0.0,2.0,0.0,2.0,2.0,1.0,2.0,2.0,1.0,3.0,2.0,2.0,3.0,2.0,0.0,"Dec 31, 2018"
353,1301032.0,3416.0,Sulaymaniyah,Chamchamal,Kichan,كيجان,35.2393623,45.2452317,8.0,48.0,0.0,0.0,0.0,0.0,0.0,6.0,0.0,0.0,0.0,0.0,0.0,0.0,0.0,0.0,2.0,0.0,0.0,0.0,0.0,0.0,0.0,0.0,0.0,0.0,0.0,0.0,8.0,0.0,0.0,8.0,0.0,0.0,0.0,0.0,0.0,0.0,0.0,0.0,1.0,0.0,0.0,1.0,0.0,0.0,2.0,0.0,0.0,2.0,4.0,0.0,1.0,4.0,0.0,1.0,0.0,0.0,"Dec 31, 2018"
354,1301033.0,3415.0,Sulaymaniyah,Chamchamal,Kirpchina,كيربجينا,35.2823771,45.2765563,8.0,48.0,0.0,0.0,1.0,0.0,0.0,5.0,0.0,0.0,0.0,0.0,0.0,0.0,1.0,0.0,1.0,0.0,0.0,0.0,0.0,0.0,0.0,0.0,0.0,0.0,0.0,0.0,8.0,0.0,0.0,8.0,0.0,0.0,0.0,0.0,0.0,0.0,0.0,0.0,1.0,0.0,0.0,1.0,0.0,0.0,0.0,0.0,0.0,0.0,2.0,0.0,2.0,2.0,3.0,2.0,3.0,0.0,"Dec 31, 2018"
355,1301034.0,3452.0,Sulaymaniyah,Chamchamal,Khdri,خدري,35.2976747,45.1783483,3.0,18.0,0.0,0.0,0.0,0.0,0.0,3.0,0.0,0.0,0.0,0.0,0.0,0.0,0.0,0.0,0.0,0.0,0.0,0.0,0.0,0.0,0.0,0.0,0.0,0.0,0.0,0.0,3.0,0.0,0.0,3.0,0.0,0.0,0.0,0.0,0.0,0.0,0.0,0.0,0.0,0.0,0.0,0.0,0.0,0.0,1.0,0.0,0.0,1.0,2.0,0.0,0.0,2.0,0.0,0.0,0.0,0.0,"Dec 31, 2018"
356,1301035.0,3513.0,Sulaymaniyah,Chamchamal,Kani Spika,كاني سبيكة,35.6934256,44.8913483,1.0,6.0,0.0,0.0,0.0,0.0,0.0,0.0,0.0,0.0,0.0,0.0,0.0,0.0,0.0,0.0,1.0,0.0,0.0,0.0,0.0,0.0,0.0,0.0,0.0,0.0,0.0,0.0,1.0,0.0,0.0,1.0,0.0,0.0,0.0,0.0,0.0,0.0,0.0,0.0,0.0,0.0,1.0,0.0,0.0,1.0,0.0,0.0,0.0,0.0,0.0,0.0,0.0,0.0,0.0,0.0,0.0,0.0,"Dec 31, 2018"
357,1301036.0,4729.0,Sulaymaniyah,Chamchamal,Dallawa kurdan,دالاوا كوردان,35.7800705,44.877494,5.0,30.0,1.0,0.0,1.0,0.0,0.0,0.0,0.0,0.0,0.0,0.0,0.0,0.0,2.0,0.0,1.0,0.0,0.0,0.0,0.0,0.0,0.0,0.0,0.0,0.0,0.0,0.0,5.0,0.0,0.0,5.0,0.0,0.0,0.0,0.0,0.0,0.0,0.0,0.0,0.0,0.0,3.0,0.0,1.0,3.0,0.0,1.0,0.0,0.0,1.0,0.0,0.0,1.0,0.0,0.0,0.0,0.0,"Dec 31, 2018"
358,1301037.0,4770.0,Sulaymaniyah,Chamchamal,Goptaya,كوبتةية,35.8478672,44.8345021,10.0,60.0,0.0,0.0,4.0,0.0,0.0,0.0,0.0,0.0,0.0,0.0,0.0,0.0,4.0,0.0,2.0,0.0,0.0,0.0,0.0,0.0,0.0,0.0,0.0,0.0,0.0,0.0,10.0,0.0,0.0,10.0,0.0,0.0,0.0,0.0,0.0,0.0,0.0,0.0,0.0,0.0,0.0,0.0,3.0,0.0,2.0,3.0,0.0,2.0,1.0,0.0,1.0,1.0,3.0,1.0,3.0,0.0,"Dec 31, 2018"
359,1301038.0,4805.0,Sulaymaniyah,Chamchamal,Iskandar Bk,اسكندر بك,35.8123568,44.7970724,3.0,18.0,0.0,0.0,0.0,0.0,0.0,0.0,0.0,0.0,0.0,0.0,0.0,0.0,3.0,0.0,0.0,0.0,0.0,0.0,0.0,0.0,0.0,0.0,0.0,0.0,0.0,0.0,3.0,0.0,0.0,3.0,0.0,0.0,0.0,0.0,0.0,0.0,0.0,0.0,0.0,0.0,0.0,0.0,0.0,0.0,0.0,0.0,0.0,0.0,0.0,0.0,0.0,0.0,3.0,0.0,3.0,0.0,"Dec 31, 2018"
360,1301039.0,4902.0,Sulaymaniyah,Chamchamal,Mayla,مايلة,35.8014815,44.9081246,4.0,24.0,1.0,0.0,1.0,0.0,0.0,0.0,0.0,0.0,1.0,0.0,0.0,0.0,0.0,0.0,1.0,0.0,0.0,0.0,0.0,0.0,0.0,0.0,0.0,0.0,0.0,0.0,4.0,0.0,0.0,4.0,0.0,0.0,0.0,0.0,0.0,0.0,0.0,0.0,0.0,0.0,0.0,0.0,0.0,0.0,0.0,0.0,0.0,0.0,1.0,0.0,1.0,1.0,2.0,1.0,2.0,0.0,"Dec 31, 2018"
361,1301040.0,5012.0,Sulaymaniyah,Chamchamal,Shekh Palawan,شيخ بالةوان,35.752336,44.8743252,8.0,48.0,1.0,1.0,1.0,0.0,0.0,0.0,0.0,0.0,0.0,0.0,0.0,0.0,2.0,0.0,3.0,0.0,0.0,0.0,0.0,0.0,0.0,0.0,0.0,0.0,0.0,0.0,8.0,0.0,0.0,8.0,0.0,0.0,0.0,0.0,0.0,0.0,0.0,0.0,0.0,0.0,0.0,0.0,2.0,0.0,2.0,2.0,0.0,2.0,1.0,0.0,2.0,1.0,1.0,2.0,1.0,0.0,"Dec 31, 2018"
362,1301041.0,5189.0,Sulaymaniyah,Chamchamal,Tawkal,تةوكةل,35.7175135,44.8695355,5.0,30.0,0.0,0.0,3.0,0.0,0.0,0.0,0.0,0.0,0.0,0.0,0.0,0.0,2.0,0.0,0.0,0.0,0.0,0.0,0.0,0.0,0.0,0.0,0.0,0.0,0.0,0.0,5.0,0.0,0.0,5.0,0.0,0.0,0.0,0.0,0.0,0.0,0.0,0.0,0.0,0.0,2.0,0.0,0.0,2.0,0.0,0.0,1.0,0.0,0.0,1.0,2.0,0.0,0.0,2.0,0.0,0.0,"Dec 31, 2018"
363,1301042.0,6013.0,Sulaymaniyah,Chamchamal,Galnaghag,كةلناغاج,35.8616905,44.7642407,1.0,6.0,0.0,0.0,0.0,0.0,0.0,0.0,0.0,0.0,0.0,0.0,0.0,0.0,1.0,0.0,0.0,0.0,0.0,0.0,0.0,0.0,0.0,0.0,0.0,0.0,0.0,0.0,1.0,0.0,0.0,1.0,0.0,0.0,0.0,0.0,0.0,0.0,0.0,0.0,0.0,0.0,1.0,0.0,0.0,1.0,0.0,0.0,0.0,0.0,0.0,0.0,0.0,0.0,0.0,0.0,0.0,0.0,"Dec 31, 2018"
364,1301043.0,6019.0,Sulaymaniyah,Chamchamal,Gird khabar,كرد خةبةر,35.8713495,44.7123337,6.0,36.0,1.0,0.0,1.0,0.0,0.0,0.0,0.0,0.0,0.0,0.0,0.0,0.0,3.0,0.0,1.0,0.0,0.0,0.0,0.0,0.0,0.0,0.0,0.0,0.0,0.0,0.0,6.0,0.0,0.0,6.0,0.0,0.0,0.0,0.0,0.0,0.0,0.0,0.0,0.0,0.0,0.0,0.0,0.0,0.0,1.0,0.0,0.0,1.0,0.0,0.0,2.0,0.0,3.0,2.0,3.0,0.0,"Dec 31, 2018"
365,1301044.0,21719.0,Sulaymaniyah,Chamchamal,Shahidan,شهيدان,35.7458189,44.8987014,3.0,18.0,0.0,0.0,2.0,0.0,0.0,0.0,0.0,0.0,0.0,0.0,0.0,0.0,0.0,0.0,1.0,0.0,0.0,0.0,0.0,0.0,0.0,0.0,0.0,0.0,0.0,0.0,3.0,0.0,0.0,3.0,0.0,0.0,0.0,0.0,0.0,0.0,0.0,0.0,0.0,0.0,3.0,0.0,0.0,3.0,0.0,0.0,0.0,0.0,0.0,0.0,0.0,0.0,0.0,0.0,0.0,0.0,"Dec 31, 2018"
366,1301045.0,22078.0,Sulaymaniyah,Chamchamal,Bani maqan,باني مقان,35.500923306,44.7802583,84.0,504.0,8.0,0.0,5.0,0.0,0.0,12.0,0.0,0.0,11.0,0.0,0.0,0.0,4.0,0.0,44.0,0.0,0.0,0.0,0.0,0.0,0.0,0.0,0.0,0.0,0.0,0.0,84.0,0.0,0.0,84.0,0.0,0.0,0.0,0.0,0.0,0.0,0.0,0.0,11.0,0.0,13.0,11.0,3.0,13.0,0.0,3.0,8.0,0.0,12.0,8.0,13.0,12.0,24.0,13.0,24.0,0.0,"Dec 31, 2018"
367,1301046.0,33300.0,Sulaymaniyah,Chamchamal,Dawajin,دواجن,35.4900301,44.8630185,66.0,396.0,8.0,8.0,10.0,0.0,0.0,9.0,0.0,0.0,0.0,0.0,0.0,0.0,25.0,0.0,6.0,0.0,0.0,0.0,0.0,0.0,0.0,0.0,0.0,0.0,0.0,0.0,66.0,0.0,0.0,66.0,0.0,0.0,0.0,0.0,0.0,0.0,0.0,0.0,0.0,0.0,17.0,0.0,8.0,17.0,8.0,8.0,4.0,8.0,7.0,4.0,2.0,7.0,20.0,2.0,20.0,0.0,"Dec 31, 2018"
368,1301047.0,21976.0,Sulaymaniyah,Chamchamal,Ashti,اشتي,35.5357857891,44.8256465,94.0,564.0,27.0,11.0,10.0,0.0,0.0,9.0,0.0,0.0,15.0,0.0,0.0,0.0,2.0,0.0,20.0,0.0,0.0,0.0,0.0,0.0,0.0,0.0,0.0,0.0,0.0,0.0,94.0,0.0,0.0,94.0,0.0,0.0,0.0,0.0,0.0,0.0,0.0,0.0,18.0,0.0,3.0,18.0,0.0,3.0,12.0,0.0,5.0,12.0,15.0,5.0,14.0,15.0,27.0,14.0,27.0,0.0,"Dec 31, 2018"
369,1301048.0,3519.0,Sulaymaniyah,Chamchamal,Kharabandalo,خةرةبةندةلو,35.6838803,44.9650433,2.0,12.0,0.0,0.0,1.0,0.0,0.0,1.0,0.0,0.0,0.0,0.0,0.0,0.0,0.0,0.0,0.0,0.0,0.0,0.0,0.0,0.0,0.0,0.0,0.0,0.0,0.0,0.0,2.0,0.0,0.0,2.0,0.0,0.0,0.0,0.0,0.0,0.0,0.0,0.0,1.0,0.0,1.0,1.0,0.0,1.0,0.0,0.0,0.0,0.0,0.0,0.0,0.0,0.0,0.0,0.0,0.0,0.0,"Dec 31, 2018"
370,1301049.0,3410.0,Sulaymaniyah,Chamchamal,sarqalla,سةرقلا,35.2491001,45.1558829,5.0,30.0,0.0,0.0,0.0,0.0,0.0,2.0,0.0,0.0,1.0,0.0,0.0,0.0,2.0,0.0,0.0,0.0,0.0,0.0,0.0,0.0,0.0,0.0,0.0,0.0,0.0,0.0,5.0,0.0,0.0,5.0,0.0,0.0,0.0,0.0,0.0,0.0,0.0,0.0,0.0,0.0,1.0,0.0,0.0,1.0,0.0,0.0,1.0,0.0,1.0,1.0,2.0,1.0,0.0,2.0,0.0,0.0,"Dec 31, 2018"
371,1301050.0,3461.0,Sulaymaniyah,Chamchamal,hashazini,هةشة زيني,35.4038402,45.1180675,4.0,24.0,0.0,0.0,2.0,0.0,0.0,2.0,0.0,0.0,0.0,0.0,0.0,0.0,0.0,0.0,0.0,0.0,0.0,0.0,0.0,0.0,0.0,0.0,0.0,0.0,0.0,0.0,4.0,0.0,0.0,4.0,0.0,0.0,0.0,0.0,0.0,0.0,0.0,0.0,0.0,0.0,0.0,0.0,0.0,0.0,0.0,0.0,2.0,0.0,0.0,2.0,2.0,0.0,0.0,2.0,0.0,0.0,"Dec 31, 2018"
372,1301051.0,4809.0,Sulaymaniyah,Chamchamal,jamrez,جامريز,35.1268786,45.2422341,3.0,18.0,0.0,0.0,0.0,0.0,0.0,2.0,0.0,0.0,0.0,0.0,0.0,0.0,0.0,0.0,1.0,0.0,0.0,0.0,0.0,0.0,0.0,0.0,0.0,0.0,0.0,0.0,3.0,0.0,0.0,3.0,0.0,0.0,0.0,0.0,0.0,0.0,0.0,0.0,0.0,0.0,0.0,0.0,0.0,0.0,0.0,0.0,0.0,0.0,1.0,0.0,2.0,1.0,0.0,2.0,0.0,0.0,"Dec 31, 2018"
373,1302001.0,24253.0,Sulaymaniyah,Darbandikhan,Campe khwarw,كمبى خوارو,35.0974312,45.6949014,34.0,204.0,7.0,0.0,6.0,0.0,0.0,20.0,0.0,0.0,0.0,0.0,0.0,0.0,0.0,0.0,1.0,0.0,0.0,0.0,0.0,0.0,0.0,0.0,0.0,0.0,0.0,0.0,34.0,0.0,0.0,34.0,0.0,0.0,0.0,0.0,0.0,0.0,0.0,0.0,0.0,0.0,19.0,0.0,1.0,19.0,8.0,1.0,4.0,8.0,0.0,4.0,2.0,0.0,0.0,2.0,0.0,0.0,"Dec 31, 2018"
374,1302002.0,6301.0,Sulaymaniyah,Darbandikhan,Hawara barza,هواربرزة,35.1241329,45.6826464,101.0,606.0,9.0,0.0,15.0,0.0,0.0,31.0,0.0,0.0,1.0,0.0,0.0,0.0,1.0,0.0,44.0,0.0,0.0,0.0,0.0,0.0,0.0,0.0,0.0,0.0,0.0,0.0,101.0,0.0,0.0,101.0,0.0,0.0,0.0,0.0,0.0,0.0,0.0,0.0,7.0,0.0,40.0,7.0,5.0,40.0,29.0,5.0,10.0,29.0,7.0,10.0,2.0,7.0,1.0,2.0,1.0,0.0,"Dec 31, 2018"
375,1302003.0,24252.0,Sulaymaniyah,Darbandikhan,Kanisard,كانى سارد,35.1172587,45.667113,81.0,486.0,6.0,0.0,0.0,0.0,0.0,48.0,0.0,0.0,0.0,0.0,0.0,0.0,0.0,0.0,27.0,0.0,0.0,0.0,0.0,0.0,0.0,0.0,0.0,0.0,0.0,0.0,81.0,0.0,0.0,81.0,0.0,0.0,0.0,0.0,0.0,0.0,0.0,0.0,0.0,0.0,26.0,0.0,18.0,26.0,24.0,18.0,5.0,24.0,8.0,5.0,0.0,8.0,0.0,0.0,0.0,0.0,"Dec 31, 2018"
376,1302004.0,24251.0,Sulaymaniyah,Darbandikhan,Kanito,كانى توو,35.1124805,45.6896322,123.0,738.0,7.0,0.0,8.0,0.0,0.0,86.0,0.0,0.0,0.0,0.0,0.0,0.0,0.0,0.0,22.0,0.0,0.0,0.0,0.0,0.0,0.0,0.0,0.0,0.0,0.0,0.0,123.0,0.0,0.0,123.0,0.0,0.0,0.0,0.0,0.0,0.0,0.0,0.0,4.0,0.0,34.0,4.0,14.0,34.0,37.0,14.0,10.0,37.0,16.0,10.0,6.0,16.0,2.0,6.0,2.0,0.0,"Dec 31, 2018"
377,1302005.0,24670.0,Sulaymaniyah,Darbandikhan,Sara,سرا,35.1079729,45.6886106,90.0,540.0,5.0,0.0,11.0,0.0,0.0,51.0,0.0,0.0,0.0,0.0,0.0,0.0,5.0,0.0,18.0,0.0,0.0,0.0,0.0,0.0,0.0,0.0,0.0,0.0,0.0,0.0,90.0,0.0,0.0,90.0,0.0,0.0,0.0,0.0,0.0,0.0,0.0,0.0,0.0,0.0,35.0,0.0,16.0,35.0,21.0,16.0,8.0,21.0,6.0,8.0,4.0,6.0,0.0,4.0,0.0,0.0,"Dec 31, 2018"
378,1302007.0,29514.0,Sulaymaniyah,Darbandikhan,Shahidan,شهيدان,35.1141081,45.6775173,9.0,54.0,0.0,0.0,2.0,0.0,0.0,6.0,0.0,0.0,0.0,0.0,0.0,0.0,0.0,0.0,1.0,0.0,0.0,0.0,0.0,0.0,0.0,0.0,0.0,0.0,0.0,0.0,9.0,0.0,0.0,9.0,0.0,0.0,0.0,0.0,0.0,0.0,0.0,0.0,2.0,0.0,3.0,2.0,0.0,3.0,1.0,0.0,0.0,1.0,3.0,0.0,0.0,3.0,0.0,0.0,0.0,0.0,"Dec 31, 2018"
379,1302008.0,29515.0,Sulaymaniyah,Darbandikhan,Shoresh,شورش,35.1140736,45.6796988,23.0,138.0,2.0,2.0,2.0,0.0,0.0,11.0,0.0,0.0,0.0,0.0,0.0,0.0,0.0,0.0,6.0,0.0,0.0,0.0,0.0,0.0,0.0,0.0,0.0,0.0,0.0,0.0,23.0,0.0,0.0,23.0,0.0,0.0,0.0,0.0,0.0,0.0,0.0,0.0,0.0,0.0,10.0,0.0,3.0,10.0,4.0,3.0,2.0,4.0,3.0,2.0,1.0,3.0,0.0,1.0,0.0,0.0,"Dec 31, 2018"
380,1302009.0,29516.0,Sulaymaniyah,Darbandikhan,Sharwani,شارواني,35.1135457,45.6819658,86.0,516.0,4.0,0.0,16.0,0.0,0.0,31.0,0.0,0.0,0.0,0.0,0.0,0.0,1.0,0.0,34.0,0.0,0.0,0.0,0.0,0.0,0.0,0.0,0.0,0.0,0.0,0.0,86.0,0.0,0.0,86.0,0.0,0.0,0.0,0.0,0.0,0.0,0.0,0.0,0.0,0.0,21.0,0.0,8.0,21.0,14.0,8.0,17.0,14.0,7.0,17.0,11.0,7.0,8.0,11.0,8.0,0.0,"Dec 31, 2018"
381,1302010.0,29517.0,Sulaymaniyah,Darbandikhan,Khelan,خيلان,35.1101359,45.6839061,121.0,726.0,11.0,0.0,17.0,0.0,0.0,73.0,0.0,0.0,0.0,0.0,0.0,0.0,0.0,0.0,20.0,0.0,0.0,0.0,0.0,0.0,0.0,0.0,0.0,0.0,0.0,0.0,121.0,0.0,0.0,121.0,0.0,0.0,0.0,0.0,0.0,0.0,0.0,0.0,4.0,0.0,25.0,4.0,13.0,25.0,30.0,13.0,19.0,30.0,18.0,19.0,11.0,18.0,1.0,11.0,1.0,0.0,"Dec 31, 2018"
382,1302011.0,5093.0,Sulaymaniyah,Darbandikhan,Zarayan Kon,زرايان كون,35.300752,45.6809825,23.0,138.0,10.0,0.0,7.0,0.0,0.0,6.0,0.0,0.0,0.0,0.0,0.0,0.0,0.0,0.0,0.0,0.0,0.0,0.0,0.0,0.0,0.0,0.0,0.0,0.0,0.0,0.0,23.0,0.0,0.0,23.0,0.0,0.0,0.0,0.0,0.0,0.0,0.0,0.0,0.0,0.0,6.0,0.0,5.0,6.0,5.0,5.0,3.0,5.0,4.0,3.0,0.0,4.0,0.0,0.0,0.0,0.0,"Dec 31, 2018"
383,1302012.0,29704.0,Sulaymaniyah,Darbandikhan,Raparine,رابرين,35.3164997,45.6688222,36.0,216.0,15.0,3.0,6.0,0.0,0.0,9.0,0.0,0.0,0.0,0.0,0.0,0.0,1.0,0.0,2.0,0.0,0.0,0.0,0.0,0.0,0.0,0.0,0.0,0.0,0.0,0.0,36.0,0.0,0.0,36.0,0.0,0.0,0.0,0.0,0.0,0.0,0.0,0.0,0.0,0.0,6.0,0.0,2.0,6.0,11.0,2.0,12.0,11.0,5.0,12.0,0.0,5.0,0.0,0.0,0.0,0.0,"Dec 31, 2018"
384,1302013.0,29705.0,Sulaymaniyah,Darbandikhan,Roshambiran,روشمبيران,35.3159821,45.6769478,18.0,108.0,3.0,0.0,3.0,0.0,0.0,6.0,0.0,0.0,0.0,0.0,0.0,0.0,0.0,0.0,6.0,0.0,0.0,0.0,0.0,0.0,0.0,0.0,0.0,0.0,0.0,0.0,18.0,0.0,0.0,18.0,0.0,0.0,0.0,0.0,0.0,0.0,0.0,0.0,0.0,0.0,5.0,0.0,2.0,5.0,7.0,2.0,1.0,7.0,3.0,1.0,0.0,3.0,0.0,0.0,0.0,0.0,"Dec 31, 2018"
385,1302014.0,29693.0,Sulaymaniyah,Darbandikhan,Kani mil,كاني ميل,35.3050166,45.677794,33.0,198.0,7.0,2.0,13.0,0.0,0.0,7.0,0.0,0.0,0.0,0.0,0.0,0.0,0.0,0.0,4.0,0.0,0.0,0.0,0.0,0.0,0.0,0.0,0.0,0.0,0.0,0.0,33.0,0.0,0.0,33.0,0.0,0.0,0.0,0.0,0.0,0.0,0.0,0.0,0.0,0.0,7.0,0.0,3.0,7.0,6.0,3.0,12.0,6.0,3.0,12.0,1.0,3.0,1.0,1.0,1.0,0.0,"Dec 31, 2018"
386,1302015.0,5128.0,Sulaymaniyah,Darbandikhan,Azaban,عازبان,35.2039941,45.7236844,5.0,30.0,0.0,0.0,0.0,0.0,0.0,5.0,0.0,0.0,0.0,0.0,0.0,0.0,0.0,0.0,0.0,0.0,0.0,0.0,0.0,0.0,0.0,0.0,0.0,0.0,0.0,0.0,5.0,0.0,0.0,5.0,0.0,0.0,0.0,0.0,0.0,0.0,0.0,0.0,0.0,0.0,3.0,0.0,0.0,3.0,2.0,0.0,0.0,2.0,0.0,0.0,0.0,0.0,0.0,0.0,0.0,0.0,"Dec 31, 2018"
387,1302016.0,3565.0,Sulaymaniyah,Darbandikhan,Diwana,ديوانة,35.1831326,45.5739547,9.0,54.0,0.0,0.0,0.0,0.0,0.0,1.0,0.0,0.0,0.0,0.0,0.0,0.0,0.0,0.0,8.0,0.0,0.0,0.0,0.0,0.0,0.0,0.0,0.0,0.0,0.0,0.0,9.0,0.0,0.0,9.0,0.0,0.0,0.0,0.0,0.0,0.0,0.0,0.0,0.0,0.0,7.0,0.0,0.0,7.0,0.0,0.0,0.0,0.0,2.0,0.0,0.0,2.0,0.0,0.0,0.0,0.0,"Dec 31, 2018"
388,1302017.0,33463.0,Sulaymaniyah,Darbandikhan,Jamerga,جةمركة,35.1491349,45.6475862,9.0,54.0,0.0,0.0,2.0,0.0,0.0,3.0,0.0,0.0,0.0,0.0,0.0,0.0,0.0,0.0,4.0,0.0,0.0,0.0,0.0,0.0,0.0,0.0,0.0,0.0,0.0,0.0,9.0,0.0,0.0,9.0,0.0,0.0,0.0,0.0,0.0,0.0,0.0,0.0,0.0,0.0,5.0,0.0,1.0,5.0,1.0,1.0,0.0,1.0,2.0,0.0,0.0,2.0,0.0,0.0,0.0,0.0,"Dec 31, 2018"
389,1302018.0,33464.0,Sulaymaniyah,Darbandikhan,Bongla,بونكلة,35.0172837,45.5897353,6.0,36.0,0.0,0.0,0.0,0.0,0.0,5.0,0.0,0.0,0.0,0.0,0.0,0.0,0.0,0.0,1.0,0.0,0.0,0.0,0.0,0.0,0.0,0.0,0.0,0.0,0.0,0.0,6.0,0.0,0.0,6.0,0.0,0.0,0.0,0.0,0.0,0.0,0.0,0.0,0.0,0.0,2.0,0.0,0.0,2.0,3.0,0.0,0.0,3.0,0.0,0.0,0.0,0.0,1.0,0.0,1.0,0.0,"Dec 31, 2018"
390,1303002.0,23924.0,Sulaymaniyah,Dokan,Banwan,بانوان,35.9328361,44.9642292,66.0,396.0,27.0,10.0,0.0,0.0,0.0,13.0,0.0,0.0,4.0,0.0,0.0,0.0,8.0,0.0,4.0,0.0,0.0,0.0,0.0,0.0,0.0,0.0,0.0,0.0,0.0,0.0,66.0,0.0,0.0,66.0,0.0,0.0,0.0,0.0,0.0,0.0,0.0,0.0,13.0,0.0,19.0,13.0,11.0,19.0,12.0,11.0,6.0,12.0,0.0,6.0,0.0,0.0,5.0,0.0,5.0,0.0,"Dec 31, 2018"
391,1303003.0,23721.0,Sulaymaniyah,Dokan,Chawa spy,جوسبى,35.9313984,44.9690877,30.0,180.0,18.0,2.0,4.0,0.0,0.0,2.0,0.0,0.0,4.0,0.0,0.0,0.0,0.0,0.0,0.0,0.0,0.0,0.0,0.0,0.0,0.0,0.0,0.0,0.0,0.0,0.0,30.0,0.0,0.0,30.0,0.0,0.0,0.0,0.0,0.0,0.0,0.0,0.0,4.0,0.0,4.0,4.0,5.0,4.0,8.0,5.0,4.0,8.0,0.0,4.0,0.0,0.0,5.0,0.0,5.0,0.0,"Dec 31, 2018"
392,1303005.0,23162.0,Sulaymaniyah,Dokan,Dakani Suro,دكانى سرو,35.9435058,44.9691445,7.0,42.0,2.0,0.0,1.0,0.0,0.0,0.0,0.0,0.0,0.0,0.0,0.0,0.0,4.0,0.0,0.0,0.0,0.0,0.0,0.0,0.0,0.0,0.0,0.0,0.0,0.0,0.0,7.0,0.0,0.0,7.0,0.0,0.0,0.0,0.0,0.0,0.0,0.0,0.0,2.0,0.0,0.0,2.0,5.0,0.0,0.0,5.0,0.0,0.0,0.0,0.0,0.0,0.0,0.0,0.0,0.0,0.0,"Dec 31, 2018"
393,1303006.0,24553.0,Sulaymaniyah,Dokan,Farmanbaran,فرمانبران,35.9351554,44.9557487,40.0,240.0,10.0,2.0,3.0,0.0,0.0,15.0,0.0,0.0,0.0,0.0,0.0,0.0,3.0,0.0,7.0,0.0,0.0,0.0,0.0,0.0,0.0,0.0,0.0,0.0,0.0,0.0,40.0,0.0,0.0,40.0,0.0,0.0,0.0,0.0,0.0,0.0,0.0,0.0,10.0,0.0,11.0,10.0,9.0,11.0,10.0,9.0,0.0,10.0,0.0,0.0,0.0,0.0,0.0,0.0,0.0,0.0,"Dec 31, 2018"
394,1303007.0,5229.0,Sulaymaniyah,Dokan,Kani Khan,كاني خان,35.8641594,45.0411536,3.0,18.0,0.0,2.0,0.0,0.0,0.0,0.0,0.0,0.0,0.0,0.0,0.0,0.0,1.0,0.0,0.0,0.0,0.0,0.0,0.0,0.0,0.0,0.0,0.0,0.0,0.0,0.0,3.0,0.0,0.0,3.0,0.0,0.0,0.0,0.0,0.0,0.0,0.0,0.0,0.0,0.0,2.0,0.0,1.0,2.0,0.0,1.0,0.0,0.0,0.0,0.0,0.0,0.0,0.0,0.0,0.0,0.0,"Dec 31, 2018"
395,1303009.0,3617.0,Sulaymaniyah,Dokan,Kotal,كوتال,35.8388028,45.0791819,19.0,114.0,5.0,2.0,0.0,0.0,0.0,2.0,0.0,0.0,0.0,0.0,0.0,0.0,9.0,0.0,1.0,0.0,0.0,0.0,0.0,0.0,0.0,0.0,0.0,0.0,0.0,0.0,19.0,0.0,0.0,19.0,0.0,0.0,0.0,0.0,0.0,0.0,0.0,0.0,0.0,0.0,11.0,0.0,8.0,11.0,0.0,8.0,0.0,0.0,0.0,0.0,0.0,0.0,0.0,0.0,0.0,0.0,"Dec 31, 2018"
396,1303011.0,23333.0,Sulaymaniyah,Dokan,Pishowa,بيشوا,35.7378464,45.1423851,89.0,534.0,6.0,30.0,16.0,0.0,0.0,12.0,0.0,0.0,2.0,0.0,0.0,0.0,9.0,0.0,14.0,0.0,0.0,0.0,0.0,0.0,0.0,0.0,0.0,0.0,0.0,0.0,89.0,0.0,0.0,89.0,0.0,0.0,0.0,0.0,0.0,0.0,0.0,0.0,9.0,0.0,34.0,9.0,9.0,34.0,25.0,9.0,0.0,25.0,8.0,0.0,0.0,8.0,4.0,0.0,4.0,0.0,"Dec 31, 2018"
397,1303012.0,3613.0,Sulaymaniyah,Dokan,Qamchugha,قمجوغة,35.9077476,44.9796553,107.0,642.0,10.0,36.0,9.0,0.0,0.0,13.0,0.0,0.0,4.0,0.0,0.0,0.0,22.0,0.0,13.0,0.0,0.0,0.0,0.0,0.0,0.0,0.0,0.0,0.0,0.0,0.0,107.0,0.0,0.0,107.0,0.0,0.0,0.0,0.0,0.0,0.0,0.0,0.0,20.0,0.0,23.0,20.0,54.0,23.0,2.0,54.0,4.0,2.0,0.0,4.0,0.0,0.0,4.0,0.0,4.0,0.0,"Dec 31, 2018"
398,1303013.0,24213.0,Sulaymaniyah,Dokan,Sara,سارا,35.7270477,45.1524679,95.0,570.0,10.0,43.0,14.0,0.0,0.0,18.0,0.0,0.0,0.0,0.0,0.0,0.0,7.0,0.0,3.0,0.0,0.0,0.0,0.0,0.0,0.0,0.0,0.0,0.0,0.0,0.0,95.0,0.0,0.0,95.0,0.0,0.0,0.0,0.0,0.0,0.0,0.0,0.0,24.0,0.0,44.0,24.0,8.0,44.0,10.0,8.0,3.0,10.0,6.0,3.0,0.0,6.0,0.0,0.0,0.0,0.0,"Dec 31, 2018"
399,1303014.0,23923.0,Sulaymaniyah,Dokan,Sarcham,سرجم,35.9279122,44.9622742,40.0,240.0,18.0,1.0,2.0,0.0,0.0,12.0,0.0,0.0,0.0,0.0,0.0,0.0,7.0,0.0,0.0,0.0,0.0,0.0,0.0,0.0,0.0,0.0,0.0,0.0,0.0,0.0,38.0,0.0,0.0,38.0,0.0,0.0,2.0,0.0,0.0,2.0,0.0,0.0,12.0,0.0,6.0,12.0,7.0,6.0,10.0,7.0,5.0,10.0,0.0,5.0,0.0,0.0,0.0,0.0,0.0,0.0,"Dec 31, 2018"
400,1303015.0,6305.0,Sulaymaniyah,Dokan,Shaheedan,شهيدان,35.7314435,45.1374075,53.0,318.0,6.0,12.0,5.0,0.0,0.0,20.0,0.0,0.0,0.0,0.0,0.0,0.0,10.0,0.0,0.0,0.0,0.0,0.0,0.0,0.0,0.0,0.0,0.0,0.0,0.0,0.0,53.0,0.0,0.0,53.0,0.0,0.0,0.0,0.0,0.0,0.0,0.0,0.0,5.0,0.0,26.0,5.0,7.0,26.0,9.0,7.0,0.0,9.0,6.0,0.0,0.0,6.0,0.0,0.0,0.0,0.0,"Dec 31, 2018"
401,1303016.0,6306.0,Sulaymaniyah,Dokan,Sharawany,شاروانى,35.733289,45.1446748,66.0,396.0,5.0,26.0,10.0,0.0,0.0,12.0,0.0,0.0,0.0,0.0,0.0,0.0,9.0,0.0,4.0,0.0,0.0,0.0,0.0,0.0,0.0,0.0,0.0,0.0,0.0,0.0,66.0,0.0,0.0,66.0,0.0,0.0,0.0,0.0,0.0,0.0,0.0,0.0,9.0,0.0,34.0,9.0,10.0,34.0,10.0,10.0,0.0,10.0,3.0,0.0,0.0,3.0,0.0,0.0,0.0,0.0,"Dec 31, 2018"
402,1303017.0,3605.0,Sulaymaniyah,Dokan,Surdash,سورداش,35.8591378,45.1016797,19.0,114.0,0.0,4.0,2.0,0.0,0.0,1.0,0.0,0.0,0.0,0.0,0.0,0.0,11.0,0.0,1.0,0.0,0.0,0.0,0.0,2.0,0.0,0.0,0.0,0.0,0.0,0.0,17.0,0.0,0.0,17.0,0.0,0.0,0.0,0.0,0.0,0.0,0.0,0.0,0.0,0.0,7.0,0.0,11.0,7.0,0.0,11.0,0.0,0.0,0.0,0.0,0.0,0.0,1.0,0.0,1.0,0.0,"Dec 31, 2018"
403,1303018.0,3593.0,Sulaymaniyah,Dokan,Timar,تيمار,35.8574417,45.0769418,10.0,60.0,1.0,5.0,0.0,0.0,0.0,0.0,0.0,0.0,0.0,0.0,0.0,0.0,2.0,0.0,2.0,0.0,0.0,0.0,0.0,0.0,0.0,0.0,0.0,0.0,0.0,0.0,10.0,0.0,0.0,10.0,0.0,0.0,0.0,0.0,0.0,0.0,0.0,0.0,1.0,0.0,7.0,1.0,2.0,7.0,0.0,2.0,0.0,0.0,0.0,0.0,0.0,0.0,0.0,0.0,0.0,0.0,"Dec 31, 2018"
404,1303019.0,24554.0,Sulaymaniyah,Dokan,Tokma,توكمة,35.7246294,45.1440548,19.0,114.0,0.0,6.0,2.0,0.0,0.0,9.0,0.0,0.0,0.0,0.0,0.0,0.0,1.0,0.0,1.0,0.0,0.0,0.0,0.0,0.0,0.0,0.0,0.0,0.0,0.0,0.0,19.0,0.0,0.0,19.0,0.0,0.0,0.0,0.0,0.0,0.0,0.0,0.0,2.0,0.0,6.0,2.0,0.0,6.0,9.0,0.0,0.0,9.0,2.0,0.0,0.0,2.0,0.0,0.0,0.0,0.0,"Dec 31, 2018"
405,1303020.0,5068.0,Sulaymaniyah,Dokan,Topzawa,توبزاوا,35.9572654,44.9861496,11.0,66.0,5.0,2.0,0.0,0.0,0.0,1.0,0.0,0.0,0.0,0.0,0.0,0.0,1.0,0.0,2.0,0.0,0.0,0.0,0.0,0.0,0.0,0.0,0.0,0.0,0.0,0.0,11.0,0.0,0.0,11.0,0.0,0.0,0.0,0.0,0.0,0.0,0.0,0.0,1.0,0.0,7.0,1.0,1.0,7.0,1.0,1.0,1.0,1.0,0.0,1.0,0.0,0.0,0.0,0.0,0.0,0.0,"Dec 31, 2018"
406,1303025.0,5238.0,Sulaymaniyah,Dokan,Mergapan,ميركبان,35.7956429,45.2535359,37.0,222.0,3.0,0.0,0.0,0.0,0.0,7.0,0.0,0.0,0.0,0.0,0.0,0.0,27.0,0.0,0.0,0.0,0.0,0.0,0.0,0.0,0.0,0.0,0.0,0.0,0.0,0.0,37.0,0.0,0.0,37.0,0.0,0.0,0.0,0.0,0.0,0.0,0.0,0.0,0.0,0.0,8.0,0.0,29.0,8.0,0.0,29.0,0.0,0.0,0.0,0.0,0.0,0.0,0.0,0.0,0.0,0.0,"Dec 31, 2018"
407,1303026.0,31966.0,Sulaymaniyah,Dokan,Shahidan,شهيدان,36.0158556,44.842044,4.0,24.0,2.0,0.0,2.0,0.0,0.0,0.0,0.0,0.0,0.0,0.0,0.0,0.0,0.0,0.0,0.0,0.0,0.0,0.0,0.0,0.0,0.0,0.0,0.0,0.0,0.0,0.0,4.0,0.0,0.0,4.0,0.0,0.0,0.0,0.0,0.0,0.0,0.0,0.0,0.0,0.0,0.0,0.0,2.0,0.0,0.0,2.0,0.0,0.0,2.0,0.0,0.0,2.0,0.0,0.0,0.0,0.0,"Dec 31, 2018"
408,1303028.0,4939.0,Sulaymaniyah,Dokan,Qalat,قلات,36.0184276,44.8369346,3.0,18.0,0.0,1.0,2.0,0.0,0.0,0.0,0.0,0.0,0.0,0.0,0.0,0.0,0.0,0.0,0.0,0.0,0.0,0.0,0.0,0.0,0.0,0.0,0.0,0.0,0.0,0.0,3.0,0.0,0.0,3.0,0.0,0.0,0.0,0.0,0.0,0.0,0.0,0.0,1.0,0.0,1.0,1.0,1.0,1.0,0.0,1.0,0.0,0.0,0.0,0.0,0.0,0.0,0.0,0.0,0.0,0.0,"Dec 31, 2018"
409,1303029.0,31968.0,Sulaymaniyah,Dokan,Chami rezan,جةمي ريزان,36.0227106,44.8344444,6.0,36.0,0.0,1.0,2.0,0.0,0.0,0.0,0.0,0.0,0.0,0.0,0.0,0.0,3.0,0.0,0.0,0.0,0.0,0.0,0.0,0.0,0.0,0.0,0.0,0.0,0.0,0.0,6.0,0.0,0.0,6.0,0.0,0.0,0.0,0.0,0.0,0.0,0.0,0.0,0.0,0.0,4.0,0.0,1.0,4.0,1.0,1.0,0.0,1.0,0.0,0.0,0.0,0.0,0.0,0.0,0.0,0.0,"Dec 31, 2018"
410,1303030.0,31969.0,Sulaymaniyah,Dokan,Rizgari,رزكاري,36.0201779,44.8393456,3.0,18.0,1.0,0.0,2.0,0.0,0.0,0.0,0.0,0.0,0.0,0.0,0.0,0.0,0.0,0.0,0.0,0.0,0.0,0.0,0.0,0.0,0.0,0.0,0.0,0.0,0.0,0.0,3.0,0.0,0.0,3.0,0.0,0.0,0.0,0.0,0.0,0.0,0.0,0.0,2.0,0.0,0.0,2.0,0.0,0.0,1.0,0.0,0.0,1.0,0.0,0.0,0.0,0.0,0.0,0.0,0.0,0.0,"Dec 31, 2018"
411,1303031.0,31970.0,Sulaymaniyah,Dokan,Kosrat,كوسرت,36.0232611,44.839713,3.0,18.0,2.0,0.0,1.0,0.0,0.0,0.0,0.0,0.0,0.0,0.0,0.0,0.0,0.0,0.0,0.0,0.0,0.0,0.0,0.0,0.0,0.0,0.0,0.0,0.0,0.0,0.0,3.0,0.0,0.0,3.0,0.0,0.0,0.0,0.0,0.0,0.0,0.0,0.0,1.0,0.0,0.0,1.0,0.0,0.0,0.0,0.0,0.0,0.0,0.0,0.0,2.0,0.0,0.0,2.0,0.0,0.0,"Dec 31, 2018"
412,1303032.0,6157.0,Sulaymaniyah,Dokan,Grda baroo,كردة بةروو,36.0090819,44.8523963,2.0,12.0,0.0,0.0,0.0,0.0,0.0,2.0,0.0,0.0,0.0,0.0,0.0,0.0,0.0,0.0,0.0,0.0,0.0,0.0,0.0,0.0,0.0,0.0,0.0,0.0,0.0,0.0,2.0,0.0,0.0,2.0,0.0,0.0,0.0,0.0,0.0,0.0,0.0,0.0,0.0,0.0,2.0,0.0,0.0,2.0,0.0,0.0,0.0,0.0,0.0,0.0,0.0,0.0,0.0,0.0,0.0,0.0,"Dec 31, 2018"
413,1303033.0,3654.0,Sulaymaniyah,Dokan,Kani Witman,كاني وتمان,36.0859748,44.7631567,8.0,48.0,0.0,0.0,0.0,0.0,0.0,0.0,0.0,0.0,0.0,0.0,0.0,0.0,8.0,0.0,0.0,0.0,0.0,0.0,0.0,0.0,0.0,0.0,0.0,0.0,0.0,0.0,8.0,0.0,0.0,8.0,0.0,0.0,0.0,0.0,0.0,0.0,0.0,0.0,0.0,0.0,5.0,0.0,3.0,5.0,0.0,3.0,0.0,0.0,0.0,0.0,0.0,0.0,0.0,0.0,0.0,0.0,"Dec 31, 2018"
414,1303034.0,5000.0,Sulaymaniyah,Dokan,Shekh Mansourian,شيخ منصوريان,36.07103,44.7817368,2.0,12.0,0.0,0.0,0.0,0.0,0.0,0.0,0.0,0.0,0.0,0.0,0.0,0.0,2.0,0.0,0.0,0.0,0.0,0.0,0.0,0.0,0.0,0.0,0.0,0.0,0.0,0.0,2.0,0.0,0.0,2.0,0.0,0.0,0.0,0.0,0.0,0.0,0.0,0.0,0.0,0.0,2.0,0.0,0.0,2.0,0.0,0.0,0.0,0.0,0.0,0.0,0.0,0.0,0.0,0.0,0.0,0.0,"Dec 31, 2018"
415,1303035.0,4836.0,Sulaymaniyah,Dokan,Kani Mazoo,كاني مازوو,36.0473434,44.8017051,3.0,18.0,0.0,0.0,0.0,0.0,0.0,0.0,0.0,0.0,0.0,0.0,0.0,0.0,3.0,0.0,0.0,0.0,0.0,0.0,0.0,0.0,0.0,0.0,0.0,0.0,0.0,0.0,3.0,0.0,0.0,3.0,0.0,0.0,0.0,0.0,0.0,0.0,0.0,0.0,0.0,0.0,0.0,0.0,1.0,0.0,0.0,1.0,0.0,0.0,1.0,0.0,0.0,1.0,1.0,0.0,1.0,0.0,"Dec 31, 2018"
416,1303036.0,32091.0,Sulaymaniyah,Dokan,Asos,اسوس,35.7286742,45.1417802,59.0,354.0,6.0,31.0,4.0,0.0,0.0,12.0,0.0,0.0,0.0,0.0,0.0,0.0,1.0,0.0,5.0,0.0,0.0,0.0,0.0,0.0,0.0,0.0,0.0,0.0,0.0,0.0,59.0,0.0,0.0,59.0,0.0,0.0,0.0,0.0,0.0,0.0,0.0,0.0,14.0,0.0,26.0,14.0,1.0,26.0,15.0,1.0,0.0,15.0,0.0,0.0,0.0,0.0,3.0,0.0,3.0,0.0,"Dec 31, 2018"
417,1303037.0,5245.0,Sulaymaniyah,Dokan,Hasan Tapa,حسن تبة,35.678714,45.1773943,42.0,252.0,2.0,0.0,4.0,0.0,0.0,2.0,0.0,0.0,0.0,0.0,0.0,0.0,34.0,0.0,0.0,0.0,0.0,0.0,0.0,0.0,0.0,0.0,0.0,0.0,0.0,0.0,42.0,0.0,0.0,42.0,0.0,0.0,0.0,0.0,0.0,0.0,0.0,0.0,3.0,0.0,2.0,3.0,34.0,2.0,3.0,34.0,0.0,3.0,0.0,0.0,0.0,0.0,0.0,0.0,0.0,0.0,"Dec 31, 2018"
418,1303038.0,4714.0,Sulaymaniyah,Dokan,Charmaga + Gapa,جةرمكا + كةبة,35.7240294,45.1368508,18.0,108.0,0.0,0.0,3.0,0.0,0.0,0.0,0.0,0.0,0.0,0.0,0.0,0.0,15.0,0.0,0.0,0.0,0.0,0.0,0.0,0.0,0.0,0.0,0.0,0.0,0.0,0.0,18.0,0.0,0.0,18.0,0.0,0.0,0.0,0.0,0.0,0.0,0.0,0.0,0.0,0.0,5.0,0.0,12.0,5.0,1.0,12.0,0.0,1.0,0.0,0.0,0.0,0.0,0.0,0.0,0.0,0.0,"Dec 31, 2018"
419,1303039.0,5258.0,Sulaymaniyah,Dokan,Soose,سوسي,35.7793549,45.1368978,18.0,108.0,0.0,1.0,2.0,0.0,0.0,0.0,0.0,0.0,0.0,0.0,0.0,0.0,15.0,0.0,0.0,0.0,0.0,0.0,0.0,0.0,0.0,0.0,0.0,0.0,0.0,0.0,18.0,0.0,0.0,18.0,0.0,0.0,0.0,0.0,0.0,0.0,0.0,0.0,1.0,0.0,2.0,1.0,15.0,2.0,0.0,15.0,0.0,0.0,0.0,0.0,0.0,0.0,0.0,0.0,0.0,0.0,"Dec 31, 2018"
420,1303040.0,32092.0,Sulaymaniyah,Dokan,Qaigen,قايكةن,35.6295002,45.1912235,93.0,558.0,18.0,8.0,0.0,0.0,0.0,0.0,0.0,0.0,0.0,0.0,0.0,0.0,66.0,0.0,1.0,0.0,0.0,0.0,0.0,0.0,0.0,0.0,0.0,0.0,0.0,0.0,93.0,0.0,0.0,93.0,0.0,0.0,0.0,0.0,0.0,0.0,0.0,0.0,2.0,0.0,17.0,2.0,63.0,17.0,8.0,63.0,0.0,8.0,3.0,0.0,0.0,3.0,0.0,0.0,0.0,0.0,"Dec 31, 2018"
421,1303041.0,3595.0,Sulaymaniyah,Dokan,Taramar,تةرةمار,35.6809645,45.1352018,10.0,60.0,1.0,0.0,0.0,0.0,0.0,0.0,0.0,0.0,0.0,0.0,0.0,0.0,7.0,0.0,2.0,0.0,0.0,0.0,0.0,0.0,0.0,0.0,0.0,0.0,0.0,0.0,10.0,0.0,0.0,10.0,0.0,0.0,0.0,0.0,0.0,0.0,0.0,0.0,0.0,0.0,1.0,0.0,7.0,1.0,0.0,7.0,2.0,0.0,0.0,2.0,0.0,0.0,0.0,0.0,0.0,0.0,"Dec 31, 2018"
422,1303042.0,3589.0,Sulaymaniyah,Dokan,Yaran Bak,ياران بةك,35.7515466,45.1204424,6.0,36.0,0.0,1.0,3.0,0.0,0.0,0.0,0.0,0.0,0.0,0.0,0.0,0.0,2.0,0.0,0.0,0.0,0.0,0.0,0.0,0.0,0.0,0.0,0.0,0.0,0.0,0.0,6.0,0.0,0.0,6.0,0.0,0.0,0.0,0.0,0.0,0.0,0.0,0.0,3.0,0.0,1.0,3.0,2.0,1.0,0.0,2.0,0.0,0.0,0.0,0.0,0.0,0.0,0.0,0.0,0.0,0.0,"Dec 31, 2018"
423,1303043.0,32093.0,Sulaymaniyah,Dokan,Darbaroo,داربةروو,35.6884872,45.238581,7.0,42.0,0.0,3.0,0.0,0.0,0.0,0.0,0.0,0.0,0.0,0.0,0.0,0.0,4.0,0.0,0.0,0.0,0.0,0.0,0.0,0.0,0.0,0.0,0.0,0.0,0.0,0.0,7.0,0.0,0.0,7.0,0.0,0.0,0.0,0.0,0.0,0.0,0.0,0.0,0.0,0.0,3.0,0.0,4.0,3.0,0.0,4.0,0.0,0.0,0.0,0.0,0.0,0.0,0.0,0.0,0.0,0.0,"Dec 31, 2018"
424,1303044.0,32094.0,Sulaymaniyah,Sulaymaniya,Kalawanan,كةلةوانان,35.6453071,45.2219585,11.0,66.0,0.0,0.0,0.0,0.0,0.0,0.0,0.0,0.0,0.0,0.0,0.0,0.0,9.0,0.0,2.0,0.0,0.0,0.0,0.0,0.0,0.0,0.0,0.0,0.0,0.0,0.0,11.0,0.0,0.0,11.0,0.0,0.0,0.0,0.0,0.0,0.0,0.0,0.0,0.0,0.0,2.0,0.0,9.0,2.0,0.0,9.0,0.0,0.0,0.0,0.0,0.0,0.0,0.0,0.0,0.0,0.0,"Dec 31, 2018"
425,1303045.0,33154.0,Sulaymaniyah,Dokan,Surdash camp,سورداش كمب,35.8532599,45.0927088,103.0,618.0,5.0,0.0,1.0,0.0,0.0,0.0,0.0,0.0,48.0,0.0,0.0,0.0,0.0,0.0,49.0,0.0,0.0,0.0,103.0,0.0,0.0,0.0,0.0,0.0,0.0,0.0,0.0,0.0,0.0,0.0,0.0,0.0,0.0,0.0,0.0,0.0,0.0,0.0,0.0,0.0,0.0,0.0,0.0,0.0,6.0,0.0,0.0,6.0,0.0,0.0,0.0,0.0,97.0,0.0,97.0,0.0,"Dec 31, 2018"
426,1304001.0,5108.0,Sulaymaniyah,Halabja,Ahmadawa,احمد اوا,35.2995462,46.0652875,3.0,18.0,3.0,0.0,0.0,0.0,0.0,0.0,0.0,0.0,0.0,0.0,0.0,0.0,0.0,0.0,0.0,0.0,0.0,0.0,0.0,0.0,0.0,0.0,0.0,0.0,0.0,0.0,3.0,0.0,0.0,3.0,0.0,0.0,0.0,0.0,0.0,0.0,0.0,0.0,3.0,0.0,0.0,3.0,0.0,0.0,0.0,0.0,0.0,0.0,0.0,0.0,0.0,0.0,0.0,0.0,0.0,0.0,"Dec 31, 2018"
427,1304002.0,22460.0,Sulaymaniyah,Halabja,Ardalan,اردلان,35.2991993,46.0343419,10.0,60.0,1.0,0.0,1.0,0.0,0.0,2.0,0.0,0.0,0.0,0.0,0.0,0.0,1.0,0.0,5.0,0.0,0.0,0.0,0.0,0.0,0.0,0.0,0.0,0.0,0.0,0.0,10.0,0.0,0.0,10.0,0.0,0.0,0.0,0.0,0.0,0.0,0.0,0.0,2.0,0.0,1.0,2.0,0.0,1.0,0.0,0.0,1.0,0.0,1.0,1.0,3.0,1.0,2.0,3.0,2.0,0.0,"Dec 31, 2018"
428,1304003.0,3819.0,Sulaymaniyah,Halabja,Ashti,اشتي,35.3017689,46.0356761,4.0,24.0,0.0,0.0,1.0,0.0,0.0,3.0,0.0,0.0,0.0,0.0,0.0,0.0,0.0,0.0,0.0,0.0,0.0,0.0,0.0,0.0,0.0,0.0,0.0,0.0,0.0,0.0,4.0,0.0,0.0,4.0,0.0,0.0,0.0,0.0,0.0,0.0,0.0,0.0,2.0,0.0,1.0,2.0,0.0,1.0,0.0,0.0,0.0,0.0,0.0,0.0,1.0,0.0,0.0,1.0,0.0,0.0,"Dec 31, 2018"
429,1304004.0,23723.0,Sulaymaniyah,Halabja,Bakhtyari,بختيارى,35.3241654,45.6822497,29.0,174.0,8.0,0.0,6.0,0.0,0.0,9.0,0.0,0.0,0.0,0.0,0.0,0.0,0.0,0.0,6.0,0.0,0.0,0.0,0.0,0.0,0.0,0.0,0.0,0.0,0.0,0.0,29.0,0.0,0.0,29.0,0.0,0.0,0.0,0.0,0.0,0.0,0.0,0.0,0.0,0.0,10.0,0.0,0.0,10.0,9.0,0.0,1.0,9.0,6.0,1.0,0.0,6.0,3.0,0.0,3.0,0.0,"Dec 31, 2018"
430,1304006.0,24096.0,Sulaymaniyah,Halabja,Barkew,بركيو,35.3553403,45.8688337,48.0,288.0,7.0,9.0,10.0,0.0,0.0,11.0,0.0,0.0,0.0,0.0,0.0,0.0,10.0,0.0,1.0,0.0,0.0,0.0,0.0,0.0,0.0,0.0,0.0,0.0,0.0,0.0,48.0,0.0,0.0,48.0,0.0,0.0,0.0,0.0,0.0,0.0,0.0,0.0,8.0,0.0,10.0,8.0,16.0,10.0,4.0,16.0,4.0,4.0,4.0,4.0,2.0,4.0,0.0,2.0,0.0,0.0,"Dec 31, 2018"
431,1304007.0,21960.0,Sulaymaniyah,Halabja,Farmanbaran,فرمانبران,35.185482,45.9802875,23.0,138.0,20.0,0.0,1.0,0.0,0.0,1.0,0.0,0.0,0.0,0.0,0.0,0.0,1.0,0.0,0.0,0.0,0.0,0.0,0.0,0.0,0.0,0.0,0.0,0.0,0.0,0.0,23.0,0.0,0.0,23.0,0.0,0.0,0.0,0.0,0.0,0.0,0.0,0.0,5.0,0.0,1.0,5.0,0.0,1.0,3.0,0.0,3.0,3.0,11.0,3.0,0.0,11.0,0.0,0.0,0.0,0.0,"Dec 31, 2018"
432,1304008.0,6120.0,Sulaymaniyah,Halabja,Gamesh tapa village,قرية كاميش تبه,35.3507972,45.9044861,6.0,36.0,0.0,2.0,0.0,0.0,0.0,4.0,0.0,0.0,0.0,0.0,0.0,0.0,0.0,0.0,0.0,0.0,0.0,0.0,0.0,0.0,0.0,0.0,0.0,0.0,0.0,0.0,6.0,0.0,0.0,6.0,0.0,0.0,0.0,0.0,0.0,0.0,0.0,0.0,0.0,0.0,0.0,0.0,0.0,0.0,4.0,0.0,0.0,4.0,2.0,0.0,0.0,2.0,0.0,0.0,0.0,0.0,"Dec 31, 2018"
433,1304009.0,22104.0,Sulaymaniyah,Halabja,Goran City,كوران ستي,35.1870509,46.0095894,11.0,66.0,9.0,0.0,0.0,0.0,0.0,0.0,0.0,0.0,0.0,0.0,0.0,0.0,1.0,0.0,1.0,0.0,0.0,0.0,0.0,0.0,0.0,0.0,0.0,0.0,0.0,0.0,11.0,0.0,0.0,11.0,0.0,0.0,0.0,0.0,0.0,0.0,0.0,0.0,5.0,0.0,1.0,5.0,0.0,1.0,1.0,0.0,4.0,1.0,0.0,4.0,0.0,0.0,0.0,0.0,0.0,0.0,"Dec 31, 2018"
434,1304010.0,25647.0,Sulaymaniyah,Halabja,Grda naze village,قرية كرد نازى,35.3424268,45.9255147,11.0,66.0,1.0,2.0,1.0,0.0,0.0,0.0,0.0,0.0,3.0,0.0,0.0,0.0,4.0,0.0,0.0,0.0,0.0,0.0,0.0,0.0,0.0,0.0,0.0,0.0,0.0,0.0,11.0,0.0,0.0,11.0,0.0,0.0,0.0,0.0,0.0,0.0,0.0,0.0,0.0,0.0,3.0,0.0,0.0,3.0,2.0,0.0,0.0,2.0,2.0,0.0,3.0,2.0,1.0,3.0,1.0,0.0,"Dec 31, 2018"
435,1304012.0,21862.0,Sulaymaniyah,Halabja,Gulan,كولان,35.1744373,45.9810664,23.0,138.0,9.0,0.0,3.0,0.0,0.0,4.0,0.0,0.0,1.0,0.0,0.0,0.0,3.0,0.0,3.0,0.0,0.0,0.0,0.0,0.0,0.0,0.0,0.0,0.0,0.0,0.0,23.0,0.0,0.0,23.0,0.0,0.0,0.0,0.0,0.0,0.0,0.0,0.0,8.0,0.0,6.0,8.0,0.0,6.0,6.0,0.0,0.0,6.0,1.0,0.0,1.0,1.0,1.0,1.0,1.0,0.0,"Dec 31, 2018"
436,1304014.0,21857.0,Sulaymaniyah,Halabja,Sharwani,شارواني,35.1891217,45.9950623,24.0,144.0,4.0,0.0,6.0,0.0,0.0,0.0,0.0,0.0,2.0,0.0,0.0,0.0,2.0,0.0,10.0,0.0,0.0,0.0,0.0,0.0,0.0,0.0,0.0,0.0,0.0,0.0,24.0,0.0,0.0,24.0,0.0,0.0,0.0,0.0,0.0,0.0,0.0,0.0,5.0,0.0,7.0,5.0,0.0,7.0,2.0,0.0,2.0,2.0,6.0,2.0,0.0,6.0,2.0,0.0,2.0,0.0,"Dec 31, 2018"
437,1304015.0,25079.0,Sulaymaniyah,Halabja,Azadi,ازادي,35.3162601,45.6891783,23.0,138.0,6.0,0.0,4.0,0.0,0.0,4.0,0.0,0.0,0.0,0.0,0.0,0.0,0.0,0.0,9.0,0.0,0.0,0.0,0.0,0.0,0.0,0.0,0.0,0.0,0.0,0.0,23.0,0.0,0.0,23.0,0.0,0.0,0.0,0.0,0.0,0.0,0.0,0.0,0.0,0.0,3.0,0.0,1.0,3.0,7.0,1.0,3.0,7.0,2.0,3.0,4.0,2.0,3.0,4.0,3.0,0.0,"Dec 31, 2018"
438,1304016.0,25080.0,Sulaymaniyah,Halabja,Sharstani,شارستانى,35.3274898,45.6918403,22.0,132.0,2.0,0.0,4.0,0.0,0.0,12.0,0.0,0.0,0.0,0.0,0.0,0.0,0.0,0.0,4.0,0.0,0.0,0.0,0.0,0.0,0.0,0.0,0.0,0.0,0.0,0.0,22.0,0.0,0.0,22.0,0.0,0.0,0.0,0.0,0.0,0.0,0.0,0.0,0.0,0.0,8.0,0.0,6.0,8.0,6.0,6.0,0.0,6.0,2.0,0.0,0.0,2.0,0.0,0.0,0.0,0.0,"Dec 31, 2018"
439,1304018.0,22920.0,Sulaymaniyah,Halabja,Hassar,حسار,35.3515587,45.8727816,43.0,258.0,7.0,4.0,2.0,0.0,0.0,22.0,0.0,0.0,0.0,0.0,0.0,0.0,3.0,0.0,5.0,0.0,0.0,0.0,0.0,0.0,0.0,0.0,0.0,0.0,0.0,0.0,43.0,0.0,0.0,43.0,0.0,0.0,0.0,0.0,0.0,0.0,0.0,0.0,5.0,0.0,18.0,5.0,2.0,18.0,6.0,2.0,4.0,6.0,6.0,4.0,2.0,6.0,0.0,2.0,0.0,0.0,"Dec 31, 2018"
440,1304019.0,22998.0,Sulaymaniyah,Halabja,Hawaran,هواران,35.3295505,45.6920792,34.0,204.0,13.0,0.0,8.0,0.0,0.0,8.0,0.0,0.0,0.0,0.0,0.0,0.0,0.0,0.0,5.0,0.0,0.0,0.0,0.0,0.0,0.0,0.0,0.0,0.0,0.0,0.0,34.0,0.0,0.0,34.0,0.0,0.0,0.0,0.0,0.0,0.0,0.0,0.0,0.0,0.0,7.0,0.0,4.0,7.0,10.0,4.0,7.0,10.0,6.0,7.0,0.0,6.0,0.0,0.0,0.0,0.0,"Dec 31, 2018"
441,1304020.0,25646.0,Sulaymaniyah,Halabja,Kani panka village,قرية كاني بانكه,35.3817828,45.7082416,14.0,84.0,0.0,0.0,2.0,0.0,0.0,1.0,0.0,0.0,0.0,0.0,0.0,0.0,4.0,0.0,7.0,0.0,0.0,0.0,0.0,0.0,0.0,0.0,0.0,0.0,0.0,0.0,14.0,0.0,0.0,14.0,0.0,0.0,0.0,0.0,0.0,0.0,0.0,0.0,0.0,0.0,5.0,0.0,4.0,5.0,0.0,4.0,0.0,0.0,1.0,0.0,4.0,1.0,0.0,4.0,0.0,0.0,"Dec 31, 2018"
442,1304021.0,22031.0,Sulaymaniyah,Halabja,Kani Qulka,كاني قولكه,35.186567,45.9898819,26.0,156.0,17.0,0.0,3.0,0.0,0.0,3.0,0.0,0.0,0.0,0.0,0.0,0.0,1.0,0.0,2.0,0.0,0.0,0.0,0.0,0.0,0.0,0.0,0.0,0.0,0.0,0.0,26.0,0.0,0.0,26.0,0.0,0.0,0.0,0.0,0.0,0.0,0.0,0.0,4.0,0.0,3.0,4.0,0.0,3.0,6.0,0.0,5.0,6.0,8.0,5.0,0.0,8.0,0.0,0.0,0.0,0.0,"Dec 31, 2018"
443,1304023.0,24639.0,Sulaymaniyah,Halabja,Dalani,دالاني,35.2965858,46.0369381,17.0,102.0,4.0,3.0,0.0,0.0,0.0,8.0,0.0,0.0,0.0,0.0,0.0,0.0,2.0,0.0,0.0,0.0,0.0,0.0,0.0,0.0,0.0,0.0,0.0,0.0,0.0,0.0,17.0,0.0,0.0,17.0,0.0,0.0,0.0,0.0,0.0,0.0,0.0,0.0,8.0,0.0,3.0,8.0,1.0,3.0,2.0,1.0,0.0,2.0,3.0,0.0,0.0,3.0,0.0,0.0,0.0,0.0,"Dec 31, 2018"
444,1304024.0,21863.0,Sulaymaniyah,Halabja,Mamostaian,ماموستايان,35.1822314,45.993632,17.0,102.0,10.0,0.0,3.0,0.0,0.0,0.0,0.0,0.0,2.0,0.0,0.0,0.0,2.0,0.0,0.0,0.0,0.0,0.0,0.0,0.0,0.0,0.0,0.0,0.0,0.0,0.0,17.0,0.0,0.0,17.0,0.0,0.0,0.0,0.0,0.0,0.0,0.0,0.0,8.0,0.0,3.0,8.0,0.0,3.0,3.0,0.0,0.0,3.0,1.0,0.0,0.0,1.0,2.0,0.0,2.0,0.0,"Dec 31, 2018"
445,1304025.0,22996.0,Sulaymaniyah,Halabja,Mamostayan,ماموستايان,35.3198684,45.6948361,31.0,186.0,6.0,0.0,7.0,0.0,0.0,13.0,0.0,0.0,0.0,0.0,0.0,0.0,0.0,0.0,5.0,0.0,0.0,0.0,0.0,0.0,0.0,0.0,0.0,0.0,0.0,0.0,31.0,0.0,0.0,31.0,0.0,0.0,0.0,0.0,0.0,0.0,0.0,0.0,0.0,0.0,4.0,0.0,4.0,4.0,6.0,4.0,11.0,6.0,5.0,11.0,1.0,5.0,0.0,1.0,0.0,0.0,"Dec 31, 2018"
446,1304026.0,25757.0,Sulaymaniyah,Halabja,Darwazay Shar,دروازي شار,35.1993777,45.9665141,20.0,120.0,3.0,7.0,3.0,0.0,0.0,4.0,0.0,0.0,0.0,0.0,0.0,0.0,0.0,0.0,3.0,0.0,0.0,0.0,0.0,0.0,0.0,0.0,0.0,0.0,0.0,0.0,20.0,0.0,0.0,20.0,0.0,0.0,0.0,0.0,0.0,0.0,0.0,0.0,9.0,0.0,2.0,9.0,0.0,2.0,1.0,0.0,8.0,1.0,0.0,8.0,0.0,0.0,0.0,0.0,0.0,0.0,"Dec 31, 2018"
447,1304027.0,21962.0,Sulaymaniyah,Halabja,Marzboto,مرزى بوتو,35.1819165,45.9844709,14.0,84.0,4.0,1.0,6.0,0.0,0.0,0.0,0.0,0.0,0.0,0.0,0.0,0.0,2.0,0.0,1.0,0.0,0.0,0.0,0.0,0.0,0.0,0.0,0.0,0.0,0.0,0.0,14.0,0.0,0.0,14.0,0.0,0.0,0.0,0.0,0.0,0.0,0.0,0.0,4.0,0.0,1.0,4.0,2.0,1.0,2.0,2.0,5.0,2.0,0.0,5.0,0.0,0.0,0.0,0.0,0.0,0.0,"Dec 31, 2018"
448,1304028.0,25759.0,Sulaymaniyah,Halabja,Mordana,موردانه,35.168148,45.9904989,11.0,66.0,1.0,0.0,2.0,0.0,0.0,2.0,0.0,0.0,0.0,0.0,0.0,0.0,0.0,0.0,6.0,0.0,0.0,0.0,0.0,0.0,0.0,0.0,0.0,0.0,0.0,0.0,11.0,0.0,0.0,11.0,0.0,0.0,0.0,0.0,0.0,0.0,0.0,0.0,0.0,0.0,2.0,0.0,0.0,2.0,0.0,0.0,4.0,0.0,5.0,4.0,0.0,5.0,0.0,0.0,0.0,0.0,"Dec 31, 2018"
449,1304029.0,25645.0,Sulaymaniyah,Halabja,Mwan village,قرية موان,35.3680182,45.7167728,1.0,6.0,0.0,0.0,0.0,0.0,0.0,1.0,0.0,0.0,0.0,0.0,0.0,0.0,0.0,0.0,0.0,0.0,0.0,0.0,0.0,0.0,0.0,0.0,0.0,0.0,0.0,0.0,1.0,0.0,0.0,1.0,0.0,0.0,0.0,0.0,0.0,0.0,0.0,0.0,0.0,0.0,0.0,0.0,0.0,0.0,0.0,0.0,0.0,0.0,0.0,0.0,0.0,0.0,1.0,0.0,1.0,0.0,"Dec 31, 2018"
450,1304032.0,25648.0,Sulaymaniyah,Halabja,Qlija village,قرية قليجه,35.369427,45.7125895,4.0,24.0,0.0,4.0,0.0,0.0,0.0,0.0,0.0,0.0,0.0,0.0,0.0,0.0,0.0,0.0,0.0,0.0,0.0,0.0,0.0,0.0,0.0,0.0,0.0,0.0,0.0,0.0,4.0,0.0,0.0,4.0,0.0,0.0,0.0,0.0,0.0,0.0,0.0,0.0,0.0,0.0,4.0,0.0,0.0,4.0,0.0,0.0,0.0,0.0,0.0,0.0,0.0,0.0,0.0,0.0,0.0,0.0,"Dec 31, 2018"
451,1304033.0,25081.0,Sulaymaniyah,Halabja,Sara,سرا,35.353308,45.8597514,31.0,186.0,4.0,2.0,8.0,0.0,0.0,2.0,0.0,0.0,4.0,0.0,0.0,0.0,1.0,0.0,10.0,0.0,0.0,0.0,0.0,0.0,0.0,0.0,0.0,0.0,0.0,0.0,31.0,0.0,0.0,31.0,0.0,0.0,0.0,0.0,0.0,0.0,0.0,0.0,2.0,0.0,5.0,2.0,3.0,5.0,5.0,3.0,10.0,5.0,0.0,10.0,2.0,0.0,4.0,2.0,4.0,0.0,"Dec 31, 2018"
452,1304034.0,4603.0,Sulaymaniyah,Halabja,Saraw village,قرية سراو,35.370117,45.8273788,6.0,36.0,0.0,0.0,2.0,0.0,0.0,3.0,0.0,0.0,0.0,0.0,0.0,0.0,0.0,0.0,1.0,0.0,0.0,0.0,0.0,0.0,0.0,0.0,0.0,0.0,0.0,0.0,6.0,0.0,0.0,6.0,0.0,0.0,0.0,0.0,0.0,0.0,0.0,0.0,0.0,0.0,0.0,0.0,0.0,0.0,1.0,0.0,4.0,1.0,1.0,4.0,0.0,1.0,0.0,0.0,0.0,0.0,"Dec 31, 2018"
453,1304035.0,22994.0,Sulaymaniyah,Halabja,Sarray,ساراى,35.1745478,45.9896262,29.0,174.0,5.0,1.0,8.0,0.0,0.0,5.0,0.0,0.0,0.0,0.0,0.0,0.0,1.0,0.0,9.0,0.0,0.0,0.0,0.0,0.0,0.0,0.0,0.0,0.0,0.0,0.0,29.0,0.0,0.0,29.0,0.0,0.0,0.0,0.0,0.0,0.0,0.0,0.0,5.0,0.0,5.0,5.0,0.0,5.0,3.0,0.0,5.0,3.0,8.0,5.0,2.0,8.0,1.0,2.0,1.0,0.0,"Dec 31, 2018"
454,1304036.0,21858.0,Sulaymaniyah,Halabja,Shahidan,شهيدان,35.1749017,45.9935643,11.0,66.0,7.0,0.0,0.0,0.0,0.0,0.0,0.0,0.0,1.0,0.0,0.0,0.0,3.0,0.0,0.0,0.0,0.0,0.0,0.0,0.0,0.0,0.0,0.0,0.0,0.0,0.0,11.0,0.0,0.0,11.0,0.0,0.0,0.0,0.0,0.0,0.0,0.0,0.0,3.0,0.0,3.0,3.0,0.0,3.0,0.0,0.0,1.0,0.0,3.0,1.0,0.0,3.0,1.0,0.0,1.0,0.0,"Dec 31, 2018"
455,1304037.0,23077.0,Sulaymaniyah,Halabja,Sharwani,شارواني,35.3135756,45.6928229,51.0,306.0,17.0,0.0,6.0,0.0,0.0,12.0,0.0,0.0,0.0,0.0,0.0,0.0,0.0,0.0,16.0,0.0,0.0,0.0,0.0,0.0,0.0,0.0,0.0,0.0,0.0,0.0,51.0,0.0,0.0,51.0,0.0,0.0,0.0,0.0,0.0,0.0,0.0,0.0,0.0,0.0,11.0,0.0,1.0,11.0,16.0,1.0,13.0,16.0,7.0,13.0,1.0,7.0,2.0,1.0,2.0,0.0,"Dec 31, 2018"
456,1304038.0,23078.0,Sulaymaniyah,Halabja,Rezgari,رزكارى,35.3217373,45.6791641,45.0,270.0,12.0,0.0,13.0,0.0,0.0,12.0,0.0,0.0,0.0,0.0,0.0,0.0,0.0,0.0,8.0,0.0,0.0,0.0,0.0,0.0,0.0,0.0,0.0,0.0,0.0,0.0,45.0,0.0,0.0,45.0,0.0,0.0,0.0,0.0,0.0,0.0,0.0,0.0,2.0,0.0,15.0,2.0,2.0,15.0,11.0,2.0,5.0,11.0,8.0,5.0,2.0,8.0,0.0,2.0,0.0,0.0,"Dec 31, 2018"
457,1304039.0,22995.0,Sulaymaniyah,Halabja,Shikhan,شيخان,35.3654268,45.8657843,43.0,258.0,14.0,0.0,7.0,0.0,0.0,15.0,0.0,0.0,0.0,0.0,0.0,0.0,7.0,0.0,0.0,0.0,0.0,0.0,0.0,0.0,0.0,0.0,0.0,0.0,0.0,0.0,43.0,0.0,0.0,43.0,0.0,0.0,0.0,0.0,0.0,0.0,0.0,0.0,6.0,0.0,5.0,6.0,11.0,5.0,8.0,11.0,7.0,8.0,3.0,7.0,1.0,3.0,2.0,1.0,2.0,0.0,"Dec 31, 2018"
458,1304041.0,23079.0,Sulaymaniyah,Halabja,Soreen,سورين,35.3179479,45.6954704,26.0,156.0,2.0,0.0,5.0,0.0,0.0,10.0,0.0,0.0,4.0,0.0,0.0,0.0,0.0,0.0,5.0,0.0,0.0,0.0,0.0,0.0,0.0,0.0,0.0,0.0,0.0,0.0,26.0,0.0,0.0,26.0,0.0,0.0,0.0,0.0,0.0,0.0,0.0,0.0,0.0,0.0,7.0,0.0,0.0,7.0,11.0,0.0,2.0,11.0,0.0,2.0,2.0,0.0,4.0,2.0,4.0,0.0,"Dec 31, 2018"
459,1304043.0,29691.0,Sulaymaniyah,Halabja,Nasir,نصر,35.3457304,45.6315054,48.0,288.0,11.0,11.0,5.0,0.0,0.0,7.0,0.0,0.0,0.0,0.0,0.0,0.0,1.0,0.0,13.0,0.0,0.0,0.0,0.0,0.0,0.0,0.0,0.0,0.0,0.0,0.0,48.0,0.0,0.0,48.0,0.0,0.0,0.0,0.0,0.0,0.0,0.0,0.0,7.0,0.0,16.0,7.0,4.0,16.0,16.0,4.0,0.0,16.0,5.0,0.0,0.0,5.0,0.0,0.0,0.0,0.0,"Dec 31, 2018"
460,1304044.0,29692.0,Sulaymaniyah,Halabja,Qaragul,قرة كول,35.3527111,45.6289547,38.0,228.0,5.0,2.0,5.0,0.0,0.0,8.0,0.0,0.0,0.0,0.0,0.0,0.0,3.0,0.0,15.0,0.0,0.0,0.0,0.0,0.0,0.0,0.0,0.0,0.0,0.0,0.0,38.0,0.0,0.0,38.0,0.0,0.0,0.0,0.0,0.0,0.0,0.0,0.0,3.0,0.0,7.0,3.0,3.0,7.0,8.0,3.0,5.0,8.0,12.0,5.0,0.0,12.0,0.0,0.0,0.0,0.0,"Dec 31, 2018"
461,1304045.0,31861.0,Sulaymaniyah,Halabja,Azadi,ازادي,35.2512041,45.9433173,51.0,306.0,3.0,13.0,6.0,0.0,0.0,7.0,0.0,0.0,1.0,0.0,0.0,0.0,0.0,0.0,21.0,0.0,0.0,0.0,0.0,0.0,0.0,0.0,0.0,0.0,0.0,0.0,51.0,0.0,0.0,51.0,0.0,0.0,0.0,0.0,0.0,0.0,0.0,0.0,4.0,0.0,7.0,4.0,0.0,7.0,14.0,0.0,15.0,14.0,9.0,15.0,1.0,9.0,1.0,1.0,1.0,0.0,"Dec 31, 2018"
462,1304046.0,31862.0,Sulaymaniyah,Halabja,Raparine,رابرين,35.2555589,45.9361248,26.0,156.0,4.0,1.0,7.0,0.0,0.0,5.0,0.0,0.0,0.0,0.0,0.0,0.0,6.0,0.0,3.0,0.0,0.0,0.0,0.0,0.0,0.0,0.0,0.0,0.0,0.0,0.0,26.0,0.0,0.0,26.0,0.0,0.0,0.0,0.0,0.0,0.0,0.0,0.0,0.0,0.0,3.0,0.0,3.0,3.0,6.0,3.0,2.0,6.0,2.0,2.0,2.0,2.0,8.0,2.0,8.0,0.0,"Dec 31, 2018"
463,1304047.0,31863.0,Sulaymaniyah,Halabja,Shahidan,شهيدان,35.2543788,45.9398683,13.0,78.0,0.0,0.0,9.0,0.0,0.0,3.0,0.0,0.0,0.0,0.0,0.0,0.0,0.0,0.0,1.0,0.0,0.0,0.0,0.0,0.0,0.0,0.0,0.0,0.0,0.0,0.0,13.0,0.0,0.0,13.0,0.0,0.0,0.0,0.0,0.0,0.0,0.0,0.0,0.0,0.0,1.0,0.0,0.0,1.0,5.0,0.0,4.0,5.0,3.0,4.0,0.0,3.0,0.0,0.0,0.0,0.0,"Dec 31, 2018"
464,1304048.0,4882.0,Sulaymaniyah,Halabja,Qumash village,قرية قوماش,35.3632787,45.7894752,3.0,18.0,0.0,0.0,0.0,0.0,0.0,1.0,0.0,0.0,0.0,0.0,0.0,0.0,0.0,0.0,2.0,0.0,0.0,0.0,0.0,0.0,0.0,0.0,0.0,0.0,0.0,0.0,3.0,0.0,0.0,3.0,0.0,0.0,0.0,0.0,0.0,0.0,0.0,0.0,0.0,0.0,0.0,0.0,0.0,0.0,1.0,0.0,1.0,1.0,0.0,1.0,0.0,0.0,1.0,0.0,1.0,0.0,"Dec 31, 2018"
465,1304049.0,6056.0,Sulaymaniyah,Halabja,Tapa kura,تةبة كورة,35.2555919,45.9931566,13.0,78.0,0.0,7.0,3.0,0.0,0.0,0.0,0.0,0.0,0.0,0.0,0.0,0.0,0.0,0.0,3.0,0.0,0.0,0.0,0.0,0.0,0.0,0.0,0.0,0.0,0.0,0.0,13.0,0.0,0.0,13.0,0.0,0.0,0.0,0.0,0.0,0.0,0.0,0.0,3.0,0.0,4.0,3.0,0.0,4.0,0.0,0.0,1.0,0.0,1.0,1.0,2.0,1.0,2.0,2.0,2.0,0.0,"Dec 31, 2018"
466,1304051.0,33350.0,Sulaymaniyah,Halabja,Shahidan-Saidsadiq,شهيدان-سيد صادق,35.3588495,45.8521038,11.0,66.0,0.0,0.0,5.0,0.0,0.0,4.0,0.0,0.0,0.0,0.0,0.0,0.0,1.0,0.0,1.0,0.0,0.0,0.0,0.0,0.0,0.0,0.0,0.0,0.0,0.0,0.0,11.0,0.0,0.0,11.0,0.0,0.0,0.0,0.0,0.0,0.0,0.0,0.0,2.0,0.0,3.0,2.0,1.0,3.0,3.0,1.0,0.0,3.0,1.0,0.0,1.0,1.0,0.0,1.0,0.0,0.0,"Dec 31, 2018"
467,1304052.0,33349.0,Sulaymaniyah,Halabja,Ronaki Shar,روناكي شار,35.3119551,45.6936874,28.0,168.0,13.0,1.0,4.0,0.0,0.0,7.0,0.0,0.0,0.0,0.0,0.0,0.0,0.0,0.0,3.0,0.0,0.0,0.0,0.0,0.0,0.0,0.0,0.0,0.0,0.0,0.0,28.0,0.0,0.0,28.0,0.0,0.0,0.0,0.0,0.0,0.0,0.0,0.0,0.0,0.0,4.0,0.0,3.0,4.0,8.0,3.0,5.0,8.0,3.0,5.0,5.0,3.0,0.0,5.0,0.0,0.0,"Dec 31, 2018"
468,1304053.0,21961.0,Sulaymaniyah,Halabja,Kani ishqan,كاني عيشقان,35.1696168,45.983114,88.0,528.0,10.0,7.0,10.0,0.0,0.0,26.0,0.0,0.0,0.0,0.0,0.0,0.0,4.0,0.0,31.0,0.0,0.0,0.0,0.0,0.0,0.0,0.0,0.0,0.0,0.0,0.0,88.0,0.0,0.0,88.0,0.0,0.0,0.0,0.0,0.0,0.0,0.0,0.0,14.0,0.0,13.0,14.0,9.0,13.0,5.0,9.0,29.0,5.0,15.0,29.0,2.0,15.0,1.0,2.0,1.0,0.0,"Dec 31, 2018"
469,1304054.0,4974.0,Sulaymaniyah,Halabja,Gundi reshen,كوندي ريشين,35.358492,45.9713867,3.0,18.0,0.0,0.0,0.0,0.0,0.0,3.0,0.0,0.0,0.0,0.0,0.0,0.0,0.0,0.0,0.0,0.0,0.0,0.0,0.0,0.0,0.0,0.0,0.0,0.0,0.0,0.0,3.0,0.0,0.0,3.0,0.0,0.0,0.0,0.0,0.0,0.0,0.0,0.0,1.0,0.0,0.0,1.0,0.0,0.0,1.0,0.0,1.0,1.0,0.0,1.0,0.0,0.0,0.0,0.0,0.0,0.0,"Dec 31, 2018"
470,1305001.0,24891.0,Sulaymaniyah,Kalar,Azadi,ازادي,34.6332086687,45.3388309,86.0,516.0,13.0,0.0,4.0,0.0,0.0,57.0,0.0,0.0,0.0,0.0,0.0,0.0,0.0,0.0,12.0,0.0,0.0,0.0,0.0,0.0,0.0,0.0,0.0,0.0,0.0,0.0,86.0,0.0,0.0,86.0,0.0,0.0,0.0,0.0,0.0,0.0,0.0,0.0,9.0,0.0,26.0,9.0,5.0,26.0,16.0,5.0,3.0,16.0,2.0,3.0,13.0,2.0,12.0,13.0,12.0,0.0,"Dec 31, 2018"
471,1305002.0,24886.0,Sulaymaniyah,Kalar,Ban Asiaw,بان اسياو,34.5218355,45.2170755,51.0,306.0,0.0,0.0,3.0,0.0,0.0,42.0,0.0,0.0,0.0,0.0,0.0,0.0,0.0,0.0,6.0,0.0,0.0,0.0,0.0,0.0,0.0,0.0,0.0,0.0,0.0,0.0,51.0,0.0,0.0,51.0,0.0,0.0,0.0,0.0,0.0,0.0,0.0,0.0,1.0,0.0,26.0,1.0,8.0,26.0,7.0,8.0,3.0,7.0,2.0,3.0,0.0,2.0,4.0,0.0,4.0,0.0,"Dec 31, 2018"
472,1305003.0,3939.0,Sulaymaniyah,Kalar,Barda Sur,بردسور,34.6415938674,45.3475832,77.0,462.0,2.0,0.0,6.0,0.0,0.0,49.0,0.0,0.0,0.0,0.0,0.0,0.0,0.0,0.0,20.0,0.0,0.0,0.0,0.0,0.0,0.0,0.0,0.0,0.0,0.0,0.0,77.0,0.0,0.0,77.0,0.0,0.0,0.0,0.0,0.0,0.0,0.0,0.0,2.0,0.0,18.0,2.0,5.0,18.0,13.0,5.0,12.0,13.0,4.0,12.0,8.0,4.0,15.0,8.0,15.0,0.0,"Dec 31, 2018"
473,1305004.0,23768.0,Sulaymaniyah,Kalar,Bingrd,بنكرد,34.6152107818,45.3152668,48.0,288.0,6.0,0.0,3.0,0.0,0.0,26.0,0.0,0.0,0.0,0.0,0.0,0.0,1.0,0.0,12.0,0.0,0.0,0.0,0.0,0.0,0.0,0.0,0.0,0.0,0.0,0.0,48.0,0.0,0.0,48.0,0.0,0.0,0.0,0.0,0.0,0.0,0.0,0.0,5.0,0.0,9.0,5.0,7.0,9.0,9.0,7.0,5.0,9.0,5.0,5.0,0.0,5.0,8.0,0.0,8.0,0.0,"Dec 31, 2018"
474,1305005.0,6285.0,Sulaymaniyah,Kalar,Farmanbaran,فرمانبران,34.6208129187,45.3194749,78.0,468.0,14.0,0.0,6.0,0.0,0.0,51.0,0.0,0.0,0.0,0.0,0.0,0.0,0.0,0.0,7.0,0.0,0.0,0.0,0.0,0.0,0.0,0.0,0.0,0.0,0.0,0.0,78.0,0.0,0.0,78.0,0.0,0.0,0.0,0.0,0.0,0.0,0.0,0.0,12.0,0.0,15.0,12.0,8.0,15.0,15.0,8.0,10.0,15.0,4.0,10.0,9.0,4.0,5.0,9.0,5.0,0.0,"Dec 31, 2018"
475,1305006.0,23767.0,Sulaymaniyah,Kalar,Goran,كوران,34.6367743287,45.3383341,34.0,204.0,6.0,1.0,0.0,0.0,0.0,23.0,0.0,0.0,0.0,0.0,0.0,0.0,1.0,0.0,3.0,0.0,0.0,0.0,0.0,0.0,0.0,0.0,0.0,0.0,0.0,0.0,34.0,0.0,0.0,34.0,0.0,0.0,0.0,0.0,0.0,0.0,0.0,0.0,6.0,0.0,9.0,6.0,2.0,9.0,4.0,2.0,8.0,4.0,0.0,8.0,2.0,0.0,3.0,2.0,3.0,0.0,"Dec 31, 2018"
476,1305007.0,5995.0,Sulaymaniyah,Kalar,Grda Gozina,كرده كوزينه,34.586378942,45.2896874,119.0,714.0,2.0,1.0,0.0,0.0,0.0,101.0,0.0,0.0,0.0,0.0,0.0,0.0,0.0,0.0,15.0,0.0,0.0,0.0,0.0,0.0,0.0,0.0,0.0,0.0,0.0,0.0,119.0,0.0,0.0,119.0,0.0,0.0,0.0,0.0,0.0,0.0,0.0,0.0,3.0,0.0,25.0,3.0,12.0,25.0,33.0,12.0,20.0,33.0,5.0,20.0,10.0,5.0,11.0,10.0,11.0,0.0,"Dec 31, 2018"
477,1305008.0,24892.0,Sulaymaniyah,Kalar,Hamren,حمرين,34.6157436182,45.3089761,94.0,564.0,1.0,0.0,4.0,0.0,0.0,73.0,0.0,0.0,0.0,0.0,0.0,0.0,0.0,0.0,16.0,0.0,0.0,0.0,0.0,0.0,0.0,0.0,0.0,0.0,0.0,0.0,94.0,0.0,0.0,94.0,0.0,0.0,0.0,0.0,0.0,0.0,0.0,0.0,1.0,0.0,30.0,1.0,4.0,30.0,20.0,4.0,5.0,20.0,4.0,5.0,18.0,4.0,12.0,18.0,12.0,0.0,"Dec 31, 2018"
478,1305009.0,6286.0,Sulaymaniyah,Kalar,Kalar Kon,كلار كون,34.6380313267,45.3031242,205.0,1230.0,5.0,0.0,7.0,0.0,0.0,126.0,0.0,0.0,0.0,0.0,0.0,0.0,0.0,0.0,67.0,0.0,0.0,0.0,0.0,0.0,0.0,0.0,0.0,0.0,0.0,0.0,205.0,0.0,0.0,205.0,0.0,0.0,0.0,0.0,0.0,0.0,0.0,0.0,2.0,0.0,27.0,2.0,10.0,27.0,36.0,10.0,21.0,36.0,6.0,21.0,27.0,6.0,76.0,27.0,76.0,0.0,"Dec 31, 2018"
479,1305010.0,24893.0,Sulaymaniyah,Kalar,Kalari New,كلارى نوى,34.641410676,45.3110706,59.0,354.0,3.0,0.0,2.0,0.0,0.0,48.0,0.0,0.0,0.0,0.0,0.0,0.0,0.0,0.0,6.0,0.0,0.0,0.0,0.0,0.0,0.0,0.0,0.0,0.0,0.0,0.0,59.0,0.0,0.0,59.0,0.0,0.0,0.0,0.0,0.0,0.0,0.0,0.0,2.0,0.0,7.0,2.0,3.0,7.0,11.0,3.0,6.0,11.0,7.0,6.0,9.0,7.0,14.0,9.0,14.0,0.0,"Dec 31, 2018"
480,1305011.0,21983.0,Sulaymaniyah,Kalar,Raparin,رابرين,34.6282315191,45.3127142,70.0,420.0,7.0,0.0,7.0,0.0,0.0,46.0,0.0,0.0,1.0,0.0,0.0,0.0,0.0,0.0,9.0,0.0,0.0,0.0,0.0,0.0,0.0,0.0,0.0,0.0,0.0,0.0,70.0,0.0,0.0,70.0,0.0,0.0,0.0,0.0,0.0,0.0,0.0,0.0,6.0,0.0,20.0,6.0,5.0,20.0,12.0,5.0,6.0,12.0,2.0,6.0,10.0,2.0,9.0,10.0,9.0,0.0,"Dec 31, 2018"
481,1305013.0,23928.0,Sulaymaniyah,Kalar,Shahidan,شهيدان,34.6346967483,45.3237034,37.0,222.0,0.0,0.0,1.0,0.0,0.0,3.0,0.0,0.0,0.0,0.0,0.0,0.0,0.0,0.0,33.0,0.0,0.0,0.0,0.0,0.0,0.0,0.0,0.0,0.0,0.0,0.0,37.0,0.0,0.0,37.0,0.0,0.0,0.0,0.0,0.0,0.0,0.0,0.0,0.0,0.0,1.0,0.0,0.0,1.0,0.0,0.0,0.0,0.0,0.0,0.0,0.0,0.0,36.0,0.0,36.0,0.0,"Dec 31, 2018"
482,1305014.0,3903.0,Sulaymaniyah,Kalar,Kulajo,كلجو,34.4647981,45.1647359,344.0,2064.0,0.0,0.0,2.0,0.0,0.0,328.0,0.0,0.0,0.0,0.0,0.0,0.0,0.0,0.0,14.0,0.0,0.0,0.0,0.0,0.0,0.0,0.0,0.0,0.0,0.0,0.0,344.0,0.0,0.0,344.0,0.0,0.0,0.0,0.0,0.0,0.0,0.0,0.0,96.0,0.0,110.0,96.0,40.0,110.0,42.0,40.0,6.0,42.0,10.0,6.0,19.0,10.0,21.0,19.0,21.0,0.0,"Dec 31, 2018"
483,1305015.0,5976.0,Sulaymaniyah,Kalar,Pebaz,بيباز,34.8186468,45.5096941,40.0,240.0,2.0,0.0,2.0,0.0,0.0,36.0,0.0,0.0,0.0,0.0,0.0,0.0,0.0,0.0,0.0,0.0,0.0,0.0,0.0,0.0,0.0,0.0,0.0,0.0,0.0,0.0,40.0,0.0,0.0,40.0,0.0,0.0,0.0,0.0,0.0,0.0,0.0,0.0,4.0,0.0,8.0,4.0,8.0,8.0,10.0,8.0,10.0,10.0,0.0,10.0,0.0,0.0,0.0,0.0,0.0,0.0,"Dec 31, 2018"
484,1305018.0,24962.0,Sulaymaniyah,Kalar,Sharawani,شارواني,34.6396437211,45.3129032,153.0,918.0,20.0,0.0,9.0,0.0,0.0,107.0,0.0,0.0,0.0,0.0,0.0,0.0,4.0,0.0,13.0,0.0,0.0,0.0,0.0,0.0,0.0,0.0,0.0,0.0,0.0,0.0,153.0,0.0,0.0,153.0,0.0,0.0,0.0,0.0,0.0,0.0,0.0,0.0,13.0,0.0,21.0,13.0,12.0,21.0,31.0,12.0,13.0,31.0,9.0,13.0,30.0,9.0,24.0,30.0,24.0,0.0,"Dec 31, 2018"
485,1305019.0,6000.0,Sulaymaniyah,Kalar,Shaykh Lankar,شيخ لنكر,34.5555857,45.2481505,208.0,1248.0,4.0,0.0,3.0,0.0,0.0,186.0,0.0,0.0,0.0,0.0,0.0,0.0,0.0,0.0,15.0,0.0,0.0,0.0,0.0,0.0,0.0,0.0,0.0,0.0,0.0,0.0,208.0,0.0,0.0,208.0,0.0,0.0,0.0,0.0,0.0,0.0,0.0,0.0,24.0,0.0,28.0,24.0,47.0,28.0,29.0,47.0,8.0,29.0,36.0,8.0,7.0,36.0,29.0,7.0,29.0,0.0,"Dec 31, 2018"
486,1305020.0,23769.0,Sulaymaniyah,Kalar,Sherwana,شيروانة,34.6108576753,45.3166238,46.0,276.0,6.0,0.0,2.0,0.0,0.0,31.0,0.0,0.0,1.0,0.0,0.0,0.0,0.0,0.0,6.0,0.0,0.0,0.0,0.0,0.0,0.0,0.0,0.0,0.0,0.0,0.0,46.0,0.0,0.0,46.0,0.0,0.0,0.0,0.0,0.0,0.0,0.0,0.0,6.0,0.0,12.0,6.0,2.0,12.0,9.0,2.0,2.0,9.0,1.0,2.0,9.0,1.0,5.0,9.0,5.0,0.0,"Dec 31, 2018"
487,1305021.0,24890.0,Sulaymaniyah,Kalar,Sirwan,سيروان,34.6223123048,45.3304388,50.0,300.0,1.0,0.0,0.0,0.0,0.0,36.0,0.0,0.0,1.0,0.0,0.0,0.0,1.0,0.0,11.0,0.0,0.0,0.0,0.0,0.0,0.0,0.0,0.0,0.0,0.0,0.0,50.0,0.0,0.0,50.0,0.0,0.0,0.0,0.0,0.0,0.0,0.0,0.0,2.0,0.0,10.0,2.0,3.0,10.0,12.0,3.0,3.0,12.0,0.0,3.0,5.0,0.0,15.0,5.0,15.0,0.0,"Dec 31, 2018"
488,1305022.0,26072.0,Sulaymaniyah,Kalar,Tazade ,تازة دي كمب,34.7055127,45.4486086,338.0,2028.0,30.0,136.0,3.0,0.0,0.0,49.0,0.0,0.0,0.0,0.0,0.0,0.0,26.0,0.0,94.0,0.0,0.0,0.0,338.0,0.0,0.0,0.0,0.0,0.0,0.0,0.0,0.0,0.0,0.0,0.0,0.0,0.0,0.0,0.0,0.0,0.0,0.0,0.0,2.0,0.0,105.0,2.0,35.0,105.0,55.0,35.0,20.0,55.0,71.0,20.0,36.0,71.0,14.0,36.0,14.0,0.0,"Dec 31, 2018"
489,1305023.0,29688.0,Sulaymaniyah,Kalar,Qarablagh,قربلاغ,34.4945929,45.1937311,40.0,240.0,0.0,0.0,0.0,0.0,0.0,40.0,0.0,0.0,0.0,0.0,0.0,0.0,0.0,0.0,0.0,0.0,0.0,0.0,0.0,6.0,0.0,0.0,0.0,0.0,0.0,0.0,29.0,0.0,0.0,29.0,0.0,0.0,0.0,0.0,5.0,0.0,0.0,5.0,0.0,0.0,36.0,0.0,0.0,36.0,0.0,0.0,0.0,0.0,2.0,0.0,0.0,2.0,2.0,0.0,2.0,0.0,"Dec 31, 2018"
490,1305024.0,29689.0,Sulaymaniyah,Kalar,Ali Khalaf,علي خلف,34.5371328,45.0451062,15.0,90.0,0.0,0.0,0.0,0.0,0.0,15.0,0.0,0.0,0.0,0.0,0.0,0.0,0.0,0.0,0.0,0.0,0.0,0.0,0.0,15.0,0.0,0.0,0.0,0.0,0.0,0.0,0.0,0.0,0.0,0.0,0.0,0.0,0.0,0.0,0.0,0.0,0.0,0.0,0.0,0.0,15.0,0.0,0.0,15.0,0.0,0.0,0.0,0.0,0.0,0.0,0.0,0.0,0.0,0.0,0.0,0.0,"Dec 31, 2018"
491,1305025.0,29690.0,Sulaymaniyah,Kalar,Said midrey,سيد مدري,34.5517613,45.0251373,11.0,66.0,0.0,0.0,0.0,0.0,0.0,11.0,0.0,0.0,0.0,0.0,0.0,0.0,0.0,0.0,0.0,0.0,0.0,0.0,0.0,7.0,0.0,0.0,0.0,0.0,0.0,0.0,1.0,0.0,0.0,1.0,0.0,0.0,3.0,0.0,0.0,3.0,0.0,0.0,0.0,0.0,3.0,0.0,8.0,3.0,0.0,8.0,0.0,0.0,0.0,0.0,0.0,0.0,0.0,0.0,0.0,0.0,"Dec 31, 2018"
492,1305026.0,29694.0,Sulaymaniyah,Kalar,Kogiz,كوكز,34.4944954,45.1095989,15.0,90.0,0.0,0.0,0.0,0.0,0.0,15.0,0.0,0.0,0.0,0.0,0.0,0.0,0.0,0.0,0.0,0.0,0.0,0.0,0.0,11.0,0.0,0.0,0.0,0.0,0.0,0.0,4.0,0.0,0.0,4.0,0.0,0.0,0.0,0.0,0.0,0.0,0.0,0.0,0.0,0.0,0.0,0.0,15.0,0.0,0.0,15.0,0.0,0.0,0.0,0.0,0.0,0.0,0.0,0.0,0.0,0.0,"Dec 31, 2018"
493,1305027.0,29695.0,Sulaymaniyah,Kalar,Taza shar,تازة شار,34.490628,45.1194962,8.0,48.0,0.0,0.0,0.0,0.0,0.0,8.0,0.0,0.0,0.0,0.0,0.0,0.0,0.0,0.0,0.0,0.0,0.0,0.0,0.0,7.0,0.0,0.0,0.0,0.0,0.0,0.0,1.0,0.0,0.0,1.0,0.0,0.0,0.0,0.0,0.0,0.0,0.0,0.0,0.0,0.0,7.0,0.0,0.0,7.0,1.0,0.0,0.0,1.0,0.0,0.0,0.0,0.0,0.0,0.0,0.0,0.0,"Dec 31, 2018"
494,1305028.0,29696.0,Sulaymaniyah,Kalar,Ban sindooq,بان سندوق,34.4780623,45.1465226,13.0,78.0,0.0,0.0,0.0,0.0,0.0,13.0,0.0,0.0,0.0,0.0,0.0,0.0,0.0,0.0,0.0,0.0,0.0,0.0,0.0,13.0,0.0,0.0,0.0,0.0,0.0,0.0,0.0,0.0,0.0,0.0,0.0,0.0,0.0,0.0,0.0,0.0,0.0,0.0,0.0,0.0,13.0,0.0,0.0,13.0,0.0,0.0,0.0,0.0,0.0,0.0,0.0,0.0,0.0,0.0,0.0,0.0,"Dec 31, 2018"
495,1305029.0,29697.0,Sulaymaniyah,Kalar,Awbara,اوبارة,34.5220742,45.1565109,6.0,36.0,0.0,0.0,0.0,0.0,0.0,6.0,0.0,0.0,0.0,0.0,0.0,0.0,0.0,0.0,0.0,0.0,0.0,0.0,0.0,0.0,0.0,0.0,0.0,0.0,0.0,0.0,6.0,0.0,0.0,6.0,0.0,0.0,0.0,0.0,0.0,0.0,0.0,0.0,0.0,0.0,6.0,0.0,0.0,6.0,0.0,0.0,0.0,0.0,0.0,0.0,0.0,0.0,0.0,0.0,0.0,0.0,"Dec 31, 2018"
496,1305030.0,5849.0,Sulaymaniyah,Kalar,Gomar,كومار,34.5468772,45.1259153,4.0,24.0,0.0,0.0,0.0,0.0,0.0,4.0,0.0,0.0,0.0,0.0,0.0,0.0,0.0,0.0,0.0,0.0,0.0,0.0,0.0,0.0,0.0,0.0,0.0,0.0,0.0,0.0,4.0,0.0,0.0,4.0,0.0,0.0,0.0,0.0,0.0,0.0,0.0,0.0,0.0,0.0,4.0,0.0,0.0,4.0,0.0,0.0,0.0,0.0,0.0,0.0,0.0,0.0,0.0,0.0,0.0,0.0,"Dec 31, 2018"
497,1305031.0,31928.0,Sulaymaniyah,Kalar,Nawrooz,نوروز,34.6583636388,45.2520845,92.0,552.0,7.0,6.0,0.0,0.0,0.0,33.0,0.0,0.0,0.0,0.0,0.0,0.0,0.0,0.0,46.0,0.0,0.0,0.0,0.0,0.0,0.0,0.0,0.0,0.0,0.0,0.0,92.0,0.0,0.0,92.0,0.0,0.0,0.0,0.0,0.0,0.0,0.0,0.0,7.0,0.0,11.0,7.0,3.0,11.0,15.0,3.0,10.0,15.0,1.0,10.0,2.0,1.0,43.0,2.0,43.0,0.0,"Dec 31, 2018"
498,1305032.0,31929.0,Sulaymaniyah,Kalar,Zhalla,زالا,34.6559534089,45.2575523,101.0,606.0,5.0,6.0,1.0,0.0,0.0,60.0,0.0,0.0,0.0,0.0,0.0,0.0,0.0,0.0,29.0,0.0,0.0,0.0,0.0,0.0,0.0,0.0,0.0,0.0,0.0,0.0,101.0,0.0,0.0,101.0,0.0,0.0,0.0,0.0,0.0,0.0,0.0,0.0,8.0,0.0,15.0,8.0,2.0,15.0,17.0,2.0,18.0,17.0,5.0,18.0,3.0,5.0,33.0,3.0,33.0,0.0,"Dec 31, 2018"
499,1305033.0,21861.0,Sulaymaniyah,Kalar,Garmyan,كرميان,34.6600478062,45.2319431,179.0,1074.0,7.0,42.0,5.0,0.0,0.0,94.0,0.0,0.0,1.0,0.0,0.0,0.0,0.0,0.0,30.0,0.0,0.0,0.0,0.0,0.0,0.0,0.0,0.0,0.0,0.0,0.0,179.0,0.0,0.0,179.0,0.0,0.0,0.0,0.0,0.0,0.0,0.0,0.0,33.0,0.0,40.0,33.0,15.0,40.0,40.0,15.0,18.0,40.0,4.0,18.0,1.0,4.0,28.0,1.0,28.0,0.0,"Dec 31, 2018"
500,1305034.0,31930.0,Sulaymaniyah,Kalar,Sangaw,سنكاو,34.6679296188,45.2251869,190.0,1140.0,5.0,70.0,0.0,0.0,0.0,63.0,0.0,0.0,0.0,0.0,0.0,0.0,0.0,0.0,52.0,0.0,0.0,0.0,0.0,0.0,0.0,0.0,0.0,0.0,0.0,0.0,190.0,0.0,0.0,190.0,0.0,0.0,0.0,0.0,0.0,0.0,0.0,0.0,29.0,0.0,49.0,29.0,11.0,49.0,31.0,11.0,5.0,31.0,1.0,5.0,3.0,1.0,61.0,3.0,61.0,0.0,"Dec 31, 2018"
501,1305035.0,21855.0,Sulaymaniyah,Kalar,Khornawazan,خورنوازان,34.6678088796,45.2280192,120.0,720.0,1.0,21.0,3.0,0.0,0.0,72.0,0.0,0.0,0.0,0.0,0.0,0.0,0.0,0.0,23.0,0.0,0.0,0.0,0.0,0.0,0.0,0.0,0.0,0.0,0.0,0.0,120.0,0.0,0.0,120.0,0.0,0.0,0.0,0.0,0.0,0.0,0.0,0.0,19.0,0.0,32.0,19.0,6.0,32.0,23.0,6.0,8.0,23.0,2.0,8.0,4.0,2.0,26.0,4.0,26.0,0.0,"Dec 31, 2018"
502,1305036.0,6161.0,Sulaymaniyah,Kalar,Shakal,شاكال,34.6655689884,45.2202165,229.0,1374.0,1.0,58.0,4.0,0.0,0.0,137.0,0.0,0.0,0.0,0.0,0.0,0.0,0.0,0.0,29.0,0.0,0.0,0.0,0.0,0.0,0.0,0.0,0.0,0.0,0.0,0.0,229.0,0.0,0.0,229.0,0.0,0.0,0.0,0.0,0.0,0.0,0.0,0.0,59.0,0.0,66.0,59.0,15.0,66.0,30.0,15.0,13.0,30.0,5.0,13.0,6.0,5.0,35.0,6.0,35.0,0.0,"Dec 31, 2018"
503,1305037.0,21982.0,Sulaymaniyah,Kalar,Hamrin,حمرين,34.6580508326,45.2461516,113.0,678.0,3.0,15.0,5.0,0.0,0.0,64.0,0.0,0.0,1.0,0.0,0.0,0.0,0.0,0.0,25.0,0.0,0.0,0.0,0.0,0.0,0.0,0.0,0.0,0.0,0.0,0.0,113.0,0.0,0.0,113.0,0.0,0.0,0.0,0.0,0.0,0.0,0.0,0.0,18.0,0.0,18.0,18.0,4.0,18.0,37.0,4.0,6.0,37.0,3.0,6.0,4.0,3.0,23.0,4.0,23.0,0.0,"Dec 31, 2018"
504,1305038.0,31931.0,Sulaymaniyah,Kalar,Asuda,اسودة,34.6555625106,45.2511977,139.0,834.0,6.0,8.0,1.0,0.0,0.0,71.0,0.0,0.0,0.0,0.0,0.0,0.0,0.0,0.0,53.0,0.0,0.0,0.0,0.0,0.0,0.0,0.0,0.0,0.0,0.0,0.0,139.0,0.0,0.0,139.0,0.0,0.0,0.0,0.0,0.0,0.0,0.0,0.0,13.0,0.0,33.0,13.0,11.0,33.0,24.0,11.0,16.0,24.0,5.0,16.0,4.0,5.0,33.0,4.0,33.0,0.0,"Dec 31, 2018"
505,1305039.0,31932.0,Sulaymaniyah,Kalar,Azadi,ازادي,34.6578371648,45.2387876,57.0,342.0,2.0,5.0,1.0,0.0,0.0,41.0,0.0,0.0,0.0,0.0,0.0,0.0,0.0,0.0,8.0,0.0,0.0,0.0,0.0,0.0,0.0,0.0,0.0,0.0,0.0,0.0,57.0,0.0,0.0,57.0,0.0,0.0,0.0,0.0,0.0,0.0,0.0,0.0,3.0,0.0,31.0,3.0,3.0,31.0,7.0,3.0,4.0,7.0,1.0,4.0,1.0,1.0,7.0,1.0,7.0,0.0,"Dec 31, 2018"
506,1305040.0,21852.0,Sulaymaniyah,Kalar,Awbarik,اوباريك,34.6656446012,45.241458,245.0,1470.0,18.0,50.0,4.0,0.0,0.0,94.0,0.0,0.0,0.0,0.0,0.0,0.0,0.0,0.0,79.0,0.0,0.0,0.0,0.0,0.0,0.0,0.0,0.0,0.0,0.0,0.0,245.0,0.0,0.0,245.0,0.0,0.0,0.0,0.0,0.0,0.0,0.0,0.0,32.0,0.0,40.0,32.0,13.0,40.0,44.0,13.0,19.0,44.0,6.0,19.0,11.0,6.0,80.0,11.0,80.0,0.0,"Dec 31, 2018"
507,1305041.0,31996.0,Sulaymaniyah,Kalar,Awarakan,ئاواراكان,34.6439768149,45.3126159,21.0,126.0,1.0,0.0,0.0,0.0,0.0,4.0,0.0,0.0,0.0,0.0,0.0,0.0,1.0,0.0,15.0,0.0,0.0,0.0,0.0,0.0,0.0,0.0,0.0,0.0,0.0,0.0,21.0,0.0,0.0,21.0,0.0,0.0,0.0,0.0,0.0,0.0,0.0,0.0,1.0,0.0,0.0,1.0,0.0,0.0,4.0,0.0,1.0,4.0,0.0,1.0,1.0,0.0,14.0,1.0,14.0,0.0,"Dec 31, 2018"
508,1305042.0,31997.0,Sulaymaniyah,Kalar,Rizgare,رزكاري,34.6391493534,45.3220098,89.0,534.0,6.0,0.0,2.0,0.0,0.0,67.0,0.0,0.0,0.0,0.0,0.0,0.0,0.0,0.0,14.0,0.0,0.0,0.0,0.0,0.0,0.0,0.0,0.0,0.0,0.0,0.0,89.0,0.0,0.0,89.0,0.0,0.0,0.0,0.0,0.0,0.0,0.0,0.0,4.0,0.0,22.0,4.0,8.0,22.0,22.0,8.0,12.0,22.0,0.0,12.0,11.0,0.0,10.0,11.0,10.0,0.0,"Dec 31, 2018"
509,1305043.0,31998.0,Sulaymaniyah,Kalar,Shorsh,شورش,34.6213749096,45.3092731,51.0,306.0,3.0,0.0,2.0,0.0,0.0,42.0,0.0,0.0,1.0,0.0,0.0,0.0,1.0,0.0,2.0,0.0,0.0,0.0,0.0,0.0,0.0,0.0,0.0,0.0,0.0,0.0,51.0,0.0,0.0,51.0,0.0,0.0,0.0,0.0,0.0,0.0,0.0,0.0,1.0,0.0,15.0,1.0,4.0,15.0,3.0,4.0,8.0,3.0,3.0,8.0,13.0,3.0,4.0,13.0,4.0,0.0,"Dec 31, 2018"
510,1305044.0,31999.0,Sulaymaniyah,Kalar,Sarkawtin,سةركةوتن,34.628864106,45.3264115,23.0,138.0,3.0,0.0,1.0,0.0,0.0,11.0,0.0,0.0,1.0,0.0,0.0,0.0,0.0,0.0,7.0,0.0,0.0,0.0,0.0,0.0,0.0,0.0,0.0,0.0,0.0,0.0,23.0,0.0,0.0,23.0,0.0,0.0,0.0,0.0,0.0,0.0,0.0,0.0,3.0,0.0,2.0,3.0,3.0,2.0,4.0,3.0,0.0,4.0,0.0,0.0,4.0,0.0,7.0,4.0,7.0,0.0,"Dec 31, 2018"
511,1305045.0,32000.0,Sulaymaniyah,Kalar,Khabat,خبات,34.6288886472,45.3138135,87.0,522.0,6.0,0.0,3.0,0.0,0.0,67.0,0.0,0.0,0.0,0.0,0.0,0.0,0.0,0.0,11.0,0.0,0.0,0.0,0.0,0.0,0.0,0.0,0.0,0.0,0.0,0.0,87.0,0.0,0.0,87.0,0.0,0.0,0.0,0.0,0.0,0.0,0.0,0.0,6.0,0.0,25.0,6.0,11.0,25.0,20.0,11.0,8.0,20.0,0.0,8.0,10.0,0.0,7.0,10.0,7.0,0.0,"Dec 31, 2018"
512,1305046.0,32001.0,Sulaymaniyah,Kalar,Mamostayan,ماموستايان,34.634237003,45.3205974,95.0,570.0,12.0,0.0,3.0,0.0,0.0,65.0,0.0,0.0,0.0,0.0,0.0,0.0,0.0,0.0,15.0,0.0,0.0,0.0,0.0,0.0,0.0,0.0,0.0,0.0,0.0,0.0,95.0,0.0,0.0,95.0,0.0,0.0,0.0,0.0,0.0,0.0,0.0,0.0,10.0,0.0,28.0,10.0,7.0,28.0,16.0,7.0,10.0,16.0,1.0,10.0,12.0,1.0,11.0,12.0,11.0,0.0,"Dec 31, 2018"
513,1305047.0,27306.0,Sulaymaniyah,Kalar,Andaziaran,ئةندازياران,34.632130648,45.3298943,10.0,60.0,1.0,0.0,0.0,0.0,0.0,2.0,0.0,0.0,0.0,0.0,0.0,0.0,0.0,0.0,7.0,0.0,0.0,0.0,0.0,0.0,0.0,0.0,0.0,0.0,0.0,0.0,10.0,0.0,0.0,10.0,0.0,0.0,0.0,0.0,0.0,0.0,0.0,0.0,1.0,0.0,0.0,1.0,0.0,0.0,1.0,0.0,0.0,1.0,0.0,0.0,1.0,0.0,7.0,1.0,7.0,0.0,"Dec 31, 2018"
514,1305048.0,32018.0,Sulaymaniyah,Kalar,Nawrooz,نوروز,34.637822259,45.3406313,9.0,54.0,0.0,0.0,2.0,0.0,0.0,7.0,0.0,0.0,0.0,0.0,0.0,0.0,0.0,0.0,0.0,0.0,0.0,0.0,0.0,0.0,0.0,0.0,0.0,0.0,0.0,0.0,9.0,0.0,0.0,9.0,0.0,0.0,0.0,0.0,0.0,0.0,0.0,0.0,0.0,0.0,0.0,0.0,5.0,0.0,2.0,5.0,0.0,2.0,0.0,0.0,2.0,0.0,0.0,2.0,0.0,0.0,"Dec 31, 2018"
515,1306003.0,22459.0,Sulaymaniyah,Penjwin,Mamostayan,ماموستايان,35.6216293,45.9502174,2.0,12.0,1.0,0.0,1.0,0.0,0.0,0.0,0.0,0.0,0.0,0.0,0.0,0.0,0.0,0.0,0.0,0.0,0.0,0.0,0.0,0.0,0.0,0.0,0.0,0.0,0.0,0.0,2.0,0.0,0.0,2.0,0.0,0.0,0.0,0.0,0.0,0.0,0.0,0.0,1.0,0.0,0.0,1.0,0.0,0.0,1.0,0.0,0.0,1.0,0.0,0.0,0.0,0.0,0.0,0.0,0.0,0.0,"Dec 31, 2018"
516,1306005.0,22591.0,Sulaymaniyah,Penjwin,Rzgari,رزكاري,35.6302076,45.9376222,4.0,24.0,0.0,0.0,1.0,0.0,0.0,1.0,0.0,0.0,0.0,0.0,0.0,0.0,0.0,0.0,2.0,0.0,0.0,0.0,0.0,0.0,0.0,0.0,0.0,0.0,0.0,0.0,4.0,0.0,0.0,4.0,0.0,0.0,0.0,0.0,0.0,0.0,0.0,0.0,1.0,0.0,3.0,1.0,0.0,3.0,0.0,0.0,0.0,0.0,0.0,0.0,0.0,0.0,0.0,0.0,0.0,0.0,"Dec 31, 2018"
517,1307001.0,24669.0,Sulaymaniyah,Pshdar,Ashty-Qaladiza,اشتي-قلادزي,36.182806,45.1353735,2.0,12.0,2.0,0.0,0.0,0.0,0.0,0.0,0.0,0.0,0.0,0.0,0.0,0.0,0.0,0.0,0.0,0.0,0.0,0.0,0.0,0.0,0.0,0.0,0.0,0.0,0.0,0.0,2.0,0.0,0.0,2.0,0.0,0.0,0.0,0.0,0.0,0.0,0.0,0.0,0.0,0.0,0.0,0.0,0.0,0.0,2.0,0.0,0.0,2.0,0.0,0.0,0.0,0.0,0.0,0.0,0.0,0.0,"Dec 31, 2018"
518,1307002.0,24492.0,Sulaymaniyah,Pshdar,Khanaqa-Qaladiza,خانقا-قلادزي,36.1835023,45.1215687,4.0,24.0,2.0,0.0,0.0,0.0,0.0,0.0,0.0,0.0,0.0,0.0,0.0,0.0,2.0,0.0,0.0,0.0,0.0,0.0,0.0,0.0,0.0,0.0,0.0,0.0,0.0,0.0,4.0,0.0,0.0,4.0,0.0,0.0,0.0,0.0,0.0,0.0,0.0,0.0,0.0,0.0,2.0,0.0,2.0,2.0,0.0,2.0,0.0,0.0,0.0,0.0,0.0,0.0,0.0,0.0,0.0,0.0,"Dec 31, 2018"
519,1307004.0,31846.0,Sulaymaniyah,Pshdar,Qanaa,قانع,36.2438379,45.0076616,3.0,18.0,3.0,0.0,0.0,0.0,0.0,0.0,0.0,0.0,0.0,0.0,0.0,0.0,0.0,0.0,0.0,0.0,0.0,0.0,0.0,0.0,0.0,0.0,0.0,0.0,0.0,0.0,3.0,0.0,0.0,3.0,0.0,0.0,0.0,0.0,0.0,0.0,0.0,0.0,0.0,0.0,0.0,0.0,0.0,0.0,3.0,0.0,0.0,3.0,0.0,0.0,0.0,0.0,0.0,0.0,0.0,0.0,"Dec 31, 2018"
520,1307005.0,31847.0,Sulaymaniyah,Pshdar,Garfen,كارفين,36.2469943,45.0050178,3.0,18.0,3.0,0.0,0.0,0.0,0.0,0.0,0.0,0.0,0.0,0.0,0.0,0.0,0.0,0.0,0.0,0.0,0.0,0.0,0.0,0.0,0.0,0.0,0.0,0.0,0.0,0.0,3.0,0.0,0.0,3.0,0.0,0.0,0.0,0.0,0.0,0.0,0.0,0.0,0.0,0.0,0.0,0.0,0.0,0.0,3.0,0.0,0.0,3.0,0.0,0.0,0.0,0.0,0.0,0.0,0.0,0.0,"Dec 31, 2018"
521,1307006.0,31848.0,Sulaymaniyah,Pshdar,Hawarei new,هواري نوي,36.2449833,45.0103656,3.0,18.0,2.0,0.0,0.0,0.0,0.0,1.0,0.0,0.0,0.0,0.0,0.0,0.0,0.0,0.0,0.0,0.0,0.0,0.0,0.0,0.0,0.0,0.0,0.0,0.0,0.0,0.0,3.0,0.0,0.0,3.0,0.0,0.0,0.0,0.0,0.0,0.0,0.0,0.0,0.0,0.0,1.0,0.0,0.0,1.0,2.0,0.0,0.0,2.0,0.0,0.0,0.0,0.0,0.0,0.0,0.0,0.0,"Dec 31, 2018"
522,1307007.0,31849.0,Sulaymaniyah,Pshdar,Asos,اسوس,36.2492331,45.0070804,5.0,30.0,4.0,0.0,0.0,0.0,0.0,0.0,0.0,0.0,0.0,0.0,0.0,0.0,1.0,0.0,0.0,0.0,0.0,0.0,0.0,0.0,0.0,0.0,0.0,0.0,0.0,0.0,5.0,0.0,0.0,5.0,0.0,0.0,0.0,0.0,0.0,0.0,0.0,0.0,4.0,0.0,1.0,4.0,0.0,1.0,0.0,0.0,0.0,0.0,0.0,0.0,0.0,0.0,0.0,0.0,0.0,0.0,"Dec 31, 2018"
523,1307008.0,31850.0,Sulaymaniyah,Pshdar,Rizgari,رزكاري,36.2587486,45.0100448,4.0,24.0,4.0,0.0,0.0,0.0,0.0,0.0,0.0,0.0,0.0,0.0,0.0,0.0,0.0,0.0,0.0,0.0,0.0,0.0,0.0,0.0,0.0,0.0,0.0,0.0,0.0,0.0,4.0,0.0,0.0,4.0,0.0,0.0,0.0,0.0,0.0,0.0,0.0,0.0,2.0,0.0,0.0,2.0,0.0,0.0,0.0,0.0,0.0,0.0,2.0,0.0,0.0,2.0,0.0,0.0,0.0,0.0,"Dec 31, 2018"
524,1307009.0,31851.0,Sulaymaniyah,Pshdar,Azadi,ازادي,36.2539597,45.0067887,1.0,6.0,1.0,0.0,0.0,0.0,0.0,0.0,0.0,0.0,0.0,0.0,0.0,0.0,0.0,0.0,0.0,0.0,0.0,0.0,0.0,0.0,0.0,0.0,0.0,0.0,0.0,0.0,1.0,0.0,0.0,1.0,0.0,0.0,0.0,0.0,0.0,0.0,0.0,0.0,0.0,0.0,0.0,0.0,0.0,0.0,1.0,0.0,0.0,1.0,0.0,0.0,0.0,0.0,0.0,0.0,0.0,0.0,"Dec 31, 2018"
525,1307010.0,31852.0,Sulaymaniyah,Pshdar,Ganjara,كةنجارة,36.241897,45.0252895,2.0,12.0,2.0,0.0,0.0,0.0,0.0,0.0,0.0,0.0,0.0,0.0,0.0,0.0,0.0,0.0,0.0,0.0,0.0,0.0,0.0,0.0,0.0,0.0,0.0,0.0,0.0,0.0,2.0,0.0,0.0,2.0,0.0,0.0,0.0,0.0,0.0,0.0,0.0,0.0,2.0,0.0,0.0,2.0,0.0,0.0,0.0,0.0,0.0,0.0,0.0,0.0,0.0,0.0,0.0,0.0,0.0,0.0,"Dec 31, 2018"
526,1307011.0,31853.0,Sulaymaniyah,Pshdar,Basta stin,بةستةستين,36.2525941,45.0360334,6.0,36.0,0.0,0.0,2.0,0.0,0.0,0.0,0.0,0.0,0.0,0.0,0.0,0.0,4.0,0.0,0.0,0.0,0.0,0.0,0.0,0.0,0.0,0.0,0.0,0.0,0.0,0.0,6.0,0.0,0.0,6.0,0.0,0.0,0.0,0.0,0.0,0.0,0.0,0.0,0.0,0.0,0.0,0.0,4.0,0.0,0.0,4.0,0.0,0.0,2.0,0.0,0.0,2.0,0.0,0.0,0.0,0.0,"Dec 31, 2018"
527,1307012.0,31854.0,Sulaymaniyah,Pshdar,Imam Qasim-Qaladiza,امام قاسم-قلادزي,36.1937269,45.1286544,2.0,12.0,2.0,0.0,0.0,0.0,0.0,0.0,0.0,0.0,0.0,0.0,0.0,0.0,0.0,0.0,0.0,0.0,0.0,0.0,0.0,0.0,0.0,0.0,0.0,0.0,0.0,0.0,2.0,0.0,0.0,2.0,0.0,0.0,0.0,0.0,0.0,0.0,0.0,0.0,0.0,0.0,0.0,0.0,1.0,0.0,1.0,1.0,0.0,1.0,0.0,0.0,0.0,0.0,0.0,0.0,0.0,0.0,"Dec 31, 2018"
528,1307013.0,31855.0,Sulaymaniyah,Pshdar,Raparine-Qaladiza,رابرين-قلادزي,36.1759899,45.1300982,1.0,6.0,1.0,0.0,0.0,0.0,0.0,0.0,0.0,0.0,0.0,0.0,0.0,0.0,0.0,0.0,0.0,0.0,0.0,0.0,0.0,0.0,0.0,0.0,0.0,0.0,0.0,0.0,1.0,0.0,0.0,1.0,0.0,0.0,0.0,0.0,0.0,0.0,0.0,0.0,0.0,0.0,0.0,0.0,0.0,0.0,0.0,0.0,0.0,0.0,0.0,0.0,1.0,0.0,0.0,1.0,0.0,0.0,"Dec 31, 2018"
529,1307014.0,31856.0,Sulaymaniyah,Pshdar,Karaba-Qaladiza,كارةبا-قلادزي,36.1862282,45.1214421,2.0,12.0,1.0,0.0,0.0,0.0,0.0,0.0,0.0,0.0,0.0,0.0,0.0,0.0,1.0,0.0,0.0,0.0,0.0,0.0,0.0,0.0,0.0,0.0,0.0,0.0,0.0,0.0,2.0,0.0,0.0,2.0,0.0,0.0,0.0,0.0,0.0,0.0,0.0,0.0,0.0,0.0,1.0,0.0,1.0,1.0,0.0,1.0,0.0,0.0,0.0,0.0,0.0,0.0,0.0,0.0,0.0,0.0,"Dec 31, 2018"
530,1307015.0,31857.0,Sulaymaniyah,Pshdar,Shahidan-Qaladiza,شهيدان-قلادزي,36.1783419,45.1250286,4.0,24.0,4.0,0.0,0.0,0.0,0.0,0.0,0.0,0.0,0.0,0.0,0.0,0.0,0.0,0.0,0.0,0.0,0.0,0.0,0.0,0.0,0.0,0.0,0.0,0.0,0.0,0.0,4.0,0.0,0.0,4.0,0.0,0.0,0.0,0.0,0.0,0.0,0.0,0.0,1.0,0.0,0.0,1.0,0.0,0.0,1.0,0.0,1.0,1.0,0.0,1.0,1.0,0.0,0.0,1.0,0.0,0.0,"Dec 31, 2018"
531,1307016.0,4061.0,Sulaymaniyah,Pshdar,Zharawa,زاراوا,36.224111,45.0664149,5.0,30.0,1.0,0.0,0.0,0.0,0.0,4.0,0.0,0.0,0.0,0.0,0.0,0.0,0.0,0.0,0.0,0.0,0.0,0.0,0.0,0.0,0.0,0.0,0.0,0.0,0.0,0.0,5.0,0.0,0.0,5.0,0.0,0.0,0.0,0.0,0.0,0.0,0.0,0.0,2.0,0.0,0.0,2.0,2.0,0.0,0.0,2.0,0.0,0.0,1.0,0.0,0.0,1.0,0.0,0.0,0.0,0.0,"Dec 31, 2018"
532,1308001.0,24898.0,Sulaymaniyah,Rania,Chwarchra,جوارجرا,36.2444748,44.7756853,6.0,36.0,5.0,0.0,0.0,0.0,0.0,0.0,0.0,0.0,0.0,0.0,0.0,0.0,0.0,0.0,1.0,0.0,0.0,0.0,0.0,0.0,0.0,0.0,0.0,0.0,0.0,0.0,6.0,0.0,0.0,6.0,0.0,0.0,0.0,0.0,0.0,0.0,0.0,0.0,0.0,0.0,1.0,0.0,2.0,1.0,2.0,2.0,0.0,2.0,0.0,0.0,1.0,0.0,0.0,1.0,0.0,0.0,"Dec 31, 2018"
533,1308003.0,25298.0,Sulaymaniyah,Rania,Koling city,كولين ستي,36.2287787,44.8485077,81.0,486.0,8.0,0.0,0.0,0.0,0.0,3.0,0.0,0.0,2.0,0.0,0.0,0.0,62.0,0.0,6.0,0.0,0.0,0.0,0.0,0.0,0.0,0.0,0.0,0.0,0.0,0.0,81.0,0.0,0.0,81.0,0.0,0.0,0.0,0.0,0.0,0.0,0.0,0.0,0.0,0.0,43.0,0.0,17.0,43.0,16.0,17.0,0.0,16.0,1.0,0.0,0.0,1.0,4.0,0.0,4.0,0.0,"Dec 31, 2018"
534,1308004.0,25296.0,Sulaymaniyah,Rania,Qandil,قنديل,36.2097303,44.8337084,22.0,132.0,8.0,2.0,4.0,0.0,0.0,2.0,0.0,0.0,5.0,0.0,0.0,0.0,0.0,0.0,1.0,0.0,0.0,0.0,0.0,0.0,0.0,0.0,0.0,0.0,0.0,0.0,22.0,0.0,0.0,22.0,0.0,0.0,0.0,0.0,0.0,0.0,0.0,0.0,0.0,0.0,1.0,0.0,3.0,1.0,6.0,3.0,3.0,6.0,1.0,3.0,2.0,1.0,6.0,2.0,6.0,0.0,"Dec 31, 2018"
535,1308005.0,25293.0,Sulaymaniyah,Rania,Raparine,رابرين,36.20458,44.8215052,13.0,78.0,2.0,0.0,4.0,0.0,0.0,1.0,0.0,0.0,4.0,0.0,0.0,0.0,0.0,0.0,2.0,0.0,0.0,0.0,0.0,0.0,0.0,0.0,0.0,0.0,0.0,0.0,13.0,0.0,0.0,13.0,0.0,0.0,0.0,0.0,0.0,0.0,0.0,0.0,1.0,0.0,1.0,1.0,0.0,1.0,2.0,0.0,2.0,2.0,3.0,2.0,0.0,3.0,4.0,0.0,4.0,0.0,"Dec 31, 2018"
536,1308006.0,25297.0,Sulaymaniyah,Rania,Rozhhalat,روزهلات,36.2114866,44.836857,26.0,156.0,2.0,2.0,9.0,0.0,0.0,1.0,0.0,0.0,3.0,0.0,0.0,0.0,6.0,0.0,3.0,0.0,0.0,0.0,0.0,0.0,0.0,0.0,0.0,0.0,0.0,0.0,26.0,0.0,0.0,26.0,0.0,0.0,0.0,0.0,0.0,0.0,0.0,0.0,0.0,0.0,1.0,0.0,10.0,1.0,4.0,10.0,4.0,4.0,0.0,4.0,1.0,0.0,6.0,1.0,6.0,0.0,"Dec 31, 2018"
537,1308007.0,25294.0,Sulaymaniyah,Rania,Rezgari,رزكاري,36.2028494,44.8233995,5.0,30.0,3.0,0.0,1.0,0.0,0.0,1.0,0.0,0.0,0.0,0.0,0.0,0.0,0.0,0.0,0.0,0.0,0.0,0.0,0.0,0.0,0.0,0.0,0.0,0.0,0.0,0.0,5.0,0.0,0.0,5.0,0.0,0.0,0.0,0.0,0.0,0.0,0.0,0.0,0.0,0.0,1.0,0.0,1.0,1.0,0.0,1.0,1.0,0.0,2.0,1.0,0.0,2.0,0.0,0.0,0.0,0.0,"Dec 31, 2018"
538,1308009.0,25522.0,Sulaymaniyah,Rania,Kewa Rash,كيوره ش,36.2633631,44.8813414,13.0,78.0,6.0,1.0,1.0,0.0,0.0,2.0,0.0,0.0,0.0,0.0,0.0,0.0,0.0,0.0,3.0,0.0,0.0,0.0,0.0,0.0,0.0,0.0,0.0,0.0,0.0,0.0,13.0,0.0,0.0,13.0,0.0,0.0,0.0,0.0,0.0,0.0,0.0,0.0,2.0,0.0,4.0,2.0,0.0,4.0,3.0,0.0,2.0,3.0,0.0,2.0,2.0,0.0,0.0,2.0,0.0,0.0,"Dec 31, 2018"
539,1308010.0,24814.0,Sulaymaniyah,Rania,Mamostayan,ماموستايان,36.2589441,44.8900763,8.0,48.0,3.0,2.0,1.0,0.0,0.0,1.0,0.0,0.0,0.0,0.0,0.0,0.0,1.0,0.0,0.0,0.0,0.0,0.0,0.0,0.0,0.0,0.0,0.0,0.0,0.0,0.0,8.0,0.0,0.0,8.0,0.0,0.0,0.0,0.0,0.0,0.0,0.0,0.0,0.0,0.0,1.0,0.0,3.0,1.0,1.0,3.0,0.0,1.0,3.0,0.0,0.0,3.0,0.0,0.0,0.0,0.0,"Dec 31, 2018"
540,1308011.0,24101.0,Sulaymaniyah,Rania,Nawroz,نوروز,36.2494431,44.8741161,45.0,270.0,0.0,0.0,1.0,0.0,0.0,0.0,0.0,0.0,0.0,0.0,0.0,0.0,44.0,0.0,0.0,0.0,0.0,0.0,0.0,0.0,0.0,0.0,0.0,0.0,0.0,0.0,45.0,0.0,0.0,45.0,0.0,0.0,0.0,0.0,0.0,0.0,0.0,0.0,1.0,0.0,44.0,1.0,0.0,44.0,0.0,0.0,0.0,0.0,0.0,0.0,0.0,0.0,0.0,0.0,0.0,0.0,"Dec 31, 2018"
541,1308013.0,4201.0,Sulaymaniyah,Rania,Qalat,قلات,36.2540685,44.8853674,12.0,72.0,9.0,0.0,1.0,0.0,0.0,0.0,0.0,0.0,0.0,0.0,0.0,0.0,2.0,0.0,0.0,0.0,0.0,0.0,0.0,0.0,0.0,0.0,0.0,0.0,0.0,0.0,12.0,0.0,0.0,12.0,0.0,0.0,0.0,0.0,0.0,0.0,0.0,0.0,2.0,0.0,1.0,2.0,3.0,1.0,2.0,3.0,4.0,2.0,0.0,4.0,0.0,0.0,0.0,0.0,0.0,0.0,"Dec 31, 2018"
542,1308014.0,24100.0,Sulaymaniyah,Rania,Qula,قولة,36.2568178,44.8862437,12.0,72.0,12.0,0.0,0.0,0.0,0.0,0.0,0.0,0.0,0.0,0.0,0.0,0.0,0.0,0.0,0.0,0.0,0.0,0.0,0.0,0.0,0.0,0.0,0.0,0.0,0.0,0.0,12.0,0.0,0.0,12.0,0.0,0.0,0.0,0.0,0.0,0.0,0.0,0.0,3.0,0.0,1.0,3.0,0.0,1.0,1.0,0.0,7.0,1.0,0.0,7.0,0.0,0.0,0.0,0.0,0.0,0.0,"Dec 31, 2018"
543,1308015.0,25521.0,Sulaymaniyah,Rania,Rozh City,روز ستي,36.2595262,44.8516259,4.0,24.0,2.0,0.0,1.0,0.0,0.0,0.0,0.0,0.0,0.0,0.0,0.0,0.0,1.0,0.0,0.0,0.0,0.0,0.0,0.0,0.0,0.0,0.0,0.0,0.0,0.0,0.0,4.0,0.0,0.0,4.0,0.0,0.0,0.0,0.0,0.0,0.0,0.0,0.0,0.0,0.0,0.0,0.0,1.0,0.0,1.0,1.0,2.0,1.0,0.0,2.0,0.0,0.0,0.0,0.0,0.0,0.0,"Dec 31, 2018"
544,1308016.0,5583.0,Sulaymaniyah,Rania,Sarkapkan,سركبكان,36.2866879,44.8240522,4.0,24.0,0.0,0.0,0.0,0.0,0.0,2.0,0.0,0.0,1.0,0.0,0.0,0.0,1.0,0.0,0.0,0.0,0.0,0.0,0.0,0.0,0.0,0.0,0.0,0.0,0.0,0.0,4.0,0.0,0.0,4.0,0.0,0.0,0.0,0.0,0.0,0.0,0.0,0.0,0.0,0.0,3.0,0.0,0.0,3.0,0.0,0.0,0.0,0.0,0.0,0.0,0.0,0.0,1.0,0.0,1.0,0.0,"Dec 31, 2018"
545,1308018.0,24895.0,Sulaymaniyah,Rania,Shishar,شيشار,36.2449787,44.7716129,32.0,192.0,9.0,0.0,4.0,0.0,0.0,2.0,0.0,0.0,0.0,0.0,0.0,0.0,17.0,0.0,0.0,0.0,0.0,0.0,0.0,0.0,0.0,0.0,0.0,0.0,0.0,0.0,32.0,0.0,0.0,32.0,0.0,0.0,0.0,0.0,0.0,0.0,0.0,0.0,5.0,0.0,12.0,5.0,2.0,12.0,5.0,2.0,2.0,5.0,2.0,2.0,4.0,2.0,0.0,4.0,0.0,0.0,"Dec 31, 2018"
546,1308019.0,24896.0,Sulaymaniyah,Rania,Tekoshar,تيكوشر,36.2282225,44.8003327,18.0,108.0,0.0,0.0,3.0,0.0,0.0,0.0,0.0,0.0,6.0,0.0,0.0,0.0,8.0,0.0,1.0,0.0,0.0,0.0,0.0,0.0,0.0,0.0,0.0,0.0,0.0,0.0,18.0,0.0,0.0,18.0,0.0,0.0,0.0,0.0,0.0,0.0,0.0,0.0,0.0,0.0,10.0,0.0,0.0,10.0,2.0,0.0,0.0,2.0,0.0,0.0,0.0,0.0,6.0,0.0,6.0,0.0,"Dec 31, 2018"
547,1308020.0,25295.0,Sulaymaniyah,Rania,Yakiati,يكيتي,36.2046216,44.8269034,10.0,60.0,9.0,0.0,1.0,0.0,0.0,0.0,0.0,0.0,0.0,0.0,0.0,0.0,0.0,0.0,0.0,0.0,0.0,0.0,0.0,0.0,0.0,0.0,0.0,0.0,0.0,0.0,10.0,0.0,0.0,10.0,0.0,0.0,0.0,0.0,0.0,0.0,0.0,0.0,1.0,0.0,0.0,1.0,0.0,0.0,1.0,0.0,1.0,1.0,4.0,1.0,3.0,4.0,0.0,3.0,0.0,0.0,"Dec 31, 2018"
548,1308021.0,29686.0,Sulaymaniyah,Rania,Saraa,سراا,36.2112346,44.8277604,32.0,192.0,14.0,0.0,4.0,0.0,0.0,6.0,0.0,0.0,3.0,0.0,0.0,0.0,2.0,0.0,3.0,0.0,0.0,0.0,0.0,0.0,0.0,0.0,0.0,0.0,0.0,0.0,32.0,0.0,0.0,32.0,0.0,0.0,0.0,0.0,0.0,0.0,0.0,0.0,4.0,0.0,10.0,4.0,4.0,10.0,3.0,4.0,4.0,3.0,4.0,4.0,0.0,4.0,3.0,0.0,3.0,0.0,"Dec 31, 2018"
549,1308022.0,5568.0,Sulaymaniyah,Rania,kurdistan,كوردستان,36.2205991,44.8359597,19.0,114.0,1.0,0.0,3.0,0.0,0.0,5.0,0.0,0.0,4.0,0.0,0.0,0.0,3.0,0.0,3.0,0.0,0.0,0.0,0.0,0.0,0.0,0.0,0.0,0.0,0.0,0.0,19.0,0.0,0.0,19.0,0.0,0.0,0.0,0.0,0.0,0.0,0.0,0.0,0.0,0.0,0.0,0.0,5.0,0.0,7.0,5.0,1.0,7.0,1.0,1.0,0.0,1.0,5.0,0.0,5.0,0.0,"Dec 31, 2018"
550,1308023.0,4179.0,Sulaymaniyah,Rania,Makok,ماكوك,36.2113791,44.8214469,10.0,60.0,0.0,0.0,2.0,0.0,0.0,6.0,0.0,0.0,1.0,0.0,0.0,0.0,0.0,0.0,1.0,0.0,0.0,0.0,0.0,0.0,0.0,0.0,0.0,0.0,0.0,0.0,10.0,0.0,0.0,10.0,0.0,0.0,0.0,0.0,0.0,0.0,0.0,0.0,0.0,0.0,3.0,0.0,1.0,3.0,1.0,1.0,2.0,1.0,2.0,2.0,0.0,2.0,1.0,0.0,1.0,0.0,"Dec 31, 2018"
551,1308025.0,31858.0,Sulaymaniyah,Rania,Girdjan,كردجان,36.2095367,44.7928562,14.0,84.0,10.0,4.0,0.0,0.0,0.0,0.0,0.0,0.0,0.0,0.0,0.0,0.0,0.0,0.0,0.0,0.0,0.0,0.0,0.0,0.0,0.0,0.0,0.0,0.0,0.0,0.0,14.0,0.0,0.0,14.0,0.0,0.0,0.0,0.0,0.0,0.0,0.0,0.0,3.0,0.0,6.0,3.0,2.0,6.0,0.0,2.0,1.0,0.0,2.0,1.0,0.0,2.0,0.0,0.0,0.0,0.0,"Dec 31, 2018"
552,1308027.0,31844.0,Sulaymaniyah,Rania,Taqolan,تاقولان,36.2602006,44.7713532,2.0,12.0,0.0,0.0,0.0,0.0,0.0,0.0,0.0,0.0,0.0,0.0,0.0,0.0,2.0,0.0,0.0,0.0,0.0,0.0,0.0,0.0,0.0,0.0,0.0,0.0,0.0,0.0,2.0,0.0,0.0,2.0,0.0,0.0,0.0,0.0,0.0,0.0,0.0,0.0,0.0,0.0,2.0,0.0,0.0,2.0,0.0,0.0,0.0,0.0,0.0,0.0,0.0,0.0,0.0,0.0,0.0,0.0,"Dec 31, 2018"
553,1308028.0,31868.0,Sulaymaniyah,Rania,Rizgari,رزكاري,36.2563847,44.8988032,2.0,12.0,1.0,0.0,0.0,0.0,0.0,1.0,0.0,0.0,0.0,0.0,0.0,0.0,0.0,0.0,0.0,0.0,0.0,0.0,0.0,0.0,0.0,0.0,0.0,0.0,0.0,0.0,2.0,0.0,0.0,2.0,0.0,0.0,0.0,0.0,0.0,0.0,0.0,0.0,1.0,0.0,0.0,1.0,0.0,0.0,0.0,0.0,1.0,0.0,0.0,1.0,0.0,0.0,0.0,0.0,0.0,0.0,"Dec 31, 2018"
554,1308029.0,31869.0,Sulaymaniyah,Rania,Azadi 2,ازادي 2,36.2527794,44.8751276,12.0,72.0,10.0,1.0,0.0,0.0,0.0,0.0,0.0,0.0,0.0,0.0,0.0,0.0,1.0,0.0,0.0,0.0,0.0,0.0,0.0,0.0,0.0,0.0,0.0,0.0,0.0,0.0,12.0,0.0,0.0,12.0,0.0,0.0,0.0,0.0,0.0,0.0,0.0,0.0,0.0,0.0,1.0,0.0,0.0,1.0,5.0,0.0,3.0,5.0,2.0,3.0,0.0,2.0,1.0,0.0,1.0,0.0,"Dec 31, 2018"
555,1308030.0,31870.0,Sulaymaniyah,Rania,Azadi 1,ازادي 1,36.2578977,44.8776631,12.0,72.0,8.0,0.0,4.0,0.0,0.0,0.0,0.0,0.0,0.0,0.0,0.0,0.0,0.0,0.0,0.0,0.0,0.0,0.0,0.0,0.0,0.0,0.0,0.0,0.0,0.0,0.0,12.0,0.0,0.0,12.0,0.0,0.0,0.0,0.0,0.0,0.0,0.0,0.0,0.0,0.0,4.0,0.0,2.0,4.0,4.0,2.0,1.0,4.0,1.0,1.0,0.0,1.0,0.0,0.0,0.0,0.0,"Dec 31, 2018"
556,1308031.0,31871.0,Sulaymaniyah,Rania,Raparine,رابرين,36.2417524,44.881473,7.0,42.0,1.0,0.0,3.0,0.0,0.0,0.0,0.0,0.0,0.0,0.0,0.0,0.0,3.0,0.0,0.0,0.0,0.0,0.0,0.0,0.0,0.0,0.0,0.0,0.0,0.0,0.0,7.0,0.0,0.0,7.0,0.0,0.0,0.0,0.0,0.0,0.0,0.0,0.0,3.0,0.0,2.0,3.0,1.0,2.0,1.0,1.0,0.0,1.0,0.0,0.0,0.0,0.0,0.0,0.0,0.0,0.0,"Dec 31, 2018"
557,1308032.0,31872.0,Sulaymaniyah,Rania,Rania New,رانيا نوي,36.2483295,44.8604911,10.0,60.0,0.0,0.0,0.0,0.0,0.0,0.0,0.0,0.0,0.0,0.0,0.0,0.0,10.0,0.0,0.0,0.0,0.0,0.0,0.0,0.0,0.0,0.0,0.0,0.0,0.0,0.0,10.0,0.0,0.0,10.0,0.0,0.0,0.0,0.0,0.0,0.0,0.0,0.0,0.0,0.0,3.0,0.0,4.0,3.0,0.0,4.0,0.0,0.0,0.0,0.0,3.0,0.0,0.0,3.0,0.0,0.0,"Dec 31, 2018"
558,1308033.0,4206.0,Sulaymaniyah,Rania,Srra,سةرا,36.2533759,44.8792085,12.0,72.0,3.0,1.0,3.0,0.0,0.0,5.0,0.0,0.0,0.0,0.0,0.0,0.0,0.0,0.0,0.0,0.0,0.0,0.0,0.0,0.0,0.0,0.0,0.0,0.0,0.0,0.0,12.0,0.0,0.0,12.0,0.0,0.0,0.0,0.0,0.0,0.0,0.0,0.0,8.0,0.0,1.0,8.0,0.0,1.0,0.0,0.0,2.0,0.0,0.0,2.0,1.0,0.0,0.0,1.0,0.0,0.0,"Dec 31, 2018"
559,1308034.0,31873.0,Sulaymaniyah,Rania,Rasha merk,رةشتة ميرك,36.2594373,44.8819535,8.0,48.0,4.0,0.0,0.0,0.0,0.0,0.0,0.0,0.0,0.0,0.0,0.0,0.0,0.0,0.0,4.0,0.0,0.0,0.0,0.0,0.0,0.0,0.0,0.0,0.0,0.0,0.0,8.0,0.0,0.0,8.0,0.0,0.0,0.0,0.0,0.0,0.0,0.0,0.0,1.0,0.0,3.0,1.0,1.0,3.0,0.0,1.0,0.0,0.0,2.0,0.0,1.0,2.0,0.0,1.0,0.0,0.0,"Dec 31, 2018"
560,1308035.0,31874.0,Sulaymaniyah,Rania,Gilinjan,كلنجان,36.2580864,44.8804546,5.0,30.0,5.0,0.0,0.0,0.0,0.0,0.0,0.0,0.0,0.0,0.0,0.0,0.0,0.0,0.0,0.0,0.0,0.0,0.0,0.0,0.0,0.0,0.0,0.0,0.0,0.0,0.0,5.0,0.0,0.0,5.0,0.0,0.0,0.0,0.0,0.0,0.0,0.0,0.0,1.0,0.0,0.0,1.0,0.0,0.0,0.0,0.0,0.0,0.0,2.0,0.0,2.0,2.0,0.0,2.0,0.0,0.0,"Dec 31, 2018"
561,1308036.0,4152.0,Sulaymaniyah,Rania,Titoka,تيتوكة,36.2722291,44.8675937,10.0,60.0,4.0,4.0,2.0,0.0,0.0,0.0,0.0,0.0,0.0,0.0,0.0,0.0,0.0,0.0,0.0,0.0,0.0,0.0,0.0,0.0,0.0,0.0,0.0,0.0,0.0,0.0,10.0,0.0,0.0,10.0,0.0,0.0,0.0,0.0,0.0,0.0,0.0,0.0,1.0,0.0,0.0,1.0,4.0,0.0,2.0,4.0,2.0,2.0,0.0,2.0,1.0,0.0,0.0,1.0,0.0,0.0,"Dec 31, 2018"
562,1308037.0,31875.0,Sulaymaniyah,Rania,Karokh,كاروخ,36.2553511,44.8699739,4.0,24.0,0.0,0.0,0.0,0.0,0.0,4.0,0.0,0.0,0.0,0.0,0.0,0.0,0.0,0.0,0.0,0.0,0.0,0.0,0.0,0.0,0.0,0.0,0.0,0.0,0.0,0.0,4.0,0.0,0.0,4.0,0.0,0.0,0.0,0.0,0.0,0.0,0.0,0.0,0.0,0.0,1.0,0.0,1.0,1.0,1.0,1.0,0.0,1.0,1.0,0.0,0.0,1.0,0.0,0.0,0.0,0.0,"Dec 31, 2018"
563,1308038.0,4705.0,Sulaymaniyah,Rania,Bosken,بوسكين,36.238228,44.920283,11.0,66.0,2.0,0.0,2.0,0.0,0.0,3.0,0.0,0.0,0.0,0.0,0.0,0.0,4.0,0.0,0.0,0.0,0.0,0.0,0.0,0.0,0.0,0.0,0.0,0.0,0.0,0.0,11.0,0.0,0.0,11.0,0.0,0.0,0.0,0.0,0.0,0.0,0.0,0.0,4.0,0.0,4.0,4.0,0.0,4.0,1.0,0.0,0.0,1.0,0.0,0.0,1.0,0.0,1.0,1.0,1.0,0.0,"Dec 31, 2018"
564,1309001.0,4320.0,Sulaymaniyah,Sharbazher,Chwarta,جوارتا,35.7159177,45.5743362,8.0,48.0,0.0,0.0,0.0,0.0,0.0,0.0,0.0,0.0,0.0,0.0,0.0,0.0,6.0,0.0,2.0,0.0,0.0,0.0,0.0,0.0,0.0,0.0,0.0,0.0,0.0,0.0,8.0,0.0,0.0,8.0,0.0,0.0,0.0,0.0,0.0,0.0,0.0,0.0,0.0,0.0,0.0,0.0,6.0,0.0,0.0,6.0,0.0,0.0,0.0,0.0,0.0,0.0,2.0,0.0,2.0,0.0,"Dec 31, 2018"
565,1309002.0,4307.0,Sulaymaniyah,Sharbazher,Gapilon,كابيلون,35.796744,45.351584,11.0,66.0,1.0,0.0,0.0,0.0,0.0,1.0,0.0,0.0,0.0,0.0,0.0,0.0,6.0,0.0,3.0,0.0,0.0,0.0,0.0,0.0,0.0,0.0,0.0,0.0,0.0,0.0,11.0,0.0,0.0,11.0,0.0,0.0,0.0,0.0,0.0,0.0,0.0,0.0,1.0,0.0,1.0,1.0,3.0,1.0,1.0,3.0,1.0,1.0,1.0,1.0,0.0,1.0,3.0,0.0,3.0,0.0,"Dec 31, 2018"
566,1309003.0,4239.0,Sulaymaniyah,Sharbazher,Sitak,سيتك,35.6372788,45.5042501,66.0,396.0,0.0,0.0,0.0,0.0,0.0,2.0,0.0,0.0,0.0,0.0,0.0,0.0,64.0,0.0,0.0,0.0,0.0,0.0,0.0,0.0,0.0,0.0,0.0,0.0,0.0,0.0,66.0,0.0,0.0,66.0,0.0,0.0,0.0,0.0,0.0,0.0,0.0,0.0,0.0,0.0,0.0,0.0,64.0,0.0,2.0,64.0,0.0,2.0,0.0,0.0,0.0,0.0,0.0,0.0,0.0,0.0,"Dec 31, 2018"
567,1309004.0,4233.0,Sulaymaniyah,Sharbazher,Tagaran,تكران,35.6662216,45.5364965,29.0,174.0,0.0,0.0,0.0,0.0,0.0,0.0,0.0,0.0,0.0,0.0,0.0,0.0,29.0,0.0,0.0,0.0,0.0,0.0,0.0,0.0,0.0,0.0,0.0,0.0,0.0,0.0,29.0,0.0,0.0,29.0,0.0,0.0,0.0,0.0,0.0,0.0,0.0,0.0,0.0,0.0,0.0,0.0,29.0,0.0,0.0,29.0,0.0,0.0,0.0,0.0,0.0,0.0,0.0,0.0,0.0,0.0,"Dec 31, 2018"
568,1310001.0,23716.0,Sulaymaniyah,Sulaymaniya,Ablakh 410,ابلاخ 410,35.5565334,45.4080496,22.0,132.0,11.0,0.0,7.0,0.0,0.0,1.0,0.0,0.0,0.0,0.0,0.0,0.0,2.0,0.0,1.0,0.0,0.0,0.0,0.0,0.0,0.0,0.0,0.0,0.0,0.0,0.0,22.0,0.0,0.0,22.0,0.0,0.0,0.0,0.0,0.0,0.0,0.0,0.0,1.0,0.0,3.0,1.0,0.0,3.0,2.0,0.0,7.0,2.0,3.0,7.0,6.0,3.0,0.0,6.0,0.0,0.0,"Dec 31, 2018"
569,1310003.0,23771.0,Sulaymaniyah,Sulaymaniya,Bazian-Allaye,اللاهى,35.5807438,45.1747295,137.0,822.0,11.0,5.0,16.0,0.0,0.0,15.0,0.0,0.0,3.0,0.0,0.0,0.0,50.0,0.0,37.0,0.0,0.0,0.0,0.0,0.0,0.0,0.0,0.0,0.0,0.0,0.0,137.0,0.0,0.0,137.0,0.0,0.0,0.0,0.0,0.0,0.0,0.0,0.0,10.0,0.0,24.0,10.0,24.0,24.0,19.0,24.0,24.0,19.0,20.0,24.0,6.0,20.0,10.0,6.0,10.0,0.0,"Dec 31, 2018"
570,1310005.0,23692.0,Sulaymaniyah,Sulaymaniya,Arbai IDP,عربت كمب للنازحين,35.4324878,45.5904947,372.0,2232.0,0.0,2.0,0.0,0.0,0.0,1.0,0.0,0.0,0.0,0.0,0.0,0.0,1.0,0.0,368.0,0.0,0.0,0.0,372.0,0.0,0.0,0.0,0.0,0.0,0.0,0.0,0.0,0.0,0.0,0.0,0.0,0.0,0.0,0.0,0.0,0.0,0.0,0.0,0.0,0.0,2.0,0.0,2.0,2.0,368.0,2.0,0.0,368.0,0.0,0.0,0.0,0.0,0.0,0.0,0.0,0.0,"Dec 31, 2018"
571,1310006.0,25289.0,Sulaymaniyah,Sulaymaniya,Arbat-Arbat Kon,عربت كون,35.4212931,45.5798565,13.0,78.0,1.0,3.0,2.0,0.0,0.0,1.0,0.0,0.0,0.0,0.0,0.0,0.0,0.0,0.0,6.0,0.0,0.0,0.0,0.0,0.0,0.0,0.0,0.0,0.0,0.0,0.0,13.0,0.0,0.0,13.0,0.0,0.0,0.0,0.0,0.0,0.0,0.0,0.0,1.0,0.0,7.0,1.0,1.0,7.0,4.0,1.0,0.0,4.0,0.0,0.0,0.0,0.0,0.0,0.0,0.0,0.0,"Dec 31, 2018"
572,1310007.0,25291.0,Sulaymaniyah,Sulaymaniya,Arbat-Ashty,اشتي,35.4252833,45.5856086,104.0,624.0,5.0,41.0,9.0,0.0,0.0,9.0,0.0,0.0,0.0,0.0,0.0,0.0,2.0,0.0,38.0,0.0,0.0,0.0,0.0,0.0,0.0,0.0,0.0,0.0,0.0,0.0,104.0,0.0,0.0,104.0,0.0,0.0,0.0,0.0,0.0,0.0,0.0,0.0,0.0,0.0,59.0,0.0,9.0,59.0,33.0,9.0,3.0,33.0,0.0,3.0,0.0,0.0,0.0,0.0,0.0,0.0,"Dec 31, 2018"
573,1310008.0,25290.0,Sulaymaniyah,Sulaymaniya,Arbat-Qalat,قلات,35.4261808,45.5789428,13.0,78.0,2.0,5.0,0.0,0.0,0.0,0.0,0.0,0.0,0.0,0.0,0.0,0.0,0.0,0.0,6.0,0.0,0.0,0.0,0.0,0.0,0.0,0.0,0.0,0.0,0.0,0.0,13.0,0.0,0.0,13.0,0.0,0.0,0.0,0.0,0.0,0.0,0.0,0.0,0.0,0.0,2.0,0.0,3.0,2.0,7.0,3.0,1.0,7.0,0.0,1.0,0.0,0.0,0.0,0.0,0.0,0.0,"Dec 31, 2018"
574,1310009.0,25292.0,Sulaymaniyah,Sulaymaniya,Arbat-Shahidan,شهيدان,35.4154222,45.5831556,124.0,744.0,4.0,106.0,4.0,0.0,0.0,4.0,0.0,0.0,0.0,0.0,0.0,0.0,0.0,0.0,6.0,0.0,0.0,0.0,0.0,0.0,0.0,0.0,0.0,0.0,0.0,0.0,124.0,0.0,0.0,124.0,0.0,0.0,0.0,0.0,0.0,0.0,0.0,0.0,18.0,0.0,63.0,18.0,18.0,63.0,23.0,18.0,2.0,23.0,0.0,2.0,0.0,0.0,0.0,0.0,0.0,0.0,"Dec 31, 2018"
575,1310010.0,21279.0,Sulaymaniyah,Sulaymaniya,Ashty 106 & 104,اشتي 106 &104,35.5707376,45.4261491,76.0,456.0,30.0,1.0,24.0,0.0,0.0,2.0,0.0,0.0,13.0,0.0,0.0,0.0,3.0,0.0,3.0,0.0,0.0,0.0,0.0,0.0,0.0,0.0,0.0,0.0,0.0,0.0,76.0,0.0,0.0,76.0,0.0,0.0,0.0,0.0,0.0,0.0,0.0,0.0,9.0,0.0,15.0,9.0,3.0,15.0,14.0,3.0,5.0,14.0,6.0,5.0,12.0,6.0,12.0,12.0,12.0,0.0,"Dec 31, 2018"
576,1310011.0,25874.0,Sulaymaniyah,Sulaymaniya,Ashty-Bazyan,اشتي-بازيان,35.5854129,45.156269,21.0,126.0,0.0,1.0,3.0,0.0,0.0,9.0,0.0,0.0,4.0,0.0,0.0,0.0,4.0,0.0,0.0,0.0,0.0,0.0,0.0,0.0,0.0,0.0,0.0,0.0,0.0,0.0,21.0,0.0,0.0,21.0,0.0,0.0,0.0,0.0,0.0,0.0,0.0,0.0,0.0,0.0,7.0,0.0,4.0,7.0,5.0,4.0,0.0,5.0,0.0,0.0,0.0,0.0,5.0,0.0,5.0,0.0,"Dec 31, 2018"
577,1310012.0,5737.0,Sulaymaniyah,Sulaymaniya,Awbara,اوبارة,35.5515613,45.3801727,177.0,1062.0,50.0,2.0,31.0,0.0,0.0,19.0,0.0,0.0,9.0,0.0,0.0,0.0,15.0,0.0,51.0,0.0,0.0,0.0,0.0,0.0,0.0,0.0,0.0,0.0,0.0,0.0,177.0,0.0,0.0,177.0,0.0,0.0,0.0,0.0,0.0,0.0,0.0,0.0,0.0,0.0,6.0,0.0,1.0,6.0,23.0,1.0,30.0,23.0,37.0,30.0,46.0,37.0,34.0,46.0,34.0,0.0,"Dec 31, 2018"
578,1310013.0,21202.0,Sulaymaniyah,Sulaymaniya,Azadi,ازادى,35.5615181345,45.4659565,155.0,930.0,9.0,52.0,24.0,0.0,0.0,15.0,0.0,0.0,0.0,0.0,0.0,0.0,15.0,0.0,40.0,0.0,0.0,0.0,0.0,0.0,0.0,0.0,0.0,0.0,0.0,0.0,155.0,0.0,0.0,155.0,0.0,0.0,0.0,0.0,0.0,0.0,0.0,0.0,24.0,0.0,40.0,24.0,10.0,40.0,28.0,10.0,14.0,28.0,10.0,14.0,9.0,10.0,20.0,9.0,20.0,0.0,"Dec 31, 2018"
579,1310014.0,25873.0,Sulaymaniyah,Sulaymaniya,Azadi-Bazyan,ازادي-بازيان,35.6034563,45.1291177,58.0,348.0,5.0,0.0,10.0,0.0,0.0,3.0,0.0,0.0,20.0,0.0,0.0,0.0,10.0,0.0,10.0,0.0,0.0,0.0,0.0,0.0,0.0,0.0,0.0,0.0,0.0,0.0,58.0,0.0,0.0,58.0,0.0,0.0,0.0,0.0,0.0,0.0,0.0,0.0,1.0,0.0,15.0,1.0,5.0,15.0,6.0,5.0,1.0,6.0,3.0,1.0,0.0,3.0,27.0,0.0,27.0,0.0,"Dec 31, 2018"
580,1310015.0,21204.0,Sulaymaniyah,Sulaymaniya,Bakhtiary New 117,بختيارى نوي 117,35.5737057,45.3979277,47.0,282.0,8.0,1.0,27.0,0.0,0.0,4.0,0.0,0.0,1.0,0.0,0.0,0.0,3.0,0.0,3.0,0.0,0.0,0.0,0.0,0.0,0.0,0.0,0.0,0.0,0.0,0.0,47.0,0.0,0.0,47.0,0.0,0.0,0.0,0.0,0.0,0.0,0.0,0.0,6.0,0.0,9.0,6.0,4.0,9.0,14.0,4.0,7.0,14.0,5.0,7.0,1.0,5.0,1.0,1.0,1.0,0.0,"Dec 31, 2018"
581,1310017.0,25571.0,Sulaymaniyah,Sulaymaniya,Azadi-tasluja,ازادي-طاسلوجة,35.5846525,45.3075017,102.0,612.0,19.0,4.0,10.0,0.0,0.0,11.0,0.0,0.0,24.0,0.0,0.0,0.0,16.0,0.0,18.0,0.0,0.0,0.0,0.0,0.0,0.0,0.0,0.0,0.0,0.0,0.0,102.0,0.0,0.0,102.0,0.0,0.0,0.0,0.0,0.0,0.0,0.0,0.0,16.0,0.0,24.0,16.0,18.0,24.0,14.0,18.0,0.0,14.0,0.0,0.0,0.0,0.0,30.0,0.0,30.0,0.0,"Dec 31, 2018"
582,1310018.0,25077.0,Sulaymaniyah,Sulaymaniya,Bakrajo-Qularaese Taza,قولريسى تاره,35.5961284,45.3709318,157.0,942.0,26.0,2.0,28.0,0.0,0.0,17.0,0.0,0.0,19.0,0.0,0.0,0.0,43.0,0.0,22.0,0.0,0.0,0.0,0.0,0.0,0.0,0.0,0.0,0.0,0.0,0.0,157.0,0.0,0.0,157.0,0.0,0.0,0.0,0.0,0.0,0.0,0.0,0.0,7.0,0.0,32.0,7.0,47.0,32.0,18.0,47.0,16.0,18.0,0.0,16.0,0.0,0.0,37.0,0.0,37.0,0.0,"Dec 31, 2018"
583,1310019.0,4592.0,Sulaymaniyah,Sulaymaniya,Bakrajo-Sardawa,بكرجو-سرداراوا,35.5800942,45.2678197,45.0,270.0,11.0,7.0,5.0,0.0,0.0,3.0,0.0,0.0,9.0,0.0,0.0,0.0,3.0,0.0,7.0,0.0,0.0,0.0,0.0,0.0,0.0,0.0,0.0,0.0,0.0,0.0,45.0,0.0,0.0,45.0,0.0,0.0,0.0,0.0,0.0,0.0,0.0,0.0,4.0,0.0,21.0,4.0,0.0,21.0,7.0,0.0,4.0,7.0,0.0,4.0,0.0,0.0,9.0,0.0,9.0,0.0,"Dec 31, 2018"
584,1310021.0,4527.0,Sulaymaniyah,Sulaymaniya,Baranan 107,برانان107,35.5641627,45.4156554,27.0,162.0,7.0,0.0,13.0,0.0,0.0,1.0,0.0,0.0,1.0,0.0,0.0,0.0,2.0,0.0,3.0,0.0,0.0,0.0,0.0,0.0,0.0,0.0,0.0,0.0,0.0,0.0,27.0,0.0,0.0,27.0,0.0,0.0,0.0,0.0,0.0,0.0,0.0,0.0,2.0,0.0,3.0,2.0,0.0,3.0,1.0,0.0,6.0,1.0,0.0,6.0,10.0,0.0,5.0,10.0,5.0,0.0,"Dec 31, 2018"
585,1310022.0,5744.0,Sulaymaniyah,Sulaymaniya,Bardakar,برده كر,35.4513021,45.4479993,54.0,324.0,4.0,4.0,1.0,0.0,0.0,35.0,0.0,0.0,0.0,0.0,0.0,0.0,1.0,0.0,9.0,0.0,0.0,0.0,0.0,0.0,0.0,0.0,0.0,0.0,0.0,0.0,54.0,0.0,0.0,54.0,0.0,0.0,0.0,0.0,0.0,0.0,0.0,0.0,8.0,0.0,15.0,8.0,1.0,15.0,13.0,1.0,12.0,13.0,5.0,12.0,0.0,5.0,0.0,0.0,0.0,0.0,"Dec 31, 2018"
586,1310023.0,25300.0,Sulaymaniyah,Sulaymaniya,Bardaqaraman-Piramerd,بيرميرد-بردةقارمان,35.6483603,45.0658374,24.0,144.0,6.0,0.0,16.0,0.0,0.0,1.0,0.0,0.0,0.0,0.0,0.0,0.0,0.0,0.0,1.0,0.0,0.0,0.0,0.0,0.0,0.0,0.0,0.0,0.0,0.0,0.0,24.0,0.0,0.0,24.0,0.0,0.0,0.0,0.0,0.0,0.0,0.0,0.0,4.0,0.0,1.0,4.0,2.0,1.0,6.0,2.0,0.0,6.0,2.0,0.0,5.0,2.0,4.0,5.0,4.0,0.0,"Dec 31, 2018"
587,1310024.0,25299.0,Sulaymaniyah,Sulaymaniya,Bardaqaraman-Sharawani,شارواني-بردةقارمان,35.6468374,45.0630453,27.0,162.0,7.0,1.0,10.0,0.0,0.0,1.0,0.0,0.0,0.0,0.0,0.0,0.0,1.0,0.0,7.0,0.0,0.0,0.0,0.0,0.0,0.0,0.0,0.0,0.0,0.0,0.0,27.0,0.0,0.0,27.0,0.0,0.0,0.0,0.0,0.0,0.0,0.0,0.0,3.0,0.0,1.0,3.0,4.0,1.0,7.0,4.0,0.0,7.0,2.0,0.0,5.0,2.0,5.0,5.0,5.0,0.0,"Dec 31, 2018"
588,1310025.0,24102.0,Sulaymaniyah,Sulaymaniya,Barez City,بريز ستى,35.5953798,45.3424698,65.0,390.0,11.0,0.0,23.0,0.0,0.0,0.0,0.0,0.0,5.0,0.0,0.0,0.0,5.0,0.0,21.0,0.0,0.0,0.0,0.0,0.0,0.0,0.0,0.0,0.0,0.0,0.0,65.0,0.0,0.0,65.0,0.0,0.0,0.0,0.0,0.0,0.0,0.0,0.0,0.0,0.0,21.0,0.0,20.0,21.0,9.0,20.0,4.0,9.0,3.0,4.0,0.0,3.0,8.0,0.0,8.0,0.0,"Dec 31, 2018"
589,1310026.0,4464.0,Sulaymaniyah,Sulaymaniya,Bardaqarman-gopala,كوباله-بردةقارمان,35.6449249,45.035096,20.0,120.0,0.0,4.0,7.0,0.0,0.0,0.0,0.0,0.0,1.0,0.0,0.0,0.0,2.0,0.0,6.0,0.0,0.0,0.0,0.0,0.0,0.0,0.0,0.0,0.0,0.0,0.0,20.0,0.0,0.0,20.0,0.0,0.0,0.0,0.0,0.0,0.0,0.0,0.0,7.0,0.0,1.0,7.0,2.0,1.0,4.0,2.0,2.0,4.0,1.0,2.0,3.0,1.0,0.0,3.0,0.0,0.0,"Dec 31, 2018"
590,1310027.0,25892.0,Sulaymaniyah,Sulaymaniya,Bazian-Surgrma,سركرما,35.5894737,45.1501096,38.0,228.0,11.0,0.0,6.0,0.0,0.0,4.0,0.0,0.0,6.0,0.0,0.0,0.0,5.0,0.0,6.0,0.0,0.0,0.0,0.0,0.0,0.0,0.0,0.0,0.0,0.0,0.0,38.0,0.0,0.0,38.0,0.0,0.0,0.0,0.0,0.0,0.0,0.0,0.0,2.0,0.0,4.0,2.0,5.0,4.0,9.0,5.0,6.0,9.0,1.0,6.0,1.0,1.0,10.0,1.0,10.0,0.0,"Dec 31, 2018"
591,1310028.0,5806.0,Sulaymaniyah,Sulaymaniya,Bazyan-Tainal,بازيان-تينال,35.6148,45.1039797,21.0,126.0,5.0,0.0,1.0,0.0,0.0,0.0,0.0,0.0,0.0,0.0,0.0,0.0,5.0,0.0,10.0,0.0,0.0,0.0,0.0,0.0,0.0,0.0,0.0,0.0,0.0,0.0,21.0,0.0,0.0,21.0,0.0,0.0,0.0,0.0,0.0,0.0,0.0,0.0,2.0,0.0,7.0,2.0,5.0,7.0,2.0,5.0,1.0,2.0,0.0,1.0,0.0,0.0,4.0,0.0,4.0,0.0,"Dec 31, 2018"
592,1310029.0,23927.0,Sulaymaniyah,Sulaymaniya,Bazian-Brayati,برايتى,35.5934234,45.1381374,208.0,1248.0,27.0,8.0,58.0,0.0,0.0,7.0,0.0,0.0,20.0,0.0,0.0,0.0,52.0,0.0,36.0,0.0,0.0,0.0,0.0,0.0,0.0,0.0,0.0,0.0,0.0,0.0,208.0,0.0,0.0,208.0,0.0,0.0,0.0,0.0,0.0,0.0,0.0,0.0,7.0,0.0,16.0,7.0,47.0,16.0,17.0,47.0,24.0,17.0,20.0,24.0,18.0,20.0,59.0,18.0,59.0,0.0,"Dec 31, 2018"
593,1310030.0,21285.0,Sulaymaniyah,Sulaymaniya,Chwar Bakh 401,جوارباخ 401,35.5502809,45.4279916,59.0,354.0,14.0,5.0,4.0,0.0,0.0,14.0,0.0,0.0,1.0,0.0,0.0,0.0,12.0,0.0,9.0,0.0,0.0,0.0,0.0,0.0,0.0,0.0,0.0,0.0,0.0,0.0,59.0,0.0,0.0,59.0,0.0,0.0,0.0,0.0,0.0,0.0,0.0,0.0,2.0,0.0,3.0,2.0,1.0,3.0,12.0,1.0,12.0,12.0,7.0,12.0,8.0,7.0,14.0,8.0,14.0,0.0,"Dec 31, 2018"
594,1310031.0,21287.0,Sulaymaniyah,Sulaymaniya,Chwar Chra,جوارجرا,35.5412535,45.4008011,49.0,294.0,1.0,1.0,8.0,0.0,0.0,0.0,0.0,0.0,14.0,0.0,0.0,0.0,10.0,0.0,15.0,0.0,0.0,0.0,0.0,0.0,0.0,0.0,0.0,0.0,0.0,8.0,41.0,8.0,0.0,41.0,0.0,0.0,0.0,0.0,0.0,0.0,0.0,0.0,1.0,0.0,0.0,1.0,8.0,0.0,2.0,8.0,4.0,2.0,0.0,4.0,1.0,0.0,33.0,1.0,33.0,0.0,"Dec 31, 2018"
595,1310032.0,4513.0,Sulaymaniyah,Sulaymaniya,Damrkan,دمركان,35.4528601,45.5095811,7.0,42.0,0.0,0.0,0.0,0.0,0.0,7.0,0.0,0.0,0.0,0.0,0.0,0.0,0.0,0.0,0.0,0.0,0.0,0.0,0.0,0.0,0.0,0.0,0.0,0.0,0.0,0.0,7.0,0.0,0.0,7.0,0.0,0.0,0.0,0.0,0.0,0.0,0.0,0.0,0.0,0.0,0.0,0.0,0.0,0.0,7.0,0.0,0.0,7.0,0.0,0.0,0.0,0.0,0.0,0.0,0.0,0.0,"Dec 31, 2018"
596,1310033.0,23926.0,Sulaymaniyah,Sulaymaniya,Dargazen,دركزين,35.5523088,45.4402254,33.0,198.0,6.0,1.0,9.0,0.0,0.0,0.0,0.0,0.0,0.0,0.0,0.0,0.0,0.0,0.0,17.0,0.0,0.0,0.0,0.0,0.0,0.0,0.0,0.0,0.0,0.0,0.0,33.0,0.0,0.0,33.0,0.0,0.0,0.0,0.0,0.0,0.0,0.0,0.0,0.0,0.0,5.0,0.0,3.0,5.0,5.0,3.0,2.0,5.0,4.0,2.0,14.0,4.0,0.0,14.0,0.0,0.0,"Dec 31, 2018"
597,1310034.0,23717.0,Sulaymaniyah,Sulaymaniya,Dilan City,ديلان ستى,35.5458193,45.4802633,125.0,750.0,47.0,1.0,54.0,0.0,0.0,11.0,0.0,0.0,0.0,0.0,0.0,0.0,6.0,0.0,6.0,0.0,0.0,0.0,0.0,0.0,0.0,0.0,0.0,0.0,0.0,0.0,125.0,0.0,0.0,125.0,0.0,0.0,0.0,0.0,0.0,0.0,0.0,0.0,1.0,0.0,30.0,1.0,9.0,30.0,28.0,9.0,12.0,28.0,29.0,12.0,10.0,29.0,6.0,10.0,6.0,0.0,"Dec 31, 2018"
598,1310035.0,24818.0,Sulaymaniyah,Sulaymaniya,Diya City,دييه ستى,35.5394338,45.42201,48.0,288.0,9.0,0.0,20.0,0.0,0.0,5.0,0.0,0.0,0.0,0.0,0.0,0.0,8.0,0.0,6.0,0.0,0.0,0.0,0.0,0.0,0.0,0.0,0.0,0.0,0.0,0.0,48.0,0.0,0.0,48.0,0.0,0.0,0.0,0.0,0.0,0.0,0.0,0.0,0.0,0.0,0.0,0.0,1.0,0.0,1.0,1.0,17.0,1.0,5.0,17.0,15.0,5.0,9.0,15.0,9.0,0.0,"Dec 31, 2018"
599,1310036.0,21036.0,Sulaymaniyah,Sulaymaniya,Farmanbaran,فرمانبران,35.5897164,45.4053795,117.0,702.0,34.0,0.0,22.0,0.0,0.0,4.0,0.0,0.0,45.0,0.0,0.0,0.0,4.0,0.0,8.0,0.0,0.0,0.0,0.0,0.0,0.0,0.0,0.0,0.0,0.0,0.0,117.0,0.0,0.0,117.0,0.0,0.0,0.0,0.0,0.0,0.0,0.0,0.0,5.0,0.0,11.0,5.0,4.0,11.0,6.0,4.0,7.0,6.0,31.0,7.0,3.0,31.0,50.0,3.0,50.0,0.0,"Dec 31, 2018"
600,1310038.0,24097.0,Sulaymaniyah,Sulaymaniya,Goyzha City,كويزة ستى,35.560792,45.4858758,268.0,1608.0,34.0,6.0,144.0,0.0,0.0,15.0,0.0,0.0,1.0,0.0,0.0,0.0,37.0,0.0,31.0,0.0,0.0,0.0,0.0,0.0,0.0,0.0,0.0,0.0,0.0,0.0,268.0,0.0,0.0,268.0,0.0,0.0,0.0,0.0,0.0,0.0,0.0,0.0,29.0,0.0,27.0,29.0,21.0,27.0,49.0,21.0,37.0,49.0,34.0,37.0,55.0,34.0,16.0,55.0,16.0,0.0,"Dec 31, 2018"
601,1310039.0,21319.0,Sulaymaniyah,Sulaymaniya,Grdi Sarchnar,كردى سرجنار,35.5740223,45.3880624,78.0,468.0,12.0,0.0,26.0,0.0,0.0,10.0,0.0,0.0,17.0,0.0,0.0,0.0,8.0,0.0,5.0,0.0,0.0,0.0,0.0,0.0,0.0,0.0,0.0,0.0,0.0,0.0,78.0,0.0,0.0,78.0,0.0,0.0,0.0,0.0,0.0,0.0,0.0,0.0,7.0,0.0,3.0,7.0,1.0,3.0,10.0,1.0,12.0,10.0,10.0,12.0,10.0,10.0,25.0,10.0,25.0,0.0,"Dec 31, 2018"
602,1310040.0,25383.0,Sulaymaniyah,Sulaymaniya,Green City,كرين ستي,35.5245655,45.4391503,20.0,120.0,13.0,1.0,3.0,0.0,0.0,2.0,0.0,0.0,0.0,0.0,0.0,0.0,1.0,0.0,0.0,0.0,0.0,0.0,0.0,0.0,0.0,0.0,0.0,0.0,0.0,0.0,20.0,0.0,0.0,20.0,0.0,0.0,0.0,0.0,0.0,0.0,0.0,0.0,2.0,0.0,7.0,2.0,0.0,7.0,5.0,0.0,3.0,5.0,3.0,3.0,0.0,3.0,0.0,0.0,0.0,0.0,"Dec 31, 2018"
603,1310041.0,21254.0,Sulaymaniyah,Sulaymaniya,Guezhay Kun,كويزة كون,35.5554225858,45.4532111,29.0,174.0,7.0,2.0,7.0,0.0,0.0,2.0,0.0,0.0,0.0,0.0,0.0,0.0,1.0,0.0,10.0,0.0,0.0,0.0,0.0,0.0,0.0,0.0,0.0,0.0,0.0,0.0,29.0,0.0,0.0,29.0,0.0,0.0,0.0,0.0,0.0,0.0,0.0,0.0,5.0,0.0,9.0,5.0,0.0,9.0,11.0,0.0,0.0,11.0,2.0,0.0,2.0,2.0,0.0,2.0,0.0,0.0,"Dec 31, 2018"
604,1310042.0,25384.0,Sulaymaniyah,Sulaymaniya,Gulli Shar,كولي شار,35.5295323,45.4379728,98.0,588.0,38.0,1.0,17.0,0.0,0.0,3.0,0.0,0.0,10.0,0.0,0.0,0.0,9.0,0.0,20.0,0.0,0.0,0.0,0.0,0.0,0.0,0.0,0.0,0.0,0.0,0.0,98.0,0.0,0.0,98.0,0.0,0.0,0.0,0.0,0.0,0.0,0.0,0.0,5.0,0.0,19.0,5.0,8.0,19.0,7.0,8.0,18.0,7.0,12.0,18.0,5.0,12.0,24.0,5.0,24.0,0.0,"Dec 31, 2018"
605,1310043.0,21061.0,Sulaymaniyah,Sulaymaniya,Gundy Almany,كوندى المانى,35.5820389,45.4576761,80.0,480.0,11.0,0.0,36.0,0.0,0.0,4.0,0.0,0.0,0.0,0.0,0.0,0.0,19.0,0.0,10.0,0.0,0.0,0.0,0.0,0.0,0.0,0.0,0.0,0.0,0.0,0.0,80.0,0.0,0.0,80.0,0.0,0.0,0.0,0.0,0.0,0.0,0.0,0.0,6.0,0.0,6.0,6.0,4.0,6.0,7.0,4.0,13.0,7.0,12.0,13.0,15.0,12.0,17.0,15.0,17.0,0.0,"Dec 31, 2018"
606,1310044.0,25078.0,Sulaymaniyah,Sulaymaniya,Barika,باريكه,35.3766117,45.5967251,87.0,522.0,1.0,57.0,0.0,0.0,0.0,23.0,0.0,0.0,0.0,0.0,0.0,0.0,0.0,0.0,6.0,0.0,0.0,0.0,0.0,0.0,0.0,0.0,0.0,0.0,0.0,0.0,87.0,0.0,0.0,87.0,0.0,0.0,0.0,0.0,0.0,0.0,0.0,0.0,12.0,0.0,35.0,12.0,23.0,35.0,17.0,23.0,0.0,17.0,0.0,0.0,0.0,0.0,0.0,0.0,0.0,0.0,"Dec 31, 2018"
607,1310045.0,23718.0,Sulaymaniyah,Sulaymaniya,Haware Shar,هوارى شار,35.6151658,45.4145196,62.0,372.0,20.0,0.0,14.0,0.0,0.0,2.0,0.0,0.0,8.0,0.0,0.0,0.0,3.0,0.0,15.0,0.0,0.0,0.0,0.0,0.0,0.0,0.0,0.0,0.0,0.0,0.0,62.0,0.0,0.0,62.0,0.0,0.0,0.0,0.0,0.0,0.0,0.0,0.0,8.0,0.0,13.0,8.0,0.0,13.0,6.0,0.0,0.0,6.0,16.0,0.0,0.0,16.0,19.0,0.0,19.0,0.0,"Dec 31, 2018"
608,1310046.0,23870.0,Sulaymaniyah,Sulaymaniya,Hawari Taza,هوارى تازة,35.5794914,45.448946,20.0,120.0,11.0,0.0,5.0,0.0,0.0,1.0,0.0,0.0,0.0,0.0,0.0,0.0,1.0,0.0,2.0,0.0,0.0,0.0,0.0,0.0,0.0,0.0,0.0,0.0,0.0,0.0,20.0,0.0,0.0,20.0,0.0,0.0,0.0,0.0,0.0,0.0,0.0,0.0,3.0,0.0,1.0,3.0,0.0,1.0,3.0,0.0,3.0,3.0,5.0,3.0,3.0,5.0,2.0,3.0,2.0,0.0,"Dec 31, 2018"
609,1310047.0,4486.0,Sulaymaniyah,Sulaymaniya,Hwana,هوانة,35.4999197,45.4385709,50.0,300.0,11.0,0.0,11.0,0.0,0.0,14.0,0.0,0.0,0.0,0.0,0.0,0.0,14.0,0.0,0.0,0.0,0.0,0.0,0.0,0.0,0.0,0.0,0.0,0.0,0.0,0.0,50.0,0.0,0.0,50.0,0.0,0.0,0.0,0.0,0.0,0.0,0.0,0.0,0.0,0.0,19.0,0.0,3.0,19.0,6.0,3.0,2.0,6.0,16.0,2.0,1.0,16.0,3.0,1.0,3.0,0.0,"Dec 31, 2018"
610,1310048.0,21205.0,Sulaymaniyah,Sulaymaniya,Ibrahim Ahmad,ابراهيم احمد,35.5582911229,45.4646275,91.0,546.0,4.0,41.0,25.0,0.0,0.0,5.0,0.0,0.0,0.0,0.0,0.0,0.0,7.0,0.0,9.0,0.0,0.0,0.0,0.0,0.0,0.0,0.0,0.0,0.0,0.0,0.0,91.0,0.0,0.0,91.0,0.0,0.0,0.0,0.0,0.0,0.0,0.0,0.0,16.0,0.0,22.0,16.0,11.0,22.0,30.0,11.0,0.0,30.0,7.0,0.0,0.0,7.0,5.0,0.0,5.0,0.0,"Dec 31, 2018"
611,1310049.0,25302.0,Sulaymaniyah,Sulaymaniya,Ibrahim pasha,ابراهيم باشا,35.5629701833,45.4534705,24.0,144.0,9.0,0.0,2.0,0.0,0.0,1.0,0.0,0.0,0.0,0.0,0.0,0.0,4.0,0.0,8.0,0.0,0.0,0.0,0.0,0.0,0.0,0.0,0.0,0.0,0.0,0.0,24.0,0.0,0.0,24.0,0.0,0.0,0.0,0.0,0.0,0.0,0.0,0.0,3.0,0.0,7.0,3.0,0.0,7.0,8.0,0.0,0.0,8.0,3.0,0.0,3.0,3.0,0.0,3.0,0.0,0.0,"Dec 31, 2018"
612,1310051.0,5766.0,Sulaymaniyah,Sulaymaniya,Kalakn 158,كلكن 158,35.6007175,45.4326937,7.0,42.0,1.0,0.0,1.0,0.0,0.0,1.0,0.0,0.0,0.0,0.0,0.0,0.0,1.0,0.0,3.0,0.0,0.0,0.0,0.0,0.0,0.0,0.0,0.0,0.0,0.0,0.0,7.0,0.0,0.0,7.0,0.0,0.0,0.0,0.0,0.0,0.0,0.0,0.0,0.0,0.0,1.0,0.0,0.0,1.0,1.0,0.0,3.0,1.0,2.0,3.0,0.0,2.0,0.0,0.0,0.0,0.0,"Dec 31, 2018"
613,1310052.0,24254.0,Sulaymaniyah,Sulaymaniya,Kanakawa,كنكوة,35.5948445,45.256459,128.0,768.0,15.0,2.0,6.0,0.0,0.0,5.0,0.0,0.0,49.0,0.0,0.0,0.0,32.0,0.0,19.0,0.0,0.0,0.0,0.0,0.0,0.0,9.0,0.0,0.0,9.0,0.0,119.0,0.0,0.0,119.0,0.0,0.0,0.0,0.0,0.0,0.0,0.0,0.0,6.0,0.0,14.0,6.0,39.0,14.0,4.0,39.0,5.0,4.0,0.0,5.0,0.0,0.0,60.0,0.0,60.0,0.0,"Dec 31, 2018"
614,1310053.0,5771.0,Sulaymaniyah,Sulaymaniya,Kanda Sura,كنه سوره,35.5371682,45.3879406,59.0,354.0,10.0,0.0,14.0,0.0,0.0,10.0,0.0,0.0,0.0,0.0,0.0,0.0,9.0,0.0,16.0,0.0,0.0,0.0,0.0,0.0,0.0,0.0,0.0,0.0,0.0,0.0,59.0,0.0,0.0,59.0,0.0,0.0,0.0,0.0,0.0,0.0,0.0,0.0,0.0,0.0,3.0,0.0,0.0,3.0,2.0,0.0,0.0,2.0,17.0,0.0,24.0,17.0,13.0,24.0,13.0,0.0,"Dec 31, 2018"
615,1310054.0,5882.0,Sulaymaniyah,Sulaymaniya,Kani Goma,كاني كومه,35.5247561,45.3858843,55.0,330.0,10.0,4.0,17.0,0.0,0.0,10.0,0.0,0.0,0.0,0.0,0.0,0.0,4.0,0.0,10.0,0.0,0.0,0.0,0.0,0.0,0.0,0.0,0.0,0.0,0.0,0.0,55.0,0.0,0.0,55.0,0.0,0.0,0.0,0.0,0.0,0.0,0.0,0.0,2.0,0.0,0.0,2.0,0.0,0.0,10.0,0.0,8.0,10.0,13.0,8.0,13.0,13.0,9.0,13.0,9.0,0.0,"Dec 31, 2018"
616,1310055.0,25303.0,Sulaymaniyah,Sulaymaniya,Kani Iskan,كانيسكان,35.559877,45.4381594,67.0,402.0,24.0,0.0,18.0,0.0,0.0,2.0,0.0,0.0,0.0,0.0,0.0,0.0,12.0,0.0,11.0,0.0,0.0,0.0,0.0,0.0,19.0,0.0,0.0,0.0,0.0,0.0,48.0,0.0,0.0,48.0,0.0,0.0,0.0,0.0,0.0,0.0,0.0,0.0,1.0,0.0,13.0,1.0,2.0,13.0,13.0,2.0,11.0,13.0,11.0,11.0,4.0,11.0,12.0,4.0,12.0,0.0,"Dec 31, 2018"
617,1310057.0,4599.0,Sulaymaniyah,Sulaymaniya,Kani shaitan-Kani Shaitan,كاني شيطان,35.6550872,44.9995353,61.0,366.0,2.0,8.0,28.0,0.0,0.0,8.0,0.0,0.0,0.0,0.0,0.0,0.0,7.0,0.0,8.0,0.0,0.0,0.0,0.0,0.0,0.0,0.0,0.0,0.0,0.0,0.0,61.0,0.0,0.0,61.0,0.0,0.0,0.0,0.0,0.0,0.0,0.0,0.0,2.0,0.0,33.0,2.0,13.0,33.0,4.0,13.0,0.0,4.0,0.0,0.0,9.0,0.0,0.0,9.0,0.0,0.0,"Dec 31, 2018"
618,1310059.0,21059.0,Sulaymaniyah,Sulaymaniya,Karezawshk,كاريزوشك,35.5773156,45.431915,56.0,336.0,29.0,1.0,17.0,0.0,0.0,0.0,0.0,0.0,0.0,0.0,0.0,0.0,1.0,0.0,8.0,0.0,0.0,0.0,0.0,0.0,0.0,0.0,0.0,0.0,0.0,0.0,56.0,0.0,0.0,56.0,0.0,0.0,0.0,0.0,0.0,0.0,0.0,0.0,1.0,0.0,4.0,1.0,0.0,4.0,7.0,0.0,7.0,7.0,18.0,7.0,9.0,18.0,10.0,9.0,10.0,0.0,"Dec 31, 2018"
619,1310060.0,21243.0,Sulaymaniyah,Sulaymaniya,Khabat 306+304+308,خبات 306+304+308,35.5451724,45.4439786,261.0,1566.0,116.0,21.0,35.0,0.0,0.0,23.0,0.0,0.0,5.0,0.0,0.0,0.0,17.0,0.0,44.0,0.0,0.0,0.0,0.0,0.0,0.0,0.0,0.0,0.0,0.0,0.0,261.0,0.0,0.0,261.0,0.0,0.0,0.0,0.0,0.0,0.0,0.0,0.0,19.0,0.0,37.0,19.0,42.0,37.0,63.0,42.0,44.0,63.0,31.0,44.0,6.0,31.0,19.0,6.0,19.0,0.0,"Dec 31, 2018"
620,1310061.0,25570.0,Sulaymaniyah,Sulaymaniya,Khak,خاك,35.5839113,45.3160232,91.0,546.0,6.0,0.0,3.0,0.0,0.0,11.0,0.0,0.0,22.0,0.0,0.0,0.0,23.0,0.0,26.0,0.0,0.0,0.0,0.0,0.0,0.0,0.0,0.0,0.0,0.0,0.0,91.0,0.0,0.0,91.0,0.0,0.0,0.0,0.0,0.0,0.0,0.0,0.0,2.0,0.0,17.0,2.0,27.0,17.0,3.0,27.0,4.0,3.0,0.0,4.0,0.0,0.0,38.0,0.0,38.0,0.0,"Dec 31, 2018"
621,1310062.0,24899.0,Sulaymaniyah,Sulaymaniya,Kostay Cham,كوستى جم,35.5490057,45.3686516,98.0,588.0,8.0,2.0,24.0,0.0,0.0,22.0,0.0,0.0,20.0,0.0,0.0,0.0,0.0,0.0,22.0,0.0,0.0,0.0,0.0,0.0,0.0,0.0,0.0,0.0,0.0,0.0,98.0,0.0,0.0,98.0,0.0,0.0,0.0,0.0,0.0,0.0,0.0,0.0,15.0,0.0,23.0,15.0,15.0,23.0,13.0,15.0,2.0,13.0,0.0,2.0,0.0,0.0,30.0,0.0,30.0,0.0,"Dec 31, 2018"
622,1310063.0,6143.0,Sulaymaniyah,Sulaymaniya,Bardaqarman-Kupala,كوبله-بردةقارمان,35.6496369,45.0836866,16.0,96.0,4.0,0.0,1.0,0.0,0.0,0.0,0.0,0.0,0.0,0.0,0.0,0.0,0.0,0.0,11.0,0.0,0.0,0.0,0.0,0.0,0.0,0.0,0.0,0.0,0.0,0.0,16.0,0.0,0.0,16.0,0.0,0.0,0.0,0.0,0.0,0.0,0.0,0.0,0.0,0.0,4.0,0.0,2.0,4.0,3.0,2.0,1.0,3.0,1.0,1.0,5.0,1.0,0.0,5.0,0.0,0.0,"Dec 31, 2018"
623,1310064.0,24260.0,Sulaymaniyah,Sulaymaniya,Kurd city,كورد ستى,35.5377386,45.4105115,247.0,1482.0,57.0,0.0,125.0,0.0,0.0,14.0,0.0,0.0,12.0,0.0,0.0,0.0,9.0,0.0,30.0,0.0,0.0,0.0,0.0,0.0,0.0,0.0,0.0,0.0,0.0,0.0,247.0,0.0,0.0,247.0,0.0,0.0,0.0,0.0,0.0,0.0,0.0,0.0,0.0,0.0,1.0,0.0,0.0,1.0,26.0,0.0,46.0,26.0,59.0,46.0,56.0,59.0,59.0,56.0,59.0,0.0,"Dec 31, 2018"
624,1310065.0,23719.0,Sulaymaniyah,Sulaymaniya,Kurdsat 138+136,كوردسات 136+138,35.5931365,45.4422312,84.0,504.0,15.0,1.0,16.0,0.0,0.0,5.0,0.0,0.0,15.0,0.0,0.0,0.0,9.0,0.0,23.0,0.0,0.0,0.0,0.0,0.0,0.0,0.0,0.0,0.0,0.0,0.0,84.0,0.0,0.0,84.0,0.0,0.0,0.0,0.0,0.0,0.0,0.0,0.0,2.0,0.0,14.0,2.0,2.0,14.0,14.0,2.0,12.0,14.0,7.0,12.0,2.0,7.0,31.0,2.0,31.0,0.0,"Dec 31, 2018"
625,1310066.0,24817.0,Sulaymaniyah,Sulaymaniya,Lebanon City,لبنان ستي,35.5335905,45.4176999,26.0,156.0,8.0,1.0,12.0,0.0,0.0,2.0,0.0,0.0,0.0,0.0,0.0,0.0,3.0,0.0,0.0,0.0,0.0,0.0,0.0,0.0,0.0,0.0,0.0,0.0,0.0,0.0,26.0,0.0,0.0,26.0,0.0,0.0,0.0,0.0,0.0,0.0,0.0,0.0,0.0,0.0,0.0,0.0,0.0,0.0,2.0,0.0,6.0,2.0,6.0,6.0,6.0,6.0,6.0,6.0,6.0,0.0,"Dec 31, 2018"
626,1310067.0,23720.0,Sulaymaniyah,Sulaymaniya,Majeed Bag,مجيد بك,35.570175,45.4425809,65.0,390.0,33.0,2.0,10.0,0.0,0.0,3.0,0.0,0.0,0.0,0.0,0.0,0.0,4.0,0.0,13.0,0.0,0.0,0.0,0.0,0.0,0.0,0.0,0.0,0.0,0.0,0.0,65.0,0.0,0.0,65.0,0.0,0.0,0.0,0.0,0.0,0.0,0.0,0.0,4.0,0.0,6.0,4.0,6.0,6.0,7.0,6.0,16.0,7.0,7.0,16.0,9.0,7.0,10.0,9.0,10.0,0.0,"Dec 31, 2018"
627,1310068.0,4456.0,Sulaymaniyah,Sulaymaniya,Mala Dawud,ملا داود,35.6318837,45.4203812,3.0,18.0,2.0,0.0,0.0,0.0,0.0,1.0,0.0,0.0,0.0,0.0,0.0,0.0,0.0,0.0,0.0,0.0,0.0,0.0,0.0,0.0,0.0,0.0,0.0,0.0,0.0,0.0,3.0,0.0,0.0,3.0,0.0,0.0,0.0,0.0,0.0,0.0,0.0,0.0,0.0,0.0,0.0,0.0,0.0,0.0,2.0,0.0,1.0,2.0,0.0,1.0,0.0,0.0,0.0,0.0,0.0,0.0,"Dec 31, 2018"
628,1310069.0,24257.0,Sulaymaniyah,Sulaymaniya,Malkanidy,ملكندى,35.5579387,45.4475366,22.0,132.0,8.0,3.0,4.0,0.0,0.0,1.0,0.0,0.0,0.0,0.0,0.0,0.0,5.0,0.0,1.0,0.0,0.0,0.0,0.0,0.0,0.0,0.0,0.0,0.0,0.0,0.0,22.0,0.0,0.0,22.0,0.0,0.0,0.0,0.0,0.0,0.0,0.0,0.0,0.0,0.0,0.0,0.0,1.0,0.0,3.0,1.0,9.0,3.0,1.0,9.0,7.0,1.0,1.0,7.0,1.0,0.0,"Dec 31, 2018"
629,1310070.0,21050.0,Sulaymaniyah,Sulaymaniya,MAMOSTAYAN,ماموستايان,35.5706838,45.4384834,47.0,282.0,25.0,1.0,7.0,0.0,0.0,2.0,0.0,0.0,0.0,0.0,0.0,0.0,1.0,0.0,11.0,0.0,0.0,0.0,0.0,0.0,0.0,0.0,0.0,0.0,0.0,0.0,47.0,0.0,0.0,47.0,0.0,0.0,0.0,0.0,0.0,0.0,0.0,0.0,1.0,0.0,3.0,1.0,3.0,3.0,11.0,3.0,9.0,11.0,4.0,9.0,13.0,4.0,3.0,13.0,3.0,0.0,"Dec 31, 2018"
630,1310071.0,24901.0,Sulaymaniyah,Sulaymaniya,Mashkhalan,مشخلان,35.5863421,45.3853698,220.0,1320.0,83.0,5.0,45.0,0.0,0.0,27.0,0.0,0.0,5.0,0.0,0.0,0.0,13.0,0.0,42.0,0.0,0.0,0.0,0.0,0.0,0.0,0.0,0.0,0.0,0.0,0.0,220.0,0.0,0.0,220.0,0.0,0.0,0.0,0.0,0.0,0.0,0.0,0.0,17.0,0.0,34.0,17.0,22.0,34.0,48.0,22.0,35.0,48.0,19.0,35.0,23.0,19.0,22.0,23.0,22.0,0.0,"Dec 31, 2018"
631,1310072.0,25575.0,Sulaymaniyah,Sulaymaniya,Muaskar Al-Salam,معسكر سلام,35.6124628,45.2991303,30.0,180.0,0.0,0.0,0.0,0.0,0.0,0.0,0.0,0.0,20.0,0.0,0.0,0.0,9.0,0.0,1.0,0.0,0.0,0.0,0.0,0.0,0.0,0.0,0.0,0.0,0.0,0.0,29.0,0.0,0.0,29.0,0.0,0.0,0.0,0.0,1.0,0.0,0.0,1.0,0.0,0.0,4.0,0.0,6.0,4.0,0.0,6.0,0.0,0.0,0.0,0.0,0.0,0.0,20.0,0.0,20.0,0.0,"Dec 31, 2018"
632,1310073.0,25524.0,Sulaymaniyah,Sulaymaniya,Newroz,نوروز,35.5312237,45.4435932,56.0,336.0,23.0,2.0,10.0,0.0,0.0,6.0,0.0,0.0,0.0,0.0,0.0,0.0,8.0,0.0,7.0,0.0,0.0,0.0,0.0,0.0,0.0,0.0,0.0,0.0,0.0,0.0,56.0,0.0,0.0,56.0,0.0,0.0,0.0,0.0,0.0,0.0,0.0,0.0,6.0,0.0,11.0,6.0,15.0,11.0,9.0,15.0,8.0,9.0,4.0,8.0,2.0,4.0,1.0,2.0,1.0,0.0,"Dec 31, 2018"
633,1310074.0,24098.0,Sulaymaniyah,Sulaymaniya,Pasha City,باشا ستى,35.5804719,45.3427917,2.0,12.0,0.0,0.0,0.0,0.0,0.0,0.0,0.0,0.0,2.0,0.0,0.0,0.0,0.0,0.0,0.0,0.0,0.0,0.0,0.0,0.0,0.0,0.0,0.0,0.0,0.0,0.0,2.0,0.0,0.0,2.0,0.0,0.0,0.0,0.0,0.0,0.0,0.0,0.0,0.0,0.0,0.0,0.0,0.0,0.0,0.0,0.0,0.0,0.0,0.0,0.0,0.0,0.0,2.0,0.0,2.0,0.0,"Dec 31, 2018"
634,1310075.0,23536.0,Sulaymaniyah,Sulaymaniya,Bazian-peshwa,بيشوا,35.5909185,45.1413562,66.0,396.0,2.0,1.0,10.0,0.0,0.0,3.0,0.0,0.0,22.0,0.0,0.0,0.0,5.0,0.0,23.0,0.0,0.0,0.0,0.0,0.0,0.0,0.0,0.0,0.0,0.0,0.0,66.0,0.0,0.0,66.0,0.0,0.0,0.0,0.0,0.0,0.0,0.0,0.0,0.0,0.0,9.0,0.0,5.0,9.0,7.0,5.0,2.0,7.0,2.0,2.0,1.0,2.0,40.0,1.0,40.0,0.0,"Dec 31, 2018"
635,1310076.0,23598.0,Sulaymaniyah,Sulaymaniya,Bardaqarman-Qala,قلا-بردةقارمان,35.6512808,45.0684825,26.0,156.0,6.0,1.0,14.0,0.0,0.0,1.0,0.0,0.0,1.0,0.0,0.0,0.0,0.0,0.0,3.0,0.0,0.0,0.0,0.0,0.0,0.0,0.0,0.0,0.0,0.0,0.0,26.0,0.0,0.0,26.0,0.0,0.0,0.0,0.0,0.0,0.0,0.0,0.0,4.0,0.0,2.0,4.0,2.0,2.0,4.0,2.0,2.0,4.0,1.0,2.0,5.0,1.0,6.0,5.0,6.0,0.0,"Dec 31, 2018"
636,1310078.0,4450.0,Sulaymaniyah,Sulaymaniya,Qaradagh,قرداغ,35.3073809,45.3923748,20.0,120.0,2.0,0.0,2.0,0.0,0.0,10.0,0.0,0.0,0.0,0.0,0.0,0.0,3.0,0.0,3.0,0.0,0.0,0.0,0.0,0.0,0.0,0.0,0.0,0.0,0.0,0.0,20.0,0.0,0.0,20.0,0.0,0.0,0.0,0.0,0.0,0.0,0.0,0.0,0.0,0.0,0.0,0.0,2.0,0.0,7.0,2.0,4.0,7.0,4.0,4.0,0.0,4.0,3.0,0.0,3.0,0.0,"Dec 31, 2018"
637,1310079.0,4575.0,Sulaymaniyah,Sulaymaniya,Sewsenan,سيوسينان,35.2182657,45.4959589,2.0,12.0,0.0,0.0,0.0,0.0,0.0,0.0,0.0,0.0,0.0,0.0,0.0,0.0,0.0,0.0,2.0,0.0,0.0,0.0,0.0,0.0,0.0,0.0,0.0,0.0,0.0,0.0,2.0,0.0,0.0,2.0,0.0,0.0,0.0,0.0,0.0,0.0,0.0,0.0,0.0,0.0,0.0,0.0,0.0,0.0,0.0,0.0,0.0,0.0,0.0,0.0,0.0,0.0,2.0,0.0,2.0,0.0,"Dec 31, 2018"
638,1310080.0,4448.0,Sulaymaniyah,Sulaymaniya,Qaraman,قارمان,35.382195,45.4123727,2.0,12.0,0.0,0.0,0.0,0.0,0.0,1.0,0.0,0.0,0.0,0.0,0.0,0.0,0.0,0.0,1.0,0.0,0.0,0.0,0.0,0.0,0.0,0.0,0.0,0.0,0.0,0.0,2.0,0.0,0.0,2.0,0.0,0.0,0.0,0.0,0.0,0.0,0.0,0.0,0.0,0.0,0.0,0.0,0.0,0.0,0.0,0.0,0.0,0.0,1.0,0.0,0.0,1.0,1.0,0.0,1.0,0.0,"Dec 31, 2018"
639,1310081.0,4449.0,Sulaymaniyah,Sulaymaniya,Qaratughan,قرتوغان,35.5141646,45.4324646,6.0,36.0,2.0,0.0,0.0,0.0,0.0,2.0,0.0,0.0,0.0,0.0,0.0,0.0,0.0,0.0,2.0,0.0,0.0,0.0,0.0,0.0,0.0,0.0,0.0,0.0,0.0,0.0,6.0,0.0,0.0,6.0,0.0,0.0,0.0,0.0,0.0,0.0,0.0,0.0,2.0,0.0,4.0,2.0,0.0,4.0,0.0,0.0,0.0,0.0,0.0,0.0,0.0,0.0,0.0,0.0,0.0,0.0,"Dec 31, 2018"
640,1310082.0,4549.0,Sulaymaniyah,Sulaymaniya,Qirga 331+329,قركة 331+329,35.5356658,45.4806123,7.0,42.0,2.0,0.0,4.0,0.0,0.0,0.0,0.0,0.0,0.0,0.0,0.0,0.0,0.0,0.0,1.0,0.0,0.0,0.0,0.0,0.0,0.0,0.0,0.0,0.0,0.0,0.0,7.0,0.0,0.0,7.0,0.0,0.0,0.0,0.0,0.0,0.0,0.0,0.0,0.0,0.0,0.0,0.0,0.0,0.0,2.0,0.0,0.0,2.0,1.0,0.0,3.0,1.0,1.0,3.0,1.0,0.0,"Dec 31, 2018"
641,1310083.0,6139.0,Sulaymaniyah,Sulaymaniya,Qliasan,قلياسان,35.5795574,45.3743023,11.0,66.0,2.0,0.0,3.0,0.0,0.0,2.0,0.0,0.0,4.0,0.0,0.0,0.0,0.0,0.0,0.0,0.0,0.0,0.0,0.0,0.0,0.0,0.0,0.0,0.0,0.0,0.0,11.0,0.0,0.0,11.0,0.0,0.0,0.0,0.0,0.0,0.0,0.0,0.0,2.0,0.0,1.0,2.0,0.0,1.0,0.0,0.0,2.0,0.0,0.0,2.0,1.0,0.0,5.0,1.0,5.0,0.0,"Dec 31, 2018"
642,1310084.0,6251.0,Sulaymaniyah,Sulaymaniya,Qularaese Kon,قولريسى كون,35.5972827,45.3480122,42.0,252.0,9.0,0.0,2.0,0.0,0.0,8.0,0.0,0.0,0.0,0.0,0.0,0.0,14.0,0.0,9.0,0.0,0.0,0.0,0.0,0.0,0.0,0.0,0.0,0.0,0.0,0.0,42.0,0.0,0.0,42.0,0.0,0.0,0.0,0.0,0.0,0.0,0.0,0.0,2.0,0.0,8.0,2.0,24.0,8.0,4.0,24.0,0.0,4.0,2.0,0.0,0.0,2.0,2.0,0.0,2.0,0.0,"Dec 31, 2018"
643,1310085.0,5896.0,Sulaymaniyah,Sulaymaniya,Raparin-Bawa Mrda,رابرين-باوه مرده,35.5841925,45.3220307,1.0,6.0,0.0,0.0,0.0,0.0,0.0,0.0,0.0,0.0,1.0,0.0,0.0,0.0,0.0,0.0,0.0,0.0,0.0,0.0,0.0,0.0,0.0,0.0,0.0,0.0,0.0,0.0,1.0,0.0,0.0,1.0,0.0,0.0,0.0,0.0,0.0,0.0,0.0,0.0,0.0,0.0,0.0,0.0,0.0,0.0,0.0,0.0,0.0,0.0,0.0,0.0,0.0,0.0,1.0,0.0,1.0,0.0,"Dec 31, 2018"
644,1310087.0,6311.0,Sulaymaniyah,Sulaymaniya,Rizgare 408,رزكارى 408,35.5613381,45.4075556,47.0,282.0,9.0,1.0,13.0,0.0,0.0,2.0,0.0,0.0,15.0,0.0,0.0,0.0,7.0,0.0,0.0,0.0,0.0,0.0,0.0,0.0,0.0,0.0,0.0,0.0,0.0,0.0,47.0,0.0,0.0,47.0,0.0,0.0,0.0,0.0,0.0,0.0,0.0,0.0,4.0,0.0,5.0,4.0,3.0,5.0,6.0,3.0,3.0,6.0,1.0,3.0,6.0,1.0,19.0,6.0,19.0,0.0,"Dec 31, 2018"
645,1310088.0,24095.0,Sulaymaniyah,Sulaymaniya,Rizgari-Arbat,رزكارى,35.4275585,45.5875233,161.0,966.0,14.0,70.0,7.0,0.0,0.0,18.0,0.0,0.0,0.0,0.0,0.0,0.0,0.0,0.0,52.0,0.0,0.0,0.0,0.0,0.0,0.0,0.0,0.0,0.0,0.0,0.0,135.0,0.0,0.0,135.0,0.0,0.0,0.0,0.0,26.0,0.0,0.0,26.0,2.0,0.0,71.0,2.0,39.0,71.0,35.0,39.0,9.0,35.0,1.0,9.0,0.0,1.0,4.0,0.0,4.0,0.0,"Dec 31, 2018"
646,1310089.0,24259.0,Sulaymaniyah,Sulaymaniya,Roz city,روز ستى,35.5885205,45.4263634,88.0,528.0,19.0,2.0,42.0,0.0,0.0,4.0,0.0,0.0,0.0,0.0,0.0,0.0,8.0,0.0,13.0,0.0,0.0,0.0,0.0,0.0,0.0,0.0,0.0,0.0,0.0,0.0,88.0,0.0,0.0,88.0,0.0,0.0,0.0,0.0,0.0,0.0,0.0,0.0,8.0,0.0,25.0,8.0,2.0,25.0,26.0,2.0,9.0,26.0,5.0,9.0,3.0,5.0,10.0,3.0,10.0,0.0,"Dec 31, 2018"
647,1310090.0,24256.0,Sulaymaniyah,Sulaymaniya,Rozhlat 305,روزهلات 305,35.5475443,45.4514937,63.0,378.0,20.0,2.0,13.0,0.0,0.0,7.0,0.0,0.0,1.0,0.0,0.0,0.0,4.0,0.0,16.0,0.0,0.0,0.0,0.0,0.0,0.0,0.0,0.0,0.0,0.0,0.0,63.0,0.0,0.0,63.0,0.0,0.0,0.0,0.0,0.0,0.0,0.0,0.0,1.0,0.0,5.0,1.0,3.0,5.0,8.0,3.0,13.0,8.0,12.0,13.0,5.0,12.0,16.0,5.0,16.0,0.0,"Dec 31, 2018"
648,1310091.0,24819.0,Sulaymaniyah,Sulaymaniya,Runaki City,روناكى ستى,35.5983472,45.3417873,86.0,516.0,7.0,2.0,13.0,0.0,0.0,0.0,0.0,0.0,23.0,0.0,0.0,0.0,3.0,0.0,38.0,0.0,0.0,0.0,0.0,0.0,0.0,0.0,0.0,0.0,0.0,0.0,86.0,0.0,0.0,86.0,0.0,0.0,0.0,0.0,0.0,0.0,0.0,0.0,0.0,0.0,18.0,0.0,14.0,18.0,9.0,14.0,4.0,9.0,4.0,4.0,0.0,4.0,37.0,0.0,37.0,0.0,"Dec 31, 2018"
649,1310092.0,21021.0,Sulaymaniyah,Sulaymaniya,Sabun karan Qt,صابن كران,35.5540113,45.4456441,61.0,366.0,20.0,9.0,7.0,0.0,0.0,5.0,0.0,0.0,0.0,0.0,0.0,0.0,8.0,0.0,12.0,0.0,0.0,0.0,0.0,0.0,16.0,0.0,0.0,0.0,0.0,5.0,40.0,5.0,0.0,40.0,0.0,0.0,0.0,0.0,0.0,0.0,0.0,0.0,8.0,0.0,9.0,8.0,8.0,9.0,20.0,8.0,8.0,20.0,5.0,8.0,1.0,5.0,2.0,1.0,2.0,0.0,"Dec 31, 2018"
650,1310093.0,24816.0,Sulaymaniyah,Sulaymaniya,Saib City,صائب ستي,35.5342187,45.4131846,224.0,1344.0,16.0,0.0,96.0,0.0,0.0,17.0,0.0,0.0,9.0,0.0,0.0,0.0,60.0,0.0,26.0,0.0,0.0,0.0,0.0,0.0,0.0,0.0,0.0,0.0,0.0,0.0,224.0,0.0,0.0,224.0,0.0,0.0,0.0,0.0,0.0,0.0,0.0,0.0,0.0,0.0,0.0,0.0,0.0,0.0,30.0,0.0,77.0,30.0,34.0,77.0,60.0,34.0,23.0,60.0,23.0,0.0,"Dec 31, 2018"
651,1310094.0,4441.0,Sulaymaniyah,Sulaymaniya,Sarchnar,سرجنار,35.5802839,45.3835801,332.0,1992.0,212.0,2.0,49.0,0.0,0.0,16.0,0.0,0.0,14.0,0.0,0.0,0.0,26.0,0.0,13.0,0.0,0.0,0.0,0.0,0.0,0.0,0.0,0.0,0.0,0.0,0.0,332.0,0.0,0.0,332.0,0.0,0.0,0.0,0.0,0.0,0.0,0.0,0.0,16.0,0.0,29.0,16.0,24.0,29.0,72.0,24.0,101.0,72.0,48.0,101.0,7.0,48.0,35.0,7.0,35.0,0.0,"Dec 31, 2018"
652,1310095.0,24258.0,Sulaymaniyah,Sulaymaniya,Sardam City,سردم ستى,35.5406761,45.4770353,19.0,114.0,6.0,0.0,4.0,0.0,0.0,1.0,0.0,0.0,0.0,0.0,0.0,0.0,3.0,0.0,5.0,0.0,0.0,0.0,0.0,0.0,0.0,0.0,0.0,0.0,0.0,0.0,19.0,0.0,0.0,19.0,0.0,0.0,0.0,0.0,0.0,0.0,0.0,0.0,2.0,0.0,1.0,2.0,1.0,1.0,11.0,1.0,2.0,11.0,0.0,2.0,2.0,0.0,0.0,2.0,0.0,0.0,"Dec 31, 2018"
653,1310096.0,24961.0,Sulaymaniyah,Sulaymaniya,Sardaw 140,سارداو 140,35.588731,45.4287827,59.0,354.0,25.0,2.0,13.0,0.0,0.0,4.0,0.0,0.0,8.0,0.0,0.0,0.0,3.0,0.0,4.0,0.0,0.0,0.0,0.0,0.0,0.0,0.0,0.0,0.0,0.0,0.0,59.0,0.0,0.0,59.0,0.0,0.0,0.0,0.0,0.0,0.0,0.0,0.0,4.0,0.0,11.0,4.0,13.0,11.0,10.0,13.0,7.0,10.0,5.0,7.0,1.0,5.0,8.0,1.0,8.0,0.0,"Dec 31, 2018"
654,1310097.0,25306.0,Sulaymaniyah,Sulaymaniya,Saiwan 301,سيوان 301,35.5488529,45.4463087,44.0,264.0,8.0,6.0,9.0,0.0,0.0,6.0,0.0,0.0,0.0,0.0,0.0,0.0,2.0,0.0,13.0,0.0,0.0,0.0,0.0,0.0,0.0,0.0,0.0,0.0,0.0,0.0,44.0,0.0,0.0,44.0,0.0,0.0,0.0,0.0,0.0,0.0,0.0,0.0,0.0,0.0,8.0,0.0,0.0,8.0,13.0,0.0,4.0,13.0,9.0,4.0,4.0,9.0,6.0,4.0,6.0,0.0,"Dec 31, 2018"
655,1310098.0,21023.0,Sulaymaniyah,Sulaymaniya,Sarshaqam 310,سرشقام 310,35.5471792,45.4348603,44.0,264.0,23.0,0.0,10.0,0.0,0.0,1.0,0.0,0.0,2.0,0.0,0.0,0.0,0.0,0.0,8.0,0.0,0.0,0.0,0.0,0.0,0.0,0.0,0.0,0.0,0.0,0.0,44.0,0.0,0.0,44.0,0.0,0.0,0.0,0.0,0.0,0.0,0.0,0.0,6.0,0.0,5.0,6.0,3.0,5.0,7.0,3.0,9.0,7.0,12.0,9.0,0.0,12.0,2.0,0.0,2.0,0.0,"Dec 31, 2018"
656,1310099.0,24255.0,Sulaymaniyah,Sulaymaniya,Sarwary 142,سرورى 142,35.5834097,45.416355,91.0,546.0,31.0,3.0,38.0,0.0,0.0,3.0,0.0,0.0,0.0,0.0,0.0,0.0,5.0,0.0,11.0,0.0,0.0,0.0,0.0,0.0,0.0,0.0,0.0,0.0,0.0,0.0,91.0,0.0,0.0,91.0,0.0,0.0,0.0,0.0,0.0,0.0,0.0,0.0,6.0,0.0,19.0,6.0,14.0,19.0,21.0,14.0,11.0,21.0,20.0,11.0,0.0,20.0,0.0,0.0,0.0,0.0,"Dec 31, 2018"
657,1310100.0,24815.0,Sulaymaniyah,Sulaymaniya,Saya City,سايه ستى,35.6070593,45.3430186,131.0,786.0,20.0,0.0,6.0,0.0,0.0,3.0,0.0,0.0,0.0,0.0,0.0,0.0,4.0,0.0,98.0,0.0,0.0,0.0,0.0,0.0,0.0,0.0,0.0,0.0,0.0,0.0,131.0,0.0,0.0,131.0,0.0,0.0,0.0,0.0,0.0,0.0,0.0,0.0,9.0,0.0,71.0,9.0,14.0,71.0,7.0,14.0,0.0,7.0,0.0,0.0,0.0,0.0,30.0,0.0,30.0,0.0,"Dec 31, 2018"
658,1310101.0,24902.0,Sulaymaniyah,Sulaymaniya,Shakraka,شكركه,35.568739,45.378122,34.0,204.0,1.0,0.0,13.0,0.0,0.0,5.0,0.0,0.0,8.0,0.0,0.0,0.0,1.0,0.0,6.0,0.0,0.0,0.0,0.0,0.0,0.0,0.0,0.0,0.0,0.0,0.0,34.0,0.0,0.0,34.0,0.0,0.0,0.0,0.0,0.0,0.0,0.0,0.0,0.0,0.0,5.0,0.0,0.0,5.0,2.0,0.0,2.0,2.0,2.0,2.0,2.0,2.0,21.0,2.0,21.0,0.0,"Dec 31, 2018"
659,1310102.0,21283.0,Sulaymaniyah,Sulaymaniya,Bazian-Sharwani,شاروانى,35.5983278,45.133669,63.0,378.0,6.0,7.0,5.0,0.0,0.0,2.0,0.0,0.0,13.0,0.0,0.0,0.0,11.0,0.0,19.0,0.0,0.0,0.0,0.0,0.0,0.0,0.0,0.0,0.0,0.0,0.0,63.0,0.0,0.0,63.0,0.0,0.0,0.0,0.0,0.0,0.0,0.0,0.0,0.0,0.0,17.0,0.0,13.0,17.0,5.0,13.0,0.0,5.0,4.0,0.0,0.0,4.0,24.0,0.0,24.0,0.0,"Dec 31, 2018"
660,1310103.0,5800.0,Sulaymaniyah,Sulaymaniya,Sharaf khan,شرف خان,35.5271465,45.4287496,50.0,300.0,25.0,0.0,10.0,0.0,0.0,3.0,0.0,0.0,0.0,0.0,0.0,0.0,6.0,0.0,6.0,0.0,0.0,0.0,0.0,0.0,0.0,0.0,0.0,0.0,0.0,0.0,50.0,0.0,0.0,50.0,0.0,0.0,0.0,0.0,0.0,0.0,0.0,0.0,4.0,0.0,15.0,4.0,0.0,15.0,11.0,0.0,7.0,11.0,10.0,7.0,3.0,10.0,0.0,3.0,0.0,0.0,"Dec 31, 2018"
661,1310104.0,21284.0,Sulaymaniyah,Sulaymaniya,Shekh Muheden 404,شيخ محى الدين 404,35.5534214,45.4209302,38.0,228.0,5.0,4.0,7.0,0.0,0.0,7.0,0.0,0.0,4.0,0.0,0.0,0.0,8.0,0.0,3.0,0.0,0.0,0.0,0.0,0.0,0.0,0.0,0.0,0.0,0.0,0.0,38.0,0.0,0.0,38.0,0.0,0.0,0.0,0.0,0.0,0.0,0.0,0.0,3.0,0.0,2.0,3.0,2.0,2.0,16.0,2.0,2.0,16.0,1.0,2.0,5.0,1.0,7.0,5.0,7.0,0.0,"Dec 31, 2018"
662,1310105.0,25301.0,Sulaymaniyah,Sulaymaniya,Dabashan 116,داباشان 116,35.578874,45.4391714,41.0,246.0,21.0,0.0,10.0,0.0,0.0,2.0,0.0,0.0,0.0,0.0,0.0,0.0,2.0,0.0,6.0,0.0,0.0,0.0,0.0,0.0,0.0,0.0,0.0,0.0,0.0,0.0,41.0,0.0,0.0,41.0,0.0,0.0,0.0,0.0,0.0,0.0,0.0,0.0,3.0,0.0,9.0,3.0,2.0,9.0,2.0,2.0,7.0,2.0,7.0,7.0,8.0,7.0,3.0,8.0,3.0,0.0,"Dec 31, 2018"
663,1310106.0,24099.0,Sulaymaniyah,Sulaymaniya,Shniar City,شنيار ستى,35.5468272,45.3669181,44.0,264.0,22.0,0.0,13.0,0.0,0.0,1.0,0.0,0.0,0.0,0.0,0.0,0.0,3.0,0.0,5.0,0.0,0.0,0.0,0.0,0.0,0.0,0.0,0.0,0.0,0.0,0.0,44.0,0.0,0.0,44.0,0.0,0.0,0.0,0.0,0.0,0.0,0.0,0.0,8.0,0.0,18.0,8.0,7.0,18.0,11.0,7.0,0.0,11.0,0.0,0.0,0.0,0.0,0.0,0.0,0.0,0.0,"Dec 31, 2018"
664,1310107.0,25305.0,Sulaymaniyah,Sulaymaniya,Sulaymaniya-Sharawani 407,شارواني407,35.5455865,45.4247415,48.0,288.0,5.0,9.0,12.0,0.0,0.0,13.0,0.0,0.0,0.0,0.0,0.0,0.0,5.0,0.0,4.0,0.0,0.0,0.0,0.0,0.0,0.0,0.0,0.0,0.0,0.0,0.0,48.0,0.0,0.0,48.0,0.0,0.0,0.0,0.0,0.0,0.0,0.0,0.0,4.0,0.0,5.0,4.0,1.0,5.0,8.0,1.0,6.0,8.0,11.0,6.0,10.0,11.0,3.0,10.0,3.0,0.0,"Dec 31, 2018"
665,1310108.0,26023.0,Sulaymaniyah,Sulaymaniya,Ashti IDP,اشتي كمب للنازحين,35.4164802,45.6057675,2375.0,14250.0,0.0,0.0,0.0,0.0,0.0,1.0,0.0,0.0,0.0,0.0,0.0,0.0,218.0,0.0,2156.0,0.0,0.0,0.0,2375.0,0.0,0.0,0.0,0.0,0.0,0.0,0.0,0.0,0.0,0.0,0.0,0.0,0.0,0.0,0.0,0.0,0.0,0.0,0.0,0.0,0.0,0.0,0.0,218.0,0.0,2157.0,218.0,0.0,2157.0,0.0,0.0,0.0,0.0,0.0,0.0,0.0,0.0,"Dec 31, 2018"
666,1310109.0,5809.0,Sulaymaniyah,Sulaymaniya,Tasluja,طاسلوجة,35.5954297,45.2289052,365.0,2190.0,48.0,8.0,7.0,0.0,0.0,15.0,0.0,0.0,70.0,0.0,0.0,0.0,100.0,0.0,117.0,0.0,0.0,0.0,0.0,0.0,0.0,0.0,0.0,0.0,0.0,0.0,365.0,0.0,0.0,365.0,0.0,0.0,0.0,0.0,0.0,0.0,0.0,0.0,10.0,0.0,53.0,10.0,115.0,53.0,13.0,115.0,10.0,13.0,9.0,10.0,0.0,9.0,155.0,0.0,155.0,0.0,"Dec 31, 2018"
667,1310110.0,25795.0,Sulaymaniyah,Sulaymaniya,Toospy,تووسبي,35.6661419,45.4188029,14.0,84.0,0.0,0.0,0.0,0.0,0.0,0.0,0.0,0.0,3.0,0.0,0.0,0.0,7.0,0.0,4.0,0.0,0.0,0.0,0.0,0.0,0.0,0.0,0.0,0.0,0.0,0.0,14.0,0.0,0.0,14.0,0.0,0.0,0.0,0.0,0.0,0.0,0.0,0.0,0.0,0.0,0.0,0.0,7.0,0.0,0.0,7.0,0.0,0.0,0.0,0.0,0.0,0.0,7.0,0.0,7.0,0.0,"Dec 31, 2018"
668,1310111.0,21029.0,Sulaymaniyah,Sulaymaniya,Toy malik,توملك,35.570284,45.4525707,12.0,72.0,4.0,0.0,5.0,0.0,0.0,0.0,0.0,0.0,0.0,0.0,0.0,0.0,2.0,0.0,1.0,0.0,0.0,0.0,0.0,0.0,0.0,0.0,0.0,0.0,0.0,0.0,12.0,0.0,0.0,12.0,0.0,0.0,0.0,0.0,0.0,0.0,0.0,0.0,1.0,0.0,1.0,1.0,1.0,1.0,2.0,1.0,2.0,2.0,1.0,2.0,2.0,1.0,2.0,2.0,2.0,0.0,"Dec 31, 2018"
669,1310112.0,25523.0,Sulaymaniyah,Sulaymaniya,Village 120,قرية 120,35.4295554,45.4506679,28.0,168.0,10.0,6.0,4.0,0.0,0.0,3.0,0.0,0.0,0.0,0.0,0.0,0.0,5.0,0.0,0.0,0.0,0.0,0.0,0.0,0.0,0.0,0.0,0.0,0.0,0.0,0.0,28.0,0.0,0.0,28.0,0.0,0.0,0.0,0.0,0.0,0.0,0.0,0.0,3.0,0.0,7.0,3.0,10.0,7.0,7.0,10.0,1.0,7.0,0.0,1.0,0.0,0.0,0.0,0.0,0.0,0.0,"Dec 31, 2018"
670,1310113.0,5930.0,Sulaymaniyah,Sulaymaniya,Wluba 326,ولوبه 326,35.5342375,45.4295163,159.0,954.0,60.0,14.0,37.0,0.0,0.0,1.0,0.0,0.0,2.0,0.0,0.0,0.0,19.0,0.0,26.0,0.0,0.0,0.0,0.0,0.0,0.0,0.0,0.0,0.0,0.0,0.0,159.0,0.0,0.0,159.0,0.0,0.0,0.0,0.0,0.0,0.0,0.0,0.0,3.0,0.0,23.0,3.0,39.0,23.0,38.0,39.0,22.0,38.0,29.0,22.0,0.0,29.0,5.0,0.0,5.0,0.0,"Dec 31, 2018"
671,1310114.0,5813.0,Sulaymaniyah,Sulaymaniya,Zargata 126,زركتة 126,35.5771189,45.4078549,91.0,546.0,30.0,1.0,40.0,0.0,0.0,8.0,0.0,0.0,0.0,0.0,0.0,0.0,5.0,0.0,7.0,0.0,0.0,0.0,0.0,0.0,0.0,0.0,0.0,0.0,0.0,0.0,91.0,0.0,0.0,91.0,0.0,0.0,0.0,0.0,0.0,0.0,0.0,0.0,8.0,0.0,21.0,8.0,8.0,21.0,17.0,8.0,14.0,17.0,10.0,14.0,6.0,10.0,7.0,6.0,7.0,0.0,"Dec 31, 2018"
672,1310116.0,6144.0,Sulaymaniyah,Sulaymaniya,Balambo 324,بلامبو 324,35.5327942,45.4356949,54.0,324.0,7.0,0.0,3.0,0.0,0.0,7.0,0.0,0.0,10.0,0.0,0.0,0.0,12.0,0.0,15.0,0.0,0.0,0.0,0.0,0.0,0.0,0.0,0.0,0.0,0.0,0.0,54.0,0.0,0.0,54.0,0.0,0.0,0.0,0.0,0.0,0.0,0.0,0.0,2.0,0.0,13.0,2.0,4.0,13.0,8.0,4.0,5.0,8.0,2.0,5.0,0.0,2.0,20.0,0.0,20.0,0.0,"Dec 31, 2018"
673,1310122.0,28414.0,Sulaymaniyah,Sulaymaniya,bekas,بيكس,35.5929855,45.3997205,134.0,804.0,61.0,0.0,18.0,0.0,0.0,0.0,0.0,0.0,30.0,0.0,0.0,0.0,0.0,0.0,25.0,0.0,0.0,0.0,0.0,0.0,0.0,0.0,0.0,0.0,0.0,0.0,134.0,0.0,0.0,134.0,0.0,0.0,0.0,0.0,0.0,0.0,0.0,0.0,12.0,0.0,14.0,12.0,0.0,14.0,20.0,0.0,16.0,20.0,20.0,16.0,2.0,20.0,50.0,2.0,50.0,0.0,"Dec 31, 2018"
674,1310123.0,4471.0,Sulaymaniyah,Sulaymaniya,kela spi,كيلة سبي,35.5713684,45.2733251,28.0,168.0,0.0,0.0,0.0,0.0,0.0,0.0,0.0,0.0,0.0,0.0,0.0,0.0,28.0,0.0,0.0,0.0,0.0,0.0,0.0,0.0,0.0,0.0,0.0,0.0,0.0,0.0,28.0,0.0,0.0,28.0,0.0,0.0,0.0,0.0,0.0,0.0,0.0,0.0,0.0,0.0,0.0,0.0,28.0,0.0,0.0,28.0,0.0,0.0,0.0,0.0,0.0,0.0,0.0,0.0,0.0,0.0,"Dec 31, 2018"
675,1310124.0,29628.0,Sulaymaniyah,Sulaymaniya,Tanjaro 314,تانجرو 314,35.5416685,45.4377102,107.0,642.0,30.0,7.0,23.0,0.0,0.0,15.0,0.0,0.0,0.0,0.0,0.0,0.0,10.0,0.0,22.0,0.0,0.0,0.0,0.0,0.0,0.0,0.0,0.0,0.0,0.0,0.0,107.0,0.0,0.0,107.0,0.0,0.0,0.0,0.0,0.0,0.0,0.0,0.0,6.0,0.0,23.0,6.0,20.0,23.0,23.0,20.0,15.0,23.0,15.0,15.0,5.0,15.0,0.0,5.0,0.0,0.0,"Dec 31, 2018"
676,1310125.0,4442.0,Sulaymaniyah,Sulaymaniya,Samawat,سماوات,35.4406236,45.445855,11.0,66.0,4.0,2.0,1.0,0.0,0.0,1.0,0.0,0.0,1.0,0.0,0.0,0.0,2.0,0.0,0.0,0.0,0.0,0.0,0.0,0.0,0.0,0.0,0.0,0.0,0.0,0.0,11.0,0.0,0.0,11.0,0.0,0.0,0.0,0.0,0.0,0.0,0.0,0.0,4.0,0.0,2.0,4.0,4.0,2.0,0.0,4.0,0.0,0.0,1.0,0.0,0.0,1.0,0.0,0.0,0.0,0.0,"Dec 31, 2018"
677,1310126.0,4921.0,Sulaymaniyah,Sulaymaniya,Naw Gardan,ناوكردان,35.4597993,45.4370702,31.0,186.0,3.0,3.0,5.0,0.0,0.0,1.0,0.0,0.0,0.0,0.0,0.0,0.0,0.0,0.0,19.0,0.0,0.0,0.0,0.0,0.0,0.0,0.0,0.0,0.0,0.0,0.0,31.0,0.0,0.0,31.0,0.0,0.0,0.0,0.0,0.0,0.0,0.0,0.0,9.0,0.0,11.0,9.0,2.0,11.0,8.0,2.0,0.0,8.0,1.0,0.0,0.0,1.0,0.0,0.0,0.0,0.0,"Dec 31, 2018"
678,1310127.0,31845.0,Sulaymaniyah,Sulaymaniya,Ali Kamal,علي كمال,35.5674534303,45.4581243,41.0,246.0,17.0,0.0,11.0,0.0,0.0,5.0,0.0,0.0,0.0,0.0,0.0,0.0,5.0,0.0,3.0,0.0,0.0,0.0,0.0,0.0,0.0,0.0,0.0,0.0,0.0,0.0,41.0,0.0,0.0,41.0,0.0,0.0,0.0,0.0,0.0,0.0,0.0,0.0,4.0,0.0,16.0,4.0,6.0,16.0,11.0,6.0,3.0,11.0,0.0,3.0,1.0,0.0,0.0,1.0,0.0,0.0,"Dec 31, 2018"
679,1310128.0,31864.0,Sulaymaniyah,Sulaymaniya,Chaqlawa,جقلاوة,35.4763962,45.4383495,10.0,60.0,0.0,0.0,3.0,0.0,0.0,4.0,0.0,0.0,0.0,0.0,0.0,0.0,3.0,0.0,0.0,0.0,0.0,0.0,0.0,0.0,0.0,0.0,0.0,0.0,0.0,0.0,10.0,0.0,0.0,10.0,0.0,0.0,0.0,0.0,0.0,0.0,0.0,0.0,0.0,0.0,5.0,0.0,0.0,5.0,5.0,0.0,0.0,5.0,0.0,0.0,0.0,0.0,0.0,0.0,0.0,0.0,"Dec 31, 2018"
680,1310130.0,31865.0,Sulaymaniyah,Sulaymaniya,Gopita,كوبيتة,35.4572088,45.3964095,6.0,36.0,2.0,1.0,0.0,0.0,0.0,3.0,0.0,0.0,0.0,0.0,0.0,0.0,0.0,0.0,0.0,0.0,0.0,0.0,0.0,0.0,0.0,0.0,0.0,0.0,0.0,0.0,6.0,0.0,0.0,6.0,0.0,0.0,0.0,0.0,0.0,0.0,0.0,0.0,0.0,0.0,6.0,0.0,0.0,6.0,0.0,0.0,0.0,0.0,0.0,0.0,0.0,0.0,0.0,0.0,0.0,0.0,"Dec 31, 2018"
681,1310132.0,31866.0,Sulaymaniyah,Sulaymaniya,Zargwez,زركويز,35.4156842,45.4606638,28.0,168.0,8.0,2.0,4.0,0.0,0.0,2.0,0.0,0.0,0.0,0.0,0.0,0.0,0.0,0.0,12.0,0.0,0.0,0.0,0.0,0.0,0.0,0.0,0.0,0.0,0.0,0.0,28.0,0.0,0.0,28.0,0.0,0.0,0.0,0.0,0.0,0.0,0.0,0.0,0.0,0.0,0.0,0.0,21.0,0.0,6.0,21.0,1.0,6.0,0.0,1.0,0.0,0.0,0.0,0.0,0.0,0.0,"Dec 31, 2018"
682,1310134.0,31923.0,Sulaymaniyah,Sulaymaniya,Bardaqaraman-sarchaw,سرجاوه-بردةقارمان,35.6983309,45.0191257,8.0,48.0,0.0,0.0,4.0,0.0,0.0,1.0,0.0,0.0,0.0,0.0,0.0,0.0,1.0,0.0,2.0,0.0,0.0,0.0,0.0,0.0,0.0,0.0,0.0,0.0,0.0,0.0,8.0,0.0,0.0,8.0,0.0,0.0,0.0,0.0,0.0,0.0,0.0,0.0,0.0,0.0,4.0,0.0,3.0,4.0,1.0,3.0,0.0,1.0,0.0,0.0,0.0,0.0,0.0,0.0,0.0,0.0,"Dec 31, 2018"
683,1310135.0,31924.0,Sulaymaniyah,Sulaymaniya,Bardaqaraman-mortka,مورتكة-بردةقارمان,35.572914,45.0626047,6.0,36.0,0.0,0.0,1.0,0.0,0.0,0.0,0.0,0.0,0.0,0.0,0.0,0.0,3.0,0.0,2.0,0.0,0.0,0.0,0.0,0.0,0.0,0.0,0.0,0.0,0.0,0.0,6.0,0.0,0.0,6.0,0.0,0.0,0.0,0.0,0.0,0.0,0.0,0.0,0.0,0.0,3.0,0.0,0.0,3.0,0.0,0.0,0.0,0.0,0.0,0.0,3.0,0.0,0.0,3.0,0.0,0.0,"Dec 31, 2018"
684,1310136.0,31925.0,Sulaymaniyah,Sulaymaniya,Bardaqaraman-darkazen,دةركةزين-بردةقارمان,35.6356255,45.0170874,7.0,42.0,1.0,0.0,0.0,0.0,0.0,0.0,0.0,0.0,0.0,0.0,0.0,0.0,3.0,0.0,3.0,0.0,0.0,0.0,0.0,0.0,0.0,0.0,0.0,0.0,0.0,0.0,7.0,0.0,0.0,7.0,0.0,0.0,0.0,0.0,0.0,0.0,0.0,0.0,0.0,0.0,3.0,0.0,4.0,3.0,0.0,4.0,0.0,0.0,0.0,0.0,0.0,0.0,0.0,0.0,0.0,0.0,"Dec 31, 2018"
685,1310137.0,31926.0,Sulaymaniyah,Sulaymaniya,Jihan,جيهان,35.5359793,45.421761,18.0,108.0,11.0,1.0,4.0,0.0,0.0,1.0,0.0,0.0,0.0,0.0,0.0,0.0,0.0,0.0,1.0,0.0,0.0,0.0,0.0,0.0,0.0,0.0,0.0,0.0,0.0,0.0,18.0,0.0,0.0,18.0,0.0,0.0,0.0,0.0,0.0,0.0,0.0,0.0,0.0,0.0,1.0,0.0,0.0,1.0,1.0,0.0,10.0,1.0,3.0,10.0,2.0,3.0,1.0,2.0,1.0,0.0,"Dec 31, 2018"
686,1310138.0,4479.0,Sulaymaniyah,Sulaymaniya,Kani goran,كانى كوران,35.6695458,45.4013508,9.0,54.0,1.0,0.0,0.0,0.0,0.0,2.0,0.0,0.0,0.0,0.0,0.0,0.0,5.0,0.0,1.0,0.0,0.0,0.0,0.0,0.0,0.0,0.0,0.0,0.0,0.0,0.0,9.0,0.0,0.0,9.0,0.0,0.0,0.0,0.0,0.0,0.0,0.0,0.0,0.0,0.0,3.0,0.0,5.0,3.0,0.0,5.0,1.0,0.0,0.0,1.0,0.0,0.0,0.0,0.0,0.0,0.0,"Dec 31, 2018"
687,1310139.0,4821.0,Sulaymaniyah,Sulaymaniya,Kani Bardina,كاني بةردينا,35.6338392,45.4044705,8.0,48.0,1.0,0.0,1.0,0.0,0.0,3.0,0.0,0.0,0.0,0.0,0.0,0.0,0.0,0.0,3.0,0.0,0.0,0.0,0.0,0.0,0.0,0.0,0.0,0.0,0.0,0.0,8.0,0.0,0.0,8.0,0.0,0.0,0.0,0.0,0.0,0.0,0.0,0.0,0.0,0.0,4.0,0.0,0.0,4.0,1.0,0.0,2.0,1.0,1.0,2.0,0.0,1.0,0.0,0.0,0.0,0.0,"Dec 31, 2018"
688,1310140.0,5112.0,Sulaymaniyah,Sulaymaniya,Khewata,خيويتا,35.6205321,45.412426,14.0,84.0,0.0,5.0,1.0,0.0,0.0,4.0,0.0,0.0,0.0,0.0,0.0,0.0,2.0,0.0,2.0,0.0,0.0,0.0,0.0,0.0,0.0,0.0,0.0,0.0,0.0,0.0,14.0,0.0,0.0,14.0,0.0,0.0,0.0,0.0,0.0,0.0,0.0,0.0,2.0,0.0,6.0,2.0,3.0,6.0,1.0,3.0,0.0,1.0,2.0,0.0,0.0,2.0,0.0,0.0,0.0,0.0,"Dec 31, 2018"
689,1310141.0,31927.0,Sulaymaniyah,Sulaymaniya,Grdi Joga,كردي جوجا,35.5645663,45.4457165,16.0,96.0,2.0,0.0,2.0,0.0,0.0,3.0,0.0,0.0,0.0,0.0,0.0,0.0,9.0,0.0,0.0,0.0,0.0,0.0,0.0,0.0,0.0,0.0,0.0,0.0,0.0,0.0,16.0,0.0,0.0,16.0,0.0,0.0,0.0,0.0,0.0,0.0,0.0,0.0,2.0,0.0,7.0,2.0,0.0,7.0,4.0,0.0,0.0,4.0,0.0,0.0,3.0,0.0,0.0,3.0,0.0,0.0,"Dec 31, 2018"
690,1310142.0,21024.0,Sulaymaniyah,Sulaymaniya,Slemani taza,سليماني تازة,35.5663286,45.440875,65.0,390.0,11.0,6.0,7.0,0.0,0.0,10.0,0.0,0.0,0.0,0.0,0.0,0.0,6.0,0.0,25.0,0.0,0.0,0.0,0.0,0.0,0.0,0.0,0.0,0.0,0.0,0.0,65.0,0.0,0.0,65.0,0.0,0.0,0.0,0.0,0.0,0.0,0.0,0.0,7.0,0.0,17.0,7.0,7.0,17.0,9.0,7.0,2.0,9.0,12.0,2.0,11.0,12.0,0.0,11.0,0.0,0.0,"Dec 31, 2018"
691,1310143.0,31949.0,Sulaymaniyah,Sulaymaniya,Sarchea 705,سةرجيا 705,35.5295476,45.4809955,88.0,528.0,16.0,2.0,38.0,0.0,0.0,9.0,0.0,0.0,0.0,0.0,0.0,0.0,6.0,0.0,17.0,0.0,0.0,0.0,0.0,0.0,0.0,0.0,0.0,0.0,0.0,0.0,88.0,0.0,0.0,88.0,0.0,0.0,0.0,0.0,0.0,0.0,0.0,0.0,3.0,0.0,6.0,3.0,0.0,6.0,11.0,0.0,5.0,11.0,36.0,5.0,19.0,36.0,8.0,19.0,8.0,0.0,"Dec 31, 2018"
692,1310144.0,31950.0,Sulaymaniyah,Sulaymaniya,Srosht 333,سروشت 333,35.5329587,45.4697929,21.0,126.0,5.0,1.0,6.0,0.0,0.0,2.0,0.0,0.0,1.0,0.0,0.0,0.0,2.0,0.0,4.0,0.0,0.0,0.0,0.0,0.0,0.0,0.0,0.0,0.0,0.0,0.0,21.0,0.0,0.0,21.0,0.0,0.0,0.0,0.0,0.0,0.0,0.0,0.0,3.0,0.0,0.0,3.0,0.0,0.0,4.0,0.0,1.0,4.0,5.0,1.0,8.0,5.0,0.0,8.0,0.0,0.0,"Dec 31, 2018"
693,1310145.0,31951.0,Sulaymaniyah,Sulaymaniya,Sana 313,سانا313,35.5414809,45.4622706,19.0,114.0,2.0,0.0,5.0,0.0,0.0,2.0,0.0,0.0,0.0,0.0,0.0,0.0,0.0,0.0,10.0,0.0,0.0,0.0,0.0,0.0,0.0,0.0,0.0,0.0,0.0,0.0,19.0,0.0,0.0,19.0,0.0,0.0,0.0,0.0,0.0,0.0,0.0,0.0,0.0,0.0,0.0,0.0,0.0,0.0,0.0,0.0,3.0,0.0,10.0,3.0,6.0,10.0,0.0,6.0,0.0,0.0,"Dec 31, 2018"
694,1310146.0,31952.0,Sulaymaniyah,Sulaymaniya,Mardin 327,ماردين 327,35.5359361,45.4741175,5.0,30.0,0.0,0.0,3.0,0.0,0.0,0.0,0.0,0.0,0.0,0.0,0.0,0.0,2.0,0.0,0.0,0.0,0.0,0.0,0.0,0.0,0.0,0.0,0.0,0.0,0.0,0.0,5.0,0.0,0.0,5.0,0.0,0.0,0.0,0.0,0.0,0.0,0.0,0.0,0.0,0.0,0.0,0.0,0.0,0.0,0.0,0.0,0.0,0.0,4.0,0.0,0.0,4.0,1.0,0.0,1.0,0.0,"Dec 31, 2018"
695,1310147.0,31953.0,Sulaymaniyah,Sulaymaniya,Asaish 323+325,اسايش 323+325,35.5526721,45.490912,45.0,270.0,9.0,2.0,23.0,0.0,0.0,4.0,0.0,0.0,0.0,0.0,0.0,0.0,2.0,0.0,5.0,0.0,0.0,0.0,0.0,0.0,0.0,0.0,0.0,0.0,0.0,0.0,45.0,0.0,0.0,45.0,0.0,0.0,0.0,0.0,0.0,0.0,0.0,0.0,1.0,0.0,0.0,1.0,0.0,0.0,8.0,0.0,9.0,8.0,14.0,9.0,11.0,14.0,2.0,11.0,2.0,0.0,"Dec 31, 2018"
696,1310148.0,31954.0,Sulaymaniyah,Sulaymaniya,Hewa 311,هيوا 311,35.5429506,45.4569821,27.0,162.0,3.0,1.0,13.0,0.0,0.0,7.0,0.0,0.0,0.0,0.0,0.0,0.0,0.0,0.0,3.0,0.0,0.0,0.0,0.0,0.0,0.0,0.0,0.0,0.0,0.0,0.0,27.0,0.0,0.0,27.0,0.0,0.0,0.0,0.0,0.0,0.0,0.0,0.0,0.0,0.0,1.0,0.0,3.0,1.0,11.0,3.0,2.0,11.0,4.0,2.0,5.0,4.0,1.0,5.0,1.0,0.0,"Dec 31, 2018"
697,1310149.0,31955.0,Sulaymaniyah,Sulaymaniya,Pary 315,باري 315,35.5434122,45.4683785,5.0,30.0,2.0,0.0,2.0,0.0,0.0,0.0,0.0,0.0,0.0,0.0,0.0,0.0,0.0,0.0,1.0,0.0,0.0,0.0,0.0,0.0,0.0,0.0,0.0,0.0,0.0,0.0,5.0,0.0,0.0,5.0,0.0,0.0,0.0,0.0,0.0,0.0,0.0,0.0,0.0,0.0,0.0,0.0,0.0,0.0,0.0,0.0,1.0,0.0,2.0,1.0,1.0,2.0,1.0,1.0,1.0,0.0,"Dec 31, 2018"
698,1310150.0,31956.0,Sulaymaniyah,Sulaymaniya,Kani 317,كاني 317,35.5479329,45.4762357,18.0,108.0,5.0,0.0,8.0,0.0,0.0,2.0,0.0,0.0,0.0,0.0,0.0,0.0,0.0,0.0,3.0,0.0,0.0,0.0,0.0,0.0,0.0,0.0,0.0,0.0,0.0,0.0,18.0,0.0,0.0,18.0,0.0,0.0,0.0,0.0,0.0,0.0,0.0,0.0,1.0,0.0,3.0,1.0,3.0,3.0,3.0,3.0,0.0,3.0,6.0,0.0,2.0,6.0,0.0,2.0,0.0,0.0,"Dec 31, 2018"
699,1310151.0,31957.0,Sulaymaniyah,Sulaymaniya,Gula bakh 335,كولة باخ 335,35.5243972,45.469476,10.0,60.0,2.0,2.0,2.0,0.0,0.0,2.0,0.0,0.0,0.0,0.0,0.0,0.0,1.0,0.0,1.0,0.0,0.0,0.0,0.0,0.0,0.0,0.0,0.0,0.0,0.0,0.0,10.0,0.0,0.0,10.0,0.0,0.0,0.0,0.0,0.0,0.0,0.0,0.0,0.0,0.0,0.0,0.0,0.0,0.0,4.0,0.0,1.0,4.0,2.0,1.0,3.0,2.0,0.0,3.0,0.0,0.0,"Dec 31, 2018"
700,1310152.0,31958.0,Sulaymaniyah,Sulaymaniya,Qazi mohammed 110,قازي محمد 110,35.5702692,45.434958,59.0,354.0,25.0,1.0,8.0,0.0,0.0,2.0,0.0,0.0,0.0,0.0,0.0,0.0,4.0,0.0,19.0,0.0,0.0,0.0,0.0,0.0,0.0,0.0,0.0,0.0,0.0,0.0,59.0,0.0,0.0,59.0,0.0,0.0,0.0,0.0,0.0,0.0,0.0,0.0,1.0,0.0,20.0,1.0,0.0,20.0,2.0,0.0,10.0,2.0,8.0,10.0,13.0,8.0,5.0,13.0,5.0,0.0,"Dec 31, 2018"
701,1310153.0,31959.0,Sulaymaniyah,Sulaymaniya,Azmar 217,ازمر 217,35.5739931,45.4546396,20.0,120.0,9.0,0.0,3.0,0.0,0.0,1.0,0.0,0.0,0.0,0.0,0.0,0.0,2.0,0.0,5.0,0.0,0.0,0.0,0.0,0.0,0.0,0.0,0.0,0.0,0.0,0.0,20.0,0.0,0.0,20.0,0.0,0.0,0.0,0.0,0.0,0.0,0.0,0.0,1.0,0.0,3.0,1.0,0.0,3.0,4.0,0.0,4.0,4.0,1.0,4.0,6.0,1.0,1.0,6.0,1.0,0.0,"Dec 31, 2018"
702,1310154.0,31960.0,Sulaymaniyah,Sulaymaniya,Soreen 120,سورين 120,35.5805378,45.4297891,34.0,204.0,14.0,1.0,4.0,0.0,0.0,2.0,0.0,0.0,0.0,0.0,0.0,0.0,0.0,0.0,13.0,0.0,0.0,0.0,0.0,0.0,0.0,0.0,0.0,0.0,0.0,0.0,34.0,0.0,0.0,34.0,0.0,0.0,0.0,0.0,0.0,0.0,0.0,0.0,2.0,0.0,8.0,2.0,0.0,8.0,3.0,0.0,9.0,3.0,4.0,9.0,4.0,4.0,4.0,4.0,4.0,0.0,"Dec 31, 2018"
703,1310155.0,31961.0,Sulaymaniyah,Sulaymaniya,Arbat-Zhalai khwarw,عربت-زالةي خوارو,35.4864251,45.4590604,5.0,30.0,0.0,0.0,0.0,0.0,0.0,3.0,0.0,0.0,0.0,0.0,0.0,0.0,1.0,0.0,1.0,0.0,0.0,0.0,0.0,0.0,0.0,0.0,0.0,0.0,0.0,0.0,5.0,0.0,0.0,5.0,0.0,0.0,0.0,0.0,0.0,0.0,0.0,0.0,3.0,0.0,2.0,3.0,0.0,2.0,0.0,0.0,0.0,0.0,0.0,0.0,0.0,0.0,0.0,0.0,0.0,0.0,"Dec 31, 2018"
704,1310156.0,31962.0,Sulaymaniyah,Sulaymaniya,Arbat-Zhalai sarw,عربت-زالةي سرو,35.4966962,45.4606462,7.0,42.0,0.0,0.0,1.0,0.0,0.0,6.0,0.0,0.0,0.0,0.0,0.0,0.0,0.0,0.0,0.0,0.0,0.0,0.0,0.0,0.0,0.0,0.0,0.0,0.0,0.0,0.0,7.0,0.0,0.0,7.0,0.0,0.0,0.0,0.0,0.0,0.0,0.0,0.0,0.0,0.0,0.0,0.0,0.0,0.0,0.0,0.0,7.0,0.0,0.0,7.0,0.0,0.0,0.0,0.0,0.0,0.0,"Dec 31, 2018"
705,1310158.0,4558.0,Sulaymaniyah,Sulaymaniya,Arbat-Koza raqa,عربت-كوزة رقا,35.4668507,45.5407718,6.0,36.0,0.0,1.0,1.0,0.0,0.0,1.0,0.0,0.0,0.0,0.0,0.0,0.0,3.0,0.0,0.0,0.0,0.0,0.0,0.0,0.0,0.0,0.0,0.0,0.0,0.0,0.0,6.0,0.0,0.0,6.0,0.0,0.0,0.0,0.0,0.0,0.0,0.0,0.0,0.0,0.0,3.0,0.0,0.0,3.0,0.0,0.0,0.0,0.0,3.0,0.0,0.0,3.0,0.0,0.0,0.0,0.0,"Dec 31, 2018"
706,1310159.0,5880.0,Sulaymaniyah,Sulaymaniya,Arbat-Raziana,عربيت-رازيانا,35.483948,45.4853614,4.0,24.0,0.0,0.0,1.0,0.0,0.0,1.0,0.0,0.0,0.0,0.0,0.0,0.0,2.0,0.0,0.0,0.0,0.0,0.0,0.0,0.0,0.0,0.0,0.0,0.0,0.0,0.0,4.0,0.0,0.0,4.0,0.0,0.0,0.0,0.0,0.0,0.0,0.0,0.0,0.0,0.0,0.0,0.0,0.0,0.0,1.0,0.0,1.0,1.0,2.0,1.0,0.0,2.0,0.0,0.0,0.0,0.0,"Dec 31, 2018"
707,1310160.0,5122.0,Sulaymaniyah,Sulaymaniya,Arbat-Kharajian,عربت-خرجيان,35.4650972,45.567977,9.0,54.0,0.0,1.0,3.0,0.0,0.0,4.0,0.0,0.0,0.0,0.0,0.0,0.0,0.0,0.0,1.0,0.0,0.0,0.0,0.0,0.0,0.0,0.0,0.0,0.0,0.0,0.0,9.0,0.0,0.0,9.0,0.0,0.0,0.0,0.0,0.0,0.0,0.0,0.0,2.0,0.0,0.0,2.0,1.0,0.0,1.0,1.0,1.0,1.0,3.0,1.0,1.0,3.0,0.0,1.0,0.0,0.0,"Dec 31, 2018"
708,1310161.0,4594.0,Sulaymaniyah,Sulaymaniya,Arbat-Raparine,عربت-رابرين,35.4100704,45.5892007,17.0,102.0,0.0,15.0,2.0,0.0,0.0,0.0,0.0,0.0,0.0,0.0,0.0,0.0,0.0,0.0,0.0,0.0,0.0,0.0,0.0,0.0,0.0,0.0,0.0,0.0,0.0,0.0,17.0,0.0,0.0,17.0,0.0,0.0,0.0,0.0,0.0,0.0,0.0,0.0,0.0,0.0,9.0,0.0,0.0,9.0,8.0,0.0,0.0,8.0,0.0,0.0,0.0,0.0,0.0,0.0,0.0,0.0,"Dec 31, 2018"
709,1310162.0,21206.0,Sulaymaniyah,Sulaymaniya,Arbat-Shorsh,عربت-شورش,35.4189571,45.5849189,21.0,126.0,1.0,12.0,4.0,0.0,0.0,1.0,0.0,0.0,0.0,0.0,0.0,0.0,3.0,0.0,0.0,0.0,0.0,0.0,0.0,0.0,0.0,0.0,0.0,0.0,0.0,0.0,21.0,0.0,0.0,21.0,0.0,0.0,0.0,0.0,0.0,0.0,0.0,0.0,2.0,0.0,7.0,2.0,9.0,7.0,3.0,9.0,0.0,3.0,0.0,0.0,0.0,0.0,0.0,0.0,0.0,0.0,"Dec 31, 2018"
710,1310163.0,4570.0,Sulaymaniyah,Sulaymaniya,Arbat-Chwartaq,عربت-جوارتاق,35.4399137,45.5882083,12.0,72.0,3.0,6.0,0.0,0.0,0.0,0.0,0.0,0.0,0.0,0.0,0.0,0.0,0.0,0.0,3.0,0.0,0.0,0.0,0.0,0.0,0.0,0.0,0.0,0.0,0.0,0.0,12.0,0.0,0.0,12.0,0.0,0.0,0.0,0.0,0.0,0.0,0.0,0.0,0.0,0.0,7.0,0.0,0.0,7.0,3.0,0.0,2.0,3.0,0.0,2.0,0.0,0.0,0.0,0.0,0.0,0.0,"Dec 31, 2018"
711,1310164.0,31963.0,Sulaymaniyah,Sulaymaniya,Arbat-Sarwaran,عربت-سةروران,35.43757,45.5861975,13.0,78.0,0.0,1.0,0.0,0.0,0.0,5.0,0.0,0.0,0.0,0.0,0.0,0.0,0.0,0.0,7.0,0.0,0.0,0.0,0.0,0.0,0.0,0.0,0.0,0.0,0.0,0.0,13.0,0.0,0.0,13.0,0.0,0.0,0.0,0.0,0.0,0.0,0.0,0.0,0.0,0.0,13.0,0.0,0.0,13.0,0.0,0.0,0.0,0.0,0.0,0.0,0.0,0.0,0.0,0.0,0.0,0.0,"Dec 31, 2018"
712,1310165.0,4507.0,Sulaymaniyah,Sulaymaniya,Bazyan-Dare kale,بازيان-داري كةلي,35.4674077,45.2546898,8.0,48.0,3.0,0.0,3.0,0.0,0.0,1.0,0.0,0.0,0.0,0.0,0.0,0.0,0.0,0.0,1.0,0.0,0.0,0.0,0.0,0.0,0.0,0.0,0.0,0.0,0.0,0.0,8.0,0.0,0.0,8.0,0.0,0.0,0.0,0.0,0.0,0.0,0.0,0.0,0.0,0.0,1.0,0.0,0.0,1.0,1.0,0.0,0.0,1.0,1.0,0.0,2.0,1.0,3.0,2.0,3.0,0.0,"Dec 31, 2018"
713,1310166.0,4566.0,Sulaymaniyah,Sulaymaniya,Bazyan-Gawani,بازيان-كاواني,35.5028976,45.2499555,23.0,138.0,6.0,1.0,4.0,0.0,0.0,1.0,0.0,0.0,0.0,0.0,0.0,0.0,2.0,0.0,9.0,0.0,0.0,0.0,0.0,0.0,0.0,0.0,0.0,0.0,0.0,0.0,23.0,0.0,0.0,23.0,0.0,0.0,0.0,0.0,0.0,0.0,0.0,0.0,0.0,0.0,7.0,0.0,1.0,7.0,3.0,1.0,0.0,3.0,2.0,0.0,8.0,2.0,2.0,8.0,2.0,0.0,"Dec 31, 2018"
714,1310167.0,4563.0,Sulaymaniyah,Sulaymaniya,Bazyan-Haley sarchaw,بازيان-هالةي سةرجاو,35.5339691,45.1989429,11.0,66.0,0.0,0.0,3.0,0.0,0.0,0.0,0.0,0.0,0.0,0.0,0.0,0.0,1.0,0.0,7.0,0.0,0.0,0.0,0.0,0.0,0.0,0.0,0.0,0.0,0.0,0.0,11.0,0.0,0.0,11.0,0.0,0.0,0.0,0.0,0.0,0.0,0.0,0.0,0.0,0.0,2.0,0.0,4.0,2.0,3.0,4.0,0.0,3.0,0.0,0.0,2.0,0.0,0.0,2.0,0.0,0.0,"Dec 31, 2018"
715,1310168.0,5885.0,Sulaymaniyah,Sulaymaniya,Bazyan-Haley mam qadir,بازيان-هالةي مام قادر,35.532025,45.1868159,21.0,126.0,1.0,1.0,7.0,0.0,0.0,0.0,0.0,0.0,0.0,0.0,0.0,0.0,1.0,0.0,11.0,0.0,0.0,0.0,0.0,0.0,0.0,0.0,0.0,0.0,0.0,0.0,21.0,0.0,0.0,21.0,0.0,0.0,0.0,0.0,0.0,0.0,0.0,0.0,0.0,0.0,7.0,0.0,2.0,7.0,5.0,2.0,0.0,5.0,3.0,0.0,4.0,3.0,0.0,4.0,0.0,0.0,"Dec 31, 2018"
716,1310169.0,5760.0,Sulaymaniyah,Sulaymaniya,Bazyan-Haley haji rasheed,بازيان-هالةي حاجي رشيد,35.527976,45.1711903,10.0,60.0,3.0,0.0,0.0,0.0,0.0,0.0,0.0,0.0,0.0,0.0,0.0,0.0,5.0,0.0,2.0,0.0,0.0,0.0,0.0,0.0,0.0,0.0,0.0,0.0,0.0,0.0,10.0,0.0,0.0,10.0,0.0,0.0,0.0,0.0,0.0,0.0,0.0,0.0,0.0,0.0,1.0,0.0,3.0,1.0,2.0,3.0,0.0,2.0,3.0,0.0,1.0,3.0,0.0,1.0,0.0,0.0,"Dec 31, 2018"
717,1310170.0,31964.0,Sulaymaniyah,Sulaymaniya,Bazyan-zika,بازيان-زيكة,35.5238667,45.2157746,13.0,78.0,2.0,0.0,2.0,0.0,0.0,0.0,0.0,0.0,0.0,0.0,0.0,0.0,3.0,0.0,6.0,0.0,0.0,0.0,0.0,0.0,0.0,0.0,0.0,0.0,0.0,0.0,13.0,0.0,0.0,13.0,0.0,0.0,0.0,0.0,0.0,0.0,0.0,0.0,0.0,0.0,0.0,0.0,3.0,0.0,2.0,3.0,3.0,2.0,0.0,3.0,5.0,0.0,0.0,5.0,0.0,0.0,"Dec 31, 2018"
718,1310171.0,4557.0,Sulaymaniyah,Sulaymaniya,Bazyan-mahmoodya,بازيان-محمودية,35.5244139,45.1981045,34.0,204.0,3.0,0.0,10.0,0.0,0.0,0.0,0.0,0.0,0.0,0.0,0.0,0.0,4.0,0.0,17.0,0.0,0.0,0.0,0.0,0.0,0.0,0.0,0.0,0.0,0.0,0.0,34.0,0.0,0.0,34.0,0.0,0.0,0.0,0.0,0.0,0.0,0.0,0.0,1.0,0.0,16.0,1.0,8.0,16.0,5.0,8.0,1.0,5.0,3.0,1.0,0.0,3.0,0.0,0.0,0.0,0.0,"Dec 31, 2018"
719,1310172.0,4496.0,Sulaymaniyah,Sulaymaniya,Bazyan-gomatakach,بازيان-كومةتكج,35.5422171,45.1599722,20.0,120.0,0.0,0.0,2.0,0.0,0.0,2.0,0.0,0.0,0.0,0.0,0.0,0.0,8.0,0.0,8.0,0.0,0.0,0.0,0.0,0.0,0.0,0.0,0.0,0.0,0.0,0.0,20.0,0.0,0.0,20.0,0.0,0.0,0.0,0.0,0.0,0.0,0.0,0.0,0.0,0.0,4.0,0.0,5.0,4.0,0.0,5.0,2.0,0.0,4.0,2.0,5.0,4.0,0.0,5.0,0.0,0.0,"Dec 31, 2018"
720,1310173.0,31965.0,Sulaymaniyah,Sulaymaniya,Bazyan-hormzyar,بازيان-هورمزيار,35.5187886,45.2467687,17.0,102.0,0.0,2.0,3.0,0.0,0.0,3.0,0.0,0.0,0.0,0.0,0.0,0.0,3.0,0.0,6.0,0.0,0.0,0.0,0.0,0.0,0.0,0.0,0.0,0.0,0.0,0.0,17.0,0.0,0.0,17.0,0.0,0.0,0.0,0.0,0.0,0.0,0.0,0.0,0.0,0.0,4.0,0.0,3.0,4.0,4.0,3.0,1.0,4.0,1.0,1.0,3.0,1.0,1.0,3.0,1.0,0.0,"Dec 31, 2018"
721,1310174.0,4876.0,Sulaymaniyah,Sulaymaniya,Bazyan-koyek,بازيان-كويك,35.5752774,45.1381727,13.0,78.0,3.0,0.0,4.0,0.0,0.0,0.0,0.0,0.0,0.0,0.0,0.0,0.0,0.0,0.0,6.0,0.0,0.0,0.0,0.0,0.0,0.0,0.0,0.0,0.0,0.0,0.0,13.0,0.0,0.0,13.0,0.0,0.0,0.0,0.0,0.0,0.0,0.0,0.0,0.0,0.0,4.0,0.0,0.0,4.0,5.0,0.0,0.0,5.0,4.0,0.0,0.0,4.0,0.0,0.0,0.0,0.0,"Dec 31, 2018"
722,1310175.0,4684.0,Sulaymaniyah,Sulaymaniya,Bazyan-paroyee,بازيان-بارويي,35.4853914,45.2873188,9.0,54.0,0.0,0.0,2.0,0.0,0.0,0.0,0.0,0.0,0.0,0.0,0.0,0.0,5.0,0.0,2.0,0.0,0.0,0.0,0.0,0.0,0.0,0.0,0.0,0.0,0.0,0.0,9.0,0.0,0.0,9.0,0.0,0.0,0.0,0.0,0.0,0.0,0.0,0.0,0.0,0.0,6.0,0.0,1.0,6.0,2.0,1.0,0.0,2.0,0.0,0.0,0.0,0.0,0.0,0.0,0.0,0.0,"Dec 31, 2018"
723,1310176.0,5739.0,Sulaymaniyah,Sulaymaniya,Bazyan-bagajani,بازيان-بةكةجاني,35.5739213,45.1534334,13.0,78.0,1.0,0.0,5.0,0.0,0.0,0.0,0.0,0.0,0.0,0.0,0.0,0.0,5.0,0.0,2.0,0.0,0.0,0.0,0.0,0.0,0.0,0.0,0.0,0.0,0.0,0.0,13.0,0.0,0.0,13.0,0.0,0.0,0.0,0.0,0.0,0.0,0.0,0.0,0.0,0.0,5.0,0.0,4.0,5.0,3.0,4.0,0.0,3.0,0.0,0.0,0.0,0.0,1.0,0.0,1.0,0.0,"Dec 31, 2018"
724,1310177.0,5808.0,Sulaymaniyah,Sulaymaniya,Bazyan-shwankara,بازيان-شوانكارة,35.5657573,45.1954297,50.0,300.0,8.0,2.0,7.0,0.0,0.0,0.0,0.0,0.0,0.0,0.0,0.0,0.0,19.0,0.0,14.0,0.0,0.0,0.0,0.0,0.0,0.0,0.0,0.0,0.0,0.0,0.0,50.0,0.0,0.0,50.0,0.0,0.0,0.0,0.0,0.0,0.0,0.0,0.0,0.0,0.0,14.0,0.0,6.0,14.0,8.0,6.0,15.0,8.0,2.0,15.0,4.0,2.0,1.0,4.0,1.0,0.0,"Dec 31, 2018"
725,1310178.0,4964.0,Sulaymaniyah,Sulaymaniya,Bazyan-qoshqaya,بازيان-قوشقاية,35.5584394,45.2059408,97.0,582.0,16.0,3.0,26.0,0.0,0.0,4.0,0.0,0.0,0.0,0.0,0.0,0.0,19.0,0.0,29.0,0.0,0.0,0.0,0.0,0.0,0.0,0.0,0.0,0.0,0.0,0.0,97.0,0.0,0.0,97.0,0.0,0.0,0.0,0.0,0.0,0.0,0.0,0.0,2.0,0.0,26.0,2.0,16.0,26.0,18.0,16.0,10.0,18.0,14.0,10.0,4.0,14.0,7.0,4.0,7.0,0.0,"Dec 31, 2018"
726,1310179.0,31971.0,Sulaymaniyah,Sulaymaniya,Degulan,ديكولان,35.1272898,45.5912422,3.0,18.0,0.0,0.0,0.0,0.0,0.0,2.0,0.0,0.0,0.0,0.0,0.0,0.0,0.0,0.0,1.0,0.0,0.0,0.0,0.0,0.0,0.0,0.0,0.0,0.0,0.0,0.0,3.0,0.0,0.0,3.0,0.0,0.0,0.0,0.0,0.0,0.0,0.0,0.0,1.0,0.0,2.0,1.0,0.0,2.0,0.0,0.0,0.0,0.0,0.0,0.0,0.0,0.0,0.0,0.0,0.0,0.0,"Dec 31, 2018"
727,1310181.0,4467.0,Sulaymaniyah,Sulaymaniya,Koshki Sarw,كوشكي سرو,35.2423828,45.4645285,11.0,66.0,0.0,0.0,0.0,0.0,0.0,3.0,0.0,0.0,1.0,0.0,0.0,0.0,6.0,0.0,1.0,0.0,0.0,0.0,0.0,0.0,0.0,0.0,0.0,0.0,0.0,0.0,11.0,0.0,0.0,11.0,0.0,0.0,0.0,0.0,0.0,0.0,0.0,0.0,0.0,0.0,2.0,0.0,6.0,2.0,1.0,6.0,1.0,1.0,0.0,1.0,0.0,0.0,1.0,0.0,1.0,0.0,"Dec 31, 2018"
728,1310182.0,4447.0,Sulaymaniyah,Sulaymaniya,Qazanqaia,قازانقايا,35.4043372,45.2613128,11.0,66.0,0.0,0.0,2.0,0.0,0.0,1.0,0.0,0.0,0.0,0.0,0.0,0.0,7.0,0.0,1.0,0.0,0.0,0.0,0.0,0.0,0.0,0.0,0.0,0.0,0.0,0.0,11.0,0.0,0.0,11.0,0.0,0.0,0.0,0.0,0.0,0.0,0.0,0.0,0.0,0.0,0.0,0.0,4.0,0.0,3.0,4.0,0.0,3.0,0.0,0.0,0.0,0.0,4.0,0.0,4.0,0.0,"Dec 31, 2018"
729,1310183.0,6231.0,Sulaymaniyah,Sulaymaniya,Dullani Khwaro,دولاني خوارو,35.363123,45.32671,4.0,24.0,0.0,0.0,1.0,0.0,0.0,1.0,0.0,0.0,2.0,0.0,0.0,0.0,0.0,0.0,0.0,0.0,0.0,0.0,0.0,0.0,0.0,0.0,0.0,0.0,0.0,0.0,4.0,0.0,0.0,4.0,0.0,0.0,0.0,0.0,0.0,0.0,0.0,0.0,0.0,0.0,0.0,0.0,0.0,0.0,1.0,0.0,1.0,1.0,0.0,1.0,0.0,0.0,2.0,0.0,2.0,0.0,"Dec 31, 2018"
730,1310184.0,4732.0,Sulaymaniyah,Sulaymaniya,Tavan,تافان,35.3112747,45.3657365,3.0,18.0,0.0,0.0,0.0,0.0,0.0,0.0,0.0,0.0,0.0,0.0,0.0,0.0,1.0,0.0,2.0,0.0,0.0,0.0,0.0,0.0,0.0,0.0,0.0,0.0,0.0,0.0,3.0,0.0,0.0,3.0,0.0,0.0,0.0,0.0,0.0,0.0,0.0,0.0,0.0,0.0,1.0,0.0,0.0,1.0,0.0,0.0,1.0,0.0,1.0,1.0,0.0,1.0,0.0,0.0,0.0,0.0,"Dec 31, 2018"
731,1310185.0,5056.0,Sulaymaniyah,Sulaymaniya,Timar,تيمار,35.3932783,45.3788654,7.0,42.0,0.0,0.0,2.0,0.0,0.0,1.0,0.0,0.0,0.0,0.0,0.0,0.0,2.0,0.0,2.0,0.0,0.0,0.0,0.0,0.0,0.0,0.0,0.0,0.0,0.0,0.0,7.0,0.0,0.0,7.0,0.0,0.0,0.0,0.0,0.0,0.0,0.0,0.0,0.0,0.0,0.0,0.0,2.0,0.0,0.0,2.0,2.0,0.0,2.0,2.0,1.0,2.0,0.0,1.0,0.0,0.0,"Dec 31, 2018"
732,1310186.0,31972.0,Sulaymaniyah,Sulaymaniya,Kania ba 318,كاني با 318,35.5344901,45.4543016,47.0,282.0,12.0,3.0,2.0,0.0,0.0,7.0,0.0,0.0,0.0,0.0,0.0,0.0,4.0,0.0,19.0,0.0,0.0,0.0,0.0,0.0,0.0,0.0,0.0,0.0,0.0,0.0,47.0,0.0,0.0,47.0,0.0,0.0,0.0,0.0,0.0,0.0,0.0,0.0,7.0,0.0,12.0,7.0,1.0,12.0,15.0,1.0,12.0,15.0,0.0,12.0,0.0,0.0,0.0,0.0,0.0,0.0,"Dec 31, 2018"
733,1310187.0,31973.0,Sulaymaniyah,Sulaymaniya,Shoqakani Farmanbaran,شوقكاني فرمانبران,35.5267841,45.4357881,27.0,162.0,6.0,0.0,5.0,0.0,0.0,2.0,0.0,0.0,0.0,0.0,0.0,0.0,3.0,0.0,11.0,0.0,0.0,0.0,0.0,0.0,0.0,0.0,0.0,0.0,0.0,0.0,27.0,0.0,0.0,27.0,0.0,0.0,0.0,0.0,0.0,0.0,0.0,0.0,5.0,0.0,11.0,5.0,3.0,11.0,4.0,3.0,0.0,4.0,3.0,0.0,1.0,3.0,0.0,1.0,0.0,0.0,"Dec 31, 2018"
734,1310188.0,31974.0,Sulaymaniyah,Sulaymaniya,Chya 316,جيا 316,35.5355395,45.4502424,27.0,162.0,5.0,0.0,5.0,0.0,0.0,4.0,0.0,0.0,0.0,0.0,0.0,0.0,5.0,0.0,8.0,0.0,0.0,0.0,0.0,0.0,0.0,0.0,0.0,0.0,0.0,0.0,27.0,0.0,0.0,27.0,0.0,0.0,0.0,0.0,0.0,0.0,0.0,0.0,3.0,0.0,13.0,3.0,9.0,13.0,0.0,9.0,0.0,0.0,0.0,0.0,2.0,0.0,0.0,2.0,0.0,0.0,"Dec 31, 2018"
735,1310190.0,31976.0,Sulaymaniyah,Sulaymaniya,Shari Pzishkan,شاري بزيشكان,35.5267334,45.4599183,17.0,102.0,4.0,0.0,10.0,0.0,0.0,0.0,0.0,0.0,0.0,0.0,0.0,0.0,3.0,0.0,0.0,0.0,0.0,0.0,0.0,0.0,0.0,0.0,0.0,0.0,0.0,0.0,17.0,0.0,0.0,17.0,0.0,0.0,0.0,0.0,0.0,0.0,0.0,0.0,4.0,0.0,5.0,4.0,0.0,5.0,2.0,0.0,2.0,2.0,0.0,2.0,4.0,0.0,0.0,4.0,0.0,0.0,"Dec 31, 2018"
736,1310191.0,31977.0,Sulaymaniyah,Sulaymaniya,Shari Spi,شاري سبي,35.5273964,45.457054,21.0,126.0,8.0,0.0,9.0,0.0,0.0,1.0,0.0,0.0,0.0,0.0,0.0,0.0,0.0,0.0,3.0,0.0,0.0,0.0,0.0,0.0,0.0,0.0,0.0,0.0,0.0,0.0,21.0,0.0,0.0,21.0,0.0,0.0,0.0,0.0,0.0,0.0,0.0,0.0,0.0,0.0,8.0,0.0,1.0,8.0,6.0,1.0,2.0,6.0,3.0,2.0,0.0,3.0,1.0,0.0,1.0,0.0,"Dec 31, 2018"
737,1310192.0,31978.0,Sulaymaniyah,Sulaymaniya,Chrakhan 322,جراخان 322,35.524647,45.4459739,106.0,636.0,38.0,2.0,12.0,0.0,0.0,7.0,0.0,0.0,0.0,0.0,0.0,0.0,17.0,0.0,30.0,0.0,0.0,0.0,0.0,0.0,0.0,0.0,0.0,0.0,0.0,0.0,106.0,0.0,0.0,106.0,0.0,0.0,0.0,0.0,0.0,0.0,0.0,0.0,16.0,0.0,45.0,16.0,7.0,45.0,34.0,7.0,2.0,34.0,0.0,2.0,0.0,0.0,2.0,0.0,2.0,0.0,"Dec 31, 2018"
738,1310193.0,31979.0,Sulaymaniyah,Sulaymaniya,Mama yara 307+ 309,مامة يارا 307+309,35.5485117,45.4571207,52.0,312.0,21.0,2.0,15.0,0.0,0.0,4.0,0.0,0.0,0.0,0.0,0.0,0.0,5.0,0.0,5.0,0.0,0.0,0.0,0.0,0.0,0.0,0.0,0.0,0.0,0.0,0.0,52.0,0.0,0.0,52.0,0.0,0.0,0.0,0.0,0.0,0.0,0.0,0.0,3.0,0.0,5.0,3.0,4.0,5.0,8.0,4.0,14.0,8.0,7.0,14.0,8.0,7.0,3.0,8.0,3.0,0.0,"Dec 31, 2018"
739,1310195.0,31981.0,Sulaymaniyah,Sulaymaniya,Bakhtiary 111,بختياري 111,35.5680261,45.3963607,54.0,324.0,13.0,2.0,24.0,0.0,0.0,5.0,0.0,0.0,3.0,0.0,0.0,0.0,2.0,0.0,5.0,0.0,0.0,0.0,0.0,0.0,0.0,0.0,0.0,0.0,0.0,0.0,54.0,0.0,0.0,54.0,0.0,0.0,0.0,0.0,0.0,0.0,0.0,0.0,5.0,0.0,9.0,5.0,1.0,9.0,13.0,1.0,8.0,13.0,8.0,8.0,7.0,8.0,3.0,7.0,3.0,0.0,"Dec 31, 2018"
740,1310196.0,31982.0,Sulaymaniyah,Sulaymaniya,Handren 109,هندرين 109,35.5662087,45.4024649,36.0,216.0,14.0,1.0,16.0,0.0,0.0,2.0,0.0,0.0,0.0,0.0,0.0,0.0,2.0,0.0,1.0,0.0,0.0,0.0,0.0,0.0,0.0,0.0,0.0,0.0,0.0,0.0,36.0,0.0,0.0,36.0,0.0,0.0,0.0,0.0,0.0,0.0,0.0,0.0,2.0,0.0,10.0,2.0,3.0,10.0,7.0,3.0,6.0,7.0,6.0,6.0,0.0,6.0,2.0,0.0,2.0,0.0,"Dec 31, 2018"
741,1310197.0,31983.0,Sulaymaniyah,Sulaymaniya,Rizgari 412,رزكاري 412,35.5626737,45.3971441,80.0,480.0,11.0,3.0,35.0,0.0,0.0,4.0,0.0,0.0,6.0,0.0,0.0,0.0,10.0,0.0,11.0,0.0,0.0,0.0,0.0,0.0,0.0,0.0,0.0,0.0,0.0,0.0,80.0,0.0,0.0,80.0,0.0,0.0,0.0,0.0,0.0,0.0,0.0,0.0,6.0,0.0,13.0,6.0,15.0,13.0,11.0,15.0,11.0,11.0,10.0,11.0,3.0,10.0,11.0,3.0,11.0,0.0,"Dec 31, 2018"
742,1310198.0,31984.0,Sulaymaniyah,Sulaymaniya,Shirwana 115,شيروانة 115,35.5703615,45.4098973,10.0,60.0,2.0,0.0,4.0,0.0,0.0,1.0,0.0,0.0,0.0,0.0,0.0,0.0,1.0,0.0,2.0,0.0,0.0,0.0,0.0,0.0,0.0,0.0,0.0,0.0,0.0,0.0,10.0,0.0,0.0,10.0,0.0,0.0,0.0,0.0,0.0,0.0,0.0,0.0,0.0,0.0,3.0,0.0,0.0,3.0,3.0,0.0,4.0,3.0,0.0,4.0,0.0,0.0,0.0,0.0,0.0,0.0,"Dec 31, 2018"
743,1310199.0,31985.0,Sulaymaniyah,Sulaymaniya,Besarani 122,بيساراني 122,35.576205,45.4114298,32.0,192.0,8.0,1.0,17.0,0.0,0.0,3.0,0.0,0.0,0.0,0.0,0.0,0.0,1.0,0.0,2.0,0.0,0.0,0.0,0.0,0.0,0.0,0.0,0.0,0.0,0.0,0.0,32.0,0.0,0.0,32.0,0.0,0.0,0.0,0.0,0.0,0.0,0.0,0.0,1.0,0.0,6.0,1.0,0.0,6.0,15.0,0.0,2.0,15.0,5.0,2.0,2.0,5.0,1.0,2.0,1.0,0.0,"Dec 31, 2018"
744,1310200.0,31986.0,Sulaymaniyah,Sulaymaniya,Badinan 124,بادينان 124,35.5798721,45.4181394,30.0,180.0,11.0,2.0,9.0,0.0,0.0,2.0,0.0,0.0,0.0,0.0,0.0,0.0,2.0,0.0,4.0,0.0,0.0,0.0,0.0,0.0,0.0,0.0,0.0,0.0,0.0,0.0,30.0,0.0,0.0,30.0,0.0,0.0,0.0,0.0,0.0,0.0,0.0,0.0,4.0,0.0,6.0,4.0,0.0,6.0,9.0,0.0,2.0,9.0,9.0,2.0,0.0,9.0,0.0,0.0,0.0,0.0,"Dec 31, 2018"
745,1310201.0,31987.0,Sulaymaniyah,Sulaymaniya,Hakary 113,هكاري 113,35.5708829,45.4014938,36.0,216.0,12.0,0.0,16.0,0.0,0.0,0.0,0.0,0.0,3.0,0.0,0.0,0.0,1.0,0.0,4.0,0.0,0.0,0.0,0.0,0.0,0.0,0.0,0.0,0.0,0.0,0.0,36.0,0.0,0.0,36.0,0.0,0.0,0.0,0.0,0.0,0.0,0.0,0.0,0.0,0.0,7.0,0.0,0.0,7.0,9.0,0.0,6.0,9.0,7.0,6.0,1.0,7.0,6.0,1.0,6.0,0.0,"Dec 31, 2018"
746,1310202.0,31988.0,Sulaymaniyah,Sulaymaniya,Khwar kurdsat 134,خوار كوردسات 134,35.5827336,45.4378381,45.0,270.0,8.0,0.0,28.0,0.0,0.0,1.0,0.0,0.0,0.0,0.0,0.0,0.0,2.0,0.0,6.0,0.0,0.0,0.0,0.0,0.0,0.0,0.0,0.0,0.0,0.0,0.0,45.0,0.0,0.0,45.0,0.0,0.0,0.0,0.0,0.0,0.0,0.0,0.0,5.0,0.0,11.0,5.0,0.0,11.0,16.0,0.0,11.0,16.0,0.0,11.0,2.0,0.0,0.0,2.0,0.0,0.0,"Dec 31, 2018"
747,1310203.0,31989.0,Sulaymaniyah,Sulaymaniya,Bastan 160,باستان 160,35.5932893,45.4306189,60.0,360.0,14.0,0.0,15.0,0.0,0.0,4.0,0.0,0.0,15.0,0.0,0.0,0.0,3.0,0.0,9.0,0.0,0.0,0.0,0.0,0.0,0.0,0.0,0.0,0.0,0.0,0.0,60.0,0.0,0.0,60.0,0.0,0.0,0.0,0.0,0.0,0.0,0.0,0.0,4.0,0.0,10.0,4.0,4.0,10.0,9.0,4.0,8.0,9.0,6.0,8.0,4.0,6.0,15.0,4.0,15.0,0.0,"Dec 31, 2018"
748,1310204.0,31990.0,Sulaymaniyah,Sulaymaniya,Zereen 144,زيرين 144,35.587658,45.4201774,87.0,522.0,37.0,0.0,27.0,0.0,0.0,6.0,0.0,0.0,0.0,0.0,0.0,0.0,6.0,0.0,11.0,0.0,0.0,0.0,0.0,0.0,0.0,0.0,0.0,0.0,0.0,0.0,87.0,0.0,0.0,87.0,0.0,0.0,0.0,0.0,0.0,0.0,0.0,0.0,5.0,0.0,12.0,5.0,13.0,12.0,13.0,13.0,22.0,13.0,18.0,22.0,3.0,18.0,1.0,3.0,1.0,0.0,"Dec 31, 2018"
749,1310205.0,31991.0,Sulaymaniyah,Sulaymaniya,Hemn 146,هيمن 146,35.589013,45.4153911,35.0,210.0,21.0,2.0,3.0,0.0,0.0,0.0,0.0,0.0,0.0,0.0,0.0,0.0,2.0,0.0,7.0,0.0,0.0,0.0,0.0,0.0,0.0,0.0,0.0,0.0,0.0,0.0,35.0,0.0,0.0,35.0,0.0,0.0,0.0,0.0,0.0,0.0,0.0,0.0,2.0,0.0,8.0,2.0,1.0,8.0,8.0,1.0,7.0,8.0,9.0,7.0,0.0,9.0,0.0,0.0,0.0,0.0,"Dec 31, 2018"
750,1310206.0,5785.0,Sulaymaniyah,Sulaymaniya,Khalif awa village,كوندي خليف اوا,35.5428342,45.3803433,80.0,480.0,23.0,7.0,6.0,0.0,0.0,6.0,0.0,0.0,4.0,0.0,0.0,0.0,13.0,0.0,21.0,0.0,0.0,0.0,0.0,0.0,0.0,0.0,0.0,0.0,0.0,0.0,80.0,0.0,0.0,80.0,0.0,0.0,0.0,0.0,0.0,0.0,0.0,0.0,1.0,0.0,2.0,1.0,1.0,2.0,2.0,1.0,15.0,2.0,13.0,15.0,18.0,13.0,28.0,18.0,28.0,0.0,"Dec 31, 2018"
751,1310207.0,21033.0,Sulaymaniyah,Sulaymaniya,Tavga,تافكا,35.5983231,45.3944926,89.0,534.0,23.0,0.0,11.0,0.0,0.0,2.0,0.0,0.0,35.0,0.0,0.0,0.0,3.0,0.0,15.0,0.0,0.0,0.0,0.0,0.0,0.0,0.0,0.0,0.0,0.0,0.0,89.0,0.0,0.0,89.0,0.0,0.0,0.0,0.0,0.0,0.0,0.0,0.0,5.0,0.0,14.0,5.0,3.0,14.0,11.0,3.0,5.0,11.0,6.0,5.0,0.0,6.0,45.0,0.0,45.0,0.0,"Dec 31, 2018"
752,1310208.0,31995.0,Sulaymaniyah,Sulaymaniya,Peshasazy,بيشاسازي,35.5598964,45.3884175,12.0,72.0,3.0,0.0,1.0,0.0,0.0,6.0,0.0,0.0,0.0,0.0,0.0,0.0,2.0,0.0,0.0,0.0,0.0,0.0,0.0,0.0,0.0,0.0,0.0,0.0,0.0,0.0,12.0,0.0,0.0,12.0,0.0,0.0,0.0,0.0,0.0,0.0,0.0,0.0,1.0,0.0,4.0,1.0,0.0,4.0,1.0,0.0,0.0,1.0,0.0,0.0,4.0,0.0,2.0,4.0,2.0,0.0,"Dec 31, 2018"
753,1310209.0,32002.0,Sulaymaniyah,Sulaymaniya,Chnarok ,جناروك,35.5984905,45.4022266,68.0,408.0,40.0,1.0,7.0,0.0,0.0,0.0,0.0,0.0,10.0,0.0,0.0,0.0,3.0,0.0,7.0,0.0,0.0,0.0,0.0,0.0,0.0,0.0,0.0,0.0,0.0,0.0,68.0,0.0,0.0,68.0,0.0,0.0,0.0,0.0,0.0,0.0,0.0,0.0,8.0,0.0,9.0,8.0,7.0,9.0,10.0,7.0,11.0,10.0,6.0,11.0,1.0,6.0,16.0,1.0,16.0,0.0,"Dec 31, 2018"
754,1310210.0,32003.0,Sulaymaniyah,Sulaymaniya,Bakhtawary,بختةواري,35.5971861,45.4070395,36.0,216.0,25.0,0.0,5.0,0.0,0.0,2.0,0.0,0.0,0.0,0.0,0.0,0.0,2.0,0.0,2.0,0.0,0.0,0.0,0.0,0.0,0.0,0.0,0.0,0.0,0.0,0.0,36.0,0.0,0.0,36.0,0.0,0.0,0.0,0.0,0.0,0.0,0.0,0.0,4.0,0.0,10.0,4.0,7.0,10.0,6.0,7.0,6.0,6.0,3.0,6.0,0.0,3.0,0.0,0.0,0.0,0.0,"Dec 31, 2018"
755,1310211.0,32004.0,Sulaymaniyah,Sulaymaniya,Zirak,زيراك,35.5978553,45.4174559,32.0,192.0,21.0,0.0,6.0,0.0,0.0,0.0,0.0,0.0,0.0,0.0,0.0,0.0,2.0,0.0,3.0,0.0,0.0,0.0,0.0,0.0,0.0,0.0,0.0,0.0,0.0,0.0,32.0,0.0,0.0,32.0,0.0,0.0,0.0,0.0,0.0,0.0,0.0,0.0,4.0,0.0,12.0,4.0,4.0,12.0,6.0,4.0,4.0,6.0,2.0,4.0,0.0,2.0,0.0,0.0,0.0,0.0,"Dec 31, 2018"
756,1310212.0,32005.0,Sulaymaniyah,Sulaymaniya,Pyramagroon,بيرمكرون,35.5974524,45.4129833,54.0,324.0,21.0,0.0,10.0,0.0,0.0,2.0,0.0,0.0,6.0,0.0,0.0,0.0,5.0,0.0,10.0,0.0,0.0,0.0,0.0,0.0,0.0,0.0,0.0,0.0,0.0,0.0,54.0,0.0,0.0,54.0,0.0,0.0,0.0,0.0,0.0,0.0,0.0,0.0,8.0,0.0,9.0,8.0,5.0,9.0,9.0,5.0,4.0,9.0,7.0,4.0,1.0,7.0,11.0,1.0,11.0,0.0,"Dec 31, 2018"
757,1310213.0,32006.0,Sulaymaniyah,Sulaymaniya,Qaiwan,قيوان,35.6014669,45.4129347,46.0,276.0,12.0,0.0,14.0,0.0,0.0,2.0,0.0,0.0,6.0,0.0,0.0,0.0,2.0,0.0,10.0,0.0,0.0,0.0,0.0,0.0,0.0,0.0,0.0,0.0,0.0,0.0,46.0,0.0,0.0,46.0,0.0,0.0,0.0,0.0,0.0,0.0,0.0,0.0,2.0,0.0,11.0,2.0,0.0,11.0,5.0,0.0,0.0,5.0,10.0,0.0,4.0,10.0,14.0,4.0,14.0,0.0,"Dec 31, 2018"
758,1310214.0,32007.0,Sulaymaniyah,Sulaymaniya,Naghda,ناغدا,35.5901873,45.3936577,63.0,378.0,31.0,1.0,6.0,0.0,0.0,2.0,0.0,0.0,5.0,0.0,0.0,0.0,11.0,0.0,7.0,0.0,0.0,0.0,0.0,0.0,0.0,0.0,0.0,0.0,0.0,0.0,63.0,0.0,0.0,63.0,0.0,0.0,0.0,0.0,0.0,0.0,0.0,0.0,11.0,0.0,8.0,11.0,6.0,8.0,12.0,6.0,7.0,12.0,9.0,7.0,0.0,9.0,10.0,0.0,10.0,0.0,"Dec 31, 2018"
759,1310215.0,32008.0,Sulaymaniyah,Sulaymaniya,Kewstan,كويستان,35.5893143,45.3994122,55.0,330.0,16.0,2.0,5.0,0.0,0.0,1.0,0.0,0.0,12.0,0.0,0.0,0.0,3.0,0.0,16.0,0.0,0.0,0.0,0.0,0.0,0.0,0.0,0.0,0.0,0.0,0.0,55.0,0.0,0.0,55.0,0.0,0.0,0.0,0.0,0.0,0.0,0.0,0.0,6.0,0.0,10.0,6.0,0.0,10.0,3.0,0.0,6.0,3.0,3.0,6.0,0.0,3.0,27.0,0.0,27.0,0.0,"Dec 31, 2018"
760,1310216.0,32009.0,Sulaymaniyah,Sulaymaniya,Nergiz,نيركز,35.5845665,45.3998114,54.0,324.0,29.0,0.0,3.0,0.0,0.0,2.0,0.0,0.0,6.0,0.0,0.0,0.0,6.0,0.0,8.0,0.0,0.0,0.0,0.0,0.0,0.0,0.0,0.0,0.0,0.0,0.0,54.0,0.0,0.0,54.0,0.0,0.0,0.0,0.0,0.0,0.0,0.0,0.0,8.0,0.0,11.0,8.0,8.0,11.0,8.0,8.0,5.0,8.0,2.0,5.0,0.0,2.0,12.0,0.0,12.0,0.0,"Dec 31, 2018"
761,1310217.0,32010.0,Sulaymaniyah,Sulaymaniya,Raparine-Zanko,رابرين-زانكو,35.5725418,45.3418026,50.0,300.0,9.0,0.0,11.0,0.0,0.0,3.0,0.0,0.0,9.0,0.0,0.0,0.0,7.0,0.0,11.0,0.0,0.0,0.0,0.0,0.0,0.0,0.0,0.0,0.0,0.0,0.0,50.0,0.0,0.0,50.0,0.0,0.0,0.0,0.0,0.0,0.0,0.0,0.0,0.0,0.0,7.0,0.0,19.0,7.0,7.0,19.0,7.0,7.0,0.0,7.0,0.0,0.0,10.0,0.0,10.0,0.0,"Dec 31, 2018"
762,1310218.0,32011.0,Sulaymaniyah,Sulaymaniya,Raparine-Soran,رابرين-سوران,35.575784,45.3369492,59.0,354.0,9.0,0.0,13.0,0.0,0.0,4.0,0.0,0.0,14.0,0.0,0.0,0.0,3.0,0.0,16.0,0.0,0.0,0.0,0.0,0.0,0.0,0.0,0.0,0.0,0.0,0.0,59.0,0.0,0.0,59.0,0.0,0.0,0.0,0.0,0.0,0.0,0.0,0.0,3.0,0.0,12.0,3.0,8.0,12.0,4.0,8.0,6.0,4.0,0.0,6.0,2.0,0.0,24.0,2.0,24.0,0.0,"Dec 31, 2018"
763,1310219.0,32012.0,Sulaymaniyah,Sulaymaniya,Raparine-Azadi,ازادي-رابرين,35.5754385,45.3294108,73.0,438.0,11.0,2.0,19.0,0.0,0.0,8.0,0.0,0.0,16.0,0.0,0.0,0.0,5.0,0.0,12.0,0.0,0.0,0.0,0.0,0.0,0.0,0.0,0.0,0.0,0.0,0.0,73.0,0.0,0.0,73.0,0.0,0.0,0.0,0.0,0.0,0.0,0.0,0.0,2.0,0.0,17.0,2.0,16.0,17.0,14.0,16.0,5.0,14.0,0.0,5.0,0.0,0.0,19.0,0.0,19.0,0.0,"Dec 31, 2018"
764,1310220.0,32013.0,Sulaymaniyah,Sulaymaniya,Raparine-Arya,رابرين-اريا,35.5927437,45.3333281,166.0,996.0,11.0,6.0,19.0,0.0,0.0,14.0,0.0,0.0,71.0,0.0,0.0,0.0,14.0,0.0,31.0,0.0,0.0,0.0,0.0,0.0,0.0,0.0,0.0,0.0,0.0,0.0,166.0,0.0,0.0,166.0,0.0,0.0,0.0,0.0,0.0,0.0,0.0,0.0,6.0,0.0,26.0,6.0,27.0,26.0,7.0,27.0,3.0,7.0,8.0,3.0,0.0,8.0,89.0,0.0,89.0,0.0,"Dec 31, 2018"
765,1310221.0,32014.0,Sulaymaniyah,Sulaymaniya,Raparine-Mahwey,رابرين-محوي,35.5935539,45.3247926,86.0,516.0,11.0,2.0,8.0,0.0,0.0,2.0,0.0,0.0,14.0,0.0,0.0,0.0,13.0,0.0,36.0,0.0,0.0,0.0,0.0,0.0,0.0,0.0,0.0,0.0,0.0,0.0,86.0,0.0,0.0,86.0,0.0,0.0,0.0,0.0,0.0,0.0,0.0,0.0,2.0,0.0,9.0,2.0,23.0,9.0,8.0,23.0,3.0,8.0,1.0,3.0,0.0,1.0,40.0,0.0,40.0,0.0,"Dec 31, 2018"
766,1310222.0,32015.0,Sulaymaniyah,Sulaymaniya,Raparine-Piramerd,رابرين-بيرةميرد,35.5863882,45.3335166,94.0,564.0,12.0,2.0,19.0,0.0,0.0,10.0,0.0,0.0,20.0,0.0,0.0,0.0,8.0,0.0,23.0,0.0,0.0,0.0,0.0,0.0,0.0,0.0,0.0,0.0,0.0,0.0,94.0,0.0,0.0,94.0,0.0,0.0,0.0,0.0,0.0,0.0,0.0,0.0,2.0,0.0,18.0,2.0,11.0,18.0,9.0,11.0,4.0,9.0,8.0,4.0,5.0,8.0,37.0,5.0,37.0,0.0,"Dec 31, 2018"
767,1310223.0,32016.0,Sulaymaniyah,Sulaymaniya,Raparine-Salim,رابرين-سالم,35.5841086,45.3374187,63.0,378.0,15.0,0.0,12.0,0.0,0.0,3.0,0.0,0.0,12.0,0.0,0.0,0.0,6.0,0.0,15.0,0.0,0.0,0.0,0.0,0.0,0.0,0.0,0.0,0.0,0.0,0.0,63.0,0.0,0.0,63.0,0.0,0.0,0.0,0.0,0.0,0.0,0.0,0.0,3.0,0.0,11.0,3.0,19.0,11.0,5.0,19.0,3.0,5.0,4.0,3.0,0.0,4.0,18.0,0.0,18.0,0.0,"Dec 31, 2018"
768,1310224.0,32017.0,Sulaymaniyah,Sulaymaniya,Raparine-Goran,رابرين-كوران,35.5802519,45.3291805,33.0,198.0,5.0,0.0,12.0,0.0,0.0,0.0,0.0,0.0,7.0,0.0,0.0,0.0,5.0,0.0,4.0,0.0,0.0,0.0,0.0,0.0,0.0,0.0,0.0,0.0,0.0,0.0,33.0,0.0,0.0,33.0,0.0,0.0,0.0,0.0,0.0,0.0,0.0,0.0,0.0,0.0,8.0,0.0,11.0,8.0,4.0,11.0,3.0,4.0,0.0,3.0,0.0,0.0,7.0,0.0,7.0,0.0,"Dec 31, 2018"
769,1310225.0,32055.0,Sulaymaniyah,Sulaymaniya,Kani Spika 130,كاني سبيكة 130,35.5877361,45.3924767,193.0,1158.0,65.0,2.0,55.0,0.0,0.0,18.0,0.0,0.0,16.0,0.0,0.0,0.0,9.0,0.0,28.0,0.0,0.0,0.0,0.0,0.0,0.0,0.0,0.0,0.0,0.0,0.0,193.0,0.0,0.0,193.0,0.0,0.0,0.0,0.0,0.0,0.0,0.0,0.0,13.0,0.0,24.0,13.0,10.0,24.0,36.0,10.0,24.0,36.0,10.0,24.0,24.0,10.0,52.0,24.0,52.0,0.0,"Dec 31, 2018"
770,1310226.0,32061.0,Sulaymaniyah,Sulaymaniya,Bazergani 201,بازركاني 201,35.5545271,45.4380575,17.0,102.0,2.0,4.0,8.0,0.0,0.0,0.0,0.0,0.0,0.0,0.0,0.0,0.0,0.0,0.0,3.0,0.0,0.0,0.0,0.0,0.0,0.0,0.0,0.0,0.0,0.0,0.0,17.0,0.0,0.0,17.0,0.0,0.0,0.0,0.0,0.0,0.0,0.0,0.0,6.0,0.0,0.0,6.0,0.0,0.0,5.0,0.0,0.0,5.0,2.0,0.0,0.0,2.0,4.0,0.0,4.0,0.0,"Dec 31, 2018"
771,1310227.0,32067.0,Sulaymaniyah,Sulaymaniya,Shahidan 103,شهيدان 103,35.5560344,45.3485075,190.0,1140.0,41.0,2.0,33.0,0.0,0.0,16.0,0.0,0.0,63.0,0.0,0.0,0.0,10.0,0.0,25.0,0.0,0.0,0.0,0.0,0.0,0.0,0.0,0.0,0.0,0.0,0.0,190.0,0.0,0.0,190.0,0.0,0.0,0.0,0.0,0.0,0.0,0.0,0.0,18.0,0.0,42.0,18.0,17.0,42.0,19.0,17.0,8.0,19.0,5.0,8.0,6.0,5.0,75.0,6.0,75.0,0.0,"Dec 31, 2018"
772,1310228.0,32068.0,Sulaymaniyah,Sulaymaniya,Nali 101,نالى 101,35.5541326,45.3518727,123.0,738.0,31.0,1.0,55.0,0.0,0.0,9.0,0.0,0.0,16.0,0.0,0.0,0.0,4.0,0.0,7.0,0.0,0.0,0.0,0.0,0.0,0.0,0.0,0.0,0.0,0.0,0.0,123.0,0.0,0.0,123.0,0.0,0.0,0.0,0.0,0.0,0.0,0.0,0.0,17.0,0.0,27.0,17.0,19.0,27.0,20.0,19.0,7.0,20.0,11.0,7.0,4.0,11.0,18.0,4.0,18.0,0.0,"Dec 31, 2018"
773,1310229.0,32069.0,Sulaymaniyah,Sulaymaniya,Malik mahmood 401,مليك محمود 401,35.5524367,45.3536214,200.0,1200.0,35.0,1.0,68.0,0.0,0.0,32.0,0.0,0.0,27.0,0.0,0.0,0.0,10.0,0.0,27.0,0.0,0.0,0.0,0.0,0.0,0.0,0.0,0.0,0.0,0.0,0.0,200.0,0.0,0.0,200.0,0.0,0.0,0.0,0.0,0.0,0.0,0.0,0.0,27.0,0.0,42.0,27.0,28.0,42.0,40.0,28.0,2.0,40.0,15.0,2.0,5.0,15.0,41.0,5.0,41.0,0.0,"Dec 31, 2018"
774,1310230.0,32070.0,Sulaymaniyah,Sulaymaniya,Sharawane 102,شاروانى 102,35.5584619,45.355767,118.0,708.0,40.0,0.0,19.0,0.0,0.0,4.0,0.0,0.0,37.0,0.0,0.0,0.0,0.0,0.0,18.0,0.0,0.0,0.0,0.0,0.0,0.0,0.0,0.0,0.0,0.0,0.0,118.0,0.0,0.0,118.0,0.0,0.0,0.0,0.0,0.0,0.0,0.0,0.0,11.0,0.0,14.0,11.0,10.0,14.0,17.0,10.0,7.0,17.0,10.0,7.0,1.0,10.0,48.0,1.0,48.0,0.0,"Dec 31, 2018"
775,1310231.0,32071.0,Sulaymaniyah,Sulaymaniya,Zanko 202,زانكو 202,35.5543708,45.363036,168.0,1008.0,40.0,6.0,44.0,0.0,0.0,11.0,0.0,0.0,22.0,0.0,0.0,0.0,14.0,0.0,31.0,0.0,0.0,0.0,0.0,0.0,0.0,0.0,0.0,0.0,0.0,0.0,168.0,0.0,0.0,168.0,0.0,0.0,0.0,0.0,0.0,0.0,0.0,0.0,17.0,0.0,42.0,17.0,39.0,42.0,33.0,39.0,6.0,33.0,8.0,6.0,1.0,8.0,22.0,1.0,22.0,0.0,"Dec 31, 2018"
776,1310232.0,32072.0,Sulaymaniyah,Sulaymaniya,Goran 104,كوران 104,35.5602554,45.3517503,108.0,648.0,34.0,0.0,7.0,0.0,0.0,12.0,0.0,0.0,22.0,0.0,0.0,0.0,3.0,0.0,30.0,0.0,0.0,0.0,0.0,0.0,0.0,0.0,0.0,0.0,0.0,0.0,108.0,0.0,0.0,108.0,0.0,0.0,0.0,0.0,0.0,0.0,0.0,0.0,11.0,0.0,22.0,11.0,15.0,22.0,16.0,15.0,0.0,16.0,2.0,0.0,3.0,2.0,39.0,3.0,39.0,0.0,"Dec 31, 2018"
777,1310233.0,32073.0,Sulaymaniyah,Sulaymaniya,Daban 201,دابان 201,35.5634979,45.3556776,168.0,1008.0,29.0,0.0,62.0,0.0,0.0,6.0,0.0,0.0,30.0,0.0,0.0,0.0,8.0,0.0,33.0,0.0,0.0,0.0,0.0,0.0,0.0,0.0,0.0,0.0,0.0,0.0,168.0,0.0,0.0,168.0,0.0,0.0,0.0,0.0,0.0,0.0,0.0,0.0,38.0,0.0,30.0,38.0,20.0,30.0,25.0,20.0,0.0,25.0,1.0,0.0,4.0,1.0,50.0,4.0,50.0,0.0,"Dec 31, 2018"
778,1310234.0,32074.0,Sulaymaniyah,Sulaymaniya,Peshawa 301,بيشوا 301,35.5501223,45.3652095,170.0,1020.0,48.0,0.0,53.0,0.0,0.0,15.0,0.0,0.0,14.0,0.0,0.0,0.0,11.0,0.0,29.0,0.0,0.0,0.0,0.0,0.0,0.0,0.0,0.0,0.0,0.0,0.0,170.0,0.0,0.0,170.0,0.0,0.0,0.0,0.0,0.0,0.0,0.0,0.0,21.0,0.0,38.0,21.0,40.0,38.0,26.0,40.0,16.0,26.0,0.0,16.0,5.0,0.0,24.0,5.0,24.0,0.0,"Dec 31, 2018"
779,1310235.0,32075.0,Sulaymaniyah,Sulaymaniya,Mahwe 404,محوى 404,35.5530288,45.3443513,189.0,1134.0,32.0,2.0,47.0,0.0,0.0,12.0,0.0,0.0,60.0,0.0,0.0,0.0,9.0,0.0,27.0,0.0,0.0,0.0,0.0,0.0,0.0,0.0,0.0,0.0,0.0,0.0,189.0,0.0,0.0,189.0,0.0,0.0,0.0,0.0,0.0,0.0,0.0,0.0,13.0,0.0,35.0,13.0,26.0,35.0,17.0,26.0,12.0,17.0,7.0,12.0,2.0,7.0,77.0,2.0,77.0,0.0,"Dec 31, 2018"
780,1310236.0,32076.0,Sulaymaniyah,Sulaymaniya,Kurdi 402,كوردى 402,35.5501245,45.3479444,221.0,1326.0,34.0,1.0,35.0,0.0,0.0,16.0,0.0,0.0,94.0,0.0,0.0,0.0,9.0,0.0,32.0,0.0,0.0,0.0,0.0,0.0,0.0,0.0,0.0,0.0,0.0,0.0,221.0,0.0,0.0,221.0,0.0,0.0,0.0,0.0,0.0,0.0,0.0,0.0,20.0,0.0,29.0,20.0,14.0,29.0,27.0,14.0,7.0,27.0,6.0,7.0,4.0,6.0,114.0,4.0,114.0,0.0,"Dec 31, 2018"
781,1310238.0,33356.0,Sulaymaniyah,Sulaymaniya,Karezawshk 118,كاريزوشك 118,35.5781559,45.4242678,6.0,36.0,0.0,0.0,5.0,0.0,0.0,1.0,0.0,0.0,0.0,0.0,0.0,0.0,0.0,0.0,0.0,0.0,0.0,0.0,0.0,0.0,0.0,0.0,0.0,0.0,0.0,0.0,6.0,0.0,0.0,6.0,0.0,0.0,0.0,0.0,0.0,0.0,0.0,0.0,2.0,0.0,0.0,2.0,0.0,0.0,0.0,0.0,0.0,0.0,1.0,0.0,3.0,1.0,0.0,3.0,0.0,0.0,"Dec 31, 2018"
782,1310239.0,33353.0,Sulaymaniyah,Sulaymaniya,Bakhan 108,باخان 108,35.574904,45.4192407,25.0,150.0,13.0,0.0,7.0,0.0,0.0,4.0,0.0,0.0,0.0,0.0,0.0,0.0,0.0,0.0,1.0,0.0,0.0,0.0,0.0,0.0,0.0,0.0,0.0,0.0,0.0,0.0,25.0,0.0,0.0,25.0,0.0,0.0,0.0,0.0,0.0,0.0,0.0,0.0,0.0,0.0,0.0,0.0,0.0,0.0,7.0,0.0,4.0,7.0,4.0,4.0,10.0,4.0,0.0,10.0,0.0,0.0,"Dec 31, 2018"
783,1310240.0,33355.0,Sulaymaniyah,Sulaymaniya,Ali naji 103,علي ناجي 103,35.5633147,45.4220378,8.0,48.0,3.0,0.0,4.0,0.0,0.0,1.0,0.0,0.0,0.0,0.0,0.0,0.0,0.0,0.0,0.0,0.0,0.0,0.0,0.0,0.0,0.0,0.0,0.0,0.0,0.0,0.0,8.0,0.0,0.0,8.0,0.0,0.0,0.0,0.0,0.0,0.0,0.0,0.0,0.0,0.0,2.0,0.0,0.0,2.0,1.0,0.0,1.0,1.0,0.0,1.0,4.0,0.0,0.0,4.0,0.0,0.0,"Dec 31, 2018"
784,1310241.0,33352.0,Sulaymaniyah,Sulaymaniya,Andaziaran 105,اندازياران 105,35.5646793,45.4081968,9.0,54.0,1.0,0.0,3.0,0.0,0.0,1.0,0.0,0.0,0.0,0.0,0.0,0.0,2.0,0.0,2.0,0.0,0.0,0.0,0.0,0.0,0.0,0.0,0.0,0.0,0.0,0.0,9.0,0.0,0.0,9.0,0.0,0.0,0.0,0.0,0.0,0.0,0.0,0.0,1.0,0.0,4.0,1.0,1.0,4.0,0.0,1.0,0.0,0.0,1.0,0.0,0.0,1.0,2.0,0.0,2.0,0.0,"Dec 31, 2018"
785,1310242.0,33354.0,Sulaymaniyah,Sulaymaniya,shorsh 101,شورش101,35.5594475,45.4267574,17.0,102.0,6.0,3.0,4.0,0.0,0.0,2.0,0.0,0.0,0.0,0.0,0.0,0.0,0.0,0.0,2.0,0.0,0.0,0.0,0.0,0.0,0.0,0.0,0.0,0.0,0.0,0.0,17.0,0.0,0.0,17.0,0.0,0.0,0.0,0.0,0.0,0.0,0.0,0.0,3.0,0.0,0.0,3.0,0.0,0.0,1.0,0.0,4.0,1.0,0.0,4.0,9.0,0.0,0.0,9.0,0.0,0.0,"Dec 31, 2018"
786,1310243.0,33357.0,Sulaymaniyah,Sulaymaniya,Mushirawa 406 & 206,موشيراوا 406&206,35.5571112,45.416484,37.0,222.0,1.0,9.0,11.0,0.0,0.0,6.0,0.0,0.0,0.0,0.0,0.0,0.0,4.0,0.0,6.0,0.0,0.0,0.0,0.0,0.0,0.0,0.0,0.0,0.0,0.0,0.0,37.0,0.0,0.0,37.0,0.0,0.0,0.0,0.0,0.0,0.0,0.0,0.0,2.0,0.0,0.0,2.0,0.0,0.0,5.0,0.0,8.0,5.0,3.0,8.0,11.0,3.0,8.0,11.0,8.0,0.0,"Dec 31, 2018"
787,1310244.0,33351.0,Sulaymaniyah,Sulaymaniya,Wais 402,ويس 402,35.5538729,45.4318906,6.0,36.0,2.0,0.0,1.0,0.0,0.0,0.0,0.0,0.0,0.0,0.0,0.0,0.0,3.0,0.0,0.0,0.0,0.0,0.0,0.0,0.0,0.0,0.0,0.0,0.0,0.0,0.0,6.0,0.0,0.0,6.0,0.0,0.0,0.0,0.0,0.0,0.0,0.0,0.0,0.0,0.0,1.0,0.0,1.0,1.0,0.0,1.0,0.0,0.0,4.0,0.0,0.0,4.0,0.0,0.0,0.0,0.0,"Dec 31, 2018"
788,1310245.0,33358.0,Sulaymaniyah,Sulaymaniya,Awbarik 405 + 403,اوباريك 405+403,35.5483935,45.4196679,49.0,294.0,10.0,1.0,14.0,0.0,0.0,13.0,0.0,0.0,1.0,0.0,0.0,0.0,2.0,0.0,8.0,0.0,0.0,0.0,0.0,0.0,0.0,0.0,0.0,0.0,0.0,0.0,49.0,0.0,0.0,49.0,0.0,0.0,0.0,0.0,0.0,0.0,0.0,0.0,4.0,0.0,4.0,4.0,2.0,4.0,8.0,2.0,10.0,8.0,3.0,10.0,10.0,3.0,8.0,10.0,8.0,0.0,"Dec 31, 2018"
789,1310246.0,33348.0,Sulaymaniyah,Sulaymaniya,Chwar chra New,جوار جرا نوي,35.5465155,45.3972155,13.0,78.0,1.0,0.0,4.0,0.0,0.0,0.0,0.0,0.0,0.0,0.0,0.0,0.0,8.0,0.0,0.0,0.0,0.0,0.0,0.0,0.0,0.0,0.0,0.0,0.0,0.0,0.0,13.0,0.0,0.0,13.0,0.0,0.0,0.0,0.0,0.0,0.0,0.0,0.0,0.0,0.0,1.0,0.0,2.0,1.0,6.0,2.0,4.0,6.0,0.0,4.0,0.0,0.0,0.0,0.0,0.0,0.0,"Dec 31, 2018"
790,1310248.0,33378.0,Sulaymaniyah,Sulaymaniya,Goizhai New 220,كويزة نوي 220,35.5675374116,45.4625423,33.0,198.0,7.0,0.0,5.0,0.0,0.0,4.0,0.0,0.0,0.0,0.0,0.0,0.0,0.0,0.0,17.0,0.0,0.0,0.0,0.0,0.0,0.0,0.0,0.0,0.0,0.0,0.0,33.0,0.0,0.0,33.0,0.0,0.0,0.0,0.0,0.0,0.0,0.0,0.0,6.0,0.0,9.0,6.0,0.0,9.0,9.0,0.0,6.0,9.0,0.0,6.0,0.0,0.0,3.0,0.0,3.0,0.0,"Dec 31, 2018"
791,1310249.0,33377.0,Sulaymaniyah,Sulaymaniya,Hawara barza 218,هوارة برزة 218,35.5713146214,45.4626078,118.0,708.0,34.0,8.0,25.0,0.0,0.0,20.0,0.0,0.0,0.0,0.0,0.0,0.0,8.0,0.0,23.0,0.0,0.0,0.0,0.0,0.0,0.0,0.0,0.0,0.0,0.0,0.0,118.0,0.0,0.0,118.0,0.0,0.0,0.0,0.0,0.0,0.0,0.0,0.0,11.0,0.0,39.0,11.0,11.0,39.0,21.0,11.0,23.0,21.0,6.0,23.0,5.0,6.0,2.0,5.0,2.0,0.0,"Dec 31, 2018"
792,1310250.0,33379.0,Sulaymaniyah,Sulaymaniya,Shahidani Azadi 214,شهيداني ازادي 214,35.5652271063,45.4630337,34.0,204.0,7.0,9.0,8.0,0.0,0.0,4.0,0.0,0.0,0.0,0.0,0.0,0.0,0.0,0.0,6.0,0.0,0.0,0.0,0.0,0.0,0.0,0.0,0.0,0.0,0.0,0.0,34.0,0.0,0.0,34.0,0.0,0.0,0.0,0.0,0.0,0.0,0.0,0.0,9.0,0.0,16.0,9.0,0.0,16.0,0.0,0.0,4.0,0.0,4.0,4.0,0.0,4.0,1.0,0.0,1.0,0.0,"Dec 31, 2018"
793,1310251.0,33381.0,Sulaymaniyah,Sulaymaniya,Aziz Awa,عزيز اوا,35.5150378,45.353465,62.0,372.0,1.0,0.0,4.0,0.0,0.0,0.0,0.0,0.0,10.0,0.0,0.0,0.0,43.0,0.0,4.0,0.0,0.0,0.0,0.0,0.0,0.0,0.0,0.0,0.0,0.0,0.0,62.0,0.0,0.0,62.0,0.0,0.0,0.0,0.0,0.0,0.0,0.0,0.0,1.0,0.0,6.0,1.0,45.0,6.0,0.0,45.0,0.0,0.0,0.0,0.0,0.0,0.0,10.0,0.0,10.0,0.0,"Dec 31, 2018"
794,1310252.0,5116.0,Sulaymaniyah,Sulaymaniya,Bazyan-Toy awlyaa,بازيان-توي اولياء,35.5629258,45.1581474,38.0,228.0,7.0,0.0,4.0,0.0,0.0,0.0,0.0,0.0,0.0,0.0,0.0,0.0,14.0,0.0,13.0,0.0,0.0,0.0,0.0,0.0,0.0,0.0,0.0,0.0,0.0,0.0,38.0,0.0,0.0,38.0,0.0,0.0,0.0,0.0,0.0,0.0,0.0,0.0,2.0,0.0,15.0,2.0,13.0,15.0,8.0,13.0,0.0,8.0,0.0,0.0,0.0,0.0,0.0,0.0,0.0,0.0,"Dec 31, 2018"
795,1310253.0,33414.0,Sulaymaniyah,Sulaymaniya,Aween City,اوين ستي,35.5235948,45.4251398,18.0,108.0,0.0,7.0,3.0,0.0,0.0,6.0,0.0,0.0,0.0,0.0,0.0,0.0,1.0,0.0,1.0,0.0,0.0,0.0,0.0,0.0,0.0,0.0,0.0,0.0,0.0,0.0,18.0,0.0,0.0,18.0,0.0,0.0,0.0,0.0,0.0,0.0,0.0,0.0,3.0,0.0,14.0,3.0,0.0,14.0,0.0,0.0,0.0,0.0,0.0,0.0,0.0,0.0,1.0,0.0,1.0,0.0,"Dec 31, 2018"
796,2101002.0,23647.0,Anbar,Al-Ka'im,Al Aubaidi Al Qadima,العبيدي القديمة ,34.4202033065,41.2014943574,17.0,102.0,17.0,0.0,0.0,0.0,0.0,0.0,0.0,0.0,0.0,0.0,0.0,0.0,0.0,0.0,0.0,0.0,0.0,0.0,0.0,17.0,0.0,0.0,0.0,0.0,0.0,0.0,0.0,0.0,0.0,0.0,0.0,0.0,0.0,0.0,0.0,0.0,0.0,0.0,0.0,0.0,0.0,0.0,0.0,0.0,0.0,0.0,0.0,0.0,0.0,0.0,0.0,0.0,17.0,0.0,17.0,0.0,"Dec 31, 2018"
797,2101006.0,90.0,Anbar,Al-Ka'im,Al Ubaydi-1,العبيدي-مرحلة أولى,34.4292142391,41.2263325251,19.0,114.0,19.0,0.0,0.0,0.0,0.0,0.0,0.0,0.0,0.0,0.0,0.0,0.0,0.0,0.0,0.0,0.0,0.0,0.0,0.0,19.0,0.0,0.0,0.0,0.0,0.0,0.0,0.0,0.0,0.0,0.0,0.0,0.0,0.0,0.0,0.0,0.0,0.0,0.0,0.0,0.0,0.0,0.0,0.0,0.0,0.0,0.0,0.0,0.0,0.0,0.0,0.0,0.0,19.0,0.0,19.0,0.0,"Dec 31, 2018"
798,2101029.0,66.0,Anbar,Al-Ka'im,Sadah,قرية سعده,34.3699557357,41.0928104073,69.0,414.0,69.0,0.0,0.0,0.0,0.0,0.0,0.0,0.0,0.0,0.0,0.0,0.0,0.0,0.0,0.0,0.0,0.0,0.0,0.0,69.0,0.0,0.0,0.0,0.0,0.0,0.0,0.0,0.0,0.0,0.0,0.0,0.0,0.0,0.0,0.0,0.0,0.0,0.0,0.0,0.0,0.0,0.0,0.0,0.0,0.0,0.0,0.0,0.0,0.0,0.0,0.0,0.0,69.0,0.0,69.0,0.0,"Dec 31, 2018"
799,2101032.0,33176.0,Anbar,Al-Ka'im,Al Masharea,المشاريع,34.411487,41.00671,142.0,852.0,142.0,0.0,0.0,0.0,0.0,0.0,0.0,0.0,0.0,0.0,0.0,0.0,0.0,0.0,0.0,0.0,0.0,0.0,0.0,142.0,0.0,0.0,0.0,0.0,0.0,0.0,0.0,0.0,0.0,0.0,0.0,0.0,0.0,0.0,0.0,0.0,0.0,0.0,0.0,0.0,0.0,0.0,0.0,0.0,0.0,0.0,0.0,0.0,0.0,0.0,0.0,0.0,142.0,0.0,142.0,0.0,"Dec 31, 2018"
800,2101033.0,33175.0,Anbar,Al-Ka'im,Tiwaan,تيوان,34.2259007012,41.3416843524,45.0,270.0,45.0,0.0,0.0,0.0,0.0,0.0,0.0,0.0,0.0,0.0,0.0,0.0,0.0,0.0,0.0,0.0,0.0,0.0,0.0,45.0,0.0,0.0,0.0,0.0,0.0,0.0,0.0,0.0,0.0,0.0,0.0,0.0,0.0,0.0,0.0,0.0,0.0,0.0,0.0,0.0,0.0,0.0,0.0,0.0,0.0,0.0,0.0,0.0,0.0,0.0,0.0,0.0,45.0,0.0,45.0,0.0,"Dec 31, 2018"
801,2102001.0,165.0,Anbar,Al-Rutba,Al Askaree,حي العسكري,33.0380018894,40.3026344367,14.0,84.0,14.0,0.0,0.0,0.0,0.0,0.0,0.0,0.0,0.0,0.0,0.0,0.0,0.0,0.0,0.0,0.0,0.0,0.0,0.0,0.0,0.0,0.0,0.0,0.0,0.0,0.0,14.0,0.0,0.0,14.0,0.0,0.0,0.0,0.0,0.0,0.0,0.0,0.0,0.0,0.0,0.0,0.0,0.0,0.0,0.0,0.0,0.0,0.0,0.0,0.0,0.0,0.0,14.0,0.0,14.0,0.0,"Dec 31, 2018"
802,2102002.0,150.0,Anbar,Al-Rutba,Al Haara,حي الحارة,33.0376159091,40.2842644299,4.0,24.0,4.0,0.0,0.0,0.0,0.0,0.0,0.0,0.0,0.0,0.0,0.0,0.0,0.0,0.0,0.0,0.0,0.0,0.0,0.0,0.0,0.0,0.0,0.0,0.0,0.0,0.0,4.0,0.0,0.0,4.0,0.0,0.0,0.0,0.0,0.0,0.0,0.0,0.0,0.0,0.0,0.0,0.0,0.0,0.0,0.0,0.0,0.0,0.0,0.0,0.0,0.0,0.0,4.0,0.0,4.0,0.0,"Dec 31, 2018"
803,2102006.0,231.0,Anbar,Al-Rutba,Al Wadi,حي الوادي,33.0396642122,40.2836526192,11.0,66.0,11.0,0.0,0.0,0.0,0.0,0.0,0.0,0.0,0.0,0.0,0.0,0.0,0.0,0.0,0.0,0.0,0.0,0.0,0.0,0.0,0.0,0.0,0.0,0.0,0.0,0.0,11.0,0.0,0.0,11.0,0.0,0.0,0.0,0.0,0.0,0.0,0.0,0.0,0.0,0.0,0.0,0.0,0.0,0.0,0.0,0.0,0.0,0.0,0.0,0.0,0.0,0.0,11.0,0.0,11.0,0.0,"Dec 31, 2018"
804,2102008.0,167.0,Anbar,Al-Rutba,Antesar,حي الانتصار,33.0312656362,40.2990147932,23.0,138.0,23.0,0.0,0.0,0.0,0.0,0.0,0.0,0.0,0.0,0.0,0.0,0.0,0.0,0.0,0.0,0.0,0.0,0.0,0.0,0.0,0.0,0.0,0.0,0.0,0.0,0.0,23.0,0.0,0.0,23.0,0.0,0.0,0.0,0.0,0.0,0.0,0.0,0.0,0.0,0.0,0.0,0.0,0.0,0.0,0.0,0.0,0.0,0.0,0.0,0.0,0.0,0.0,23.0,0.0,23.0,0.0,"Dec 31, 2018"
805,2102014.0,166.0,Anbar,Al-Rutba,Hay Al Meethagh,حي الميثاق,33.0319735383,40.2904721726,8.0,48.0,8.0,0.0,0.0,0.0,0.0,0.0,0.0,0.0,0.0,0.0,0.0,0.0,0.0,0.0,0.0,0.0,0.0,0.0,0.0,0.0,0.0,0.0,0.0,0.0,0.0,0.0,8.0,0.0,0.0,8.0,0.0,0.0,0.0,0.0,0.0,0.0,0.0,0.0,0.0,0.0,0.0,0.0,0.0,0.0,0.0,0.0,0.0,0.0,0.0,0.0,0.0,0.0,8.0,0.0,8.0,0.0,"Dec 31, 2018"
806,2102016.0,233.0,Anbar,Al-Rutba,Hay Al-Matar,حي المطار,33.0346108437,40.2866801333,8.0,48.0,8.0,0.0,0.0,0.0,0.0,0.0,0.0,0.0,0.0,0.0,0.0,0.0,0.0,0.0,0.0,0.0,0.0,0.0,0.0,0.0,0.0,0.0,0.0,0.0,0.0,0.0,8.0,0.0,0.0,8.0,0.0,0.0,0.0,0.0,0.0,0.0,0.0,0.0,0.0,0.0,0.0,0.0,0.0,0.0,0.0,0.0,0.0,0.0,0.0,0.0,0.0,0.0,8.0,0.0,8.0,0.0,"Dec 31, 2018"
807,2103003.0,252.0,Anbar,Ana,Al Tadamon,حي التضامن,34.3642801291,41.9840278652,10.0,60.0,10.0,0.0,0.0,0.0,0.0,0.0,0.0,0.0,0.0,0.0,0.0,0.0,0.0,0.0,0.0,0.0,0.0,0.0,0.0,0.0,0.0,0.0,0.0,0.0,0.0,0.0,10.0,0.0,0.0,10.0,0.0,0.0,0.0,0.0,0.0,0.0,0.0,0.0,0.0,0.0,0.0,0.0,0.0,0.0,0.0,0.0,0.0,0.0,0.0,0.0,0.0,0.0,10.0,0.0,10.0,0.0,"Dec 31, 2018"
808,2103005.0,250.0,Anbar,Ana,Hay Al Nasir,حي النصر,34.3677942229,41.9909444522,18.0,108.0,18.0,0.0,0.0,0.0,0.0,0.0,0.0,0.0,0.0,0.0,0.0,0.0,0.0,0.0,0.0,0.0,0.0,0.0,0.0,0.0,0.0,0.0,0.0,0.0,0.0,0.0,18.0,0.0,0.0,18.0,0.0,0.0,0.0,0.0,0.0,0.0,0.0,0.0,0.0,0.0,0.0,0.0,0.0,0.0,0.0,0.0,0.0,0.0,0.0,0.0,0.0,0.0,18.0,0.0,18.0,0.0,"Dec 31, 2018"
809,2103006.0,251.0,Anbar,Ana,Hay Al Qadissiyah,حي القادسية,34.3774908898,41.983222622,7.0,42.0,7.0,0.0,0.0,0.0,0.0,0.0,0.0,0.0,0.0,0.0,0.0,0.0,0.0,0.0,0.0,0.0,0.0,0.0,0.0,0.0,0.0,0.0,0.0,0.0,0.0,0.0,7.0,0.0,0.0,7.0,0.0,0.0,0.0,0.0,0.0,0.0,0.0,0.0,0.0,0.0,0.0,0.0,0.0,0.0,0.0,0.0,0.0,0.0,0.0,0.0,0.0,0.0,7.0,0.0,7.0,0.0,"Dec 31, 2018"
810,2103007.0,253.0,Anbar,Ana,Hay Al Salam,حي السلام,34.3715056091,41.9697885755,6.0,36.0,6.0,0.0,0.0,0.0,0.0,0.0,0.0,0.0,0.0,0.0,0.0,0.0,0.0,0.0,0.0,0.0,0.0,0.0,0.0,0.0,0.0,0.0,0.0,0.0,0.0,0.0,6.0,0.0,0.0,6.0,0.0,0.0,0.0,0.0,0.0,0.0,0.0,0.0,0.0,0.0,0.0,0.0,0.0,0.0,0.0,0.0,0.0,0.0,0.0,0.0,0.0,0.0,6.0,0.0,6.0,0.0,"Dec 31, 2018"
811,2103010.0,247.0,Anbar,Ana,Hay Al-Rayhana,حي الريحانه,34.3407346017,42.0268738209,32.0,192.0,32.0,0.0,0.0,0.0,0.0,0.0,0.0,0.0,0.0,0.0,0.0,0.0,0.0,0.0,0.0,0.0,0.0,0.0,0.0,0.0,0.0,0.0,0.0,0.0,0.0,0.0,32.0,0.0,0.0,32.0,0.0,0.0,0.0,0.0,0.0,0.0,0.0,0.0,0.0,0.0,0.0,0.0,0.0,0.0,0.0,0.0,0.0,0.0,0.0,0.0,0.0,0.0,32.0,0.0,32.0,0.0,"Dec 31, 2018"
812,2105002.0,107.0,Anbar,Falluja,Al Amiriyah,العامرية ,33.1787572967,43.8569891848,6.0,36.0,6.0,0.0,0.0,0.0,0.0,0.0,0.0,0.0,0.0,0.0,0.0,0.0,0.0,0.0,0.0,0.0,0.0,0.0,0.0,6.0,0.0,0.0,0.0,0.0,0.0,0.0,0.0,0.0,0.0,0.0,0.0,0.0,0.0,0.0,0.0,0.0,0.0,0.0,0.0,0.0,0.0,0.0,0.0,0.0,0.0,0.0,6.0,0.0,0.0,6.0,0.0,0.0,0.0,0.0,0.0,0.0,"Dec 31, 2018"
813,2105008.0,23276.0,Anbar,Falluja,HTC,مخيم المدينة السياحية الحبانية,33.2533049168,43.57222,1951.0,11706.0,1951.0,0.0,0.0,0.0,0.0,0.0,0.0,0.0,0.0,0.0,0.0,0.0,0.0,0.0,0.0,0.0,0.0,0.0,1951.0,0.0,0.0,0.0,0.0,0.0,0.0,0.0,0.0,0.0,0.0,0.0,0.0,0.0,0.0,0.0,0.0,0.0,0.0,0.0,0.0,0.0,0.0,0.0,0.0,0.0,0.0,0.0,0.0,0.0,600.0,0.0,0.0,600.0,1351.0,0.0,1351.0,0.0,"Dec 31, 2018"
814,2105018.0,26036.0,Anbar,Falluja,Al-Amirya-Albu Jasim,البوجاسم,33.1985825065,43.8996434179,51.0,306.0,11.0,40.0,0.0,0.0,0.0,0.0,0.0,0.0,0.0,0.0,0.0,0.0,0.0,0.0,0.0,0.0,0.0,0.0,0.0,0.0,0.0,51.0,0.0,0.0,51.0,0.0,0.0,0.0,0.0,0.0,0.0,0.0,0.0,0.0,0.0,0.0,0.0,0.0,0.0,0.0,0.0,0.0,0.0,0.0,0.0,0.0,51.0,0.0,0.0,51.0,0.0,0.0,0.0,0.0,0.0,0.0,"Dec 31, 2018"
815,2105019.0,26037.0,Anbar,Falluja,Al-Amirya-Albu Jwad,البوجواد,33.1511765727,43.9896786761,178.0,1068.0,21.0,157.0,0.0,0.0,0.0,0.0,0.0,0.0,0.0,0.0,0.0,0.0,0.0,0.0,0.0,0.0,0.0,0.0,0.0,0.0,0.0,178.0,0.0,0.0,178.0,0.0,0.0,0.0,0.0,0.0,0.0,0.0,0.0,0.0,0.0,0.0,0.0,0.0,0.0,0.0,0.0,0.0,0.0,0.0,0.0,0.0,101.0,0.0,77.0,101.0,0.0,77.0,0.0,0.0,0.0,0.0,"Dec 31, 2018"
816,2105031.0,21226.0,Anbar,Falluja,Albu Hori,البوحوري,33.1584538531,43.8916233995,84.0,504.0,40.0,44.0,0.0,0.0,0.0,0.0,0.0,0.0,0.0,0.0,0.0,0.0,0.0,0.0,0.0,0.0,0.0,0.0,0.0,40.0,0.0,44.0,0.0,0.0,44.0,0.0,0.0,0.0,0.0,0.0,0.0,0.0,0.0,0.0,0.0,0.0,0.0,0.0,0.0,0.0,0.0,0.0,0.0,0.0,0.0,0.0,84.0,0.0,0.0,84.0,0.0,0.0,0.0,0.0,0.0,0.0,"Dec 31, 2018"
817,2105069.0,26084.0,Anbar,Falluja,Al-Amirya-Al Betra,البترا,33.1146127261,44.0512240935,100.0,600.0,25.0,75.0,0.0,0.0,0.0,0.0,0.0,0.0,0.0,0.0,0.0,0.0,0.0,0.0,0.0,0.0,0.0,0.0,0.0,0.0,0.0,100.0,0.0,0.0,100.0,0.0,0.0,0.0,0.0,0.0,0.0,0.0,0.0,0.0,0.0,0.0,0.0,0.0,0.0,0.0,0.0,0.0,0.0,0.0,0.0,0.0,100.0,0.0,0.0,100.0,0.0,0.0,0.0,0.0,0.0,0.0,"Dec 31, 2018"
818,2105070.0,26091.0,Anbar,Falluja,Al-Amirya-Al Hmedin,الحميدين,33.1581146404,43.9361774829,146.0,876.0,17.0,129.0,0.0,0.0,0.0,0.0,0.0,0.0,0.0,0.0,0.0,0.0,0.0,0.0,0.0,0.0,0.0,0.0,0.0,17.0,0.0,129.0,0.0,0.0,129.0,0.0,0.0,0.0,0.0,0.0,0.0,0.0,0.0,0.0,0.0,0.0,0.0,0.0,0.0,0.0,0.0,0.0,0.0,0.0,129.0,0.0,17.0,129.0,0.0,17.0,0.0,0.0,0.0,0.0,0.0,0.0,"Dec 31, 2018"
819,2105071.0,26092.0,Anbar,Falluja,Al-Amirya-Al Mouilha,المويلحة,33.1369872639,43.987355772,290.0,1740.0,50.0,240.0,0.0,0.0,0.0,0.0,0.0,0.0,0.0,0.0,0.0,0.0,0.0,0.0,0.0,0.0,0.0,0.0,0.0,0.0,0.0,290.0,0.0,0.0,290.0,0.0,0.0,0.0,0.0,0.0,0.0,0.0,0.0,0.0,0.0,0.0,0.0,0.0,85.0,0.0,0.0,85.0,0.0,0.0,40.0,0.0,165.0,40.0,0.0,165.0,0.0,0.0,0.0,0.0,0.0,0.0,"Dec 31, 2018"
820,2105073.0,26085.0,Anbar,Falluja,Al-Amirya-Albu Jaber,البوجابر,33.1211464337,44.042301993,99.0,594.0,9.0,90.0,0.0,0.0,0.0,0.0,0.0,0.0,0.0,0.0,0.0,0.0,0.0,0.0,0.0,0.0,0.0,0.0,0.0,0.0,0.0,99.0,0.0,0.0,99.0,0.0,0.0,0.0,0.0,0.0,0.0,0.0,0.0,0.0,0.0,0.0,0.0,0.0,0.0,0.0,0.0,0.0,0.0,0.0,0.0,0.0,99.0,0.0,0.0,99.0,0.0,0.0,0.0,0.0,0.0,0.0,"Dec 31, 2018"
821,2105074.0,26090.0,Anbar,Falluja,Al-Amirya-Albu Mrir,البومرير,33.1998835432,43.9245735659,102.0,612.0,102.0,0.0,0.0,0.0,0.0,0.0,0.0,0.0,0.0,0.0,0.0,0.0,0.0,0.0,0.0,0.0,0.0,0.0,0.0,102.0,0.0,0.0,0.0,0.0,0.0,0.0,0.0,0.0,0.0,0.0,0.0,0.0,0.0,0.0,0.0,0.0,0.0,0.0,0.0,0.0,0.0,0.0,0.0,0.0,0.0,0.0,102.0,0.0,0.0,102.0,0.0,0.0,0.0,0.0,0.0,0.0,"Dec 31, 2018"
822,2105075.0,26088.0,Anbar,Falluja,Ahl Al-Ramadi 74,اهل الرمادي 74,33.1430931291,44.0211681638,126.0,756.0,9.0,117.0,0.0,0.0,0.0,0.0,0.0,0.0,0.0,0.0,0.0,0.0,0.0,0.0,0.0,0.0,0.0,0.0,0.0,0.0,0.0,126.0,0.0,0.0,126.0,0.0,0.0,0.0,0.0,0.0,0.0,0.0,0.0,0.0,0.0,0.0,0.0,0.0,0.0,0.0,0.0,0.0,0.0,0.0,117.0,0.0,9.0,117.0,0.0,9.0,0.0,0.0,0.0,0.0,0.0,0.0,"Dec 31, 2018"
823,2105076.0,26087.0,Anbar,Falluja,Al-Amirya-Albu Salman,البوسليمان,33.1564526269,44.001878736,215.0,1290.0,24.0,191.0,0.0,0.0,0.0,0.0,0.0,0.0,0.0,0.0,0.0,0.0,0.0,0.0,0.0,0.0,0.0,0.0,0.0,24.0,0.0,191.0,0.0,0.0,191.0,0.0,0.0,0.0,0.0,0.0,0.0,0.0,0.0,0.0,0.0,0.0,0.0,0.0,0.0,0.0,0.0,0.0,0.0,0.0,61.0,0.0,154.0,61.0,0.0,154.0,0.0,0.0,0.0,0.0,0.0,0.0,"Dec 31, 2018"
824,2105077.0,26093.0,Anbar,Falluja,Al-Amirya-Tal Ghatas,تل غطاس,33.1809296607,43.9216872604,70.0,420.0,70.0,0.0,0.0,0.0,0.0,0.0,0.0,0.0,0.0,0.0,0.0,0.0,0.0,0.0,0.0,0.0,0.0,0.0,0.0,70.0,0.0,0.0,0.0,0.0,0.0,0.0,0.0,0.0,0.0,0.0,0.0,0.0,0.0,0.0,0.0,0.0,0.0,0.0,0.0,0.0,0.0,0.0,0.0,0.0,0.0,0.0,0.0,0.0,70.0,0.0,0.0,70.0,0.0,0.0,0.0,0.0,"Dec 31, 2018"
825,2105078.0,26089.0,Anbar,Falluja,Albu Dhaher-Albu Dhaher,البوظاهر,33.1886308442,43.9068991549,79.0,474.0,79.0,0.0,0.0,0.0,0.0,0.0,0.0,0.0,0.0,0.0,0.0,0.0,0.0,0.0,0.0,0.0,0.0,0.0,0.0,79.0,0.0,0.0,0.0,0.0,0.0,0.0,0.0,0.0,0.0,0.0,0.0,0.0,0.0,0.0,0.0,0.0,0.0,0.0,0.0,0.0,0.0,0.0,0.0,0.0,0.0,0.0,79.0,0.0,0.0,79.0,0.0,0.0,0.0,0.0,0.0,0.0,"Dec 31, 2018"
826,2105080.0,20898.0,Anbar,Falluja,Bezabize Central Camp,مخيم بزيبز المركزي,33.1355251365,44.00491,831.0,4986.0,754.0,77.0,0.0,0.0,0.0,0.0,0.0,0.0,0.0,0.0,0.0,0.0,0.0,0.0,0.0,0.0,0.0,0.0,831.0,0.0,0.0,0.0,0.0,0.0,0.0,0.0,0.0,0.0,0.0,0.0,0.0,0.0,0.0,0.0,0.0,0.0,0.0,0.0,0.0,0.0,0.0,0.0,0.0,0.0,0.0,0.0,77.0,0.0,32.0,77.0,292.0,32.0,430.0,292.0,430.0,0.0,"Dec 31, 2018"
827,2105082.0,27246.0,Anbar,Falluja,AAF,مخيم عامرية الفلوجة,33.1453082808,43.84435,3572.0,21432.0,3460.0,40.0,0.0,0.0,0.0,0.0,0.0,0.0,0.0,0.0,0.0,0.0,72.0,0.0,0.0,0.0,0.0,0.0,3572.0,0.0,0.0,0.0,0.0,0.0,0.0,0.0,0.0,0.0,0.0,0.0,0.0,0.0,0.0,0.0,0.0,0.0,0.0,0.0,0.0,0.0,0.0,0.0,0.0,0.0,0.0,0.0,340.0,0.0,1776.0,340.0,650.0,1776.0,806.0,650.0,806.0,0.0,"Dec 31, 2018"
828,2105088.0,31877.0,Anbar,Falluja,Al-Ekhaa Compaund,مجمع الاخاء السكني,33.1640239928,43.8637221794,31.0,186.0,31.0,0.0,0.0,0.0,0.0,0.0,0.0,0.0,0.0,0.0,0.0,0.0,0.0,0.0,0.0,0.0,0.0,0.0,0.0,0.0,0.0,31.0,0.0,0.0,31.0,0.0,0.0,0.0,0.0,0.0,0.0,0.0,0.0,0.0,0.0,0.0,0.0,0.0,0.0,0.0,0.0,0.0,0.0,0.0,0.0,0.0,31.0,0.0,0.0,31.0,0.0,0.0,0.0,0.0,0.0,0.0,"Dec 31, 2018"
829,2106001.0,24112.0,Anbar,Haditha,Al Furat Complex,مجمع الفرات,34.0962229383,42.3644809814,15.0,90.0,15.0,0.0,0.0,0.0,0.0,0.0,0.0,0.0,0.0,0.0,0.0,0.0,0.0,0.0,0.0,0.0,0.0,0.0,0.0,0.0,0.0,0.0,0.0,0.0,0.0,0.0,15.0,0.0,0.0,15.0,0.0,0.0,0.0,0.0,0.0,0.0,0.0,0.0,15.0,0.0,0.0,15.0,0.0,0.0,0.0,0.0,0.0,0.0,0.0,0.0,0.0,0.0,0.0,0.0,0.0,0.0,"Dec 31, 2018"
830,2106011.0,245.0,Anbar,Haditha,Bani Dahir,حي بني داهر,34.106733019,42.3791322213,23.0,138.0,23.0,0.0,0.0,0.0,0.0,0.0,0.0,0.0,0.0,0.0,0.0,0.0,0.0,0.0,0.0,0.0,0.0,0.0,0.0,23.0,0.0,0.0,0.0,0.0,0.0,0.0,0.0,0.0,0.0,0.0,0.0,0.0,0.0,0.0,0.0,0.0,0.0,0.0,23.0,0.0,0.0,23.0,0.0,0.0,0.0,0.0,0.0,0.0,0.0,0.0,0.0,0.0,0.0,0.0,0.0,0.0,"Dec 31, 2018"
831,2106013.0,24117.0,Anbar,Haditha,Haqlaniyah-Hay Al-Faroq,حي الفاروق-حقلانية,34.0834106939,42.3519698245,24.0,144.0,24.0,0.0,0.0,0.0,0.0,0.0,0.0,0.0,0.0,0.0,0.0,0.0,0.0,0.0,0.0,0.0,0.0,0.0,0.0,7.0,0.0,0.0,0.0,0.0,0.0,0.0,17.0,0.0,0.0,17.0,0.0,0.0,0.0,0.0,0.0,0.0,0.0,0.0,24.0,0.0,0.0,24.0,0.0,0.0,0.0,0.0,0.0,0.0,0.0,0.0,0.0,0.0,0.0,0.0,0.0,0.0,"Dec 31, 2018"
832,2106017.0,23819.0,Anbar,Haditha,Hay Al Haqlaniyah Qadim,حي حقلانية القديمة,34.0877340757,42.3658490513,28.0,168.0,28.0,0.0,0.0,0.0,0.0,0.0,0.0,0.0,0.0,0.0,0.0,0.0,0.0,0.0,0.0,0.0,0.0,0.0,0.0,18.0,0.0,0.0,0.0,0.0,0.0,0.0,10.0,0.0,0.0,10.0,0.0,0.0,0.0,0.0,0.0,0.0,0.0,0.0,10.0,0.0,0.0,10.0,0.0,0.0,0.0,0.0,0.0,0.0,0.0,0.0,0.0,0.0,18.0,0.0,18.0,0.0,"Dec 31, 2018"
833,2106022.0,24316.0,Anbar,Haditha,Hay Al Salam,حي السلام,34.0892871524,42.3574758554,14.0,84.0,14.0,0.0,0.0,0.0,0.0,0.0,0.0,0.0,0.0,0.0,0.0,0.0,0.0,0.0,0.0,0.0,0.0,0.0,0.0,14.0,0.0,0.0,0.0,0.0,0.0,0.0,0.0,0.0,0.0,0.0,0.0,0.0,0.0,0.0,0.0,0.0,0.0,0.0,0.0,0.0,0.0,0.0,0.0,0.0,0.0,0.0,0.0,0.0,0.0,0.0,0.0,0.0,14.0,0.0,14.0,0.0,"Dec 31, 2018"
834,2106023.0,236.0,Anbar,Haditha,Hay Al Saray,حي السراي,34.1390551393,42.380526554,52.0,312.0,52.0,0.0,0.0,0.0,0.0,0.0,0.0,0.0,0.0,0.0,0.0,0.0,0.0,0.0,0.0,0.0,0.0,0.0,0.0,0.0,0.0,0.0,0.0,0.0,0.0,0.0,52.0,0.0,0.0,52.0,0.0,0.0,0.0,0.0,0.0,0.0,0.0,0.0,52.0,0.0,0.0,52.0,0.0,0.0,0.0,0.0,0.0,0.0,0.0,0.0,0.0,0.0,0.0,0.0,0.0,0.0,"Dec 31, 2018"
835,2106026.0,241.0,Anbar,Haditha,Hay Al Shurta,حي الشرطة,34.1026508933,42.3712182047,24.0,144.0,24.0,0.0,0.0,0.0,0.0,0.0,0.0,0.0,0.0,0.0,0.0,0.0,0.0,0.0,0.0,0.0,0.0,0.0,0.0,0.0,0.0,0.0,0.0,0.0,0.0,0.0,24.0,0.0,0.0,24.0,0.0,0.0,0.0,0.0,0.0,0.0,0.0,0.0,24.0,0.0,0.0,24.0,0.0,0.0,0.0,0.0,0.0,0.0,0.0,0.0,0.0,0.0,0.0,0.0,0.0,0.0,"Dec 31, 2018"
836,2106028.0,244.0,Anbar,Haditha,Hay Al Yarmuk,حي اليرموك,34.141936709,42.3702727969,95.0,570.0,95.0,0.0,0.0,0.0,0.0,0.0,0.0,0.0,0.0,0.0,0.0,0.0,0.0,0.0,0.0,0.0,0.0,0.0,0.0,68.0,0.0,0.0,0.0,0.0,0.0,0.0,27.0,0.0,0.0,27.0,0.0,0.0,0.0,0.0,0.0,0.0,0.0,0.0,95.0,0.0,0.0,95.0,0.0,0.0,0.0,0.0,0.0,0.0,0.0,0.0,0.0,0.0,0.0,0.0,0.0,0.0,"Dec 31, 2018"
837,2106033.0,23892.0,Anbar,Haditha,Hay al-malab,حي الملعب,34.1323048875,42.370732,2.0,12.0,2.0,0.0,0.0,0.0,0.0,0.0,0.0,0.0,0.0,0.0,0.0,0.0,0.0,0.0,0.0,0.0,0.0,0.0,0.0,2.0,0.0,0.0,0.0,0.0,0.0,0.0,0.0,0.0,0.0,0.0,0.0,0.0,0.0,0.0,0.0,0.0,0.0,0.0,2.0,0.0,0.0,2.0,0.0,0.0,0.0,0.0,0.0,0.0,0.0,0.0,0.0,0.0,0.0,0.0,0.0,0.0,"Dec 31, 2018"
838,2106034.0,23806.0,Anbar,Haditha,Hay Al-Mulameen,حي المعلمين,34.1348824618,42.3682633491,26.0,156.0,26.0,0.0,0.0,0.0,0.0,0.0,0.0,0.0,0.0,0.0,0.0,0.0,0.0,0.0,0.0,0.0,0.0,0.0,0.0,12.0,0.0,0.0,0.0,0.0,0.0,0.0,14.0,0.0,0.0,14.0,0.0,0.0,0.0,0.0,0.0,0.0,0.0,0.0,26.0,0.0,0.0,26.0,0.0,0.0,0.0,0.0,0.0,0.0,0.0,0.0,0.0,0.0,0.0,0.0,0.0,0.0,"Dec 31, 2018"
839,2106038.0,79.0,Anbar,Haditha,Hay Al-Subhani,حي السبحاني,34.112913705,42.3826713747,28.0,168.0,28.0,0.0,0.0,0.0,0.0,0.0,0.0,0.0,0.0,0.0,0.0,0.0,0.0,0.0,0.0,0.0,0.0,0.0,0.0,20.0,0.0,0.0,0.0,0.0,0.0,0.0,8.0,0.0,0.0,8.0,0.0,0.0,0.0,0.0,0.0,0.0,0.0,0.0,8.0,0.0,0.0,8.0,0.0,0.0,0.0,0.0,0.0,0.0,0.0,0.0,0.0,0.0,20.0,0.0,20.0,0.0,"Dec 31, 2018"
840,2106039.0,23808.0,Anbar,Haditha,Hay Al-Thamaniya,حي الثمانية,34.1508350741,42.3793673738,28.0,168.0,28.0,0.0,0.0,0.0,0.0,0.0,0.0,0.0,0.0,0.0,0.0,0.0,0.0,0.0,0.0,0.0,0.0,0.0,0.0,28.0,0.0,0.0,0.0,0.0,0.0,0.0,0.0,0.0,0.0,0.0,0.0,0.0,0.0,0.0,0.0,0.0,0.0,0.0,10.0,0.0,0.0,10.0,0.0,0.0,0.0,0.0,0.0,0.0,0.0,0.0,0.0,0.0,18.0,0.0,18.0,0.0,"Dec 31, 2018"
841,2107013.0,152.0,Anbar,Heet,Al Muhamdee,المحمدي ,33.5595164852,42.9014847757,28.0,168.0,28.0,0.0,0.0,0.0,0.0,0.0,0.0,0.0,0.0,0.0,0.0,0.0,0.0,0.0,0.0,0.0,0.0,0.0,0.0,28.0,0.0,0.0,0.0,0.0,0.0,0.0,0.0,0.0,0.0,0.0,0.0,0.0,0.0,0.0,0.0,0.0,0.0,0.0,28.0,0.0,0.0,28.0,0.0,0.0,0.0,0.0,0.0,0.0,0.0,0.0,0.0,0.0,0.0,0.0,0.0,0.0,"Dec 31, 2018"
842,2107026.0,23826.0,Anbar,Heet,Al-Khaldiyah,الخالدية ,33.706663,42.727072,58.0,348.0,58.0,0.0,0.0,0.0,0.0,0.0,0.0,0.0,0.0,0.0,0.0,0.0,0.0,0.0,0.0,0.0,0.0,0.0,0.0,58.0,0.0,0.0,0.0,0.0,0.0,0.0,0.0,0.0,0.0,0.0,0.0,0.0,0.0,0.0,0.0,0.0,0.0,0.0,0.0,0.0,0.0,0.0,0.0,0.0,0.0,0.0,0.0,0.0,0.0,0.0,0.0,0.0,58.0,0.0,58.0,0.0,"Dec 31, 2018"
843,2107027.0,23832.0,Anbar,Heet,Al-Mamora,المعمورة,33.6288971366,42.7969442439,17.0,102.0,17.0,0.0,0.0,0.0,0.0,0.0,0.0,0.0,0.0,0.0,0.0,0.0,0.0,0.0,0.0,0.0,0.0,0.0,0.0,17.0,0.0,0.0,0.0,0.0,0.0,0.0,0.0,0.0,0.0,0.0,0.0,0.0,0.0,0.0,0.0,0.0,0.0,0.0,17.0,0.0,0.0,17.0,0.0,0.0,0.0,0.0,0.0,0.0,0.0,0.0,0.0,0.0,0.0,0.0,0.0,0.0,"Dec 31, 2018"
844,2107030.0,21323.0,Anbar,Heet,Al-Mujama Al-Sakani,الحي السكني,33.9211734022,42.5245490745,15.0,90.0,15.0,0.0,0.0,0.0,0.0,0.0,0.0,0.0,0.0,0.0,0.0,0.0,0.0,0.0,0.0,0.0,0.0,0.0,0.0,10.0,0.0,0.0,0.0,0.0,0.0,0.0,5.0,0.0,0.0,5.0,0.0,0.0,0.0,0.0,0.0,0.0,0.0,0.0,15.0,0.0,0.0,15.0,0.0,0.0,0.0,0.0,0.0,0.0,0.0,0.0,0.0,0.0,0.0,0.0,0.0,0.0,"Dec 31, 2018"
845,2107031.0,23827.0,Anbar,Heet,Al-Qalqalah,القلقة ,33.6428989134,42.8265522646,83.0,498.0,83.0,0.0,0.0,0.0,0.0,0.0,0.0,0.0,0.0,0.0,0.0,0.0,0.0,0.0,0.0,0.0,0.0,0.0,0.0,48.0,0.0,0.0,0.0,0.0,0.0,0.0,35.0,0.0,0.0,35.0,0.0,0.0,0.0,0.0,0.0,0.0,0.0,0.0,35.0,0.0,0.0,35.0,0.0,0.0,0.0,0.0,0.0,0.0,0.0,0.0,0.0,0.0,48.0,0.0,48.0,0.0,"Dec 31, 2018"
846,2107036.0,312.0,Anbar,Heet,Al-Ummal,العمال ,33.6341557212,42.8268458985,14.0,84.0,14.0,0.0,0.0,0.0,0.0,0.0,0.0,0.0,0.0,0.0,0.0,0.0,0.0,0.0,0.0,0.0,0.0,0.0,0.0,14.0,0.0,0.0,0.0,0.0,0.0,0.0,0.0,0.0,0.0,0.0,0.0,0.0,0.0,0.0,0.0,0.0,0.0,0.0,9.0,0.0,0.0,9.0,0.0,0.0,5.0,0.0,0.0,5.0,0.0,0.0,0.0,0.0,0.0,0.0,0.0,0.0,"Dec 31, 2018"
847,2107045.0,228.0,Anbar,Heet,Hay al Jury,الجري,33.6372107136,42.8216265134,19.0,114.0,19.0,0.0,0.0,0.0,0.0,0.0,0.0,0.0,0.0,0.0,0.0,0.0,0.0,0.0,0.0,0.0,0.0,0.0,0.0,19.0,0.0,0.0,0.0,0.0,0.0,0.0,0.0,0.0,0.0,0.0,0.0,0.0,0.0,0.0,0.0,0.0,0.0,0.0,0.0,0.0,0.0,0.0,0.0,0.0,0.0,0.0,0.0,0.0,0.0,0.0,0.0,0.0,19.0,0.0,19.0,0.0,"Dec 31, 2018"
848,2107051.0,218.0,Anbar,Heet,Hay Al-Etfaa,حي الاطفاء,33.6323133738,42.8326689189,31.0,186.0,31.0,0.0,0.0,0.0,0.0,0.0,0.0,0.0,0.0,0.0,0.0,0.0,0.0,0.0,0.0,0.0,0.0,0.0,0.0,31.0,0.0,0.0,0.0,0.0,0.0,0.0,0.0,0.0,0.0,0.0,0.0,0.0,0.0,0.0,0.0,0.0,0.0,0.0,31.0,0.0,0.0,31.0,0.0,0.0,0.0,0.0,0.0,0.0,0.0,0.0,0.0,0.0,0.0,0.0,0.0,0.0,"Dec 31, 2018"
849,2107053.0,219.0,Anbar,Heet,Hay Al-Jabal,الجبل ,33.6389288487,42.8185354262,17.0,102.0,17.0,0.0,0.0,0.0,0.0,0.0,0.0,0.0,0.0,0.0,0.0,0.0,0.0,0.0,0.0,0.0,0.0,0.0,0.0,17.0,0.0,0.0,0.0,0.0,0.0,0.0,0.0,0.0,0.0,0.0,0.0,0.0,0.0,0.0,0.0,0.0,0.0,0.0,0.0,0.0,0.0,0.0,0.0,0.0,0.0,0.0,0.0,0.0,0.0,0.0,0.0,0.0,17.0,0.0,17.0,0.0,"Dec 31, 2018"
850,2107056.0,21231.0,Anbar,Heet,Hay Al-Qadisiyah,القادسية,33.6364009536,42.8361484132,8.0,48.0,8.0,0.0,0.0,0.0,0.0,0.0,0.0,0.0,0.0,0.0,0.0,0.0,0.0,0.0,0.0,0.0,0.0,0.0,0.0,0.0,0.0,0.0,0.0,0.0,0.0,0.0,8.0,0.0,0.0,8.0,0.0,0.0,0.0,0.0,0.0,0.0,0.0,0.0,0.0,0.0,0.0,0.0,0.0,0.0,0.0,0.0,8.0,0.0,0.0,8.0,0.0,0.0,0.0,0.0,0.0,0.0,"Dec 31, 2018"
851,2107061.0,226.0,Anbar,Heet,Hay Al-Zuhoor,حي الزهور,33.5864456166,42.6160820836,5.0,30.0,5.0,0.0,0.0,0.0,0.0,0.0,0.0,0.0,0.0,0.0,0.0,0.0,0.0,0.0,0.0,0.0,0.0,0.0,0.0,5.0,0.0,0.0,0.0,0.0,0.0,0.0,0.0,0.0,0.0,0.0,0.0,0.0,0.0,0.0,0.0,0.0,0.0,0.0,0.0,0.0,0.0,0.0,0.0,0.0,5.0,0.0,0.0,5.0,0.0,0.0,0.0,0.0,0.0,0.0,0.0,0.0,"Dec 31, 2018"
852,2107067.0,191.0,Anbar,Heet,Mualmeen,المعلمين,33.6447944332,42.8151881446,114.0,684.0,114.0,0.0,0.0,0.0,0.0,0.0,0.0,0.0,0.0,0.0,0.0,0.0,0.0,0.0,0.0,0.0,0.0,0.0,0.0,114.0,0.0,0.0,0.0,0.0,0.0,0.0,0.0,0.0,0.0,0.0,0.0,0.0,0.0,0.0,0.0,0.0,0.0,0.0,40.0,0.0,0.0,40.0,0.0,0.0,7.0,0.0,0.0,7.0,0.0,0.0,0.0,0.0,67.0,0.0,67.0,0.0,"Dec 31, 2018"
853,2107075.0,194.0,Anbar,Heet,The first jamaiya,الجمعية الاولى,33.6316472139,42.8405051891,51.0,306.0,51.0,0.0,0.0,0.0,0.0,0.0,0.0,0.0,0.0,0.0,0.0,0.0,0.0,0.0,0.0,0.0,0.0,0.0,0.0,51.0,0.0,0.0,0.0,0.0,0.0,0.0,0.0,0.0,0.0,0.0,0.0,0.0,0.0,0.0,0.0,0.0,0.0,0.0,0.0,0.0,0.0,0.0,0.0,0.0,0.0,0.0,0.0,0.0,0.0,0.0,0.0,0.0,51.0,0.0,51.0,0.0,"Dec 31, 2018"
854,2108001.0,308.0,Anbar,Ramadi,5 Kilo,الخمسة كيلو,33.421150003,43.2455026445,129.0,774.0,129.0,0.0,0.0,0.0,0.0,0.0,0.0,0.0,0.0,0.0,0.0,0.0,0.0,0.0,0.0,0.0,0.0,0.0,0.0,129.0,0.0,0.0,0.0,0.0,0.0,0.0,0.0,0.0,0.0,0.0,0.0,0.0,0.0,0.0,0.0,0.0,0.0,0.0,0.0,0.0,0.0,0.0,0.0,0.0,0.0,0.0,0.0,0.0,0.0,0.0,0.0,0.0,129.0,0.0,129.0,0.0,"Dec 31, 2018"
855,2108005.0,23889.0,Anbar,Ramadi,7 Killo-al-mojamaa al-sakany,السبعة كيلو-المجمع السكني,33.414131972,43.1913870777,58.0,348.0,58.0,0.0,0.0,0.0,0.0,0.0,0.0,0.0,0.0,0.0,0.0,0.0,0.0,0.0,0.0,0.0,0.0,0.0,0.0,58.0,0.0,0.0,0.0,0.0,0.0,0.0,0.0,0.0,0.0,0.0,0.0,0.0,0.0,0.0,0.0,0.0,0.0,0.0,0.0,0.0,0.0,0.0,0.0,0.0,0.0,0.0,0.0,0.0,0.0,0.0,0.0,0.0,58.0,0.0,58.0,0.0,"Dec 31, 2018"
856,2108006.0,23858.0,Anbar,Ramadi,Abu Fless,ابو فليس,33.3927054091,43.532474765,67.0,402.0,38.0,19.0,10.0,0.0,0.0,0.0,0.0,0.0,0.0,0.0,0.0,0.0,0.0,0.0,0.0,0.0,0.0,0.0,0.0,67.0,0.0,0.0,0.0,0.0,0.0,0.0,0.0,0.0,0.0,0.0,0.0,0.0,0.0,0.0,0.0,0.0,0.0,0.0,0.0,0.0,0.0,0.0,0.0,0.0,67.0,0.0,0.0,67.0,0.0,0.0,0.0,0.0,0.0,0.0,0.0,0.0,"Dec 31, 2018"
857,2108007.0,24730.0,Anbar,Ramadi,Al Khulafaa,الخلفاء,33.3921648796,43.5122062546,36.0,216.0,36.0,0.0,0.0,0.0,0.0,0.0,0.0,0.0,0.0,0.0,0.0,0.0,0.0,0.0,0.0,0.0,0.0,0.0,0.0,36.0,0.0,0.0,0.0,0.0,0.0,0.0,0.0,0.0,0.0,0.0,0.0,0.0,0.0,0.0,0.0,0.0,0.0,0.0,0.0,0.0,0.0,0.0,0.0,0.0,36.0,0.0,0.0,36.0,0.0,0.0,0.0,0.0,0.0,0.0,0.0,0.0,"Dec 31, 2018"
858,2108011.0,115.0,Anbar,Ramadi,Al Sofeya,الصوفية,33.4403106644,43.3219612147,225.0,1350.0,225.0,0.0,0.0,0.0,0.0,0.0,0.0,0.0,0.0,0.0,0.0,0.0,0.0,0.0,0.0,0.0,0.0,0.0,0.0,225.0,0.0,0.0,0.0,0.0,0.0,0.0,0.0,0.0,0.0,0.0,0.0,0.0,0.0,0.0,0.0,0.0,0.0,0.0,0.0,0.0,0.0,0.0,0.0,0.0,0.0,0.0,0.0,0.0,0.0,0.0,0.0,0.0,225.0,0.0,225.0,0.0,"Dec 31, 2018"
859,2108013.0,24729.0,Anbar,Ramadi,Al Urobah,العروبة,33.3868943977,43.5150302663,17.0,102.0,17.0,0.0,0.0,0.0,0.0,0.0,0.0,0.0,0.0,0.0,0.0,0.0,0.0,0.0,0.0,0.0,0.0,0.0,0.0,17.0,0.0,0.0,0.0,0.0,0.0,0.0,0.0,0.0,0.0,0.0,0.0,0.0,0.0,0.0,0.0,0.0,0.0,0.0,0.0,0.0,0.0,0.0,0.0,0.0,0.0,0.0,17.0,0.0,0.0,17.0,0.0,0.0,0.0,0.0,0.0,0.0,"Dec 31, 2018"
860,2108017.0,21227.0,Anbar,Ramadi,Al-Jeraishi,الجرايشي,33.4549516035,43.2689756356,75.0,450.0,75.0,0.0,0.0,0.0,0.0,0.0,0.0,0.0,0.0,0.0,0.0,0.0,0.0,0.0,0.0,0.0,0.0,0.0,0.0,75.0,0.0,0.0,0.0,0.0,0.0,0.0,0.0,0.0,0.0,0.0,0.0,0.0,0.0,0.0,0.0,0.0,0.0,0.0,0.0,0.0,0.0,0.0,0.0,0.0,0.0,0.0,0.0,0.0,0.0,0.0,0.0,0.0,75.0,0.0,75.0,0.0,"Dec 31, 2018"
861,2108023.0,23853.0,Anbar,Ramadi,Hay Al-Madani,الحي المدني ,33.3781144027,43.5952427621,14.0,84.0,14.0,0.0,0.0,0.0,0.0,0.0,0.0,0.0,0.0,0.0,0.0,0.0,0.0,0.0,0.0,0.0,0.0,0.0,0.0,0.0,0.0,0.0,0.0,0.0,0.0,0.0,14.0,0.0,0.0,14.0,0.0,0.0,0.0,0.0,0.0,0.0,0.0,0.0,14.0,0.0,0.0,14.0,0.0,0.0,0.0,0.0,0.0,0.0,0.0,0.0,0.0,0.0,0.0,0.0,0.0,0.0,"Dec 31, 2018"
862,2108024.0,21409.0,Anbar,Ramadi,Hay Al-Salam,السلام,33.3696113328,43.5360140798,20.0,120.0,20.0,0.0,0.0,0.0,0.0,0.0,0.0,0.0,0.0,0.0,0.0,0.0,0.0,0.0,0.0,0.0,0.0,0.0,0.0,20.0,0.0,0.0,0.0,0.0,0.0,0.0,0.0,0.0,0.0,0.0,0.0,0.0,0.0,0.0,0.0,0.0,0.0,0.0,0.0,0.0,0.0,0.0,0.0,0.0,20.0,0.0,0.0,20.0,0.0,0.0,0.0,0.0,0.0,0.0,0.0,0.0,"Dec 31, 2018"
863,2108025.0,23855.0,Anbar,Ramadi,Hay Al-Umal,حي العمال ,33.38683439,43.6000999888,20.0,120.0,20.0,0.0,0.0,0.0,0.0,0.0,0.0,0.0,0.0,0.0,0.0,0.0,0.0,0.0,0.0,0.0,0.0,0.0,0.0,20.0,0.0,0.0,0.0,0.0,0.0,0.0,0.0,0.0,0.0,0.0,0.0,0.0,0.0,0.0,0.0,0.0,0.0,0.0,20.0,0.0,0.0,20.0,0.0,0.0,0.0,0.0,0.0,0.0,0.0,0.0,0.0,0.0,0.0,0.0,0.0,0.0,"Dec 31, 2018"
864,2108027.0,182.0,Anbar,Ramadi,Qadisiya-1,القادسية الاولى,33.4124496864,43.2749091016,107.0,642.0,107.0,0.0,0.0,0.0,0.0,0.0,0.0,0.0,0.0,0.0,0.0,0.0,0.0,0.0,0.0,0.0,0.0,0.0,0.0,107.0,0.0,0.0,0.0,0.0,0.0,0.0,0.0,0.0,0.0,0.0,0.0,0.0,0.0,0.0,0.0,0.0,0.0,0.0,0.0,0.0,0.0,0.0,0.0,0.0,0.0,0.0,0.0,0.0,0.0,0.0,0.0,0.0,107.0,0.0,107.0,0.0,"Dec 31, 2018"
865,2108029.0,20901.0,Anbar,Ramadi,Sin Al-Thubban,سن الذبان,33.3697208904,43.6136678584,4.0,24.0,4.0,0.0,0.0,0.0,0.0,0.0,0.0,0.0,0.0,0.0,0.0,0.0,0.0,0.0,0.0,0.0,0.0,0.0,0.0,4.0,0.0,0.0,0.0,0.0,0.0,0.0,0.0,0.0,0.0,0.0,0.0,0.0,0.0,0.0,0.0,0.0,0.0,0.0,0.0,0.0,0.0,0.0,0.0,0.0,4.0,0.0,0.0,4.0,0.0,0.0,0.0,0.0,0.0,0.0,0.0,0.0,"Dec 31, 2018"
866,2108030.0,184.0,Anbar,Ramadi,Warar,الورار,33.4320062434,43.2743294856,140.0,840.0,140.0,0.0,0.0,0.0,0.0,0.0,0.0,0.0,0.0,0.0,0.0,0.0,0.0,0.0,0.0,0.0,0.0,0.0,0.0,140.0,0.0,0.0,0.0,0.0,0.0,0.0,0.0,0.0,0.0,0.0,0.0,0.0,0.0,0.0,0.0,0.0,0.0,0.0,0.0,0.0,0.0,0.0,0.0,0.0,0.0,0.0,0.0,0.0,0.0,0.0,0.0,0.0,140.0,0.0,140.0,0.0,"Dec 31, 2018"
867,2108061.0,23856.0,Anbar,Ramadi,Zoyaha Al-Thuban,زوية الذبان,33.3868549059,43.6051542276,19.0,114.0,19.0,0.0,0.0,0.0,0.0,0.0,0.0,0.0,0.0,0.0,0.0,0.0,0.0,0.0,0.0,0.0,0.0,0.0,0.0,19.0,0.0,0.0,0.0,0.0,0.0,0.0,0.0,0.0,0.0,0.0,0.0,0.0,0.0,0.0,0.0,0.0,0.0,0.0,0.0,0.0,0.0,0.0,0.0,0.0,0.0,0.0,19.0,0.0,0.0,19.0,0.0,0.0,0.0,0.0,0.0,0.0,"Dec 31, 2018"
868,2201001.0,24594.0,Babylon,Al-Mahawil,Abo Blaw,أبو بلاو,32.6602636532,44.3933240989,1.0,6.0,0.0,0.0,0.0,0.0,0.0,0.0,0.0,0.0,0.0,0.0,0.0,0.0,0.0,0.0,1.0,0.0,0.0,0.0,0.0,1.0,0.0,0.0,0.0,0.0,0.0,0.0,0.0,0.0,0.0,0.0,0.0,0.0,0.0,0.0,0.0,0.0,0.0,0.0,0.0,0.0,0.0,0.0,1.0,0.0,0.0,1.0,0.0,0.0,0.0,0.0,0.0,0.0,0.0,0.0,0.0,0.0,"Dec 31, 2018"
869,2201004.0,21767.0,Babylon,Al-Mahawil,Abu Sudairah,ابو سديره,32.650923467,44.4121629835,5.0,30.0,5.0,0.0,0.0,0.0,0.0,0.0,0.0,0.0,0.0,0.0,0.0,0.0,0.0,0.0,0.0,0.0,0.0,0.0,0.0,0.0,0.0,0.0,0.0,0.0,0.0,0.0,5.0,0.0,0.0,5.0,0.0,0.0,0.0,0.0,0.0,0.0,0.0,0.0,0.0,0.0,0.0,0.0,0.0,0.0,0.0,0.0,5.0,0.0,0.0,5.0,0.0,0.0,0.0,0.0,0.0,0.0,"Dec 31, 2018"
870,2201012.0,24517.0,Babylon,Al-Mahawil,Al-lubat,اللوبات,32.5348093793,44.4890517158,1.0,6.0,0.0,0.0,0.0,0.0,0.0,0.0,0.0,0.0,0.0,0.0,0.0,0.0,1.0,0.0,0.0,0.0,0.0,0.0,0.0,1.0,0.0,0.0,0.0,0.0,0.0,0.0,0.0,0.0,0.0,0.0,0.0,0.0,0.0,0.0,0.0,0.0,0.0,0.0,0.0,0.0,1.0,0.0,0.0,1.0,0.0,0.0,0.0,0.0,0.0,0.0,0.0,0.0,0.0,0.0,0.0,0.0,"Dec 31, 2018"
871,2201015.0,22372.0,Babylon,Al-Mahawil,Al Rashayed,الرشايد,32.74512,44.76589,5.0,30.0,0.0,2.0,2.0,0.0,0.0,0.0,0.0,0.0,0.0,0.0,0.0,0.0,0.0,0.0,1.0,0.0,0.0,0.0,0.0,0.0,0.0,0.0,0.0,0.0,0.0,0.0,5.0,0.0,0.0,5.0,0.0,0.0,0.0,0.0,0.0,0.0,0.0,0.0,1.0,0.0,3.0,1.0,1.0,3.0,0.0,1.0,0.0,0.0,0.0,0.0,0.0,0.0,0.0,0.0,0.0,0.0,"Dec 31, 2018"
872,2201023.0,24467.0,Babylon,Al-Mahawil,Alazawea,العزاويه,32.5752565972,44.423584939,4.0,24.0,3.0,1.0,0.0,0.0,0.0,0.0,0.0,0.0,0.0,0.0,0.0,0.0,0.0,0.0,0.0,0.0,0.0,0.0,0.0,0.0,0.0,0.0,0.0,0.0,0.0,0.0,4.0,0.0,0.0,4.0,0.0,0.0,0.0,0.0,0.0,0.0,0.0,0.0,0.0,0.0,3.0,0.0,1.0,3.0,0.0,1.0,0.0,0.0,0.0,0.0,0.0,0.0,0.0,0.0,0.0,0.0,"Dec 31, 2018"
873,2201024.0,24465.0,Babylon,Al-Mahawil,Albada-hay Alaskari,البدع-حي العسكري,32.6930072398,44.40978,5.0,30.0,2.0,2.0,1.0,0.0,0.0,0.0,0.0,0.0,0.0,0.0,0.0,0.0,0.0,0.0,0.0,0.0,0.0,0.0,0.0,0.0,0.0,0.0,0.0,0.0,0.0,0.0,5.0,0.0,0.0,5.0,0.0,0.0,0.0,0.0,0.0,0.0,0.0,0.0,0.0,0.0,5.0,0.0,0.0,5.0,0.0,0.0,0.0,0.0,0.0,0.0,0.0,0.0,0.0,0.0,0.0,0.0,"Dec 31, 2018"
874,2201031.0,23941.0,Babylon,Al-Mahawil,Al-Jadrjy,الجادرجي,32.6016414749,44.36902,5.0,30.0,5.0,0.0,0.0,0.0,0.0,0.0,0.0,0.0,0.0,0.0,0.0,0.0,0.0,0.0,0.0,0.0,0.0,0.0,0.0,5.0,0.0,0.0,0.0,0.0,0.0,0.0,0.0,0.0,0.0,0.0,0.0,0.0,0.0,0.0,0.0,0.0,0.0,0.0,0.0,0.0,1.0,0.0,0.0,1.0,0.0,0.0,4.0,0.0,0.0,4.0,0.0,0.0,0.0,0.0,0.0,0.0,"Dec 31, 2018"
875,2201032.0,25712.0,Babylon,Al-Mahawil,Al-Jazra,الجزرا,32.6573779703,44.3963204027,3.0,18.0,0.0,3.0,0.0,0.0,0.0,0.0,0.0,0.0,0.0,0.0,0.0,0.0,0.0,0.0,0.0,0.0,0.0,0.0,0.0,0.0,0.0,0.0,0.0,0.0,0.0,0.0,3.0,0.0,0.0,3.0,0.0,0.0,0.0,0.0,0.0,0.0,0.0,0.0,0.0,0.0,3.0,0.0,0.0,3.0,0.0,0.0,0.0,0.0,0.0,0.0,0.0,0.0,0.0,0.0,0.0,0.0,"Dec 31, 2018"
876,2201033.0,25617.0,Babylon,Al-Mahawil,Al-Mahawil-Hay Al-Mashtal,حي المشتل,32.666289935,44.3966678294,5.0,30.0,1.0,4.0,0.0,0.0,0.0,0.0,0.0,0.0,0.0,0.0,0.0,0.0,0.0,0.0,0.0,0.0,0.0,0.0,0.0,0.0,0.0,0.0,0.0,0.0,0.0,0.0,5.0,0.0,0.0,5.0,0.0,0.0,0.0,0.0,0.0,0.0,0.0,0.0,0.0,0.0,0.0,0.0,4.0,0.0,1.0,4.0,0.0,1.0,0.0,0.0,0.0,0.0,0.0,0.0,0.0,0.0,"Dec 31, 2018"
877,2201038.0,24469.0,Babylon,Al-Mahawil,Barnon-Al Qasabah Al kadima,برنون-القصبه القديمه,32.5696869922,44.4076938132,4.0,24.0,0.0,0.0,0.0,0.0,0.0,0.0,0.0,0.0,0.0,0.0,0.0,0.0,4.0,0.0,0.0,0.0,0.0,0.0,0.0,0.0,0.0,0.0,0.0,0.0,0.0,0.0,4.0,0.0,0.0,4.0,0.0,0.0,0.0,0.0,0.0,0.0,0.0,0.0,0.0,0.0,4.0,0.0,0.0,4.0,0.0,0.0,0.0,0.0,0.0,0.0,0.0,0.0,0.0,0.0,0.0,0.0,"Dec 31, 2018"
878,2201040.0,23964.0,Babylon,Al-Mahawil,Btt Merry,بتت ميري,32.6253335574,44.39474,5.0,30.0,5.0,0.0,0.0,0.0,0.0,0.0,0.0,0.0,0.0,0.0,0.0,0.0,0.0,0.0,0.0,0.0,0.0,0.0,0.0,0.0,0.0,0.0,0.0,0.0,0.0,0.0,5.0,0.0,0.0,5.0,0.0,0.0,0.0,0.0,0.0,0.0,0.0,0.0,5.0,0.0,0.0,5.0,0.0,0.0,0.0,0.0,0.0,0.0,0.0,0.0,0.0,0.0,0.0,0.0,0.0,0.0,"Dec 31, 2018"
879,2201041.0,23942.0,Babylon,Al-Mahawil,Btt Wahby,بتت وهبي,32.6008760797,44.4112424628,3.0,18.0,0.0,3.0,0.0,0.0,0.0,0.0,0.0,0.0,0.0,0.0,0.0,0.0,0.0,0.0,0.0,0.0,0.0,0.0,0.0,3.0,0.0,0.0,0.0,0.0,0.0,0.0,0.0,0.0,0.0,0.0,0.0,0.0,0.0,0.0,0.0,0.0,0.0,0.0,0.0,0.0,0.0,0.0,0.0,0.0,0.0,0.0,3.0,0.0,0.0,3.0,0.0,0.0,0.0,0.0,0.0,0.0,"Dec 31, 2018"
880,2201042.0,7231.0,Babylon,Al-Mahawil,Findhiya,الفنديه,32.5889927984,44.4269914932,1.0,6.0,0.0,0.0,0.0,0.0,0.0,0.0,0.0,0.0,0.0,0.0,0.0,0.0,1.0,0.0,0.0,0.0,0.0,0.0,0.0,0.0,0.0,0.0,0.0,0.0,0.0,0.0,1.0,0.0,0.0,1.0,0.0,0.0,0.0,0.0,0.0,0.0,0.0,0.0,0.0,0.0,1.0,0.0,0.0,1.0,0.0,0.0,0.0,0.0,0.0,0.0,0.0,0.0,0.0,0.0,0.0,0.0,"Dec 31, 2018"
881,2201043.0,24960.0,Babylon,Al-Mahawil,Hay Al Farook,حي الفاروق,32.6502043954,44.4124639973,3.0,18.0,3.0,0.0,0.0,0.0,0.0,0.0,0.0,0.0,0.0,0.0,0.0,0.0,0.0,0.0,0.0,0.0,0.0,0.0,0.0,0.0,0.0,0.0,0.0,0.0,0.0,0.0,3.0,0.0,0.0,3.0,0.0,0.0,0.0,0.0,0.0,0.0,0.0,0.0,0.0,0.0,0.0,0.0,0.0,0.0,3.0,0.0,0.0,3.0,0.0,0.0,0.0,0.0,0.0,0.0,0.0,0.0,"Dec 31, 2018"
882,2201046.0,20927.0,Babylon,Al-Mahawil,Hay Al-Askari,حي العسكري ,32.6651003144,44.4058474278,3.0,18.0,0.0,3.0,0.0,0.0,0.0,0.0,0.0,0.0,0.0,0.0,0.0,0.0,0.0,0.0,0.0,0.0,0.0,0.0,0.0,0.0,0.0,0.0,0.0,0.0,0.0,0.0,3.0,0.0,0.0,3.0,0.0,0.0,0.0,0.0,0.0,0.0,0.0,0.0,0.0,0.0,0.0,0.0,3.0,0.0,0.0,3.0,0.0,0.0,0.0,0.0,0.0,0.0,0.0,0.0,0.0,0.0,"Dec 31, 2018"
883,2201047.0,7202.0,Babylon,Al-Mahawil,Hay Al-Intisar,حي الانتصار,32.6527116363,44.4085546079,3.0,18.0,1.0,0.0,2.0,0.0,0.0,0.0,0.0,0.0,0.0,0.0,0.0,0.0,0.0,0.0,0.0,0.0,0.0,0.0,0.0,0.0,0.0,0.0,0.0,0.0,0.0,0.0,3.0,0.0,0.0,3.0,0.0,0.0,0.0,0.0,0.0,0.0,0.0,0.0,0.0,0.0,2.0,0.0,0.0,2.0,1.0,0.0,0.0,1.0,0.0,0.0,0.0,0.0,0.0,0.0,0.0,0.0,"Dec 31, 2018"
884,2201050.0,6365.0,Babylon,Al-Mahawil,Jabla Al Imam Village,جبلة-الامام,32.772672,44.588427,7.0,42.0,0.0,5.0,2.0,0.0,0.0,0.0,0.0,0.0,0.0,0.0,0.0,0.0,0.0,0.0,0.0,0.0,0.0,0.0,0.0,0.0,0.0,0.0,0.0,0.0,0.0,0.0,7.0,0.0,0.0,7.0,0.0,0.0,0.0,0.0,0.0,0.0,0.0,0.0,0.0,0.0,2.0,0.0,5.0,2.0,0.0,5.0,0.0,0.0,0.0,0.0,0.0,0.0,0.0,0.0,0.0,0.0,"Dec 31, 2018"
885,2201065.0,7169.0,Babylon,Al-Mahawil,Hay Al Zahraa,حي الزهراء-المركز-,32.6490706604,44.4059836563,3.0,18.0,3.0,0.0,0.0,0.0,0.0,0.0,0.0,0.0,0.0,0.0,0.0,0.0,0.0,0.0,0.0,0.0,0.0,0.0,0.0,0.0,0.0,0.0,0.0,0.0,0.0,0.0,3.0,0.0,0.0,3.0,0.0,0.0,0.0,0.0,0.0,0.0,0.0,0.0,0.0,0.0,0.0,0.0,0.0,0.0,3.0,0.0,0.0,3.0,0.0,0.0,0.0,0.0,0.0,0.0,0.0,0.0,"Dec 31, 2018"
886,2201066.0,26094.0,Babylon,Al-Mahawil,Hay Al-Jamhoreiah,حي الجمهوري,32.6616446883,44.400338835,5.0,30.0,5.0,0.0,0.0,0.0,0.0,0.0,0.0,0.0,0.0,0.0,0.0,0.0,0.0,0.0,0.0,0.0,0.0,0.0,0.0,0.0,0.0,0.0,0.0,0.0,0.0,0.0,5.0,0.0,0.0,5.0,0.0,0.0,0.0,0.0,0.0,0.0,0.0,0.0,0.0,0.0,0.0,0.0,0.0,0.0,5.0,0.0,0.0,5.0,0.0,0.0,0.0,0.0,0.0,0.0,0.0,0.0,"Dec 31, 2018"
887,2201068.0,26096.0,Babylon,Al-Mahawil,Hay Al-Noor,حي النور,32.6477539631,44.4086858828,3.0,18.0,2.0,0.0,1.0,0.0,0.0,0.0,0.0,0.0,0.0,0.0,0.0,0.0,0.0,0.0,0.0,0.0,0.0,0.0,0.0,0.0,0.0,0.0,0.0,0.0,0.0,0.0,3.0,0.0,0.0,3.0,0.0,0.0,0.0,0.0,0.0,0.0,0.0,0.0,0.0,0.0,0.0,0.0,1.0,0.0,0.0,1.0,2.0,0.0,0.0,2.0,0.0,0.0,0.0,0.0,0.0,0.0,"Dec 31, 2018"
888,2201072.0,28455.0,Babylon,Al-Mahawil,Hay Al Rasool,حي الرسول,32.6505578057,44.4092517323,4.0,24.0,0.0,0.0,4.0,0.0,0.0,0.0,0.0,0.0,0.0,0.0,0.0,0.0,0.0,0.0,0.0,0.0,0.0,0.0,0.0,0.0,0.0,0.0,0.0,0.0,0.0,0.0,4.0,0.0,0.0,4.0,0.0,0.0,0.0,0.0,0.0,0.0,0.0,0.0,0.0,0.0,0.0,0.0,4.0,0.0,0.0,4.0,0.0,0.0,0.0,0.0,0.0,0.0,0.0,0.0,0.0,0.0,"Dec 31, 2018"
889,2201073.0,29509.0,Babylon,Al-Mahawil,Hay Al-Ameer-Al Niel,حي الامير-النيل,32.5405671155,44.5471588539,1.0,6.0,0.0,0.0,0.0,0.0,0.0,0.0,0.0,0.0,0.0,0.0,0.0,0.0,1.0,0.0,0.0,0.0,0.0,0.0,0.0,0.0,0.0,0.0,0.0,0.0,0.0,0.0,1.0,0.0,0.0,1.0,0.0,0.0,0.0,0.0,0.0,0.0,0.0,0.0,0.0,0.0,1.0,0.0,0.0,1.0,0.0,0.0,0.0,0.0,0.0,0.0,0.0,0.0,0.0,0.0,0.0,0.0,"Dec 31, 2018"
890,2201074.0,29518.0,Babylon,Al-Mahawil,Hay Al-Neil,حي النيل,32.5420590071,44.54949919,2.0,12.0,0.0,0.0,0.0,0.0,0.0,0.0,0.0,0.0,0.0,0.0,0.0,0.0,2.0,0.0,0.0,0.0,0.0,0.0,0.0,0.0,0.0,0.0,0.0,0.0,0.0,0.0,2.0,0.0,0.0,2.0,0.0,0.0,0.0,0.0,0.0,0.0,0.0,0.0,0.0,0.0,2.0,0.0,0.0,2.0,0.0,0.0,0.0,0.0,0.0,0.0,0.0,0.0,0.0,0.0,0.0,0.0,"Dec 31, 2018"
891,2201075.0,29510.0,Babylon,Al-Mahawil,Hay Al-Murtadha,حي المرتضى,32.5410519798,44.5440999202,5.0,30.0,1.0,0.0,0.0,0.0,0.0,0.0,0.0,0.0,1.0,0.0,0.0,0.0,3.0,0.0,0.0,0.0,0.0,0.0,0.0,0.0,0.0,0.0,0.0,0.0,0.0,0.0,5.0,0.0,0.0,5.0,0.0,0.0,0.0,0.0,0.0,0.0,0.0,0.0,0.0,0.0,3.0,0.0,0.0,3.0,1.0,0.0,0.0,1.0,0.0,0.0,1.0,0.0,0.0,1.0,0.0,0.0,"Dec 31, 2018"
892,2201076.0,29511.0,Babylon,Al-Mahawil,Hay Al-Karama,حي الكرامة,32.5422031228,44.5498075632,3.0,18.0,0.0,0.0,0.0,0.0,0.0,0.0,0.0,0.0,0.0,0.0,0.0,0.0,3.0,0.0,0.0,0.0,0.0,0.0,0.0,0.0,0.0,0.0,0.0,0.0,0.0,0.0,3.0,0.0,0.0,3.0,0.0,0.0,0.0,0.0,0.0,0.0,0.0,0.0,0.0,0.0,3.0,0.0,0.0,3.0,0.0,0.0,0.0,0.0,0.0,0.0,0.0,0.0,0.0,0.0,0.0,0.0,"Dec 31, 2018"
893,2201077.0,29512.0,Babylon,Al-Mahawil,Hay Al-Mwadhafeen,حي الموظفين,32.54331234,44.54243658,2.0,12.0,0.0,0.0,0.0,0.0,0.0,0.0,0.0,0.0,0.0,0.0,0.0,0.0,2.0,0.0,0.0,0.0,0.0,0.0,0.0,0.0,0.0,0.0,0.0,0.0,0.0,0.0,2.0,0.0,0.0,2.0,0.0,0.0,0.0,0.0,0.0,0.0,0.0,0.0,0.0,0.0,2.0,0.0,0.0,2.0,0.0,0.0,0.0,0.0,0.0,0.0,0.0,0.0,0.0,0.0,0.0,0.0,"Dec 31, 2018"
894,2201079.0,29578.0,Babylon,Al-Mahawil,Al Mansoory,المنصوري,32.7489960952,44.4158380559,10.0,60.0,0.0,2.0,0.0,0.0,0.0,0.0,0.0,0.0,0.0,0.0,0.0,0.0,0.0,0.0,8.0,0.0,0.0,0.0,0.0,10.0,0.0,0.0,0.0,0.0,0.0,0.0,0.0,0.0,0.0,0.0,0.0,0.0,0.0,0.0,0.0,0.0,0.0,0.0,0.0,0.0,2.0,0.0,8.0,2.0,0.0,8.0,0.0,0.0,0.0,0.0,0.0,0.0,0.0,0.0,0.0,0.0,"Dec 31, 2018"
895,2201080.0,29699.0,Babylon,Al-Mahawil,Hay Al Shuhadaa,حي الشهداء,32.6658329039,44.401357426,2.0,12.0,2.0,0.0,0.0,0.0,0.0,0.0,0.0,0.0,0.0,0.0,0.0,0.0,0.0,0.0,0.0,0.0,0.0,0.0,0.0,0.0,0.0,0.0,0.0,0.0,0.0,0.0,2.0,0.0,0.0,2.0,0.0,0.0,0.0,0.0,0.0,0.0,0.0,0.0,0.0,0.0,0.0,0.0,0.0,0.0,2.0,0.0,0.0,2.0,0.0,0.0,0.0,0.0,0.0,0.0,0.0,0.0,"Dec 31, 2018"
896,2202001.0,7128.0,Babylon,Al-Musayab,Abo Luka,ناحيه الاسكندريه-ابولوكه,32.8052636137,44.30276,119.0,714.0,0.0,119.0,0.0,0.0,0.0,0.0,0.0,0.0,0.0,0.0,0.0,0.0,0.0,0.0,0.0,0.0,0.0,0.0,0.0,0.0,0.0,0.0,0.0,0.0,0.0,0.0,119.0,0.0,0.0,119.0,0.0,0.0,0.0,0.0,0.0,0.0,0.0,0.0,0.0,0.0,65.0,0.0,0.0,65.0,54.0,0.0,0.0,54.0,0.0,0.0,0.0,0.0,0.0,0.0,0.0,0.0,"Dec 31, 2018"
897,2202002.0,24957.0,Babylon,Al-Musayab,Al Abtan,ال عبطان,32.8048976576,44.2690663423,51.0,306.0,0.0,51.0,0.0,0.0,0.0,0.0,0.0,0.0,0.0,0.0,0.0,0.0,0.0,0.0,0.0,0.0,0.0,0.0,0.0,0.0,0.0,0.0,0.0,0.0,0.0,0.0,51.0,0.0,0.0,51.0,0.0,0.0,0.0,0.0,0.0,0.0,0.0,0.0,0.0,0.0,39.0,0.0,12.0,39.0,0.0,12.0,0.0,0.0,0.0,0.0,0.0,0.0,0.0,0.0,0.0,0.0,"Dec 31, 2018"
898,2202004.0,24168.0,Babylon,Al-Musayab,Al Ghadeer 2,الغدير 2,32.7839760383,44.2668002911,78.0,468.0,0.0,78.0,0.0,0.0,0.0,0.0,0.0,0.0,0.0,0.0,0.0,0.0,0.0,0.0,0.0,0.0,0.0,0.0,0.0,0.0,0.0,0.0,0.0,0.0,0.0,0.0,78.0,0.0,0.0,78.0,0.0,0.0,0.0,0.0,0.0,0.0,0.0,0.0,0.0,0.0,78.0,0.0,0.0,78.0,0.0,0.0,0.0,0.0,0.0,0.0,0.0,0.0,0.0,0.0,0.0,0.0,"Dec 31, 2018"
899,2202005.0,24164.0,Babylon,Al-Musayab,Al Hamiyah Al Amer Village,الحامية-قرية ال عامر,32.7967754874,44.2722184735,83.0,498.0,0.0,83.0,0.0,0.0,0.0,0.0,0.0,0.0,0.0,0.0,0.0,0.0,0.0,0.0,0.0,0.0,0.0,0.0,0.0,0.0,0.0,0.0,0.0,0.0,0.0,0.0,83.0,0.0,0.0,83.0,0.0,0.0,0.0,0.0,0.0,0.0,0.0,0.0,0.0,0.0,83.0,0.0,0.0,83.0,0.0,0.0,0.0,0.0,0.0,0.0,0.0,0.0,0.0,0.0,0.0,0.0,"Dec 31, 2018"
900,2202006.0,24163.0,Babylon,Al-Musayab,Al Hamiyah-Al Mutaqedin 2,الحامية-المتقاعدين 2,32.8111217837,44.2660015323,49.0,294.0,0.0,49.0,0.0,0.0,0.0,0.0,0.0,0.0,0.0,0.0,0.0,0.0,0.0,0.0,0.0,0.0,0.0,0.0,0.0,0.0,0.0,0.0,0.0,0.0,0.0,0.0,49.0,0.0,0.0,49.0,0.0,0.0,0.0,0.0,0.0,0.0,0.0,0.0,0.0,0.0,49.0,0.0,0.0,49.0,0.0,0.0,0.0,0.0,0.0,0.0,0.0,0.0,0.0,0.0,0.0,0.0,"Dec 31, 2018"
901,2202007.0,24165.0,Babylon,Al-Musayab,Al Hamiyah-Oayef village,الحامية-قرية عويف,32.8075118283,44.2674872185,84.0,504.0,0.0,84.0,0.0,0.0,0.0,0.0,0.0,0.0,0.0,0.0,0.0,0.0,0.0,0.0,0.0,0.0,0.0,0.0,0.0,54.0,0.0,0.0,0.0,0.0,0.0,0.0,30.0,0.0,0.0,30.0,0.0,0.0,0.0,0.0,0.0,0.0,0.0,0.0,30.0,0.0,54.0,30.0,0.0,54.0,0.0,0.0,0.0,0.0,0.0,0.0,0.0,0.0,0.0,0.0,0.0,0.0,"Dec 31, 2018"
902,2202008.0,24296.0,Babylon,Al-Musayab,Al Iskandariyah Area-Mowelha,ناحية الاسكندرية-مويلحة,32.87783,44.41548,34.0,204.0,0.0,34.0,0.0,0.0,0.0,0.0,0.0,0.0,0.0,0.0,0.0,0.0,0.0,0.0,0.0,0.0,0.0,0.0,0.0,34.0,0.0,0.0,0.0,0.0,0.0,0.0,0.0,0.0,0.0,0.0,0.0,0.0,0.0,0.0,0.0,0.0,0.0,0.0,0.0,0.0,34.0,0.0,0.0,34.0,0.0,0.0,0.0,0.0,0.0,0.0,0.0,0.0,0.0,0.0,0.0,0.0,"Dec 31, 2018"
903,2202015.0,25613.0,Babylon,Al-Musayab,Al-Iskandaria-Hay Al-Muthana,حي المثنى,32.8842967483,44.386538273,22.0,132.0,0.0,22.0,0.0,0.0,0.0,0.0,0.0,0.0,0.0,0.0,0.0,0.0,0.0,0.0,0.0,0.0,0.0,0.0,0.0,0.0,0.0,0.0,0.0,0.0,0.0,0.0,22.0,0.0,0.0,22.0,0.0,0.0,0.0,0.0,0.0,0.0,0.0,0.0,0.0,0.0,22.0,0.0,0.0,22.0,0.0,0.0,0.0,0.0,0.0,0.0,0.0,0.0,0.0,0.0,0.0,0.0,"Dec 31, 2018"
904,2202016.0,25768.0,Babylon,Al-Musayab,Al-Iskandaria-Shawara AlKhudhir,شوارع الخضر,32.8857575228,44.3475359892,53.0,318.0,0.0,53.0,0.0,0.0,0.0,0.0,0.0,0.0,0.0,0.0,0.0,0.0,0.0,0.0,0.0,0.0,0.0,0.0,0.0,0.0,0.0,0.0,0.0,0.0,0.0,0.0,53.0,0.0,0.0,53.0,0.0,0.0,0.0,0.0,0.0,0.0,0.0,0.0,0.0,0.0,53.0,0.0,0.0,53.0,0.0,0.0,0.0,0.0,0.0,0.0,0.0,0.0,0.0,0.0,0.0,0.0,"Dec 31, 2018"
905,2202017.0,24652.0,Babylon,Al-Musayab,Al-Jazirah-Al Eskandariya,ناحيه الاسكندريه-الجزيره,32.9272,44.3502,37.0,222.0,0.0,37.0,0.0,0.0,0.0,0.0,0.0,0.0,0.0,0.0,0.0,0.0,0.0,0.0,0.0,0.0,0.0,0.0,0.0,0.0,0.0,0.0,0.0,0.0,0.0,0.0,37.0,0.0,0.0,37.0,0.0,0.0,0.0,0.0,0.0,0.0,0.0,0.0,0.0,0.0,37.0,0.0,0.0,37.0,0.0,0.0,0.0,0.0,0.0,0.0,0.0,0.0,0.0,0.0,0.0,0.0,"Dec 31, 2018"
906,2202020.0,24166.0,Babylon,Al-Musayab,Al-Shoyokh,الشيوخ,32.7782243115,44.2870224791,7.0,42.0,1.0,6.0,0.0,0.0,0.0,0.0,0.0,0.0,0.0,0.0,0.0,0.0,0.0,0.0,0.0,0.0,0.0,0.0,0.0,0.0,0.0,0.0,0.0,0.0,0.0,0.0,7.0,0.0,0.0,7.0,0.0,0.0,0.0,0.0,0.0,0.0,0.0,0.0,0.0,0.0,6.0,0.0,0.0,6.0,1.0,0.0,0.0,1.0,0.0,0.0,0.0,0.0,0.0,0.0,0.0,0.0,"Dec 31, 2018"
907,2202021.0,24569.0,Babylon,Al-Musayab,Al-Sikak 2,السكك-2,32.7836911382,44.2929972741,4.0,24.0,0.0,4.0,0.0,0.0,0.0,0.0,0.0,0.0,0.0,0.0,0.0,0.0,0.0,0.0,0.0,0.0,0.0,0.0,0.0,0.0,0.0,0.0,0.0,0.0,0.0,0.0,4.0,0.0,0.0,4.0,0.0,0.0,0.0,0.0,0.0,0.0,0.0,0.0,0.0,0.0,0.0,0.0,4.0,0.0,0.0,4.0,0.0,0.0,0.0,0.0,0.0,0.0,0.0,0.0,0.0,0.0,"Dec 31, 2018"
908,2202023.0,6376.0,Babylon,Al-Musayab,Awlad Kazim,اولاد كاظم,32.70213213,44.32293,17.0,102.0,0.0,7.0,10.0,0.0,0.0,0.0,0.0,0.0,0.0,0.0,0.0,0.0,0.0,0.0,0.0,0.0,0.0,0.0,0.0,17.0,0.0,0.0,0.0,0.0,0.0,0.0,0.0,0.0,0.0,0.0,0.0,0.0,0.0,0.0,0.0,0.0,0.0,0.0,0.0,0.0,7.0,0.0,10.0,7.0,0.0,10.0,0.0,0.0,0.0,0.0,0.0,0.0,0.0,0.0,0.0,0.0,"Dec 31, 2018"
909,2202024.0,24649.0,Babylon,Al-Musayab,Hay Aday-Al Eskandariya,ناحيه الاسكندريه-حي عداي,32.8860413901,44.38904,102.0,612.0,0.0,102.0,0.0,0.0,0.0,0.0,0.0,0.0,0.0,0.0,0.0,0.0,0.0,0.0,0.0,0.0,0.0,0.0,0.0,0.0,0.0,0.0,0.0,0.0,0.0,0.0,102.0,0.0,0.0,102.0,0.0,0.0,0.0,0.0,0.0,0.0,0.0,0.0,0.0,0.0,102.0,0.0,0.0,102.0,0.0,0.0,0.0,0.0,0.0,0.0,0.0,0.0,0.0,0.0,0.0,0.0,"Dec 31, 2018"
910,2202025.0,24177.0,Babylon,Al-Musayab,Hay Al Amer,حي الامير,32.7881563141,44.2737293235,25.0,150.0,0.0,25.0,0.0,0.0,0.0,0.0,0.0,0.0,0.0,0.0,0.0,0.0,0.0,0.0,0.0,0.0,0.0,0.0,0.0,0.0,0.0,0.0,0.0,0.0,0.0,0.0,25.0,0.0,0.0,25.0,0.0,0.0,0.0,0.0,0.0,0.0,0.0,0.0,0.0,0.0,25.0,0.0,0.0,25.0,0.0,0.0,0.0,0.0,0.0,0.0,0.0,0.0,0.0,0.0,0.0,0.0,"Dec 31, 2018"
911,2202026.0,24707.0,Babylon,Al-Musayab,Hay Al Ataba,حي الاطباء,32.7905530432,44.2772247778,264.0,1584.0,0.0,264.0,0.0,0.0,0.0,0.0,0.0,0.0,0.0,0.0,0.0,0.0,0.0,0.0,0.0,0.0,0.0,0.0,0.0,0.0,0.0,0.0,0.0,0.0,0.0,0.0,264.0,0.0,0.0,264.0,0.0,0.0,0.0,0.0,0.0,0.0,0.0,0.0,0.0,0.0,264.0,0.0,0.0,264.0,0.0,0.0,0.0,0.0,0.0,0.0,0.0,0.0,0.0,0.0,0.0,0.0,"Dec 31, 2018"
912,2202027.0,24959.0,Babylon,Al-Musayab,Hay Al Baladea,حي البلديه,32.7787852542,44.2844842695,8.0,48.0,0.0,8.0,0.0,0.0,0.0,0.0,0.0,0.0,0.0,0.0,0.0,0.0,0.0,0.0,0.0,0.0,0.0,0.0,0.0,0.0,0.0,0.0,0.0,0.0,0.0,0.0,8.0,0.0,0.0,8.0,0.0,0.0,0.0,0.0,0.0,0.0,0.0,0.0,0.0,0.0,0.0,0.0,8.0,0.0,0.0,8.0,0.0,0.0,0.0,0.0,0.0,0.0,0.0,0.0,0.0,0.0,"Dec 31, 2018"
913,2202029.0,24169.0,Babylon,Al-Musayab,Hay Al Ghadeer 4,الغدير 4,32.7773309423,44.2640133499,77.0,462.0,1.0,76.0,0.0,0.0,0.0,0.0,0.0,0.0,0.0,0.0,0.0,0.0,0.0,0.0,0.0,0.0,0.0,0.0,0.0,0.0,0.0,0.0,0.0,0.0,0.0,0.0,77.0,0.0,0.0,77.0,0.0,0.0,0.0,0.0,0.0,0.0,0.0,0.0,0.0,0.0,76.0,0.0,0.0,76.0,1.0,0.0,0.0,1.0,0.0,0.0,0.0,0.0,0.0,0.0,0.0,0.0,"Dec 31, 2018"
914,2202030.0,24982.0,Babylon,Al-Musayab,Hay Al Moatnen 2,حي المواطنين 2,32.7863278944,44.2670964565,155.0,930.0,0.0,155.0,0.0,0.0,0.0,0.0,0.0,0.0,0.0,0.0,0.0,0.0,0.0,0.0,0.0,0.0,0.0,0.0,0.0,0.0,0.0,0.0,0.0,0.0,0.0,0.0,155.0,0.0,0.0,155.0,0.0,0.0,0.0,0.0,0.0,0.0,0.0,0.0,0.0,0.0,75.0,0.0,80.0,75.0,0.0,80.0,0.0,0.0,0.0,0.0,0.0,0.0,0.0,0.0,0.0,0.0,"Dec 31, 2018"
915,2202031.0,24171.0,Babylon,Al-Musayab,Hay Al Moatnen 3,حي المواطنين 3,32.7835503576,44.2664189862,145.0,870.0,0.0,145.0,0.0,0.0,0.0,0.0,0.0,0.0,0.0,0.0,0.0,0.0,0.0,0.0,0.0,0.0,0.0,0.0,0.0,0.0,0.0,0.0,0.0,0.0,0.0,0.0,145.0,0.0,0.0,145.0,0.0,0.0,0.0,0.0,0.0,0.0,0.0,0.0,0.0,0.0,77.0,0.0,68.0,77.0,0.0,68.0,0.0,0.0,0.0,0.0,0.0,0.0,0.0,0.0,0.0,0.0,"Dec 31, 2018"
916,2202032.0,24648.0,Babylon,Al-Musayab,Hay Al Quds-Al Eskandariya,ناحيه الاسكندريه-حي القدس,32.8787304403,44.3838654631,2.0,12.0,0.0,2.0,0.0,0.0,0.0,0.0,0.0,0.0,0.0,0.0,0.0,0.0,0.0,0.0,0.0,0.0,0.0,0.0,0.0,0.0,0.0,0.0,0.0,0.0,0.0,0.0,2.0,0.0,0.0,2.0,0.0,0.0,0.0,0.0,0.0,0.0,0.0,0.0,0.0,0.0,2.0,0.0,0.0,2.0,0.0,0.0,0.0,0.0,0.0,0.0,0.0,0.0,0.0,0.0,0.0,0.0,"Dec 31, 2018"
917,2202033.0,24706.0,Babylon,Al-Musayab,Hay Al Ray,ناحيه السده-حي الري,32.7077164635,44.2702458394,6.0,36.0,0.0,6.0,0.0,0.0,0.0,0.0,0.0,0.0,0.0,0.0,0.0,0.0,0.0,0.0,0.0,0.0,0.0,0.0,0.0,0.0,0.0,0.0,0.0,0.0,0.0,0.0,6.0,0.0,0.0,6.0,0.0,0.0,0.0,0.0,0.0,0.0,0.0,0.0,0.0,0.0,6.0,0.0,0.0,6.0,0.0,0.0,0.0,0.0,0.0,0.0,0.0,0.0,0.0,0.0,0.0,0.0,"Dec 31, 2018"
918,2202034.0,24170.0,Babylon,Al-Musayab,Hay Al Shurta,حي الشرطة,32.7869417024,44.275270025,28.0,168.0,0.0,28.0,0.0,0.0,0.0,0.0,0.0,0.0,0.0,0.0,0.0,0.0,0.0,0.0,0.0,0.0,0.0,0.0,0.0,0.0,0.0,0.0,0.0,0.0,0.0,0.0,28.0,0.0,0.0,28.0,0.0,0.0,0.0,0.0,0.0,0.0,0.0,0.0,0.0,0.0,28.0,0.0,0.0,28.0,0.0,0.0,0.0,0.0,0.0,0.0,0.0,0.0,0.0,0.0,0.0,0.0,"Dec 31, 2018"
919,2202035.0,24653.0,Babylon,Al-Musayab,Hay Al-Anwar-Al Eskandariya,ناحيه الاسكندريه-حي الانوار,32.8757571957,44.38625,17.0,102.0,0.0,17.0,0.0,0.0,0.0,0.0,0.0,0.0,0.0,0.0,0.0,0.0,0.0,0.0,0.0,0.0,0.0,0.0,0.0,0.0,0.0,0.0,0.0,0.0,0.0,0.0,17.0,0.0,0.0,17.0,0.0,0.0,0.0,0.0,0.0,0.0,0.0,0.0,0.0,0.0,0.0,0.0,17.0,0.0,0.0,17.0,0.0,0.0,0.0,0.0,0.0,0.0,0.0,0.0,0.0,0.0,"Dec 31, 2018"
920,2202036.0,24985.0,Babylon,Al-Musayab,Hay Alaskarey,ناحيه الاسكندريه-حي العسكري,32.882584833,44.3480936461,100.0,600.0,0.0,100.0,0.0,0.0,0.0,0.0,0.0,0.0,0.0,0.0,0.0,0.0,0.0,0.0,0.0,0.0,0.0,0.0,0.0,0.0,0.0,0.0,0.0,0.0,0.0,0.0,100.0,0.0,0.0,100.0,0.0,0.0,0.0,0.0,0.0,0.0,0.0,0.0,0.0,0.0,100.0,0.0,0.0,100.0,0.0,0.0,0.0,0.0,0.0,0.0,0.0,0.0,0.0,0.0,0.0,0.0,"Dec 31, 2018"
921,2202037.0,24983.0,Babylon,Al-Musayab,Hay Alaskary-AlThaghet,حي العسكري-الضغط,32.7897296354,44.2655341516,128.0,768.0,0.0,128.0,0.0,0.0,0.0,0.0,0.0,0.0,0.0,0.0,0.0,0.0,0.0,0.0,0.0,0.0,0.0,0.0,0.0,0.0,0.0,0.0,0.0,0.0,0.0,0.0,128.0,0.0,0.0,128.0,0.0,0.0,0.0,0.0,0.0,0.0,0.0,0.0,0.0,0.0,0.0,0.0,128.0,0.0,0.0,128.0,0.0,0.0,0.0,0.0,0.0,0.0,0.0,0.0,0.0,0.0,"Dec 31, 2018"
922,2202039.0,6951.0,Babylon,Al-Musayab,Hay Al-Jamhoreiah,الجمهوريه,32.7754051004,44.2885285632,15.0,90.0,0.0,15.0,0.0,0.0,0.0,0.0,0.0,0.0,0.0,0.0,0.0,0.0,0.0,0.0,0.0,0.0,0.0,0.0,0.0,0.0,0.0,0.0,0.0,0.0,0.0,0.0,15.0,0.0,0.0,15.0,0.0,0.0,0.0,0.0,0.0,0.0,0.0,0.0,0.0,0.0,0.0,0.0,15.0,0.0,0.0,15.0,0.0,0.0,0.0,0.0,0.0,0.0,0.0,0.0,0.0,0.0,"Dec 31, 2018"
923,2202040.0,24955.0,Babylon,Al-Musayab,Hay Almualmeen 1,حي المعلمين 1,32.7665906094,44.2883962594,22.0,132.0,0.0,22.0,0.0,0.0,0.0,0.0,0.0,0.0,0.0,0.0,0.0,0.0,0.0,0.0,0.0,0.0,0.0,0.0,0.0,0.0,0.0,0.0,0.0,0.0,0.0,0.0,22.0,0.0,0.0,22.0,0.0,0.0,0.0,0.0,0.0,0.0,0.0,0.0,0.0,0.0,0.0,0.0,22.0,0.0,0.0,22.0,0.0,0.0,0.0,0.0,0.0,0.0,0.0,0.0,0.0,0.0,"Dec 31, 2018"
924,2202041.0,24956.0,Babylon,Al-Musayab,Hay Almualmeen 2,حي المعلمين 2,32.7643236816,44.2859287203,1.0,6.0,0.0,1.0,0.0,0.0,0.0,0.0,0.0,0.0,0.0,0.0,0.0,0.0,0.0,0.0,0.0,0.0,0.0,0.0,0.0,0.0,0.0,0.0,0.0,0.0,0.0,0.0,1.0,0.0,0.0,1.0,0.0,0.0,0.0,0.0,0.0,0.0,0.0,0.0,0.0,0.0,0.0,0.0,1.0,0.0,0.0,1.0,0.0,0.0,0.0,0.0,0.0,0.0,0.0,0.0,0.0,0.0,"Dec 31, 2018"
925,2202042.0,24981.0,Babylon,Al-Musayab,Hay Almualmeen 3,حي المعلمين 3,32.7608692915,44.2830022642,3.0,18.0,0.0,3.0,0.0,0.0,0.0,0.0,0.0,0.0,0.0,0.0,0.0,0.0,0.0,0.0,0.0,0.0,0.0,0.0,0.0,0.0,0.0,0.0,0.0,0.0,0.0,0.0,3.0,0.0,0.0,3.0,0.0,0.0,0.0,0.0,0.0,0.0,0.0,0.0,0.0,0.0,2.0,0.0,1.0,2.0,0.0,1.0,0.0,0.0,0.0,0.0,0.0,0.0,0.0,0.0,0.0,0.0,"Dec 31, 2018"
926,2202043.0,7196.0,Babylon,Al-Musayab,Hay Al-Mustafa,حي المصطفى,32.7548168146,44.2803732509,22.0,132.0,0.0,22.0,0.0,0.0,0.0,0.0,0.0,0.0,0.0,0.0,0.0,0.0,0.0,0.0,0.0,0.0,0.0,0.0,0.0,0.0,0.0,0.0,0.0,0.0,0.0,0.0,22.0,0.0,0.0,22.0,0.0,0.0,0.0,0.0,0.0,0.0,0.0,0.0,0.0,0.0,22.0,0.0,0.0,22.0,0.0,0.0,0.0,0.0,0.0,0.0,0.0,0.0,0.0,0.0,0.0,0.0,"Dec 31, 2018"
927,2202045.0,24984.0,Babylon,Al-Musayab,Hay Al-Rafedain,ناحيه الاسكندريه-حي الرافدين,32.8829009904,44.3419073119,129.0,774.0,0.0,129.0,0.0,0.0,0.0,0.0,0.0,0.0,0.0,0.0,0.0,0.0,0.0,0.0,0.0,0.0,0.0,0.0,0.0,0.0,0.0,0.0,0.0,0.0,0.0,0.0,129.0,0.0,0.0,129.0,0.0,0.0,0.0,0.0,0.0,0.0,0.0,0.0,0.0,0.0,129.0,0.0,0.0,129.0,0.0,0.0,0.0,0.0,0.0,0.0,0.0,0.0,0.0,0.0,0.0,0.0,"Dec 31, 2018"
928,2202046.0,24654.0,Babylon,Al-Musayab,Hay Al-Risalah-Al Eskandariya,ناحيه الاسكندريه-حي الرساله,32.8900411239,44.3505435886,7.0,42.0,0.0,2.0,5.0,0.0,0.0,0.0,0.0,0.0,0.0,0.0,0.0,0.0,0.0,0.0,0.0,0.0,0.0,0.0,0.0,0.0,0.0,0.0,0.0,0.0,0.0,0.0,7.0,0.0,0.0,7.0,0.0,0.0,0.0,0.0,0.0,0.0,0.0,0.0,0.0,0.0,7.0,0.0,0.0,7.0,0.0,0.0,0.0,0.0,0.0,0.0,0.0,0.0,0.0,0.0,0.0,0.0,"Dec 31, 2018"
929,2202048.0,6955.0,Babylon,Al-Musayab,Hay Al-Shuhadaa,حي الشهداء,32.8773361882,44.3835013049,39.0,234.0,1.0,37.0,0.0,0.0,0.0,0.0,0.0,0.0,0.0,0.0,0.0,0.0,0.0,0.0,1.0,0.0,0.0,0.0,0.0,0.0,0.0,0.0,0.0,0.0,0.0,0.0,39.0,0.0,0.0,39.0,0.0,0.0,0.0,0.0,0.0,0.0,0.0,0.0,0.0,0.0,0.0,0.0,38.0,0.0,1.0,38.0,0.0,1.0,0.0,0.0,0.0,0.0,0.0,0.0,0.0,0.0,"Dec 31, 2018"
930,2202049.0,7149.0,Babylon,Al-Musayab,Hitten Complex,اسكان حطين,32.8685894833,44.34216,25.0,150.0,0.0,18.0,3.0,0.0,0.0,0.0,0.0,0.0,0.0,0.0,0.0,0.0,1.0,0.0,3.0,0.0,0.0,0.0,0.0,0.0,0.0,0.0,0.0,0.0,0.0,0.0,25.0,0.0,0.0,25.0,0.0,0.0,0.0,0.0,0.0,0.0,0.0,0.0,0.0,0.0,16.0,0.0,9.0,16.0,0.0,9.0,0.0,0.0,0.0,0.0,0.0,0.0,0.0,0.0,0.0,0.0,"Dec 31, 2018"
931,2202050.0,7132.0,Babylon,Al-Musayab,Hur Husaein,هور حسين,32.7817548755,44.2666078286,79.0,474.0,0.0,79.0,0.0,0.0,0.0,0.0,0.0,0.0,0.0,0.0,0.0,0.0,0.0,0.0,0.0,0.0,0.0,0.0,0.0,0.0,0.0,0.0,0.0,0.0,0.0,0.0,79.0,0.0,0.0,79.0,0.0,0.0,0.0,0.0,0.0,0.0,0.0,0.0,0.0,0.0,72.0,0.0,7.0,72.0,0.0,7.0,0.0,0.0,0.0,0.0,0.0,0.0,0.0,0.0,0.0,0.0,"Dec 31, 2018"
932,2202052.0,7126.0,Babylon,Al-Musayab,Al Hamiyah-Al Mutaqedin 1,الحامية-المتقاعدين 1,32.8139300246,44.2642829329,76.0,456.0,0.0,76.0,0.0,0.0,0.0,0.0,0.0,0.0,0.0,0.0,0.0,0.0,0.0,0.0,0.0,0.0,0.0,0.0,0.0,0.0,0.0,0.0,0.0,0.0,0.0,0.0,76.0,0.0,0.0,76.0,0.0,0.0,0.0,0.0,0.0,0.0,0.0,0.0,0.0,0.0,76.0,0.0,0.0,76.0,0.0,0.0,0.0,0.0,0.0,0.0,0.0,0.0,0.0,0.0,0.0,0.0,"Dec 31, 2018"
933,2202053.0,6950.0,Babylon,Al-Musayab,Sadat Al-Ameir,السدة-حي الامير,32.7125903926,44.2776336264,2.0,12.0,1.0,0.0,0.0,0.0,0.0,0.0,0.0,0.0,0.0,0.0,0.0,0.0,1.0,0.0,0.0,0.0,0.0,0.0,0.0,0.0,0.0,0.0,0.0,0.0,0.0,0.0,2.0,0.0,0.0,2.0,0.0,0.0,0.0,0.0,0.0,0.0,0.0,0.0,0.0,0.0,0.0,0.0,1.0,0.0,1.0,1.0,0.0,1.0,0.0,0.0,0.0,0.0,0.0,0.0,0.0,0.0,"Dec 31, 2018"
934,2202055.0,24172.0,Babylon,Al-Musayab,Saddat Al Zahraa,ناحية السده-حي الزهراء,32.7133511207,44.2926939756,23.0,138.0,0.0,22.0,0.0,0.0,0.0,0.0,0.0,0.0,0.0,0.0,0.0,0.0,1.0,0.0,0.0,0.0,0.0,0.0,0.0,0.0,0.0,0.0,0.0,0.0,0.0,0.0,23.0,0.0,0.0,23.0,0.0,0.0,0.0,0.0,0.0,0.0,0.0,0.0,0.0,0.0,1.0,0.0,22.0,1.0,0.0,22.0,0.0,0.0,0.0,0.0,0.0,0.0,0.0,0.0,0.0,0.0,"Dec 31, 2018"
935,2202056.0,24954.0,Babylon,Al-Musayab,Shara AlSada Alkadeem,شارع السده القديم,32.7764225321,44.2844627036,32.0,192.0,0.0,32.0,0.0,0.0,0.0,0.0,0.0,0.0,0.0,0.0,0.0,0.0,0.0,0.0,0.0,0.0,0.0,0.0,0.0,0.0,0.0,0.0,0.0,0.0,0.0,0.0,32.0,0.0,0.0,32.0,0.0,0.0,0.0,0.0,0.0,0.0,0.0,0.0,0.0,0.0,0.0,0.0,32.0,0.0,0.0,32.0,0.0,0.0,0.0,0.0,0.0,0.0,0.0,0.0,0.0,0.0,"Dec 31, 2018"
936,2202058.0,26098.0,Babylon,Al-Musayab,Al Qasabah Al Kadimah-Al-Iskandaria-,القصبه القديمه-الاسكندرية-,32.8880746221,44.3476433524,28.0,168.0,0.0,28.0,0.0,0.0,0.0,0.0,0.0,0.0,0.0,0.0,0.0,0.0,0.0,0.0,0.0,0.0,0.0,0.0,0.0,0.0,0.0,0.0,0.0,0.0,0.0,0.0,28.0,0.0,0.0,28.0,0.0,0.0,0.0,0.0,0.0,0.0,0.0,0.0,0.0,0.0,28.0,0.0,0.0,28.0,0.0,0.0,0.0,0.0,0.0,0.0,0.0,0.0,0.0,0.0,0.0,0.0,"Dec 31, 2018"
937,2202059.0,26097.0,Babylon,Al-Musayab,Awlad Muslim,اولاد مسلم,32.7833020985,44.296903064,1.0,6.0,0.0,0.0,0.0,0.0,0.0,0.0,0.0,0.0,0.0,0.0,0.0,0.0,1.0,0.0,0.0,0.0,0.0,0.0,0.0,0.0,0.0,0.0,0.0,0.0,0.0,0.0,1.0,0.0,0.0,1.0,0.0,0.0,0.0,0.0,0.0,0.0,0.0,0.0,0.0,0.0,1.0,0.0,0.0,1.0,0.0,0.0,0.0,0.0,0.0,0.0,0.0,0.0,0.0,0.0,0.0,0.0,"Dec 31, 2018"
938,2202061.0,26117.0,Babylon,Al-Musayab,Al Hamiyah Al Sheab Village,الحامية-قرية ال شهاب,32.8013897555,44.2750551948,64.0,384.0,0.0,64.0,0.0,0.0,0.0,0.0,0.0,0.0,0.0,0.0,0.0,0.0,0.0,0.0,0.0,0.0,0.0,0.0,0.0,0.0,0.0,0.0,0.0,0.0,0.0,0.0,64.0,0.0,0.0,64.0,0.0,0.0,0.0,0.0,0.0,0.0,0.0,0.0,0.0,0.0,64.0,0.0,0.0,64.0,0.0,0.0,0.0,0.0,0.0,0.0,0.0,0.0,0.0,0.0,0.0,0.0,"Dec 31, 2018"
939,2202062.0,26118.0,Babylon,Al-Musayab,Al Qasabah Al Kadimah,القصبه القديمه,32.7097361327,44.2686285611,3.0,18.0,0.0,3.0,0.0,0.0,0.0,0.0,0.0,0.0,0.0,0.0,0.0,0.0,0.0,0.0,0.0,0.0,0.0,0.0,0.0,0.0,0.0,0.0,0.0,0.0,0.0,0.0,3.0,0.0,0.0,3.0,0.0,0.0,0.0,0.0,0.0,0.0,0.0,0.0,0.0,0.0,3.0,0.0,0.0,3.0,0.0,0.0,0.0,0.0,0.0,0.0,0.0,0.0,0.0,0.0,0.0,0.0,"Dec 31, 2018"
940,2202063.0,26119.0,Babylon,Al-Musayab,Hay Al Ghadeer 3,الغدير 3,32.7826685781,44.2657738525,47.0,282.0,1.0,46.0,0.0,0.0,0.0,0.0,0.0,0.0,0.0,0.0,0.0,0.0,0.0,0.0,0.0,0.0,0.0,0.0,0.0,0.0,0.0,0.0,0.0,0.0,0.0,0.0,47.0,0.0,0.0,47.0,0.0,0.0,0.0,0.0,0.0,0.0,0.0,0.0,0.0,0.0,46.0,0.0,0.0,46.0,1.0,0.0,0.0,1.0,0.0,0.0,0.0,0.0,0.0,0.0,0.0,0.0,"Dec 31, 2018"
941,2202064.0,26125.0,Babylon,Al-Musayab,Hay Al Ghadeer 1,الغدير 1,32.78810361,44.2673862712,78.0,468.0,0.0,78.0,0.0,0.0,0.0,0.0,0.0,0.0,0.0,0.0,0.0,0.0,0.0,0.0,0.0,0.0,0.0,0.0,0.0,0.0,0.0,0.0,0.0,0.0,0.0,0.0,78.0,0.0,0.0,78.0,0.0,0.0,0.0,0.0,0.0,0.0,0.0,0.0,0.0,0.0,78.0,0.0,0.0,78.0,0.0,0.0,0.0,0.0,0.0,0.0,0.0,0.0,0.0,0.0,0.0,0.0,"Dec 31, 2018"
942,2202065.0,7218.0,Babylon,Al-Musayab,Hay Al Nasir,حي النصر,32.7018108029,44.2700402857,2.0,12.0,0.0,2.0,0.0,0.0,0.0,0.0,0.0,0.0,0.0,0.0,0.0,0.0,0.0,0.0,0.0,0.0,0.0,0.0,0.0,0.0,0.0,0.0,0.0,0.0,0.0,0.0,2.0,0.0,0.0,2.0,0.0,0.0,0.0,0.0,0.0,0.0,0.0,0.0,0.0,0.0,2.0,0.0,0.0,2.0,0.0,0.0,0.0,0.0,0.0,0.0,0.0,0.0,0.0,0.0,0.0,0.0,"Dec 31, 2018"
943,2202066.0,27308.0,Babylon,Al-Musayab,Hay Al Mowadhafeen,حي الموظفين,32.7492292573,44.2761102536,8.0,48.0,0.0,8.0,0.0,0.0,0.0,0.0,0.0,0.0,0.0,0.0,0.0,0.0,0.0,0.0,0.0,0.0,0.0,0.0,0.0,0.0,0.0,0.0,0.0,0.0,0.0,0.0,8.0,0.0,0.0,8.0,0.0,0.0,0.0,0.0,0.0,0.0,0.0,0.0,0.0,0.0,8.0,0.0,0.0,8.0,0.0,0.0,0.0,0.0,0.0,0.0,0.0,0.0,0.0,0.0,0.0,0.0,"Dec 31, 2018"
944,2202067.0,27370.0,Babylon,Al-Musayab,Hay AlHussein,حي الحسين,32.7119293295,44.275007597,1.0,6.0,0.0,0.0,0.0,0.0,0.0,0.0,0.0,0.0,0.0,0.0,0.0,0.0,1.0,0.0,0.0,0.0,0.0,0.0,0.0,0.0,0.0,0.0,0.0,0.0,0.0,0.0,1.0,0.0,0.0,1.0,0.0,0.0,0.0,0.0,0.0,0.0,0.0,0.0,0.0,0.0,0.0,0.0,1.0,0.0,0.0,1.0,0.0,0.0,0.0,0.0,0.0,0.0,0.0,0.0,0.0,0.0,"Dec 31, 2018"
945,2202068.0,27371.0,Babylon,Al-Musayab,Mafrg AlSada,مفرق السده,32.7212257147,44.281696057,2.0,12.0,0.0,2.0,0.0,0.0,0.0,0.0,0.0,0.0,0.0,0.0,0.0,0.0,0.0,0.0,0.0,0.0,0.0,0.0,0.0,0.0,0.0,0.0,0.0,0.0,0.0,0.0,2.0,0.0,0.0,2.0,0.0,0.0,0.0,0.0,0.0,0.0,0.0,0.0,0.0,0.0,2.0,0.0,0.0,2.0,0.0,0.0,0.0,0.0,0.0,0.0,0.0,0.0,0.0,0.0,0.0,0.0,"Dec 31, 2018"
946,2202070.0,28454.0,Babylon,Al-Musayab,Al Gelawia,الجيلاوية,32.7910186527,44.2948834507,8.0,48.0,0.0,3.0,0.0,0.0,0.0,0.0,0.0,0.0,0.0,0.0,0.0,0.0,5.0,0.0,0.0,0.0,0.0,0.0,0.0,8.0,0.0,0.0,0.0,0.0,0.0,0.0,0.0,0.0,0.0,0.0,0.0,0.0,0.0,0.0,0.0,0.0,0.0,0.0,0.0,0.0,5.0,0.0,3.0,5.0,0.0,3.0,0.0,0.0,0.0,0.0,0.0,0.0,0.0,0.0,0.0,0.0,"Dec 31, 2018"
947,2202071.0,29582.0,Babylon,Al-Musayab,Hay Al Moatnen 1,حي المواطنين 1,32.7880307177,44.2679772812,92.0,552.0,0.0,92.0,0.0,0.0,0.0,0.0,0.0,0.0,0.0,0.0,0.0,0.0,0.0,0.0,0.0,0.0,0.0,0.0,0.0,0.0,0.0,0.0,0.0,0.0,0.0,0.0,92.0,0.0,0.0,92.0,0.0,0.0,0.0,0.0,0.0,0.0,0.0,0.0,0.0,0.0,77.0,0.0,15.0,77.0,0.0,15.0,0.0,0.0,0.0,0.0,0.0,0.0,0.0,0.0,0.0,0.0,"Dec 31, 2018"
948,2202072.0,7220.0,Babylon,Al-Musayab,Albo Hamdan,البو حمدان,32.7853974908,44.2841779119,33.0,198.0,0.0,33.0,0.0,0.0,0.0,0.0,0.0,0.0,0.0,0.0,0.0,0.0,0.0,0.0,0.0,0.0,0.0,0.0,0.0,0.0,0.0,0.0,0.0,0.0,0.0,0.0,33.0,0.0,0.0,33.0,0.0,0.0,0.0,0.0,0.0,0.0,0.0,0.0,0.0,0.0,33.0,0.0,0.0,33.0,0.0,0.0,0.0,0.0,0.0,0.0,0.0,0.0,0.0,0.0,0.0,0.0,"Dec 31, 2018"
949,2203004.0,24646.0,Babylon,Hashimiya,Al Dabla,الدبلة,32.3824711887,44.5360215735,1.0,6.0,0.0,0.0,0.0,0.0,0.0,0.0,0.0,0.0,0.0,0.0,0.0,0.0,1.0,0.0,0.0,0.0,0.0,0.0,0.0,0.0,0.0,0.0,0.0,0.0,0.0,0.0,1.0,0.0,0.0,1.0,0.0,0.0,0.0,0.0,0.0,0.0,0.0,0.0,0.0,0.0,1.0,0.0,0.0,1.0,0.0,0.0,0.0,0.0,0.0,0.0,0.0,0.0,0.0,0.0,0.0,0.0,"Dec 31, 2018"
950,2203008.0,24544.0,Babylon,Hashimiya,Al Husen-Al Midhatiya,ناحية المدحتية-الحصين,32.3896214118,44.5781262249,1.0,6.0,0.0,0.0,0.0,0.0,0.0,0.0,0.0,0.0,0.0,0.0,0.0,0.0,1.0,0.0,0.0,0.0,0.0,0.0,0.0,0.0,0.0,0.0,0.0,0.0,0.0,0.0,1.0,0.0,0.0,1.0,0.0,0.0,0.0,0.0,0.0,0.0,0.0,0.0,0.0,0.0,1.0,0.0,0.0,1.0,0.0,0.0,0.0,0.0,0.0,0.0,0.0,0.0,0.0,0.0,0.0,0.0,"Dec 31, 2018"
951,2203009.0,24271.0,Babylon,Hashimiya,Al Madhatiyah-Al Qasabah Al kadimah,ناحية المدحتيه-القصبة القديمة,32.3990776347,44.6664860454,1.0,6.0,0.0,0.0,0.0,0.0,0.0,0.0,0.0,0.0,0.0,0.0,0.0,0.0,1.0,0.0,0.0,0.0,0.0,0.0,0.0,0.0,0.0,0.0,0.0,0.0,0.0,0.0,1.0,0.0,0.0,1.0,0.0,0.0,0.0,0.0,0.0,0.0,0.0,0.0,0.0,0.0,1.0,0.0,0.0,1.0,0.0,0.0,0.0,0.0,0.0,0.0,0.0,0.0,0.0,0.0,0.0,0.0,"Dec 31, 2018"
952,2203010.0,24270.0,Babylon,Hashimiya,Al Madhatiyah-Hay Imam,ناحية المدحتية-حي الامام,32.4009432725,44.6737561677,10.0,60.0,0.0,0.0,0.0,0.0,0.0,0.0,0.0,0.0,0.0,0.0,0.0,0.0,10.0,0.0,0.0,0.0,0.0,0.0,0.0,0.0,0.0,0.0,0.0,0.0,0.0,0.0,10.0,0.0,0.0,10.0,0.0,0.0,0.0,0.0,0.0,0.0,0.0,0.0,0.0,0.0,10.0,0.0,0.0,10.0,0.0,0.0,0.0,0.0,0.0,0.0,0.0,0.0,0.0,0.0,0.0,0.0,"Dec 31, 2018"
953,2203011.0,25896.0,Babylon,Hashimiya,Al Midhatiyah-Hay Al Zahraa,ناحية المدحتية-حي الزهراء,32.3979434205,44.6744812412,3.0,18.0,2.0,0.0,0.0,0.0,0.0,0.0,0.0,0.0,1.0,0.0,0.0,0.0,0.0,0.0,0.0,0.0,0.0,0.0,0.0,0.0,0.0,0.0,0.0,0.0,0.0,0.0,3.0,0.0,0.0,3.0,0.0,0.0,0.0,0.0,0.0,0.0,0.0,0.0,0.0,0.0,0.0,0.0,1.0,0.0,2.0,1.0,0.0,2.0,0.0,0.0,0.0,0.0,0.0,0.0,0.0,0.0,"Dec 31, 2018"
954,2203012.0,24711.0,Babylon,Hashimiya,Al Nasser,ناحية الشوملي-النصر,32.3217778994,44.9204682042,3.0,18.0,0.0,0.0,0.0,0.0,0.0,0.0,0.0,0.0,0.0,0.0,0.0,0.0,3.0,0.0,0.0,0.0,0.0,0.0,0.0,0.0,0.0,0.0,0.0,0.0,0.0,3.0,0.0,3.0,0.0,0.0,0.0,0.0,0.0,0.0,0.0,0.0,0.0,0.0,0.0,0.0,3.0,0.0,0.0,3.0,0.0,0.0,0.0,0.0,0.0,0.0,0.0,0.0,0.0,0.0,0.0,0.0,"Dec 31, 2018"
955,2203014.0,6361.0,Babylon,Hashimiya,Al Qasim-Al Askari,ناحية القاسم-العسكري,32.2996086733,44.6900318242,7.0,42.0,0.0,0.0,0.0,0.0,0.0,0.0,0.0,0.0,0.0,0.0,0.0,0.0,7.0,0.0,0.0,0.0,0.0,0.0,0.0,0.0,0.0,0.0,0.0,0.0,0.0,0.0,7.0,0.0,0.0,7.0,0.0,0.0,0.0,0.0,0.0,0.0,0.0,0.0,0.0,0.0,7.0,0.0,0.0,7.0,0.0,0.0,0.0,0.0,0.0,0.0,0.0,0.0,0.0,0.0,0.0,0.0,"Dec 31, 2018"
956,2203018.0,6679.0,Babylon,Hashimiya,Al Qassim-Hay Al Sinaee,ناحية القاسم-حي الصناعي,32.3019813909,44.6770912156,1.0,6.0,0.0,0.0,0.0,0.0,0.0,0.0,0.0,0.0,0.0,0.0,0.0,0.0,0.0,0.0,1.0,0.0,0.0,0.0,0.0,0.0,0.0,0.0,0.0,0.0,0.0,0.0,1.0,0.0,0.0,1.0,0.0,0.0,0.0,0.0,0.0,0.0,0.0,0.0,0.0,0.0,0.0,0.0,1.0,0.0,0.0,1.0,0.0,0.0,0.0,0.0,0.0,0.0,0.0,0.0,0.0,0.0,"Dec 31, 2018"
957,2203023.0,25594.0,Babylon,Hashimiya,Al Shomaly-Hay Al Sada,ناحية الشوملي-حي الساده,32.3211791269,44.91146716,5.0,30.0,0.0,0.0,0.0,0.0,0.0,0.0,0.0,0.0,0.0,0.0,0.0,0.0,5.0,0.0,0.0,0.0,0.0,0.0,0.0,1.0,0.0,0.0,0.0,0.0,0.0,0.0,4.0,0.0,0.0,4.0,0.0,0.0,0.0,0.0,0.0,0.0,0.0,0.0,0.0,0.0,5.0,0.0,0.0,5.0,0.0,0.0,0.0,0.0,0.0,0.0,0.0,0.0,0.0,0.0,0.0,0.0,"Dec 31, 2018"
958,2203024.0,25589.0,Babylon,Hashimiya,Al Shoumly-Al Jawadia village,ناحية الشوملي-قرية الجواديه,32.3548295984,44.81572768,2.0,12.0,0.0,0.0,2.0,0.0,0.0,0.0,0.0,0.0,0.0,0.0,0.0,0.0,0.0,0.0,0.0,0.0,0.0,0.0,0.0,2.0,0.0,0.0,0.0,0.0,0.0,0.0,0.0,0.0,0.0,0.0,0.0,0.0,0.0,0.0,0.0,0.0,0.0,0.0,0.0,0.0,2.0,0.0,0.0,2.0,0.0,0.0,0.0,0.0,0.0,0.0,0.0,0.0,0.0,0.0,0.0,0.0,"Dec 31, 2018"
959,2203026.0,25598.0,Babylon,Hashimiya,Al Taleeaa-Al Gamiea wa Al Hussainea,ناحية الطليعة-الجمعية والحسينية,32.1899396866,44.7093272637,4.0,24.0,0.0,0.0,0.0,0.0,0.0,0.0,0.0,0.0,0.0,0.0,0.0,0.0,4.0,0.0,0.0,0.0,0.0,0.0,0.0,4.0,0.0,0.0,0.0,0.0,0.0,0.0,0.0,0.0,0.0,0.0,0.0,0.0,0.0,0.0,0.0,0.0,0.0,0.0,0.0,0.0,4.0,0.0,0.0,4.0,0.0,0.0,0.0,0.0,0.0,0.0,0.0,0.0,0.0,0.0,0.0,0.0,"Dec 31, 2018"
960,2203034.0,6783.0,Babylon,Hashimiya,Al-ibrahemiyah,الابراهيمية,32.3750155856,44.5707883166,1.0,6.0,0.0,0.0,0.0,0.0,0.0,0.0,0.0,0.0,0.0,0.0,0.0,0.0,1.0,0.0,0.0,0.0,0.0,0.0,0.0,0.0,0.0,0.0,0.0,0.0,0.0,0.0,1.0,0.0,0.0,1.0,0.0,0.0,0.0,0.0,0.0,0.0,0.0,0.0,0.0,0.0,1.0,0.0,0.0,1.0,0.0,0.0,0.0,0.0,0.0,0.0,0.0,0.0,0.0,0.0,0.0,0.0,"Dec 31, 2018"
961,2203039.0,6793.0,Babylon,Hashimiya,Al-rawashed,الرواشد,32.3842394488,44.5937858736,1.0,6.0,0.0,0.0,0.0,0.0,0.0,0.0,0.0,0.0,0.0,0.0,0.0,0.0,1.0,0.0,0.0,0.0,0.0,0.0,0.0,0.0,0.0,0.0,0.0,0.0,0.0,0.0,1.0,0.0,0.0,1.0,0.0,0.0,0.0,0.0,0.0,0.0,0.0,0.0,0.0,0.0,1.0,0.0,0.0,1.0,0.0,0.0,0.0,0.0,0.0,0.0,0.0,0.0,0.0,0.0,0.0,0.0,"Dec 31, 2018"
962,2203051.0,24269.0,Babylon,Hashimiya,Hay Al Intifadheh,مركز القضاء-الانتفاضه,32.3738713328,44.6566514521,18.0,108.0,5.0,0.0,0.0,0.0,0.0,0.0,0.0,0.0,0.0,0.0,0.0,0.0,12.0,0.0,1.0,0.0,0.0,0.0,0.0,0.0,0.0,0.0,0.0,0.0,0.0,0.0,18.0,0.0,0.0,18.0,0.0,0.0,0.0,0.0,0.0,0.0,0.0,0.0,0.0,0.0,12.0,0.0,1.0,12.0,0.0,1.0,5.0,0.0,0.0,5.0,0.0,0.0,0.0,0.0,0.0,0.0,"Dec 31, 2018"
963,2203055.0,25880.0,Babylon,Hashimiya,Hay Al Zahraa-Qassim,حي الزهراء-القاسم,32.2984379259,44.6902748136,4.0,24.0,0.0,0.0,0.0,0.0,0.0,0.0,0.0,0.0,0.0,0.0,0.0,0.0,4.0,0.0,0.0,0.0,0.0,0.0,0.0,0.0,0.0,0.0,0.0,0.0,0.0,0.0,4.0,0.0,0.0,4.0,0.0,0.0,0.0,0.0,0.0,0.0,0.0,0.0,0.0,0.0,4.0,0.0,0.0,4.0,0.0,0.0,0.0,0.0,0.0,0.0,0.0,0.0,0.0,0.0,0.0,0.0,"Dec 31, 2018"
964,2203061.0,6661.0,Babylon,Hashimiya,Hay al-jasmiyah,الجاسمية,32.2976228506,44.6801706241,1.0,6.0,0.0,0.0,0.0,0.0,0.0,1.0,0.0,0.0,0.0,0.0,0.0,0.0,0.0,0.0,0.0,0.0,0.0,0.0,0.0,0.0,0.0,0.0,0.0,0.0,0.0,0.0,1.0,0.0,0.0,1.0,0.0,0.0,0.0,0.0,0.0,0.0,0.0,0.0,0.0,0.0,0.0,0.0,1.0,0.0,0.0,1.0,0.0,0.0,0.0,0.0,0.0,0.0,0.0,0.0,0.0,0.0,"Dec 31, 2018"
965,2203062.0,6660.0,Babylon,Hashimiya,Hay al-jidedah,الجديدة,32.2992037854,44.6863000846,2.0,12.0,1.0,0.0,0.0,0.0,0.0,0.0,0.0,0.0,0.0,0.0,0.0,0.0,1.0,0.0,0.0,0.0,0.0,0.0,0.0,0.0,0.0,0.0,0.0,0.0,0.0,0.0,2.0,0.0,0.0,2.0,0.0,0.0,0.0,0.0,0.0,0.0,0.0,0.0,0.0,0.0,0.0,0.0,1.0,0.0,1.0,1.0,0.0,1.0,0.0,0.0,0.0,0.0,0.0,0.0,0.0,0.0,"Dec 31, 2018"
966,2203064.0,6669.0,Babylon,Hashimiya,Hay alosh,حي علوش,32.2996640507,44.6846015242,1.0,6.0,0.0,0.0,0.0,0.0,0.0,0.0,0.0,0.0,0.0,0.0,0.0,0.0,1.0,0.0,0.0,0.0,0.0,0.0,0.0,1.0,0.0,0.0,0.0,0.0,0.0,0.0,0.0,0.0,0.0,0.0,0.0,0.0,0.0,0.0,0.0,0.0,0.0,0.0,0.0,0.0,1.0,0.0,0.0,1.0,0.0,0.0,0.0,0.0,0.0,0.0,0.0,0.0,0.0,0.0,0.0,0.0,"Dec 31, 2018"
967,2203066.0,6711.0,Babylon,Hashimiya,Hay al-tahady,ناحية الشوملي-التحدي,32.3252165407,44.9187265393,1.0,6.0,0.0,0.0,0.0,0.0,0.0,0.0,0.0,0.0,0.0,0.0,0.0,0.0,1.0,0.0,0.0,0.0,0.0,0.0,0.0,0.0,0.0,0.0,0.0,0.0,0.0,0.0,1.0,0.0,0.0,1.0,0.0,0.0,0.0,0.0,0.0,0.0,0.0,0.0,0.0,0.0,1.0,0.0,0.0,1.0,0.0,0.0,0.0,0.0,0.0,0.0,0.0,0.0,0.0,0.0,0.0,0.0,"Dec 31, 2018"
968,2203067.0,6694.0,Babylon,Hashimiya,Hay al-wihdah,الوحدة,32.304598277,44.681314548,2.0,12.0,0.0,0.0,0.0,0.0,0.0,0.0,0.0,0.0,0.0,0.0,0.0,0.0,2.0,0.0,0.0,0.0,0.0,0.0,0.0,0.0,0.0,0.0,0.0,0.0,0.0,0.0,2.0,0.0,0.0,2.0,0.0,0.0,0.0,0.0,0.0,0.0,0.0,0.0,0.0,0.0,2.0,0.0,0.0,2.0,0.0,0.0,0.0,0.0,0.0,0.0,0.0,0.0,0.0,0.0,0.0,0.0,"Dec 31, 2018"
969,2203069.0,6663.0,Babylon,Hashimiya,Hay khirbatt,ناحية القاسم-خرباط,32.3004700657,44.6829809723,2.0,12.0,0.0,0.0,0.0,0.0,0.0,0.0,0.0,0.0,0.0,0.0,0.0,0.0,2.0,0.0,0.0,0.0,0.0,0.0,0.0,0.0,0.0,0.0,0.0,0.0,0.0,0.0,2.0,0.0,0.0,2.0,0.0,0.0,0.0,0.0,0.0,0.0,0.0,0.0,0.0,0.0,2.0,0.0,0.0,2.0,0.0,0.0,0.0,0.0,0.0,0.0,0.0,0.0,0.0,0.0,0.0,0.0,"Dec 31, 2018"
970,2203070.0,7213.0,Babylon,Hashimiya,Hay Um Ayash,ناحية القاسم-ام عياش,32.3001810735,44.6796299037,3.0,18.0,0.0,0.0,0.0,0.0,0.0,0.0,0.0,0.0,0.0,0.0,0.0,0.0,3.0,0.0,0.0,0.0,0.0,0.0,0.0,0.0,0.0,0.0,0.0,0.0,0.0,0.0,3.0,0.0,0.0,3.0,0.0,0.0,0.0,0.0,0.0,0.0,0.0,0.0,0.0,0.0,3.0,0.0,0.0,3.0,0.0,0.0,0.0,0.0,0.0,0.0,0.0,0.0,0.0,0.0,0.0,0.0,"Dec 31, 2018"
971,2203071.0,6673.0,Babylon,Hashimiya,Khalaf al-imam,خلف الامام,32.2980403024,44.6845001068,7.0,42.0,0.0,0.0,0.0,0.0,0.0,0.0,0.0,0.0,0.0,0.0,0.0,0.0,7.0,0.0,0.0,0.0,0.0,0.0,0.0,7.0,0.0,0.0,0.0,0.0,0.0,0.0,0.0,0.0,0.0,0.0,0.0,0.0,0.0,0.0,0.0,0.0,0.0,0.0,0.0,0.0,7.0,0.0,0.0,7.0,0.0,0.0,0.0,0.0,0.0,0.0,0.0,0.0,0.0,0.0,0.0,0.0,"Dec 31, 2018"
972,2203073.0,25878.0,Babylon,Hashimiya,Musa Al Kadhum,حي موسى الكاظم,32.2977611544,44.6868427386,2.0,12.0,0.0,0.0,0.0,0.0,0.0,0.0,0.0,0.0,0.0,0.0,0.0,0.0,2.0,0.0,0.0,0.0,0.0,0.0,0.0,0.0,0.0,0.0,0.0,0.0,0.0,0.0,2.0,0.0,0.0,2.0,0.0,0.0,0.0,0.0,0.0,0.0,0.0,0.0,0.0,0.0,2.0,0.0,0.0,2.0,0.0,0.0,0.0,0.0,0.0,0.0,0.0,0.0,0.0,0.0,0.0,0.0,"Dec 31, 2018"
973,2203075.0,6664.0,Babylon,Hashimiya,Hay Al-Shuhadaa,حي الشهداء,32.3280782075,44.9180211936,1.0,6.0,1.0,0.0,0.0,0.0,0.0,0.0,0.0,0.0,0.0,0.0,0.0,0.0,0.0,0.0,0.0,0.0,0.0,0.0,0.0,0.0,0.0,0.0,0.0,0.0,0.0,0.0,1.0,0.0,0.0,1.0,0.0,0.0,0.0,0.0,0.0,0.0,0.0,0.0,0.0,0.0,0.0,0.0,0.0,0.0,0.0,0.0,1.0,0.0,0.0,1.0,0.0,0.0,0.0,0.0,0.0,0.0,"Dec 31, 2018"
974,2204003.0,25600.0,Babylon,Hilla,Abi Gharaq-Ahmed Ben Kadhum,قرية احمد بن كاظم,32.5359128876,44.3254008817,4.0,24.0,0.0,0.0,0.0,0.0,0.0,0.0,0.0,0.0,0.0,0.0,0.0,0.0,4.0,0.0,0.0,0.0,0.0,0.0,0.0,4.0,0.0,0.0,0.0,0.0,0.0,0.0,0.0,0.0,0.0,0.0,0.0,0.0,0.0,0.0,0.0,0.0,0.0,0.0,0.0,0.0,4.0,0.0,0.0,4.0,0.0,0.0,0.0,0.0,0.0,0.0,0.0,0.0,0.0,0.0,0.0,0.0,"Dec 31, 2018"
975,2204006.0,6824.0,Babylon,Hilla,Abi Gharaq-Albu Hamdan,قرية البو حمدان,32.50885849,44.29494297,2.0,12.0,0.0,0.0,0.0,0.0,0.0,0.0,0.0,0.0,0.0,0.0,0.0,0.0,0.0,0.0,2.0,0.0,0.0,0.0,0.0,0.0,0.0,0.0,0.0,0.0,0.0,0.0,2.0,0.0,0.0,2.0,0.0,0.0,0.0,0.0,0.0,0.0,0.0,0.0,0.0,0.0,2.0,0.0,0.0,2.0,0.0,0.0,0.0,0.0,0.0,0.0,0.0,0.0,0.0,0.0,0.0,0.0,"Dec 31, 2018"
976,2204015.0,24274.0,Babylon,Hilla,Abu Khastawi,أبو خستاوي,32.5106018303,44.4050264502,9.0,54.0,0.0,0.0,0.0,0.0,0.0,0.0,0.0,0.0,0.0,0.0,0.0,0.0,9.0,0.0,0.0,0.0,0.0,0.0,0.0,0.0,0.0,0.0,0.0,0.0,0.0,0.0,9.0,0.0,0.0,9.0,0.0,0.0,0.0,0.0,0.0,0.0,0.0,0.0,0.0,0.0,9.0,0.0,0.0,9.0,0.0,0.0,0.0,0.0,0.0,0.0,0.0,0.0,0.0,0.0,0.0,0.0,"Dec 31, 2018"
977,2204016.0,25877.0,Babylon,Hilla,Al Abodiya,العبوديه,32.4890389962,44.4551389487,7.0,42.0,0.0,0.0,0.0,0.0,0.0,0.0,0.0,0.0,0.0,0.0,0.0,0.0,7.0,0.0,0.0,0.0,0.0,0.0,0.0,0.0,0.0,0.0,0.0,0.0,0.0,0.0,7.0,0.0,0.0,7.0,0.0,0.0,0.0,0.0,0.0,0.0,0.0,0.0,0.0,0.0,7.0,0.0,0.0,7.0,0.0,0.0,0.0,0.0,0.0,0.0,0.0,0.0,0.0,0.0,0.0,0.0,"Dec 31, 2018"
978,2204017.0,24788.0,Babylon,Hilla,Al adel,العدل,32.4529580635,44.3948434299,4.0,24.0,0.0,0.0,0.0,0.0,0.0,0.0,0.0,0.0,0.0,0.0,0.0,0.0,4.0,0.0,0.0,0.0,0.0,0.0,0.0,0.0,0.0,0.0,0.0,0.0,0.0,0.0,4.0,0.0,0.0,4.0,0.0,0.0,0.0,0.0,0.0,0.0,0.0,0.0,0.0,0.0,4.0,0.0,0.0,4.0,0.0,0.0,0.0,0.0,0.0,0.0,0.0,0.0,0.0,0.0,0.0,0.0,"Dec 31, 2018"
979,2204018.0,24161.0,Babylon,Hilla,Al Akrameen,الاكرمين,32.4657720653,44.4034723447,2.0,12.0,0.0,0.0,0.0,0.0,0.0,0.0,0.0,0.0,0.0,0.0,0.0,0.0,2.0,0.0,0.0,0.0,0.0,0.0,0.0,0.0,0.0,0.0,0.0,0.0,0.0,0.0,2.0,0.0,0.0,2.0,0.0,0.0,0.0,0.0,0.0,0.0,0.0,0.0,0.0,0.0,2.0,0.0,0.0,2.0,0.0,0.0,0.0,0.0,0.0,0.0,0.0,0.0,0.0,0.0,0.0,0.0,"Dec 31, 2018"
980,2204021.0,25875.0,Babylon,Hilla,Al Bakraly-3,البكرلي-3,32.4931284263,44.4609244998,8.0,48.0,3.0,0.0,0.0,0.0,0.0,0.0,0.0,0.0,0.0,0.0,0.0,0.0,5.0,0.0,0.0,0.0,0.0,0.0,0.0,0.0,0.0,0.0,0.0,0.0,0.0,0.0,8.0,0.0,0.0,8.0,0.0,0.0,0.0,0.0,0.0,0.0,0.0,0.0,0.0,0.0,5.0,0.0,0.0,5.0,3.0,0.0,0.0,3.0,0.0,0.0,0.0,0.0,0.0,0.0,0.0,0.0,"Dec 31, 2018"
981,2204022.0,22607.0,Babylon,Hilla,Al Baqer,قرية الباقر,32.5240689389,44.3682636498,9.0,54.0,0.0,0.0,0.0,0.0,0.0,0.0,0.0,0.0,0.0,0.0,0.0,0.0,9.0,0.0,0.0,0.0,0.0,0.0,0.0,0.0,0.0,0.0,0.0,0.0,0.0,0.0,0.0,0.0,0.0,0.0,0.0,0.0,0.0,0.0,9.0,0.0,0.0,9.0,0.0,0.0,9.0,0.0,0.0,9.0,0.0,0.0,0.0,0.0,0.0,0.0,0.0,0.0,0.0,0.0,0.0,0.0,"Dec 31, 2018"
982,2204023.0,24458.0,Babylon,Hilla,Al Daghaghla-Abu Gharaq,ناحية ابي غرق-الدغاغله,32.4872493534,44.319199212,1.0,6.0,0.0,0.0,0.0,0.0,0.0,0.0,0.0,0.0,0.0,0.0,0.0,0.0,1.0,0.0,0.0,0.0,0.0,0.0,0.0,0.0,0.0,0.0,0.0,0.0,0.0,0.0,1.0,0.0,0.0,1.0,0.0,0.0,0.0,0.0,0.0,0.0,0.0,0.0,0.0,0.0,0.0,0.0,1.0,0.0,0.0,1.0,0.0,0.0,0.0,0.0,0.0,0.0,0.0,0.0,0.0,0.0,"Dec 31, 2018"
983,2204027.0,21616.0,Babylon,Hilla,Al Hamam,ناحية ابي غرق-الحمام,32.5392026304,44.3278692207,2.0,12.0,0.0,0.0,0.0,0.0,0.0,0.0,0.0,0.0,0.0,0.0,0.0,0.0,2.0,0.0,0.0,0.0,0.0,0.0,0.0,0.0,0.0,0.0,0.0,0.0,0.0,0.0,2.0,0.0,0.0,2.0,0.0,0.0,0.0,0.0,0.0,0.0,0.0,0.0,0.0,0.0,2.0,0.0,0.0,2.0,0.0,0.0,0.0,0.0,0.0,0.0,0.0,0.0,0.0,0.0,0.0,0.0,"Dec 31, 2018"
984,2204028.0,22136.0,Babylon,Hilla,Al Hay Al Askary-Street 80,العسكري-80,32.44409911,44.3952592192,39.0,234.0,0.0,0.0,0.0,0.0,0.0,0.0,0.0,0.0,0.0,0.0,0.0,0.0,39.0,0.0,0.0,0.0,0.0,0.0,0.0,0.0,0.0,0.0,0.0,0.0,0.0,0.0,39.0,0.0,0.0,39.0,0.0,0.0,0.0,0.0,0.0,0.0,0.0,0.0,0.0,0.0,33.0,0.0,6.0,33.0,0.0,6.0,0.0,0.0,0.0,0.0,0.0,0.0,0.0,0.0,0.0,0.0,"Dec 31, 2018"
985,2204029.0,23948.0,Babylon,Hilla,Al Hukam Al Rafdeen,الحكام والرافدين,32.4941013472,44.4292056611,4.0,24.0,0.0,0.0,0.0,0.0,0.0,0.0,0.0,0.0,0.0,0.0,0.0,0.0,4.0,0.0,0.0,0.0,0.0,0.0,0.0,0.0,0.0,0.0,0.0,0.0,0.0,0.0,4.0,0.0,0.0,4.0,0.0,0.0,0.0,0.0,0.0,0.0,0.0,0.0,0.0,0.0,2.0,0.0,2.0,2.0,0.0,2.0,0.0,0.0,0.0,0.0,0.0,0.0,0.0,0.0,0.0,0.0,"Dec 31, 2018"
986,2204031.0,21666.0,Babylon,Hilla,Al Ibrahimiyah-Al Mashtah,الابراهيمية والماشطة,32.4742305034,44.4353908485,3.0,18.0,0.0,0.0,0.0,0.0,0.0,0.0,0.0,0.0,0.0,0.0,0.0,0.0,3.0,0.0,0.0,0.0,0.0,0.0,0.0,0.0,0.0,0.0,0.0,0.0,0.0,0.0,3.0,0.0,0.0,3.0,0.0,0.0,0.0,0.0,0.0,0.0,0.0,0.0,0.0,0.0,3.0,0.0,0.0,3.0,0.0,0.0,0.0,0.0,0.0,0.0,0.0,0.0,0.0,0.0,0.0,0.0,"Dec 31, 2018"
987,2204033.0,23954.0,Babylon,Hilla,Al Iskan,الاسكان,32.4670318724,44.42438,5.0,30.0,0.0,0.0,0.0,0.0,0.0,0.0,0.0,0.0,0.0,0.0,0.0,0.0,5.0,0.0,0.0,0.0,0.0,0.0,0.0,0.0,0.0,0.0,0.0,0.0,0.0,0.0,5.0,0.0,0.0,5.0,0.0,0.0,0.0,0.0,0.0,0.0,0.0,0.0,0.0,0.0,5.0,0.0,0.0,5.0,0.0,0.0,0.0,0.0,0.0,0.0,0.0,0.0,0.0,0.0,0.0,0.0,"Dec 31, 2018"
988,2204036.0,24273.0,Babylon,Hilla,Al Jamjamah,الجمجمة,32.5205894699,44.4270830701,4.0,24.0,0.0,0.0,0.0,0.0,0.0,0.0,0.0,0.0,0.0,0.0,0.0,0.0,4.0,0.0,0.0,0.0,0.0,0.0,0.0,0.0,0.0,0.0,0.0,0.0,0.0,0.0,4.0,0.0,0.0,4.0,0.0,0.0,0.0,0.0,0.0,0.0,0.0,0.0,0.0,0.0,4.0,0.0,0.0,4.0,0.0,0.0,0.0,0.0,0.0,0.0,0.0,0.0,0.0,0.0,0.0,0.0,"Dec 31, 2018"
989,2204038.0,23956.0,Babylon,Hilla,Al Jazrah-Siha,الجزره والصحة,32.5097135129,44.43071,13.0,78.0,0.0,0.0,0.0,0.0,0.0,0.0,0.0,0.0,0.0,0.0,0.0,0.0,13.0,0.0,0.0,0.0,0.0,0.0,0.0,0.0,7.0,0.0,0.0,0.0,0.0,0.0,6.0,0.0,0.0,6.0,0.0,0.0,0.0,0.0,0.0,0.0,0.0,0.0,0.0,0.0,13.0,0.0,0.0,13.0,0.0,0.0,0.0,0.0,0.0,0.0,0.0,0.0,0.0,0.0,0.0,0.0,"Dec 31, 2018"
990,2204039.0,24295.0,Babylon,Hilla,Al Kafal Area-Al Shahbiyah,ناحية الكفل-الشهابية,32.1928193378,44.3717819095,3.0,18.0,0.0,0.0,0.0,0.0,0.0,3.0,0.0,0.0,0.0,0.0,0.0,0.0,0.0,0.0,0.0,0.0,0.0,0.0,0.0,0.0,0.0,0.0,0.0,0.0,0.0,0.0,3.0,0.0,0.0,3.0,0.0,0.0,0.0,0.0,0.0,0.0,0.0,0.0,0.0,0.0,0.0,0.0,3.0,0.0,0.0,3.0,0.0,0.0,0.0,0.0,0.0,0.0,0.0,0.0,0.0,0.0,"Dec 31, 2018"
991,2204040.0,24563.0,Babylon,Hilla,Al Kafal-Khan Sayed Nour,ناحية الكفل-خان سيد نور,32.2257043104,44.357926707,1.0,6.0,0.0,0.0,0.0,0.0,0.0,0.0,0.0,0.0,0.0,0.0,0.0,0.0,1.0,0.0,0.0,0.0,0.0,0.0,0.0,0.0,0.0,0.0,0.0,0.0,0.0,0.0,1.0,0.0,0.0,1.0,0.0,0.0,0.0,0.0,0.0,0.0,0.0,0.0,0.0,0.0,1.0,0.0,0.0,1.0,0.0,0.0,0.0,0.0,0.0,0.0,0.0,0.0,0.0,0.0,0.0,0.0,"Dec 31, 2018"
992,2204042.0,24562.0,Babylon,Hilla,Al Kafel-7 Nissan,ناحية الكفل-7 نيسان,32.2190184936,44.368759909,5.0,30.0,0.0,0.0,0.0,0.0,0.0,0.0,0.0,0.0,0.0,0.0,0.0,0.0,5.0,0.0,0.0,0.0,0.0,0.0,0.0,0.0,0.0,0.0,0.0,0.0,0.0,0.0,5.0,0.0,0.0,5.0,0.0,0.0,0.0,0.0,0.0,0.0,0.0,0.0,0.0,0.0,5.0,0.0,0.0,5.0,0.0,0.0,0.0,0.0,0.0,0.0,0.0,0.0,0.0,0.0,0.0,0.0,"Dec 31, 2018"
993,2204043.0,24561.0,Babylon,Hilla,Al Kefel-Al Qasaba Al Qadima,ناحية الكفل-القصبة القديمة,32.2262226835,44.3691014255,3.0,18.0,0.0,0.0,0.0,0.0,0.0,0.0,0.0,0.0,0.0,0.0,0.0,0.0,3.0,0.0,0.0,0.0,0.0,0.0,0.0,0.0,0.0,0.0,0.0,0.0,0.0,0.0,3.0,0.0,0.0,3.0,0.0,0.0,0.0,0.0,0.0,0.0,0.0,0.0,0.0,0.0,3.0,0.0,0.0,3.0,0.0,0.0,0.0,0.0,0.0,0.0,0.0,0.0,0.0,0.0,0.0,0.0,"Dec 31, 2018"
994,2204045.0,25603.0,Babylon,Hilla,Al Kifil-Al Meghadhbia,ناحية الكفل-المغضبيه,32.2333950831,44.388280412,6.0,36.0,3.0,0.0,0.0,0.0,0.0,0.0,0.0,0.0,0.0,0.0,0.0,0.0,3.0,0.0,0.0,0.0,0.0,0.0,0.0,0.0,6.0,0.0,0.0,0.0,0.0,0.0,0.0,0.0,0.0,0.0,0.0,0.0,0.0,0.0,0.0,0.0,0.0,0.0,0.0,0.0,3.0,0.0,0.0,3.0,3.0,0.0,0.0,3.0,0.0,0.0,0.0,0.0,0.0,0.0,0.0,0.0,"Dec 31, 2018"
995,2204046.0,24978.0,Babylon,Hilla,Al Kifil-Hay Al Zahraa,الكفل-حي الزهراء,32.2255905079,44.3717539962,1.0,6.0,0.0,0.0,0.0,0.0,0.0,0.0,0.0,0.0,0.0,0.0,0.0,0.0,1.0,0.0,0.0,0.0,0.0,0.0,0.0,0.0,0.0,0.0,0.0,0.0,0.0,0.0,1.0,0.0,0.0,1.0,0.0,0.0,0.0,0.0,0.0,0.0,0.0,0.0,0.0,0.0,1.0,0.0,0.0,1.0,0.0,0.0,0.0,0.0,0.0,0.0,0.0,0.0,0.0,0.0,0.0,0.0,"Dec 31, 2018"
996,2204049.0,24971.0,Babylon,Hilla,Al Marana,المرانة,32.5115148147,44.4292336197,2.0,12.0,0.0,0.0,0.0,0.0,0.0,0.0,0.0,0.0,0.0,0.0,0.0,0.0,2.0,0.0,0.0,0.0,0.0,0.0,0.0,0.0,0.0,0.0,0.0,0.0,0.0,0.0,2.0,0.0,0.0,2.0,0.0,0.0,0.0,0.0,0.0,0.0,0.0,0.0,0.0,0.0,2.0,0.0,0.0,2.0,0.0,0.0,0.0,0.0,0.0,0.0,0.0,0.0,0.0,0.0,0.0,0.0,"Dec 31, 2018"
997,2204056.0,25124.0,Babylon,Hilla,Al Neshaish,النشيش,32.4659184499,44.5003517823,8.0,48.0,0.0,0.0,8.0,0.0,0.0,0.0,0.0,0.0,0.0,0.0,0.0,0.0,0.0,0.0,0.0,0.0,0.0,0.0,0.0,8.0,0.0,0.0,0.0,0.0,0.0,0.0,0.0,0.0,0.0,0.0,0.0,0.0,0.0,0.0,0.0,0.0,0.0,0.0,0.0,0.0,0.0,0.0,8.0,0.0,0.0,8.0,0.0,0.0,0.0,0.0,0.0,0.0,0.0,0.0,0.0,0.0,"Dec 31, 2018"
998,2204059.0,25450.0,Babylon,Hilla,Al Sajad Alshimaly,السجاد الشمالي,32.4417722337,44.42320948,5.0,30.0,0.0,0.0,0.0,0.0,0.0,0.0,0.0,0.0,0.0,0.0,0.0,0.0,5.0,0.0,0.0,0.0,0.0,0.0,0.0,0.0,0.0,0.0,0.0,0.0,0.0,0.0,5.0,0.0,0.0,5.0,0.0,0.0,0.0,0.0,0.0,0.0,0.0,0.0,0.0,0.0,0.0,0.0,5.0,0.0,0.0,5.0,0.0,0.0,0.0,0.0,0.0,0.0,0.0,0.0,0.0,0.0,"Dec 31, 2018"
999,2204061.0,24593.0,Babylon,Hilla,Al Shuhadaa,حي الشهداء,32.4713816985,44.4067799825,7.0,42.0,1.0,0.0,0.0,0.0,0.0,1.0,0.0,0.0,0.0,0.0,0.0,0.0,5.0,0.0,0.0,0.0,0.0,0.0,0.0,0.0,0.0,0.0,0.0,0.0,0.0,0.0,7.0,0.0,0.0,7.0,0.0,0.0,0.0,0.0,0.0,0.0,0.0,0.0,0.0,0.0,6.0,0.0,1.0,6.0,0.0,1.0,0.0,0.0,0.0,0.0,0.0,0.0,0.0,0.0,0.0,0.0,"Dec 31, 2018"
1000,2204065.0,24167.0,Babylon,Hilla,Al Tuhmazya,الطهمازيه,32.4658402914,44.40156,8.0,48.0,0.0,0.0,0.0,0.0,0.0,0.0,0.0,0.0,0.0,0.0,0.0,0.0,8.0,0.0,0.0,0.0,0.0,0.0,0.0,0.0,0.0,0.0,0.0,0.0,0.0,0.0,8.0,0.0,0.0,8.0,0.0,0.0,0.0,0.0,0.0,0.0,0.0,0.0,0.0,0.0,8.0,0.0,0.0,8.0,0.0,0.0,0.0,0.0,0.0,0.0,0.0,0.0,0.0,0.0,0.0,0.0,"Dec 31, 2018"
1001,2204067.0,25447.0,Babylon,Hilla,Al Wardiyah-Dakhel,الوردية-داخل,32.4798856988,44.440711175,2.0,12.0,0.0,0.0,0.0,0.0,0.0,0.0,0.0,0.0,0.0,0.0,0.0,0.0,2.0,0.0,0.0,0.0,0.0,0.0,0.0,0.0,0.0,0.0,0.0,0.0,0.0,0.0,2.0,0.0,0.0,2.0,0.0,0.0,0.0,0.0,0.0,0.0,0.0,0.0,0.0,0.0,2.0,0.0,0.0,2.0,0.0,0.0,0.0,0.0,0.0,0.0,0.0,0.0,0.0,0.0,0.0,0.0,"Dec 31, 2018"
1002,2204071.0,24694.0,Babylon,Hilla,Alataig,العتايج,32.4555528127,44.4564500866,8.0,48.0,0.0,0.0,0.0,0.0,0.0,0.0,0.0,0.0,0.0,0.0,0.0,0.0,8.0,0.0,0.0,0.0,0.0,0.0,0.0,0.0,0.0,0.0,0.0,0.0,0.0,0.0,8.0,0.0,0.0,8.0,0.0,0.0,0.0,0.0,0.0,0.0,0.0,0.0,0.0,0.0,8.0,0.0,0.0,8.0,0.0,0.0,0.0,0.0,0.0,0.0,0.0,0.0,0.0,0.0,0.0,0.0,"Dec 31, 2018"
1003,2204072.0,25443.0,Babylon,Hilla,Albo Alyan,البو عليان,32.5128694844,44.45323,5.0,30.0,0.0,5.0,0.0,0.0,0.0,0.0,0.0,0.0,0.0,0.0,0.0,0.0,0.0,0.0,0.0,0.0,0.0,0.0,0.0,0.0,0.0,0.0,0.0,0.0,0.0,0.0,5.0,0.0,0.0,5.0,0.0,0.0,0.0,0.0,0.0,0.0,0.0,0.0,0.0,0.0,5.0,0.0,0.0,5.0,0.0,0.0,0.0,0.0,0.0,0.0,0.0,0.0,0.0,0.0,0.0,0.0,"Dec 31, 2018"
1004,2204073.0,24460.0,Babylon,Hilla,Albo Hamir,البو حمير,32.5002902936,44.4814551565,3.0,18.0,3.0,0.0,0.0,0.0,0.0,0.0,0.0,0.0,0.0,0.0,0.0,0.0,0.0,0.0,0.0,0.0,0.0,0.0,0.0,0.0,0.0,0.0,0.0,0.0,0.0,0.0,3.0,0.0,0.0,3.0,0.0,0.0,0.0,0.0,0.0,0.0,0.0,0.0,0.0,0.0,0.0,0.0,0.0,0.0,3.0,0.0,0.0,3.0,0.0,0.0,0.0,0.0,0.0,0.0,0.0,0.0,"Dec 31, 2018"
1005,2204079.0,24980.0,Babylon,Hilla,Al-Kifil-Hay Al Ghadeer,حي الغدير,32.2300467026,44.378134352,2.0,12.0,0.0,0.0,0.0,0.0,0.0,0.0,0.0,0.0,0.0,0.0,0.0,0.0,2.0,0.0,0.0,0.0,0.0,0.0,0.0,0.0,0.0,0.0,0.0,0.0,0.0,0.0,2.0,0.0,0.0,2.0,0.0,0.0,0.0,0.0,0.0,0.0,0.0,0.0,0.0,0.0,2.0,0.0,0.0,2.0,0.0,0.0,0.0,0.0,0.0,0.0,0.0,0.0,0.0,0.0,0.0,0.0,"Dec 31, 2018"
1006,2204080.0,25714.0,Babylon,Hilla,Al-Kifil-Hay Al Hussain,حي الحسين-الكفل,32.22082834,44.36559697,3.0,18.0,0.0,0.0,0.0,0.0,0.0,0.0,0.0,0.0,0.0,0.0,0.0,0.0,3.0,0.0,0.0,0.0,0.0,0.0,0.0,0.0,0.0,0.0,0.0,0.0,0.0,0.0,3.0,0.0,0.0,3.0,0.0,0.0,0.0,0.0,0.0,0.0,0.0,0.0,0.0,0.0,3.0,0.0,0.0,3.0,0.0,0.0,0.0,0.0,0.0,0.0,0.0,0.0,0.0,0.0,0.0,0.0,"Dec 31, 2018"
1007,2204081.0,24511.0,Babylon,Hilla,AlMarashdah Villge,قرية المراشده,32.4876146576,44.4088399783,5.0,30.0,0.0,0.0,0.0,0.0,0.0,0.0,0.0,0.0,0.0,0.0,0.0,0.0,5.0,0.0,0.0,0.0,0.0,0.0,0.0,0.0,0.0,0.0,0.0,0.0,0.0,0.0,5.0,0.0,0.0,5.0,0.0,0.0,0.0,0.0,0.0,0.0,0.0,0.0,0.0,0.0,5.0,0.0,0.0,5.0,0.0,0.0,0.0,0.0,0.0,0.0,0.0,0.0,0.0,0.0,0.0,0.0,"Dec 31, 2018"
1008,2204083.0,7172.0,Babylon,Hilla,Al-Muhandiseen 4,حي المهندسين-4,32.444022771,44.39378,16.0,96.0,2.0,1.0,1.0,0.0,0.0,0.0,0.0,0.0,0.0,0.0,0.0,0.0,8.0,0.0,4.0,0.0,0.0,0.0,0.0,0.0,0.0,0.0,0.0,0.0,0.0,0.0,16.0,0.0,0.0,16.0,0.0,0.0,0.0,0.0,0.0,0.0,0.0,0.0,1.0,0.0,5.0,1.0,8.0,5.0,2.0,8.0,0.0,2.0,0.0,0.0,0.0,0.0,0.0,0.0,0.0,0.0,"Dec 31, 2018"
1009,2204088.0,7154.0,Babylon,Hilla,Al-Shawi,الشاوي,32.4680207623,44.4331882716,2.0,12.0,0.0,0.0,0.0,0.0,0.0,0.0,0.0,0.0,0.0,0.0,0.0,0.0,1.0,0.0,1.0,0.0,0.0,0.0,0.0,0.0,0.0,0.0,0.0,0.0,0.0,0.0,2.0,0.0,0.0,2.0,0.0,0.0,0.0,0.0,0.0,0.0,0.0,0.0,0.0,0.0,1.0,0.0,1.0,1.0,0.0,1.0,0.0,0.0,0.0,0.0,0.0,0.0,0.0,0.0,0.0,0.0,"Dec 31, 2018"
1010,2204089.0,7155.0,Babylon,Hilla,Al-Thawra Al-Sharqia,مركز القضاء-الثورة الشرقية,32.5036105986,44.4168297085,1.0,6.0,0.0,0.0,0.0,0.0,0.0,0.0,0.0,0.0,0.0,0.0,0.0,0.0,1.0,0.0,0.0,0.0,0.0,0.0,0.0,0.0,0.0,0.0,0.0,0.0,0.0,0.0,1.0,0.0,0.0,1.0,0.0,0.0,0.0,0.0,0.0,0.0,0.0,0.0,0.0,0.0,1.0,0.0,0.0,1.0,0.0,0.0,0.0,0.0,0.0,0.0,0.0,0.0,0.0,0.0,0.0,0.0,"Dec 31, 2018"
1011,2204093.0,23751.0,Babylon,Hilla,Bustan Al-helu,بستان الحلو,32.4853082129,44.4251778243,2.0,12.0,2.0,0.0,0.0,0.0,0.0,0.0,0.0,0.0,0.0,0.0,0.0,0.0,0.0,0.0,0.0,0.0,0.0,0.0,0.0,2.0,0.0,0.0,0.0,0.0,0.0,0.0,0.0,0.0,0.0,0.0,0.0,0.0,0.0,0.0,0.0,0.0,0.0,0.0,2.0,0.0,0.0,2.0,0.0,0.0,0.0,0.0,0.0,0.0,0.0,0.0,0.0,0.0,0.0,0.0,0.0,0.0,"Dec 31, 2018"
1012,2204099.0,24979.0,Babylon,Hilla,Hay Al Abbas,حي العباس,32.23321042,44.37994922,1.0,6.0,1.0,0.0,0.0,0.0,0.0,0.0,0.0,0.0,0.0,0.0,0.0,0.0,0.0,0.0,0.0,0.0,0.0,0.0,0.0,0.0,0.0,0.0,0.0,0.0,0.0,0.0,1.0,0.0,0.0,1.0,0.0,0.0,0.0,0.0,0.0,0.0,0.0,0.0,0.0,0.0,0.0,0.0,0.0,0.0,1.0,0.0,0.0,1.0,0.0,0.0,0.0,0.0,0.0,0.0,0.0,0.0,"Dec 31, 2018"
1013,2204100.0,23318.0,Babylon,Hilla,Hay Al Asatitha,الاساتذه,32.4838620777,44.408410019,7.0,42.0,0.0,0.0,0.0,0.0,0.0,0.0,0.0,0.0,0.0,0.0,0.0,0.0,7.0,0.0,0.0,0.0,0.0,0.0,0.0,0.0,0.0,0.0,0.0,0.0,0.0,0.0,7.0,0.0,0.0,7.0,0.0,0.0,0.0,0.0,0.0,0.0,0.0,0.0,0.0,0.0,7.0,0.0,0.0,7.0,0.0,0.0,0.0,0.0,0.0,0.0,0.0,0.0,0.0,0.0,0.0,0.0,"Dec 31, 2018"
1014,2204102.0,24457.0,Babylon,Hilla,Hay Al Hussain-Abu Gharaq,ناحية ابي غرق-حي الحسين,32.5240657073,44.3635713151,8.0,48.0,0.0,0.0,0.0,0.0,0.0,0.0,0.0,0.0,0.0,0.0,0.0,0.0,8.0,0.0,0.0,0.0,0.0,0.0,0.0,0.0,0.0,0.0,0.0,0.0,0.0,0.0,8.0,0.0,0.0,8.0,0.0,0.0,0.0,0.0,0.0,0.0,0.0,0.0,0.0,0.0,8.0,0.0,0.0,8.0,0.0,0.0,0.0,0.0,0.0,0.0,0.0,0.0,0.0,0.0,0.0,0.0,"Dec 31, 2018"
1015,2204103.0,25119.0,Babylon,Hilla,Hay Al Jawad,حي الجواد,32.5301403549,44.336650267,2.0,12.0,0.0,0.0,0.0,0.0,0.0,0.0,0.0,0.0,0.0,0.0,0.0,0.0,2.0,0.0,0.0,0.0,0.0,0.0,0.0,0.0,0.0,0.0,0.0,0.0,0.0,0.0,2.0,0.0,0.0,2.0,0.0,0.0,0.0,0.0,0.0,0.0,0.0,0.0,0.0,0.0,2.0,0.0,0.0,2.0,0.0,0.0,0.0,0.0,0.0,0.0,0.0,0.0,0.0,0.0,0.0,0.0,"Dec 31, 2018"
1016,2204108.0,24088.0,Babylon,Hilla,Hay Al-Akrad,حي الاكراد,32.4850853769,44.4332747657,3.0,18.0,0.0,0.0,0.0,0.0,0.0,0.0,0.0,0.0,0.0,0.0,0.0,0.0,3.0,0.0,0.0,0.0,0.0,0.0,0.0,1.0,0.0,0.0,0.0,0.0,0.0,0.0,2.0,0.0,0.0,2.0,0.0,0.0,0.0,0.0,0.0,0.0,0.0,0.0,0.0,0.0,3.0,0.0,0.0,3.0,0.0,0.0,0.0,0.0,0.0,0.0,0.0,0.0,0.0,0.0,0.0,0.0,"Dec 31, 2018"
1017,2204109.0,7107.0,Babylon,Hilla,Hay al-amer,حي الامير,32.5277748862,44.3405389507,1.0,6.0,0.0,0.0,0.0,0.0,0.0,0.0,0.0,0.0,0.0,0.0,0.0,0.0,1.0,0.0,0.0,0.0,0.0,0.0,0.0,0.0,0.0,0.0,0.0,0.0,0.0,0.0,1.0,0.0,0.0,1.0,0.0,0.0,0.0,0.0,0.0,0.0,0.0,0.0,0.0,0.0,1.0,0.0,0.0,1.0,0.0,0.0,0.0,0.0,0.0,0.0,0.0,0.0,0.0,0.0,0.0,0.0,"Dec 31, 2018"
1018,2204110.0,7191.0,Babylon,Hilla,Hay Al-Bakarley 4,البكرلي-4,32.4934203493,44.4620194572,9.0,54.0,2.0,0.0,0.0,0.0,0.0,3.0,0.0,0.0,0.0,0.0,0.0,0.0,4.0,0.0,0.0,0.0,0.0,0.0,0.0,0.0,0.0,0.0,0.0,0.0,0.0,0.0,9.0,0.0,0.0,9.0,0.0,0.0,0.0,0.0,0.0,0.0,0.0,0.0,0.0,0.0,3.0,0.0,3.0,3.0,0.0,3.0,1.0,0.0,0.0,1.0,2.0,0.0,0.0,2.0,0.0,0.0,"Dec 31, 2018"
1019,2204111.0,7174.0,Babylon,Hilla,Hay Al-Muhandiseen 2,حي المهندسين-2,32.4542983659,44.3977248892,2.0,12.0,0.0,0.0,0.0,0.0,0.0,0.0,0.0,0.0,0.0,0.0,0.0,0.0,2.0,0.0,0.0,0.0,0.0,0.0,0.0,0.0,0.0,0.0,0.0,0.0,0.0,0.0,2.0,0.0,0.0,2.0,0.0,0.0,0.0,0.0,0.0,0.0,0.0,0.0,0.0,0.0,2.0,0.0,0.0,2.0,0.0,0.0,0.0,0.0,0.0,0.0,0.0,0.0,0.0,0.0,0.0,0.0,"Dec 31, 2018"
1020,2204116.0,24515.0,Babylon,Hilla,Hay Alzahraa,ناحية ابي غرق-حي الزهراء,32.5336580579,44.3417557601,3.0,18.0,1.0,0.0,0.0,0.0,0.0,0.0,0.0,0.0,0.0,0.0,0.0,0.0,2.0,0.0,0.0,0.0,0.0,0.0,0.0,0.0,0.0,0.0,0.0,0.0,0.0,0.0,3.0,0.0,0.0,3.0,0.0,0.0,0.0,0.0,0.0,0.0,0.0,0.0,0.0,0.0,2.0,0.0,0.0,2.0,1.0,0.0,0.0,1.0,0.0,0.0,0.0,0.0,0.0,0.0,0.0,0.0,"Dec 31, 2018"
1021,2204118.0,24337.0,Babylon,Hilla,Hay Nadir 2,نادر 2,32.4459420436,44.4263014793,3.0,18.0,0.0,0.0,0.0,0.0,0.0,0.0,0.0,0.0,0.0,0.0,0.0,0.0,3.0,0.0,0.0,0.0,0.0,0.0,0.0,0.0,0.0,0.0,0.0,0.0,0.0,3.0,0.0,3.0,0.0,0.0,0.0,0.0,0.0,0.0,0.0,0.0,0.0,0.0,0.0,0.0,3.0,0.0,0.0,3.0,0.0,0.0,0.0,0.0,0.0,0.0,0.0,0.0,0.0,0.0,0.0,0.0,"Dec 31, 2018"
1022,2204120.0,25125.0,Babylon,Hilla,Hilla Area-Hay Imam,منطقة الحلة-حي الأمام,32.4997876168,44.4113358462,5.0,30.0,0.0,0.0,0.0,0.0,0.0,0.0,0.0,0.0,0.0,0.0,0.0,0.0,5.0,0.0,0.0,0.0,0.0,0.0,0.0,5.0,0.0,0.0,0.0,0.0,0.0,0.0,0.0,0.0,0.0,0.0,0.0,0.0,0.0,0.0,0.0,0.0,0.0,0.0,0.0,0.0,4.0,0.0,1.0,4.0,0.0,1.0,0.0,0.0,0.0,0.0,0.0,0.0,0.0,0.0,0.0,0.0,"Dec 31, 2018"
1023,2204131.0,25608.0,Babylon,Hilla,Hilla-Nader Al Baker,نادر-الباقر,32.443828057,44.4210029131,4.0,24.0,0.0,0.0,0.0,0.0,0.0,0.0,0.0,0.0,0.0,0.0,0.0,0.0,4.0,0.0,0.0,0.0,0.0,0.0,0.0,0.0,0.0,0.0,0.0,0.0,0.0,0.0,4.0,0.0,0.0,4.0,0.0,0.0,0.0,0.0,0.0,0.0,0.0,0.0,0.0,0.0,4.0,0.0,0.0,4.0,0.0,0.0,0.0,0.0,0.0,0.0,0.0,0.0,0.0,0.0,0.0,0.0,"Dec 31, 2018"
1024,2204135.0,23951.0,Babylon,Hilla,Kureteah,كريطعه,32.4745081789,44.4418108008,15.0,90.0,15.0,0.0,0.0,0.0,0.0,0.0,0.0,0.0,0.0,0.0,0.0,0.0,0.0,0.0,0.0,0.0,0.0,0.0,0.0,0.0,0.0,0.0,0.0,0.0,0.0,0.0,15.0,0.0,0.0,15.0,0.0,0.0,0.0,0.0,0.0,0.0,0.0,0.0,0.0,0.0,0.0,0.0,0.0,0.0,14.0,0.0,1.0,14.0,0.0,1.0,0.0,0.0,0.0,0.0,0.0,0.0,"Dec 31, 2018"
1025,2204136.0,24454.0,Babylon,Hilla,Muhaizem 2-Abu Gharaq,ناحية ابي غرق-محيزم 2,32.5089134685,44.3949137261,3.0,18.0,0.0,0.0,0.0,0.0,0.0,0.0,0.0,0.0,0.0,0.0,0.0,0.0,3.0,0.0,0.0,0.0,0.0,0.0,0.0,0.0,0.0,0.0,0.0,0.0,0.0,0.0,3.0,0.0,0.0,3.0,0.0,0.0,0.0,0.0,0.0,0.0,0.0,0.0,0.0,0.0,3.0,0.0,0.0,3.0,0.0,0.0,0.0,0.0,0.0,0.0,0.0,0.0,0.0,0.0,0.0,0.0,"Dec 31, 2018"
1026,2204137.0,24754.0,Babylon,Hilla,Mustafa Ragheb,مصطفى راغب,32.4794721682,44.4264983167,5.0,30.0,0.0,0.0,0.0,0.0,0.0,0.0,0.0,0.0,0.0,0.0,0.0,0.0,5.0,0.0,0.0,0.0,0.0,0.0,0.0,0.0,0.0,0.0,0.0,0.0,0.0,0.0,5.0,0.0,0.0,5.0,0.0,0.0,0.0,0.0,0.0,0.0,0.0,0.0,0.0,0.0,5.0,0.0,0.0,5.0,0.0,0.0,0.0,0.0,0.0,0.0,0.0,0.0,0.0,0.0,0.0,0.0,"Dec 31, 2018"
1027,2204138.0,25330.0,Babylon,Hilla,Nader 3-Al Sajad,نادر3-السجاد,32.44046807,44.42369747,3.0,18.0,0.0,0.0,0.0,0.0,0.0,0.0,0.0,0.0,0.0,0.0,0.0,0.0,3.0,0.0,0.0,0.0,0.0,0.0,0.0,3.0,0.0,0.0,0.0,0.0,0.0,0.0,0.0,0.0,0.0,0.0,0.0,0.0,0.0,0.0,0.0,0.0,0.0,0.0,0.0,0.0,3.0,0.0,0.0,3.0,0.0,0.0,0.0,0.0,0.0,0.0,0.0,0.0,0.0,0.0,0.0,0.0,"Dec 31, 2018"
1028,2204143.0,23950.0,Babylon,Hilla,Qas Sowelem-Compound,كص سويلم-المجمع السكني,32.4175456229,44.4068783285,83.0,498.0,0.0,3.0,0.0,0.0,0.0,0.0,0.0,0.0,0.0,0.0,0.0,0.0,80.0,0.0,0.0,0.0,0.0,0.0,0.0,0.0,0.0,83.0,0.0,0.0,83.0,0.0,0.0,0.0,0.0,0.0,0.0,0.0,0.0,0.0,0.0,0.0,0.0,0.0,0.0,0.0,80.0,0.0,3.0,80.0,0.0,3.0,0.0,0.0,0.0,0.0,0.0,0.0,0.0,0.0,0.0,0.0,"Dec 31, 2018"
1029,2204144.0,24462.0,Babylon,Hilla,Saif Saad,سيف سعد,32.4819711735,44.478355695,4.0,24.0,3.0,0.0,0.0,0.0,0.0,0.0,0.0,0.0,0.0,0.0,0.0,0.0,1.0,0.0,0.0,0.0,0.0,0.0,0.0,0.0,0.0,0.0,0.0,0.0,0.0,0.0,4.0,0.0,0.0,4.0,0.0,0.0,0.0,0.0,0.0,0.0,0.0,0.0,0.0,0.0,1.0,0.0,0.0,1.0,3.0,0.0,0.0,3.0,0.0,0.0,0.0,0.0,0.0,0.0,0.0,0.0,"Dec 31, 2018"
1030,2204146.0,7139.0,Babylon,Hilla,Tajia village,التاجية,32.4348288888,44.4179410734,4.0,24.0,0.0,0.0,0.0,0.0,0.0,0.0,0.0,0.0,0.0,0.0,0.0,0.0,4.0,0.0,0.0,0.0,0.0,0.0,0.0,4.0,0.0,0.0,0.0,0.0,0.0,0.0,0.0,0.0,0.0,0.0,0.0,0.0,0.0,0.0,0.0,0.0,0.0,0.0,0.0,0.0,4.0,0.0,0.0,4.0,0.0,0.0,0.0,0.0,0.0,0.0,0.0,0.0,0.0,0.0,0.0,0.0,"Dec 31, 2018"
1031,2204148.0,7097.0,Babylon,Hilla,Zighaib al-arab-1,ناحية ابي غرق-زغيب العرب,32.500330889,44.2715099625,1.0,6.0,0.0,0.0,0.0,0.0,0.0,0.0,0.0,0.0,0.0,0.0,0.0,0.0,1.0,0.0,0.0,0.0,0.0,0.0,0.0,1.0,0.0,0.0,0.0,0.0,0.0,0.0,0.0,0.0,0.0,0.0,0.0,0.0,0.0,0.0,0.0,0.0,0.0,0.0,0.0,0.0,1.0,0.0,0.0,1.0,0.0,0.0,0.0,0.0,0.0,0.0,0.0,0.0,0.0,0.0,0.0,0.0,"Dec 31, 2018"
1032,2204151.0,23955.0,Babylon,Hilla,Al-Askari-Al Wesiya,العسكري-الويسية,32.4358749431,44.3987978083,2.0,12.0,0.0,0.0,0.0,0.0,0.0,0.0,0.0,0.0,0.0,0.0,0.0,0.0,2.0,0.0,0.0,0.0,0.0,0.0,0.0,0.0,0.0,0.0,0.0,0.0,0.0,0.0,2.0,0.0,0.0,2.0,0.0,0.0,0.0,0.0,0.0,0.0,0.0,0.0,0.0,0.0,2.0,0.0,0.0,2.0,0.0,0.0,0.0,0.0,0.0,0.0,0.0,0.0,0.0,0.0,0.0,0.0,"Dec 31, 2018"
1033,2204154.0,27405.0,Babylon,Hilla,Hay Al-Kadhum,حي الكاظم,32.5252452169,44.3382463941,2.0,12.0,0.0,0.0,0.0,0.0,0.0,0.0,0.0,0.0,0.0,0.0,0.0,0.0,2.0,0.0,0.0,0.0,0.0,0.0,0.0,0.0,0.0,0.0,0.0,0.0,0.0,0.0,2.0,0.0,0.0,2.0,0.0,0.0,0.0,0.0,0.0,0.0,0.0,0.0,0.0,0.0,2.0,0.0,0.0,2.0,0.0,0.0,0.0,0.0,0.0,0.0,0.0,0.0,0.0,0.0,0.0,0.0,"Dec 31, 2018"
1034,2204155.0,28456.0,Babylon,Hilla,Hay Al Dhubbat,حي الضباط,32.5039546029,44.4116120665,2.0,12.0,0.0,0.0,0.0,0.0,0.0,0.0,0.0,0.0,0.0,0.0,0.0,0.0,2.0,0.0,0.0,0.0,0.0,0.0,0.0,0.0,0.0,0.0,0.0,0.0,0.0,0.0,2.0,0.0,0.0,2.0,0.0,0.0,0.0,0.0,0.0,0.0,0.0,0.0,0.0,0.0,0.0,0.0,0.0,0.0,2.0,0.0,0.0,2.0,0.0,0.0,0.0,0.0,0.0,0.0,0.0,0.0,"Dec 31, 2018"
1035,2204157.0,31700.0,Babylon,Hilla,Hay Al Safeer-Al Kifil,حي السفير-الكفل,32.227877,44.367009,5.0,30.0,0.0,0.0,0.0,0.0,0.0,0.0,0.0,0.0,0.0,0.0,0.0,0.0,5.0,0.0,0.0,0.0,0.0,0.0,0.0,0.0,0.0,0.0,0.0,0.0,0.0,0.0,5.0,0.0,0.0,5.0,0.0,0.0,0.0,0.0,0.0,0.0,0.0,0.0,0.0,0.0,5.0,0.0,0.0,5.0,0.0,0.0,0.0,0.0,0.0,0.0,0.0,0.0,0.0,0.0,0.0,0.0,"Dec 31, 2018"
1036,2301001.0,21173.0,Baghdad,Abu Ghraib,1 Athar,1 اذار,33.3033213473,44.1854363301,108.0,648.0,103.0,0.0,0.0,0.0,0.0,0.0,0.0,0.0,0.0,0.0,0.0,0.0,5.0,0.0,0.0,0.0,0.0,0.0,0.0,58.0,0.0,0.0,0.0,0.0,0.0,0.0,50.0,0.0,0.0,50.0,0.0,0.0,0.0,0.0,0.0,0.0,0.0,0.0,0.0,0.0,59.0,0.0,0.0,59.0,0.0,0.0,38.0,0.0,0.0,38.0,11.0,0.0,0.0,11.0,0.0,0.0,"Dec 31, 2018"
1037,2301002.0,7671.0,Baghdad,Abu Ghraib,1 Huzairan,1 حزيران,33.3012386527,44.1338154645,21.0,126.0,21.0,0.0,0.0,0.0,0.0,0.0,0.0,0.0,0.0,0.0,0.0,0.0,0.0,0.0,0.0,0.0,0.0,0.0,0.0,12.0,0.0,0.0,0.0,0.0,0.0,0.0,9.0,0.0,0.0,9.0,0.0,0.0,0.0,0.0,0.0,0.0,0.0,0.0,0.0,0.0,0.0,0.0,0.0,0.0,0.0,0.0,11.0,0.0,10.0,11.0,0.0,10.0,0.0,0.0,0.0,0.0,"Dec 31, 2018"
1038,2301003.0,24047.0,Baghdad,Abu Ghraib,Abo Moniaser,ابو منيصير,33.2943003676,44.0911685982,48.0,288.0,48.0,0.0,0.0,0.0,0.0,0.0,0.0,0.0,0.0,0.0,0.0,0.0,0.0,0.0,0.0,0.0,0.0,0.0,0.0,16.0,0.0,0.0,0.0,0.0,0.0,0.0,13.0,0.0,0.0,13.0,0.0,0.0,0.0,0.0,19.0,0.0,0.0,19.0,0.0,0.0,0.0,0.0,21.0,0.0,12.0,21.0,15.0,12.0,0.0,15.0,0.0,0.0,0.0,0.0,0.0,0.0,"Dec 31, 2018"
1039,2301005.0,25829.0,Baghdad,Abu Ghraib,AlAhel,مخيم الاهل,33.290516,44.110265,153.0,918.0,135.0,0.0,0.0,0.0,0.0,0.0,0.0,0.0,0.0,0.0,0.0,0.0,18.0,0.0,0.0,0.0,0.0,0.0,153.0,0.0,0.0,0.0,0.0,0.0,0.0,0.0,0.0,0.0,0.0,0.0,0.0,0.0,0.0,0.0,0.0,0.0,0.0,0.0,0.0,0.0,0.0,0.0,0.0,0.0,0.0,0.0,81.0,0.0,54.0,81.0,18.0,54.0,0.0,18.0,0.0,0.0,"Dec 31, 2018"
1040,2301007.0,24041.0,Baghdad,Abu Ghraib,Akr koof-14,عكركوف(14),33.3476160239,44.1762914807,12.0,72.0,12.0,0.0,0.0,0.0,0.0,0.0,0.0,0.0,0.0,0.0,0.0,0.0,0.0,0.0,0.0,0.0,0.0,0.0,0.0,12.0,0.0,0.0,0.0,0.0,0.0,0.0,0.0,0.0,0.0,0.0,0.0,0.0,0.0,0.0,0.0,0.0,0.0,0.0,2.0,0.0,0.0,2.0,0.0,0.0,2.0,0.0,8.0,2.0,0.0,8.0,0.0,0.0,0.0,0.0,0.0,0.0,"Dec 31, 2018"
1041,2301009.0,24058.0,Baghdad,Abu Ghraib,Al Ayashiyah 9,العياشية-9,33.3698441189,44.1267246987,11.0,66.0,5.0,0.0,0.0,0.0,0.0,0.0,0.0,0.0,0.0,0.0,0.0,0.0,0.0,0.0,6.0,0.0,0.0,0.0,0.0,11.0,0.0,0.0,0.0,0.0,0.0,0.0,0.0,0.0,0.0,0.0,0.0,0.0,0.0,0.0,0.0,0.0,0.0,0.0,5.0,0.0,0.0,5.0,0.0,0.0,6.0,0.0,0.0,6.0,0.0,0.0,0.0,0.0,0.0,0.0,0.0,0.0,"Dec 31, 2018"
1042,2301011.0,24038.0,Baghdad,Abu Ghraib,Al Emarat Al Sakaniyah,العمارات السكنية,33.3140192088,44.179388705,28.0,168.0,28.0,0.0,0.0,0.0,0.0,0.0,0.0,0.0,0.0,0.0,0.0,0.0,0.0,0.0,0.0,0.0,0.0,0.0,0.0,16.0,0.0,0.0,0.0,0.0,0.0,0.0,12.0,0.0,0.0,12.0,0.0,0.0,0.0,0.0,0.0,0.0,0.0,0.0,8.0,0.0,0.0,8.0,0.0,0.0,9.0,0.0,11.0,9.0,0.0,11.0,0.0,0.0,0.0,0.0,0.0,0.0,"Dec 31, 2018"
1043,2301012.0,24048.0,Baghdad,Abu Ghraib,Al Hamdaniyah,الحمدانية,33.3377035696,44.0733058177,18.0,108.0,12.0,0.0,6.0,0.0,0.0,0.0,0.0,0.0,0.0,0.0,0.0,0.0,0.0,0.0,0.0,0.0,0.0,0.0,0.0,11.0,0.0,0.0,0.0,0.0,0.0,0.0,7.0,0.0,0.0,7.0,0.0,0.0,0.0,0.0,0.0,0.0,0.0,0.0,8.0,0.0,0.0,8.0,0.0,0.0,2.0,0.0,8.0,2.0,0.0,8.0,0.0,0.0,0.0,0.0,0.0,0.0,"Dec 31, 2018"
1044,2301015.0,7662.0,Baghdad,Abu Ghraib,Al-Dhahab Al-Abyadh,الذهب الأبيض,33.3147962928,44.1662827524,9.0,54.0,9.0,0.0,0.0,0.0,0.0,0.0,0.0,0.0,0.0,0.0,0.0,0.0,0.0,0.0,0.0,0.0,0.0,0.0,0.0,4.0,0.0,0.0,0.0,0.0,0.0,0.0,5.0,0.0,0.0,5.0,0.0,0.0,0.0,0.0,0.0,0.0,0.0,0.0,0.0,0.0,0.0,0.0,0.0,0.0,4.0,0.0,5.0,4.0,0.0,5.0,0.0,0.0,0.0,0.0,0.0,0.0,"Dec 31, 2018"
1045,2301016.0,23867.0,Baghdad,Abu Ghraib,Al-Nasir Walsalam-1000,النصر والسلام-1000,33.3005843159,44.0418354893,25.0,150.0,25.0,0.0,0.0,0.0,0.0,0.0,0.0,0.0,0.0,0.0,0.0,0.0,0.0,0.0,0.0,0.0,0.0,0.0,0.0,6.0,0.0,0.0,0.0,0.0,0.0,0.0,19.0,0.0,0.0,19.0,0.0,0.0,0.0,0.0,0.0,0.0,0.0,0.0,16.0,0.0,0.0,16.0,0.0,0.0,0.0,0.0,9.0,0.0,0.0,9.0,0.0,0.0,0.0,0.0,0.0,0.0,"Dec 31, 2018"
1046,2301017.0,23864.0,Baghdad,Abu Ghraib,Al-Nasir Walsalam-2000,النصر والسلام-2000,33.3103151893,44.0321604333,12.0,72.0,12.0,0.0,0.0,0.0,0.0,0.0,0.0,0.0,0.0,0.0,0.0,0.0,0.0,0.0,0.0,0.0,0.0,0.0,0.0,8.0,0.0,0.0,0.0,0.0,0.0,0.0,4.0,0.0,0.0,4.0,0.0,0.0,0.0,0.0,0.0,0.0,0.0,0.0,0.0,0.0,0.0,0.0,0.0,0.0,3.0,0.0,9.0,3.0,0.0,9.0,0.0,0.0,0.0,0.0,0.0,0.0,"Dec 31, 2018"
1047,2301018.0,7626.0,Baghdad,Abu Ghraib,Al-Nasir Walsalam-3000,النصر والسلام-3000,33.3100092337,44.0215891903,55.0,330.0,55.0,0.0,0.0,0.0,0.0,0.0,0.0,0.0,0.0,0.0,0.0,0.0,0.0,0.0,0.0,0.0,0.0,0.0,0.0,34.0,0.0,0.0,0.0,0.0,0.0,0.0,21.0,0.0,0.0,21.0,0.0,0.0,0.0,0.0,0.0,0.0,0.0,0.0,21.0,0.0,0.0,21.0,0.0,0.0,12.0,0.0,22.0,12.0,0.0,22.0,0.0,0.0,0.0,0.0,0.0,0.0,"Dec 31, 2018"
1048,2301019.0,24044.0,Baghdad,Abu Ghraib,Al-Nasir Walsalam-4000,النصر والسلام-4000,33.3065822497,44.0233145496,54.0,324.0,54.0,0.0,0.0,0.0,0.0,0.0,0.0,0.0,0.0,0.0,0.0,0.0,0.0,0.0,0.0,0.0,0.0,0.0,0.0,32.0,0.0,0.0,0.0,0.0,0.0,0.0,22.0,0.0,0.0,22.0,0.0,0.0,0.0,0.0,0.0,0.0,0.0,0.0,31.0,0.0,0.0,31.0,0.0,0.0,10.0,0.0,13.0,10.0,0.0,13.0,0.0,0.0,0.0,0.0,0.0,0.0,"Dec 31, 2018"
1049,2301020.0,23866.0,Baghdad,Abu Ghraib,Al-Nasir Walsalam-5000,النصر والسلام-5000,33.3036633454,44.027626029,25.0,150.0,25.0,0.0,0.0,0.0,0.0,0.0,0.0,0.0,0.0,0.0,0.0,0.0,0.0,0.0,0.0,0.0,0.0,0.0,0.0,8.0,0.0,0.0,0.0,0.0,0.0,0.0,17.0,0.0,0.0,17.0,0.0,0.0,0.0,0.0,0.0,0.0,0.0,0.0,15.0,0.0,0.0,15.0,0.0,0.0,0.0,0.0,10.0,0.0,0.0,10.0,0.0,0.0,0.0,0.0,0.0,0.0,"Dec 31, 2018"
1050,2301021.0,23865.0,Baghdad,Abu Ghraib,Al-Nasir Walsalam-6000,النصر والسلام-6000,33.2938779747,44.0408240712,24.0,144.0,24.0,0.0,0.0,0.0,0.0,0.0,0.0,0.0,0.0,0.0,0.0,0.0,0.0,0.0,0.0,0.0,0.0,0.0,0.0,15.0,0.0,0.0,0.0,0.0,0.0,0.0,9.0,0.0,0.0,9.0,0.0,0.0,0.0,0.0,0.0,0.0,0.0,0.0,10.0,0.0,0.0,10.0,0.0,0.0,2.0,0.0,12.0,2.0,0.0,12.0,0.0,0.0,0.0,0.0,0.0,0.0,"Dec 31, 2018"
1051,2301022.0,24045.0,Baghdad,Abu Ghraib,Al-Nasir Walsalam-7000,النصر والسلام-7000,33.298550439,44.0264265363,49.0,294.0,49.0,0.0,0.0,0.0,0.0,0.0,0.0,0.0,0.0,0.0,0.0,0.0,0.0,0.0,0.0,0.0,0.0,0.0,0.0,22.0,0.0,0.0,0.0,0.0,0.0,0.0,27.0,0.0,0.0,27.0,0.0,0.0,0.0,0.0,0.0,0.0,0.0,0.0,20.0,0.0,0.0,20.0,0.0,0.0,3.0,0.0,26.0,3.0,0.0,26.0,0.0,0.0,0.0,0.0,0.0,0.0,"Dec 31, 2018"
1052,2301023.0,24046.0,Baghdad,Abu Ghraib,Al-Nasir Walsalam-8000,النصر والسلام-8000,33.295430854,44.0345979976,42.0,252.0,42.0,0.0,0.0,0.0,0.0,0.0,0.0,0.0,0.0,0.0,0.0,0.0,0.0,0.0,0.0,0.0,0.0,0.0,0.0,30.0,0.0,0.0,0.0,0.0,0.0,0.0,12.0,0.0,0.0,12.0,0.0,0.0,0.0,0.0,0.0,0.0,0.0,0.0,18.0,0.0,0.0,18.0,0.0,0.0,16.0,0.0,0.0,16.0,8.0,0.0,0.0,8.0,0.0,0.0,0.0,0.0,"Dec 31, 2018"
1053,2301024.0,7658.0,Baghdad,Abu Ghraib,Al-Resalah,الرسالة,33.2972104441,44.1190843447,59.0,354.0,59.0,0.0,0.0,0.0,0.0,0.0,0.0,0.0,0.0,0.0,0.0,0.0,0.0,0.0,0.0,0.0,0.0,0.0,0.0,40.0,0.0,0.0,0.0,0.0,0.0,0.0,19.0,0.0,0.0,19.0,0.0,0.0,0.0,0.0,0.0,0.0,0.0,0.0,11.0,0.0,17.0,11.0,0.0,17.0,11.0,0.0,13.0,11.0,7.0,13.0,0.0,7.0,0.0,0.0,0.0,0.0,"Dec 31, 2018"
1054,2301026.0,24054.0,Baghdad,Abu Ghraib,Arab Tahoos,عرب طاحوس,33.2931911695,44.0011548198,9.0,54.0,9.0,0.0,0.0,0.0,0.0,0.0,0.0,0.0,0.0,0.0,0.0,0.0,0.0,0.0,0.0,0.0,0.0,0.0,0.0,9.0,0.0,0.0,0.0,0.0,0.0,0.0,0.0,0.0,0.0,0.0,0.0,0.0,0.0,0.0,0.0,0.0,0.0,0.0,0.0,0.0,0.0,0.0,0.0,0.0,0.0,0.0,7.0,0.0,2.0,7.0,0.0,2.0,0.0,0.0,0.0,0.0,"Dec 31, 2018"
1055,2301027.0,24036.0,Baghdad,Abu Ghraib,Door Al hummer,دور الحمر,33.3114981916,44.174230945,9.0,54.0,9.0,0.0,0.0,0.0,0.0,0.0,0.0,0.0,0.0,0.0,0.0,0.0,0.0,0.0,0.0,0.0,0.0,0.0,0.0,0.0,0.0,0.0,0.0,0.0,0.0,0.0,9.0,0.0,0.0,9.0,0.0,0.0,0.0,0.0,0.0,0.0,0.0,0.0,0.0,0.0,5.0,0.0,0.0,5.0,0.0,0.0,4.0,0.0,0.0,4.0,0.0,0.0,0.0,0.0,0.0,0.0,"Dec 31, 2018"
1056,2301030.0,24055.0,Baghdad,Abu Ghraib,Hamid Al Hasan,حميد الحسن,33.2953688961,44.0748100133,13.0,78.0,13.0,0.0,0.0,0.0,0.0,0.0,0.0,0.0,0.0,0.0,0.0,0.0,0.0,0.0,0.0,0.0,0.0,0.0,0.0,5.0,0.0,0.0,0.0,0.0,0.0,0.0,8.0,0.0,0.0,8.0,0.0,0.0,0.0,0.0,0.0,0.0,0.0,0.0,5.0,0.0,0.0,5.0,8.0,0.0,0.0,8.0,0.0,0.0,0.0,0.0,0.0,0.0,0.0,0.0,0.0,0.0,"Dec 31, 2018"
1057,2301031.0,24033.0,Baghdad,Abu Ghraib,Hay Al Asreyah,حي العصرية,33.3228419714,44.1996684423,16.0,96.0,16.0,0.0,0.0,0.0,0.0,0.0,0.0,0.0,0.0,0.0,0.0,0.0,0.0,0.0,0.0,0.0,0.0,0.0,0.0,7.0,0.0,0.0,0.0,0.0,0.0,0.0,9.0,0.0,0.0,9.0,0.0,0.0,0.0,0.0,0.0,0.0,0.0,0.0,6.0,0.0,0.0,6.0,0.0,0.0,5.0,0.0,5.0,5.0,0.0,5.0,0.0,0.0,0.0,0.0,0.0,0.0,"Dec 31, 2018"
1058,2301032.0,24034.0,Baghdad,Abu Ghraib,Hay Al Ghawassah,حي الغواصة,33.296642372,44.1454898052,9.0,54.0,9.0,0.0,0.0,0.0,0.0,0.0,0.0,0.0,0.0,0.0,0.0,0.0,0.0,0.0,0.0,0.0,0.0,0.0,0.0,7.0,0.0,0.0,0.0,0.0,0.0,0.0,2.0,0.0,0.0,2.0,0.0,0.0,0.0,0.0,0.0,0.0,0.0,0.0,0.0,0.0,0.0,0.0,0.0,0.0,4.0,0.0,5.0,4.0,0.0,5.0,0.0,0.0,0.0,0.0,0.0,0.0,"Dec 31, 2018"
1059,2301034.0,24032.0,Baghdad,Abu Ghraib,Hay Al Sadiq,حي الصديق,33.3004440474,44.1909309288,15.0,90.0,15.0,0.0,0.0,0.0,0.0,0.0,0.0,0.0,0.0,0.0,0.0,0.0,0.0,0.0,0.0,0.0,0.0,0.0,0.0,7.0,0.0,0.0,0.0,0.0,0.0,0.0,8.0,0.0,0.0,8.0,0.0,0.0,0.0,0.0,0.0,0.0,0.0,0.0,0.0,0.0,15.0,0.0,0.0,15.0,0.0,0.0,0.0,0.0,0.0,0.0,0.0,0.0,0.0,0.0,0.0,0.0,"Dec 31, 2018"
1060,2301035.0,7623.0,Baghdad,Abu Ghraib,Al Zaitoon,الزيتون,33.3127515847,44.2010185519,30.0,180.0,30.0,0.0,0.0,0.0,0.0,0.0,0.0,0.0,0.0,0.0,0.0,0.0,0.0,0.0,0.0,0.0,0.0,0.0,0.0,12.0,0.0,0.0,0.0,0.0,0.0,0.0,18.0,0.0,0.0,18.0,0.0,0.0,0.0,0.0,0.0,0.0,0.0,0.0,0.0,0.0,0.0,0.0,0.0,0.0,16.0,0.0,8.0,16.0,6.0,8.0,0.0,6.0,0.0,0.0,0.0,0.0,"Dec 31, 2018"
1061,2301036.0,24039.0,Baghdad,Abu Ghraib,Hay Al Zohor,حي الزهور,33.311452335,44.1870208869,31.0,186.0,31.0,0.0,0.0,0.0,0.0,0.0,0.0,0.0,0.0,0.0,0.0,0.0,0.0,0.0,0.0,0.0,0.0,0.0,0.0,13.0,0.0,0.0,0.0,0.0,0.0,0.0,18.0,0.0,0.0,18.0,0.0,0.0,0.0,0.0,0.0,0.0,0.0,0.0,12.0,0.0,0.0,12.0,0.0,0.0,10.0,0.0,9.0,10.0,0.0,9.0,0.0,0.0,0.0,0.0,0.0,0.0,"Dec 31, 2018"
1062,2301038.0,7553.0,Baghdad,Abu Ghraib,Hay Al-Shuhadaa,حي الشهداء-خان ضاري,33.2945232332,44.0556337292,27.0,162.0,25.0,0.0,0.0,0.0,0.0,0.0,0.0,0.0,0.0,0.0,0.0,0.0,2.0,0.0,0.0,0.0,0.0,0.0,0.0,10.0,0.0,0.0,0.0,0.0,0.0,0.0,11.0,0.0,0.0,11.0,0.0,0.0,3.0,0.0,3.0,3.0,0.0,3.0,0.0,0.0,0.0,0.0,0.0,0.0,12.0,0.0,10.0,12.0,0.0,10.0,5.0,0.0,0.0,5.0,0.0,0.0,"Dec 31, 2018"
1063,2301039.0,22050.0,Baghdad,Abu Ghraib,Hay Ashbilia,حي اشبيليه,33.3047462623,44.1681249774,17.0,102.0,17.0,0.0,0.0,0.0,0.0,0.0,0.0,0.0,0.0,0.0,0.0,0.0,0.0,0.0,0.0,0.0,0.0,0.0,0.0,12.0,0.0,0.0,0.0,0.0,0.0,0.0,5.0,0.0,0.0,5.0,0.0,0.0,0.0,0.0,0.0,0.0,0.0,0.0,5.0,0.0,9.0,5.0,0.0,9.0,0.0,0.0,3.0,0.0,0.0,3.0,0.0,0.0,0.0,0.0,0.0,0.0,"Dec 31, 2018"
1064,2301042.0,24052.0,Baghdad,Abu Ghraib,Hay Sinaa,حي سيناء,33.2854783342,44.0540168139,8.0,48.0,0.0,0.0,8.0,0.0,0.0,0.0,0.0,0.0,0.0,0.0,0.0,0.0,0.0,0.0,0.0,0.0,0.0,0.0,0.0,5.0,0.0,0.0,0.0,0.0,0.0,0.0,3.0,0.0,0.0,3.0,0.0,0.0,0.0,0.0,0.0,0.0,0.0,0.0,5.0,0.0,0.0,5.0,0.0,0.0,3.0,0.0,0.0,3.0,0.0,0.0,0.0,0.0,0.0,0.0,0.0,0.0,"Dec 31, 2018"
1065,2301043.0,25129.0,Baghdad,Abu Ghraib,Hay-Busatan,حي البستان,33.3004271682,44.1778411522,29.0,174.0,25.0,0.0,0.0,0.0,0.0,0.0,0.0,0.0,4.0,0.0,0.0,0.0,0.0,0.0,0.0,0.0,0.0,0.0,0.0,11.0,0.0,0.0,0.0,0.0,0.0,0.0,18.0,0.0,0.0,18.0,0.0,0.0,0.0,0.0,0.0,0.0,0.0,0.0,0.0,0.0,10.0,0.0,0.0,10.0,6.0,0.0,6.0,6.0,7.0,6.0,0.0,7.0,0.0,0.0,0.0,0.0,"Dec 31, 2018"
1066,2301044.0,24056.0,Baghdad,Abu Ghraib,Kadem Al Athab village,كاظم العذاب,33.3135564908,44.0639620695,5.0,30.0,5.0,0.0,0.0,0.0,0.0,0.0,0.0,0.0,0.0,0.0,0.0,0.0,0.0,0.0,0.0,0.0,0.0,0.0,0.0,5.0,0.0,0.0,0.0,0.0,0.0,0.0,0.0,0.0,0.0,0.0,0.0,0.0,0.0,0.0,0.0,0.0,0.0,0.0,0.0,0.0,0.0,0.0,0.0,0.0,0.0,0.0,5.0,0.0,0.0,5.0,0.0,0.0,0.0,0.0,0.0,0.0,"Dec 31, 2018"
1067,2301045.0,25126.0,Baghdad,Abu Ghraib,Khan Dhari Center,خان ضاري مركز,33.2994513974,44.0579239832,29.0,174.0,19.0,0.0,0.0,0.0,0.0,0.0,0.0,0.0,0.0,0.0,0.0,0.0,4.0,0.0,6.0,0.0,0.0,0.0,0.0,7.0,0.0,0.0,0.0,0.0,0.0,0.0,15.0,0.0,0.0,15.0,0.0,0.0,0.0,0.0,7.0,0.0,0.0,7.0,0.0,0.0,0.0,0.0,0.0,0.0,10.0,0.0,7.0,10.0,8.0,7.0,4.0,8.0,0.0,4.0,0.0,0.0,"Dec 31, 2018"
1068,2301047.0,7709.0,Baghdad,Abu Ghraib,North Khernabat,خرنابات الشمالية,33.3290458689,44.1941221825,31.0,186.0,31.0,0.0,0.0,0.0,0.0,0.0,0.0,0.0,0.0,0.0,0.0,0.0,0.0,0.0,0.0,0.0,0.0,0.0,0.0,12.0,0.0,0.0,0.0,0.0,0.0,0.0,19.0,0.0,0.0,19.0,0.0,0.0,0.0,0.0,0.0,0.0,0.0,0.0,11.0,0.0,0.0,11.0,0.0,0.0,12.0,0.0,8.0,12.0,0.0,8.0,0.0,0.0,0.0,0.0,0.0,0.0,"Dec 31, 2018"
1069,2301048.0,25128.0,Baghdad,Abu Ghraib,Khernabat-South,خرنابات الجنوبيه,33.3205739005,44.1925306884,97.0,582.0,97.0,0.0,0.0,0.0,0.0,0.0,0.0,0.0,0.0,0.0,0.0,0.0,0.0,0.0,0.0,0.0,0.0,0.0,0.0,63.0,0.0,0.0,0.0,0.0,0.0,0.0,19.0,0.0,0.0,19.0,0.0,0.0,0.0,0.0,15.0,0.0,0.0,15.0,0.0,0.0,72.0,0.0,0.0,72.0,0.0,0.0,25.0,0.0,0.0,25.0,0.0,0.0,0.0,0.0,0.0,0.0,"Dec 31, 2018"
1070,2301049.0,24035.0,Baghdad,Abu Ghraib,Sayed Sajit,سيد ساجت,33.3176206694,44.1856408884,9.0,54.0,9.0,0.0,0.0,0.0,0.0,0.0,0.0,0.0,0.0,0.0,0.0,0.0,0.0,0.0,0.0,0.0,0.0,0.0,0.0,3.0,0.0,0.0,0.0,0.0,0.0,0.0,6.0,0.0,0.0,6.0,0.0,0.0,0.0,0.0,0.0,0.0,0.0,0.0,0.0,0.0,0.0,0.0,0.0,0.0,6.0,0.0,3.0,6.0,0.0,3.0,0.0,0.0,0.0,0.0,0.0,0.0,"Dec 31, 2018"
1071,2301055.0,27247.0,Baghdad,Abu Ghraib,Al Shams complex,مجمع الشمس,33.3145180731,44.0212471472,270.0,1620.0,270.0,0.0,0.0,0.0,0.0,0.0,0.0,0.0,0.0,0.0,0.0,0.0,0.0,0.0,0.0,0.0,0.0,0.0,270.0,0.0,0.0,0.0,0.0,0.0,0.0,0.0,0.0,0.0,0.0,0.0,0.0,0.0,0.0,0.0,0.0,0.0,0.0,0.0,0.0,0.0,0.0,0.0,0.0,0.0,0.0,0.0,163.0,0.0,53.0,163.0,54.0,53.0,0.0,54.0,0.0,0.0,"Dec 31, 2018"
1072,2301056.0,27290.0,Baghdad,Abu Ghraib,Joabh-3,جويبة-3,33.3879422367,44.1424758005,8.0,48.0,8.0,0.0,0.0,0.0,0.0,0.0,0.0,0.0,0.0,0.0,0.0,0.0,0.0,0.0,0.0,0.0,0.0,0.0,0.0,8.0,0.0,0.0,0.0,0.0,0.0,0.0,0.0,0.0,0.0,0.0,0.0,0.0,0.0,0.0,0.0,0.0,0.0,0.0,0.0,0.0,0.0,0.0,0.0,0.0,3.0,0.0,5.0,3.0,0.0,5.0,0.0,0.0,0.0,0.0,0.0,0.0,"Dec 31, 2018"
1073,2301057.0,27291.0,Baghdad,Abu Ghraib,Al Thaniya,الثنية,33.3442201262,44.1749737717,11.0,66.0,7.0,0.0,0.0,0.0,0.0,0.0,0.0,0.0,0.0,0.0,0.0,0.0,0.0,0.0,4.0,0.0,0.0,0.0,0.0,11.0,0.0,0.0,0.0,0.0,0.0,0.0,0.0,0.0,0.0,0.0,0.0,0.0,0.0,0.0,0.0,0.0,0.0,0.0,0.0,0.0,0.0,0.0,0.0,0.0,4.0,0.0,7.0,4.0,0.0,7.0,0.0,0.0,0.0,0.0,0.0,0.0,"Dec 31, 2018"
1074,2301069.0,29583.0,Baghdad,Abu Ghraib,Al-Amal camp,مخيم الامل,33.29697,44.021672,90.0,540.0,86.0,0.0,0.0,0.0,0.0,0.0,0.0,0.0,0.0,0.0,0.0,0.0,2.0,0.0,2.0,0.0,0.0,0.0,90.0,0.0,0.0,0.0,0.0,0.0,0.0,0.0,0.0,0.0,0.0,0.0,0.0,0.0,0.0,0.0,0.0,0.0,0.0,0.0,0.0,0.0,0.0,0.0,0.0,0.0,0.0,0.0,90.0,0.0,0.0,90.0,0.0,0.0,0.0,0.0,0.0,0.0,"Dec 31, 2018"
1075,2301071.0,31711.0,Baghdad,Abu Ghraib,Al Zaidan-Al sultan village,الزيدان-قرية السلطان,33.2687572977,44.0461905225,9.0,54.0,9.0,0.0,0.0,0.0,0.0,0.0,0.0,0.0,0.0,0.0,0.0,0.0,0.0,0.0,0.0,0.0,0.0,0.0,0.0,6.0,0.0,0.0,0.0,0.0,0.0,0.0,3.0,0.0,0.0,3.0,0.0,0.0,0.0,0.0,0.0,0.0,0.0,0.0,2.0,0.0,0.0,2.0,0.0,0.0,4.0,0.0,3.0,4.0,0.0,3.0,0.0,0.0,0.0,0.0,0.0,0.0,"Dec 31, 2018"
1076,2301072.0,31712.0,Baghdad,Abu Ghraib,Al Zaidan-Zawaba village,الزيدان-قرية زوبع,33.2497637744,44.0127914813,5.0,30.0,5.0,0.0,0.0,0.0,0.0,0.0,0.0,0.0,0.0,0.0,0.0,0.0,0.0,0.0,0.0,0.0,0.0,0.0,0.0,5.0,0.0,0.0,0.0,0.0,0.0,0.0,0.0,0.0,0.0,0.0,0.0,0.0,0.0,0.0,0.0,0.0,0.0,0.0,0.0,0.0,0.0,0.0,0.0,0.0,5.0,0.0,0.0,5.0,0.0,0.0,0.0,0.0,0.0,0.0,0.0,0.0,"Dec 31, 2018"
1077,2301073.0,31713.0,Baghdad,Abu Ghraib,Shuhada Markza-Shuhadda the first,الشهداءالمركز-شهداء الاولى,33.3016274152,44.1446313895,91.0,546.0,87.0,0.0,0.0,0.0,0.0,0.0,0.0,0.0,0.0,0.0,0.0,0.0,4.0,0.0,0.0,0.0,0.0,0.0,0.0,44.0,0.0,0.0,0.0,0.0,0.0,0.0,44.0,0.0,0.0,44.0,0.0,0.0,3.0,0.0,0.0,3.0,0.0,0.0,21.0,0.0,0.0,21.0,0.0,0.0,33.0,0.0,24.0,33.0,9.0,24.0,4.0,9.0,0.0,4.0,0.0,0.0,"Dec 31, 2018"
1078,2301074.0,31714.0,Baghdad,Abu Ghraib,Shuhada Markza-Shuhdda the second,الشهداء المركز-شهداء الثانية,33.3090530065,44.150024809,62.0,372.0,50.0,0.0,8.0,0.0,0.0,0.0,0.0,0.0,0.0,0.0,0.0,0.0,0.0,0.0,4.0,0.0,0.0,0.0,0.0,29.0,0.0,0.0,0.0,0.0,0.0,0.0,24.0,0.0,0.0,24.0,0.0,0.0,0.0,0.0,9.0,0.0,0.0,9.0,0.0,0.0,25.0,0.0,0.0,25.0,10.0,0.0,17.0,10.0,10.0,17.0,0.0,10.0,0.0,0.0,0.0,0.0,"Dec 31, 2018"
1079,2301075.0,31715.0,Baghdad,Abu Ghraib,Shuhada Markza-Shuhadda the third,الشهداء المركز-شهداء الثالثة,33.3093035029,44.1411110159,55.0,330.0,55.0,0.0,0.0,0.0,0.0,0.0,0.0,0.0,0.0,0.0,0.0,0.0,0.0,0.0,0.0,0.0,0.0,0.0,0.0,22.0,0.0,0.0,0.0,0.0,0.0,0.0,33.0,0.0,0.0,33.0,0.0,0.0,0.0,0.0,0.0,0.0,0.0,0.0,16.0,0.0,14.0,16.0,0.0,14.0,10.0,0.0,15.0,10.0,0.0,15.0,0.0,0.0,0.0,0.0,0.0,0.0,"Dec 31, 2018"
1080,2302002.0,24989.0,Baghdad,Adhamia,Abu Guffa Village,قرية أبو كفة,33.5384265072,44.3267169033,4.0,24.0,0.0,0.0,0.0,0.0,0.0,0.0,0.0,0.0,0.0,0.0,0.0,0.0,4.0,0.0,0.0,0.0,0.0,0.0,0.0,0.0,0.0,0.0,0.0,0.0,0.0,0.0,4.0,0.0,0.0,4.0,0.0,0.0,0.0,0.0,0.0,0.0,0.0,0.0,0.0,0.0,0.0,0.0,4.0,0.0,0.0,4.0,0.0,0.0,0.0,0.0,0.0,0.0,0.0,0.0,0.0,0.0,"Dec 31, 2018"
1081,2302004.0,7717.0,Baghdad,Adhamia,Adhamia-308,الاعظمية-308,33.3688919164,44.3620641746,13.0,78.0,5.0,0.0,0.0,0.0,0.0,2.0,0.0,0.0,0.0,0.0,0.0,0.0,4.0,0.0,2.0,0.0,0.0,0.0,0.0,0.0,0.0,0.0,0.0,0.0,0.0,0.0,13.0,0.0,0.0,13.0,0.0,0.0,0.0,0.0,0.0,0.0,0.0,0.0,0.0,0.0,4.0,0.0,0.0,4.0,4.0,0.0,5.0,4.0,0.0,5.0,0.0,0.0,0.0,0.0,0.0,0.0,"Dec 31, 2018"
1082,2302005.0,7730.0,Baghdad,Adhamia,Adhamia-312,الاعظمية-312,33.3702673045,44.3560919202,95.0,570.0,59.0,0.0,0.0,0.0,0.0,5.0,0.0,0.0,0.0,0.0,0.0,0.0,23.0,0.0,8.0,0.0,0.0,0.0,0.0,39.0,0.0,0.0,0.0,0.0,0.0,0.0,56.0,0.0,0.0,56.0,0.0,0.0,0.0,0.0,0.0,0.0,0.0,0.0,10.0,0.0,18.0,10.0,11.0,18.0,14.0,11.0,10.0,14.0,15.0,10.0,10.0,15.0,7.0,10.0,7.0,0.0,"Dec 31, 2018"
1083,2302006.0,23646.0,Baghdad,Adhamia,Adhamia-314,الأعظمية-314,33.3723172832,44.3646259349,110.0,660.0,63.0,0.0,0.0,0.0,0.0,0.0,0.0,0.0,5.0,0.0,0.0,0.0,28.0,0.0,14.0,0.0,0.0,0.0,0.0,49.0,0.0,0.0,0.0,0.0,0.0,0.0,61.0,0.0,0.0,61.0,0.0,0.0,0.0,0.0,0.0,0.0,0.0,0.0,7.0,0.0,22.0,7.0,29.0,22.0,16.0,29.0,18.0,16.0,6.0,18.0,12.0,6.0,0.0,12.0,0.0,0.0,"Dec 31, 2018"
1084,2302007.0,23728.0,Baghdad,Adhamia,Adhamiya-310,الاعظمية-310,33.3657624508,44.3533884767,26.0,156.0,8.0,0.0,0.0,0.0,0.0,3.0,0.0,0.0,0.0,0.0,0.0,0.0,10.0,0.0,5.0,0.0,0.0,0.0,0.0,9.0,0.0,7.0,0.0,0.0,7.0,0.0,10.0,0.0,0.0,10.0,0.0,0.0,0.0,0.0,0.0,0.0,0.0,0.0,0.0,0.0,6.0,0.0,4.0,6.0,5.0,4.0,0.0,5.0,7.0,0.0,4.0,7.0,0.0,4.0,0.0,0.0,"Dec 31, 2018"
1085,2302008.0,23729.0,Baghdad,Adhamia,Al Qahira-324,القاهرة-324,33.3847301823,44.3834480814,25.0,150.0,4.0,0.0,0.0,0.0,0.0,4.0,0.0,0.0,0.0,0.0,0.0,0.0,17.0,0.0,0.0,0.0,0.0,0.0,0.0,8.0,0.0,0.0,0.0,0.0,0.0,0.0,17.0,0.0,0.0,17.0,0.0,0.0,0.0,0.0,0.0,0.0,0.0,0.0,0.0,0.0,17.0,0.0,0.0,17.0,8.0,0.0,0.0,8.0,0.0,0.0,0.0,0.0,0.0,0.0,0.0,0.0,"Dec 31, 2018"
1086,2302010.0,24173.0,Baghdad,Adhamia,Al Basaten-362,البساتين-362,33.4423206373,44.3750336992,10.0,60.0,3.0,1.0,0.0,0.0,0.0,0.0,0.0,0.0,0.0,0.0,0.0,0.0,2.0,0.0,4.0,0.0,0.0,0.0,0.0,0.0,0.0,0.0,0.0,0.0,0.0,0.0,10.0,0.0,0.0,10.0,0.0,0.0,0.0,0.0,0.0,0.0,0.0,0.0,0.0,0.0,2.0,0.0,0.0,2.0,5.0,0.0,0.0,5.0,3.0,0.0,0.0,3.0,0.0,0.0,0.0,0.0,"Dec 31, 2018"
1087,2302011.0,24175.0,Baghdad,Adhamia,Al Basaten Al sadren complex,البساتين-مجمع الصدرين,33.4117000589,44.3773331427,4.0,24.0,1.0,0.0,0.0,0.0,0.0,1.0,0.0,0.0,0.0,0.0,0.0,0.0,2.0,0.0,0.0,0.0,0.0,0.0,0.0,0.0,0.0,0.0,0.0,0.0,0.0,0.0,4.0,0.0,0.0,4.0,0.0,0.0,0.0,0.0,0.0,0.0,0.0,0.0,0.0,0.0,4.0,0.0,0.0,4.0,0.0,0.0,0.0,0.0,0.0,0.0,0.0,0.0,0.0,0.0,0.0,0.0,"Dec 31, 2018"
1088,2302013.0,24030.0,Baghdad,Adhamia,Al Biydhaa-321,البيضاء-321,33.3874964689,44.4049726491,3.0,18.0,1.0,0.0,0.0,0.0,0.0,0.0,0.0,0.0,0.0,0.0,0.0,0.0,2.0,0.0,0.0,0.0,0.0,0.0,0.0,0.0,0.0,0.0,0.0,0.0,0.0,0.0,3.0,0.0,0.0,3.0,0.0,0.0,0.0,0.0,0.0,0.0,0.0,0.0,0.0,0.0,0.0,0.0,3.0,0.0,0.0,3.0,0.0,0.0,0.0,0.0,0.0,0.0,0.0,0.0,0.0,0.0,"Dec 31, 2018"
1089,2302014.0,24991.0,Baghdad,Adhamia,Al Haj Jasim Village,قرية الحاج جاسم,33.4539148615,44.3363067567,4.0,24.0,0.0,0.0,0.0,0.0,0.0,0.0,0.0,0.0,0.0,0.0,0.0,0.0,4.0,0.0,0.0,0.0,0.0,0.0,0.0,0.0,0.0,0.0,0.0,0.0,0.0,0.0,4.0,0.0,0.0,4.0,0.0,0.0,0.0,0.0,0.0,0.0,0.0,0.0,0.0,0.0,4.0,0.0,0.0,4.0,0.0,0.0,0.0,0.0,0.0,0.0,0.0,0.0,0.0,0.0,0.0,0.0,"Dec 31, 2018"
1090,2302015.0,24990.0,Baghdad,Adhamia,Al Haj Sabur Village,قرية الحاج صبر,33.4564896252,44.3183857904,5.0,30.0,0.0,0.0,0.0,0.0,0.0,0.0,0.0,0.0,0.0,0.0,0.0,0.0,5.0,0.0,0.0,0.0,0.0,0.0,0.0,0.0,0.0,0.0,0.0,0.0,0.0,0.0,5.0,0.0,0.0,5.0,0.0,0.0,0.0,0.0,0.0,0.0,0.0,0.0,0.0,0.0,5.0,0.0,0.0,5.0,0.0,0.0,0.0,0.0,0.0,0.0,0.0,0.0,0.0,0.0,0.0,0.0,"Dec 31, 2018"
1091,2302016.0,22004.0,Baghdad,Adhamia,Al Husayniya-221,الحسينية-221,33.5538628784,44.3954526554,8.0,48.0,0.0,0.0,0.0,0.0,0.0,0.0,0.0,0.0,0.0,0.0,0.0,0.0,1.0,0.0,7.0,0.0,0.0,0.0,0.0,3.0,0.0,0.0,0.0,0.0,0.0,0.0,5.0,0.0,0.0,5.0,0.0,0.0,0.0,0.0,0.0,0.0,0.0,0.0,0.0,0.0,0.0,0.0,1.0,0.0,7.0,1.0,0.0,7.0,0.0,0.0,0.0,0.0,0.0,0.0,0.0,0.0,"Dec 31, 2018"
1092,2302017.0,22005.0,Baghdad,Adhamia,Al Husayniya-225,الحسينية-225,33.5451271829,44.3901427527,10.0,60.0,0.0,0.0,0.0,0.0,0.0,3.0,0.0,0.0,0.0,0.0,0.0,0.0,7.0,0.0,0.0,0.0,0.0,0.0,0.0,3.0,0.0,0.0,0.0,0.0,0.0,0.0,7.0,0.0,0.0,7.0,0.0,0.0,0.0,0.0,0.0,0.0,0.0,0.0,0.0,0.0,2.0,0.0,6.0,2.0,2.0,6.0,0.0,2.0,0.0,0.0,0.0,0.0,0.0,0.0,0.0,0.0,"Dec 31, 2018"
1093,2302018.0,22032.0,Baghdad,Adhamia,Al Hussainiya-202,الحسينية-202,33.5411215894,44.4221602885,4.0,24.0,0.0,0.0,0.0,0.0,0.0,0.0,0.0,0.0,0.0,0.0,0.0,0.0,2.0,0.0,2.0,0.0,0.0,0.0,0.0,0.0,0.0,0.0,0.0,0.0,0.0,0.0,4.0,0.0,0.0,4.0,0.0,0.0,0.0,0.0,0.0,0.0,0.0,0.0,0.0,0.0,2.0,0.0,0.0,2.0,2.0,0.0,0.0,2.0,0.0,0.0,0.0,0.0,0.0,0.0,0.0,0.0,"Dec 31, 2018"
1094,2302023.0,22252.0,Baghdad,Adhamia,Al Hussainiya-209,الحسينية-209,33.5453434473,44.4048126744,6.0,36.0,0.0,0.0,0.0,0.0,0.0,1.0,0.0,0.0,0.0,0.0,0.0,0.0,4.0,0.0,1.0,0.0,0.0,0.0,0.0,0.0,0.0,0.0,0.0,0.0,0.0,0.0,6.0,0.0,0.0,6.0,0.0,0.0,0.0,0.0,0.0,0.0,0.0,0.0,0.0,0.0,1.0,0.0,0.0,1.0,5.0,0.0,0.0,5.0,0.0,0.0,0.0,0.0,0.0,0.0,0.0,0.0,"Dec 31, 2018"
1095,2302024.0,24930.0,Baghdad,Adhamia,Al Hussainiya-212,الحسينية-212,33.5449969305,44.4373427372,3.0,18.0,0.0,0.0,0.0,0.0,0.0,0.0,0.0,0.0,0.0,0.0,0.0,0.0,3.0,0.0,0.0,0.0,0.0,0.0,0.0,0.0,0.0,0.0,0.0,0.0,0.0,0.0,3.0,0.0,0.0,3.0,0.0,0.0,0.0,0.0,0.0,0.0,0.0,0.0,0.0,0.0,0.0,0.0,0.0,0.0,3.0,0.0,0.0,3.0,0.0,0.0,0.0,0.0,0.0,0.0,0.0,0.0,"Dec 31, 2018"
1096,2302025.0,22698.0,Baghdad,Adhamia,Al Hussainiya-213,الحسينية-213,33.5546444046,44.4063590421,5.0,30.0,1.0,0.0,0.0,0.0,0.0,2.0,0.0,0.0,0.0,0.0,0.0,0.0,2.0,0.0,0.0,0.0,0.0,0.0,0.0,0.0,0.0,0.0,0.0,0.0,0.0,0.0,5.0,0.0,0.0,5.0,0.0,0.0,0.0,0.0,0.0,0.0,0.0,0.0,0.0,0.0,2.0,0.0,0.0,2.0,2.0,0.0,1.0,2.0,0.0,1.0,0.0,0.0,0.0,0.0,0.0,0.0,"Dec 31, 2018"
1097,2302027.0,22380.0,Baghdad,Adhamia,Al Hussainiya-216,الحسينية-216,33.5526130358,44.4223986082,3.0,18.0,0.0,0.0,0.0,0.0,0.0,0.0,0.0,0.0,0.0,0.0,0.0,0.0,3.0,0.0,0.0,0.0,0.0,0.0,0.0,0.0,0.0,0.0,0.0,0.0,0.0,0.0,3.0,0.0,0.0,3.0,0.0,0.0,0.0,0.0,0.0,0.0,0.0,0.0,0.0,0.0,0.0,0.0,3.0,0.0,0.0,3.0,0.0,0.0,0.0,0.0,0.0,0.0,0.0,0.0,0.0,0.0,"Dec 31, 2018"
1098,2302028.0,22699.0,Baghdad,Adhamia,Al Hussainiya-217,الحسينية-217,33.5459316898,44.3938821103,4.0,24.0,0.0,0.0,0.0,0.0,0.0,0.0,0.0,0.0,2.0,0.0,0.0,0.0,2.0,0.0,0.0,0.0,0.0,0.0,0.0,0.0,0.0,0.0,0.0,0.0,0.0,0.0,4.0,0.0,0.0,4.0,0.0,0.0,0.0,0.0,0.0,0.0,0.0,0.0,0.0,0.0,0.0,0.0,2.0,0.0,2.0,2.0,0.0,2.0,0.0,0.0,0.0,0.0,0.0,0.0,0.0,0.0,"Dec 31, 2018"
1099,2302029.0,22381.0,Baghdad,Adhamia,Al Hussainiya-219,الحسينية-219,33.5477593445,44.3934714299,2.0,12.0,0.0,0.0,0.0,0.0,0.0,0.0,0.0,0.0,0.0,0.0,0.0,0.0,1.0,0.0,1.0,0.0,0.0,0.0,0.0,0.0,0.0,0.0,0.0,0.0,0.0,0.0,2.0,0.0,0.0,2.0,0.0,0.0,0.0,0.0,0.0,0.0,0.0,0.0,0.0,0.0,1.0,0.0,0.0,1.0,0.0,0.0,1.0,0.0,0.0,1.0,0.0,0.0,0.0,0.0,0.0,0.0,"Dec 31, 2018"
1100,2302031.0,21627.0,Baghdad,Adhamia,Al Hussayniya-210,الحسينية-210,33.5441376609,44.4203293969,4.0,24.0,0.0,0.0,0.0,0.0,0.0,0.0,0.0,0.0,0.0,0.0,0.0,0.0,2.0,0.0,2.0,0.0,0.0,0.0,0.0,0.0,0.0,0.0,0.0,0.0,0.0,0.0,4.0,0.0,0.0,4.0,0.0,0.0,0.0,0.0,0.0,0.0,0.0,0.0,0.0,0.0,2.0,0.0,0.0,2.0,2.0,0.0,0.0,2.0,0.0,0.0,0.0,0.0,0.0,0.0,0.0,0.0,"Dec 31, 2018"
1101,2302032.0,21628.0,Baghdad,Adhamia,Al Hussayniya-222,الحسينية-222,33.5562003418,44.4254136456,3.0,18.0,1.0,0.0,0.0,0.0,0.0,0.0,0.0,0.0,1.0,0.0,0.0,0.0,1.0,0.0,0.0,0.0,0.0,0.0,0.0,0.0,0.0,0.0,0.0,0.0,0.0,0.0,3.0,0.0,0.0,3.0,0.0,0.0,0.0,0.0,0.0,0.0,0.0,0.0,1.0,0.0,1.0,1.0,0.0,1.0,0.0,0.0,0.0,0.0,0.0,0.0,1.0,0.0,0.0,1.0,0.0,0.0,"Dec 31, 2018"
1102,2302034.0,22033.0,Baghdad,Adhamia,Al Hussayniya-207,الحسينية-207,33.5413266127,44.4105334125,5.0,30.0,2.0,0.0,0.0,0.0,0.0,0.0,0.0,0.0,0.0,0.0,0.0,0.0,2.0,0.0,1.0,0.0,0.0,0.0,0.0,0.0,0.0,0.0,0.0,0.0,0.0,0.0,5.0,0.0,0.0,5.0,0.0,0.0,0.0,0.0,0.0,0.0,0.0,0.0,0.0,0.0,2.0,0.0,2.0,2.0,0.0,2.0,1.0,0.0,0.0,1.0,0.0,0.0,0.0,0.0,0.0,0.0,"Dec 31, 2018"
1103,2302037.0,24621.0,Baghdad,Adhamia,Al Hussiniyah-223,الحسينية-223,33.5328191413,44.3936742852,4.0,24.0,0.0,0.0,0.0,0.0,0.0,0.0,0.0,0.0,1.0,0.0,0.0,0.0,3.0,0.0,0.0,0.0,0.0,0.0,0.0,2.0,0.0,0.0,0.0,0.0,0.0,0.0,2.0,0.0,0.0,2.0,0.0,0.0,0.0,0.0,0.0,0.0,0.0,0.0,0.0,0.0,0.0,0.0,0.0,0.0,4.0,0.0,0.0,4.0,0.0,0.0,0.0,0.0,0.0,0.0,0.0,0.0,"Dec 31, 2018"
1104,2302039.0,25208.0,Baghdad,Adhamia,Al Kouther,الكوثر,33.5366260121,44.3547659516,3.0,18.0,2.0,0.0,0.0,0.0,0.0,0.0,0.0,0.0,0.0,0.0,0.0,0.0,1.0,0.0,0.0,0.0,0.0,0.0,0.0,0.0,0.0,0.0,0.0,0.0,0.0,0.0,3.0,0.0,0.0,3.0,0.0,0.0,0.0,0.0,0.0,0.0,0.0,0.0,0.0,0.0,0.0,0.0,0.0,0.0,3.0,0.0,0.0,3.0,0.0,0.0,0.0,0.0,0.0,0.0,0.0,0.0,"Dec 31, 2018"
1105,2302040.0,24004.0,Baghdad,Adhamia,Al Maghreb-302,المغرب-302,33.3577572372,44.3809846207,7.0,42.0,2.0,0.0,0.0,0.0,0.0,0.0,0.0,0.0,0.0,0.0,0.0,0.0,2.0,0.0,3.0,0.0,0.0,0.0,0.0,0.0,0.0,0.0,0.0,0.0,0.0,0.0,7.0,0.0,0.0,7.0,0.0,0.0,0.0,0.0,0.0,0.0,0.0,0.0,0.0,0.0,0.0,0.0,0.0,0.0,5.0,0.0,0.0,5.0,0.0,0.0,2.0,0.0,0.0,2.0,0.0,0.0,"Dec 31, 2018"
1106,2302041.0,24005.0,Baghdad,Adhamia,Al Maghreb-304,المغرب-304,33.3678448713,44.3819849117,11.0,66.0,3.0,0.0,0.0,0.0,0.0,0.0,0.0,0.0,0.0,0.0,0.0,0.0,8.0,0.0,0.0,0.0,0.0,0.0,0.0,4.0,0.0,0.0,0.0,0.0,0.0,0.0,7.0,0.0,0.0,7.0,0.0,0.0,0.0,0.0,0.0,0.0,0.0,0.0,6.0,0.0,0.0,6.0,0.0,0.0,0.0,0.0,0.0,0.0,0.0,0.0,5.0,0.0,0.0,5.0,0.0,0.0,"Dec 31, 2018"
1107,2302042.0,7549.0,Baghdad,Adhamia,Al Marasma village,قرية المراسمة,33.5537640822,44.3433837599,2.0,12.0,1.0,0.0,0.0,0.0,0.0,0.0,0.0,0.0,0.0,0.0,0.0,0.0,0.0,0.0,1.0,0.0,0.0,0.0,0.0,0.0,0.0,0.0,0.0,0.0,0.0,0.0,2.0,0.0,0.0,2.0,0.0,0.0,0.0,0.0,0.0,0.0,0.0,0.0,0.0,0.0,0.0,0.0,0.0,0.0,2.0,0.0,0.0,2.0,0.0,0.0,0.0,0.0,0.0,0.0,0.0,0.0,"Dec 31, 2018"
1108,2302043.0,25220.0,Baghdad,Adhamia,Al Noor Village,قرية النور,33.545706941,44.3529059874,2.0,12.0,0.0,0.0,0.0,0.0,0.0,0.0,0.0,0.0,0.0,0.0,0.0,0.0,0.0,0.0,2.0,0.0,0.0,0.0,0.0,2.0,0.0,0.0,0.0,0.0,0.0,0.0,0.0,0.0,0.0,0.0,0.0,0.0,0.0,0.0,0.0,0.0,0.0,0.0,0.0,0.0,0.0,0.0,0.0,0.0,2.0,0.0,0.0,2.0,0.0,0.0,0.0,0.0,0.0,0.0,0.0,0.0,"Dec 31, 2018"
1109,2302044.0,23999.0,Baghdad,Adhamia,Al Qahira-307,القاهرة-307,33.378767863,44.3903726438,27.0,162.0,15.0,0.0,0.0,0.0,0.0,1.0,0.0,0.0,0.0,0.0,0.0,0.0,11.0,0.0,0.0,0.0,0.0,0.0,0.0,10.0,0.0,0.0,0.0,0.0,0.0,0.0,17.0,0.0,0.0,17.0,0.0,0.0,0.0,0.0,0.0,0.0,0.0,0.0,0.0,0.0,3.0,0.0,0.0,3.0,8.0,0.0,5.0,8.0,11.0,5.0,0.0,11.0,0.0,0.0,0.0,0.0,"Dec 31, 2018"
1110,2302045.0,24000.0,Baghdad,Adhamia,Al Qahira-309,القاهرة-309,33.3776275726,44.4001392913,9.0,54.0,2.0,0.0,0.0,0.0,0.0,0.0,0.0,0.0,0.0,0.0,0.0,0.0,7.0,0.0,0.0,0.0,0.0,0.0,0.0,2.0,0.0,0.0,0.0,0.0,0.0,0.0,7.0,0.0,0.0,7.0,0.0,0.0,0.0,0.0,0.0,0.0,0.0,0.0,0.0,0.0,0.0,0.0,0.0,0.0,4.0,0.0,2.0,4.0,0.0,2.0,3.0,0.0,0.0,3.0,0.0,0.0,"Dec 31, 2018"
1111,2302046.0,25454.0,Baghdad,Adhamia,Al Qahira-311,القاهرة-311,33.3829192158,44.3961581801,8.0,48.0,4.0,0.0,0.0,0.0,0.0,0.0,0.0,0.0,0.0,0.0,0.0,0.0,4.0,0.0,0.0,0.0,0.0,0.0,0.0,3.0,0.0,0.0,0.0,0.0,0.0,0.0,5.0,0.0,0.0,5.0,0.0,0.0,0.0,0.0,0.0,0.0,0.0,0.0,2.0,0.0,2.0,2.0,4.0,2.0,0.0,4.0,0.0,0.0,0.0,0.0,0.0,0.0,0.0,0.0,0.0,0.0,"Dec 31, 2018"
1112,2302047.0,25455.0,Baghdad,Adhamia,Al Qahira-313,القاهرة-313,33.3873826441,44.3884096811,3.0,18.0,1.0,0.0,0.0,0.0,0.0,0.0,0.0,0.0,0.0,0.0,0.0,0.0,0.0,0.0,2.0,0.0,0.0,0.0,0.0,0.0,0.0,0.0,0.0,0.0,0.0,0.0,3.0,0.0,0.0,3.0,0.0,0.0,0.0,0.0,0.0,0.0,0.0,0.0,0.0,0.0,0.0,0.0,0.0,0.0,2.0,0.0,1.0,2.0,0.0,1.0,0.0,0.0,0.0,0.0,0.0,0.0,"Dec 31, 2018"
1113,2302048.0,25456.0,Baghdad,Adhamia,Al Qahira-322,القاهرة-322,33.3808081132,44.3806140531,6.0,36.0,3.0,0.0,0.0,0.0,0.0,0.0,0.0,0.0,0.0,0.0,0.0,0.0,3.0,0.0,0.0,0.0,0.0,0.0,0.0,0.0,0.0,0.0,0.0,0.0,0.0,0.0,6.0,0.0,0.0,6.0,0.0,0.0,0.0,0.0,0.0,0.0,0.0,0.0,0.0,0.0,0.0,0.0,3.0,0.0,3.0,3.0,0.0,3.0,0.0,0.0,0.0,0.0,0.0,0.0,0.0,0.0,"Dec 31, 2018"
1114,2302049.0,24176.0,Baghdad,Adhamia,Hay Al Rabee-332,حي الربيع-332,33.3980222812,44.3537498957,69.0,414.0,45.0,0.0,0.0,0.0,0.0,0.0,0.0,0.0,0.0,0.0,0.0,0.0,16.0,0.0,8.0,0.0,0.0,0.0,0.0,23.0,0.0,0.0,0.0,0.0,0.0,0.0,46.0,0.0,0.0,46.0,0.0,0.0,0.0,0.0,0.0,0.0,0.0,0.0,34.0,0.0,16.0,34.0,0.0,16.0,8.0,0.0,6.0,8.0,0.0,6.0,5.0,0.0,0.0,5.0,0.0,0.0,"Dec 31, 2018"
1115,2302051.0,21629.0,Baghdad,Adhamia,Al Shaab-351,الشعب-351,33.422821852,44.3899640041,3.0,18.0,0.0,0.0,0.0,0.0,0.0,0.0,0.0,0.0,0.0,0.0,0.0,0.0,1.0,0.0,2.0,0.0,0.0,0.0,0.0,0.0,0.0,0.0,0.0,0.0,0.0,0.0,3.0,0.0,0.0,3.0,0.0,0.0,0.0,0.0,0.0,0.0,0.0,0.0,0.0,0.0,0.0,0.0,3.0,0.0,0.0,3.0,0.0,0.0,0.0,0.0,0.0,0.0,0.0,0.0,0.0,0.0,"Dec 31, 2018"
1116,2302052.0,23005.0,Baghdad,Adhamia,Al Shaab-331,الشعب-331,33.419886372,44.4180917583,2.0,12.0,1.0,0.0,0.0,0.0,0.0,1.0,0.0,0.0,0.0,0.0,0.0,0.0,0.0,0.0,0.0,0.0,0.0,0.0,0.0,0.0,0.0,0.0,0.0,0.0,0.0,0.0,2.0,0.0,0.0,2.0,0.0,0.0,0.0,0.0,0.0,0.0,0.0,0.0,0.0,0.0,0.0,0.0,1.0,0.0,0.0,1.0,0.0,0.0,1.0,0.0,0.0,1.0,0.0,0.0,0.0,0.0,"Dec 31, 2018"
1117,2302053.0,23736.0,Baghdad,Adhamia,Al Shaab-333,الشعب-333,33.4148173486,44.4115142445,4.0,24.0,1.0,0.0,0.0,0.0,0.0,1.0,0.0,0.0,0.0,0.0,0.0,0.0,1.0,0.0,1.0,0.0,0.0,0.0,0.0,0.0,0.0,0.0,0.0,0.0,0.0,0.0,4.0,0.0,0.0,4.0,0.0,0.0,0.0,0.0,0.0,0.0,0.0,0.0,1.0,0.0,2.0,1.0,0.0,2.0,1.0,0.0,0.0,1.0,0.0,0.0,0.0,0.0,0.0,0.0,0.0,0.0,"Dec 31, 2018"
1118,2302054.0,23978.0,Baghdad,Adhamia,Al Shaab-339,الشعب-339,33.4156156667,44.3895667559,19.0,114.0,5.0,0.0,0.0,0.0,0.0,0.0,0.0,0.0,0.0,0.0,0.0,0.0,12.0,0.0,2.0,0.0,0.0,0.0,0.0,6.0,0.0,0.0,0.0,0.0,0.0,0.0,13.0,0.0,0.0,13.0,0.0,0.0,0.0,0.0,0.0,0.0,0.0,0.0,5.0,0.0,12.0,5.0,0.0,12.0,2.0,0.0,0.0,2.0,0.0,0.0,0.0,0.0,0.0,0.0,0.0,0.0,"Dec 31, 2018"
1119,2302056.0,24440.0,Baghdad,Adhamia,AL Shaab-335,الشعب-335,33.4222791836,44.4146510498,19.0,114.0,3.0,0.0,0.0,0.0,0.0,4.0,0.0,0.0,1.0,0.0,0.0,0.0,7.0,0.0,4.0,0.0,0.0,0.0,0.0,3.0,0.0,0.0,0.0,0.0,0.0,0.0,16.0,0.0,0.0,16.0,0.0,0.0,0.0,0.0,0.0,0.0,0.0,0.0,0.0,0.0,2.0,0.0,2.0,2.0,10.0,2.0,3.0,10.0,0.0,3.0,2.0,0.0,0.0,2.0,0.0,0.0,"Dec 31, 2018"
1120,2302057.0,24441.0,Baghdad,Adhamia,AL Shaab-337,الشعب-337,33.4091435262,44.3880933049,15.0,90.0,3.0,0.0,0.0,0.0,0.0,1.0,0.0,0.0,0.0,0.0,0.0,0.0,11.0,0.0,0.0,0.0,0.0,0.0,0.0,2.0,0.0,0.0,0.0,0.0,0.0,0.0,13.0,0.0,0.0,13.0,0.0,0.0,0.0,0.0,0.0,0.0,0.0,0.0,3.0,0.0,1.0,3.0,0.0,1.0,11.0,0.0,0.0,11.0,0.0,0.0,0.0,0.0,0.0,0.0,0.0,0.0,"Dec 31, 2018"
1121,2302058.0,24443.0,Baghdad,Adhamia,AL Shaab-343,الشعب-343,33.427859502,44.4235977709,5.0,30.0,0.0,0.0,0.0,0.0,0.0,1.0,0.0,0.0,0.0,0.0,0.0,0.0,3.0,0.0,1.0,0.0,0.0,0.0,0.0,0.0,0.0,0.0,0.0,0.0,0.0,0.0,5.0,0.0,0.0,5.0,0.0,0.0,0.0,0.0,0.0,0.0,0.0,0.0,0.0,0.0,0.0,0.0,4.0,0.0,1.0,4.0,0.0,1.0,0.0,0.0,0.0,0.0,0.0,0.0,0.0,0.0,"Dec 31, 2018"
1122,2302060.0,24450.0,Baghdad,Adhamia,AL Shaab-357,الشعب-357,33.4257291143,44.3963322278,14.0,84.0,0.0,0.0,0.0,0.0,0.0,5.0,0.0,0.0,0.0,0.0,0.0,0.0,5.0,0.0,4.0,0.0,0.0,0.0,0.0,2.0,0.0,0.0,0.0,0.0,0.0,0.0,12.0,0.0,0.0,12.0,0.0,0.0,0.0,0.0,0.0,0.0,0.0,0.0,0.0,0.0,5.0,0.0,5.0,5.0,4.0,5.0,0.0,4.0,0.0,0.0,0.0,0.0,0.0,0.0,0.0,0.0,"Dec 31, 2018"
1123,2302062.0,24003.0,Baghdad,Adhamia,Al Shamasiyah-320,الشماسية-320,33.3824247239,44.3774598814,49.0,294.0,40.0,0.0,0.0,0.0,0.0,0.0,0.0,0.0,0.0,0.0,0.0,0.0,9.0,0.0,0.0,0.0,0.0,0.0,0.0,25.0,0.0,0.0,0.0,0.0,0.0,0.0,24.0,0.0,0.0,24.0,0.0,0.0,0.0,0.0,0.0,0.0,0.0,0.0,4.0,0.0,14.0,4.0,0.0,14.0,17.0,0.0,4.0,17.0,0.0,4.0,10.0,0.0,0.0,10.0,0.0,0.0,"Dec 31, 2018"
1124,2302063.0,24002.0,Baghdad,Adhamia,Al Shamasiyah-316,الشماسية-316,33.3728379869,44.3745400807,56.0,336.0,30.0,0.0,0.0,0.0,0.0,0.0,0.0,0.0,0.0,0.0,0.0,0.0,26.0,0.0,0.0,0.0,0.0,0.0,0.0,20.0,0.0,0.0,0.0,0.0,0.0,0.0,36.0,0.0,0.0,36.0,0.0,0.0,0.0,0.0,0.0,0.0,0.0,0.0,10.0,0.0,24.0,10.0,4.0,24.0,0.0,4.0,0.0,0.0,0.0,0.0,8.0,0.0,10.0,8.0,10.0,0.0,"Dec 31, 2018"
1125,2302064.0,23987.0,Baghdad,Adhamia,Al Shamasiyah-318,الشماسية-318,33.3804604143,44.3664046858,51.0,306.0,40.0,0.0,0.0,0.0,0.0,0.0,0.0,0.0,0.0,0.0,0.0,0.0,11.0,0.0,0.0,0.0,0.0,0.0,0.0,20.0,0.0,0.0,0.0,0.0,0.0,0.0,31.0,0.0,0.0,31.0,0.0,0.0,0.0,0.0,0.0,0.0,0.0,0.0,0.0,0.0,12.0,0.0,4.0,12.0,17.0,4.0,3.0,17.0,0.0,3.0,15.0,0.0,0.0,15.0,0.0,0.0,"Dec 31, 2018"
1126,2302065.0,25219.0,Baghdad,Adhamia,Al Waha Al Khadhraa Village,قرية الواحة الخضراء,33.6216721965,44.3614024465,3.0,18.0,0.0,0.0,0.0,0.0,0.0,0.0,0.0,0.0,0.0,0.0,0.0,0.0,3.0,0.0,0.0,0.0,0.0,0.0,0.0,0.0,0.0,0.0,0.0,0.0,0.0,0.0,3.0,0.0,0.0,3.0,0.0,0.0,0.0,0.0,0.0,0.0,0.0,0.0,0.0,0.0,0.0,0.0,0.0,0.0,3.0,0.0,0.0,3.0,0.0,0.0,0.0,0.0,0.0,0.0,0.0,0.0,"Dec 31, 2018"
1127,2302066.0,25619.0,Baghdad,Adhamia,Al Waziriyah-301,الوزيرية-301,33.3587936171,44.3897167,6.0,36.0,2.0,0.0,0.0,0.0,0.0,0.0,0.0,0.0,0.0,0.0,0.0,0.0,4.0,0.0,0.0,0.0,0.0,0.0,0.0,0.0,0.0,0.0,0.0,0.0,0.0,0.0,6.0,0.0,0.0,6.0,0.0,0.0,0.0,0.0,0.0,0.0,0.0,0.0,0.0,0.0,4.0,0.0,0.0,4.0,0.0,0.0,0.0,0.0,0.0,0.0,2.0,0.0,0.0,2.0,0.0,0.0,"Dec 31, 2018"
1128,2302069.0,23732.0,Baghdad,Adhamia,Al Biydhaa-315,البيضاء-315,33.3954685293,44.392316859,8.0,48.0,0.0,0.0,0.0,0.0,0.0,0.0,0.0,0.0,0.0,0.0,0.0,0.0,8.0,0.0,0.0,0.0,0.0,0.0,0.0,0.0,0.0,0.0,0.0,0.0,0.0,0.0,8.0,0.0,0.0,8.0,0.0,0.0,0.0,0.0,0.0,0.0,0.0,0.0,0.0,0.0,3.0,0.0,5.0,3.0,0.0,5.0,0.0,0.0,0.0,0.0,0.0,0.0,0.0,0.0,0.0,0.0,"Dec 31, 2018"
1129,2302071.0,25216.0,Baghdad,Adhamia,Ali Al Faiadh village,قرية علي الفياض,33.5610094595,44.3530452507,2.0,12.0,0.0,0.0,0.0,0.0,0.0,0.0,0.0,0.0,0.0,0.0,0.0,0.0,2.0,0.0,0.0,0.0,0.0,0.0,0.0,0.0,0.0,0.0,0.0,0.0,0.0,0.0,2.0,0.0,0.0,2.0,0.0,0.0,0.0,0.0,0.0,0.0,0.0,0.0,0.0,0.0,0.0,0.0,0.0,0.0,2.0,0.0,0.0,2.0,0.0,0.0,0.0,0.0,0.0,0.0,0.0,0.0,"Dec 31, 2018"
1130,2302074.0,25394.0,Baghdad,Adhamia,Bob Al Sham-361,بوب الشام-361,33.4669510939,44.3852503645,18.0,108.0,1.0,0.0,0.0,0.0,0.0,0.0,0.0,0.0,6.0,0.0,0.0,0.0,2.0,0.0,9.0,0.0,0.0,0.0,0.0,8.0,0.0,0.0,0.0,0.0,0.0,0.0,10.0,0.0,0.0,10.0,0.0,0.0,0.0,0.0,0.0,0.0,0.0,0.0,1.0,0.0,11.0,1.0,0.0,11.0,0.0,0.0,0.0,0.0,6.0,0.0,0.0,6.0,0.0,0.0,0.0,0.0,"Dec 31, 2018"
1131,2302076.0,25397.0,Baghdad,Adhamia,Bob Al Sham-365,بوب الشام-365,33.4464395586,44.3862114076,18.0,108.0,5.0,0.0,0.0,0.0,0.0,0.0,0.0,0.0,0.0,0.0,0.0,0.0,5.0,0.0,8.0,0.0,0.0,0.0,0.0,8.0,0.0,0.0,0.0,0.0,0.0,0.0,10.0,0.0,0.0,10.0,0.0,0.0,0.0,0.0,0.0,0.0,0.0,0.0,0.0,0.0,0.0,0.0,13.0,0.0,5.0,13.0,0.0,5.0,0.0,0.0,0.0,0.0,0.0,0.0,0.0,0.0,"Dec 31, 2018"
1132,2302077.0,25396.0,Baghdad,Adhamia,Bob Al Sham-367,بوب الشام-367,33.4392863221,44.3917032158,9.0,54.0,0.0,0.0,0.0,0.0,0.0,2.0,0.0,0.0,0.0,0.0,0.0,0.0,0.0,0.0,7.0,0.0,0.0,0.0,0.0,9.0,0.0,0.0,0.0,0.0,0.0,0.0,0.0,0.0,0.0,0.0,0.0,0.0,0.0,0.0,0.0,0.0,0.0,0.0,0.0,0.0,2.0,0.0,0.0,2.0,7.0,0.0,0.0,7.0,0.0,0.0,0.0,0.0,0.0,0.0,0.0,0.0,"Dec 31, 2018"
1133,2302078.0,25398.0,Baghdad,Adhamia,Bob Al Sham-388,بوب الشام-388,33.4566134174,44.3649235045,17.0,102.0,3.0,0.0,0.0,0.0,0.0,10.0,0.0,0.0,0.0,0.0,0.0,0.0,0.0,0.0,4.0,0.0,0.0,0.0,0.0,7.0,0.0,0.0,0.0,0.0,0.0,0.0,10.0,0.0,0.0,10.0,0.0,0.0,0.0,0.0,0.0,0.0,0.0,0.0,0.0,0.0,0.0,0.0,0.0,0.0,4.0,0.0,13.0,4.0,0.0,13.0,0.0,0.0,0.0,0.0,0.0,0.0,"Dec 31, 2018"
1134,2302080.0,24988.0,Baghdad,Adhamia,Gumaira Village,قرية كميرة,33.4534079242,44.3451166152,14.0,84.0,4.0,0.0,0.0,0.0,0.0,4.0,0.0,0.0,0.0,0.0,0.0,0.0,6.0,0.0,0.0,0.0,0.0,0.0,0.0,4.0,0.0,0.0,0.0,0.0,0.0,0.0,10.0,0.0,0.0,10.0,0.0,0.0,0.0,0.0,0.0,0.0,0.0,0.0,0.0,0.0,0.0,0.0,12.0,0.0,2.0,12.0,0.0,2.0,0.0,0.0,0.0,0.0,0.0,0.0,0.0,0.0,"Dec 31, 2018"
1135,2302082.0,7548.0,Baghdad,Adhamia,Al Qudus,القدس ,33.550207655,44.3728518178,2.0,12.0,0.0,0.0,0.0,0.0,0.0,1.0,0.0,0.0,0.0,0.0,0.0,0.0,1.0,0.0,0.0,0.0,0.0,0.0,0.0,0.0,0.0,0.0,0.0,0.0,0.0,0.0,2.0,0.0,0.0,2.0,0.0,0.0,0.0,0.0,0.0,0.0,0.0,0.0,0.0,0.0,1.0,0.0,0.0,1.0,0.0,0.0,0.0,0.0,0.0,0.0,1.0,0.0,0.0,1.0,0.0,0.0,"Dec 31, 2018"
1136,2302083.0,22777.0,Baghdad,Adhamia,Hay Al Rabee-340,حي الربيع-340,33.4053833885,44.3593348034,75.0,450.0,50.0,0.0,0.0,0.0,0.0,4.0,0.0,0.0,0.0,0.0,0.0,0.0,21.0,0.0,0.0,0.0,0.0,0.0,0.0,30.0,0.0,0.0,0.0,0.0,0.0,0.0,45.0,0.0,0.0,45.0,0.0,0.0,0.0,0.0,0.0,0.0,0.0,0.0,31.0,0.0,16.0,31.0,21.0,16.0,1.0,21.0,0.0,1.0,0.0,0.0,0.0,0.0,6.0,0.0,6.0,0.0,"Dec 31, 2018"
1137,2302084.0,21907.0,Baghdad,Adhamia,Al Hussainiya-211,الحسينية-211,33.549402245,44.4089511432,4.0,24.0,0.0,2.0,0.0,0.0,0.0,0.0,0.0,0.0,0.0,0.0,0.0,0.0,2.0,0.0,0.0,0.0,0.0,0.0,0.0,0.0,0.0,0.0,0.0,0.0,0.0,0.0,4.0,0.0,0.0,4.0,0.0,0.0,0.0,0.0,0.0,0.0,0.0,0.0,0.0,0.0,2.0,0.0,0.0,2.0,2.0,0.0,0.0,2.0,0.0,0.0,0.0,0.0,0.0,0.0,0.0,0.0,"Dec 31, 2018"
1138,2302085.0,21873.0,Baghdad,Adhamia,Al Hussayniya-218,الحسينية-218,33.5530252136,44.4288525325,5.0,30.0,0.0,0.0,0.0,0.0,0.0,0.0,0.0,0.0,2.0,0.0,0.0,0.0,3.0,0.0,0.0,0.0,0.0,0.0,0.0,0.0,0.0,0.0,0.0,0.0,0.0,0.0,5.0,0.0,0.0,5.0,0.0,0.0,0.0,0.0,0.0,0.0,0.0,0.0,0.0,0.0,0.0,0.0,3.0,0.0,0.0,3.0,0.0,0.0,0.0,0.0,2.0,0.0,0.0,2.0,0.0,0.0,"Dec 31, 2018"
1139,2302088.0,22874.0,Baghdad,Adhamia,Hay Al Rabee-342,حي الربيع-342,33.4104447663,44.3480841853,56.0,336.0,32.0,0.0,0.0,0.0,0.0,0.0,0.0,0.0,0.0,0.0,0.0,0.0,24.0,0.0,0.0,0.0,0.0,0.0,0.0,23.0,0.0,0.0,0.0,0.0,0.0,0.0,33.0,0.0,0.0,33.0,0.0,0.0,0.0,0.0,0.0,0.0,0.0,0.0,31.0,0.0,0.0,31.0,15.0,0.0,0.0,15.0,5.0,0.0,0.0,5.0,5.0,0.0,0.0,5.0,0.0,0.0,"Dec 31, 2018"
1140,2302092.0,7688.0,Baghdad,Adhamia,Qaryat Al-Intisar,الانتصار,33.505889544,44.3783493309,2.0,12.0,0.0,0.0,0.0,0.0,0.0,0.0,0.0,0.0,0.0,0.0,0.0,0.0,2.0,0.0,0.0,0.0,0.0,0.0,0.0,2.0,0.0,0.0,0.0,0.0,0.0,0.0,0.0,0.0,0.0,0.0,0.0,0.0,0.0,0.0,0.0,0.0,0.0,0.0,0.0,0.0,2.0,0.0,0.0,2.0,0.0,0.0,0.0,0.0,0.0,0.0,0.0,0.0,0.0,0.0,0.0,0.0,"Dec 31, 2018"
1141,2302093.0,7646.0,Baghdad,Adhamia,Saba Qusor,سبع قصور,33.4304635706,44.4286397377,25.0,150.0,3.0,0.0,0.0,0.0,0.0,4.0,0.0,0.0,2.0,0.0,0.0,0.0,12.0,0.0,4.0,0.0,0.0,0.0,0.0,6.0,0.0,0.0,0.0,0.0,0.0,0.0,19.0,0.0,0.0,19.0,0.0,0.0,0.0,0.0,0.0,0.0,0.0,0.0,3.0,0.0,12.0,3.0,4.0,12.0,6.0,4.0,0.0,6.0,0.0,0.0,0.0,0.0,0.0,0.0,0.0,0.0,"Dec 31, 2018"
1142,2302096.0,24439.0,Baghdad,Adhamia,Tarbiya-317,التربية-317,33.4018307915,44.3899564487,16.0,96.0,2.0,0.0,0.0,0.0,0.0,1.0,0.0,0.0,0.0,0.0,0.0,0.0,8.0,0.0,5.0,0.0,0.0,0.0,0.0,3.0,0.0,0.0,0.0,0.0,0.0,0.0,13.0,0.0,0.0,13.0,0.0,0.0,0.0,0.0,0.0,0.0,0.0,0.0,0.0,0.0,6.0,0.0,4.0,6.0,4.0,4.0,2.0,4.0,0.0,2.0,0.0,0.0,0.0,0.0,0.0,0.0,"Dec 31, 2018"
1143,2302098.0,24001.0,Baghdad,Adhamia,Tunis-326,تونس-326,33.392728172,44.3795829913,23.0,138.0,10.0,0.0,0.0,0.0,0.0,0.0,0.0,0.0,0.0,0.0,0.0,0.0,5.0,0.0,8.0,0.0,0.0,0.0,0.0,8.0,0.0,0.0,0.0,0.0,0.0,0.0,15.0,0.0,0.0,15.0,0.0,0.0,0.0,0.0,0.0,0.0,0.0,0.0,8.0,0.0,5.0,8.0,0.0,5.0,8.0,0.0,2.0,8.0,0.0,2.0,0.0,0.0,0.0,0.0,0.0,0.0,"Dec 31, 2018"
1144,2302099.0,22538.0,Baghdad,Adhamia,Tunis-330,تونس-330,33.4056766774,44.3659073806,32.0,192.0,11.0,0.0,0.0,0.0,0.0,0.0,0.0,0.0,0.0,0.0,0.0,0.0,12.0,0.0,9.0,0.0,0.0,0.0,0.0,9.0,0.0,0.0,0.0,0.0,0.0,0.0,23.0,0.0,0.0,23.0,0.0,0.0,0.0,0.0,0.0,0.0,0.0,0.0,2.0,0.0,12.0,2.0,0.0,12.0,9.0,0.0,2.0,9.0,0.0,2.0,7.0,0.0,0.0,7.0,0.0,0.0,"Dec 31, 2018"
1145,2302108.0,24029.0,Baghdad,Adhamia,Hay Ur-327,حي اور-327,33.4080514601,44.4178358866,8.0,48.0,2.0,0.0,0.0,0.0,0.0,0.0,0.0,0.0,0.0,0.0,0.0,0.0,5.0,0.0,1.0,0.0,0.0,0.0,0.0,2.0,0.0,0.0,0.0,0.0,0.0,0.0,6.0,0.0,0.0,6.0,0.0,0.0,0.0,0.0,0.0,0.0,0.0,0.0,2.0,0.0,2.0,2.0,0.0,2.0,2.0,0.0,0.0,2.0,0.0,0.0,2.0,0.0,0.0,2.0,0.0,0.0,"Dec 31, 2018"
1146,2302109.0,27117.0,Baghdad,Adhamia,Al Biydhaa-319,البيضاء-319,33.389094869,44.4021318328,4.0,24.0,1.0,0.0,0.0,0.0,0.0,0.0,0.0,0.0,0.0,0.0,0.0,0.0,3.0,0.0,0.0,0.0,0.0,0.0,0.0,0.0,0.0,0.0,0.0,0.0,0.0,0.0,4.0,0.0,0.0,4.0,0.0,0.0,0.0,0.0,0.0,0.0,0.0,0.0,0.0,0.0,2.0,0.0,2.0,2.0,0.0,2.0,0.0,0.0,0.0,0.0,0.0,0.0,0.0,0.0,0.0,0.0,"Dec 31, 2018"
1147,2302111.0,21171.0,Baghdad,Adhamia,Al Bu Hayat Village,قرية البوحياة,33.530445366,44.3056562969,2.0,12.0,0.0,0.0,0.0,0.0,0.0,2.0,0.0,0.0,0.0,0.0,0.0,0.0,0.0,0.0,0.0,0.0,0.0,0.0,0.0,0.0,0.0,0.0,0.0,0.0,0.0,0.0,2.0,0.0,0.0,2.0,0.0,0.0,0.0,0.0,0.0,0.0,0.0,0.0,0.0,0.0,0.0,0.0,0.0,0.0,2.0,0.0,0.0,2.0,0.0,0.0,0.0,0.0,0.0,0.0,0.0,0.0,"Dec 31, 2018"
1148,2302112.0,27192.0,Baghdad,Adhamia,Al Arakna Village,العراكنة,33.5348353982,44.3460773684,2.0,12.0,2.0,0.0,0.0,0.0,0.0,0.0,0.0,0.0,0.0,0.0,0.0,0.0,0.0,0.0,0.0,0.0,0.0,0.0,0.0,2.0,0.0,0.0,0.0,0.0,0.0,0.0,0.0,0.0,0.0,0.0,0.0,0.0,0.0,0.0,0.0,0.0,0.0,0.0,0.0,0.0,0.0,0.0,0.0,0.0,0.0,0.0,2.0,0.0,0.0,2.0,0.0,0.0,0.0,0.0,0.0,0.0,"Dec 31, 2018"
1149,2302113.0,27254.0,Baghdad,Adhamia,Tunis-328,تونس-328,33.3974167317,44.3800822565,15.0,90.0,6.0,0.0,0.0,0.0,0.0,0.0,0.0,0.0,0.0,0.0,0.0,0.0,9.0,0.0,0.0,0.0,0.0,0.0,0.0,5.0,0.0,0.0,0.0,0.0,0.0,0.0,10.0,0.0,0.0,10.0,0.0,0.0,0.0,0.0,0.0,0.0,0.0,0.0,0.0,0.0,0.0,0.0,0.0,0.0,9.0,0.0,6.0,9.0,0.0,6.0,0.0,0.0,0.0,0.0,0.0,0.0,"Dec 31, 2018"
1150,2302114.0,27255.0,Baghdad,Adhamia,Hay Al Rabee-334,حي الربيع-334,33.4011153179,44.351246145,31.0,186.0,12.0,0.0,0.0,0.0,0.0,4.0,0.0,0.0,0.0,0.0,0.0,0.0,9.0,0.0,6.0,0.0,0.0,0.0,0.0,18.0,0.0,0.0,0.0,0.0,0.0,0.0,13.0,0.0,0.0,13.0,0.0,0.0,0.0,0.0,0.0,0.0,0.0,0.0,0.0,0.0,0.0,0.0,4.0,0.0,12.0,4.0,6.0,12.0,0.0,6.0,9.0,0.0,0.0,9.0,0.0,0.0,"Dec 31, 2018"
1151,2302115.0,27256.0,Baghdad,Adhamia,Hay Al Rabee-336,حي الربيع-336,33.4028689174,44.3419580869,67.0,402.0,25.0,0.0,0.0,0.0,0.0,11.0,0.0,0.0,2.0,0.0,0.0,0.0,19.0,0.0,10.0,0.0,0.0,0.0,0.0,20.0,0.0,0.0,0.0,0.0,0.0,0.0,47.0,0.0,0.0,47.0,0.0,0.0,0.0,0.0,0.0,0.0,0.0,0.0,23.0,0.0,0.0,23.0,24.0,0.0,10.0,24.0,8.0,10.0,0.0,8.0,2.0,0.0,0.0,2.0,0.0,0.0,"Dec 31, 2018"
1152,2302116.0,27325.0,Baghdad,Adhamia,Hay Ur-325,حي اور-325,33.3969886101,44.416917233,30.0,180.0,9.0,0.0,0.0,0.0,0.0,0.0,0.0,0.0,0.0,0.0,0.0,0.0,15.0,0.0,6.0,0.0,0.0,0.0,0.0,10.0,0.0,0.0,0.0,0.0,0.0,0.0,20.0,0.0,0.0,20.0,0.0,0.0,0.0,0.0,0.0,0.0,0.0,0.0,10.0,0.0,2.0,10.0,8.0,2.0,5.0,8.0,3.0,5.0,2.0,3.0,0.0,2.0,0.0,0.0,0.0,0.0,"Dec 31, 2018"
1153,2302118.0,22612.0,Baghdad,Adhamia,Al Basaten-346,البساتين-346,33.41191395,44.38090566,2.0,12.0,0.0,0.0,0.0,0.0,0.0,0.0,0.0,0.0,0.0,0.0,0.0,0.0,1.0,0.0,1.0,0.0,0.0,0.0,0.0,0.0,0.0,0.0,0.0,0.0,0.0,0.0,2.0,0.0,0.0,2.0,0.0,0.0,0.0,0.0,0.0,0.0,0.0,0.0,0.0,0.0,1.0,0.0,0.0,1.0,1.0,0.0,0.0,1.0,0.0,0.0,0.0,0.0,0.0,0.0,0.0,0.0,"Dec 31, 2018"
1154,2302119.0,22696.0,Baghdad,Adhamia,Al Basaten-348,البساتين-348,33.4245422995,44.3726577879,4.0,24.0,0.0,3.0,0.0,0.0,0.0,1.0,0.0,0.0,0.0,0.0,0.0,0.0,0.0,0.0,0.0,0.0,0.0,0.0,0.0,0.0,0.0,0.0,0.0,0.0,0.0,0.0,4.0,0.0,0.0,4.0,0.0,0.0,0.0,0.0,0.0,0.0,0.0,0.0,0.0,0.0,0.0,0.0,1.0,0.0,3.0,1.0,0.0,3.0,0.0,0.0,0.0,0.0,0.0,0.0,0.0,0.0,"Dec 31, 2018"
1155,2303003.0,24736.0,Baghdad,Thawra1,Al Sadir-527,الصدر-527,33.3732281378,44.4455118074,5.0,30.0,0.0,0.0,0.0,0.0,0.0,0.0,0.0,0.0,0.0,0.0,0.0,0.0,5.0,0.0,0.0,0.0,0.0,0.0,0.0,0.0,0.0,0.0,0.0,0.0,0.0,0.0,5.0,0.0,0.0,5.0,0.0,0.0,0.0,0.0,0.0,0.0,0.0,0.0,0.0,0.0,0.0,0.0,5.0,0.0,0.0,5.0,0.0,0.0,0.0,0.0,0.0,0.0,0.0,0.0,0.0,0.0,"Dec 31, 2018"
1156,2304002.0,24622.0,Baghdad,Thawra2,Al Sadir 2-512,الصدر 2-512,33.3739488755,44.4182442143,4.0,24.0,0.0,0.0,0.0,0.0,0.0,0.0,0.0,0.0,0.0,0.0,0.0,0.0,4.0,0.0,0.0,0.0,0.0,0.0,0.0,0.0,0.0,0.0,0.0,0.0,0.0,0.0,4.0,0.0,0.0,4.0,0.0,0.0,0.0,0.0,0.0,0.0,0.0,0.0,0.0,0.0,0.0,0.0,4.0,0.0,0.0,4.0,0.0,0.0,0.0,0.0,0.0,0.0,0.0,0.0,0.0,0.0,"Dec 31, 2018"
1157,2304004.0,24656.0,Baghdad,Thawra2,Al Sadir 2-513,الصدر-513,33.3650258849,44.4323211943,3.0,18.0,0.0,0.0,0.0,0.0,0.0,0.0,0.0,0.0,0.0,0.0,0.0,0.0,3.0,0.0,0.0,0.0,0.0,0.0,0.0,0.0,0.0,0.0,0.0,0.0,0.0,0.0,3.0,0.0,0.0,3.0,0.0,0.0,0.0,0.0,0.0,0.0,0.0,0.0,0.0,0.0,3.0,0.0,0.0,3.0,0.0,0.0,0.0,0.0,0.0,0.0,0.0,0.0,0.0,0.0,0.0,0.0,"Dec 31, 2018"
1158,2304005.0,24655.0,Baghdad,Thawra2,Al Sadir 2-515,الصدر-515,33.3607689314,44.4460299873,3.0,18.0,0.0,0.0,0.0,0.0,0.0,0.0,0.0,0.0,0.0,0.0,0.0,0.0,3.0,0.0,0.0,0.0,0.0,0.0,0.0,0.0,0.0,0.0,0.0,0.0,0.0,0.0,3.0,0.0,0.0,3.0,0.0,0.0,0.0,0.0,0.0,0.0,0.0,0.0,0.0,0.0,0.0,0.0,3.0,0.0,0.0,3.0,0.0,0.0,0.0,0.0,0.0,0.0,0.0,0.0,0.0,0.0,"Dec 31, 2018"
1159,2304006.0,24503.0,Baghdad,Thawra2,Al Sadir 2-511,الصدر 2-511,33.3568590728,44.4379413452,4.0,24.0,0.0,0.0,0.0,0.0,0.0,2.0,0.0,0.0,0.0,0.0,0.0,0.0,2.0,0.0,0.0,0.0,0.0,0.0,0.0,0.0,0.0,0.0,0.0,0.0,0.0,0.0,4.0,0.0,0.0,4.0,0.0,0.0,0.0,0.0,0.0,0.0,0.0,0.0,0.0,0.0,0.0,0.0,2.0,0.0,0.0,2.0,0.0,0.0,0.0,0.0,2.0,0.0,0.0,2.0,0.0,0.0,"Dec 31, 2018"
1160,2304007.0,22883.0,Baghdad,Thawra2,Al Sadir 2-516,الصدر-516,33.3755218044,44.4249419629,3.0,18.0,0.0,0.0,0.0,0.0,0.0,0.0,0.0,0.0,0.0,0.0,0.0,0.0,3.0,0.0,0.0,0.0,0.0,0.0,0.0,0.0,0.0,0.0,0.0,0.0,0.0,0.0,3.0,0.0,0.0,3.0,0.0,0.0,0.0,0.0,0.0,0.0,0.0,0.0,0.0,0.0,0.0,0.0,0.0,0.0,3.0,0.0,0.0,3.0,0.0,0.0,0.0,0.0,0.0,0.0,0.0,0.0,"Dec 31, 2018"
1161,2304008.0,24659.0,Baghdad,Thawra2,Al Sadir 2-517,الصدر-517,33.3692543012,44.441657233,4.0,24.0,0.0,0.0,0.0,0.0,0.0,0.0,0.0,0.0,0.0,0.0,0.0,0.0,4.0,0.0,0.0,0.0,0.0,0.0,0.0,0.0,0.0,0.0,0.0,0.0,0.0,0.0,4.0,0.0,0.0,4.0,0.0,0.0,0.0,0.0,0.0,0.0,0.0,0.0,0.0,0.0,0.0,0.0,0.0,0.0,4.0,0.0,0.0,4.0,0.0,0.0,0.0,0.0,0.0,0.0,0.0,0.0,"Dec 31, 2018"
1162,2304009.0,22884.0,Baghdad,Thawra2,Al Sadir 2-518,الصدر-518,33.3779981973,44.4217473416,3.0,18.0,0.0,0.0,0.0,0.0,0.0,0.0,0.0,0.0,0.0,0.0,0.0,0.0,3.0,0.0,0.0,0.0,0.0,0.0,0.0,0.0,0.0,0.0,0.0,0.0,0.0,0.0,3.0,0.0,0.0,3.0,0.0,0.0,0.0,0.0,0.0,0.0,0.0,0.0,0.0,0.0,3.0,0.0,0.0,3.0,0.0,0.0,0.0,0.0,0.0,0.0,0.0,0.0,0.0,0.0,0.0,0.0,"Dec 31, 2018"
1163,2304010.0,24658.0,Baghdad,Thawra2,Al Sadir 2-541,الصدر-541,33.3787805392,44.4604858668,4.0,24.0,0.0,0.0,0.0,0.0,0.0,0.0,0.0,0.0,0.0,0.0,0.0,0.0,4.0,0.0,0.0,0.0,0.0,0.0,0.0,0.0,0.0,0.0,0.0,0.0,0.0,0.0,4.0,0.0,0.0,4.0,0.0,0.0,0.0,0.0,0.0,0.0,0.0,0.0,0.0,0.0,0.0,0.0,0.0,0.0,4.0,0.0,0.0,4.0,0.0,0.0,0.0,0.0,0.0,0.0,0.0,0.0,"Dec 31, 2018"
1164,2304011.0,24657.0,Baghdad,Thawra2,Al Sadir 2-571,الصدر-571,33.3866331751,44.4854092654,3.0,18.0,0.0,0.0,0.0,0.0,0.0,0.0,0.0,0.0,0.0,0.0,0.0,0.0,2.0,0.0,1.0,0.0,0.0,0.0,0.0,0.0,0.0,0.0,0.0,0.0,0.0,0.0,3.0,0.0,0.0,3.0,0.0,0.0,0.0,0.0,0.0,0.0,0.0,0.0,0.0,0.0,2.0,0.0,0.0,2.0,1.0,0.0,0.0,1.0,0.0,0.0,0.0,0.0,0.0,0.0,0.0,0.0,"Dec 31, 2018"
1165,2304012.0,24504.0,Baghdad,Thawra2,Al Sadir 3-555,الصدر 3-555,33.3753633673,44.4659114301,3.0,18.0,0.0,0.0,0.0,0.0,0.0,0.0,0.0,0.0,0.0,0.0,0.0,0.0,3.0,0.0,0.0,0.0,0.0,0.0,0.0,0.0,0.0,0.0,0.0,0.0,0.0,0.0,3.0,0.0,0.0,3.0,0.0,0.0,0.0,0.0,0.0,0.0,0.0,0.0,0.0,0.0,0.0,0.0,3.0,0.0,0.0,3.0,0.0,0.0,0.0,0.0,0.0,0.0,0.0,0.0,0.0,0.0,"Dec 31, 2018"
1166,2304013.0,22537.0,Baghdad,Thawra2,Al Sadir 5-528,الصدر-528,33.3877685985,44.4376341885,4.0,24.0,0.0,0.0,0.0,0.0,0.0,0.0,0.0,0.0,0.0,0.0,0.0,0.0,4.0,0.0,0.0,0.0,0.0,0.0,0.0,2.0,0.0,0.0,0.0,0.0,0.0,0.0,2.0,0.0,0.0,2.0,0.0,0.0,0.0,0.0,0.0,0.0,0.0,0.0,0.0,0.0,4.0,0.0,0.0,4.0,0.0,0.0,0.0,0.0,0.0,0.0,0.0,0.0,0.0,0.0,0.0,0.0,"Dec 31, 2018"
1167,2304015.0,24502.0,Baghdad,Thawra2,Al Sadir 8-550,الصدر 8-550,33.4011420057,44.4538749734,6.0,36.0,0.0,0.0,0.0,0.0,0.0,0.0,0.0,0.0,0.0,0.0,0.0,0.0,5.0,0.0,1.0,0.0,0.0,0.0,0.0,0.0,0.0,0.0,0.0,0.0,0.0,0.0,6.0,0.0,0.0,6.0,0.0,0.0,0.0,0.0,0.0,0.0,0.0,0.0,0.0,0.0,5.0,0.0,0.0,5.0,1.0,0.0,0.0,1.0,0.0,0.0,0.0,0.0,0.0,0.0,0.0,0.0,"Dec 31, 2018"
1168,2304016.0,24932.0,Baghdad,Thawra2,Al Sadir3-535,الصدر-535,33.3601801097,44.4554460032,6.0,36.0,0.0,0.0,0.0,0.0,0.0,0.0,0.0,0.0,0.0,0.0,0.0,0.0,6.0,0.0,0.0,0.0,0.0,0.0,0.0,0.0,0.0,0.0,0.0,0.0,0.0,0.0,6.0,0.0,0.0,6.0,0.0,0.0,0.0,0.0,0.0,0.0,0.0,0.0,0.0,0.0,6.0,0.0,0.0,6.0,0.0,0.0,0.0,0.0,0.0,0.0,0.0,0.0,0.0,0.0,0.0,0.0,"Dec 31, 2018"
1169,2304017.0,24584.0,Baghdad,Thawra2,Al Sadir3-537,الصدر-537,33.3631693231,44.456867023,3.0,18.0,0.0,0.0,0.0,0.0,0.0,0.0,0.0,0.0,0.0,0.0,0.0,0.0,3.0,0.0,0.0,0.0,0.0,0.0,0.0,3.0,0.0,0.0,0.0,0.0,0.0,0.0,0.0,0.0,0.0,0.0,0.0,0.0,0.0,0.0,0.0,0.0,0.0,0.0,0.0,0.0,0.0,0.0,3.0,0.0,0.0,3.0,0.0,0.0,0.0,0.0,0.0,0.0,0.0,0.0,0.0,0.0,"Dec 31, 2018"
1170,2304018.0,24933.0,Baghdad,Thawra2,Al Sadir4-547,الصدر-547,33.3805178828,44.4604993503,4.0,24.0,0.0,0.0,0.0,0.0,0.0,0.0,0.0,0.0,0.0,0.0,0.0,0.0,4.0,0.0,0.0,0.0,0.0,0.0,0.0,0.0,0.0,0.0,0.0,0.0,0.0,0.0,4.0,0.0,0.0,4.0,0.0,0.0,0.0,0.0,0.0,0.0,0.0,0.0,0.0,0.0,4.0,0.0,0.0,4.0,0.0,0.0,0.0,0.0,0.0,0.0,0.0,0.0,0.0,0.0,0.0,0.0,"Dec 31, 2018"
1171,2304019.0,24585.0,Baghdad,Thawra2,Al Sadir5-520,الصدر-520,33.3800346381,44.4439285304,3.0,18.0,0.0,0.0,0.0,0.0,0.0,2.0,0.0,0.0,0.0,0.0,0.0,0.0,1.0,0.0,0.0,0.0,0.0,0.0,0.0,0.0,0.0,0.0,0.0,0.0,0.0,0.0,3.0,0.0,0.0,3.0,0.0,0.0,0.0,0.0,0.0,0.0,0.0,0.0,0.0,0.0,1.0,0.0,2.0,1.0,0.0,2.0,0.0,0.0,0.0,0.0,0.0,0.0,0.0,0.0,0.0,0.0,"Dec 31, 2018"
1172,2304020.0,24586.0,Baghdad,Thawra2,Al Sadir5-522,الصدر-522,33.3834956003,44.4396228036,4.0,24.0,0.0,0.0,0.0,0.0,0.0,0.0,0.0,0.0,0.0,0.0,0.0,0.0,4.0,0.0,0.0,0.0,0.0,0.0,0.0,2.0,0.0,0.0,0.0,0.0,0.0,0.0,2.0,0.0,0.0,2.0,0.0,0.0,0.0,0.0,0.0,0.0,0.0,0.0,0.0,0.0,4.0,0.0,0.0,4.0,0.0,0.0,0.0,0.0,0.0,0.0,0.0,0.0,0.0,0.0,0.0,0.0,"Dec 31, 2018"
1173,2304021.0,24587.0,Baghdad,Thawra2,Al Sadir5-530,الصدر-530,33.3914971917,44.4330386768,4.0,24.0,0.0,0.0,0.0,0.0,0.0,1.0,0.0,0.0,0.0,0.0,0.0,0.0,2.0,0.0,1.0,0.0,0.0,0.0,0.0,0.0,0.0,0.0,0.0,0.0,0.0,0.0,4.0,0.0,0.0,4.0,0.0,0.0,0.0,0.0,0.0,0.0,0.0,0.0,0.0,0.0,3.0,0.0,0.0,3.0,0.0,0.0,1.0,0.0,0.0,1.0,0.0,0.0,0.0,0.0,0.0,0.0,"Dec 31, 2018"
1174,2304022.0,24588.0,Baghdad,Thawra2,Al Sadir5-532,الصدر-532,33.3856694084,44.4497497132,5.0,30.0,1.0,0.0,0.0,0.0,0.0,0.0,0.0,0.0,0.0,0.0,0.0,0.0,3.0,0.0,1.0,0.0,0.0,0.0,0.0,0.0,0.0,0.0,0.0,0.0,0.0,0.0,5.0,0.0,0.0,5.0,0.0,0.0,0.0,0.0,0.0,0.0,0.0,0.0,1.0,0.0,3.0,1.0,0.0,3.0,1.0,0.0,0.0,1.0,0.0,0.0,0.0,0.0,0.0,0.0,0.0,0.0,"Dec 31, 2018"
1175,2304024.0,25721.0,Baghdad,Thawra2,Al Sadir6-573,الصدر-573,33.3955143147,44.4962556843,5.0,30.0,3.0,0.0,0.0,0.0,0.0,0.0,0.0,0.0,0.0,0.0,0.0,0.0,2.0,0.0,0.0,0.0,0.0,0.0,0.0,0.0,0.0,0.0,0.0,0.0,0.0,0.0,5.0,0.0,0.0,5.0,0.0,0.0,0.0,0.0,0.0,0.0,0.0,0.0,0.0,0.0,2.0,0.0,0.0,2.0,0.0,0.0,0.0,0.0,0.0,0.0,3.0,0.0,0.0,3.0,0.0,0.0,"Dec 31, 2018"
1176,2304025.0,23039.0,Baghdad,Thawra2,Al Sadir6-575,الصدر-575,33.4014861627,44.4996023083,7.0,42.0,2.0,0.0,0.0,0.0,0.0,0.0,0.0,0.0,0.0,0.0,0.0,0.0,4.0,0.0,1.0,0.0,0.0,0.0,0.0,0.0,0.0,0.0,0.0,0.0,0.0,0.0,7.0,0.0,0.0,7.0,0.0,0.0,0.0,0.0,0.0,0.0,0.0,0.0,0.0,0.0,0.0,0.0,4.0,0.0,3.0,4.0,0.0,3.0,0.0,0.0,0.0,0.0,0.0,0.0,0.0,0.0,"Dec 31, 2018"
1177,2304026.0,24591.0,Baghdad,Thawra2,Al Sadir7-538,الصدر-538,33.3939917559,44.4433513316,5.0,30.0,0.0,0.0,0.0,0.0,0.0,0.0,0.0,0.0,0.0,0.0,0.0,0.0,5.0,0.0,0.0,0.0,0.0,0.0,0.0,0.0,0.0,0.0,0.0,0.0,0.0,0.0,5.0,0.0,0.0,5.0,0.0,0.0,0.0,0.0,0.0,0.0,0.0,0.0,0.0,0.0,5.0,0.0,0.0,5.0,0.0,0.0,0.0,0.0,0.0,0.0,0.0,0.0,0.0,0.0,0.0,0.0,"Dec 31, 2018"
1178,2304028.0,24589.0,Baghdad,Thawra2,Al Sadir7-544,الصدر-544,33.397467012,44.4530950474,4.0,24.0,2.0,0.0,0.0,0.0,0.0,0.0,0.0,0.0,0.0,0.0,0.0,0.0,2.0,0.0,0.0,0.0,0.0,0.0,0.0,0.0,0.0,0.0,0.0,0.0,0.0,0.0,4.0,0.0,0.0,4.0,0.0,0.0,0.0,0.0,0.0,0.0,0.0,0.0,0.0,0.0,0.0,0.0,0.0,0.0,2.0,0.0,2.0,2.0,0.0,2.0,0.0,0.0,0.0,0.0,0.0,0.0,"Dec 31, 2018"
1179,2305001.0,24734.0,Baghdad,Al Resafa,14 Tamoz-508,508-14 تموز,33.36193407,44.4213684743,15.0,90.0,3.0,0.0,0.0,0.0,0.0,2.0,0.0,0.0,0.0,0.0,0.0,0.0,6.0,0.0,4.0,0.0,0.0,0.0,0.0,6.0,0.0,0.0,0.0,0.0,0.0,0.0,9.0,0.0,0.0,9.0,0.0,0.0,0.0,0.0,0.0,0.0,0.0,0.0,0.0,0.0,0.0,0.0,3.0,0.0,6.0,3.0,0.0,6.0,3.0,0.0,3.0,3.0,0.0,3.0,0.0,0.0,"Dec 31, 2018"
1180,2305002.0,24735.0,Baghdad,Al Resafa,14 Tamoz-510,510-14 تموز,33.3665657156,44.4131876471,12.0,72.0,4.0,0.0,0.0,0.0,0.0,0.0,0.0,0.0,0.0,0.0,0.0,0.0,8.0,0.0,0.0,0.0,0.0,0.0,0.0,4.0,0.0,0.0,0.0,0.0,0.0,0.0,8.0,0.0,0.0,8.0,0.0,0.0,0.0,0.0,0.0,0.0,0.0,0.0,5.0,0.0,7.0,5.0,0.0,7.0,0.0,0.0,0.0,0.0,0.0,0.0,0.0,0.0,0.0,0.0,0.0,0.0,"Dec 31, 2018"
1181,2305007.0,24714.0,Baghdad,Al Resafa,Abu Nuas-102,أبو نؤاس-102,33.3199119543,44.4153145094,6.0,36.0,3.0,0.0,0.0,0.0,0.0,0.0,0.0,0.0,0.0,0.0,0.0,0.0,3.0,0.0,0.0,0.0,0.0,0.0,0.0,0.0,0.0,0.0,0.0,0.0,0.0,0.0,6.0,0.0,0.0,6.0,0.0,0.0,0.0,0.0,0.0,0.0,0.0,0.0,0.0,0.0,3.0,0.0,0.0,3.0,3.0,0.0,0.0,3.0,0.0,0.0,0.0,0.0,0.0,0.0,0.0,0.0,"Dec 31, 2018"
1182,2305008.0,22054.0,Baghdad,Al Resafa,Al Ameen-739,الامين-739,33.3065818572,44.5070612925,5.0,30.0,1.0,0.0,0.0,0.0,0.0,0.0,0.0,0.0,0.0,0.0,0.0,0.0,4.0,0.0,0.0,0.0,0.0,0.0,0.0,2.0,0.0,0.0,0.0,0.0,0.0,0.0,3.0,0.0,0.0,3.0,0.0,0.0,0.0,0.0,0.0,0.0,0.0,0.0,1.0,0.0,0.0,1.0,4.0,0.0,0.0,4.0,0.0,0.0,0.0,0.0,0.0,0.0,0.0,0.0,0.0,0.0,"Dec 31, 2018"
1183,2305009.0,22055.0,Baghdad,Al Resafa,Al Ameen-743,الامين-743,33.3012196394,44.5206257207,7.0,42.0,2.0,0.0,0.0,0.0,0.0,0.0,0.0,0.0,0.0,0.0,0.0,0.0,5.0,0.0,0.0,0.0,0.0,0.0,0.0,2.0,0.0,0.0,0.0,0.0,0.0,0.0,5.0,0.0,0.0,5.0,0.0,0.0,0.0,0.0,0.0,0.0,0.0,0.0,0.0,0.0,0.0,0.0,3.0,0.0,0.0,3.0,2.0,0.0,0.0,2.0,2.0,0.0,0.0,2.0,0.0,0.0,"Dec 31, 2018"
1184,2305010.0,21888.0,Baghdad,Al Resafa,Al Ameen-741,الامين-741,33.303924804,44.5159035821,5.0,30.0,0.0,0.0,0.0,0.0,0.0,0.0,0.0,0.0,0.0,0.0,0.0,0.0,5.0,0.0,0.0,0.0,0.0,0.0,0.0,0.0,0.0,0.0,0.0,0.0,0.0,0.0,5.0,0.0,0.0,5.0,0.0,0.0,0.0,0.0,0.0,0.0,0.0,0.0,0.0,0.0,2.0,0.0,3.0,2.0,0.0,3.0,0.0,0.0,0.0,0.0,0.0,0.0,0.0,0.0,0.0,0.0,"Dec 31, 2018"
1185,2305011.0,21889.0,Baghdad,Al Resafa,Al Ameen-747,الأمين-747,33.2985493435,44.5225551451,7.0,42.0,2.0,0.0,0.0,0.0,0.0,0.0,0.0,0.0,0.0,0.0,0.0,0.0,5.0,0.0,0.0,0.0,0.0,0.0,0.0,2.0,0.0,0.0,0.0,0.0,0.0,0.0,5.0,0.0,0.0,5.0,0.0,0.0,0.0,0.0,0.0,0.0,0.0,0.0,0.0,0.0,0.0,0.0,5.0,0.0,0.0,5.0,2.0,0.0,0.0,2.0,0.0,0.0,0.0,0.0,0.0,0.0,"Dec 31, 2018"
1186,2305014.0,24938.0,Baghdad,Al Resafa,Al Atebaa-120,الاطباء-120,33.3531648337,44.3811378245,3.0,18.0,2.0,0.0,0.0,0.0,0.0,0.0,0.0,0.0,0.0,0.0,0.0,0.0,1.0,0.0,0.0,0.0,0.0,0.0,0.0,0.0,0.0,0.0,0.0,0.0,0.0,0.0,3.0,0.0,0.0,3.0,0.0,0.0,0.0,0.0,0.0,0.0,0.0,0.0,0.0,0.0,0.0,0.0,0.0,0.0,3.0,0.0,0.0,3.0,0.0,0.0,0.0,0.0,0.0,0.0,0.0,0.0,"Dec 31, 2018"
1187,2305017.0,24497.0,Baghdad,Al Resafa,Al baladiyat-728,البلديات-728,33.33223364,44.4759524138,8.0,48.0,0.0,0.0,0.0,0.0,0.0,0.0,0.0,0.0,0.0,0.0,0.0,0.0,8.0,0.0,0.0,0.0,0.0,0.0,0.0,2.0,0.0,0.0,0.0,0.0,0.0,0.0,6.0,0.0,0.0,6.0,0.0,0.0,0.0,0.0,0.0,0.0,0.0,0.0,0.0,0.0,0.0,0.0,8.0,0.0,0.0,8.0,0.0,0.0,0.0,0.0,0.0,0.0,0.0,0.0,0.0,0.0,"Dec 31, 2018"
1188,2305018.0,24498.0,Baghdad,Al Resafa,Al baladiyat-730,البلديات-730,33.3424441262,44.4831530553,9.0,54.0,0.0,0.0,0.0,0.0,0.0,0.0,0.0,0.0,0.0,0.0,0.0,0.0,9.0,0.0,0.0,0.0,0.0,0.0,0.0,3.0,0.0,0.0,0.0,0.0,0.0,0.0,6.0,0.0,0.0,6.0,0.0,0.0,0.0,0.0,0.0,0.0,0.0,0.0,0.0,0.0,0.0,0.0,3.0,0.0,5.0,3.0,1.0,5.0,0.0,1.0,0.0,0.0,0.0,0.0,0.0,0.0,"Dec 31, 2018"
1189,2305019.0,24500.0,Baghdad,Al Resafa,Al baladiyat-732,البلديات-732,33.3416480559,44.4664902409,9.0,54.0,0.0,0.0,0.0,0.0,0.0,0.0,0.0,0.0,0.0,0.0,0.0,0.0,7.0,0.0,2.0,0.0,0.0,0.0,0.0,2.0,0.0,0.0,0.0,0.0,0.0,0.0,7.0,0.0,0.0,7.0,0.0,0.0,0.0,0.0,0.0,0.0,0.0,0.0,0.0,0.0,0.0,0.0,5.0,0.0,2.0,5.0,0.0,2.0,0.0,0.0,2.0,0.0,0.0,2.0,0.0,0.0,"Dec 31, 2018"
1190,2305020.0,24499.0,Baghdad,Al Resafa,Al baladiyat-734,البلديات-734,33.3499679764,44.4643645854,7.0,42.0,0.0,0.0,0.0,0.0,0.0,0.0,0.0,0.0,0.0,0.0,0.0,0.0,7.0,0.0,0.0,0.0,0.0,0.0,0.0,0.0,0.0,0.0,0.0,0.0,0.0,0.0,7.0,0.0,0.0,7.0,0.0,0.0,0.0,0.0,0.0,0.0,0.0,0.0,0.0,0.0,0.0,0.0,7.0,0.0,0.0,7.0,0.0,0.0,0.0,0.0,0.0,0.0,0.0,0.0,0.0,0.0,"Dec 31, 2018"
1191,2305021.0,23731.0,Baghdad,Al Resafa,Al baladiyat-738,البلديات-738,33.3473620813,44.4770458074,10.0,60.0,0.0,0.0,0.0,0.0,0.0,0.0,0.0,0.0,0.0,0.0,0.0,0.0,10.0,0.0,0.0,0.0,0.0,0.0,0.0,0.0,0.0,0.0,0.0,0.0,0.0,0.0,10.0,0.0,0.0,10.0,0.0,0.0,0.0,0.0,0.0,0.0,0.0,0.0,0.0,0.0,0.0,0.0,10.0,0.0,0.0,10.0,0.0,0.0,0.0,0.0,0.0,0.0,0.0,0.0,0.0,0.0,"Dec 31, 2018"
1192,2305022.0,24024.0,Baghdad,Al Resafa,Al Baladiyat-744,البلديات-744,33.3554438642,44.4679781671,9.0,54.0,0.0,0.0,0.0,0.0,0.0,0.0,0.0,0.0,0.0,0.0,0.0,0.0,9.0,0.0,0.0,0.0,0.0,0.0,0.0,2.0,0.0,0.0,0.0,0.0,0.0,0.0,7.0,0.0,0.0,7.0,0.0,0.0,0.0,0.0,0.0,0.0,0.0,0.0,0.0,0.0,0.0,0.0,9.0,0.0,0.0,9.0,0.0,0.0,0.0,0.0,0.0,0.0,0.0,0.0,0.0,0.0,"Dec 31, 2018"
1193,2305024.0,24931.0,Baghdad,Al Resafa,Al Edreesiy-507,الادريسي-507,33.3498571961,44.4335033624,18.0,108.0,4.0,0.0,0.0,0.0,0.0,0.0,0.0,0.0,0.0,0.0,0.0,0.0,12.0,0.0,2.0,0.0,0.0,0.0,0.0,7.0,0.0,0.0,0.0,0.0,0.0,0.0,11.0,0.0,0.0,11.0,0.0,0.0,0.0,0.0,0.0,0.0,0.0,0.0,0.0,0.0,4.0,0.0,3.0,4.0,4.0,3.0,0.0,4.0,0.0,0.0,2.0,0.0,5.0,2.0,5.0,0.0,"Dec 31, 2018"
1194,2305025.0,21576.0,Baghdad,Al Resafa,Al Fudhiliyah-753,الفضيلية-753,33.3362802877,44.5010384082,15.0,90.0,0.0,0.0,0.0,0.0,0.0,0.0,0.0,0.0,0.0,0.0,0.0,0.0,15.0,0.0,0.0,0.0,0.0,0.0,0.0,0.0,0.0,0.0,0.0,0.0,0.0,0.0,15.0,0.0,0.0,15.0,0.0,0.0,0.0,0.0,0.0,0.0,0.0,0.0,0.0,0.0,0.0,0.0,10.0,0.0,5.0,10.0,0.0,5.0,0.0,0.0,0.0,0.0,0.0,0.0,0.0,0.0,"Dec 31, 2018"
1195,2305027.0,24942.0,Baghdad,Al Resafa,Al Jumhoriyah-109,الجمهورية-109,33.3297311204,44.4111694737,8.0,48.0,0.0,0.0,0.0,0.0,0.0,0.0,0.0,0.0,0.0,0.0,0.0,0.0,8.0,0.0,0.0,0.0,0.0,0.0,0.0,0.0,0.0,0.0,0.0,0.0,0.0,0.0,8.0,0.0,0.0,8.0,0.0,0.0,0.0,0.0,0.0,0.0,0.0,0.0,0.0,0.0,0.0,0.0,0.0,0.0,3.0,0.0,0.0,3.0,0.0,0.0,5.0,0.0,0.0,5.0,0.0,0.0,"Dec 31, 2018"
1196,2305030.0,24672.0,Baghdad,Al Resafa,Baghdad Al Jadidia-711,بغداد الجديدة-711,33.2986385863,44.5009126931,8.0,48.0,0.0,0.0,0.0,0.0,0.0,0.0,0.0,0.0,0.0,0.0,0.0,0.0,8.0,0.0,0.0,0.0,0.0,0.0,0.0,4.0,0.0,0.0,0.0,0.0,0.0,0.0,4.0,0.0,0.0,4.0,0.0,0.0,0.0,0.0,0.0,0.0,0.0,0.0,0.0,0.0,0.0,0.0,2.0,0.0,3.0,2.0,0.0,3.0,0.0,0.0,3.0,0.0,0.0,3.0,0.0,0.0,"Dec 31, 2018"
1197,2305031.0,24025.0,Baghdad,Al Resafa,Baghdad Al Jadidia-713,بغداد الجديدة-713,33.3057850663,44.4773009834,8.0,48.0,0.0,0.0,0.0,0.0,0.0,0.0,0.0,0.0,0.0,0.0,0.0,0.0,8.0,0.0,0.0,0.0,0.0,0.0,0.0,4.0,0.0,0.0,0.0,0.0,0.0,0.0,4.0,0.0,0.0,4.0,0.0,0.0,0.0,0.0,0.0,0.0,0.0,0.0,0.0,0.0,2.0,0.0,2.0,2.0,1.0,2.0,0.0,1.0,0.0,0.0,3.0,0.0,0.0,3.0,0.0,0.0,"Dec 31, 2018"
1198,2305032.0,24026.0,Baghdad,Al Resafa,Baghdad Al Jadidia-717,بغداد الجديدة-717,33.3053802152,44.4770992287,9.0,54.0,0.0,0.0,0.0,0.0,0.0,0.0,0.0,0.0,0.0,0.0,0.0,0.0,9.0,0.0,0.0,0.0,0.0,0.0,0.0,3.0,0.0,0.0,0.0,0.0,0.0,0.0,6.0,0.0,0.0,6.0,0.0,0.0,0.0,0.0,0.0,0.0,0.0,0.0,2.0,0.0,3.0,2.0,2.0,3.0,0.0,2.0,2.0,0.0,0.0,2.0,0.0,0.0,0.0,0.0,0.0,0.0,"Dec 31, 2018"
1199,2305034.0,24698.0,Baghdad,Al Resafa,Baghdad Al Jadidia-723,بغداد الجديدة-723,33.3046131722,44.4927837416,7.0,42.0,0.0,0.0,0.0,0.0,0.0,0.0,0.0,0.0,0.0,0.0,0.0,0.0,6.0,0.0,1.0,0.0,0.0,0.0,0.0,2.0,0.0,0.0,0.0,0.0,0.0,0.0,5.0,0.0,0.0,5.0,0.0,0.0,0.0,0.0,0.0,0.0,0.0,0.0,0.0,0.0,2.0,0.0,0.0,2.0,5.0,0.0,0.0,5.0,0.0,0.0,0.0,0.0,0.0,0.0,0.0,0.0,"Dec 31, 2018"
1200,2305035.0,24027.0,Baghdad,Al Resafa,Baghdad Al Jadidia-725,بغداد الجديدة-725,33.312710097,44.4882265993,7.0,42.0,0.0,0.0,0.0,0.0,0.0,3.0,0.0,0.0,0.0,0.0,0.0,0.0,4.0,0.0,0.0,0.0,0.0,0.0,0.0,5.0,0.0,0.0,0.0,0.0,0.0,0.0,2.0,0.0,0.0,2.0,0.0,0.0,0.0,0.0,0.0,0.0,0.0,0.0,0.0,0.0,7.0,0.0,0.0,7.0,0.0,0.0,0.0,0.0,0.0,0.0,0.0,0.0,0.0,0.0,0.0,0.0,"Dec 31, 2018"
1201,2305036.0,25156.0,Baghdad,Al Resafa,Baghdad Al Jadidia-727,بغداد الجديدة-727,33.311140906,44.4796469503,8.0,48.0,0.0,0.0,0.0,0.0,0.0,0.0,0.0,0.0,0.0,0.0,0.0,0.0,6.0,0.0,2.0,0.0,0.0,0.0,0.0,0.0,0.0,0.0,0.0,0.0,0.0,0.0,8.0,0.0,0.0,8.0,0.0,0.0,0.0,0.0,0.0,0.0,0.0,0.0,0.0,0.0,0.0,0.0,6.0,0.0,2.0,6.0,0.0,2.0,0.0,0.0,0.0,0.0,0.0,0.0,0.0,0.0,"Dec 31, 2018"
1202,2305037.0,24017.0,Baghdad,Al Resafa,Al Jadryiaa Al Jamiaa-911,الجادرية الجامعة-911,33.2885475736,44.3946344413,3.0,18.0,0.0,0.0,0.0,0.0,0.0,0.0,0.0,0.0,0.0,0.0,0.0,0.0,3.0,0.0,0.0,0.0,0.0,0.0,0.0,0.0,0.0,0.0,0.0,0.0,0.0,0.0,3.0,0.0,0.0,3.0,0.0,0.0,0.0,0.0,0.0,0.0,0.0,0.0,0.0,0.0,0.0,0.0,3.0,0.0,0.0,3.0,0.0,0.0,0.0,0.0,0.0,0.0,0.0,0.0,0.0,0.0,"Dec 31, 2018"
1203,2305039.0,22772.0,Baghdad,Al Resafa,Al Jumhoriyah 111,الجمهورية-111,33.3488754422,44.3866178624,8.0,48.0,0.0,0.0,0.0,0.0,0.0,2.0,0.0,0.0,0.0,0.0,0.0,0.0,6.0,0.0,0.0,0.0,0.0,0.0,0.0,0.0,0.0,0.0,0.0,0.0,0.0,0.0,8.0,0.0,0.0,8.0,0.0,0.0,0.0,0.0,0.0,0.0,0.0,0.0,0.0,0.0,6.0,0.0,2.0,6.0,0.0,2.0,0.0,0.0,0.0,0.0,0.0,0.0,0.0,0.0,0.0,0.0,"Dec 31, 2018"
1204,2305040.0,21630.0,Baghdad,Al Resafa,Al Jumhoriyah-119,الجمهورية-119,33.3439810209,44.389574378,10.0,60.0,5.0,0.0,0.0,0.0,0.0,0.0,0.0,0.0,0.0,0.0,0.0,0.0,5.0,0.0,0.0,0.0,0.0,0.0,0.0,3.0,0.0,0.0,0.0,0.0,0.0,0.0,7.0,0.0,0.0,7.0,0.0,0.0,0.0,0.0,0.0,0.0,0.0,0.0,0.0,0.0,0.0,0.0,10.0,0.0,0.0,10.0,0.0,0.0,0.0,0.0,0.0,0.0,0.0,0.0,0.0,0.0,"Dec 31, 2018"
1205,2305042.0,22056.0,Baghdad,Al Resafa,Al Kamaliya-757,الكمالية-757,33.3477126571,44.5111364895,9.0,54.0,0.0,0.0,0.0,0.0,0.0,0.0,0.0,0.0,0.0,0.0,0.0,0.0,9.0,0.0,0.0,0.0,0.0,0.0,0.0,2.0,0.0,0.0,0.0,0.0,0.0,0.0,7.0,0.0,0.0,7.0,0.0,0.0,0.0,0.0,0.0,0.0,0.0,0.0,0.0,0.0,0.0,0.0,7.0,0.0,2.0,7.0,0.0,2.0,0.0,0.0,0.0,0.0,0.0,0.0,0.0,0.0,"Dec 31, 2018"
1206,2305043.0,24953.0,Baghdad,Al Resafa,Al Kamaliya-765,الكمالية-765,33.3583545392,44.5238482464,10.0,60.0,0.0,0.0,0.0,0.0,0.0,0.0,0.0,0.0,0.0,0.0,0.0,0.0,10.0,0.0,0.0,0.0,0.0,0.0,0.0,3.0,0.0,0.0,0.0,0.0,0.0,0.0,7.0,0.0,0.0,7.0,0.0,0.0,0.0,0.0,0.0,0.0,0.0,0.0,0.0,0.0,0.0,0.0,0.0,0.0,10.0,0.0,0.0,10.0,0.0,0.0,0.0,0.0,0.0,0.0,0.0,0.0,"Dec 31, 2018"
1207,2305044.0,22145.0,Baghdad,Al Resafa,Al Kamaliya-759,الكمالية-759,33.3497684267,44.5140202703,7.0,42.0,0.0,0.0,0.0,0.0,0.0,2.0,0.0,0.0,0.0,0.0,0.0,0.0,5.0,0.0,0.0,0.0,0.0,0.0,0.0,0.0,0.0,0.0,0.0,0.0,0.0,0.0,7.0,0.0,0.0,7.0,0.0,0.0,0.0,0.0,0.0,0.0,0.0,0.0,0.0,0.0,0.0,0.0,2.0,0.0,5.0,2.0,0.0,5.0,0.0,0.0,0.0,0.0,0.0,0.0,0.0,0.0,"Dec 31, 2018"
1208,2305045.0,22146.0,Baghdad,Al Resafa,Al Kamaliya-767,الكمالية-767,33.3489850882,44.5320842941,8.0,48.0,0.0,0.0,0.0,0.0,0.0,0.0,0.0,0.0,0.0,0.0,0.0,0.0,8.0,0.0,0.0,0.0,0.0,0.0,0.0,4.0,0.0,0.0,0.0,0.0,0.0,0.0,4.0,0.0,0.0,4.0,0.0,0.0,0.0,0.0,0.0,0.0,0.0,0.0,0.0,0.0,0.0,0.0,0.0,0.0,8.0,0.0,0.0,8.0,0.0,0.0,0.0,0.0,0.0,0.0,0.0,0.0,"Dec 31, 2018"
1209,2305047.0,24277.0,Baghdad,Al Resafa,Al Karada-901,الكرادة-901,33.299686897,44.4225495229,9.0,54.0,0.0,0.0,0.0,0.0,0.0,0.0,0.0,0.0,0.0,0.0,0.0,0.0,9.0,0.0,0.0,0.0,0.0,0.0,0.0,3.0,0.0,0.0,0.0,0.0,0.0,0.0,6.0,0.0,0.0,6.0,0.0,0.0,0.0,0.0,0.0,0.0,0.0,0.0,5.0,0.0,2.0,5.0,0.0,2.0,2.0,0.0,0.0,2.0,0.0,0.0,0.0,0.0,0.0,0.0,0.0,0.0,"Dec 31, 2018"
1210,2305048.0,25928.0,Baghdad,Al Resafa,Al Karada-903,الكرادة-903,33.2995898036,44.4248773719,8.0,48.0,1.0,0.0,0.0,0.0,0.0,1.0,0.0,0.0,0.0,0.0,0.0,0.0,6.0,0.0,0.0,0.0,0.0,0.0,0.0,2.0,0.0,0.0,0.0,0.0,0.0,0.0,6.0,0.0,0.0,6.0,0.0,0.0,0.0,0.0,0.0,0.0,0.0,0.0,0.0,0.0,5.0,0.0,3.0,5.0,0.0,3.0,0.0,0.0,0.0,0.0,0.0,0.0,0.0,0.0,0.0,0.0,"Dec 31, 2018"
1211,2305049.0,24019.0,Baghdad,Al Resafa,Al Karada-905,الكرادة-905,33.2952364339,44.4187825207,6.0,36.0,0.0,0.0,0.0,0.0,0.0,0.0,0.0,0.0,0.0,0.0,0.0,0.0,6.0,0.0,0.0,0.0,0.0,0.0,0.0,0.0,0.0,0.0,0.0,0.0,0.0,0.0,6.0,0.0,0.0,6.0,0.0,0.0,0.0,0.0,0.0,0.0,0.0,0.0,0.0,0.0,0.0,0.0,0.0,0.0,6.0,0.0,0.0,6.0,0.0,0.0,0.0,0.0,0.0,0.0,0.0,0.0,"Dec 31, 2018"
1212,2305050.0,21692.0,Baghdad,Al Resafa,Al Maamil-772,المعامل-772,33.3894129358,44.5238276577,5.0,30.0,0.0,0.0,0.0,0.0,0.0,0.0,0.0,0.0,0.0,0.0,0.0,0.0,5.0,0.0,0.0,0.0,0.0,0.0,0.0,2.0,0.0,0.0,0.0,0.0,0.0,0.0,3.0,0.0,0.0,3.0,0.0,0.0,0.0,0.0,0.0,0.0,0.0,0.0,0.0,0.0,0.0,0.0,1.0,0.0,4.0,1.0,0.0,4.0,0.0,0.0,0.0,0.0,0.0,0.0,0.0,0.0,"Dec 31, 2018"
1213,2305051.0,21691.0,Baghdad,Al Resafa,Al Maamil-773,المعامل-773,33.3950520996,44.5258820361,6.0,36.0,0.0,0.0,0.0,0.0,0.0,0.0,0.0,0.0,0.0,0.0,0.0,0.0,6.0,0.0,0.0,0.0,0.0,0.0,0.0,4.0,0.0,0.0,0.0,0.0,0.0,0.0,2.0,0.0,0.0,2.0,0.0,0.0,0.0,0.0,0.0,0.0,0.0,0.0,0.0,0.0,0.0,0.0,4.0,0.0,2.0,4.0,0.0,2.0,0.0,0.0,0.0,0.0,0.0,0.0,0.0,0.0,"Dec 31, 2018"
1214,2305052.0,21693.0,Baghdad,Al Resafa,Al Maamil-774,المعامل-774,33.3949536278,44.5246446783,7.0,42.0,1.0,0.0,0.0,0.0,0.0,0.0,0.0,0.0,0.0,0.0,0.0,0.0,4.0,0.0,2.0,0.0,0.0,0.0,0.0,3.0,0.0,0.0,0.0,0.0,0.0,0.0,4.0,0.0,0.0,4.0,0.0,0.0,0.0,0.0,0.0,0.0,0.0,0.0,0.0,0.0,4.0,0.0,0.0,4.0,1.0,0.0,2.0,1.0,0.0,2.0,0.0,0.0,0.0,0.0,0.0,0.0,"Dec 31, 2018"
1215,2305054.0,23757.0,Baghdad,Al Resafa,Al Mashtal-729,المشتل-729,33.3239957472,44.4889871185,13.0,78.0,2.0,0.0,0.0,0.0,0.0,0.0,0.0,0.0,0.0,0.0,0.0,0.0,11.0,0.0,0.0,0.0,0.0,0.0,0.0,6.0,0.0,0.0,0.0,0.0,0.0,0.0,7.0,0.0,0.0,7.0,0.0,0.0,0.0,0.0,0.0,0.0,0.0,0.0,2.0,0.0,6.0,2.0,0.0,6.0,4.0,0.0,0.0,4.0,0.0,0.0,0.0,0.0,1.0,0.0,1.0,0.0,"Dec 31, 2018"
1216,2305055.0,25401.0,Baghdad,Al Resafa,Al Mashtal-731,المشتل-731,33.3180277367,44.4939461133,13.0,78.0,0.0,0.0,0.0,0.0,0.0,0.0,0.0,0.0,0.0,0.0,0.0,0.0,10.0,0.0,3.0,0.0,0.0,0.0,0.0,7.0,0.0,0.0,0.0,0.0,0.0,0.0,6.0,0.0,0.0,6.0,0.0,0.0,0.0,0.0,0.0,0.0,0.0,0.0,3.0,0.0,2.0,3.0,4.0,2.0,4.0,4.0,0.0,4.0,0.0,0.0,0.0,0.0,0.0,0.0,0.0,0.0,"Dec 31, 2018"
1217,2305056.0,24023.0,Baghdad,Al Resafa,Al Mashtal-733,المشتل-733,33.3163299584,44.5011545958,17.0,102.0,3.0,0.0,0.0,0.0,0.0,0.0,0.0,0.0,0.0,0.0,0.0,0.0,13.0,0.0,1.0,0.0,0.0,0.0,0.0,8.0,0.0,0.0,0.0,0.0,0.0,0.0,9.0,0.0,0.0,9.0,0.0,0.0,0.0,0.0,0.0,0.0,0.0,0.0,4.0,0.0,0.0,4.0,10.0,0.0,3.0,10.0,0.0,3.0,0.0,0.0,0.0,0.0,0.0,0.0,0.0,0.0,"Dec 31, 2018"
1218,2305057.0,23210.0,Baghdad,Al Resafa,Al Mashtal-735,المشتل-735,33.3168985753,44.5088718004,12.0,72.0,3.0,0.0,0.0,0.0,0.0,0.0,0.0,0.0,0.0,0.0,0.0,0.0,9.0,0.0,0.0,0.0,0.0,0.0,0.0,5.0,0.0,0.0,0.0,0.0,0.0,0.0,7.0,0.0,0.0,7.0,0.0,0.0,0.0,0.0,0.0,0.0,0.0,0.0,0.0,0.0,9.0,0.0,0.0,9.0,0.0,0.0,0.0,0.0,0.0,0.0,3.0,0.0,0.0,3.0,0.0,0.0,"Dec 31, 2018"
1219,2305058.0,23323.0,Baghdad,Al Resafa,Al Mashtal-751,المشتل-751,33.3224272119,44.5161799218,14.0,84.0,0.0,0.0,0.0,0.0,0.0,3.0,0.0,0.0,0.0,0.0,0.0,0.0,9.0,0.0,2.0,0.0,0.0,0.0,0.0,2.0,0.0,0.0,0.0,0.0,0.0,0.0,12.0,0.0,0.0,12.0,0.0,0.0,0.0,0.0,0.0,0.0,0.0,0.0,0.0,0.0,9.0,0.0,5.0,9.0,0.0,5.0,0.0,0.0,0.0,0.0,0.0,0.0,0.0,0.0,0.0,0.0,"Dec 31, 2018"
1220,2305059.0,23752.0,Baghdad,Al Resafa,Al muthana-710,المثنى-710,33.3180867924,44.4638861433,11.0,66.0,0.0,0.0,0.0,0.0,0.0,0.0,0.0,0.0,0.0,0.0,0.0,0.0,11.0,0.0,0.0,0.0,0.0,0.0,0.0,6.0,0.0,0.0,0.0,0.0,0.0,0.0,5.0,0.0,0.0,5.0,0.0,0.0,0.0,0.0,0.0,0.0,0.0,0.0,0.0,0.0,0.0,0.0,3.0,0.0,2.0,3.0,6.0,2.0,0.0,6.0,0.0,0.0,0.0,0.0,0.0,0.0,"Dec 31, 2018"
1221,2305060.0,24471.0,Baghdad,Al Resafa,Al Muthana-712,المثنى-712,33.3203572214,44.4484642101,9.0,54.0,0.0,0.0,0.0,0.0,0.0,0.0,0.0,0.0,0.0,0.0,0.0,0.0,9.0,0.0,0.0,0.0,0.0,0.0,0.0,3.0,0.0,0.0,0.0,0.0,0.0,0.0,6.0,0.0,0.0,6.0,0.0,0.0,0.0,0.0,0.0,0.0,0.0,0.0,0.0,0.0,0.0,0.0,3.0,0.0,0.0,3.0,0.0,0.0,6.0,0.0,0.0,6.0,0.0,0.0,0.0,0.0,"Dec 31, 2018"
1222,2305061.0,24129.0,Baghdad,Al Resafa,Al Muthana-714,المثنى-714,33.3211895391,44.4444596892,12.0,72.0,2.0,0.0,0.0,0.0,0.0,0.0,0.0,0.0,0.0,0.0,0.0,0.0,10.0,0.0,0.0,0.0,0.0,0.0,0.0,4.0,0.0,0.0,0.0,0.0,0.0,0.0,8.0,0.0,0.0,8.0,0.0,0.0,0.0,0.0,0.0,0.0,0.0,0.0,0.0,0.0,0.0,0.0,0.0,0.0,5.0,0.0,5.0,5.0,0.0,5.0,2.0,0.0,0.0,2.0,0.0,0.0,"Dec 31, 2018"
1223,2305062.0,23980.0,Baghdad,Al Resafa,Al Muthana-716,المثنى-716,33.320057707,44.453900964,8.0,48.0,0.0,0.0,0.0,0.0,0.0,0.0,0.0,0.0,0.0,0.0,0.0,0.0,7.0,0.0,1.0,0.0,0.0,0.0,0.0,1.0,0.0,0.0,0.0,0.0,0.0,0.0,7.0,0.0,0.0,7.0,0.0,0.0,0.0,0.0,0.0,0.0,0.0,0.0,2.0,0.0,0.0,2.0,4.0,0.0,2.0,4.0,0.0,2.0,0.0,0.0,0.0,0.0,0.0,0.0,0.0,0.0,"Dec 31, 2018"
1224,2305064.0,24470.0,Baghdad,Al Resafa,Al Muthana-718,المثنى-718,33.3238905014,44.4573975003,5.0,30.0,0.0,0.0,0.0,0.0,0.0,0.0,0.0,0.0,0.0,0.0,0.0,0.0,5.0,0.0,0.0,0.0,0.0,0.0,0.0,2.0,0.0,0.0,0.0,0.0,0.0,0.0,3.0,0.0,0.0,3.0,0.0,0.0,0.0,0.0,0.0,0.0,0.0,0.0,0.0,0.0,0.0,0.0,5.0,0.0,0.0,5.0,0.0,0.0,0.0,0.0,0.0,0.0,0.0,0.0,0.0,0.0,"Dec 31, 2018"
1225,2305065.0,23330.0,Baghdad,Al Resafa,Al Nidhal-103,النضال-103,33.3277478025,44.4295345838,8.0,48.0,1.0,0.0,0.0,0.0,0.0,0.0,0.0,0.0,0.0,0.0,0.0,0.0,7.0,0.0,0.0,0.0,0.0,0.0,0.0,0.0,0.0,0.0,0.0,0.0,0.0,0.0,8.0,0.0,0.0,8.0,0.0,0.0,0.0,0.0,0.0,0.0,0.0,0.0,0.0,0.0,0.0,0.0,0.0,0.0,5.0,0.0,0.0,5.0,0.0,0.0,3.0,0.0,0.0,3.0,0.0,0.0,"Dec 31, 2018"
1226,2305066.0,24749.0,Baghdad,Al Resafa,Al Nile-503,النيل-503,33.3486463369,44.4274496116,7.0,42.0,2.0,0.0,0.0,0.0,0.0,2.0,0.0,0.0,0.0,0.0,0.0,0.0,3.0,0.0,0.0,0.0,0.0,0.0,0.0,0.0,0.0,0.0,0.0,0.0,0.0,0.0,7.0,0.0,0.0,7.0,0.0,0.0,0.0,0.0,0.0,0.0,0.0,0.0,0.0,0.0,0.0,0.0,3.0,0.0,2.0,3.0,0.0,2.0,0.0,0.0,2.0,0.0,0.0,2.0,0.0,0.0,"Dec 31, 2018"
1227,2305067.0,24945.0,Baghdad,Al Resafa,Al Rasheed-104,الرشيد-104,33.327729,44.4052096,3.0,18.0,0.0,0.0,0.0,0.0,0.0,2.0,0.0,0.0,0.0,0.0,0.0,0.0,0.0,0.0,1.0,0.0,0.0,0.0,0.0,0.0,0.0,0.0,0.0,0.0,0.0,0.0,3.0,0.0,0.0,3.0,0.0,0.0,0.0,0.0,0.0,0.0,0.0,0.0,0.0,0.0,3.0,0.0,0.0,3.0,0.0,0.0,0.0,0.0,0.0,0.0,0.0,0.0,0.0,0.0,0.0,0.0,"Dec 31, 2018"
1228,2305069.0,24947.0,Baghdad,Al Resafa,Al Rasheed-112,الرشيد-112,33.3423615601,44.3854675109,9.0,54.0,0.0,0.0,0.0,0.0,0.0,0.0,0.0,0.0,0.0,0.0,0.0,0.0,7.0,0.0,2.0,0.0,0.0,0.0,0.0,5.0,0.0,0.0,0.0,0.0,0.0,0.0,4.0,0.0,0.0,4.0,0.0,0.0,0.0,0.0,0.0,0.0,0.0,0.0,2.0,0.0,4.0,2.0,0.0,4.0,3.0,0.0,0.0,3.0,0.0,0.0,0.0,0.0,0.0,0.0,0.0,0.0,"Dec 31, 2018"
1229,2305072.0,23988.0,Baghdad,Al Resafa,Al Riyadh-910,الرياض-910,33.3051668286,44.453383217,10.0,60.0,1.0,0.0,0.0,0.0,0.0,0.0,0.0,0.0,0.0,0.0,0.0,0.0,7.0,0.0,2.0,0.0,0.0,0.0,0.0,0.0,0.0,0.0,0.0,0.0,0.0,0.0,10.0,0.0,0.0,10.0,0.0,0.0,0.0,0.0,0.0,0.0,0.0,0.0,0.0,0.0,4.0,0.0,5.0,4.0,0.0,5.0,1.0,0.0,0.0,1.0,0.0,0.0,0.0,0.0,0.0,0.0,"Dec 31, 2018"
1230,2305073.0,24713.0,Baghdad,Al Resafa,Al Saadon-101,السعدون-101,33.3221459033,44.4147932704,41.0,246.0,7.0,0.0,0.0,0.0,0.0,0.0,0.0,0.0,0.0,0.0,0.0,0.0,34.0,0.0,0.0,0.0,0.0,0.0,0.0,18.0,0.0,0.0,0.0,0.0,0.0,0.0,23.0,0.0,0.0,23.0,0.0,0.0,0.0,0.0,0.0,0.0,0.0,0.0,0.0,0.0,0.0,0.0,0.0,0.0,28.0,0.0,7.0,28.0,0.0,7.0,4.0,0.0,2.0,4.0,2.0,0.0,"Dec 31, 2018"
1231,2305074.0,24949.0,Baghdad,Al Resafa,Al Shaikh Omer-125,الشيخ عمر-125,33.3403173263,44.4045117413,8.0,48.0,3.0,0.0,0.0,0.0,0.0,2.0,0.0,0.0,0.0,0.0,0.0,0.0,1.0,0.0,2.0,0.0,0.0,0.0,0.0,2.0,0.0,0.0,0.0,0.0,0.0,0.0,6.0,0.0,0.0,6.0,0.0,0.0,0.0,0.0,0.0,0.0,0.0,0.0,0.0,0.0,0.0,0.0,2.0,0.0,4.0,2.0,2.0,4.0,0.0,2.0,0.0,0.0,0.0,0.0,0.0,0.0,"Dec 31, 2018"
1232,2305075.0,24950.0,Baghdad,Al Resafa,Al Shaikh Omer-131,الشيخ عمر-131,33.3498390205,44.3952344262,16.0,96.0,5.0,0.0,0.0,0.0,0.0,0.0,0.0,0.0,0.0,0.0,0.0,0.0,1.0,0.0,10.0,0.0,0.0,0.0,0.0,4.0,0.0,0.0,0.0,0.0,0.0,0.0,12.0,0.0,0.0,12.0,0.0,0.0,0.0,0.0,0.0,0.0,0.0,0.0,0.0,0.0,3.0,0.0,10.0,3.0,0.0,10.0,2.0,0.0,0.0,2.0,1.0,0.0,0.0,1.0,0.0,0.0,"Dec 31, 2018"
1233,2305076.0,24951.0,Baghdad,Al Resafa,Al Shaikh Omer-137,الشيخ عمر-137,33.3522882202,44.3994070222,4.0,24.0,2.0,0.0,0.0,0.0,0.0,0.0,0.0,0.0,1.0,0.0,0.0,0.0,1.0,0.0,0.0,0.0,0.0,0.0,0.0,0.0,0.0,0.0,0.0,0.0,0.0,0.0,4.0,0.0,0.0,4.0,0.0,0.0,0.0,0.0,0.0,0.0,0.0,0.0,0.0,0.0,0.0,0.0,2.0,0.0,2.0,2.0,0.0,2.0,0.0,0.0,0.0,0.0,0.0,0.0,0.0,0.0,"Dec 31, 2018"
1234,2305078.0,23995.0,Baghdad,Al Resafa,Al Sindabad-979,السندباد-979,33.2463747136,44.46246553,6.0,36.0,0.0,0.0,0.0,0.0,0.0,0.0,0.0,0.0,0.0,0.0,0.0,0.0,6.0,0.0,0.0,0.0,0.0,0.0,0.0,0.0,0.0,0.0,0.0,0.0,0.0,0.0,6.0,0.0,0.0,6.0,0.0,0.0,0.0,0.0,0.0,0.0,0.0,0.0,0.0,0.0,6.0,0.0,0.0,6.0,0.0,0.0,0.0,0.0,0.0,0.0,0.0,0.0,0.0,0.0,0.0,0.0,"Dec 31, 2018"
1235,2305079.0,23989.0,Baghdad,Al Resafa,Al Sindebad-977,السندباد-977,33.2494891352,44.4741377205,4.0,24.0,4.0,0.0,0.0,0.0,0.0,0.0,0.0,0.0,0.0,0.0,0.0,0.0,0.0,0.0,0.0,0.0,0.0,0.0,0.0,0.0,0.0,0.0,0.0,0.0,0.0,0.0,4.0,0.0,0.0,4.0,0.0,0.0,0.0,0.0,0.0,0.0,0.0,0.0,0.0,0.0,0.0,0.0,4.0,0.0,0.0,4.0,0.0,0.0,0.0,0.0,0.0,0.0,0.0,0.0,0.0,0.0,"Dec 31, 2018"
1236,2305080.0,22880.0,Baghdad,Al Resafa,Al Sindibad-949,السندباد-949,33.2677079602,44.4627351551,11.0,66.0,0.0,0.0,0.0,0.0,0.0,0.0,0.0,0.0,0.0,0.0,0.0,0.0,11.0,0.0,0.0,0.0,0.0,0.0,0.0,4.0,0.0,0.0,0.0,0.0,0.0,0.0,7.0,0.0,0.0,7.0,0.0,0.0,0.0,0.0,0.0,0.0,0.0,0.0,0.0,0.0,0.0,0.0,4.0,0.0,7.0,4.0,0.0,7.0,0.0,0.0,0.0,0.0,0.0,0.0,0.0,0.0,"Dec 31, 2018"
1237,2305081.0,24020.0,Baghdad,Al Resafa,Al Ubaidy-752,العبيدي-752,33.3577281081,44.5087301722,5.0,30.0,0.0,0.0,0.0,0.0,0.0,0.0,0.0,0.0,0.0,0.0,0.0,0.0,5.0,0.0,0.0,0.0,0.0,0.0,0.0,3.0,0.0,0.0,0.0,0.0,0.0,0.0,2.0,0.0,0.0,2.0,0.0,0.0,0.0,0.0,0.0,0.0,0.0,0.0,0.0,0.0,0.0,0.0,5.0,0.0,0.0,5.0,0.0,0.0,0.0,0.0,0.0,0.0,0.0,0.0,0.0,0.0,"Dec 31, 2018"
1238,2305082.0,24021.0,Baghdad,Al Resafa,Al Ubaidy-758,العبيدي-758,33.3835907706,44.4894709873,3.0,18.0,0.0,0.0,0.0,0.0,0.0,0.0,0.0,0.0,0.0,0.0,0.0,0.0,3.0,0.0,0.0,0.0,0.0,0.0,0.0,0.0,0.0,0.0,0.0,0.0,0.0,0.0,3.0,0.0,0.0,3.0,0.0,0.0,0.0,0.0,0.0,0.0,0.0,0.0,0.0,0.0,0.0,0.0,3.0,0.0,0.0,3.0,0.0,0.0,0.0,0.0,0.0,0.0,0.0,0.0,0.0,0.0,"Dec 31, 2018"
1239,2305087.0,23601.0,Baghdad,Al Resafa,Al Ubaidy-756,العبيدي-756,33.3606478813,44.511301074,4.0,24.0,0.0,0.0,0.0,0.0,0.0,0.0,0.0,0.0,0.0,0.0,0.0,0.0,4.0,0.0,0.0,0.0,0.0,0.0,0.0,0.0,0.0,0.0,0.0,0.0,0.0,0.0,4.0,0.0,0.0,4.0,0.0,0.0,0.0,0.0,0.0,0.0,0.0,0.0,0.0,0.0,0.0,0.0,4.0,0.0,0.0,4.0,0.0,0.0,0.0,0.0,0.0,0.0,0.0,0.0,0.0,0.0,"Dec 31, 2018"
1240,2305088.0,23036.0,Baghdad,Al Resafa,Al Ubaidy-762,العبيدي-762,33.3690210838,44.5204420139,6.0,36.0,0.0,0.0,0.0,0.0,0.0,0.0,0.0,0.0,0.0,0.0,0.0,0.0,6.0,0.0,0.0,0.0,0.0,0.0,0.0,0.0,0.0,0.0,0.0,0.0,0.0,0.0,6.0,0.0,0.0,6.0,0.0,0.0,0.0,0.0,0.0,0.0,0.0,0.0,0.0,0.0,0.0,0.0,3.0,0.0,0.0,3.0,0.0,0.0,0.0,0.0,3.0,0.0,0.0,3.0,0.0,0.0,"Dec 31, 2018"
1241,2305089.0,23996.0,Baghdad,Al Resafa,Al Wehda-902,الوحدة-902,33.3135038206,44.4325308314,7.0,42.0,0.0,0.0,0.0,0.0,0.0,0.0,0.0,0.0,0.0,0.0,0.0,0.0,7.0,0.0,0.0,0.0,0.0,0.0,0.0,0.0,0.0,0.0,0.0,0.0,0.0,0.0,7.0,0.0,0.0,7.0,0.0,0.0,0.0,0.0,0.0,0.0,0.0,0.0,0.0,0.0,7.0,0.0,0.0,7.0,0.0,0.0,0.0,0.0,0.0,0.0,0.0,0.0,0.0,0.0,0.0,0.0,"Dec 31, 2018"
1242,2305090.0,23997.0,Baghdad,Al Resafa,Al Wehda-904,الوحدة-904,33.3039726787,44.4451066154,8.0,48.0,0.0,0.0,0.0,0.0,0.0,0.0,0.0,0.0,0.0,0.0,0.0,0.0,8.0,0.0,0.0,0.0,0.0,0.0,0.0,0.0,0.0,0.0,0.0,0.0,0.0,0.0,8.0,0.0,0.0,8.0,0.0,0.0,0.0,0.0,0.0,0.0,0.0,0.0,0.0,0.0,8.0,0.0,0.0,8.0,0.0,0.0,0.0,0.0,0.0,0.0,0.0,0.0,0.0,0.0,0.0,0.0,"Dec 31, 2018"
1243,2305091.0,23998.0,Baghdad,Al Resafa,Al Wehda-906,الوحدة-906,33.3076673024,44.4459830738,7.0,42.0,0.0,0.0,0.0,0.0,0.0,0.0,0.0,0.0,0.0,0.0,0.0,0.0,6.0,0.0,1.0,0.0,0.0,0.0,0.0,0.0,0.0,0.0,0.0,0.0,0.0,0.0,7.0,0.0,0.0,7.0,0.0,0.0,0.0,0.0,0.0,0.0,0.0,0.0,0.0,0.0,0.0,0.0,5.0,0.0,2.0,5.0,0.0,2.0,0.0,0.0,0.0,0.0,0.0,0.0,0.0,0.0,"Dec 31, 2018"
1244,2305092.0,24473.0,Baghdad,Al Resafa,Al Zaafaranyah-951,الزعفرانية-951,33.2731067487,44.47449308,9.0,54.0,3.0,0.0,0.0,0.0,0.0,0.0,0.0,0.0,0.0,0.0,0.0,0.0,4.0,0.0,2.0,0.0,0.0,0.0,0.0,3.0,0.0,0.0,0.0,0.0,0.0,0.0,6.0,0.0,0.0,6.0,0.0,0.0,0.0,0.0,0.0,0.0,0.0,0.0,0.0,0.0,0.0,0.0,2.0,0.0,4.0,2.0,3.0,4.0,0.0,3.0,0.0,0.0,0.0,0.0,0.0,0.0,"Dec 31, 2018"
1245,2305093.0,24008.0,Baghdad,Al Resafa,Al Zaafaranyah-953,الزعفرانية-953,33.2648028015,44.476320127,5.0,30.0,0.0,0.0,0.0,0.0,0.0,1.0,0.0,0.0,0.0,0.0,0.0,0.0,4.0,0.0,0.0,0.0,0.0,0.0,0.0,0.0,0.0,0.0,0.0,0.0,0.0,0.0,5.0,0.0,0.0,5.0,0.0,0.0,0.0,0.0,0.0,0.0,0.0,0.0,0.0,0.0,4.0,0.0,1.0,4.0,0.0,1.0,0.0,0.0,0.0,0.0,0.0,0.0,0.0,0.0,0.0,0.0,"Dec 31, 2018"
1246,2305094.0,24009.0,Baghdad,Al Resafa,Al Zaafaranyah-955,الزعفرانية-955,33.2611784422,44.4657846329,7.0,42.0,1.0,0.0,0.0,0.0,0.0,4.0,0.0,0.0,0.0,0.0,0.0,0.0,2.0,0.0,0.0,0.0,0.0,0.0,0.0,4.0,0.0,0.0,0.0,0.0,0.0,0.0,3.0,0.0,0.0,3.0,0.0,0.0,0.0,0.0,0.0,0.0,0.0,0.0,2.0,0.0,5.0,2.0,0.0,5.0,0.0,0.0,0.0,0.0,0.0,0.0,0.0,0.0,0.0,0.0,0.0,0.0,"Dec 31, 2018"
1247,2305095.0,24007.0,Baghdad,Al Resafa,Al Zaafaranyah-959,الزعفرانية-959,33.250827819,44.4768487679,4.0,24.0,0.0,0.0,0.0,0.0,0.0,0.0,0.0,0.0,0.0,0.0,0.0,0.0,3.0,0.0,1.0,0.0,0.0,0.0,0.0,0.0,0.0,0.0,0.0,0.0,0.0,0.0,4.0,0.0,0.0,4.0,0.0,0.0,0.0,0.0,0.0,0.0,0.0,0.0,0.0,0.0,3.0,0.0,1.0,3.0,0.0,1.0,0.0,0.0,0.0,0.0,0.0,0.0,0.0,0.0,0.0,0.0,"Dec 31, 2018"
1248,2305096.0,24011.0,Baghdad,Al Resafa,Al Zaafaranyah-961,الزعفرانية-961,33.2450844638,44.4825247246,12.0,72.0,0.0,0.0,0.0,0.0,0.0,0.0,0.0,0.0,0.0,0.0,0.0,0.0,12.0,0.0,0.0,0.0,0.0,0.0,0.0,4.0,0.0,0.0,0.0,0.0,0.0,0.0,8.0,0.0,0.0,8.0,0.0,0.0,0.0,0.0,0.0,0.0,0.0,0.0,0.0,0.0,2.0,0.0,8.0,2.0,0.0,8.0,0.0,0.0,0.0,0.0,2.0,0.0,0.0,2.0,0.0,0.0,"Dec 31, 2018"
1249,2305097.0,24010.0,Baghdad,Al Resafa,Al Zaafaranyah-965,الزعفرانية-965,33.2458593528,44.489113652,6.0,36.0,1.0,0.0,0.0,0.0,0.0,0.0,0.0,0.0,0.0,0.0,0.0,0.0,5.0,0.0,0.0,0.0,0.0,0.0,0.0,2.0,0.0,0.0,0.0,0.0,0.0,0.0,4.0,0.0,0.0,4.0,0.0,0.0,0.0,0.0,0.0,0.0,0.0,0.0,1.0,0.0,4.0,1.0,1.0,4.0,0.0,1.0,0.0,0.0,0.0,0.0,0.0,0.0,0.0,0.0,0.0,0.0,"Dec 31, 2018"
1250,2305098.0,25457.0,Baghdad,Al Resafa,Al Zaafaranyah-969,الزعفرانية-969,33.2413122019,44.4957620836,8.0,48.0,0.0,0.0,0.0,0.0,0.0,0.0,0.0,0.0,0.0,0.0,0.0,0.0,7.0,0.0,1.0,0.0,0.0,0.0,0.0,3.0,0.0,0.0,0.0,0.0,0.0,0.0,5.0,0.0,0.0,5.0,0.0,0.0,0.0,0.0,0.0,0.0,0.0,0.0,0.0,0.0,1.0,0.0,5.0,1.0,2.0,5.0,0.0,2.0,0.0,0.0,0.0,0.0,0.0,0.0,0.0,0.0,"Dec 31, 2018"
1251,2305099.0,23977.0,Baghdad,Al Resafa,Al Zafaraniyah-957,الزعفرانية-957,33.2521320583,44.4741416901,9.0,54.0,2.0,0.0,0.0,0.0,0.0,0.0,0.0,0.0,0.0,0.0,0.0,0.0,7.0,0.0,0.0,0.0,0.0,0.0,0.0,5.0,0.0,0.0,0.0,0.0,0.0,0.0,4.0,0.0,0.0,4.0,0.0,0.0,0.0,0.0,0.0,0.0,0.0,0.0,0.0,0.0,7.0,0.0,0.0,7.0,2.0,0.0,0.0,2.0,0.0,0.0,0.0,0.0,0.0,0.0,0.0,0.0,"Dec 31, 2018"
1252,2305101.0,21752.0,Baghdad,Al Resafa,Al Ameen-737,الامين-737,33.3101159034,44.5098716112,8.0,48.0,0.0,0.0,0.0,0.0,0.0,0.0,0.0,0.0,0.0,0.0,0.0,0.0,5.0,0.0,3.0,0.0,0.0,0.0,0.0,3.0,0.0,0.0,0.0,0.0,0.0,0.0,5.0,0.0,0.0,5.0,0.0,0.0,0.0,0.0,0.0,0.0,0.0,0.0,0.0,0.0,3.0,0.0,5.0,3.0,0.0,5.0,0.0,0.0,0.0,0.0,0.0,0.0,0.0,0.0,0.0,0.0,"Dec 31, 2018"
1253,2305102.0,21751.0,Baghdad,Al Resafa,Al Ameen-745,الامين-745,33.3043801447,44.5275234916,13.0,78.0,0.0,0.0,0.0,0.0,0.0,0.0,0.0,0.0,0.0,0.0,0.0,0.0,13.0,0.0,0.0,0.0,0.0,0.0,0.0,4.0,0.0,0.0,0.0,0.0,0.0,6.0,3.0,6.0,0.0,3.0,0.0,0.0,0.0,0.0,0.0,0.0,0.0,0.0,0.0,0.0,0.0,0.0,9.0,0.0,4.0,9.0,0.0,4.0,0.0,0.0,0.0,0.0,0.0,0.0,0.0,0.0,"Dec 31, 2018"
1254,2305106.0,23003.0,Baghdad,Al Resafa,Baghdad Al Jadidah-701,بغداد الجديدة-701,33.3031062074,44.4751584649,6.0,36.0,0.0,0.0,0.0,0.0,0.0,0.0,0.0,0.0,4.0,0.0,0.0,0.0,2.0,0.0,0.0,0.0,0.0,0.0,0.0,2.0,0.0,0.0,0.0,0.0,0.0,0.0,4.0,0.0,0.0,4.0,0.0,0.0,0.0,0.0,0.0,0.0,0.0,0.0,0.0,0.0,0.0,0.0,2.0,0.0,4.0,2.0,0.0,4.0,0.0,0.0,0.0,0.0,0.0,0.0,0.0,0.0,"Dec 31, 2018"
1255,2305107.0,23004.0,Baghdad,Al Resafa,Baghdad Al Jadidah-709,بغداد الجديدة-709,33.3020298906,44.4885088369,7.0,42.0,2.0,0.0,0.0,0.0,0.0,0.0,0.0,0.0,0.0,0.0,0.0,0.0,5.0,0.0,0.0,0.0,0.0,0.0,0.0,3.0,0.0,0.0,0.0,0.0,0.0,0.0,4.0,0.0,0.0,4.0,0.0,0.0,0.0,0.0,0.0,0.0,0.0,0.0,2.0,0.0,0.0,2.0,5.0,0.0,0.0,5.0,0.0,0.0,0.0,0.0,0.0,0.0,0.0,0.0,0.0,0.0,"Dec 31, 2018"
1256,2305108.0,23504.0,Baghdad,Al Resafa,Baghdad Al Jadidia-721,بغداد الجديدة-721,33.3040369556,44.4901438808,7.0,42.0,1.0,0.0,0.0,0.0,0.0,2.0,0.0,0.0,0.0,0.0,0.0,0.0,2.0,0.0,2.0,0.0,0.0,0.0,0.0,4.0,0.0,0.0,0.0,0.0,0.0,0.0,3.0,0.0,0.0,3.0,0.0,0.0,0.0,0.0,0.0,0.0,0.0,0.0,0.0,0.0,0.0,0.0,2.0,0.0,2.0,2.0,0.0,2.0,0.0,0.0,3.0,0.0,0.0,3.0,0.0,0.0,"Dec 31, 2018"
1257,2305111.0,24015.0,Baghdad,Al Resafa,Hay Diyala-930,حي ديالى-930,33.271810899,44.5127576456,6.0,36.0,0.0,0.0,0.0,0.0,0.0,0.0,0.0,0.0,0.0,0.0,0.0,0.0,6.0,0.0,0.0,0.0,0.0,0.0,0.0,0.0,0.0,0.0,0.0,0.0,0.0,0.0,6.0,0.0,0.0,6.0,0.0,0.0,0.0,0.0,0.0,0.0,0.0,0.0,3.0,0.0,0.0,3.0,0.0,0.0,3.0,0.0,0.0,3.0,0.0,0.0,0.0,0.0,0.0,0.0,0.0,0.0,"Dec 31, 2018"
1258,2305112.0,25407.0,Baghdad,Al Resafa,Hay Diyala-962,حي ديالى-962,33.2544557907,44.4974612306,6.0,36.0,0.0,0.0,0.0,0.0,0.0,0.0,0.0,0.0,0.0,0.0,0.0,0.0,6.0,0.0,0.0,0.0,0.0,0.0,0.0,0.0,0.0,0.0,0.0,0.0,0.0,0.0,6.0,0.0,0.0,6.0,0.0,0.0,0.0,0.0,0.0,0.0,0.0,0.0,0.0,0.0,0.0,0.0,6.0,0.0,0.0,6.0,0.0,0.0,0.0,0.0,0.0,0.0,0.0,0.0,0.0,0.0,"Dec 31, 2018"
1259,2305113.0,24013.0,Baghdad,Al Resafa,Hay Diyala-964,حي ديالى-964,33.2426275678,44.5035351939,7.0,42.0,0.0,0.0,0.0,0.0,0.0,2.0,0.0,0.0,0.0,0.0,0.0,0.0,3.0,0.0,2.0,0.0,0.0,0.0,0.0,3.0,0.0,0.0,0.0,0.0,0.0,0.0,4.0,0.0,0.0,4.0,0.0,0.0,0.0,0.0,0.0,0.0,0.0,0.0,0.0,0.0,0.0,0.0,3.0,0.0,4.0,3.0,0.0,4.0,0.0,0.0,0.0,0.0,0.0,0.0,0.0,0.0,"Dec 31, 2018"
1260,2305114.0,24012.0,Baghdad,Al Resafa,Hay Diyala-966,حي ديالى-966,33.2426983127,44.5067784269,9.0,54.0,1.0,0.0,0.0,0.0,0.0,0.0,0.0,0.0,0.0,0.0,0.0,0.0,6.0,0.0,2.0,0.0,0.0,0.0,0.0,3.0,0.0,0.0,0.0,0.0,0.0,0.0,6.0,0.0,0.0,6.0,0.0,0.0,0.0,0.0,0.0,0.0,0.0,0.0,2.0,0.0,0.0,2.0,4.0,0.0,3.0,4.0,0.0,3.0,0.0,0.0,0.0,0.0,0.0,0.0,0.0,0.0,"Dec 31, 2018"
1261,2305115.0,24014.0,Baghdad,Al Resafa,Hay Diyala-970,حي ديالى-970,33.2452916682,44.5189046032,6.0,36.0,1.0,0.0,0.0,0.0,0.0,5.0,0.0,0.0,0.0,0.0,0.0,0.0,0.0,0.0,0.0,0.0,0.0,0.0,0.0,0.0,0.0,0.0,0.0,0.0,0.0,0.0,6.0,0.0,0.0,6.0,0.0,0.0,0.0,0.0,0.0,0.0,0.0,0.0,1.0,0.0,0.0,1.0,5.0,0.0,0.0,5.0,0.0,0.0,0.0,0.0,0.0,0.0,0.0,0.0,0.0,0.0,"Dec 31, 2018"
1262,2305116.0,22616.0,Baghdad,Al Resafa,Hay Diyala-950,حي ديالى-950,33.2662902767,44.4903344305,8.0,48.0,0.0,0.0,0.0,0.0,0.0,4.0,0.0,0.0,0.0,0.0,0.0,0.0,4.0,0.0,0.0,0.0,0.0,0.0,0.0,5.0,0.0,0.0,0.0,0.0,0.0,0.0,3.0,0.0,0.0,3.0,0.0,0.0,0.0,0.0,0.0,0.0,0.0,0.0,0.0,0.0,0.0,0.0,0.0,0.0,5.0,0.0,0.0,5.0,0.0,0.0,3.0,0.0,0.0,3.0,0.0,0.0,"Dec 31, 2018"
1263,2305117.0,24623.0,Baghdad,Al Resafa,Hay Diyala-954,حي ديالى-954,33.2648795469,44.4921367684,6.0,36.0,0.0,0.0,0.0,0.0,0.0,0.0,0.0,0.0,0.0,0.0,0.0,0.0,6.0,0.0,0.0,0.0,0.0,0.0,0.0,0.0,0.0,0.0,0.0,0.0,0.0,0.0,6.0,0.0,0.0,6.0,0.0,0.0,0.0,0.0,0.0,0.0,0.0,0.0,0.0,0.0,0.0,0.0,3.0,0.0,0.0,3.0,0.0,0.0,0.0,0.0,3.0,0.0,0.0,3.0,0.0,0.0,"Dec 31, 2018"
1264,2305118.0,22140.0,Baghdad,Al Resafa,Hay Diyala-952,حي ديالى-952,33.2640721331,44.5003861725,12.0,72.0,0.0,0.0,0.0,0.0,0.0,0.0,0.0,0.0,0.0,0.0,0.0,0.0,12.0,0.0,0.0,0.0,0.0,0.0,0.0,0.0,0.0,0.0,0.0,0.0,0.0,7.0,5.0,7.0,0.0,5.0,0.0,0.0,0.0,0.0,0.0,0.0,0.0,0.0,0.0,0.0,0.0,0.0,12.0,0.0,0.0,12.0,0.0,0.0,0.0,0.0,0.0,0.0,0.0,0.0,0.0,0.0,"Dec 31, 2018"
1265,2305119.0,22248.0,Baghdad,Al Resafa,Hay Diyala-958,حي ديالى-958,33.2620980015,44.4931159523,8.0,48.0,0.0,0.0,0.0,0.0,0.0,0.0,0.0,0.0,0.0,0.0,0.0,0.0,8.0,0.0,0.0,0.0,0.0,0.0,0.0,5.0,0.0,0.0,0.0,0.0,0.0,0.0,3.0,0.0,0.0,3.0,0.0,0.0,0.0,0.0,0.0,0.0,0.0,0.0,2.0,0.0,0.0,2.0,3.0,0.0,0.0,3.0,3.0,0.0,0.0,3.0,0.0,0.0,0.0,0.0,0.0,0.0,"Dec 31, 2018"
1266,2305120.0,23991.0,Baghdad,Al Resafa,Hay Sumer-702,حي سومر-702,33.3083342339,44.4627656066,7.0,42.0,1.0,0.0,0.0,0.0,0.0,2.0,0.0,0.0,0.0,0.0,0.0,0.0,2.0,0.0,2.0,0.0,0.0,0.0,0.0,2.0,0.0,0.0,0.0,0.0,0.0,0.0,5.0,0.0,0.0,5.0,0.0,0.0,0.0,0.0,0.0,0.0,0.0,0.0,0.0,0.0,0.0,0.0,2.0,0.0,4.0,2.0,1.0,4.0,0.0,1.0,0.0,0.0,0.0,0.0,0.0,0.0,"Dec 31, 2018"
1267,2305121.0,23990.0,Baghdad,Al Resafa,Hay Sumer-706,حي سومر-706,33.3206336111,44.4714477021,9.0,54.0,5.0,0.0,0.0,0.0,0.0,0.0,0.0,0.0,0.0,0.0,0.0,0.0,4.0,0.0,0.0,0.0,0.0,0.0,0.0,4.0,0.0,0.0,0.0,0.0,0.0,0.0,5.0,0.0,0.0,5.0,0.0,0.0,0.0,0.0,0.0,0.0,0.0,0.0,3.0,0.0,0.0,3.0,4.0,0.0,2.0,4.0,0.0,2.0,0.0,0.0,0.0,0.0,0.0,0.0,0.0,0.0,"Dec 31, 2018"
1268,2305123.0,22816.0,Baghdad,Al Resafa,Al Edreesiy-505,الأدريسي-505,33.356451054,44.4251882022,21.0,126.0,5.0,0.0,0.0,0.0,0.0,0.0,0.0,0.0,0.0,0.0,0.0,0.0,11.0,0.0,5.0,0.0,0.0,0.0,0.0,10.0,0.0,0.0,0.0,0.0,0.0,0.0,11.0,0.0,0.0,11.0,0.0,0.0,0.0,0.0,0.0,0.0,0.0,0.0,0.0,0.0,9.0,0.0,5.0,9.0,4.0,5.0,1.0,4.0,2.0,1.0,0.0,2.0,0.0,0.0,0.0,0.0,"Dec 31, 2018"
1269,2305124.0,21744.0,Baghdad,Al Resafa,Al Jumhoriyah-117,الجمهورية-117,33.3470157218,44.3913128903,14.0,84.0,0.0,0.0,0.0,0.0,0.0,0.0,0.0,0.0,0.0,0.0,0.0,0.0,12.0,0.0,2.0,0.0,0.0,0.0,0.0,0.0,0.0,0.0,0.0,0.0,0.0,0.0,14.0,0.0,0.0,14.0,0.0,0.0,0.0,0.0,0.0,0.0,0.0,0.0,0.0,0.0,6.0,0.0,2.0,6.0,6.0,2.0,0.0,6.0,0.0,0.0,0.0,0.0,0.0,0.0,0.0,0.0,"Dec 31, 2018"
1270,2305126.0,24475.0,Baghdad,Al Resafa,Al Maamil-771,المعامل-771,33.390132167,44.5266933225,5.0,30.0,0.0,0.0,0.0,0.0,0.0,0.0,0.0,0.0,0.0,0.0,0.0,0.0,5.0,0.0,0.0,0.0,0.0,0.0,0.0,3.0,0.0,0.0,0.0,0.0,0.0,0.0,2.0,0.0,0.0,2.0,0.0,0.0,0.0,0.0,0.0,0.0,0.0,0.0,0.0,0.0,5.0,0.0,0.0,5.0,0.0,0.0,0.0,0.0,0.0,0.0,0.0,0.0,0.0,0.0,0.0,0.0,"Dec 31, 2018"
1271,2305127.0,24477.0,Baghdad,Al Resafa,Al Maamil-779,المعامل-779,33.4200526832,44.529177516,8.0,48.0,0.0,0.0,0.0,0.0,0.0,0.0,0.0,0.0,0.0,0.0,0.0,0.0,8.0,0.0,0.0,0.0,0.0,0.0,0.0,0.0,0.0,0.0,0.0,0.0,0.0,0.0,8.0,0.0,0.0,8.0,0.0,0.0,0.0,0.0,0.0,0.0,0.0,0.0,0.0,0.0,8.0,0.0,0.0,8.0,0.0,0.0,0.0,0.0,0.0,0.0,0.0,0.0,0.0,0.0,0.0,0.0,"Dec 31, 2018"
1272,2305128.0,24474.0,Baghdad,Al Resafa,Al Maamil-781,المعامل-781,33.3834940329,44.5273240292,7.0,42.0,0.0,0.0,0.0,0.0,0.0,0.0,0.0,0.0,0.0,0.0,0.0,0.0,7.0,0.0,0.0,0.0,0.0,0.0,0.0,7.0,0.0,0.0,0.0,0.0,0.0,0.0,0.0,0.0,0.0,0.0,0.0,0.0,0.0,0.0,0.0,0.0,0.0,0.0,0.0,0.0,7.0,0.0,0.0,7.0,0.0,0.0,0.0,0.0,0.0,0.0,0.0,0.0,0.0,0.0,0.0,0.0,"Dec 31, 2018"
1273,2305130.0,21753.0,Baghdad,Al Resafa,Al Maamil-799,المعامل-799,33.4479459281,44.5240672106,6.0,36.0,0.0,0.0,0.0,0.0,0.0,0.0,0.0,0.0,0.0,0.0,0.0,0.0,6.0,0.0,0.0,0.0,0.0,0.0,0.0,3.0,0.0,0.0,0.0,0.0,0.0,0.0,3.0,0.0,0.0,3.0,0.0,0.0,0.0,0.0,0.0,0.0,0.0,0.0,0.0,0.0,4.0,0.0,2.0,4.0,0.0,2.0,0.0,0.0,0.0,0.0,0.0,0.0,0.0,0.0,0.0,0.0,"Dec 31, 2018"
1274,2305131.0,21631.0,Baghdad,Al Resafa,Al Shaikh Omer-127,الشيخ عمر-127,33.3462119006,44.4012192223,6.0,36.0,0.0,0.0,0.0,0.0,0.0,2.0,0.0,0.0,0.0,0.0,0.0,0.0,3.0,0.0,1.0,0.0,0.0,0.0,0.0,0.0,0.0,0.0,0.0,0.0,0.0,0.0,6.0,0.0,0.0,6.0,0.0,0.0,0.0,0.0,0.0,0.0,0.0,0.0,0.0,0.0,2.0,0.0,0.0,2.0,3.0,0.0,0.0,3.0,0.0,0.0,1.0,0.0,0.0,1.0,0.0,0.0,"Dec 31, 2018"
1275,2305132.0,21633.0,Baghdad,Al Resafa,Al Shaikh Omer-129,الشيخ عمر-129,33.3481459147,44.3954441064,13.0,78.0,5.0,0.0,0.0,0.0,0.0,0.0,0.0,0.0,0.0,0.0,0.0,0.0,5.0,0.0,3.0,0.0,0.0,0.0,0.0,4.0,0.0,0.0,0.0,0.0,0.0,0.0,9.0,0.0,0.0,9.0,0.0,0.0,0.0,0.0,0.0,0.0,0.0,0.0,0.0,0.0,3.0,0.0,4.0,3.0,0.0,4.0,4.0,0.0,0.0,4.0,2.0,0.0,0.0,2.0,0.0,0.0,"Dec 31, 2018"
1276,2305134.0,24226.0,Baghdad,Al Resafa,Hay Summer-704,حي سومر-704,33.3167722563,44.4695252283,8.0,48.0,0.0,0.0,0.0,0.0,0.0,0.0,0.0,0.0,0.0,0.0,0.0,0.0,8.0,0.0,0.0,0.0,0.0,0.0,0.0,5.0,0.0,0.0,0.0,0.0,0.0,0.0,3.0,0.0,0.0,3.0,0.0,0.0,0.0,0.0,0.0,0.0,0.0,0.0,0.0,0.0,3.0,0.0,5.0,3.0,0.0,5.0,0.0,0.0,0.0,0.0,0.0,0.0,0.0,0.0,0.0,0.0,"Dec 31, 2018"
1277,2305136.0,25969.0,Baghdad,Al Resafa,Zayona,مخيم زيونة,33.3177567996,44.4469571656,100.0,600.0,0.0,0.0,0.0,0.0,0.0,0.0,0.0,0.0,0.0,0.0,0.0,0.0,96.0,0.0,4.0,0.0,0.0,0.0,100.0,0.0,0.0,0.0,0.0,0.0,0.0,0.0,0.0,0.0,0.0,0.0,0.0,0.0,0.0,0.0,0.0,0.0,0.0,0.0,0.0,0.0,0.0,0.0,80.0,0.0,20.0,80.0,0.0,20.0,0.0,0.0,0.0,0.0,0.0,0.0,0.0,0.0,"Dec 31, 2018"
1278,2305141.0,23286.0,Baghdad,Al Resafa,Al Gilani-123,الكيلاني-123,33.3383700336,44.4084995056,21.0,126.0,10.0,0.0,0.0,0.0,0.0,0.0,0.0,0.0,0.0,0.0,0.0,0.0,8.0,0.0,3.0,0.0,0.0,0.0,0.0,5.0,0.0,0.0,0.0,0.0,0.0,0.0,8.0,0.0,0.0,8.0,0.0,0.0,8.0,0.0,0.0,8.0,0.0,0.0,0.0,0.0,0.0,0.0,3.0,0.0,5.0,3.0,6.0,5.0,0.0,6.0,0.0,0.0,7.0,0.0,7.0,0.0,"Dec 31, 2018"
1279,2305142.0,27248.0,Baghdad,Al Resafa,Al Karada-907,الكرادة-907,33.2946770792,44.4140054813,7.0,42.0,2.0,0.0,0.0,0.0,0.0,0.0,0.0,0.0,0.0,0.0,0.0,0.0,5.0,0.0,0.0,0.0,0.0,0.0,0.0,0.0,0.0,0.0,0.0,0.0,0.0,0.0,7.0,0.0,0.0,7.0,0.0,0.0,0.0,0.0,0.0,0.0,0.0,0.0,0.0,0.0,0.0,0.0,5.0,0.0,0.0,5.0,2.0,0.0,0.0,2.0,0.0,0.0,0.0,0.0,0.0,0.0,"Dec 31, 2018"
1280,2306001.0,23619.0,Baghdad,Kadhimia,Ahmed Al Hamid village,قرية أحمد الحميد,33.4910525726,44.2389858343,7.0,42.0,7.0,0.0,0.0,0.0,0.0,0.0,0.0,0.0,0.0,0.0,0.0,0.0,0.0,0.0,0.0,0.0,0.0,0.0,0.0,4.0,0.0,0.0,0.0,0.0,0.0,0.0,3.0,0.0,0.0,3.0,0.0,0.0,0.0,0.0,0.0,0.0,0.0,0.0,3.0,0.0,0.0,3.0,0.0,0.0,4.0,0.0,0.0,4.0,0.0,0.0,0.0,0.0,0.0,0.0,0.0,0.0,"Dec 31, 2018"
1281,2306003.0,24660.0,Baghdad,Kadhimia,Al Ateefia-407,العطيفية-407,33.3551433832,44.3641391678,5.0,30.0,0.0,0.0,0.0,0.0,0.0,0.0,0.0,0.0,0.0,0.0,0.0,0.0,5.0,0.0,0.0,0.0,0.0,0.0,0.0,2.0,0.0,0.0,0.0,0.0,0.0,0.0,3.0,0.0,0.0,3.0,0.0,0.0,0.0,0.0,0.0,0.0,0.0,0.0,0.0,0.0,0.0,0.0,0.0,0.0,5.0,0.0,0.0,5.0,0.0,0.0,0.0,0.0,0.0,0.0,0.0,0.0,"Dec 31, 2018"
1282,2306004.0,24773.0,Baghdad,Kadhimia,Al Ateefia-409,العطيفية-409,33.3568322866,44.3633839501,5.0,30.0,0.0,0.0,0.0,0.0,0.0,0.0,0.0,0.0,0.0,0.0,0.0,0.0,5.0,0.0,0.0,0.0,0.0,0.0,0.0,0.0,0.0,0.0,0.0,0.0,0.0,0.0,5.0,0.0,0.0,5.0,0.0,0.0,0.0,0.0,0.0,0.0,0.0,0.0,0.0,0.0,0.0,0.0,0.0,0.0,5.0,0.0,0.0,5.0,0.0,0.0,0.0,0.0,0.0,0.0,0.0,0.0,"Dec 31, 2018"
1283,2306008.0,22249.0,Baghdad,Kadhimia,Al Huriyah-a 430,الحرية-430,33.3575720395,44.3210160268,11.0,66.0,3.0,0.0,0.0,0.0,0.0,0.0,0.0,0.0,1.0,0.0,0.0,0.0,4.0,0.0,3.0,0.0,0.0,0.0,0.0,6.0,0.0,0.0,0.0,0.0,0.0,0.0,5.0,0.0,0.0,5.0,0.0,0.0,0.0,0.0,0.0,0.0,0.0,0.0,0.0,0.0,7.0,0.0,4.0,7.0,0.0,4.0,0.0,0.0,0.0,0.0,0.0,0.0,0.0,0.0,0.0,0.0,"Dec 31, 2018"
1284,2306009.0,25200.0,Baghdad,Kadhimia,Al Salam-412,السلام-412,33.3558262533,44.3363314567,16.0,96.0,9.0,0.0,0.0,0.0,0.0,0.0,0.0,0.0,0.0,0.0,0.0,0.0,7.0,0.0,0.0,0.0,0.0,0.0,0.0,4.0,0.0,0.0,0.0,0.0,0.0,0.0,12.0,0.0,0.0,12.0,0.0,0.0,0.0,0.0,0.0,0.0,0.0,0.0,9.0,0.0,0.0,9.0,7.0,0.0,0.0,7.0,0.0,0.0,0.0,0.0,0.0,0.0,0.0,0.0,0.0,0.0,"Dec 31, 2018"
1285,2306010.0,24934.0,Baghdad,Kadhimia,Al Hurriyah-416,الحرية-416,33.3547870681,44.3250751896,7.0,42.0,0.0,0.0,0.0,0.0,0.0,0.0,0.0,0.0,0.0,0.0,0.0,0.0,7.0,0.0,0.0,0.0,0.0,0.0,0.0,3.0,0.0,0.0,0.0,0.0,0.0,0.0,4.0,0.0,0.0,4.0,0.0,0.0,0.0,0.0,0.0,0.0,0.0,0.0,2.0,0.0,5.0,2.0,0.0,5.0,0.0,0.0,0.0,0.0,0.0,0.0,0.0,0.0,0.0,0.0,0.0,0.0,"Dec 31, 2018"
1286,2306011.0,24935.0,Baghdad,Kadhimia,Al Hurriyah-418,الحرية-418,33.3585306684,44.3244281292,4.0,24.0,0.0,0.0,0.0,0.0,0.0,0.0,0.0,0.0,0.0,0.0,0.0,0.0,4.0,0.0,0.0,0.0,0.0,0.0,0.0,2.0,0.0,0.0,0.0,0.0,0.0,0.0,2.0,0.0,0.0,2.0,0.0,0.0,0.0,0.0,0.0,0.0,0.0,0.0,0.0,0.0,4.0,0.0,0.0,4.0,0.0,0.0,0.0,0.0,0.0,0.0,0.0,0.0,0.0,0.0,0.0,0.0,"Dec 31, 2018"
1287,2306012.0,24963.0,Baghdad,Kadhimia,Al Hurriyah-420,الحرية-420,33.361931864,44.3250049359,5.0,30.0,0.0,0.0,0.0,0.0,0.0,0.0,0.0,0.0,0.0,0.0,0.0,0.0,5.0,0.0,0.0,0.0,0.0,0.0,0.0,2.0,0.0,0.0,0.0,0.0,0.0,0.0,3.0,0.0,0.0,3.0,0.0,0.0,0.0,0.0,0.0,0.0,0.0,0.0,0.0,0.0,2.0,0.0,3.0,2.0,0.0,3.0,0.0,0.0,0.0,0.0,0.0,0.0,0.0,0.0,0.0,0.0,"Dec 31, 2018"
1288,2306013.0,24752.0,Baghdad,Kadhimia,Al Hurriyah-424,الحرية-424,33.3469832105,44.3247900024,10.0,60.0,2.0,0.0,0.0,0.0,0.0,6.0,0.0,0.0,0.0,0.0,0.0,0.0,2.0,0.0,0.0,0.0,0.0,0.0,0.0,4.0,0.0,0.0,0.0,0.0,0.0,0.0,6.0,0.0,0.0,6.0,0.0,0.0,0.0,0.0,0.0,0.0,0.0,0.0,0.0,0.0,6.0,0.0,0.0,6.0,4.0,0.0,0.0,4.0,0.0,0.0,0.0,0.0,0.0,0.0,0.0,0.0,"Dec 31, 2018"
1289,2306014.0,24936.0,Baghdad,Kadhimia,Al Hurriyah-426,الحرية-426,33.350762023,44.3105177662,5.0,30.0,0.0,0.0,0.0,0.0,0.0,0.0,0.0,0.0,0.0,0.0,0.0,0.0,5.0,0.0,0.0,0.0,0.0,0.0,0.0,2.0,0.0,0.0,0.0,0.0,0.0,0.0,3.0,0.0,0.0,3.0,0.0,0.0,0.0,0.0,0.0,0.0,0.0,0.0,0.0,0.0,0.0,0.0,0.0,0.0,3.0,0.0,0.0,3.0,0.0,0.0,2.0,0.0,0.0,2.0,0.0,0.0,"Dec 31, 2018"
1290,2306015.0,24732.0,Baghdad,Kadhimia,Al Hurriyah-428,الحرية-428,33.354920131,44.313211705,8.0,48.0,0.0,2.0,0.0,0.0,0.0,0.0,0.0,0.0,0.0,0.0,0.0,0.0,4.0,0.0,2.0,0.0,0.0,0.0,0.0,4.0,0.0,0.0,0.0,0.0,0.0,0.0,4.0,0.0,0.0,4.0,0.0,0.0,0.0,0.0,0.0,0.0,0.0,0.0,2.0,0.0,2.0,2.0,0.0,2.0,0.0,0.0,4.0,0.0,0.0,4.0,0.0,0.0,0.0,0.0,0.0,0.0,"Dec 31, 2018"
1291,2306016.0,24937.0,Baghdad,Kadhimia,Al Hurriyah-432,الحرية-432,33.3615422185,44.3110110535,9.0,54.0,0.0,0.0,0.0,0.0,0.0,0.0,0.0,0.0,0.0,0.0,0.0,0.0,7.0,0.0,2.0,0.0,0.0,0.0,0.0,3.0,0.0,0.0,0.0,0.0,0.0,0.0,6.0,0.0,0.0,6.0,0.0,0.0,0.0,0.0,0.0,0.0,0.0,0.0,0.0,0.0,7.0,0.0,0.0,7.0,2.0,0.0,0.0,2.0,0.0,0.0,0.0,0.0,0.0,0.0,0.0,0.0,"Dec 31, 2018"
1292,2306017.0,24733.0,Baghdad,Kadhimia,Al Hurriyah-436,الحرية-436,33.3670754423,44.3049726063,12.0,72.0,0.0,0.0,0.0,0.0,0.0,3.0,0.0,0.0,2.0,0.0,0.0,0.0,4.0,0.0,3.0,0.0,0.0,0.0,0.0,5.0,0.0,0.0,0.0,0.0,0.0,0.0,7.0,0.0,0.0,7.0,0.0,0.0,0.0,0.0,0.0,0.0,0.0,0.0,3.0,0.0,3.0,3.0,0.0,3.0,2.0,0.0,0.0,2.0,0.0,0.0,4.0,0.0,0.0,4.0,0.0,0.0,"Dec 31, 2018"
1293,2306018.0,25198.0,Baghdad,Kadhimia,Al Malahma(Al Sekak)Village,قرية الملاحمة(دور السكك),33.5177348166,44.2334667695,11.0,66.0,11.0,0.0,0.0,0.0,0.0,0.0,0.0,0.0,0.0,0.0,0.0,0.0,0.0,0.0,0.0,0.0,0.0,0.0,0.0,4.0,0.0,0.0,0.0,0.0,0.0,0.0,7.0,0.0,0.0,7.0,0.0,0.0,0.0,0.0,0.0,0.0,0.0,0.0,0.0,0.0,0.0,0.0,4.0,0.0,6.0,4.0,1.0,6.0,0.0,1.0,0.0,0.0,0.0,0.0,0.0,0.0,"Dec 31, 2018"
1294,2306020.0,25718.0,Baghdad,Kadhimia,Al Salam-404,السلام-404,33.3447377478,44.3435128789,15.0,90.0,7.0,0.0,0.0,0.0,0.0,0.0,0.0,0.0,0.0,0.0,0.0,0.0,5.0,0.0,3.0,0.0,0.0,0.0,0.0,5.0,0.0,0.0,0.0,0.0,0.0,0.0,10.0,0.0,0.0,10.0,0.0,0.0,0.0,0.0,0.0,0.0,0.0,0.0,2.0,0.0,7.0,2.0,0.0,7.0,3.0,0.0,0.0,3.0,0.0,0.0,3.0,0.0,0.0,3.0,0.0,0.0,"Dec 31, 2018"
1295,2306021.0,25717.0,Baghdad,Kadhimia,Al Salam-406,السلام-406,33.347650564,44.34646942,12.0,72.0,8.0,0.0,0.0,0.0,0.0,0.0,0.0,0.0,0.0,0.0,0.0,0.0,4.0,0.0,0.0,0.0,0.0,0.0,0.0,3.0,0.0,0.0,0.0,0.0,0.0,0.0,9.0,0.0,0.0,9.0,0.0,0.0,0.0,0.0,0.0,0.0,0.0,0.0,5.0,0.0,3.0,5.0,0.0,3.0,1.0,0.0,0.0,1.0,0.0,0.0,3.0,0.0,0.0,3.0,0.0,0.0,"Dec 31, 2018"
1296,2306022.0,25719.0,Baghdad,Kadhimia,Al Salam-410,السلام-410,33.3458523586,44.3356353471,11.0,66.0,10.0,0.0,0.0,0.0,0.0,0.0,0.0,0.0,0.0,0.0,0.0,0.0,1.0,0.0,0.0,0.0,0.0,0.0,0.0,3.0,0.0,0.0,0.0,0.0,0.0,0.0,8.0,0.0,0.0,8.0,0.0,0.0,0.0,0.0,0.0,0.0,0.0,0.0,0.0,0.0,6.0,0.0,3.0,6.0,0.0,3.0,2.0,0.0,0.0,2.0,0.0,0.0,0.0,0.0,0.0,0.0,"Dec 31, 2018"
1297,2306023.0,25199.0,Baghdad,Kadhimia,Al Salehen Village,قرية الصالحين,33.5065943561,44.2372744288,10.0,60.0,10.0,0.0,0.0,0.0,0.0,0.0,0.0,0.0,0.0,0.0,0.0,0.0,0.0,0.0,0.0,0.0,0.0,0.0,0.0,4.0,0.0,0.0,0.0,0.0,0.0,0.0,6.0,0.0,0.0,6.0,0.0,0.0,0.0,0.0,0.0,0.0,0.0,0.0,0.0,0.0,0.0,0.0,0.0,0.0,5.0,0.0,5.0,5.0,0.0,5.0,0.0,0.0,0.0,0.0,0.0,0.0,"Dec 31, 2018"
1298,2306027.0,25184.0,Baghdad,Kadhimia,Al Halabsa village,قرية الحلابسة,33.559246366,44.1777590373,8.0,48.0,6.0,0.0,0.0,0.0,0.0,0.0,0.0,0.0,0.0,0.0,0.0,0.0,0.0,0.0,2.0,0.0,0.0,0.0,0.0,6.0,0.0,0.0,0.0,0.0,0.0,0.0,2.0,0.0,0.0,2.0,0.0,0.0,0.0,0.0,0.0,0.0,0.0,0.0,2.0,0.0,0.0,2.0,0.0,0.0,5.0,0.0,1.0,5.0,0.0,1.0,0.0,0.0,0.0,0.0,0.0,0.0,"Dec 31, 2018"
1299,2306031.0,25192.0,Baghdad,Kadhimia,Albu Aied Village,قرية ألبوعايد,33.4455114842,44.2758327669,5.0,30.0,5.0,0.0,0.0,0.0,0.0,0.0,0.0,0.0,0.0,0.0,0.0,0.0,0.0,0.0,0.0,0.0,0.0,0.0,0.0,2.0,0.0,0.0,0.0,0.0,0.0,0.0,3.0,0.0,0.0,3.0,0.0,0.0,0.0,0.0,0.0,0.0,0.0,0.0,0.0,0.0,0.0,0.0,0.0,0.0,0.0,0.0,5.0,0.0,0.0,5.0,0.0,0.0,0.0,0.0,0.0,0.0,"Dec 31, 2018"
1300,2306032.0,25185.0,Baghdad,Kadhimia,Awad Al Hussain village,قرية عواد الحسين,33.5501052242,44.1933121841,10.0,60.0,10.0,0.0,0.0,0.0,0.0,0.0,0.0,0.0,0.0,0.0,0.0,0.0,0.0,0.0,0.0,0.0,0.0,0.0,0.0,3.0,0.0,0.0,0.0,0.0,0.0,0.0,7.0,0.0,0.0,7.0,0.0,0.0,0.0,0.0,0.0,0.0,0.0,0.0,2.0,0.0,0.0,2.0,0.0,0.0,8.0,0.0,0.0,8.0,0.0,0.0,0.0,0.0,0.0,0.0,0.0,0.0,"Dec 31, 2018"
1301,2306033.0,25188.0,Baghdad,Kadhimia,Dheeb Al Dhari village,قرية ذيب الضاري,33.5111562471,44.2016485534,8.0,48.0,8.0,0.0,0.0,0.0,0.0,0.0,0.0,0.0,0.0,0.0,0.0,0.0,0.0,0.0,0.0,0.0,0.0,0.0,0.0,6.0,0.0,0.0,0.0,0.0,0.0,0.0,2.0,0.0,0.0,2.0,0.0,0.0,0.0,0.0,0.0,0.0,0.0,0.0,0.0,0.0,0.0,0.0,5.0,0.0,3.0,5.0,0.0,3.0,0.0,0.0,0.0,0.0,0.0,0.0,0.0,0.0,"Dec 31, 2018"
1302,2306034.0,25182.0,Baghdad,Kadhimia,Fahad Al Fadhel village,قرية فهد الفاضل,33.4917371258,44.1738534898,8.0,48.0,8.0,0.0,0.0,0.0,0.0,0.0,0.0,0.0,0.0,0.0,0.0,0.0,0.0,0.0,0.0,0.0,0.0,0.0,0.0,3.0,0.0,0.0,0.0,0.0,0.0,0.0,5.0,0.0,0.0,5.0,0.0,0.0,0.0,0.0,0.0,0.0,0.0,0.0,0.0,0.0,0.0,0.0,0.0,0.0,3.0,0.0,5.0,3.0,0.0,5.0,0.0,0.0,0.0,0.0,0.0,0.0,"Dec 31, 2018"
1303,2306035.0,25195.0,Baghdad,Kadhimia,Faisal Abbas village,قرية فيصل عباس,33.547098715,44.1978701648,11.0,66.0,11.0,0.0,0.0,0.0,0.0,0.0,0.0,0.0,0.0,0.0,0.0,0.0,0.0,0.0,0.0,0.0,0.0,0.0,0.0,7.0,0.0,0.0,0.0,0.0,0.0,0.0,4.0,0.0,0.0,4.0,0.0,0.0,0.0,0.0,0.0,0.0,0.0,0.0,11.0,0.0,0.0,11.0,0.0,0.0,0.0,0.0,0.0,0.0,0.0,0.0,0.0,0.0,0.0,0.0,0.0,0.0,"Dec 31, 2018"
1304,2306036.0,25189.0,Baghdad,Kadhimia,Naif Al Hassan viilage,قرية نايف الحسن,33.5145693406,44.2184138144,9.0,54.0,9.0,0.0,0.0,0.0,0.0,0.0,0.0,0.0,0.0,0.0,0.0,0.0,0.0,0.0,0.0,0.0,0.0,0.0,0.0,6.0,0.0,0.0,0.0,0.0,0.0,0.0,3.0,0.0,0.0,3.0,0.0,0.0,0.0,0.0,0.0,0.0,0.0,0.0,0.0,0.0,0.0,0.0,0.0,0.0,0.0,0.0,9.0,0.0,0.0,9.0,0.0,0.0,0.0,0.0,0.0,0.0,"Dec 31, 2018"
1305,2306037.0,25194.0,Baghdad,Kadhimia,Najah Al Suhail village,قرية نجاح السهيل,33.469,44.198,7.0,42.0,7.0,0.0,0.0,0.0,0.0,0.0,0.0,0.0,0.0,0.0,0.0,0.0,0.0,0.0,0.0,0.0,0.0,0.0,0.0,5.0,0.0,0.0,0.0,0.0,0.0,0.0,2.0,0.0,0.0,2.0,0.0,0.0,0.0,0.0,0.0,0.0,0.0,0.0,7.0,0.0,0.0,7.0,0.0,0.0,0.0,0.0,0.0,0.0,0.0,0.0,0.0,0.0,0.0,0.0,0.0,0.0,"Dec 31, 2018"
1306,2306038.0,25183.0,Baghdad,Kadhimia,Rezaige Al Badaa village,قرية رزيج البداع,33.4997071939,44.1836018947,12.0,72.0,12.0,0.0,0.0,0.0,0.0,0.0,0.0,0.0,0.0,0.0,0.0,0.0,0.0,0.0,0.0,0.0,0.0,0.0,0.0,5.0,0.0,0.0,0.0,0.0,0.0,0.0,7.0,0.0,0.0,7.0,0.0,0.0,0.0,0.0,0.0,0.0,0.0,0.0,0.0,0.0,0.0,0.0,4.0,0.0,0.0,4.0,8.0,0.0,0.0,8.0,0.0,0.0,0.0,0.0,0.0,0.0,"Dec 31, 2018"
1307,2306039.0,25190.0,Baghdad,Kadhimia,Um Najem village,قرية أم نجم,33.5828441048,44.1764850137,7.0,42.0,7.0,0.0,0.0,0.0,0.0,0.0,0.0,0.0,0.0,0.0,0.0,0.0,0.0,0.0,0.0,0.0,0.0,0.0,0.0,7.0,0.0,0.0,0.0,0.0,0.0,0.0,0.0,0.0,0.0,0.0,0.0,0.0,0.0,0.0,0.0,0.0,0.0,0.0,7.0,0.0,0.0,7.0,0.0,0.0,0.0,0.0,0.0,0.0,0.0,0.0,0.0,0.0,0.0,0.0,0.0,0.0,"Dec 31, 2018"
1308,2306041.0,25176.0,Baghdad,Kadhimia,Albu Dawod Village,قرية البو داوود,33.47148111,44.2223793741,6.0,36.0,6.0,0.0,0.0,0.0,0.0,0.0,0.0,0.0,0.0,0.0,0.0,0.0,0.0,0.0,0.0,0.0,0.0,0.0,0.0,6.0,0.0,0.0,0.0,0.0,0.0,0.0,0.0,0.0,0.0,0.0,0.0,0.0,0.0,0.0,0.0,0.0,0.0,0.0,0.0,0.0,0.0,0.0,0.0,0.0,0.0,0.0,6.0,0.0,0.0,6.0,0.0,0.0,0.0,0.0,0.0,0.0,"Dec 31, 2018"
1309,2306042.0,25174.0,Baghdad,Kadhimia,Ali Al Hamad Village,قرية علي الحمد,33.4690697808,44.2117035004,5.0,30.0,5.0,0.0,0.0,0.0,0.0,0.0,0.0,0.0,0.0,0.0,0.0,0.0,0.0,0.0,0.0,0.0,0.0,0.0,0.0,4.0,0.0,0.0,0.0,0.0,0.0,0.0,1.0,0.0,0.0,1.0,0.0,0.0,0.0,0.0,0.0,0.0,0.0,0.0,0.0,0.0,0.0,0.0,0.0,0.0,0.0,0.0,5.0,0.0,0.0,5.0,0.0,0.0,0.0,0.0,0.0,0.0,"Dec 31, 2018"
1310,2306043.0,24501.0,Baghdad,Kadhimia,Al-Shalchiya,الشالجية,33.3511590469,44.3522530752,15.0,90.0,7.0,0.0,0.0,0.0,0.0,0.0,0.0,0.0,0.0,0.0,0.0,0.0,8.0,0.0,0.0,0.0,0.0,0.0,0.0,3.0,0.0,0.0,0.0,0.0,0.0,0.0,12.0,0.0,0.0,12.0,0.0,0.0,0.0,0.0,0.0,0.0,0.0,0.0,0.0,0.0,11.0,0.0,0.0,11.0,4.0,0.0,0.0,4.0,0.0,0.0,0.0,0.0,0.0,0.0,0.0,0.0,"Dec 31, 2018"
1311,2306045.0,23641.0,Baghdad,Kadhimia,Hay Al Shuhada,حي الشهداء,33.4567390367,44.2399955583,8.0,48.0,8.0,0.0,0.0,0.0,0.0,0.0,0.0,0.0,0.0,0.0,0.0,0.0,0.0,0.0,0.0,0.0,0.0,0.0,0.0,0.0,0.0,0.0,0.0,0.0,0.0,0.0,8.0,0.0,0.0,8.0,0.0,0.0,0.0,0.0,0.0,0.0,0.0,0.0,0.0,0.0,2.0,0.0,3.0,2.0,0.0,3.0,3.0,0.0,0.0,3.0,0.0,0.0,0.0,0.0,0.0,0.0,"Dec 31, 2018"
1312,2306046.0,23581.0,Baghdad,Kadhimia,Hay Hasan AlAskari,حي الحسن العسكري,33.474867123,44.2565400763,5.0,30.0,5.0,0.0,0.0,0.0,0.0,0.0,0.0,0.0,0.0,0.0,0.0,0.0,0.0,0.0,0.0,0.0,0.0,0.0,0.0,0.0,0.0,0.0,0.0,0.0,0.0,0.0,5.0,0.0,0.0,5.0,0.0,0.0,0.0,0.0,0.0,0.0,0.0,0.0,0.0,0.0,0.0,0.0,3.0,0.0,2.0,3.0,0.0,2.0,0.0,0.0,0.0,0.0,0.0,0.0,0.0,0.0,"Dec 31, 2018"
1313,2306048.0,20784.0,Baghdad,Kadhimia,Jurf Al Milah,جرف الملح,33.4919369783,44.251671679,7.0,42.0,7.0,0.0,0.0,0.0,0.0,0.0,0.0,0.0,0.0,0.0,0.0,0.0,0.0,0.0,0.0,0.0,0.0,0.0,0.0,2.0,0.0,0.0,0.0,0.0,0.0,0.0,5.0,0.0,0.0,5.0,0.0,0.0,0.0,0.0,0.0,0.0,0.0,0.0,0.0,0.0,0.0,0.0,0.0,0.0,7.0,0.0,0.0,7.0,0.0,0.0,0.0,0.0,0.0,0.0,0.0,0.0,"Dec 31, 2018"
1314,2306051.0,25173.0,Baghdad,Kadhimia,Khalaf Jredhi Village,قرية خلف جريدي,33.4629364697,44.2217035975,5.0,30.0,5.0,0.0,0.0,0.0,0.0,0.0,0.0,0.0,0.0,0.0,0.0,0.0,0.0,0.0,0.0,0.0,0.0,0.0,0.0,3.0,0.0,0.0,0.0,0.0,0.0,0.0,2.0,0.0,0.0,2.0,0.0,0.0,0.0,0.0,0.0,0.0,0.0,0.0,0.0,0.0,0.0,0.0,0.0,0.0,0.0,0.0,5.0,0.0,0.0,5.0,0.0,0.0,0.0,0.0,0.0,0.0,"Dec 31, 2018"
1315,2306053.0,25172.0,Baghdad,Kadhimia,Mulla Mukhlef Village,قرية ملا مخلف,33.4590341759,44.2304210333,5.0,30.0,5.0,0.0,0.0,0.0,0.0,0.0,0.0,0.0,0.0,0.0,0.0,0.0,0.0,0.0,0.0,0.0,0.0,0.0,0.0,0.0,0.0,0.0,0.0,0.0,0.0,0.0,5.0,0.0,0.0,5.0,0.0,0.0,0.0,0.0,0.0,0.0,0.0,0.0,0.0,0.0,0.0,0.0,0.0,0.0,0.0,0.0,4.0,0.0,1.0,4.0,0.0,1.0,0.0,0.0,0.0,0.0,"Dec 31, 2018"
1316,2306059.0,26043.0,Baghdad,Kadhimia,Sabea Al Buor(Al Basam),سبع البور(مقاطعة البصام),33.4312561009,44.2337822633,9.0,54.0,0.0,0.0,0.0,0.0,0.0,0.0,0.0,0.0,0.0,0.0,0.0,0.0,6.0,0.0,3.0,0.0,0.0,0.0,0.0,4.0,0.0,0.0,0.0,0.0,0.0,0.0,5.0,0.0,0.0,5.0,0.0,0.0,0.0,0.0,0.0,0.0,0.0,0.0,0.0,0.0,0.0,0.0,0.0,0.0,0.0,0.0,6.0,0.0,3.0,6.0,0.0,3.0,0.0,0.0,0.0,0.0,"Dec 31, 2018"
1317,2306062.0,25167.0,Baghdad,Kadhimia,Sabea Al Buor-11000,سبع البور-11000,33.4592806813,44.1688442927,5.0,30.0,5.0,0.0,0.0,0.0,0.0,0.0,0.0,0.0,0.0,0.0,0.0,0.0,0.0,0.0,0.0,0.0,0.0,0.0,0.0,0.0,0.0,0.0,0.0,0.0,0.0,0.0,5.0,0.0,0.0,5.0,0.0,0.0,0.0,0.0,0.0,0.0,0.0,0.0,3.0,0.0,0.0,3.0,0.0,0.0,0.0,0.0,2.0,0.0,0.0,2.0,0.0,0.0,0.0,0.0,0.0,0.0,"Dec 31, 2018"
1318,2306063.0,25168.0,Baghdad,Kadhimia,Sabea Al Buor-14000,سبع البور-14000,33.4701397816,44.1661177226,15.0,90.0,4.0,0.0,0.0,0.0,0.0,0.0,0.0,0.0,8.0,0.0,0.0,0.0,0.0,0.0,3.0,0.0,0.0,0.0,0.0,3.0,0.0,0.0,0.0,0.0,0.0,0.0,12.0,0.0,0.0,12.0,0.0,0.0,0.0,0.0,0.0,0.0,0.0,0.0,0.0,0.0,0.0,0.0,0.0,0.0,3.0,0.0,4.0,3.0,0.0,4.0,0.0,0.0,8.0,0.0,8.0,0.0,"Dec 31, 2018"
1319,2306064.0,25169.0,Baghdad,Kadhimia,Sabea Al Buor-15000,سبع البور-15000,33.4573875317,44.1585322694,9.0,54.0,9.0,0.0,0.0,0.0,0.0,0.0,0.0,0.0,0.0,0.0,0.0,0.0,0.0,0.0,0.0,0.0,0.0,0.0,0.0,4.0,0.0,0.0,0.0,0.0,0.0,0.0,5.0,0.0,0.0,5.0,0.0,0.0,0.0,0.0,0.0,0.0,0.0,0.0,0.0,0.0,0.0,0.0,0.0,0.0,0.0,0.0,9.0,0.0,0.0,9.0,0.0,0.0,0.0,0.0,0.0,0.0,"Dec 31, 2018"
1320,2306065.0,25326.0,Baghdad,Kadhimia,Sabea Al Buor-16000,سبع البور-16000,33.4623713635,44.1437278127,10.0,60.0,10.0,0.0,0.0,0.0,0.0,0.0,0.0,0.0,0.0,0.0,0.0,0.0,0.0,0.0,0.0,0.0,0.0,0.0,0.0,4.0,0.0,0.0,0.0,0.0,0.0,0.0,6.0,0.0,0.0,6.0,0.0,0.0,0.0,0.0,0.0,0.0,0.0,0.0,0.0,0.0,0.0,0.0,0.0,0.0,0.0,0.0,10.0,0.0,0.0,10.0,0.0,0.0,0.0,0.0,0.0,0.0,"Dec 31, 2018"
1321,2306073.0,25164.0,Baghdad,Kadhimia,Sabea Al Buor-8000,سبع البور-8000,33.4525622622,44.1567673573,14.0,84.0,7.0,0.0,0.0,0.0,0.0,7.0,0.0,0.0,0.0,0.0,0.0,0.0,0.0,0.0,0.0,0.0,0.0,0.0,0.0,0.0,0.0,0.0,0.0,0.0,0.0,0.0,14.0,0.0,0.0,14.0,0.0,0.0,0.0,0.0,0.0,0.0,0.0,0.0,0.0,0.0,0.0,0.0,8.0,0.0,0.0,8.0,6.0,0.0,0.0,6.0,0.0,0.0,0.0,0.0,0.0,0.0,"Dec 31, 2018"
1322,2306074.0,25165.0,Baghdad,Kadhimia,Sabea Al Buor-9000,سبع البور-9000,33.4571487124,44.1566981366,11.0,66.0,11.0,0.0,0.0,0.0,0.0,0.0,0.0,0.0,0.0,0.0,0.0,0.0,0.0,0.0,0.0,0.0,0.0,0.0,0.0,2.0,0.0,0.0,0.0,0.0,0.0,0.0,9.0,0.0,0.0,9.0,0.0,0.0,0.0,0.0,0.0,0.0,0.0,0.0,0.0,0.0,0.0,0.0,0.0,0.0,5.0,0.0,6.0,5.0,0.0,6.0,0.0,0.0,0.0,0.0,0.0,0.0,"Dec 31, 2018"
1323,2306075.0,22611.0,Baghdad,Kadhimia,Sabea Al Buor-13000,سبع البور-13000,33.4650574997,44.1681697141,19.0,114.0,19.0,0.0,0.0,0.0,0.0,0.0,0.0,0.0,0.0,0.0,0.0,0.0,0.0,0.0,0.0,0.0,0.0,0.0,0.0,10.0,0.0,0.0,0.0,0.0,0.0,0.0,9.0,0.0,0.0,9.0,0.0,0.0,0.0,0.0,0.0,0.0,0.0,0.0,4.0,0.0,6.0,4.0,0.0,6.0,0.0,0.0,7.0,0.0,2.0,7.0,0.0,2.0,0.0,0.0,0.0,0.0,"Dec 31, 2018"
1324,2306076.0,22541.0,Baghdad,Kadhimia,Sabea Al Buor-12000,سبع البور-12000,33.4607770605,44.1704438002,14.0,84.0,14.0,0.0,0.0,0.0,0.0,0.0,0.0,0.0,0.0,0.0,0.0,0.0,0.0,0.0,0.0,0.0,0.0,0.0,0.0,6.0,0.0,0.0,0.0,0.0,0.0,0.0,8.0,0.0,0.0,8.0,0.0,0.0,0.0,0.0,0.0,0.0,0.0,0.0,0.0,0.0,0.0,0.0,7.0,0.0,3.0,7.0,4.0,3.0,0.0,4.0,0.0,0.0,0.0,0.0,0.0,0.0,"Dec 31, 2018"
1325,2306078.0,23579.0,Baghdad,Kadhimia,Al Salam-408,السلام-408,33.3471836425,44.3394195748,21.0,126.0,10.0,0.0,0.0,0.0,0.0,2.0,0.0,0.0,0.0,0.0,0.0,0.0,0.0,0.0,9.0,0.0,0.0,0.0,0.0,12.0,0.0,0.0,0.0,0.0,0.0,0.0,9.0,0.0,0.0,9.0,0.0,0.0,0.0,0.0,0.0,0.0,0.0,0.0,0.0,0.0,2.0,0.0,3.0,2.0,6.0,3.0,10.0,6.0,0.0,10.0,0.0,0.0,0.0,0.0,0.0,0.0,"Dec 31, 2018"
1326,2306079.0,25186.0,Baghdad,Kadhimia,Shate Al Taji(Mezurfa)Village,شاطئ التاجي(مزرفة و حصيوة),33.4546132938,44.2851133384,9.0,54.0,6.0,0.0,0.0,0.0,0.0,0.0,0.0,0.0,0.0,0.0,0.0,0.0,0.0,0.0,3.0,0.0,0.0,0.0,0.0,7.0,0.0,0.0,0.0,0.0,0.0,0.0,2.0,0.0,0.0,2.0,0.0,0.0,0.0,0.0,0.0,0.0,0.0,0.0,3.0,0.0,0.0,3.0,0.0,0.0,6.0,0.0,0.0,6.0,0.0,0.0,0.0,0.0,0.0,0.0,0.0,0.0,"Dec 31, 2018"
1327,2306082.0,7285.0,Baghdad,Kadhimia,Jakook-425,جكوك-425,33.3803331089,44.3036660089,15.0,90.0,5.0,0.0,0.0,0.0,0.0,0.0,0.0,0.0,0.0,0.0,0.0,0.0,7.0,0.0,3.0,0.0,0.0,0.0,0.0,0.0,0.0,0.0,0.0,0.0,0.0,0.0,15.0,0.0,0.0,15.0,0.0,0.0,0.0,0.0,0.0,0.0,0.0,0.0,0.0,0.0,0.0,0.0,7.0,0.0,8.0,7.0,0.0,8.0,0.0,0.0,0.0,0.0,0.0,0.0,0.0,0.0,"Dec 31, 2018"
1328,2306083.0,25175.0,Baghdad,Kadhimia,Zedan Al Jameel Vilage,قرية زيدان الجميل,33.4645767879,44.2198803207,5.0,30.0,5.0,0.0,0.0,0.0,0.0,0.0,0.0,0.0,0.0,0.0,0.0,0.0,0.0,0.0,0.0,0.0,0.0,0.0,0.0,3.0,0.0,0.0,0.0,0.0,0.0,0.0,2.0,0.0,0.0,2.0,0.0,0.0,0.0,0.0,0.0,0.0,0.0,0.0,4.0,0.0,0.0,4.0,0.0,0.0,1.0,0.0,0.0,1.0,0.0,0.0,0.0,0.0,0.0,0.0,0.0,0.0,"Dec 31, 2018"
1329,2306086.0,23508.0,Baghdad,Kadhimia,Albo Rkeaba Village,قرية البو ركيبة,33.5743955537,44.1823801866,6.0,36.0,6.0,0.0,0.0,0.0,0.0,0.0,0.0,0.0,0.0,0.0,0.0,0.0,0.0,0.0,0.0,0.0,0.0,0.0,0.0,2.0,0.0,0.0,0.0,0.0,0.0,0.0,4.0,0.0,0.0,4.0,0.0,0.0,0.0,0.0,0.0,0.0,0.0,0.0,0.0,0.0,0.0,0.0,0.0,0.0,5.0,0.0,0.0,5.0,1.0,0.0,0.0,1.0,0.0,0.0,0.0,0.0,"Dec 31, 2018"
1330,2306087.0,27249.0,Baghdad,Kadhimia,Al Shehaa Village,قرية الشيحة,33.5590008053,44.1891059099,10.0,60.0,6.0,0.0,0.0,0.0,0.0,0.0,0.0,0.0,0.0,0.0,0.0,0.0,0.0,0.0,4.0,0.0,0.0,0.0,0.0,5.0,0.0,0.0,0.0,0.0,0.0,0.0,5.0,0.0,0.0,5.0,0.0,0.0,0.0,0.0,0.0,0.0,0.0,0.0,0.0,0.0,0.0,0.0,0.0,0.0,4.0,0.0,4.0,4.0,2.0,4.0,0.0,2.0,0.0,0.0,0.0,0.0,"Dec 31, 2018"
1331,2306088.0,27250.0,Baghdad,Kadhimia,Albo Sabah Village,قرية البو صباح,33.5494193245,44.1684130002,7.0,42.0,7.0,0.0,0.0,0.0,0.0,0.0,0.0,0.0,0.0,0.0,0.0,0.0,0.0,0.0,0.0,0.0,0.0,0.0,0.0,5.0,0.0,0.0,0.0,0.0,0.0,0.0,2.0,0.0,0.0,2.0,0.0,0.0,0.0,0.0,0.0,0.0,0.0,0.0,0.0,0.0,0.0,0.0,0.0,0.0,5.0,0.0,2.0,5.0,0.0,2.0,0.0,0.0,0.0,0.0,0.0,0.0,"Dec 31, 2018"
1332,2306089.0,27309.0,Baghdad,Kadhimia,Al Sheik Amir Village,قرية الشيخ عامر,33.5383002527,44.2458414869,10.0,60.0,8.0,0.0,0.0,0.0,0.0,0.0,0.0,0.0,0.0,0.0,0.0,0.0,0.0,0.0,2.0,0.0,0.0,0.0,0.0,10.0,0.0,0.0,0.0,0.0,0.0,0.0,0.0,0.0,0.0,0.0,0.0,0.0,0.0,0.0,0.0,0.0,0.0,0.0,0.0,0.0,0.0,0.0,0.0,0.0,4.0,0.0,4.0,4.0,2.0,4.0,0.0,2.0,0.0,0.0,0.0,0.0,"Dec 31, 2018"
1333,2306091.0,27311.0,Baghdad,Kadhimia,Shoala-446,الشعلة-446,33.361353061,44.2811950084,7.0,42.0,0.0,0.0,0.0,0.0,0.0,0.0,0.0,0.0,0.0,0.0,0.0,0.0,7.0,0.0,0.0,0.0,0.0,0.0,0.0,7.0,0.0,0.0,0.0,0.0,0.0,0.0,0.0,0.0,0.0,0.0,0.0,0.0,0.0,0.0,0.0,0.0,0.0,0.0,0.0,0.0,0.0,0.0,7.0,0.0,0.0,7.0,0.0,0.0,0.0,0.0,0.0,0.0,0.0,0.0,0.0,0.0,"Dec 31, 2018"
1334,2306092.0,27312.0,Baghdad,Kadhimia,Shoala-448,الشعلة-448,33.3607686333,44.2970041451,12.0,72.0,0.0,0.0,0.0,0.0,0.0,0.0,0.0,0.0,0.0,0.0,0.0,0.0,12.0,0.0,0.0,0.0,0.0,0.0,0.0,7.0,0.0,0.0,0.0,0.0,0.0,0.0,5.0,0.0,0.0,5.0,0.0,0.0,0.0,0.0,0.0,0.0,0.0,0.0,0.0,0.0,0.0,0.0,10.0,0.0,2.0,10.0,0.0,2.0,0.0,0.0,0.0,0.0,0.0,0.0,0.0,0.0,"Dec 31, 2018"
1335,2306094.0,27314.0,Baghdad,Kadhimia,Shoala-450,الشعلة-450,33.3662861109,44.2894871648,15.0,90.0,2.0,0.0,0.0,0.0,0.0,0.0,0.0,0.0,7.0,0.0,0.0,0.0,6.0,0.0,0.0,0.0,0.0,0.0,0.0,6.0,0.0,0.0,0.0,0.0,0.0,0.0,9.0,0.0,0.0,9.0,0.0,0.0,0.0,0.0,0.0,0.0,0.0,0.0,2.0,0.0,0.0,2.0,6.0,0.0,4.0,6.0,3.0,4.0,0.0,3.0,0.0,0.0,0.0,0.0,0.0,0.0,"Dec 31, 2018"
1336,2306095.0,27315.0,Baghdad,Kadhimia,Shoala-454,الشعلة-454,33.3758583678,44.2881956585,18.0,108.0,6.0,0.0,0.0,0.0,0.0,0.0,0.0,0.0,0.0,0.0,0.0,0.0,6.0,0.0,6.0,0.0,0.0,0.0,0.0,10.0,0.0,0.0,0.0,0.0,0.0,0.0,8.0,0.0,0.0,8.0,0.0,0.0,0.0,0.0,0.0,0.0,0.0,0.0,6.0,0.0,0.0,6.0,10.0,0.0,2.0,10.0,0.0,2.0,0.0,0.0,0.0,0.0,0.0,0.0,0.0,0.0,"Dec 31, 2018"
1337,2306096.0,27316.0,Baghdad,Kadhimia,Shoala-458,الشعلة-458,33.3722777163,44.2790609721,15.0,90.0,4.0,0.0,0.0,0.0,0.0,2.0,0.0,0.0,0.0,0.0,0.0,0.0,6.0,0.0,3.0,0.0,0.0,0.0,0.0,6.0,0.0,0.0,0.0,0.0,0.0,0.0,9.0,0.0,0.0,9.0,0.0,0.0,0.0,0.0,0.0,0.0,0.0,0.0,0.0,0.0,0.0,0.0,6.0,0.0,9.0,6.0,0.0,9.0,0.0,0.0,0.0,0.0,0.0,0.0,0.0,0.0,"Dec 31, 2018"
1338,2306097.0,27317.0,Baghdad,Kadhimia,Shoala-460,الشعلة-460,33.3671259786,44.2710782512,18.0,108.0,2.0,0.0,0.0,0.0,0.0,0.0,0.0,0.0,9.0,0.0,0.0,0.0,7.0,0.0,0.0,0.0,0.0,0.0,0.0,7.0,0.0,0.0,0.0,0.0,0.0,0.0,11.0,0.0,0.0,11.0,0.0,0.0,0.0,0.0,0.0,0.0,0.0,0.0,2.0,0.0,0.0,2.0,7.0,0.0,0.0,7.0,9.0,0.0,0.0,9.0,0.0,0.0,0.0,0.0,0.0,0.0,"Dec 31, 2018"
1339,2306098.0,27318.0,Baghdad,Kadhimia,Shoala-464,الشعلة-464,33.3790333425,44.2851230559,16.0,96.0,0.0,0.0,0.0,0.0,0.0,3.0,0.0,0.0,0.0,0.0,0.0,0.0,7.0,0.0,6.0,0.0,0.0,0.0,0.0,4.0,0.0,0.0,0.0,0.0,0.0,0.0,12.0,0.0,0.0,12.0,0.0,0.0,0.0,0.0,0.0,0.0,0.0,0.0,0.0,0.0,0.0,0.0,7.0,0.0,9.0,7.0,0.0,9.0,0.0,0.0,0.0,0.0,0.0,0.0,0.0,0.0,"Dec 31, 2018"
1340,2306099.0,27319.0,Baghdad,Kadhimia,Shoala-Al Doanam,الشعلة-الدوانم,33.3637432107,44.2522541475,29.0,174.0,10.0,0.0,0.0,0.0,0.0,0.0,0.0,0.0,3.0,0.0,0.0,0.0,10.0,0.0,6.0,0.0,0.0,0.0,0.0,11.0,0.0,0.0,0.0,0.0,0.0,0.0,18.0,0.0,0.0,18.0,0.0,0.0,0.0,0.0,0.0,0.0,0.0,0.0,10.0,0.0,0.0,10.0,10.0,0.0,9.0,10.0,0.0,9.0,0.0,0.0,0.0,0.0,0.0,0.0,0.0,0.0,"Dec 31, 2018"
1341,2306100.0,27320.0,Baghdad,Kadhimia,Shoala-Khatib,الشعلة-الخطيب,33.3582459128,44.2946902117,20.0,120.0,10.0,0.0,0.0,0.0,0.0,1.0,0.0,0.0,2.0,0.0,0.0,0.0,4.0,0.0,3.0,0.0,0.0,0.0,0.0,20.0,0.0,0.0,0.0,0.0,0.0,0.0,0.0,0.0,0.0,0.0,0.0,0.0,0.0,0.0,0.0,0.0,0.0,0.0,10.0,0.0,0.0,10.0,7.0,0.0,3.0,7.0,0.0,3.0,0.0,0.0,0.0,0.0,0.0,0.0,0.0,0.0,"Dec 31, 2018"
1342,2306102.0,27377.0,Baghdad,Kadhimia,Kasar Al Ali Village,قرية كسار العلي,33.5788109755,44.1959589788,10.0,60.0,10.0,0.0,0.0,0.0,0.0,0.0,0.0,0.0,0.0,0.0,0.0,0.0,0.0,0.0,0.0,0.0,0.0,0.0,0.0,6.0,0.0,0.0,0.0,0.0,0.0,0.0,4.0,0.0,0.0,4.0,0.0,0.0,0.0,0.0,0.0,0.0,0.0,0.0,0.0,0.0,0.0,0.0,0.0,0.0,5.0,0.0,5.0,5.0,0.0,5.0,0.0,0.0,0.0,0.0,0.0,0.0,"Dec 31, 2018"
1343,2306103.0,27378.0,Baghdad,Kadhimia,Salh Al Fayad ,قرية صالح الفياض,33.5713948443,44.1736471506,11.0,66.0,11.0,0.0,0.0,0.0,0.0,0.0,0.0,0.0,0.0,0.0,0.0,0.0,0.0,0.0,0.0,0.0,0.0,0.0,0.0,6.0,0.0,0.0,0.0,0.0,0.0,0.0,5.0,0.0,0.0,5.0,0.0,0.0,0.0,0.0,0.0,0.0,0.0,0.0,0.0,0.0,0.0,0.0,0.0,0.0,6.0,0.0,5.0,6.0,0.0,5.0,0.0,0.0,0.0,0.0,0.0,0.0,"Dec 31, 2018"
1344,2306104.0,27407.0,Baghdad,Kadhimia,Jakook-440,جكوك-440,33.3778684855,44.3098596853,20.0,120.0,4.0,0.0,0.0,0.0,0.0,0.0,0.0,0.0,6.0,0.0,0.0,0.0,8.0,0.0,2.0,0.0,0.0,0.0,0.0,9.0,0.0,0.0,0.0,0.0,0.0,0.0,11.0,0.0,0.0,11.0,0.0,0.0,0.0,0.0,0.0,0.0,0.0,0.0,0.0,0.0,0.0,0.0,16.0,0.0,4.0,16.0,0.0,4.0,0.0,0.0,0.0,0.0,0.0,0.0,0.0,0.0,"Dec 31, 2018"
1345,2306105.0,27408.0,Baghdad,Kadhimia,Jakook-442,جكوك-442,33.3806177328,44.3064543874,7.0,42.0,2.0,0.0,0.0,0.0,0.0,0.0,0.0,0.0,1.0,0.0,0.0,0.0,4.0,0.0,0.0,0.0,0.0,0.0,0.0,2.0,0.0,0.0,0.0,0.0,0.0,0.0,5.0,0.0,0.0,5.0,0.0,0.0,0.0,0.0,0.0,0.0,0.0,0.0,0.0,0.0,5.0,0.0,0.0,5.0,0.0,0.0,2.0,0.0,0.0,2.0,0.0,0.0,0.0,0.0,0.0,0.0,"Dec 31, 2018"
1346,2306106.0,27413.0,Baghdad,Kadhimia,Al Ahnaf-Al Rakia Fadel village,الأحنف-اركية وفاضل,33.4349745642,44.2439240646,38.0,228.0,3.0,0.0,0.0,0.0,0.0,0.0,0.0,0.0,0.0,0.0,0.0,0.0,0.0,0.0,35.0,0.0,0.0,0.0,0.0,0.0,0.0,0.0,0.0,0.0,0.0,0.0,3.0,0.0,0.0,3.0,0.0,0.0,0.0,0.0,35.0,0.0,0.0,35.0,0.0,0.0,22.0,0.0,14.0,22.0,0.0,14.0,2.0,0.0,0.0,2.0,0.0,0.0,0.0,0.0,0.0,0.0,"Dec 31, 2018"
1347,2306107.0,27414.0,Baghdad,Kadhimia,Al Ahnaf-Al Sabaiyat,الاحنف-الصابيات,33.4349628006,44.256111709,14.0,84.0,10.0,0.0,0.0,0.0,0.0,0.0,0.0,0.0,0.0,0.0,0.0,0.0,0.0,0.0,4.0,0.0,0.0,0.0,0.0,4.0,0.0,0.0,0.0,0.0,0.0,0.0,10.0,0.0,0.0,10.0,0.0,0.0,0.0,0.0,0.0,0.0,0.0,0.0,4.0,0.0,10.0,4.0,0.0,10.0,0.0,0.0,0.0,0.0,0.0,0.0,0.0,0.0,0.0,0.0,0.0,0.0,"Dec 31, 2018"
1348,2306108.0,27415.0,Baghdad,Kadhimia,Al Ahnaf-Al Salamiat,الاحنف-السلاميات,33.4226793727,44.2781210982,10.0,60.0,0.0,0.0,0.0,0.0,0.0,0.0,0.0,0.0,0.0,0.0,0.0,0.0,6.0,0.0,4.0,0.0,0.0,0.0,0.0,4.0,0.0,0.0,0.0,0.0,0.0,0.0,6.0,0.0,0.0,6.0,0.0,0.0,0.0,0.0,0.0,0.0,0.0,0.0,4.0,0.0,0.0,4.0,6.0,0.0,0.0,6.0,0.0,0.0,0.0,0.0,0.0,0.0,0.0,0.0,0.0,0.0,"Dec 31, 2018"
1349,2306109.0,28405.0,Baghdad,Kadhimia,Hay Al Askreen,حي العسكريين,33.5103879231,44.233838594,12.0,72.0,12.0,0.0,0.0,0.0,0.0,0.0,0.0,0.0,0.0,0.0,0.0,0.0,0.0,0.0,0.0,0.0,0.0,0.0,0.0,6.0,0.0,0.0,0.0,0.0,0.0,0.0,6.0,0.0,0.0,6.0,0.0,0.0,0.0,0.0,0.0,0.0,0.0,0.0,0.0,0.0,0.0,0.0,0.0,0.0,7.0,0.0,5.0,7.0,0.0,5.0,0.0,0.0,0.0,0.0,0.0,0.0,"Dec 31, 2018"
1350,2306111.0,28398.0,Baghdad,Kadhimia,Abd Al Hammad village,قرية عبد الحماد,33.4944784003,44.2454035346,10.0,60.0,10.0,0.0,0.0,0.0,0.0,0.0,0.0,0.0,0.0,0.0,0.0,0.0,0.0,0.0,0.0,0.0,0.0,0.0,0.0,4.0,0.0,0.0,0.0,0.0,0.0,0.0,6.0,0.0,0.0,6.0,0.0,0.0,0.0,0.0,0.0,0.0,0.0,0.0,0.0,0.0,0.0,0.0,0.0,0.0,0.0,0.0,6.0,0.0,4.0,6.0,0.0,4.0,0.0,0.0,0.0,0.0,"Dec 31, 2018"
1351,2306113.0,28399.0,Baghdad,Kadhimia,North Al Kadhimia-447,شمال الكاظمية-447,33.4391850847,44.2727301706,10.0,60.0,3.0,0.0,5.0,0.0,0.0,0.0,0.0,0.0,0.0,0.0,0.0,0.0,2.0,0.0,0.0,0.0,0.0,0.0,0.0,3.0,0.0,0.0,0.0,0.0,0.0,0.0,7.0,0.0,0.0,7.0,0.0,0.0,0.0,0.0,0.0,0.0,0.0,0.0,5.0,0.0,0.0,5.0,5.0,0.0,0.0,5.0,0.0,0.0,0.0,0.0,0.0,0.0,0.0,0.0,0.0,0.0,"Dec 31, 2018"
1352,2306114.0,28402.0,Baghdad,Kadhimia,North Al Kadhimia-Al kadraiya,شمال الكاظمية-القادرية,33.4353390746,44.2812695454,6.0,36.0,3.0,0.0,0.0,0.0,0.0,0.0,0.0,0.0,0.0,0.0,0.0,0.0,3.0,0.0,0.0,0.0,0.0,0.0,0.0,3.0,0.0,0.0,0.0,0.0,0.0,0.0,3.0,0.0,0.0,3.0,0.0,0.0,0.0,0.0,0.0,0.0,0.0,0.0,0.0,0.0,3.0,0.0,3.0,3.0,0.0,3.0,0.0,0.0,0.0,0.0,0.0,0.0,0.0,0.0,0.0,0.0,"Dec 31, 2018"
1353,2306115.0,28401.0,Baghdad,Kadhimia,North Al Kadhimia-Tajyat shata Al Taji,شمال الكاظمية-تاجيات شاطئ التاجي,33.4214970743,44.3164265906,10.0,60.0,0.0,0.0,0.0,0.0,0.0,0.0,0.0,0.0,4.0,0.0,0.0,0.0,2.0,0.0,4.0,0.0,0.0,0.0,0.0,6.0,0.0,0.0,0.0,0.0,0.0,0.0,4.0,0.0,0.0,4.0,0.0,0.0,0.0,0.0,0.0,0.0,0.0,0.0,0.0,0.0,5.0,0.0,2.0,5.0,0.0,2.0,3.0,0.0,0.0,3.0,0.0,0.0,0.0,0.0,0.0,0.0,"Dec 31, 2018"
1354,2306116.0,28400.0,Baghdad,Kadhimia,North Al Kadhimia-Alwan Al Jasim village,شمال الكاظمية-قرية علوان الجاسم,33.4524443654,44.2655086218,9.0,54.0,2.0,0.0,0.0,0.0,0.0,0.0,0.0,0.0,0.0,0.0,0.0,0.0,3.0,0.0,4.0,0.0,0.0,0.0,0.0,3.0,0.0,0.0,0.0,0.0,0.0,0.0,6.0,0.0,0.0,6.0,0.0,0.0,0.0,0.0,0.0,0.0,0.0,0.0,0.0,0.0,0.0,0.0,4.0,0.0,0.0,4.0,2.0,0.0,0.0,2.0,3.0,0.0,0.0,3.0,0.0,0.0,"Dec 31, 2018"
1355,2306117.0,29500.0,Baghdad,Kadhimia,Sabea Al Buor-Sakecht Al Ali,سبع البور-ساجت العلي,33.434529217,44.1886608701,7.0,42.0,7.0,0.0,0.0,0.0,0.0,0.0,0.0,0.0,0.0,0.0,0.0,0.0,0.0,0.0,0.0,0.0,0.0,0.0,0.0,4.0,0.0,0.0,0.0,0.0,0.0,0.0,3.0,0.0,0.0,3.0,0.0,0.0,0.0,0.0,0.0,0.0,0.0,0.0,0.0,0.0,0.0,0.0,0.0,0.0,0.0,0.0,7.0,0.0,0.0,7.0,0.0,0.0,0.0,0.0,0.0,0.0,"Dec 31, 2018"
1356,2306118.0,29501.0,Baghdad,Kadhimia,Sabea Al Buor-Hamed Al Farij,سبع البور-حميد الفرج,33.4283922425,44.1645347046,10.0,60.0,10.0,0.0,0.0,0.0,0.0,0.0,0.0,0.0,0.0,0.0,0.0,0.0,0.0,0.0,0.0,0.0,0.0,0.0,0.0,4.0,0.0,0.0,0.0,0.0,0.0,0.0,6.0,0.0,0.0,6.0,0.0,0.0,0.0,0.0,0.0,0.0,0.0,0.0,0.0,0.0,0.0,0.0,0.0,0.0,0.0,0.0,10.0,0.0,0.0,10.0,0.0,0.0,0.0,0.0,0.0,0.0,"Dec 31, 2018"
1357,2307002.0,25402.0,Baghdad,Karkh,Abu Dsheer-850,ابو دشير-850,33.2180026783,44.3814343689,17.0,102.0,4.0,0.0,0.0,0.0,0.0,2.0,0.0,0.0,0.0,0.0,0.0,0.0,8.0,0.0,3.0,0.0,0.0,0.0,0.0,12.0,0.0,0.0,0.0,0.0,0.0,0.0,5.0,0.0,0.0,5.0,0.0,0.0,0.0,0.0,0.0,0.0,0.0,0.0,3.0,0.0,8.0,3.0,4.0,8.0,2.0,4.0,0.0,2.0,0.0,0.0,0.0,0.0,0.0,0.0,0.0,0.0,"Dec 31, 2018"
1358,2307003.0,25403.0,Baghdad,Karkh,Abu Dsheer-852,ابو دشير-852,33.208289067,44.3809967802,14.0,84.0,4.0,0.0,0.0,0.0,0.0,0.0,0.0,0.0,0.0,0.0,0.0,0.0,8.0,0.0,2.0,0.0,0.0,0.0,0.0,0.0,0.0,0.0,0.0,0.0,0.0,0.0,14.0,0.0,0.0,14.0,0.0,0.0,0.0,0.0,0.0,0.0,0.0,0.0,6.0,0.0,6.0,6.0,0.0,6.0,2.0,0.0,0.0,2.0,0.0,0.0,0.0,0.0,0.0,0.0,0.0,0.0,"Dec 31, 2018"
1359,2307004.0,25404.0,Baghdad,Karkh,Abu Dsheer-854,ابو دشير-854,33.2181773947,44.3865275714,10.0,60.0,0.0,0.0,0.0,0.0,0.0,0.0,0.0,0.0,0.0,0.0,0.0,0.0,7.0,0.0,3.0,0.0,0.0,0.0,0.0,2.0,0.0,0.0,0.0,0.0,0.0,0.0,8.0,0.0,0.0,8.0,0.0,0.0,0.0,0.0,0.0,0.0,0.0,0.0,0.0,0.0,10.0,0.0,0.0,10.0,0.0,0.0,0.0,0.0,0.0,0.0,0.0,0.0,0.0,0.0,0.0,0.0,"Dec 31, 2018"
1360,2307006.0,25405.0,Baghdad,Karkh,Abu Dsheer-858,ابو دشير-858,33.2182642498,44.3939067056,7.0,42.0,7.0,0.0,0.0,0.0,0.0,0.0,0.0,0.0,0.0,0.0,0.0,0.0,0.0,0.0,0.0,0.0,0.0,0.0,0.0,7.0,0.0,0.0,0.0,0.0,0.0,0.0,0.0,0.0,0.0,0.0,0.0,0.0,0.0,0.0,0.0,0.0,0.0,0.0,0.0,0.0,0.0,0.0,0.0,0.0,0.0,0.0,7.0,0.0,0.0,7.0,0.0,0.0,0.0,0.0,0.0,0.0,"Dec 31, 2018"
1361,2307007.0,26042.0,Baghdad,Karkh,Al Andulus-611,الاندلس-611,33.3159050258,44.3330578833,10.0,60.0,10.0,0.0,0.0,0.0,0.0,0.0,0.0,0.0,0.0,0.0,0.0,0.0,0.0,0.0,0.0,0.0,0.0,0.0,0.0,5.0,0.0,0.0,0.0,0.0,0.0,0.0,5.0,0.0,0.0,5.0,0.0,0.0,0.0,0.0,0.0,0.0,0.0,0.0,0.0,0.0,0.0,0.0,7.0,0.0,3.0,7.0,0.0,3.0,0.0,0.0,0.0,0.0,0.0,0.0,0.0,0.0,"Dec 31, 2018"
1362,2307008.0,24060.0,Baghdad,Karkh,Al Andulus-617,الاندلس-617,33.3266568349,44.3354214025,8.0,48.0,5.0,0.0,0.0,0.0,0.0,0.0,0.0,0.0,0.0,0.0,0.0,0.0,3.0,0.0,0.0,0.0,0.0,0.0,0.0,4.0,0.0,0.0,0.0,0.0,0.0,0.0,4.0,0.0,0.0,4.0,0.0,0.0,0.0,0.0,0.0,0.0,0.0,0.0,0.0,0.0,8.0,0.0,0.0,8.0,0.0,0.0,0.0,0.0,0.0,0.0,0.0,0.0,0.0,0.0,0.0,0.0,"Dec 31, 2018"
1363,2307009.0,7515.0,Baghdad,Karkh,Al Bayaa-817,البياع-817,33.2677696713,44.342884726,13.0,78.0,3.0,0.0,0.0,0.0,0.0,0.0,0.0,0.0,0.0,0.0,0.0,0.0,8.0,0.0,2.0,0.0,0.0,0.0,0.0,3.0,0.0,0.0,0.0,0.0,0.0,0.0,10.0,0.0,0.0,10.0,0.0,0.0,0.0,0.0,0.0,0.0,0.0,0.0,0.0,0.0,8.0,0.0,3.0,8.0,0.0,3.0,0.0,0.0,2.0,0.0,0.0,2.0,0.0,0.0,0.0,0.0,"Dec 31, 2018"
1364,2307010.0,25221.0,Baghdad,Karkh,Al Forat-893,الفرات-893,33.275924219,44.276316133,54.0,324.0,29.0,0.0,0.0,0.0,0.0,0.0,0.0,0.0,0.0,0.0,0.0,0.0,25.0,0.0,0.0,0.0,0.0,0.0,0.0,10.0,0.0,0.0,0.0,0.0,0.0,0.0,22.0,0.0,0.0,22.0,0.0,0.0,0.0,0.0,22.0,0.0,0.0,22.0,3.0,0.0,14.0,3.0,15.0,14.0,5.0,15.0,15.0,5.0,0.0,15.0,0.0,0.0,2.0,0.0,2.0,0.0,"Dec 31, 2018"
1365,2307011.0,25412.0,Baghdad,Karkh,Al Ghazaliya-649,الغزالية-649,33.3330644952,44.2897862532,36.0,216.0,32.0,0.0,0.0,0.0,0.0,0.0,0.0,0.0,0.0,0.0,0.0,0.0,0.0,0.0,4.0,0.0,0.0,0.0,0.0,23.0,0.0,0.0,0.0,0.0,0.0,0.0,13.0,0.0,0.0,13.0,0.0,0.0,0.0,0.0,0.0,0.0,0.0,0.0,9.0,0.0,0.0,9.0,20.0,0.0,0.0,20.0,7.0,0.0,0.0,7.0,0.0,0.0,0.0,0.0,0.0,0.0,"Dec 31, 2018"
1366,2307012.0,25413.0,Baghdad,Karkh,Al Ghazaliya-651,الغزالية-651,33.3282715344,44.2811810868,37.0,222.0,32.0,0.0,0.0,0.0,0.0,0.0,0.0,0.0,0.0,0.0,0.0,0.0,0.0,0.0,5.0,0.0,0.0,0.0,0.0,15.0,0.0,0.0,0.0,0.0,0.0,0.0,22.0,0.0,0.0,22.0,0.0,0.0,0.0,0.0,0.0,0.0,0.0,0.0,5.0,0.0,17.0,5.0,0.0,17.0,15.0,0.0,0.0,15.0,0.0,0.0,0.0,0.0,0.0,0.0,0.0,0.0,"Dec 31, 2018"
1367,2307013.0,25414.0,Baghdad,Karkh,Al Ghazaliya-653,الغزالية-653,33.3378456259,44.2752953312,40.0,240.0,38.0,0.0,0.0,0.0,0.0,2.0,0.0,0.0,0.0,0.0,0.0,0.0,0.0,0.0,0.0,0.0,0.0,0.0,0.0,10.0,0.0,0.0,0.0,0.0,0.0,0.0,30.0,0.0,0.0,30.0,0.0,0.0,0.0,0.0,0.0,0.0,0.0,0.0,22.0,0.0,8.0,22.0,4.0,8.0,4.0,4.0,2.0,4.0,0.0,2.0,0.0,0.0,0.0,0.0,0.0,0.0,"Dec 31, 2018"
1368,2307014.0,25415.0,Baghdad,Karkh,Al Ghazaliya-655,الغزالية-655,33.3397812423,44.2703382098,33.0,198.0,25.0,0.0,0.0,0.0,0.0,0.0,0.0,0.0,0.0,0.0,0.0,0.0,4.0,0.0,4.0,0.0,0.0,0.0,0.0,13.0,0.0,0.0,0.0,0.0,0.0,0.0,20.0,0.0,0.0,20.0,0.0,0.0,0.0,0.0,0.0,0.0,0.0,0.0,0.0,0.0,6.0,0.0,6.0,6.0,11.0,6.0,0.0,11.0,6.0,0.0,4.0,6.0,0.0,4.0,0.0,0.0,"Dec 31, 2018"
1369,2307015.0,25411.0,Baghdad,Karkh,Al Ghazaliya-659,الغزالية-659,33.3418839765,44.2840320869,24.0,144.0,20.0,0.0,0.0,0.0,0.0,0.0,0.0,0.0,0.0,0.0,0.0,0.0,0.0,0.0,4.0,0.0,0.0,0.0,0.0,0.0,0.0,0.0,0.0,0.0,0.0,0.0,24.0,0.0,0.0,24.0,0.0,0.0,0.0,0.0,0.0,0.0,0.0,0.0,0.0,0.0,0.0,0.0,0.0,0.0,14.0,0.0,4.0,14.0,6.0,4.0,0.0,6.0,0.0,0.0,0.0,0.0,"Dec 31, 2018"
1370,2307016.0,25410.0,Baghdad,Karkh,Al Ghazaliya-665,الغزالية-665,33.3497179258,44.2695784821,20.0,120.0,20.0,0.0,0.0,0.0,0.0,0.0,0.0,0.0,0.0,0.0,0.0,0.0,0.0,0.0,0.0,0.0,0.0,0.0,0.0,0.0,0.0,0.0,0.0,0.0,0.0,0.0,20.0,0.0,0.0,20.0,0.0,0.0,0.0,0.0,0.0,0.0,0.0,0.0,2.0,0.0,8.0,2.0,0.0,8.0,2.0,0.0,8.0,2.0,0.0,8.0,0.0,0.0,0.0,0.0,0.0,0.0,"Dec 31, 2018"
1371,2307017.0,25409.0,Baghdad,Karkh,Al Ghazaliya-667,الغزالية-667,33.3557805321,44.2726965617,22.0,132.0,22.0,0.0,0.0,0.0,0.0,0.0,0.0,0.0,0.0,0.0,0.0,0.0,0.0,0.0,0.0,0.0,0.0,0.0,0.0,0.0,0.0,0.0,0.0,0.0,0.0,0.0,22.0,0.0,0.0,22.0,0.0,0.0,0.0,0.0,0.0,0.0,0.0,0.0,13.0,0.0,0.0,13.0,0.0,0.0,0.0,0.0,9.0,0.0,0.0,9.0,0.0,0.0,0.0,0.0,0.0,0.0,"Dec 31, 2018"
1372,2307018.0,23734.0,Baghdad,Karkh,Al Ghazaliya-681,الغزالية-681,33.3307527157,44.2774565103,30.0,180.0,22.0,0.0,0.0,0.0,0.0,8.0,0.0,0.0,0.0,0.0,0.0,0.0,0.0,0.0,0.0,0.0,0.0,0.0,0.0,9.0,0.0,0.0,0.0,0.0,0.0,9.0,12.0,9.0,0.0,12.0,0.0,0.0,0.0,0.0,0.0,0.0,0.0,0.0,0.0,0.0,17.0,0.0,8.0,17.0,0.0,8.0,5.0,0.0,0.0,5.0,0.0,0.0,0.0,0.0,0.0,0.0,"Dec 31, 2018"
1373,2307020.0,24065.0,Baghdad,Karkh,Al Ghazaliyah-685,الغزالية-685,33.3317920358,44.2701578363,33.0,198.0,16.0,0.0,0.0,0.0,0.0,6.0,0.0,0.0,0.0,0.0,0.0,0.0,11.0,0.0,0.0,0.0,0.0,0.0,0.0,12.0,0.0,0.0,0.0,0.0,0.0,0.0,21.0,0.0,0.0,21.0,0.0,0.0,0.0,0.0,0.0,0.0,0.0,0.0,6.0,0.0,16.0,6.0,0.0,16.0,0.0,0.0,11.0,0.0,0.0,11.0,0.0,0.0,0.0,0.0,0.0,0.0,"Dec 31, 2018"
1374,2307024.0,23737.0,Baghdad,Karkh,Al Andls-613,الاندلس-613,33.3225798369,44.3350677746,4.0,24.0,0.0,0.0,0.0,0.0,0.0,0.0,0.0,0.0,0.0,0.0,0.0,0.0,4.0,0.0,0.0,0.0,0.0,0.0,0.0,2.0,0.0,0.0,0.0,0.0,0.0,0.0,2.0,0.0,0.0,2.0,0.0,0.0,0.0,0.0,0.0,0.0,0.0,0.0,0.0,0.0,0.0,0.0,0.0,0.0,0.0,0.0,0.0,0.0,0.0,0.0,4.0,0.0,0.0,4.0,0.0,0.0,"Dec 31, 2018"
1375,2307025.0,23982.0,Baghdad,Karkh,Al Iskan(Al Masfi)-822,الاسكان-822(المصافي),33.2528837914,44.3820546766,264.0,1584.0,243.0,0.0,0.0,0.0,0.0,0.0,0.0,0.0,0.0,0.0,0.0,0.0,10.0,0.0,11.0,0.0,0.0,0.0,0.0,161.0,0.0,0.0,0.0,0.0,0.0,0.0,103.0,0.0,0.0,103.0,0.0,0.0,0.0,0.0,0.0,0.0,0.0,0.0,65.0,0.0,71.0,65.0,0.0,71.0,71.0,0.0,20.0,71.0,18.0,20.0,10.0,18.0,9.0,10.0,9.0,0.0,"Dec 31, 2018"
1376,2307026.0,23676.0,Baghdad,Karkh,Al Jameah-629,الجامعة-629,33.3208677804,44.3251131443,40.0,240.0,25.0,0.0,0.0,0.0,0.0,0.0,0.0,0.0,0.0,0.0,0.0,0.0,10.0,0.0,5.0,0.0,0.0,0.0,0.0,16.0,0.0,0.0,0.0,0.0,0.0,0.0,24.0,0.0,0.0,24.0,0.0,0.0,0.0,0.0,0.0,0.0,0.0,0.0,0.0,0.0,0.0,0.0,0.0,0.0,10.0,0.0,9.0,10.0,5.0,9.0,16.0,5.0,0.0,16.0,0.0,0.0,"Dec 31, 2018"
1377,2307027.0,23727.0,Baghdad,Karkh,Al Jameah-627,الجامعة-627,33.3101767944,44.3251078431,62.0,372.0,44.0,0.0,0.0,0.0,0.0,0.0,0.0,0.0,0.0,0.0,0.0,0.0,14.0,0.0,4.0,0.0,0.0,0.0,0.0,20.0,0.0,0.0,0.0,0.0,0.0,0.0,42.0,0.0,0.0,42.0,0.0,0.0,0.0,0.0,0.0,0.0,0.0,0.0,16.0,0.0,8.0,16.0,0.0,8.0,0.0,0.0,17.0,0.0,0.0,17.0,21.0,0.0,0.0,21.0,0.0,0.0,"Dec 31, 2018"
1378,2307028.0,26040.0,Baghdad,Karkh,Al Jameah-631,الجامعة-631,33.3131873896,44.3119284302,166.0,996.0,156.0,0.0,0.0,0.0,0.0,0.0,0.0,0.0,0.0,0.0,0.0,0.0,10.0,0.0,0.0,0.0,0.0,0.0,0.0,79.0,0.0,0.0,0.0,0.0,0.0,0.0,87.0,0.0,0.0,87.0,0.0,0.0,0.0,0.0,0.0,0.0,0.0,0.0,0.0,0.0,12.0,0.0,0.0,12.0,52.0,0.0,79.0,52.0,3.0,79.0,20.0,3.0,0.0,20.0,0.0,0.0,"Dec 31, 2018"
1379,2307029.0,23730.0,Baghdad,Karkh,Al Jameah-633,الجامعة-633,33.3184209168,44.3195435376,140.0,840.0,123.0,0.0,0.0,0.0,0.0,11.0,0.0,0.0,0.0,0.0,0.0,0.0,6.0,0.0,0.0,0.0,0.0,0.0,0.0,70.0,0.0,0.0,0.0,0.0,0.0,0.0,70.0,0.0,0.0,70.0,0.0,0.0,0.0,0.0,0.0,0.0,0.0,0.0,20.0,0.0,51.0,20.0,0.0,51.0,23.0,0.0,15.0,23.0,12.0,15.0,7.0,12.0,12.0,7.0,12.0,0.0,"Dec 31, 2018"
1380,2307030.0,26041.0,Baghdad,Karkh,Al Jameah-635,الجامعة 635,33.3269083874,44.3178862737,119.0,714.0,110.0,0.0,0.0,0.0,0.0,0.0,0.0,0.0,0.0,0.0,0.0,0.0,5.0,0.0,4.0,0.0,0.0,0.0,0.0,58.0,0.0,0.0,0.0,0.0,0.0,0.0,61.0,0.0,0.0,61.0,0.0,0.0,0.0,0.0,0.0,0.0,0.0,0.0,42.0,0.0,0.0,42.0,0.0,0.0,30.0,0.0,21.0,30.0,6.0,21.0,7.0,6.0,13.0,7.0,13.0,0.0,"Dec 31, 2018"
1381,2307031.0,24074.0,Baghdad,Karkh,Al Jamhoriyah(Al Masfi)-838,الجمهورية 838(المصافي),33.2546964603,44.4110503551,69.0,414.0,48.0,0.0,0.0,0.0,0.0,0.0,0.0,0.0,0.0,0.0,0.0,0.0,15.0,0.0,6.0,0.0,0.0,0.0,0.0,36.0,0.0,0.0,0.0,0.0,0.0,0.0,33.0,0.0,0.0,33.0,0.0,0.0,0.0,0.0,0.0,0.0,0.0,0.0,15.0,0.0,0.0,15.0,16.0,0.0,15.0,16.0,9.0,15.0,5.0,9.0,9.0,5.0,0.0,9.0,0.0,0.0,"Dec 31, 2018"
1382,2307032.0,24076.0,Baghdad,Karkh,Al Jazaer-804,الجزائر-804,33.2577201643,44.3721705094,17.0,102.0,6.0,0.0,0.0,0.0,0.0,0.0,0.0,0.0,0.0,0.0,0.0,0.0,6.0,0.0,5.0,0.0,0.0,0.0,0.0,7.0,0.0,0.0,0.0,0.0,0.0,0.0,10.0,0.0,0.0,10.0,0.0,0.0,0.0,0.0,0.0,0.0,0.0,0.0,2.0,0.0,10.0,2.0,0.0,10.0,5.0,0.0,0.0,5.0,0.0,0.0,0.0,0.0,0.0,0.0,0.0,0.0,"Dec 31, 2018"
1383,2307033.0,24445.0,Baghdad,Karkh,Al Jazaer-818,الجزائر-818,33.251712442,44.3683068246,19.0,114.0,19.0,0.0,0.0,0.0,0.0,0.0,0.0,0.0,0.0,0.0,0.0,0.0,0.0,0.0,0.0,0.0,0.0,0.0,0.0,0.0,0.0,0.0,0.0,0.0,0.0,0.0,19.0,0.0,0.0,19.0,0.0,0.0,0.0,0.0,0.0,0.0,0.0,0.0,0.0,0.0,0.0,0.0,11.0,0.0,0.0,11.0,8.0,0.0,0.0,8.0,0.0,0.0,0.0,0.0,0.0,0.0,"Dec 31, 2018"
1384,2307034.0,24446.0,Baghdad,Karkh,Al Jazaer-820,الجزائر-820,33.2526541393,44.3709557583,30.0,180.0,30.0,0.0,0.0,0.0,0.0,0.0,0.0,0.0,0.0,0.0,0.0,0.0,0.0,0.0,0.0,0.0,0.0,0.0,0.0,10.0,0.0,0.0,0.0,0.0,0.0,0.0,20.0,0.0,0.0,20.0,0.0,0.0,0.0,0.0,0.0,0.0,0.0,0.0,0.0,0.0,0.0,0.0,15.0,0.0,15.0,15.0,0.0,15.0,0.0,0.0,0.0,0.0,0.0,0.0,0.0,0.0,"Dec 31, 2018"
1385,2307035.0,23983.0,Baghdad,Karkh,Al Jazera-808,الجزيرة-808,33.2652011182,44.3962505815,44.0,264.0,36.0,0.0,0.0,0.0,0.0,0.0,0.0,0.0,0.0,0.0,0.0,0.0,4.0,0.0,4.0,0.0,0.0,0.0,0.0,16.0,0.0,0.0,0.0,0.0,0.0,0.0,28.0,0.0,0.0,28.0,0.0,0.0,0.0,0.0,0.0,0.0,0.0,0.0,3.0,0.0,21.0,3.0,2.0,21.0,2.0,2.0,4.0,2.0,4.0,4.0,0.0,4.0,8.0,0.0,8.0,0.0,"Dec 31, 2018"
1386,2307036.0,25881.0,Baghdad,Karkh,Al Jazera-812,الجزيرة-812,33.2648825341,44.3991232041,12.0,72.0,12.0,0.0,0.0,0.0,0.0,0.0,0.0,0.0,0.0,0.0,0.0,0.0,0.0,0.0,0.0,0.0,0.0,0.0,0.0,0.0,0.0,0.0,0.0,0.0,0.0,0.0,12.0,0.0,0.0,12.0,0.0,0.0,0.0,0.0,0.0,0.0,0.0,0.0,0.0,0.0,0.0,0.0,2.0,0.0,8.0,2.0,2.0,8.0,0.0,2.0,0.0,0.0,0.0,0.0,0.0,0.0,"Dec 31, 2018"
1387,2307037.0,21460.0,Baghdad,Karkh,Al Khadraa-639,الخضراء-639,33.3202050962,44.297554196,96.0,576.0,89.0,0.0,0.0,0.0,0.0,0.0,0.0,0.0,0.0,0.0,0.0,0.0,7.0,0.0,0.0,0.0,0.0,0.0,0.0,26.0,0.0,0.0,0.0,0.0,0.0,0.0,70.0,0.0,0.0,70.0,0.0,0.0,0.0,0.0,0.0,0.0,0.0,0.0,10.0,0.0,47.0,10.0,0.0,47.0,14.0,0.0,11.0,14.0,7.0,11.0,7.0,7.0,0.0,7.0,0.0,0.0,"Dec 31, 2018"
1388,2307038.0,25206.0,Baghdad,Karkh,Al Khadraa-640,الخضراء-640,33.3234376614,44.2954521371,168.0,1008.0,160.0,0.0,0.0,0.0,0.0,0.0,0.0,0.0,0.0,0.0,0.0,0.0,8.0,0.0,0.0,0.0,0.0,0.0,0.0,80.0,0.0,0.0,0.0,0.0,0.0,0.0,88.0,0.0,0.0,88.0,0.0,0.0,0.0,0.0,0.0,0.0,0.0,0.0,0.0,0.0,10.0,0.0,0.0,10.0,65.0,0.0,85.0,65.0,8.0,85.0,0.0,8.0,0.0,0.0,0.0,0.0,"Dec 31, 2018"
1389,2307039.0,23574.0,Baghdad,Karkh,Al Maalef-843,المعالف-843,33.2235098311,44.3448670102,10.0,60.0,5.0,0.0,0.0,0.0,0.0,1.0,0.0,0.0,0.0,0.0,0.0,0.0,4.0,0.0,0.0,0.0,0.0,0.0,0.0,3.0,0.0,0.0,0.0,0.0,0.0,0.0,7.0,0.0,0.0,7.0,0.0,0.0,0.0,0.0,0.0,0.0,0.0,0.0,0.0,0.0,1.0,0.0,5.0,1.0,0.0,5.0,0.0,0.0,0.0,0.0,4.0,0.0,0.0,4.0,0.0,0.0,"Dec 31, 2018"
1390,2307041.0,23985.0,Baghdad,Karkh,Al Mechanic(Al Hader)-830,الميكانيك-830(الحضر),33.2392502591,44.3928029601,15.0,90.0,5.0,4.0,0.0,0.0,0.0,0.0,0.0,0.0,0.0,0.0,0.0,0.0,6.0,0.0,0.0,0.0,0.0,0.0,0.0,4.0,0.0,0.0,0.0,0.0,0.0,0.0,11.0,0.0,0.0,11.0,0.0,0.0,0.0,0.0,0.0,0.0,0.0,0.0,8.0,0.0,4.0,8.0,0.0,4.0,3.0,0.0,0.0,3.0,0.0,0.0,0.0,0.0,0.0,0.0,0.0,0.0,"Dec 31, 2018"
1391,2307042.0,24712.0,Baghdad,Karkh,Al Mechanic (Al Hader)-834,الميكانيك-834(الحضر),33.2381723214,44.3998919556,13.0,78.0,5.0,0.0,0.0,0.0,0.0,0.0,0.0,0.0,0.0,0.0,0.0,0.0,8.0,0.0,0.0,0.0,0.0,0.0,0.0,5.0,0.0,0.0,0.0,0.0,0.0,0.0,8.0,0.0,0.0,8.0,0.0,0.0,0.0,0.0,0.0,0.0,0.0,0.0,0.0,0.0,8.0,0.0,0.0,8.0,0.0,0.0,5.0,0.0,0.0,5.0,0.0,0.0,0.0,0.0,0.0,0.0,"Dec 31, 2018"
1392,2307043.0,25933.0,Baghdad,Karkh,Al Mutanbi-603,المتنبي-603,33.3220432206,44.3581395042,13.0,78.0,5.0,0.0,0.0,0.0,0.0,0.0,0.0,0.0,0.0,0.0,0.0,0.0,5.0,0.0,3.0,0.0,0.0,0.0,0.0,8.0,0.0,0.0,0.0,0.0,0.0,0.0,5.0,0.0,0.0,5.0,0.0,0.0,0.0,0.0,0.0,0.0,0.0,0.0,0.0,0.0,0.0,0.0,0.0,0.0,6.0,0.0,5.0,6.0,0.0,5.0,2.0,0.0,0.0,2.0,0.0,0.0,"Dec 31, 2018"
1393,2307044.0,25932.0,Baghdad,Karkh,Al Mutanbi-605,المتنبي-605,33.3198152988,44.347270163,10.0,60.0,3.0,0.0,0.0,0.0,0.0,0.0,0.0,0.0,0.0,0.0,0.0,0.0,7.0,0.0,0.0,0.0,0.0,0.0,0.0,3.0,0.0,0.0,0.0,0.0,0.0,0.0,7.0,0.0,0.0,7.0,0.0,0.0,0.0,0.0,0.0,0.0,0.0,0.0,0.0,0.0,0.0,0.0,4.0,0.0,3.0,4.0,3.0,3.0,0.0,3.0,0.0,0.0,0.0,0.0,0.0,0.0,"Dec 31, 2018"
1394,2307045.0,25934.0,Baghdad,Karkh,Al Mutanbi-607,المتنبي-607,33.3235690591,44.3429266326,9.0,54.0,1.0,0.0,0.0,0.0,0.0,0.0,0.0,0.0,0.0,0.0,0.0,0.0,8.0,0.0,0.0,0.0,0.0,0.0,0.0,5.0,0.0,0.0,0.0,0.0,0.0,0.0,4.0,0.0,0.0,4.0,0.0,0.0,0.0,0.0,0.0,0.0,0.0,0.0,0.0,0.0,0.0,0.0,5.0,0.0,1.0,5.0,0.0,1.0,0.0,0.0,3.0,0.0,0.0,3.0,0.0,0.0,"Dec 31, 2018"
1395,2307046.0,25935.0,Baghdad,Karkh,Al Mutanbi-615,المتنبي-615,33.3269530693,44.3478230661,8.0,48.0,5.0,0.0,0.0,0.0,0.0,0.0,0.0,0.0,0.0,0.0,0.0,0.0,3.0,0.0,0.0,0.0,0.0,0.0,0.0,5.0,0.0,0.0,0.0,0.0,0.0,0.0,3.0,0.0,0.0,3.0,0.0,0.0,0.0,0.0,0.0,0.0,0.0,0.0,0.0,0.0,0.0,0.0,4.0,0.0,0.0,4.0,0.0,0.0,0.0,0.0,4.0,0.0,0.0,4.0,0.0,0.0,"Dec 31, 2018"
1396,2307047.0,25953.0,Baghdad,Karkh,Al Qadissiya-602,القادسية-602,33.2959295288,44.3545448024,20.0,120.0,17.0,0.0,0.0,0.0,0.0,0.0,0.0,0.0,0.0,0.0,0.0,0.0,3.0,0.0,0.0,0.0,0.0,0.0,0.0,10.0,0.0,0.0,0.0,0.0,0.0,0.0,10.0,0.0,0.0,10.0,0.0,0.0,0.0,0.0,0.0,0.0,0.0,0.0,0.0,0.0,0.0,0.0,10.0,0.0,0.0,10.0,10.0,0.0,0.0,10.0,0.0,0.0,0.0,0.0,0.0,0.0,"Dec 31, 2018"
1397,2307048.0,24064.0,Baghdad,Karkh,Al Qadissiya-604,القادسية-604,33.2872026454,44.3540175531,34.0,204.0,19.0,0.0,0.0,0.0,0.0,0.0,0.0,0.0,0.0,0.0,0.0,0.0,10.0,0.0,5.0,0.0,0.0,0.0,0.0,13.0,0.0,0.0,0.0,0.0,0.0,0.0,21.0,0.0,0.0,21.0,0.0,0.0,0.0,0.0,0.0,0.0,0.0,0.0,21.0,0.0,0.0,21.0,7.0,0.0,0.0,7.0,6.0,0.0,0.0,6.0,0.0,0.0,0.0,0.0,0.0,0.0,"Dec 31, 2018"
1398,2307049.0,25952.0,Baghdad,Karkh,Al Qadissiya-606,القادسية-606,33.2801239483,44.3543928861,18.0,108.0,8.0,0.0,0.0,0.0,0.0,0.0,0.0,0.0,0.0,0.0,0.0,0.0,7.0,0.0,3.0,0.0,0.0,0.0,0.0,9.0,0.0,0.0,0.0,0.0,0.0,0.0,9.0,0.0,0.0,9.0,0.0,0.0,0.0,0.0,0.0,0.0,0.0,0.0,0.0,0.0,7.0,0.0,0.0,7.0,3.0,0.0,8.0,3.0,0.0,8.0,0.0,0.0,0.0,0.0,0.0,0.0,"Dec 31, 2018"
1399,2307050.0,25951.0,Baghdad,Karkh,Al Raie 861,الري 861,33.2219955373,44.3303134778,25.0,150.0,5.0,2.0,0.0,0.0,0.0,0.0,0.0,0.0,0.0,0.0,0.0,0.0,16.0,0.0,2.0,0.0,0.0,0.0,0.0,11.0,0.0,0.0,0.0,0.0,0.0,0.0,14.0,0.0,0.0,14.0,0.0,0.0,0.0,0.0,0.0,0.0,0.0,0.0,0.0,0.0,21.0,0.0,0.0,21.0,2.0,0.0,2.0,2.0,0.0,2.0,0.0,0.0,0.0,0.0,0.0,0.0,"Dec 31, 2018"
1400,2307051.0,24447.0,Baghdad,Karkh,Al Resala-851,الرسالة-851,33.2477122238,44.3337405913,14.0,84.0,4.0,0.0,0.0,0.0,0.0,0.0,0.0,0.0,0.0,0.0,0.0,0.0,10.0,0.0,0.0,0.0,0.0,0.0,0.0,6.0,0.0,0.0,0.0,0.0,0.0,0.0,8.0,0.0,0.0,8.0,0.0,0.0,0.0,0.0,0.0,0.0,0.0,0.0,0.0,0.0,10.0,0.0,0.0,10.0,0.0,0.0,4.0,0.0,0.0,4.0,0.0,0.0,0.0,0.0,0.0,0.0,"Dec 31, 2018"
1401,2307054.0,23575.0,Baghdad,Karkh,Al Saydiya-823,السيدية-823,33.2436532546,44.363456639,10.0,60.0,10.0,0.0,0.0,0.0,0.0,0.0,0.0,0.0,0.0,0.0,0.0,0.0,0.0,0.0,0.0,0.0,0.0,0.0,0.0,0.0,0.0,0.0,0.0,0.0,0.0,0.0,10.0,0.0,0.0,10.0,0.0,0.0,0.0,0.0,0.0,0.0,0.0,0.0,7.0,0.0,0.0,7.0,0.0,0.0,0.0,0.0,3.0,0.0,0.0,3.0,0.0,0.0,0.0,0.0,0.0,0.0,"Dec 31, 2018"
1402,2307055.0,25458.0,Baghdad,Karkh,Al Saydiya-821,السيدية-821,33.2598007622,44.3580880763,30.0,180.0,12.0,8.0,0.0,0.0,0.0,0.0,0.0,0.0,0.0,0.0,0.0,0.0,7.0,0.0,3.0,0.0,0.0,0.0,0.0,7.0,0.0,0.0,0.0,0.0,0.0,0.0,23.0,0.0,0.0,23.0,0.0,0.0,0.0,0.0,0.0,0.0,0.0,0.0,0.0,0.0,8.0,0.0,5.0,8.0,8.0,5.0,4.0,8.0,0.0,4.0,5.0,0.0,0.0,5.0,0.0,0.0,"Dec 31, 2018"
1403,2307056.0,24081.0,Baghdad,Karkh,Al Saydiya-825,السيدية-825,33.2419278768,44.352992308,20.0,120.0,10.0,0.0,0.0,0.0,0.0,0.0,0.0,0.0,0.0,0.0,0.0,0.0,10.0,0.0,0.0,0.0,0.0,0.0,0.0,4.0,0.0,0.0,0.0,0.0,0.0,0.0,16.0,0.0,0.0,16.0,0.0,0.0,0.0,0.0,0.0,0.0,0.0,0.0,8.0,0.0,0.0,8.0,0.0,0.0,4.0,0.0,2.0,4.0,0.0,2.0,6.0,0.0,0.0,6.0,0.0,0.0,"Dec 31, 2018"
1404,2307058.0,24120.0,Baghdad,Karkh,Al Shabab-839,الشباب-839,33.232625027,44.3265487103,8.0,48.0,2.0,0.0,0.0,0.0,0.0,2.0,0.0,0.0,0.0,0.0,0.0,0.0,4.0,0.0,0.0,0.0,0.0,0.0,0.0,2.0,0.0,0.0,0.0,0.0,0.0,0.0,6.0,0.0,0.0,6.0,0.0,0.0,0.0,0.0,0.0,0.0,0.0,0.0,0.0,0.0,4.0,0.0,2.0,4.0,0.0,2.0,2.0,0.0,0.0,2.0,0.0,0.0,0.0,0.0,0.0,0.0,"Dec 31, 2018"
1405,2307059.0,23085.0,Baghdad,Karkh,Al Shurta-869,الشرطة-869,33.2421730578,44.3054452317,5.0,30.0,0.0,0.0,0.0,0.0,0.0,0.0,0.0,0.0,0.0,0.0,0.0,0.0,5.0,0.0,0.0,0.0,0.0,0.0,0.0,0.0,0.0,0.0,0.0,0.0,0.0,0.0,5.0,0.0,0.0,5.0,0.0,0.0,0.0,0.0,0.0,0.0,0.0,0.0,0.0,0.0,5.0,0.0,0.0,5.0,0.0,0.0,0.0,0.0,0.0,0.0,0.0,0.0,0.0,0.0,0.0,0.0,"Dec 31, 2018"
1406,2307060.0,23086.0,Baghdad,Karkh,Al Shurta-875,الشرطة-875,33.2507620055,44.3179932234,4.0,24.0,2.0,0.0,0.0,0.0,0.0,0.0,0.0,0.0,0.0,0.0,0.0,0.0,2.0,0.0,0.0,0.0,0.0,0.0,0.0,0.0,0.0,0.0,0.0,0.0,0.0,0.0,4.0,0.0,0.0,4.0,0.0,0.0,0.0,0.0,0.0,0.0,0.0,0.0,0.0,0.0,2.0,0.0,0.0,2.0,0.0,0.0,0.0,0.0,0.0,0.0,2.0,0.0,0.0,2.0,0.0,0.0,"Dec 31, 2018"
1407,2307061.0,24073.0,Baghdad,Karkh,Shurtah Al Hader-846,شرطة الحضر-846,33.2423107799,44.4077187188,32.0,192.0,6.0,26.0,0.0,0.0,0.0,0.0,0.0,0.0,0.0,0.0,0.0,0.0,0.0,0.0,0.0,0.0,0.0,0.0,0.0,0.0,0.0,0.0,0.0,0.0,0.0,0.0,32.0,0.0,0.0,32.0,0.0,0.0,0.0,0.0,0.0,0.0,0.0,0.0,0.0,0.0,6.0,0.0,0.0,6.0,26.0,0.0,0.0,26.0,0.0,0.0,0.0,0.0,0.0,0.0,0.0,0.0,"Dec 31, 2018"
1408,2307062.0,25459.0,Baghdad,Karkh,Al Shurtah-867,الشرطة-867,33.2415590164,44.3122482265,8.0,48.0,3.0,0.0,0.0,0.0,0.0,0.0,0.0,0.0,0.0,0.0,0.0,0.0,3.0,0.0,2.0,0.0,0.0,0.0,0.0,4.0,0.0,0.0,0.0,0.0,0.0,0.0,4.0,0.0,0.0,4.0,0.0,0.0,0.0,0.0,0.0,0.0,0.0,0.0,3.0,0.0,5.0,3.0,0.0,5.0,0.0,0.0,0.0,0.0,0.0,0.0,0.0,0.0,0.0,0.0,0.0,0.0,"Dec 31, 2018"
1409,2307063.0,23984.0,Baghdad,Karkh,Al Toma(Al Masfi)-826,الطعمة-826(المصافي),33.2492277263,44.3937489793,196.0,1176.0,175.0,0.0,0.0,0.0,0.0,0.0,0.0,0.0,0.0,0.0,0.0,0.0,13.0,0.0,8.0,0.0,0.0,0.0,0.0,125.0,0.0,0.0,0.0,0.0,0.0,0.0,71.0,0.0,0.0,71.0,0.0,0.0,0.0,0.0,0.0,0.0,0.0,0.0,41.0,0.0,36.0,41.0,37.0,36.0,24.0,37.0,27.0,24.0,18.0,27.0,13.0,18.0,0.0,13.0,0.0,0.0,"Dec 31, 2018"
1410,2307064.0,23986.0,Baghdad,Karkh,Al Wadi(Al Masfi)-824,الوادي-824(المصافي),33.2504192941,44.3902503662,239.0,1434.0,212.0,0.0,0.0,0.0,0.0,0.0,0.0,0.0,0.0,0.0,0.0,0.0,17.0,0.0,10.0,0.0,0.0,0.0,0.0,140.0,0.0,0.0,0.0,0.0,0.0,0.0,99.0,0.0,0.0,99.0,0.0,0.0,0.0,0.0,0.0,0.0,0.0,0.0,90.0,0.0,39.0,90.0,0.0,39.0,0.0,0.0,55.0,0.0,31.0,55.0,24.0,31.0,0.0,24.0,0.0,0.0,"Dec 31, 2018"
1411,2307066.0,24986.0,Baghdad,Karkh,Al Yarmok-614,اليرموك-614,33.291414059,44.3307052028,57.0,342.0,46.0,0.0,0.0,0.0,0.0,0.0,0.0,0.0,0.0,0.0,0.0,0.0,11.0,0.0,0.0,0.0,0.0,0.0,0.0,26.0,0.0,0.0,0.0,0.0,0.0,0.0,31.0,0.0,0.0,31.0,0.0,0.0,0.0,0.0,0.0,0.0,0.0,0.0,0.0,0.0,0.0,0.0,20.0,0.0,28.0,20.0,9.0,28.0,0.0,9.0,0.0,0.0,0.0,0.0,0.0,0.0,"Dec 31, 2018"
1412,2307067.0,24987.0,Baghdad,Karkh,Al Yarmouk-608,اليرموك-608,33.3020514485,44.3487832801,84.0,504.0,56.0,4.0,0.0,0.0,0.0,0.0,0.0,0.0,0.0,0.0,0.0,0.0,18.0,0.0,6.0,0.0,0.0,0.0,0.0,25.0,0.0,0.0,0.0,0.0,0.0,0.0,59.0,0.0,0.0,59.0,0.0,0.0,0.0,0.0,0.0,0.0,0.0,0.0,0.0,0.0,10.0,0.0,22.0,10.0,26.0,22.0,26.0,26.0,0.0,26.0,0.0,0.0,0.0,0.0,0.0,0.0,"Dec 31, 2018"
1413,2307068.0,24062.0,Baghdad,Karkh,Al Yarmouk-610,اليرموك-610,33.2974938145,44.3455989594,48.0,288.0,34.0,0.0,0.0,0.0,0.0,3.0,0.0,0.0,0.0,0.0,0.0,0.0,8.0,0.0,3.0,0.0,0.0,0.0,0.0,10.0,0.0,0.0,0.0,0.0,0.0,0.0,38.0,0.0,0.0,38.0,0.0,0.0,0.0,0.0,0.0,0.0,0.0,0.0,20.0,0.0,0.0,20.0,10.0,0.0,9.0,10.0,9.0,9.0,0.0,9.0,0.0,0.0,0.0,0.0,0.0,0.0,"Dec 31, 2018"
1414,2307069.0,24072.0,Baghdad,Karkh,Al Yarmouk-612,اليرموك-612,33.2954800363,44.3304061972,50.0,300.0,41.0,0.0,0.0,0.0,0.0,0.0,0.0,0.0,0.0,0.0,0.0,0.0,7.0,0.0,2.0,0.0,0.0,0.0,0.0,20.0,0.0,0.0,0.0,0.0,0.0,0.0,30.0,0.0,0.0,30.0,0.0,0.0,0.0,0.0,0.0,0.0,0.0,0.0,10.0,0.0,0.0,10.0,19.0,0.0,13.0,19.0,8.0,13.0,0.0,8.0,0.0,0.0,0.0,0.0,0.0,0.0,"Dec 31, 2018"
1415,2307070.0,24059.0,Baghdad,Karkh,Al Yarmouk-616,اليرموك-616,33.2985078006,44.3312781265,56.0,336.0,38.0,0.0,0.0,0.0,0.0,8.0,0.0,0.0,0.0,0.0,0.0,0.0,2.0,0.0,8.0,0.0,0.0,0.0,0.0,20.0,0.0,0.0,0.0,0.0,0.0,0.0,36.0,0.0,0.0,36.0,0.0,0.0,0.0,0.0,0.0,0.0,0.0,0.0,33.0,0.0,0.0,33.0,7.0,0.0,4.0,7.0,10.0,4.0,0.0,10.0,2.0,0.0,0.0,2.0,0.0,0.0,"Dec 31, 2018"
1416,2307071.0,24077.0,Baghdad,Karkh,Al Jazera-806,الجزيرة-806,33.2576072398,44.3880678466,16.0,96.0,8.0,0.0,0.0,0.0,0.0,0.0,0.0,0.0,0.0,0.0,0.0,0.0,8.0,0.0,0.0,0.0,0.0,0.0,0.0,3.0,0.0,0.0,0.0,0.0,0.0,0.0,13.0,0.0,0.0,13.0,0.0,0.0,0.0,0.0,0.0,0.0,0.0,0.0,3.0,0.0,8.0,3.0,0.0,8.0,0.0,0.0,0.0,0.0,5.0,0.0,0.0,5.0,0.0,0.0,0.0,0.0,"Dec 31, 2018"
1417,2307073.0,7584.0,Baghdad,Karkh,Albo_Aitha,البو عيثا,33.2413404954,44.4359270465,27.0,162.0,20.0,0.0,0.0,0.0,0.0,0.0,0.0,0.0,0.0,0.0,0.0,0.0,7.0,0.0,0.0,0.0,0.0,0.0,0.0,27.0,0.0,0.0,0.0,0.0,0.0,0.0,0.0,0.0,0.0,0.0,0.0,0.0,0.0,0.0,0.0,0.0,0.0,0.0,6.0,0.0,16.0,6.0,0.0,16.0,0.0,0.0,0.0,0.0,5.0,0.0,0.0,5.0,0.0,0.0,0.0,0.0,"Dec 31, 2018"
1418,2307076.0,25931.0,Baghdad,Karkh,Al-Mansour-601,حي المنصور-601,33.3079466155,44.3531678436,22.0,132.0,19.0,0.0,0.0,0.0,0.0,0.0,0.0,0.0,0.0,0.0,0.0,0.0,3.0,0.0,0.0,0.0,0.0,0.0,0.0,9.0,0.0,0.0,0.0,0.0,0.0,0.0,13.0,0.0,0.0,13.0,0.0,0.0,0.0,0.0,0.0,0.0,0.0,0.0,0.0,0.0,0.0,0.0,9.0,0.0,8.0,9.0,5.0,8.0,0.0,5.0,0.0,0.0,0.0,0.0,0.0,0.0,"Dec 31, 2018"
1419,2307077.0,25930.0,Baghdad,Karkh,Al-Mansour-609,حي المنصور-609,33.315591643,44.3420545354,15.0,90.0,10.0,0.0,0.0,0.0,0.0,0.0,0.0,0.0,0.0,0.0,0.0,0.0,5.0,0.0,0.0,0.0,0.0,0.0,0.0,5.0,0.0,0.0,0.0,0.0,0.0,0.0,10.0,0.0,0.0,10.0,0.0,0.0,0.0,0.0,0.0,0.0,0.0,0.0,0.0,0.0,10.0,0.0,5.0,10.0,0.0,5.0,0.0,0.0,0.0,0.0,0.0,0.0,0.0,0.0,0.0,0.0,"Dec 31, 2018"
1420,2307093.0,7587.0,Baghdad,Karkh,Al Radwania,منطقة الرضوانية,33.1460112085,44.2994201253,131.0,786.0,95.0,0.0,8.0,0.0,0.0,0.0,0.0,0.0,0.0,0.0,0.0,0.0,28.0,0.0,0.0,0.0,0.0,0.0,0.0,59.0,0.0,0.0,0.0,0.0,0.0,0.0,72.0,0.0,0.0,72.0,0.0,0.0,0.0,0.0,0.0,0.0,0.0,0.0,0.0,0.0,95.0,0.0,0.0,95.0,0.0,0.0,33.0,0.0,0.0,33.0,3.0,0.0,0.0,3.0,0.0,0.0,"Dec 31, 2018"
1421,2307096.0,25830.0,Baghdad,Karkh,Al Shurta-857,الشرطة-857,33.2436780542,44.3131639696,6.0,36.0,3.0,0.0,0.0,0.0,0.0,0.0,0.0,0.0,0.0,0.0,0.0,0.0,3.0,0.0,0.0,0.0,0.0,0.0,0.0,4.0,0.0,0.0,0.0,0.0,0.0,0.0,2.0,0.0,0.0,2.0,0.0,0.0,0.0,0.0,0.0,0.0,0.0,0.0,0.0,0.0,4.0,0.0,2.0,4.0,0.0,2.0,0.0,0.0,0.0,0.0,0.0,0.0,0.0,0.0,0.0,0.0,"Dec 31, 2018"
1422,2307097.0,21451.0,Baghdad,Karkh,Al Amerya-632,العامرية-632,33.2956175011,44.2963060806,191.0,1146.0,166.0,0.0,0.0,0.0,0.0,0.0,0.0,0.0,0.0,0.0,0.0,0.0,25.0,0.0,0.0,0.0,0.0,0.0,0.0,80.0,0.0,0.0,0.0,0.0,0.0,0.0,111.0,0.0,0.0,111.0,0.0,0.0,0.0,0.0,0.0,0.0,0.0,0.0,0.0,0.0,25.0,0.0,0.0,25.0,0.0,0.0,157.0,0.0,5.0,157.0,4.0,5.0,0.0,4.0,0.0,0.0,"Dec 31, 2018"
1423,2307098.0,21450.0,Baghdad,Karkh,Al Amerya-634,العامرية-634,33.2914412841,44.2951337663,129.0,774.0,112.0,0.0,0.0,0.0,0.0,0.0,0.0,0.0,0.0,0.0,0.0,0.0,17.0,0.0,0.0,0.0,0.0,0.0,0.0,42.0,0.0,0.0,0.0,0.0,0.0,0.0,87.0,0.0,0.0,87.0,0.0,0.0,0.0,0.0,0.0,0.0,0.0,0.0,0.0,0.0,26.0,0.0,0.0,26.0,16.0,0.0,74.0,16.0,8.0,74.0,5.0,8.0,0.0,5.0,0.0,0.0,"Dec 31, 2018"
1424,2307099.0,21452.0,Baghdad,Karkh,Al Amerya-636,العامرية-636,33.2984479401,44.2799022216,293.0,1758.0,280.0,0.0,0.0,0.0,0.0,0.0,0.0,0.0,0.0,0.0,0.0,0.0,6.0,0.0,7.0,0.0,0.0,0.0,0.0,151.0,0.0,0.0,0.0,0.0,0.0,0.0,142.0,0.0,0.0,142.0,0.0,0.0,0.0,0.0,0.0,0.0,0.0,0.0,90.0,0.0,102.0,90.0,0.0,102.0,0.0,0.0,90.0,0.0,6.0,90.0,5.0,6.0,0.0,5.0,0.0,0.0,"Dec 31, 2018"
1425,2307100.0,21449.0,Baghdad,Karkh,Al Amerya-638,العامرية-638,33.294111887,44.2864785899,179.0,1074.0,156.0,0.0,0.0,0.0,0.0,0.0,0.0,0.0,0.0,0.0,0.0,0.0,23.0,0.0,0.0,0.0,0.0,0.0,0.0,73.0,0.0,0.0,0.0,0.0,0.0,0.0,106.0,0.0,0.0,106.0,0.0,0.0,0.0,0.0,0.0,0.0,0.0,0.0,31.0,0.0,23.0,31.0,0.0,23.0,41.0,0.0,51.0,41.0,30.0,51.0,3.0,30.0,0.0,3.0,0.0,0.0,"Dec 31, 2018"
1426,2307101.0,21446.0,Baghdad,Karkh,Al Amreya-628,العامرية-628,33.2955886966,44.3055589668,87.0,522.0,61.0,0.0,0.0,0.0,0.0,0.0,0.0,0.0,0.0,0.0,0.0,0.0,20.0,0.0,6.0,0.0,0.0,0.0,0.0,29.0,0.0,0.0,0.0,0.0,0.0,0.0,58.0,0.0,0.0,58.0,0.0,0.0,0.0,0.0,0.0,0.0,0.0,0.0,21.0,0.0,9.0,21.0,0.0,9.0,22.0,0.0,30.0,22.0,0.0,30.0,5.0,0.0,0.0,5.0,0.0,0.0,"Dec 31, 2018"
1427,2307102.0,21448.0,Baghdad,Karkh,Al Amreya-630,العامرية-630,33.3016733065,44.2939972671,87.0,522.0,72.0,0.0,0.0,0.0,0.0,0.0,0.0,0.0,0.0,0.0,0.0,0.0,8.0,0.0,7.0,0.0,0.0,0.0,0.0,49.0,0.0,0.0,0.0,0.0,0.0,0.0,38.0,0.0,0.0,38.0,0.0,0.0,0.0,0.0,0.0,0.0,0.0,0.0,21.0,0.0,0.0,21.0,0.0,0.0,28.0,0.0,14.0,28.0,9.0,14.0,8.0,9.0,7.0,8.0,7.0,0.0,"Dec 31, 2018"
1428,2307103.0,24078.0,Baghdad,Karkh,Asia(Al Hader)-836,اسيا-836(الحضر),33.2389283811,44.404101853,4.0,24.0,0.0,0.0,0.0,0.0,0.0,2.0,0.0,0.0,0.0,0.0,0.0,0.0,2.0,0.0,0.0,0.0,0.0,0.0,0.0,0.0,0.0,0.0,0.0,0.0,0.0,0.0,4.0,0.0,0.0,4.0,0.0,0.0,0.0,0.0,0.0,0.0,0.0,0.0,0.0,0.0,2.0,0.0,0.0,2.0,0.0,0.0,0.0,0.0,0.0,0.0,2.0,0.0,0.0,2.0,0.0,0.0,"Dec 31, 2018"
1429,2307105.0,23733.0,Baghdad,Karkh,Arab jbor,عرب جبور,33.1947439573,44.4708920904,25.0,150.0,18.0,0.0,5.0,0.0,0.0,0.0,0.0,0.0,0.0,0.0,0.0,0.0,0.0,0.0,2.0,0.0,0.0,0.0,0.0,11.0,0.0,0.0,0.0,0.0,0.0,0.0,14.0,0.0,0.0,14.0,0.0,0.0,0.0,0.0,0.0,0.0,0.0,0.0,12.0,0.0,0.0,12.0,2.0,0.0,7.0,2.0,2.0,7.0,2.0,2.0,0.0,2.0,0.0,0.0,0.0,0.0,"Dec 31, 2018"
1430,2307107.0,26039.0,Baghdad,Karkh,Hateen-620,حطين-620,33.3002923599,44.3218758551,36.0,216.0,31.0,0.0,0.0,0.0,0.0,0.0,0.0,0.0,0.0,0.0,0.0,0.0,3.0,0.0,2.0,0.0,0.0,0.0,0.0,17.0,0.0,0.0,0.0,0.0,0.0,0.0,19.0,0.0,0.0,19.0,0.0,0.0,0.0,0.0,0.0,0.0,0.0,0.0,0.0,0.0,0.0,0.0,25.0,0.0,6.0,25.0,3.0,6.0,0.0,3.0,2.0,0.0,0.0,2.0,0.0,0.0,"Dec 31, 2018"
1431,2307108.0,26038.0,Baghdad,Karkh,Hateen-622,حطين-622,33.3031046247,44.3179630472,38.0,228.0,32.0,0.0,0.0,0.0,0.0,0.0,0.0,0.0,0.0,0.0,0.0,0.0,3.0,0.0,3.0,0.0,0.0,0.0,0.0,15.0,0.0,0.0,0.0,0.0,0.0,0.0,23.0,0.0,0.0,23.0,0.0,0.0,0.0,0.0,0.0,0.0,0.0,0.0,0.0,0.0,32.0,0.0,0.0,32.0,1.0,0.0,3.0,1.0,0.0,3.0,2.0,0.0,0.0,2.0,0.0,0.0,"Dec 31, 2018"
1432,2307109.0,24066.0,Baghdad,Karkh,Hay Al Adil-647,حي العدل-647,33.3367501756,44.3149413266,27.0,162.0,8.0,0.0,0.0,0.0,0.0,0.0,0.0,0.0,0.0,0.0,0.0,0.0,13.0,0.0,6.0,0.0,0.0,0.0,0.0,12.0,0.0,0.0,0.0,0.0,0.0,0.0,15.0,0.0,0.0,15.0,0.0,0.0,0.0,0.0,0.0,0.0,0.0,0.0,2.0,0.0,12.0,2.0,9.0,12.0,2.0,9.0,2.0,2.0,0.0,2.0,0.0,0.0,0.0,0.0,0.0,0.0,"Dec 31, 2018"
1433,2307110.0,24067.0,Baghdad,Karkh,Hay Al Adil-657,حي العدل-657,33.3310259448,44.3122030124,22.0,132.0,10.0,0.0,0.0,0.0,0.0,0.0,0.0,0.0,0.0,0.0,0.0,0.0,12.0,0.0,0.0,0.0,0.0,0.0,0.0,10.0,0.0,0.0,0.0,0.0,0.0,0.0,12.0,0.0,0.0,12.0,0.0,0.0,0.0,0.0,0.0,0.0,0.0,0.0,10.0,0.0,0.0,10.0,0.0,0.0,8.0,0.0,4.0,8.0,0.0,4.0,0.0,0.0,0.0,0.0,0.0,0.0,"Dec 31, 2018"
1434,2307111.0,23506.0,Baghdad,Karkh,Hay Al Amel-805,حي العامل-805,33.2826317141,44.3385534224,5.0,30.0,2.0,0.0,0.0,0.0,0.0,0.0,0.0,0.0,0.0,0.0,0.0,0.0,3.0,0.0,0.0,0.0,0.0,0.0,0.0,0.0,0.0,0.0,0.0,0.0,0.0,0.0,5.0,0.0,0.0,5.0,0.0,0.0,0.0,0.0,0.0,0.0,0.0,0.0,1.0,0.0,4.0,1.0,0.0,4.0,0.0,0.0,0.0,0.0,0.0,0.0,0.0,0.0,0.0,0.0,0.0,0.0,"Dec 31, 2018"
1435,2307112.0,23507.0,Baghdad,Karkh,Hay Al Amel-811,حي العامل-811,33.2728687562,44.3234428566,4.0,24.0,2.0,0.0,0.0,0.0,0.0,0.0,0.0,0.0,0.0,0.0,0.0,0.0,2.0,0.0,0.0,0.0,0.0,0.0,0.0,2.0,0.0,0.0,0.0,0.0,0.0,0.0,2.0,0.0,0.0,2.0,0.0,0.0,0.0,0.0,0.0,0.0,0.0,0.0,0.0,0.0,4.0,0.0,0.0,4.0,0.0,0.0,0.0,0.0,0.0,0.0,0.0,0.0,0.0,0.0,0.0,0.0,"Dec 31, 2018"
1436,2307113.0,23284.0,Baghdad,Karkh,Hay Al Amil-803,حي العامل-803,33.28712403,44.3245319755,4.0,24.0,0.0,0.0,0.0,0.0,0.0,2.0,0.0,0.0,0.0,0.0,0.0,0.0,2.0,0.0,0.0,0.0,0.0,0.0,0.0,0.0,0.0,0.0,0.0,0.0,0.0,0.0,4.0,0.0,0.0,4.0,0.0,0.0,0.0,0.0,0.0,0.0,0.0,0.0,0.0,0.0,2.0,0.0,0.0,2.0,2.0,0.0,0.0,2.0,0.0,0.0,0.0,0.0,0.0,0.0,0.0,0.0,"Dec 31, 2018"
1437,2307114.0,25203.0,Baghdad,Karkh,Hay Al Amil-807,حي العامل-807,33.2813373487,44.3205338521,4.0,24.0,0.0,0.0,0.0,0.0,0.0,0.0,0.0,0.0,0.0,0.0,0.0,0.0,4.0,0.0,0.0,0.0,0.0,0.0,0.0,0.0,0.0,0.0,0.0,0.0,0.0,0.0,4.0,0.0,0.0,4.0,0.0,0.0,0.0,0.0,0.0,0.0,0.0,0.0,0.0,0.0,4.0,0.0,0.0,4.0,0.0,0.0,0.0,0.0,0.0,0.0,0.0,0.0,0.0,0.0,0.0,0.0,"Dec 31, 2018"
1438,2307115.0,25204.0,Baghdad,Karkh,Hay Al Amil-809,حي العامل-809,33.276003292,44.3315159292,4.0,24.0,1.0,0.0,0.0,0.0,0.0,0.0,0.0,0.0,0.0,0.0,0.0,0.0,2.0,0.0,1.0,0.0,0.0,0.0,0.0,0.0,0.0,0.0,0.0,0.0,0.0,0.0,4.0,0.0,0.0,4.0,0.0,0.0,0.0,0.0,0.0,0.0,0.0,0.0,0.0,0.0,0.0,0.0,3.0,0.0,1.0,3.0,0.0,1.0,0.0,0.0,0.0,0.0,0.0,0.0,0.0,0.0,"Dec 31, 2018"
1439,2307116.0,23285.0,Baghdad,Karkh,Hay Al Amil-813,حي العامل-813,33.27245786,44.3324875338,4.0,24.0,0.0,0.0,0.0,0.0,0.0,0.0,0.0,0.0,0.0,0.0,0.0,0.0,4.0,0.0,0.0,0.0,0.0,0.0,0.0,2.0,0.0,0.0,0.0,0.0,0.0,0.0,2.0,0.0,0.0,2.0,0.0,0.0,0.0,0.0,0.0,0.0,0.0,0.0,0.0,0.0,4.0,0.0,0.0,4.0,0.0,0.0,0.0,0.0,0.0,0.0,0.0,0.0,0.0,0.0,0.0,0.0,"Dec 31, 2018"
1440,2307117.0,25205.0,Baghdad,Karkh,Hay Al Amil-815,حي العامل-815,33.2710341458,44.3341590051,3.0,18.0,1.0,0.0,0.0,0.0,0.0,0.0,0.0,0.0,0.0,0.0,0.0,0.0,2.0,0.0,0.0,0.0,0.0,0.0,0.0,0.0,0.0,0.0,0.0,0.0,0.0,0.0,3.0,0.0,0.0,3.0,0.0,0.0,0.0,0.0,0.0,0.0,0.0,0.0,0.0,0.0,0.0,0.0,0.0,0.0,2.0,0.0,1.0,2.0,0.0,1.0,0.0,0.0,0.0,0.0,0.0,0.0,"Dec 31, 2018"
1441,2307118.0,7640.0,Baghdad,Karkh,Hay al jamiyah (Al Masfi)-842,حي الجمعية-842(المصافي),33.2524812721,44.4233382815,48.0,288.0,29.0,0.0,0.0,0.0,0.0,0.0,0.0,0.0,0.0,0.0,0.0,0.0,13.0,0.0,6.0,0.0,0.0,0.0,0.0,27.0,0.0,0.0,0.0,0.0,0.0,0.0,21.0,0.0,0.0,21.0,0.0,0.0,0.0,0.0,0.0,0.0,0.0,0.0,8.0,0.0,15.0,8.0,0.0,15.0,4.0,0.0,8.0,4.0,3.0,8.0,10.0,3.0,0.0,10.0,0.0,0.0,"Dec 31, 2018"
1442,2307120.0,23325.0,Baghdad,Karkh,Al Shurta-865,الشرطة-865,33.2382902514,44.3143260701,5.0,30.0,0.0,0.0,0.0,0.0,0.0,0.0,0.0,0.0,0.0,0.0,0.0,0.0,5.0,0.0,0.0,0.0,0.0,0.0,0.0,0.0,0.0,0.0,0.0,0.0,0.0,0.0,5.0,0.0,0.0,5.0,0.0,0.0,0.0,0.0,0.0,0.0,0.0,0.0,0.0,0.0,5.0,0.0,0.0,5.0,0.0,0.0,0.0,0.0,0.0,0.0,0.0,0.0,0.0,0.0,0.0,0.0,"Dec 31, 2018"
1443,2307122.0,7583.0,Baghdad,Karkh,Hoor Rajab,هور رجب,33.1938163157,44.414573664,29.0,174.0,27.0,0.0,2.0,0.0,0.0,0.0,0.0,0.0,0.0,0.0,0.0,0.0,0.0,0.0,0.0,0.0,0.0,0.0,0.0,5.0,0.0,0.0,0.0,0.0,0.0,0.0,24.0,0.0,0.0,24.0,0.0,0.0,0.0,0.0,0.0,0.0,0.0,0.0,0.0,0.0,17.0,0.0,0.0,17.0,3.0,0.0,0.0,3.0,9.0,0.0,0.0,9.0,0.0,0.0,0.0,0.0,"Dec 31, 2018"
1444,2307124.0,21745.0,Baghdad,Karkh,Al Karkh-212,الكرخ-212,33.3390359335,44.3848340864,30.0,180.0,13.0,0.0,0.0,0.0,0.0,3.0,0.0,0.0,0.0,0.0,0.0,0.0,9.0,0.0,5.0,0.0,0.0,0.0,0.0,7.0,0.0,0.0,0.0,0.0,0.0,0.0,12.0,0.0,0.0,12.0,0.0,0.0,11.0,0.0,0.0,11.0,0.0,0.0,0.0,0.0,0.0,0.0,0.0,0.0,13.0,0.0,14.0,13.0,0.0,14.0,3.0,0.0,0.0,3.0,0.0,0.0,"Dec 31, 2018"
1445,2307125.0,7523.0,Baghdad,Karkh,Al Shurtah-873,الشرطة-873,33.2475391897,44.306008566,2.0,12.0,0.0,0.0,0.0,0.0,0.0,0.0,0.0,0.0,0.0,0.0,0.0,0.0,2.0,0.0,0.0,0.0,0.0,0.0,0.0,0.0,0.0,0.0,0.0,0.0,0.0,0.0,2.0,0.0,0.0,2.0,0.0,0.0,0.0,0.0,0.0,0.0,0.0,0.0,0.0,0.0,2.0,0.0,0.0,2.0,0.0,0.0,0.0,0.0,0.0,0.0,0.0,0.0,0.0,0.0,0.0,0.0,"Dec 31, 2018"
1446,2307128.0,7732.0,Baghdad,Karkh,Al Mowasalat-863,المواصلات-863,33.2351564836,44.3167412287,10.0,60.0,5.0,0.0,0.0,0.0,0.0,0.0,0.0,0.0,0.0,0.0,0.0,0.0,5.0,0.0,0.0,0.0,0.0,0.0,0.0,2.0,0.0,0.0,0.0,0.0,0.0,0.0,8.0,0.0,0.0,8.0,0.0,0.0,0.0,0.0,0.0,0.0,0.0,0.0,0.0,0.0,5.0,0.0,0.0,5.0,5.0,0.0,0.0,5.0,0.0,0.0,0.0,0.0,0.0,0.0,0.0,0.0,"Dec 31, 2018"
1447,2307129.0,24069.0,Baghdad,Karkh,Sheikh Maaroof-204,شيخ معروف-204,33.3409868597,44.3766178901,2.0,12.0,2.0,0.0,0.0,0.0,0.0,0.0,0.0,0.0,0.0,0.0,0.0,0.0,0.0,0.0,0.0,0.0,0.0,0.0,0.0,0.0,0.0,0.0,0.0,0.0,0.0,0.0,2.0,0.0,0.0,2.0,0.0,0.0,0.0,0.0,0.0,0.0,0.0,0.0,0.0,0.0,0.0,0.0,0.0,0.0,2.0,0.0,0.0,2.0,0.0,0.0,0.0,0.0,0.0,0.0,0.0,0.0,"Dec 31, 2018"
1448,2307130.0,25991.0,Baghdad,Karkh,Sheikh Maaroof-208,شيخ معروف-208,33.3381282002,44.3713889003,10.0,60.0,4.0,0.0,0.0,0.0,0.0,0.0,0.0,0.0,0.0,0.0,0.0,0.0,6.0,0.0,0.0,0.0,0.0,0.0,0.0,2.0,0.0,0.0,0.0,0.0,0.0,0.0,8.0,0.0,0.0,8.0,0.0,0.0,0.0,0.0,0.0,0.0,0.0,0.0,0.0,0.0,7.0,0.0,0.0,7.0,1.0,0.0,2.0,1.0,0.0,2.0,0.0,0.0,0.0,0.0,0.0,0.0,"Dec 31, 2018"
1449,2307131.0,21784.0,Baghdad,Karkh,Sheikh Maaroof-210,شيخ معروف-210,33.3373741602,44.3754181236,16.0,96.0,8.0,0.0,0.0,0.0,0.0,0.0,0.0,0.0,0.0,0.0,0.0,0.0,6.0,0.0,2.0,0.0,0.0,0.0,0.0,4.0,0.0,0.0,0.0,0.0,0.0,0.0,12.0,0.0,0.0,12.0,0.0,0.0,0.0,0.0,0.0,0.0,0.0,0.0,4.0,0.0,5.0,4.0,3.0,5.0,2.0,3.0,2.0,2.0,0.0,2.0,0.0,0.0,0.0,0.0,0.0,0.0,"Dec 31, 2018"
1450,2307132.0,24075.0,Baghdad,Karkh,Shurta Al Masafi-840,شرطة المصافي 840(المصافي),33.2537055251,44.4028360366,55.0,330.0,26.0,0.0,0.0,0.0,0.0,0.0,0.0,0.0,0.0,0.0,0.0,0.0,23.0,0.0,6.0,0.0,0.0,0.0,0.0,27.0,0.0,0.0,0.0,0.0,0.0,0.0,28.0,0.0,0.0,28.0,0.0,0.0,0.0,0.0,0.0,0.0,0.0,0.0,14.0,0.0,0.0,14.0,0.0,0.0,18.0,0.0,13.0,18.0,10.0,13.0,0.0,10.0,0.0,0.0,0.0,0.0,"Dec 31, 2018"
1451,2307133.0,25222.0,Baghdad,Karkh,Suwaib-871,سويب-871,33.2329685672,44.3048706429,18.0,108.0,4.0,0.0,0.0,0.0,0.0,0.0,0.0,0.0,0.0,0.0,0.0,0.0,11.0,0.0,3.0,0.0,0.0,0.0,0.0,8.0,0.0,0.0,0.0,0.0,0.0,0.0,10.0,0.0,0.0,10.0,0.0,0.0,0.0,0.0,0.0,0.0,0.0,0.0,0.0,0.0,15.0,0.0,0.0,15.0,3.0,0.0,0.0,3.0,0.0,0.0,0.0,0.0,0.0,0.0,0.0,0.0,"Dec 31, 2018"
1452,2307135.0,7410.0,Baghdad,Karkh,Uwayrij,عويريج,33.2007091823,44.3832314743,33.0,198.0,25.0,0.0,0.0,0.0,0.0,0.0,0.0,0.0,0.0,0.0,0.0,0.0,8.0,0.0,0.0,0.0,0.0,0.0,0.0,10.0,0.0,0.0,0.0,0.0,0.0,0.0,23.0,0.0,0.0,23.0,0.0,0.0,0.0,0.0,0.0,0.0,0.0,0.0,0.0,0.0,15.0,0.0,0.0,15.0,3.0,0.0,7.0,3.0,8.0,7.0,0.0,8.0,0.0,0.0,0.0,0.0,"Dec 31, 2018"
1453,2307137.0,26099.0,Baghdad,Karkh,Al Jazera-814,الجزيرة-814,33.2653888685,44.4056687902,75.0,450.0,70.0,0.0,0.0,0.0,0.0,0.0,0.0,0.0,0.0,0.0,0.0,0.0,5.0,0.0,0.0,0.0,0.0,0.0,0.0,34.0,0.0,0.0,0.0,0.0,0.0,0.0,41.0,0.0,0.0,41.0,0.0,0.0,0.0,0.0,0.0,0.0,0.0,0.0,0.0,0.0,0.0,0.0,0.0,0.0,10.0,0.0,40.0,10.0,20.0,40.0,5.0,20.0,0.0,5.0,0.0,0.0,"Dec 31, 2018"
1454,2307140.0,26100.0,Baghdad,Karkh,Hay Al Jehad-881,حي الجهاد-881,33.2811268964,44.2981013065,32.0,192.0,17.0,0.0,0.0,0.0,0.0,3.0,0.0,0.0,0.0,0.0,0.0,0.0,12.0,0.0,0.0,0.0,0.0,0.0,0.0,11.0,0.0,0.0,0.0,0.0,0.0,0.0,21.0,0.0,0.0,21.0,0.0,0.0,0.0,0.0,0.0,0.0,0.0,0.0,14.0,0.0,0.0,14.0,11.0,0.0,0.0,11.0,5.0,0.0,2.0,5.0,0.0,2.0,0.0,0.0,0.0,0.0,"Dec 31, 2018"
1455,2307141.0,21989.0,Baghdad,Karkh,Hay Al Jehad-883,حي الجهاد-883,33.2792674767,44.3088815408,29.0,174.0,12.0,0.0,0.0,0.0,0.0,0.0,0.0,0.0,0.0,0.0,0.0,0.0,9.0,0.0,8.0,0.0,0.0,0.0,0.0,12.0,0.0,0.0,0.0,0.0,0.0,0.0,17.0,0.0,0.0,17.0,0.0,0.0,0.0,0.0,0.0,0.0,0.0,0.0,5.0,0.0,0.0,5.0,9.0,0.0,9.0,9.0,4.0,9.0,0.0,4.0,2.0,0.0,0.0,2.0,0.0,0.0,"Dec 31, 2018"
1456,2307142.0,26101.0,Baghdad,Karkh,Hay Al Jehad-887,حي الجهاد-887,33.2736710604,44.2934007063,30.0,180.0,17.0,0.0,0.0,0.0,0.0,0.0,0.0,0.0,0.0,0.0,0.0,0.0,11.0,0.0,2.0,0.0,0.0,0.0,0.0,4.0,0.0,0.0,0.0,0.0,0.0,0.0,26.0,0.0,0.0,26.0,0.0,0.0,0.0,0.0,0.0,0.0,0.0,0.0,3.0,0.0,0.0,3.0,11.0,0.0,6.0,11.0,6.0,6.0,4.0,6.0,0.0,4.0,0.0,0.0,0.0,0.0,"Dec 31, 2018"
1457,2307145.0,27119.0,Baghdad,Karkh,Al Forat-Shaka 6,الفرات-شاخة 6,33.2290430788,44.2966310879,7.0,42.0,0.0,0.0,0.0,0.0,0.0,0.0,0.0,0.0,0.0,0.0,0.0,0.0,7.0,0.0,0.0,0.0,0.0,0.0,0.0,0.0,0.0,0.0,0.0,0.0,0.0,0.0,7.0,0.0,0.0,7.0,0.0,0.0,0.0,0.0,0.0,0.0,0.0,0.0,0.0,0.0,0.0,0.0,7.0,0.0,0.0,7.0,0.0,0.0,0.0,0.0,0.0,0.0,0.0,0.0,0.0,0.0,"Dec 31, 2018"
1458,2307146.0,23324.0,Baghdad,Karkh,Hay Al Amil-801,حي العامل-801,33.2876343519,44.3186891915,4.0,24.0,0.0,1.0,0.0,0.0,0.0,0.0,0.0,0.0,0.0,0.0,0.0,0.0,2.0,0.0,1.0,0.0,0.0,0.0,0.0,2.0,0.0,0.0,0.0,0.0,0.0,0.0,2.0,0.0,0.0,2.0,0.0,0.0,0.0,0.0,0.0,0.0,0.0,0.0,0.0,0.0,4.0,0.0,0.0,4.0,0.0,0.0,0.0,0.0,0.0,0.0,0.0,0.0,0.0,0.0,0.0,0.0,"Dec 31, 2018"
1459,2307147.0,27185.0,Baghdad,Karkh,Al Maalef-837,المعالف-837,33.2298528969,44.3340782195,15.0,90.0,7.0,0.0,0.0,0.0,0.0,0.0,0.0,0.0,0.0,0.0,0.0,0.0,5.0,0.0,3.0,0.0,0.0,0.0,0.0,5.0,0.0,0.0,0.0,0.0,0.0,0.0,10.0,0.0,0.0,10.0,0.0,0.0,0.0,0.0,0.0,0.0,0.0,0.0,0.0,0.0,5.0,0.0,0.0,5.0,3.0,0.0,7.0,3.0,0.0,7.0,0.0,0.0,0.0,0.0,0.0,0.0,"Dec 31, 2018"
1460,2307148.0,27187.0,Baghdad,Karkh,Al Ilam-829,الأعلام-829,33.2427596454,44.3441087033,15.0,90.0,6.0,0.0,0.0,0.0,0.0,5.0,0.0,0.0,0.0,0.0,0.0,0.0,4.0,0.0,0.0,0.0,0.0,0.0,0.0,0.0,0.0,0.0,0.0,0.0,0.0,0.0,15.0,0.0,0.0,15.0,0.0,0.0,0.0,0.0,0.0,0.0,0.0,0.0,0.0,0.0,6.0,0.0,0.0,6.0,4.0,0.0,2.0,4.0,0.0,2.0,3.0,0.0,0.0,3.0,0.0,0.0,"Dec 31, 2018"
1461,2307149.0,27188.0,Baghdad,Karkh,Al Ilam-831,الأعلام-831,33.2375277191,44.3429624516,11.0,66.0,6.0,0.0,0.0,0.0,0.0,0.0,0.0,0.0,0.0,0.0,0.0,0.0,5.0,0.0,0.0,0.0,0.0,0.0,0.0,6.0,0.0,0.0,0.0,0.0,0.0,0.0,5.0,0.0,0.0,5.0,0.0,0.0,0.0,0.0,0.0,0.0,0.0,0.0,0.0,0.0,6.0,0.0,0.0,6.0,1.0,0.0,4.0,1.0,0.0,4.0,0.0,0.0,0.0,0.0,0.0,0.0,"Dec 31, 2018"
1462,2307150.0,27189.0,Baghdad,Karkh,Al Resala-849,الرسالة-849,33.2567510539,44.3375941368,12.0,72.0,6.0,0.0,0.0,0.0,0.0,0.0,0.0,0.0,0.0,0.0,0.0,0.0,6.0,0.0,0.0,0.0,0.0,0.0,0.0,3.0,0.0,0.0,0.0,0.0,0.0,0.0,9.0,0.0,0.0,9.0,0.0,0.0,0.0,0.0,0.0,0.0,0.0,0.0,0.0,0.0,12.0,0.0,0.0,12.0,0.0,0.0,0.0,0.0,0.0,0.0,0.0,0.0,0.0,0.0,0.0,0.0,"Dec 31, 2018"
1463,2307151.0,27190.0,Baghdad,Karkh,Al Resala-853,الرسالة-853,33.2378672801,44.321485952,10.0,60.0,4.0,0.0,0.0,0.0,0.0,0.0,0.0,0.0,0.0,0.0,0.0,0.0,5.0,0.0,1.0,0.0,0.0,0.0,0.0,2.0,0.0,0.0,0.0,0.0,0.0,0.0,8.0,0.0,0.0,8.0,0.0,0.0,0.0,0.0,0.0,0.0,0.0,0.0,0.0,0.0,4.0,0.0,0.0,4.0,1.0,0.0,5.0,1.0,0.0,5.0,0.0,0.0,0.0,0.0,0.0,0.0,"Dec 31, 2018"
1464,2307152.0,27191.0,Baghdad,Karkh,Al Resala-855,الرسالة-855,33.2427164365,44.3223293898,14.0,84.0,4.0,0.0,0.0,0.0,0.0,4.0,0.0,0.0,0.0,0.0,0.0,0.0,6.0,0.0,0.0,0.0,0.0,0.0,0.0,6.0,0.0,0.0,0.0,0.0,0.0,0.0,8.0,0.0,0.0,8.0,0.0,0.0,0.0,0.0,0.0,0.0,0.0,0.0,0.0,0.0,14.0,0.0,0.0,14.0,0.0,0.0,0.0,0.0,0.0,0.0,0.0,0.0,0.0,0.0,0.0,0.0,"Dec 31, 2018"
1465,2307154.0,27193.0,Baghdad,Karkh,Sheikh Maaroof-206,شيخ معروف-206,33.3429514186,44.3682904301,15.0,90.0,5.0,0.0,0.0,0.0,0.0,0.0,0.0,0.0,0.0,0.0,0.0,0.0,7.0,0.0,3.0,0.0,0.0,0.0,0.0,3.0,0.0,0.0,0.0,0.0,0.0,0.0,12.0,0.0,0.0,12.0,0.0,0.0,0.0,0.0,0.0,0.0,0.0,0.0,2.0,0.0,5.0,2.0,3.0,5.0,3.0,3.0,2.0,3.0,0.0,2.0,0.0,0.0,0.0,0.0,0.0,0.0,"Dec 31, 2018"
1466,2307155.0,27194.0,Baghdad,Karkh,Sheikh Maaroof-214,شيخ معروف-214,33.3318314154,44.3831769325,25.0,150.0,5.0,0.0,0.0,0.0,0.0,0.0,0.0,0.0,0.0,0.0,0.0,0.0,10.0,0.0,10.0,0.0,0.0,0.0,0.0,8.0,0.0,0.0,0.0,0.0,0.0,0.0,17.0,0.0,0.0,17.0,0.0,0.0,0.0,0.0,0.0,0.0,0.0,0.0,0.0,0.0,6.0,0.0,5.0,6.0,7.0,5.0,7.0,7.0,0.0,7.0,0.0,0.0,0.0,0.0,0.0,0.0,"Dec 31, 2018"
1467,2307156.0,27195.0,Baghdad,Karkh,Al Karkh-216,الكرخ-216,33.3328501753,44.3864055199,9.0,54.0,2.0,0.0,0.0,0.0,0.0,0.0,0.0,0.0,0.0,0.0,0.0,0.0,4.0,0.0,3.0,0.0,0.0,0.0,0.0,0.0,0.0,0.0,0.0,0.0,0.0,0.0,9.0,0.0,0.0,9.0,0.0,0.0,0.0,0.0,0.0,0.0,0.0,0.0,0.0,0.0,0.0,0.0,0.0,0.0,7.0,0.0,2.0,7.0,0.0,2.0,0.0,0.0,0.0,0.0,0.0,0.0,"Dec 31, 2018"
1468,2307157.0,27289.0,Baghdad,Karkh,Al Salahiya-222,الصالحية-222,33.3254204235,44.3902155334,21.0,126.0,5.0,0.0,0.0,0.0,0.0,0.0,0.0,0.0,0.0,0.0,0.0,0.0,14.0,0.0,2.0,0.0,0.0,0.0,0.0,0.0,0.0,0.0,0.0,0.0,0.0,0.0,21.0,0.0,0.0,21.0,0.0,0.0,0.0,0.0,0.0,0.0,0.0,0.0,0.0,0.0,4.0,0.0,5.0,4.0,5.0,5.0,3.0,5.0,2.0,3.0,2.0,2.0,0.0,2.0,0.0,0.0,"Dec 31, 2018"
1469,2307160.0,27409.0,Baghdad,Karkh,Al Saydia-835,السيدية-835,33.2327643054,44.3590827341,13.0,78.0,7.0,0.0,0.0,0.0,0.0,0.0,0.0,0.0,0.0,0.0,0.0,0.0,6.0,0.0,0.0,0.0,0.0,0.0,0.0,5.0,0.0,0.0,0.0,0.0,0.0,0.0,8.0,0.0,0.0,8.0,0.0,0.0,0.0,0.0,0.0,0.0,0.0,0.0,0.0,0.0,2.0,0.0,0.0,2.0,7.0,0.0,0.0,7.0,0.0,0.0,4.0,0.0,0.0,4.0,0.0,0.0,"Dec 31, 2018"
1470,2307161.0,27410.0,Baghdad,Karkh,Al Mechanic(Al Hader)-832,الميكانيك-832(الحضر),33.2366647104,44.3970183826,8.0,48.0,6.0,0.0,0.0,0.0,0.0,0.0,0.0,0.0,0.0,0.0,0.0,0.0,2.0,0.0,0.0,0.0,0.0,0.0,0.0,2.0,0.0,0.0,0.0,0.0,0.0,0.0,6.0,0.0,0.0,6.0,0.0,0.0,0.0,0.0,0.0,0.0,0.0,0.0,0.0,0.0,6.0,0.0,0.0,6.0,0.0,0.0,2.0,0.0,0.0,2.0,0.0,0.0,0.0,0.0,0.0,0.0,"Dec 31, 2018"
1471,2307162.0,27411.0,Baghdad,Karkh,Hay Al Jehad-891,حي الجهاد-891,33.262118123,44.2908822324,26.0,156.0,7.0,0.0,0.0,0.0,0.0,0.0,0.0,0.0,0.0,0.0,0.0,0.0,11.0,0.0,8.0,0.0,0.0,0.0,0.0,12.0,0.0,0.0,0.0,0.0,0.0,0.0,14.0,0.0,0.0,14.0,0.0,0.0,0.0,0.0,0.0,0.0,0.0,0.0,0.0,0.0,0.0,0.0,10.0,0.0,7.0,10.0,5.0,7.0,0.0,5.0,4.0,0.0,0.0,4.0,0.0,0.0,"Dec 31, 2018"
1472,2307163.0,27412.0,Baghdad,Karkh,Hay Al Jehad-879,حي الجهاد-879,33.257251219,44.2965940921,28.0,168.0,11.0,0.0,0.0,0.0,0.0,0.0,0.0,0.0,0.0,0.0,0.0,0.0,11.0,0.0,6.0,0.0,0.0,0.0,0.0,7.0,0.0,0.0,0.0,0.0,0.0,0.0,21.0,0.0,0.0,21.0,0.0,0.0,0.0,0.0,0.0,0.0,0.0,0.0,0.0,0.0,0.0,0.0,12.0,0.0,10.0,12.0,6.0,10.0,0.0,6.0,0.0,0.0,0.0,0.0,0.0,0.0,"Dec 31, 2018"
1473,2308001.0,25005.0,Baghdad,Mada'in,9 Nissan,9 نيسان,33.3041542429,44.6187557076,2.0,12.0,0.0,0.0,0.0,0.0,0.0,0.0,0.0,0.0,0.0,0.0,0.0,0.0,2.0,0.0,0.0,0.0,0.0,0.0,0.0,0.0,0.0,0.0,0.0,0.0,0.0,0.0,2.0,0.0,0.0,2.0,0.0,0.0,0.0,0.0,0.0,0.0,0.0,0.0,0.0,0.0,2.0,0.0,0.0,2.0,0.0,0.0,0.0,0.0,0.0,0.0,0.0,0.0,0.0,0.0,0.0,0.0,"Dec 31, 2018"
1474,2308002.0,25140.0,Baghdad,Mada'in,Abu Thaila Village,قرية ابو ثيلة,33.2592584891,44.6031489096,4.0,24.0,0.0,0.0,0.0,0.0,0.0,0.0,0.0,0.0,0.0,0.0,0.0,0.0,4.0,0.0,0.0,0.0,0.0,0.0,0.0,0.0,0.0,0.0,0.0,0.0,0.0,0.0,4.0,0.0,0.0,4.0,0.0,0.0,0.0,0.0,0.0,0.0,0.0,0.0,0.0,0.0,4.0,0.0,0.0,4.0,0.0,0.0,0.0,0.0,0.0,0.0,0.0,0.0,0.0,0.0,0.0,0.0,"Dec 31, 2018"
1475,2308004.0,25011.0,Baghdad,Mada'in,Al Ehsan Complex,مجمع الاحسان,33.2166760793,44.6015598874,19.0,114.0,0.0,0.0,0.0,0.0,0.0,0.0,0.0,0.0,0.0,0.0,0.0,0.0,19.0,0.0,0.0,0.0,0.0,0.0,0.0,0.0,0.0,0.0,0.0,0.0,0.0,0.0,19.0,0.0,0.0,19.0,0.0,0.0,0.0,0.0,0.0,0.0,0.0,0.0,4.0,0.0,12.0,4.0,0.0,12.0,3.0,0.0,0.0,3.0,0.0,0.0,0.0,0.0,0.0,0.0,0.0,0.0,"Dec 31, 2018"
1476,2308006.0,25006.0,Baghdad,Mada'in,Al Imam Al Redha Village,قرية الامام الرضا,33.3262599888,44.6279204308,2.0,12.0,0.0,0.0,0.0,0.0,0.0,0.0,0.0,0.0,0.0,0.0,0.0,0.0,2.0,0.0,0.0,0.0,0.0,0.0,0.0,0.0,0.0,0.0,0.0,0.0,0.0,0.0,2.0,0.0,0.0,2.0,0.0,0.0,0.0,0.0,0.0,0.0,0.0,0.0,0.0,0.0,2.0,0.0,0.0,2.0,0.0,0.0,0.0,0.0,0.0,0.0,0.0,0.0,0.0,0.0,0.0,0.0,"Dec 31, 2018"
1477,2308013.0,24996.0,Baghdad,Mada'in,Hay Al Murtha,حي المرتضى,33.3746741967,44.6982706303,3.0,18.0,0.0,0.0,0.0,0.0,0.0,3.0,0.0,0.0,0.0,0.0,0.0,0.0,0.0,0.0,0.0,0.0,0.0,0.0,0.0,0.0,0.0,0.0,0.0,0.0,0.0,0.0,3.0,0.0,0.0,3.0,0.0,0.0,0.0,0.0,0.0,0.0,0.0,0.0,0.0,0.0,0.0,0.0,3.0,0.0,0.0,3.0,0.0,0.0,0.0,0.0,0.0,0.0,0.0,0.0,0.0,0.0,"Dec 31, 2018"
1478,2308014.0,24997.0,Baghdad,Mada'in,Hay Al Taaf,حي الطف,33.3729225279,44.7023442976,2.0,12.0,0.0,0.0,0.0,0.0,0.0,0.0,0.0,0.0,0.0,0.0,0.0,0.0,2.0,0.0,0.0,0.0,0.0,0.0,0.0,0.0,0.0,0.0,0.0,0.0,0.0,0.0,2.0,0.0,0.0,2.0,0.0,0.0,0.0,0.0,0.0,0.0,0.0,0.0,0.0,0.0,2.0,0.0,0.0,2.0,0.0,0.0,0.0,0.0,0.0,0.0,0.0,0.0,0.0,0.0,0.0,0.0,"Dec 31, 2018"
1479,2308015.0,24998.0,Baghdad,Mada'in,Hay Al Mujtaba,حي المجتبى,33.3717336007,44.7030391925,2.0,12.0,0.0,0.0,0.0,0.0,0.0,0.0,0.0,0.0,0.0,0.0,0.0,0.0,2.0,0.0,0.0,0.0,0.0,0.0,0.0,2.0,0.0,0.0,0.0,0.0,0.0,0.0,0.0,0.0,0.0,0.0,0.0,0.0,0.0,0.0,0.0,0.0,0.0,0.0,0.0,0.0,2.0,0.0,0.0,2.0,0.0,0.0,0.0,0.0,0.0,0.0,0.0,0.0,0.0,0.0,0.0,0.0,"Dec 31, 2018"
1480,2308016.0,24999.0,Baghdad,Mada'in,Hay Haethm Al Zaidy,حي هيثم الزيدي,33.3703197813,44.6793010841,3.0,18.0,0.0,0.0,0.0,0.0,0.0,0.0,0.0,0.0,0.0,0.0,0.0,0.0,3.0,0.0,0.0,0.0,0.0,0.0,0.0,3.0,0.0,0.0,0.0,0.0,0.0,0.0,0.0,0.0,0.0,0.0,0.0,0.0,0.0,0.0,0.0,0.0,0.0,0.0,0.0,0.0,3.0,0.0,0.0,3.0,0.0,0.0,0.0,0.0,0.0,0.0,0.0,0.0,0.0,0.0,0.0,0.0,"Dec 31, 2018"
1481,2308021.0,25130.0,Baghdad,Mada'in,Al Wehda-Village 10,الوحده-القرية 10,33.2504537323,44.6082688618,10.0,60.0,0.0,0.0,0.0,0.0,0.0,2.0,0.0,0.0,0.0,0.0,0.0,0.0,6.0,0.0,2.0,0.0,0.0,0.0,0.0,2.0,0.0,0.0,0.0,0.0,0.0,0.0,8.0,0.0,0.0,8.0,0.0,0.0,0.0,0.0,0.0,0.0,0.0,0.0,2.0,0.0,3.0,2.0,5.0,3.0,0.0,5.0,0.0,0.0,0.0,0.0,0.0,0.0,0.0,0.0,0.0,0.0,"Dec 31, 2018"
1482,2308023.0,25832.0,Baghdad,Mada'in,Al Arefia,العريفية,33.2357045193,44.5244231129,4.0,24.0,2.0,0.0,0.0,0.0,0.0,2.0,0.0,0.0,0.0,0.0,0.0,0.0,0.0,0.0,0.0,0.0,0.0,0.0,0.0,2.0,0.0,0.0,0.0,0.0,0.0,0.0,2.0,0.0,0.0,2.0,0.0,0.0,0.0,0.0,0.0,0.0,0.0,0.0,0.0,0.0,2.0,0.0,2.0,2.0,0.0,2.0,0.0,0.0,0.0,0.0,0.0,0.0,0.0,0.0,0.0,0.0,"Dec 31, 2018"
1483,2308024.0,25834.0,Baghdad,Mada'in,Al Karagolia,الكرغولية,33.2871018851,44.5428884347,3.0,18.0,0.0,0.0,0.0,0.0,0.0,0.0,0.0,0.0,0.0,0.0,0.0,0.0,3.0,0.0,0.0,0.0,0.0,0.0,0.0,0.0,0.0,0.0,0.0,0.0,0.0,0.0,3.0,0.0,0.0,3.0,0.0,0.0,0.0,0.0,0.0,0.0,0.0,0.0,0.0,0.0,3.0,0.0,0.0,3.0,0.0,0.0,0.0,0.0,0.0,0.0,0.0,0.0,0.0,0.0,0.0,0.0,"Dec 31, 2018"
1484,2308025.0,7546.0,Baghdad,Mada'in,Al Reyad,الرياض,33.2288021799,44.5324258319,3.0,18.0,0.0,0.0,0.0,0.0,0.0,0.0,0.0,0.0,0.0,0.0,0.0,0.0,3.0,0.0,0.0,0.0,0.0,0.0,0.0,0.0,0.0,0.0,0.0,0.0,0.0,0.0,3.0,0.0,0.0,3.0,0.0,0.0,0.0,0.0,0.0,0.0,0.0,0.0,0.0,0.0,3.0,0.0,0.0,3.0,0.0,0.0,0.0,0.0,0.0,0.0,0.0,0.0,0.0,0.0,0.0,0.0,"Dec 31, 2018"
1485,2308026.0,7668.0,Baghdad,Mada'in,Al Samadia,الصمدية,33.1906445163,44.545932644,3.0,18.0,0.0,0.0,0.0,0.0,0.0,0.0,0.0,0.0,0.0,0.0,0.0,0.0,3.0,0.0,0.0,0.0,0.0,0.0,0.0,3.0,0.0,0.0,0.0,0.0,0.0,0.0,0.0,0.0,0.0,0.0,0.0,0.0,0.0,0.0,0.0,0.0,0.0,0.0,0.0,0.0,3.0,0.0,0.0,3.0,0.0,0.0,0.0,0.0,0.0,0.0,0.0,0.0,0.0,0.0,0.0,0.0,"Dec 31, 2018"
1486,2308027.0,25833.0,Baghdad,Mada'in,Al Tuwetha,التويثة,33.1981747039,44.5446568822,2.0,12.0,0.0,0.0,0.0,0.0,0.0,2.0,0.0,0.0,0.0,0.0,0.0,0.0,0.0,0.0,0.0,0.0,0.0,0.0,0.0,2.0,0.0,0.0,0.0,0.0,0.0,0.0,0.0,0.0,0.0,0.0,0.0,0.0,0.0,0.0,0.0,0.0,0.0,0.0,0.0,0.0,2.0,0.0,0.0,2.0,0.0,0.0,0.0,0.0,0.0,0.0,0.0,0.0,0.0,0.0,0.0,0.0,"Dec 31, 2018"
1487,2308028.0,7547.0,Baghdad,Mada'in,Al Wardia,الوردية,33.1825448322,44.5425695586,2.0,12.0,0.0,0.0,0.0,0.0,0.0,2.0,0.0,0.0,0.0,0.0,0.0,0.0,0.0,0.0,0.0,0.0,0.0,0.0,0.0,0.0,0.0,0.0,0.0,0.0,0.0,0.0,2.0,0.0,0.0,2.0,0.0,0.0,0.0,0.0,0.0,0.0,0.0,0.0,0.0,0.0,2.0,0.0,0.0,2.0,0.0,0.0,0.0,0.0,0.0,0.0,0.0,0.0,0.0,0.0,0.0,0.0,"Dec 31, 2018"
1488,2308031.0,25839.0,Baghdad,Mada'in,Hay Al Salam,حي السلام,33.2247018909,44.5196838211,4.0,24.0,0.0,0.0,0.0,0.0,0.0,0.0,0.0,0.0,0.0,0.0,0.0,0.0,3.0,0.0,1.0,0.0,0.0,0.0,0.0,4.0,0.0,0.0,0.0,0.0,0.0,0.0,0.0,0.0,0.0,0.0,0.0,0.0,0.0,0.0,0.0,0.0,0.0,0.0,0.0,0.0,0.0,0.0,4.0,0.0,0.0,4.0,0.0,0.0,0.0,0.0,0.0,0.0,0.0,0.0,0.0,0.0,"Dec 31, 2018"
1489,2308032.0,25836.0,Baghdad,Mada'in,Juref Al Nadaaf,جرف النداف,33.2725730413,44.5468647695,4.0,24.0,0.0,0.0,0.0,0.0,0.0,0.0,0.0,0.0,0.0,0.0,0.0,0.0,4.0,0.0,0.0,0.0,0.0,0.0,0.0,4.0,0.0,0.0,0.0,0.0,0.0,0.0,0.0,0.0,0.0,0.0,0.0,0.0,0.0,0.0,0.0,0.0,0.0,0.0,0.0,0.0,4.0,0.0,0.0,4.0,0.0,0.0,0.0,0.0,0.0,0.0,0.0,0.0,0.0,0.0,0.0,0.0,"Dec 31, 2018"
1490,2308033.0,25138.0,Baghdad,Mada'in,Al-Murtadha Village,قرية المرتضى,33.246560684,44.6021153495,5.0,30.0,0.0,0.0,0.0,0.0,0.0,1.0,0.0,0.0,0.0,0.0,0.0,0.0,4.0,0.0,0.0,0.0,0.0,0.0,0.0,0.0,0.0,0.0,0.0,0.0,0.0,0.0,5.0,0.0,0.0,5.0,0.0,0.0,0.0,0.0,0.0,0.0,0.0,0.0,0.0,0.0,4.0,0.0,0.0,4.0,1.0,0.0,0.0,1.0,0.0,0.0,0.0,0.0,0.0,0.0,0.0,0.0,"Dec 31, 2018"
1491,2308034.0,24760.0,Baghdad,Mada'in,Al-Nabi Younis,مخيم النبي يونس,33.3634552847,44.6620306978,64.0,384.0,3.0,0.0,0.0,0.0,0.0,0.0,0.0,0.0,0.0,0.0,0.0,0.0,61.0,0.0,0.0,0.0,0.0,0.0,64.0,0.0,0.0,0.0,0.0,0.0,0.0,0.0,0.0,0.0,0.0,0.0,0.0,0.0,0.0,0.0,0.0,0.0,0.0,0.0,0.0,0.0,57.0,0.0,3.0,57.0,4.0,3.0,0.0,4.0,0.0,0.0,0.0,0.0,0.0,0.0,0.0,0.0,"Dec 31, 2018"
1492,2308044.0,25835.0,Baghdad,Mada'in,Hay Ali Al kaaby,حي علي الكعبي,33.2170097083,44.5424117825,4.0,24.0,0.0,0.0,0.0,0.0,0.0,2.0,0.0,0.0,0.0,0.0,0.0,0.0,0.0,0.0,2.0,0.0,0.0,0.0,0.0,0.0,0.0,0.0,0.0,0.0,0.0,0.0,4.0,0.0,0.0,4.0,0.0,0.0,0.0,0.0,0.0,0.0,0.0,0.0,0.0,0.0,2.0,0.0,0.0,2.0,2.0,0.0,0.0,2.0,0.0,0.0,0.0,0.0,0.0,0.0,0.0,0.0,"Dec 31, 2018"
1493,2308045.0,21298.0,Baghdad,Mada'in,Hay Al-Muntathar,حي المنتظر,33.2258128141,44.5304806748,2.0,12.0,0.0,0.0,0.0,0.0,0.0,0.0,0.0,0.0,0.0,0.0,0.0,0.0,2.0,0.0,0.0,0.0,0.0,0.0,0.0,0.0,0.0,0.0,0.0,0.0,0.0,0.0,2.0,0.0,0.0,2.0,0.0,0.0,0.0,0.0,0.0,0.0,0.0,0.0,0.0,0.0,2.0,0.0,0.0,2.0,0.0,0.0,0.0,0.0,0.0,0.0,0.0,0.0,0.0,0.0,0.0,0.0,"Dec 31, 2018"
1494,2308050.0,25133.0,Baghdad,Mada'in,Hay Al Huda,حي الهدى,33.1,44.697,2.0,12.0,0.0,0.0,0.0,0.0,0.0,0.0,0.0,0.0,0.0,0.0,0.0,0.0,2.0,0.0,0.0,0.0,0.0,0.0,0.0,0.0,0.0,0.0,0.0,0.0,0.0,0.0,2.0,0.0,0.0,2.0,0.0,0.0,0.0,0.0,0.0,0.0,0.0,0.0,0.0,0.0,2.0,0.0,0.0,2.0,0.0,0.0,0.0,0.0,0.0,0.0,0.0,0.0,0.0,0.0,0.0,0.0,"Dec 31, 2018"
1495,2308052.0,27393.0,Baghdad,Mada'in,Hay Al Farwk,حي الفاروق,33.2214672985,44.5288029075,4.0,24.0,0.0,0.0,0.0,0.0,0.0,3.0,0.0,0.0,0.0,0.0,0.0,0.0,1.0,0.0,0.0,0.0,0.0,0.0,0.0,2.0,0.0,0.0,0.0,0.0,0.0,0.0,2.0,0.0,0.0,2.0,0.0,0.0,0.0,0.0,0.0,0.0,0.0,0.0,0.0,0.0,4.0,0.0,0.0,4.0,0.0,0.0,0.0,0.0,0.0,0.0,0.0,0.0,0.0,0.0,0.0,0.0,"Dec 31, 2018"
1496,2308053.0,7680.0,Baghdad,Mada'in,Hay al Qadsiya ,حي القادسية,33.0990816252,44.5872016915,8.0,48.0,0.0,0.0,0.0,0.0,0.0,3.0,0.0,0.0,0.0,0.0,0.0,0.0,5.0,0.0,0.0,0.0,0.0,0.0,0.0,0.0,0.0,0.0,0.0,0.0,0.0,0.0,8.0,0.0,0.0,8.0,0.0,0.0,0.0,0.0,0.0,0.0,0.0,0.0,0.0,0.0,8.0,0.0,0.0,8.0,0.0,0.0,0.0,0.0,0.0,0.0,0.0,0.0,0.0,0.0,0.0,0.0,"Dec 31, 2018"
1497,2308054.0,27416.0,Baghdad,Mada'in,Jaara,جعارة,33.167482748,44.5653347939,8.0,48.0,2.0,0.0,0.0,0.0,0.0,2.0,0.0,0.0,0.0,0.0,0.0,0.0,4.0,0.0,0.0,0.0,0.0,0.0,0.0,5.0,0.0,0.0,0.0,0.0,0.0,0.0,3.0,0.0,0.0,3.0,0.0,0.0,0.0,0.0,0.0,0.0,0.0,0.0,0.0,0.0,6.0,0.0,0.0,6.0,2.0,0.0,0.0,2.0,0.0,0.0,0.0,0.0,0.0,0.0,0.0,0.0,"Dec 31, 2018"
1498,2308055.0,27417.0,Baghdad,Mada'in,Hay Al Arooba,حي العروبة,33.1187091296,44.5761041587,7.0,42.0,0.0,0.0,0.0,0.0,0.0,0.0,0.0,0.0,0.0,0.0,0.0,0.0,7.0,0.0,0.0,0.0,0.0,0.0,0.0,4.0,0.0,0.0,0.0,0.0,0.0,0.0,3.0,0.0,0.0,3.0,0.0,0.0,0.0,0.0,0.0,0.0,0.0,0.0,0.0,0.0,7.0,0.0,0.0,7.0,0.0,0.0,0.0,0.0,0.0,0.0,0.0,0.0,0.0,0.0,0.0,0.0,"Dec 31, 2018"
1499,2308056.0,27418.0,Baghdad,Mada'in,Hay al Jamaiya,حي الجمعية,33.1052714115,44.5751077523,8.0,48.0,0.0,0.0,0.0,0.0,0.0,0.0,0.0,0.0,0.0,0.0,0.0,0.0,8.0,0.0,0.0,0.0,0.0,0.0,0.0,8.0,0.0,0.0,0.0,0.0,0.0,0.0,0.0,0.0,0.0,0.0,0.0,0.0,0.0,0.0,0.0,0.0,0.0,0.0,0.0,0.0,8.0,0.0,0.0,8.0,0.0,0.0,0.0,0.0,0.0,0.0,0.0,0.0,0.0,0.0,0.0,0.0,"Dec 31, 2018"
1500,2309001.0,23618.0,Baghdad,Mahmoudiya,14 Tamooz,حي 14 تموز,32.962569187,44.3553264027,87.0,522.0,4.0,83.0,0.0,0.0,0.0,0.0,0.0,0.0,0.0,0.0,0.0,0.0,0.0,0.0,0.0,0.0,0.0,0.0,0.0,26.0,0.0,0.0,0.0,0.0,0.0,0.0,48.0,0.0,0.0,48.0,0.0,0.0,0.0,0.0,13.0,0.0,0.0,13.0,0.0,0.0,0.0,0.0,47.0,0.0,32.0,47.0,4.0,32.0,0.0,4.0,4.0,0.0,0.0,4.0,0.0,0.0,"Dec 31, 2018"
1501,2309005.0,25150.0,Baghdad,Mahmoudiya,Al Latefia-Al Qadessia,اللطيفية-حي القادسية,32.9704056974,44.3533154638,155.0,930.0,0.0,142.0,13.0,0.0,0.0,0.0,0.0,0.0,0.0,0.0,0.0,0.0,0.0,0.0,0.0,0.0,0.0,0.0,0.0,94.0,0.0,5.0,0.0,0.0,5.0,0.0,56.0,0.0,0.0,56.0,0.0,0.0,0.0,0.0,0.0,0.0,0.0,0.0,0.0,0.0,13.0,0.0,122.0,13.0,11.0,122.0,9.0,11.0,0.0,9.0,0.0,0.0,0.0,0.0,0.0,0.0,"Dec 31, 2018"
1502,2309006.0,25149.0,Baghdad,Mahmoudiya,Al Latefia-Al Salam,اللطيفية-السلام,32.9996253435,44.3611122427,92.0,552.0,0.0,84.0,8.0,0.0,0.0,0.0,0.0,0.0,0.0,0.0,0.0,0.0,0.0,0.0,0.0,0.0,0.0,0.0,0.0,74.0,0.0,0.0,0.0,0.0,0.0,0.0,18.0,0.0,0.0,18.0,0.0,0.0,0.0,0.0,0.0,0.0,0.0,0.0,0.0,0.0,10.0,0.0,57.0,10.0,25.0,57.0,0.0,25.0,0.0,0.0,0.0,0.0,0.0,0.0,0.0,0.0,"Dec 31, 2018"
1503,2309007.0,7615.0,Baghdad,Mahmoudiya,Hay Al-Askary,حي العسكري,33.0071134063,44.3662616747,32.0,192.0,0.0,32.0,0.0,0.0,0.0,0.0,0.0,0.0,0.0,0.0,0.0,0.0,0.0,0.0,0.0,0.0,0.0,0.0,0.0,22.0,0.0,0.0,0.0,0.0,0.0,0.0,10.0,0.0,0.0,10.0,0.0,0.0,0.0,0.0,0.0,0.0,0.0,0.0,0.0,0.0,5.0,0.0,10.0,5.0,17.0,10.0,0.0,17.0,0.0,0.0,0.0,0.0,0.0,0.0,0.0,0.0,"Dec 31, 2018"
1504,2309008.0,25152.0,Baghdad,Mahmoudiya,Kilo 18,كيلو 18,32.9632734078,44.3630610646,170.0,1020.0,0.0,170.0,0.0,0.0,0.0,0.0,0.0,0.0,0.0,0.0,0.0,0.0,0.0,0.0,0.0,0.0,0.0,0.0,0.0,100.0,0.0,0.0,0.0,0.0,0.0,0.0,70.0,0.0,0.0,70.0,0.0,0.0,0.0,0.0,0.0,0.0,0.0,0.0,0.0,0.0,0.0,0.0,112.0,0.0,58.0,112.0,0.0,58.0,0.0,0.0,0.0,0.0,0.0,0.0,0.0,0.0,"Dec 31, 2018"
1505,2309009.0,25154.0,Baghdad,Mahmoudiya,Kilo 25,كيلو 25,32.9482174673,44.3710636391,20.0,120.0,2.0,18.0,0.0,0.0,0.0,0.0,0.0,0.0,0.0,0.0,0.0,0.0,0.0,0.0,0.0,0.0,0.0,0.0,0.0,18.0,0.0,0.0,0.0,0.0,0.0,0.0,2.0,0.0,0.0,2.0,0.0,0.0,0.0,0.0,0.0,0.0,0.0,0.0,0.0,0.0,0.0,0.0,4.0,0.0,14.0,4.0,2.0,14.0,0.0,2.0,0.0,0.0,0.0,0.0,0.0,0.0,"Dec 31, 2018"
1506,2309010.0,25153.0,Baghdad,Mahmoudiya,Kilo 31,كيلو 31,32.9171407669,44.3996682648,6.0,36.0,0.0,6.0,0.0,0.0,0.0,0.0,0.0,0.0,0.0,0.0,0.0,0.0,0.0,0.0,0.0,0.0,0.0,0.0,0.0,6.0,0.0,0.0,0.0,0.0,0.0,0.0,0.0,0.0,0.0,0.0,0.0,0.0,0.0,0.0,0.0,0.0,0.0,0.0,0.0,0.0,0.0,0.0,6.0,0.0,0.0,6.0,0.0,0.0,0.0,0.0,0.0,0.0,0.0,0.0,0.0,0.0,"Dec 31, 2018"
1507,2309011.0,25155.0,Baghdad,Mahmoudiya,Tell Al Sumer village,قرية تل السمر,33.065538931,44.4977181376,11.0,66.0,0.0,11.0,0.0,0.0,0.0,0.0,0.0,0.0,0.0,0.0,0.0,0.0,0.0,0.0,0.0,0.0,0.0,0.0,0.0,11.0,0.0,0.0,0.0,0.0,0.0,0.0,0.0,0.0,0.0,0.0,0.0,0.0,0.0,0.0,0.0,0.0,0.0,0.0,0.0,0.0,0.0,0.0,11.0,0.0,0.0,11.0,0.0,0.0,0.0,0.0,0.0,0.0,0.0,0.0,0.0,0.0,"Dec 31, 2018"
1508,2309013.0,25141.0,Baghdad,Mahmoudiya,Al Qaser Al Wsat Area-Hai Al Jameia,القصر والوسط-حي الجمعية,33.0820647758,44.257996364,12.0,72.0,8.0,4.0,0.0,0.0,0.0,0.0,0.0,0.0,0.0,0.0,0.0,0.0,0.0,0.0,0.0,0.0,0.0,0.0,0.0,5.0,0.0,0.0,0.0,0.0,0.0,0.0,7.0,0.0,0.0,7.0,0.0,0.0,0.0,0.0,0.0,0.0,0.0,0.0,8.0,0.0,0.0,8.0,0.0,0.0,4.0,0.0,0.0,4.0,0.0,0.0,0.0,0.0,0.0,0.0,0.0,0.0,"Dec 31, 2018"
1509,2309015.0,25775.0,Baghdad,Mahmoudiya,Al Wahda Camp,مخيم الوحدة,33.11239997,44.37857119,24.0,144.0,21.0,1.0,0.0,0.0,0.0,0.0,0.0,0.0,0.0,0.0,0.0,0.0,1.0,0.0,1.0,0.0,0.0,0.0,24.0,0.0,0.0,0.0,0.0,0.0,0.0,0.0,0.0,0.0,0.0,0.0,0.0,0.0,0.0,0.0,0.0,0.0,0.0,0.0,0.0,0.0,0.0,0.0,1.0,0.0,4.0,1.0,0.0,4.0,0.0,0.0,11.0,0.0,8.0,11.0,8.0,0.0,"Dec 31, 2018"
1510,2309016.0,23578.0,Baghdad,Mahmoudiya,Al Adwaniya,العدوانية,33.1430257621,44.3866620885,14.0,84.0,9.0,0.0,0.0,0.0,0.0,0.0,0.0,0.0,0.0,0.0,0.0,0.0,0.0,0.0,5.0,0.0,0.0,0.0,0.0,4.0,0.0,0.0,0.0,0.0,0.0,0.0,10.0,0.0,0.0,10.0,0.0,0.0,0.0,0.0,0.0,0.0,0.0,0.0,5.0,0.0,0.0,5.0,5.0,0.0,0.0,5.0,4.0,0.0,0.0,4.0,0.0,0.0,0.0,0.0,0.0,0.0,"Dec 31, 2018"
1511,2309017.0,24121.0,Baghdad,Mahmoudiya,Hay Al Modhafeen-210,حي الموظفين-210,33.0638450598,44.3599770294,7.0,42.0,0.0,1.0,0.0,0.0,0.0,0.0,0.0,0.0,0.0,0.0,0.0,0.0,4.0,0.0,2.0,0.0,0.0,0.0,0.0,3.0,0.0,0.0,0.0,0.0,0.0,0.0,4.0,0.0,0.0,4.0,0.0,0.0,0.0,0.0,0.0,0.0,0.0,0.0,0.0,0.0,4.0,0.0,0.0,4.0,3.0,0.0,0.0,3.0,0.0,0.0,0.0,0.0,0.0,0.0,0.0,0.0,"Dec 31, 2018"
1512,2309019.0,24091.0,Baghdad,Mahmoudiya,Hay Al-Rubaiy-204,حي الربيعي-204,33.052740879,44.3591775005,7.0,42.0,4.0,0.0,1.0,0.0,0.0,0.0,0.0,0.0,0.0,0.0,0.0,0.0,2.0,0.0,0.0,0.0,0.0,0.0,0.0,0.0,0.0,0.0,0.0,0.0,0.0,0.0,7.0,0.0,0.0,7.0,0.0,0.0,0.0,0.0,0.0,0.0,0.0,0.0,0.0,0.0,1.0,0.0,2.0,1.0,0.0,2.0,4.0,0.0,0.0,4.0,0.0,0.0,0.0,0.0,0.0,0.0,"Dec 31, 2018"
1513,2309021.0,7754.0,Baghdad,Mahmoudiya,Biyar Al-Hamam,مقاطعة بير الحمام,33.081422651,44.2563018659,15.0,90.0,0.0,15.0,0.0,0.0,0.0,0.0,0.0,0.0,0.0,0.0,0.0,0.0,0.0,0.0,0.0,0.0,0.0,0.0,0.0,15.0,0.0,0.0,0.0,0.0,0.0,0.0,0.0,0.0,0.0,0.0,0.0,0.0,0.0,0.0,0.0,0.0,0.0,0.0,0.0,0.0,0.0,0.0,15.0,0.0,0.0,15.0,0.0,0.0,0.0,0.0,0.0,0.0,0.0,0.0,0.0,0.0,"Dec 31, 2018"
1514,2309022.0,25145.0,Baghdad,Mahmoudiya,Dereia w Um Mahar,مقاطعة ديرية وأم محار,33.0912533382,44.2836061763,9.0,54.0,2.0,7.0,0.0,0.0,0.0,0.0,0.0,0.0,0.0,0.0,0.0,0.0,0.0,0.0,0.0,0.0,0.0,0.0,0.0,2.0,0.0,0.0,0.0,0.0,0.0,0.0,7.0,0.0,0.0,7.0,0.0,0.0,0.0,0.0,0.0,0.0,0.0,0.0,0.0,0.0,0.0,0.0,4.0,0.0,5.0,4.0,0.0,5.0,0.0,0.0,0.0,0.0,0.0,0.0,0.0,0.0,"Dec 31, 2018"
1515,2309027.0,21463.0,Baghdad,Mahmoudiya,Hay Al Mazraa,حي المزرعة ,33.0020125861,44.3659542604,37.0,222.0,0.0,33.0,4.0,0.0,0.0,0.0,0.0,0.0,0.0,0.0,0.0,0.0,0.0,0.0,0.0,0.0,0.0,0.0,0.0,7.0,0.0,0.0,0.0,0.0,0.0,0.0,19.0,0.0,0.0,19.0,0.0,0.0,0.0,0.0,11.0,0.0,0.0,11.0,0.0,0.0,0.0,0.0,37.0,0.0,0.0,37.0,0.0,0.0,0.0,0.0,0.0,0.0,0.0,0.0,0.0,0.0,"Dec 31, 2018"
1516,2309028.0,7616.0,Baghdad,Mahmoudiya,Hay Al-Sajjad,حي السجاد,33.0815855922,44.2526505746,4.0,24.0,0.0,4.0,0.0,0.0,0.0,0.0,0.0,0.0,0.0,0.0,0.0,0.0,0.0,0.0,0.0,0.0,0.0,0.0,0.0,4.0,0.0,0.0,0.0,0.0,0.0,0.0,0.0,0.0,0.0,0.0,0.0,0.0,0.0,0.0,0.0,0.0,0.0,0.0,4.0,0.0,0.0,4.0,0.0,0.0,0.0,0.0,0.0,0.0,0.0,0.0,0.0,0.0,0.0,0.0,0.0,0.0,"Dec 31, 2018"
1517,2309030.0,7733.0,Baghdad,Mahmoudiya,Hay Al Zuhoor,حي الزهور,32.9673387036,44.3638803818,75.0,450.0,0.0,69.0,6.0,0.0,0.0,0.0,0.0,0.0,0.0,0.0,0.0,0.0,0.0,0.0,0.0,0.0,0.0,0.0,0.0,23.0,0.0,0.0,0.0,0.0,0.0,0.0,42.0,0.0,0.0,42.0,0.0,0.0,0.0,0.0,10.0,0.0,0.0,10.0,0.0,0.0,0.0,0.0,27.0,0.0,48.0,27.0,0.0,48.0,0.0,0.0,0.0,0.0,0.0,0.0,0.0,0.0,"Dec 31, 2018"
1518,2309031.0,25936.0,Baghdad,Mahmoudiya,Al Radhwania Al Sharkia-Obaid Al Saher Village,الرضوانية الشرقية-قرية عبيد الساهر,33.2162308953,44.1670154364,5.0,30.0,0.0,5.0,0.0,0.0,0.0,0.0,0.0,0.0,0.0,0.0,0.0,0.0,0.0,0.0,0.0,0.0,0.0,0.0,0.0,5.0,0.0,0.0,0.0,0.0,0.0,0.0,0.0,0.0,0.0,0.0,0.0,0.0,0.0,0.0,0.0,0.0,0.0,0.0,0.0,0.0,0.0,0.0,0.0,0.0,5.0,0.0,0.0,5.0,0.0,0.0,0.0,0.0,0.0,0.0,0.0,0.0,"Dec 31, 2018"
1519,2309041.0,7753.0,Baghdad,Mahmoudiya,Al Zahraa Complex,مجمع الزهراء,33.0748362861,44.343705484,4.0,24.0,2.0,0.0,0.0,0.0,0.0,0.0,0.0,0.0,0.0,0.0,0.0,0.0,2.0,0.0,0.0,0.0,0.0,0.0,0.0,2.0,0.0,0.0,0.0,0.0,0.0,0.0,2.0,0.0,0.0,2.0,0.0,0.0,0.0,0.0,0.0,0.0,0.0,0.0,0.0,0.0,2.0,0.0,0.0,2.0,0.0,0.0,2.0,0.0,0.0,2.0,0.0,0.0,0.0,0.0,0.0,0.0,"Dec 31, 2018"
1520,2309042.0,7758.0,Baghdad,Mahmoudiya,Hay Bader,حي بدر,33.0921367953,44.3697493617,5.0,30.0,2.0,1.0,0.0,0.0,0.0,0.0,0.0,0.0,0.0,0.0,0.0,0.0,0.0,0.0,2.0,0.0,0.0,0.0,0.0,0.0,0.0,0.0,0.0,0.0,0.0,0.0,5.0,0.0,0.0,5.0,0.0,0.0,0.0,0.0,0.0,0.0,0.0,0.0,2.0,0.0,0.0,2.0,0.0,0.0,3.0,0.0,0.0,3.0,0.0,0.0,0.0,0.0,0.0,0.0,0.0,0.0,"Dec 31, 2018"
1521,2309044.0,27252.0,Baghdad,Mahmoudiya,Hay Al Rasul,حي الرسول,33.0466755325,44.3582342323,8.0,48.0,2.0,1.0,2.0,0.0,0.0,0.0,0.0,0.0,0.0,0.0,0.0,0.0,0.0,0.0,3.0,0.0,0.0,0.0,0.0,2.0,0.0,0.0,0.0,0.0,0.0,0.0,6.0,0.0,0.0,6.0,0.0,0.0,0.0,0.0,0.0,0.0,0.0,0.0,0.0,0.0,2.0,0.0,0.0,2.0,1.0,0.0,5.0,1.0,0.0,5.0,0.0,0.0,0.0,0.0,0.0,0.0,"Dec 31, 2018"
1522,2309045.0,27253.0,Baghdad,Mahmoudiya,Al sajad Complex,مجمع السجاد,33.0724988589,44.3551557387,3.0,18.0,0.0,0.0,0.0,0.0,0.0,0.0,0.0,0.0,0.0,0.0,0.0,0.0,1.0,0.0,2.0,0.0,0.0,0.0,0.0,0.0,0.0,0.0,0.0,0.0,0.0,0.0,3.0,0.0,0.0,3.0,0.0,0.0,0.0,0.0,0.0,0.0,0.0,0.0,0.0,0.0,0.0,0.0,1.0,0.0,2.0,1.0,0.0,2.0,0.0,0.0,0.0,0.0,0.0,0.0,0.0,0.0,"Dec 31, 2018"
1523,2309047.0,27321.0,Baghdad,Mahmoudiya,Hay Al-Zaahraa,حي الزهراء,33.1152606388,44.3683596789,8.0,48.0,1.0,5.0,1.0,0.0,0.0,0.0,0.0,0.0,0.0,0.0,0.0,0.0,0.0,0.0,1.0,0.0,0.0,0.0,0.0,0.0,0.0,0.0,0.0,0.0,0.0,0.0,8.0,0.0,0.0,8.0,0.0,0.0,0.0,0.0,0.0,0.0,0.0,0.0,0.0,0.0,0.0,0.0,7.0,0.0,0.0,7.0,1.0,0.0,0.0,1.0,0.0,0.0,0.0,0.0,0.0,0.0,"Dec 31, 2018"
1524,2309048.0,27322.0,Baghdad,Mahmoudiya,Hay Al-Zayton,حي الزيتون,33.1249150774,44.3656374187,1.0,6.0,0.0,0.0,1.0,0.0,0.0,0.0,0.0,0.0,0.0,0.0,0.0,0.0,0.0,0.0,0.0,0.0,0.0,0.0,0.0,0.0,0.0,0.0,0.0,0.0,0.0,0.0,1.0,0.0,0.0,1.0,0.0,0.0,0.0,0.0,0.0,0.0,0.0,0.0,0.0,0.0,0.0,0.0,0.0,0.0,1.0,0.0,0.0,1.0,0.0,0.0,0.0,0.0,0.0,0.0,0.0,0.0,"Dec 31, 2018"
1525,2309049.0,27323.0,Baghdad,Mahmoudiya,Al-Zanbrania,الزنبرانية,33.106951,44.499209,2.0,12.0,2.0,0.0,0.0,0.0,0.0,0.0,0.0,0.0,0.0,0.0,0.0,0.0,0.0,0.0,0.0,0.0,0.0,0.0,0.0,0.0,0.0,0.0,0.0,0.0,0.0,0.0,2.0,0.0,0.0,2.0,0.0,0.0,0.0,0.0,0.0,0.0,0.0,0.0,2.0,0.0,0.0,2.0,0.0,0.0,0.0,0.0,0.0,0.0,0.0,0.0,0.0,0.0,0.0,0.0,0.0,0.0,"Dec 31, 2018"
1526,2309050.0,27324.0,Baghdad,Mahmoudiya,Kuwaresh,كويريش,33.1790614401,44.3656843587,9.0,54.0,4.0,0.0,0.0,0.0,0.0,0.0,0.0,0.0,0.0,0.0,0.0,0.0,2.0,0.0,3.0,0.0,0.0,0.0,0.0,3.0,0.0,0.0,0.0,0.0,0.0,0.0,6.0,0.0,0.0,6.0,0.0,0.0,0.0,0.0,0.0,0.0,0.0,0.0,0.0,0.0,0.0,0.0,3.0,0.0,2.0,3.0,2.0,2.0,2.0,2.0,0.0,2.0,0.0,0.0,0.0,0.0,"Dec 31, 2018"
1527,2309051.0,7752.0,Baghdad,Mahmoudiya,Hay Al-Salam,حي السلام,33.1640307,44.36094823,1.0,6.0,0.0,0.0,1.0,0.0,0.0,0.0,0.0,0.0,0.0,0.0,0.0,0.0,0.0,0.0,0.0,0.0,0.0,0.0,0.0,0.0,0.0,0.0,0.0,0.0,0.0,0.0,1.0,0.0,0.0,1.0,0.0,0.0,0.0,0.0,0.0,0.0,0.0,0.0,1.0,0.0,0.0,1.0,0.0,0.0,0.0,0.0,0.0,0.0,0.0,0.0,0.0,0.0,0.0,0.0,0.0,0.0,"Dec 31, 2018"
1528,2309052.0,7364.0,Baghdad,Mahmoudiya,Sader Al Yousfiya,صدر اليوسفية,33.111884291,44.1809879489,25.0,150.0,18.0,7.0,0.0,0.0,0.0,0.0,0.0,0.0,0.0,0.0,0.0,0.0,0.0,0.0,0.0,0.0,0.0,0.0,0.0,5.0,0.0,2.0,0.0,0.0,2.0,0.0,17.0,0.0,0.0,17.0,0.0,0.0,1.0,0.0,0.0,1.0,0.0,0.0,0.0,0.0,0.0,0.0,0.0,0.0,0.0,0.0,25.0,0.0,0.0,25.0,0.0,0.0,0.0,0.0,0.0,0.0,"Dec 31, 2018"
1529,2309054.0,28403.0,Baghdad,Mahmoudiya,Al-Rasheed-14 Tamoz,الرشيد-14 تموز,33.1199528326,44.3694980249,2.0,12.0,0.0,0.0,2.0,0.0,0.0,0.0,0.0,0.0,0.0,0.0,0.0,0.0,0.0,0.0,0.0,0.0,0.0,0.0,0.0,0.0,0.0,0.0,0.0,0.0,0.0,0.0,2.0,0.0,0.0,2.0,0.0,0.0,0.0,0.0,0.0,0.0,0.0,0.0,0.0,0.0,0.0,0.0,0.0,0.0,2.0,0.0,0.0,2.0,0.0,0.0,0.0,0.0,0.0,0.0,0.0,0.0,"Dec 31, 2018"
1530,2309068.0,29523.0,Baghdad,Mahmoudiya,Hay Al Shuhada(Al kragolyia),حي الشهداء(الكرغولية),33.066633453,44.2334844742,20.0,120.0,4.0,16.0,0.0,0.0,0.0,0.0,0.0,0.0,0.0,0.0,0.0,0.0,0.0,0.0,0.0,0.0,0.0,0.0,0.0,4.0,0.0,0.0,0.0,0.0,0.0,0.0,16.0,0.0,0.0,16.0,0.0,0.0,0.0,0.0,0.0,0.0,0.0,0.0,16.0,0.0,0.0,16.0,0.0,0.0,4.0,0.0,0.0,4.0,0.0,0.0,0.0,0.0,0.0,0.0,0.0,0.0,"Dec 31, 2018"
1531,2309071.0,29588.0,Baghdad,Mahmoudiya,Latifiya 1,مخيم اللطيفية,32.9687518313,44.3516128436,45.0,270.0,0.0,45.0,0.0,0.0,0.0,0.0,0.0,0.0,0.0,0.0,0.0,0.0,0.0,0.0,0.0,0.0,0.0,0.0,45.0,0.0,0.0,0.0,0.0,0.0,0.0,0.0,0.0,0.0,0.0,0.0,0.0,0.0,0.0,0.0,0.0,0.0,0.0,0.0,0.0,0.0,0.0,0.0,45.0,0.0,0.0,45.0,0.0,0.0,0.0,0.0,0.0,0.0,0.0,0.0,0.0,0.0,"Dec 31, 2018"
1532,2310001.0,25427.0,Baghdad,Tarmia,Abu Sreweel Village,قرية أبو سريويل,33.7027772628,44.4229673907,30.0,180.0,0.0,0.0,0.0,0.0,0.0,0.0,0.0,0.0,0.0,0.0,0.0,0.0,0.0,0.0,30.0,0.0,0.0,0.0,0.0,12.0,0.0,0.0,0.0,0.0,0.0,0.0,18.0,0.0,0.0,18.0,0.0,0.0,0.0,0.0,0.0,0.0,0.0,0.0,0.0,0.0,0.0,0.0,13.0,0.0,9.0,13.0,8.0,9.0,0.0,8.0,0.0,0.0,0.0,0.0,0.0,0.0,"Dec 31, 2018"
1533,2310002.0,25416.0,Baghdad,Tarmia,Al Farook Quarter-1,حي الفاروق-1,33.659107698,44.3886697418,45.0,270.0,30.0,0.0,0.0,0.0,0.0,0.0,0.0,0.0,0.0,0.0,0.0,0.0,0.0,0.0,15.0,0.0,0.0,0.0,0.0,25.0,0.0,0.0,0.0,0.0,0.0,0.0,20.0,0.0,0.0,20.0,0.0,0.0,0.0,0.0,0.0,0.0,0.0,0.0,0.0,0.0,0.0,0.0,35.0,0.0,10.0,35.0,0.0,10.0,0.0,0.0,0.0,0.0,0.0,0.0,0.0,0.0,"Dec 31, 2018"
1534,2310003.0,25417.0,Baghdad,Tarmia,Al Farook Quarter-2,حي الفاروق-2,33.6618727217,44.3940843493,37.0,222.0,37.0,0.0,0.0,0.0,0.0,0.0,0.0,0.0,0.0,0.0,0.0,0.0,0.0,0.0,0.0,0.0,0.0,0.0,0.0,18.0,0.0,0.0,0.0,0.0,0.0,0.0,19.0,0.0,0.0,19.0,0.0,0.0,0.0,0.0,0.0,0.0,0.0,0.0,12.0,0.0,0.0,12.0,8.0,0.0,17.0,8.0,0.0,17.0,0.0,0.0,0.0,0.0,0.0,0.0,0.0,0.0,"Dec 31, 2018"
1535,2310004.0,21685.0,Baghdad,Tarmia,Al Khadraa village,قرية الخضراء,33.6763077707,44.3729867367,33.0,198.0,33.0,0.0,0.0,0.0,0.0,0.0,0.0,0.0,0.0,0.0,0.0,0.0,0.0,0.0,0.0,0.0,0.0,0.0,0.0,33.0,0.0,0.0,0.0,0.0,0.0,0.0,0.0,0.0,0.0,0.0,0.0,0.0,0.0,0.0,0.0,0.0,0.0,0.0,6.0,0.0,13.0,6.0,14.0,13.0,0.0,14.0,0.0,0.0,0.0,0.0,0.0,0.0,0.0,0.0,0.0,0.0,"Dec 31, 2018"
1536,2310005.0,23738.0,Baghdad,Tarmia,Al Rawad,الرواد,33.7313635097,44.2596759882,29.0,174.0,29.0,0.0,0.0,0.0,0.0,0.0,0.0,0.0,0.0,0.0,0.0,0.0,0.0,0.0,0.0,0.0,0.0,0.0,0.0,25.0,0.0,4.0,0.0,0.0,4.0,0.0,0.0,0.0,0.0,0.0,0.0,0.0,0.0,0.0,0.0,0.0,0.0,0.0,29.0,0.0,0.0,29.0,0.0,0.0,0.0,0.0,0.0,0.0,0.0,0.0,0.0,0.0,0.0,0.0,0.0,0.0,"Dec 31, 2018"
1537,2310006.0,24061.0,Baghdad,Tarmia,Al Tarmiya Center,مركز الطارمية,33.6637211133,44.3988496518,55.0,330.0,55.0,0.0,0.0,0.0,0.0,0.0,0.0,0.0,0.0,0.0,0.0,0.0,0.0,0.0,0.0,0.0,0.0,0.0,0.0,35.0,0.0,0.0,0.0,0.0,0.0,0.0,20.0,0.0,0.0,20.0,0.0,0.0,0.0,0.0,0.0,0.0,0.0,0.0,55.0,0.0,0.0,55.0,0.0,0.0,0.0,0.0,0.0,0.0,0.0,0.0,0.0,0.0,0.0,0.0,0.0,0.0,"Dec 31, 2018"
1538,2310007.0,24063.0,Baghdad,Tarmia,Al-Abayechi-1,العبايجي-1,33.7348716687,44.3927079262,33.0,198.0,10.0,0.0,0.0,0.0,0.0,0.0,0.0,0.0,0.0,0.0,0.0,0.0,0.0,0.0,23.0,0.0,0.0,0.0,0.0,10.0,0.0,0.0,0.0,0.0,0.0,0.0,23.0,0.0,0.0,23.0,0.0,0.0,0.0,0.0,0.0,0.0,0.0,0.0,10.0,0.0,7.0,10.0,16.0,7.0,0.0,16.0,0.0,0.0,0.0,0.0,0.0,0.0,0.0,0.0,0.0,0.0,"Dec 31, 2018"
1539,2310008.0,24071.0,Baghdad,Tarmia,Al-Abayechi-10,العبايجي-10,33.7711739838,44.3781218596,29.0,174.0,9.0,0.0,0.0,0.0,0.0,0.0,0.0,0.0,0.0,0.0,0.0,0.0,0.0,0.0,20.0,0.0,0.0,0.0,0.0,12.0,0.0,0.0,0.0,0.0,0.0,0.0,17.0,0.0,0.0,17.0,0.0,0.0,0.0,0.0,0.0,0.0,0.0,0.0,9.0,0.0,0.0,9.0,9.0,0.0,11.0,9.0,0.0,11.0,0.0,0.0,0.0,0.0,0.0,0.0,0.0,0.0,"Dec 31, 2018"
1540,2310009.0,25419.0,Baghdad,Tarmia,Hai Al Hukem Al Mahali,حي الحكم المحلي,33.6645732127,44.3814989438,54.0,324.0,37.0,0.0,0.0,0.0,0.0,11.0,0.0,0.0,0.0,0.0,0.0,0.0,0.0,0.0,6.0,0.0,0.0,0.0,0.0,31.0,0.0,0.0,0.0,0.0,0.0,0.0,23.0,0.0,0.0,23.0,0.0,0.0,0.0,0.0,0.0,0.0,0.0,0.0,22.0,0.0,0.0,22.0,32.0,0.0,0.0,32.0,0.0,0.0,0.0,0.0,0.0,0.0,0.0,0.0,0.0,0.0,"Dec 31, 2018"
1541,2310010.0,25423.0,Baghdad,Tarmia,Hai Al Qadessia-1,حي القادسية-1,33.6716716711,44.3792465793,81.0,486.0,66.0,0.0,0.0,0.0,0.0,0.0,0.0,0.0,0.0,0.0,0.0,0.0,0.0,0.0,15.0,0.0,0.0,0.0,0.0,40.0,0.0,0.0,0.0,0.0,0.0,0.0,41.0,0.0,0.0,41.0,0.0,0.0,0.0,0.0,0.0,0.0,0.0,0.0,0.0,0.0,0.0,0.0,50.0,0.0,31.0,50.0,0.0,31.0,0.0,0.0,0.0,0.0,0.0,0.0,0.0,0.0,"Dec 31, 2018"
1542,2310011.0,25424.0,Baghdad,Tarmia,Hai Al Qadessia-2,حي القادسية-2,33.6715319172,44.3719024779,66.0,396.0,49.0,0.0,0.0,0.0,0.0,0.0,0.0,0.0,0.0,0.0,0.0,0.0,0.0,0.0,17.0,0.0,0.0,0.0,0.0,40.0,0.0,0.0,0.0,0.0,0.0,0.0,26.0,0.0,0.0,26.0,0.0,0.0,0.0,0.0,0.0,0.0,0.0,0.0,21.0,0.0,0.0,21.0,33.0,0.0,12.0,33.0,0.0,12.0,0.0,0.0,0.0,0.0,0.0,0.0,0.0,0.0,"Dec 31, 2018"
1543,2310012.0,25418.0,Baghdad,Tarmia,Hai Al Resala,حي الرسالة,33.6656353193,44.393639303,52.0,312.0,46.0,0.0,0.0,0.0,0.0,0.0,0.0,0.0,0.0,0.0,0.0,0.0,0.0,0.0,6.0,0.0,0.0,0.0,0.0,17.0,0.0,0.0,0.0,0.0,0.0,0.0,35.0,0.0,0.0,35.0,0.0,0.0,0.0,0.0,0.0,0.0,0.0,0.0,27.0,0.0,0.0,27.0,0.0,0.0,25.0,0.0,0.0,25.0,0.0,0.0,0.0,0.0,0.0,0.0,0.0,0.0,"Dec 31, 2018"
1544,2310013.0,25420.0,Baghdad,Tarmia,Hai Al Sedeq,حي الصديق,33.663912703,44.3756232648,61.0,366.0,55.0,0.0,0.0,0.0,0.0,0.0,0.0,0.0,0.0,0.0,0.0,0.0,0.0,0.0,6.0,0.0,0.0,0.0,0.0,20.0,0.0,0.0,0.0,0.0,0.0,0.0,41.0,0.0,0.0,41.0,0.0,0.0,0.0,0.0,0.0,0.0,0.0,0.0,0.0,0.0,0.0,0.0,35.0,0.0,26.0,35.0,0.0,26.0,0.0,0.0,0.0,0.0,0.0,0.0,0.0,0.0,"Dec 31, 2018"
1545,2310014.0,25422.0,Baghdad,Tarmia,Hai Al Turba,حي التربة,33.6639000452,44.3682005491,56.0,336.0,36.0,0.0,0.0,0.0,0.0,5.0,0.0,0.0,0.0,0.0,0.0,0.0,0.0,0.0,15.0,0.0,0.0,0.0,0.0,14.0,0.0,0.0,0.0,0.0,0.0,0.0,42.0,0.0,0.0,42.0,0.0,0.0,0.0,0.0,0.0,0.0,0.0,0.0,25.0,0.0,26.0,25.0,0.0,26.0,5.0,0.0,0.0,5.0,0.0,0.0,0.0,0.0,0.0,0.0,0.0,0.0,"Dec 31, 2018"
1546,2310015.0,25421.0,Baghdad,Tarmia,Hai Al Wehda,حي الوحدة,33.6683204919,44.3844468781,71.0,426.0,51.0,0.0,0.0,0.0,0.0,0.0,0.0,0.0,0.0,0.0,0.0,0.0,0.0,0.0,20.0,0.0,0.0,0.0,0.0,37.0,0.0,0.0,0.0,0.0,0.0,0.0,34.0,0.0,0.0,34.0,0.0,0.0,0.0,0.0,0.0,0.0,0.0,0.0,0.0,0.0,0.0,0.0,37.0,0.0,34.0,37.0,0.0,34.0,0.0,0.0,0.0,0.0,0.0,0.0,0.0,0.0,"Dec 31, 2018"
1547,2310016.0,25428.0,Baghdad,Tarmia,Hamadi Al Khalil Village,قرية حمادي الخليل,33.7255493413,44.3935643454,33.0,198.0,11.0,0.0,0.0,0.0,0.0,0.0,0.0,0.0,0.0,0.0,0.0,0.0,0.0,0.0,22.0,0.0,0.0,0.0,0.0,17.0,0.0,0.0,0.0,0.0,0.0,0.0,16.0,0.0,0.0,16.0,0.0,0.0,0.0,0.0,0.0,0.0,0.0,0.0,6.0,0.0,5.0,6.0,12.0,5.0,10.0,12.0,0.0,10.0,0.0,0.0,0.0,0.0,0.0,0.0,0.0,0.0,"Dec 31, 2018"
1548,2310017.0,25425.0,Baghdad,Tarmia,Nadeem-1 Village,قرية نديم-1,33.5865850858,44.237565699,38.0,228.0,29.0,0.0,0.0,0.0,0.0,0.0,0.0,0.0,0.0,0.0,0.0,0.0,0.0,0.0,9.0,0.0,0.0,0.0,0.0,38.0,0.0,0.0,0.0,0.0,0.0,0.0,0.0,0.0,0.0,0.0,0.0,0.0,0.0,0.0,0.0,0.0,0.0,0.0,0.0,0.0,9.0,0.0,15.0,9.0,14.0,15.0,0.0,14.0,0.0,0.0,0.0,0.0,0.0,0.0,0.0,0.0,"Dec 31, 2018"
1549,2310018.0,25426.0,Baghdad,Tarmia,Nadeem-2 Village,قرية نديم-2,33.5903119745,44.2388343475,32.0,192.0,0.0,0.0,0.0,0.0,0.0,22.0,0.0,0.0,0.0,0.0,0.0,0.0,0.0,0.0,10.0,0.0,0.0,0.0,0.0,32.0,0.0,0.0,0.0,0.0,0.0,0.0,0.0,0.0,0.0,0.0,0.0,0.0,0.0,0.0,0.0,0.0,0.0,0.0,0.0,0.0,0.0,0.0,16.0,0.0,16.0,16.0,0.0,16.0,0.0,0.0,0.0,0.0,0.0,0.0,0.0,0.0,"Dec 31, 2018"
1550,2401004.0,11195.0,Diyala,Al-Khalis,Al Ghalbiya,الغالبية,33.7315822136,44.4798689014,60.0,360.0,7.0,0.0,0.0,0.0,0.0,42.0,0.0,0.0,1.0,0.0,0.0,0.0,3.0,0.0,7.0,0.0,0.0,0.0,0.0,7.0,0.0,0.0,0.0,0.0,0.0,0.0,30.0,0.0,0.0,30.0,0.0,0.0,0.0,0.0,23.0,0.0,0.0,23.0,0.0,0.0,0.0,0.0,0.0,0.0,49.0,0.0,7.0,49.0,1.0,7.0,2.0,1.0,1.0,2.0,1.0,0.0,"Dec 31, 2018"
1551,2401005.0,25022.0,Diyala,Al-Khalis,Al Gserin Village,قرية كصيرين,33.6920507284,44.4351627778,30.0,180.0,0.0,0.0,0.0,0.0,0.0,0.0,0.0,0.0,0.0,0.0,0.0,0.0,30.0,0.0,0.0,0.0,0.0,0.0,0.0,0.0,0.0,0.0,0.0,0.0,0.0,0.0,30.0,0.0,0.0,30.0,0.0,0.0,0.0,0.0,0.0,0.0,0.0,0.0,0.0,0.0,30.0,0.0,0.0,30.0,0.0,0.0,0.0,0.0,0.0,0.0,0.0,0.0,0.0,0.0,0.0,0.0,"Dec 31, 2018"
1552,2401006.0,23966.0,Diyala,Al-Khalis,Al Hadid,الحديد,33.7686499926,44.5628627001,110.0,660.0,4.0,0.0,0.0,0.0,0.0,98.0,0.0,0.0,0.0,0.0,0.0,0.0,3.0,0.0,5.0,0.0,0.0,0.0,0.0,25.0,0.0,0.0,0.0,0.0,0.0,0.0,45.0,0.0,0.0,45.0,0.0,0.0,0.0,0.0,40.0,0.0,0.0,40.0,6.0,0.0,0.0,6.0,6.0,0.0,91.0,6.0,7.0,91.0,0.0,7.0,0.0,0.0,0.0,0.0,0.0,0.0,"Dec 31, 2018"
1553,2401007.0,25814.0,Diyala,Al-Khalis,Al Hadid Old,الحديد القديمة,33.7691761145,44.5598097449,20.0,120.0,5.0,0.0,0.0,0.0,0.0,10.0,0.0,0.0,0.0,0.0,0.0,0.0,2.0,0.0,3.0,0.0,0.0,0.0,0.0,10.0,0.0,0.0,0.0,0.0,0.0,0.0,10.0,0.0,0.0,10.0,0.0,0.0,0.0,0.0,0.0,0.0,0.0,0.0,0.0,0.0,0.0,0.0,0.0,0.0,10.0,0.0,10.0,10.0,0.0,10.0,0.0,0.0,0.0,0.0,0.0,0.0,"Dec 31, 2018"
1554,2401008.0,25815.0,Diyala,Al-Khalis,Al Hadid-Al Benook Qtr,الحديد-حي البنوك,33.7601712735,44.5501300595,20.0,120.0,5.0,0.0,0.0,0.0,0.0,13.0,0.0,0.0,0.0,0.0,0.0,0.0,2.0,0.0,0.0,0.0,0.0,0.0,0.0,5.0,0.0,0.0,0.0,0.0,0.0,0.0,15.0,0.0,0.0,15.0,0.0,0.0,0.0,0.0,0.0,0.0,0.0,0.0,0.0,0.0,0.0,0.0,0.0,0.0,13.0,0.0,5.0,13.0,0.0,5.0,2.0,0.0,0.0,2.0,0.0,0.0,"Dec 31, 2018"
1555,2401009.0,11081.0,Diyala,Al-Khalis,Markaz Al Khalis,مركز الخالص,33.8581486794,44.5153555694,50.0,300.0,0.0,0.0,0.0,0.0,0.0,50.0,0.0,0.0,0.0,0.0,0.0,0.0,0.0,0.0,0.0,0.0,0.0,0.0,0.0,40.0,0.0,0.0,0.0,0.0,0.0,0.0,10.0,0.0,0.0,10.0,0.0,0.0,0.0,0.0,0.0,0.0,0.0,0.0,0.0,0.0,0.0,0.0,0.0,0.0,50.0,0.0,0.0,50.0,0.0,0.0,0.0,0.0,0.0,0.0,0.0,0.0,"Dec 31, 2018"
1556,2401010.0,25026.0,Diyala,Al-Khalis,Al Mohandseen Alzraeen Village,قرية المهندسين الزراعيين,33.7318110578,44.4836191447,24.0,144.0,0.0,0.0,0.0,0.0,0.0,18.0,0.0,0.0,6.0,0.0,0.0,0.0,0.0,0.0,0.0,0.0,0.0,0.0,0.0,0.0,0.0,0.0,0.0,0.0,0.0,0.0,24.0,0.0,0.0,24.0,0.0,0.0,0.0,0.0,0.0,0.0,0.0,0.0,0.0,0.0,18.0,0.0,0.0,18.0,0.0,0.0,0.0,0.0,0.0,0.0,0.0,0.0,6.0,0.0,6.0,0.0,"Dec 31, 2018"
1557,2401012.0,25031.0,Diyala,Al-Khalis,Al Sadah Al Neeam Village,قرية السادة النعيم,33.7677799236,44.4930857961,5.0,30.0,0.0,0.0,0.0,0.0,0.0,0.0,0.0,0.0,0.0,0.0,0.0,0.0,0.0,0.0,5.0,0.0,0.0,0.0,0.0,0.0,0.0,0.0,0.0,0.0,0.0,0.0,5.0,0.0,0.0,5.0,0.0,0.0,0.0,0.0,0.0,0.0,0.0,0.0,0.0,0.0,0.0,0.0,0.0,0.0,5.0,0.0,0.0,5.0,0.0,0.0,0.0,0.0,0.0,0.0,0.0,0.0,"Dec 31, 2018"
1558,2401013.0,24483.0,Diyala,Al-Khalis,Al Salam,ناحية السلام-مركز الناحية,33.9367396817,44.724589595,10.0,60.0,0.0,0.0,0.0,0.0,0.0,10.0,0.0,0.0,0.0,0.0,0.0,0.0,0.0,0.0,0.0,0.0,0.0,0.0,0.0,10.0,0.0,0.0,0.0,0.0,0.0,0.0,0.0,0.0,0.0,0.0,0.0,0.0,0.0,0.0,0.0,0.0,0.0,0.0,0.0,0.0,0.0,0.0,10.0,0.0,0.0,10.0,0.0,0.0,0.0,0.0,0.0,0.0,0.0,0.0,0.0,0.0,"Dec 31, 2018"
1559,2401014.0,24912.0,Diyala,Al-Khalis,Al Sindiyah village,قرية السندية,33.8781536102,44.4443865022,50.0,300.0,0.0,0.0,2.0,0.0,0.0,10.0,0.0,0.0,0.0,0.0,0.0,0.0,0.0,0.0,38.0,0.0,0.0,0.0,0.0,50.0,0.0,0.0,0.0,0.0,0.0,0.0,0.0,0.0,0.0,0.0,0.0,0.0,0.0,0.0,0.0,0.0,0.0,0.0,0.0,0.0,16.0,0.0,0.0,16.0,34.0,0.0,0.0,34.0,0.0,0.0,0.0,0.0,0.0,0.0,0.0,0.0,"Dec 31, 2018"
1560,2401019.0,25667.0,Diyala,Al-Khalis,Al-Makareen Village,قرية المكاريين,34.0872047481,44.9287902566,10.0,60.0,0.0,0.0,0.0,0.0,0.0,10.0,0.0,0.0,0.0,0.0,0.0,0.0,0.0,0.0,0.0,0.0,0.0,0.0,0.0,10.0,0.0,0.0,0.0,0.0,0.0,0.0,0.0,0.0,0.0,0.0,0.0,0.0,0.0,0.0,0.0,0.0,0.0,0.0,0.0,0.0,0.0,0.0,0.0,0.0,10.0,0.0,0.0,10.0,0.0,0.0,0.0,0.0,0.0,0.0,0.0,0.0,"Dec 31, 2018"
1561,2401021.0,25661.0,Diyala,Al-Khalis,Al-Sadah Village,قرية السادة,34.0858611805,44.7265957676,10.0,60.0,0.0,0.0,0.0,0.0,0.0,10.0,0.0,0.0,0.0,0.0,0.0,0.0,0.0,0.0,0.0,0.0,0.0,0.0,0.0,10.0,0.0,0.0,0.0,0.0,0.0,0.0,0.0,0.0,0.0,0.0,0.0,0.0,0.0,0.0,0.0,0.0,0.0,0.0,0.0,0.0,0.0,0.0,0.0,0.0,10.0,0.0,0.0,10.0,0.0,0.0,0.0,0.0,0.0,0.0,0.0,0.0,"Dec 31, 2018"
1562,2401023.0,26056.0,Diyala,Al-Khalis,Arab Hafedh Village,قرية عرب حافظ,34.1182342268,44.8409555081,8.0,48.0,0.0,0.0,0.0,0.0,0.0,8.0,0.0,0.0,0.0,0.0,0.0,0.0,0.0,0.0,0.0,0.0,0.0,0.0,0.0,0.0,0.0,0.0,0.0,0.0,0.0,0.0,1.0,0.0,0.0,1.0,0.0,0.0,0.0,0.0,7.0,0.0,0.0,7.0,0.0,0.0,0.0,0.0,0.0,0.0,8.0,0.0,0.0,8.0,0.0,0.0,0.0,0.0,0.0,0.0,0.0,0.0,"Dec 31, 2018"
1563,2401024.0,26055.0,Diyala,Al-Khalis,Arab Hamdan Village,قرية عرب حمدان,34.1332381774,44.8597715269,5.0,30.0,0.0,0.0,0.0,0.0,0.0,5.0,0.0,0.0,0.0,0.0,0.0,0.0,0.0,0.0,0.0,0.0,0.0,0.0,0.0,5.0,0.0,0.0,0.0,0.0,0.0,0.0,0.0,0.0,0.0,0.0,0.0,0.0,0.0,0.0,0.0,0.0,0.0,0.0,0.0,0.0,0.0,0.0,0.0,0.0,5.0,0.0,0.0,5.0,0.0,0.0,0.0,0.0,0.0,0.0,0.0,0.0,"Dec 31, 2018"
1564,2401025.0,23965.0,Diyala,Al-Khalis,Arab Shanon,عرب شعنون,33.8137840141,44.562805613,20.0,120.0,0.0,0.0,0.0,0.0,0.0,20.0,0.0,0.0,0.0,0.0,0.0,0.0,0.0,0.0,0.0,0.0,0.0,0.0,0.0,0.0,0.0,0.0,0.0,0.0,0.0,0.0,8.0,0.0,0.0,8.0,0.0,0.0,0.0,0.0,12.0,0.0,0.0,12.0,0.0,0.0,0.0,0.0,0.0,0.0,20.0,0.0,0.0,20.0,0.0,0.0,0.0,0.0,0.0,0.0,0.0,0.0,"Dec 31, 2018"
1565,2401026.0,24913.0,Diyala,Al-Khalis,Arab Tetn village,قرية عرب تتن,33.756833108,44.5428492387,10.0,60.0,0.0,0.0,0.0,0.0,0.0,0.0,0.0,0.0,0.0,0.0,0.0,0.0,0.0,0.0,10.0,0.0,0.0,0.0,0.0,10.0,0.0,0.0,0.0,0.0,0.0,0.0,0.0,0.0,0.0,0.0,0.0,0.0,0.0,0.0,0.0,0.0,0.0,0.0,0.0,0.0,0.0,0.0,0.0,0.0,10.0,0.0,0.0,10.0,0.0,0.0,0.0,0.0,0.0,0.0,0.0,0.0,"Dec 31, 2018"
1566,2401027.0,26058.0,Diyala,Al-Khalis,Dalli Abass-Al-Shuhada Qtr,دلي عباس-حي الشهداء,34.0676524024,44.8655022195,10.0,60.0,0.0,0.0,0.0,0.0,0.0,10.0,0.0,0.0,0.0,0.0,0.0,0.0,0.0,0.0,0.0,0.0,0.0,0.0,0.0,10.0,0.0,0.0,0.0,0.0,0.0,0.0,0.0,0.0,0.0,0.0,0.0,0.0,0.0,0.0,0.0,0.0,0.0,0.0,0.0,0.0,0.0,0.0,0.0,0.0,10.0,0.0,0.0,10.0,0.0,0.0,0.0,0.0,0.0,0.0,0.0,0.0,"Dec 31, 2018"
1567,2401029.0,25678.0,Diyala,Al-Khalis,Dawod Al-Salom village,قرية داوود السلوم,34.125489027,44.8441084558,8.0,48.0,0.0,0.0,0.0,0.0,0.0,8.0,0.0,0.0,0.0,0.0,0.0,0.0,0.0,0.0,0.0,0.0,0.0,0.0,0.0,5.0,0.0,0.0,0.0,0.0,0.0,0.0,3.0,0.0,0.0,3.0,0.0,0.0,0.0,0.0,0.0,0.0,0.0,0.0,0.0,0.0,0.0,0.0,0.0,0.0,8.0,0.0,0.0,8.0,0.0,0.0,0.0,0.0,0.0,0.0,0.0,0.0,"Dec 31, 2018"
1568,2401030.0,11206.0,Diyala,Al-Khalis,Hawaish Village,قرية الحويش,33.6838819145,44.4237242522,7.0,42.0,0.0,0.0,0.0,0.0,0.0,7.0,0.0,0.0,0.0,0.0,0.0,0.0,0.0,0.0,0.0,0.0,0.0,0.0,0.0,0.0,0.0,0.0,0.0,0.0,0.0,0.0,7.0,0.0,0.0,7.0,0.0,0.0,0.0,0.0,0.0,0.0,0.0,0.0,0.0,0.0,0.0,0.0,0.0,0.0,7.0,0.0,0.0,7.0,0.0,0.0,0.0,0.0,0.0,0.0,0.0,0.0,"Dec 31, 2018"
1569,2401031.0,22041.0,Diyala,Al-Khalis,Al Qadissiya Qtr,حي القادسية,33.7847967709,44.5017384941,45.0,270.0,0.0,0.0,0.0,0.0,0.0,40.0,0.0,0.0,0.0,0.0,0.0,0.0,0.0,0.0,5.0,0.0,0.0,0.0,0.0,0.0,0.0,0.0,0.0,0.0,0.0,0.0,45.0,0.0,0.0,45.0,0.0,0.0,0.0,0.0,0.0,0.0,0.0,0.0,0.0,0.0,0.0,0.0,5.0,0.0,40.0,5.0,0.0,40.0,0.0,0.0,0.0,0.0,0.0,0.0,0.0,0.0,"Dec 31, 2018"
1570,2401032.0,10445.0,Diyala,Al-Khalis,Markaz Hibhib,مركز هبهب,33.7838538241,44.5147000046,115.0,690.0,10.0,0.0,0.0,0.0,0.0,105.0,0.0,0.0,0.0,0.0,0.0,0.0,0.0,0.0,0.0,0.0,0.0,0.0,0.0,10.0,0.0,0.0,0.0,0.0,0.0,0.0,105.0,0.0,0.0,105.0,0.0,0.0,0.0,0.0,0.0,0.0,0.0,0.0,0.0,0.0,0.0,0.0,46.0,0.0,59.0,46.0,0.0,59.0,10.0,0.0,0.0,10.0,0.0,0.0,0.0,0.0,"Dec 31, 2018"
1571,2401033.0,25029.0,Diyala,Al-Khalis,Hibhib-Abo Khurda Village,هبهب-قرية ابو خردة,33.8049788447,44.520150247,5.0,30.0,0.0,0.0,0.0,0.0,0.0,0.0,0.0,0.0,0.0,0.0,0.0,0.0,1.0,0.0,4.0,0.0,0.0,0.0,0.0,0.0,0.0,0.0,0.0,0.0,0.0,0.0,2.0,0.0,0.0,2.0,0.0,0.0,0.0,0.0,3.0,0.0,0.0,3.0,0.0,0.0,0.0,0.0,0.0,0.0,4.0,0.0,0.0,4.0,0.0,0.0,0.0,0.0,1.0,0.0,1.0,0.0,"Dec 31, 2018"
1572,2401035.0,11487.0,Diyala,Al-Khalis,Al Askary Qtr,الحي العسكري,34.0664713836,44.8604759576,7.0,42.0,0.0,0.0,0.0,0.0,0.0,7.0,0.0,0.0,0.0,0.0,0.0,0.0,0.0,0.0,0.0,0.0,0.0,0.0,0.0,0.0,0.0,0.0,0.0,0.0,0.0,0.0,7.0,0.0,0.0,7.0,0.0,0.0,0.0,0.0,0.0,0.0,0.0,0.0,0.0,0.0,0.0,0.0,0.0,0.0,7.0,0.0,0.0,7.0,0.0,0.0,0.0,0.0,0.0,0.0,0.0,0.0,"Dec 31, 2018"
1573,2401036.0,25027.0,Diyala,Al-Khalis,Hibhib-Al Asry Qtr,الحي العصري,33.7809349054,44.5143199184,12.0,72.0,0.0,0.0,0.0,0.0,0.0,12.0,0.0,0.0,0.0,0.0,0.0,0.0,0.0,0.0,0.0,0.0,0.0,0.0,0.0,8.0,0.0,0.0,0.0,0.0,0.0,0.0,4.0,0.0,0.0,4.0,0.0,0.0,0.0,0.0,0.0,0.0,0.0,0.0,0.0,0.0,0.0,0.0,0.0,0.0,12.0,0.0,0.0,12.0,0.0,0.0,0.0,0.0,0.0,0.0,0.0,0.0,"Dec 31, 2018"
1574,2401037.0,25034.0,Diyala,Al-Khalis,Hibhib-Al Hashmya Village,هبهب-قرية الهاشمية,33.7457410213,44.5353883255,7.0,42.0,0.0,0.0,0.0,0.0,0.0,7.0,0.0,0.0,0.0,0.0,0.0,0.0,0.0,0.0,0.0,0.0,0.0,0.0,0.0,0.0,0.0,0.0,0.0,0.0,0.0,0.0,7.0,0.0,0.0,7.0,0.0,0.0,0.0,0.0,0.0,0.0,0.0,0.0,0.0,0.0,5.0,0.0,2.0,5.0,0.0,2.0,0.0,0.0,0.0,0.0,0.0,0.0,0.0,0.0,0.0,0.0,"Dec 31, 2018"
1575,2401038.0,25028.0,Diyala,Al-Khalis,Hibhib-Al Lokmanya Village,هبهب-قرية اللقمانية,33.762192899,44.4969924681,30.0,180.0,1.0,0.0,0.0,0.0,0.0,22.0,0.0,0.0,0.0,0.0,0.0,0.0,7.0,0.0,0.0,0.0,0.0,0.0,0.0,7.0,0.0,0.0,0.0,0.0,0.0,0.0,23.0,0.0,0.0,23.0,0.0,0.0,0.0,0.0,0.0,0.0,0.0,0.0,0.0,0.0,0.0,0.0,4.0,0.0,19.0,4.0,0.0,19.0,0.0,0.0,7.0,0.0,0.0,7.0,0.0,0.0,"Dec 31, 2018"
1576,2401040.0,25036.0,Diyala,Al-Khalis,Hibhib-Al Shohadaa Qtr,هبهب-حي الشهداء,33.7802464921,44.5143520265,38.0,228.0,0.0,0.0,0.0,0.0,0.0,30.0,0.0,0.0,2.0,0.0,0.0,0.0,0.0,0.0,6.0,0.0,0.0,0.0,0.0,15.0,0.0,0.0,0.0,0.0,0.0,0.0,23.0,0.0,0.0,23.0,0.0,0.0,0.0,0.0,0.0,0.0,0.0,0.0,0.0,0.0,18.0,0.0,0.0,18.0,20.0,0.0,0.0,20.0,0.0,0.0,0.0,0.0,0.0,0.0,0.0,0.0,"Dec 31, 2018"
1577,2401041.0,25025.0,Diyala,Al-Khalis,Hibhib-Al Yarmook Qtr,هبهب-حي اليرموك,33.7834391994,44.5079450129,17.0,102.0,0.0,0.0,0.0,0.0,0.0,17.0,0.0,0.0,0.0,0.0,0.0,0.0,0.0,0.0,0.0,0.0,0.0,0.0,0.0,0.0,0.0,0.0,0.0,0.0,0.0,0.0,17.0,0.0,0.0,17.0,0.0,0.0,0.0,0.0,0.0,0.0,0.0,0.0,0.0,0.0,0.0,0.0,0.0,0.0,17.0,0.0,0.0,17.0,0.0,0.0,0.0,0.0,0.0,0.0,0.0,0.0,"Dec 31, 2018"
1578,2401042.0,25024.0,Diyala,Al-Khalis,Hibhib-Hay Al Resala,هبهب-حي الرسالة,33.7864495504,44.5101881556,13.0,78.0,0.0,0.0,0.0,0.0,0.0,9.0,0.0,0.0,0.0,0.0,0.0,0.0,0.0,0.0,4.0,0.0,0.0,0.0,0.0,0.0,0.0,0.0,0.0,0.0,0.0,0.0,13.0,0.0,0.0,13.0,0.0,0.0,0.0,0.0,0.0,0.0,0.0,0.0,0.0,0.0,4.0,0.0,0.0,4.0,9.0,0.0,0.0,9.0,0.0,0.0,0.0,0.0,0.0,0.0,0.0,0.0,"Dec 31, 2018"
1579,2401043.0,11425.0,Diyala,Al-Khalis,Jadidat Al Shat village,قرية جديدة الشط,33.6419951028,44.4223636172,65.0,390.0,6.0,0.0,18.0,0.0,0.0,22.0,0.0,0.0,0.0,0.0,0.0,0.0,10.0,0.0,9.0,0.0,0.0,0.0,0.0,37.0,0.0,0.0,0.0,0.0,0.0,0.0,13.0,0.0,0.0,13.0,0.0,0.0,0.0,0.0,15.0,0.0,0.0,15.0,0.0,0.0,35.0,0.0,15.0,35.0,15.0,15.0,0.0,15.0,0.0,0.0,0.0,0.0,0.0,0.0,0.0,0.0,"Dec 31, 2018"
1580,2401045.0,11392.0,Diyala,Al-Khalis,Mujadad village,قرية المجدد,33.8439865798,44.6198083269,20.0,120.0,0.0,0.0,0.0,0.0,0.0,20.0,0.0,0.0,0.0,0.0,0.0,0.0,0.0,0.0,0.0,0.0,0.0,0.0,0.0,20.0,0.0,0.0,0.0,0.0,0.0,0.0,0.0,0.0,0.0,0.0,0.0,0.0,0.0,0.0,0.0,0.0,0.0,0.0,0.0,0.0,20.0,0.0,0.0,20.0,0.0,0.0,0.0,0.0,0.0,0.0,0.0,0.0,0.0,0.0,0.0,0.0,"Dec 31, 2018"
1581,2401046.0,25023.0,Diyala,Al-Khalis,Saif Saad Qtr,حي سيف سعد,33.7409985058,44.4945472459,61.0,366.0,0.0,0.0,0.0,0.0,0.0,34.0,0.0,0.0,0.0,0.0,0.0,0.0,3.0,0.0,24.0,0.0,0.0,0.0,0.0,12.0,0.0,0.0,0.0,0.0,0.0,0.0,49.0,0.0,0.0,49.0,0.0,0.0,0.0,0.0,0.0,0.0,0.0,0.0,0.0,0.0,23.0,0.0,0.0,23.0,38.0,0.0,0.0,38.0,0.0,0.0,0.0,0.0,0.0,0.0,0.0,0.0,"Dec 31, 2018"
1582,2401048.0,25658.0,Diyala,Al-Khalis,Al Aqssa Village,قرية الاقصى,34.0656259775,44.8705151201,14.0,84.0,0.0,0.0,0.0,0.0,0.0,14.0,0.0,0.0,0.0,0.0,0.0,0.0,0.0,0.0,0.0,0.0,0.0,0.0,0.0,0.0,0.0,0.0,0.0,0.0,0.0,0.0,14.0,0.0,0.0,14.0,0.0,0.0,0.0,0.0,0.0,0.0,0.0,0.0,0.0,0.0,0.0,0.0,5.0,0.0,9.0,5.0,0.0,9.0,0.0,0.0,0.0,0.0,0.0,0.0,0.0,0.0,"Dec 31, 2018"
1583,2401061.0,24194.0,Diyala,Al-Khalis,Dalli Abass-Al-Dhobat Qtr,دلي عباس-حي الضباط,34.0734513278,44.8548661137,25.0,150.0,0.0,0.0,0.0,0.0,0.0,21.0,0.0,0.0,0.0,0.0,0.0,0.0,0.0,0.0,4.0,0.0,0.0,0.0,0.0,3.0,0.0,0.0,0.0,0.0,0.0,0.0,22.0,0.0,0.0,22.0,0.0,0.0,0.0,0.0,0.0,0.0,0.0,0.0,0.0,0.0,0.0,0.0,4.0,0.0,21.0,4.0,0.0,21.0,0.0,0.0,0.0,0.0,0.0,0.0,0.0,0.0,"Dec 31, 2018"
1584,2401062.0,25655.0,Diyala,Al-Khalis,Dalli Abass-Al Moalmeen Qtr,دلي عباس-حي المعلمين,34.0707238938,44.8704787009,8.0,48.0,0.0,0.0,0.0,0.0,0.0,8.0,0.0,0.0,0.0,0.0,0.0,0.0,0.0,0.0,0.0,0.0,0.0,0.0,0.0,0.0,0.0,0.0,0.0,0.0,0.0,0.0,8.0,0.0,0.0,8.0,0.0,0.0,0.0,0.0,0.0,0.0,0.0,0.0,0.0,0.0,0.0,0.0,0.0,0.0,8.0,0.0,0.0,8.0,0.0,0.0,0.0,0.0,0.0,0.0,0.0,0.0,"Dec 31, 2018"
1585,2401063.0,25651.0,Diyala,Al-Khalis,Dalli Abass-The Old Qtr,دلي عباس-الحي القديم,34.0736823986,44.8634162887,25.0,150.0,0.0,0.0,0.0,0.0,0.0,25.0,0.0,0.0,0.0,0.0,0.0,0.0,0.0,0.0,0.0,0.0,0.0,0.0,0.0,0.0,0.0,0.0,0.0,0.0,0.0,0.0,25.0,0.0,0.0,25.0,0.0,0.0,0.0,0.0,0.0,0.0,0.0,0.0,0.0,0.0,0.0,0.0,7.0,0.0,18.0,7.0,0.0,18.0,0.0,0.0,0.0,0.0,0.0,0.0,0.0,0.0,"Dec 31, 2018"
1586,2401064.0,25652.0,Diyala,Al-Khalis,Dalli Abass-Al Rasheed Qtr,دلي عباس-حي الرشيد,34.0702273933,44.8642580733,4.0,24.0,0.0,0.0,0.0,0.0,0.0,4.0,0.0,0.0,0.0,0.0,0.0,0.0,0.0,0.0,0.0,0.0,0.0,0.0,0.0,0.0,0.0,0.0,0.0,0.0,0.0,0.0,4.0,0.0,0.0,4.0,0.0,0.0,0.0,0.0,0.0,0.0,0.0,0.0,0.0,0.0,0.0,0.0,0.0,0.0,4.0,0.0,0.0,4.0,0.0,0.0,0.0,0.0,0.0,0.0,0.0,0.0,"Dec 31, 2018"
1587,2401065.0,25653.0,Diyala,Al-Khalis,Dalli Abass-Al Shekh Hassan Qtr,دلي عباس-حي الشيخ حسن,34.0772302112,44.8550351631,10.0,60.0,0.0,0.0,0.0,0.0,0.0,10.0,0.0,0.0,0.0,0.0,0.0,0.0,0.0,0.0,0.0,0.0,0.0,0.0,0.0,0.0,0.0,0.0,0.0,0.0,0.0,0.0,10.0,0.0,0.0,10.0,0.0,0.0,0.0,0.0,0.0,0.0,0.0,0.0,0.0,0.0,0.0,0.0,0.0,0.0,10.0,0.0,0.0,10.0,0.0,0.0,0.0,0.0,0.0,0.0,0.0,0.0,"Dec 31, 2018"
1588,2401067.0,25656.0,Diyala,Al-Khalis,Dalli Abass-Kurd Ali,دلي عباس-كرد علي,34.0700307394,44.8597311011,5.0,30.0,0.0,0.0,0.0,0.0,0.0,5.0,0.0,0.0,0.0,0.0,0.0,0.0,0.0,0.0,0.0,0.0,0.0,0.0,0.0,0.0,0.0,0.0,0.0,0.0,0.0,0.0,5.0,0.0,0.0,5.0,0.0,0.0,0.0,0.0,0.0,0.0,0.0,0.0,0.0,0.0,0.0,0.0,0.0,0.0,5.0,0.0,0.0,5.0,0.0,0.0,0.0,0.0,0.0,0.0,0.0,0.0,"Dec 31, 2018"
1589,2401071.0,25806.0,Diyala,Al-Khalis,Al Mansouriyah-Sherween,المنصورية-شروين,34.0547030321,44.8865097552,8.0,48.0,0.0,0.0,0.0,0.0,0.0,0.0,0.0,0.0,8.0,0.0,0.0,0.0,0.0,0.0,0.0,0.0,0.0,0.0,0.0,8.0,0.0,0.0,0.0,0.0,0.0,0.0,0.0,0.0,0.0,0.0,0.0,0.0,0.0,0.0,0.0,0.0,0.0,0.0,0.0,0.0,0.0,0.0,0.0,0.0,0.0,0.0,0.0,0.0,0.0,0.0,0.0,0.0,8.0,0.0,8.0,0.0,"Dec 31, 2018"
1590,2401128.0,25032.0,Diyala,Al-Khalis,Hibhib-Al Askary Qtr,الحي العسكري,33.7823945193,44.5164226749,15.0,90.0,3.0,0.0,0.0,0.0,0.0,2.0,0.0,0.0,0.0,0.0,0.0,0.0,0.0,0.0,10.0,0.0,0.0,0.0,0.0,0.0,0.0,0.0,0.0,0.0,0.0,0.0,15.0,0.0,0.0,15.0,0.0,0.0,0.0,0.0,0.0,0.0,0.0,0.0,0.0,0.0,8.0,0.0,0.0,8.0,7.0,0.0,0.0,7.0,0.0,0.0,0.0,0.0,0.0,0.0,0.0,0.0,"Dec 31, 2018"
1591,2402002.0,25624.0,Diyala,Al-Muqdadiya,Al Abaraa Village,قرية العبارة,34.0149357216,45.0160774079,30.0,180.0,0.0,0.0,0.0,0.0,0.0,30.0,0.0,0.0,0.0,0.0,0.0,0.0,0.0,0.0,0.0,0.0,0.0,0.0,0.0,0.0,0.0,0.0,0.0,0.0,0.0,0.0,0.0,0.0,0.0,0.0,0.0,0.0,0.0,0.0,30.0,0.0,0.0,30.0,0.0,0.0,30.0,0.0,0.0,30.0,0.0,0.0,0.0,0.0,0.0,0.0,0.0,0.0,0.0,0.0,0.0,0.0,"Dec 31, 2018"
1592,2403001.0,11193.0,Diyala,Ba'quba,Markaz Al Abara,مركز ناحية العبارة,33.8141919118,44.6574316709,81.0,486.0,0.0,0.0,0.0,0.0,0.0,81.0,0.0,0.0,0.0,0.0,0.0,0.0,0.0,0.0,0.0,0.0,0.0,0.0,0.0,53.0,0.0,0.0,0.0,0.0,0.0,0.0,28.0,0.0,0.0,28.0,0.0,0.0,0.0,0.0,0.0,0.0,0.0,0.0,0.0,0.0,0.0,0.0,81.0,0.0,0.0,81.0,0.0,0.0,0.0,0.0,0.0,0.0,0.0,0.0,0.0,0.0,"Dec 31, 2018"
1593,2403002.0,11250.0,Diyala,Ba'quba,Al Dawasir Qtr,حي الدواسر,33.7012486997,44.658034447,50.0,300.0,0.0,0.0,0.0,0.0,0.0,50.0,0.0,0.0,0.0,0.0,0.0,0.0,0.0,0.0,0.0,0.0,0.0,0.0,0.0,30.0,0.0,0.0,0.0,0.0,0.0,0.0,20.0,0.0,0.0,20.0,0.0,0.0,0.0,0.0,0.0,0.0,0.0,0.0,0.0,0.0,20.0,0.0,0.0,20.0,30.0,0.0,0.0,30.0,0.0,0.0,0.0,0.0,0.0,0.0,0.0,0.0,"Dec 31, 2018"
1594,2403003.0,23155.0,Diyala,Ba'quba,Al Doryeen Village,قرية الدوريين,33.8358371409,44.6380209947,5.0,30.0,0.0,0.0,0.0,0.0,0.0,5.0,0.0,0.0,0.0,0.0,0.0,0.0,0.0,0.0,0.0,0.0,0.0,0.0,0.0,0.0,0.0,0.0,0.0,0.0,0.0,0.0,5.0,0.0,0.0,5.0,0.0,0.0,0.0,0.0,0.0,0.0,0.0,0.0,0.0,0.0,0.0,0.0,0.0,0.0,5.0,0.0,0.0,5.0,0.0,0.0,0.0,0.0,0.0,0.0,0.0,0.0,"Dec 31, 2018"
1595,2403004.0,11177.0,Diyala,Ba'quba,Al Gatoon-Al Mujama Qtr,الكاطون-حي المجمع,33.7576709222,44.5820589422,100.0,600.0,5.0,0.0,3.0,0.0,0.0,74.0,0.0,0.0,0.0,0.0,0.0,0.0,3.0,0.0,15.0,0.0,0.0,0.0,0.0,0.0,0.0,0.0,0.0,0.0,0.0,0.0,100.0,0.0,0.0,100.0,0.0,0.0,0.0,0.0,0.0,0.0,0.0,0.0,0.0,0.0,9.0,0.0,24.0,9.0,64.0,24.0,3.0,64.0,0.0,3.0,0.0,0.0,0.0,0.0,0.0,0.0,"Dec 31, 2018"
1596,2403005.0,24915.0,Diyala,Ba'quba,Al Gatoon-Al rahma,الكاطون-الرحمة,33.7571418836,44.6014808731,420.0,2520.0,16.0,0.0,11.0,0.0,0.0,333.0,0.0,0.0,0.0,0.0,0.0,0.0,10.0,0.0,50.0,0.0,0.0,0.0,0.0,0.0,0.0,0.0,0.0,0.0,0.0,0.0,420.0,0.0,0.0,420.0,0.0,0.0,0.0,0.0,0.0,0.0,0.0,0.0,0.0,0.0,50.0,0.0,24.0,50.0,335.0,24.0,11.0,335.0,0.0,11.0,0.0,0.0,0.0,0.0,0.0,0.0,"Dec 31, 2018"
1597,2403006.0,24805.0,Diyala,Ba'quba,Al Gatoon-Al Yarmook Qtr,الكاطون-حي اليرموك,33.7241930333,44.6079515038,700.0,4200.0,7.0,0.0,0.0,0.0,0.0,693.0,0.0,0.0,0.0,0.0,0.0,0.0,0.0,0.0,0.0,0.0,0.0,0.0,0.0,200.0,0.0,0.0,0.0,0.0,0.0,0.0,500.0,0.0,0.0,500.0,0.0,0.0,0.0,0.0,0.0,0.0,0.0,0.0,0.0,0.0,0.0,0.0,0.0,0.0,693.0,0.0,7.0,693.0,0.0,7.0,0.0,0.0,0.0,0.0,0.0,0.0,"Dec 31, 2018"
1598,2403007.0,23740.0,Diyala,Ba'quba,Al Hawidar,الهويدر,33.7725878469,44.625927383,31.0,186.0,5.0,0.0,0.0,0.0,0.0,26.0,0.0,0.0,0.0,0.0,0.0,0.0,0.0,0.0,0.0,0.0,0.0,0.0,0.0,25.0,0.0,0.0,0.0,0.0,0.0,0.0,6.0,0.0,0.0,6.0,0.0,0.0,0.0,0.0,0.0,0.0,0.0,0.0,5.0,0.0,0.0,5.0,6.0,0.0,20.0,6.0,0.0,20.0,0.0,0.0,0.0,0.0,0.0,0.0,0.0,0.0,"Dec 31, 2018"
1599,2403008.0,11189.0,Diyala,Ba'quba,Al Mafraq,المفرق,33.7431955687,44.610447296,254.0,1524.0,0.0,0.0,0.0,0.0,0.0,254.0,0.0,0.0,0.0,0.0,0.0,0.0,0.0,0.0,0.0,0.0,0.0,0.0,0.0,17.0,0.0,0.0,0.0,0.0,0.0,0.0,174.0,0.0,0.0,174.0,0.0,0.0,0.0,0.0,63.0,0.0,0.0,63.0,0.0,0.0,0.0,0.0,0.0,0.0,254.0,0.0,0.0,254.0,0.0,0.0,0.0,0.0,0.0,0.0,0.0,0.0,"Dec 31, 2018"
1600,2403009.0,24964.0,Diyala,Ba'quba,Al-Mustafa Qtr,حي المصطفى,33.7402562846,44.6215812152,80.0,480.0,0.0,0.0,0.0,0.0,0.0,80.0,0.0,0.0,0.0,0.0,0.0,0.0,0.0,0.0,0.0,0.0,0.0,0.0,0.0,80.0,0.0,0.0,0.0,0.0,0.0,0.0,0.0,0.0,0.0,0.0,0.0,0.0,0.0,0.0,0.0,0.0,0.0,0.0,0.0,0.0,0.0,0.0,0.0,0.0,80.0,0.0,0.0,80.0,0.0,0.0,0.0,0.0,0.0,0.0,0.0,0.0,"Dec 31, 2018"
1601,2403010.0,11410.0,Diyala,Ba'quba,Al Rasool Qtr,حي الرسول,33.5782351033,44.5467599906,41.0,246.0,0.0,0.0,0.0,0.0,0.0,36.0,0.0,0.0,0.0,0.0,0.0,0.0,0.0,0.0,5.0,0.0,0.0,0.0,0.0,11.0,0.0,0.0,0.0,0.0,0.0,0.0,10.0,0.0,0.0,10.0,0.0,0.0,0.0,0.0,20.0,0.0,0.0,20.0,0.0,0.0,0.0,0.0,0.0,0.0,41.0,0.0,0.0,41.0,0.0,0.0,0.0,0.0,0.0,0.0,0.0,0.0,"Dec 31, 2018"
1602,2403011.0,11411.0,Diyala,Ba'quba,Al Sabtiyah village,قرية السبتية,33.7834222522,44.6230176246,38.0,228.0,0.0,0.0,0.0,0.0,0.0,38.0,0.0,0.0,0.0,0.0,0.0,0.0,0.0,0.0,0.0,0.0,0.0,0.0,0.0,0.0,0.0,0.0,0.0,0.0,0.0,0.0,38.0,0.0,0.0,38.0,0.0,0.0,0.0,0.0,0.0,0.0,0.0,0.0,0.0,0.0,0.0,0.0,0.0,0.0,38.0,0.0,0.0,38.0,0.0,0.0,0.0,0.0,0.0,0.0,0.0,0.0,"Dec 31, 2018"
1603,2403012.0,11408.0,Diyala,Ba'quba,Al Sadah village,قرية السادة ,33.7944268649,44.6769988546,35.0,210.0,0.0,0.0,0.0,0.0,0.0,35.0,0.0,0.0,0.0,0.0,0.0,0.0,0.0,0.0,0.0,0.0,0.0,0.0,0.0,16.0,0.0,0.0,0.0,0.0,0.0,0.0,19.0,0.0,0.0,19.0,0.0,0.0,0.0,0.0,0.0,0.0,0.0,0.0,0.0,0.0,0.0,0.0,0.0,0.0,35.0,0.0,0.0,35.0,0.0,0.0,0.0,0.0,0.0,0.0,0.0,0.0,"Dec 31, 2018"
1604,2403013.0,24917.0,Diyala,Ba'quba,Al Sadah Village,قرية السعادة,33.481430742,44.5253763631,13.0,78.0,0.0,0.0,0.0,0.0,0.0,0.0,0.0,0.0,0.0,0.0,0.0,0.0,0.0,0.0,13.0,0.0,0.0,0.0,0.0,13.0,0.0,0.0,0.0,0.0,0.0,0.0,0.0,0.0,0.0,0.0,0.0,0.0,0.0,0.0,0.0,0.0,0.0,0.0,0.0,0.0,0.0,0.0,0.0,0.0,13.0,0.0,0.0,13.0,0.0,0.0,0.0,0.0,0.0,0.0,0.0,0.0,"Dec 31, 2018"
1605,2403014.0,11420.0,Diyala,Ba'quba,Al Shikh village,قرية الشيخ ,33.565151431,44.5580679411,23.0,138.0,0.0,0.0,0.0,0.0,0.0,0.0,0.0,0.0,0.0,0.0,0.0,0.0,0.0,0.0,23.0,0.0,0.0,0.0,0.0,13.0,0.0,0.0,0.0,0.0,0.0,0.0,10.0,0.0,0.0,10.0,0.0,0.0,0.0,0.0,0.0,0.0,0.0,0.0,0.0,0.0,0.0,0.0,0.0,0.0,23.0,0.0,0.0,23.0,0.0,0.0,0.0,0.0,0.0,0.0,0.0,0.0,"Dec 31, 2018"
1606,2403015.0,11178.0,Diyala,Ba'quba,Al Tahreer,التحرير,33.7385655505,44.6496810755,450.0,2700.0,0.0,0.0,0.0,0.0,0.0,450.0,0.0,0.0,0.0,0.0,0.0,0.0,0.0,0.0,0.0,0.0,0.0,0.0,0.0,0.0,0.0,0.0,0.0,0.0,0.0,0.0,450.0,0.0,0.0,450.0,0.0,0.0,0.0,0.0,0.0,0.0,0.0,0.0,0.0,0.0,73.0,0.0,187.0,73.0,190.0,187.0,0.0,190.0,0.0,0.0,0.0,0.0,0.0,0.0,0.0,0.0,"Dec 31, 2018"
1607,2403016.0,11213.0,Diyala,Ba'quba,Al Takiya,التكية ,33.7494919374,44.6478663043,60.0,360.0,2.0,0.0,0.0,0.0,0.0,53.0,0.0,0.0,0.0,0.0,0.0,0.0,0.0,0.0,5.0,0.0,0.0,0.0,0.0,23.0,0.0,0.0,0.0,0.0,0.0,0.0,37.0,0.0,0.0,37.0,0.0,0.0,0.0,0.0,0.0,0.0,0.0,0.0,0.0,0.0,0.0,0.0,0.0,0.0,58.0,0.0,2.0,58.0,0.0,2.0,0.0,0.0,0.0,0.0,0.0,0.0,"Dec 31, 2018"
1608,2403017.0,11426.0,Diyala,Ba'quba,Nahr Al-Hajiyah Qtr,حي نهر الحجية,33.75059447,44.61593065,10.0,60.0,0.0,0.0,0.0,0.0,0.0,10.0,0.0,0.0,0.0,0.0,0.0,0.0,0.0,0.0,0.0,0.0,0.0,0.0,0.0,0.0,0.0,0.0,0.0,0.0,0.0,0.0,10.0,0.0,0.0,10.0,0.0,0.0,0.0,0.0,0.0,0.0,0.0,0.0,0.0,0.0,0.0,0.0,0.0,0.0,10.0,0.0,0.0,10.0,0.0,0.0,0.0,0.0,0.0,0.0,0.0,0.0,"Dec 31, 2018"
1609,2403018.0,25465.0,Diyala,Ba'quba,Al-Manjara Qtr,حي المنجرة,33.7549459773,44.6405782444,20.0,120.0,0.0,0.0,0.0,0.0,0.0,20.0,0.0,0.0,0.0,0.0,0.0,0.0,0.0,0.0,0.0,0.0,0.0,0.0,0.0,0.0,0.0,0.0,0.0,0.0,0.0,0.0,20.0,0.0,0.0,20.0,0.0,0.0,0.0,0.0,0.0,0.0,0.0,0.0,0.0,0.0,20.0,0.0,0.0,20.0,0.0,0.0,0.0,0.0,0.0,0.0,0.0,0.0,0.0,0.0,0.0,0.0,"Dec 31, 2018"
1610,2403019.0,11328.0,Diyala,Ba'quba,Al-Mualmeen Qtr,حي المعلمين ,33.7320081701,44.6111029542,105.0,630.0,0.0,0.0,0.0,0.0,0.0,105.0,0.0,0.0,0.0,0.0,0.0,0.0,0.0,0.0,0.0,0.0,0.0,0.0,0.0,0.0,0.0,0.0,0.0,0.0,0.0,0.0,105.0,0.0,0.0,105.0,0.0,0.0,0.0,0.0,0.0,0.0,0.0,0.0,0.0,0.0,70.0,0.0,0.0,70.0,35.0,0.0,0.0,35.0,0.0,0.0,0.0,0.0,0.0,0.0,0.0,0.0,"Dec 31, 2018"
1611,2403020.0,21273.0,Diyala,Ba'quba,Al-Qatoon-Al Raazi Qtr,الكاطون-حي الرازي,33.7384030268,44.5964721358,72.0,432.0,0.0,0.0,0.0,0.0,0.0,72.0,0.0,0.0,0.0,0.0,0.0,0.0,0.0,0.0,0.0,0.0,0.0,0.0,0.0,6.0,0.0,0.0,0.0,0.0,0.0,0.0,66.0,0.0,0.0,66.0,0.0,0.0,0.0,0.0,0.0,0.0,0.0,0.0,0.0,0.0,0.0,0.0,0.0,0.0,27.0,0.0,0.0,27.0,0.0,0.0,45.0,0.0,0.0,45.0,0.0,0.0,"Dec 31, 2018"
1612,2403021.0,25464.0,Diyala,Ba'quba,Al-Sumud Qtr,حي الصمود,33.7580135678,44.6387772959,10.0,60.0,0.0,0.0,0.0,0.0,0.0,10.0,0.0,0.0,0.0,0.0,0.0,0.0,0.0,0.0,0.0,0.0,0.0,0.0,0.0,0.0,0.0,0.0,0.0,0.0,0.0,0.0,10.0,0.0,0.0,10.0,0.0,0.0,0.0,0.0,0.0,0.0,0.0,0.0,0.0,0.0,10.0,0.0,0.0,10.0,0.0,0.0,0.0,0.0,0.0,0.0,0.0,0.0,0.0,0.0,0.0,0.0,"Dec 31, 2018"
1613,2403022.0,11432.0,Diyala,Ba'quba,Al-Swamra village,قرية السوامرة,33.7615206837,44.6527180196,79.0,474.0,0.0,0.0,0.0,0.0,0.0,66.0,0.0,0.0,0.0,0.0,0.0,0.0,0.0,0.0,13.0,0.0,0.0,0.0,0.0,7.0,0.0,0.0,0.0,0.0,0.0,0.0,62.0,0.0,0.0,62.0,0.0,0.0,0.0,0.0,10.0,0.0,0.0,10.0,0.0,0.0,0.0,0.0,79.0,0.0,0.0,79.0,0.0,0.0,0.0,0.0,0.0,0.0,0.0,0.0,0.0,0.0,"Dec 31, 2018"
1614,2403023.0,24916.0,Diyala,Ba'quba,Bane Saad-Al-Askari Qtr,الحي العسكري,33.5736500956,44.5436076761,4.0,24.0,0.0,0.0,0.0,0.0,0.0,4.0,0.0,0.0,0.0,0.0,0.0,0.0,0.0,0.0,0.0,0.0,0.0,0.0,0.0,0.0,0.0,0.0,0.0,0.0,0.0,0.0,4.0,0.0,0.0,4.0,0.0,0.0,0.0,0.0,0.0,0.0,0.0,0.0,0.0,0.0,0.0,0.0,4.0,0.0,0.0,4.0,0.0,0.0,0.0,0.0,0.0,0.0,0.0,0.0,0.0,0.0,"Dec 31, 2018"
1615,2403025.0,24576.0,Diyala,Ba'quba,Bani Saad-Zahraa Qtr,بني سعد-حي زهراء,33.5716067899,44.5454868344,8.0,48.0,0.0,0.0,0.0,0.0,0.0,8.0,0.0,0.0,0.0,0.0,0.0,0.0,0.0,0.0,0.0,0.0,0.0,0.0,0.0,8.0,0.0,0.0,0.0,0.0,0.0,0.0,0.0,0.0,0.0,0.0,0.0,0.0,0.0,0.0,0.0,0.0,0.0,0.0,0.0,0.0,0.0,0.0,8.0,0.0,0.0,8.0,0.0,0.0,0.0,0.0,0.0,0.0,0.0,0.0,0.0,0.0,"Dec 31, 2018"
1616,2403026.0,24574.0,Diyala,Ba'quba,Bani Saad-Al Salam Qtr,بني سعد-حي السلام,33.5727865255,44.5277936251,30.0,180.0,0.0,0.0,0.0,0.0,0.0,30.0,0.0,0.0,0.0,0.0,0.0,0.0,0.0,0.0,0.0,0.0,0.0,0.0,0.0,15.0,0.0,0.0,0.0,0.0,0.0,0.0,15.0,0.0,0.0,15.0,0.0,0.0,0.0,0.0,0.0,0.0,0.0,0.0,0.0,0.0,0.0,0.0,30.0,0.0,0.0,30.0,0.0,0.0,0.0,0.0,0.0,0.0,0.0,0.0,0.0,0.0,"Dec 31, 2018"
1617,2403027.0,25039.0,Diyala,Ba'quba,Buhriz-Abdulah Jasim village,قرية عبد الله جاسم,33.6885138877,44.6608990211,1.0,6.0,0.0,0.0,0.0,0.0,0.0,0.0,0.0,0.0,0.0,0.0,0.0,0.0,0.0,0.0,1.0,0.0,0.0,0.0,0.0,1.0,0.0,0.0,0.0,0.0,0.0,0.0,0.0,0.0,0.0,0.0,0.0,0.0,0.0,0.0,0.0,0.0,0.0,0.0,0.0,0.0,0.0,0.0,1.0,0.0,0.0,1.0,0.0,0.0,0.0,0.0,0.0,0.0,0.0,0.0,0.0,0.0,"Dec 31, 2018"
1618,2403028.0,25038.0,Diyala,Ba'quba,Buhriz-Al Bwadish village,قرية البواديش,33.6836621383,44.6433901706,7.0,42.0,0.0,0.0,0.0,0.0,0.0,0.0,0.0,0.0,0.0,0.0,0.0,0.0,0.0,0.0,7.0,0.0,0.0,0.0,0.0,7.0,0.0,0.0,0.0,0.0,0.0,0.0,0.0,0.0,0.0,0.0,0.0,0.0,0.0,0.0,0.0,0.0,0.0,0.0,0.0,0.0,0.0,0.0,7.0,0.0,0.0,7.0,0.0,0.0,0.0,0.0,0.0,0.0,0.0,0.0,0.0,0.0,"Dec 31, 2018"
1619,2403029.0,24918.0,Diyala,Ba'quba,Buhriz-Al-Asri Qtr,بهرز-الحي العصري,33.706500026,44.6472570439,15.0,90.0,0.0,0.0,0.0,0.0,0.0,15.0,0.0,0.0,0.0,0.0,0.0,0.0,0.0,0.0,0.0,0.0,0.0,0.0,0.0,15.0,0.0,0.0,0.0,0.0,0.0,0.0,0.0,0.0,0.0,0.0,0.0,0.0,0.0,0.0,0.0,0.0,0.0,0.0,0.0,0.0,0.0,0.0,0.0,0.0,15.0,0.0,0.0,15.0,0.0,0.0,0.0,0.0,0.0,0.0,0.0,0.0,"Dec 31, 2018"
1620,2403030.0,11376.0,Diyala,Ba'quba,Buhriz-Al-Mustafa Qtr,بهرز-حي المصطفى,33.7136359915,44.6503807778,13.0,78.0,0.0,0.0,0.0,0.0,0.0,13.0,0.0,0.0,0.0,0.0,0.0,0.0,0.0,0.0,0.0,0.0,0.0,0.0,0.0,0.0,0.0,0.0,0.0,0.0,0.0,0.0,13.0,0.0,0.0,13.0,0.0,0.0,0.0,0.0,0.0,0.0,0.0,0.0,0.0,0.0,0.0,0.0,0.0,0.0,13.0,0.0,0.0,13.0,0.0,0.0,0.0,0.0,0.0,0.0,0.0,0.0,"Dec 31, 2018"
1621,2403031.0,11368.0,Diyala,Ba'quba,Buhriz-Borgha Qtr,بهرز-حي برغة,33.7277788943,44.6585419087,12.0,72.0,0.0,0.0,0.0,0.0,0.0,12.0,0.0,0.0,0.0,0.0,0.0,0.0,0.0,0.0,0.0,0.0,0.0,0.0,0.0,12.0,0.0,0.0,0.0,0.0,0.0,0.0,0.0,0.0,0.0,0.0,0.0,0.0,0.0,0.0,0.0,0.0,0.0,0.0,0.0,0.0,0.0,0.0,0.0,0.0,12.0,0.0,0.0,12.0,0.0,0.0,0.0,0.0,0.0,0.0,0.0,0.0,"Dec 31, 2018"
1622,2403032.0,25037.0,Diyala,Ba'quba,Buhriz-Shatib village,قرية شطب,33.69806492,44.68220412,3.0,18.0,0.0,0.0,0.0,0.0,0.0,3.0,0.0,0.0,0.0,0.0,0.0,0.0,0.0,0.0,0.0,0.0,0.0,0.0,0.0,3.0,0.0,0.0,0.0,0.0,0.0,0.0,0.0,0.0,0.0,0.0,0.0,0.0,0.0,0.0,0.0,0.0,0.0,0.0,0.0,0.0,0.0,0.0,0.0,0.0,3.0,0.0,0.0,3.0,0.0,0.0,0.0,0.0,0.0,0.0,0.0,0.0,"Dec 31, 2018"
1623,2403033.0,11496.0,Diyala,Ba'quba,Ejbainat village,قرية جبينات,33.769738911,44.6442569297,15.0,90.0,0.0,0.0,0.0,0.0,0.0,15.0,0.0,0.0,0.0,0.0,0.0,0.0,0.0,0.0,0.0,0.0,0.0,0.0,0.0,0.0,0.0,0.0,0.0,0.0,0.0,0.0,15.0,0.0,0.0,15.0,0.0,0.0,0.0,0.0,0.0,0.0,0.0,0.0,0.0,0.0,15.0,0.0,0.0,15.0,0.0,0.0,0.0,0.0,0.0,0.0,0.0,0.0,0.0,0.0,0.0,0.0,"Dec 31, 2018"
1624,2403034.0,11553.0,Diyala,Ba'quba,Had Al-Akhdhar village,قرية الحد الاخضر ,33.828640713,44.6736540906,10.0,60.0,0.0,0.0,0.0,0.0,0.0,10.0,0.0,0.0,0.0,0.0,0.0,0.0,0.0,0.0,0.0,0.0,0.0,0.0,0.0,10.0,0.0,0.0,0.0,0.0,0.0,0.0,0.0,0.0,0.0,0.0,0.0,0.0,0.0,0.0,0.0,0.0,0.0,0.0,0.0,0.0,0.0,0.0,0.0,0.0,10.0,0.0,0.0,10.0,0.0,0.0,0.0,0.0,0.0,0.0,0.0,0.0,"Dec 31, 2018"
1625,2403035.0,11463.0,Diyala,Ba'quba,Had Mekser,حد مكسر,33.8436572124,44.644396961,47.0,282.0,0.0,0.0,0.0,0.0,0.0,22.0,0.0,0.0,0.0,0.0,0.0,0.0,0.0,0.0,25.0,0.0,0.0,0.0,0.0,18.0,0.0,0.0,0.0,0.0,0.0,0.0,29.0,0.0,0.0,29.0,0.0,0.0,0.0,0.0,0.0,0.0,0.0,0.0,0.0,0.0,0.0,0.0,0.0,0.0,47.0,0.0,0.0,47.0,0.0,0.0,0.0,0.0,0.0,0.0,0.0,0.0,"Dec 31, 2018"
1626,2403036.0,23694.0,Diyala,Ba'quba,Al Intesar-1 Qtr,حي الانتصار 1,33.5842200577,44.5542886818,67.0,402.0,18.0,0.0,0.0,0.0,0.0,35.0,0.0,0.0,0.0,0.0,0.0,0.0,0.0,0.0,14.0,0.0,0.0,0.0,0.0,17.0,0.0,0.0,0.0,0.0,0.0,0.0,40.0,0.0,0.0,40.0,0.0,0.0,0.0,0.0,10.0,0.0,0.0,10.0,8.0,0.0,0.0,8.0,37.0,0.0,9.0,37.0,13.0,9.0,0.0,13.0,0.0,0.0,0.0,0.0,0.0,0.0,"Dec 31, 2018"
1627,2403037.0,11220.0,Diyala,Ba'quba,Al Karama village,قرية الكرامة ,33.4813098414,44.5262937987,6.0,36.0,0.0,0.0,0.0,0.0,0.0,6.0,0.0,0.0,0.0,0.0,0.0,0.0,0.0,0.0,0.0,0.0,0.0,0.0,0.0,6.0,0.0,0.0,0.0,0.0,0.0,0.0,0.0,0.0,0.0,0.0,0.0,0.0,0.0,0.0,0.0,0.0,0.0,0.0,0.0,0.0,0.0,0.0,0.0,0.0,6.0,0.0,0.0,6.0,0.0,0.0,0.0,0.0,0.0,0.0,0.0,0.0,"Dec 31, 2018"
1628,2403038.0,11268.0,Diyala,Ba'quba,Al Qadisiya Qtr,حي القادسية,33.7204670191,44.6525422311,35.0,210.0,0.0,0.0,0.0,0.0,0.0,35.0,0.0,0.0,0.0,0.0,0.0,0.0,0.0,0.0,0.0,0.0,0.0,0.0,0.0,35.0,0.0,0.0,0.0,0.0,0.0,0.0,0.0,0.0,0.0,0.0,0.0,0.0,0.0,0.0,0.0,0.0,0.0,0.0,0.0,0.0,0.0,0.0,0.0,0.0,35.0,0.0,0.0,35.0,0.0,0.0,0.0,0.0,0.0,0.0,0.0,0.0,"Dec 31, 2018"
1629,2403039.0,11251.0,Diyala,Ba'quba,Al Salam Qtr,حي السلام,33.7142629611,44.6535524566,55.0,330.0,0.0,0.0,0.0,0.0,0.0,55.0,0.0,0.0,0.0,0.0,0.0,0.0,0.0,0.0,0.0,0.0,0.0,0.0,0.0,55.0,0.0,0.0,0.0,0.0,0.0,0.0,0.0,0.0,0.0,0.0,0.0,0.0,0.0,0.0,0.0,0.0,0.0,0.0,0.0,0.0,0.0,0.0,2.0,0.0,53.0,2.0,0.0,53.0,0.0,0.0,0.0,0.0,0.0,0.0,0.0,0.0,"Dec 31, 2018"
1630,2403040.0,21413.0,Diyala,Ba'quba,Al-Mualimeen-Shahid wadah Qtr,حي المعلمين-الشهيد وضاح,33.728401607,44.611321933,120.0,720.0,6.0,0.0,0.0,0.0,0.0,80.0,0.0,0.0,0.0,0.0,0.0,0.0,10.0,0.0,24.0,0.0,0.0,0.0,0.0,10.0,0.0,0.0,0.0,0.0,0.0,0.0,75.0,0.0,0.0,75.0,0.0,0.0,0.0,0.0,35.0,0.0,0.0,35.0,6.0,0.0,0.0,6.0,0.0,0.0,114.0,0.0,0.0,114.0,0.0,0.0,0.0,0.0,0.0,0.0,0.0,0.0,"Dec 31, 2018"
1631,2403042.0,21271.0,Diyala,Ba'quba,Al-Shuhada Qtr,حي الشهداء,33.7295158581,44.6524893157,15.0,90.0,0.0,0.0,0.0,0.0,0.0,15.0,0.0,0.0,0.0,0.0,0.0,0.0,0.0,0.0,0.0,0.0,0.0,0.0,0.0,15.0,0.0,0.0,0.0,0.0,0.0,0.0,0.0,0.0,0.0,0.0,0.0,0.0,0.0,0.0,0.0,0.0,0.0,0.0,0.0,0.0,0.0,0.0,15.0,0.0,0.0,15.0,0.0,0.0,0.0,0.0,0.0,0.0,0.0,0.0,0.0,0.0,"Dec 31, 2018"
1632,2403043.0,11217.0,Diyala,Ba'quba,Jorf Al Milih Qtr,حي جرف الملح,33.7547943956,44.6585572816,47.0,282.0,0.0,0.0,0.0,0.0,0.0,47.0,0.0,0.0,0.0,0.0,0.0,0.0,0.0,0.0,0.0,0.0,0.0,0.0,0.0,0.0,0.0,0.0,0.0,0.0,0.0,0.0,47.0,0.0,0.0,47.0,0.0,0.0,0.0,0.0,0.0,0.0,0.0,0.0,0.0,0.0,47.0,0.0,0.0,47.0,0.0,0.0,0.0,0.0,0.0,0.0,0.0,0.0,0.0,0.0,0.0,0.0,"Dec 31, 2018"
1633,2403044.0,11363.0,Diyala,Ba'quba,Markaz Kanaan,مركز ناحية كنعان ,33.6909072794,44.7984165527,50.0,300.0,0.0,0.0,0.0,0.0,0.0,50.0,0.0,0.0,0.0,0.0,0.0,0.0,0.0,0.0,0.0,0.0,0.0,0.0,0.0,35.0,0.0,0.0,0.0,0.0,0.0,0.0,15.0,0.0,0.0,15.0,0.0,0.0,0.0,0.0,0.0,0.0,0.0,0.0,0.0,0.0,0.0,0.0,43.0,0.0,0.0,43.0,0.0,0.0,0.0,0.0,0.0,0.0,7.0,0.0,7.0,0.0,"Dec 31, 2018"
1634,2403045.0,25040.0,Diyala,Ba'quba,Al Asri Qtr,حي العصري,33.6898693387,44.7994201254,75.0,450.0,0.0,0.0,0.0,0.0,0.0,75.0,0.0,0.0,0.0,0.0,0.0,0.0,0.0,0.0,0.0,0.0,0.0,0.0,0.0,0.0,0.0,0.0,0.0,0.0,0.0,0.0,75.0,0.0,0.0,75.0,0.0,0.0,0.0,0.0,0.0,0.0,0.0,0.0,0.0,0.0,0.0,0.0,0.0,0.0,75.0,0.0,0.0,75.0,0.0,0.0,0.0,0.0,0.0,0.0,0.0,0.0,"Dec 31, 2018"
1635,2403046.0,25052.0,Diyala,Ba'quba,Al Badaa Village,قرية البدعة,33.6670399054,44.7708691511,12.0,72.0,0.0,0.0,0.0,0.0,0.0,12.0,0.0,0.0,0.0,0.0,0.0,0.0,0.0,0.0,0.0,0.0,0.0,0.0,0.0,0.0,0.0,0.0,0.0,0.0,0.0,0.0,12.0,0.0,0.0,12.0,0.0,0.0,0.0,0.0,0.0,0.0,0.0,0.0,0.0,0.0,0.0,0.0,0.0,0.0,12.0,0.0,0.0,12.0,0.0,0.0,0.0,0.0,0.0,0.0,0.0,0.0,"Dec 31, 2018"
1636,2403047.0,25047.0,Diyala,Ba'quba,Al Khadra Qtr,حي الخضراء,33.6945491053,44.8016870836,40.0,240.0,0.0,0.0,0.0,0.0,0.0,40.0,0.0,0.0,0.0,0.0,0.0,0.0,0.0,0.0,0.0,0.0,0.0,0.0,0.0,0.0,0.0,0.0,0.0,0.0,0.0,0.0,40.0,0.0,0.0,40.0,0.0,0.0,0.0,0.0,0.0,0.0,0.0,0.0,0.0,0.0,0.0,0.0,0.0,0.0,40.0,0.0,0.0,40.0,0.0,0.0,0.0,0.0,0.0,0.0,0.0,0.0,"Dec 31, 2018"
1637,2403048.0,25054.0,Diyala,Ba'quba,Al Mashtl Qtr,حي المشتل,33.6944540483,44.8019422718,18.0,108.0,0.0,0.0,0.0,0.0,0.0,13.0,0.0,0.0,0.0,0.0,0.0,0.0,5.0,0.0,0.0,0.0,0.0,0.0,0.0,0.0,0.0,0.0,0.0,0.0,0.0,0.0,18.0,0.0,0.0,18.0,0.0,0.0,0.0,0.0,0.0,0.0,0.0,0.0,0.0,0.0,0.0,0.0,0.0,0.0,18.0,0.0,0.0,18.0,0.0,0.0,0.0,0.0,0.0,0.0,0.0,0.0,"Dec 31, 2018"
1638,2403049.0,25049.0,Diyala,Ba'quba,Al Nasr Qtr,حي النصر,33.6910373499,44.804466811,13.0,78.0,0.0,0.0,0.0,0.0,0.0,13.0,0.0,0.0,0.0,0.0,0.0,0.0,0.0,0.0,0.0,0.0,0.0,0.0,0.0,0.0,0.0,0.0,0.0,0.0,0.0,0.0,13.0,0.0,0.0,13.0,0.0,0.0,0.0,0.0,0.0,0.0,0.0,0.0,0.0,0.0,0.0,0.0,0.0,0.0,13.0,0.0,0.0,13.0,0.0,0.0,0.0,0.0,0.0,0.0,0.0,0.0,"Dec 31, 2018"
1639,2403050.0,25044.0,Diyala,Ba'quba,Al Oroba Qtr,حي العروبة,33.6932001049,44.8014447209,40.0,240.0,0.0,0.0,0.0,0.0,0.0,29.0,0.0,0.0,0.0,0.0,0.0,0.0,0.0,0.0,11.0,0.0,0.0,0.0,0.0,0.0,0.0,0.0,0.0,0.0,0.0,0.0,40.0,0.0,0.0,40.0,0.0,0.0,0.0,0.0,0.0,0.0,0.0,0.0,0.0,0.0,0.0,0.0,11.0,0.0,29.0,11.0,0.0,29.0,0.0,0.0,0.0,0.0,0.0,0.0,0.0,0.0,"Dec 31, 2018"
1640,2403051.0,25041.0,Diyala,Ba'quba,Al Resala Qtr,حي الرسالة,33.6927385557,44.7906374496,45.0,270.0,0.0,0.0,0.0,0.0,0.0,45.0,0.0,0.0,0.0,0.0,0.0,0.0,0.0,0.0,0.0,0.0,0.0,0.0,0.0,0.0,0.0,0.0,0.0,0.0,0.0,0.0,45.0,0.0,0.0,45.0,0.0,0.0,0.0,0.0,0.0,0.0,0.0,0.0,0.0,0.0,0.0,0.0,0.0,0.0,45.0,0.0,0.0,45.0,0.0,0.0,0.0,0.0,0.0,0.0,0.0,0.0,"Dec 31, 2018"
1641,2403052.0,25046.0,Diyala,Ba'quba,Al Sadiq Qtr,حي الصديق,33.6974999845,44.7897947394,20.0,120.0,0.0,0.0,0.0,0.0,0.0,20.0,0.0,0.0,0.0,0.0,0.0,0.0,0.0,0.0,0.0,0.0,0.0,0.0,0.0,0.0,0.0,0.0,0.0,0.0,0.0,0.0,20.0,0.0,0.0,20.0,0.0,0.0,0.0,0.0,0.0,0.0,0.0,0.0,0.0,0.0,0.0,0.0,0.0,0.0,20.0,0.0,0.0,20.0,0.0,0.0,0.0,0.0,0.0,0.0,0.0,0.0,"Dec 31, 2018"
1642,2403053.0,25055.0,Diyala,Ba'quba,Al Shrika Qtr,حي الشركة,33.6893753569,44.7938685597,13.0,78.0,0.0,0.0,0.0,0.0,0.0,13.0,0.0,0.0,0.0,0.0,0.0,0.0,0.0,0.0,0.0,0.0,0.0,0.0,0.0,0.0,0.0,0.0,0.0,0.0,0.0,0.0,13.0,0.0,0.0,13.0,0.0,0.0,0.0,0.0,0.0,0.0,0.0,0.0,0.0,0.0,0.0,0.0,0.0,0.0,13.0,0.0,0.0,13.0,0.0,0.0,0.0,0.0,0.0,0.0,0.0,0.0,"Dec 31, 2018"
1643,2403054.0,25045.0,Diyala,Ba'quba,Dor Mindli Qtr,حي دور مندلي,33.700701424,44.7942550439,28.0,168.0,0.0,0.0,0.0,0.0,0.0,28.0,0.0,0.0,0.0,0.0,0.0,0.0,0.0,0.0,0.0,0.0,0.0,0.0,0.0,13.0,0.0,0.0,0.0,0.0,0.0,0.0,15.0,0.0,0.0,15.0,0.0,0.0,0.0,0.0,0.0,0.0,0.0,0.0,0.0,0.0,0.0,0.0,0.0,0.0,15.0,0.0,0.0,15.0,0.0,0.0,0.0,0.0,13.0,0.0,13.0,0.0,"Dec 31, 2018"
1644,2403055.0,25050.0,Diyala,Ba'quba,Fars Tarish Village,قرية فارس طارش,33.7196045616,44.7744963832,15.0,90.0,0.0,0.0,0.0,0.0,0.0,15.0,0.0,0.0,0.0,0.0,0.0,0.0,0.0,0.0,0.0,0.0,0.0,0.0,0.0,0.0,0.0,0.0,0.0,0.0,0.0,0.0,15.0,0.0,0.0,15.0,0.0,0.0,0.0,0.0,0.0,0.0,0.0,0.0,0.0,0.0,0.0,0.0,0.0,0.0,15.0,0.0,0.0,15.0,0.0,0.0,0.0,0.0,0.0,0.0,0.0,0.0,"Dec 31, 2018"
1645,2403056.0,25048.0,Diyala,Ba'quba,Kanbar Village,قرية قنبر,33.6717278862,44.8131911469,10.0,60.0,0.0,0.0,0.0,0.0,0.0,10.0,0.0,0.0,0.0,0.0,0.0,0.0,0.0,0.0,0.0,0.0,0.0,0.0,0.0,10.0,0.0,0.0,0.0,0.0,0.0,0.0,0.0,0.0,0.0,0.0,0.0,0.0,0.0,0.0,0.0,0.0,0.0,0.0,0.0,0.0,0.0,0.0,0.0,0.0,10.0,0.0,0.0,10.0,0.0,0.0,0.0,0.0,0.0,0.0,0.0,0.0,"Dec 31, 2018"
1646,2403058.0,25043.0,Diyala,Ba'quba,Nahr Ibraheem Village,قرية نهر ابراهيم,33.7194480104,44.7740070462,20.0,120.0,0.0,0.0,0.0,0.0,0.0,20.0,0.0,0.0,0.0,0.0,0.0,0.0,0.0,0.0,0.0,0.0,0.0,0.0,0.0,15.0,0.0,0.0,0.0,0.0,0.0,0.0,5.0,0.0,0.0,5.0,0.0,0.0,0.0,0.0,0.0,0.0,0.0,0.0,0.0,0.0,0.0,0.0,0.0,0.0,20.0,0.0,0.0,20.0,0.0,0.0,0.0,0.0,0.0,0.0,0.0,0.0,"Dec 31, 2018"
1647,2403059.0,25053.0,Diyala,Ba'quba,Nahr Shekh Tamem Village,قرية نهر شيخ تميم,33.740612754,44.8098038066,7.0,42.0,0.0,0.0,0.0,0.0,0.0,7.0,0.0,0.0,0.0,0.0,0.0,0.0,0.0,0.0,0.0,0.0,0.0,0.0,0.0,0.0,0.0,0.0,0.0,0.0,0.0,0.0,7.0,0.0,0.0,7.0,0.0,0.0,0.0,0.0,0.0,0.0,0.0,0.0,0.0,0.0,0.0,0.0,0.0,0.0,7.0,0.0,0.0,7.0,0.0,0.0,0.0,0.0,0.0,0.0,0.0,0.0,"Dec 31, 2018"
1648,2403060.0,25042.0,Diyala,Ba'quba,Sesbana Village,قرية سيسبانه,33.6887723866,44.8286456112,18.0,108.0,0.0,0.0,0.0,0.0,0.0,18.0,0.0,0.0,0.0,0.0,0.0,0.0,0.0,0.0,0.0,0.0,0.0,0.0,0.0,0.0,0.0,0.0,0.0,0.0,0.0,0.0,18.0,0.0,0.0,18.0,0.0,0.0,0.0,0.0,0.0,0.0,0.0,0.0,0.0,0.0,0.0,0.0,0.0,0.0,18.0,0.0,0.0,18.0,0.0,0.0,0.0,0.0,0.0,0.0,0.0,0.0,"Dec 31, 2018"
1649,2403061.0,11200.0,Diyala,Ba'quba,Khirnabat village,قرية خرنابات ,33.8040175957,44.6340130597,40.0,240.0,0.0,0.0,0.0,0.0,0.0,40.0,0.0,0.0,0.0,0.0,0.0,0.0,0.0,0.0,0.0,0.0,0.0,0.0,0.0,20.0,0.0,0.0,0.0,0.0,0.0,0.0,20.0,0.0,0.0,20.0,0.0,0.0,0.0,0.0,0.0,0.0,0.0,0.0,0.0,0.0,0.0,0.0,0.0,0.0,40.0,0.0,0.0,40.0,0.0,0.0,0.0,0.0,0.0,0.0,0.0,0.0,"Dec 31, 2018"
1650,2403062.0,23709.0,Diyala,Ba'quba,Mohamed sakran,محمد سكران,33.5645406992,44.4322712142,25.0,150.0,5.0,0.0,0.0,0.0,0.0,0.0,0.0,0.0,0.0,0.0,0.0,0.0,0.0,0.0,20.0,0.0,0.0,0.0,0.0,5.0,0.0,0.0,0.0,0.0,0.0,20.0,0.0,20.0,0.0,0.0,0.0,0.0,0.0,0.0,0.0,0.0,0.0,0.0,25.0,0.0,0.0,25.0,0.0,0.0,0.0,0.0,0.0,0.0,0.0,0.0,0.0,0.0,0.0,0.0,0.0,0.0,"Dec 31, 2018"
1651,2403063.0,24776.0,Diyala,Ba'quba,Muskar Saad Camp,مخيم معسكر سعد,33.7493875643,44.6631924575,149.0,894.0,0.0,0.0,0.0,0.0,0.0,142.0,0.0,0.0,0.0,0.0,0.0,0.0,2.0,0.0,5.0,0.0,0.0,0.0,149.0,0.0,0.0,0.0,0.0,0.0,0.0,0.0,0.0,0.0,0.0,0.0,0.0,0.0,0.0,0.0,0.0,0.0,0.0,0.0,2.0,0.0,45.0,2.0,0.0,45.0,102.0,0.0,0.0,102.0,0.0,0.0,0.0,0.0,0.0,0.0,0.0,0.0,"Dec 31, 2018"
1652,2403064.0,11208.0,Diyala,Ba'quba,Muskar Saad Qtr,حي معسكر سعد ,33.7523396127,44.6664973517,63.0,378.0,0.0,0.0,0.0,0.0,0.0,63.0,0.0,0.0,0.0,0.0,0.0,0.0,0.0,0.0,0.0,0.0,0.0,0.0,0.0,20.0,0.0,0.0,0.0,0.0,0.0,0.0,43.0,0.0,0.0,43.0,0.0,0.0,0.0,0.0,0.0,0.0,0.0,0.0,0.0,0.0,0.0,0.0,0.0,0.0,63.0,0.0,0.0,63.0,0.0,0.0,0.0,0.0,0.0,0.0,0.0,0.0,"Dec 31, 2018"
1653,2403065.0,24919.0,Diyala,Ba'quba,Nahr Alshikh Village,قرية نهر الشيخ,33.78675323,44.64398154,18.0,108.0,0.0,0.0,0.0,0.0,0.0,18.0,0.0,0.0,0.0,0.0,0.0,0.0,0.0,0.0,0.0,0.0,0.0,0.0,0.0,18.0,0.0,0.0,0.0,0.0,0.0,0.0,0.0,0.0,0.0,0.0,0.0,0.0,0.0,0.0,0.0,0.0,0.0,0.0,0.0,0.0,0.0,0.0,0.0,0.0,18.0,0.0,0.0,18.0,0.0,0.0,0.0,0.0,0.0,0.0,0.0,0.0,"Dec 31, 2018"
1654,2403066.0,25466.0,Diyala,Ba'quba,New Baquba Qtr,حي بعقوبة الجديدة,33.7469608518,44.6293962209,15.0,90.0,0.0,0.0,0.0,0.0,0.0,15.0,0.0,0.0,0.0,0.0,0.0,0.0,0.0,0.0,0.0,0.0,0.0,0.0,0.0,0.0,0.0,0.0,0.0,0.0,0.0,0.0,15.0,0.0,0.0,15.0,0.0,0.0,0.0,0.0,0.0,0.0,0.0,0.0,0.0,0.0,15.0,0.0,0.0,15.0,0.0,0.0,0.0,0.0,0.0,0.0,0.0,0.0,0.0,0.0,0.0,0.0,"Dec 31, 2018"
1655,2403067.0,11212.0,Diyala,Ba'quba,Shiftah Village,قرية شفته ,33.7402506441,44.6342930429,5.0,30.0,0.0,0.0,0.0,0.0,0.0,5.0,0.0,0.0,0.0,0.0,0.0,0.0,0.0,0.0,0.0,0.0,0.0,0.0,0.0,0.0,0.0,0.0,0.0,0.0,0.0,0.0,5.0,0.0,0.0,5.0,0.0,0.0,0.0,0.0,0.0,0.0,0.0,0.0,0.0,0.0,0.0,0.0,0.0,0.0,5.0,0.0,0.0,5.0,0.0,0.0,0.0,0.0,0.0,0.0,0.0,0.0,"Dec 31, 2018"
1656,2403068.0,24914.0,Diyala,Ba'quba,Um Al Edam Village,قرية ام العظام,33.7189583297,44.6223111575,31.0,186.0,0.0,0.0,0.0,0.0,0.0,31.0,0.0,0.0,0.0,0.0,0.0,0.0,0.0,0.0,0.0,0.0,0.0,0.0,0.0,0.0,0.0,0.0,0.0,0.0,0.0,0.0,31.0,0.0,0.0,31.0,0.0,0.0,0.0,0.0,0.0,0.0,0.0,0.0,0.0,0.0,0.0,0.0,0.0,0.0,31.0,0.0,0.0,31.0,0.0,0.0,0.0,0.0,0.0,0.0,0.0,0.0,"Dec 31, 2018"
1657,2403069.0,11214.0,Diyala,Ba'quba,Zahrah Village,قرية زهرة ,33.8121662005,44.6761615534,50.0,300.0,0.0,0.0,0.0,0.0,0.0,50.0,0.0,0.0,0.0,0.0,0.0,0.0,0.0,0.0,0.0,0.0,0.0,0.0,0.0,50.0,0.0,0.0,0.0,0.0,0.0,0.0,0.0,0.0,0.0,0.0,0.0,0.0,0.0,0.0,0.0,0.0,0.0,0.0,0.0,0.0,0.0,0.0,0.0,0.0,50.0,0.0,0.0,50.0,0.0,0.0,0.0,0.0,0.0,0.0,0.0,0.0,"Dec 31, 2018"
1658,2403072.0,33520.0,Diyala,Ba'quba,Al Homerat Vellage,قرية الحميرات,33.6878849297,44.8062886194,90.0,540.0,0.0,0.0,0.0,0.0,0.0,90.0,0.0,0.0,0.0,0.0,0.0,0.0,0.0,0.0,0.0,0.0,0.0,0.0,0.0,90.0,0.0,0.0,0.0,0.0,0.0,0.0,0.0,0.0,0.0,0.0,0.0,0.0,0.0,0.0,0.0,0.0,0.0,0.0,0.0,0.0,0.0,0.0,0.0,0.0,0.0,0.0,0.0,0.0,0.0,0.0,0.0,0.0,90.0,0.0,90.0,0.0,"Dec 31, 2018"
1659,2404001.0,11230.0,Diyala,Baladrooz,Al Bazaniya village,قرية البزانية,33.6950318674,45.0797503167,8.0,48.0,0.0,0.0,0.0,0.0,0.0,8.0,0.0,0.0,0.0,0.0,0.0,0.0,0.0,0.0,0.0,0.0,0.0,0.0,0.0,8.0,0.0,0.0,0.0,0.0,0.0,0.0,0.0,0.0,0.0,0.0,0.0,0.0,0.0,0.0,0.0,0.0,0.0,0.0,0.0,0.0,8.0,0.0,0.0,8.0,0.0,0.0,0.0,0.0,0.0,0.0,0.0,0.0,0.0,0.0,0.0,0.0,"Dec 31, 2018"
1660,2404002.0,11338.0,Diyala,Baladrooz,Al-Asri Qtr,حي العصري,33.6923492204,45.0648730184,3.0,18.0,0.0,0.0,0.0,0.0,0.0,3.0,0.0,0.0,0.0,0.0,0.0,0.0,0.0,0.0,0.0,0.0,0.0,0.0,0.0,0.0,0.0,0.0,0.0,0.0,0.0,0.0,3.0,0.0,0.0,3.0,0.0,0.0,0.0,0.0,0.0,0.0,0.0,0.0,0.0,0.0,3.0,0.0,0.0,3.0,0.0,0.0,0.0,0.0,0.0,0.0,0.0,0.0,0.0,0.0,0.0,0.0,"Dec 31, 2018"
1661,2404010.0,25238.0,Diyala,Baladrooz,Al-Ramaila Village,قرية رميلة,33.6953051522,45.0773893038,14.0,84.0,0.0,0.0,0.0,0.0,0.0,14.0,0.0,0.0,0.0,0.0,0.0,0.0,0.0,0.0,0.0,0.0,0.0,0.0,0.0,8.0,0.0,0.0,0.0,0.0,0.0,0.0,6.0,0.0,0.0,6.0,0.0,0.0,0.0,0.0,0.0,0.0,0.0,0.0,0.0,0.0,14.0,0.0,0.0,14.0,0.0,0.0,0.0,0.0,0.0,0.0,0.0,0.0,0.0,0.0,0.0,0.0,"Dec 31, 2018"
1662,2404011.0,11231.0,Diyala,Baladrooz,Al-Sadrania village,قرية الصدرانية,33.6989644796,45.078145426,3.0,18.0,0.0,0.0,0.0,0.0,0.0,3.0,0.0,0.0,0.0,0.0,0.0,0.0,0.0,0.0,0.0,0.0,0.0,0.0,0.0,0.0,0.0,0.0,0.0,0.0,0.0,0.0,3.0,0.0,0.0,3.0,0.0,0.0,0.0,0.0,0.0,0.0,0.0,0.0,0.0,0.0,3.0,0.0,0.0,3.0,0.0,0.0,0.0,0.0,0.0,0.0,0.0,0.0,0.0,0.0,0.0,0.0,"Dec 31, 2018"
1663,2404015.0,11226.0,Diyala,Baladrooz,Dur Mandiliy Qtr,حي دور مندلي,33.6867906889,45.0659595696,15.0,90.0,10.0,0.0,0.0,0.0,0.0,5.0,0.0,0.0,0.0,0.0,0.0,0.0,0.0,0.0,0.0,0.0,0.0,0.0,0.0,5.0,0.0,0.0,0.0,0.0,0.0,0.0,10.0,0.0,0.0,10.0,0.0,0.0,0.0,0.0,0.0,0.0,0.0,0.0,0.0,0.0,14.0,0.0,0.0,14.0,0.0,0.0,1.0,0.0,0.0,1.0,0.0,0.0,0.0,0.0,0.0,0.0,"Dec 31, 2018"
1664,2404016.0,11257.0,Diyala,Baladrooz,Hay Al Bakir,حي البكر,33.7430758352,45.5340675264,75.0,450.0,0.0,0.0,0.0,0.0,0.0,75.0,0.0,0.0,0.0,0.0,0.0,0.0,0.0,0.0,0.0,0.0,0.0,0.0,0.0,0.0,0.0,0.0,0.0,0.0,0.0,0.0,75.0,0.0,0.0,75.0,0.0,0.0,0.0,0.0,0.0,0.0,0.0,0.0,0.0,0.0,0.0,0.0,25.0,0.0,50.0,25.0,0.0,50.0,0.0,0.0,0.0,0.0,0.0,0.0,0.0,0.0,"Dec 31, 2018"
1665,2404020.0,10894.0,Diyala,Baladrooz,Markaz Mandali,مركز مندلي,33.7464420246,45.5503109681,102.0,612.0,0.0,0.0,0.0,0.0,0.0,102.0,0.0,0.0,0.0,0.0,0.0,0.0,0.0,0.0,0.0,0.0,0.0,0.0,0.0,60.0,0.0,0.0,0.0,0.0,0.0,0.0,42.0,0.0,0.0,42.0,0.0,0.0,0.0,0.0,0.0,0.0,0.0,0.0,0.0,0.0,0.0,0.0,90.0,0.0,0.0,90.0,0.0,0.0,0.0,0.0,0.0,0.0,12.0,0.0,12.0,0.0,"Dec 31, 2018"
1666,2404024.0,11547.0,Diyala,Baladrooz,Eksairat village,قرية كسيرات,33.6975582099,45.0631184674,4.0,24.0,0.0,0.0,0.0,0.0,0.0,4.0,0.0,0.0,0.0,0.0,0.0,0.0,0.0,0.0,0.0,0.0,0.0,0.0,0.0,4.0,0.0,0.0,0.0,0.0,0.0,0.0,0.0,0.0,0.0,0.0,0.0,0.0,0.0,0.0,0.0,0.0,0.0,0.0,0.0,0.0,4.0,0.0,0.0,4.0,0.0,0.0,0.0,0.0,0.0,0.0,0.0,0.0,0.0,0.0,0.0,0.0,"Dec 31, 2018"
1667,2405001.0,11145.0,Diyala,Khanaqin,Ahmed Hilal village,قرية احمد هلال,34.3768290977,45.3277819656,7.0,42.0,0.0,0.0,0.0,0.0,0.0,7.0,0.0,0.0,0.0,0.0,0.0,0.0,0.0,0.0,0.0,0.0,0.0,0.0,0.0,3.0,0.0,0.0,0.0,0.0,0.0,0.0,4.0,0.0,0.0,4.0,0.0,0.0,0.0,0.0,0.0,0.0,0.0,0.0,0.0,0.0,3.0,0.0,4.0,3.0,0.0,4.0,0.0,0.0,0.0,0.0,0.0,0.0,0.0,0.0,0.0,0.0,"Dec 31, 2018"
1668,2405002.0,24388.0,Diyala,Khanaqin,Ahmed Taher Village,قرية احمد طاهر,34.3166626664,45.3211390283,5.0,30.0,0.0,0.0,0.0,0.0,0.0,5.0,0.0,0.0,0.0,0.0,0.0,0.0,0.0,0.0,0.0,0.0,0.0,0.0,0.0,0.0,0.0,0.0,0.0,0.0,0.0,0.0,5.0,0.0,0.0,5.0,0.0,0.0,0.0,0.0,0.0,0.0,0.0,0.0,0.0,0.0,5.0,0.0,0.0,5.0,0.0,0.0,0.0,0.0,0.0,0.0,0.0,0.0,0.0,0.0,0.0,0.0,"Dec 31, 2018"
1669,2405004.0,24510.0,Diyala,Khanaqin,Al Ukhwah village,قرية الاخوة,34.3253327088,45.2779816812,2.0,12.0,0.0,0.0,0.0,0.0,0.0,2.0,0.0,0.0,0.0,0.0,0.0,0.0,0.0,0.0,0.0,0.0,0.0,0.0,0.0,2.0,0.0,0.0,0.0,0.0,0.0,0.0,0.0,0.0,0.0,0.0,0.0,0.0,0.0,0.0,0.0,0.0,0.0,0.0,0.0,0.0,2.0,0.0,0.0,2.0,0.0,0.0,0.0,0.0,0.0,0.0,0.0,0.0,0.0,0.0,0.0,0.0,"Dec 31, 2018"
1670,2405006.0,24405.0,Diyala,Khanaqin,aldarawsha village,قرية الدراوشة,34.360143746,45.2206341126,17.0,102.0,0.0,0.0,0.0,0.0,0.0,17.0,0.0,0.0,0.0,0.0,0.0,0.0,0.0,0.0,0.0,0.0,0.0,0.0,0.0,10.0,0.0,0.0,0.0,0.0,0.0,0.0,0.0,0.0,0.0,0.0,0.0,0.0,6.0,0.0,1.0,6.0,0.0,1.0,0.0,0.0,2.0,0.0,10.0,2.0,5.0,10.0,0.0,5.0,0.0,0.0,0.0,0.0,0.0,0.0,0.0,0.0,"Dec 31, 2018"
1671,2405007.0,24401.0,Diyala,Khanaqin,Elean village,قرية عليان,34.3653295815,45.2382007562,27.0,162.0,0.0,0.0,0.0,0.0,0.0,27.0,0.0,0.0,0.0,0.0,0.0,0.0,0.0,0.0,0.0,0.0,0.0,0.0,0.0,27.0,0.0,0.0,0.0,0.0,0.0,0.0,0.0,0.0,0.0,0.0,0.0,0.0,0.0,0.0,0.0,0.0,0.0,0.0,0.0,0.0,13.0,0.0,0.0,13.0,14.0,0.0,0.0,14.0,0.0,0.0,0.0,0.0,0.0,0.0,0.0,0.0,"Dec 31, 2018"
1672,2405008.0,25627.0,Diyala,Khanaqin,Ali Beck village,قرية علي بيك,34.3518033714,45.2399026669,8.0,48.0,0.0,0.0,0.0,0.0,0.0,8.0,0.0,0.0,0.0,0.0,0.0,0.0,0.0,0.0,0.0,0.0,0.0,0.0,0.0,8.0,0.0,0.0,0.0,0.0,0.0,0.0,0.0,0.0,0.0,0.0,0.0,0.0,0.0,0.0,0.0,0.0,0.0,0.0,0.0,0.0,8.0,0.0,0.0,8.0,0.0,0.0,0.0,0.0,0.0,0.0,0.0,0.0,0.0,0.0,0.0,0.0,"Dec 31, 2018"
1673,2405009.0,25341.0,Diyala,Khanaqin,Ali Murad village,قرية علي مراد,34.3592594776,45.3827324102,30.0,180.0,0.0,0.0,2.0,0.0,0.0,28.0,0.0,0.0,0.0,0.0,0.0,0.0,0.0,0.0,0.0,0.0,0.0,0.0,0.0,8.0,0.0,0.0,0.0,0.0,0.0,0.0,22.0,0.0,0.0,22.0,0.0,0.0,0.0,0.0,0.0,0.0,0.0,0.0,0.0,0.0,30.0,0.0,0.0,30.0,0.0,0.0,0.0,0.0,0.0,0.0,0.0,0.0,0.0,0.0,0.0,0.0,"Dec 31, 2018"
1674,2405010.0,24386.0,Diyala,Khanaqin,Ali Saadoun village,قرية علي سعدون,34.3846765269,45.2926556192,2.0,12.0,0.0,0.0,0.0,0.0,0.0,2.0,0.0,0.0,0.0,0.0,0.0,0.0,0.0,0.0,0.0,0.0,0.0,0.0,0.0,2.0,0.0,0.0,0.0,0.0,0.0,0.0,0.0,0.0,0.0,0.0,0.0,0.0,0.0,0.0,0.0,0.0,0.0,0.0,0.0,0.0,2.0,0.0,0.0,2.0,0.0,0.0,0.0,0.0,0.0,0.0,0.0,0.0,0.0,0.0,0.0,0.0,"Dec 31, 2018"
1675,2405012.0,24404.0,Diyala,Khanaqin,alkalah village,قرية القلعة,34.366800297,45.2440490699,12.0,72.0,0.0,0.0,0.0,0.0,0.0,12.0,0.0,0.0,0.0,0.0,0.0,0.0,0.0,0.0,0.0,0.0,0.0,0.0,0.0,0.0,0.0,0.0,0.0,0.0,0.0,0.0,0.0,0.0,0.0,0.0,0.0,0.0,0.0,0.0,12.0,0.0,0.0,12.0,0.0,0.0,4.0,0.0,0.0,4.0,8.0,0.0,0.0,8.0,0.0,0.0,0.0,0.0,0.0,0.0,0.0,0.0,"Dec 31, 2018"
1676,2405013.0,24407.0,Diyala,Khanaqin,alkubeah small village,قرية الكبية الصغيرة,34.3994973149,45.2335821421,28.0,168.0,0.0,0.0,0.0,0.0,0.0,28.0,0.0,0.0,0.0,0.0,0.0,0.0,0.0,0.0,0.0,0.0,0.0,0.0,0.0,10.0,0.0,0.0,0.0,0.0,0.0,0.0,0.0,0.0,0.0,0.0,0.0,0.0,0.0,0.0,18.0,0.0,0.0,18.0,0.0,0.0,28.0,0.0,0.0,28.0,0.0,0.0,0.0,0.0,0.0,0.0,0.0,0.0,0.0,0.0,0.0,0.0,"Dec 31, 2018"
1677,2405014.0,10676.0,Diyala,Khanaqin,Arkawazi Qtr,حي اركوازي,34.3311820058,45.4011356063,20.0,120.0,0.0,0.0,0.0,0.0,0.0,20.0,0.0,0.0,0.0,0.0,0.0,0.0,0.0,0.0,0.0,0.0,0.0,0.0,0.0,20.0,0.0,0.0,0.0,0.0,0.0,0.0,0.0,0.0,0.0,0.0,0.0,0.0,0.0,0.0,0.0,0.0,0.0,0.0,0.0,0.0,20.0,0.0,0.0,20.0,0.0,0.0,0.0,0.0,0.0,0.0,0.0,0.0,0.0,0.0,0.0,0.0,"Dec 31, 2018"
1678,2405016.0,24352.0,Diyala,Khanaqin,Bahari Taza Area,منطقة بهار تازة,34.3056540722,45.3503987228,17.0,102.0,0.0,0.0,0.0,0.0,0.0,17.0,0.0,0.0,0.0,0.0,0.0,0.0,0.0,0.0,0.0,0.0,0.0,0.0,0.0,0.0,0.0,0.0,0.0,0.0,0.0,0.0,5.0,0.0,0.0,5.0,0.0,0.0,0.0,0.0,12.0,0.0,0.0,12.0,0.0,0.0,17.0,0.0,0.0,17.0,0.0,0.0,0.0,0.0,0.0,0.0,0.0,0.0,0.0,0.0,0.0,0.0,"Dec 31, 2018"
1679,2405019.0,25251.0,Diyala,Kifri,Bakaly village,قرية بكالي(البجاجيل),34.4212660003,45.0963012903,35.0,210.0,0.0,0.0,0.0,0.0,0.0,35.0,0.0,0.0,0.0,0.0,0.0,0.0,0.0,0.0,0.0,0.0,0.0,0.0,0.0,30.0,0.0,0.0,0.0,0.0,0.0,0.0,0.0,0.0,0.0,0.0,0.0,0.0,0.0,0.0,5.0,0.0,0.0,5.0,0.0,0.0,35.0,0.0,0.0,35.0,0.0,0.0,0.0,0.0,0.0,0.0,0.0,0.0,0.0,0.0,0.0,0.0,"Dec 31, 2018"
1680,2405020.0,25257.0,Diyala,Khanaqin,Bakhtiari Qtr,حي بختياري,34.3144272644,45.3565178418,350.0,2100.0,0.0,0.0,0.0,0.0,0.0,350.0,0.0,0.0,0.0,0.0,0.0,0.0,0.0,0.0,0.0,0.0,0.0,0.0,0.0,15.0,0.0,0.0,0.0,0.0,0.0,0.0,225.0,0.0,0.0,225.0,0.0,0.0,0.0,0.0,110.0,0.0,0.0,110.0,0.0,0.0,325.0,0.0,25.0,325.0,0.0,25.0,0.0,0.0,0.0,0.0,0.0,0.0,0.0,0.0,0.0,0.0,"Dec 31, 2018"
1681,2405021.0,24387.0,Diyala,Khanaqin,Clay Hussein village,قرية كلاي حسين,34.3761951065,45.2754965549,5.0,30.0,0.0,0.0,0.0,0.0,0.0,5.0,0.0,0.0,0.0,0.0,0.0,0.0,0.0,0.0,0.0,0.0,0.0,0.0,0.0,5.0,0.0,0.0,0.0,0.0,0.0,0.0,0.0,0.0,0.0,0.0,0.0,0.0,0.0,0.0,0.0,0.0,0.0,0.0,0.0,0.0,0.0,0.0,5.0,0.0,0.0,5.0,0.0,0.0,0.0,0.0,0.0,0.0,0.0,0.0,0.0,0.0,"Dec 31, 2018"
1682,2405022.0,24400.0,Diyala,Khanaqin,bani arkab village,قرية بني اركاب,34.3583633475,45.2359515984,8.0,48.0,0.0,0.0,0.0,0.0,0.0,8.0,0.0,0.0,0.0,0.0,0.0,0.0,0.0,0.0,0.0,0.0,0.0,0.0,0.0,0.0,0.0,0.0,0.0,0.0,0.0,0.0,5.0,0.0,0.0,5.0,0.0,0.0,0.0,0.0,3.0,0.0,0.0,3.0,0.0,0.0,3.0,0.0,5.0,3.0,0.0,5.0,0.0,0.0,0.0,0.0,0.0,0.0,0.0,0.0,0.0,0.0,"Dec 31, 2018"
1683,2405023.0,25467.0,Diyala,Khanaqin,Dara Konarh Qtr,حي دارة كونارة,34.3393165691,45.3908512422,55.0,330.0,0.0,0.0,0.0,0.0,0.0,55.0,0.0,0.0,0.0,0.0,0.0,0.0,0.0,0.0,0.0,0.0,0.0,0.0,0.0,0.0,0.0,0.0,0.0,0.0,0.0,0.0,37.0,0.0,0.0,37.0,0.0,0.0,0.0,0.0,18.0,0.0,0.0,18.0,0.0,0.0,44.0,0.0,11.0,44.0,0.0,11.0,0.0,0.0,0.0,0.0,0.0,0.0,0.0,0.0,0.0,0.0,"Dec 31, 2018"
1684,2405024.0,24403.0,Diyala,Khanaqin,darwish village,قرية درويش,34.3917327502,45.30702866,9.0,54.0,0.0,0.0,0.0,0.0,0.0,9.0,0.0,0.0,0.0,0.0,0.0,0.0,0.0,0.0,0.0,0.0,0.0,0.0,0.0,9.0,0.0,0.0,0.0,0.0,0.0,0.0,0.0,0.0,0.0,0.0,0.0,0.0,0.0,0.0,0.0,0.0,0.0,0.0,0.0,0.0,4.0,0.0,5.0,4.0,0.0,5.0,0.0,0.0,0.0,0.0,0.0,0.0,0.0,0.0,0.0,0.0,"Dec 31, 2018"
1685,2405025.0,25254.0,Diyala,Kifri,Dora village,قرية دورة,34.4432797546,45.0584311968,5.0,30.0,0.0,0.0,0.0,0.0,0.0,5.0,0.0,0.0,0.0,0.0,0.0,0.0,0.0,0.0,0.0,0.0,0.0,0.0,0.0,5.0,0.0,0.0,0.0,0.0,0.0,0.0,0.0,0.0,0.0,0.0,0.0,0.0,0.0,0.0,0.0,0.0,0.0,0.0,0.0,0.0,5.0,0.0,0.0,5.0,0.0,0.0,0.0,0.0,0.0,0.0,0.0,0.0,0.0,0.0,0.0,0.0,"Dec 31, 2018"
1686,2405027.0,24394.0,Diyala,Khanaqin,habib Abdullah village,قرية حبيب عبد الله,34.3128827995,45.3242915,3.0,18.0,0.0,0.0,0.0,0.0,0.0,3.0,0.0,0.0,0.0,0.0,0.0,0.0,0.0,0.0,0.0,0.0,0.0,0.0,0.0,3.0,0.0,0.0,0.0,0.0,0.0,0.0,0.0,0.0,0.0,0.0,0.0,0.0,0.0,0.0,0.0,0.0,0.0,0.0,0.0,0.0,3.0,0.0,0.0,3.0,0.0,0.0,0.0,0.0,0.0,0.0,0.0,0.0,0.0,0.0,0.0,0.0,"Dec 31, 2018"
1687,2405028.0,25626.0,Diyala,Khanaqin,Hassan Garad Village,قرية حسن جراد,34.381731909,45.2568096619,3.0,18.0,0.0,0.0,0.0,0.0,0.0,3.0,0.0,0.0,0.0,0.0,0.0,0.0,0.0,0.0,0.0,0.0,0.0,0.0,0.0,0.0,0.0,0.0,0.0,0.0,0.0,0.0,0.0,0.0,0.0,0.0,0.0,0.0,0.0,0.0,3.0,0.0,0.0,3.0,0.0,0.0,3.0,0.0,0.0,3.0,0.0,0.0,0.0,0.0,0.0,0.0,0.0,0.0,0.0,0.0,0.0,0.0,"Dec 31, 2018"
1688,2405029.0,24354.0,Diyala,Khanaqin,Al Askari Qtr,حي عسكري,34.3402497244,45.4002443104,50.0,300.0,0.0,0.0,0.0,0.0,0.0,50.0,0.0,0.0,0.0,0.0,0.0,0.0,0.0,0.0,0.0,0.0,0.0,0.0,0.0,10.0,0.0,0.0,0.0,0.0,0.0,0.0,40.0,0.0,0.0,40.0,0.0,0.0,0.0,0.0,0.0,0.0,0.0,0.0,0.0,0.0,35.0,0.0,15.0,35.0,0.0,15.0,0.0,0.0,0.0,0.0,0.0,0.0,0.0,0.0,0.0,0.0,"Dec 31, 2018"
1689,2405030.0,24395.0,Diyala,Khanaqin,Alshortah Qtr,حي الشرطة,34.3472971524,45.4071636959,23.0,138.0,0.0,0.0,0.0,0.0,0.0,23.0,0.0,0.0,0.0,0.0,0.0,0.0,0.0,0.0,0.0,0.0,0.0,0.0,0.0,0.0,0.0,0.0,0.0,0.0,0.0,0.0,20.0,0.0,0.0,20.0,0.0,0.0,0.0,0.0,3.0,0.0,0.0,3.0,0.0,0.0,18.0,0.0,5.0,18.0,0.0,5.0,0.0,0.0,0.0,0.0,0.0,0.0,0.0,0.0,0.0,0.0,"Dec 31, 2018"
1690,2405031.0,24312.0,Diyala,Khanaqin,Imam Abass Qtr,حي إمام عباس,34.3423005061,45.3606339171,140.0,840.0,2.0,0.0,0.0,0.0,0.0,136.0,0.0,0.0,0.0,0.0,0.0,0.0,2.0,0.0,0.0,0.0,0.0,0.0,0.0,30.0,0.0,0.0,0.0,0.0,0.0,0.0,90.0,0.0,0.0,90.0,0.0,0.0,0.0,0.0,20.0,0.0,0.0,20.0,2.0,0.0,123.0,2.0,15.0,123.0,0.0,15.0,0.0,0.0,0.0,0.0,0.0,0.0,0.0,0.0,0.0,0.0,"Dec 31, 2018"
1691,2405032.0,24410.0,Diyala,Khanaqin,Ibrahim bek village,قرية ابراهيم بيك,34.4374194134,45.2566269153,5.0,30.0,0.0,0.0,0.0,0.0,0.0,5.0,0.0,0.0,0.0,0.0,0.0,0.0,0.0,0.0,0.0,0.0,0.0,0.0,0.0,0.0,0.0,0.0,0.0,0.0,0.0,0.0,5.0,0.0,0.0,5.0,0.0,0.0,0.0,0.0,0.0,0.0,0.0,0.0,0.0,0.0,5.0,0.0,0.0,5.0,0.0,0.0,0.0,0.0,0.0,0.0,0.0,0.0,0.0,0.0,0.0,0.0,"Dec 31, 2018"
1692,2405034.0,25429.0,Diyala,Kifri,Markaz Jabara,جبارة,34.5915319305,44.935440448,140.0,840.0,0.0,0.0,0.0,0.0,0.0,140.0,0.0,0.0,0.0,0.0,0.0,0.0,0.0,0.0,0.0,0.0,0.0,0.0,0.0,95.0,0.0,0.0,0.0,0.0,0.0,0.0,45.0,0.0,0.0,45.0,0.0,0.0,0.0,0.0,0.0,0.0,0.0,0.0,0.0,0.0,100.0,0.0,0.0,100.0,0.0,0.0,0.0,0.0,0.0,0.0,0.0,0.0,40.0,0.0,40.0,0.0,"Dec 31, 2018"
1693,2405035.0,10666.0,Diyala,Khanaqin,Jibraoh village,قرية جبراوة,34.3069084587,45.3884228997,30.0,180.0,0.0,0.0,0.0,0.0,0.0,30.0,0.0,0.0,0.0,0.0,0.0,0.0,0.0,0.0,0.0,0.0,0.0,0.0,0.0,5.0,0.0,0.0,0.0,0.0,0.0,0.0,2.0,0.0,0.0,2.0,0.0,0.0,0.0,0.0,23.0,0.0,0.0,23.0,0.0,0.0,30.0,0.0,0.0,30.0,0.0,0.0,0.0,0.0,0.0,0.0,0.0,0.0,0.0,0.0,0.0,0.0,"Dec 31, 2018"
1694,2405036.0,24409.0,Diyala,Khanaqin,kader bek village,قرية قادر بيك,34.4728885684,45.213676601,5.0,30.0,0.0,0.0,0.0,0.0,0.0,5.0,0.0,0.0,0.0,0.0,0.0,0.0,0.0,0.0,0.0,0.0,0.0,0.0,0.0,2.0,0.0,0.0,0.0,0.0,0.0,0.0,3.0,0.0,0.0,3.0,0.0,0.0,0.0,0.0,0.0,0.0,0.0,0.0,0.0,0.0,5.0,0.0,0.0,5.0,0.0,0.0,0.0,0.0,0.0,0.0,0.0,0.0,0.0,0.0,0.0,0.0,"Dec 31, 2018"
1695,2405037.0,25343.0,Diyala,Khanaqin,Kahriaz Sofla Area,منطقة كهريز السفلى,34.3313364583,45.3782597868,12.0,72.0,0.0,0.0,0.0,0.0,0.0,12.0,0.0,0.0,0.0,0.0,0.0,0.0,0.0,0.0,0.0,0.0,0.0,0.0,0.0,0.0,0.0,0.0,0.0,0.0,0.0,0.0,12.0,0.0,0.0,12.0,0.0,0.0,0.0,0.0,0.0,0.0,0.0,0.0,0.0,0.0,12.0,0.0,0.0,12.0,0.0,0.0,0.0,0.0,0.0,0.0,0.0,0.0,0.0,0.0,0.0,0.0,"Dec 31, 2018"
1696,2405038.0,24777.0,Diyala,Khanaqin,Al Wand 1,كلات(مخيم الوند 1),34.3267074421,45.45054761,678.0,4068.0,0.0,0.0,0.0,0.0,0.0,678.0,0.0,0.0,0.0,0.0,0.0,0.0,0.0,0.0,0.0,0.0,0.0,0.0,678.0,0.0,0.0,0.0,0.0,0.0,0.0,0.0,0.0,0.0,0.0,0.0,0.0,0.0,0.0,0.0,0.0,0.0,0.0,0.0,0.0,0.0,500.0,0.0,178.0,500.0,0.0,178.0,0.0,0.0,0.0,0.0,0.0,0.0,0.0,0.0,0.0,0.0,"Dec 31, 2018"
1697,2405039.0,24398.0,Diyala,Khanaqin,Karim alDaoud village,قرية كريم الداود,34.3603936404,45.2624170944,7.0,42.0,0.0,0.0,0.0,0.0,0.0,7.0,0.0,0.0,0.0,0.0,0.0,0.0,0.0,0.0,0.0,0.0,0.0,0.0,0.0,7.0,0.0,0.0,0.0,0.0,0.0,0.0,0.0,0.0,0.0,0.0,0.0,0.0,0.0,0.0,0.0,0.0,0.0,0.0,0.0,0.0,7.0,0.0,0.0,7.0,0.0,0.0,0.0,0.0,0.0,0.0,0.0,0.0,0.0,0.0,0.0,0.0,"Dec 31, 2018"
1698,2405041.0,25252.0,Diyala,Kifri,Khozifah village,قرية خزيفة,34.4367796318,45.0599580894,50.0,300.0,0.0,0.0,0.0,0.0,0.0,50.0,0.0,0.0,0.0,0.0,0.0,0.0,0.0,0.0,0.0,0.0,0.0,0.0,0.0,50.0,0.0,0.0,0.0,0.0,0.0,0.0,0.0,0.0,0.0,0.0,0.0,0.0,0.0,0.0,0.0,0.0,0.0,0.0,0.0,0.0,50.0,0.0,0.0,50.0,0.0,0.0,0.0,0.0,0.0,0.0,0.0,0.0,0.0,0.0,0.0,0.0,"Dec 31, 2018"
1699,2405042.0,24351.0,Diyala,Khanaqin,Mazrah Qtr,حي مزرعة,34.3441594324,45.388889099,41.0,246.0,0.0,0.0,0.0,0.0,0.0,41.0,0.0,0.0,0.0,0.0,0.0,0.0,0.0,0.0,0.0,0.0,0.0,0.0,0.0,0.0,0.0,0.0,0.0,0.0,0.0,0.0,41.0,0.0,0.0,41.0,0.0,0.0,0.0,0.0,0.0,0.0,0.0,0.0,0.0,0.0,41.0,0.0,0.0,41.0,0.0,0.0,0.0,0.0,0.0,0.0,0.0,0.0,0.0,0.0,0.0,0.0,"Dec 31, 2018"
1700,2405045.0,24402.0,Diyala,Khanaqin,mohammed humeli village,قرية محمد هميلي,34.3748590186,45.2489711528,3.0,18.0,0.0,0.0,0.0,0.0,0.0,3.0,0.0,0.0,0.0,0.0,0.0,0.0,0.0,0.0,0.0,0.0,0.0,0.0,0.0,3.0,0.0,0.0,0.0,0.0,0.0,0.0,0.0,0.0,0.0,0.0,0.0,0.0,0.0,0.0,0.0,0.0,0.0,0.0,0.0,0.0,0.0,0.0,3.0,0.0,0.0,3.0,0.0,0.0,0.0,0.0,0.0,0.0,0.0,0.0,0.0,0.0,"Dec 31, 2018"
1701,2405046.0,10924.0,Diyala,Khanaqin,Mullah Aziz village,قرية ملا عزيز,34.3218725862,45.4174882648,32.0,192.0,0.0,0.0,0.0,0.0,0.0,32.0,0.0,0.0,0.0,0.0,0.0,0.0,0.0,0.0,0.0,0.0,0.0,0.0,0.0,0.0,5.0,0.0,0.0,0.0,0.0,0.0,16.0,0.0,0.0,16.0,0.0,0.0,0.0,0.0,11.0,0.0,0.0,11.0,0.0,0.0,22.0,0.0,10.0,22.0,0.0,10.0,0.0,0.0,0.0,0.0,0.0,0.0,0.0,0.0,0.0,0.0,"Dec 31, 2018"
1702,2405047.0,25256.0,Diyala,Kifri,Nargis village,قرية نرجس,34.4593313511,45.0262989011,7.0,42.0,0.0,0.0,0.0,0.0,0.0,7.0,0.0,0.0,0.0,0.0,0.0,0.0,0.0,0.0,0.0,0.0,0.0,0.0,0.0,7.0,0.0,0.0,0.0,0.0,0.0,0.0,0.0,0.0,0.0,0.0,0.0,0.0,0.0,0.0,0.0,0.0,0.0,0.0,0.0,0.0,7.0,0.0,0.0,7.0,0.0,0.0,0.0,0.0,0.0,0.0,0.0,0.0,0.0,0.0,0.0,0.0,"Dec 31, 2018"
1703,2405049.0,25249.0,Diyala,Khanaqin,Obara-1 Qtr,حي اوبارا-1,34.3586388243,45.3922607414,13.0,78.0,0.0,0.0,0.0,0.0,0.0,13.0,0.0,0.0,0.0,0.0,0.0,0.0,0.0,0.0,0.0,0.0,0.0,0.0,0.0,0.0,0.0,0.0,0.0,0.0,0.0,0.0,13.0,0.0,0.0,13.0,0.0,0.0,0.0,0.0,0.0,0.0,0.0,0.0,0.0,0.0,13.0,0.0,0.0,13.0,0.0,0.0,0.0,0.0,0.0,0.0,0.0,0.0,0.0,0.0,0.0,0.0,"Dec 31, 2018"
1704,2405050.0,25250.0,Diyala,Khanaqin,Obara-2 Qtr,حي اوبارا-2,34.3613335488,45.3902156325,41.0,246.0,0.0,0.0,0.0,0.0,0.0,41.0,0.0,0.0,0.0,0.0,0.0,0.0,0.0,0.0,0.0,0.0,0.0,0.0,0.0,0.0,0.0,0.0,0.0,0.0,0.0,0.0,39.0,0.0,0.0,39.0,0.0,0.0,0.0,0.0,2.0,0.0,0.0,2.0,0.0,0.0,35.0,0.0,0.0,35.0,0.0,0.0,0.0,0.0,0.0,0.0,0.0,0.0,6.0,0.0,6.0,0.0,"Dec 31, 2018"
1705,2405051.0,25818.0,Diyala,Khanaqin,Qoratu,قوارتو كامب,34.5437155,45.3898012,251.0,1506.0,14.0,7.0,1.0,0.0,0.0,224.0,0.0,0.0,0.0,0.0,0.0,0.0,0.0,0.0,5.0,0.0,0.0,0.0,251.0,0.0,0.0,0.0,0.0,0.0,0.0,0.0,0.0,0.0,0.0,0.0,0.0,0.0,0.0,0.0,0.0,0.0,0.0,0.0,6.0,0.0,134.0,6.0,3.0,134.0,57.0,3.0,27.0,57.0,24.0,27.0,0.0,24.0,0.0,0.0,0.0,0.0,"Dec 31, 2018"
1706,2405052.0,24411.0,Diyala,Khanaqin,Quramin village,قرية قرامين,34.4191926357,45.2927298849,10.0,60.0,0.0,0.0,0.0,0.0,0.0,10.0,0.0,0.0,0.0,0.0,0.0,0.0,0.0,0.0,0.0,0.0,0.0,0.0,0.0,10.0,0.0,0.0,0.0,0.0,0.0,0.0,0.0,0.0,0.0,0.0,0.0,0.0,0.0,0.0,0.0,0.0,0.0,0.0,0.0,0.0,10.0,0.0,0.0,10.0,0.0,0.0,0.0,0.0,0.0,0.0,0.0,0.0,0.0,0.0,0.0,0.0,"Dec 31, 2018"
1707,2405053.0,10511.0,Diyala,Khanaqin,Rahamalla Village,قرية الرحاملة,34.3732420716,45.2777317356,3.0,18.0,0.0,0.0,0.0,0.0,0.0,3.0,0.0,0.0,0.0,0.0,0.0,0.0,0.0,0.0,0.0,0.0,0.0,0.0,0.0,3.0,0.0,0.0,0.0,0.0,0.0,0.0,0.0,0.0,0.0,0.0,0.0,0.0,0.0,0.0,0.0,0.0,0.0,0.0,0.0,0.0,3.0,0.0,0.0,3.0,0.0,0.0,0.0,0.0,0.0,0.0,0.0,0.0,0.0,0.0,0.0,0.0,"Dec 31, 2018"
1708,2405054.0,25247.0,Diyala,Khanaqin,Rapren-1 Qtr,حي رابرين-1,34.3201199719,45.3820411125,35.0,210.0,0.0,0.0,0.0,0.0,0.0,35.0,0.0,0.0,0.0,0.0,0.0,0.0,0.0,0.0,0.0,0.0,0.0,0.0,0.0,0.0,0.0,0.0,0.0,0.0,0.0,0.0,20.0,0.0,0.0,20.0,0.0,0.0,0.0,0.0,15.0,0.0,0.0,15.0,0.0,0.0,23.0,0.0,12.0,23.0,0.0,12.0,0.0,0.0,0.0,0.0,0.0,0.0,0.0,0.0,0.0,0.0,"Dec 31, 2018"
1709,2405055.0,25248.0,Diyala,Khanaqin,Rapren-2 Qtr,حي رابرين-2,34.3179832068,45.3846825423,18.0,108.0,0.0,0.0,0.0,0.0,0.0,18.0,0.0,0.0,0.0,0.0,0.0,0.0,0.0,0.0,0.0,0.0,0.0,0.0,0.0,0.0,0.0,0.0,0.0,0.0,0.0,0.0,10.0,0.0,0.0,10.0,0.0,0.0,0.0,0.0,8.0,0.0,0.0,8.0,0.0,0.0,18.0,0.0,0.0,18.0,0.0,0.0,0.0,0.0,0.0,0.0,0.0,0.0,0.0,0.0,0.0,0.0,"Dec 31, 2018"
1710,2405057.0,10403.0,Diyala,Khanaqin,Salih Agha village,قرية صالح اغا,34.5746093,45.3412701,148.0,888.0,4.0,0.0,5.0,0.0,0.0,137.0,0.0,0.0,0.0,0.0,0.0,0.0,0.0,0.0,2.0,0.0,0.0,0.0,0.0,0.0,0.0,0.0,0.0,0.0,0.0,0.0,148.0,0.0,0.0,148.0,0.0,0.0,0.0,0.0,0.0,0.0,0.0,0.0,0.0,0.0,50.0,0.0,17.0,50.0,30.0,17.0,13.0,30.0,15.0,13.0,0.0,15.0,23.0,0.0,23.0,0.0,"Dec 31, 2018"
1711,2405058.0,24509.0,Diyala,Khanaqin,Shafiq village,قرية شفيق,34.3477233884,45.2873250576,1.0,6.0,0.0,0.0,0.0,0.0,0.0,1.0,0.0,0.0,0.0,0.0,0.0,0.0,0.0,0.0,0.0,0.0,0.0,0.0,0.0,0.0,0.0,0.0,0.0,0.0,0.0,0.0,1.0,0.0,0.0,1.0,0.0,0.0,0.0,0.0,0.0,0.0,0.0,0.0,0.0,0.0,0.0,0.0,1.0,0.0,0.0,1.0,0.0,0.0,0.0,0.0,0.0,0.0,0.0,0.0,0.0,0.0,"Dec 31, 2018"
1712,2405060.0,24392.0,Diyala,Khanaqin,Shakir village,قرية شاكر,34.3547202421,45.3455918505,43.0,258.0,0.0,0.0,0.0,0.0,0.0,43.0,0.0,0.0,0.0,0.0,0.0,0.0,0.0,0.0,0.0,0.0,0.0,0.0,0.0,14.0,0.0,0.0,0.0,0.0,0.0,0.0,29.0,0.0,0.0,29.0,0.0,0.0,0.0,0.0,0.0,0.0,0.0,0.0,0.0,0.0,43.0,0.0,0.0,43.0,0.0,0.0,0.0,0.0,0.0,0.0,0.0,0.0,0.0,0.0,0.0,0.0,"Dec 31, 2018"
1713,2405061.0,24408.0,Diyala,Khanaqin,sheark village,قرية شيرك,34.387689749,45.2189280635,8.0,48.0,0.0,0.0,0.0,0.0,0.0,8.0,0.0,0.0,0.0,0.0,0.0,0.0,0.0,0.0,0.0,0.0,0.0,0.0,0.0,8.0,0.0,0.0,0.0,0.0,0.0,0.0,0.0,0.0,0.0,0.0,0.0,0.0,0.0,0.0,0.0,0.0,0.0,0.0,0.0,0.0,8.0,0.0,0.0,8.0,0.0,0.0,0.0,0.0,0.0,0.0,0.0,0.0,0.0,0.0,0.0,0.0,"Dec 31, 2018"
1714,2405062.0,25342.0,Diyala,Khanaqin,Sirwan Qtr,حي سيروان,34.3523053985,45.4225947373,40.0,240.0,0.0,0.0,0.0,0.0,0.0,40.0,0.0,0.0,0.0,0.0,0.0,0.0,0.0,0.0,0.0,0.0,0.0,0.0,0.0,0.0,0.0,0.0,0.0,0.0,0.0,0.0,20.0,0.0,0.0,20.0,0.0,0.0,0.0,0.0,20.0,0.0,0.0,20.0,0.0,0.0,40.0,0.0,0.0,40.0,0.0,0.0,0.0,0.0,0.0,0.0,0.0,0.0,0.0,0.0,0.0,0.0,"Dec 31, 2018"
1715,2405063.0,25468.0,Diyala,Khanaqin,Sparta Qtr,حي سبارتا,34.3468393476,45.3868102766,18.0,108.0,0.0,0.0,0.0,0.0,0.0,18.0,0.0,0.0,0.0,0.0,0.0,0.0,0.0,0.0,0.0,0.0,0.0,0.0,0.0,0.0,0.0,0.0,0.0,0.0,0.0,0.0,11.0,0.0,0.0,11.0,0.0,0.0,0.0,0.0,7.0,0.0,0.0,7.0,0.0,0.0,18.0,0.0,0.0,18.0,0.0,0.0,0.0,0.0,0.0,0.0,0.0,0.0,0.0,0.0,0.0,0.0,"Dec 31, 2018"
1716,2405065.0,10497.0,Diyala,Khanaqin,Tal Manjal village,قرية تل منجل,34.3711907691,45.2162776246,3.0,18.0,0.0,0.0,0.0,0.0,0.0,3.0,0.0,0.0,0.0,0.0,0.0,0.0,0.0,0.0,0.0,0.0,0.0,0.0,0.0,3.0,0.0,0.0,0.0,0.0,0.0,0.0,0.0,0.0,0.0,0.0,0.0,0.0,0.0,0.0,0.0,0.0,0.0,0.0,0.0,0.0,3.0,0.0,0.0,3.0,0.0,0.0,0.0,0.0,0.0,0.0,0.0,0.0,0.0,0.0,0.0,0.0,"Dec 31, 2018"
1717,2405067.0,24389.0,Diyala,Khanaqin,Totk Village,قرية توتك,34.3136273273,45.3046507489,5.0,30.0,0.0,0.0,0.0,0.0,0.0,5.0,0.0,0.0,0.0,0.0,0.0,0.0,0.0,0.0,0.0,0.0,0.0,0.0,0.0,3.0,0.0,0.0,0.0,0.0,0.0,0.0,2.0,0.0,0.0,2.0,0.0,0.0,0.0,0.0,0.0,0.0,0.0,0.0,0.0,0.0,5.0,0.0,0.0,5.0,0.0,0.0,0.0,0.0,0.0,0.0,0.0,0.0,0.0,0.0,0.0,0.0,"Dec 31, 2018"
1718,2405068.0,11047.0,Diyala,Khanaqin,Tula Frosh Qtr,حي تولا فروش,34.3578876346,45.3763183352,165.0,990.0,0.0,0.0,0.0,0.0,0.0,165.0,0.0,0.0,0.0,0.0,0.0,0.0,0.0,0.0,0.0,0.0,0.0,0.0,0.0,16.0,0.0,0.0,0.0,0.0,0.0,0.0,119.0,0.0,0.0,119.0,0.0,0.0,0.0,0.0,30.0,0.0,0.0,30.0,0.0,0.0,145.0,0.0,0.0,145.0,5.0,0.0,0.0,5.0,0.0,0.0,0.0,0.0,15.0,0.0,15.0,0.0,"Dec 31, 2018"
1719,2405069.0,25625.0,Diyala,Khanaqin,Yosif Algaeed Village,قرية يوسف الجايد,34.387723026,45.2566978977,6.0,36.0,0.0,0.0,0.0,0.0,0.0,6.0,0.0,0.0,0.0,0.0,0.0,0.0,0.0,0.0,0.0,0.0,0.0,0.0,0.0,6.0,0.0,0.0,0.0,0.0,0.0,0.0,0.0,0.0,0.0,0.0,0.0,0.0,0.0,0.0,0.0,0.0,0.0,0.0,0.0,0.0,0.0,0.0,6.0,0.0,0.0,6.0,0.0,0.0,0.0,0.0,0.0,0.0,0.0,0.0,0.0,0.0,"Dec 31, 2018"
1720,2405070.0,24393.0,Diyala,Khanaqin,Zurab village,قرية زوراب,34.3520512314,45.3472971066,42.0,252.0,0.0,0.0,0.0,0.0,0.0,42.0,0.0,0.0,0.0,0.0,0.0,0.0,0.0,0.0,0.0,0.0,0.0,0.0,0.0,15.0,0.0,0.0,0.0,0.0,0.0,0.0,25.0,0.0,0.0,25.0,0.0,0.0,0.0,0.0,2.0,0.0,0.0,2.0,0.0,0.0,42.0,0.0,0.0,42.0,0.0,0.0,0.0,0.0,0.0,0.0,0.0,0.0,0.0,0.0,0.0,0.0,"Dec 31, 2018"
1721,2405076.0,27296.0,Diyala,Khanaqin,Banmil-1 Qtr,حي بانميل-1,34.3159361348,45.4037759377,47.0,282.0,0.0,0.0,0.0,0.0,0.0,47.0,0.0,0.0,0.0,0.0,0.0,0.0,0.0,0.0,0.0,0.0,0.0,0.0,0.0,2.0,0.0,0.0,0.0,0.0,0.0,0.0,45.0,0.0,0.0,45.0,0.0,0.0,0.0,0.0,0.0,0.0,0.0,0.0,0.0,0.0,17.0,0.0,30.0,17.0,0.0,30.0,0.0,0.0,0.0,0.0,0.0,0.0,0.0,0.0,0.0,0.0,"Dec 31, 2018"
1722,2405077.0,27297.0,Diyala,Khanaqin,Banmil-2 Qtr,حي بانميل-2,34.3174753928,45.4026154142,60.0,360.0,0.0,0.0,0.0,0.0,0.0,60.0,0.0,0.0,0.0,0.0,0.0,0.0,0.0,0.0,0.0,0.0,0.0,0.0,0.0,15.0,0.0,0.0,0.0,0.0,0.0,0.0,35.0,0.0,0.0,35.0,0.0,0.0,0.0,0.0,10.0,0.0,0.0,10.0,0.0,0.0,30.0,0.0,30.0,30.0,0.0,30.0,0.0,0.0,0.0,0.0,0.0,0.0,0.0,0.0,0.0,0.0,"Dec 31, 2018"
1723,2405078.0,27298.0,Diyala,Khanaqin,Banmil-3 Qtr,حي بانميل-3,34.3197323805,45.3966648797,9.0,54.0,0.0,0.0,0.0,0.0,0.0,9.0,0.0,0.0,0.0,0.0,0.0,0.0,0.0,0.0,0.0,0.0,0.0,0.0,0.0,0.0,0.0,0.0,0.0,0.0,0.0,0.0,9.0,0.0,0.0,9.0,0.0,0.0,0.0,0.0,0.0,0.0,0.0,0.0,0.0,0.0,9.0,0.0,0.0,9.0,0.0,0.0,0.0,0.0,0.0,0.0,0.0,0.0,0.0,0.0,0.0,0.0,"Dec 31, 2018"
1724,2405079.0,10530.0,Diyala,Khanaqin,Malik Shah Qtr,حي ملك شاه,34.3301933832,45.3639523523,3.0,18.0,0.0,0.0,0.0,0.0,0.0,3.0,0.0,0.0,0.0,0.0,0.0,0.0,0.0,0.0,0.0,0.0,0.0,0.0,0.0,3.0,0.0,0.0,0.0,0.0,0.0,0.0,0.0,0.0,0.0,0.0,0.0,0.0,0.0,0.0,0.0,0.0,0.0,0.0,0.0,0.0,0.0,0.0,3.0,0.0,0.0,3.0,0.0,0.0,0.0,0.0,0.0,0.0,0.0,0.0,0.0,0.0,"Dec 31, 2018"
1725,2405080.0,10419.0,Diyala,Khanaqin,Agha and Khalifa,أغا وخليفة,34.3396863344,45.3777030067,30.0,180.0,0.0,0.0,0.0,0.0,0.0,30.0,0.0,0.0,0.0,0.0,0.0,0.0,0.0,0.0,0.0,0.0,0.0,0.0,0.0,0.0,0.0,0.0,0.0,0.0,0.0,0.0,30.0,0.0,0.0,30.0,0.0,0.0,0.0,0.0,0.0,0.0,0.0,0.0,0.0,0.0,15.0,0.0,15.0,15.0,0.0,15.0,0.0,0.0,0.0,0.0,0.0,0.0,0.0,0.0,0.0,0.0,"Dec 31, 2018"
1726,2405081.0,27299.0,Diyala,Khanaqin,Basha Kobry Qtr,حي باشا كوبري,34.3467263346,45.3908373238,7.0,42.0,0.0,0.0,0.0,0.0,0.0,7.0,0.0,0.0,0.0,0.0,0.0,0.0,0.0,0.0,0.0,0.0,0.0,0.0,0.0,0.0,0.0,0.0,0.0,0.0,0.0,0.0,7.0,0.0,0.0,7.0,0.0,0.0,0.0,0.0,0.0,0.0,0.0,0.0,0.0,0.0,5.0,0.0,2.0,5.0,0.0,2.0,0.0,0.0,0.0,0.0,0.0,0.0,0.0,0.0,0.0,0.0,"Dec 31, 2018"
1727,2405082.0,27286.0,Diyala,Khanaqin,Al Wand 2,مخيم الوند 2,34.3237593348,45.4541405748,235.0,1410.0,0.0,0.0,0.0,0.0,0.0,235.0,0.0,0.0,0.0,0.0,0.0,0.0,0.0,0.0,0.0,0.0,0.0,0.0,235.0,0.0,0.0,0.0,0.0,0.0,0.0,0.0,0.0,0.0,0.0,0.0,0.0,0.0,0.0,0.0,0.0,0.0,0.0,0.0,0.0,0.0,235.0,0.0,0.0,235.0,0.0,0.0,0.0,0.0,0.0,0.0,0.0,0.0,0.0,0.0,0.0,0.0,"Dec 31, 2018"
1728,2405131.0,10398.0,Diyala,Khanaqin,Qurato,قوراتو,34.60631,45.4957395,5.0,30.0,0.0,0.0,0.0,0.0,0.0,5.0,0.0,0.0,0.0,0.0,0.0,0.0,0.0,0.0,0.0,0.0,0.0,0.0,0.0,0.0,0.0,0.0,0.0,0.0,0.0,0.0,5.0,0.0,0.0,5.0,0.0,0.0,0.0,0.0,0.0,0.0,0.0,0.0,0.0,0.0,4.0,0.0,1.0,4.0,0.0,1.0,0.0,0.0,0.0,0.0,0.0,0.0,0.0,0.0,0.0,0.0,"Dec 31, 2018"
1729,2405132.0,10399.0,Diyala,Khanaqin,Barika,باريكة,34.5991494,45.3537606,13.0,78.0,0.0,0.0,0.0,0.0,0.0,10.0,0.0,0.0,0.0,0.0,0.0,0.0,0.0,0.0,3.0,0.0,0.0,0.0,0.0,0.0,0.0,0.0,0.0,0.0,0.0,0.0,13.0,0.0,0.0,13.0,0.0,0.0,0.0,0.0,0.0,0.0,0.0,0.0,0.0,0.0,3.0,0.0,1.0,3.0,2.0,1.0,0.0,2.0,2.0,0.0,0.0,2.0,5.0,0.0,5.0,0.0,"Dec 31, 2018"
1730,2405133.0,10437.0,Diyala,Khanaqin,Topaskar,توبعسكر,34.5539514,45.3357435,15.0,90.0,0.0,0.0,2.0,0.0,0.0,13.0,0.0,0.0,0.0,0.0,0.0,0.0,0.0,0.0,0.0,0.0,0.0,0.0,0.0,0.0,0.0,0.0,0.0,0.0,0.0,0.0,15.0,0.0,0.0,15.0,0.0,0.0,0.0,0.0,0.0,0.0,0.0,0.0,0.0,0.0,7.0,0.0,1.0,7.0,5.0,1.0,0.0,5.0,2.0,0.0,0.0,2.0,0.0,0.0,0.0,0.0,"Dec 31, 2018"
1731,2405134.0,33359.0,Diyala,Khanaqin,Kagol,كاقول,34.5141959,45.3400364,5.0,30.0,0.0,0.0,0.0,0.0,0.0,5.0,0.0,0.0,0.0,0.0,0.0,0.0,0.0,0.0,0.0,0.0,0.0,0.0,0.0,0.0,0.0,0.0,0.0,0.0,0.0,0.0,5.0,0.0,0.0,5.0,0.0,0.0,0.0,0.0,0.0,0.0,0.0,0.0,0.0,0.0,4.0,0.0,1.0,4.0,0.0,1.0,0.0,0.0,0.0,0.0,0.0,0.0,0.0,0.0,0.0,0.0,"Dec 31, 2018"
1732,2405135.0,11157.0,Diyala,Khanaqin,Sawzablagh,سوزة بلاغ,34.5067805,45.3410924,12.0,72.0,0.0,0.0,0.0,0.0,0.0,12.0,0.0,0.0,0.0,0.0,0.0,0.0,0.0,0.0,0.0,0.0,0.0,0.0,0.0,0.0,0.0,0.0,0.0,0.0,0.0,0.0,12.0,0.0,0.0,12.0,0.0,0.0,0.0,0.0,0.0,0.0,0.0,0.0,0.0,0.0,3.0,0.0,4.0,3.0,4.0,4.0,0.0,4.0,0.0,0.0,0.0,0.0,1.0,0.0,1.0,0.0,"Dec 31, 2018"
1733,2405142.0,33443.0,Diyala,Khanaqin,Al Ummal Qtr,حي العمال,34.3472970948,45.395881539,7.0,42.0,0.0,0.0,0.0,0.0,0.0,7.0,0.0,0.0,0.0,0.0,0.0,0.0,0.0,0.0,0.0,0.0,0.0,0.0,0.0,7.0,0.0,0.0,0.0,0.0,0.0,0.0,0.0,0.0,0.0,0.0,0.0,0.0,0.0,0.0,0.0,0.0,0.0,0.0,0.0,0.0,3.0,0.0,4.0,3.0,0.0,4.0,0.0,0.0,0.0,0.0,0.0,0.0,0.0,0.0,0.0,0.0,"Dec 31, 2018"
1734,2406002.0,10592.0,Diyala,Kifri,Qaratappa,قره تبه,34.4303163093,44.9289786032,125.0,750.0,0.0,0.0,0.0,0.0,0.0,125.0,0.0,0.0,0.0,0.0,0.0,0.0,0.0,0.0,0.0,0.0,0.0,0.0,0.0,50.0,0.0,0.0,0.0,0.0,0.0,0.0,75.0,0.0,0.0,75.0,0.0,0.0,0.0,0.0,0.0,0.0,0.0,0.0,0.0,0.0,125.0,0.0,0.0,125.0,0.0,0.0,0.0,0.0,0.0,0.0,0.0,0.0,0.0,0.0,0.0,0.0,"Dec 31, 2018"
1735,2406004.0,28422.0,Diyala,Kifri,awbrey,اوبري,34.7036343,44.968331,96.0,576.0,11.0,2.0,7.0,0.0,0.0,42.0,0.0,0.0,0.0,0.0,0.0,0.0,0.0,0.0,34.0,0.0,0.0,0.0,0.0,0.0,0.0,0.0,0.0,0.0,0.0,0.0,96.0,0.0,0.0,96.0,0.0,0.0,0.0,0.0,0.0,0.0,0.0,0.0,2.0,0.0,24.0,2.0,16.0,24.0,22.0,16.0,8.0,22.0,5.0,8.0,2.0,5.0,17.0,2.0,17.0,0.0,"Dec 31, 2018"
1736,2406005.0,28423.0,Diyala,Kifri,bawa shaswar,باوة شاسوار,34.699881,44.9638983,58.0,348.0,6.0,10.0,9.0,0.0,0.0,15.0,0.0,0.0,0.0,0.0,0.0,0.0,0.0,0.0,18.0,0.0,0.0,0.0,0.0,0.0,0.0,0.0,0.0,0.0,0.0,0.0,58.0,0.0,0.0,58.0,0.0,0.0,0.0,0.0,0.0,0.0,0.0,0.0,5.0,0.0,8.0,5.0,9.0,8.0,15.0,9.0,2.0,15.0,2.0,2.0,0.0,2.0,17.0,0.0,17.0,0.0,"Dec 31, 2018"
1737,2406006.0,28424.0,Diyala,Kifri,mamostayan,ماموستايان,34.6897689,44.9563149,35.0,210.0,2.0,6.0,3.0,0.0,0.0,10.0,0.0,0.0,0.0,0.0,0.0,0.0,0.0,0.0,14.0,0.0,0.0,0.0,0.0,0.0,0.0,0.0,0.0,0.0,0.0,0.0,35.0,0.0,0.0,35.0,0.0,0.0,0.0,0.0,0.0,0.0,0.0,0.0,2.0,0.0,9.0,2.0,0.0,9.0,11.0,0.0,3.0,11.0,0.0,3.0,0.0,0.0,10.0,0.0,10.0,0.0,"Dec 31, 2018"
1738,2406007.0,28425.0,Diyala,Kifri,emam mohammed,امام محمد,34.6920197,44.9686574,77.0,462.0,5.0,5.0,6.0,0.0,0.0,33.0,0.0,0.0,0.0,0.0,0.0,0.0,0.0,0.0,28.0,0.0,0.0,0.0,0.0,0.0,0.0,0.0,0.0,0.0,0.0,0.0,77.0,0.0,0.0,77.0,0.0,0.0,0.0,0.0,0.0,0.0,0.0,0.0,1.0,0.0,7.0,1.0,4.0,7.0,17.0,4.0,15.0,17.0,0.0,15.0,2.0,0.0,31.0,2.0,31.0,0.0,"Dec 31, 2018"
1739,2406008.0,28426.0,Diyala,Kifri,anfalakan,انفالكان,34.6793618,44.9602235,48.0,288.0,2.0,4.0,2.0,0.0,0.0,12.0,0.0,0.0,6.0,0.0,0.0,0.0,0.0,0.0,22.0,0.0,0.0,0.0,0.0,0.0,0.0,0.0,0.0,0.0,0.0,0.0,48.0,0.0,0.0,48.0,0.0,0.0,0.0,0.0,0.0,0.0,0.0,0.0,0.0,0.0,7.0,0.0,8.0,7.0,9.0,8.0,6.0,9.0,2.0,6.0,3.0,2.0,13.0,3.0,13.0,0.0,"Dec 31, 2018"
1740,2406009.0,28427.0,Diyala,Kifri,Hawari new ,هواري نوي,34.6906938,44.9505876,101.0,606.0,3.0,4.0,5.0,0.0,0.0,61.0,0.0,0.0,0.0,0.0,0.0,0.0,0.0,0.0,28.0,0.0,0.0,0.0,0.0,0.0,0.0,0.0,0.0,0.0,0.0,0.0,97.0,0.0,0.0,97.0,0.0,0.0,0.0,0.0,4.0,0.0,0.0,4.0,5.0,0.0,15.0,5.0,6.0,15.0,16.0,6.0,4.0,16.0,0.0,4.0,0.0,0.0,55.0,0.0,55.0,0.0,"Dec 31, 2018"
1741,2406010.0,28428.0,Diyala,Kifri,rezgari,رزكاري,34.6936463,44.9614081,70.0,420.0,10.0,14.0,6.0,0.0,0.0,24.0,0.0,0.0,0.0,0.0,0.0,0.0,2.0,0.0,14.0,0.0,0.0,0.0,0.0,0.0,0.0,0.0,0.0,0.0,0.0,0.0,63.0,0.0,0.0,63.0,0.0,0.0,0.0,0.0,7.0,0.0,0.0,7.0,4.0,0.0,18.0,4.0,8.0,18.0,11.0,8.0,6.0,11.0,0.0,6.0,0.0,0.0,23.0,0.0,23.0,0.0,"Dec 31, 2018"
1742,2406011.0,28429.0,Diyala,Kifri,shoresh,شورش,34.6865702,44.9527278,73.0,438.0,5.0,2.0,6.0,0.0,0.0,29.0,0.0,0.0,0.0,0.0,0.0,0.0,1.0,0.0,30.0,0.0,0.0,0.0,0.0,0.0,0.0,0.0,0.0,0.0,0.0,0.0,73.0,0.0,0.0,73.0,0.0,0.0,0.0,0.0,0.0,0.0,0.0,0.0,5.0,0.0,13.0,5.0,8.0,13.0,15.0,8.0,10.0,15.0,7.0,10.0,5.0,7.0,10.0,5.0,10.0,0.0,"Dec 31, 2018"
1743,2406012.0,28430.0,Diyala,Kifri,raparin,رابرين,34.6795417,44.9548963,84.0,504.0,6.0,9.0,9.0,0.0,0.0,30.0,0.0,0.0,0.0,0.0,0.0,0.0,0.0,0.0,30.0,0.0,0.0,0.0,0.0,0.0,0.0,0.0,0.0,0.0,0.0,0.0,84.0,0.0,0.0,84.0,0.0,0.0,0.0,0.0,0.0,0.0,0.0,0.0,6.0,0.0,11.0,6.0,3.0,11.0,22.0,3.0,17.0,22.0,0.0,17.0,6.0,0.0,19.0,6.0,19.0,0.0,"Dec 31, 2018"
1744,2406013.0,28431.0,Diyala,Kifri,azadi,ازدي,34.6832676,44.9623784,63.0,378.0,2.0,10.0,0.0,0.0,0.0,29.0,0.0,0.0,0.0,0.0,0.0,0.0,0.0,0.0,22.0,0.0,0.0,0.0,0.0,0.0,0.0,0.0,0.0,0.0,0.0,0.0,63.0,0.0,0.0,63.0,0.0,0.0,0.0,0.0,0.0,0.0,0.0,0.0,0.0,0.0,17.0,0.0,2.0,17.0,21.0,2.0,2.0,21.0,0.0,2.0,5.0,0.0,16.0,5.0,16.0,0.0,"Dec 31, 2018"
1745,2406014.0,28432.0,Diyala,Kifri,nawrooz,نوروز,34.6882393,44.9637433,100.0,600.0,3.0,6.0,6.0,0.0,0.0,45.0,0.0,0.0,0.0,0.0,0.0,0.0,2.0,0.0,38.0,0.0,0.0,0.0,0.0,0.0,0.0,0.0,0.0,0.0,0.0,0.0,100.0,0.0,0.0,100.0,0.0,0.0,0.0,0.0,0.0,0.0,0.0,0.0,2.0,0.0,22.0,2.0,5.0,22.0,33.0,5.0,2.0,33.0,0.0,2.0,0.0,0.0,36.0,0.0,36.0,0.0,"Dec 31, 2018"
1746,2406015.0,10394.0,Diyala,Kifri,12 Imam,12 امام,34.6363583,45.0113079,29.0,174.0,0.0,3.0,0.0,0.0,0.0,12.0,0.0,0.0,0.0,0.0,0.0,0.0,0.0,0.0,14.0,0.0,0.0,0.0,0.0,0.0,0.0,0.0,0.0,0.0,0.0,0.0,29.0,0.0,0.0,29.0,0.0,0.0,0.0,0.0,0.0,0.0,0.0,0.0,0.0,0.0,22.0,0.0,0.0,22.0,0.0,0.0,0.0,0.0,0.0,0.0,0.0,0.0,7.0,0.0,7.0,0.0,"Dec 31, 2018"
1747,2406016.0,11023.0,Diyala,Kifri,sar qala,سةرقةلا,34.7427975,45.0653236,147.0,882.0,0.0,9.0,4.0,0.0,0.0,74.0,0.0,0.0,0.0,0.0,0.0,0.0,5.0,0.0,55.0,0.0,0.0,0.0,0.0,0.0,0.0,0.0,0.0,0.0,0.0,0.0,147.0,0.0,0.0,147.0,0.0,0.0,0.0,0.0,0.0,0.0,0.0,0.0,12.0,0.0,28.0,12.0,25.0,28.0,19.0,25.0,13.0,19.0,16.0,13.0,19.0,16.0,15.0,19.0,15.0,0.0,"Dec 31, 2018"
1748,2406017.0,33153.0,Diyala,Kifri,Zinana,زنانة,34.8799657,44.8496409,110.0,660.0,0.0,0.0,0.0,0.0,0.0,0.0,0.0,0.0,0.0,0.0,0.0,0.0,0.0,0.0,110.0,0.0,0.0,0.0,0.0,70.0,0.0,0.0,0.0,0.0,0.0,0.0,40.0,0.0,0.0,40.0,0.0,0.0,0.0,0.0,0.0,0.0,0.0,0.0,0.0,0.0,0.0,0.0,0.0,0.0,0.0,0.0,0.0,0.0,0.0,0.0,0.0,0.0,110.0,0.0,110.0,0.0,"Dec 31, 2018"
1749,2406018.0,33380.0,Diyala,Kifri,Awa Spi,اوا سبي,35.0232578,45.1011726,40.0,240.0,0.0,0.0,2.0,0.0,0.0,32.0,0.0,0.0,0.0,0.0,0.0,0.0,2.0,0.0,4.0,0.0,0.0,0.0,0.0,0.0,0.0,0.0,0.0,0.0,0.0,0.0,40.0,0.0,0.0,40.0,0.0,0.0,0.0,0.0,0.0,0.0,0.0,0.0,0.0,0.0,4.0,0.0,0.0,4.0,3.0,0.0,8.0,3.0,9.0,8.0,13.0,9.0,3.0,13.0,3.0,0.0,"Dec 31, 2018"
1750,2406019.0,33394.0,Diyala,Kifri,shahidan,شهيدان,34.6841669,44.9520007,52.0,312.0,1.0,7.0,7.0,0.0,0.0,11.0,0.0,0.0,0.0,0.0,0.0,0.0,0.0,0.0,26.0,0.0,0.0,0.0,0.0,0.0,0.0,0.0,0.0,0.0,0.0,0.0,52.0,0.0,0.0,52.0,0.0,0.0,0.0,0.0,0.0,0.0,0.0,0.0,0.0,0.0,13.0,0.0,4.0,13.0,11.0,4.0,1.0,11.0,0.0,1.0,0.0,0.0,23.0,0.0,23.0,0.0,"Dec 31, 2018"
1751,2501004.0,23706.0,Kerbala,Ain Al-Tamur,Al Zakareet,الزكاريط ,32.4759388037,43.7317989,11.0,66.0,11.0,0.0,0.0,0.0,0.0,0.0,0.0,0.0,0.0,0.0,0.0,0.0,0.0,0.0,0.0,0.0,0.0,0.0,0.0,10.0,0.0,0.0,0.0,0.0,0.0,0.0,1.0,0.0,0.0,1.0,0.0,0.0,0.0,0.0,0.0,0.0,0.0,0.0,11.0,0.0,0.0,11.0,0.0,0.0,0.0,0.0,0.0,0.0,0.0,0.0,0.0,0.0,0.0,0.0,0.0,0.0,"Dec 31, 2018"
1752,2501005.0,13994.0,Kerbala,Ain Al-Tamur,Albo Hardan,البو حردان,32.5656352027,43.4899213,9.0,54.0,5.0,2.0,0.0,0.0,0.0,0.0,0.0,0.0,0.0,0.0,0.0,0.0,2.0,0.0,0.0,0.0,0.0,0.0,0.0,0.0,0.0,0.0,0.0,0.0,0.0,0.0,9.0,0.0,0.0,9.0,0.0,0.0,0.0,0.0,0.0,0.0,0.0,0.0,7.0,0.0,2.0,7.0,0.0,2.0,0.0,0.0,0.0,0.0,0.0,0.0,0.0,0.0,0.0,0.0,0.0,0.0,"Dec 31, 2018"
1753,2501010.0,23744.0,Kerbala,Ain Al-Tamur,Ain Al-Tamur-Hay Al Hussein,حي الحسين-عين التمر,32.5710818596,43.4794677,12.0,72.0,12.0,0.0,0.0,0.0,0.0,0.0,0.0,0.0,0.0,0.0,0.0,0.0,0.0,0.0,0.0,0.0,0.0,0.0,0.0,0.0,0.0,0.0,0.0,0.0,0.0,0.0,12.0,0.0,0.0,12.0,0.0,0.0,0.0,0.0,0.0,0.0,0.0,0.0,12.0,0.0,0.0,12.0,0.0,0.0,0.0,0.0,0.0,0.0,0.0,0.0,0.0,0.0,0.0,0.0,0.0,0.0,"Dec 31, 2018"
1754,2501011.0,23938.0,Kerbala,Ain Al-Tamur,Hay Al Zahraa,حي الزهراء-عين التمر,32.5705396105,43.4855055,5.0,30.0,5.0,0.0,0.0,0.0,0.0,0.0,0.0,0.0,0.0,0.0,0.0,0.0,0.0,0.0,0.0,0.0,0.0,0.0,0.0,0.0,0.0,0.0,0.0,0.0,0.0,0.0,5.0,0.0,0.0,5.0,0.0,0.0,0.0,0.0,0.0,0.0,0.0,0.0,5.0,0.0,0.0,5.0,0.0,0.0,0.0,0.0,0.0,0.0,0.0,0.0,0.0,0.0,0.0,0.0,0.0,0.0,"Dec 31, 2018"
1755,2502001.0,24198.0,Kerbala,Al-Hindiya,Al Jamyah,الجمعية ,32.5551133149,44.2232131215,20.0,120.0,0.0,0.0,0.0,0.0,0.0,0.0,0.0,0.0,0.0,0.0,0.0,0.0,20.0,0.0,0.0,0.0,0.0,0.0,0.0,0.0,0.0,0.0,0.0,0.0,0.0,0.0,20.0,0.0,0.0,20.0,0.0,0.0,0.0,0.0,0.0,0.0,0.0,0.0,0.0,0.0,20.0,0.0,0.0,20.0,0.0,0.0,0.0,0.0,0.0,0.0,0.0,0.0,0.0,0.0,0.0,0.0,"Dec 31, 2018"
1756,2502003.0,25494.0,Kerbala,Al-Hindiya,Al Rejeba,الرجيبة(الديران),32.5035455728,44.2007276173,13.0,78.0,0.0,0.0,0.0,0.0,0.0,0.0,0.0,0.0,0.0,0.0,0.0,0.0,13.0,0.0,0.0,0.0,0.0,0.0,0.0,0.0,0.0,0.0,0.0,0.0,0.0,0.0,13.0,0.0,0.0,13.0,0.0,0.0,0.0,0.0,0.0,0.0,0.0,0.0,0.0,0.0,13.0,0.0,0.0,13.0,0.0,0.0,0.0,0.0,0.0,0.0,0.0,0.0,0.0,0.0,0.0,0.0,"Dec 31, 2018"
1757,2502004.0,14254.0,Kerbala,Kerbala,Al-awarah al-wastah,العوارة الوسطى,32.7067983981,44.1887275663,3.0,18.0,0.0,3.0,0.0,0.0,0.0,0.0,0.0,0.0,0.0,0.0,0.0,0.0,0.0,0.0,0.0,0.0,0.0,0.0,0.0,0.0,0.0,0.0,0.0,0.0,0.0,0.0,3.0,0.0,0.0,3.0,0.0,0.0,0.0,0.0,0.0,0.0,0.0,0.0,3.0,0.0,0.0,3.0,0.0,0.0,0.0,0.0,0.0,0.0,0.0,0.0,0.0,0.0,0.0,0.0,0.0,0.0,"Dec 31, 2018"
1758,2502006.0,22785.0,Kerbala,Al-Hindiya,Albu Aziz,البو عزيز,32.5383491749,44.2386780348,13.0,78.0,0.0,0.0,0.0,0.0,0.0,0.0,0.0,0.0,0.0,0.0,0.0,0.0,13.0,0.0,0.0,0.0,0.0,0.0,0.0,0.0,0.0,0.0,0.0,0.0,0.0,0.0,13.0,0.0,0.0,13.0,0.0,0.0,0.0,0.0,0.0,0.0,0.0,0.0,0.0,0.0,13.0,0.0,0.0,13.0,0.0,0.0,0.0,0.0,0.0,0.0,0.0,0.0,0.0,0.0,0.0,0.0,"Dec 31, 2018"
1759,2502008.0,25845.0,Kerbala,Al-Hindiya,Al Riyadh,الرياض,32.5524021969,44.2226683248,10.0,60.0,0.0,0.0,0.0,0.0,0.0,0.0,0.0,0.0,0.0,0.0,0.0,0.0,10.0,0.0,0.0,0.0,0.0,0.0,0.0,0.0,0.0,0.0,0.0,0.0,0.0,0.0,10.0,0.0,0.0,10.0,0.0,0.0,0.0,0.0,0.0,0.0,0.0,0.0,0.0,0.0,10.0,0.0,0.0,10.0,0.0,0.0,0.0,0.0,0.0,0.0,0.0,0.0,0.0,0.0,0.0,0.0,"Dec 31, 2018"
1760,2502012.0,14298.0,Kerbala,Al-Hindiya,Al-Sakbaniyah,الصكبانية,32.5508917759,44.2491307479,6.0,36.0,0.0,0.0,6.0,0.0,0.0,0.0,0.0,0.0,0.0,0.0,0.0,0.0,0.0,0.0,0.0,0.0,0.0,0.0,0.0,0.0,0.0,0.0,0.0,0.0,0.0,0.0,6.0,0.0,0.0,6.0,0.0,0.0,0.0,0.0,0.0,0.0,0.0,0.0,0.0,0.0,0.0,0.0,6.0,0.0,0.0,6.0,0.0,0.0,0.0,0.0,0.0,0.0,0.0,0.0,0.0,0.0,"Dec 31, 2018"
1761,2502015.0,25486.0,Kerbala,Al-Hindiya,emlbege(hay al salam),املبيج(حي السلام),32.5527284614,44.2074784189,14.0,84.0,0.0,0.0,0.0,0.0,0.0,0.0,0.0,0.0,0.0,0.0,0.0,0.0,14.0,0.0,0.0,0.0,0.0,0.0,0.0,0.0,0.0,0.0,0.0,0.0,0.0,0.0,14.0,0.0,0.0,14.0,0.0,0.0,0.0,0.0,0.0,0.0,0.0,0.0,0.0,0.0,14.0,0.0,0.0,14.0,0.0,0.0,0.0,0.0,0.0,0.0,0.0,0.0,0.0,0.0,0.0,0.0,"Dec 31, 2018"
1762,2502018.0,14323.0,Kerbala,Al-Hindiya,Al-Hindiya-Hay Al-Amel,الهندية-حي العامل,32.5417361343,44.2195618082,30.0,180.0,0.0,0.0,0.0,0.0,0.0,0.0,0.0,0.0,0.0,0.0,0.0,0.0,30.0,0.0,0.0,0.0,0.0,0.0,0.0,0.0,0.0,0.0,0.0,0.0,0.0,0.0,30.0,0.0,0.0,30.0,0.0,0.0,0.0,0.0,0.0,0.0,0.0,0.0,0.0,0.0,30.0,0.0,0.0,30.0,0.0,0.0,0.0,0.0,0.0,0.0,0.0,0.0,0.0,0.0,0.0,0.0,"Dec 31, 2018"
1763,2502020.0,13802.0,Kerbala,Al-Hindiya,Shaykh hamza,شيخ حمزه,32.5418862162,44.2213841008,3.0,18.0,0.0,0.0,0.0,0.0,0.0,0.0,0.0,0.0,0.0,0.0,0.0,0.0,3.0,0.0,0.0,0.0,0.0,0.0,0.0,0.0,0.0,0.0,0.0,0.0,0.0,0.0,3.0,0.0,0.0,3.0,0.0,0.0,0.0,0.0,0.0,0.0,0.0,0.0,0.0,0.0,3.0,0.0,0.0,3.0,0.0,0.0,0.0,0.0,0.0,0.0,0.0,0.0,0.0,0.0,0.0,0.0,"Dec 31, 2018"
1764,2502023.0,27335.0,Kerbala,Al-Hindiya,Kareat al jubur,قرية الجبور,32.474457293,44.1561389322,40.0,240.0,0.0,0.0,0.0,0.0,0.0,0.0,0.0,0.0,0.0,0.0,0.0,0.0,40.0,0.0,0.0,0.0,0.0,0.0,0.0,0.0,0.0,0.0,0.0,0.0,0.0,40.0,0.0,40.0,0.0,0.0,0.0,0.0,0.0,0.0,0.0,0.0,0.0,0.0,0.0,0.0,40.0,0.0,0.0,40.0,0.0,0.0,0.0,0.0,0.0,0.0,0.0,0.0,0.0,0.0,0.0,0.0,"Dec 31, 2018"
1765,2502024.0,13985.0,Kerbala,Al-Hindiya,Mantakat Al hnedea,منطقة الهندية,32.560357912,44.0676033036,58.0,348.0,0.0,0.0,0.0,0.0,0.0,0.0,0.0,0.0,0.0,0.0,0.0,0.0,58.0,0.0,0.0,0.0,0.0,0.0,0.0,0.0,0.0,0.0,0.0,0.0,0.0,58.0,0.0,58.0,0.0,0.0,0.0,0.0,0.0,0.0,0.0,0.0,0.0,0.0,0.0,0.0,58.0,0.0,0.0,58.0,0.0,0.0,0.0,0.0,0.0,0.0,0.0,0.0,0.0,0.0,0.0,0.0,"Dec 31, 2018"
1766,2502027.0,27336.0,Kerbala,Al-Hindiya,Al abodea,العبودية,32.4988482702,44.1299493773,69.0,414.0,0.0,0.0,0.0,0.0,0.0,0.0,0.0,0.0,0.0,0.0,0.0,0.0,69.0,0.0,0.0,0.0,0.0,0.0,0.0,0.0,0.0,0.0,0.0,5.0,0.0,64.0,0.0,64.0,0.0,0.0,0.0,0.0,0.0,0.0,0.0,0.0,0.0,0.0,0.0,0.0,69.0,0.0,0.0,69.0,0.0,0.0,0.0,0.0,0.0,0.0,0.0,0.0,0.0,0.0,0.0,0.0,"Dec 31, 2018"
1767,2502036.0,25995.0,Kerbala,Al-Hindiya,Al Jedar Al Gharbi,الجدار الغربي,32.5102609923,44.1397468699,45.0,270.0,0.0,0.0,0.0,0.0,0.0,0.0,0.0,0.0,0.0,0.0,0.0,0.0,45.0,0.0,0.0,0.0,0.0,0.0,0.0,0.0,0.0,0.0,0.0,0.0,0.0,45.0,0.0,45.0,0.0,0.0,0.0,0.0,0.0,0.0,0.0,0.0,0.0,0.0,0.0,0.0,45.0,0.0,0.0,45.0,0.0,0.0,0.0,0.0,0.0,0.0,0.0,0.0,0.0,0.0,0.0,0.0,"Dec 31, 2018"
1768,2502041.0,25996.0,Kerbala,Al-Hindiya,Albo Soof,البو سوف,32.4658889681,44.1623930405,8.0,48.0,0.0,0.0,0.0,0.0,0.0,0.0,0.0,0.0,0.0,0.0,0.0,0.0,8.0,0.0,0.0,0.0,0.0,0.0,0.0,0.0,0.0,0.0,0.0,0.0,0.0,8.0,0.0,8.0,0.0,0.0,0.0,0.0,0.0,0.0,0.0,0.0,0.0,0.0,0.0,0.0,8.0,0.0,0.0,8.0,0.0,0.0,0.0,0.0,0.0,0.0,0.0,0.0,0.0,0.0,0.0,0.0,"Dec 31, 2018"
1769,2502043.0,25994.0,Kerbala,Al-Hindiya,Albu Zagam,البوزكم,32.482397162,44.1313557341,33.0,198.0,0.0,0.0,0.0,0.0,0.0,0.0,0.0,0.0,0.0,0.0,0.0,0.0,33.0,0.0,0.0,0.0,0.0,0.0,0.0,0.0,0.0,0.0,0.0,0.0,0.0,33.0,0.0,33.0,0.0,0.0,0.0,0.0,0.0,0.0,0.0,0.0,0.0,0.0,0.0,0.0,33.0,0.0,0.0,33.0,0.0,0.0,0.0,0.0,0.0,0.0,0.0,0.0,0.0,0.0,0.0,0.0,"Dec 31, 2018"
1770,2502046.0,14097.0,Kerbala,Al-Hindiya,Al-Jadwal Al-Ghrabi-Al Askary,العسكري,32.4943746604,44.1943415191,24.0,144.0,0.0,0.0,0.0,0.0,0.0,0.0,0.0,0.0,0.0,0.0,0.0,0.0,24.0,0.0,0.0,0.0,0.0,0.0,0.0,24.0,0.0,0.0,0.0,0.0,0.0,0.0,0.0,0.0,0.0,0.0,0.0,0.0,0.0,0.0,0.0,0.0,0.0,0.0,0.0,0.0,24.0,0.0,0.0,24.0,0.0,0.0,0.0,0.0,0.0,0.0,0.0,0.0,0.0,0.0,0.0,0.0,"Dec 31, 2018"
1771,2502047.0,26009.0,Kerbala,Al-Hindiya,Al-Khayrat,الخيرات,32.3545901956,44.2387874049,580.0,3480.0,0.0,0.0,0.0,0.0,0.0,0.0,0.0,0.0,0.0,0.0,0.0,0.0,580.0,0.0,0.0,0.0,0.0,0.0,0.0,0.0,0.0,0.0,0.0,0.0,0.0,580.0,0.0,580.0,0.0,0.0,0.0,0.0,0.0,0.0,0.0,0.0,0.0,0.0,0.0,0.0,580.0,0.0,0.0,580.0,0.0,0.0,0.0,0.0,0.0,0.0,0.0,0.0,0.0,0.0,0.0,0.0,"Dec 31, 2018"
1772,2502049.0,25975.0,Kerbala,Al-Hindiya,Al-Kawthar Camp,مخيم وزارة الهجرة والمهجرين,32.5251688271,44.104280552,135.0,810.0,0.0,0.0,0.0,0.0,0.0,0.0,0.0,0.0,0.0,0.0,0.0,0.0,135.0,0.0,0.0,0.0,0.0,0.0,135.0,0.0,0.0,0.0,0.0,0.0,0.0,0.0,0.0,0.0,0.0,0.0,0.0,0.0,0.0,0.0,0.0,0.0,0.0,0.0,0.0,0.0,135.0,0.0,0.0,135.0,0.0,0.0,0.0,0.0,0.0,0.0,0.0,0.0,0.0,0.0,0.0,0.0,"Dec 31, 2018"
1773,2502054.0,32057.0,Kerbala,Al-Hindiya,Abu Tharr complex,مجمع ابا ذر,32.5462052267,44.0892359291,76.0,456.0,0.0,0.0,0.0,0.0,0.0,0.0,0.0,0.0,0.0,0.0,0.0,0.0,76.0,0.0,0.0,0.0,0.0,0.0,76.0,0.0,0.0,0.0,0.0,0.0,0.0,0.0,0.0,0.0,0.0,0.0,0.0,0.0,0.0,0.0,0.0,0.0,0.0,0.0,0.0,0.0,76.0,0.0,0.0,76.0,0.0,0.0,0.0,0.0,0.0,0.0,0.0,0.0,0.0,0.0,0.0,0.0,"Dec 31, 2018"
1774,2503001.0,25265.0,Kerbala,Kerbala,Abo Akab,ابو عكب,32.6067898,44.0516005031,14.0,84.0,0.0,0.0,0.0,0.0,0.0,0.0,0.0,0.0,0.0,0.0,0.0,0.0,14.0,0.0,0.0,0.0,0.0,0.0,0.0,0.0,0.0,0.0,0.0,0.0,0.0,0.0,14.0,0.0,0.0,14.0,0.0,0.0,0.0,0.0,0.0,0.0,0.0,0.0,0.0,0.0,14.0,0.0,0.0,14.0,0.0,0.0,0.0,0.0,0.0,0.0,0.0,0.0,0.0,0.0,0.0,0.0,"Dec 31, 2018"
1775,2503004.0,25903.0,Kerbala,Kerbala,Abo Zarnt Al Shamaly,ابو زرنت الشمالية,32.7059143082,44.1675407019,14.0,84.0,0.0,4.0,10.0,0.0,0.0,0.0,0.0,0.0,0.0,0.0,0.0,0.0,0.0,0.0,0.0,0.0,0.0,0.0,0.0,0.0,0.0,0.0,0.0,0.0,0.0,0.0,14.0,0.0,0.0,14.0,0.0,0.0,0.0,0.0,0.0,0.0,0.0,0.0,4.0,0.0,10.0,4.0,0.0,10.0,0.0,0.0,0.0,0.0,0.0,0.0,0.0,0.0,0.0,0.0,0.0,0.0,"Dec 31, 2018"
1776,2503007.0,24743.0,Kerbala,Kerbala,Ahmad Al Waely St,شارع احمد الوائلي,32.6305765,44.0392547197,30.0,180.0,0.0,0.0,0.0,0.0,0.0,0.0,0.0,0.0,0.0,0.0,0.0,0.0,30.0,0.0,0.0,0.0,0.0,0.0,0.0,0.0,0.0,0.0,0.0,0.0,0.0,0.0,30.0,0.0,0.0,30.0,0.0,0.0,0.0,0.0,0.0,0.0,0.0,0.0,0.0,0.0,30.0,0.0,0.0,30.0,0.0,0.0,0.0,0.0,0.0,0.0,0.0,0.0,0.0,0.0,0.0,0.0,"Dec 31, 2018"
1777,2503009.0,25955.0,Kerbala,Kerbala,Al Abeater Al Westa,الابيتر الوسطى,32.6411755587,44.1423393449,7.0,42.0,0.0,1.0,0.0,0.0,0.0,0.0,0.0,0.0,0.0,0.0,0.0,0.0,6.0,0.0,0.0,0.0,0.0,0.0,0.0,3.0,0.0,0.0,0.0,0.0,0.0,0.0,4.0,0.0,0.0,4.0,0.0,0.0,0.0,0.0,0.0,0.0,0.0,0.0,1.0,0.0,6.0,1.0,0.0,6.0,0.0,0.0,0.0,0.0,0.0,0.0,0.0,0.0,0.0,0.0,0.0,0.0,"Dec 31, 2018"
1778,2503010.0,25270.0,Kerbala,Kerbala,Al Amam Ali,الامام علي,32.5809681,44.0239422231,8.0,48.0,3.0,0.0,0.0,0.0,0.0,0.0,0.0,0.0,0.0,0.0,0.0,0.0,5.0,0.0,0.0,0.0,0.0,0.0,0.0,0.0,0.0,0.0,0.0,0.0,0.0,0.0,8.0,0.0,0.0,8.0,0.0,0.0,0.0,0.0,0.0,0.0,0.0,0.0,3.0,0.0,5.0,3.0,0.0,5.0,0.0,0.0,0.0,0.0,0.0,0.0,0.0,0.0,0.0,0.0,0.0,0.0,"Dec 31, 2018"
1779,2503011.0,13769.0,Kerbala,Kerbala,Al Amam Aon,الامام عون,32.6871234882,44.1090922988,15.0,90.0,0.0,0.0,0.0,0.0,0.0,0.0,0.0,0.0,0.0,0.0,0.0,0.0,15.0,0.0,0.0,0.0,0.0,0.0,0.0,0.0,0.0,0.0,0.0,0.0,0.0,0.0,15.0,0.0,0.0,15.0,0.0,0.0,0.0,0.0,0.0,0.0,0.0,0.0,0.0,0.0,15.0,0.0,0.0,15.0,0.0,0.0,0.0,0.0,0.0,0.0,0.0,0.0,0.0,0.0,0.0,0.0,"Dec 31, 2018"
1780,2503012.0,25885.0,Kerbala,Kerbala,Al Amen 1,الامين1,32.6413477555,43.9917653916,6.0,36.0,1.0,0.0,0.0,0.0,0.0,0.0,0.0,0.0,0.0,0.0,0.0,0.0,5.0,0.0,0.0,0.0,0.0,0.0,0.0,0.0,0.0,0.0,0.0,0.0,0.0,0.0,6.0,0.0,0.0,6.0,0.0,0.0,0.0,0.0,0.0,0.0,0.0,0.0,1.0,0.0,5.0,1.0,0.0,5.0,0.0,0.0,0.0,0.0,0.0,0.0,0.0,0.0,0.0,0.0,0.0,0.0,"Dec 31, 2018"
1781,2503013.0,26060.0,Kerbala,Kerbala,Al Ameshea 2,العميشية 2,32.6580348785,44.0585271395,30.0,180.0,0.0,0.0,0.0,0.0,0.0,0.0,0.0,0.0,0.0,0.0,0.0,0.0,30.0,0.0,0.0,0.0,0.0,0.0,0.0,0.0,0.0,0.0,0.0,13.0,0.0,0.0,17.0,0.0,0.0,17.0,0.0,0.0,0.0,0.0,0.0,0.0,0.0,0.0,0.0,0.0,30.0,0.0,0.0,30.0,0.0,0.0,0.0,0.0,0.0,0.0,0.0,0.0,0.0,0.0,0.0,0.0,"Dec 31, 2018"
1782,2503015.0,24679.0,Kerbala,Kerbala,Al Amin,الامين,32.6009654,44.0364638906,9.0,54.0,4.0,0.0,0.0,0.0,0.0,0.0,0.0,0.0,0.0,0.0,0.0,0.0,5.0,0.0,0.0,0.0,0.0,0.0,0.0,0.0,0.0,0.0,0.0,0.0,0.0,0.0,9.0,0.0,0.0,9.0,0.0,0.0,0.0,0.0,0.0,0.0,0.0,0.0,4.0,0.0,5.0,4.0,0.0,5.0,0.0,0.0,0.0,0.0,0.0,0.0,0.0,0.0,0.0,0.0,0.0,0.0,"Dec 31, 2018"
1783,2503016.0,25852.0,Kerbala,Kerbala,Al Asafeat Al Sharqy,العسافيات الشرقي,32.6678307331,44.1600507753,4.0,24.0,0.0,2.0,0.0,0.0,0.0,0.0,0.0,0.0,0.0,0.0,0.0,0.0,2.0,0.0,0.0,0.0,0.0,0.0,0.0,0.0,0.0,0.0,0.0,0.0,0.0,0.0,4.0,0.0,0.0,4.0,0.0,0.0,0.0,0.0,0.0,0.0,0.0,0.0,2.0,0.0,2.0,2.0,0.0,2.0,0.0,0.0,0.0,0.0,0.0,0.0,0.0,0.0,0.0,0.0,0.0,0.0,"Dec 31, 2018"
1784,2503017.0,25484.0,Kerbala,Kerbala,Al Askary-Al haidery,العسكري-مجمع الحيدري,32.6467644,43.9701619,115.0,690.0,0.0,0.0,0.0,0.0,0.0,0.0,0.0,0.0,0.0,0.0,0.0,0.0,115.0,0.0,0.0,0.0,0.0,0.0,0.0,0.0,0.0,0.0,0.0,0.0,0.0,0.0,115.0,0.0,0.0,115.0,0.0,0.0,0.0,0.0,0.0,0.0,0.0,0.0,0.0,0.0,115.0,0.0,0.0,115.0,0.0,0.0,0.0,0.0,0.0,0.0,0.0,0.0,0.0,0.0,0.0,0.0,"Dec 31, 2018"
1785,2503018.0,25490.0,Kerbala,Kerbala,Al Askary 1,العسكري 1(الحر),32.6522166,43.979705,9.0,54.0,0.0,0.0,0.0,0.0,0.0,0.0,0.0,0.0,0.0,0.0,0.0,0.0,9.0,0.0,0.0,0.0,0.0,0.0,0.0,0.0,0.0,0.0,0.0,0.0,0.0,0.0,9.0,0.0,0.0,9.0,0.0,0.0,0.0,0.0,0.0,0.0,0.0,0.0,0.0,0.0,9.0,0.0,0.0,9.0,0.0,0.0,0.0,0.0,0.0,0.0,0.0,0.0,0.0,0.0,0.0,0.0,"Dec 31, 2018"
1786,2503019.0,25477.0,Kerbala,Kerbala,Al askary 11,العسكري11(العابد),32.6217682678,43.9792246,8.0,48.0,0.0,0.0,0.0,0.0,0.0,0.0,0.0,0.0,0.0,0.0,0.0,0.0,8.0,0.0,0.0,0.0,0.0,0.0,0.0,0.0,0.0,0.0,0.0,0.0,0.0,0.0,8.0,0.0,0.0,8.0,0.0,0.0,0.0,0.0,0.0,0.0,0.0,0.0,0.0,0.0,8.0,0.0,0.0,8.0,0.0,0.0,0.0,0.0,0.0,0.0,0.0,0.0,0.0,0.0,0.0,0.0,"Dec 31, 2018"
1787,2503020.0,25476.0,Kerbala,Kerbala,Al askary 12,العسكري12(العابد),32.6230507538,43.9779157,11.0,66.0,0.0,0.0,0.0,0.0,0.0,0.0,0.0,0.0,0.0,0.0,0.0,0.0,11.0,0.0,0.0,0.0,0.0,0.0,0.0,0.0,0.0,0.0,0.0,0.0,0.0,0.0,11.0,0.0,0.0,11.0,0.0,0.0,0.0,0.0,0.0,0.0,0.0,0.0,0.0,0.0,11.0,0.0,0.0,11.0,0.0,0.0,0.0,0.0,0.0,0.0,0.0,0.0,0.0,0.0,0.0,0.0,"Dec 31, 2018"
1788,2503021.0,25475.0,Kerbala,Kerbala,Al askary 14,العسكري14(العابد),32.6206309113,43.9788039,9.0,54.0,0.0,0.0,0.0,0.0,0.0,0.0,0.0,0.0,0.0,0.0,0.0,0.0,9.0,0.0,0.0,0.0,0.0,0.0,0.0,0.0,0.0,0.0,0.0,0.0,0.0,0.0,9.0,0.0,0.0,9.0,0.0,0.0,0.0,0.0,0.0,0.0,0.0,0.0,0.0,0.0,9.0,0.0,0.0,9.0,0.0,0.0,0.0,0.0,0.0,0.0,0.0,0.0,0.0,0.0,0.0,0.0,"Dec 31, 2018"
1789,2503022.0,25474.0,Kerbala,Kerbala,Al Askary 17,العسكري17(العابد),32.6141040657,43.9758595,8.0,48.0,0.0,0.0,0.0,0.0,0.0,0.0,0.0,0.0,0.0,0.0,0.0,0.0,5.0,0.0,3.0,0.0,0.0,0.0,0.0,0.0,0.0,0.0,0.0,0.0,0.0,0.0,8.0,0.0,0.0,8.0,0.0,0.0,0.0,0.0,0.0,0.0,0.0,0.0,0.0,0.0,8.0,0.0,0.0,8.0,0.0,0.0,0.0,0.0,0.0,0.0,0.0,0.0,0.0,0.0,0.0,0.0,"Dec 31, 2018"
1790,2503024.0,25491.0,Kerbala,Kerbala,Al Askary 2,العسكري2(الحر),32.6515591,43.9786882,13.0,78.0,0.0,0.0,0.0,0.0,0.0,0.0,0.0,0.0,0.0,0.0,0.0,0.0,13.0,0.0,0.0,0.0,0.0,0.0,0.0,0.0,0.0,0.0,0.0,0.0,0.0,0.0,13.0,0.0,0.0,13.0,0.0,0.0,0.0,0.0,0.0,0.0,0.0,0.0,0.0,0.0,13.0,0.0,0.0,13.0,0.0,0.0,0.0,0.0,0.0,0.0,0.0,0.0,0.0,0.0,0.0,0.0,"Dec 31, 2018"
1791,2503025.0,25492.0,Kerbala,Kerbala,Al Askary 4,العسكري4(الحر),32.6479335,43.9750048,5.0,30.0,0.0,0.0,0.0,0.0,0.0,0.0,0.0,0.0,0.0,0.0,0.0,0.0,5.0,0.0,0.0,0.0,0.0,0.0,0.0,0.0,0.0,0.0,0.0,0.0,0.0,0.0,5.0,0.0,0.0,5.0,0.0,0.0,0.0,0.0,0.0,0.0,0.0,0.0,0.0,0.0,5.0,0.0,0.0,5.0,0.0,0.0,0.0,0.0,0.0,0.0,0.0,0.0,0.0,0.0,0.0,0.0,"Dec 31, 2018"
1792,2503032.0,25482.0,Kerbala,Kerbala,Al Dalya 2,الدالية 2,32.645865294,44.0238168,18.0,108.0,0.0,0.0,0.0,0.0,0.0,0.0,0.0,0.0,0.0,0.0,0.0,0.0,18.0,0.0,0.0,0.0,0.0,0.0,0.0,0.0,0.0,0.0,0.0,0.0,0.0,0.0,18.0,0.0,0.0,18.0,0.0,0.0,0.0,0.0,0.0,0.0,0.0,0.0,0.0,0.0,18.0,0.0,0.0,18.0,0.0,0.0,0.0,0.0,0.0,0.0,0.0,0.0,0.0,0.0,0.0,0.0,"Dec 31, 2018"
1793,2503033.0,25483.0,Kerbala,Kerbala,Al Dalya1,الدالية 1,32.6304489579,44.0183094,20.0,120.0,0.0,0.0,0.0,0.0,0.0,0.0,0.0,0.0,0.0,0.0,0.0,0.0,20.0,0.0,0.0,0.0,0.0,0.0,0.0,0.0,0.0,0.0,0.0,0.0,0.0,0.0,20.0,0.0,0.0,20.0,0.0,0.0,0.0,0.0,0.0,0.0,0.0,0.0,0.0,0.0,20.0,0.0,0.0,20.0,0.0,0.0,0.0,0.0,0.0,0.0,0.0,0.0,0.0,0.0,0.0,0.0,"Dec 31, 2018"
1794,2503037.0,25887.0,Kerbala,Kerbala,Al Fadha,الفيضة,32.6846100843,44.1113461,30.0,180.0,0.0,0.0,0.0,0.0,0.0,0.0,0.0,0.0,0.0,0.0,0.0,0.0,30.0,0.0,0.0,0.0,0.0,0.0,0.0,0.0,0.0,0.0,0.0,0.0,0.0,30.0,0.0,30.0,0.0,0.0,0.0,0.0,0.0,0.0,0.0,0.0,0.0,0.0,0.0,0.0,30.0,0.0,0.0,30.0,0.0,0.0,0.0,0.0,0.0,0.0,0.0,0.0,0.0,0.0,0.0,0.0,"Dec 31, 2018"
1795,2503039.0,25480.0,Kerbala,Kerbala,Al Forat 1,الفرات 1,32.6486187,43.9712316,7.0,42.0,2.0,0.0,0.0,0.0,0.0,0.0,0.0,0.0,0.0,0.0,0.0,0.0,5.0,0.0,0.0,0.0,0.0,0.0,0.0,0.0,0.0,0.0,0.0,0.0,0.0,0.0,7.0,0.0,0.0,7.0,0.0,0.0,0.0,0.0,0.0,0.0,0.0,0.0,2.0,0.0,5.0,2.0,0.0,5.0,0.0,0.0,0.0,0.0,0.0,0.0,0.0,0.0,0.0,0.0,0.0,0.0,"Dec 31, 2018"
1796,2503040.0,25481.0,Kerbala,Kerbala,Al forat 2,الفرات 2,32.6469712,43.9691727,7.0,42.0,0.0,0.0,0.0,0.0,0.0,0.0,0.0,0.0,1.0,0.0,0.0,0.0,6.0,0.0,0.0,0.0,0.0,0.0,0.0,0.0,0.0,0.0,0.0,0.0,0.0,0.0,7.0,0.0,0.0,7.0,0.0,0.0,0.0,0.0,0.0,0.0,0.0,0.0,0.0,0.0,6.0,0.0,1.0,6.0,0.0,1.0,0.0,0.0,0.0,0.0,0.0,0.0,0.0,0.0,0.0,0.0,"Dec 31, 2018"
1797,2503041.0,25264.0,Kerbala,Kerbala,Al Fadaein,الفدين,32.6058356,44.0640015,17.0,102.0,1.0,0.0,0.0,0.0,0.0,0.0,0.0,0.0,0.0,0.0,0.0,0.0,15.0,0.0,1.0,0.0,0.0,0.0,0.0,0.0,2.0,0.0,0.0,0.0,0.0,0.0,15.0,0.0,0.0,15.0,0.0,0.0,0.0,0.0,0.0,0.0,0.0,0.0,0.0,0.0,15.0,0.0,2.0,15.0,0.0,2.0,0.0,0.0,0.0,0.0,0.0,0.0,0.0,0.0,0.0,0.0,"Dec 31, 2018"
1798,2503045.0,23265.0,Kerbala,Kerbala,Al Hawra,حي الحوراء ,32.6492675503,44.0497929,45.0,270.0,0.0,0.0,0.0,0.0,0.0,0.0,0.0,0.0,0.0,0.0,0.0,0.0,45.0,0.0,0.0,0.0,0.0,0.0,0.0,0.0,0.0,0.0,0.0,0.0,0.0,0.0,45.0,0.0,0.0,45.0,0.0,0.0,0.0,0.0,0.0,0.0,0.0,0.0,0.0,0.0,45.0,0.0,0.0,45.0,0.0,0.0,0.0,0.0,0.0,0.0,0.0,0.0,0.0,0.0,0.0,0.0,"Dec 31, 2018"
1799,2503048.0,24630.0,Kerbala,Kerbala,Sumer 1,حي سومر1,32.6462041,43.9881351,13.0,78.0,1.0,0.0,4.0,0.0,0.0,0.0,0.0,0.0,0.0,0.0,0.0,0.0,8.0,0.0,0.0,0.0,0.0,0.0,0.0,0.0,0.0,0.0,0.0,0.0,0.0,0.0,9.0,0.0,0.0,9.0,0.0,0.0,0.0,0.0,4.0,0.0,0.0,4.0,4.0,0.0,8.0,4.0,1.0,8.0,0.0,1.0,0.0,0.0,0.0,0.0,0.0,0.0,0.0,0.0,0.0,0.0,"Dec 31, 2018"
1800,2503049.0,25550.0,Kerbala,Kerbala,Al Amam Al Montadar,الامام المنتظر,32.6349564,43.9848728,10.0,60.0,0.0,0.0,0.0,0.0,0.0,0.0,0.0,0.0,0.0,0.0,0.0,0.0,10.0,0.0,0.0,0.0,0.0,0.0,0.0,0.0,0.0,0.0,0.0,0.0,0.0,0.0,10.0,0.0,0.0,10.0,0.0,0.0,0.0,0.0,0.0,0.0,0.0,0.0,0.0,0.0,10.0,0.0,0.0,10.0,0.0,0.0,0.0,0.0,0.0,0.0,0.0,0.0,0.0,0.0,0.0,0.0,"Dec 31, 2018"
1801,2503051.0,25546.0,Kerbala,Kerbala,Al Walaa1,الولاء1,32.6127513,43.98150095,10.0,60.0,0.0,0.0,0.0,0.0,0.0,0.0,0.0,0.0,0.0,0.0,0.0,0.0,10.0,0.0,0.0,0.0,0.0,0.0,0.0,0.0,0.0,0.0,0.0,0.0,0.0,0.0,10.0,0.0,0.0,10.0,0.0,0.0,0.0,0.0,0.0,0.0,0.0,0.0,0.0,0.0,10.0,0.0,0.0,10.0,0.0,0.0,0.0,0.0,0.0,0.0,0.0,0.0,0.0,0.0,0.0,0.0,"Dec 31, 2018"
1802,2503052.0,25555.0,Kerbala,Kerbala,Hay Al Rafdean 2,الرافدين 2,32.6078771311,43.9650182,10.0,60.0,1.0,0.0,0.0,0.0,0.0,0.0,0.0,0.0,8.0,0.0,0.0,0.0,0.0,0.0,1.0,0.0,0.0,0.0,0.0,0.0,0.0,0.0,0.0,8.0,0.0,0.0,2.0,0.0,0.0,2.0,0.0,0.0,0.0,0.0,0.0,0.0,0.0,0.0,1.0,0.0,1.0,1.0,8.0,1.0,0.0,8.0,0.0,0.0,0.0,0.0,0.0,0.0,0.0,0.0,0.0,0.0,"Dec 31, 2018"
1803,2503055.0,25548.0,Kerbala,Kerbala,Mulhak Hay Al Mualmen,ملحق حي المعلمين,32.6409417,43.976397,7.0,42.0,1.0,0.0,0.0,0.0,0.0,0.0,0.0,0.0,0.0,0.0,0.0,0.0,5.0,0.0,1.0,0.0,0.0,0.0,0.0,0.0,0.0,0.0,0.0,0.0,0.0,0.0,7.0,0.0,0.0,7.0,0.0,0.0,0.0,0.0,0.0,0.0,0.0,0.0,1.0,0.0,5.0,1.0,1.0,5.0,0.0,1.0,0.0,0.0,0.0,0.0,0.0,0.0,0.0,0.0,0.0,0.0,"Dec 31, 2018"
1804,2503058.0,22533.0,Kerbala,Kerbala,Al Intefadha Al Shabaniya,الانتفاضه الشعبانية,32.5919543422,44.0127889647,20.0,120.0,5.0,0.0,0.0,0.0,0.0,4.0,0.0,0.0,6.0,0.0,0.0,0.0,0.0,0.0,5.0,0.0,0.0,0.0,0.0,0.0,0.0,0.0,0.0,4.0,0.0,0.0,16.0,0.0,0.0,16.0,0.0,0.0,0.0,0.0,0.0,0.0,0.0,0.0,5.0,0.0,0.0,5.0,15.0,0.0,0.0,15.0,0.0,0.0,0.0,0.0,0.0,0.0,0.0,0.0,0.0,0.0,"Dec 31, 2018"
1805,2503062.0,25487.0,Kerbala,Kerbala,Al Jarya,الجرية,32.6482378553,44.1076618293,5.0,30.0,1.0,0.0,0.0,0.0,0.0,0.0,0.0,0.0,0.0,0.0,0.0,0.0,4.0,0.0,0.0,0.0,0.0,0.0,0.0,0.0,0.0,0.0,0.0,0.0,0.0,0.0,5.0,0.0,0.0,5.0,0.0,0.0,0.0,0.0,0.0,0.0,0.0,0.0,1.0,0.0,4.0,1.0,0.0,4.0,0.0,0.0,0.0,0.0,0.0,0.0,0.0,0.0,0.0,0.0,0.0,0.0,"Dec 31, 2018"
1806,2503064.0,24197.0,Kerbala,Kerbala,Al Kaim,القائم,32.5978574374,44.0000131961,15.0,90.0,0.0,0.0,0.0,0.0,0.0,0.0,0.0,0.0,8.0,0.0,0.0,0.0,7.0,0.0,0.0,0.0,0.0,0.0,0.0,0.0,5.0,0.0,0.0,0.0,0.0,0.0,10.0,0.0,0.0,10.0,0.0,0.0,0.0,0.0,0.0,0.0,0.0,0.0,0.0,0.0,15.0,0.0,0.0,15.0,0.0,0.0,0.0,0.0,0.0,0.0,0.0,0.0,0.0,0.0,0.0,0.0,"Dec 31, 2018"
1807,2503067.0,25493.0,Kerbala,Kerbala,Al Makalaa,المقالع,32.6492763,43.9838384,6.0,36.0,0.0,0.0,0.0,0.0,0.0,0.0,0.0,0.0,0.0,0.0,0.0,0.0,6.0,0.0,0.0,0.0,0.0,0.0,0.0,0.0,0.0,0.0,0.0,0.0,0.0,0.0,6.0,0.0,0.0,6.0,0.0,0.0,0.0,0.0,0.0,0.0,0.0,0.0,0.0,0.0,6.0,0.0,0.0,6.0,0.0,0.0,0.0,0.0,0.0,0.0,0.0,0.0,0.0,0.0,0.0,0.0,"Dec 31, 2018"
1808,2503070.0,25884.0,Kerbala,Kerbala,Al Motlak Al Gharby,المطلق الغربي,32.6289172006,44.0528323865,5.0,30.0,0.0,0.0,0.0,0.0,0.0,0.0,0.0,0.0,0.0,0.0,0.0,0.0,5.0,0.0,0.0,0.0,0.0,0.0,0.0,0.0,0.0,0.0,0.0,0.0,0.0,0.0,5.0,0.0,0.0,5.0,0.0,0.0,0.0,0.0,0.0,0.0,0.0,0.0,0.0,0.0,5.0,0.0,0.0,5.0,0.0,0.0,0.0,0.0,0.0,0.0,0.0,0.0,0.0,0.0,0.0,0.0,"Dec 31, 2018"
1809,2503071.0,25357.0,Kerbala,Kerbala,Al Motlak Al Sharky,المطلق الشرقي,32.6277077264,44.0597838629,10.0,60.0,0.0,0.0,0.0,0.0,0.0,0.0,0.0,0.0,0.0,0.0,0.0,0.0,10.0,0.0,0.0,0.0,0.0,0.0,0.0,0.0,0.0,0.0,0.0,0.0,0.0,4.0,6.0,4.0,0.0,6.0,0.0,0.0,0.0,0.0,0.0,0.0,0.0,0.0,0.0,0.0,10.0,0.0,0.0,10.0,0.0,0.0,0.0,0.0,0.0,0.0,0.0,0.0,0.0,0.0,0.0,0.0,"Dec 31, 2018"
1810,2503072.0,25886.0,Kerbala,Kerbala,Al Mustjadat,المستجدات,32.6234065104,44.0492402486,12.0,72.0,0.0,0.0,0.0,0.0,0.0,0.0,0.0,0.0,0.0,0.0,0.0,0.0,12.0,0.0,0.0,0.0,0.0,0.0,0.0,0.0,0.0,0.0,0.0,0.0,0.0,4.0,8.0,4.0,0.0,8.0,0.0,0.0,0.0,0.0,0.0,0.0,0.0,0.0,0.0,0.0,12.0,0.0,0.0,12.0,0.0,0.0,0.0,0.0,0.0,0.0,0.0,0.0,0.0,0.0,0.0,0.0,"Dec 31, 2018"
1811,2503073.0,25273.0,Kerbala,Kerbala,Al Qadissiya 1,القادسية 1,32.6408618,43.9844632,16.0,96.0,0.0,0.0,0.0,0.0,0.0,0.0,0.0,0.0,0.0,0.0,0.0,0.0,16.0,0.0,0.0,0.0,0.0,0.0,0.0,0.0,0.0,0.0,0.0,0.0,0.0,0.0,16.0,0.0,0.0,16.0,0.0,0.0,0.0,0.0,0.0,0.0,0.0,0.0,0.0,0.0,16.0,0.0,0.0,16.0,0.0,0.0,0.0,0.0,0.0,0.0,0.0,0.0,0.0,0.0,0.0,0.0,"Dec 31, 2018"
1812,2503074.0,22532.0,Kerbala,Kerbala,Al Qadissiya 2,القادسية 2,32.6421869,43.9830919,14.0,84.0,0.0,0.0,0.0,0.0,0.0,0.0,0.0,0.0,0.0,0.0,0.0,0.0,14.0,0.0,0.0,0.0,0.0,0.0,0.0,0.0,5.0,0.0,0.0,0.0,0.0,0.0,9.0,0.0,0.0,9.0,0.0,0.0,0.0,0.0,0.0,0.0,0.0,0.0,0.0,0.0,14.0,0.0,0.0,14.0,0.0,0.0,0.0,0.0,0.0,0.0,0.0,0.0,0.0,0.0,0.0,0.0,"Dec 31, 2018"
1813,2503076.0,22786.0,Kerbala,Kerbala,Al Rawdhatain,الروضتين ,32.6201625,44.0183933514,22.0,132.0,0.0,0.0,0.0,0.0,0.0,0.0,0.0,0.0,0.0,0.0,0.0,0.0,22.0,0.0,0.0,0.0,0.0,0.0,0.0,0.0,0.0,0.0,0.0,0.0,0.0,0.0,22.0,0.0,0.0,22.0,0.0,0.0,0.0,0.0,0.0,0.0,0.0,0.0,0.0,0.0,22.0,0.0,0.0,22.0,0.0,0.0,0.0,0.0,0.0,0.0,0.0,0.0,0.0,0.0,0.0,0.0,"Dec 31, 2018"
1814,2503077.0,25848.0,Kerbala,Kerbala,Al Sahrawy Al Mazarea,الصحراوية المزارع,32.5450305,44.0912482,25.0,150.0,0.0,0.0,0.0,0.0,0.0,0.0,0.0,0.0,0.0,0.0,0.0,0.0,25.0,0.0,0.0,0.0,0.0,0.0,0.0,0.0,0.0,0.0,0.0,0.0,0.0,10.0,15.0,10.0,0.0,15.0,0.0,0.0,0.0,0.0,0.0,0.0,0.0,0.0,0.0,0.0,25.0,0.0,0.0,25.0,0.0,0.0,0.0,0.0,0.0,0.0,0.0,0.0,0.0,0.0,0.0,0.0,"Dec 31, 2018"
1815,2503078.0,25358.0,Kerbala,Kerbala,Al Salam-1,السلام1,32.5876564,44.0007174584,5.0,30.0,0.0,0.0,0.0,0.0,0.0,0.0,0.0,0.0,0.0,0.0,0.0,0.0,5.0,0.0,0.0,0.0,0.0,0.0,0.0,0.0,0.0,0.0,0.0,0.0,0.0,0.0,5.0,0.0,0.0,5.0,0.0,0.0,0.0,0.0,0.0,0.0,0.0,0.0,0.0,0.0,5.0,0.0,0.0,5.0,0.0,0.0,0.0,0.0,0.0,0.0,0.0,0.0,0.0,0.0,0.0,0.0,"Dec 31, 2018"
1816,2503079.0,25359.0,Kerbala,Kerbala,Al Salam-2,السلام 2,32.5859744,43.9894069076,10.0,60.0,3.0,0.0,0.0,0.0,0.0,2.0,0.0,0.0,0.0,0.0,0.0,0.0,5.0,0.0,0.0,0.0,0.0,0.0,0.0,0.0,0.0,0.0,0.0,0.0,0.0,0.0,10.0,0.0,0.0,10.0,0.0,0.0,0.0,0.0,0.0,0.0,0.0,0.0,3.0,0.0,5.0,3.0,2.0,5.0,0.0,2.0,0.0,0.0,0.0,0.0,0.0,0.0,0.0,0.0,0.0,0.0,"Dec 31, 2018"
1817,2503082.0,25361.0,Kerbala,Kerbala,Al Shrawea Al Wady,الصحراوية الوادي,32.5495776,44.091208435,20.0,120.0,0.0,0.0,0.0,0.0,0.0,0.0,0.0,0.0,0.0,0.0,0.0,0.0,20.0,0.0,0.0,0.0,0.0,0.0,0.0,15.0,0.0,0.0,0.0,0.0,0.0,0.0,5.0,0.0,0.0,5.0,0.0,0.0,0.0,0.0,0.0,0.0,0.0,0.0,0.0,0.0,20.0,0.0,0.0,20.0,0.0,0.0,0.0,0.0,0.0,0.0,0.0,0.0,0.0,0.0,0.0,0.0,"Dec 31, 2018"
1818,2503084.0,25551.0,Kerbala,Kerbala,Al Somod-Al Uwlaa,الصمود الاولى,32.5893078,44.0060855,4.0,24.0,0.0,0.0,0.0,0.0,0.0,0.0,0.0,0.0,0.0,0.0,0.0,0.0,4.0,0.0,0.0,0.0,0.0,0.0,0.0,0.0,0.0,0.0,0.0,2.0,0.0,0.0,2.0,0.0,0.0,2.0,0.0,0.0,0.0,0.0,0.0,0.0,0.0,0.0,0.0,0.0,4.0,0.0,0.0,4.0,0.0,0.0,0.0,0.0,0.0,0.0,0.0,0.0,0.0,0.0,0.0,0.0,"Dec 31, 2018"
1819,2503089.0,25938.0,Kerbala,Kerbala,Al Wand Al Mustajad,الوند المستجد,32.7230437274,44.1949910085,25.0,150.0,0.0,11.0,0.0,0.0,0.0,0.0,0.0,0.0,0.0,0.0,0.0,0.0,14.0,0.0,0.0,0.0,0.0,0.0,0.0,0.0,0.0,0.0,0.0,0.0,0.0,19.0,6.0,19.0,0.0,6.0,0.0,0.0,0.0,0.0,0.0,0.0,0.0,0.0,11.0,0.0,14.0,11.0,0.0,14.0,0.0,0.0,0.0,0.0,0.0,0.0,0.0,0.0,0.0,0.0,0.0,0.0,"Dec 31, 2018"
1820,2503096.0,14167.0,Kerbala,Kerbala,Al-Abrahmeiah (Al hafed),الابراهيمية (الحافظ),32.6601784305,44.1402887232,35.0,210.0,0.0,0.0,0.0,0.0,0.0,0.0,0.0,0.0,0.0,0.0,0.0,0.0,35.0,0.0,0.0,0.0,0.0,0.0,0.0,4.0,0.0,0.0,0.0,0.0,0.0,15.0,16.0,15.0,0.0,16.0,0.0,0.0,0.0,0.0,0.0,0.0,0.0,0.0,0.0,0.0,35.0,0.0,0.0,35.0,0.0,0.0,0.0,0.0,0.0,0.0,0.0,0.0,0.0,0.0,0.0,0.0,"Dec 31, 2018"
1821,2503097.0,14302.0,Kerbala,Kerbala,Al-Askari 13,العسكري13(العابد),32.6229669167,43.9753799,6.0,36.0,0.0,0.0,0.0,0.0,0.0,0.0,0.0,0.0,0.0,0.0,0.0,0.0,4.0,0.0,2.0,0.0,0.0,0.0,0.0,0.0,0.0,0.0,0.0,0.0,0.0,0.0,6.0,0.0,0.0,6.0,0.0,0.0,0.0,0.0,0.0,0.0,0.0,0.0,0.0,0.0,4.0,0.0,2.0,4.0,0.0,2.0,0.0,0.0,0.0,0.0,0.0,0.0,0.0,0.0,0.0,0.0,"Dec 31, 2018"
1822,2503098.0,14282.0,Kerbala,Kerbala,AL-Askeriy 16,العسكري 16   ,32.6174347753,43.9755486,9.0,54.0,0.0,0.0,0.0,0.0,0.0,0.0,0.0,0.0,0.0,0.0,0.0,0.0,9.0,0.0,0.0,0.0,0.0,0.0,0.0,0.0,0.0,0.0,0.0,0.0,0.0,0.0,9.0,0.0,0.0,9.0,0.0,0.0,0.0,0.0,0.0,0.0,0.0,0.0,0.0,0.0,9.0,0.0,0.0,9.0,0.0,0.0,0.0,0.0,0.0,0.0,0.0,0.0,0.0,0.0,0.0,0.0,"Dec 31, 2018"
1823,2503104.0,14287.0,Kerbala,Kerbala,Al-Bobyat-Al Wadde,البوبيات-الودي,32.6252558,44.0261152,49.0,294.0,0.0,0.0,0.0,0.0,0.0,0.0,0.0,0.0,0.0,0.0,0.0,0.0,49.0,0.0,0.0,0.0,0.0,0.0,0.0,0.0,0.0,0.0,0.0,0.0,0.0,0.0,49.0,0.0,0.0,49.0,0.0,0.0,0.0,0.0,0.0,0.0,0.0,0.0,0.0,0.0,49.0,0.0,0.0,49.0,0.0,0.0,0.0,0.0,0.0,0.0,0.0,0.0,0.0,0.0,0.0,0.0,"Dec 31, 2018"
1824,2503111.0,25060.0,Kerbala,Kerbala,Al-hurr-Al Amen 2,الامين 2,32.6431041992,43.9918203,13.0,78.0,0.0,0.0,0.0,0.0,0.0,0.0,0.0,0.0,0.0,0.0,0.0,0.0,13.0,0.0,0.0,0.0,0.0,0.0,0.0,0.0,0.0,0.0,0.0,0.0,0.0,0.0,13.0,0.0,0.0,13.0,0.0,0.0,0.0,0.0,0.0,0.0,0.0,0.0,0.0,0.0,13.0,0.0,0.0,13.0,0.0,0.0,0.0,0.0,0.0,0.0,0.0,0.0,0.0,0.0,0.0,0.0,"Dec 31, 2018"
1825,2503113.0,25061.0,Kerbala,Kerbala,Al Hurr Al Sager,الحر الصغير,32.6524887,43.9948325,48.0,288.0,2.0,0.0,0.0,0.0,0.0,0.0,0.0,0.0,0.0,0.0,0.0,0.0,46.0,0.0,0.0,0.0,0.0,0.0,0.0,0.0,0.0,0.0,0.0,0.0,0.0,0.0,48.0,0.0,0.0,48.0,0.0,0.0,0.0,0.0,0.0,0.0,0.0,0.0,2.0,0.0,46.0,2.0,0.0,46.0,0.0,0.0,0.0,0.0,0.0,0.0,0.0,0.0,0.0,0.0,0.0,0.0,"Dec 31, 2018"
1826,2503114.0,25062.0,Kerbala,Kerbala,Hay Al Noor,حي النور,32.6497935,43.9874314,10.0,60.0,0.0,0.0,0.0,0.0,0.0,0.0,0.0,0.0,0.0,0.0,0.0,0.0,10.0,0.0,0.0,0.0,0.0,0.0,0.0,2.0,0.0,0.0,0.0,0.0,0.0,0.0,8.0,0.0,0.0,8.0,0.0,0.0,0.0,0.0,0.0,0.0,0.0,0.0,0.0,0.0,10.0,0.0,0.0,10.0,0.0,0.0,0.0,0.0,0.0,0.0,0.0,0.0,0.0,0.0,0.0,0.0,"Dec 31, 2018"
1827,2503115.0,25259.0,Kerbala,Kerbala,Sumer 2,حي سومر 2,32.647769,43.9876817,6.0,36.0,0.0,0.0,0.0,0.0,0.0,0.0,0.0,0.0,0.0,0.0,0.0,0.0,6.0,0.0,0.0,0.0,0.0,0.0,0.0,0.0,0.0,0.0,0.0,0.0,0.0,0.0,6.0,0.0,0.0,6.0,0.0,0.0,0.0,0.0,0.0,0.0,0.0,0.0,0.0,0.0,6.0,0.0,0.0,6.0,0.0,0.0,0.0,0.0,0.0,0.0,0.0,0.0,0.0,0.0,0.0,0.0,"Dec 31, 2018"
1828,2503116.0,25064.0,Kerbala,Kerbala,Al Ateshy,العطيشي,32.6736473523,44.1636764203,8.0,48.0,0.0,8.0,0.0,0.0,0.0,0.0,0.0,0.0,0.0,0.0,0.0,0.0,0.0,0.0,0.0,0.0,0.0,0.0,0.0,0.0,0.0,0.0,0.0,0.0,0.0,0.0,8.0,0.0,0.0,8.0,0.0,0.0,0.0,0.0,0.0,0.0,0.0,0.0,8.0,0.0,0.0,8.0,0.0,0.0,0.0,0.0,0.0,0.0,0.0,0.0,0.0,0.0,0.0,0.0,0.0,0.0,"Dec 31, 2018"
1829,2503117.0,14120.0,Kerbala,Kerbala,Al-hussainyh-Hay Al-Abas,الحسينية-حي العباس,32.6845317588,44.1660875514,5.0,30.0,0.0,5.0,0.0,0.0,0.0,0.0,0.0,0.0,0.0,0.0,0.0,0.0,0.0,0.0,0.0,0.0,0.0,0.0,0.0,0.0,0.0,0.0,0.0,0.0,0.0,0.0,5.0,0.0,0.0,5.0,0.0,0.0,0.0,0.0,0.0,0.0,0.0,0.0,5.0,0.0,0.0,5.0,0.0,0.0,0.0,0.0,0.0,0.0,0.0,0.0,0.0,0.0,0.0,0.0,0.0,0.0,"Dec 31, 2018"
1830,2503118.0,24140.0,Kerbala,Kerbala,Al-hussainya-hay al-hussain,الحسينية-حي الحسين,32.6789597719,44.1651664694,15.0,90.0,0.0,15.0,0.0,0.0,0.0,0.0,0.0,0.0,0.0,0.0,0.0,0.0,0.0,0.0,0.0,0.0,0.0,0.0,0.0,0.0,0.0,0.0,0.0,0.0,0.0,0.0,15.0,0.0,0.0,15.0,0.0,0.0,0.0,0.0,0.0,0.0,0.0,0.0,15.0,0.0,0.0,15.0,0.0,0.0,0.0,0.0,0.0,0.0,0.0,0.0,0.0,0.0,0.0,0.0,0.0,0.0,"Dec 31, 2018"
1831,2503122.0,14191.0,Kerbala,Kerbala,Al-kakaeiah Al-Sharkeiah,كعكاعية الشرقيه,32.6977041603,44.1431724189,33.0,198.0,0.0,11.0,0.0,0.0,0.0,0.0,0.0,0.0,0.0,0.0,0.0,0.0,22.0,0.0,0.0,0.0,0.0,0.0,0.0,11.0,0.0,0.0,0.0,0.0,0.0,4.0,18.0,4.0,0.0,18.0,0.0,0.0,0.0,0.0,0.0,0.0,0.0,0.0,11.0,0.0,22.0,11.0,0.0,22.0,0.0,0.0,0.0,0.0,0.0,0.0,0.0,0.0,0.0,0.0,0.0,0.0,"Dec 31, 2018"
1832,2503126.0,14286.0,Kerbala,Kerbala,Al-Rafedeen,الرافدين,32.6051463766,43.9671995,18.0,108.0,0.0,0.0,0.0,0.0,0.0,2.0,0.0,0.0,0.0,0.0,0.0,0.0,16.0,0.0,0.0,0.0,0.0,0.0,0.0,0.0,0.0,0.0,0.0,0.0,0.0,0.0,18.0,0.0,0.0,18.0,0.0,0.0,0.0,0.0,0.0,0.0,0.0,0.0,0.0,0.0,18.0,0.0,0.0,18.0,0.0,0.0,0.0,0.0,0.0,0.0,0.0,0.0,0.0,0.0,0.0,0.0,"Dec 31, 2018"
1833,2503127.0,24285.0,Kerbala,Kerbala,Al-Safiya 2,الصافية 2,32.6570236454,44.0509545,490.0,2940.0,0.0,0.0,0.0,0.0,0.0,0.0,0.0,0.0,0.0,0.0,0.0,0.0,490.0,0.0,0.0,0.0,0.0,0.0,0.0,0.0,0.0,0.0,0.0,0.0,0.0,0.0,490.0,0.0,0.0,490.0,0.0,0.0,0.0,0.0,0.0,0.0,0.0,0.0,0.0,0.0,490.0,0.0,0.0,490.0,0.0,0.0,0.0,0.0,0.0,0.0,0.0,0.0,0.0,0.0,0.0,0.0,"Dec 31, 2018"
1834,2503130.0,21683.0,Kerbala,Kerbala,Al-Shebanat 2,الشبانات 2,32.5965223,44.0545301,6.0,36.0,0.0,0.0,0.0,0.0,0.0,0.0,0.0,0.0,0.0,0.0,0.0,0.0,6.0,0.0,0.0,0.0,0.0,0.0,0.0,0.0,0.0,0.0,0.0,0.0,0.0,0.0,6.0,0.0,0.0,6.0,0.0,0.0,0.0,0.0,0.0,0.0,0.0,0.0,0.0,0.0,6.0,0.0,0.0,6.0,0.0,0.0,0.0,0.0,0.0,0.0,0.0,0.0,0.0,0.0,0.0,0.0,"Dec 31, 2018"
1835,2503131.0,14186.0,Kerbala,Kerbala,Al-Swadah 1,السواده 1,32.6612065,43.9865974,28.0,168.0,8.0,0.0,0.0,0.0,0.0,0.0,0.0,0.0,0.0,0.0,0.0,0.0,20.0,0.0,0.0,0.0,0.0,0.0,0.0,0.0,0.0,0.0,0.0,0.0,0.0,0.0,28.0,0.0,0.0,28.0,0.0,0.0,0.0,0.0,0.0,0.0,0.0,0.0,5.0,0.0,20.0,5.0,0.0,20.0,3.0,0.0,0.0,3.0,0.0,0.0,0.0,0.0,0.0,0.0,0.0,0.0,"Dec 31, 2018"
1836,2503132.0,21142.0,Kerbala,Kerbala,Al-Taaleb,التعليب,32.6094424463,44.0080023,8.0,48.0,4.0,0.0,0.0,0.0,0.0,0.0,0.0,0.0,0.0,0.0,0.0,0.0,4.0,0.0,0.0,0.0,0.0,0.0,0.0,0.0,0.0,0.0,0.0,0.0,0.0,0.0,8.0,0.0,0.0,8.0,0.0,0.0,0.0,0.0,0.0,0.0,0.0,0.0,0.0,0.0,4.0,0.0,4.0,4.0,0.0,4.0,0.0,0.0,0.0,0.0,0.0,0.0,0.0,0.0,0.0,0.0,"Dec 31, 2018"
1837,2503133.0,21111.0,Kerbala,Kerbala,Al-Taqa 18,الطاقه 18,32.6365141,43.9688001,10.0,60.0,0.0,0.0,0.0,0.0,0.0,0.0,0.0,0.0,0.0,0.0,0.0,0.0,10.0,0.0,0.0,0.0,0.0,0.0,0.0,0.0,0.0,0.0,0.0,0.0,0.0,0.0,10.0,0.0,0.0,10.0,0.0,0.0,0.0,0.0,0.0,0.0,0.0,0.0,0.0,0.0,10.0,0.0,0.0,10.0,0.0,0.0,0.0,0.0,0.0,0.0,0.0,0.0,0.0,0.0,0.0,0.0,"Dec 31, 2018"
1838,2503134.0,14037.0,Kerbala,Kerbala,Al-zabaylah,الزبيليه ,32.6006941572,44.1040391956,53.0,318.0,0.0,0.0,0.0,0.0,0.0,0.0,0.0,0.0,0.0,0.0,0.0,0.0,53.0,0.0,0.0,0.0,0.0,0.0,0.0,0.0,0.0,0.0,0.0,0.0,0.0,0.0,53.0,0.0,0.0,53.0,0.0,0.0,0.0,0.0,0.0,0.0,0.0,0.0,0.0,0.0,53.0,0.0,0.0,53.0,0.0,0.0,0.0,0.0,0.0,0.0,0.0,0.0,0.0,0.0,0.0,0.0,"Dec 31, 2018"
1839,2503135.0,13785.0,Kerbala,Kerbala,Al-Zahraa,حي الزهراء,32.6432198,44.0498528,25.0,150.0,0.0,0.0,0.0,0.0,0.0,0.0,0.0,0.0,0.0,0.0,0.0,0.0,25.0,0.0,0.0,0.0,0.0,0.0,0.0,0.0,0.0,0.0,0.0,0.0,0.0,0.0,25.0,0.0,0.0,25.0,0.0,0.0,0.0,0.0,0.0,0.0,0.0,0.0,0.0,0.0,25.0,0.0,0.0,25.0,0.0,0.0,0.0,0.0,0.0,0.0,0.0,0.0,0.0,0.0,0.0,0.0,"Dec 31, 2018"
1840,2503137.0,26068.0,Kerbala,Kerbala,Badat Aesha,بدعة عيشه,32.6568216843,44.0641331313,13.0,78.0,0.0,0.0,0.0,0.0,0.0,0.0,0.0,0.0,0.0,0.0,0.0,0.0,13.0,0.0,0.0,0.0,0.0,0.0,0.0,0.0,0.0,0.0,0.0,0.0,0.0,0.0,13.0,0.0,0.0,13.0,0.0,0.0,0.0,0.0,0.0,0.0,0.0,0.0,0.0,0.0,13.0,0.0,0.0,13.0,0.0,0.0,0.0,0.0,0.0,0.0,0.0,0.0,0.0,0.0,0.0,0.0,"Dec 31, 2018"
1841,2503138.0,26065.0,Kerbala,Kerbala,Badat Aswad,بدعة اسود,32.6827925145,44.0768801565,52.0,312.0,0.0,3.0,0.0,0.0,0.0,0.0,0.0,0.0,0.0,0.0,0.0,0.0,49.0,0.0,0.0,0.0,0.0,0.0,0.0,0.0,0.0,0.0,0.0,9.0,0.0,11.0,32.0,11.0,0.0,32.0,0.0,0.0,0.0,0.0,0.0,0.0,0.0,0.0,3.0,0.0,49.0,3.0,0.0,49.0,0.0,0.0,0.0,0.0,0.0,0.0,0.0,0.0,0.0,0.0,0.0,0.0,"Dec 31, 2018"
1842,2503139.0,25901.0,Kerbala,Kerbala,Badat Shareef,بدعة شريف,32.658011447,44.0645107409,3.0,18.0,0.0,3.0,0.0,0.0,0.0,0.0,0.0,0.0,0.0,0.0,0.0,0.0,0.0,0.0,0.0,0.0,0.0,0.0,0.0,3.0,0.0,0.0,0.0,0.0,0.0,0.0,0.0,0.0,0.0,0.0,0.0,0.0,0.0,0.0,0.0,0.0,0.0,0.0,3.0,0.0,0.0,3.0,0.0,0.0,0.0,0.0,0.0,0.0,0.0,0.0,0.0,0.0,0.0,0.0,0.0,0.0,"Dec 31, 2018"
1843,2503140.0,26061.0,Kerbala,Kerbala,Badat Shareef Al Gharbiyah,بدعة شريف الغربية,32.6691283001,44.0710444417,15.0,90.0,0.0,0.0,0.0,0.0,0.0,0.0,0.0,0.0,0.0,0.0,0.0,0.0,15.0,0.0,0.0,0.0,0.0,0.0,0.0,0.0,0.0,0.0,0.0,9.0,0.0,0.0,6.0,0.0,0.0,6.0,0.0,0.0,0.0,0.0,0.0,0.0,0.0,0.0,0.0,0.0,15.0,0.0,0.0,15.0,0.0,0.0,0.0,0.0,0.0,0.0,0.0,0.0,0.0,0.0,0.0,0.0,"Dec 31, 2018"
1844,2503142.0,14133.0,Kerbala,Kerbala,Basatein Bab Al-Slalmah,بساتين باب السلامة,32.6215489,44.0310981,15.0,90.0,0.0,0.0,0.0,0.0,0.0,0.0,0.0,0.0,0.0,0.0,0.0,0.0,15.0,0.0,0.0,0.0,0.0,0.0,0.0,0.0,0.0,0.0,0.0,0.0,0.0,0.0,15.0,0.0,0.0,15.0,0.0,0.0,0.0,0.0,0.0,0.0,0.0,0.0,0.0,0.0,15.0,0.0,0.0,15.0,0.0,0.0,0.0,0.0,0.0,0.0,0.0,0.0,0.0,0.0,0.0,0.0,"Dec 31, 2018"
1845,2503143.0,25850.0,Kerbala,Kerbala,Basaten Al Naqeeb,بساتين النقيب,32.6071940478,44.0201521,5.0,30.0,0.0,0.0,0.0,0.0,0.0,0.0,0.0,0.0,0.0,0.0,0.0,0.0,5.0,0.0,0.0,0.0,0.0,0.0,0.0,0.0,0.0,0.0,0.0,0.0,0.0,0.0,5.0,0.0,0.0,5.0,0.0,0.0,0.0,0.0,0.0,0.0,0.0,0.0,0.0,0.0,5.0,0.0,0.0,5.0,0.0,0.0,0.0,0.0,0.0,0.0,0.0,0.0,0.0,0.0,0.0,0.0,"Dec 31, 2018"
1846,2503145.0,25268.0,Kerbala,Kerbala,Door al hajar,دور الحجر,32.61073,44.0116,2.0,12.0,0.0,0.0,0.0,0.0,0.0,0.0,0.0,0.0,0.0,0.0,0.0,0.0,2.0,0.0,0.0,0.0,0.0,0.0,0.0,0.0,0.0,0.0,0.0,0.0,0.0,0.0,2.0,0.0,0.0,2.0,0.0,0.0,0.0,0.0,0.0,0.0,0.0,0.0,0.0,0.0,2.0,0.0,0.0,2.0,0.0,0.0,0.0,0.0,0.0,0.0,0.0,0.0,0.0,0.0,0.0,0.0,"Dec 31, 2018"
1847,2503150.0,22396.0,Kerbala,Kerbala,Hay Al Ameer-1,حي الامير 1,32.6115183,43.9878771,5.0,30.0,0.0,0.0,0.0,0.0,0.0,0.0,0.0,0.0,0.0,0.0,0.0,0.0,5.0,0.0,0.0,0.0,0.0,0.0,0.0,0.0,0.0,0.0,0.0,0.0,0.0,0.0,5.0,0.0,0.0,5.0,0.0,0.0,0.0,0.0,0.0,0.0,0.0,0.0,0.0,0.0,5.0,0.0,0.0,5.0,0.0,0.0,0.0,0.0,0.0,0.0,0.0,0.0,0.0,0.0,0.0,0.0,"Dec 31, 2018"
1848,2503154.0,25351.0,Kerbala,Kerbala,Hay Al Amel-7,حي العامل 7,32.6245171,43.9892948998,8.0,48.0,3.0,0.0,0.0,0.0,0.0,0.0,0.0,0.0,0.0,0.0,0.0,0.0,5.0,0.0,0.0,0.0,0.0,0.0,0.0,0.0,0.0,0.0,0.0,0.0,0.0,0.0,8.0,0.0,0.0,8.0,0.0,0.0,0.0,0.0,0.0,0.0,0.0,0.0,0.0,0.0,5.0,0.0,3.0,5.0,0.0,3.0,0.0,0.0,0.0,0.0,0.0,0.0,0.0,0.0,0.0,0.0,"Dec 31, 2018"
1849,2503156.0,25353.0,Kerbala,Kerbala,Hay Al Amel-9,حي العامل 9,32.6293546,43.9854716,3.0,18.0,0.0,0.0,0.0,0.0,0.0,0.0,0.0,0.0,0.0,0.0,0.0,0.0,3.0,0.0,0.0,0.0,0.0,0.0,0.0,0.0,0.0,0.0,0.0,0.0,0.0,0.0,3.0,0.0,0.0,3.0,0.0,0.0,0.0,0.0,0.0,0.0,0.0,0.0,0.0,0.0,3.0,0.0,0.0,3.0,0.0,0.0,0.0,0.0,0.0,0.0,0.0,0.0,0.0,0.0,0.0,0.0,"Dec 31, 2018"
1850,2503158.0,23594.0,Kerbala,Kerbala,Hay Al Atebba-354,حي الاطباء-محله 354,32.581438442,44.000284725,5.0,30.0,0.0,0.0,0.0,0.0,0.0,0.0,0.0,0.0,0.0,0.0,0.0,0.0,5.0,0.0,0.0,0.0,0.0,0.0,0.0,0.0,0.0,0.0,0.0,2.0,0.0,0.0,3.0,0.0,0.0,3.0,0.0,0.0,0.0,0.0,0.0,0.0,0.0,0.0,0.0,0.0,5.0,0.0,0.0,5.0,0.0,0.0,0.0,0.0,0.0,0.0,0.0,0.0,0.0,0.0,0.0,0.0,"Dec 31, 2018"
1851,2503159.0,25063.0,Kerbala,Kerbala,Hay Al Husain,حي الحسين,32.5963090678,44.0143907683,10.0,60.0,2.0,0.0,0.0,0.0,0.0,0.0,0.0,0.0,0.0,0.0,0.0,0.0,8.0,0.0,0.0,0.0,0.0,0.0,0.0,0.0,0.0,0.0,0.0,0.0,0.0,0.0,10.0,0.0,0.0,10.0,0.0,0.0,0.0,0.0,0.0,0.0,0.0,0.0,2.0,0.0,8.0,2.0,0.0,8.0,0.0,0.0,0.0,0.0,0.0,0.0,0.0,0.0,0.0,0.0,0.0,0.0,"Dec 31, 2018"
1852,2503160.0,25266.0,Kerbala,Kerbala,Hay Al Karrar,حي الكرار,32.6201303057,44.0483781449,30.0,180.0,0.0,0.0,0.0,0.0,0.0,0.0,0.0,0.0,0.0,0.0,0.0,0.0,30.0,0.0,0.0,0.0,0.0,0.0,0.0,0.0,0.0,0.0,0.0,0.0,0.0,0.0,30.0,0.0,0.0,30.0,0.0,0.0,0.0,0.0,0.0,0.0,0.0,0.0,0.0,0.0,30.0,0.0,0.0,30.0,0.0,0.0,0.0,0.0,0.0,0.0,0.0,0.0,0.0,0.0,0.0,0.0,"Dec 31, 2018"
1853,2503163.0,25888.0,Kerbala,Kerbala,Hay Al Nidhal 1,حي النضال1,32.60316,43.980155,7.0,42.0,1.0,0.0,0.0,0.0,0.0,0.0,0.0,0.0,1.0,0.0,0.0,0.0,4.0,0.0,1.0,0.0,0.0,0.0,0.0,0.0,0.0,2.0,0.0,0.0,2.0,0.0,5.0,0.0,0.0,5.0,0.0,0.0,0.0,0.0,0.0,0.0,0.0,0.0,1.0,0.0,4.0,1.0,2.0,4.0,0.0,2.0,0.0,0.0,0.0,0.0,0.0,0.0,0.0,0.0,0.0,0.0,"Dec 31, 2018"
1854,2503166.0,21587.0,Kerbala,Kerbala,Al-hussainya-Hay Al Rasool,الحسينيه-حي الرسول,32.6796086164,44.1639425101,65.0,390.0,0.0,65.0,0.0,0.0,0.0,0.0,0.0,0.0,0.0,0.0,0.0,0.0,0.0,0.0,0.0,0.0,0.0,0.0,0.0,0.0,0.0,0.0,0.0,0.0,0.0,0.0,65.0,0.0,0.0,65.0,0.0,0.0,0.0,0.0,0.0,0.0,0.0,0.0,65.0,0.0,0.0,65.0,0.0,0.0,0.0,0.0,0.0,0.0,0.0,0.0,0.0,0.0,0.0,0.0,0.0,0.0,"Dec 31, 2018"
1855,2503168.0,21682.0,Kerbala,Kerbala,Al-hussainya-Hay Al Zahraa,الحسينيه-حي الزهراء,32.6840366588,44.1667964427,25.0,150.0,0.0,25.0,0.0,0.0,0.0,0.0,0.0,0.0,0.0,0.0,0.0,0.0,0.0,0.0,0.0,0.0,0.0,0.0,0.0,0.0,0.0,0.0,0.0,0.0,0.0,0.0,25.0,0.0,0.0,25.0,0.0,0.0,0.0,0.0,0.0,0.0,0.0,0.0,25.0,0.0,0.0,25.0,0.0,0.0,0.0,0.0,0.0,0.0,0.0,0.0,0.0,0.0,0.0,0.0,0.0,0.0,"Dec 31, 2018"
1856,2503170.0,14134.0,Kerbala,Kerbala,Hay Al-Abbas,حي العباس,32.6370344,44.0476716,24.0,144.0,0.0,0.0,0.0,0.0,0.0,0.0,0.0,0.0,0.0,0.0,0.0,0.0,19.0,0.0,5.0,0.0,0.0,0.0,0.0,0.0,4.0,0.0,0.0,0.0,0.0,0.0,20.0,0.0,0.0,20.0,0.0,0.0,0.0,0.0,0.0,0.0,0.0,0.0,0.0,0.0,19.0,0.0,5.0,19.0,0.0,5.0,0.0,0.0,0.0,0.0,0.0,0.0,0.0,0.0,0.0,0.0,"Dec 31, 2018"
1857,2503171.0,14138.0,Kerbala,Kerbala,Hay al-amein al-dakheily,الامن الداخلي,32.6128189116,43.9743075,16.0,96.0,2.0,0.0,0.0,0.0,0.0,0.0,0.0,0.0,5.0,0.0,0.0,0.0,9.0,0.0,0.0,0.0,0.0,0.0,0.0,0.0,5.0,0.0,0.0,0.0,0.0,0.0,11.0,0.0,0.0,11.0,0.0,0.0,0.0,0.0,0.0,0.0,0.0,0.0,1.0,0.0,9.0,1.0,6.0,9.0,0.0,6.0,0.0,0.0,0.0,0.0,0.0,0.0,0.0,0.0,0.0,0.0,"Dec 31, 2018"
1858,2503176.0,24138.0,Kerbala,Kerbala,Hay Al-Ghadeer,حي الغدير,32.6039675,43.9950197,7.0,42.0,0.0,0.0,0.0,0.0,0.0,0.0,0.0,0.0,0.0,0.0,0.0,0.0,7.0,0.0,0.0,0.0,0.0,0.0,0.0,0.0,0.0,0.0,0.0,0.0,0.0,0.0,7.0,0.0,0.0,7.0,0.0,0.0,0.0,0.0,0.0,0.0,0.0,0.0,0.0,0.0,7.0,0.0,0.0,7.0,0.0,0.0,0.0,0.0,0.0,0.0,0.0,0.0,0.0,0.0,0.0,0.0,"Dec 31, 2018"
1859,2503177.0,25344.0,Kerbala,Kerbala,Hay Al-Ghadeer 4,حي الغدير4,32.6047793,43.9878141672,7.0,42.0,0.0,0.0,0.0,0.0,0.0,0.0,0.0,0.0,0.0,0.0,0.0,0.0,7.0,0.0,0.0,0.0,0.0,0.0,0.0,0.0,0.0,0.0,0.0,0.0,0.0,0.0,7.0,0.0,0.0,7.0,0.0,0.0,0.0,0.0,0.0,0.0,0.0,0.0,0.0,0.0,7.0,0.0,0.0,7.0,0.0,0.0,0.0,0.0,0.0,0.0,0.0,0.0,0.0,0.0,0.0,0.0,"Dec 31, 2018"
1860,2503178.0,25345.0,Kerbala,Kerbala,Hay Al-Ghadeer 5,حي الغدير 5,32.6072893,43.9878097272,10.0,60.0,0.0,0.0,1.0,0.0,0.0,0.0,0.0,0.0,0.0,0.0,0.0,0.0,9.0,0.0,0.0,0.0,0.0,0.0,0.0,0.0,0.0,0.0,0.0,0.0,0.0,0.0,10.0,0.0,0.0,10.0,0.0,0.0,0.0,0.0,0.0,0.0,0.0,0.0,0.0,0.0,10.0,0.0,0.0,10.0,0.0,0.0,0.0,0.0,0.0,0.0,0.0,0.0,0.0,0.0,0.0,0.0,"Dec 31, 2018"
1861,2503187.0,14018.0,Kerbala,Kerbala,Hay Al-Naser,حي النصر ,32.5777732836,44.0022594,16.0,96.0,3.0,0.0,0.0,0.0,0.0,0.0,0.0,0.0,0.0,0.0,0.0,0.0,13.0,0.0,0.0,0.0,0.0,0.0,0.0,0.0,0.0,0.0,0.0,0.0,0.0,0.0,16.0,0.0,0.0,16.0,0.0,0.0,0.0,0.0,0.0,0.0,0.0,0.0,3.0,0.0,13.0,3.0,0.0,13.0,0.0,0.0,0.0,0.0,0.0,0.0,0.0,0.0,0.0,0.0,0.0,0.0,"Dec 31, 2018"
1862,2503189.0,14273.0,Kerbala,Kerbala,Hay Al-Rasool,حي الرسول,32.5753973416,44.0163881,31.0,186.0,0.0,0.0,0.0,0.0,0.0,2.0,0.0,0.0,0.0,0.0,0.0,0.0,29.0,0.0,0.0,0.0,0.0,0.0,0.0,0.0,7.0,0.0,0.0,6.0,0.0,0.0,18.0,0.0,0.0,18.0,0.0,0.0,0.0,0.0,0.0,0.0,0.0,0.0,0.0,0.0,31.0,0.0,0.0,31.0,0.0,0.0,0.0,0.0,0.0,0.0,0.0,0.0,0.0,0.0,0.0,0.0,"Dec 31, 2018"
1863,2503195.0,14023.0,Kerbala,Kerbala,al-taawen,التعاون,32.5812779,44.0191467,4.0,24.0,0.0,0.0,0.0,0.0,0.0,0.0,0.0,0.0,0.0,0.0,0.0,0.0,4.0,0.0,0.0,0.0,0.0,0.0,0.0,0.0,0.0,0.0,0.0,0.0,0.0,0.0,4.0,0.0,0.0,4.0,0.0,0.0,0.0,0.0,0.0,0.0,0.0,0.0,0.0,0.0,4.0,0.0,0.0,4.0,0.0,0.0,0.0,0.0,0.0,0.0,0.0,0.0,0.0,0.0,0.0,0.0,"Dec 31, 2018"
1864,2503196.0,14067.0,Kerbala,Kerbala,Hay al-tahady,حي التحدي,32.5979946658,44.0049484,15.0,90.0,0.0,0.0,0.0,0.0,0.0,0.0,0.0,0.0,0.0,0.0,0.0,0.0,15.0,0.0,0.0,0.0,0.0,0.0,0.0,0.0,10.0,0.0,0.0,0.0,0.0,0.0,5.0,0.0,0.0,5.0,0.0,0.0,0.0,0.0,0.0,0.0,0.0,0.0,0.0,0.0,15.0,0.0,0.0,15.0,0.0,0.0,0.0,0.0,0.0,0.0,0.0,0.0,0.0,0.0,0.0,0.0,"Dec 31, 2018"
1865,2503198.0,14005.0,Kerbala,Kerbala,Hay Al-Wafaa-333,حي الوفاء-محله 333,32.5672019713,44.0269374,9.0,54.0,1.0,0.0,0.0,0.0,0.0,0.0,0.0,0.0,0.0,0.0,0.0,0.0,8.0,0.0,0.0,0.0,0.0,0.0,0.0,0.0,0.0,0.0,0.0,0.0,0.0,0.0,9.0,0.0,0.0,9.0,0.0,0.0,0.0,0.0,0.0,0.0,0.0,0.0,1.0,0.0,8.0,1.0,0.0,8.0,0.0,0.0,0.0,0.0,0.0,0.0,0.0,0.0,0.0,0.0,0.0,0.0,"Dec 31, 2018"
1866,2503199.0,25272.0,Kerbala,Kerbala,Hay El Al Iman-3,حي الايمان 3,32.5890353825,44.0130968312,4.0,24.0,0.0,0.0,0.0,0.0,0.0,0.0,0.0,0.0,0.0,0.0,0.0,0.0,4.0,0.0,0.0,0.0,0.0,0.0,0.0,0.0,0.0,0.0,0.0,0.0,0.0,0.0,4.0,0.0,0.0,4.0,0.0,0.0,0.0,0.0,0.0,0.0,0.0,0.0,0.0,0.0,4.0,0.0,0.0,4.0,0.0,0.0,0.0,0.0,0.0,0.0,0.0,0.0,0.0,0.0,0.0,0.0,"Dec 31, 2018"
1867,2503203.0,25263.0,Kerbala,Kerbala,Kantraat Al Salam,كنطرة السلام,32.6045284,44.0616160896,48.0,288.0,0.0,0.0,0.0,0.0,0.0,0.0,0.0,0.0,0.0,0.0,0.0,0.0,48.0,0.0,0.0,0.0,0.0,0.0,0.0,0.0,0.0,0.0,0.0,0.0,0.0,0.0,48.0,0.0,0.0,48.0,0.0,0.0,0.0,0.0,0.0,0.0,0.0,0.0,0.0,0.0,48.0,0.0,0.0,48.0,0.0,0.0,0.0,0.0,0.0,0.0,0.0,0.0,0.0,0.0,0.0,0.0,"Dec 31, 2018"
1868,2503205.0,25847.0,Kerbala,Kerbala,Kerbala1,كربلاء 1,32.6001445,44.046995,7.0,42.0,0.0,0.0,0.0,0.0,0.0,0.0,0.0,0.0,0.0,0.0,0.0,0.0,7.0,0.0,0.0,0.0,0.0,0.0,0.0,0.0,0.0,0.0,0.0,0.0,0.0,0.0,7.0,0.0,0.0,7.0,0.0,0.0,0.0,0.0,0.0,0.0,0.0,0.0,0.0,0.0,7.0,0.0,0.0,7.0,0.0,0.0,0.0,0.0,0.0,0.0,0.0,0.0,0.0,0.0,0.0,0.0,"Dec 31, 2018"
1869,2503206.0,25782.0,Kerbala,Kerbala,Al thawra 2,الثورة2,32.6341112161,43.9918512963,8.0,48.0,0.0,0.0,0.0,0.0,0.0,0.0,0.0,0.0,0.0,0.0,0.0,0.0,8.0,0.0,0.0,0.0,0.0,0.0,0.0,0.0,0.0,0.0,0.0,0.0,0.0,0.0,8.0,0.0,0.0,8.0,0.0,0.0,0.0,0.0,0.0,0.0,0.0,0.0,0.0,0.0,8.0,0.0,0.0,8.0,0.0,0.0,0.0,0.0,0.0,0.0,0.0,0.0,0.0,0.0,0.0,0.0,"Dec 31, 2018"
1870,2503207.0,25781.0,Kerbala,Kerbala,Al thawra-1,الثورة1,32.6296408218,43.9940460905,5.0,30.0,5.0,0.0,0.0,0.0,0.0,0.0,0.0,0.0,0.0,0.0,0.0,0.0,0.0,0.0,0.0,0.0,0.0,0.0,0.0,0.0,0.0,0.0,0.0,0.0,0.0,0.0,5.0,0.0,0.0,5.0,0.0,0.0,0.0,0.0,0.0,0.0,0.0,0.0,5.0,0.0,0.0,5.0,0.0,0.0,0.0,0.0,0.0,0.0,0.0,0.0,0.0,0.0,0.0,0.0,0.0,0.0,"Dec 31, 2018"
1871,2503208.0,14319.0,Kerbala,Kerbala,Al-Mulhak,الملحق,32.5861447731,44.0355004041,5.0,30.0,1.0,0.0,0.0,0.0,0.0,0.0,0.0,0.0,0.0,0.0,0.0,0.0,4.0,0.0,0.0,0.0,0.0,0.0,0.0,0.0,0.0,0.0,0.0,0.0,0.0,0.0,5.0,0.0,0.0,5.0,0.0,0.0,0.0,0.0,0.0,0.0,0.0,0.0,1.0,0.0,4.0,1.0,0.0,4.0,0.0,0.0,0.0,0.0,0.0,0.0,0.0,0.0,0.0,0.0,0.0,0.0,"Dec 31, 2018"
1872,2503209.0,25780.0,Kerbala,Kerbala,Hay Al-Naser14,حي النصر14,32.5771676,44.0058704946,6.0,36.0,2.0,0.0,0.0,0.0,0.0,0.0,0.0,0.0,2.0,0.0,0.0,0.0,2.0,0.0,0.0,0.0,0.0,0.0,0.0,0.0,0.0,0.0,0.0,0.0,0.0,0.0,6.0,0.0,0.0,6.0,0.0,0.0,0.0,0.0,0.0,0.0,0.0,0.0,0.0,0.0,2.0,0.0,4.0,2.0,0.0,4.0,0.0,0.0,0.0,0.0,0.0,0.0,0.0,0.0,0.0,0.0,"Dec 31, 2018"
1873,2503217.0,24137.0,Kerbala,Kerbala,Maitham Al Tammar,ميثم التمار ,32.6180031,44.0434423224,30.0,180.0,0.0,0.0,0.0,0.0,0.0,0.0,0.0,0.0,0.0,0.0,0.0,0.0,30.0,0.0,0.0,0.0,0.0,0.0,0.0,0.0,0.0,0.0,0.0,0.0,0.0,0.0,30.0,0.0,0.0,30.0,0.0,0.0,0.0,0.0,0.0,0.0,0.0,0.0,0.0,0.0,30.0,0.0,0.0,30.0,0.0,0.0,0.0,0.0,0.0,0.0,0.0,0.0,0.0,0.0,0.0,0.0,"Dec 31, 2018"
1874,2503218.0,24578.0,Kerbala,Kerbala,Malhak Dubbat Al-Mudfeen,ملحق ضباط الموظفين,32.6046416144,43.9996337533,16.0,96.0,0.0,0.0,0.0,0.0,0.0,0.0,0.0,0.0,0.0,0.0,0.0,0.0,16.0,0.0,0.0,0.0,0.0,0.0,0.0,0.0,4.0,0.0,0.0,0.0,0.0,0.0,12.0,0.0,0.0,12.0,0.0,0.0,0.0,0.0,0.0,0.0,0.0,0.0,0.0,0.0,16.0,0.0,0.0,16.0,0.0,0.0,0.0,0.0,0.0,0.0,0.0,0.0,0.0,0.0,0.0,0.0,"Dec 31, 2018"
1875,2503219.0,25846.0,Kerbala,Kerbala,Mamel Al Jobor,معامل الجبور,32.6056595,44.0705493,18.0,108.0,0.0,0.0,0.0,0.0,0.0,0.0,0.0,0.0,0.0,0.0,0.0,0.0,18.0,0.0,0.0,0.0,0.0,0.0,0.0,0.0,0.0,0.0,0.0,0.0,0.0,0.0,18.0,0.0,0.0,18.0,0.0,0.0,0.0,0.0,0.0,0.0,0.0,0.0,0.0,0.0,18.0,0.0,0.0,18.0,0.0,0.0,0.0,0.0,0.0,0.0,0.0,0.0,0.0,0.0,0.0,0.0,"Dec 31, 2018"
1876,2503220.0,25735.0,Kerbala,Kerbala,Al-hadi,الهادي,32.6006572,44.0404201289,39.0,234.0,0.0,0.0,0.0,0.0,0.0,0.0,0.0,0.0,0.0,0.0,0.0,0.0,39.0,0.0,0.0,0.0,0.0,0.0,0.0,0.0,0.0,0.0,0.0,0.0,0.0,0.0,39.0,0.0,0.0,39.0,0.0,0.0,0.0,0.0,0.0,0.0,0.0,0.0,0.0,0.0,39.0,0.0,0.0,39.0,0.0,0.0,0.0,0.0,0.0,0.0,0.0,0.0,0.0,0.0,0.0,0.0,"Dec 31, 2018"
1877,2503223.0,25363.0,Kerbala,Kerbala,Molahak Al Atbaa,ملحق الاطباء,32.5794278,43.998512553,9.0,54.0,3.0,0.0,0.0,0.0,0.0,3.0,0.0,0.0,1.0,0.0,0.0,0.0,2.0,0.0,0.0,0.0,0.0,0.0,0.0,0.0,0.0,0.0,0.0,0.0,0.0,0.0,9.0,0.0,0.0,9.0,0.0,0.0,0.0,0.0,0.0,0.0,0.0,0.0,3.0,0.0,6.0,3.0,0.0,6.0,0.0,0.0,0.0,0.0,0.0,0.0,0.0,0.0,0.0,0.0,0.0,0.0,"Dec 31, 2018"
1878,2503224.0,14280.0,Kerbala,Kerbala,Molhak al fares,ملحق الفارس,32.5800710705,43.9919312,22.0,132.0,4.0,0.0,0.0,0.0,0.0,4.0,0.0,0.0,3.0,0.0,0.0,0.0,10.0,0.0,1.0,0.0,0.0,0.0,0.0,0.0,0.0,0.0,0.0,0.0,0.0,0.0,22.0,0.0,0.0,22.0,0.0,0.0,0.0,0.0,0.0,0.0,0.0,0.0,4.0,0.0,18.0,4.0,0.0,18.0,0.0,0.0,0.0,0.0,0.0,0.0,0.0,0.0,0.0,0.0,0.0,0.0,"Dec 31, 2018"
1879,2503226.0,25056.0,Kerbala,Kerbala,Mulhak Al Shebanat,ملحق الشبانات,32.5914826,44.0707843133,8.0,48.0,0.0,0.0,2.0,0.0,0.0,3.0,0.0,0.0,0.0,0.0,0.0,0.0,3.0,0.0,0.0,0.0,0.0,0.0,0.0,0.0,0.0,0.0,0.0,0.0,0.0,0.0,8.0,0.0,0.0,8.0,0.0,0.0,0.0,0.0,0.0,0.0,0.0,0.0,0.0,0.0,8.0,0.0,0.0,8.0,0.0,0.0,0.0,0.0,0.0,0.0,0.0,0.0,0.0,0.0,0.0,0.0,"Dec 31, 2018"
1880,2503227.0,14281.0,Kerbala,Kerbala,Mulhaq Al-Intisar,ملحق الانتصار,32.6069421,44.0414644,53.0,318.0,0.0,0.0,0.0,0.0,0.0,0.0,0.0,0.0,0.0,0.0,0.0,0.0,53.0,0.0,0.0,0.0,0.0,0.0,0.0,0.0,0.0,0.0,0.0,0.0,0.0,0.0,53.0,0.0,0.0,53.0,0.0,0.0,0.0,0.0,0.0,0.0,0.0,0.0,0.0,0.0,53.0,0.0,0.0,53.0,0.0,0.0,0.0,0.0,0.0,0.0,0.0,0.0,0.0,0.0,0.0,0.0,"Dec 31, 2018"
1881,2503228.0,14293.0,Kerbala,Kerbala,Mulhaq Al-Mudaraa,ملحق المدراء,32.6140303301,43.9840543769,5.0,30.0,0.0,0.0,0.0,0.0,0.0,0.0,0.0,0.0,0.0,0.0,0.0,0.0,5.0,0.0,0.0,0.0,0.0,0.0,0.0,0.0,0.0,0.0,0.0,0.0,0.0,0.0,5.0,0.0,0.0,5.0,0.0,0.0,0.0,0.0,0.0,0.0,0.0,0.0,0.0,0.0,5.0,0.0,0.0,5.0,0.0,0.0,0.0,0.0,0.0,0.0,0.0,0.0,0.0,0.0,0.0,0.0,"Dec 31, 2018"
1882,2503234.0,25733.0,Kerbala,Kerbala,Shuhadaa Al Muwadhafen 2,شهداء الموظفين 2,32.6026880718,43.9963640945,15.0,90.0,0.0,0.0,0.0,0.0,0.0,0.0,0.0,0.0,0.0,0.0,0.0,0.0,15.0,0.0,0.0,0.0,0.0,0.0,0.0,0.0,0.0,0.0,0.0,0.0,0.0,0.0,15.0,0.0,0.0,15.0,0.0,0.0,0.0,0.0,0.0,0.0,0.0,0.0,0.0,0.0,15.0,0.0,0.0,15.0,0.0,0.0,0.0,0.0,0.0,0.0,0.0,0.0,0.0,0.0,0.0,0.0,"Dec 31, 2018"
1883,2503235.0,25271.0,Kerbala,Kerbala,Shuihadaa Al Amam Ali,شهداء الامام علي,32.5703420985,44.0208274694,2.0,12.0,0.0,0.0,0.0,0.0,0.0,0.0,0.0,0.0,0.0,0.0,0.0,0.0,2.0,0.0,0.0,0.0,0.0,0.0,0.0,0.0,0.0,0.0,0.0,0.0,0.0,0.0,2.0,0.0,0.0,2.0,0.0,0.0,0.0,0.0,0.0,0.0,0.0,0.0,0.0,0.0,2.0,0.0,0.0,2.0,0.0,0.0,0.0,0.0,0.0,0.0,0.0,0.0,0.0,0.0,0.0,0.0,"Dec 31, 2018"
1884,2503236.0,25536.0,Kerbala,Kerbala,Molhak Al Atbaa(Elegal),تجاوز ملحق الاطباء,32.5781237,43.9974296641,5.0,30.0,0.0,0.0,0.0,0.0,0.0,2.0,0.0,0.0,3.0,0.0,0.0,0.0,0.0,0.0,0.0,0.0,0.0,0.0,0.0,0.0,0.0,0.0,0.0,0.0,0.0,0.0,5.0,0.0,0.0,5.0,0.0,0.0,0.0,0.0,0.0,0.0,0.0,0.0,0.0,0.0,5.0,0.0,0.0,5.0,0.0,0.0,0.0,0.0,0.0,0.0,0.0,0.0,0.0,0.0,0.0,0.0,"Dec 31, 2018"
1885,2503238.0,25905.0,Kerbala,Kerbala,Al Nasser(Elegal),تجاوز النصر,32.5763657,44.0019075,9.0,54.0,0.0,0.0,0.0,0.0,0.0,2.0,0.0,0.0,3.0,0.0,0.0,0.0,4.0,0.0,0.0,0.0,0.0,0.0,0.0,0.0,0.0,0.0,0.0,0.0,0.0,0.0,9.0,0.0,0.0,9.0,0.0,0.0,0.0,0.0,0.0,0.0,0.0,0.0,7.0,0.0,2.0,7.0,0.0,2.0,0.0,0.0,0.0,0.0,0.0,0.0,0.0,0.0,0.0,0.0,0.0,0.0,"Dec 31, 2018"
1886,2503241.0,26010.0,Kerbala,Kerbala,Um Al Banen Village,قرية ام البنين,32.5615083,44.0831715,35.0,210.0,0.0,0.0,0.0,0.0,0.0,0.0,0.0,0.0,0.0,0.0,0.0,0.0,35.0,0.0,0.0,0.0,0.0,0.0,0.0,0.0,0.0,0.0,0.0,0.0,0.0,15.0,20.0,15.0,0.0,20.0,0.0,0.0,0.0,0.0,0.0,0.0,0.0,0.0,0.0,0.0,35.0,0.0,0.0,35.0,0.0,0.0,0.0,0.0,0.0,0.0,0.0,0.0,0.0,0.0,0.0,0.0,"Dec 31, 2018"
1887,2503247.0,26112.0,Kerbala,Kerbala,Hay Al-Noab,حي النواب,32.586393,44.0509513796,15.0,90.0,0.0,0.0,0.0,0.0,0.0,0.0,0.0,0.0,0.0,0.0,0.0,0.0,15.0,0.0,0.0,0.0,0.0,0.0,0.0,0.0,0.0,0.0,0.0,0.0,0.0,0.0,15.0,0.0,0.0,15.0,0.0,0.0,0.0,0.0,0.0,0.0,0.0,0.0,0.0,0.0,15.0,0.0,0.0,15.0,0.0,0.0,0.0,0.0,0.0,0.0,0.0,0.0,0.0,0.0,0.0,0.0,"Dec 31, 2018"
1888,2503249.0,27265.0,Kerbala,Kerbala,Shuihadaa Al Amam Ali,شهداء الامام علي 2,32.5719858,44.0210812,8.0,48.0,0.0,0.0,0.0,0.0,0.0,0.0,0.0,0.0,0.0,0.0,0.0,0.0,8.0,0.0,0.0,0.0,0.0,0.0,0.0,0.0,0.0,0.0,0.0,0.0,0.0,0.0,8.0,0.0,0.0,8.0,0.0,0.0,0.0,0.0,0.0,0.0,0.0,0.0,0.0,0.0,8.0,0.0,0.0,8.0,0.0,0.0,0.0,0.0,0.0,0.0,0.0,0.0,0.0,0.0,0.0,0.0,"Dec 31, 2018"
1889,2503250.0,27266.0,Kerbala,Kerbala,Hay El Al Iman-4,حي الايمان 4,32.5910708246,44.0137481096,10.0,60.0,0.0,0.0,0.0,0.0,0.0,1.0,0.0,0.0,2.0,0.0,0.0,0.0,7.0,0.0,0.0,0.0,0.0,0.0,0.0,0.0,0.0,0.0,0.0,0.0,0.0,0.0,10.0,0.0,0.0,10.0,0.0,0.0,0.0,0.0,0.0,0.0,0.0,0.0,0.0,0.0,7.0,0.0,3.0,7.0,0.0,3.0,0.0,0.0,0.0,0.0,0.0,0.0,0.0,0.0,0.0,0.0,"Dec 31, 2018"
1890,2503252.0,22087.0,Kerbala,Kerbala,Hay al mostafa,حي المصطفى,32.5901658,44.0450969379,15.0,90.0,0.0,0.0,0.0,0.0,0.0,0.0,0.0,0.0,0.0,0.0,0.0,0.0,15.0,0.0,0.0,0.0,0.0,0.0,0.0,0.0,0.0,0.0,0.0,0.0,0.0,0.0,15.0,0.0,0.0,15.0,0.0,0.0,0.0,0.0,0.0,0.0,0.0,0.0,0.0,0.0,15.0,0.0,0.0,15.0,0.0,0.0,0.0,0.0,0.0,0.0,0.0,0.0,0.0,0.0,0.0,0.0,"Dec 31, 2018"
1891,2503253.0,14324.0,Kerbala,Kerbala,Al Muamnen(Elegal),تجاوز المؤمنين,32.6430265832,43.9779922,19.0,114.0,3.0,0.0,0.0,0.0,0.0,0.0,0.0,0.0,0.0,0.0,0.0,0.0,16.0,0.0,0.0,0.0,0.0,0.0,0.0,0.0,0.0,0.0,0.0,0.0,0.0,0.0,6.0,0.0,0.0,6.0,0.0,0.0,0.0,0.0,13.0,0.0,0.0,13.0,3.0,0.0,16.0,3.0,0.0,16.0,0.0,0.0,0.0,0.0,0.0,0.0,0.0,0.0,0.0,0.0,0.0,0.0,"Dec 31, 2018"
1892,2503254.0,14161.0,Kerbala,Kerbala,Al safeea1,الصافية1,32.6579337962,44.0530297,50.0,300.0,0.0,0.0,0.0,0.0,0.0,0.0,0.0,0.0,0.0,0.0,0.0,0.0,50.0,0.0,0.0,0.0,0.0,0.0,0.0,0.0,0.0,0.0,0.0,0.0,0.0,0.0,50.0,0.0,0.0,50.0,0.0,0.0,0.0,0.0,0.0,0.0,0.0,0.0,0.0,0.0,50.0,0.0,0.0,50.0,0.0,0.0,0.0,0.0,0.0,0.0,0.0,0.0,0.0,0.0,0.0,0.0,"Dec 31, 2018"
1893,2601003.0,14836.0,Kirkuk,Al-Hawiga,Abu-Al-Jaise,قرية أبو الجيس,35.2968793793,43.8448801126,20.0,120.0,0.0,0.0,0.0,0.0,0.0,0.0,0.0,0.0,20.0,0.0,0.0,0.0,0.0,0.0,0.0,0.0,0.0,0.0,0.0,20.0,0.0,0.0,0.0,0.0,0.0,0.0,0.0,0.0,0.0,0.0,0.0,0.0,0.0,0.0,0.0,0.0,0.0,0.0,0.0,0.0,0.0,0.0,0.0,0.0,0.0,0.0,0.0,0.0,5.0,0.0,10.0,5.0,5.0,10.0,5.0,0.0,"Dec 31, 2018"
1894,2601023.0,15408.0,Kirkuk,Al-Hawiga,Hilwa lower,قرية حلوة سفلى,35.4484480498,43.7419160962,15.0,90.0,0.0,0.0,0.0,0.0,0.0,0.0,0.0,0.0,0.0,0.0,0.0,0.0,15.0,0.0,0.0,0.0,0.0,0.0,0.0,15.0,0.0,0.0,0.0,0.0,0.0,0.0,0.0,0.0,0.0,0.0,0.0,0.0,0.0,0.0,0.0,0.0,0.0,0.0,0.0,0.0,3.0,0.0,5.0,3.0,7.0,5.0,0.0,7.0,0.0,0.0,0.0,0.0,0.0,0.0,0.0,0.0,"Dec 31, 2018"
1895,2601039.0,15275.0,Kirkuk,Al-Hawiga,Al-Abassy center,مركز العباسي,35.2757404108,43.5956465241,25.0,150.0,0.0,0.0,0.0,0.0,0.0,0.0,0.0,0.0,25.0,0.0,0.0,0.0,0.0,0.0,0.0,0.0,0.0,0.0,0.0,25.0,0.0,0.0,0.0,0.0,0.0,0.0,0.0,0.0,0.0,0.0,0.0,0.0,0.0,0.0,0.0,0.0,0.0,0.0,0.0,0.0,0.0,0.0,0.0,0.0,0.0,0.0,0.0,0.0,0.0,0.0,0.0,0.0,25.0,0.0,25.0,0.0,"Dec 31, 2018"
1896,2602004.0,26069.0,Kirkuk,Daquq,Badawa,بداوة,35.2391848403,44.6079881747,25.0,150.0,0.0,0.0,0.0,0.0,0.0,0.0,0.0,0.0,15.0,0.0,0.0,0.0,5.0,0.0,5.0,0.0,0.0,0.0,0.0,5.0,0.0,0.0,0.0,0.0,0.0,0.0,20.0,0.0,0.0,20.0,0.0,0.0,0.0,0.0,0.0,0.0,0.0,0.0,0.0,0.0,2.0,0.0,0.0,2.0,0.0,0.0,5.0,0.0,6.0,5.0,6.0,6.0,6.0,6.0,6.0,0.0,"Dec 31, 2018"
1897,2602005.0,14786.0,Kirkuk,Daquq,Fareeq Awa,حي فريق اوه,35.134636043,44.4372189735,74.0,444.0,3.0,0.0,0.0,0.0,0.0,1.0,0.0,0.0,45.0,0.0,0.0,0.0,0.0,0.0,25.0,0.0,0.0,0.0,0.0,5.0,0.0,0.0,0.0,0.0,0.0,0.0,69.0,0.0,0.0,69.0,0.0,0.0,0.0,0.0,0.0,0.0,0.0,0.0,0.0,0.0,3.0,0.0,8.0,3.0,7.0,8.0,20.0,7.0,10.0,20.0,20.0,10.0,6.0,20.0,6.0,0.0,"Dec 31, 2018"
1898,2602007.0,21453.0,Kirkuk,Daquq,Hay Ashti,حي آشتي,35.1492204074,44.4405085793,120.0,720.0,7.0,0.0,0.0,0.0,0.0,5.0,0.0,0.0,68.0,0.0,0.0,0.0,10.0,0.0,30.0,0.0,0.0,0.0,0.0,0.0,0.0,0.0,0.0,0.0,0.0,0.0,120.0,0.0,0.0,120.0,0.0,0.0,0.0,0.0,0.0,0.0,0.0,0.0,0.0,0.0,3.0,0.0,20.0,3.0,20.0,20.0,40.0,20.0,12.0,40.0,15.0,12.0,10.0,15.0,10.0,0.0,"Dec 31, 2018"
1899,2602008.0,25557.0,Kirkuk,Daquq,Khala Bazyani,خاله بازياني,35.4180713406,44.6294771468,85.0,510.0,0.0,0.0,0.0,0.0,0.0,0.0,0.0,0.0,0.0,0.0,0.0,0.0,0.0,0.0,85.0,0.0,0.0,0.0,0.0,0.0,0.0,0.0,0.0,0.0,0.0,0.0,78.0,0.0,0.0,78.0,0.0,0.0,0.0,0.0,7.0,0.0,0.0,7.0,0.0,0.0,8.0,0.0,27.0,8.0,25.0,27.0,5.0,25.0,0.0,5.0,0.0,0.0,20.0,0.0,20.0,0.0,"Dec 31, 2018"
1900,2602009.0,14536.0,Kirkuk,Daquq,Laylan IDP,مخيم ليلان,35.3279844157,44.5283576215,1077.0,6462.0,10.0,1.0,0.0,0.0,0.0,10.0,0.0,0.0,504.0,0.0,0.0,0.0,16.0,0.0,536.0,0.0,0.0,0.0,1077.0,0.0,0.0,0.0,0.0,0.0,0.0,0.0,0.0,0.0,0.0,0.0,0.0,0.0,0.0,0.0,0.0,0.0,0.0,0.0,10.0,0.0,260.0,10.0,200.0,260.0,70.0,200.0,110.0,70.0,271.0,110.0,121.0,271.0,35.0,121.0,35.0,0.0,"Dec 31, 2018"
1901,2602010.0,25738.0,Kirkuk,Daquq,Laylan-Al Abadat village,قرية العبادات,35.2798405472,44.3604802035,123.0,738.0,0.0,0.0,1.0,0.0,0.0,0.0,0.0,0.0,121.0,0.0,0.0,0.0,0.0,0.0,1.0,0.0,0.0,0.0,0.0,19.0,0.0,104.0,0.0,0.0,104.0,0.0,0.0,0.0,0.0,0.0,0.0,0.0,0.0,0.0,0.0,0.0,0.0,0.0,0.0,0.0,0.0,0.0,4.0,0.0,100.0,4.0,0.0,100.0,7.0,0.0,9.0,7.0,3.0,9.0,3.0,0.0,"Dec 31, 2018"
1902,2602011.0,25739.0,Kirkuk,Daquq,Laylan-Bash Bulaq village,قرية باش بولاق,35.2525517587,44.3947030887,153.0,918.0,0.0,0.0,0.0,0.0,0.0,0.0,0.0,0.0,153.0,0.0,0.0,0.0,0.0,0.0,0.0,0.0,0.0,0.0,0.0,40.0,0.0,113.0,0.0,0.0,113.0,0.0,0.0,0.0,0.0,0.0,0.0,0.0,0.0,0.0,0.0,0.0,0.0,0.0,0.0,0.0,0.0,0.0,0.0,0.0,148.0,0.0,0.0,148.0,5.0,0.0,0.0,5.0,0.0,0.0,0.0,0.0,"Dec 31, 2018"
1903,2602012.0,21711.0,Kirkuk,Daquq,Nawroz,حي نوروز,35.3157379358,44.5138656896,99.0,594.0,5.0,0.0,0.0,0.0,0.0,0.0,0.0,0.0,65.0,0.0,0.0,0.0,4.0,0.0,25.0,0.0,0.0,0.0,0.0,0.0,0.0,0.0,0.0,0.0,0.0,0.0,99.0,0.0,0.0,99.0,0.0,0.0,0.0,0.0,0.0,0.0,0.0,0.0,0.0,0.0,5.0,0.0,8.0,5.0,15.0,8.0,48.0,15.0,3.0,48.0,3.0,3.0,17.0,3.0,17.0,0.0,"Dec 31, 2018"
1904,2602013.0,14960.0,Kirkuk,Daquq,Taza-Omer Bin Khattab,قرية عمر بن الخطاب,35.2389270086,44.3895371908,235.0,1410.0,0.0,0.0,0.0,0.0,0.0,0.0,0.0,0.0,150.0,0.0,0.0,0.0,70.0,0.0,15.0,0.0,0.0,0.0,0.0,0.0,0.0,235.0,0.0,0.0,235.0,0.0,0.0,0.0,0.0,0.0,0.0,0.0,0.0,0.0,0.0,0.0,0.0,0.0,0.0,0.0,25.0,0.0,40.0,25.0,165.0,40.0,0.0,165.0,0.0,0.0,5.0,0.0,0.0,5.0,0.0,0.0,"Dec 31, 2018"
1905,2602014.0,24778.0,Kirkuk,Daquq,Yahyawa,مخيم يحياوة,35.3273006112,44.495974022,508.0,3048.0,0.0,0.0,0.0,0.0,0.0,0.0,0.0,0.0,0.0,0.0,0.0,0.0,508.0,0.0,0.0,0.0,0.0,0.0,508.0,0.0,0.0,0.0,0.0,0.0,0.0,0.0,0.0,0.0,0.0,0.0,0.0,0.0,0.0,0.0,0.0,0.0,0.0,0.0,0.0,0.0,160.0,0.0,0.0,160.0,193.0,0.0,0.0,193.0,30.0,0.0,110.0,30.0,15.0,110.0,15.0,0.0,"Dec 31, 2018"
1906,2602016.0,27337.0,Kirkuk,Daquq,Nazrawa camp,مخيم نزراوة,35.29272,44.57643,310.0,1860.0,1.0,0.0,0.0,0.0,0.0,1.0,0.0,0.0,238.0,0.0,0.0,0.0,0.0,0.0,70.0,0.0,0.0,0.0,310.0,0.0,0.0,0.0,0.0,0.0,0.0,0.0,0.0,0.0,0.0,0.0,0.0,0.0,0.0,0.0,0.0,0.0,0.0,0.0,0.0,0.0,0.0,0.0,0.0,0.0,0.0,0.0,0.0,0.0,250.0,0.0,35.0,250.0,25.0,35.0,25.0,0.0,"Dec 31, 2018"
1907,2602017.0,14545.0,Kirkuk,Daquq,Furqan village,قرية الفرقان,35.3146029389,44.5624205939,34.0,204.0,0.0,0.0,0.0,0.0,0.0,0.0,0.0,0.0,19.0,0.0,0.0,0.0,1.0,0.0,14.0,0.0,0.0,0.0,0.0,0.0,0.0,0.0,0.0,0.0,0.0,0.0,0.0,0.0,0.0,0.0,0.0,0.0,0.0,0.0,34.0,0.0,0.0,34.0,0.0,0.0,0.0,0.0,0.0,0.0,9.0,0.0,4.0,9.0,5.0,4.0,8.0,5.0,8.0,8.0,8.0,0.0,"Dec 31, 2018"
1908,2602018.0,28476.0,Kirkuk,Daquq,Yarmjia Village,قرية يارمجة,35.3123689457,44.440336901,16.0,96.0,0.0,0.0,0.0,0.0,0.0,0.0,0.0,0.0,12.0,0.0,0.0,0.0,0.0,0.0,4.0,0.0,0.0,0.0,0.0,5.0,0.0,3.0,0.0,0.0,3.0,0.0,8.0,0.0,0.0,8.0,0.0,0.0,0.0,0.0,0.0,0.0,0.0,0.0,0.0,0.0,0.0,0.0,2.0,0.0,2.0,2.0,1.0,2.0,4.0,1.0,5.0,4.0,2.0,5.0,2.0,0.0,"Dec 31, 2018"
1909,2602022.0,29668.0,Kirkuk,Daquq,Laylan 2,مخيم ليلان 2,35.3297419829,44.5291543159,318.0,1908.0,0.0,0.0,0.0,0.0,0.0,0.0,0.0,0.0,296.0,0.0,0.0,0.0,3.0,0.0,19.0,0.0,0.0,0.0,318.0,0.0,0.0,0.0,0.0,0.0,0.0,0.0,0.0,0.0,0.0,0.0,0.0,0.0,0.0,0.0,0.0,0.0,0.0,0.0,0.0,0.0,0.0,0.0,0.0,0.0,0.0,0.0,0.0,0.0,35.0,0.0,283.0,35.0,0.0,283.0,0.0,0.0,"Dec 31, 2018"
1910,2602024.0,31725.0,Kirkuk,Daquq,Hay Gulan,حي كولان,35.144328214,44.4556446994,17.0,102.0,0.0,0.0,0.0,0.0,0.0,1.0,0.0,0.0,14.0,0.0,0.0,0.0,0.0,0.0,2.0,0.0,0.0,0.0,0.0,0.0,0.0,0.0,0.0,0.0,0.0,0.0,17.0,0.0,0.0,17.0,0.0,0.0,0.0,0.0,0.0,0.0,0.0,0.0,0.0,0.0,0.0,0.0,0.0,0.0,2.0,0.0,5.0,2.0,0.0,5.0,0.0,0.0,10.0,0.0,10.0,0.0,"Dec 31, 2018"
1911,2602035.0,33476.0,Kirkuk,Daquq,Hay Al-Salam ( Daquq ),حي السلام ( داقوق ),35.152929173,44.443524382,150.0,900.0,0.0,0.0,0.0,0.0,0.0,0.0,0.0,0.0,130.0,0.0,0.0,0.0,0.0,0.0,20.0,0.0,0.0,0.0,0.0,75.0,0.0,40.0,0.0,0.0,40.0,0.0,35.0,0.0,0.0,35.0,0.0,0.0,0.0,0.0,0.0,0.0,0.0,0.0,0.0,0.0,0.0,0.0,20.0,0.0,35.0,20.0,35.0,35.0,25.0,35.0,25.0,25.0,10.0,25.0,10.0,0.0,"Dec 31, 2018"
1912,2602036.0,15110.0,Kirkuk,Daquq,Hay Klisa 1,حي كليسة 1,35.1603029017,44.4443693991,100.0,600.0,0.0,0.0,0.0,0.0,0.0,6.0,0.0,0.0,90.0,0.0,0.0,0.0,0.0,0.0,4.0,0.0,0.0,0.0,0.0,0.0,0.0,0.0,0.0,0.0,0.0,0.0,100.0,0.0,0.0,100.0,0.0,0.0,0.0,0.0,0.0,0.0,0.0,0.0,0.0,0.0,0.0,0.0,15.0,0.0,10.0,15.0,30.0,10.0,10.0,30.0,25.0,10.0,10.0,25.0,10.0,0.0,"Dec 31, 2018"
1913,2602037.0,21483.0,Kirkuk,Daquq,Hay Nawroz ( Daquq),حي نوروز ( داقوق ),35.1388584213,44.4397158001,120.0,720.0,0.0,0.0,0.0,0.0,0.0,2.0,0.0,0.0,98.0,0.0,0.0,0.0,0.0,0.0,20.0,0.0,0.0,0.0,0.0,0.0,0.0,25.0,0.0,0.0,25.0,0.0,90.0,0.0,0.0,90.0,0.0,0.0,0.0,0.0,5.0,0.0,0.0,5.0,0.0,0.0,0.0,0.0,25.0,0.0,15.0,25.0,30.0,15.0,5.0,30.0,20.0,5.0,25.0,20.0,25.0,0.0,"Dec 31, 2018"
1914,2602038.0,33477.0,Kirkuk,Daquq,Hay Runaki / Daquq,حي روناكي \ داقوق,35.1483302902,44.4546388922,95.0,570.0,0.0,0.0,0.0,0.0,0.0,5.0,0.0,0.0,78.0,0.0,0.0,0.0,2.0,0.0,10.0,0.0,0.0,0.0,0.0,0.0,0.0,0.0,0.0,0.0,0.0,0.0,95.0,0.0,0.0,95.0,0.0,0.0,0.0,0.0,0.0,0.0,0.0,0.0,0.0,0.0,0.0,0.0,15.0,0.0,40.0,15.0,25.0,40.0,10.0,25.0,5.0,10.0,0.0,5.0,0.0,0.0,"Dec 31, 2018"
1915,2603001.0,22289.0,Kirkuk,Kirkuk,Al Faylaq-Mahala 5,حي الفيلق-5,35.4761735203,44.3620571151,325.0,1950.0,0.0,0.0,0.0,0.0,0.0,10.0,0.0,0.0,255.0,0.0,0.0,0.0,30.0,0.0,30.0,0.0,0.0,0.0,0.0,15.0,0.0,0.0,0.0,0.0,0.0,0.0,300.0,0.0,0.0,300.0,0.0,0.0,0.0,0.0,10.0,0.0,0.0,10.0,0.0,0.0,5.0,0.0,0.0,5.0,40.0,0.0,70.0,40.0,80.0,70.0,90.0,80.0,40.0,90.0,40.0,0.0,"Dec 31, 2018"
1916,2603002.0,24359.0,Kirkuk,Kirkuk,Al Hurriyah,حي الحرية,35.439308783,44.4133502712,300.0,1800.0,30.0,0.0,0.0,0.0,0.0,0.0,0.0,0.0,180.0,0.0,0.0,0.0,30.0,0.0,60.0,0.0,0.0,0.0,0.0,0.0,0.0,0.0,0.0,0.0,0.0,0.0,300.0,0.0,0.0,300.0,0.0,0.0,0.0,0.0,0.0,0.0,0.0,0.0,10.0,0.0,15.0,10.0,0.0,15.0,27.0,0.0,78.0,27.0,40.0,78.0,95.0,40.0,35.0,95.0,35.0,0.0,"Dec 31, 2018"
1917,2603005.0,14984.0,Kirkuk,Kirkuk,Al Taakhi,حي التأخي,35.4223311983,44.3524947993,400.0,2400.0,25.0,0.0,0.0,0.0,0.0,30.0,0.0,0.0,200.0,0.0,0.0,0.0,75.0,0.0,70.0,0.0,0.0,0.0,0.0,20.0,0.0,0.0,0.0,0.0,0.0,0.0,345.0,0.0,0.0,345.0,0.0,0.0,0.0,0.0,35.0,0.0,0.0,35.0,10.0,0.0,60.0,10.0,25.0,60.0,50.0,25.0,70.0,50.0,80.0,70.0,85.0,80.0,20.0,85.0,20.0,0.0,"Dec 31, 2018"
1918,2603006.0,24084.0,Kirkuk,Kirkuk,Al Tadamon(Hawkari),حي التضامن-هاوكاري-,35.4101237217,44.3873049404,965.0,5790.0,10.0,0.0,50.0,0.0,0.0,95.0,0.0,0.0,500.0,0.0,0.0,0.0,30.0,0.0,280.0,0.0,0.0,0.0,0.0,20.0,0.0,0.0,0.0,0.0,0.0,0.0,925.0,0.0,0.0,925.0,0.0,0.0,0.0,0.0,20.0,0.0,0.0,20.0,10.0,0.0,170.0,10.0,100.0,170.0,350.0,100.0,85.0,350.0,60.0,85.0,90.0,60.0,100.0,90.0,100.0,0.0,"Dec 31, 2018"
1919,2603007.0,24453.0,Kirkuk,Kirkuk,Al Takhi Village,قرية تأخي,35.3767013412,44.3493209875,270.0,1620.0,1.0,0.0,0.0,0.0,0.0,0.0,0.0,0.0,245.0,0.0,0.0,0.0,4.0,0.0,20.0,0.0,0.0,0.0,0.0,20.0,0.0,0.0,0.0,0.0,0.0,0.0,235.0,0.0,0.0,235.0,0.0,0.0,0.0,0.0,15.0,0.0,0.0,15.0,1.0,0.0,0.0,1.0,3.0,0.0,25.0,3.0,35.0,25.0,40.0,35.0,146.0,40.0,20.0,146.0,20.0,0.0,"Dec 31, 2018"
1920,2603009.0,15433.0,Kirkuk,Kirkuk,Amal al shaabi,حي العمل الشعبي,35.5024861156,44.3346104014,646.0,3876.0,5.0,0.0,5.0,0.0,0.0,20.0,0.0,0.0,536.0,0.0,0.0,0.0,30.0,0.0,50.0,0.0,0.0,0.0,0.0,0.0,0.0,15.0,0.0,0.0,15.0,0.0,631.0,0.0,0.0,631.0,0.0,0.0,0.0,0.0,0.0,0.0,0.0,0.0,5.0,0.0,30.0,5.0,60.0,30.0,120.0,60.0,95.0,120.0,100.0,95.0,135.0,100.0,101.0,135.0,101.0,0.0,"Dec 31, 2018"
1921,2603010.0,24807.0,Kirkuk,Kirkuk,Baglar,حي بكلر,35.4735412424,44.387761656,70.0,420.0,0.0,0.0,0.0,0.0,0.0,0.0,0.0,0.0,17.0,0.0,0.0,0.0,13.0,0.0,40.0,0.0,0.0,0.0,0.0,0.0,0.0,0.0,0.0,0.0,0.0,0.0,70.0,0.0,0.0,70.0,0.0,0.0,0.0,0.0,0.0,0.0,0.0,0.0,0.0,0.0,2.0,0.0,13.0,2.0,10.0,13.0,10.0,10.0,20.0,10.0,10.0,20.0,5.0,10.0,5.0,0.0,"Dec 31, 2018"
1922,2603011.0,15449.0,Kirkuk,Kirkuk,Bajwan,قرية باجوان,35.5411040921,44.2818801579,110.0,660.0,0.0,0.0,0.0,0.0,0.0,0.0,0.0,0.0,108.0,0.0,0.0,0.0,2.0,0.0,0.0,0.0,0.0,0.0,0.0,25.0,0.0,0.0,0.0,0.0,0.0,0.0,80.0,0.0,0.0,80.0,0.0,0.0,0.0,0.0,5.0,0.0,0.0,5.0,0.0,0.0,2.0,0.0,0.0,2.0,10.0,0.0,20.0,10.0,25.0,20.0,18.0,25.0,35.0,18.0,35.0,0.0,"Dec 31, 2018"
1923,2603012.0,25556.0,Kirkuk,Kirkuk,Darwaza,دروازة,35.4733986619,44.4162548227,45.0,270.0,2.0,0.0,0.0,0.0,0.0,0.0,0.0,0.0,10.0,0.0,0.0,0.0,3.0,0.0,30.0,0.0,0.0,0.0,0.0,0.0,0.0,0.0,0.0,0.0,0.0,0.0,45.0,0.0,0.0,45.0,0.0,0.0,0.0,0.0,0.0,0.0,0.0,0.0,2.0,0.0,28.0,2.0,5.0,28.0,0.0,5.0,0.0,0.0,0.0,0.0,5.0,0.0,5.0,5.0,5.0,0.0,"Dec 31, 2018"
1924,2603013.0,15603.0,Kirkuk,Kirkuk,Hay 1 Athar,حي 1 اذار,35.3979694296,44.3643386341,120.0,720.0,20.0,0.0,0.0,0.0,0.0,0.0,0.0,0.0,40.0,0.0,0.0,0.0,20.0,0.0,40.0,0.0,0.0,0.0,0.0,0.0,0.0,40.0,0.0,0.0,40.0,0.0,80.0,0.0,0.0,80.0,0.0,0.0,0.0,0.0,0.0,0.0,0.0,0.0,5.0,0.0,10.0,5.0,0.0,10.0,15.0,0.0,30.0,15.0,20.0,30.0,10.0,20.0,30.0,10.0,30.0,0.0,"Dec 31, 2018"
1925,2603014.0,15624.0,Kirkuk,Kirkuk,Hay Adan,حي عدن,35.408876466,44.3770405801,210.0,1260.0,15.0,0.0,0.0,0.0,0.0,3.0,0.0,0.0,150.0,0.0,0.0,0.0,17.0,0.0,25.0,0.0,0.0,0.0,0.0,0.0,0.0,0.0,0.0,0.0,0.0,0.0,210.0,0.0,0.0,210.0,0.0,0.0,0.0,0.0,0.0,0.0,0.0,0.0,0.0,0.0,4.0,0.0,4.0,4.0,45.0,4.0,30.0,45.0,34.0,30.0,60.0,34.0,33.0,60.0,33.0,0.0,"Dec 31, 2018"
1926,2603015.0,24779.0,Kirkuk,Kirkuk,Hay Al Hamzali,حي الحمزلي,35.4550989037,44.3668239389,72.0,432.0,0.0,0.0,0.0,0.0,0.0,0.0,0.0,0.0,40.0,0.0,0.0,0.0,10.0,0.0,22.0,0.0,0.0,0.0,0.0,15.0,0.0,0.0,0.0,0.0,0.0,0.0,55.0,0.0,0.0,55.0,0.0,0.0,0.0,0.0,2.0,0.0,0.0,2.0,0.0,0.0,8.0,0.0,15.0,8.0,2.0,15.0,12.0,2.0,15.0,12.0,15.0,15.0,5.0,15.0,5.0,0.0,"Dec 31, 2018"
1927,2603016.0,22296.0,Kirkuk,Kirkuk,Hay Al Jamia-Mahalla 622,حي الجامعة-622,35.4079381819,44.3267362641,2015.0,12090.0,110.0,0.0,5.0,0.0,0.0,115.0,0.0,0.0,1380.0,0.0,0.0,0.0,180.0,0.0,225.0,0.0,0.0,0.0,0.0,40.0,0.0,330.0,0.0,0.0,330.0,0.0,1595.0,0.0,0.0,1595.0,0.0,0.0,0.0,0.0,50.0,0.0,0.0,50.0,30.0,0.0,560.0,30.0,305.0,560.0,425.0,305.0,330.0,425.0,70.0,330.0,150.0,70.0,145.0,150.0,145.0,0.0,"Dec 31, 2018"
1928,2603017.0,24089.0,Kirkuk,Kirkuk,Hay Al Mansour,حي المنصور,35.4389935523,44.3691155294,70.0,420.0,3.0,0.0,0.0,0.0,0.0,0.0,0.0,0.0,20.0,0.0,0.0,0.0,17.0,0.0,30.0,0.0,0.0,0.0,0.0,0.0,0.0,0.0,0.0,0.0,0.0,0.0,70.0,0.0,0.0,70.0,0.0,0.0,0.0,0.0,0.0,0.0,0.0,0.0,3.0,0.0,12.0,3.0,15.0,12.0,0.0,15.0,15.0,0.0,10.0,15.0,15.0,10.0,0.0,15.0,0.0,0.0,"Dec 31, 2018"
1929,2603018.0,15582.0,Kirkuk,Kirkuk,Hay Al mas,حي الماس,35.4802878935,44.3859447464,80.0,480.0,0.0,0.0,0.0,0.0,0.0,0.0,0.0,0.0,10.0,0.0,0.0,0.0,30.0,0.0,40.0,0.0,0.0,0.0,0.0,0.0,0.0,0.0,0.0,0.0,0.0,10.0,70.0,10.0,0.0,70.0,0.0,0.0,0.0,0.0,0.0,0.0,0.0,0.0,0.0,0.0,34.0,0.0,21.0,34.0,0.0,21.0,15.0,0.0,5.0,15.0,5.0,5.0,0.0,5.0,0.0,0.0,"Dec 31, 2018"
1930,2603019.0,21016.0,Kirkuk,Kirkuk,Hay Al Nassir,حي النصر,35.4278453307,44.4071895955,420.0,2520.0,35.0,0.0,15.0,0.0,0.0,60.0,0.0,0.0,135.0,0.0,0.0,0.0,75.0,0.0,100.0,0.0,0.0,0.0,0.0,20.0,0.0,0.0,0.0,0.0,0.0,0.0,400.0,0.0,0.0,400.0,0.0,0.0,0.0,0.0,0.0,0.0,0.0,0.0,15.0,0.0,85.0,15.0,40.0,85.0,100.0,40.0,60.0,100.0,70.0,60.0,30.0,70.0,20.0,30.0,20.0,0.0,"Dec 31, 2018"
1931,2603020.0,24780.0,Kirkuk,Kirkuk,Hay Al Sekak,حي السكك,35.4214561414,44.3361168118,370.0,2220.0,6.0,0.0,17.0,0.0,0.0,10.0,0.0,0.0,225.0,0.0,0.0,0.0,19.0,0.0,93.0,0.0,0.0,0.0,0.0,15.0,0.0,0.0,0.0,0.0,0.0,0.0,355.0,0.0,0.0,355.0,0.0,0.0,0.0,0.0,0.0,0.0,0.0,0.0,5.0,0.0,25.0,5.0,45.0,25.0,50.0,45.0,80.0,50.0,70.0,80.0,65.0,70.0,30.0,65.0,30.0,0.0,"Dec 31, 2018"
1932,2603022.0,15578.0,Kirkuk,Kirkuk,Hay Al-Khadraa,حي الخضراء,35.4343247685,44.353204455,165.0,990.0,0.0,0.0,0.0,0.0,0.0,0.0,0.0,0.0,85.0,0.0,0.0,0.0,20.0,0.0,60.0,0.0,0.0,0.0,0.0,10.0,0.0,0.0,0.0,0.0,0.0,0.0,150.0,0.0,0.0,150.0,0.0,0.0,0.0,0.0,5.0,0.0,0.0,5.0,0.0,0.0,10.0,0.0,25.0,10.0,25.0,25.0,30.0,25.0,35.0,30.0,30.0,35.0,10.0,30.0,10.0,0.0,"Dec 31, 2018"
1933,2603023.0,15650.0,Kirkuk,Kirkuk,Hay Al-Nasir 2,حي النصر 2,35.4163487125,44.39534,475.0,2850.0,20.0,0.0,20.0,0.0,0.0,70.0,0.0,0.0,195.0,0.0,0.0,0.0,60.0,0.0,110.0,0.0,0.0,0.0,0.0,20.0,0.0,80.0,0.0,0.0,80.0,0.0,315.0,0.0,0.0,315.0,0.0,0.0,0.0,0.0,60.0,0.0,0.0,60.0,10.0,0.0,40.0,10.0,90.0,40.0,85.0,90.0,85.0,85.0,70.0,85.0,60.0,70.0,35.0,60.0,35.0,0.0,"Dec 31, 2018"
1934,2603024.0,15639.0,Kirkuk,Kirkuk,Hay Al-Nedaa,حي النداء,35.397851,44.3756889982,230.0,1380.0,3.0,0.0,5.0,0.0,0.0,15.0,0.0,0.0,100.0,0.0,0.0,0.0,10.0,0.0,97.0,0.0,0.0,0.0,0.0,0.0,0.0,65.0,0.0,0.0,65.0,0.0,165.0,0.0,0.0,165.0,0.0,0.0,0.0,0.0,0.0,0.0,0.0,0.0,0.0,0.0,10.0,0.0,20.0,10.0,40.0,20.0,50.0,40.0,60.0,50.0,30.0,60.0,20.0,30.0,20.0,0.0,"Dec 31, 2018"
1935,2603025.0,15658.0,Kirkuk,Kirkuk,Hay Al-Sinay,حي الصناعي,35.3560290252,44.3016781198,195.0,1170.0,0.0,0.0,0.0,0.0,0.0,0.0,0.0,0.0,195.0,0.0,0.0,0.0,0.0,0.0,0.0,0.0,0.0,0.0,0.0,20.0,0.0,75.0,0.0,0.0,75.0,0.0,100.0,0.0,0.0,100.0,0.0,0.0,0.0,0.0,0.0,0.0,0.0,0.0,0.0,0.0,0.0,0.0,0.0,0.0,0.0,0.0,25.0,0.0,35.0,25.0,40.0,35.0,95.0,40.0,95.0,0.0,"Dec 31, 2018"
1936,2603026.0,15550.0,Kirkuk,Kirkuk,Hay Al-Urooba,حي العروبة,35.4296511042,44.3918360517,684.0,4104.0,15.0,0.0,3.0,0.0,0.0,97.0,0.0,0.0,380.0,0.0,0.0,0.0,75.0,0.0,114.0,0.0,0.0,0.0,0.0,0.0,0.0,35.0,0.0,0.0,35.0,0.0,649.0,0.0,0.0,649.0,0.0,0.0,0.0,0.0,0.0,0.0,0.0,0.0,10.0,0.0,28.0,10.0,16.0,28.0,129.0,16.0,300.0,129.0,82.0,300.0,42.0,82.0,77.0,42.0,77.0,0.0,"Dec 31, 2018"
1937,2603027.0,23899.0,Kirkuk,Kirkuk,Hay Al-Zawraa,حي الزوراء,35.3899777491,44.3916803076,460.0,2760.0,5.0,12.0,0.0,0.0,0.0,75.0,0.0,0.0,120.0,0.0,0.0,0.0,30.0,0.0,218.0,0.0,0.0,0.0,0.0,10.0,0.0,2.0,0.0,0.0,2.0,0.0,448.0,0.0,0.0,448.0,0.0,0.0,0.0,0.0,0.0,0.0,0.0,0.0,2.0,0.0,20.0,2.0,70.0,20.0,113.0,70.0,80.0,113.0,65.0,80.0,60.0,65.0,50.0,60.0,50.0,0.0,"Dec 31, 2018"
1938,2603028.0,24142.0,Kirkuk,Kirkuk,Hay Arafah 201,عرفة,35.4887730693,44.3711684031,29.0,174.0,0.0,0.0,0.0,0.0,0.0,0.0,0.0,0.0,12.0,0.0,0.0,0.0,7.0,0.0,10.0,0.0,0.0,0.0,0.0,3.0,0.0,0.0,0.0,0.0,0.0,0.0,26.0,0.0,0.0,26.0,0.0,0.0,0.0,0.0,0.0,0.0,0.0,0.0,0.0,0.0,5.0,0.0,2.0,5.0,10.0,2.0,0.0,10.0,5.0,0.0,0.0,5.0,7.0,0.0,7.0,0.0,"Dec 31, 2018"
1939,2603029.0,21702.0,Kirkuk,Kirkuk,Hay Azadi,حي ازادي,35.4814452737,44.4186038802,110.0,660.0,15.0,0.0,0.0,0.0,0.0,0.0,0.0,0.0,55.0,0.0,0.0,0.0,13.0,0.0,27.0,0.0,0.0,0.0,0.0,0.0,0.0,0.0,0.0,0.0,0.0,0.0,110.0,0.0,0.0,110.0,0.0,0.0,0.0,0.0,0.0,0.0,0.0,0.0,0.0,0.0,19.0,0.0,1.0,19.0,10.0,1.0,15.0,10.0,40.0,15.0,20.0,40.0,5.0,20.0,5.0,0.0,"Dec 31, 2018"
1940,2603030.0,15584.0,Kirkuk,Kirkuk,Hay Ghurnata,حي غرناطة,35.435250627,44.3814867022,289.0,1734.0,17.0,0.0,4.0,0.0,0.0,0.0,0.0,0.0,161.0,0.0,0.0,0.0,28.0,0.0,79.0,0.0,0.0,0.0,0.0,0.0,0.0,0.0,0.0,0.0,0.0,0.0,289.0,0.0,0.0,289.0,0.0,0.0,0.0,0.0,0.0,0.0,0.0,0.0,10.0,0.0,18.0,10.0,62.0,18.0,28.0,62.0,60.0,28.0,43.0,60.0,33.0,43.0,35.0,33.0,35.0,0.0,"Dec 31, 2018"
1941,2603031.0,15694.0,Kirkuk,Kirkuk,Hay Musalla,حي المصلى,35.4631820131,44.3957085963,292.0,1752.0,10.0,0.0,2.0,0.0,0.0,15.0,0.0,0.0,75.0,0.0,0.0,0.0,105.0,0.0,85.0,0.0,0.0,0.0,0.0,0.0,0.0,0.0,0.0,0.0,0.0,0.0,292.0,0.0,0.0,292.0,0.0,0.0,0.0,0.0,0.0,0.0,0.0,0.0,0.0,0.0,30.0,0.0,30.0,30.0,50.0,30.0,62.0,50.0,55.0,62.0,60.0,55.0,5.0,60.0,5.0,0.0,"Dec 31, 2018"
1942,2603032.0,15679.0,Kirkuk,Kirkuk,Hay Rasheed(Domiz),حي الرشيد-دوميز-,35.3910756237,44.38154581,250.0,1500.0,15.0,0.0,0.0,0.0,0.0,45.0,0.0,0.0,80.0,0.0,0.0,0.0,10.0,0.0,100.0,0.0,0.0,0.0,0.0,0.0,0.0,10.0,0.0,0.0,10.0,0.0,240.0,0.0,0.0,240.0,0.0,0.0,0.0,0.0,0.0,0.0,0.0,0.0,10.0,0.0,50.0,10.0,0.0,50.0,30.0,0.0,75.0,30.0,40.0,75.0,35.0,40.0,10.0,35.0,10.0,0.0,"Dec 31, 2018"
1943,2603038.0,14530.0,Kirkuk,Kirkuk,Panja Ali,بنجه علي,35.4369200075,44.4276313888,450.0,2700.0,10.0,0.0,0.0,0.0,0.0,0.0,0.0,0.0,190.0,0.0,0.0,0.0,95.0,0.0,155.0,0.0,0.0,0.0,0.0,30.0,0.0,0.0,0.0,0.0,0.0,0.0,420.0,0.0,0.0,420.0,0.0,0.0,0.0,0.0,0.0,0.0,0.0,0.0,5.0,0.0,35.0,5.0,45.0,35.0,55.0,45.0,90.0,55.0,70.0,90.0,60.0,70.0,90.0,60.0,90.0,0.0,"Dec 31, 2018"
1944,2603040.0,22199.0,Kirkuk,Kirkuk,Qaryat Kamptelar,قرية كمبتلر,35.5075219569,44.2702509227,60.0,360.0,0.0,0.0,0.0,0.0,0.0,0.0,0.0,0.0,40.0,0.0,0.0,0.0,15.0,0.0,5.0,0.0,0.0,0.0,0.0,5.0,0.0,0.0,0.0,0.0,0.0,0.0,55.0,0.0,0.0,55.0,0.0,0.0,0.0,0.0,0.0,0.0,0.0,0.0,0.0,0.0,0.0,0.0,0.0,0.0,5.0,0.0,15.0,5.0,20.0,15.0,15.0,20.0,5.0,15.0,5.0,0.0,"Dec 31, 2018"
1945,2603041.0,22495.0,Kirkuk,Kirkuk,Qaryat Tobzawa,قرية طوبزاوة,35.3958484253,44.274991164,146.0,876.0,0.0,0.0,0.0,0.0,0.0,0.0,0.0,0.0,131.0,0.0,0.0,0.0,5.0,0.0,10.0,0.0,0.0,0.0,0.0,0.0,0.0,0.0,0.0,0.0,0.0,0.0,136.0,0.0,0.0,136.0,0.0,0.0,0.0,0.0,10.0,0.0,0.0,10.0,0.0,0.0,8.0,0.0,0.0,8.0,50.0,0.0,30.0,50.0,10.0,30.0,15.0,10.0,33.0,15.0,33.0,0.0,"Dec 31, 2018"
1946,2603042.0,14474.0,Kirkuk,Kirkuk,Qizil Yar,قرية قزليار,35.4695824277,44.248788025,10.0,60.0,0.0,0.0,0.0,0.0,0.0,0.0,0.0,0.0,10.0,0.0,0.0,0.0,0.0,0.0,0.0,0.0,0.0,0.0,0.0,0.0,0.0,0.0,0.0,0.0,0.0,0.0,10.0,0.0,0.0,10.0,0.0,0.0,0.0,0.0,0.0,0.0,0.0,0.0,0.0,0.0,0.0,0.0,0.0,0.0,6.0,0.0,0.0,6.0,0.0,0.0,4.0,0.0,0.0,4.0,0.0,0.0,"Dec 31, 2018"
1947,2603044.0,14763.0,Kirkuk,Kirkuk,Rahim Awa,رحيم اوه,35.4974935968,44.3956196906,160.0,960.0,10.0,0.0,0.0,0.0,0.0,0.0,0.0,0.0,30.0,0.0,0.0,0.0,80.0,0.0,40.0,0.0,0.0,0.0,0.0,0.0,0.0,0.0,0.0,0.0,0.0,0.0,160.0,0.0,0.0,160.0,0.0,0.0,0.0,0.0,0.0,0.0,0.0,0.0,0.0,0.0,50.0,0.0,15.0,50.0,5.0,15.0,30.0,5.0,25.0,30.0,15.0,25.0,20.0,15.0,20.0,0.0,"Dec 31, 2018"
1948,2603045.0,23634.0,Kirkuk,Kirkuk,Runaki,حي روناكي,35.4456806353,44.4053745369,180.0,1080.0,10.0,0.0,0.0,0.0,0.0,0.0,0.0,0.0,100.0,0.0,0.0,0.0,15.0,0.0,55.0,0.0,0.0,0.0,0.0,0.0,0.0,0.0,0.0,0.0,0.0,0.0,180.0,0.0,0.0,180.0,0.0,0.0,0.0,0.0,0.0,0.0,0.0,0.0,0.0,0.0,15.0,0.0,10.0,15.0,5.0,10.0,40.0,5.0,35.0,40.0,55.0,35.0,20.0,55.0,20.0,0.0,"Dec 31, 2018"
1949,2603046.0,24806.0,Kirkuk,Kirkuk,Sary Kahya,حي صاري كهيه,35.4662918306,44.3772091904,191.0,1146.0,0.0,0.0,0.0,0.0,0.0,2.0,0.0,0.0,75.0,0.0,0.0,0.0,14.0,0.0,100.0,0.0,0.0,0.0,0.0,0.0,0.0,0.0,0.0,0.0,0.0,0.0,191.0,0.0,0.0,191.0,0.0,0.0,0.0,0.0,0.0,0.0,0.0,0.0,0.0,0.0,14.0,0.0,30.0,14.0,25.0,30.0,40.0,25.0,25.0,40.0,40.0,25.0,17.0,40.0,17.0,0.0,"Dec 31, 2018"
1950,2603047.0,24422.0,Kirkuk,Kirkuk,Sayada village,قرية صيادة,35.3610924208,44.3314596647,35.0,210.0,0.0,0.0,0.0,0.0,0.0,0.0,0.0,0.0,15.0,0.0,0.0,0.0,0.0,0.0,20.0,0.0,0.0,0.0,0.0,15.0,0.0,20.0,0.0,0.0,20.0,0.0,0.0,0.0,0.0,0.0,0.0,0.0,0.0,0.0,0.0,0.0,0.0,0.0,0.0,0.0,0.0,0.0,5.0,0.0,5.0,5.0,4.0,5.0,6.0,4.0,10.0,6.0,5.0,10.0,5.0,0.0,"Dec 31, 2018"
1951,2603048.0,15522.0,Kirkuk,Kirkuk,Shwan Center,مركز ناحية شوان,35.7351842292,44.4870318524,10.0,60.0,0.0,0.0,0.0,0.0,0.0,0.0,0.0,0.0,0.0,0.0,0.0,0.0,7.0,0.0,3.0,0.0,0.0,0.0,0.0,0.0,0.0,0.0,0.0,0.0,0.0,0.0,10.0,0.0,0.0,10.0,0.0,0.0,0.0,0.0,0.0,0.0,0.0,0.0,0.0,0.0,3.0,0.0,0.0,3.0,2.0,0.0,0.0,2.0,0.0,0.0,5.0,0.0,0.0,5.0,0.0,0.0,"Dec 31, 2018"
1952,2603050.0,14703.0,Kirkuk,Kirkuk,Tiseen,حي تسن,35.445333511,44.3711164081,133.0,798.0,0.0,0.0,2.0,0.0,0.0,2.0,0.0,0.0,55.0,0.0,0.0,0.0,35.0,0.0,39.0,0.0,0.0,0.0,0.0,28.0,0.0,0.0,0.0,0.0,0.0,0.0,92.0,0.0,0.0,92.0,0.0,0.0,0.0,0.0,13.0,0.0,0.0,13.0,0.0,0.0,9.0,0.0,7.0,9.0,15.0,7.0,32.0,15.0,19.0,32.0,20.0,19.0,31.0,20.0,31.0,0.0,"Dec 31, 2018"
1953,2603051.0,14464.0,Kirkuk,Kirkuk,Yaychi-101,حي يايجي-101,35.4385383531,44.2376825469,200.0,1200.0,5.0,0.0,0.0,0.0,0.0,0.0,0.0,0.0,185.0,0.0,0.0,0.0,0.0,0.0,10.0,0.0,0.0,0.0,0.0,30.0,0.0,0.0,0.0,0.0,0.0,0.0,155.0,0.0,0.0,155.0,0.0,0.0,0.0,0.0,15.0,0.0,0.0,15.0,0.0,0.0,0.0,0.0,5.0,0.0,62.0,5.0,35.0,62.0,25.0,35.0,55.0,25.0,18.0,55.0,18.0,0.0,"Dec 31, 2018"
1954,2603052.0,23901.0,Kirkuk,Kirkuk,Yaychi-Qaryat Dibak Taba,قرية ديبك تبة,35.44244293,44.2845542687,30.0,180.0,0.0,0.0,0.0,0.0,0.0,0.0,0.0,0.0,30.0,0.0,0.0,0.0,0.0,0.0,0.0,0.0,0.0,0.0,0.0,10.0,0.0,0.0,0.0,0.0,0.0,0.0,15.0,0.0,0.0,15.0,0.0,0.0,0.0,0.0,5.0,0.0,0.0,5.0,0.0,0.0,0.0,0.0,0.0,0.0,6.0,0.0,14.0,6.0,5.0,14.0,5.0,5.0,0.0,5.0,0.0,0.0,"Dec 31, 2018"
1955,2603053.0,23900.0,Kirkuk,Kirkuk,Yaychi-Qaryat Turklan,قرية تركلان,35.3881488299,44.2759519887,155.0,930.0,0.0,0.0,0.0,0.0,0.0,0.0,0.0,0.0,150.0,0.0,0.0,0.0,0.0,0.0,5.0,0.0,0.0,0.0,0.0,25.0,0.0,0.0,0.0,0.0,0.0,0.0,130.0,0.0,0.0,130.0,0.0,0.0,0.0,0.0,0.0,0.0,0.0,0.0,0.0,0.0,0.0,0.0,0.0,0.0,35.0,0.0,10.0,35.0,20.0,10.0,20.0,20.0,70.0,20.0,70.0,0.0,"Dec 31, 2018"
1956,2603059.0,28410.0,Kirkuk,Kirkuk,Sekanyan,سيكانيان,35.5541193934,44.360257535,46.0,276.0,0.0,0.0,0.0,0.0,0.0,5.0,0.0,0.0,10.0,0.0,0.0,0.0,31.0,0.0,0.0,0.0,0.0,0.0,0.0,0.0,0.0,0.0,0.0,0.0,0.0,0.0,46.0,0.0,0.0,46.0,0.0,0.0,0.0,0.0,0.0,0.0,0.0,0.0,0.0,0.0,4.0,0.0,21.0,4.0,0.0,21.0,0.0,0.0,2.0,0.0,15.0,2.0,4.0,15.0,4.0,0.0,"Dec 31, 2018"
1957,2603060.0,15442.0,Kirkuk,Kirkuk,Shorawo,شوراو,35.5250152249,44.3848430318,20.0,120.0,0.0,0.0,0.0,0.0,0.0,0.0,0.0,0.0,10.0,0.0,0.0,0.0,10.0,0.0,0.0,0.0,0.0,0.0,0.0,0.0,0.0,0.0,0.0,0.0,0.0,0.0,20.0,0.0,0.0,20.0,0.0,0.0,0.0,0.0,0.0,0.0,0.0,0.0,0.0,0.0,0.0,0.0,0.0,0.0,0.0,0.0,10.0,0.0,0.0,10.0,10.0,0.0,0.0,10.0,0.0,0.0,"Dec 31, 2018"
1958,2603061.0,22847.0,Kirkuk,Kirkuk,chardaghli village,قرية جرداغلوا,35.3556783563,44.3127887632,195.0,1170.0,2.0,0.0,0.0,0.0,0.0,5.0,0.0,0.0,185.0,0.0,0.0,0.0,0.0,0.0,3.0,0.0,0.0,0.0,0.0,35.0,0.0,35.0,0.0,0.0,35.0,0.0,125.0,0.0,0.0,125.0,0.0,0.0,0.0,0.0,0.0,0.0,0.0,0.0,0.0,0.0,5.0,0.0,5.0,5.0,5.0,5.0,50.0,5.0,30.0,50.0,55.0,30.0,45.0,55.0,45.0,0.0,"Dec 31, 2018"
1959,2603064.0,15648.0,Kirkuk,Kirkuk,Al-Sayada Complex,مجمع الصيادة,35.3806586999,44.3324449665,311.0,1866.0,0.0,0.0,10.0,0.0,0.0,0.0,0.0,0.0,281.0,0.0,0.0,0.0,10.0,0.0,10.0,0.0,0.0,0.0,0.0,0.0,0.0,0.0,0.0,0.0,0.0,0.0,311.0,0.0,0.0,311.0,0.0,0.0,0.0,0.0,0.0,0.0,0.0,0.0,0.0,0.0,16.0,0.0,0.0,16.0,30.0,0.0,40.0,30.0,115.0,40.0,95.0,115.0,15.0,95.0,15.0,0.0,"Dec 31, 2018"
1960,2603065.0,14907.0,Kirkuk,Kirkuk,Hay Al Ertiqaa,حي الارتقاء,35.4890926841,44.3549602487,101.0,606.0,0.0,0.0,0.0,0.0,0.0,0.0,0.0,0.0,101.0,0.0,0.0,0.0,0.0,0.0,0.0,0.0,0.0,0.0,0.0,0.0,0.0,0.0,0.0,0.0,0.0,0.0,92.0,0.0,0.0,92.0,0.0,0.0,0.0,0.0,9.0,0.0,0.0,9.0,0.0,0.0,0.0,0.0,5.0,0.0,5.0,5.0,14.0,5.0,22.0,14.0,40.0,22.0,15.0,40.0,15.0,0.0,"Dec 31, 2018"
1961,2603066.0,31726.0,Kirkuk,Kirkuk,Al-Qadisssiya(Rabareen) first,حي الانتفاضة-رابرين-(القادسية سابقا) اول,35.414716994,44.4191466921,450.0,2700.0,40.0,0.0,0.0,0.0,0.0,20.0,0.0,0.0,250.0,0.0,0.0,0.0,80.0,0.0,60.0,0.0,0.0,0.0,0.0,15.0,0.0,0.0,0.0,0.0,0.0,0.0,415.0,0.0,0.0,415.0,0.0,0.0,0.0,0.0,20.0,0.0,0.0,20.0,10.0,0.0,50.0,10.0,30.0,50.0,220.0,30.0,50.0,220.0,40.0,50.0,30.0,40.0,20.0,30.0,20.0,0.0,"Dec 31, 2018"
1962,2603067.0,31727.0,Kirkuk,Kirkuk,Al-Qadisssiya(Rabareen) seconad,حي الانتفاضة-رابرين-(القادسية سابقا) ثاني,35.4269064653,44.4212597705,485.0,2910.0,50.0,0.0,0.0,0.0,0.0,10.0,0.0,0.0,300.0,0.0,0.0,0.0,75.0,0.0,50.0,0.0,0.0,0.0,0.0,15.0,0.0,0.0,0.0,0.0,0.0,0.0,455.0,0.0,0.0,455.0,0.0,0.0,0.0,0.0,15.0,0.0,0.0,15.0,10.0,0.0,60.0,10.0,20.0,60.0,180.0,20.0,60.0,180.0,50.0,60.0,50.0,50.0,55.0,50.0,55.0,0.0,"Dec 31, 2018"
1963,2603068.0,31728.0,Kirkuk,Kirkuk,Hay Al-Askary 1,حي العسكري 1,35.4071349542,44.4046398844,570.0,3420.0,60.0,0.0,0.0,0.0,0.0,20.0,0.0,0.0,320.0,0.0,0.0,0.0,50.0,0.0,120.0,0.0,0.0,0.0,0.0,20.0,0.0,0.0,0.0,0.0,0.0,0.0,525.0,0.0,0.0,525.0,0.0,0.0,0.0,0.0,25.0,0.0,0.0,25.0,35.0,0.0,95.0,35.0,50.0,95.0,100.0,50.0,60.0,100.0,50.0,60.0,120.0,50.0,60.0,120.0,60.0,0.0,"Dec 31, 2018"
1964,2603069.0,31729.0,Kirkuk,Kirkuk,Hay Al-Askary 2,حي العسكري 2,35.4061091999,44.4136108605,460.0,2760.0,55.0,10.0,0.0,0.0,0.0,15.0,0.0,0.0,130.0,0.0,0.0,0.0,70.0,0.0,180.0,0.0,0.0,0.0,0.0,15.0,0.0,5.0,0.0,0.0,5.0,0.0,420.0,0.0,0.0,420.0,0.0,0.0,0.0,0.0,20.0,0.0,0.0,20.0,30.0,0.0,90.0,30.0,65.0,90.0,120.0,65.0,55.0,120.0,40.0,55.0,50.0,40.0,10.0,50.0,10.0,0.0,"Dec 31, 2018"
1965,2604001.0,14375.0,Kirkuk,Dabes,Altun Kupri Center,مركز ناحية التون كوبري,35.7562662504,44.1387131723,26.0,156.0,2.0,0.0,0.0,0.0,0.0,0.0,0.0,0.0,0.0,0.0,0.0,0.0,21.0,0.0,3.0,0.0,0.0,0.0,0.0,0.0,0.0,0.0,0.0,0.0,0.0,0.0,26.0,0.0,0.0,26.0,0.0,0.0,0.0,0.0,0.0,0.0,0.0,0.0,2.0,0.0,15.0,2.0,9.0,15.0,0.0,9.0,0.0,0.0,0.0,0.0,0.0,0.0,0.0,0.0,0.0,0.0,"Dec 31, 2018"
1966,2604005.0,24632.0,Kirkuk,Dabes,Hay Al Muaasker,حي المعسكر,35.667296708,44.074888401,40.0,240.0,0.0,0.0,0.0,0.0,0.0,0.0,0.0,0.0,39.0,0.0,0.0,0.0,0.0,0.0,1.0,0.0,0.0,0.0,0.0,0.0,0.0,0.0,0.0,0.0,0.0,0.0,40.0,0.0,0.0,40.0,0.0,0.0,0.0,0.0,0.0,0.0,0.0,0.0,0.0,0.0,0.0,0.0,0.0,0.0,15.0,0.0,8.0,15.0,4.0,8.0,5.0,4.0,8.0,5.0,8.0,0.0,"Dec 31, 2018"
1967,2604006.0,24631.0,Kirkuk,Dabes,Hay Al Tanak,حي التنك,35.6605481038,44.0899282922,78.0,468.0,0.0,0.0,0.0,0.0,0.0,0.0,0.0,0.0,78.0,0.0,0.0,0.0,0.0,0.0,0.0,0.0,0.0,0.0,0.0,0.0,0.0,0.0,0.0,0.0,0.0,0.0,78.0,0.0,0.0,78.0,0.0,0.0,0.0,0.0,0.0,0.0,0.0,0.0,0.0,0.0,40.0,0.0,20.0,40.0,0.0,20.0,10.0,0.0,8.0,10.0,0.0,8.0,0.0,0.0,0.0,0.0,"Dec 31, 2018"
1968,2604007.0,15674.0,Kirkuk,Dabes,Hay Al-Shuhadaa,حي الشهداء,35.6705348992,44.069217917,95.0,570.0,0.0,0.0,0.0,0.0,0.0,0.0,0.0,0.0,77.0,0.0,0.0,0.0,10.0,0.0,8.0,0.0,0.0,0.0,0.0,0.0,0.0,0.0,0.0,0.0,0.0,0.0,95.0,0.0,0.0,95.0,0.0,0.0,0.0,0.0,0.0,0.0,0.0,0.0,0.0,0.0,27.0,0.0,8.0,27.0,6.0,8.0,4.0,6.0,30.0,4.0,15.0,30.0,5.0,15.0,5.0,0.0,"Dec 31, 2018"
1969,2701001.0,17734.0,Ninewa,Akre,Akre,عقرة,36.7361641121,43.8703676367,1656.0,9936.0,0.0,0.0,0.0,0.0,0.0,0.0,0.0,0.0,0.0,0.0,0.0,0.0,1656.0,0.0,0.0,0.0,0.0,0.0,0.0,25.0,0.0,0.0,0.0,0.0,0.0,0.0,1536.0,0.0,0.0,1536.0,0.0,0.0,0.0,0.0,95.0,0.0,0.0,95.0,0.0,0.0,1099.0,0.0,557.0,1099.0,0.0,557.0,0.0,0.0,0.0,0.0,0.0,0.0,0.0,0.0,0.0,0.0,"Dec 31, 2018"
1970,2701002.0,17295.0,Ninewa,Akre,Amiyanook,آميانوك,36.5368014067,43.6040783128,18.0,108.0,0.0,0.0,0.0,0.0,0.0,0.0,0.0,0.0,0.0,0.0,0.0,0.0,18.0,0.0,0.0,0.0,0.0,0.0,0.0,2.0,0.0,0.0,0.0,0.0,0.0,0.0,14.0,0.0,0.0,14.0,0.0,0.0,0.0,0.0,2.0,0.0,0.0,2.0,0.0,0.0,0.0,0.0,18.0,0.0,0.0,18.0,0.0,0.0,0.0,0.0,0.0,0.0,0.0,0.0,0.0,0.0,"Dec 31, 2018"
1971,2701003.0,8789.0,Ninewa,Akre,Amyan,اميان,36.5374827537,43.5984455004,32.0,192.0,0.0,0.0,0.0,0.0,0.0,0.0,0.0,0.0,0.0,0.0,0.0,0.0,32.0,0.0,0.0,0.0,0.0,0.0,0.0,13.0,0.0,0.0,0.0,0.0,0.0,0.0,19.0,0.0,0.0,19.0,0.0,0.0,0.0,0.0,0.0,0.0,0.0,0.0,0.0,0.0,12.0,0.0,20.0,12.0,0.0,20.0,0.0,0.0,0.0,0.0,0.0,0.0,0.0,0.0,0.0,0.0,"Dec 31, 2018"
1972,2701004.0,18256.0,Ninewa,Akre,Banasur,بانسور,36.7093970407,43.972810898,55.0,330.0,0.0,0.0,0.0,0.0,0.0,0.0,0.0,0.0,0.0,0.0,0.0,0.0,55.0,0.0,0.0,0.0,0.0,0.0,0.0,10.0,0.0,0.0,0.0,0.0,0.0,0.0,45.0,0.0,0.0,45.0,0.0,0.0,0.0,0.0,0.0,0.0,0.0,0.0,0.0,0.0,24.0,0.0,31.0,24.0,0.0,31.0,0.0,0.0,0.0,0.0,0.0,0.0,0.0,0.0,0.0,0.0,"Dec 31, 2018"
1973,2701005.0,8783.0,Ninewa,Akre,Bardarash,بردرش,36.5050524563,43.5955985834,1532.0,9192.0,0.0,0.0,0.0,0.0,0.0,0.0,0.0,0.0,0.0,0.0,0.0,0.0,1532.0,0.0,0.0,0.0,0.0,0.0,0.0,60.0,0.0,0.0,0.0,0.0,0.0,0.0,1472.0,0.0,0.0,1472.0,0.0,0.0,0.0,0.0,0.0,0.0,0.0,0.0,0.0,0.0,688.0,0.0,799.0,688.0,0.0,799.0,0.0,0.0,0.0,0.0,0.0,0.0,45.0,0.0,45.0,0.0,"Dec 31, 2018"
1974,2701007.0,25816.0,Ninewa,Akre,Bishryan,بشريان,36.3098006982,43.6742682321,36.0,216.0,0.0,0.0,0.0,0.0,0.0,0.0,0.0,0.0,0.0,0.0,0.0,0.0,36.0,0.0,0.0,0.0,0.0,0.0,0.0,0.0,0.0,0.0,0.0,0.0,0.0,0.0,36.0,0.0,0.0,36.0,0.0,0.0,0.0,0.0,0.0,0.0,0.0,0.0,0.0,0.0,26.0,0.0,10.0,26.0,0.0,10.0,0.0,0.0,0.0,0.0,0.0,0.0,0.0,0.0,0.0,0.0,"Dec 31, 2018"
1975,2701008.0,17776.0,Ninewa,Akre,Bjil,بجيل,36.727823778,44.0160862863,27.0,162.0,0.0,0.0,0.0,0.0,0.0,0.0,0.0,0.0,0.0,0.0,0.0,0.0,27.0,0.0,0.0,0.0,0.0,0.0,0.0,0.0,0.0,0.0,0.0,0.0,0.0,0.0,15.0,0.0,0.0,15.0,0.0,0.0,0.0,0.0,12.0,0.0,0.0,12.0,0.0,0.0,19.0,0.0,8.0,19.0,0.0,8.0,0.0,0.0,0.0,0.0,0.0,0.0,0.0,0.0,0.0,0.0,"Dec 31, 2018"
1976,2701009.0,8776.0,Ninewa,Akre,Daratu,دارتو,36.4778018104,43.7260191611,108.0,648.0,0.0,0.0,0.0,0.0,0.0,0.0,0.0,0.0,0.0,0.0,0.0,0.0,108.0,0.0,0.0,0.0,0.0,0.0,0.0,26.0,0.0,0.0,0.0,0.0,0.0,0.0,2.0,0.0,0.0,2.0,0.0,0.0,0.0,0.0,80.0,0.0,0.0,80.0,0.0,0.0,78.0,0.0,30.0,78.0,0.0,30.0,0.0,0.0,0.0,0.0,0.0,0.0,0.0,0.0,0.0,0.0,"Dec 31, 2018"
1977,2701010.0,16953.0,Ninewa,Akre,Dinarta,دينارته,36.7929916712,43.9795982543,66.0,396.0,0.0,0.0,0.0,0.0,0.0,0.0,0.0,0.0,0.0,0.0,0.0,0.0,66.0,0.0,0.0,0.0,0.0,0.0,0.0,6.0,0.0,0.0,0.0,0.0,0.0,0.0,52.0,0.0,0.0,52.0,0.0,0.0,0.0,0.0,8.0,0.0,0.0,8.0,0.0,0.0,41.0,0.0,25.0,41.0,0.0,25.0,0.0,0.0,0.0,0.0,0.0,0.0,0.0,0.0,0.0,0.0,"Dec 31, 2018"
1978,2701011.0,17802.0,Ninewa,Akre,Grdasin,كردسين,36.6545756067,43.8070683168,294.0,1764.0,0.0,0.0,0.0,0.0,0.0,0.0,0.0,0.0,0.0,0.0,0.0,0.0,294.0,0.0,0.0,0.0,0.0,0.0,0.0,113.0,0.0,0.0,0.0,0.0,0.0,0.0,151.0,0.0,0.0,151.0,0.0,0.0,0.0,0.0,30.0,0.0,0.0,30.0,0.0,0.0,194.0,0.0,100.0,194.0,0.0,100.0,0.0,0.0,0.0,0.0,0.0,0.0,0.0,0.0,0.0,0.0,"Dec 31, 2018"
1979,2701012.0,24581.0,Ninewa,Akre,Kalak,كلكك,36.2712232125,43.6367033223,630.0,3780.0,0.0,0.0,0.0,0.0,0.0,0.0,0.0,0.0,0.0,0.0,0.0,0.0,630.0,0.0,0.0,0.0,0.0,0.0,0.0,69.0,0.0,0.0,0.0,0.0,0.0,0.0,543.0,0.0,0.0,543.0,0.0,0.0,0.0,0.0,18.0,0.0,0.0,18.0,0.0,0.0,290.0,0.0,338.0,290.0,0.0,338.0,0.0,0.0,0.0,0.0,0.0,0.0,2.0,0.0,2.0,0.0,"Dec 31, 2018"
1980,2701013.0,17142.0,Ninewa,Akre,Kani Lan,كاني لان,36.4939261958,43.5288413727,25.0,150.0,0.0,0.0,0.0,0.0,0.0,0.0,0.0,0.0,0.0,0.0,0.0,0.0,25.0,0.0,0.0,0.0,0.0,0.0,0.0,5.0,0.0,0.0,0.0,0.0,0.0,0.0,19.0,0.0,0.0,19.0,0.0,0.0,0.0,0.0,1.0,0.0,0.0,1.0,0.0,0.0,12.0,0.0,13.0,12.0,0.0,13.0,0.0,0.0,0.0,0.0,0.0,0.0,0.0,0.0,0.0,0.0,"Dec 31, 2018"
1981,2701014.0,17012.0,Ninewa,Akre,Khalilkan,خليلكان,36.6869242848,43.6264887082,68.0,408.0,0.0,0.0,0.0,0.0,0.0,0.0,0.0,0.0,0.0,0.0,0.0,0.0,68.0,0.0,0.0,0.0,0.0,0.0,0.0,68.0,0.0,0.0,0.0,0.0,0.0,0.0,0.0,0.0,0.0,0.0,0.0,0.0,0.0,0.0,0.0,0.0,0.0,0.0,0.0,0.0,0.0,0.0,20.0,0.0,0.0,20.0,0.0,0.0,0.0,0.0,0.0,0.0,48.0,0.0,48.0,0.0,"Dec 31, 2018"
1982,2701015.0,17272.0,Ninewa,Akre,Mamilian,مخيم مامليان,36.6893367648,43.7995407716,324.0,1944.0,0.0,0.0,0.0,0.0,0.0,0.0,0.0,0.0,0.0,0.0,0.0,0.0,324.0,0.0,0.0,0.0,0.0,0.0,324.0,0.0,0.0,0.0,0.0,0.0,0.0,0.0,0.0,0.0,0.0,0.0,0.0,0.0,0.0,0.0,0.0,0.0,0.0,0.0,0.0,0.0,15.0,0.0,309.0,15.0,0.0,309.0,0.0,0.0,0.0,0.0,0.0,0.0,0.0,0.0,0.0,0.0,"Dec 31, 2018"
1983,2701016.0,17293.0,Ninewa,Akre,Mam Wa Zina,مم و زينا,36.5449209105,43.619582556,5.0,30.0,0.0,0.0,0.0,0.0,0.0,0.0,0.0,0.0,0.0,0.0,0.0,0.0,5.0,0.0,0.0,0.0,0.0,0.0,0.0,5.0,0.0,0.0,0.0,0.0,0.0,0.0,0.0,0.0,0.0,0.0,0.0,0.0,0.0,0.0,0.0,0.0,0.0,0.0,0.0,0.0,4.0,0.0,1.0,4.0,0.0,1.0,0.0,0.0,0.0,0.0,0.0,0.0,0.0,0.0,0.0,0.0,"Dec 31, 2018"
1984,2701017.0,24580.0,Ninewa,Akre,Roviya,روفيا,36.6180422219,43.7012026489,677.0,4062.0,0.0,0.0,0.0,0.0,0.0,0.0,0.0,0.0,0.0,0.0,0.0,0.0,677.0,0.0,0.0,0.0,0.0,0.0,0.0,349.0,0.0,0.0,0.0,0.0,0.0,0.0,323.0,0.0,0.0,323.0,0.0,0.0,0.0,0.0,5.0,0.0,0.0,5.0,0.0,0.0,449.0,0.0,208.0,449.0,0.0,208.0,0.0,0.0,0.0,0.0,0.0,0.0,20.0,0.0,20.0,0.0,"Dec 31, 2018"
1985,2701018.0,18162.0,Ninewa,Akre,Zawi Rash,زوي رش,36.5132553389,43.5718517771,11.0,66.0,0.0,0.0,0.0,0.0,0.0,0.0,0.0,0.0,0.0,0.0,0.0,0.0,11.0,0.0,0.0,0.0,0.0,0.0,0.0,2.0,0.0,0.0,0.0,0.0,0.0,0.0,8.0,0.0,0.0,8.0,0.0,0.0,0.0,0.0,1.0,0.0,0.0,1.0,0.0,0.0,3.0,0.0,8.0,3.0,0.0,8.0,0.0,0.0,0.0,0.0,0.0,0.0,0.0,0.0,0.0,0.0,"Dec 31, 2018"
1986,2701019.0,17147.0,Ninewa,Akre,Zimzimuk,زمزموك,36.4950190687,43.6226714588,22.0,132.0,0.0,0.0,0.0,0.0,0.0,0.0,0.0,0.0,0.0,0.0,0.0,0.0,22.0,0.0,0.0,0.0,0.0,0.0,0.0,5.0,0.0,0.0,0.0,0.0,0.0,0.0,15.0,0.0,0.0,15.0,0.0,0.0,0.0,0.0,2.0,0.0,0.0,2.0,0.0,0.0,9.0,0.0,13.0,9.0,0.0,13.0,0.0,0.0,0.0,0.0,0.0,0.0,0.0,0.0,0.0,0.0,"Dec 31, 2018"
1987,2701025.0,29571.0,Ninewa,Akre,Bardarash Bchok,بردرش بجوك,36.5030129173,43.5713345682,43.0,258.0,0.0,0.0,0.0,0.0,0.0,0.0,0.0,0.0,0.0,0.0,0.0,0.0,43.0,0.0,0.0,0.0,0.0,0.0,0.0,9.0,0.0,0.0,0.0,0.0,0.0,0.0,34.0,0.0,0.0,34.0,0.0,0.0,0.0,0.0,0.0,0.0,0.0,0.0,0.0,0.0,24.0,0.0,19.0,24.0,0.0,19.0,0.0,0.0,0.0,0.0,0.0,0.0,0.0,0.0,0.0,0.0,"Dec 31, 2018"
1988,2701026.0,18223.0,Ninewa,Akre,Gawilan,كويلان,36.35067904,43.6504364381,2.0,12.0,0.0,0.0,0.0,0.0,0.0,0.0,0.0,0.0,0.0,0.0,0.0,0.0,2.0,0.0,0.0,0.0,0.0,0.0,0.0,2.0,0.0,0.0,0.0,0.0,0.0,0.0,0.0,0.0,0.0,0.0,0.0,0.0,0.0,0.0,0.0,0.0,0.0,0.0,0.0,0.0,2.0,0.0,0.0,2.0,0.0,0.0,0.0,0.0,0.0,0.0,0.0,0.0,0.0,0.0,0.0,0.0,"Dec 31, 2018"
1989,2701027.0,8777.0,Ninewa,Akre,Big Dogondan,دوكندان كبيرة,36.4834126633,43.690311217,2.0,12.0,0.0,0.0,0.0,0.0,0.0,0.0,0.0,0.0,0.0,0.0,0.0,0.0,2.0,0.0,0.0,0.0,0.0,0.0,0.0,2.0,0.0,0.0,0.0,0.0,0.0,0.0,0.0,0.0,0.0,0.0,0.0,0.0,0.0,0.0,0.0,0.0,0.0,0.0,0.0,0.0,2.0,0.0,0.0,2.0,0.0,0.0,0.0,0.0,0.0,0.0,0.0,0.0,0.0,0.0,0.0,0.0,"Dec 31, 2018"
1990,2701028.0,8780.0,Ninewa,Akre,Zanganan,زنكنان,36.4883010909,43.6619738816,21.0,126.0,0.0,0.0,0.0,0.0,0.0,0.0,0.0,0.0,0.0,0.0,0.0,0.0,21.0,0.0,0.0,0.0,0.0,0.0,0.0,11.0,0.0,0.0,0.0,0.0,0.0,0.0,0.0,0.0,0.0,0.0,0.0,0.0,0.0,0.0,10.0,0.0,0.0,10.0,0.0,0.0,21.0,0.0,0.0,21.0,0.0,0.0,0.0,0.0,0.0,0.0,0.0,0.0,0.0,0.0,0.0,0.0,"Dec 31, 2018"
1991,2701029.0,29605.0,Ninewa,Akre,Kawnapak,كوناباك,36.4927477612,43.6416518071,1.0,6.0,0.0,0.0,0.0,0.0,0.0,0.0,0.0,0.0,0.0,0.0,0.0,0.0,1.0,0.0,0.0,0.0,0.0,0.0,0.0,1.0,0.0,0.0,0.0,0.0,0.0,0.0,0.0,0.0,0.0,0.0,0.0,0.0,0.0,0.0,0.0,0.0,0.0,0.0,0.0,0.0,0.0,0.0,1.0,0.0,0.0,1.0,0.0,0.0,0.0,0.0,0.0,0.0,0.0,0.0,0.0,0.0,"Dec 31, 2018"
1992,2701030.0,29625.0,Ninewa,Akre,Gawrasoor,كورا صور,36.292342563,43.6486705026,15.0,90.0,0.0,0.0,0.0,0.0,0.0,0.0,0.0,0.0,0.0,0.0,0.0,0.0,15.0,0.0,0.0,0.0,0.0,0.0,0.0,12.0,0.0,0.0,0.0,0.0,0.0,0.0,3.0,0.0,0.0,3.0,0.0,0.0,0.0,0.0,0.0,0.0,0.0,0.0,0.0,0.0,0.0,0.0,15.0,0.0,0.0,15.0,0.0,0.0,0.0,0.0,0.0,0.0,0.0,0.0,0.0,0.0,"Dec 31, 2018"
1993,2701031.0,17096.0,Ninewa,Akre,Ismawa,ايسماوة,36.5612918777,43.5686426838,13.0,78.0,0.0,0.0,0.0,0.0,0.0,0.0,0.0,0.0,0.0,0.0,0.0,0.0,13.0,0.0,0.0,0.0,0.0,0.0,0.0,9.0,0.0,0.0,0.0,0.0,0.0,0.0,4.0,0.0,0.0,4.0,0.0,0.0,0.0,0.0,0.0,0.0,0.0,0.0,0.0,0.0,3.0,0.0,10.0,3.0,0.0,10.0,0.0,0.0,0.0,0.0,0.0,0.0,0.0,0.0,0.0,0.0,"Dec 31, 2018"
1994,2701032.0,17323.0,Ninewa,Akre,Big Topzawa,توبزاوة كبيرة,36.5633250937,43.7597465161,1.0,6.0,0.0,0.0,0.0,0.0,0.0,0.0,0.0,0.0,0.0,0.0,0.0,0.0,1.0,0.0,0.0,0.0,0.0,0.0,0.0,1.0,0.0,0.0,0.0,0.0,0.0,0.0,0.0,0.0,0.0,0.0,0.0,0.0,0.0,0.0,0.0,0.0,0.0,0.0,0.0,0.0,0.0,0.0,1.0,0.0,0.0,1.0,0.0,0.0,0.0,0.0,0.0,0.0,0.0,0.0,0.0,0.0,"Dec 31, 2018"
1995,2701033.0,29626.0,Ninewa,Akre,Husseini,حسيني,36.641600932,43.5802821867,14.0,84.0,0.0,0.0,0.0,0.0,0.0,0.0,0.0,0.0,0.0,0.0,0.0,0.0,14.0,0.0,0.0,0.0,0.0,0.0,0.0,7.0,0.0,0.0,0.0,0.0,0.0,0.0,7.0,0.0,0.0,7.0,0.0,0.0,0.0,0.0,0.0,0.0,0.0,0.0,0.0,0.0,4.0,0.0,10.0,4.0,0.0,10.0,0.0,0.0,0.0,0.0,0.0,0.0,0.0,0.0,0.0,0.0,"Dec 31, 2018"
1996,2701034.0,29627.0,Ninewa,Akre,Yakmala,يكمالا,36.6529035709,43.7261300027,45.0,270.0,0.0,0.0,0.0,0.0,0.0,0.0,0.0,0.0,0.0,0.0,0.0,0.0,45.0,0.0,0.0,0.0,0.0,0.0,0.0,17.0,0.0,0.0,0.0,0.0,0.0,0.0,27.0,0.0,0.0,27.0,0.0,0.0,0.0,0.0,1.0,0.0,0.0,1.0,0.0,0.0,18.0,0.0,27.0,18.0,0.0,27.0,0.0,0.0,0.0,0.0,0.0,0.0,0.0,0.0,0.0,0.0,"Dec 31, 2018"
1997,2701035.0,33475.0,Ninewa,Akre,Zangal,زنكل,36.2335430267,43.6079928362,48.0,288.0,0.0,0.0,0.0,0.0,0.0,0.0,0.0,0.0,0.0,0.0,0.0,0.0,48.0,0.0,0.0,0.0,0.0,0.0,0.0,41.0,0.0,0.0,0.0,0.0,0.0,0.0,5.0,0.0,0.0,5.0,0.0,0.0,0.0,0.0,2.0,0.0,0.0,2.0,0.0,0.0,0.0,0.0,47.0,0.0,0.0,47.0,0.0,0.0,0.0,0.0,0.0,0.0,1.0,0.0,1.0,0.0,"Dec 31, 2018"
1998,2703017.0,17995.0,Ninewa,Al-Hamdaniya,Al-Adla Village,قرية العدلة,36.027476218,43.40668491,5.0,30.0,0.0,0.0,0.0,0.0,0.0,0.0,0.0,0.0,0.0,0.0,0.0,0.0,5.0,0.0,0.0,0.0,0.0,0.0,0.0,5.0,0.0,0.0,0.0,0.0,0.0,0.0,0.0,0.0,0.0,0.0,0.0,0.0,0.0,0.0,0.0,0.0,0.0,0.0,0.0,0.0,0.0,0.0,0.0,0.0,0.0,0.0,0.0,0.0,0.0,0.0,5.0,0.0,0.0,5.0,0.0,0.0,"Dec 31, 2018"
1999,2703018.0,29643.0,Ninewa,Al-Hamdaniya,Ibrahim Alkhalil Village,قرية ابراهيم الخليل,36.0356161499,43.4348176686,5.0,30.0,0.0,0.0,0.0,0.0,0.0,0.0,0.0,0.0,0.0,0.0,0.0,0.0,5.0,0.0,0.0,0.0,0.0,0.0,0.0,5.0,0.0,0.0,0.0,0.0,0.0,0.0,0.0,0.0,0.0,0.0,0.0,0.0,0.0,0.0,0.0,0.0,0.0,0.0,0.0,0.0,0.0,0.0,0.0,0.0,0.0,0.0,0.0,0.0,0.0,0.0,5.0,0.0,0.0,5.0,0.0,0.0,"Dec 31, 2018"
2000,2703019.0,29645.0,Ninewa,Al-Hamdaniya,Khazer M1,مخيم الخازر M1,36.3035319,43.5432609,1382.0,8292.0,0.0,0.0,0.0,0.0,0.0,0.0,0.0,0.0,0.0,0.0,0.0,0.0,1382.0,0.0,0.0,0.0,0.0,0.0,1382.0,0.0,0.0,0.0,0.0,0.0,0.0,0.0,0.0,0.0,0.0,0.0,0.0,0.0,0.0,0.0,0.0,0.0,0.0,0.0,0.0,0.0,0.0,0.0,0.0,0.0,0.0,0.0,0.0,0.0,0.0,0.0,1132.0,0.0,250.0,1132.0,250.0,0.0,"Dec 31, 2018"
2001,2703020.0,29647.0,Ninewa,Al-Hamdaniya,Hasansham U3,مخيم حسن شامي U3,36.3238291,43.5398114,1100.0,6600.0,0.0,0.0,0.0,0.0,0.0,0.0,0.0,0.0,0.0,0.0,0.0,0.0,1100.0,0.0,0.0,0.0,0.0,0.0,1100.0,0.0,0.0,0.0,0.0,0.0,0.0,0.0,0.0,0.0,0.0,0.0,0.0,0.0,0.0,0.0,0.0,0.0,0.0,0.0,0.0,0.0,0.0,0.0,0.0,0.0,0.0,0.0,0.0,0.0,0.0,0.0,900.0,0.0,200.0,900.0,200.0,0.0,"Dec 31, 2018"
2002,2703032.0,31744.0,Ninewa,Al-Hamdaniya,Hasansham U2,مخيم حسن شامي U2,36.3096076795,43.5259214154,935.0,5610.0,0.0,0.0,0.0,0.0,0.0,0.0,0.0,0.0,0.0,0.0,0.0,0.0,935.0,0.0,0.0,0.0,0.0,0.0,935.0,0.0,0.0,0.0,0.0,0.0,0.0,0.0,0.0,0.0,0.0,0.0,0.0,0.0,0.0,0.0,0.0,0.0,0.0,0.0,0.0,0.0,0.0,0.0,0.0,0.0,0.0,0.0,0.0,0.0,0.0,0.0,735.0,0.0,200.0,735.0,200.0,0.0,"Dec 31, 2018"
2003,2703034.0,31774.0,Ninewa,Al-Hamdaniya,As Salamyiah 1,مخيم السلامية 1,36.1584103107,43.3282816432,1400.0,8400.0,0.0,0.0,0.0,0.0,0.0,0.0,0.0,0.0,0.0,0.0,0.0,0.0,1400.0,0.0,0.0,0.0,0.0,0.0,1400.0,0.0,0.0,0.0,0.0,0.0,0.0,0.0,0.0,0.0,0.0,0.0,0.0,0.0,0.0,0.0,0.0,0.0,0.0,0.0,0.0,0.0,0.0,0.0,0.0,0.0,0.0,0.0,0.0,0.0,0.0,0.0,1200.0,0.0,200.0,1200.0,200.0,0.0,"Dec 31, 2018"
2004,2703036.0,31781.0,Ninewa,Al-Hamdaniya,As Salamyiah 2,مخيم السلامية 2,36.1517551,43.3291025,3847.0,23082.0,0.0,0.0,0.0,0.0,0.0,0.0,0.0,0.0,0.0,0.0,0.0,0.0,3847.0,0.0,0.0,0.0,0.0,0.0,3847.0,0.0,0.0,0.0,0.0,0.0,0.0,0.0,0.0,0.0,0.0,0.0,0.0,0.0,0.0,0.0,0.0,0.0,0.0,0.0,0.0,0.0,0.0,0.0,0.0,0.0,0.0,0.0,0.0,0.0,0.0,0.0,3597.0,0.0,250.0,3597.0,250.0,0.0,"Dec 31, 2018"
2005,2703038.0,17903.0,Ninewa,Al-Hamdaniya,Al-Salamiyah Village,قرية السلامية,36.1446720243,43.3109665914,25.0,150.0,0.0,0.0,0.0,0.0,0.0,0.0,0.0,0.0,0.0,0.0,0.0,0.0,25.0,0.0,0.0,0.0,0.0,0.0,0.0,25.0,0.0,0.0,0.0,0.0,0.0,0.0,0.0,0.0,0.0,0.0,0.0,0.0,0.0,0.0,0.0,0.0,0.0,0.0,0.0,0.0,0.0,0.0,0.0,0.0,0.0,0.0,0.0,0.0,0.0,0.0,25.0,0.0,0.0,25.0,0.0,0.0,"Dec 31, 2018"
2006,2703046.0,32054.0,Ninewa,Al-Hamdaniya,As Salamyiah Nimrud,مخيم السلامية نمرود,36.1141295165,43.3202984393,693.0,4158.0,0.0,0.0,0.0,0.0,0.0,0.0,0.0,0.0,0.0,0.0,0.0,0.0,693.0,0.0,0.0,0.0,0.0,0.0,693.0,0.0,0.0,0.0,0.0,0.0,0.0,0.0,0.0,0.0,0.0,0.0,0.0,0.0,0.0,0.0,0.0,0.0,0.0,0.0,0.0,0.0,0.0,0.0,0.0,0.0,0.0,0.0,0.0,0.0,0.0,0.0,693.0,0.0,0.0,693.0,0.0,0.0,"Dec 31, 2018"
2007,2704001.0,17338.0,Ninewa,Al-Shikhan,Atrush,أتروش,36.8377966022,43.3337338667,110.0,660.0,0.0,0.0,0.0,0.0,0.0,0.0,0.0,0.0,0.0,0.0,0.0,0.0,110.0,0.0,0.0,0.0,0.0,0.0,0.0,88.0,0.0,0.0,0.0,0.0,0.0,0.0,19.0,0.0,0.0,19.0,0.0,0.0,0.0,0.0,3.0,0.0,0.0,3.0,0.0,0.0,46.0,0.0,64.0,46.0,0.0,64.0,0.0,0.0,0.0,0.0,0.0,0.0,0.0,0.0,0.0,0.0,"Dec 31, 2018"
2008,2704002.0,17752.0,Ninewa,Al-Shikhan,Baadre,باعدري,36.7234298377,43.2520512595,685.0,4110.0,0.0,0.0,0.0,0.0,0.0,0.0,0.0,0.0,0.0,0.0,0.0,0.0,685.0,0.0,0.0,0.0,0.0,0.0,0.0,292.0,0.0,0.0,0.0,0.0,0.0,0.0,183.0,0.0,0.0,183.0,0.0,0.0,0.0,0.0,210.0,0.0,0.0,210.0,0.0,0.0,11.0,0.0,667.0,11.0,0.0,667.0,0.0,0.0,0.0,0.0,0.0,0.0,7.0,0.0,7.0,0.0,"Dec 31, 2018"
2009,2704004.0,18294.0,Ninewa,Al-Shikhan,Berstik,بيرستيك,36.7044151264,43.3211574844,69.0,414.0,0.0,0.0,0.0,0.0,0.0,0.0,0.0,0.0,0.0,0.0,0.0,0.0,69.0,0.0,0.0,0.0,0.0,0.0,0.0,16.0,0.0,0.0,0.0,0.0,0.0,0.0,1.0,0.0,0.0,1.0,0.0,0.0,0.0,0.0,52.0,0.0,0.0,52.0,0.0,0.0,0.0,0.0,69.0,0.0,0.0,69.0,0.0,0.0,0.0,0.0,0.0,0.0,0.0,0.0,0.0,0.0,"Dec 31, 2018"
2010,2704005.0,18265.0,Ninewa,Al-Shikhan,Betnar,بيتنار,36.6500200434,43.3812984365,16.0,96.0,0.0,0.0,0.0,0.0,0.0,0.0,0.0,0.0,0.0,0.0,0.0,0.0,16.0,0.0,0.0,0.0,0.0,0.0,0.0,1.0,0.0,0.0,0.0,0.0,0.0,0.0,0.0,0.0,0.0,0.0,0.0,0.0,0.0,0.0,15.0,0.0,0.0,15.0,0.0,0.0,0.0,0.0,16.0,0.0,0.0,16.0,0.0,0.0,0.0,0.0,0.0,0.0,0.0,0.0,0.0,0.0,"Dec 31, 2018"
2011,2704006.0,21008.0,Ninewa,Al-Shikhan,Chira,جرة,36.6406650692,43.5248635281,190.0,1140.0,1.0,0.0,0.0,0.0,0.0,0.0,0.0,0.0,0.0,0.0,0.0,0.0,189.0,0.0,0.0,0.0,0.0,0.0,0.0,61.0,0.0,0.0,0.0,0.0,0.0,0.0,115.0,0.0,0.0,115.0,0.0,0.0,0.0,0.0,14.0,0.0,0.0,14.0,1.0,0.0,130.0,1.0,59.0,130.0,0.0,59.0,0.0,0.0,0.0,0.0,0.0,0.0,0.0,0.0,0.0,0.0,"Dec 31, 2018"
2012,2704007.0,25945.0,Ninewa,Al-Shikhan,Esiyan Village,قرية ايسيان,36.7148436018,43.2944862132,145.0,870.0,0.0,0.0,0.0,0.0,0.0,0.0,0.0,0.0,0.0,0.0,0.0,0.0,145.0,0.0,0.0,0.0,0.0,0.0,0.0,12.0,0.0,0.0,0.0,0.0,0.0,0.0,11.0,0.0,0.0,11.0,0.0,0.0,0.0,0.0,122.0,0.0,0.0,122.0,0.0,0.0,0.0,0.0,145.0,0.0,0.0,145.0,0.0,0.0,0.0,0.0,0.0,0.0,0.0,0.0,0.0,0.0,"Dec 31, 2018"
2013,2704008.0,24796.0,Ninewa,Al-Shikhan,Essian,مخيم ايسيان,36.7224078231,43.2672863797,2721.0,16326.0,0.0,0.0,0.0,0.0,0.0,0.0,0.0,0.0,0.0,0.0,0.0,0.0,2721.0,0.0,0.0,0.0,0.0,0.0,2721.0,0.0,0.0,0.0,0.0,0.0,0.0,0.0,0.0,0.0,0.0,0.0,0.0,0.0,0.0,0.0,0.0,0.0,0.0,0.0,0.0,0.0,0.0,0.0,2694.0,0.0,0.0,2694.0,0.0,0.0,0.0,0.0,0.0,0.0,27.0,0.0,27.0,0.0,"Dec 31, 2018"
2014,2704009.0,18213.0,Ninewa,Al-Shikhan,Lalish,لالش,36.7721760605,43.3041989708,5.0,30.0,0.0,0.0,0.0,0.0,0.0,0.0,0.0,0.0,0.0,0.0,0.0,0.0,5.0,0.0,0.0,0.0,0.0,0.0,0.0,0.0,0.0,0.0,0.0,0.0,0.0,5.0,0.0,5.0,0.0,0.0,0.0,0.0,0.0,0.0,0.0,0.0,0.0,0.0,0.0,0.0,0.0,0.0,5.0,0.0,0.0,5.0,0.0,0.0,0.0,0.0,0.0,0.0,0.0,0.0,0.0,0.0,"Dec 31, 2018"
2015,2704011.0,18058.0,Ninewa,Al-Shikhan,Kalakchi,كلكجي,36.5880967912,43.5262760124,309.0,1854.0,0.0,0.0,0.0,0.0,0.0,0.0,0.0,0.0,0.0,0.0,0.0,0.0,309.0,0.0,0.0,0.0,0.0,0.0,0.0,46.0,0.0,0.0,0.0,0.0,0.0,0.0,261.0,0.0,0.0,261.0,0.0,0.0,0.0,0.0,2.0,0.0,0.0,2.0,0.0,0.0,253.0,0.0,55.0,253.0,0.0,55.0,0.0,0.0,0.0,0.0,0.0,0.0,1.0,0.0,1.0,0.0,"Dec 31, 2018"
2016,2704012.0,17535.0,Ninewa,Al-Shikhan,Mahad,مهد,36.6466696159,43.414726435,245.0,1470.0,0.0,0.0,0.0,0.0,0.0,0.0,0.0,0.0,0.0,0.0,0.0,0.0,245.0,0.0,0.0,0.0,0.0,0.0,0.0,140.0,0.0,0.0,0.0,0.0,0.0,0.0,17.0,0.0,0.0,17.0,0.0,0.0,0.0,0.0,88.0,0.0,0.0,88.0,0.0,0.0,0.0,0.0,245.0,0.0,0.0,245.0,0.0,0.0,0.0,0.0,0.0,0.0,0.0,0.0,0.0,0.0,"Dec 31, 2018"
2017,2704013.0,17532.0,Ninewa,Al-Shikhan,Mamrashan,مام رشان,36.6662661912,43.4244916337,24.0,144.0,0.0,0.0,0.0,0.0,0.0,0.0,0.0,0.0,0.0,0.0,0.0,0.0,24.0,0.0,0.0,0.0,0.0,0.0,0.0,13.0,0.0,0.0,0.0,0.0,0.0,0.0,0.0,0.0,0.0,0.0,0.0,0.0,0.0,0.0,11.0,0.0,0.0,11.0,0.0,0.0,0.0,0.0,24.0,0.0,0.0,24.0,0.0,0.0,0.0,0.0,0.0,0.0,0.0,0.0,0.0,0.0,"Dec 31, 2018"
2018,2704015.0,18199.0,Ninewa,Al-Shikhan,Qasrok,قسروك,36.6997388584,43.5970093704,296.0,1776.0,0.0,0.0,0.0,0.0,0.0,0.0,0.0,0.0,0.0,0.0,0.0,0.0,296.0,0.0,0.0,0.0,0.0,0.0,0.0,112.0,0.0,0.0,0.0,0.0,0.0,0.0,178.0,0.0,0.0,178.0,0.0,0.0,0.0,0.0,6.0,0.0,0.0,6.0,0.0,0.0,184.0,0.0,112.0,184.0,0.0,112.0,0.0,0.0,0.0,0.0,0.0,0.0,0.0,0.0,0.0,0.0,"Dec 31, 2018"
2019,2704016.0,17333.0,Ninewa,Al-Shikhan,Shekhan,شيخان,36.6858503241,43.3471432572,1606.0,9636.0,0.0,0.0,0.0,0.0,0.0,0.0,0.0,0.0,0.0,0.0,0.0,0.0,1606.0,0.0,0.0,0.0,0.0,0.0,0.0,470.0,0.0,0.0,0.0,0.0,0.0,0.0,794.0,0.0,0.0,794.0,0.0,0.0,0.0,0.0,342.0,0.0,0.0,342.0,0.0,0.0,698.0,0.0,826.0,698.0,0.0,826.0,0.0,0.0,0.0,0.0,15.0,0.0,67.0,15.0,67.0,0.0,"Dec 31, 2018"
2020,2704017.0,25817.0,Ninewa,Al-Shikhan,Sheikhan,مخيم شيخان,36.6702454552,43.3421409459,856.0,5136.0,0.0,0.0,0.0,0.0,0.0,0.0,0.0,0.0,0.0,0.0,0.0,0.0,856.0,0.0,0.0,0.0,0.0,0.0,856.0,0.0,0.0,0.0,0.0,0.0,0.0,0.0,0.0,0.0,0.0,0.0,0.0,0.0,0.0,0.0,0.0,0.0,0.0,0.0,0.0,0.0,0.0,0.0,856.0,0.0,0.0,856.0,0.0,0.0,0.0,0.0,0.0,0.0,0.0,0.0,0.0,0.0,"Dec 31, 2018"
2021,2704018.0,17981.0,Ninewa,Al-Shikhan,Zelkan,زيلكان,36.5727011714,43.3696493816,60.0,360.0,0.0,0.0,0.0,0.0,0.0,0.0,0.0,0.0,0.0,0.0,0.0,0.0,60.0,0.0,0.0,0.0,0.0,0.0,0.0,32.0,0.0,0.0,0.0,0.0,0.0,0.0,0.0,0.0,0.0,0.0,0.0,0.0,0.0,0.0,28.0,0.0,0.0,28.0,0.0,0.0,50.0,0.0,8.0,50.0,0.0,8.0,2.0,0.0,0.0,2.0,0.0,0.0,0.0,0.0,0.0,0.0,"Dec 31, 2018"
2022,2704024.0,27230.0,Ninewa,Al-Shikhan,Mamrashan,مخيم مام رشان,36.6712959652,43.4350329328,1696.0,10176.0,0.0,0.0,0.0,0.0,0.0,0.0,0.0,0.0,0.0,0.0,0.0,0.0,1696.0,0.0,0.0,0.0,0.0,0.0,1696.0,0.0,0.0,0.0,0.0,0.0,0.0,0.0,0.0,0.0,0.0,0.0,0.0,0.0,0.0,0.0,0.0,0.0,0.0,0.0,0.0,0.0,0.0,0.0,1696.0,0.0,0.0,1696.0,0.0,0.0,0.0,0.0,0.0,0.0,0.0,0.0,0.0,0.0,"Dec 31, 2018"
2023,2704025.0,16949.0,Ninewa,Al-Shikhan,Mlkishan,ملكيشان,36.805776101,43.5126400462,6.0,36.0,0.0,0.0,0.0,0.0,0.0,0.0,0.0,0.0,0.0,0.0,0.0,0.0,6.0,0.0,0.0,0.0,0.0,0.0,0.0,6.0,0.0,0.0,0.0,0.0,0.0,0.0,0.0,0.0,0.0,0.0,0.0,0.0,0.0,0.0,0.0,0.0,0.0,0.0,0.0,0.0,0.0,0.0,6.0,0.0,0.0,6.0,0.0,0.0,0.0,0.0,0.0,0.0,0.0,0.0,0.0,0.0,"Dec 31, 2018"
2024,2704026.0,18246.0,Ninewa,Al-Shikhan,Doshvan,دوشفان,36.6606351721,43.3017532252,2.0,12.0,0.0,0.0,0.0,0.0,0.0,0.0,0.0,0.0,0.0,0.0,0.0,0.0,2.0,0.0,0.0,0.0,0.0,0.0,0.0,2.0,0.0,0.0,0.0,0.0,0.0,0.0,0.0,0.0,0.0,0.0,0.0,0.0,0.0,0.0,0.0,0.0,0.0,0.0,0.0,0.0,0.0,0.0,2.0,0.0,0.0,2.0,0.0,0.0,0.0,0.0,0.0,0.0,0.0,0.0,0.0,0.0,"Dec 31, 2018"
2025,2704027.0,18251.0,Ninewa,Al-Shikhan,Almaman,آلممان,36.664052961,43.268486276,15.0,90.0,0.0,0.0,0.0,0.0,0.0,0.0,0.0,0.0,0.0,0.0,0.0,0.0,15.0,0.0,0.0,0.0,0.0,0.0,0.0,0.0,0.0,0.0,0.0,0.0,0.0,0.0,0.0,0.0,0.0,0.0,0.0,0.0,0.0,0.0,15.0,0.0,0.0,15.0,0.0,0.0,0.0,0.0,15.0,0.0,0.0,15.0,0.0,0.0,0.0,0.0,0.0,0.0,0.0,0.0,0.0,0.0,"Dec 31, 2018"
2026,2704029.0,29608.0,Ninewa,Al-Shikhan,Bldisha,بلديشا,36.8236,43.334152,3.0,18.0,0.0,0.0,0.0,0.0,0.0,0.0,0.0,0.0,0.0,0.0,0.0,0.0,3.0,0.0,0.0,0.0,0.0,0.0,0.0,0.0,0.0,0.0,0.0,0.0,0.0,0.0,0.0,0.0,0.0,0.0,0.0,0.0,0.0,0.0,3.0,0.0,0.0,3.0,0.0,0.0,0.0,0.0,3.0,0.0,0.0,3.0,0.0,0.0,0.0,0.0,0.0,0.0,0.0,0.0,0.0,0.0,"Dec 31, 2018"
2027,2704030.0,18220.0,Ninewa,Al-Shikhan,Tal Jumal,تل جومل,36.5922323053,43.482506723,13.0,78.0,0.0,0.0,0.0,0.0,0.0,0.0,0.0,0.0,0.0,0.0,0.0,0.0,13.0,0.0,0.0,0.0,0.0,0.0,0.0,0.0,0.0,0.0,0.0,0.0,0.0,0.0,0.0,0.0,0.0,0.0,0.0,0.0,0.0,0.0,13.0,0.0,0.0,13.0,0.0,0.0,3.0,0.0,10.0,3.0,0.0,10.0,0.0,0.0,0.0,0.0,0.0,0.0,0.0,0.0,0.0,0.0,"Dec 31, 2018"
2028,2704031.0,18205.0,Ninewa,Al-Shikhan,New Zinava,زينافا جديدة,36.6033134616,43.5020470637,6.0,36.0,0.0,0.0,0.0,0.0,0.0,0.0,0.0,0.0,0.0,0.0,0.0,0.0,6.0,0.0,0.0,0.0,0.0,0.0,0.0,0.0,0.0,0.0,0.0,0.0,0.0,0.0,0.0,0.0,0.0,0.0,0.0,0.0,0.0,0.0,6.0,0.0,0.0,6.0,0.0,0.0,1.0,0.0,5.0,1.0,0.0,5.0,0.0,0.0,0.0,0.0,0.0,0.0,0.0,0.0,0.0,0.0,"Dec 31, 2018"
2029,2704033.0,29672.0,Ninewa,Al-Shikhan,Pirbob,بيربوب,36.6440537618,43.4691867917,17.0,102.0,0.0,0.0,0.0,0.0,0.0,0.0,0.0,0.0,0.0,0.0,0.0,0.0,17.0,0.0,0.0,0.0,0.0,0.0,0.0,0.0,0.0,0.0,0.0,0.0,0.0,0.0,7.0,0.0,0.0,7.0,0.0,0.0,0.0,0.0,10.0,0.0,0.0,10.0,0.0,0.0,0.0,0.0,17.0,0.0,0.0,17.0,0.0,0.0,0.0,0.0,0.0,0.0,0.0,0.0,0.0,0.0,"Dec 31, 2018"
2030,2705001.0,27271.0,Ninewa,Hatra,Tal abta,تل عبطة,35.94547,42.562155,75.0,450.0,0.0,0.0,0.0,0.0,0.0,0.0,0.0,0.0,0.0,0.0,0.0,0.0,75.0,0.0,0.0,0.0,0.0,0.0,0.0,0.0,0.0,0.0,0.0,0.0,0.0,0.0,75.0,0.0,0.0,75.0,0.0,0.0,0.0,0.0,0.0,0.0,0.0,0.0,0.0,0.0,0.0,0.0,0.0,0.0,0.0,0.0,75.0,0.0,0.0,75.0,0.0,0.0,0.0,0.0,0.0,0.0,"Dec 31, 2018"
2031,2705008.0,33116.0,Ninewa,Hatra,Mmdoh Al-hassan Village,قرية ممدوح الحسان,35.7734598219,42.9719205115,5.0,30.0,0.0,0.0,0.0,0.0,0.0,0.0,0.0,0.0,0.0,0.0,0.0,0.0,5.0,0.0,0.0,0.0,0.0,0.0,0.0,5.0,0.0,0.0,0.0,0.0,0.0,0.0,0.0,0.0,0.0,0.0,0.0,0.0,0.0,0.0,0.0,0.0,0.0,0.0,0.0,0.0,0.0,0.0,0.0,0.0,0.0,0.0,0.0,0.0,0.0,0.0,5.0,0.0,0.0,5.0,0.0,0.0,"Dec 31, 2018"
2032,2705009.0,33114.0,Ninewa,Hatra,Al-Amilah Village,قرية الاميلح,35.7873010263,42.9996429298,10.0,60.0,0.0,0.0,0.0,0.0,0.0,0.0,0.0,0.0,0.0,0.0,0.0,0.0,10.0,0.0,0.0,0.0,0.0,0.0,0.0,10.0,0.0,0.0,0.0,0.0,0.0,0.0,0.0,0.0,0.0,0.0,0.0,0.0,0.0,0.0,0.0,0.0,0.0,0.0,0.0,0.0,0.0,0.0,0.0,0.0,0.0,0.0,0.0,0.0,10.0,0.0,0.0,10.0,0.0,0.0,0.0,0.0,"Dec 31, 2018"
2033,2705010.0,33115.0,Ninewa,Hatra,Zaaziaa Village,قرية زعيزيعة,35.8103603544,43.0230244406,15.0,90.0,0.0,0.0,0.0,0.0,0.0,0.0,0.0,0.0,0.0,0.0,0.0,0.0,15.0,0.0,0.0,0.0,0.0,0.0,0.0,15.0,0.0,0.0,0.0,0.0,0.0,0.0,0.0,0.0,0.0,0.0,0.0,0.0,0.0,0.0,0.0,0.0,0.0,0.0,0.0,0.0,0.0,0.0,0.0,0.0,0.0,0.0,0.0,0.0,0.0,0.0,15.0,0.0,0.0,15.0,0.0,0.0,"Dec 31, 2018"
2034,2705015.0,33163.0,Ninewa,Hatra,Al-rogaae Al-shrqia Village,قرية الركعي الشرقية,35.7170481887,42.9769202233,4.0,24.0,0.0,0.0,0.0,0.0,0.0,0.0,0.0,0.0,0.0,0.0,0.0,0.0,4.0,0.0,0.0,0.0,0.0,0.0,0.0,4.0,0.0,0.0,0.0,0.0,0.0,0.0,0.0,0.0,0.0,0.0,0.0,0.0,0.0,0.0,0.0,0.0,0.0,0.0,0.0,0.0,0.0,0.0,0.0,0.0,0.0,0.0,0.0,0.0,0.0,0.0,4.0,0.0,0.0,4.0,0.0,0.0,"Dec 31, 2018"
2035,2705016.0,33164.0,Ninewa,Hatra,Rmothaniat Al-rdin Village,قرية رمضانيات الردن,35.6170219509,42.9889707021,3.0,18.0,0.0,0.0,0.0,0.0,0.0,0.0,0.0,0.0,0.0,0.0,0.0,0.0,3.0,0.0,0.0,0.0,0.0,0.0,0.0,3.0,0.0,0.0,0.0,0.0,0.0,0.0,0.0,0.0,0.0,0.0,0.0,0.0,0.0,0.0,0.0,0.0,0.0,0.0,0.0,0.0,0.0,0.0,0.0,0.0,0.0,0.0,0.0,0.0,0.0,0.0,3.0,0.0,0.0,3.0,0.0,0.0,"Dec 31, 2018"
2036,2705037.0,23416.0,Ninewa,Hatra,Al-Salhiya village,قرية الصالحية,36.0072820201,42.6048579571,3.0,18.0,0.0,0.0,0.0,0.0,0.0,0.0,0.0,0.0,0.0,0.0,0.0,0.0,3.0,0.0,0.0,0.0,0.0,0.0,0.0,3.0,0.0,0.0,0.0,0.0,0.0,0.0,0.0,0.0,0.0,0.0,0.0,0.0,0.0,0.0,0.0,0.0,0.0,0.0,0.0,0.0,0.0,0.0,0.0,0.0,0.0,0.0,0.0,0.0,0.0,0.0,0.0,0.0,3.0,0.0,3.0,0.0,"Dec 31, 2018"
2037,2705042.0,17126.0,Ninewa,Hatra,Markaz AL-Hatra,مركز الحضر,35.5772251356,42.7318520872,3.0,18.0,0.0,0.0,0.0,0.0,0.0,0.0,0.0,0.0,0.0,0.0,0.0,0.0,3.0,0.0,0.0,0.0,0.0,0.0,0.0,3.0,0.0,0.0,0.0,0.0,0.0,0.0,0.0,0.0,0.0,0.0,0.0,0.0,0.0,0.0,0.0,0.0,0.0,0.0,0.0,0.0,0.0,0.0,0.0,0.0,0.0,0.0,0.0,0.0,0.0,0.0,3.0,0.0,0.0,3.0,0.0,0.0,"Dec 31, 2018"
2038,2706001.0,23930.0,Ninewa,Mosul,Ajhalah village,قرية اجحلة,35.71132,43.30064,7.0,42.0,0.0,0.0,0.0,0.0,0.0,0.0,0.0,0.0,0.0,0.0,0.0,0.0,0.0,0.0,7.0,0.0,0.0,0.0,0.0,7.0,0.0,0.0,0.0,0.0,0.0,0.0,0.0,0.0,0.0,0.0,0.0,0.0,0.0,0.0,0.0,0.0,0.0,0.0,0.0,0.0,0.0,0.0,0.0,0.0,0.0,0.0,0.0,0.0,7.0,0.0,0.0,7.0,0.0,0.0,0.0,0.0,"Dec 31, 2018"
2039,2706003.0,24549.0,Ninewa,Mosul,Al Harmaat,الهرمات,36.3624,43.0716,733.0,4398.0,0.0,0.0,0.0,0.0,0.0,0.0,0.0,0.0,0.0,0.0,0.0,0.0,707.0,0.0,26.0,0.0,0.0,0.0,0.0,55.0,0.0,81.0,0.0,0.0,81.0,25.0,329.0,25.0,0.0,329.0,0.0,0.0,31.0,0.0,172.0,31.0,40.0,172.0,0.0,40.0,0.0,0.0,37.0,0.0,243.0,37.0,310.0,243.0,143.0,310.0,0.0,143.0,0.0,0.0,0.0,0.0,"Dec 31, 2018"
2040,2706004.0,18361.0,Ninewa,Mosul,Al jazaer,حي الجزائر,36.3564398714,43.1670732938,662.0,3972.0,0.0,0.0,0.0,0.0,0.0,0.0,0.0,0.0,0.0,0.0,0.0,0.0,662.0,0.0,0.0,0.0,0.0,0.0,0.0,32.0,0.0,0.0,0.0,0.0,0.0,0.0,630.0,0.0,0.0,630.0,0.0,0.0,0.0,0.0,0.0,0.0,0.0,0.0,0.0,0.0,0.0,0.0,0.0,0.0,0.0,0.0,0.0,0.0,0.0,0.0,662.0,0.0,0.0,662.0,0.0,0.0,"Dec 31, 2018"
2041,2706006.0,18377.0,Ninewa,Mosul,Al rasheediya,الرشيدية,36.403236683,43.0935171026,1511.0,9066.0,0.0,0.0,0.0,0.0,0.0,0.0,0.0,0.0,0.0,0.0,0.0,0.0,1511.0,0.0,0.0,0.0,0.0,0.0,0.0,231.0,0.0,0.0,0.0,0.0,0.0,0.0,1280.0,0.0,0.0,1280.0,0.0,0.0,0.0,0.0,0.0,0.0,0.0,0.0,0.0,0.0,0.0,0.0,0.0,0.0,0.0,0.0,0.0,0.0,0.0,0.0,1511.0,0.0,0.0,1511.0,0.0,0.0,"Dec 31, 2018"
2042,2706010.0,18356.0,Ninewa,Mosul,Al tahreer,التحرير,36.3909444123,43.2044680959,1411.0,8466.0,0.0,0.0,0.0,0.0,0.0,0.0,0.0,0.0,0.0,0.0,0.0,0.0,1411.0,0.0,0.0,0.0,0.0,0.0,0.0,450.0,0.0,0.0,0.0,0.0,0.0,0.0,961.0,0.0,0.0,961.0,0.0,0.0,0.0,0.0,0.0,0.0,0.0,0.0,0.0,0.0,0.0,0.0,0.0,0.0,0.0,0.0,0.0,0.0,0.0,0.0,1411.0,0.0,0.0,1411.0,0.0,0.0,"Dec 31, 2018"
2043,2706011.0,25066.0,Ninewa,Mosul,Al Tanak,التنك,36.341839,43.052996,285.0,1710.0,7.0,0.0,0.0,0.0,0.0,0.0,0.0,0.0,0.0,0.0,0.0,0.0,268.0,0.0,10.0,0.0,0.0,0.0,0.0,51.0,0.0,17.0,0.0,0.0,17.0,0.0,42.0,0.0,0.0,42.0,0.0,0.0,0.0,0.0,121.0,0.0,54.0,121.0,0.0,54.0,0.0,0.0,0.0,0.0,53.0,0.0,82.0,53.0,150.0,82.0,0.0,150.0,0.0,0.0,0.0,0.0,"Dec 31, 2018"
2044,2706012.0,18328.0,Ninewa,Mosul,Al-Akhaa,الاخاء,36.3573743315,43.2034105618,245.0,1470.0,0.0,0.0,0.0,0.0,0.0,0.0,0.0,0.0,0.0,0.0,0.0,0.0,245.0,0.0,0.0,0.0,0.0,0.0,0.0,39.0,0.0,0.0,0.0,0.0,0.0,8.0,186.0,8.0,0.0,186.0,0.0,0.0,0.0,0.0,12.0,0.0,0.0,12.0,0.0,0.0,0.0,0.0,12.0,0.0,0.0,12.0,0.0,0.0,0.0,0.0,233.0,0.0,0.0,233.0,0.0,0.0,"Dec 31, 2018"
2045,2706013.0,18337.0,Ninewa,Mosul,Al-Bareed,حي البريد,36.386359622,43.1781717746,285.0,1710.0,0.0,0.0,0.0,0.0,0.0,0.0,0.0,0.0,0.0,0.0,0.0,0.0,285.0,0.0,0.0,0.0,0.0,0.0,0.0,75.0,0.0,0.0,0.0,0.0,0.0,0.0,210.0,0.0,0.0,210.0,0.0,0.0,0.0,0.0,0.0,0.0,0.0,0.0,0.0,0.0,0.0,0.0,0.0,0.0,0.0,0.0,0.0,0.0,0.0,0.0,285.0,0.0,0.0,285.0,0.0,0.0,"Dec 31, 2018"
2046,2706015.0,18331.0,Ninewa,Mosul,Al-Hadbaa,الحدباء,36.3944150409,43.1514378427,113.0,678.0,0.0,0.0,0.0,0.0,0.0,0.0,0.0,0.0,0.0,0.0,0.0,0.0,113.0,0.0,0.0,0.0,0.0,0.0,0.0,32.0,0.0,0.0,0.0,0.0,0.0,0.0,51.0,0.0,0.0,51.0,0.0,0.0,29.0,0.0,1.0,29.0,0.0,1.0,0.0,0.0,0.0,0.0,8.0,0.0,0.0,8.0,20.0,0.0,0.0,20.0,85.0,0.0,0.0,85.0,0.0,0.0,"Dec 31, 2018"
2047,2706016.0,24738.0,Ninewa,Mosul,Al-Harmat 2,الهرمات الثانية,36.3666,43.0753,135.0,810.0,0.0,0.0,0.0,0.0,0.0,0.0,0.0,0.0,0.0,0.0,0.0,0.0,135.0,0.0,0.0,0.0,0.0,0.0,0.0,15.0,0.0,0.0,0.0,0.0,0.0,0.0,0.0,0.0,0.0,0.0,0.0,0.0,0.0,0.0,100.0,0.0,20.0,100.0,0.0,20.0,0.0,0.0,0.0,0.0,100.0,0.0,20.0,100.0,15.0,20.0,0.0,15.0,0.0,0.0,0.0,0.0,"Dec 31, 2018"
2048,2706017.0,18339.0,Ninewa,Mosul,Al-Karamah,الكرامة,36.3443403167,43.2139333382,905.0,5430.0,0.0,0.0,0.0,0.0,0.0,0.0,0.0,0.0,0.0,0.0,0.0,0.0,905.0,0.0,0.0,0.0,0.0,0.0,0.0,350.0,0.0,0.0,0.0,0.0,0.0,0.0,538.0,0.0,0.0,538.0,0.0,0.0,10.0,0.0,7.0,10.0,0.0,7.0,0.0,0.0,0.0,0.0,0.0,0.0,0.0,0.0,0.0,0.0,0.0,0.0,905.0,0.0,0.0,905.0,0.0,0.0,"Dec 31, 2018"
2049,2706018.0,18369.0,Ninewa,Mosul,Al-Khadraa,الخضراء,36.3568907866,43.2227368037,572.0,3432.0,0.0,0.0,0.0,0.0,0.0,0.0,0.0,0.0,0.0,0.0,0.0,0.0,572.0,0.0,0.0,0.0,0.0,0.0,0.0,190.0,0.0,0.0,0.0,0.0,0.0,0.0,375.0,0.0,0.0,375.0,0.0,0.0,7.0,0.0,0.0,7.0,0.0,0.0,0.0,0.0,0.0,0.0,0.0,0.0,0.0,0.0,0.0,0.0,0.0,0.0,572.0,0.0,0.0,572.0,0.0,0.0,"Dec 31, 2018"
2050,2706020.0,18346.0,Ninewa,Mosul,Al-Maamon,المامون,36.3088201342,43.1085432806,460.0,2760.0,0.0,0.0,0.0,0.0,0.0,0.0,0.0,0.0,0.0,0.0,0.0,0.0,460.0,0.0,0.0,0.0,0.0,0.0,0.0,0.0,0.0,0.0,0.0,0.0,0.0,0.0,460.0,0.0,0.0,460.0,0.0,0.0,0.0,0.0,0.0,0.0,0.0,0.0,0.0,0.0,0.0,0.0,0.0,0.0,0.0,0.0,150.0,0.0,0.0,150.0,310.0,0.0,0.0,310.0,0.0,0.0,"Dec 31, 2018"
2051,2706021.0,18375.0,Ninewa,Mosul,Al-Mansour,المنصور,36.3208689806,43.1141897485,140.0,840.0,0.0,0.0,0.0,0.0,0.0,0.0,0.0,0.0,0.0,0.0,0.0,0.0,140.0,0.0,0.0,0.0,0.0,0.0,0.0,0.0,0.0,0.0,0.0,0.0,0.0,0.0,140.0,0.0,0.0,140.0,0.0,0.0,0.0,0.0,0.0,0.0,0.0,0.0,0.0,0.0,0.0,0.0,0.0,0.0,0.0,0.0,0.0,0.0,0.0,0.0,140.0,0.0,0.0,140.0,0.0,0.0,"Dec 31, 2018"
2052,2706022.0,24550.0,Ninewa,Mosul,Al-Methaq,الميثاق,36.3297002093,43.1959016453,266.0,1596.0,0.0,0.0,0.0,0.0,0.0,0.0,0.0,0.0,0.0,0.0,0.0,0.0,266.0,0.0,0.0,0.0,0.0,0.0,0.0,85.0,0.0,0.0,0.0,0.0,0.0,0.0,181.0,0.0,0.0,181.0,0.0,0.0,0.0,0.0,0.0,0.0,0.0,0.0,0.0,0.0,0.0,0.0,0.0,0.0,0.0,0.0,0.0,0.0,0.0,0.0,266.0,0.0,0.0,266.0,0.0,0.0,"Dec 31, 2018"
2053,2706023.0,18393.0,Ninewa,Mosul,Al-Muhandiseen,المهندسين,36.3685749149,43.1372377867,35.0,210.0,0.0,0.0,0.0,0.0,0.0,0.0,0.0,0.0,0.0,0.0,0.0,0.0,35.0,0.0,0.0,0.0,0.0,0.0,0.0,15.0,0.0,0.0,0.0,0.0,0.0,0.0,20.0,0.0,0.0,20.0,0.0,0.0,0.0,0.0,0.0,0.0,0.0,0.0,0.0,0.0,0.0,0.0,0.0,0.0,0.0,0.0,0.0,0.0,0.0,0.0,35.0,0.0,0.0,35.0,0.0,0.0,"Dec 31, 2018"
2054,2706024.0,20782.0,Ninewa,Mosul,Al-Muharibeen,المحاربين,36.3836623144,43.1934310423,90.0,540.0,0.0,0.0,0.0,0.0,0.0,0.0,0.0,0.0,0.0,0.0,0.0,0.0,90.0,0.0,0.0,0.0,0.0,0.0,0.0,30.0,0.0,0.0,0.0,0.0,0.0,0.0,50.0,0.0,0.0,50.0,0.0,0.0,0.0,0.0,10.0,0.0,0.0,10.0,0.0,0.0,0.0,0.0,10.0,0.0,0.0,10.0,0.0,0.0,0.0,0.0,80.0,0.0,0.0,80.0,0.0,0.0,"Dec 31, 2018"
2055,2706025.0,18244.0,Ninewa,Mosul,Al-Nabi Sheet,النبي شيت,36.3331287058,43.1348878879,14.0,84.0,0.0,0.0,0.0,0.0,0.0,0.0,0.0,0.0,0.0,0.0,0.0,0.0,14.0,0.0,0.0,0.0,0.0,0.0,0.0,0.0,0.0,0.0,0.0,0.0,0.0,0.0,14.0,0.0,0.0,14.0,0.0,0.0,0.0,0.0,0.0,0.0,0.0,0.0,0.0,0.0,0.0,0.0,0.0,0.0,0.0,0.0,0.0,0.0,0.0,0.0,14.0,0.0,0.0,14.0,0.0,0.0,"Dec 31, 2018"
2056,2706026.0,18336.0,Ninewa,Mosul,Al-Noor,النور,36.3584701203,43.1860369276,1421.0,8526.0,0.0,0.0,0.0,0.0,0.0,0.0,0.0,0.0,0.0,0.0,0.0,0.0,1421.0,0.0,0.0,0.0,0.0,0.0,0.0,502.0,0.0,0.0,0.0,0.0,0.0,0.0,919.0,0.0,0.0,919.0,0.0,0.0,0.0,0.0,0.0,0.0,0.0,0.0,0.0,0.0,0.0,0.0,0.0,0.0,0.0,0.0,0.0,0.0,0.0,0.0,1421.0,0.0,0.0,1421.0,0.0,0.0,"Dec 31, 2018"
2057,2706027.0,18348.0,Ninewa,Mosul,Al-Numaniyah,النعمانية,36.35292,43.15684,259.0,1554.0,0.0,0.0,0.0,0.0,0.0,0.0,0.0,0.0,0.0,0.0,0.0,0.0,259.0,0.0,0.0,0.0,0.0,0.0,0.0,9.0,0.0,0.0,0.0,0.0,0.0,0.0,250.0,0.0,0.0,250.0,0.0,0.0,0.0,0.0,0.0,0.0,0.0,0.0,0.0,0.0,0.0,0.0,0.0,0.0,0.0,0.0,0.0,0.0,0.0,0.0,259.0,0.0,0.0,259.0,0.0,0.0,"Dec 31, 2018"
2058,2706028.0,18366.0,Ninewa,Mosul,Al-Qahira,القاهرة,36.397396752,43.1919094034,150.0,900.0,0.0,0.0,0.0,0.0,0.0,0.0,0.0,0.0,0.0,0.0,0.0,0.0,150.0,0.0,0.0,0.0,0.0,0.0,0.0,52.0,0.0,0.0,0.0,0.0,0.0,0.0,98.0,0.0,0.0,98.0,0.0,0.0,0.0,0.0,0.0,0.0,0.0,0.0,0.0,0.0,0.0,0.0,0.0,0.0,0.0,0.0,0.0,0.0,0.0,0.0,150.0,0.0,0.0,150.0,0.0,0.0,"Dec 31, 2018"
2059,2706031.0,23875.0,Ninewa,Mosul,Al-Quds,القدس,36.3489956208,43.2255534768,988.0,5928.0,0.0,0.0,0.0,0.0,0.0,0.0,0.0,0.0,0.0,0.0,0.0,0.0,988.0,0.0,0.0,0.0,0.0,0.0,0.0,235.0,0.0,0.0,0.0,0.0,0.0,0.0,742.0,0.0,0.0,742.0,0.0,0.0,11.0,0.0,0.0,11.0,0.0,0.0,0.0,0.0,0.0,0.0,0.0,0.0,0.0,0.0,0.0,0.0,0.0,0.0,988.0,0.0,0.0,988.0,0.0,0.0,"Dec 31, 2018"
2060,2706033.0,18372.0,Ninewa,Mosul,Al-Wahda,الوحدة,36.3249804896,43.1898108107,1145.0,6870.0,0.0,0.0,0.0,0.0,0.0,0.0,0.0,0.0,0.0,0.0,0.0,0.0,1145.0,0.0,0.0,0.0,0.0,0.0,0.0,85.0,0.0,0.0,0.0,0.0,0.0,0.0,1060.0,0.0,0.0,1060.0,0.0,0.0,0.0,0.0,0.0,0.0,0.0,0.0,0.0,0.0,0.0,0.0,0.0,0.0,0.0,0.0,0.0,0.0,0.0,0.0,1145.0,0.0,0.0,1145.0,0.0,0.0,"Dec 31, 2018"
2061,2706034.0,18367.0,Ninewa,Mosul,Al-Yarmuk,اليرموك,36.3380867888,43.0833271753,50.0,300.0,0.0,0.0,0.0,0.0,0.0,0.0,0.0,0.0,0.0,0.0,0.0,0.0,50.0,0.0,0.0,0.0,0.0,0.0,0.0,0.0,0.0,0.0,0.0,0.0,0.0,0.0,50.0,0.0,0.0,50.0,0.0,0.0,0.0,0.0,0.0,0.0,0.0,0.0,0.0,0.0,0.0,0.0,0.0,0.0,0.0,0.0,0.0,0.0,0.0,0.0,50.0,0.0,0.0,50.0,0.0,0.0,"Dec 31, 2018"
2062,2706035.0,18327.0,Ninewa,Mosul,Al-Zuhor,الزهور,36.3765144298,43.1833020956,110.0,660.0,0.0,0.0,0.0,0.0,0.0,0.0,0.0,0.0,0.0,0.0,0.0,0.0,110.0,0.0,0.0,0.0,0.0,0.0,0.0,45.0,0.0,0.0,0.0,0.0,0.0,0.0,65.0,0.0,0.0,65.0,0.0,0.0,0.0,0.0,0.0,0.0,0.0,0.0,0.0,0.0,0.0,0.0,0.0,0.0,0.0,0.0,0.0,0.0,0.0,0.0,110.0,0.0,0.0,110.0,0.0,0.0,"Dec 31, 2018"
2063,2706040.0,24636.0,Ninewa,Mosul,Hay 30 July,حي 30 تموز,36.3731056992,43.0807892652,200.0,1200.0,0.0,0.0,0.0,0.0,0.0,0.0,0.0,0.0,0.0,0.0,0.0,0.0,200.0,0.0,0.0,0.0,0.0,0.0,0.0,0.0,0.0,0.0,0.0,0.0,0.0,0.0,200.0,0.0,0.0,200.0,0.0,0.0,0.0,0.0,0.0,0.0,0.0,0.0,0.0,0.0,0.0,0.0,0.0,0.0,0.0,0.0,0.0,0.0,0.0,0.0,200.0,0.0,0.0,200.0,0.0,0.0,"Dec 31, 2018"
2064,2706041.0,18306.0,Ninewa,Mosul,Hay Al Arabi,حي العربي,36.4010603632,43.1174401406,280.0,1680.0,0.0,0.0,0.0,0.0,0.0,0.0,0.0,0.0,0.0,0.0,0.0,0.0,280.0,0.0,0.0,0.0,0.0,0.0,0.0,60.0,0.0,0.0,0.0,0.0,0.0,0.0,220.0,0.0,0.0,220.0,0.0,0.0,0.0,0.0,0.0,0.0,0.0,0.0,0.0,0.0,0.0,0.0,0.0,0.0,0.0,0.0,0.0,0.0,0.0,0.0,280.0,0.0,0.0,280.0,0.0,0.0,"Dec 31, 2018"
2065,2706043.0,18314.0,Ninewa,Mosul,Hay Al Intisar,الانتصار,36.321603521,43.2184224035,1449.0,8694.0,0.0,0.0,0.0,0.0,0.0,0.0,0.0,0.0,0.0,0.0,0.0,0.0,1449.0,0.0,0.0,0.0,0.0,0.0,0.0,75.0,0.0,0.0,0.0,0.0,0.0,0.0,1334.0,0.0,0.0,1334.0,0.0,0.0,0.0,0.0,40.0,0.0,0.0,40.0,0.0,0.0,0.0,0.0,0.0,0.0,0.0,0.0,0.0,0.0,0.0,0.0,1449.0,0.0,0.0,1449.0,0.0,0.0,"Dec 31, 2018"
2066,2706044.0,18313.0,Ninewa,Mosul,Hay Al Islah Al Zirai,حي الاصلاح الزراعي,36.3502431463,43.085158739,302.0,1812.0,0.0,0.0,0.0,0.0,0.0,0.0,0.0,0.0,0.0,0.0,0.0,0.0,302.0,0.0,0.0,0.0,0.0,0.0,0.0,0.0,0.0,0.0,0.0,0.0,0.0,0.0,302.0,0.0,0.0,302.0,0.0,0.0,0.0,0.0,0.0,0.0,0.0,0.0,0.0,0.0,0.0,0.0,0.0,0.0,0.0,0.0,0.0,0.0,0.0,0.0,302.0,0.0,0.0,302.0,0.0,0.0,"Dec 31, 2018"
2067,2706046.0,23934.0,Ninewa,Mosul,Hay Al Nahrawan,حي النهروان,36.331523,43.066661,114.0,684.0,10.0,0.0,0.0,0.0,0.0,0.0,0.0,0.0,0.0,0.0,0.0,0.0,104.0,0.0,0.0,0.0,0.0,0.0,0.0,41.0,0.0,0.0,0.0,0.0,0.0,0.0,27.0,0.0,0.0,27.0,0.0,0.0,0.0,0.0,33.0,0.0,13.0,33.0,10.0,13.0,0.0,10.0,0.0,0.0,57.0,0.0,31.0,57.0,16.0,31.0,0.0,16.0,0.0,0.0,0.0,0.0,"Dec 31, 2018"
2068,2706047.0,23933.0,Ninewa,Mosul,Hay Al Samah,حي السماح,36.3659922249,43.220835604,562.0,3372.0,0.0,0.0,0.0,0.0,0.0,0.0,0.0,0.0,0.0,0.0,0.0,0.0,562.0,0.0,0.0,0.0,0.0,0.0,0.0,129.0,0.0,0.0,0.0,0.0,0.0,0.0,420.0,0.0,0.0,420.0,0.0,0.0,13.0,0.0,0.0,13.0,0.0,0.0,0.0,0.0,0.0,0.0,0.0,0.0,0.0,0.0,0.0,0.0,0.0,0.0,562.0,0.0,0.0,562.0,0.0,0.0,"Dec 31, 2018"
2069,2706048.0,18370.0,Ninewa,Mosul,Hay Al Tammem,التاميم,36.3555135035,43.1919572672,436.0,2616.0,0.0,0.0,0.0,0.0,0.0,0.0,0.0,0.0,0.0,0.0,0.0,0.0,436.0,0.0,0.0,0.0,0.0,0.0,0.0,110.0,0.0,0.0,0.0,0.0,0.0,0.0,314.0,0.0,0.0,314.0,0.0,0.0,12.0,0.0,0.0,12.0,0.0,0.0,0.0,0.0,0.0,0.0,0.0,0.0,0.0,0.0,0.0,0.0,0.0,0.0,436.0,0.0,0.0,436.0,0.0,0.0,"Dec 31, 2018"
2070,2706050.0,21647.0,Ninewa,Mosul,Hay Al Zahraa,حي الزهراء,36.383555315,43.2083959115,551.0,3306.0,0.0,0.0,0.0,0.0,0.0,0.0,0.0,0.0,0.0,0.0,0.0,0.0,551.0,0.0,0.0,0.0,0.0,0.0,0.0,188.0,0.0,0.0,0.0,0.0,0.0,0.0,342.0,0.0,0.0,342.0,0.0,0.0,21.0,0.0,0.0,21.0,0.0,0.0,0.0,0.0,0.0,0.0,0.0,0.0,0.0,0.0,0.0,0.0,0.0,0.0,551.0,0.0,0.0,551.0,0.0,0.0,"Dec 31, 2018"
2071,2706051.0,18362.0,Ninewa,Mosul,Hay Al-Baker,حي البكر,36.3670746317,43.2056211578,70.0,420.0,0.0,0.0,0.0,0.0,0.0,0.0,0.0,0.0,0.0,0.0,0.0,0.0,70.0,0.0,0.0,0.0,0.0,0.0,0.0,15.0,0.0,0.0,0.0,0.0,0.0,0.0,55.0,0.0,0.0,55.0,0.0,0.0,0.0,0.0,0.0,0.0,0.0,0.0,0.0,0.0,0.0,0.0,0.0,0.0,0.0,0.0,0.0,0.0,0.0,0.0,70.0,0.0,0.0,70.0,0.0,0.0,"Dec 31, 2018"
2072,2706053.0,24635.0,Ninewa,Mosul,Hay Nablus,حي نابلس,36.3262496377,43.0826786855,65.0,390.0,0.0,0.0,0.0,0.0,0.0,0.0,0.0,0.0,0.0,0.0,0.0,0.0,65.0,0.0,0.0,0.0,0.0,0.0,0.0,0.0,0.0,0.0,0.0,0.0,0.0,0.0,60.0,0.0,0.0,60.0,0.0,0.0,0.0,0.0,5.0,0.0,0.0,5.0,0.0,0.0,0.0,0.0,0.0,0.0,0.0,0.0,30.0,0.0,0.0,30.0,35.0,0.0,0.0,35.0,0.0,0.0,"Dec 31, 2018"
2073,2706054.0,21336.0,Ninewa,Mosul,HAY-SUMMER,حي سومر,36.2989213451,43.1924594445,965.0,5790.0,0.0,0.0,0.0,0.0,0.0,0.0,0.0,0.0,0.0,0.0,0.0,0.0,965.0,0.0,0.0,0.0,0.0,0.0,0.0,120.0,0.0,0.0,0.0,0.0,0.0,0.0,845.0,0.0,0.0,845.0,0.0,0.0,0.0,0.0,0.0,0.0,0.0,0.0,0.0,0.0,0.0,0.0,0.0,0.0,0.0,0.0,0.0,0.0,0.0,0.0,965.0,0.0,0.0,965.0,0.0,0.0,"Dec 31, 2018"
2074,2706055.0,21332.0,Ninewa,Mosul,HAY-FALISTINE,حي فلسطين,36.3075092256,43.1910329019,1392.0,8352.0,0.0,0.0,0.0,0.0,0.0,0.0,0.0,0.0,0.0,0.0,0.0,0.0,1392.0,0.0,0.0,0.0,0.0,0.0,0.0,240.0,0.0,0.0,0.0,0.0,0.0,0.0,1152.0,0.0,0.0,1152.0,0.0,0.0,0.0,0.0,0.0,0.0,0.0,0.0,0.0,0.0,0.0,0.0,0.0,0.0,0.0,0.0,0.0,0.0,0.0,0.0,1392.0,0.0,0.0,1392.0,0.0,0.0,"Dec 31, 2018"
2075,2706058.0,17471.0,Ninewa,Mosul,Mosul Jadida,موصل الجديدة,36.332143,43.099938,150.0,900.0,0.0,0.0,0.0,0.0,0.0,0.0,0.0,0.0,0.0,0.0,0.0,0.0,150.0,0.0,0.0,0.0,0.0,0.0,0.0,0.0,0.0,0.0,0.0,0.0,0.0,0.0,150.0,0.0,0.0,150.0,0.0,0.0,0.0,0.0,0.0,0.0,0.0,0.0,0.0,0.0,0.0,0.0,0.0,0.0,0.0,0.0,30.0,0.0,0.0,30.0,120.0,0.0,0.0,120.0,0.0,0.0,"Dec 31, 2018"
2076,2706062.0,17410.0,Ninewa,Mosul,Sahaji,السحاجي,36.2809972284,42.9428163966,10.0,60.0,0.0,0.0,0.0,0.0,0.0,0.0,0.0,0.0,0.0,0.0,0.0,0.0,10.0,0.0,0.0,0.0,0.0,0.0,0.0,0.0,0.0,0.0,0.0,0.0,0.0,0.0,10.0,0.0,0.0,10.0,0.0,0.0,0.0,0.0,0.0,0.0,0.0,0.0,0.0,0.0,0.0,0.0,0.0,0.0,0.0,0.0,10.0,0.0,0.0,10.0,0.0,0.0,0.0,0.0,0.0,0.0,"Dec 31, 2018"
2077,2706063.0,21258.0,Ninewa,Mosul,Tal Al-Rumman,تل الرمان,36.3156163755,43.089962639,200.0,1200.0,0.0,0.0,0.0,0.0,0.0,0.0,0.0,0.0,0.0,0.0,0.0,0.0,200.0,0.0,0.0,0.0,0.0,0.0,0.0,50.0,0.0,0.0,0.0,0.0,0.0,0.0,150.0,0.0,0.0,150.0,0.0,0.0,0.0,0.0,0.0,0.0,0.0,0.0,0.0,0.0,0.0,0.0,0.0,0.0,0.0,0.0,0.0,0.0,0.0,0.0,200.0,0.0,0.0,200.0,0.0,0.0,"Dec 31, 2018"
2078,2706064.0,18368.0,Ninewa,Mosul,Wadi Hajar,وادي حجر,36.3211254849,43.1254966435,210.0,1260.0,0.0,0.0,0.0,0.0,0.0,0.0,0.0,0.0,0.0,0.0,0.0,0.0,210.0,0.0,0.0,0.0,0.0,0.0,0.0,0.0,0.0,0.0,0.0,0.0,0.0,0.0,210.0,0.0,0.0,210.0,0.0,0.0,0.0,0.0,0.0,0.0,0.0,0.0,0.0,0.0,0.0,0.0,0.0,0.0,0.0,0.0,0.0,0.0,0.0,0.0,210.0,0.0,0.0,210.0,0.0,0.0,"Dec 31, 2018"
2079,2706065.0,21007.0,Ninewa,Mosul,Zanjili,الزنجيلي,36.3497575113,43.1104930274,60.0,360.0,0.0,0.0,0.0,0.0,0.0,0.0,0.0,0.0,0.0,0.0,0.0,0.0,60.0,0.0,0.0,0.0,0.0,0.0,0.0,0.0,0.0,0.0,0.0,0.0,0.0,0.0,60.0,0.0,0.0,60.0,0.0,0.0,0.0,0.0,0.0,0.0,0.0,0.0,0.0,0.0,0.0,0.0,0.0,0.0,0.0,0.0,10.0,0.0,0.0,10.0,50.0,0.0,0.0,50.0,0.0,0.0,"Dec 31, 2018"
2080,2706082.0,18365.0,Ninewa,Mosul,Al-Amil,العامل,36.3228077238,43.0921699732,100.0,600.0,0.0,0.0,0.0,0.0,0.0,0.0,0.0,0.0,0.0,0.0,0.0,0.0,100.0,0.0,0.0,0.0,0.0,0.0,0.0,0.0,0.0,0.0,0.0,0.0,0.0,0.0,100.0,0.0,0.0,100.0,0.0,0.0,0.0,0.0,0.0,0.0,0.0,0.0,0.0,0.0,0.0,0.0,0.0,0.0,0.0,0.0,55.0,0.0,0.0,55.0,45.0,0.0,0.0,45.0,0.0,0.0,"Dec 31, 2018"
2081,2706087.0,17128.0,Ninewa,Mosul,Hamam Alaleel Center,مركز حمام العليل,36.1675881128,43.2549478849,190.0,1140.0,0.0,0.0,0.0,0.0,0.0,0.0,0.0,0.0,0.0,0.0,0.0,0.0,190.0,0.0,0.0,0.0,0.0,0.0,0.0,5.0,0.0,0.0,0.0,0.0,0.0,0.0,185.0,0.0,0.0,185.0,0.0,0.0,0.0,0.0,0.0,0.0,0.0,0.0,0.0,0.0,0.0,0.0,0.0,0.0,0.0,0.0,0.0,0.0,0.0,0.0,190.0,0.0,0.0,190.0,0.0,0.0,"Dec 31, 2018"
2082,2706090.0,17127.0,Ninewa,Mosul,Al-Qayyarah Center,مركز القيارة,35.8013429285,43.2947405629,160.0,960.0,0.0,0.0,0.0,0.0,0.0,0.0,0.0,0.0,20.0,0.0,0.0,0.0,120.0,0.0,20.0,0.0,0.0,0.0,0.0,0.0,0.0,0.0,0.0,0.0,0.0,0.0,160.0,0.0,0.0,160.0,0.0,0.0,0.0,0.0,0.0,0.0,0.0,0.0,0.0,0.0,0.0,0.0,0.0,0.0,0.0,0.0,0.0,0.0,90.0,0.0,70.0,90.0,0.0,70.0,0.0,0.0,"Dec 31, 2018"
2083,2706091.0,18332.0,Ninewa,Mosul,Nabi Younis,حي النبي يونس,36.3475343671,43.1618041914,515.0,3090.0,0.0,0.0,0.0,0.0,0.0,0.0,0.0,0.0,0.0,0.0,0.0,0.0,515.0,0.0,0.0,0.0,0.0,0.0,0.0,25.0,0.0,0.0,0.0,0.0,0.0,0.0,490.0,0.0,0.0,490.0,0.0,0.0,0.0,0.0,0.0,0.0,0.0,0.0,0.0,0.0,0.0,0.0,0.0,0.0,0.0,0.0,0.0,0.0,0.0,0.0,515.0,0.0,0.0,515.0,0.0,0.0,"Dec 31, 2018"
2084,2706093.0,18383.0,Ninewa,Mosul,Hay Adan,حي عدن,36.353585,43.213329,335.0,2010.0,0.0,0.0,0.0,0.0,0.0,0.0,0.0,0.0,0.0,0.0,0.0,0.0,335.0,0.0,0.0,0.0,0.0,0.0,0.0,20.0,0.0,0.0,0.0,0.0,0.0,0.0,315.0,0.0,0.0,315.0,0.0,0.0,0.0,0.0,0.0,0.0,0.0,0.0,0.0,0.0,0.0,0.0,0.0,0.0,0.0,0.0,0.0,0.0,0.0,0.0,335.0,0.0,0.0,335.0,0.0,0.0,"Dec 31, 2018"
2085,2706094.0,20998.0,Ninewa,Mosul,Hay Alalam,حي الاعلام,36.3611094409,43.1930089679,71.0,426.0,0.0,0.0,0.0,0.0,0.0,0.0,0.0,0.0,0.0,0.0,0.0,0.0,71.0,0.0,0.0,0.0,0.0,0.0,0.0,10.0,0.0,0.0,0.0,0.0,0.0,0.0,61.0,0.0,0.0,61.0,0.0,0.0,0.0,0.0,0.0,0.0,0.0,0.0,0.0,0.0,0.0,0.0,0.0,0.0,0.0,0.0,0.0,0.0,0.0,0.0,71.0,0.0,0.0,71.0,0.0,0.0,"Dec 31, 2018"
2086,2706096.0,18001.0,Ninewa,Mosul,Abu Arayis Village,قرية أبوعرايس,36.0847161092,43.024217694,2.0,12.0,0.0,0.0,0.0,0.0,0.0,0.0,0.0,0.0,0.0,0.0,0.0,0.0,2.0,0.0,0.0,0.0,0.0,0.0,0.0,2.0,0.0,0.0,0.0,0.0,0.0,0.0,0.0,0.0,0.0,0.0,0.0,0.0,0.0,0.0,0.0,0.0,0.0,0.0,0.0,0.0,0.0,0.0,0.0,0.0,0.0,0.0,0.0,0.0,0.0,0.0,2.0,0.0,0.0,2.0,0.0,0.0,"Dec 31, 2018"
2087,2706097.0,20796.0,Ninewa,Mosul,Bysan,بيسان,36.4085196439,43.1046160096,286.0,1716.0,0.0,0.0,0.0,0.0,0.0,0.0,0.0,0.0,0.0,0.0,0.0,0.0,286.0,0.0,0.0,0.0,0.0,0.0,0.0,68.0,0.0,0.0,0.0,0.0,0.0,1.0,190.0,1.0,0.0,190.0,0.0,0.0,27.0,0.0,0.0,27.0,0.0,0.0,0.0,0.0,0.0,0.0,0.0,0.0,0.0,0.0,0.0,0.0,0.0,0.0,286.0,0.0,0.0,286.0,0.0,0.0,"Dec 31, 2018"
2088,2706099.0,18384.0,Ninewa,Mosul,Alshuhadaa,حي الشهداء,36.3188062857,43.1001554391,60.0,360.0,0.0,0.0,0.0,0.0,0.0,0.0,0.0,0.0,0.0,0.0,0.0,0.0,60.0,0.0,0.0,0.0,0.0,0.0,0.0,0.0,0.0,0.0,0.0,0.0,0.0,0.0,60.0,0.0,0.0,60.0,0.0,0.0,0.0,0.0,0.0,0.0,0.0,0.0,0.0,0.0,0.0,0.0,0.0,0.0,0.0,0.0,0.0,0.0,0.0,0.0,60.0,0.0,0.0,60.0,0.0,0.0,"Dec 31, 2018"
2089,2706101.0,28434.0,Ninewa,Mosul,Alzanazil Village,قرية الزنازل,36.434406092,42.8004153592,2.0,12.0,0.0,0.0,0.0,0.0,0.0,0.0,0.0,0.0,0.0,0.0,0.0,0.0,2.0,0.0,0.0,0.0,0.0,0.0,0.0,0.0,0.0,0.0,0.0,0.0,0.0,0.0,2.0,0.0,0.0,2.0,0.0,0.0,0.0,0.0,0.0,0.0,0.0,0.0,0.0,0.0,0.0,0.0,2.0,0.0,0.0,2.0,0.0,0.0,0.0,0.0,0.0,0.0,0.0,0.0,0.0,0.0,"Dec 31, 2018"
2090,2706106.0,18363.0,Ninewa,Mosul,Hay alsedeeq,حي الصديق,36.3894319679,43.1586934346,161.0,966.0,0.0,0.0,0.0,0.0,0.0,0.0,0.0,0.0,0.0,0.0,0.0,0.0,161.0,0.0,0.0,0.0,0.0,0.0,0.0,49.0,0.0,0.0,0.0,0.0,0.0,0.0,90.0,0.0,0.0,90.0,0.0,0.0,22.0,0.0,0.0,22.0,0.0,0.0,0.0,0.0,0.0,0.0,0.0,0.0,0.0,0.0,0.0,0.0,0.0,0.0,161.0,0.0,0.0,161.0,0.0,0.0,"Dec 31, 2018"
2091,2706107.0,17515.0,Ninewa,Mosul,Al Haj Ali,الحاج علي,35.738433,43.313799,60.0,360.0,0.0,0.0,0.0,0.0,0.0,0.0,0.0,0.0,0.0,0.0,0.0,0.0,60.0,0.0,0.0,0.0,0.0,0.0,0.0,50.0,0.0,0.0,0.0,0.0,0.0,0.0,10.0,0.0,0.0,10.0,0.0,0.0,0.0,0.0,0.0,0.0,0.0,0.0,0.0,0.0,0.0,0.0,0.0,0.0,0.0,0.0,0.0,0.0,0.0,0.0,60.0,0.0,0.0,60.0,0.0,0.0,"Dec 31, 2018"
2092,2706108.0,29642.0,Ninewa,Mosul,Qayyarah-Jad'ah 1,مخيم القيارة-الجدعة,35.7448112143,43.2672852147,984.0,5904.0,0.0,0.0,0.0,0.0,0.0,0.0,88.0,0.0,29.0,0.0,0.0,0.0,691.0,0.0,176.0,0.0,0.0,0.0,984.0,0.0,0.0,0.0,0.0,0.0,0.0,0.0,0.0,0.0,0.0,0.0,0.0,0.0,0.0,0.0,0.0,0.0,0.0,0.0,0.0,0.0,0.0,0.0,0.0,0.0,0.0,0.0,0.0,0.0,0.0,0.0,688.0,0.0,296.0,688.0,296.0,0.0,"Dec 31, 2018"
2093,2706110.0,29649.0,Ninewa,Mosul,Al-Hood Village,قرية الحود,35.8527864059,43.2965851813,13.0,78.0,0.0,0.0,0.0,0.0,0.0,0.0,0.0,0.0,0.0,0.0,0.0,0.0,13.0,0.0,0.0,0.0,0.0,0.0,0.0,0.0,0.0,0.0,0.0,0.0,0.0,0.0,13.0,0.0,0.0,13.0,0.0,0.0,0.0,0.0,0.0,0.0,0.0,0.0,0.0,0.0,0.0,0.0,0.0,0.0,0.0,0.0,0.0,0.0,0.0,0.0,13.0,0.0,0.0,13.0,0.0,0.0,"Dec 31, 2018"
2094,2706112.0,17744.0,Ninewa,Mosul,Al-Ausaja Village,قرية العوسجة,35.7749920229,43.3081098273,10.0,60.0,0.0,0.0,0.0,0.0,0.0,0.0,0.0,0.0,0.0,0.0,0.0,0.0,10.0,0.0,0.0,0.0,0.0,0.0,0.0,10.0,0.0,0.0,0.0,0.0,0.0,0.0,0.0,0.0,0.0,0.0,0.0,0.0,0.0,0.0,0.0,0.0,0.0,0.0,0.0,0.0,0.0,0.0,0.0,0.0,0.0,0.0,0.0,0.0,0.0,0.0,0.0,0.0,10.0,0.0,10.0,0.0,"Dec 31, 2018"
2095,2706121.0,29669.0,Ninewa,Mosul,Qayyarah-Jadah 2,مخيم القيارة-الجدعة 2,35.7455872422,43.2652295398,1401.0,8406.0,0.0,0.0,0.0,0.0,0.0,0.0,112.0,0.0,42.0,0.0,0.0,0.0,1121.0,0.0,126.0,0.0,0.0,0.0,1401.0,0.0,0.0,0.0,0.0,0.0,0.0,0.0,0.0,0.0,0.0,0.0,0.0,0.0,0.0,0.0,0.0,0.0,0.0,0.0,0.0,0.0,0.0,0.0,0.0,0.0,0.0,0.0,0.0,0.0,0.0,0.0,775.0,0.0,626.0,775.0,626.0,0.0,"Dec 31, 2018"
2096,2706122.0,29670.0,Ninewa,Mosul,Qayyarah Airstrip,مخيم قاعدة القيارة الجوية,35.765228332,43.2670105062,7226.0,43356.0,28.0,0.0,0.0,0.0,0.0,0.0,343.0,0.0,157.0,0.0,0.0,0.0,4649.0,0.0,2049.0,0.0,0.0,0.0,7226.0,0.0,0.0,0.0,0.0,0.0,0.0,0.0,0.0,0.0,0.0,0.0,0.0,0.0,0.0,0.0,0.0,0.0,0.0,0.0,0.0,0.0,0.0,0.0,0.0,0.0,0.0,0.0,0.0,0.0,0.0,0.0,4917.0,0.0,2309.0,4917.0,2309.0,0.0,"Dec 31, 2018"
2097,2706123.0,29682.0,Ninewa,Mosul,Qayyarah-Jadah 3,مخيم القيارة-الجدعة 3,35.7514449337,43.2661412344,1916.0,11496.0,0.0,0.0,0.0,0.0,0.0,0.0,230.0,0.0,57.0,0.0,0.0,0.0,1304.0,0.0,325.0,0.0,0.0,0.0,1916.0,0.0,0.0,0.0,0.0,0.0,0.0,0.0,0.0,0.0,0.0,0.0,0.0,0.0,0.0,0.0,0.0,0.0,0.0,0.0,0.0,0.0,0.0,0.0,0.0,0.0,0.0,0.0,0.0,0.0,0.0,0.0,1172.0,0.0,744.0,1172.0,744.0,0.0,"Dec 31, 2018"
2098,2706126.0,18376.0,Ninewa,Mosul,Kokjali,كوكجلي,36.3589135798,43.2531553039,270.0,1620.0,0.0,0.0,0.0,0.0,0.0,0.0,0.0,0.0,0.0,0.0,0.0,0.0,270.0,0.0,0.0,0.0,0.0,0.0,0.0,200.0,0.0,0.0,0.0,0.0,0.0,0.0,70.0,0.0,0.0,70.0,0.0,0.0,0.0,0.0,0.0,0.0,0.0,0.0,0.0,0.0,0.0,0.0,0.0,0.0,0.0,0.0,0.0,0.0,0.0,0.0,270.0,0.0,0.0,270.0,0.0,0.0,"Dec 31, 2018"
2099,2706130.0,29701.0,Ninewa,Mosul,AL Jawana,الجواعنة,35.7723156147,43.2846771408,28.0,168.0,0.0,0.0,0.0,0.0,0.0,0.0,0.0,0.0,0.0,0.0,0.0,0.0,25.0,0.0,3.0,0.0,0.0,0.0,0.0,0.0,0.0,0.0,0.0,0.0,0.0,0.0,28.0,0.0,0.0,28.0,0.0,0.0,0.0,0.0,0.0,0.0,0.0,0.0,0.0,0.0,0.0,0.0,0.0,0.0,0.0,0.0,0.0,0.0,0.0,0.0,28.0,0.0,0.0,28.0,0.0,0.0,"Dec 31, 2018"
2100,2706131.0,29702.0,Ninewa,Mosul,Haj Ali,مخيم الحاج علي,35.7489380624,43.3262580433,3537.0,21222.0,13.0,0.0,0.0,0.0,0.0,0.0,477.0,0.0,385.0,0.0,0.0,0.0,2347.0,0.0,315.0,0.0,0.0,0.0,3537.0,0.0,0.0,0.0,0.0,0.0,0.0,0.0,0.0,0.0,0.0,0.0,0.0,0.0,0.0,0.0,0.0,0.0,0.0,0.0,0.0,0.0,0.0,0.0,0.0,0.0,0.0,0.0,0.0,0.0,0.0,0.0,1345.0,0.0,2192.0,1345.0,2192.0,0.0,"Dec 31, 2018"
2101,2706135.0,31703.0,Ninewa,Mosul,AL-Mahattah Al-ghaziyah Village,قرية المحطة الغازية,35.7777409786,43.2498737022,75.0,450.0,0.0,0.0,0.0,0.0,0.0,0.0,0.0,0.0,0.0,0.0,0.0,0.0,75.0,0.0,0.0,0.0,0.0,0.0,0.0,0.0,0.0,0.0,0.0,0.0,0.0,0.0,75.0,0.0,0.0,75.0,0.0,0.0,0.0,0.0,0.0,0.0,0.0,0.0,0.0,0.0,0.0,0.0,0.0,0.0,0.0,0.0,0.0,0.0,0.0,0.0,75.0,0.0,0.0,75.0,0.0,0.0,"Dec 31, 2018"
2102,2706136.0,31704.0,Ninewa,Mosul,Arkaba village,قرية الركبة,35.7398917389,43.2792894915,10.0,60.0,0.0,0.0,0.0,0.0,0.0,0.0,0.0,0.0,0.0,0.0,0.0,0.0,0.0,0.0,10.0,0.0,0.0,0.0,0.0,0.0,0.0,0.0,0.0,0.0,0.0,0.0,10.0,0.0,0.0,10.0,0.0,0.0,0.0,0.0,0.0,0.0,0.0,0.0,0.0,0.0,0.0,0.0,0.0,0.0,0.0,0.0,0.0,0.0,0.0,0.0,10.0,0.0,0.0,10.0,0.0,0.0,"Dec 31, 2018"
2103,2706139.0,31707.0,Ninewa,Mosul,Hamam Al Alil 1,مخيم حمام العليل 1,36.1619501188,43.2470016981,3759.0,22554.0,0.0,0.0,0.0,0.0,0.0,0.0,0.0,0.0,0.0,0.0,0.0,0.0,3759.0,0.0,0.0,0.0,0.0,0.0,3759.0,0.0,0.0,0.0,0.0,0.0,0.0,0.0,0.0,0.0,0.0,0.0,0.0,0.0,0.0,0.0,0.0,0.0,0.0,0.0,0.0,0.0,0.0,0.0,0.0,0.0,0.0,0.0,0.0,0.0,0.0,0.0,2659.0,0.0,1100.0,2659.0,1100.0,0.0,"Dec 31, 2018"
2104,2706140.0,31709.0,Ninewa,Mosul,Qayyarah-Jadah 4,مخيم القيارة-الجدعة 4,35.7697620885,43.260489663,1414.0,8484.0,0.0,0.0,0.0,0.0,0.0,0.0,0.0,0.0,0.0,0.0,0.0,0.0,1286.0,0.0,128.0,0.0,0.0,0.0,1414.0,0.0,0.0,0.0,0.0,0.0,0.0,0.0,0.0,0.0,0.0,0.0,0.0,0.0,0.0,0.0,0.0,0.0,0.0,0.0,0.0,0.0,0.0,0.0,0.0,0.0,0.0,0.0,0.0,0.0,0.0,0.0,828.0,0.0,586.0,828.0,586.0,0.0,"Dec 31, 2018"
2105,2706144.0,31731.0,Ninewa,Mosul,Jahuni Village,قرية جهوني,36.111621665,43.2745290435,3.0,18.0,0.0,0.0,0.0,0.0,0.0,0.0,0.0,0.0,0.0,0.0,0.0,0.0,3.0,0.0,0.0,0.0,0.0,0.0,0.0,3.0,0.0,0.0,0.0,0.0,0.0,0.0,0.0,0.0,0.0,0.0,0.0,0.0,0.0,0.0,0.0,0.0,0.0,0.0,0.0,0.0,0.0,0.0,0.0,0.0,0.0,0.0,0.0,0.0,0.0,0.0,3.0,0.0,0.0,3.0,0.0,0.0,"Dec 31, 2018"
2106,2706152.0,31735.0,Ninewa,Mosul,Dur-AlQaeda,دور القاعدة,35.7303806115,43.2819131414,10.0,60.0,0.0,0.0,0.0,0.0,0.0,0.0,0.0,0.0,10.0,0.0,0.0,0.0,0.0,0.0,0.0,0.0,0.0,0.0,0.0,4.0,0.0,0.0,0.0,0.0,0.0,0.0,6.0,0.0,0.0,6.0,0.0,0.0,0.0,0.0,0.0,0.0,0.0,0.0,0.0,0.0,0.0,0.0,0.0,0.0,0.0,0.0,0.0,0.0,0.0,0.0,10.0,0.0,0.0,10.0,0.0,0.0,"Dec 31, 2018"
2107,2706154.0,31737.0,Ninewa,Mosul,Qayyarah-Jad'ah 5,مخيم القيارة-الجدعة 5,35.7676124288,43.2557659541,4450.0,26700.0,0.0,0.0,0.0,0.0,0.0,0.0,357.0,0.0,133.0,0.0,0.0,0.0,3560.0,0.0,400.0,0.0,0.0,0.0,4450.0,0.0,0.0,0.0,0.0,0.0,0.0,0.0,0.0,0.0,0.0,0.0,0.0,0.0,0.0,0.0,0.0,0.0,0.0,0.0,0.0,0.0,0.0,0.0,0.0,0.0,0.0,0.0,0.0,0.0,0.0,0.0,2292.0,0.0,2158.0,2292.0,2158.0,0.0,"Dec 31, 2018"
2108,2706155.0,31743.0,Ninewa,Mosul,Hamam Al Alil 2,مخيم حمام العليل 2,36.151329,43.235291,4126.0,24756.0,0.0,0.0,0.0,0.0,0.0,0.0,0.0,0.0,0.0,0.0,0.0,0.0,4126.0,0.0,0.0,0.0,0.0,0.0,4126.0,0.0,0.0,0.0,0.0,0.0,0.0,0.0,0.0,0.0,0.0,0.0,0.0,0.0,0.0,0.0,0.0,0.0,0.0,0.0,0.0,0.0,0.0,0.0,0.0,0.0,0.0,0.0,0.0,0.0,0.0,0.0,3066.0,0.0,1060.0,3066.0,1060.0,0.0,"Dec 31, 2018"
2109,2706156.0,31771.0,Ninewa,Mosul,knetrah Village,قرية كنيطرة,36.2388883514,43.1782320753,10.0,60.0,0.0,0.0,0.0,0.0,0.0,0.0,0.0,0.0,0.0,0.0,0.0,0.0,10.0,0.0,0.0,0.0,0.0,0.0,0.0,10.0,0.0,0.0,0.0,0.0,0.0,0.0,0.0,0.0,0.0,0.0,0.0,0.0,0.0,0.0,0.0,0.0,0.0,0.0,0.0,0.0,0.0,0.0,0.0,0.0,0.0,0.0,0.0,0.0,0.0,0.0,10.0,0.0,0.0,10.0,0.0,0.0,"Dec 31, 2018"
2110,2706159.0,31775.0,Ninewa,Mosul,Al-Areej Village,قرية العريج,36.1914691432,43.2071399645,2.0,12.0,0.0,0.0,0.0,0.0,0.0,0.0,0.0,0.0,0.0,0.0,0.0,0.0,2.0,0.0,0.0,0.0,0.0,0.0,0.0,2.0,0.0,0.0,0.0,0.0,0.0,0.0,0.0,0.0,0.0,0.0,0.0,0.0,0.0,0.0,0.0,0.0,0.0,0.0,0.0,0.0,0.0,0.0,0.0,0.0,0.0,0.0,0.0,0.0,0.0,0.0,2.0,0.0,0.0,2.0,0.0,0.0,"Dec 31, 2018"
2111,2706161.0,31826.0,Ninewa,Mosul,Qayyarah-Jadah 6,مخيم القيارة-الجدعة 6,35.7540562038,43.253783065,3347.0,20082.0,0.0,0.0,0.0,0.0,0.0,0.0,0.0,0.0,0.0,0.0,0.0,0.0,3347.0,0.0,0.0,0.0,0.0,0.0,3347.0,0.0,0.0,0.0,0.0,0.0,0.0,0.0,0.0,0.0,0.0,0.0,0.0,0.0,0.0,0.0,0.0,0.0,0.0,0.0,0.0,0.0,0.0,0.0,0.0,0.0,0.0,0.0,0.0,0.0,0.0,0.0,1044.0,0.0,2303.0,1044.0,2303.0,0.0,"Dec 31, 2018"
2112,2706163.0,31835.0,Ninewa,Mosul,Al-Hasya Village,قرية الحصية,35.742725,43.315448,20.0,120.0,0.0,0.0,0.0,0.0,0.0,0.0,0.0,0.0,0.0,0.0,0.0,0.0,20.0,0.0,0.0,0.0,0.0,0.0,0.0,0.0,0.0,0.0,0.0,0.0,0.0,0.0,20.0,0.0,0.0,20.0,0.0,0.0,0.0,0.0,0.0,0.0,0.0,0.0,0.0,0.0,0.0,0.0,0.0,0.0,0.0,0.0,0.0,0.0,0.0,0.0,20.0,0.0,0.0,20.0,0.0,0.0,"Dec 31, 2018"
2113,2706164.0,31842.0,Ninewa,Mosul,Al-Derbas Village,قرية الدرباس,35.737486,43.321741,4.0,24.0,0.0,0.0,0.0,0.0,0.0,0.0,0.0,0.0,0.0,0.0,0.0,0.0,4.0,0.0,0.0,0.0,0.0,0.0,0.0,0.0,0.0,0.0,0.0,0.0,0.0,0.0,4.0,0.0,0.0,4.0,0.0,0.0,0.0,0.0,0.0,0.0,0.0,0.0,0.0,0.0,0.0,0.0,0.0,0.0,0.0,0.0,0.0,0.0,0.0,0.0,4.0,0.0,0.0,4.0,0.0,0.0,"Dec 31, 2018"
2114,2706165.0,31843.0,Ninewa,Mosul,Al-Karama village,قرية الكرامة,35.7472570064,43.3061116654,12.0,72.0,0.0,0.0,0.0,0.0,0.0,0.0,0.0,0.0,0.0,0.0,0.0,0.0,12.0,0.0,0.0,0.0,0.0,0.0,0.0,0.0,0.0,0.0,0.0,0.0,0.0,0.0,12.0,0.0,0.0,12.0,0.0,0.0,0.0,0.0,0.0,0.0,0.0,0.0,0.0,0.0,0.0,0.0,0.0,0.0,0.0,0.0,0.0,0.0,0.0,0.0,12.0,0.0,0.0,12.0,0.0,0.0,"Dec 31, 2018"
2115,2706179.0,18343.0,Ninewa,Mosul,Karaj-Alshimal,كراج الشمال,36.351431,43.170262,1271.0,7626.0,0.0,0.0,0.0,0.0,0.0,0.0,0.0,0.0,0.0,0.0,0.0,0.0,1271.0,0.0,0.0,0.0,0.0,0.0,0.0,75.0,0.0,0.0,0.0,0.0,0.0,0.0,1196.0,0.0,0.0,1196.0,0.0,0.0,0.0,0.0,0.0,0.0,0.0,0.0,0.0,0.0,0.0,0.0,0.0,0.0,0.0,0.0,0.0,0.0,0.0,0.0,1271.0,0.0,0.0,1271.0,0.0,0.0,"Dec 31, 2018"
2116,2706180.0,31913.0,Ninewa,Mosul,Al-Shaymaa,الشيماء,36.3105791,43.21653215,589.0,3534.0,0.0,0.0,0.0,0.0,0.0,0.0,0.0,0.0,0.0,0.0,0.0,0.0,589.0,0.0,0.0,0.0,0.0,0.0,0.0,65.0,0.0,0.0,0.0,0.0,0.0,0.0,524.0,0.0,0.0,524.0,0.0,0.0,0.0,0.0,0.0,0.0,0.0,0.0,0.0,0.0,0.0,0.0,0.0,0.0,0.0,0.0,0.0,0.0,0.0,0.0,589.0,0.0,0.0,589.0,0.0,0.0,"Dec 31, 2018"
2117,2706181.0,18381.0,Ninewa,Mosul,Al-Kafaat 2nd,الكفاءات الثانية,36.397418,43.145595,132.0,792.0,0.0,0.0,0.0,0.0,0.0,0.0,0.0,0.0,0.0,0.0,0.0,0.0,132.0,0.0,0.0,0.0,0.0,0.0,0.0,25.0,0.0,0.0,0.0,0.0,0.0,0.0,107.0,0.0,0.0,107.0,0.0,0.0,0.0,0.0,0.0,0.0,0.0,0.0,0.0,0.0,0.0,0.0,0.0,0.0,0.0,0.0,0.0,0.0,0.0,0.0,132.0,0.0,0.0,132.0,0.0,0.0,"Dec 31, 2018"
2118,2706182.0,18357.0,Ninewa,Mosul,Al-sukar,حي السكر,36.3899616544,43.1695556418,964.0,5784.0,0.0,0.0,0.0,0.0,0.0,0.0,0.0,0.0,0.0,0.0,0.0,0.0,964.0,0.0,0.0,0.0,0.0,0.0,0.0,344.0,0.0,0.0,0.0,0.0,0.0,0.0,603.0,0.0,0.0,603.0,0.0,0.0,17.0,0.0,0.0,17.0,0.0,0.0,0.0,0.0,0.0,0.0,17.0,0.0,0.0,17.0,0.0,0.0,0.0,0.0,947.0,0.0,0.0,947.0,0.0,0.0,"Dec 31, 2018"
2119,2706183.0,18397.0,Ninewa,Mosul,Al-Swais,السويس,36.3585571243,43.1620391162,114.0,684.0,0.0,0.0,0.0,0.0,0.0,0.0,0.0,0.0,0.0,0.0,0.0,0.0,114.0,0.0,0.0,0.0,0.0,0.0,0.0,34.0,0.0,0.0,0.0,0.0,0.0,0.0,80.0,0.0,0.0,80.0,0.0,0.0,0.0,0.0,0.0,0.0,0.0,0.0,0.0,0.0,0.0,0.0,0.0,0.0,0.0,0.0,0.0,0.0,0.0,0.0,114.0,0.0,0.0,114.0,0.0,0.0,"Dec 31, 2018"
2120,2706184.0,18391.0,Ninewa,Mosul,Al-Masarif,حي المصارف,36.3824702993,43.1784873357,115.0,690.0,0.0,0.0,0.0,0.0,0.0,0.0,0.0,0.0,0.0,0.0,0.0,0.0,115.0,0.0,0.0,0.0,0.0,0.0,0.0,35.0,0.0,0.0,0.0,0.0,0.0,0.0,80.0,0.0,0.0,80.0,0.0,0.0,0.0,0.0,0.0,0.0,0.0,0.0,0.0,0.0,0.0,0.0,0.0,0.0,0.0,0.0,0.0,0.0,0.0,0.0,115.0,0.0,0.0,115.0,0.0,0.0,"Dec 31, 2018"
2121,2706185.0,18390.0,Ninewa,Mosul,7-Nisan,حي 7 نيسان,36.395788,43.162863,118.0,708.0,0.0,0.0,0.0,0.0,0.0,0.0,0.0,0.0,0.0,0.0,0.0,0.0,118.0,0.0,0.0,0.0,0.0,0.0,0.0,40.0,0.0,0.0,0.0,0.0,0.0,0.0,78.0,0.0,0.0,78.0,0.0,0.0,0.0,0.0,0.0,0.0,0.0,0.0,0.0,0.0,0.0,0.0,0.0,0.0,0.0,0.0,0.0,0.0,0.0,0.0,118.0,0.0,0.0,118.0,0.0,0.0,"Dec 31, 2018"
2122,2706186.0,18320.0,Ninewa,Mosul,Al-Baladyat,البلديات,36.3832167803,43.1623780113,466.0,2796.0,0.0,0.0,0.0,0.0,0.0,0.0,0.0,0.0,0.0,0.0,0.0,0.0,466.0,0.0,0.0,0.0,0.0,0.0,0.0,160.0,0.0,0.0,0.0,0.0,0.0,0.0,303.0,0.0,0.0,303.0,0.0,0.0,0.0,0.0,3.0,0.0,0.0,3.0,0.0,0.0,0.0,0.0,0.0,0.0,0.0,0.0,0.0,0.0,0.0,0.0,466.0,0.0,0.0,466.0,0.0,0.0,"Dec 31, 2018"
2123,2706187.0,31914.0,Ninewa,Mosul,Arbajiyah,اربجية,36.3735967563,43.2020608063,930.0,5580.0,0.0,0.0,0.0,0.0,0.0,0.0,0.0,0.0,0.0,0.0,0.0,0.0,930.0,0.0,0.0,0.0,0.0,0.0,0.0,150.0,0.0,0.0,0.0,0.0,0.0,0.0,780.0,0.0,0.0,780.0,0.0,0.0,0.0,0.0,0.0,0.0,0.0,0.0,0.0,0.0,0.0,0.0,0.0,0.0,0.0,0.0,0.0,0.0,0.0,0.0,930.0,0.0,0.0,930.0,0.0,0.0,"Dec 31, 2018"
2124,2706188.0,18388.0,Ninewa,Mosul,Alqadisiya Al-thaniya,القادسية الثانية,36.3759955304,43.1990935021,359.0,2154.0,0.0,0.0,0.0,0.0,0.0,0.0,0.0,0.0,0.0,0.0,0.0,0.0,359.0,0.0,0.0,0.0,0.0,0.0,0.0,133.0,0.0,0.0,0.0,0.0,0.0,0.0,220.0,0.0,0.0,220.0,0.0,0.0,6.0,0.0,0.0,6.0,0.0,0.0,0.0,0.0,0.0,0.0,0.0,0.0,0.0,0.0,0.0,0.0,0.0,0.0,359.0,0.0,0.0,359.0,0.0,0.0,"Dec 31, 2018"
2125,2706189.0,31915.0,Ninewa,Mosul,Al-Falah,حي الفلاح,36.3930904707,43.1806569481,95.0,570.0,0.0,0.0,0.0,0.0,0.0,0.0,0.0,0.0,0.0,0.0,0.0,0.0,95.0,0.0,0.0,0.0,0.0,0.0,0.0,15.0,0.0,0.0,0.0,0.0,0.0,0.0,80.0,0.0,0.0,80.0,0.0,0.0,0.0,0.0,0.0,0.0,0.0,0.0,0.0,0.0,0.0,0.0,0.0,0.0,0.0,0.0,0.0,0.0,0.0,0.0,95.0,0.0,0.0,95.0,0.0,0.0,"Dec 31, 2018"
2126,2706190.0,31916.0,Ninewa,Mosul,Yarmjah,يارمجة,36.3052153852,43.1833732138,330.0,1980.0,0.0,0.0,0.0,0.0,0.0,0.0,0.0,0.0,0.0,0.0,0.0,0.0,330.0,0.0,0.0,0.0,0.0,0.0,0.0,45.0,0.0,0.0,0.0,0.0,0.0,0.0,285.0,0.0,0.0,285.0,0.0,0.0,0.0,0.0,0.0,0.0,0.0,0.0,0.0,0.0,0.0,0.0,0.0,0.0,0.0,0.0,0.0,0.0,0.0,0.0,330.0,0.0,0.0,330.0,0.0,0.0,"Dec 31, 2018"
2127,2706191.0,31917.0,Ninewa,Mosul,Yarmjah Al-sharqiya,يارمجة الشرقية,36.294892998,43.2082247354,414.0,2484.0,0.0,0.0,0.0,0.0,0.0,0.0,0.0,0.0,0.0,0.0,0.0,0.0,414.0,0.0,0.0,0.0,0.0,0.0,0.0,35.0,0.0,0.0,0.0,0.0,0.0,0.0,339.0,0.0,0.0,339.0,0.0,0.0,0.0,0.0,40.0,0.0,0.0,40.0,0.0,0.0,0.0,0.0,0.0,0.0,0.0,0.0,0.0,0.0,0.0,0.0,414.0,0.0,0.0,414.0,0.0,0.0,"Dec 31, 2018"
2128,2706192.0,31918.0,Ninewa,Mosul,Al-Nahda,حي النهضة,36.3978991788,43.1953421792,335.0,2010.0,0.0,0.0,0.0,0.0,0.0,0.0,0.0,0.0,0.0,0.0,0.0,0.0,335.0,0.0,0.0,0.0,0.0,0.0,0.0,110.0,0.0,0.0,0.0,0.0,0.0,0.0,225.0,0.0,0.0,225.0,0.0,0.0,0.0,0.0,0.0,0.0,0.0,0.0,0.0,0.0,0.0,0.0,0.0,0.0,0.0,0.0,0.0,0.0,0.0,0.0,335.0,0.0,0.0,335.0,0.0,0.0,"Dec 31, 2018"
2129,2706193.0,18335.0,Ninewa,Mosul,Al-Andalus,حي الاندلس,36.3798173623,43.1327268758,85.0,510.0,0.0,0.0,0.0,0.0,0.0,0.0,0.0,0.0,0.0,0.0,0.0,0.0,85.0,0.0,0.0,0.0,0.0,0.0,0.0,20.0,0.0,0.0,0.0,0.0,0.0,0.0,65.0,0.0,0.0,65.0,0.0,0.0,0.0,0.0,0.0,0.0,0.0,0.0,0.0,0.0,0.0,0.0,0.0,0.0,0.0,0.0,0.0,0.0,0.0,0.0,85.0,0.0,0.0,85.0,0.0,0.0,"Dec 31, 2018"
2130,2706194.0,31919.0,Ninewa,Mosul,Bab Nergal,باب نركال,36.372232,43.144892,50.0,300.0,0.0,0.0,0.0,0.0,0.0,0.0,0.0,0.0,0.0,0.0,0.0,0.0,50.0,0.0,0.0,0.0,0.0,0.0,0.0,12.0,0.0,0.0,0.0,0.0,0.0,0.0,30.0,0.0,0.0,30.0,0.0,0.0,0.0,0.0,8.0,0.0,0.0,8.0,0.0,0.0,0.0,0.0,0.0,0.0,0.0,0.0,0.0,0.0,0.0,0.0,50.0,0.0,0.0,50.0,0.0,0.0,"Dec 31, 2018"
2131,2706195.0,31920.0,Ninewa,Mosul,Al-Moalemen,حي المعلمين,36.3892687201,43.1972291172,290.0,1740.0,0.0,0.0,0.0,0.0,0.0,0.0,0.0,0.0,0.0,0.0,0.0,0.0,290.0,0.0,0.0,0.0,0.0,0.0,0.0,80.0,0.0,0.0,0.0,0.0,0.0,0.0,210.0,0.0,0.0,210.0,0.0,0.0,0.0,0.0,0.0,0.0,0.0,0.0,0.0,0.0,0.0,0.0,0.0,0.0,0.0,0.0,0.0,0.0,0.0,0.0,290.0,0.0,0.0,290.0,0.0,0.0,"Dec 31, 2018"
2132,2706196.0,18323.0,Ninewa,Mosul,Al-Mothana,حي المثنى,36.3701215726,43.177421766,150.0,900.0,0.0,0.0,0.0,0.0,0.0,0.0,0.0,0.0,0.0,0.0,0.0,0.0,150.0,0.0,0.0,0.0,0.0,0.0,0.0,30.0,0.0,0.0,0.0,0.0,0.0,0.0,120.0,0.0,0.0,120.0,0.0,0.0,0.0,0.0,0.0,0.0,0.0,0.0,0.0,0.0,0.0,0.0,0.0,0.0,0.0,0.0,0.0,0.0,0.0,0.0,150.0,0.0,0.0,150.0,0.0,0.0,"Dec 31, 2018"
2133,2706197.0,31921.0,Ninewa,Mosul,AL-Refaq,حي الرفاق,36.3770044448,43.1681043166,130.0,780.0,0.0,0.0,0.0,0.0,0.0,0.0,0.0,0.0,0.0,0.0,0.0,0.0,130.0,0.0,0.0,0.0,0.0,0.0,0.0,45.0,0.0,0.0,0.0,0.0,0.0,0.0,75.0,0.0,0.0,75.0,0.0,0.0,10.0,0.0,0.0,10.0,0.0,0.0,0.0,0.0,0.0,0.0,0.0,0.0,0.0,0.0,0.0,0.0,0.0,0.0,130.0,0.0,0.0,130.0,0.0,0.0,"Dec 31, 2018"
2134,2706198.0,31922.0,Ninewa,Mosul,Al-Baath,حي البعث,36.3335761401,43.1647278617,257.0,1542.0,0.0,0.0,0.0,0.0,0.0,0.0,0.0,0.0,0.0,0.0,0.0,0.0,257.0,0.0,0.0,0.0,0.0,0.0,0.0,97.0,0.0,0.0,0.0,0.0,0.0,0.0,160.0,0.0,0.0,160.0,0.0,0.0,0.0,0.0,0.0,0.0,0.0,0.0,0.0,0.0,0.0,0.0,0.0,0.0,0.0,0.0,0.0,0.0,0.0,0.0,257.0,0.0,0.0,257.0,0.0,0.0,"Dec 31, 2018"
2135,2706200.0,31938.0,Ninewa,Mosul,Khirbt Shmam Village,قرية خربة شمام,35.721696,43.329554,1.0,6.0,0.0,0.0,0.0,0.0,0.0,0.0,0.0,0.0,0.0,0.0,0.0,0.0,1.0,0.0,0.0,0.0,0.0,0.0,0.0,0.0,0.0,0.0,0.0,0.0,0.0,0.0,1.0,0.0,0.0,1.0,0.0,0.0,0.0,0.0,0.0,0.0,0.0,0.0,0.0,0.0,0.0,0.0,0.0,0.0,0.0,0.0,0.0,0.0,0.0,0.0,1.0,0.0,0.0,1.0,0.0,0.0,"Dec 31, 2018"
2136,2706205.0,17680.0,Ninewa,Mosul,Al-farsia olya Village,قرية الفارسية عليا,35.9565,42.9671,4.0,24.0,0.0,0.0,0.0,0.0,0.0,0.0,0.0,0.0,0.0,0.0,0.0,0.0,4.0,0.0,0.0,0.0,0.0,0.0,0.0,0.0,0.0,0.0,0.0,0.0,0.0,0.0,4.0,0.0,0.0,4.0,0.0,0.0,0.0,0.0,0.0,0.0,0.0,0.0,0.0,0.0,0.0,0.0,0.0,0.0,0.0,0.0,0.0,0.0,0.0,0.0,4.0,0.0,0.0,4.0,0.0,0.0,"Dec 31, 2018"
2137,2706209.0,31944.0,Ninewa,Mosul,Dhala Village ,قرية دحلة,36.03887,43.0359,5.0,30.0,0.0,0.0,0.0,0.0,0.0,0.0,0.0,0.0,0.0,0.0,0.0,0.0,5.0,0.0,0.0,0.0,0.0,0.0,0.0,5.0,0.0,0.0,0.0,0.0,0.0,0.0,0.0,0.0,0.0,0.0,0.0,0.0,0.0,0.0,0.0,0.0,0.0,0.0,0.0,0.0,0.0,0.0,0.0,0.0,0.0,0.0,0.0,0.0,0.0,0.0,5.0,0.0,0.0,5.0,0.0,0.0,"Dec 31, 2018"
2138,2706214.0,31948.0,Ninewa,Mosul,Bower Albo Hmad Village,قرية بوير البوحمد,36.107315962,43.1237843524,5.0,30.0,0.0,0.0,0.0,0.0,0.0,0.0,0.0,0.0,0.0,0.0,0.0,0.0,5.0,0.0,0.0,0.0,0.0,0.0,0.0,5.0,0.0,0.0,0.0,0.0,0.0,0.0,0.0,0.0,0.0,0.0,0.0,0.0,0.0,0.0,0.0,0.0,0.0,0.0,0.0,0.0,0.0,0.0,0.0,0.0,0.0,0.0,0.0,0.0,0.0,0.0,5.0,0.0,0.0,5.0,0.0,0.0,"Dec 31, 2018"
2139,2706215.0,31936.0,Ninewa,Mosul,Al-Jmesa Village,قرية الجمسة,35.6487932768,43.2326795395,2.0,12.0,0.0,0.0,0.0,0.0,0.0,0.0,0.0,0.0,0.0,0.0,0.0,0.0,1.0,0.0,1.0,0.0,0.0,0.0,0.0,0.0,0.0,0.0,0.0,0.0,0.0,0.0,2.0,0.0,0.0,2.0,0.0,0.0,0.0,0.0,0.0,0.0,0.0,0.0,0.0,0.0,2.0,0.0,0.0,2.0,0.0,0.0,0.0,0.0,0.0,0.0,0.0,0.0,0.0,0.0,0.0,0.0,"Dec 31, 2018"
2140,2706216.0,23545.0,Ninewa,Mosul,Al-zakrotiyah Village,قرية الزكروطية,36.253026,43.178052,3.0,18.0,0.0,0.0,0.0,0.0,0.0,0.0,0.0,0.0,0.0,0.0,0.0,0.0,3.0,0.0,0.0,0.0,0.0,0.0,0.0,3.0,0.0,0.0,0.0,0.0,0.0,0.0,0.0,0.0,0.0,0.0,0.0,0.0,0.0,0.0,0.0,0.0,0.0,0.0,0.0,0.0,0.0,0.0,0.0,0.0,0.0,0.0,0.0,0.0,0.0,0.0,3.0,0.0,0.0,3.0,0.0,0.0,"Dec 31, 2018"
2141,2706225.0,32085.0,Ninewa,Mosul,Imam Village,قرية الامام,35.6986844292,43.277284417,10.0,60.0,0.0,0.0,0.0,0.0,0.0,0.0,0.0,0.0,0.0,0.0,0.0,0.0,10.0,0.0,0.0,0.0,0.0,0.0,0.0,10.0,0.0,0.0,0.0,0.0,0.0,0.0,0.0,0.0,0.0,0.0,0.0,0.0,0.0,0.0,0.0,0.0,0.0,0.0,0.0,0.0,0.0,0.0,0.0,0.0,0.0,0.0,0.0,0.0,0.0,0.0,0.0,0.0,10.0,0.0,10.0,0.0,"Dec 31, 2018"
2142,2706230.0,33166.0,Ninewa,Mosul,Badosh Al-thania Village,قرية بادوش الثانية,36.4171555904,42.960422826,80.0,480.0,0.0,0.0,0.0,0.0,0.0,0.0,0.0,0.0,0.0,0.0,0.0,0.0,80.0,0.0,0.0,0.0,0.0,0.0,0.0,0.0,0.0,0.0,0.0,0.0,0.0,0.0,80.0,0.0,0.0,80.0,0.0,0.0,0.0,0.0,0.0,0.0,0.0,0.0,0.0,0.0,0.0,0.0,0.0,0.0,0.0,0.0,0.0,0.0,0.0,0.0,0.0,0.0,80.0,0.0,80.0,0.0,"Dec 31, 2018"
2143,2706231.0,18040.0,Ninewa,Mosul,Tel Al-raes Al-awola Village,قرية تل الريس الاولى,36.415558,42.969005,5.0,30.0,0.0,0.0,0.0,0.0,0.0,0.0,0.0,0.0,0.0,0.0,0.0,0.0,5.0,0.0,0.0,0.0,0.0,0.0,0.0,0.0,0.0,0.0,0.0,0.0,0.0,0.0,5.0,0.0,0.0,5.0,0.0,0.0,0.0,0.0,0.0,0.0,0.0,0.0,0.0,0.0,0.0,0.0,0.0,0.0,0.0,0.0,0.0,0.0,0.0,0.0,0.0,0.0,5.0,0.0,5.0,0.0,"Dec 31, 2018"
2144,2706232.0,17424.0,Ninewa,Mosul,Ahmedat Village,قرية حميدات,36.4035622522,42.979444155,1.0,6.0,0.0,0.0,0.0,0.0,0.0,0.0,0.0,0.0,0.0,0.0,0.0,0.0,1.0,0.0,0.0,0.0,0.0,0.0,0.0,0.0,0.0,0.0,0.0,0.0,0.0,0.0,1.0,0.0,0.0,1.0,0.0,0.0,0.0,0.0,0.0,0.0,0.0,0.0,0.0,0.0,0.0,0.0,0.0,0.0,0.0,0.0,0.0,0.0,0.0,0.0,0.0,0.0,1.0,0.0,1.0,0.0,"Dec 31, 2018"
2145,2706252.0,33203.0,Ninewa,Mosul,Al-Shahed Adnan,الشهيد عدنان,36.4112188632,42.9364929254,5.0,30.0,0.0,0.0,0.0,0.0,0.0,0.0,0.0,0.0,0.0,0.0,0.0,0.0,5.0,0.0,0.0,0.0,0.0,0.0,0.0,0.0,0.0,0.0,0.0,0.0,0.0,0.0,5.0,0.0,0.0,5.0,0.0,0.0,0.0,0.0,0.0,0.0,0.0,0.0,0.0,0.0,0.0,0.0,0.0,0.0,0.0,0.0,5.0,0.0,0.0,5.0,0.0,0.0,0.0,0.0,0.0,0.0,"Dec 31, 2018"
2146,2706254.0,20933.0,Ninewa,Mosul,Al-Thalja Village,قرية الثلجة,36.3736950554,42.9319395812,4.0,24.0,0.0,0.0,0.0,0.0,0.0,0.0,0.0,0.0,0.0,0.0,0.0,0.0,4.0,0.0,0.0,0.0,0.0,0.0,0.0,0.0,0.0,0.0,0.0,0.0,0.0,0.0,4.0,0.0,0.0,4.0,0.0,0.0,0.0,0.0,0.0,0.0,0.0,0.0,0.0,0.0,0.0,0.0,4.0,0.0,0.0,4.0,0.0,0.0,0.0,0.0,0.0,0.0,0.0,0.0,0.0,0.0,"Dec 31, 2018"
2147,2706261.0,33244.0,Ninewa,Mosul,Al-smood,حي الصمود,36.3138555645,43.113403177,30.0,180.0,0.0,0.0,0.0,0.0,0.0,0.0,0.0,0.0,0.0,0.0,0.0,0.0,30.0,0.0,0.0,0.0,0.0,0.0,0.0,0.0,0.0,0.0,0.0,0.0,0.0,0.0,30.0,0.0,0.0,30.0,0.0,0.0,0.0,0.0,0.0,0.0,0.0,0.0,0.0,0.0,0.0,0.0,0.0,0.0,0.0,0.0,0.0,0.0,0.0,0.0,30.0,0.0,0.0,30.0,0.0,0.0,"Dec 31, 2018"
2148,2706262.0,33245.0,Ninewa,Mosul,Al-Moalimen,حي المعلمين,36.316155388,43.0973728935,100.0,600.0,0.0,0.0,0.0,0.0,0.0,0.0,0.0,0.0,0.0,0.0,0.0,0.0,100.0,0.0,0.0,0.0,0.0,0.0,0.0,0.0,0.0,0.0,0.0,0.0,0.0,0.0,100.0,0.0,0.0,100.0,0.0,0.0,0.0,0.0,0.0,0.0,0.0,0.0,0.0,0.0,0.0,0.0,0.0,0.0,0.0,0.0,0.0,0.0,0.0,0.0,100.0,0.0,0.0,100.0,0.0,0.0,"Dec 31, 2018"
2149,2706263.0,18401.0,Ninewa,Mosul,Al-eakedat,حي العكيدات,36.3305362612,43.1281213689,120.0,720.0,0.0,0.0,0.0,0.0,0.0,0.0,0.0,0.0,0.0,0.0,0.0,0.0,120.0,0.0,0.0,0.0,0.0,0.0,0.0,0.0,0.0,0.0,0.0,0.0,0.0,0.0,120.0,0.0,0.0,120.0,0.0,0.0,0.0,0.0,0.0,0.0,0.0,0.0,0.0,0.0,0.0,0.0,0.0,0.0,0.0,0.0,0.0,0.0,0.0,0.0,120.0,0.0,0.0,120.0,0.0,0.0,"Dec 31, 2018"
2150,2706264.0,33246.0,Ninewa,Mosul,Al-Maghreb,حي المغرب,36.3353887621,43.0927618086,52.0,312.0,0.0,0.0,0.0,0.0,0.0,0.0,0.0,0.0,0.0,0.0,0.0,0.0,52.0,0.0,0.0,0.0,0.0,0.0,0.0,0.0,0.0,0.0,0.0,0.0,0.0,0.0,52.0,0.0,0.0,52.0,0.0,0.0,0.0,0.0,0.0,0.0,0.0,0.0,0.0,0.0,0.0,0.0,0.0,0.0,0.0,0.0,0.0,0.0,0.0,0.0,52.0,0.0,0.0,52.0,0.0,0.0,"Dec 31, 2018"
2151,2706265.0,33247.0,Ninewa,Mosul,Al-Jawsaq,الجوسق,36.3264553836,43.1478073825,25.0,150.0,0.0,0.0,0.0,0.0,0.0,0.0,0.0,0.0,0.0,0.0,0.0,0.0,25.0,0.0,0.0,0.0,0.0,0.0,0.0,25.0,0.0,0.0,0.0,0.0,0.0,0.0,0.0,0.0,0.0,0.0,0.0,0.0,0.0,0.0,0.0,0.0,0.0,0.0,0.0,0.0,0.0,0.0,0.0,0.0,0.0,0.0,0.0,0.0,0.0,0.0,25.0,0.0,0.0,25.0,0.0,0.0,"Dec 31, 2018"
2152,2706266.0,33248.0,Ninewa,Mosul,Al-Rabeea,حي الربيع,36.3600723009,43.0945912704,100.0,600.0,0.0,0.0,0.0,0.0,0.0,0.0,0.0,0.0,0.0,0.0,0.0,0.0,100.0,0.0,0.0,0.0,0.0,0.0,0.0,0.0,0.0,0.0,0.0,0.0,0.0,0.0,100.0,0.0,0.0,100.0,0.0,0.0,0.0,0.0,0.0,0.0,0.0,0.0,0.0,0.0,0.0,0.0,0.0,0.0,0.0,0.0,0.0,0.0,0.0,0.0,100.0,0.0,0.0,100.0,0.0,0.0,"Dec 31, 2018"
2153,2706267.0,33249.0,Ninewa,Mosul,Wadi Al-Ain,وادي العين,36.3275417498,43.1028680766,5.0,30.0,0.0,0.0,0.0,0.0,0.0,0.0,0.0,0.0,0.0,0.0,0.0,0.0,5.0,0.0,0.0,0.0,0.0,0.0,0.0,0.0,0.0,0.0,0.0,0.0,0.0,0.0,5.0,0.0,0.0,5.0,0.0,0.0,0.0,0.0,0.0,0.0,0.0,0.0,0.0,0.0,0.0,0.0,0.0,0.0,0.0,0.0,0.0,0.0,0.0,0.0,5.0,0.0,0.0,5.0,0.0,0.0,"Dec 31, 2018"
2154,2706268.0,33250.0,Ninewa,Mosul,Al-Abar,الابار,36.3394549581,43.0969871189,60.0,360.0,0.0,0.0,0.0,0.0,0.0,0.0,0.0,0.0,0.0,0.0,0.0,0.0,60.0,0.0,0.0,0.0,0.0,0.0,0.0,0.0,0.0,0.0,0.0,0.0,0.0,0.0,60.0,0.0,0.0,60.0,0.0,0.0,0.0,0.0,0.0,0.0,0.0,0.0,0.0,0.0,0.0,0.0,0.0,0.0,0.0,0.0,0.0,0.0,0.0,0.0,60.0,0.0,0.0,60.0,0.0,0.0,"Dec 31, 2018"
2155,2706270.0,33252.0,Ninewa,Mosul,Al-Sinaa Al-Qadema,الصناعة القديمة,36.337328989,43.1061510873,20.0,120.0,0.0,0.0,0.0,0.0,0.0,0.0,0.0,0.0,0.0,0.0,0.0,0.0,20.0,0.0,0.0,0.0,0.0,0.0,0.0,0.0,0.0,0.0,0.0,0.0,0.0,0.0,20.0,0.0,0.0,20.0,0.0,0.0,0.0,0.0,0.0,0.0,0.0,0.0,0.0,0.0,0.0,0.0,0.0,0.0,0.0,0.0,0.0,0.0,0.0,0.0,20.0,0.0,0.0,20.0,0.0,0.0,"Dec 31, 2018"
2156,2706272.0,33254.0,Ninewa,Mosul,Msherfa 1,مشيرفة 1,36.378503539,43.0776154105,150.0,900.0,0.0,0.0,0.0,0.0,0.0,0.0,0.0,0.0,0.0,0.0,0.0,0.0,150.0,0.0,0.0,0.0,0.0,0.0,0.0,0.0,0.0,0.0,0.0,0.0,0.0,0.0,150.0,0.0,0.0,150.0,0.0,0.0,0.0,0.0,0.0,0.0,0.0,0.0,0.0,0.0,0.0,0.0,0.0,0.0,0.0,0.0,0.0,0.0,0.0,0.0,150.0,0.0,0.0,150.0,0.0,0.0,"Dec 31, 2018"
2157,2706275.0,18248.0,Ninewa,Mosul,Al-Najjar,النجار,36.360459,43.101773,150.0,900.0,0.0,0.0,0.0,0.0,0.0,0.0,0.0,0.0,0.0,0.0,0.0,0.0,150.0,0.0,0.0,0.0,0.0,0.0,0.0,0.0,0.0,0.0,0.0,0.0,0.0,0.0,150.0,0.0,0.0,150.0,0.0,0.0,0.0,0.0,0.0,0.0,0.0,0.0,0.0,0.0,0.0,0.0,0.0,0.0,0.0,0.0,0.0,0.0,0.0,0.0,150.0,0.0,0.0,150.0,0.0,0.0,"Dec 31, 2018"
2158,2706277.0,33242.0,Ninewa,Mosul,Tal Samer AlKaber Village,قرية تل سمير الكبير,36.0703091801,42.6850738314,7.0,42.0,0.0,0.0,0.0,0.0,0.0,0.0,0.0,0.0,0.0,0.0,0.0,0.0,7.0,0.0,0.0,0.0,0.0,0.0,0.0,7.0,0.0,0.0,0.0,0.0,0.0,0.0,0.0,0.0,0.0,0.0,0.0,0.0,0.0,0.0,0.0,0.0,0.0,0.0,0.0,0.0,0.0,0.0,0.0,0.0,0.0,0.0,0.0,0.0,0.0,0.0,0.0,0.0,7.0,0.0,7.0,0.0,"Dec 31, 2018"
2159,2706279.0,21335.0,Ninewa,Mosul,Al-Sihha,حي الصحة,36.3482788036,43.1022400141,65.0,390.0,0.0,0.0,0.0,0.0,0.0,0.0,0.0,0.0,0.0,0.0,0.0,0.0,65.0,0.0,0.0,0.0,0.0,0.0,0.0,0.0,0.0,1.0,0.0,0.0,1.0,0.0,64.0,0.0,0.0,64.0,0.0,0.0,0.0,0.0,0.0,0.0,0.0,0.0,0.0,0.0,0.0,0.0,0.0,0.0,0.0,0.0,0.0,0.0,0.0,0.0,65.0,0.0,0.0,65.0,0.0,0.0,"Dec 31, 2018"
2160,2706280.0,33257.0,Ninewa,Mosul,Msherfa 2,مشيرفة 2,36.3788367126,43.0738049805,63.0,378.0,0.0,0.0,0.0,0.0,0.0,0.0,0.0,0.0,0.0,0.0,0.0,0.0,63.0,0.0,0.0,0.0,0.0,0.0,0.0,0.0,0.0,0.0,0.0,0.0,0.0,0.0,63.0,0.0,0.0,63.0,0.0,0.0,0.0,0.0,0.0,0.0,0.0,0.0,0.0,0.0,0.0,0.0,0.0,0.0,0.0,0.0,0.0,0.0,0.0,0.0,63.0,0.0,0.0,63.0,0.0,0.0,"Dec 31, 2018"
2161,2706281.0,18330.0,Ninewa,Mosul,Door Al-Sukar,دور السكر,36.3152504691,43.1180903695,100.0,600.0,0.0,0.0,0.0,0.0,0.0,0.0,0.0,0.0,0.0,0.0,0.0,0.0,100.0,0.0,0.0,0.0,0.0,0.0,0.0,0.0,0.0,0.0,0.0,0.0,0.0,0.0,100.0,0.0,0.0,100.0,0.0,0.0,0.0,0.0,0.0,0.0,0.0,0.0,0.0,0.0,0.0,0.0,0.0,0.0,0.0,0.0,0.0,0.0,0.0,0.0,100.0,0.0,0.0,100.0,0.0,0.0,"Dec 31, 2018"
2162,2706292.0,33264.0,Ninewa,Mosul,Al-Matahin,المطاحن,36.3376,43.090116,200.0,1200.0,0.0,0.0,0.0,0.0,0.0,0.0,0.0,0.0,0.0,0.0,0.0,0.0,200.0,0.0,0.0,0.0,0.0,0.0,0.0,0.0,0.0,0.0,0.0,0.0,0.0,0.0,200.0,0.0,0.0,200.0,0.0,0.0,0.0,0.0,0.0,0.0,0.0,0.0,0.0,0.0,0.0,0.0,0.0,0.0,0.0,0.0,0.0,0.0,0.0,0.0,200.0,0.0,0.0,200.0,0.0,0.0,"Dec 31, 2018"
2163,2706300.0,33289.0,Ninewa,Mosul,Al Sikak,حي السكك,36.3405288778,43.0868081357,237.0,1422.0,0.0,0.0,0.0,0.0,0.0,0.0,0.0,0.0,0.0,0.0,0.0,0.0,237.0,0.0,0.0,0.0,0.0,0.0,0.0,0.0,0.0,0.0,0.0,0.0,0.0,0.0,237.0,0.0,0.0,237.0,0.0,0.0,0.0,0.0,0.0,0.0,0.0,0.0,0.0,0.0,0.0,0.0,0.0,0.0,0.0,0.0,0.0,0.0,0.0,0.0,237.0,0.0,0.0,237.0,0.0,0.0,"Dec 31, 2018"
2164,2706301.0,17452.0,Ninewa,Mosul,Al-Khaberat Village,قرية الخبيرات,36.2383233436,42.9363997809,4.0,24.0,0.0,0.0,0.0,0.0,0.0,0.0,0.0,0.0,0.0,0.0,0.0,0.0,0.0,0.0,4.0,0.0,0.0,0.0,0.0,4.0,0.0,0.0,0.0,0.0,0.0,0.0,0.0,0.0,0.0,0.0,0.0,0.0,0.0,0.0,0.0,0.0,0.0,0.0,0.0,0.0,4.0,0.0,0.0,4.0,0.0,0.0,0.0,0.0,0.0,0.0,0.0,0.0,0.0,0.0,0.0,0.0,"Dec 31, 2018"
2165,2706315.0,33376.0,Ninewa,Mosul,Al-Shurta,حي الشرطة,36.375080493,43.1357618908,565.0,3390.0,0.0,0.0,0.0,0.0,0.0,0.0,0.0,0.0,0.0,0.0,0.0,0.0,565.0,0.0,0.0,0.0,0.0,0.0,0.0,175.0,0.0,0.0,0.0,0.0,0.0,0.0,390.0,0.0,0.0,390.0,0.0,0.0,0.0,0.0,0.0,0.0,0.0,0.0,0.0,0.0,0.0,0.0,0.0,0.0,0.0,0.0,0.0,0.0,0.0,0.0,565.0,0.0,0.0,565.0,0.0,0.0,"Dec 31, 2018"
2166,2707001.0,22490.0,Ninewa,Sinjar,Hay Al Naser,حي النصر,36.3205132417,41.8468825936,216.0,1296.0,0.0,0.0,0.0,0.0,0.0,0.0,0.0,0.0,0.0,0.0,0.0,0.0,216.0,0.0,0.0,0.0,0.0,0.0,0.0,216.0,0.0,0.0,0.0,0.0,0.0,0.0,0.0,0.0,0.0,0.0,0.0,0.0,0.0,0.0,0.0,0.0,0.0,0.0,0.0,0.0,0.0,0.0,216.0,0.0,0.0,216.0,0.0,0.0,0.0,0.0,0.0,0.0,0.0,0.0,0.0,0.0,"Dec 31, 2018"
2167,2707004.0,17845.0,Ninewa,Sinjar,Khana sor,خانصور,36.4647407537,41.6275786136,500.0,3000.0,0.0,0.0,0.0,0.0,0.0,0.0,0.0,0.0,0.0,0.0,0.0,0.0,500.0,0.0,0.0,0.0,0.0,0.0,0.0,500.0,0.0,0.0,0.0,0.0,0.0,0.0,0.0,0.0,0.0,0.0,0.0,0.0,0.0,0.0,0.0,0.0,0.0,0.0,0.0,0.0,0.0,0.0,500.0,0.0,0.0,500.0,0.0,0.0,0.0,0.0,0.0,0.0,0.0,0.0,0.0,0.0,"Dec 31, 2018"
2168,2707005.0,17928.0,Ninewa,Sinjar,Sinuni center,مركز سنوني,36.4659398405,41.7133853273,860.0,5160.0,0.0,0.0,0.0,0.0,0.0,0.0,0.0,0.0,0.0,0.0,0.0,0.0,860.0,0.0,0.0,0.0,0.0,0.0,0.0,860.0,0.0,0.0,0.0,0.0,0.0,0.0,0.0,0.0,0.0,0.0,0.0,0.0,0.0,0.0,0.0,0.0,0.0,0.0,0.0,0.0,0.0,0.0,860.0,0.0,0.0,860.0,0.0,0.0,0.0,0.0,0.0,0.0,0.0,0.0,0.0,0.0,"Dec 31, 2018"
2169,2707006.0,27283.0,Ninewa,Sinjar,Dokri,دوكري,36.4701733439,41.7381184621,30.0,180.0,0.0,0.0,0.0,0.0,0.0,0.0,0.0,0.0,0.0,0.0,0.0,0.0,30.0,0.0,0.0,0.0,0.0,0.0,0.0,30.0,0.0,0.0,0.0,0.0,0.0,0.0,0.0,0.0,0.0,0.0,0.0,0.0,0.0,0.0,0.0,0.0,0.0,0.0,0.0,0.0,0.0,0.0,30.0,0.0,0.0,30.0,0.0,0.0,0.0,0.0,0.0,0.0,0.0,0.0,0.0,0.0,"Dec 31, 2018"
2170,2707008.0,27285.0,Ninewa,Sinjar,Borek,بورك,36.4943673864,41.8682061344,160.0,960.0,0.0,0.0,0.0,0.0,0.0,0.0,0.0,0.0,0.0,0.0,0.0,0.0,160.0,0.0,0.0,0.0,0.0,0.0,0.0,160.0,0.0,0.0,0.0,0.0,0.0,0.0,0.0,0.0,0.0,0.0,0.0,0.0,0.0,0.0,0.0,0.0,0.0,0.0,0.0,0.0,0.0,0.0,160.0,0.0,0.0,160.0,0.0,0.0,0.0,0.0,0.0,0.0,0.0,0.0,0.0,0.0,"Dec 31, 2018"
2171,2707009.0,18048.0,Ninewa,Sinjar,Guhbal and shorka,كهبل +شوركا  ,36.5057295193,41.9573619912,7.0,42.0,0.0,0.0,0.0,0.0,0.0,0.0,0.0,0.0,0.0,0.0,0.0,0.0,7.0,0.0,0.0,0.0,0.0,0.0,0.0,5.0,0.0,0.0,0.0,0.0,0.0,0.0,2.0,0.0,0.0,2.0,0.0,0.0,0.0,0.0,0.0,0.0,0.0,0.0,0.0,0.0,0.0,0.0,5.0,0.0,0.0,5.0,0.0,0.0,0.0,0.0,2.0,0.0,0.0,2.0,0.0,0.0,"Dec 31, 2018"
2172,2707011.0,27288.0,Ninewa,Sinjar,Karsi ,كرسي,36.3771646344,41.6876967733,89.0,534.0,0.0,0.0,0.0,0.0,0.0,0.0,0.0,0.0,0.0,0.0,0.0,0.0,89.0,0.0,0.0,0.0,0.0,0.0,0.0,89.0,0.0,0.0,0.0,0.0,0.0,0.0,0.0,0.0,0.0,0.0,0.0,0.0,0.0,0.0,0.0,0.0,0.0,0.0,0.0,0.0,0.0,0.0,89.0,0.0,0.0,89.0,0.0,0.0,0.0,0.0,0.0,0.0,0.0,0.0,0.0,0.0,"Dec 31, 2018"
2173,2707012.0,27358.0,Ninewa,Sinjar,Kolka,كولكا,36.3715289124,41.7251107824,40.0,240.0,0.0,0.0,0.0,0.0,0.0,0.0,0.0,0.0,0.0,0.0,0.0,0.0,40.0,0.0,0.0,0.0,0.0,0.0,0.0,12.0,0.0,28.0,0.0,0.0,28.0,0.0,0.0,0.0,0.0,0.0,0.0,0.0,0.0,0.0,0.0,0.0,0.0,0.0,0.0,0.0,0.0,0.0,40.0,0.0,0.0,40.0,0.0,0.0,0.0,0.0,0.0,0.0,0.0,0.0,0.0,0.0,"Dec 31, 2018"
2174,2707013.0,27359.0,Ninewa,Sinjar,Semi-Hester,سمي هيستر,36.3714887655,41.7126528126,45.0,270.0,0.0,0.0,0.0,0.0,0.0,0.0,0.0,0.0,0.0,0.0,0.0,0.0,45.0,0.0,0.0,0.0,0.0,0.0,0.0,7.0,0.0,3.0,0.0,0.0,3.0,0.0,0.0,0.0,0.0,0.0,0.0,0.0,0.0,0.0,35.0,0.0,0.0,35.0,0.0,0.0,0.0,0.0,45.0,0.0,0.0,45.0,0.0,0.0,0.0,0.0,0.0,0.0,0.0,0.0,0.0,0.0,"Dec 31, 2018"
2175,2707014.0,17694.0,Ninewa,Sinjar,Quwasi,قويسي,36.4536646772,41.7582550441,3.0,18.0,0.0,0.0,0.0,0.0,0.0,0.0,0.0,0.0,0.0,0.0,0.0,0.0,3.0,0.0,0.0,0.0,0.0,0.0,0.0,3.0,0.0,0.0,0.0,0.0,0.0,0.0,0.0,0.0,0.0,0.0,0.0,0.0,0.0,0.0,0.0,0.0,0.0,0.0,0.0,0.0,0.0,0.0,3.0,0.0,0.0,3.0,0.0,0.0,0.0,0.0,0.0,0.0,0.0,0.0,0.0,0.0,"Dec 31, 2018"
2176,2707015.0,27360.0,Ninewa,Sinjar,Barah,باره,36.3712,41.4907,11.0,66.0,0.0,0.0,0.0,0.0,0.0,0.0,0.0,0.0,0.0,0.0,0.0,0.0,11.0,0.0,0.0,0.0,0.0,0.0,0.0,11.0,0.0,0.0,0.0,0.0,0.0,0.0,0.0,0.0,0.0,0.0,0.0,0.0,0.0,0.0,0.0,0.0,0.0,0.0,0.0,0.0,0.0,0.0,11.0,0.0,0.0,11.0,0.0,0.0,0.0,0.0,0.0,0.0,0.0,0.0,0.0,0.0,"Dec 31, 2018"
2177,2707016.0,27361.0,Ninewa,Sinjar,Wary Bahdo,واري بهدو,36.3811689593,41.7919379924,80.0,480.0,0.0,0.0,0.0,0.0,0.0,0.0,0.0,0.0,0.0,0.0,0.0,0.0,80.0,0.0,0.0,0.0,0.0,0.0,0.0,0.0,0.0,80.0,0.0,0.0,80.0,0.0,0.0,0.0,0.0,0.0,0.0,0.0,0.0,0.0,0.0,0.0,0.0,0.0,0.0,0.0,0.0,0.0,80.0,0.0,0.0,80.0,0.0,0.0,0.0,0.0,0.0,0.0,0.0,0.0,0.0,0.0,"Dec 31, 2018"
2178,2707017.0,27362.0,Ninewa,Sinjar,Sardashty,سردشتي,36.3738235832,41.7492235827,224.0,1344.0,0.0,0.0,0.0,0.0,0.0,0.0,0.0,0.0,0.0,0.0,0.0,0.0,224.0,0.0,0.0,0.0,0.0,0.0,0.0,0.0,0.0,224.0,0.0,0.0,224.0,0.0,0.0,0.0,0.0,0.0,0.0,0.0,0.0,0.0,0.0,0.0,0.0,0.0,0.0,0.0,0.0,0.0,224.0,0.0,0.0,224.0,0.0,0.0,0.0,0.0,0.0,0.0,0.0,0.0,0.0,0.0,"Dec 31, 2018"
2179,2707018.0,27363.0,Ninewa,Sinjar,Osiva,اوسفا,36.4172227527,41.8842852281,23.0,138.0,0.0,0.0,0.0,0.0,0.0,0.0,0.0,0.0,0.0,0.0,0.0,0.0,23.0,0.0,0.0,0.0,0.0,0.0,0.0,3.0,0.0,15.0,0.0,0.0,15.0,0.0,0.0,0.0,0.0,0.0,0.0,0.0,0.0,0.0,5.0,0.0,0.0,5.0,0.0,0.0,0.0,0.0,23.0,0.0,0.0,23.0,0.0,0.0,0.0,0.0,0.0,0.0,0.0,0.0,0.0,0.0,"Dec 31, 2018"
2180,2707019.0,27364.0,Ninewa,Sinjar,Melik,ملك,36.3723527094,41.7071758473,110.0,660.0,0.0,0.0,0.0,0.0,0.0,0.0,0.0,0.0,0.0,0.0,0.0,0.0,110.0,0.0,0.0,0.0,0.0,0.0,0.0,17.0,0.0,0.0,0.0,0.0,0.0,0.0,0.0,0.0,0.0,0.0,0.0,0.0,0.0,0.0,93.0,0.0,0.0,93.0,0.0,0.0,0.0,0.0,110.0,0.0,0.0,110.0,0.0,0.0,0.0,0.0,0.0,0.0,0.0,0.0,0.0,0.0,"Dec 31, 2018"
2181,2707020.0,27365.0,Ninewa,Sinjar,Bayevok,بايفوك,36.4342847104,41.9066503392,4.0,24.0,0.0,0.0,0.0,0.0,0.0,0.0,0.0,0.0,0.0,0.0,0.0,0.0,4.0,0.0,0.0,0.0,0.0,0.0,0.0,2.0,0.0,2.0,0.0,0.0,2.0,0.0,0.0,0.0,0.0,0.0,0.0,0.0,0.0,0.0,0.0,0.0,0.0,0.0,0.0,0.0,0.0,0.0,4.0,0.0,0.0,4.0,0.0,0.0,0.0,0.0,0.0,0.0,0.0,0.0,0.0,0.0,"Dec 31, 2018"
2182,2707021.0,27366.0,Ninewa,Sinjar,Balif,بليف,36.4286986037,41.6989191402,126.0,756.0,0.0,0.0,0.0,0.0,0.0,0.0,0.0,0.0,0.0,0.0,0.0,0.0,126.0,0.0,0.0,0.0,0.0,0.0,0.0,100.0,0.0,26.0,0.0,0.0,26.0,0.0,0.0,0.0,0.0,0.0,0.0,0.0,0.0,0.0,0.0,0.0,0.0,0.0,0.0,0.0,0.0,0.0,126.0,0.0,0.0,126.0,0.0,0.0,0.0,0.0,0.0,0.0,0.0,0.0,0.0,0.0,"Dec 31, 2018"
2183,2707022.0,27396.0,Ninewa,Sinjar,Adika,اديكا,36.4487357598,41.7560540013,2.0,12.0,0.0,0.0,0.0,0.0,0.0,0.0,0.0,0.0,0.0,0.0,0.0,0.0,2.0,0.0,0.0,0.0,0.0,0.0,0.0,2.0,0.0,0.0,0.0,0.0,0.0,0.0,0.0,0.0,0.0,0.0,0.0,0.0,0.0,0.0,0.0,0.0,0.0,0.0,0.0,0.0,0.0,0.0,2.0,0.0,0.0,2.0,0.0,0.0,0.0,0.0,0.0,0.0,0.0,0.0,0.0,0.0,"Dec 31, 2018"
2184,2707024.0,27398.0,Ninewa,Sinjar,Cheyl mira,جيل ميرا,36.3924186694,41.8329721345,37.0,222.0,0.0,0.0,0.0,0.0,0.0,0.0,0.0,0.0,0.0,0.0,0.0,0.0,37.0,0.0,0.0,0.0,0.0,0.0,0.0,15.0,0.0,17.0,0.0,0.0,17.0,0.0,0.0,0.0,0.0,0.0,0.0,0.0,0.0,0.0,5.0,0.0,0.0,5.0,0.0,0.0,0.0,0.0,37.0,0.0,0.0,37.0,0.0,0.0,0.0,0.0,0.0,0.0,0.0,0.0,0.0,0.0,"Dec 31, 2018"
2185,2707025.0,27399.0,Ninewa,Sinjar,Sharaf Alddin,شرف الدين,36.4298407829,41.8680823331,40.0,240.0,0.0,0.0,0.0,0.0,0.0,0.0,0.0,0.0,0.0,0.0,0.0,0.0,40.0,0.0,0.0,0.0,0.0,0.0,0.0,21.0,0.0,19.0,0.0,0.0,19.0,0.0,0.0,0.0,0.0,0.0,0.0,0.0,0.0,0.0,0.0,0.0,0.0,0.0,0.0,0.0,0.0,0.0,40.0,0.0,0.0,40.0,0.0,0.0,0.0,0.0,0.0,0.0,0.0,0.0,0.0,0.0,"Dec 31, 2018"
2186,2707026.0,27400.0,Ninewa,Sinjar,Shyebl Qasim,شيبل قاسم,36.3759179334,41.7154140262,30.0,180.0,0.0,0.0,0.0,0.0,0.0,0.0,0.0,0.0,0.0,0.0,0.0,0.0,30.0,0.0,0.0,0.0,0.0,0.0,0.0,30.0,0.0,0.0,0.0,0.0,0.0,0.0,0.0,0.0,0.0,0.0,0.0,0.0,0.0,0.0,0.0,0.0,0.0,0.0,0.0,0.0,0.0,0.0,30.0,0.0,0.0,30.0,0.0,0.0,0.0,0.0,0.0,0.0,0.0,0.0,0.0,0.0,"Dec 31, 2018"
2187,2707027.0,27401.0,Ninewa,Sinjar,Haliqye,حليقي,36.459690092,41.6126350582,7.0,42.0,0.0,0.0,0.0,0.0,0.0,0.0,0.0,0.0,0.0,0.0,0.0,0.0,7.0,0.0,0.0,0.0,0.0,0.0,0.0,7.0,0.0,0.0,0.0,0.0,0.0,0.0,0.0,0.0,0.0,0.0,0.0,0.0,0.0,0.0,0.0,0.0,0.0,0.0,0.0,0.0,0.0,0.0,7.0,0.0,0.0,7.0,0.0,0.0,0.0,0.0,0.0,0.0,0.0,0.0,0.0,0.0,"Dec 31, 2018"
2188,2707029.0,27403.0,Ninewa,Sinjar,Ashti & Heriko,اشتي و هريكو,36.4527940371,41.7074081439,118.0,708.0,0.0,0.0,0.0,0.0,0.0,0.0,0.0,0.0,0.0,0.0,0.0,0.0,118.0,0.0,0.0,0.0,0.0,0.0,0.0,118.0,0.0,0.0,0.0,0.0,0.0,0.0,0.0,0.0,0.0,0.0,0.0,0.0,0.0,0.0,0.0,0.0,0.0,0.0,0.0,0.0,0.0,0.0,118.0,0.0,0.0,118.0,0.0,0.0,0.0,0.0,0.0,0.0,0.0,0.0,0.0,0.0,"Dec 31, 2018"
2189,2707030.0,17720.0,Ninewa,Sinjar,Bir Adam,بير ادم,36.539386,41.706409,9.0,54.0,0.0,0.0,0.0,0.0,0.0,0.0,0.0,0.0,0.0,0.0,0.0,0.0,9.0,0.0,0.0,0.0,0.0,0.0,0.0,7.0,0.0,2.0,0.0,0.0,2.0,0.0,0.0,0.0,0.0,0.0,0.0,0.0,0.0,0.0,0.0,0.0,0.0,0.0,0.0,0.0,0.0,0.0,9.0,0.0,0.0,9.0,0.0,0.0,0.0,0.0,0.0,0.0,0.0,0.0,0.0,0.0,"Dec 31, 2018"
2190,2707031.0,28415.0,Ninewa,Sinjar,Bakera ,بكرا,36.4291887697,41.9119082005,12.0,72.0,0.0,0.0,0.0,0.0,0.0,0.0,0.0,0.0,0.0,0.0,0.0,0.0,12.0,0.0,0.0,0.0,0.0,0.0,0.0,5.0,0.0,0.0,0.0,0.0,0.0,0.0,0.0,0.0,0.0,0.0,0.0,0.0,0.0,0.0,7.0,0.0,0.0,7.0,0.0,0.0,0.0,0.0,12.0,0.0,0.0,12.0,0.0,0.0,0.0,0.0,0.0,0.0,0.0,0.0,0.0,0.0,"Dec 31, 2018"
2191,2707034.0,28418.0,Ninewa,Sinjar,Darki Qawala,داركي قوالا,36.375829245,41.7631585184,63.0,378.0,0.0,0.0,0.0,0.0,0.0,0.0,0.0,0.0,0.0,0.0,0.0,0.0,63.0,0.0,0.0,0.0,0.0,0.0,0.0,0.0,0.0,63.0,0.0,0.0,63.0,0.0,0.0,0.0,0.0,0.0,0.0,0.0,0.0,0.0,0.0,0.0,0.0,0.0,0.0,0.0,0.0,0.0,63.0,0.0,0.0,63.0,0.0,0.0,0.0,0.0,0.0,0.0,0.0,0.0,0.0,0.0,"Dec 31, 2018"
2192,2707037.0,29481.0,Ninewa,Sinjar,Trbeka,تربكة,36.5298862669,41.6719591348,6.0,36.0,0.0,0.0,0.0,0.0,0.0,0.0,0.0,0.0,0.0,0.0,0.0,0.0,6.0,0.0,0.0,0.0,0.0,0.0,0.0,6.0,0.0,0.0,0.0,0.0,0.0,0.0,0.0,0.0,0.0,0.0,0.0,0.0,0.0,0.0,0.0,0.0,0.0,0.0,0.0,0.0,0.0,0.0,6.0,0.0,0.0,6.0,0.0,0.0,0.0,0.0,0.0,0.0,0.0,0.0,0.0,0.0,"Dec 31, 2018"
2193,2707038.0,27287.0,Ninewa,Sinjar,Zorava and zirwa,زورافا+زيروا ,36.4724672765,42.0158882745,9.0,54.0,0.0,0.0,0.0,0.0,0.0,0.0,0.0,0.0,0.0,0.0,0.0,0.0,9.0,0.0,0.0,0.0,0.0,0.0,0.0,9.0,0.0,0.0,0.0,0.0,0.0,0.0,0.0,0.0,0.0,0.0,0.0,0.0,0.0,0.0,0.0,0.0,0.0,0.0,0.0,0.0,0.0,0.0,9.0,0.0,0.0,9.0,0.0,0.0,0.0,0.0,0.0,0.0,0.0,0.0,0.0,0.0,"Dec 31, 2018"
2194,2707039.0,22484.0,Ninewa,Sinjar,Hay barbaroj,حي بربروش,36.3207716544,41.8529186857,79.0,474.0,0.0,0.0,0.0,0.0,0.0,0.0,0.0,0.0,0.0,0.0,0.0,0.0,79.0,0.0,0.0,0.0,0.0,0.0,0.0,79.0,0.0,0.0,0.0,0.0,0.0,0.0,0.0,0.0,0.0,0.0,0.0,0.0,0.0,0.0,0.0,0.0,0.0,0.0,0.0,0.0,0.0,0.0,79.0,0.0,0.0,79.0,0.0,0.0,0.0,0.0,0.0,0.0,0.0,0.0,0.0,0.0,"Dec 31, 2018"
2195,2707041.0,22487.0,Ninewa,Sinjar,Hay Azadi,حي ازادي,36.3158990983,41.8551119875,168.0,1008.0,0.0,0.0,0.0,0.0,0.0,0.0,0.0,0.0,0.0,0.0,0.0,0.0,168.0,0.0,0.0,0.0,0.0,0.0,0.0,168.0,0.0,0.0,0.0,0.0,0.0,0.0,0.0,0.0,0.0,0.0,0.0,0.0,0.0,0.0,0.0,0.0,0.0,0.0,0.0,0.0,0.0,0.0,168.0,0.0,0.0,168.0,0.0,0.0,0.0,0.0,0.0,0.0,0.0,0.0,0.0,0.0,"Dec 31, 2018"
2196,2707042.0,29676.0,Ninewa,Sinjar,Hay Yarmok,حي يرموك,36.3200188634,41.8769452446,48.0,288.0,0.0,0.0,0.0,0.0,0.0,0.0,0.0,0.0,0.0,0.0,0.0,0.0,48.0,0.0,0.0,0.0,0.0,0.0,0.0,48.0,0.0,0.0,0.0,0.0,0.0,0.0,0.0,0.0,0.0,0.0,0.0,0.0,0.0,0.0,0.0,0.0,0.0,0.0,0.0,0.0,0.0,0.0,48.0,0.0,0.0,48.0,0.0,0.0,0.0,0.0,0.0,0.0,0.0,0.0,0.0,0.0,"Dec 31, 2018"
2197,2707043.0,23667.0,Ninewa,Sinjar,Rozh Halat,حي روز هلات,36.316943,41.877654,296.0,1776.0,0.0,0.0,0.0,0.0,0.0,0.0,0.0,0.0,0.0,0.0,0.0,0.0,296.0,0.0,0.0,0.0,0.0,0.0,0.0,296.0,0.0,0.0,0.0,0.0,0.0,0.0,0.0,0.0,0.0,0.0,0.0,0.0,0.0,0.0,0.0,0.0,0.0,0.0,0.0,0.0,0.0,0.0,296.0,0.0,0.0,296.0,0.0,0.0,0.0,0.0,0.0,0.0,0.0,0.0,0.0,0.0,"Dec 31, 2018"
2198,2707045.0,23273.0,Ninewa,Sinjar,Hay Alshuhada,حي الشهداء,36.31811,41.8586736097,262.0,1572.0,0.0,0.0,0.0,0.0,0.0,0.0,0.0,0.0,0.0,0.0,0.0,0.0,262.0,0.0,0.0,0.0,0.0,0.0,0.0,262.0,0.0,0.0,0.0,0.0,0.0,0.0,0.0,0.0,0.0,0.0,0.0,0.0,0.0,0.0,0.0,0.0,0.0,0.0,0.0,0.0,0.0,0.0,262.0,0.0,0.0,262.0,0.0,0.0,0.0,0.0,0.0,0.0,0.0,0.0,0.0,0.0,"Dec 31, 2018"
2199,2707046.0,23274.0,Ninewa,Sinjar,Hay Alqadseya,حي القادسية,36.3234214857,41.8736547864,135.0,810.0,0.0,0.0,0.0,0.0,0.0,0.0,0.0,0.0,0.0,0.0,0.0,0.0,135.0,0.0,0.0,0.0,0.0,0.0,0.0,135.0,0.0,0.0,0.0,0.0,0.0,0.0,0.0,0.0,0.0,0.0,0.0,0.0,0.0,0.0,0.0,0.0,0.0,0.0,0.0,0.0,0.0,0.0,135.0,0.0,0.0,135.0,0.0,0.0,0.0,0.0,0.0,0.0,0.0,0.0,0.0,0.0,"Dec 31, 2018"
2200,2707047.0,32089.0,Ninewa,Sinjar,Hay AlQabail,حي القبائل,36.3086501345,41.8492584732,95.0,570.0,0.0,0.0,0.0,0.0,0.0,0.0,0.0,0.0,0.0,0.0,0.0,0.0,95.0,0.0,0.0,0.0,0.0,0.0,0.0,95.0,0.0,0.0,0.0,0.0,0.0,0.0,0.0,0.0,0.0,0.0,0.0,0.0,0.0,0.0,0.0,0.0,0.0,0.0,0.0,0.0,0.0,0.0,95.0,0.0,0.0,95.0,0.0,0.0,0.0,0.0,0.0,0.0,0.0,0.0,0.0,0.0,"Dec 31, 2018"
2201,2707048.0,32090.0,Ninewa,Sinjar,Hay Alzeraee,حي الزراعي,36.3215231121,41.8659549438,105.0,630.0,0.0,0.0,0.0,0.0,0.0,0.0,0.0,0.0,0.0,0.0,0.0,0.0,105.0,0.0,0.0,0.0,0.0,0.0,0.0,105.0,0.0,0.0,0.0,0.0,0.0,0.0,0.0,0.0,0.0,0.0,0.0,0.0,0.0,0.0,0.0,0.0,0.0,0.0,0.0,0.0,0.0,0.0,105.0,0.0,0.0,105.0,0.0,0.0,0.0,0.0,0.0,0.0,0.0,0.0,0.0,0.0,"Dec 31, 2018"
2202,2708003.0,23168.0,Ninewa,Telafar,Al Muthalatha village,المثلثة,36.628500078,42.2875761162,200.0,1200.0,0.0,0.0,0.0,0.0,0.0,0.0,0.0,0.0,0.0,0.0,0.0,0.0,200.0,0.0,0.0,0.0,0.0,0.0,0.0,100.0,0.0,0.0,0.0,0.0,0.0,0.0,0.0,0.0,0.0,0.0,0.0,0.0,0.0,0.0,100.0,0.0,0.0,100.0,0.0,0.0,0.0,0.0,0.0,0.0,175.0,0.0,25.0,175.0,0.0,25.0,0.0,0.0,0.0,0.0,0.0,0.0,"Dec 31, 2018"
2203,2708008.0,22448.0,Ninewa,Telafar,Kahreez,كهريز,36.5596219389,42.574689973,15.0,90.0,0.0,0.0,0.0,0.0,0.0,0.0,0.0,0.0,0.0,0.0,0.0,0.0,15.0,0.0,0.0,0.0,0.0,0.0,0.0,15.0,0.0,0.0,0.0,0.0,0.0,0.0,0.0,0.0,0.0,0.0,0.0,0.0,0.0,0.0,0.0,0.0,0.0,0.0,0.0,0.0,0.0,0.0,5.0,0.0,3.0,5.0,7.0,3.0,0.0,7.0,0.0,0.0,0.0,0.0,0.0,0.0,"Dec 31, 2018"
2204,2708009.0,22923.0,Ninewa,Telafar,Kakhirta,كاخرتة,36.5574058895,42.3490522567,18.0,108.0,0.0,0.0,0.0,0.0,0.0,0.0,0.0,0.0,0.0,0.0,0.0,0.0,18.0,0.0,0.0,0.0,0.0,0.0,0.0,18.0,0.0,0.0,0.0,0.0,0.0,0.0,0.0,0.0,0.0,0.0,0.0,0.0,0.0,0.0,0.0,0.0,0.0,0.0,0.0,0.0,0.0,0.0,0.0,0.0,18.0,0.0,0.0,18.0,0.0,0.0,0.0,0.0,0.0,0.0,0.0,0.0,"Dec 31, 2018"
2205,2708011.0,25944.0,Ninewa,Telafar,Qasabat Zummar,قصبة زمار,36.6559975704,42.5980133829,91.0,546.0,0.0,0.0,0.0,0.0,0.0,0.0,0.0,0.0,0.0,0.0,0.0,0.0,91.0,0.0,0.0,0.0,0.0,0.0,0.0,0.0,0.0,0.0,0.0,0.0,0.0,0.0,91.0,0.0,0.0,91.0,0.0,0.0,0.0,0.0,0.0,0.0,0.0,0.0,0.0,0.0,0.0,0.0,60.0,0.0,21.0,60.0,10.0,21.0,0.0,10.0,0.0,0.0,0.0,0.0,0.0,0.0,"Dec 31, 2018"
2206,2708021.0,17645.0,Ninewa,Telafar,Abtakh,ابتاخ,36.5211080996,42.0834849172,26.0,156.0,0.0,0.0,0.0,0.0,0.0,0.0,0.0,0.0,0.0,0.0,0.0,0.0,26.0,0.0,0.0,0.0,0.0,0.0,0.0,26.0,0.0,0.0,0.0,0.0,0.0,0.0,0.0,0.0,0.0,0.0,0.0,0.0,0.0,0.0,0.0,0.0,0.0,0.0,0.0,0.0,0.0,0.0,26.0,0.0,0.0,26.0,0.0,0.0,0.0,0.0,0.0,0.0,0.0,0.0,0.0,0.0,"Dec 31, 2018"
2207,2708022.0,17746.0,Ninewa,Telafar,Ain Hilwa Upper,قرية عين حلوة العليا,36.6036303678,42.6246294352,8.0,48.0,0.0,0.0,0.0,0.0,0.0,0.0,0.0,0.0,0.0,0.0,0.0,0.0,8.0,0.0,0.0,0.0,0.0,0.0,0.0,8.0,0.0,0.0,0.0,0.0,0.0,0.0,0.0,0.0,0.0,0.0,0.0,0.0,0.0,0.0,0.0,0.0,0.0,0.0,0.0,0.0,0.0,0.0,0.0,0.0,0.0,0.0,8.0,0.0,0.0,8.0,0.0,0.0,0.0,0.0,0.0,0.0,"Dec 31, 2018"
2208,2708026.0,18308.0,Ninewa,Telafar,Hay Al Askari,حي العسكري,36.8024619147,42.0971544774,454.0,2724.0,0.0,0.0,0.0,0.0,0.0,0.0,0.0,0.0,0.0,0.0,0.0,0.0,454.0,0.0,0.0,0.0,0.0,0.0,0.0,372.0,0.0,0.0,0.0,0.0,0.0,0.0,82.0,0.0,0.0,82.0,0.0,0.0,0.0,0.0,0.0,0.0,0.0,0.0,0.0,0.0,0.0,0.0,0.0,0.0,0.0,0.0,349.0,0.0,0.0,349.0,0.0,0.0,105.0,0.0,105.0,0.0,"Dec 31, 2018"
2209,2708027.0,25686.0,Ninewa,Telafar,Hay Al Arbaeen,حي الاربعين,36.80605796,42.0861918791,18.0,108.0,0.0,0.0,0.0,0.0,0.0,0.0,0.0,0.0,0.0,0.0,0.0,0.0,18.0,0.0,0.0,0.0,0.0,0.0,0.0,13.0,0.0,0.0,0.0,0.0,0.0,0.0,5.0,0.0,0.0,5.0,0.0,0.0,0.0,0.0,0.0,0.0,0.0,0.0,0.0,0.0,0.0,0.0,0.0,0.0,0.0,0.0,16.0,0.0,0.0,16.0,0.0,0.0,2.0,0.0,2.0,0.0,"Dec 31, 2018"
2210,2708028.0,25808.0,Ninewa,Telafar,Hay Alasreya,حي العصرية,36.80441,42.088101,105.0,630.0,0.0,0.0,0.0,0.0,0.0,0.0,0.0,0.0,0.0,0.0,0.0,0.0,105.0,0.0,0.0,0.0,0.0,0.0,0.0,75.0,0.0,0.0,0.0,0.0,0.0,0.0,30.0,0.0,0.0,30.0,0.0,0.0,0.0,0.0,0.0,0.0,0.0,0.0,0.0,0.0,0.0,0.0,0.0,0.0,0.0,0.0,52.0,0.0,0.0,52.0,0.0,0.0,53.0,0.0,53.0,0.0,"Dec 31, 2018"
2211,2708029.0,25807.0,Ninewa,Telafar,Hay althahabe,الحي الذهبي,36.8017092502,42.0945875453,25.0,150.0,0.0,0.0,0.0,0.0,0.0,0.0,0.0,0.0,0.0,0.0,0.0,0.0,25.0,0.0,0.0,0.0,0.0,0.0,0.0,25.0,0.0,0.0,0.0,0.0,0.0,0.0,0.0,0.0,0.0,0.0,0.0,0.0,0.0,0.0,0.0,0.0,0.0,0.0,0.0,0.0,0.0,0.0,0.0,0.0,0.0,0.0,17.0,0.0,0.0,17.0,0.0,0.0,8.0,0.0,8.0,0.0,"Dec 31, 2018"
2212,2708030.0,24701.0,Ninewa,Telafar,Hay Al laban,حي اللبن,36.8084919913,42.0901615686,152.0,912.0,0.0,0.0,0.0,0.0,0.0,0.0,0.0,0.0,0.0,0.0,0.0,0.0,152.0,0.0,0.0,0.0,0.0,0.0,0.0,80.0,0.0,0.0,0.0,0.0,0.0,0.0,72.0,0.0,0.0,72.0,0.0,0.0,0.0,0.0,0.0,0.0,0.0,0.0,0.0,0.0,0.0,0.0,0.0,0.0,0.0,0.0,52.0,0.0,0.0,52.0,0.0,0.0,100.0,0.0,100.0,0.0,"Dec 31, 2018"
2213,2708032.0,25688.0,Ninewa,Telafar,Hay Al Qadisya,حي القادسية,36.8081581141,42.0837072961,36.0,216.0,0.0,0.0,0.0,0.0,0.0,0.0,0.0,0.0,0.0,0.0,0.0,0.0,36.0,0.0,0.0,0.0,0.0,0.0,0.0,36.0,0.0,0.0,0.0,0.0,0.0,0.0,0.0,0.0,0.0,0.0,0.0,0.0,0.0,0.0,0.0,0.0,0.0,0.0,0.0,0.0,0.0,0.0,0.0,0.0,0.0,0.0,0.0,0.0,0.0,0.0,0.0,0.0,36.0,0.0,36.0,0.0,"Dec 31, 2018"
2214,2708034.0,25687.0,Ninewa,Telafar,Hay Al Sikak,حي السكك,36.7993063325,42.0937826563,67.0,402.0,0.0,0.0,0.0,0.0,0.0,0.0,0.0,0.0,0.0,0.0,0.0,0.0,67.0,0.0,0.0,0.0,0.0,0.0,0.0,0.0,0.0,0.0,0.0,0.0,0.0,0.0,67.0,0.0,0.0,67.0,0.0,0.0,0.0,0.0,0.0,0.0,0.0,0.0,0.0,0.0,0.0,0.0,0.0,0.0,0.0,0.0,0.0,0.0,0.0,0.0,0.0,0.0,67.0,0.0,67.0,0.0,"Dec 31, 2018"
2215,2708047.0,17614.0,Ninewa,Telafar,Tal Ismair,قرية تل سمير,36.7503097006,42.1712018441,28.0,168.0,0.0,0.0,0.0,0.0,0.0,0.0,0.0,0.0,0.0,0.0,0.0,0.0,28.0,0.0,0.0,0.0,0.0,0.0,0.0,28.0,0.0,0.0,0.0,0.0,0.0,0.0,0.0,0.0,0.0,0.0,0.0,0.0,0.0,0.0,0.0,0.0,0.0,0.0,0.0,0.0,0.0,0.0,0.0,0.0,28.0,0.0,0.0,28.0,0.0,0.0,0.0,0.0,0.0,0.0,0.0,0.0,"Dec 31, 2018"
2216,2708050.0,17944.0,Ninewa,Telafar,Tal Mus,قرية تل موس,36.6294612137,42.5984674374,9.0,54.0,0.0,0.0,0.0,0.0,0.0,0.0,0.0,0.0,0.0,0.0,0.0,0.0,9.0,0.0,0.0,0.0,0.0,0.0,0.0,9.0,0.0,0.0,0.0,0.0,0.0,0.0,0.0,0.0,0.0,0.0,0.0,0.0,0.0,0.0,0.0,0.0,0.0,0.0,0.0,0.0,0.0,0.0,0.0,0.0,0.0,0.0,7.0,0.0,0.0,7.0,2.0,0.0,0.0,2.0,0.0,0.0,"Dec 31, 2018"
2217,2708053.0,25809.0,Ninewa,Telafar,Domez complex,مجمع دوميز,36.7120468058,42.6146106697,7.0,42.0,0.0,0.0,0.0,0.0,0.0,0.0,0.0,0.0,0.0,0.0,0.0,0.0,7.0,0.0,0.0,0.0,0.0,0.0,0.0,0.0,0.0,0.0,0.0,0.0,0.0,0.0,7.0,0.0,0.0,7.0,0.0,0.0,0.0,0.0,0.0,0.0,0.0,0.0,0.0,0.0,0.0,0.0,0.0,0.0,0.0,0.0,7.0,0.0,0.0,7.0,0.0,0.0,0.0,0.0,0.0,0.0,"Dec 31, 2018"
2218,2708055.0,25695.0,Ninewa,Telafar,kirver village,قرية كرفر,36.6882349707,42.5955943725,7.0,42.0,0.0,0.0,0.0,0.0,0.0,0.0,0.0,0.0,0.0,0.0,0.0,0.0,7.0,0.0,0.0,0.0,0.0,0.0,0.0,7.0,0.0,0.0,0.0,0.0,0.0,0.0,0.0,0.0,0.0,0.0,0.0,0.0,0.0,0.0,0.0,0.0,0.0,0.0,0.0,0.0,0.0,0.0,2.0,0.0,5.0,2.0,0.0,5.0,0.0,0.0,0.0,0.0,0.0,0.0,0.0,0.0,"Dec 31, 2018"
2219,2708057.0,17655.0,Ninewa,Telafar,Khrmer,قرية خرمر,36.6234315351,42.3784940874,40.0,240.0,0.0,0.0,0.0,0.0,0.0,0.0,0.0,0.0,0.0,0.0,0.0,0.0,40.0,0.0,0.0,0.0,0.0,0.0,0.0,40.0,0.0,0.0,0.0,0.0,0.0,0.0,0.0,0.0,0.0,0.0,0.0,0.0,0.0,0.0,0.0,0.0,0.0,0.0,0.0,0.0,0.0,0.0,0.0,0.0,40.0,0.0,0.0,40.0,0.0,0.0,0.0,0.0,0.0,0.0,0.0,0.0,"Dec 31, 2018"
2220,2708058.0,27382.0,Ninewa,Telafar,abu wni,قرية أبو وني,36.6242533465,42.4649090942,15.0,90.0,0.0,0.0,0.0,0.0,0.0,0.0,0.0,0.0,0.0,0.0,0.0,0.0,15.0,0.0,0.0,0.0,0.0,0.0,0.0,15.0,0.0,0.0,0.0,0.0,0.0,0.0,0.0,0.0,0.0,0.0,0.0,0.0,0.0,0.0,0.0,0.0,0.0,0.0,0.0,0.0,0.0,0.0,0.0,0.0,15.0,0.0,0.0,15.0,0.0,0.0,0.0,0.0,0.0,0.0,0.0,0.0,"Dec 31, 2018"
2221,2708059.0,17654.0,Ninewa,Telafar,amla,قرية عمله,36.6432179789,42.444310029,15.0,90.0,0.0,0.0,0.0,0.0,0.0,0.0,0.0,0.0,0.0,0.0,0.0,0.0,15.0,0.0,0.0,0.0,0.0,0.0,0.0,15.0,0.0,0.0,0.0,0.0,0.0,0.0,0.0,0.0,0.0,0.0,0.0,0.0,0.0,0.0,0.0,0.0,0.0,0.0,0.0,0.0,0.0,0.0,0.0,0.0,15.0,0.0,0.0,15.0,0.0,0.0,0.0,0.0,0.0,0.0,0.0,0.0,"Dec 31, 2018"
2222,2708060.0,18031.0,Ninewa,Telafar,Bayr alhulu,قرية بئر الحلو,36.5514285468,42.2846428295,45.0,270.0,0.0,0.0,0.0,0.0,0.0,0.0,0.0,0.0,0.0,0.0,0.0,0.0,45.0,0.0,0.0,0.0,0.0,0.0,0.0,25.0,0.0,0.0,0.0,0.0,0.0,0.0,0.0,0.0,0.0,0.0,0.0,0.0,0.0,0.0,20.0,0.0,0.0,20.0,0.0,0.0,0.0,0.0,0.0,0.0,0.0,0.0,45.0,0.0,0.0,45.0,0.0,0.0,0.0,0.0,0.0,0.0,"Dec 31, 2018"
2223,2708061.0,17775.0,Ninewa,Telafar,Albughuh,قرية البوغه,36.5920129012,42.3889765972,10.0,60.0,0.0,0.0,0.0,0.0,0.0,0.0,0.0,0.0,0.0,0.0,0.0,0.0,10.0,0.0,0.0,0.0,0.0,0.0,0.0,10.0,0.0,0.0,0.0,0.0,0.0,0.0,0.0,0.0,0.0,0.0,0.0,0.0,0.0,0.0,0.0,0.0,0.0,0.0,0.0,0.0,0.0,0.0,0.0,0.0,10.0,0.0,0.0,10.0,0.0,0.0,0.0,0.0,0.0,0.0,0.0,0.0,"Dec 31, 2018"
2224,2708062.0,17674.0,Ninewa,Telafar,Albarghlih,قرية البرغليه,36.5912467704,42.3644174346,32.0,192.0,0.0,0.0,0.0,0.0,0.0,0.0,0.0,0.0,0.0,0.0,0.0,0.0,32.0,0.0,0.0,0.0,0.0,0.0,0.0,32.0,0.0,0.0,0.0,0.0,0.0,0.0,0.0,0.0,0.0,0.0,0.0,0.0,0.0,0.0,0.0,0.0,0.0,0.0,0.0,0.0,0.0,0.0,0.0,0.0,4.0,0.0,28.0,4.0,0.0,28.0,0.0,0.0,0.0,0.0,0.0,0.0,"Dec 31, 2018"
2225,2708063.0,18238.0,Ninewa,Telafar,Sahal albawghuh,قرية سحل البوغه,36.5765032933,42.379985685,12.0,72.0,0.0,0.0,0.0,0.0,0.0,0.0,0.0,0.0,0.0,0.0,0.0,0.0,12.0,0.0,0.0,0.0,0.0,0.0,0.0,12.0,0.0,0.0,0.0,0.0,0.0,0.0,0.0,0.0,0.0,0.0,0.0,0.0,0.0,0.0,0.0,0.0,0.0,0.0,0.0,0.0,0.0,0.0,0.0,0.0,12.0,0.0,0.0,12.0,0.0,0.0,0.0,0.0,0.0,0.0,0.0,0.0,"Dec 31, 2018"
2226,2708064.0,17637.0,Ninewa,Telafar,am Kahayef ,ام كهيف,36.584,42.3237,10.0,60.0,0.0,0.0,0.0,0.0,0.0,0.0,0.0,0.0,0.0,0.0,0.0,0.0,10.0,0.0,0.0,0.0,0.0,0.0,0.0,10.0,0.0,0.0,0.0,0.0,0.0,0.0,0.0,0.0,0.0,0.0,0.0,0.0,0.0,0.0,0.0,0.0,0.0,0.0,0.0,0.0,0.0,0.0,0.0,0.0,0.0,0.0,10.0,0.0,0.0,10.0,0.0,0.0,0.0,0.0,0.0,0.0,"Dec 31, 2018"
2227,2708065.0,17814.0,Ninewa,Telafar,Tal alhuaa,قرية تل الهوى,36.7491011216,42.3041719196,40.0,240.0,0.0,0.0,0.0,0.0,0.0,0.0,0.0,0.0,0.0,0.0,0.0,0.0,40.0,0.0,0.0,0.0,0.0,0.0,0.0,40.0,0.0,0.0,0.0,0.0,0.0,0.0,0.0,0.0,0.0,0.0,0.0,0.0,0.0,0.0,0.0,0.0,0.0,0.0,0.0,0.0,0.0,0.0,0.0,0.0,40.0,0.0,0.0,40.0,0.0,0.0,0.0,0.0,0.0,0.0,0.0,0.0,"Dec 31, 2018"
2228,2708066.0,18262.0,Ninewa,Telafar,abu khushub,قرية ابوخشب,36.7414438534,42.1217734426,23.0,138.0,0.0,0.0,0.0,0.0,0.0,0.0,0.0,0.0,0.0,0.0,0.0,0.0,23.0,0.0,0.0,0.0,0.0,0.0,0.0,23.0,0.0,0.0,0.0,0.0,0.0,0.0,0.0,0.0,0.0,0.0,0.0,0.0,0.0,0.0,0.0,0.0,0.0,0.0,0.0,0.0,0.0,0.0,0.0,0.0,23.0,0.0,0.0,23.0,0.0,0.0,0.0,0.0,0.0,0.0,0.0,0.0,"Dec 31, 2018"
2229,2708075.0,27395.0,Ninewa,Telafar,Hokna,قرية حكنه,36.5612888543,42.5533465673,10.0,60.0,0.0,0.0,0.0,0.0,0.0,0.0,0.0,0.0,0.0,0.0,0.0,0.0,10.0,0.0,0.0,0.0,0.0,0.0,0.0,10.0,0.0,0.0,0.0,0.0,0.0,0.0,0.0,0.0,0.0,0.0,0.0,0.0,0.0,0.0,0.0,0.0,0.0,0.0,0.0,0.0,0.0,0.0,0.0,0.0,10.0,0.0,0.0,10.0,0.0,0.0,0.0,0.0,0.0,0.0,0.0,0.0,"Dec 31, 2018"
2230,2708078.0,28437.0,Ninewa,Telafar,Almawmi vilage,قرية المومي,36.6268624861,42.047201629,28.0,168.0,0.0,0.0,0.0,0.0,0.0,0.0,0.0,0.0,0.0,0.0,0.0,0.0,28.0,0.0,0.0,0.0,0.0,0.0,0.0,28.0,0.0,0.0,0.0,0.0,0.0,0.0,0.0,0.0,0.0,0.0,0.0,0.0,0.0,0.0,0.0,0.0,0.0,0.0,0.0,0.0,0.0,0.0,0.0,0.0,23.0,0.0,0.0,23.0,0.0,0.0,0.0,0.0,5.0,0.0,5.0,0.0,"Dec 31, 2018"
2231,2708079.0,17657.0,Ninewa,Telafar,Abu Hajira vilage,قرية ابو حجيرة,36.762904624,42.2119050924,26.0,156.0,0.0,0.0,0.0,0.0,0.0,0.0,0.0,0.0,0.0,0.0,0.0,0.0,26.0,0.0,0.0,0.0,0.0,0.0,0.0,26.0,0.0,0.0,0.0,0.0,0.0,0.0,0.0,0.0,0.0,0.0,0.0,0.0,0.0,0.0,0.0,0.0,0.0,0.0,0.0,0.0,0.0,0.0,0.0,0.0,20.0,0.0,0.0,20.0,0.0,0.0,0.0,0.0,6.0,0.0,6.0,0.0,"Dec 31, 2018"
2232,2708080.0,28438.0,Ninewa,Telafar,Tal Hial vilage,قرية تل حيال,36.7939514849,42.1772325194,36.0,216.0,0.0,0.0,0.0,0.0,0.0,0.0,0.0,0.0,0.0,0.0,0.0,0.0,36.0,0.0,0.0,0.0,0.0,0.0,0.0,36.0,0.0,0.0,0.0,0.0,0.0,0.0,0.0,0.0,0.0,0.0,0.0,0.0,0.0,0.0,0.0,0.0,0.0,0.0,0.0,0.0,0.0,0.0,0.0,0.0,36.0,0.0,0.0,36.0,0.0,0.0,0.0,0.0,0.0,0.0,0.0,0.0,"Dec 31, 2018"
2233,2708081.0,28439.0,Ninewa,Telafar,Tal Talab vilage,قرية تل طلب,36.7458497146,42.2024575332,19.0,114.0,0.0,0.0,0.0,0.0,0.0,0.0,0.0,0.0,0.0,0.0,0.0,0.0,19.0,0.0,0.0,0.0,0.0,0.0,0.0,19.0,0.0,0.0,0.0,0.0,0.0,0.0,0.0,0.0,0.0,0.0,0.0,0.0,0.0,0.0,0.0,0.0,0.0,0.0,0.0,0.0,0.0,0.0,0.0,0.0,19.0,0.0,0.0,19.0,0.0,0.0,0.0,0.0,0.0,0.0,0.0,0.0,"Dec 31, 2018"
2234,2708082.0,28440.0,Ninewa,Telafar,Biir eakla vilage,قرية بئر عكلة,36.7971291634,42.2166009583,17.0,102.0,0.0,0.0,0.0,0.0,0.0,0.0,0.0,0.0,0.0,0.0,0.0,0.0,17.0,0.0,0.0,0.0,0.0,0.0,0.0,17.0,0.0,0.0,0.0,0.0,0.0,0.0,0.0,0.0,0.0,0.0,0.0,0.0,0.0,0.0,0.0,0.0,0.0,0.0,0.0,0.0,0.0,0.0,0.0,0.0,14.0,0.0,0.0,14.0,0.0,0.0,0.0,0.0,3.0,0.0,3.0,0.0,"Dec 31, 2018"
2235,2708084.0,28442.0,Ninewa,Telafar,Mushah vilage,قرية موشة,36.7158319957,42.326310595,33.0,198.0,0.0,0.0,0.0,0.0,0.0,0.0,0.0,0.0,0.0,0.0,0.0,0.0,33.0,0.0,0.0,0.0,0.0,0.0,0.0,33.0,0.0,0.0,0.0,0.0,0.0,0.0,0.0,0.0,0.0,0.0,0.0,0.0,0.0,0.0,0.0,0.0,0.0,0.0,0.0,0.0,0.0,0.0,0.0,0.0,33.0,0.0,0.0,33.0,0.0,0.0,0.0,0.0,0.0,0.0,0.0,0.0,"Dec 31, 2018"
2236,2708086.0,28444.0,Ninewa,Telafar,Tal wardan vilage,قرية تل وردان,36.7163660008,42.3521438271,37.0,222.0,0.0,0.0,0.0,0.0,0.0,0.0,0.0,0.0,0.0,0.0,0.0,0.0,37.0,0.0,0.0,0.0,0.0,0.0,0.0,37.0,0.0,0.0,0.0,0.0,0.0,0.0,0.0,0.0,0.0,0.0,0.0,0.0,0.0,0.0,0.0,0.0,0.0,0.0,0.0,0.0,0.0,0.0,0.0,0.0,20.0,0.0,0.0,20.0,0.0,0.0,0.0,0.0,17.0,0.0,17.0,0.0,"Dec 31, 2018"
2237,2708087.0,28453.0,Ninewa,Telafar,Albawtha vilage,قرية البوثة,36.7311006992,42.2585845008,20.0,120.0,0.0,0.0,0.0,0.0,0.0,0.0,0.0,0.0,0.0,0.0,0.0,0.0,20.0,0.0,0.0,0.0,0.0,0.0,0.0,20.0,0.0,0.0,0.0,0.0,0.0,0.0,0.0,0.0,0.0,0.0,0.0,0.0,0.0,0.0,0.0,0.0,0.0,0.0,0.0,0.0,0.0,0.0,0.0,0.0,0.0,0.0,0.0,0.0,0.0,0.0,0.0,0.0,20.0,0.0,20.0,0.0,"Dec 31, 2018"
2238,2708089.0,28451.0,Ninewa,Telafar,Karsur vilage,قرية كرصور,36.732131762,42.389666318,40.0,240.0,0.0,0.0,0.0,0.0,0.0,0.0,0.0,0.0,0.0,0.0,0.0,0.0,40.0,0.0,0.0,0.0,0.0,0.0,0.0,40.0,0.0,0.0,0.0,0.0,0.0,0.0,0.0,0.0,0.0,0.0,0.0,0.0,0.0,0.0,0.0,0.0,0.0,0.0,0.0,0.0,0.0,0.0,0.0,0.0,30.0,0.0,0.0,30.0,0.0,0.0,0.0,0.0,10.0,0.0,10.0,0.0,"Dec 31, 2018"
2239,2708090.0,28450.0,Ninewa,Telafar,Ewaynat vilage,قرية عوينات,36.6809312231,42.4021966735,67.0,402.0,0.0,0.0,0.0,0.0,0.0,0.0,0.0,0.0,0.0,0.0,0.0,0.0,67.0,0.0,0.0,0.0,0.0,0.0,0.0,67.0,0.0,0.0,0.0,0.0,0.0,0.0,0.0,0.0,0.0,0.0,0.0,0.0,0.0,0.0,0.0,0.0,0.0,0.0,0.0,0.0,0.0,0.0,0.0,0.0,30.0,0.0,0.0,30.0,0.0,0.0,0.0,0.0,37.0,0.0,37.0,0.0,"Dec 31, 2018"
2240,2708092.0,22648.0,Ninewa,Telafar,Hdeimh,قرية هضمية,36.5353906023,42.7035951735,4.0,24.0,0.0,0.0,0.0,0.0,0.0,0.0,0.0,0.0,0.0,0.0,0.0,0.0,4.0,0.0,0.0,0.0,0.0,0.0,0.0,4.0,0.0,0.0,0.0,0.0,0.0,0.0,0.0,0.0,0.0,0.0,0.0,0.0,0.0,0.0,0.0,0.0,0.0,0.0,0.0,0.0,0.0,0.0,0.0,0.0,4.0,0.0,0.0,4.0,0.0,0.0,0.0,0.0,0.0,0.0,0.0,0.0,"Dec 31, 2018"
2241,2708094.0,17728.0,Ninewa,Telafar,Al baswna vilage,قرية البزونة,36.6208328959,41.946331694,15.0,90.0,0.0,0.0,0.0,0.0,0.0,0.0,0.0,0.0,0.0,0.0,0.0,0.0,15.0,0.0,0.0,0.0,0.0,0.0,0.0,15.0,0.0,0.0,0.0,0.0,0.0,0.0,0.0,0.0,0.0,0.0,0.0,0.0,0.0,0.0,0.0,0.0,0.0,0.0,0.0,0.0,0.0,0.0,0.0,0.0,15.0,0.0,0.0,15.0,0.0,0.0,0.0,0.0,0.0,0.0,0.0,0.0,"Dec 31, 2018"
2242,2708095.0,17933.0,Ninewa,Telafar,Tel Reem,تل الريم,36.5104017569,42.6718647366,5.0,30.0,0.0,0.0,0.0,0.0,0.0,0.0,0.0,0.0,0.0,0.0,0.0,0.0,5.0,0.0,0.0,0.0,0.0,0.0,0.0,5.0,0.0,0.0,0.0,0.0,0.0,0.0,0.0,0.0,0.0,0.0,0.0,0.0,0.0,0.0,0.0,0.0,0.0,0.0,0.0,0.0,0.0,0.0,0.0,0.0,5.0,0.0,0.0,5.0,0.0,0.0,0.0,0.0,0.0,0.0,0.0,0.0,"Dec 31, 2018"
2243,2708098.0,29609.0,Ninewa,Telafar,Abu hajarah,ابو حجرة,36.586570874,42.2895090976,80.0,480.0,0.0,0.0,0.0,0.0,0.0,0.0,0.0,0.0,0.0,0.0,0.0,0.0,80.0,0.0,0.0,0.0,0.0,0.0,0.0,15.0,0.0,0.0,0.0,0.0,0.0,0.0,0.0,0.0,0.0,0.0,0.0,0.0,0.0,0.0,65.0,0.0,0.0,65.0,0.0,0.0,0.0,0.0,0.0,0.0,30.0,0.0,50.0,30.0,0.0,50.0,0.0,0.0,0.0,0.0,0.0,0.0,"Dec 31, 2018"
2244,2708127.0,33243.0,Ninewa,Telafar,Ry Al-Jazera,مشروع ري الجزيره,36.8010670662,42.5199187997,25.0,150.0,0.0,0.0,0.0,0.0,0.0,0.0,0.0,0.0,0.0,0.0,0.0,0.0,25.0,0.0,0.0,0.0,0.0,0.0,0.0,0.0,0.0,25.0,0.0,0.0,25.0,0.0,0.0,0.0,0.0,0.0,0.0,0.0,0.0,0.0,0.0,0.0,0.0,0.0,0.0,0.0,0.0,0.0,25.0,0.0,0.0,25.0,0.0,0.0,0.0,0.0,0.0,0.0,0.0,0.0,0.0,0.0,"Dec 31, 2018"
2245,2709001.0,17590.0,Ninewa,Tilkaif,Ain Baqara,عين بقرة,36.6754750738,43.1946144544,22.0,132.0,0.0,0.0,0.0,0.0,0.0,0.0,0.0,0.0,0.0,0.0,0.0,0.0,22.0,0.0,0.0,0.0,0.0,0.0,0.0,22.0,0.0,0.0,0.0,0.0,0.0,0.0,0.0,0.0,0.0,0.0,0.0,0.0,0.0,0.0,0.0,0.0,0.0,0.0,0.0,0.0,0.0,0.0,22.0,0.0,0.0,22.0,0.0,0.0,0.0,0.0,0.0,0.0,0.0,0.0,0.0,0.0,"Dec 31, 2018"
2246,2709003.0,24600.0,Ninewa,Tilkaif,Al Qawsiyat,القوسيات,36.4444211569,43.0949080358,830.0,4980.0,0.0,0.0,0.0,0.0,0.0,0.0,0.0,0.0,0.0,0.0,0.0,0.0,830.0,0.0,0.0,0.0,0.0,0.0,0.0,50.0,0.0,0.0,0.0,0.0,0.0,0.0,500.0,0.0,0.0,500.0,0.0,0.0,0.0,0.0,280.0,0.0,0.0,280.0,0.0,0.0,0.0,0.0,80.0,0.0,0.0,80.0,0.0,0.0,0.0,0.0,750.0,0.0,0.0,750.0,0.0,0.0,"Dec 31, 2018"
2247,2709005.0,17134.0,Ninewa,Tilkaif,Alqosh,القوش,36.731975,43.095524,160.0,960.0,0.0,0.0,0.0,0.0,0.0,0.0,0.0,0.0,0.0,0.0,0.0,0.0,160.0,0.0,0.0,0.0,0.0,0.0,0.0,150.0,0.0,0.0,0.0,0.0,0.0,0.0,10.0,0.0,0.0,10.0,0.0,0.0,0.0,0.0,0.0,0.0,0.0,0.0,0.0,0.0,0.0,0.0,160.0,0.0,0.0,160.0,0.0,0.0,0.0,0.0,0.0,0.0,0.0,0.0,0.0,0.0,"Dec 31, 2018"
2248,2709006.0,16978.0,Ninewa,Tilkaif,Tafteyan,قرية تفتيان,36.698412,43.219862,7.0,42.0,0.0,0.0,0.0,0.0,0.0,0.0,0.0,0.0,0.0,0.0,0.0,0.0,7.0,0.0,0.0,0.0,0.0,0.0,0.0,7.0,0.0,0.0,0.0,0.0,0.0,0.0,0.0,0.0,0.0,0.0,0.0,0.0,0.0,0.0,0.0,0.0,0.0,0.0,0.0,0.0,0.0,0.0,7.0,0.0,0.0,7.0,0.0,0.0,0.0,0.0,0.0,0.0,0.0,0.0,0.0,0.0,"Dec 31, 2018"
2249,2709007.0,17077.0,Ninewa,Tilkaif,Bahindawa,بندوايا,36.7359180973,43.0402946235,6.0,36.0,0.0,0.0,0.0,0.0,0.0,0.0,0.0,0.0,0.0,0.0,0.0,0.0,6.0,0.0,0.0,0.0,0.0,0.0,0.0,6.0,0.0,0.0,0.0,0.0,0.0,0.0,0.0,0.0,0.0,0.0,0.0,0.0,0.0,0.0,0.0,0.0,0.0,0.0,0.0,0.0,0.0,0.0,6.0,0.0,0.0,6.0,0.0,0.0,0.0,0.0,0.0,0.0,0.0,0.0,0.0,0.0,"Dec 31, 2018"
2250,2709008.0,17569.0,Ninewa,Tilkaif,Beban,قرية بيبان,36.7005736607,43.1531024819,120.0,720.0,0.0,0.0,0.0,0.0,0.0,0.0,0.0,0.0,0.0,0.0,0.0,0.0,120.0,0.0,0.0,0.0,0.0,0.0,0.0,80.0,0.0,0.0,0.0,0.0,0.0,0.0,0.0,0.0,0.0,0.0,0.0,0.0,0.0,0.0,40.0,0.0,0.0,40.0,0.0,0.0,0.0,0.0,110.0,0.0,0.0,110.0,0.0,0.0,0.0,0.0,0.0,0.0,10.0,0.0,10.0,0.0,"Dec 31, 2018"
2251,2709009.0,24684.0,Ninewa,Tilkaif,Beerzwa,بيروزواة,36.6612278826,43.2422497229,22.0,132.0,0.0,0.0,0.0,0.0,0.0,0.0,0.0,0.0,0.0,0.0,0.0,0.0,22.0,0.0,0.0,0.0,0.0,0.0,0.0,22.0,0.0,0.0,0.0,0.0,0.0,0.0,0.0,0.0,0.0,0.0,0.0,0.0,0.0,0.0,0.0,0.0,0.0,0.0,0.0,0.0,1.0,0.0,21.0,1.0,0.0,21.0,0.0,0.0,0.0,0.0,0.0,0.0,0.0,0.0,0.0,0.0,"Dec 31, 2018"
2252,2709010.0,21603.0,Ninewa,Tilkaif,Baawiza,بعويزة,36.4335603196,43.1557870291,20.0,120.0,0.0,0.0,0.0,0.0,0.0,0.0,0.0,0.0,0.0,0.0,0.0,0.0,20.0,0.0,0.0,0.0,0.0,0.0,0.0,0.0,0.0,0.0,0.0,0.0,0.0,0.0,20.0,0.0,0.0,20.0,0.0,0.0,0.0,0.0,0.0,0.0,0.0,0.0,0.0,0.0,0.0,0.0,0.0,0.0,0.0,0.0,0.0,0.0,0.0,0.0,20.0,0.0,0.0,20.0,0.0,0.0,"Dec 31, 2018"
2253,2709011.0,17570.0,Ninewa,Tilkaif,Bozan,قرية بوزان,36.7332446181,43.1276245722,340.0,2040.0,0.0,0.0,0.0,0.0,0.0,0.0,0.0,0.0,0.0,0.0,0.0,0.0,340.0,0.0,0.0,0.0,0.0,0.0,0.0,150.0,0.0,0.0,0.0,0.0,0.0,0.0,0.0,0.0,0.0,0.0,0.0,0.0,0.0,0.0,190.0,0.0,0.0,190.0,0.0,0.0,0.0,0.0,300.0,0.0,0.0,300.0,0.0,0.0,0.0,0.0,0.0,0.0,40.0,0.0,40.0,0.0,"Dec 31, 2018"
2254,2709012.0,17080.0,Ninewa,Tilkaif,Dahkan,دهكان كبير ,36.7414222277,43.0049481682,4.0,24.0,0.0,0.0,0.0,0.0,0.0,0.0,0.0,0.0,0.0,0.0,0.0,0.0,4.0,0.0,0.0,0.0,0.0,0.0,0.0,4.0,0.0,0.0,0.0,0.0,0.0,0.0,0.0,0.0,0.0,0.0,0.0,0.0,0.0,0.0,0.0,0.0,0.0,0.0,0.0,0.0,0.0,0.0,4.0,0.0,0.0,4.0,0.0,0.0,0.0,0.0,0.0,0.0,0.0,0.0,0.0,0.0,"Dec 31, 2018"
2255,2709014.0,24683.0,Ninewa,Tilkaif,Dashqutan,داشقوتان,36.6567844968,43.2181061505,10.0,60.0,0.0,0.0,0.0,0.0,0.0,0.0,0.0,0.0,0.0,0.0,0.0,0.0,10.0,0.0,0.0,0.0,0.0,0.0,0.0,10.0,0.0,0.0,0.0,0.0,0.0,0.0,0.0,0.0,0.0,0.0,0.0,0.0,0.0,0.0,0.0,0.0,0.0,0.0,0.0,0.0,0.0,0.0,10.0,0.0,0.0,10.0,0.0,0.0,0.0,0.0,0.0,0.0,0.0,0.0,0.0,0.0,"Dec 31, 2018"
2256,2709016.0,18044.0,Ninewa,Tilkaif,Diwasa,قرية دواسة,36.5088284911,42.8417130385,17.0,102.0,0.0,0.0,0.0,0.0,0.0,0.0,0.0,0.0,0.0,0.0,0.0,0.0,17.0,0.0,0.0,0.0,0.0,0.0,0.0,17.0,0.0,0.0,0.0,0.0,0.0,0.0,0.0,0.0,0.0,0.0,0.0,0.0,0.0,0.0,0.0,0.0,0.0,0.0,0.0,0.0,0.0,0.0,17.0,0.0,0.0,17.0,0.0,0.0,0.0,0.0,0.0,0.0,0.0,0.0,0.0,0.0,"Dec 31, 2018"
2257,2709017.0,21604.0,Ninewa,Tilkaif,Doghat,قرية دوغات,36.643557,43.113388,12.0,72.0,0.0,0.0,0.0,0.0,0.0,0.0,0.0,0.0,0.0,0.0,0.0,0.0,12.0,0.0,0.0,0.0,0.0,0.0,0.0,12.0,0.0,0.0,0.0,0.0,0.0,0.0,0.0,0.0,0.0,0.0,0.0,0.0,0.0,0.0,0.0,0.0,0.0,0.0,0.0,0.0,0.0,0.0,12.0,0.0,0.0,12.0,0.0,0.0,0.0,0.0,0.0,0.0,0.0,0.0,0.0,0.0,"Dec 31, 2018"
2258,2709018.0,24797.0,Ninewa,Tilkaif,Garmawa,مخيم كرماوه,36.646940274,43.2381587753,95.0,570.0,0.0,0.0,0.0,0.0,0.0,0.0,0.0,0.0,0.0,0.0,0.0,0.0,95.0,0.0,0.0,0.0,0.0,0.0,95.0,0.0,0.0,0.0,0.0,0.0,0.0,0.0,0.0,0.0,0.0,0.0,0.0,0.0,0.0,0.0,0.0,0.0,0.0,0.0,0.0,0.0,0.0,0.0,0.0,0.0,0.0,0.0,48.0,0.0,47.0,48.0,0.0,47.0,0.0,0.0,0.0,0.0,"Dec 31, 2018"
2259,2709021.0,24703.0,Ninewa,Tilkaif,Jambour Village,قرية جمبور,36.712698,42.952601,70.0,420.0,0.0,0.0,0.0,0.0,0.0,0.0,0.0,0.0,0.0,0.0,0.0,0.0,70.0,0.0,0.0,0.0,0.0,0.0,0.0,25.0,0.0,0.0,0.0,0.0,0.0,0.0,44.0,0.0,0.0,44.0,0.0,0.0,0.0,0.0,1.0,0.0,0.0,1.0,0.0,0.0,0.0,0.0,63.0,0.0,0.0,63.0,0.0,0.0,0.0,0.0,0.0,0.0,7.0,0.0,7.0,0.0,"Dec 31, 2018"
2260,2709022.0,17830.0,Ninewa,Tilkaif,Jarahiya,الجراحية,36.7017795993,43.2130272227,15.0,90.0,0.0,0.0,0.0,0.0,0.0,0.0,0.0,0.0,0.0,0.0,0.0,0.0,15.0,0.0,0.0,0.0,0.0,0.0,0.0,15.0,0.0,0.0,0.0,0.0,0.0,0.0,0.0,0.0,0.0,0.0,0.0,0.0,0.0,0.0,0.0,0.0,0.0,0.0,0.0,0.0,0.0,0.0,15.0,0.0,0.0,15.0,0.0,0.0,0.0,0.0,0.0,0.0,0.0,0.0,0.0,0.0,"Dec 31, 2018"
2261,2709024.0,25278.0,Ninewa,Tilkaif,Kabara,قرية كابارة,36.6978394865,43.2225241158,9.0,54.0,0.0,0.0,0.0,0.0,0.0,0.0,0.0,0.0,0.0,0.0,0.0,0.0,9.0,0.0,0.0,0.0,0.0,0.0,0.0,9.0,0.0,0.0,0.0,0.0,0.0,0.0,0.0,0.0,0.0,0.0,0.0,0.0,0.0,0.0,0.0,0.0,0.0,0.0,0.0,0.0,0.0,0.0,9.0,0.0,0.0,9.0,0.0,0.0,0.0,0.0,0.0,0.0,0.0,0.0,0.0,0.0,"Dec 31, 2018"
2262,2709025.0,24637.0,Ninewa,Tilkaif,Kalata Farhan village,قرية كلاتة فرحان(طماشة),36.5957309352,43.2103379875,40.0,240.0,0.0,0.0,0.0,0.0,0.0,0.0,0.0,0.0,0.0,0.0,0.0,0.0,40.0,0.0,0.0,0.0,0.0,0.0,0.0,40.0,0.0,0.0,0.0,0.0,0.0,0.0,0.0,0.0,0.0,0.0,0.0,0.0,0.0,0.0,0.0,0.0,0.0,0.0,0.0,0.0,0.0,0.0,25.0,0.0,15.0,25.0,0.0,15.0,0.0,0.0,0.0,0.0,0.0,0.0,0.0,0.0,"Dec 31, 2018"
2263,2709027.0,18379.0,Ninewa,Tilkaif,Karanjik,كرنجوك,36.6733593055,43.2156826683,2.0,12.0,0.0,0.0,0.0,0.0,0.0,0.0,0.0,0.0,0.0,0.0,0.0,0.0,2.0,0.0,0.0,0.0,0.0,0.0,0.0,2.0,0.0,0.0,0.0,0.0,0.0,0.0,0.0,0.0,0.0,0.0,0.0,0.0,0.0,0.0,0.0,0.0,0.0,0.0,0.0,0.0,0.0,0.0,2.0,0.0,0.0,2.0,0.0,0.0,0.0,0.0,0.0,0.0,0.0,0.0,0.0,0.0,"Dec 31, 2018"
2264,2709028.0,24685.0,Ninewa,Tilkaif,Karmawa,كرماوة,36.6428513327,43.2340965343,2.0,12.0,0.0,0.0,0.0,0.0,0.0,0.0,0.0,0.0,0.0,0.0,0.0,0.0,2.0,0.0,0.0,0.0,0.0,0.0,0.0,2.0,0.0,0.0,0.0,0.0,0.0,0.0,0.0,0.0,0.0,0.0,0.0,0.0,0.0,0.0,0.0,0.0,0.0,0.0,0.0,0.0,0.0,0.0,2.0,0.0,0.0,2.0,0.0,0.0,0.0,0.0,0.0,0.0,0.0,0.0,0.0,0.0,"Dec 31, 2018"
2265,2709029.0,17564.0,Ninewa,Tilkaif,Khorazan,قرية خورازان,36.695143,43.220559,4.0,24.0,0.0,0.0,0.0,0.0,0.0,0.0,0.0,0.0,0.0,0.0,0.0,0.0,4.0,0.0,0.0,0.0,0.0,0.0,0.0,4.0,0.0,0.0,0.0,0.0,0.0,0.0,0.0,0.0,0.0,0.0,0.0,0.0,0.0,0.0,0.0,0.0,0.0,0.0,0.0,0.0,0.0,0.0,4.0,0.0,0.0,4.0,0.0,0.0,0.0,0.0,0.0,0.0,0.0,0.0,0.0,0.0,"Dec 31, 2018"
2266,2709030.0,17849.0,Ninewa,Tilkaif,Khoshaba,قرية خوشابا ,36.6274218154,43.1753764289,1.0,6.0,0.0,0.0,0.0,0.0,0.0,0.0,0.0,0.0,0.0,0.0,0.0,0.0,1.0,0.0,0.0,0.0,0.0,0.0,0.0,1.0,0.0,0.0,0.0,0.0,0.0,0.0,0.0,0.0,0.0,0.0,0.0,0.0,0.0,0.0,0.0,0.0,0.0,0.0,0.0,0.0,0.0,0.0,1.0,0.0,0.0,1.0,0.0,0.0,0.0,0.0,0.0,0.0,0.0,0.0,0.0,0.0,"Dec 31, 2018"
2267,2709031.0,18380.0,Ninewa,Tilkaif,Nasiriah,النصيرية,36.6990905022,43.2192923013,56.0,336.0,0.0,0.0,0.0,0.0,0.0,0.0,0.0,0.0,0.0,0.0,0.0,0.0,56.0,0.0,0.0,0.0,0.0,0.0,0.0,56.0,0.0,0.0,0.0,0.0,0.0,0.0,0.0,0.0,0.0,0.0,0.0,0.0,0.0,0.0,0.0,0.0,0.0,0.0,0.0,0.0,0.0,0.0,56.0,0.0,0.0,56.0,0.0,0.0,0.0,0.0,0.0,0.0,0.0,0.0,0.0,0.0,"Dec 31, 2018"
2268,2709032.0,25368.0,Ninewa,Tilkaif,Pabera Complex,مجمع بابيرة,36.6324847988,42.9845914829,20.0,120.0,0.0,0.0,0.0,0.0,0.0,0.0,0.0,0.0,0.0,0.0,0.0,0.0,20.0,0.0,0.0,0.0,0.0,0.0,0.0,20.0,0.0,0.0,0.0,0.0,0.0,0.0,0.0,0.0,0.0,0.0,0.0,0.0,0.0,0.0,0.0,0.0,0.0,0.0,0.0,0.0,0.0,0.0,0.0,0.0,0.0,0.0,0.0,0.0,0.0,0.0,0.0,0.0,20.0,0.0,20.0,0.0,"Dec 31, 2018"
2269,2709033.0,18055.0,Ninewa,Tilkaif,Hatara,حتارة,36.6597502928,43.0487589401,44.0,264.0,0.0,0.0,0.0,0.0,0.0,0.0,0.0,0.0,0.0,0.0,0.0,0.0,44.0,0.0,0.0,0.0,0.0,0.0,0.0,44.0,0.0,0.0,0.0,0.0,0.0,0.0,0.0,0.0,0.0,0.0,0.0,0.0,0.0,0.0,0.0,0.0,0.0,0.0,0.0,0.0,0.0,0.0,44.0,0.0,0.0,44.0,0.0,0.0,0.0,0.0,0.0,0.0,0.0,0.0,0.0,0.0,"Dec 31, 2018"
2270,2709034.0,17551.0,Ninewa,Tilkaif,Sarishka,قرية سريشكا,36.63567,43.147485,9.0,54.0,0.0,0.0,0.0,0.0,0.0,0.0,0.0,0.0,0.0,0.0,0.0,0.0,9.0,0.0,0.0,0.0,0.0,0.0,0.0,9.0,0.0,0.0,0.0,0.0,0.0,0.0,0.0,0.0,0.0,0.0,0.0,0.0,0.0,0.0,0.0,0.0,0.0,0.0,0.0,0.0,0.0,0.0,9.0,0.0,0.0,9.0,0.0,0.0,0.0,0.0,0.0,0.0,0.0,0.0,0.0,0.0,"Dec 31, 2018"
2271,2709037.0,25277.0,Ninewa,Tilkaif,Sharafiya,قرية الشرفية,36.6894575348,43.0927627108,10.0,60.0,0.0,0.0,0.0,0.0,0.0,0.0,0.0,0.0,0.0,0.0,0.0,0.0,10.0,0.0,0.0,0.0,0.0,0.0,0.0,10.0,0.0,0.0,0.0,0.0,0.0,0.0,0.0,0.0,0.0,0.0,0.0,0.0,0.0,0.0,0.0,0.0,0.0,0.0,0.0,0.0,0.0,0.0,10.0,0.0,0.0,10.0,0.0,0.0,0.0,0.0,0.0,0.0,0.0,0.0,0.0,0.0,"Dec 31, 2018"
2272,2709038.0,22365.0,Ninewa,Tilkaif,Shaykhaka,قرية شيخكة,36.6900263957,43.1628015763,80.0,480.0,0.0,0.0,0.0,0.0,0.0,0.0,0.0,0.0,0.0,0.0,0.0,0.0,80.0,0.0,0.0,0.0,0.0,0.0,0.0,80.0,0.0,0.0,0.0,0.0,0.0,0.0,0.0,0.0,0.0,0.0,0.0,0.0,0.0,0.0,0.0,0.0,0.0,0.0,0.0,0.0,0.0,0.0,80.0,0.0,0.0,80.0,0.0,0.0,0.0,0.0,0.0,0.0,0.0,0.0,0.0,0.0,"Dec 31, 2018"
2273,2709040.0,17133.0,Ninewa,Tilkaif,wanna center,مركز وانة,36.535585072,42.7599794164,60.0,360.0,0.0,0.0,0.0,0.0,0.0,0.0,0.0,0.0,0.0,0.0,0.0,0.0,60.0,0.0,0.0,0.0,0.0,0.0,0.0,20.0,0.0,0.0,0.0,0.0,0.0,0.0,35.0,0.0,0.0,35.0,0.0,0.0,0.0,0.0,5.0,0.0,0.0,5.0,0.0,0.0,0.0,0.0,0.0,0.0,0.0,0.0,50.0,0.0,10.0,50.0,0.0,10.0,0.0,0.0,0.0,0.0,"Dec 31, 2018"
2274,2709041.0,18046.0,Ninewa,Tilkaif,Manara,منارة,36.6154239989,42.9899302446,83.0,498.0,0.0,0.0,0.0,0.0,0.0,0.0,0.0,0.0,0.0,0.0,0.0,0.0,83.0,0.0,0.0,0.0,0.0,0.0,0.0,65.0,0.0,0.0,0.0,0.0,0.0,0.0,5.0,0.0,0.0,5.0,0.0,0.0,0.0,0.0,13.0,0.0,0.0,13.0,0.0,0.0,0.0,0.0,83.0,0.0,0.0,83.0,0.0,0.0,0.0,0.0,0.0,0.0,0.0,0.0,0.0,0.0,"Dec 31, 2018"
2275,2709042.0,17931.0,Ninewa,Tilkaif,Tal Adas,تل عدس,36.60841,42.98357,40.0,240.0,0.0,0.0,0.0,0.0,0.0,0.0,0.0,0.0,0.0,0.0,0.0,0.0,40.0,0.0,0.0,0.0,0.0,0.0,0.0,20.0,0.0,0.0,0.0,0.0,0.0,0.0,0.0,0.0,0.0,0.0,0.0,0.0,0.0,0.0,20.0,0.0,0.0,20.0,0.0,0.0,9.0,0.0,31.0,9.0,0.0,31.0,0.0,0.0,0.0,0.0,0.0,0.0,0.0,0.0,0.0,0.0,"Dec 31, 2018"
2276,2709045.0,17959.0,Ninewa,Tilkaif,Tallsquf,تللسقف,36.5976809438,43.1056534255,280.0,1680.0,0.0,0.0,0.0,0.0,0.0,0.0,0.0,0.0,0.0,0.0,0.0,0.0,280.0,0.0,0.0,0.0,0.0,0.0,0.0,0.0,0.0,0.0,0.0,0.0,0.0,0.0,280.0,0.0,0.0,280.0,0.0,0.0,0.0,0.0,0.0,0.0,0.0,0.0,0.0,0.0,0.0,0.0,0.0,0.0,0.0,0.0,0.0,0.0,0.0,0.0,0.0,0.0,280.0,0.0,280.0,0.0,"Dec 31, 2018"
2277,2709057.0,17941.0,Ninewa,Tilkaif,Tilkaif Center,مركز تلكيف,36.4873606029,43.123826137,140.0,840.0,0.0,0.0,0.0,0.0,0.0,0.0,0.0,0.0,0.0,0.0,0.0,0.0,140.0,0.0,0.0,0.0,0.0,0.0,0.0,140.0,0.0,0.0,0.0,0.0,0.0,0.0,0.0,0.0,0.0,0.0,0.0,0.0,0.0,0.0,0.0,0.0,0.0,0.0,0.0,0.0,0.0,0.0,50.0,0.0,0.0,50.0,0.0,0.0,0.0,0.0,90.0,0.0,0.0,90.0,0.0,0.0,"Dec 31, 2018"
2278,2709073.0,23414.0,Ninewa,Tilkaif,Mehwer Al-Shemaly,محوير الشمالي ,36.5616279615,42.9680675037,5.0,30.0,0.0,0.0,0.0,0.0,0.0,0.0,0.0,0.0,0.0,0.0,0.0,0.0,5.0,0.0,0.0,0.0,0.0,0.0,0.0,2.0,0.0,0.0,0.0,0.0,0.0,0.0,0.0,0.0,0.0,0.0,0.0,0.0,0.0,0.0,3.0,0.0,0.0,3.0,0.0,0.0,0.0,0.0,5.0,0.0,0.0,5.0,0.0,0.0,0.0,0.0,0.0,0.0,0.0,0.0,0.0,0.0,"Dec 31, 2018"
2279,2709074.0,23480.0,Ninewa,Tilkaif,Mehwer Al-Gnoby,محوير الجنوبي,36.5601369807,42.9641656261,6.0,36.0,0.0,0.0,0.0,0.0,0.0,0.0,0.0,0.0,0.0,0.0,0.0,0.0,6.0,0.0,0.0,0.0,0.0,0.0,0.0,3.0,0.0,0.0,0.0,0.0,0.0,0.0,0.0,0.0,0.0,0.0,0.0,0.0,0.0,0.0,3.0,0.0,0.0,3.0,0.0,0.0,0.0,0.0,6.0,0.0,0.0,6.0,0.0,0.0,0.0,0.0,0.0,0.0,0.0,0.0,0.0,0.0,"Dec 31, 2018"
2280,2801015.0,26116.0,Salah al-Din,Al-Daur,Al Mujammaa Al Sakani,المجمع السكني,34.4093972,43.789427446,65.0,390.0,0.0,0.0,0.0,0.0,0.0,0.0,0.0,0.0,3.0,0.0,0.0,0.0,51.0,0.0,11.0,0.0,0.0,0.0,0.0,0.0,0.0,0.0,0.0,0.0,0.0,0.0,29.0,0.0,0.0,29.0,0.0,0.0,36.0,0.0,0.0,36.0,0.0,0.0,0.0,0.0,0.0,0.0,0.0,0.0,0.0,0.0,0.0,0.0,0.0,0.0,33.0,0.0,32.0,33.0,32.0,0.0,"Dec 31, 2018"
2281,2801017.0,26079.0,Salah al-Din,Al-Daur,Hay Al Aboor,حي العبور,34.4652675,43.790657957,2.0,12.0,0.0,0.0,0.0,0.0,0.0,0.0,0.0,0.0,2.0,0.0,0.0,0.0,0.0,0.0,0.0,0.0,0.0,0.0,0.0,0.0,0.0,0.0,0.0,0.0,0.0,0.0,0.0,0.0,0.0,0.0,0.0,0.0,0.0,0.0,2.0,0.0,0.0,2.0,0.0,0.0,0.0,0.0,0.0,0.0,0.0,0.0,0.0,0.0,0.0,0.0,0.0,0.0,2.0,0.0,2.0,0.0,"Dec 31, 2018"
2282,2801021.0,26077.0,Salah al-Din,Al-Daur,Hay Tal Al Banat,حي تل البنات,34.4476367,43.798894973,2.0,12.0,0.0,0.0,0.0,0.0,0.0,0.0,0.0,0.0,2.0,0.0,0.0,0.0,0.0,0.0,0.0,0.0,0.0,0.0,0.0,0.0,0.0,0.0,0.0,0.0,0.0,0.0,2.0,0.0,0.0,2.0,0.0,0.0,0.0,0.0,0.0,0.0,0.0,0.0,0.0,0.0,0.0,0.0,0.0,0.0,0.0,0.0,0.0,0.0,0.0,0.0,2.0,0.0,0.0,2.0,0.0,0.0,"Dec 31, 2018"
2283,2802003.0,23300.0,Salah al-Din,Al-Shirqat,Al Fajir village(Al Tasni),قرية الفجر,35.4394603427,43.2197617887,14.0,84.0,0.0,0.0,0.0,0.0,0.0,0.0,0.0,0.0,3.0,0.0,0.0,0.0,0.0,0.0,11.0,0.0,0.0,0.0,0.0,1.0,0.0,0.0,0.0,0.0,0.0,0.0,13.0,0.0,0.0,13.0,0.0,0.0,0.0,0.0,0.0,0.0,0.0,0.0,0.0,0.0,0.0,0.0,0.0,0.0,0.0,0.0,0.0,0.0,0.0,0.0,14.0,0.0,0.0,14.0,0.0,0.0,"Dec 31, 2018"
2284,2802005.0,24667.0,Salah al-Din,Al-Shirqat,Al Khasim Al-Jaded village-Al qlisat,قرية الخصم الجديدة(القليصات),35.4728990654,43.2399348489,9.0,54.0,0.0,0.0,0.0,0.0,0.0,0.0,0.0,0.0,2.0,0.0,0.0,0.0,0.0,0.0,7.0,0.0,0.0,0.0,0.0,0.0,0.0,0.0,0.0,0.0,0.0,0.0,9.0,0.0,0.0,9.0,0.0,0.0,0.0,0.0,0.0,0.0,0.0,0.0,0.0,0.0,0.0,0.0,0.0,0.0,0.0,0.0,0.0,0.0,0.0,0.0,9.0,0.0,0.0,9.0,0.0,0.0,"Dec 31, 2018"
2285,2802007.0,21005.0,Salah al-Din,Al-Shirqat,Hay Al Jumiala,حي الجميلة,35.4924684204,43.2399480804,67.0,402.0,0.0,0.0,0.0,0.0,0.0,0.0,0.0,0.0,2.0,0.0,0.0,0.0,0.0,0.0,65.0,0.0,0.0,0.0,0.0,0.0,0.0,0.0,0.0,0.0,0.0,0.0,67.0,0.0,0.0,67.0,0.0,0.0,0.0,0.0,0.0,0.0,0.0,0.0,0.0,0.0,0.0,0.0,0.0,0.0,0.0,0.0,0.0,0.0,0.0,0.0,67.0,0.0,0.0,67.0,0.0,0.0,"Dec 31, 2018"
2286,2802008.0,20392.0,Salah al-Din,Al-Shirqat,Al Khadraniyah,قرية الخضرانية,35.6081209565,43.2419127654,12.0,72.0,0.0,0.0,0.0,0.0,0.0,0.0,0.0,0.0,1.0,0.0,0.0,0.0,0.0,0.0,11.0,0.0,0.0,0.0,0.0,6.0,0.0,0.0,0.0,0.0,0.0,0.0,6.0,0.0,0.0,6.0,0.0,0.0,0.0,0.0,0.0,0.0,0.0,0.0,0.0,0.0,0.0,0.0,0.0,0.0,0.0,0.0,0.0,0.0,0.0,0.0,8.0,0.0,4.0,8.0,4.0,0.0,"Dec 31, 2018"
2287,2802009.0,21002.0,Salah al-Din,Al-Shirqat,Al Khanuga village,قرية الخانوكة,35.394071457,43.2562212044,3.0,18.0,0.0,0.0,0.0,0.0,0.0,0.0,0.0,0.0,0.0,0.0,0.0,0.0,0.0,0.0,3.0,0.0,0.0,0.0,0.0,0.0,0.0,0.0,0.0,0.0,0.0,0.0,3.0,0.0,0.0,3.0,0.0,0.0,0.0,0.0,0.0,0.0,0.0,0.0,0.0,0.0,0.0,0.0,0.0,0.0,0.0,0.0,0.0,0.0,0.0,0.0,3.0,0.0,0.0,3.0,0.0,0.0,"Dec 31, 2018"
2288,2802013.0,20395.0,Salah al-Din,Al-Shirqat,Baaja,حاوي بعاجه حاوي-حضر,35.5443241121,43.2248358708,28.0,168.0,0.0,0.0,0.0,0.0,0.0,0.0,0.0,0.0,2.0,0.0,0.0,0.0,0.0,0.0,26.0,0.0,0.0,0.0,0.0,2.0,0.0,0.0,0.0,0.0,0.0,0.0,26.0,0.0,0.0,26.0,0.0,0.0,0.0,0.0,0.0,0.0,0.0,0.0,0.0,0.0,0.0,0.0,0.0,0.0,0.0,0.0,0.0,0.0,0.0,0.0,28.0,0.0,0.0,28.0,0.0,0.0,"Dec 31, 2018"
2289,2802015.0,21004.0,Salah al-Din,Al-Shirqat,Hay Al Askari,الحي العسكري,35.5158826802,43.2401432688,55.0,330.0,0.0,0.0,0.0,0.0,0.0,0.0,0.0,0.0,2.0,0.0,0.0,0.0,2.0,0.0,51.0,0.0,0.0,0.0,0.0,0.0,0.0,3.0,0.0,0.0,3.0,0.0,52.0,0.0,0.0,52.0,0.0,0.0,0.0,0.0,0.0,0.0,0.0,0.0,0.0,0.0,0.0,0.0,0.0,0.0,0.0,0.0,0.0,0.0,0.0,0.0,55.0,0.0,0.0,55.0,0.0,0.0,"Dec 31, 2018"
2290,2802016.0,24210.0,Salah al-Din,Al-Shirqat,Hay Al Qasbah,حي القصبة,35.5229680287,43.2359055988,38.0,228.0,0.0,0.0,0.0,0.0,0.0,0.0,0.0,0.0,3.0,0.0,0.0,0.0,0.0,0.0,35.0,0.0,0.0,0.0,0.0,0.0,0.0,1.0,0.0,0.0,1.0,0.0,37.0,0.0,0.0,37.0,0.0,0.0,0.0,0.0,0.0,0.0,0.0,0.0,0.0,0.0,0.0,0.0,0.0,0.0,0.0,0.0,0.0,0.0,0.0,0.0,38.0,0.0,0.0,38.0,0.0,0.0,"Dec 31, 2018"
2291,2802017.0,24246.0,Salah al-Din,Al-Shirqat,Hay Al Ziraa,حي الزراعه,35.5039812578,43.246247219,13.0,78.0,0.0,0.0,0.0,0.0,0.0,0.0,0.0,0.0,2.0,0.0,0.0,0.0,0.0,0.0,11.0,0.0,0.0,0.0,0.0,0.0,0.0,0.0,0.0,0.0,0.0,0.0,10.0,0.0,0.0,10.0,0.0,0.0,0.0,0.0,3.0,0.0,0.0,3.0,0.0,0.0,0.0,0.0,0.0,0.0,0.0,0.0,0.0,0.0,0.0,0.0,13.0,0.0,0.0,13.0,0.0,0.0,"Dec 31, 2018"
2292,2802018.0,20403.0,Salah al-Din,Al-Shirqat,Huriyah al jazerah-Al-Aboud,قرية العبود,35.5739769805,43.230924717,31.0,186.0,0.0,0.0,0.0,0.0,0.0,0.0,0.0,0.0,2.0,0.0,0.0,0.0,0.0,0.0,29.0,0.0,0.0,0.0,0.0,22.0,0.0,1.0,0.0,0.0,1.0,0.0,8.0,0.0,0.0,8.0,0.0,0.0,0.0,0.0,0.0,0.0,0.0,0.0,0.0,0.0,0.0,0.0,0.0,0.0,0.0,0.0,0.0,0.0,0.0,0.0,9.0,0.0,22.0,9.0,22.0,0.0,"Dec 31, 2018"
2293,2802025.0,20991.0,Salah al-Din,Al-Shirqat,Qaryat Al Sabkha,قرية الصبخة,35.4707442457,43.2463239457,9.0,54.0,0.0,0.0,0.0,0.0,0.0,0.0,0.0,0.0,1.0,0.0,0.0,0.0,0.0,0.0,8.0,0.0,0.0,0.0,0.0,0.0,0.0,0.0,0.0,0.0,0.0,0.0,9.0,0.0,0.0,9.0,0.0,0.0,0.0,0.0,0.0,0.0,0.0,0.0,0.0,0.0,0.0,0.0,0.0,0.0,0.0,0.0,0.0,0.0,0.0,0.0,9.0,0.0,0.0,9.0,0.0,0.0,"Dec 31, 2018"
2294,2802028.0,21006.0,Salah al-Din,Al-Shirqat,Tal Al Jumiala area,تل بعاجة 1 وتل اجميلة ,35.5109178275,43.2337180374,42.0,252.0,0.0,0.0,0.0,0.0,0.0,0.0,0.0,0.0,0.0,0.0,0.0,0.0,3.0,0.0,39.0,0.0,0.0,0.0,0.0,0.0,0.0,2.0,0.0,0.0,2.0,0.0,40.0,0.0,0.0,40.0,0.0,0.0,0.0,0.0,0.0,0.0,0.0,0.0,0.0,0.0,0.0,0.0,0.0,0.0,0.0,0.0,0.0,0.0,0.0,0.0,42.0,0.0,0.0,42.0,0.0,0.0,"Dec 31, 2018"
2295,2802032.0,29650.0,Salah al-Din,Al-Shirqat,Al-Horya Al-Qadema village,قرية الحورية القديمة,35.5944911437,43.2408091574,7.0,42.0,0.0,0.0,0.0,0.0,0.0,0.0,0.0,0.0,2.0,0.0,0.0,0.0,0.0,0.0,5.0,0.0,0.0,0.0,0.0,0.0,0.0,0.0,0.0,0.0,0.0,0.0,7.0,0.0,0.0,7.0,0.0,0.0,0.0,0.0,0.0,0.0,0.0,0.0,0.0,0.0,0.0,0.0,0.0,0.0,0.0,0.0,0.0,0.0,0.0,0.0,7.0,0.0,0.0,7.0,0.0,0.0,"Dec 31, 2018"
2296,2802033.0,29651.0,Salah al-Din,Al-Shirqat,Al-Qalaa Village,قرية القلعة,35.4598665889,43.2511713641,4.0,24.0,0.0,0.0,0.0,0.0,0.0,0.0,0.0,0.0,1.0,0.0,0.0,0.0,0.0,0.0,3.0,0.0,0.0,0.0,0.0,0.0,0.0,0.0,0.0,0.0,0.0,0.0,4.0,0.0,0.0,4.0,0.0,0.0,0.0,0.0,0.0,0.0,0.0,0.0,0.0,0.0,0.0,0.0,0.0,0.0,0.0,0.0,0.0,0.0,0.0,0.0,4.0,0.0,0.0,4.0,0.0,0.0,"Dec 31, 2018"
2297,2802034.0,21955.0,Salah al-Din,Al-Shirqat,Hay Al-Khasim Al-Qadem village,قرية الخصم القديمة,35.4860995989,43.2413645053,13.0,78.0,0.0,0.0,0.0,0.0,0.0,0.0,0.0,0.0,2.0,0.0,0.0,0.0,0.0,0.0,11.0,0.0,0.0,0.0,0.0,0.0,0.0,0.0,0.0,0.0,0.0,0.0,13.0,0.0,0.0,13.0,0.0,0.0,0.0,0.0,0.0,0.0,0.0,0.0,0.0,0.0,0.0,0.0,0.0,0.0,0.0,0.0,0.0,0.0,0.0,0.0,13.0,0.0,0.0,13.0,0.0,0.0,"Dec 31, 2018"
2298,2802035.0,29653.0,Salah al-Din,Al-Shirqat,Al-Qudus,القدس,35.536968573,43.2263397519,9.0,54.0,0.0,0.0,0.0,0.0,0.0,0.0,0.0,0.0,1.0,0.0,0.0,0.0,0.0,0.0,8.0,0.0,0.0,0.0,0.0,0.0,0.0,0.0,0.0,0.0,0.0,0.0,9.0,0.0,0.0,9.0,0.0,0.0,0.0,0.0,0.0,0.0,0.0,0.0,0.0,0.0,0.0,0.0,0.0,0.0,0.0,0.0,0.0,0.0,0.0,0.0,9.0,0.0,0.0,9.0,0.0,0.0,"Dec 31, 2018"
2299,2802036.0,21349.0,Salah al-Din,Al-Shirqat,Al-Swedan Village,قرية سويدان,35.6225353153,43.2408311866,11.0,66.0,0.0,0.0,0.0,0.0,0.0,0.0,0.0,0.0,1.0,0.0,0.0,0.0,0.0,0.0,10.0,0.0,0.0,0.0,0.0,4.0,0.0,0.0,0.0,0.0,0.0,0.0,7.0,0.0,0.0,7.0,0.0,0.0,0.0,0.0,0.0,0.0,0.0,0.0,0.0,0.0,0.0,0.0,0.0,0.0,0.0,0.0,0.0,0.0,0.0,0.0,7.0,0.0,4.0,7.0,4.0,0.0,"Dec 31, 2018"
2300,2802037.0,29654.0,Salah al-Din,Al-Shirqat,Hay Al-Baladyat,حي البلديات,35.5388353067,43.2241769694,10.0,60.0,0.0,0.0,0.0,0.0,0.0,0.0,0.0,0.0,0.0,0.0,0.0,0.0,0.0,0.0,10.0,0.0,0.0,0.0,0.0,0.0,0.0,0.0,0.0,0.0,0.0,0.0,10.0,0.0,0.0,10.0,0.0,0.0,0.0,0.0,0.0,0.0,0.0,0.0,0.0,0.0,0.0,0.0,0.0,0.0,0.0,0.0,0.0,0.0,0.0,0.0,10.0,0.0,0.0,10.0,0.0,0.0,"Dec 31, 2018"
2301,2802038.0,29655.0,Salah al-Din,Al-Shirqat,Hay Tal Baajah,حي تل بعاجة,35.5268902564,43.2282270212,11.0,66.0,0.0,0.0,0.0,0.0,0.0,0.0,0.0,0.0,2.0,0.0,0.0,0.0,0.0,0.0,9.0,0.0,0.0,0.0,0.0,0.0,0.0,0.0,0.0,0.0,0.0,0.0,11.0,0.0,0.0,11.0,0.0,0.0,0.0,0.0,0.0,0.0,0.0,0.0,0.0,0.0,0.0,0.0,0.0,0.0,0.0,0.0,0.0,0.0,0.0,0.0,11.0,0.0,0.0,11.0,0.0,0.0,"Dec 31, 2018"
2302,2802039.0,20389.0,Salah al-Din,Al-Shirqat,Al-Ayitha Village,قريةالعيثة(جرناف شرقي),35.6262965268,43.2345158373,12.0,72.0,0.0,0.0,0.0,0.0,0.0,0.0,0.0,0.0,2.0,0.0,0.0,0.0,0.0,0.0,10.0,0.0,0.0,0.0,0.0,7.0,0.0,0.0,0.0,0.0,0.0,0.0,5.0,0.0,0.0,5.0,0.0,0.0,0.0,0.0,0.0,0.0,0.0,0.0,0.0,0.0,0.0,0.0,0.0,0.0,0.0,0.0,0.0,0.0,0.0,0.0,5.0,0.0,7.0,5.0,7.0,0.0,"Dec 31, 2018"
2303,2802044.0,33149.0,Salah al-Din,Al-Shirqat,Al-Basateen Camp,مخيم البساتين,35.5236291932,43.2343163062,316.0,1896.0,0.0,0.0,0.0,0.0,0.0,0.0,0.0,0.0,17.0,0.0,0.0,0.0,4.0,0.0,295.0,0.0,0.0,0.0,316.0,0.0,0.0,0.0,0.0,0.0,0.0,0.0,0.0,0.0,0.0,0.0,0.0,0.0,0.0,0.0,0.0,0.0,0.0,0.0,0.0,0.0,0.0,0.0,0.0,0.0,0.0,0.0,0.0,0.0,0.0,0.0,0.0,0.0,316.0,0.0,316.0,0.0,"Dec 31, 2018"
2304,2803010.0,22813.0,Salah al-Din,Baiji,Qaryat Al Sareen,مقاطعة 13 الحجاج والجيسات قرية الصرين,34.862259693,43.4955863149,150.0,900.0,0.0,0.0,0.0,0.0,0.0,0.0,0.0,0.0,30.0,0.0,0.0,0.0,0.0,0.0,120.0,0.0,0.0,0.0,0.0,50.0,0.0,0.0,0.0,0.0,0.0,0.0,100.0,0.0,0.0,100.0,0.0,0.0,0.0,0.0,0.0,0.0,0.0,0.0,0.0,0.0,0.0,0.0,0.0,0.0,0.0,0.0,150.0,0.0,0.0,150.0,0.0,0.0,0.0,0.0,0.0,0.0,"Dec 31, 2018"
2305,2803015.0,25706.0,Salah al-Din,Baiji,Albu Tuama Village,قرية البوطعمة,34.8214578596,43.5192379742,200.0,1200.0,0.0,0.0,0.0,0.0,0.0,0.0,0.0,0.0,0.0,0.0,0.0,0.0,0.0,0.0,200.0,0.0,0.0,0.0,0.0,45.0,0.0,0.0,0.0,0.0,0.0,0.0,155.0,0.0,0.0,155.0,0.0,0.0,0.0,0.0,0.0,0.0,0.0,0.0,0.0,0.0,0.0,0.0,42.0,0.0,26.0,42.0,0.0,26.0,132.0,0.0,0.0,132.0,0.0,0.0,0.0,0.0,"Dec 31, 2018"
2306,2803016.0,23388.0,Salah al-Din,Baiji,Al Hamra village,قرية الحمرة,34.75922381,43.6055522379,100.0,600.0,0.0,0.0,0.0,0.0,0.0,0.0,0.0,0.0,14.0,0.0,0.0,0.0,0.0,0.0,86.0,0.0,0.0,0.0,0.0,12.0,0.0,0.0,0.0,0.0,0.0,0.0,88.0,0.0,0.0,88.0,0.0,0.0,0.0,0.0,0.0,0.0,0.0,0.0,0.0,0.0,29.0,0.0,11.0,29.0,0.0,11.0,0.0,0.0,51.0,0.0,9.0,51.0,0.0,9.0,0.0,0.0,"Dec 31, 2018"
2307,2803017.0,25921.0,Salah al-Din,Baiji,Al Hejaj Village-13,مقاطعة 13 الحجاج والجيسات-قرية الحجاج,34.8278145042,43.5064845847,210.0,1260.0,0.0,0.0,0.0,0.0,0.0,0.0,0.0,0.0,88.0,0.0,0.0,0.0,0.0,0.0,122.0,0.0,0.0,0.0,0.0,98.0,0.0,0.0,0.0,0.0,0.0,0.0,112.0,0.0,0.0,112.0,0.0,0.0,0.0,0.0,0.0,0.0,0.0,0.0,0.0,0.0,0.0,0.0,0.0,0.0,0.0,0.0,0.0,0.0,210.0,0.0,0.0,210.0,0.0,0.0,0.0,0.0,"Dec 31, 2018"
2308,2803018.0,20655.0,Salah al-Din,Baiji,Al Mazraa Village,قرية المزرعة,34.886529,43.4907899561,75.0,450.0,0.0,0.0,0.0,0.0,0.0,0.0,0.0,0.0,0.0,0.0,0.0,0.0,0.0,0.0,75.0,0.0,0.0,0.0,0.0,75.0,0.0,0.0,0.0,0.0,0.0,0.0,0.0,0.0,0.0,0.0,0.0,0.0,0.0,0.0,0.0,0.0,0.0,0.0,0.0,0.0,0.0,0.0,30.0,0.0,0.0,30.0,0.0,0.0,45.0,0.0,0.0,45.0,0.0,0.0,0.0,0.0,"Dec 31, 2018"
2309,2804001.0,23140.0,Salah al-Din,Balad,Al Hardaniyah,قرية الحردانية ,34.0724020833,44.1567057163,190.0,1140.0,0.0,0.0,0.0,0.0,0.0,0.0,0.0,0.0,0.0,0.0,0.0,0.0,0.0,0.0,190.0,0.0,0.0,0.0,0.0,0.0,0.0,0.0,0.0,0.0,0.0,0.0,190.0,0.0,0.0,190.0,0.0,0.0,0.0,0.0,0.0,0.0,0.0,0.0,0.0,0.0,115.0,0.0,75.0,115.0,0.0,75.0,0.0,0.0,0.0,0.0,0.0,0.0,0.0,0.0,0.0,0.0,"Dec 31, 2018"
2310,2804002.0,26020.0,Salah al-Din,Balad,Al Mashrooa Village,قرية المشروع,34.0568443614,44.2580746477,113.0,678.0,0.0,0.0,0.0,0.0,0.0,0.0,0.0,0.0,0.0,0.0,0.0,0.0,0.0,0.0,113.0,0.0,0.0,0.0,0.0,0.0,0.0,0.0,0.0,0.0,0.0,0.0,113.0,0.0,0.0,113.0,0.0,0.0,0.0,0.0,0.0,0.0,0.0,0.0,0.0,0.0,0.0,0.0,78.0,0.0,25.0,78.0,10.0,25.0,0.0,10.0,0.0,0.0,0.0,0.0,0.0,0.0,"Dec 31, 2018"
2311,2804004.0,20771.0,Salah al-Din,Balad,Albu Farraj Village,قرية البو فراج,34.0861281075,44.1909774285,100.0,600.0,0.0,0.0,0.0,0.0,0.0,0.0,0.0,0.0,0.0,0.0,0.0,0.0,0.0,0.0,100.0,0.0,0.0,0.0,0.0,0.0,0.0,0.0,0.0,0.0,0.0,0.0,100.0,0.0,0.0,100.0,0.0,0.0,0.0,0.0,0.0,0.0,0.0,0.0,0.0,0.0,0.0,0.0,100.0,0.0,0.0,100.0,0.0,0.0,0.0,0.0,0.0,0.0,0.0,0.0,0.0,0.0,"Dec 31, 2018"
2312,2804005.0,20767.0,Salah al-Din,Balad,Albu Jewari,محلة البو جواري,34.0600252537,44.2180074159,183.0,1098.0,0.0,0.0,0.0,0.0,0.0,0.0,0.0,0.0,108.0,0.0,0.0,0.0,0.0,0.0,75.0,0.0,0.0,0.0,0.0,0.0,0.0,0.0,0.0,0.0,0.0,0.0,158.0,0.0,0.0,158.0,0.0,0.0,25.0,0.0,0.0,25.0,0.0,0.0,0.0,0.0,0.0,0.0,32.0,0.0,43.0,32.0,0.0,43.0,0.0,0.0,108.0,0.0,0.0,108.0,0.0,0.0,"Dec 31, 2018"
2313,2804006.0,25742.0,Salah al-Din,Balad,Al-Duloeyah-Hay Al Jubor,محلة الجبور الاولى,34.0325560855,44.2311162399,263.0,1578.0,0.0,0.0,0.0,0.0,0.0,0.0,0.0,0.0,56.0,0.0,0.0,0.0,0.0,0.0,207.0,0.0,0.0,0.0,0.0,0.0,0.0,0.0,0.0,0.0,0.0,0.0,263.0,0.0,0.0,263.0,0.0,0.0,0.0,0.0,0.0,0.0,0.0,0.0,0.0,0.0,47.0,0.0,50.0,47.0,110.0,50.0,0.0,110.0,0.0,0.0,56.0,0.0,0.0,56.0,0.0,0.0,"Dec 31, 2018"
2314,2804007.0,20770.0,Salah al-Din,Balad,Al-Duloeyah-Hay khazraj,محلة خزرج,34.0480818869,44.218840531,253.0,1518.0,0.0,0.0,0.0,0.0,0.0,0.0,0.0,0.0,0.0,0.0,0.0,0.0,0.0,0.0,253.0,0.0,0.0,0.0,0.0,0.0,0.0,0.0,0.0,0.0,0.0,0.0,253.0,0.0,0.0,253.0,0.0,0.0,0.0,0.0,0.0,0.0,0.0,0.0,0.0,0.0,0.0,0.0,0.0,0.0,150.0,0.0,103.0,150.0,0.0,103.0,0.0,0.0,0.0,0.0,0.0,0.0,"Dec 31, 2018"
2315,2804009.0,20773.0,Salah al-Din,Balad,Beshakan village,قرية بيشكان,34.0344334928,44.282596919,237.0,1422.0,0.0,0.0,0.0,0.0,0.0,0.0,0.0,0.0,50.0,0.0,0.0,0.0,0.0,0.0,187.0,0.0,0.0,0.0,0.0,0.0,0.0,0.0,0.0,0.0,0.0,0.0,199.0,0.0,0.0,199.0,0.0,0.0,0.0,0.0,38.0,0.0,0.0,38.0,0.0,0.0,87.0,0.0,100.0,87.0,0.0,100.0,0.0,0.0,0.0,0.0,50.0,0.0,0.0,50.0,0.0,0.0,"Dec 31, 2018"
2316,2804010.0,26021.0,Salah al-Din,Balad,Gbeabah Village,قرية كبيبه,34.0755817919,44.2853381244,73.0,438.0,0.0,0.0,0.0,0.0,0.0,0.0,0.0,0.0,5.0,0.0,0.0,0.0,0.0,0.0,68.0,0.0,0.0,0.0,0.0,5.0,0.0,0.0,0.0,0.0,0.0,0.0,68.0,0.0,0.0,68.0,0.0,0.0,0.0,0.0,0.0,0.0,0.0,0.0,0.0,0.0,0.0,0.0,13.0,0.0,55.0,13.0,0.0,55.0,0.0,0.0,5.0,0.0,0.0,5.0,0.0,0.0,"Dec 31, 2018"
2317,2804013.0,22065.0,Salah al-Din,Balad,Mahalla-Abu Sefa-1,محلة ابو صفة م(15)محلة ابو صفة-1,34.0292271236,44.0429888536,134.0,804.0,0.0,0.0,0.0,0.0,0.0,0.0,0.0,0.0,0.0,0.0,0.0,0.0,0.0,0.0,134.0,0.0,0.0,0.0,0.0,0.0,0.0,0.0,0.0,0.0,0.0,0.0,134.0,0.0,0.0,134.0,0.0,0.0,0.0,0.0,0.0,0.0,0.0,0.0,0.0,0.0,0.0,0.0,43.0,0.0,91.0,43.0,0.0,91.0,0.0,0.0,0.0,0.0,0.0,0.0,0.0,0.0,"Dec 31, 2018"
2318,2804016.0,20921.0,Salah al-Din,Balad,Al-Juboor Village,قرية الجبور والحويجة ا,34.0325276543,44.2065177974,210.0,1260.0,0.0,0.0,0.0,0.0,0.0,0.0,0.0,0.0,70.0,0.0,0.0,0.0,0.0,0.0,140.0,0.0,0.0,0.0,0.0,0.0,0.0,0.0,0.0,0.0,0.0,0.0,210.0,0.0,0.0,210.0,0.0,0.0,0.0,0.0,0.0,0.0,0.0,0.0,0.0,0.0,0.0,0.0,0.0,0.0,140.0,0.0,0.0,140.0,30.0,0.0,40.0,30.0,0.0,40.0,0.0,0.0,"Dec 31, 2018"
2319,2804020.0,29601.0,Salah al-Din,Balad,Eshaqi Complex,مجمع الاسحاقي,34.0486060435,43.9826586698,73.0,438.0,0.0,0.0,0.0,0.0,0.0,0.0,0.0,0.0,0.0,0.0,0.0,0.0,0.0,0.0,73.0,0.0,0.0,0.0,73.0,0.0,0.0,0.0,0.0,0.0,0.0,0.0,0.0,0.0,0.0,0.0,0.0,0.0,0.0,0.0,0.0,0.0,0.0,0.0,0.0,0.0,0.0,0.0,0.0,0.0,73.0,0.0,0.0,73.0,0.0,0.0,0.0,0.0,0.0,0.0,0.0,0.0,"Dec 31, 2018"
2320,2804022.0,33347.0,Salah al-Din,Balad,Balad station,محطة بلد,33.9535607009,44.1553111204,63.0,378.0,0.0,0.0,0.0,0.0,0.0,0.0,0.0,0.0,0.0,0.0,0.0,0.0,0.0,0.0,63.0,0.0,0.0,0.0,0.0,0.0,0.0,0.0,0.0,0.0,0.0,0.0,63.0,0.0,0.0,63.0,0.0,0.0,0.0,0.0,0.0,0.0,0.0,0.0,0.0,0.0,63.0,0.0,0.0,63.0,0.0,0.0,0.0,0.0,0.0,0.0,0.0,0.0,0.0,0.0,0.0,0.0,"Dec 31, 2018"
2321,2805001.0,20981.0,Salah al-Din,Al-Fares,14 Ramadhan,قرية 14 رمضان,33.740893,44.267094,25.0,150.0,0.0,0.0,0.0,0.0,0.0,0.0,0.0,0.0,0.0,0.0,0.0,0.0,0.0,0.0,25.0,0.0,0.0,0.0,0.0,0.0,0.0,0.0,0.0,0.0,0.0,0.0,25.0,0.0,0.0,25.0,0.0,0.0,0.0,0.0,0.0,0.0,0.0,0.0,0.0,0.0,0.0,0.0,25.0,0.0,0.0,25.0,0.0,0.0,0.0,0.0,0.0,0.0,0.0,0.0,0.0,0.0,"Dec 31, 2018"
2322,2805004.0,25916.0,Salah al-Din,Al-Fares,Al Sejla village,قرية السجلة,33.90931473,44.1980154,145.0,870.0,0.0,0.0,0.0,0.0,0.0,0.0,0.0,0.0,0.0,0.0,0.0,0.0,0.0,0.0,145.0,0.0,0.0,0.0,0.0,0.0,0.0,0.0,0.0,0.0,0.0,0.0,145.0,0.0,0.0,145.0,0.0,0.0,0.0,0.0,0.0,0.0,0.0,0.0,0.0,0.0,25.0,0.0,45.0,25.0,75.0,45.0,0.0,75.0,0.0,0.0,0.0,0.0,0.0,0.0,0.0,0.0,"Dec 31, 2018"
2323,2805005.0,25917.0,Salah al-Din,Al-Fares,Al Zuheari Village,قرية الزهيري,33.7703370793,44.2919568847,135.0,810.0,0.0,0.0,0.0,0.0,0.0,0.0,0.0,0.0,0.0,0.0,0.0,0.0,0.0,0.0,135.0,0.0,0.0,0.0,0.0,0.0,0.0,0.0,0.0,0.0,0.0,0.0,135.0,0.0,0.0,135.0,0.0,0.0,0.0,0.0,0.0,0.0,0.0,0.0,0.0,0.0,55.0,0.0,30.0,55.0,50.0,30.0,0.0,50.0,0.0,0.0,0.0,0.0,0.0,0.0,0.0,0.0,"Dec 31, 2018"
2324,2805010.0,23920.0,Salah al-Din,Al-Fares,Hay Al Hussien,حي الحسين,33.8429637242,44.2416826132,177.0,1062.0,0.0,0.0,0.0,0.0,0.0,0.0,0.0,0.0,0.0,0.0,0.0,0.0,0.0,0.0,177.0,0.0,0.0,0.0,0.0,0.0,0.0,0.0,0.0,0.0,0.0,0.0,177.0,0.0,0.0,177.0,0.0,0.0,0.0,0.0,0.0,0.0,0.0,0.0,0.0,0.0,0.0,0.0,77.0,0.0,100.0,77.0,0.0,100.0,0.0,0.0,0.0,0.0,0.0,0.0,0.0,0.0,"Dec 31, 2018"
2325,2805013.0,25743.0,Salah al-Din,Al-Fares,Hay Al Wihda Mahala 102,محلة 102,33.8519141288,44.2261033464,163.0,978.0,0.0,0.0,0.0,0.0,0.0,0.0,0.0,0.0,0.0,0.0,0.0,0.0,0.0,0.0,163.0,0.0,0.0,0.0,0.0,0.0,0.0,0.0,0.0,0.0,0.0,0.0,163.0,0.0,0.0,163.0,0.0,0.0,0.0,0.0,0.0,0.0,0.0,0.0,0.0,0.0,163.0,0.0,0.0,163.0,0.0,0.0,0.0,0.0,0.0,0.0,0.0,0.0,0.0,0.0,0.0,0.0,"Dec 31, 2018"
2326,2805014.0,23913.0,Salah al-Din,Al-Fares,Hay al Zahraa 204,حي الزهراء م(9-تل مسكين)محلة 204,33.8385149134,44.2476823233,100.0,600.0,0.0,0.0,0.0,0.0,0.0,0.0,0.0,0.0,0.0,0.0,0.0,0.0,0.0,0.0,100.0,0.0,0.0,0.0,0.0,0.0,0.0,0.0,0.0,0.0,0.0,0.0,100.0,0.0,0.0,100.0,0.0,0.0,0.0,0.0,0.0,0.0,0.0,0.0,0.0,0.0,100.0,0.0,0.0,100.0,0.0,0.0,0.0,0.0,0.0,0.0,0.0,0.0,0.0,0.0,0.0,0.0,"Dec 31, 2018"
2327,2805016.0,25747.0,Salah al-Din,Al-Fares,Markaz Al-Dujeel-Al Shabab village,قرية الشباب,33.7731058076,44.3054492293,180.0,1080.0,0.0,0.0,0.0,0.0,0.0,0.0,0.0,0.0,0.0,0.0,0.0,0.0,0.0,0.0,180.0,0.0,0.0,0.0,0.0,0.0,0.0,0.0,0.0,0.0,0.0,0.0,180.0,0.0,0.0,180.0,0.0,0.0,0.0,0.0,0.0,0.0,0.0,0.0,0.0,0.0,0.0,0.0,80.0,0.0,100.0,80.0,0.0,100.0,0.0,0.0,0.0,0.0,0.0,0.0,0.0,0.0,"Dec 31, 2018"
2328,2805018.0,25746.0,Salah al-Din,Al-Fares,Markaz Al-Dujeel-Hay Al Wihda Mahala 101,محلة 101,33.8488707066,44.2324681278,165.0,990.0,0.0,0.0,0.0,0.0,0.0,0.0,0.0,0.0,0.0,0.0,0.0,0.0,0.0,0.0,165.0,0.0,0.0,0.0,0.0,0.0,0.0,0.0,0.0,0.0,0.0,0.0,165.0,0.0,0.0,165.0,0.0,0.0,0.0,0.0,0.0,0.0,0.0,0.0,0.0,0.0,0.0,0.0,165.0,0.0,0.0,165.0,0.0,0.0,0.0,0.0,0.0,0.0,0.0,0.0,0.0,0.0,"Dec 31, 2018"
2329,2805019.0,25745.0,Salah al-Din,Al-Fares,Markaz Al-Dujeel-Hay Al Wihda Mahala 103,محلة 103,33.850661717,44.231288881,163.0,978.0,0.0,0.0,0.0,0.0,0.0,0.0,0.0,0.0,0.0,0.0,0.0,0.0,0.0,0.0,163.0,0.0,0.0,0.0,0.0,0.0,0.0,0.0,0.0,0.0,0.0,0.0,163.0,0.0,0.0,163.0,0.0,0.0,0.0,0.0,0.0,0.0,0.0,0.0,0.0,0.0,163.0,0.0,0.0,163.0,0.0,0.0,0.0,0.0,0.0,0.0,0.0,0.0,0.0,0.0,0.0,0.0,"Dec 31, 2018"
2330,2806001.0,21589.0,Salah al-Din,Samarra,Al Armushia(Mahala 332),حي الشرطة م(25-عرموشية)محلة 332,34.199031,43.8958270848,71.0,426.0,0.0,0.0,0.0,0.0,0.0,0.0,0.0,0.0,0.0,0.0,0.0,0.0,0.0,0.0,71.0,0.0,0.0,0.0,0.0,2.0,0.0,0.0,0.0,0.0,0.0,0.0,29.0,0.0,0.0,29.0,0.0,0.0,0.0,0.0,40.0,0.0,0.0,40.0,0.0,0.0,0.0,0.0,0.0,0.0,30.0,0.0,41.0,30.0,0.0,41.0,0.0,0.0,0.0,0.0,0.0,0.0,"Dec 31, 2018"
2331,2806002.0,23876.0,Salah al-Din,Samarra,Al Jibariya Mahala 316,حي الواثق(22-جبيرية)محلة 316,34.1844526492,43.9031853061,186.0,1116.0,0.0,0.0,0.0,0.0,0.0,0.0,0.0,0.0,0.0,0.0,0.0,0.0,0.0,0.0,186.0,0.0,0.0,0.0,0.0,6.0,0.0,24.0,0.0,0.0,24.0,0.0,111.0,0.0,0.0,111.0,0.0,0.0,39.0,0.0,6.0,39.0,0.0,6.0,0.0,0.0,20.0,0.0,154.0,20.0,12.0,154.0,0.0,12.0,0.0,0.0,0.0,0.0,0.0,0.0,0.0,0.0,"Dec 31, 2018"
2332,2806003.0,21588.0,Salah al-Din,Samarra,Al Jubairiyah Al Thalitha,حي الواثق(22-جبيرية)الجبيرية الثالثة,34.1815107269,43.9093785267,476.0,2856.0,0.0,0.0,0.0,0.0,0.0,0.0,0.0,0.0,0.0,0.0,0.0,0.0,0.0,0.0,476.0,0.0,0.0,0.0,0.0,12.0,0.0,18.0,0.0,0.0,18.0,0.0,96.0,0.0,0.0,96.0,0.0,0.0,0.0,0.0,350.0,0.0,0.0,350.0,0.0,0.0,160.0,0.0,73.0,160.0,60.0,73.0,183.0,60.0,0.0,183.0,0.0,0.0,0.0,0.0,0.0,0.0,"Dec 31, 2018"
2333,2806004.0,25518.0,Salah al-Din,Samarra,Al Mahalla Al Gharbiah,المحلة الغربية,34.193541524,43.8703848235,62.0,372.0,0.0,0.0,0.0,0.0,0.0,0.0,0.0,0.0,0.0,0.0,0.0,0.0,0.0,0.0,62.0,0.0,0.0,0.0,0.0,0.0,0.0,0.0,0.0,0.0,0.0,0.0,62.0,0.0,0.0,62.0,0.0,0.0,0.0,0.0,0.0,0.0,0.0,0.0,2.0,0.0,11.0,2.0,37.0,11.0,8.0,37.0,4.0,8.0,0.0,4.0,0.0,0.0,0.0,0.0,0.0,0.0,"Dec 31, 2018"
2334,2806005.0,21723.0,Salah al-Din,Samarra,Al Qala-Mahal 201,مقاطعة 4 القلعة محلة 201,34.1820562631,43.8558614999,210.0,1260.0,0.0,0.0,0.0,0.0,0.0,0.0,0.0,0.0,0.0,0.0,0.0,0.0,16.0,0.0,194.0,0.0,0.0,0.0,0.0,0.0,0.0,0.0,0.0,0.0,0.0,0.0,170.0,0.0,0.0,170.0,0.0,0.0,0.0,0.0,40.0,0.0,0.0,40.0,10.0,0.0,69.0,10.0,0.0,69.0,0.0,0.0,115.0,0.0,0.0,115.0,16.0,0.0,0.0,16.0,0.0,0.0,"Dec 31, 2018"
2335,2806006.0,23781.0,Salah al-Din,Samarra,Al Sayoya-Mahala 1,محلة الصعيوية-1,34.0822534868,44.055491779,9.0,54.0,0.0,0.0,0.0,0.0,0.0,0.0,0.0,0.0,0.0,0.0,0.0,0.0,0.0,0.0,9.0,0.0,0.0,0.0,0.0,0.0,0.0,0.0,0.0,0.0,0.0,0.0,9.0,0.0,0.0,9.0,0.0,0.0,0.0,0.0,0.0,0.0,0.0,0.0,0.0,0.0,0.0,0.0,9.0,0.0,0.0,9.0,0.0,0.0,0.0,0.0,0.0,0.0,0.0,0.0,0.0,0.0,"Dec 31, 2018"
2336,2806008.0,20695.0,Salah al-Din,Samarra,Al-Abasiya Village,قرية العباسية,34.3009239295,43.7803131435,295.0,1770.0,0.0,0.0,0.0,0.0,0.0,0.0,0.0,0.0,0.0,0.0,0.0,0.0,0.0,0.0,295.0,0.0,0.0,0.0,0.0,73.0,0.0,142.0,0.0,0.0,142.0,0.0,46.0,0.0,0.0,46.0,0.0,0.0,0.0,0.0,34.0,0.0,0.0,34.0,0.0,0.0,0.0,0.0,0.0,0.0,0.0,0.0,280.0,0.0,15.0,280.0,0.0,15.0,0.0,0.0,0.0,0.0,"Dec 31, 2018"
2337,2806009.0,20675.0,Salah al-Din,Samarra,Al-Efraz area,حي الافراز,34.2058912106,43.9098703768,244.0,1464.0,0.0,0.0,0.0,0.0,0.0,0.0,0.0,0.0,0.0,0.0,0.0,0.0,0.0,0.0,244.0,0.0,0.0,0.0,0.0,0.0,0.0,101.0,0.0,0.0,101.0,0.0,120.0,0.0,0.0,120.0,0.0,0.0,0.0,0.0,23.0,0.0,0.0,23.0,0.0,0.0,67.0,0.0,16.0,67.0,79.0,16.0,82.0,79.0,0.0,82.0,0.0,0.0,0.0,0.0,0.0,0.0,"Dec 31, 2018"
2338,2806010.0,20674.0,Salah al-Din,Samarra,Al-Hewaish area,قرية الحويش,34.1951516457,43.8074836694,312.0,1872.0,0.0,0.0,0.0,0.0,0.0,0.0,0.0,0.0,0.0,0.0,0.0,0.0,0.0,0.0,312.0,0.0,0.0,0.0,0.0,44.0,0.0,0.0,0.0,0.0,0.0,0.0,108.0,0.0,0.0,108.0,0.0,0.0,19.0,0.0,141.0,19.0,0.0,141.0,0.0,0.0,0.0,0.0,0.0,0.0,67.0,0.0,245.0,67.0,0.0,245.0,0.0,0.0,0.0,0.0,0.0,0.0,"Dec 31, 2018"
2339,2806011.0,20643.0,Salah al-Din,Samarra,Al-Jamiaa Area,حي الجامعة,34.2125670612,43.8995375857,200.0,1200.0,0.0,0.0,0.0,0.0,0.0,0.0,0.0,0.0,0.0,0.0,0.0,0.0,0.0,0.0,200.0,0.0,0.0,0.0,0.0,5.0,0.0,0.0,0.0,0.0,0.0,0.0,95.0,0.0,0.0,95.0,0.0,0.0,72.0,0.0,28.0,72.0,0.0,28.0,25.0,0.0,130.0,25.0,5.0,130.0,40.0,5.0,0.0,40.0,0.0,0.0,0.0,0.0,0.0,0.0,0.0,0.0,"Dec 31, 2018"
2340,2806012.0,20633.0,Salah al-Din,Samarra,Al-Shuhadaa-Mahalla 324,حي الشهداءم(25-عرموشية)محلة 324,34.1902190633,43.9040939044,298.0,1788.0,0.0,0.0,0.0,0.0,0.0,0.0,0.0,0.0,0.0,0.0,0.0,0.0,0.0,0.0,298.0,0.0,0.0,0.0,0.0,0.0,0.0,0.0,0.0,0.0,0.0,0.0,274.0,0.0,0.0,274.0,0.0,0.0,20.0,0.0,4.0,20.0,0.0,4.0,0.0,0.0,0.0,0.0,12.0,0.0,138.0,12.0,138.0,138.0,0.0,138.0,10.0,0.0,0.0,10.0,0.0,0.0,"Dec 31, 2018"
2341,2806013.0,20649.0,Salah al-Din,Samarra,Al-Sikak-111,حي السكك(الشرقية)محلة 111,34.1911437549,43.8847661577,184.0,1104.0,6.0,0.0,0.0,0.0,0.0,0.0,0.0,0.0,0.0,0.0,0.0,0.0,0.0,0.0,178.0,0.0,0.0,0.0,0.0,0.0,0.0,0.0,0.0,0.0,0.0,0.0,178.0,0.0,0.0,178.0,0.0,0.0,0.0,0.0,6.0,0.0,0.0,6.0,0.0,0.0,0.0,0.0,100.0,0.0,0.0,100.0,84.0,0.0,0.0,84.0,0.0,0.0,0.0,0.0,0.0,0.0,"Dec 31, 2018"
2342,2806014.0,22580.0,Salah al-Din,Samarra,Hay Al Baladiya-104,م ق سامراء حي ابن سينا محلة 104,34.2042941647,43.8887085021,178.0,1068.0,0.0,0.0,0.0,0.0,0.0,0.0,0.0,0.0,0.0,0.0,0.0,0.0,5.0,0.0,173.0,0.0,0.0,0.0,0.0,0.0,0.0,0.0,0.0,0.0,0.0,0.0,178.0,0.0,0.0,178.0,0.0,0.0,0.0,0.0,0.0,0.0,0.0,0.0,0.0,0.0,83.0,0.0,92.0,83.0,3.0,92.0,0.0,3.0,0.0,0.0,0.0,0.0,0.0,0.0,0.0,0.0,"Dec 31, 2018"
2343,2806015.0,22474.0,Salah al-Din,Samarra,Hay Al Dhubbat-Mahalla 334,حي الضباط م(25-عرموشية)محلة 334,34.1930698743,43.8913850952,144.0,864.0,0.0,0.0,0.0,0.0,0.0,0.0,0.0,0.0,5.0,0.0,0.0,0.0,0.0,0.0,139.0,0.0,0.0,0.0,0.0,0.0,0.0,0.0,0.0,0.0,0.0,0.0,52.0,0.0,0.0,52.0,0.0,0.0,92.0,0.0,0.0,92.0,0.0,0.0,0.0,0.0,44.0,0.0,29.0,44.0,66.0,29.0,0.0,66.0,0.0,0.0,5.0,0.0,0.0,5.0,0.0,0.0,"Dec 31, 2018"
2344,2806016.0,22584.0,Salah al-Din,Samarra,Hay Al Dubhat-Mahalla 336,حي الضباط م(25-عرموشية)محلة 336,34.192828266,43.8985854015,74.0,444.0,0.0,0.0,0.0,0.0,0.0,0.0,0.0,0.0,0.0,0.0,0.0,0.0,0.0,0.0,74.0,0.0,0.0,0.0,0.0,4.0,0.0,0.0,0.0,0.0,0.0,0.0,52.0,0.0,0.0,52.0,0.0,0.0,0.0,0.0,18.0,0.0,0.0,18.0,0.0,0.0,31.0,0.0,20.0,31.0,23.0,20.0,0.0,23.0,0.0,0.0,0.0,0.0,0.0,0.0,0.0,0.0,"Dec 31, 2018"
2345,2806018.0,20680.0,Salah al-Din,Samarra,Hay Al Hady 101,حي الهادي(غربية)محلة 101,34.2024712684,43.8773283083,63.0,378.0,0.0,0.0,0.0,0.0,0.0,0.0,0.0,0.0,0.0,0.0,0.0,0.0,9.0,0.0,54.0,0.0,0.0,0.0,0.0,0.0,0.0,0.0,0.0,0.0,0.0,0.0,63.0,0.0,0.0,63.0,0.0,0.0,0.0,0.0,0.0,0.0,0.0,0.0,0.0,0.0,9.0,0.0,0.0,9.0,40.0,0.0,5.0,40.0,0.0,5.0,9.0,0.0,0.0,9.0,0.0,0.0,"Dec 31, 2018"
2346,2806019.0,22903.0,Salah al-Din,Samarra,Hay Al imam-103,حي الامام محلة 103,34.1956538055,43.871750487,20.0,120.0,0.0,0.0,0.0,0.0,0.0,0.0,0.0,0.0,0.0,0.0,0.0,0.0,0.0,0.0,20.0,0.0,0.0,0.0,0.0,0.0,0.0,0.0,0.0,0.0,0.0,0.0,20.0,0.0,0.0,20.0,0.0,0.0,0.0,0.0,0.0,0.0,0.0,0.0,0.0,0.0,0.0,0.0,20.0,0.0,0.0,20.0,0.0,0.0,0.0,0.0,0.0,0.0,0.0,0.0,0.0,0.0,"Dec 31, 2018"
2347,2806020.0,24122.0,Salah al-Din,Samarra,Hay Al Mulmeen-109,حي المعلمين-109,34.1965586739,43.8878161646,33.0,198.0,0.0,0.0,0.0,0.0,0.0,0.0,0.0,0.0,0.0,0.0,0.0,0.0,0.0,0.0,33.0,0.0,0.0,0.0,0.0,0.0,0.0,0.0,0.0,0.0,0.0,0.0,33.0,0.0,0.0,33.0,0.0,0.0,0.0,0.0,0.0,0.0,0.0,0.0,0.0,0.0,0.0,0.0,0.0,0.0,17.0,0.0,16.0,17.0,0.0,16.0,0.0,0.0,0.0,0.0,0.0,0.0,"Dec 31, 2018"
2348,2806021.0,21724.0,Salah al-Din,Samarra,Hay Al Mutasim-mahala 105,محلة 105,34.1942101484,43.8782435283,85.0,510.0,0.0,0.0,0.0,0.0,0.0,0.0,0.0,0.0,0.0,0.0,0.0,0.0,7.0,0.0,78.0,0.0,0.0,0.0,0.0,0.0,0.0,0.0,0.0,0.0,0.0,0.0,49.0,0.0,0.0,49.0,0.0,0.0,36.0,0.0,0.0,36.0,0.0,0.0,0.0,0.0,36.0,0.0,20.0,36.0,22.0,20.0,0.0,22.0,0.0,0.0,7.0,0.0,0.0,7.0,0.0,0.0,"Dec 31, 2018"
2349,2806022.0,22473.0,Salah al-Din,Samarra,Hay Al Muthanna-Mahalla 312,حي المثنى-محلة 312,34.1932340758,43.9168047253,478.0,2868.0,0.0,0.0,0.0,0.0,0.0,0.0,0.0,0.0,0.0,0.0,0.0,0.0,0.0,0.0,478.0,0.0,0.0,0.0,0.0,0.0,0.0,145.0,0.0,0.0,145.0,0.0,202.0,0.0,0.0,202.0,0.0,0.0,81.0,0.0,50.0,81.0,0.0,50.0,0.0,0.0,161.0,0.0,179.0,161.0,81.0,179.0,57.0,81.0,0.0,57.0,0.0,0.0,0.0,0.0,0.0,0.0,"Dec 31, 2018"
2350,2806023.0,22810.0,Salah al-Din,Samarra,Hay Al Rasheed-Mahalla 326,حي الرشيد م(22-جبيرية)محلة 326,34.1881947918,43.9047412388,55.0,330.0,0.0,0.0,0.0,0.0,0.0,0.0,0.0,0.0,0.0,0.0,0.0,0.0,9.0,0.0,46.0,0.0,0.0,0.0,0.0,7.0,0.0,0.0,0.0,0.0,0.0,0.0,48.0,0.0,0.0,48.0,0.0,0.0,0.0,0.0,0.0,0.0,0.0,0.0,0.0,0.0,0.0,0.0,21.0,0.0,29.0,21.0,0.0,29.0,0.0,0.0,0.0,0.0,5.0,0.0,5.0,0.0,"Dec 31, 2018"
2351,2806024.0,21725.0,Salah al-Din,Samarra,Hay Al Wathiq-Mahala 314,حي الواثق(22-جبيرية)محلة 314,34.1860535508,43.894180879,410.0,2460.0,0.0,0.0,0.0,0.0,0.0,0.0,0.0,0.0,0.0,0.0,0.0,0.0,0.0,0.0,410.0,0.0,0.0,0.0,0.0,0.0,0.0,178.0,0.0,0.0,178.0,0.0,118.0,0.0,0.0,118.0,0.0,0.0,37.0,0.0,77.0,37.0,0.0,77.0,7.0,0.0,174.0,7.0,45.0,174.0,180.0,45.0,0.0,180.0,4.0,0.0,0.0,4.0,0.0,0.0,0.0,0.0,"Dec 31, 2018"
2352,2806025.0,21594.0,Salah al-Din,Samarra,Hay Al Zuhoor(Al qala 4)Mahala 202,حي الزهور(4-القلعة)محلة 202,34.179837741,43.8551255688,109.0,654.0,0.0,0.0,0.0,0.0,0.0,0.0,0.0,0.0,0.0,0.0,0.0,0.0,0.0,0.0,109.0,0.0,0.0,0.0,0.0,0.0,0.0,0.0,0.0,0.0,0.0,0.0,67.0,0.0,0.0,67.0,0.0,0.0,0.0,0.0,42.0,0.0,0.0,42.0,0.0,0.0,0.0,0.0,15.0,0.0,0.0,15.0,94.0,0.0,0.0,94.0,0.0,0.0,0.0,0.0,0.0,0.0,"Dec 31, 2018"
2353,2806026.0,25517.0,Salah al-Din,Samarra,Hay Albu Rahman,حي البو رحمن,34.1945575364,43.8730937708,20.0,120.0,0.0,0.0,0.0,0.0,0.0,0.0,0.0,0.0,0.0,0.0,0.0,0.0,0.0,0.0,20.0,0.0,0.0,0.0,0.0,0.0,0.0,0.0,0.0,0.0,0.0,0.0,20.0,0.0,0.0,20.0,0.0,0.0,0.0,0.0,0.0,0.0,0.0,0.0,0.0,0.0,18.0,0.0,0.0,18.0,2.0,0.0,0.0,2.0,0.0,0.0,0.0,0.0,0.0,0.0,0.0,0.0,"Dec 31, 2018"
2354,2806027.0,20569.0,Salah al-Din,Samarra,Hay Al-Khathraa Mahala 322,حي الخضراء م(25-عرموشية)محلة 322,34.1977385106,43.9074379485,317.0,1902.0,0.0,0.0,0.0,0.0,0.0,0.0,0.0,0.0,10.0,0.0,0.0,0.0,0.0,0.0,307.0,0.0,0.0,0.0,0.0,0.0,0.0,123.0,0.0,0.0,123.0,21.0,173.0,21.0,0.0,173.0,0.0,0.0,0.0,0.0,0.0,0.0,0.0,0.0,0.0,0.0,76.0,0.0,37.0,76.0,100.0,37.0,94.0,100.0,0.0,94.0,10.0,0.0,0.0,10.0,0.0,0.0,"Dec 31, 2018"
2355,2806028.0,23693.0,Salah al-Din,Samarra,Hay Alqadisiya-320,حي القادسية م(25-عرموشية)محلة 320,34.2094273679,43.8999202196,98.0,588.0,0.0,0.0,0.0,0.0,0.0,0.0,0.0,0.0,0.0,0.0,0.0,0.0,0.0,0.0,98.0,0.0,0.0,0.0,0.0,0.0,0.0,0.0,0.0,0.0,0.0,0.0,98.0,0.0,0.0,98.0,0.0,0.0,0.0,0.0,0.0,0.0,0.0,0.0,0.0,0.0,53.0,0.0,37.0,53.0,8.0,37.0,0.0,8.0,0.0,0.0,0.0,0.0,0.0,0.0,0.0,0.0,"Dec 31, 2018"
2356,2806029.0,23877.0,Salah al-Din,Samarra,Hay Al-Ziraa(Sharqiyah)113,حي الزراعة(شرقية)محلة 113,34.188255854,43.8730756659,90.0,540.0,0.0,0.0,0.0,0.0,0.0,0.0,0.0,0.0,0.0,0.0,0.0,0.0,0.0,0.0,90.0,0.0,0.0,0.0,0.0,0.0,0.0,0.0,0.0,0.0,0.0,0.0,90.0,0.0,0.0,90.0,0.0,0.0,0.0,0.0,0.0,0.0,0.0,0.0,3.0,0.0,9.0,3.0,10.0,9.0,45.0,10.0,23.0,45.0,0.0,23.0,0.0,0.0,0.0,0.0,0.0,0.0,"Dec 31, 2018"
2357,2806030.0,21590.0,Salah al-Din,Samarra,Hay Salah Al-Din(Mahala 302),حي صلاح الدين محلة 302,34.204720594,43.9126189705,389.0,2334.0,0.0,0.0,0.0,0.0,0.0,0.0,0.0,0.0,0.0,0.0,0.0,0.0,0.0,0.0,389.0,0.0,0.0,0.0,0.0,10.0,0.0,70.0,0.0,0.0,70.0,0.0,285.0,0.0,0.0,285.0,0.0,0.0,0.0,0.0,24.0,0.0,0.0,24.0,0.0,0.0,0.0,0.0,85.0,0.0,221.0,85.0,83.0,221.0,0.0,83.0,0.0,0.0,0.0,0.0,0.0,0.0,"Dec 31, 2018"
2358,2806050.0,25926.0,Salah al-Din,Samarra,Hawi Albsat,مقاطعة 27 حاوى البساط,34.2613789905,43.8754131272,10.0,60.0,0.0,0.0,0.0,0.0,0.0,0.0,0.0,0.0,0.0,0.0,0.0,0.0,0.0,0.0,10.0,0.0,0.0,0.0,0.0,10.0,0.0,0.0,0.0,0.0,0.0,0.0,0.0,0.0,0.0,0.0,0.0,0.0,0.0,0.0,0.0,0.0,0.0,0.0,0.0,0.0,0.0,0.0,0.0,0.0,0.0,0.0,0.0,0.0,0.0,0.0,0.0,0.0,10.0,0.0,10.0,0.0,"Dec 31, 2018"
2359,2806053.0,29539.0,Salah al-Din,Samarra,Mahalla Makeshfa,محلة مكيشفة,34.369047177,43.7591998838,198.0,1188.0,0.0,0.0,0.0,0.0,0.0,0.0,0.0,0.0,0.0,0.0,0.0,0.0,0.0,0.0,198.0,0.0,0.0,0.0,0.0,0.0,0.0,0.0,0.0,0.0,0.0,0.0,143.0,0.0,0.0,143.0,0.0,0.0,0.0,0.0,55.0,0.0,0.0,55.0,0.0,0.0,0.0,0.0,0.0,0.0,0.0,0.0,198.0,0.0,0.0,198.0,0.0,0.0,0.0,0.0,0.0,0.0,"Dec 31, 2018"
2360,2808001.0,23145.0,Salah al-Din,Tikrit,Al Ahad Al Jadid village,قرية العهد الجديد,34.7201651082,43.6989630329,80.0,480.0,0.0,0.0,0.0,0.0,0.0,0.0,0.0,0.0,43.0,0.0,0.0,0.0,0.0,0.0,37.0,0.0,0.0,0.0,0.0,15.0,0.0,0.0,0.0,0.0,0.0,0.0,65.0,0.0,0.0,65.0,0.0,0.0,0.0,0.0,0.0,0.0,0.0,0.0,0.0,0.0,0.0,0.0,0.0,0.0,0.0,0.0,50.0,0.0,30.0,50.0,0.0,30.0,0.0,0.0,0.0,0.0,"Dec 31, 2018"
2361,2808002.0,23244.0,Salah al-Din,Tikrit,Hay Al Askari,الحي العسكري,34.6888668163,43.7172710479,520.0,3120.0,0.0,0.0,0.0,0.0,0.0,0.0,0.0,0.0,376.0,0.0,0.0,0.0,0.0,0.0,144.0,0.0,0.0,0.0,0.0,110.0,0.0,45.0,0.0,0.0,45.0,0.0,325.0,0.0,0.0,325.0,0.0,0.0,0.0,0.0,40.0,0.0,0.0,40.0,0.0,0.0,0.0,0.0,0.0,0.0,0.0,0.0,135.0,0.0,376.0,135.0,9.0,376.0,0.0,9.0,0.0,0.0,"Dec 31, 2018"
2362,2808004.0,25569.0,Salah al-Din,Tikrit,Al Haweja village-AlAbady,قرية الحويجة-العبادي,34.704490884,43.679389427,47.0,282.0,0.0,0.0,0.0,0.0,0.0,0.0,0.0,0.0,8.0,0.0,0.0,0.0,0.0,0.0,39.0,0.0,0.0,0.0,0.0,0.0,0.0,10.0,0.0,0.0,10.0,0.0,27.0,0.0,0.0,27.0,0.0,0.0,0.0,0.0,10.0,0.0,0.0,10.0,0.0,0.0,0.0,0.0,0.0,0.0,0.0,0.0,8.0,0.0,32.0,8.0,7.0,32.0,0.0,7.0,0.0,0.0,"Dec 31, 2018"
2363,2808005.0,24212.0,Salah al-Din,Tikrit,Al khuzamiya Village,قرية الخزامية,34.7685449972,43.6508570495,67.0,402.0,0.0,0.0,0.0,0.0,0.0,0.0,0.0,0.0,16.0,0.0,0.0,0.0,0.0,0.0,51.0,0.0,0.0,0.0,0.0,0.0,0.0,0.0,0.0,0.0,0.0,0.0,67.0,0.0,0.0,67.0,0.0,0.0,0.0,0.0,0.0,0.0,0.0,0.0,0.0,0.0,0.0,0.0,0.0,0.0,42.0,0.0,25.0,42.0,0.0,25.0,0.0,0.0,0.0,0.0,0.0,0.0,"Dec 31, 2018"
2364,2808007.0,24211.0,Salah al-Din,Tikrit,Al Namah Al ShamaliyahVillage,قرية الناعمة الشمالية,34.6626378201,43.9208114088,160.0,960.0,0.0,0.0,0.0,0.0,0.0,0.0,0.0,0.0,0.0,0.0,0.0,0.0,0.0,0.0,160.0,0.0,0.0,0.0,0.0,160.0,0.0,0.0,0.0,0.0,0.0,0.0,0.0,0.0,0.0,0.0,0.0,0.0,0.0,0.0,0.0,0.0,0.0,0.0,0.0,0.0,0.0,0.0,30.0,0.0,130.0,30.0,0.0,130.0,0.0,0.0,0.0,0.0,0.0,0.0,0.0,0.0,"Dec 31, 2018"
2365,2808011.0,24248.0,Salah al-Din,Tikrit,Awajealah Quarter,حي عويجيلية-م(27-الخرجة والعالي),34.6747398535,43.7152989723,142.0,852.0,0.0,0.0,0.0,0.0,0.0,0.0,0.0,0.0,86.0,0.0,0.0,0.0,0.0,0.0,56.0,0.0,0.0,0.0,0.0,0.0,0.0,0.0,0.0,0.0,0.0,0.0,132.0,0.0,0.0,132.0,0.0,0.0,0.0,0.0,10.0,0.0,0.0,10.0,0.0,0.0,0.0,0.0,0.0,0.0,0.0,0.0,0.0,0.0,56.0,0.0,86.0,56.0,0.0,86.0,0.0,0.0,"Dec 31, 2018"
2366,2808013.0,23206.0,Salah al-Din,Tikrit,Hay Al Asry Al Jadid-404,حي العصري-محلة 404,34.6053898567,43.6761703435,130.0,780.0,0.0,0.0,0.0,0.0,0.0,0.0,0.0,0.0,0.0,0.0,0.0,0.0,1.0,0.0,129.0,0.0,0.0,0.0,0.0,0.0,0.0,0.0,0.0,0.0,0.0,0.0,130.0,0.0,0.0,130.0,0.0,0.0,0.0,0.0,0.0,0.0,0.0,0.0,0.0,0.0,0.0,0.0,0.0,0.0,115.0,0.0,0.0,115.0,14.0,0.0,1.0,14.0,0.0,1.0,0.0,0.0,"Dec 31, 2018"
2367,2808014.0,24247.0,Salah al-Din,Tikrit,Hay Al baladiyah,حي البلدية-م(27-الخرجة والعالي),34.687550089,43.7176952396,221.0,1326.0,0.0,0.0,0.0,0.0,0.0,0.0,0.0,0.0,159.0,0.0,0.0,0.0,0.0,0.0,62.0,0.0,0.0,0.0,0.0,0.0,0.0,0.0,0.0,0.0,0.0,0.0,129.0,0.0,0.0,129.0,0.0,0.0,0.0,0.0,92.0,0.0,0.0,92.0,0.0,0.0,0.0,0.0,0.0,0.0,0.0,0.0,0.0,0.0,0.0,0.0,190.0,0.0,31.0,190.0,31.0,0.0,"Dec 31, 2018"
2368,2808015.0,20608.0,Salah al-Din,Tikrit,Hay Al Jamiyah,حي الجمعية-2,34.6946263051,43.7152207043,20.0,120.0,0.0,0.0,0.0,0.0,0.0,0.0,0.0,0.0,15.0,0.0,0.0,0.0,0.0,0.0,5.0,0.0,0.0,0.0,0.0,0.0,0.0,6.0,0.0,0.0,6.0,0.0,4.0,0.0,0.0,4.0,0.0,0.0,0.0,0.0,10.0,0.0,0.0,10.0,0.0,0.0,0.0,0.0,0.0,0.0,0.0,0.0,15.0,0.0,5.0,15.0,0.0,5.0,0.0,0.0,0.0,0.0,"Dec 31, 2018"
2369,2808016.0,21592.0,Salah al-Din,Tikrit,Hay Al sinay-Al samad,حي الصناعي-م(51-المجرة وتل رجيم)قرية الصمد,34.7132682538,43.7066910747,218.0,1308.0,0.0,0.0,0.0,0.0,0.0,0.0,0.0,0.0,168.0,0.0,0.0,0.0,0.0,0.0,50.0,0.0,0.0,0.0,0.0,0.0,0.0,47.0,0.0,0.0,47.0,0.0,83.0,0.0,0.0,83.0,0.0,0.0,0.0,0.0,88.0,0.0,0.0,88.0,0.0,0.0,0.0,0.0,0.0,0.0,0.0,0.0,0.0,0.0,0.0,0.0,218.0,0.0,0.0,218.0,0.0,0.0,"Dec 31, 2018"
2370,2808019.0,22470.0,Salah al-Din,Tikrit,Mahalla Al muwadafeen,حي الموظفين(27الخرجة والعالي)محلة الموظفين,34.6905558572,43.7144303777,20.0,120.0,0.0,0.0,0.0,0.0,0.0,0.0,0.0,0.0,20.0,0.0,0.0,0.0,0.0,0.0,0.0,0.0,0.0,0.0,0.0,0.0,0.0,15.0,0.0,0.0,15.0,0.0,5.0,0.0,0.0,5.0,0.0,0.0,0.0,0.0,0.0,0.0,0.0,0.0,0.0,0.0,0.0,0.0,0.0,0.0,0.0,0.0,0.0,0.0,0.0,0.0,20.0,0.0,0.0,20.0,0.0,0.0,"Dec 31, 2018"
2371,2808023.0,22059.0,Salah al-Din,Tikrit,Qaryat Erbaidha,قرية أربيضة,34.7932755465,43.6042593887,125.0,750.0,0.0,0.0,0.0,0.0,0.0,0.0,0.0,0.0,105.0,0.0,0.0,0.0,0.0,0.0,20.0,0.0,0.0,0.0,0.0,15.0,0.0,0.0,0.0,0.0,0.0,0.0,81.0,0.0,0.0,81.0,0.0,0.0,0.0,0.0,29.0,0.0,0.0,29.0,0.0,0.0,0.0,0.0,0.0,0.0,0.0,0.0,0.0,0.0,0.0,0.0,125.0,0.0,0.0,125.0,0.0,0.0,"Dec 31, 2018"
2372,2808025.0,20612.0,Salah al-Din,Tikrit,Samrah Village,قرية سمرة,34.7556756507,43.669097506,58.0,348.0,0.0,0.0,0.0,0.0,0.0,0.0,0.0,0.0,46.0,0.0,0.0,0.0,1.0,0.0,11.0,0.0,0.0,0.0,0.0,0.0,0.0,20.0,0.0,2.0,20.0,0.0,20.0,0.0,0.0,20.0,0.0,0.0,0.0,0.0,16.0,0.0,0.0,16.0,0.0,0.0,0.0,0.0,0.0,0.0,0.0,0.0,0.0,0.0,0.0,0.0,0.0,0.0,58.0,0.0,58.0,0.0,"Dec 31, 2018"
2373,2808028.0,23702.0,Salah al-Din,Tikrit,Qadisya 2 500 Area,حي المطاردة(قادسية2)مقاطعة 7 محله 218 – قطعه 500,34.6508521597,43.6484036824,250.0,1500.0,0.0,0.0,0.0,0.0,0.0,0.0,0.0,0.0,6.0,0.0,0.0,0.0,8.0,0.0,236.0,0.0,0.0,0.0,0.0,0.0,0.0,5.0,0.0,0.0,5.0,0.0,240.0,0.0,0.0,240.0,0.0,0.0,0.0,0.0,5.0,0.0,0.0,5.0,0.0,0.0,0.0,0.0,0.0,0.0,0.0,0.0,119.0,0.0,0.0,119.0,131.0,0.0,0.0,131.0,0.0,0.0,"Dec 31, 2018"
2374,2808031.0,23918.0,Salah al-Din,Tikrit,Al-Mutaradah 204,حي الشهداء مقاطعة 7-المطاردة محلة 204,34.6225053677,43.6737766396,137.0,822.0,0.0,0.0,0.0,0.0,0.0,0.0,0.0,0.0,2.0,0.0,0.0,0.0,2.0,0.0,133.0,0.0,0.0,0.0,0.0,0.0,0.0,0.0,0.0,0.0,0.0,0.0,137.0,0.0,0.0,137.0,0.0,0.0,0.0,0.0,0.0,0.0,0.0,0.0,0.0,0.0,0.0,0.0,0.0,0.0,36.0,0.0,101.0,36.0,0.0,101.0,0.0,0.0,0.0,0.0,0.0,0.0,"Dec 31, 2018"
2375,2808032.0,20630.0,Salah al-Din,Tikrit,Al-Shahama Village,قرية الشهامة,34.6956270355,43.6248264661,42.0,252.0,0.0,0.0,0.0,0.0,0.0,0.0,0.0,0.0,0.0,0.0,0.0,0.0,0.0,0.0,42.0,0.0,0.0,0.0,0.0,0.0,0.0,4.0,0.0,0.0,4.0,0.0,20.0,0.0,0.0,20.0,0.0,0.0,0.0,0.0,18.0,0.0,0.0,18.0,0.0,0.0,0.0,0.0,0.0,0.0,0.0,0.0,0.0,0.0,42.0,0.0,0.0,42.0,0.0,0.0,0.0,0.0,"Dec 31, 2018"
2376,2808034.0,20618.0,Salah al-Din,Tikrit,Hammad Shihab,قرية حماد شهاب,34.6986952464,43.6182605224,65.0,390.0,0.0,0.0,0.0,0.0,0.0,0.0,0.0,0.0,0.0,0.0,0.0,0.0,0.0,0.0,65.0,0.0,0.0,0.0,0.0,0.0,0.0,0.0,0.0,0.0,0.0,0.0,65.0,0.0,0.0,65.0,0.0,0.0,0.0,0.0,0.0,0.0,0.0,0.0,0.0,0.0,0.0,0.0,0.0,0.0,0.0,0.0,0.0,0.0,25.0,0.0,40.0,25.0,0.0,40.0,0.0,0.0,"Dec 31, 2018"
2377,2808037.0,22966.0,Salah al-Din,Tikrit,Hay Sheshen Mahal 408,حي شيشين-مقاطعة 5-وادي شيشين محلة 408,34.5929545071,43.6818062514,130.0,780.0,0.0,0.0,0.0,0.0,0.0,0.0,0.0,0.0,2.0,0.0,0.0,0.0,3.0,0.0,125.0,0.0,0.0,0.0,0.0,0.0,0.0,0.0,0.0,0.0,0.0,0.0,31.0,0.0,0.0,31.0,0.0,0.0,89.0,0.0,10.0,89.0,0.0,10.0,0.0,0.0,0.0,0.0,0.0,0.0,0.0,0.0,0.0,0.0,130.0,0.0,0.0,130.0,0.0,0.0,0.0,0.0,"Dec 31, 2018"
2378,2808041.0,25949.0,Salah al-Din,Tikrit,Al Bzikhah Village,قرية البزيخة,34.892082314,43.5488168918,12.0,72.0,0.0,0.0,0.0,0.0,0.0,0.0,0.0,0.0,12.0,0.0,0.0,0.0,0.0,0.0,0.0,0.0,0.0,0.0,0.0,0.0,0.0,0.0,0.0,0.0,0.0,0.0,12.0,0.0,0.0,12.0,0.0,0.0,0.0,0.0,0.0,0.0,0.0,0.0,0.0,0.0,0.0,0.0,0.0,0.0,0.0,0.0,0.0,0.0,12.0,0.0,0.0,12.0,0.0,0.0,0.0,0.0,"Dec 31, 2018"
2379,2808042.0,25984.0,Salah al-Din,Tikrit,Aldleimat Village,قرية الدليمات,34.7840029357,43.6263014283,2.0,12.0,0.0,0.0,0.0,0.0,0.0,0.0,0.0,0.0,2.0,0.0,0.0,0.0,0.0,0.0,0.0,0.0,0.0,0.0,0.0,2.0,0.0,0.0,0.0,0.0,0.0,0.0,0.0,0.0,0.0,0.0,0.0,0.0,0.0,0.0,0.0,0.0,0.0,0.0,0.0,0.0,0.0,0.0,0.0,0.0,0.0,0.0,0.0,0.0,0.0,0.0,2.0,0.0,0.0,2.0,0.0,0.0,"Dec 31, 2018"
2380,2808043.0,20642.0,Salah al-Din,Tikrit,Al Karama Village,قرية الكرامة,34.6912611446,43.6255140504,18.0,108.0,0.0,0.0,0.0,0.0,0.0,0.0,0.0,0.0,0.0,0.0,0.0,0.0,0.0,0.0,18.0,0.0,0.0,0.0,0.0,0.0,0.0,0.0,0.0,0.0,0.0,0.0,15.0,0.0,0.0,15.0,0.0,0.0,0.0,0.0,3.0,0.0,0.0,3.0,0.0,0.0,0.0,0.0,0.0,0.0,0.0,0.0,18.0,0.0,0.0,18.0,0.0,0.0,0.0,0.0,0.0,0.0,"Dec 31, 2018"
2381,2808044.0,26034.0,Salah al-Din,Tikrit,Al Mahzam village,قرية المحزم,34.7285134911,43.6406543147,28.0,168.0,0.0,0.0,0.0,0.0,0.0,0.0,0.0,0.0,1.0,0.0,0.0,0.0,0.0,0.0,27.0,0.0,0.0,0.0,0.0,0.0,0.0,14.0,0.0,0.0,14.0,0.0,10.0,0.0,0.0,10.0,0.0,0.0,0.0,0.0,4.0,0.0,0.0,4.0,0.0,0.0,0.0,0.0,0.0,0.0,0.0,0.0,28.0,0.0,0.0,28.0,0.0,0.0,0.0,0.0,0.0,0.0,"Dec 31, 2018"
2382,2808046.0,20631.0,Salah al-Din,Tikrit,Al Safiya village,قرية الصافية,34.6936732021,43.6143404311,4.0,24.0,0.0,0.0,0.0,0.0,0.0,0.0,0.0,0.0,0.0,0.0,0.0,0.0,0.0,0.0,4.0,0.0,0.0,0.0,0.0,0.0,0.0,0.0,0.0,0.0,0.0,0.0,4.0,0.0,0.0,4.0,0.0,0.0,0.0,0.0,0.0,0.0,0.0,0.0,0.0,0.0,0.0,0.0,0.0,0.0,0.0,0.0,0.0,0.0,0.0,0.0,4.0,0.0,0.0,4.0,0.0,0.0,"Dec 31, 2018"
2383,2808047.0,21357.0,Salah al-Din,Tikrit,Al Zallayah village,قرية الزلاية,34.45798508,43.72672328,120.0,720.0,0.0,0.0,0.0,0.0,0.0,0.0,0.0,0.0,0.0,0.0,0.0,0.0,0.0,0.0,120.0,0.0,0.0,0.0,0.0,78.0,0.0,0.0,0.0,0.0,0.0,0.0,42.0,0.0,0.0,42.0,0.0,0.0,0.0,0.0,0.0,0.0,0.0,0.0,0.0,0.0,0.0,0.0,0.0,0.0,0.0,0.0,0.0,0.0,120.0,0.0,0.0,120.0,0.0,0.0,0.0,0.0,"Dec 31, 2018"
2384,2808048.0,23301.0,Salah al-Din,Tikrit,Hay Al Anwaa Mahala 420,حي الانواء-محلة 420,34.5750390046,43.6820188772,10.0,60.0,0.0,0.0,0.0,0.0,0.0,0.0,0.0,0.0,0.0,0.0,0.0,0.0,0.0,0.0,10.0,0.0,0.0,0.0,0.0,0.0,0.0,0.0,0.0,0.0,0.0,0.0,10.0,0.0,0.0,10.0,0.0,0.0,0.0,0.0,0.0,0.0,0.0,0.0,0.0,0.0,0.0,0.0,0.0,0.0,0.0,0.0,0.0,0.0,10.0,0.0,0.0,10.0,0.0,0.0,0.0,0.0,"Dec 31, 2018"
2385,2808049.0,25961.0,Salah al-Din,Tikrit,Hay Alarbaen,حي الاربعين-محله 414,34.5948121464,43.6768271495,20.0,120.0,0.0,0.0,0.0,0.0,0.0,0.0,0.0,0.0,0.0,0.0,0.0,0.0,0.0,0.0,20.0,0.0,0.0,0.0,0.0,0.0,0.0,0.0,0.0,0.0,0.0,0.0,20.0,0.0,0.0,20.0,0.0,0.0,0.0,0.0,0.0,0.0,0.0,0.0,0.0,0.0,0.0,0.0,0.0,0.0,0.0,0.0,0.0,0.0,0.0,0.0,20.0,0.0,0.0,20.0,0.0,0.0,"Dec 31, 2018"
2386,2808050.0,22331.0,Salah al-Din,Tikrit,Al Baladiyat-402,البلديات-402,34.6112426883,43.6740902904,35.0,210.0,0.0,0.0,0.0,0.0,0.0,0.0,0.0,0.0,0.0,0.0,0.0,0.0,0.0,0.0,35.0,0.0,0.0,0.0,0.0,0.0,0.0,0.0,0.0,0.0,0.0,0.0,15.0,0.0,0.0,15.0,0.0,0.0,0.0,0.0,20.0,0.0,0.0,20.0,0.0,0.0,0.0,0.0,0.0,0.0,11.0,0.0,0.0,11.0,24.0,0.0,0.0,24.0,0.0,0.0,0.0,0.0,"Dec 31, 2018"
2387,2808053.0,25960.0,Salah al-Din,Tikrit,Hay Aljamiyaa,حي الجمعية-محله 418,34.5929969189,43.6741052732,50.0,300.0,0.0,0.0,0.0,0.0,0.0,0.0,0.0,0.0,0.0,0.0,0.0,0.0,0.0,0.0,50.0,0.0,0.0,0.0,0.0,0.0,0.0,0.0,0.0,0.0,0.0,0.0,41.0,0.0,0.0,41.0,0.0,0.0,0.0,0.0,9.0,0.0,0.0,9.0,0.0,0.0,0.0,0.0,0.0,0.0,0.0,0.0,0.0,0.0,13.0,0.0,37.0,13.0,0.0,37.0,0.0,0.0,"Dec 31, 2018"
2388,2808055.0,22812.0,Salah al-Din,Tikrit,Hay Al Mualimeen-406,حي المعلمين محلة-406,34.6036512824,43.6747349426,30.0,180.0,0.0,0.0,0.0,0.0,0.0,0.0,0.0,0.0,0.0,0.0,0.0,0.0,0.0,0.0,30.0,0.0,0.0,0.0,0.0,0.0,0.0,0.0,0.0,0.0,0.0,0.0,30.0,0.0,0.0,30.0,0.0,0.0,0.0,0.0,0.0,0.0,0.0,0.0,0.0,0.0,10.0,0.0,10.0,10.0,5.0,10.0,0.0,5.0,5.0,0.0,0.0,5.0,0.0,0.0,0.0,0.0,"Dec 31, 2018"
2389,2808056.0,20622.0,Salah al-Din,Tikrit,Hay AL Suqour,حي الصقور,34.7009644488,43.6106373538,74.0,444.0,0.0,0.0,0.0,0.0,0.0,0.0,0.0,0.0,1.0,0.0,0.0,0.0,0.0,0.0,73.0,0.0,0.0,0.0,0.0,0.0,0.0,14.0,0.0,0.0,14.0,0.0,60.0,0.0,0.0,60.0,0.0,0.0,0.0,0.0,0.0,0.0,0.0,0.0,0.0,0.0,0.0,0.0,0.0,0.0,0.0,0.0,0.0,0.0,69.0,0.0,4.0,69.0,1.0,4.0,1.0,0.0,"Dec 31, 2018"
2390,2808057.0,22468.0,Salah al-Din,Tikrit,Hay Al Zuhour-422,حي الزهور محلة-422,34.5906041222,43.6723785909,248.0,1488.0,0.0,0.0,0.0,0.0,0.0,0.0,0.0,0.0,7.0,0.0,0.0,0.0,8.0,0.0,233.0,0.0,0.0,0.0,0.0,0.0,0.0,0.0,0.0,0.0,0.0,0.0,231.0,0.0,0.0,231.0,0.0,0.0,17.0,0.0,0.0,17.0,0.0,0.0,0.0,0.0,0.0,0.0,0.0,0.0,0.0,0.0,0.0,0.0,145.0,0.0,99.0,145.0,4.0,99.0,4.0,0.0,"Dec 31, 2018"
2391,2808058.0,25962.0,Salah al-Din,Tikrit,Hay Salma Altaghlubia,حي سلمى التغلبيه-محله 401,34.6097445069,43.6808217131,37.0,222.0,0.0,0.0,0.0,0.0,0.0,0.0,0.0,0.0,0.0,0.0,0.0,0.0,0.0,0.0,37.0,0.0,0.0,0.0,0.0,0.0,0.0,0.0,0.0,0.0,0.0,0.0,25.0,0.0,0.0,25.0,0.0,0.0,0.0,0.0,12.0,0.0,0.0,12.0,0.0,0.0,0.0,0.0,0.0,0.0,37.0,0.0,0.0,37.0,0.0,0.0,0.0,0.0,0.0,0.0,0.0,0.0,"Dec 31, 2018"
2392,2808061.0,25922.0,Salah al-Din,Tikrit,Qadisya 1 Mahala 214,حي المطاردة(قادسية1)مقاطعة 7-محله 214,34.6457808852,43.6660867266,180.0,1080.0,0.0,0.0,0.0,0.0,0.0,0.0,0.0,0.0,3.0,0.0,0.0,0.0,2.0,0.0,175.0,0.0,0.0,0.0,0.0,0.0,0.0,0.0,0.0,0.0,0.0,0.0,100.0,0.0,0.0,100.0,0.0,0.0,11.0,0.0,69.0,11.0,0.0,69.0,0.0,0.0,0.0,0.0,0.0,0.0,0.0,0.0,120.0,0.0,60.0,120.0,0.0,60.0,0.0,0.0,0.0,0.0,"Dec 31, 2018"
2393,2808062.0,25923.0,Salah al-Din,Tikrit,Qadisya 2 Mahala 216,حي المطاردة(قادسية2)مقاطعة 7-محله 216,34.6490426651,43.6629112169,201.0,1206.0,0.0,0.0,0.0,0.0,0.0,0.0,0.0,0.0,0.0,0.0,0.0,0.0,0.0,0.0,201.0,0.0,0.0,0.0,0.0,0.0,0.0,0.0,0.0,0.0,0.0,0.0,187.0,0.0,0.0,187.0,0.0,0.0,0.0,0.0,14.0,0.0,0.0,14.0,0.0,0.0,0.0,0.0,0.0,0.0,0.0,0.0,0.0,0.0,140.0,0.0,61.0,140.0,0.0,61.0,0.0,0.0,"Dec 31, 2018"
2394,2808063.0,25950.0,Salah al-Din,Tikrit,Tal-Al Sibaat Village,قرية تل السيباط,34.8196908407,43.5777288906,288.0,1728.0,0.0,0.0,0.0,0.0,0.0,0.0,0.0,0.0,248.0,0.0,0.0,0.0,0.0,0.0,40.0,0.0,0.0,0.0,0.0,0.0,0.0,38.0,0.0,0.0,38.0,0.0,250.0,0.0,0.0,250.0,0.0,0.0,0.0,0.0,0.0,0.0,0.0,0.0,0.0,0.0,0.0,0.0,0.0,0.0,0.0,0.0,0.0,0.0,0.0,0.0,288.0,0.0,0.0,288.0,0.0,0.0,"Dec 31, 2018"
2395,2808065.0,20666.0,Salah al-Din,Tikrit,Uwainat,عوينات,34.4713799229,43.7353503848,2.0,12.0,0.0,0.0,0.0,0.0,0.0,0.0,0.0,0.0,1.0,0.0,0.0,0.0,0.0,0.0,1.0,0.0,0.0,0.0,0.0,0.0,0.0,0.0,0.0,0.0,0.0,0.0,2.0,0.0,0.0,2.0,0.0,0.0,0.0,0.0,0.0,0.0,0.0,0.0,0.0,0.0,0.0,0.0,0.0,0.0,1.0,0.0,1.0,1.0,0.0,1.0,0.0,0.0,0.0,0.0,0.0,0.0,"Dec 31, 2018"
2396,2808066.0,27231.0,Salah al-Din,Tikrit,Al Shaheed Abdulla village,قرية الشهيد عبدالله جباره,34.6681781168,43.7329189855,70.0,420.0,0.0,0.0,0.0,0.0,0.0,0.0,0.0,0.0,36.0,0.0,0.0,0.0,0.0,0.0,34.0,0.0,0.0,0.0,0.0,0.0,0.0,0.0,0.0,0.0,0.0,0.0,38.0,0.0,0.0,38.0,0.0,0.0,0.0,0.0,32.0,0.0,0.0,32.0,0.0,0.0,0.0,0.0,0.0,0.0,0.0,0.0,0.0,0.0,58.0,0.0,12.0,58.0,0.0,12.0,0.0,0.0,"Dec 31, 2018"
2397,2808068.0,22058.0,Salah al-Din,Tikrit,Hay Aldiuom,حي الديوم-مقاطعة 211-ديوم تكريت,34.5961806178,43.6552203633,158.0,948.0,0.0,0.0,0.0,0.0,0.0,0.0,0.0,0.0,50.0,0.0,0.0,0.0,2.0,0.0,106.0,0.0,0.0,0.0,0.0,0.0,0.0,65.0,0.0,0.0,65.0,0.0,28.0,0.0,0.0,28.0,0.0,0.0,0.0,0.0,65.0,0.0,0.0,65.0,0.0,0.0,0.0,0.0,0.0,0.0,0.0,0.0,0.0,0.0,13.0,0.0,145.0,13.0,0.0,145.0,0.0,0.0,"Dec 31, 2018"
2398,2808069.0,27367.0,Salah al-Din,Tikrit,Hay Alziraa,حي الزراعة,34.5846342109,43.6825517379,47.0,282.0,0.0,0.0,0.0,0.0,0.0,0.0,0.0,0.0,0.0,0.0,0.0,0.0,0.0,0.0,47.0,0.0,0.0,0.0,0.0,0.0,0.0,0.0,0.0,0.0,0.0,0.0,47.0,0.0,0.0,47.0,0.0,0.0,0.0,0.0,0.0,0.0,0.0,0.0,0.0,0.0,0.0,0.0,0.0,0.0,0.0,0.0,0.0,0.0,0.0,0.0,47.0,0.0,0.0,47.0,0.0,0.0,"Dec 31, 2018"
2399,2808070.0,20624.0,Salah al-Din,Tikrit,Hay 100 dar,حي 100 دار,34.5836836612,43.6883329879,5.0,30.0,0.0,0.0,0.0,0.0,0.0,0.0,0.0,0.0,0.0,0.0,0.0,0.0,0.0,0.0,5.0,0.0,0.0,0.0,0.0,0.0,0.0,0.0,0.0,0.0,0.0,0.0,5.0,0.0,0.0,5.0,0.0,0.0,0.0,0.0,0.0,0.0,0.0,0.0,0.0,0.0,0.0,0.0,0.0,0.0,0.0,0.0,0.0,0.0,0.0,0.0,5.0,0.0,0.0,5.0,0.0,0.0,"Dec 31, 2018"
2400,2808071.0,22965.0,Salah al-Din,Tikrit,Hay Alqalaa,حي القلعة(6-تكريت)محلة 405,34.603648684,43.6899681296,380.0,2280.0,0.0,0.0,0.0,0.0,0.0,0.0,0.0,0.0,0.0,0.0,0.0,0.0,0.0,0.0,380.0,0.0,0.0,0.0,0.0,0.0,0.0,0.0,0.0,0.0,0.0,0.0,271.0,0.0,0.0,271.0,0.0,0.0,0.0,0.0,109.0,0.0,0.0,109.0,0.0,0.0,0.0,0.0,0.0,0.0,0.0,0.0,230.0,0.0,150.0,230.0,0.0,150.0,0.0,0.0,0.0,0.0,"Dec 31, 2018"
2401,2808072.0,27368.0,Salah al-Din,Tikrit,Hay Alkahrbaa,حي الكهرباء,34.6040726826,43.6643316597,45.0,270.0,0.0,0.0,0.0,0.0,0.0,0.0,0.0,0.0,0.0,0.0,0.0,0.0,0.0,0.0,45.0,0.0,0.0,0.0,0.0,0.0,0.0,30.0,0.0,0.0,30.0,0.0,15.0,0.0,0.0,15.0,0.0,0.0,0.0,0.0,0.0,0.0,0.0,0.0,0.0,0.0,0.0,0.0,0.0,0.0,0.0,0.0,0.0,0.0,0.0,0.0,45.0,0.0,0.0,45.0,0.0,0.0,"Dec 31, 2018"
2402,2808073.0,27369.0,Salah al-Din,Tikrit,Hay Alfirdous,حي الفردوس(البو عبيد)مقاطعة-5 محلة 428,34.5943739405,43.6658699904,280.0,1680.0,0.0,0.0,0.0,0.0,0.0,0.0,0.0,0.0,0.0,0.0,0.0,0.0,0.0,0.0,280.0,0.0,0.0,0.0,0.0,0.0,0.0,189.0,0.0,0.0,189.0,0.0,61.0,0.0,0.0,61.0,0.0,0.0,0.0,0.0,30.0,0.0,0.0,30.0,0.0,0.0,0.0,0.0,0.0,0.0,0.0,0.0,0.0,0.0,120.0,0.0,160.0,120.0,0.0,160.0,0.0,0.0,"Dec 31, 2018"
2403,2808074.0,20663.0,Salah al-Din,Tikrit,Hay Al-Tajneed,حي التجنيد,34.580094656,43.6815059278,30.0,180.0,0.0,0.0,0.0,0.0,0.0,0.0,0.0,0.0,0.0,0.0,0.0,0.0,0.0,0.0,30.0,0.0,0.0,0.0,0.0,0.0,0.0,0.0,0.0,0.0,0.0,0.0,6.0,0.0,0.0,6.0,0.0,0.0,19.0,0.0,5.0,19.0,0.0,5.0,0.0,0.0,0.0,0.0,0.0,0.0,17.0,0.0,0.0,17.0,0.0,0.0,13.0,0.0,0.0,13.0,0.0,0.0,"Dec 31, 2018"
2404,2808075.0,28412.0,Salah al-Din,Tikrit,Hay Al-Quthat,حي القضاة,34.6012128323,43.6725341066,18.0,108.0,0.0,0.0,0.0,0.0,0.0,0.0,0.0,0.0,0.0,0.0,0.0,0.0,6.0,0.0,12.0,0.0,0.0,0.0,0.0,0.0,0.0,0.0,0.0,0.0,0.0,0.0,18.0,0.0,0.0,18.0,0.0,0.0,0.0,0.0,0.0,0.0,0.0,0.0,0.0,0.0,0.0,0.0,0.0,0.0,0.0,0.0,10.0,0.0,8.0,10.0,0.0,8.0,0.0,0.0,0.0,0.0,"Dec 31, 2018"
2405,2808076.0,28413.0,Salah al-Din,Tikrit,Hay Al-Wihda,حي الوحدة,34.6045283647,43.6700681504,30.0,180.0,0.0,0.0,0.0,0.0,0.0,0.0,0.0,0.0,0.0,0.0,0.0,0.0,0.0,0.0,30.0,0.0,0.0,0.0,0.0,0.0,0.0,0.0,0.0,0.0,0.0,0.0,30.0,0.0,0.0,30.0,0.0,0.0,0.0,0.0,0.0,0.0,0.0,0.0,0.0,0.0,0.0,0.0,0.0,0.0,0.0,0.0,30.0,0.0,0.0,30.0,0.0,0.0,0.0,0.0,0.0,0.0,"Dec 31, 2018"
2406,2808077.0,28419.0,Salah al-Din,Tikrit,Al-Muskarat,منطقة المعسكرات,34.7145793959,43.6181557308,150.0,900.0,0.0,0.0,0.0,0.0,0.0,0.0,0.0,0.0,0.0,0.0,0.0,0.0,0.0,0.0,150.0,0.0,0.0,0.0,0.0,150.0,0.0,0.0,0.0,0.0,0.0,0.0,0.0,0.0,0.0,0.0,0.0,0.0,0.0,0.0,0.0,0.0,0.0,0.0,0.0,0.0,0.0,0.0,0.0,0.0,0.0,0.0,0.0,0.0,123.0,0.0,0.0,123.0,27.0,0.0,27.0,0.0,"Dec 31, 2018"
2407,2808078.0,23525.0,Salah al-Din,Tikrit,Al-Khanag village,قرية الخنك,34.7051066155,43.6547147979,4.0,24.0,0.0,0.0,0.0,0.0,0.0,0.0,0.0,0.0,0.0,0.0,0.0,0.0,0.0,0.0,4.0,0.0,0.0,0.0,0.0,4.0,0.0,0.0,0.0,0.0,0.0,0.0,0.0,0.0,0.0,0.0,0.0,0.0,0.0,0.0,0.0,0.0,0.0,0.0,0.0,0.0,0.0,0.0,4.0,0.0,0.0,4.0,0.0,0.0,0.0,0.0,0.0,0.0,0.0,0.0,0.0,0.0,"Dec 31, 2018"
2408,2808080.0,28449.0,Salah al-Din,Tikrit,Mahalla Al Aed,حي العائد(27-الخرجة والعالي)محلة العائد,34.7018106396,43.7157548897,250.0,1500.0,0.0,0.0,0.0,0.0,0.0,0.0,0.0,0.0,250.0,0.0,0.0,0.0,0.0,0.0,0.0,0.0,0.0,0.0,0.0,0.0,0.0,16.0,0.0,0.0,16.0,0.0,124.0,0.0,0.0,124.0,0.0,0.0,0.0,0.0,110.0,0.0,0.0,110.0,0.0,0.0,0.0,0.0,0.0,0.0,0.0,0.0,0.0,0.0,0.0,0.0,226.0,0.0,24.0,226.0,24.0,0.0,"Dec 31, 2018"
2409,2808081.0,20638.0,Salah al-Din,Tikrit,Hay Al Dhubbat,حي الضباط,34.6346683931,43.6702753012,179.0,1074.0,0.0,0.0,0.0,0.0,0.0,0.0,0.0,0.0,0.0,0.0,0.0,0.0,0.0,0.0,179.0,0.0,0.0,0.0,0.0,0.0,0.0,0.0,0.0,0.0,0.0,0.0,173.0,0.0,0.0,173.0,0.0,0.0,6.0,0.0,0.0,6.0,0.0,0.0,0.0,0.0,0.0,0.0,0.0,0.0,0.0,0.0,0.0,0.0,179.0,0.0,0.0,179.0,0.0,0.0,0.0,0.0,"Dec 31, 2018"
2410,2808082.0,28478.0,Salah al-Din,Tikrit,Hay Al-Sikak,حي السكك,34.5968288729,43.6751378321,18.0,108.0,0.0,0.0,0.0,0.0,0.0,0.0,0.0,0.0,0.0,0.0,0.0,0.0,0.0,0.0,18.0,0.0,0.0,0.0,0.0,0.0,0.0,0.0,0.0,0.0,0.0,0.0,18.0,0.0,0.0,18.0,0.0,0.0,0.0,0.0,0.0,0.0,0.0,0.0,0.0,0.0,0.0,0.0,0.0,0.0,0.0,0.0,0.0,0.0,0.0,0.0,18.0,0.0,0.0,18.0,0.0,0.0,"Dec 31, 2018"
2411,2808084.0,20594.0,Salah al-Din,Tikrit,Al Auja village ,قرية العوجة,34.5719279171,43.6918819559,28.0,168.0,0.0,0.0,0.0,0.0,0.0,0.0,0.0,0.0,5.0,0.0,0.0,0.0,0.0,0.0,23.0,0.0,0.0,0.0,0.0,0.0,0.0,0.0,0.0,0.0,0.0,0.0,0.0,0.0,0.0,0.0,0.0,0.0,0.0,0.0,28.0,0.0,0.0,28.0,0.0,0.0,0.0,0.0,0.0,0.0,0.0,0.0,0.0,0.0,13.0,0.0,10.0,13.0,5.0,10.0,5.0,0.0,"Dec 31, 2018"
2412,2808085.0,29589.0,Salah al-Din,Tikrit,Al-Dibsa Village,قرية الدبسة,34.6467615059,43.7024115678,40.0,240.0,0.0,0.0,0.0,0.0,0.0,0.0,0.0,0.0,0.0,0.0,0.0,0.0,0.0,0.0,40.0,0.0,0.0,0.0,0.0,20.0,0.0,10.0,0.0,0.0,10.0,0.0,0.0,0.0,0.0,0.0,0.0,0.0,0.0,0.0,10.0,0.0,0.0,10.0,0.0,0.0,0.0,0.0,13.0,0.0,15.0,13.0,0.0,15.0,0.0,0.0,12.0,0.0,0.0,12.0,0.0,0.0,"Dec 31, 2018"
2413,2808086.0,32060.0,Salah al-Din,Tikrit,AlKaramah,مخيم الكرامة,34.6902834065,43.6193076801,510.0,3060.0,7.0,0.0,0.0,0.0,0.0,0.0,0.0,0.0,60.0,0.0,0.0,0.0,0.0,0.0,443.0,0.0,0.0,0.0,510.0,0.0,0.0,0.0,0.0,0.0,0.0,0.0,0.0,0.0,0.0,0.0,0.0,0.0,0.0,0.0,0.0,0.0,0.0,0.0,0.0,0.0,0.0,0.0,0.0,0.0,0.0,0.0,0.0,0.0,20.0,0.0,97.0,20.0,393.0,97.0,393.0,0.0,"Dec 31, 2018"
2414,2808088.0,33373.0,Salah al-Din,Tikrit,Dream city complex,مجمع دريم ستي,34.5806211677,43.6715364511,748.0,4488.0,0.0,0.0,0.0,0.0,0.0,0.0,0.0,0.0,0.0,0.0,0.0,0.0,0.0,0.0,748.0,0.0,0.0,0.0,0.0,0.0,0.0,0.0,0.0,0.0,0.0,0.0,0.0,0.0,0.0,0.0,0.0,0.0,0.0,0.0,748.0,0.0,0.0,748.0,0.0,0.0,0.0,0.0,0.0,0.0,0.0,0.0,0.0,0.0,367.0,0.0,381.0,367.0,0.0,381.0,0.0,0.0,"Dec 31, 2018"
2415,2808089.0,33440.0,Salah al-Din,Tikrit,Al-Qadisya Complex,مجمع القادسية,34.6505041933,43.6627235077,822.0,4932.0,0.0,0.0,0.0,0.0,0.0,0.0,0.0,0.0,0.0,0.0,0.0,0.0,34.0,0.0,788.0,0.0,0.0,0.0,0.0,0.0,0.0,822.0,0.0,0.0,822.0,0.0,0.0,0.0,0.0,0.0,0.0,0.0,0.0,0.0,0.0,0.0,0.0,0.0,0.0,0.0,0.0,0.0,0.0,0.0,0.0,0.0,0.0,0.0,585.0,0.0,227.0,585.0,10.0,227.0,10.0,0.0,"Dec 31, 2018"
2416,2808092.0,33448.0,Salah al-Din,Tikrit,Al-Alam Camp,مخيم العلم,34.8249683861,43.5845112097,425.0,2550.0,0.0,0.0,0.0,0.0,0.0,0.0,0.0,0.0,385.0,0.0,0.0,0.0,0.0,0.0,40.0,0.0,0.0,0.0,425.0,0.0,0.0,0.0,0.0,0.0,0.0,0.0,0.0,0.0,0.0,0.0,0.0,0.0,0.0,0.0,0.0,0.0,0.0,0.0,0.0,0.0,0.0,0.0,0.0,0.0,0.0,0.0,0.0,0.0,0.0,0.0,175.0,0.0,250.0,175.0,250.0,0.0,"Dec 31, 2018"
2417,2809001.0,21846.0,Salah al-Din,Tuz Khurmatu,Hay Al Sideeq Mahalla 105,محلة 105,34.8860602603,44.6130530013,130.0,780.0,0.0,0.0,0.0,0.0,0.0,4.0,0.0,0.0,0.0,0.0,0.0,0.0,4.0,0.0,122.0,0.0,0.0,0.0,0.0,26.0,0.0,0.0,0.0,0.0,0.0,0.0,104.0,0.0,0.0,104.0,0.0,0.0,0.0,0.0,0.0,0.0,0.0,0.0,9.0,0.0,99.0,9.0,12.0,99.0,0.0,12.0,10.0,0.0,0.0,10.0,0.0,0.0,0.0,0.0,0.0,0.0,"Dec 31, 2018"
2418,2809004.0,25865.0,Salah al-Din,Tuz Khurmatu,Hay Garmian,حي كرميان,34.8996644014,44.6261417359,90.0,540.0,0.0,0.0,0.0,0.0,0.0,10.0,0.0,0.0,0.0,0.0,0.0,0.0,0.0,0.0,80.0,0.0,0.0,0.0,0.0,30.0,0.0,0.0,0.0,0.0,0.0,0.0,60.0,0.0,0.0,60.0,0.0,0.0,0.0,0.0,0.0,0.0,0.0,0.0,5.0,0.0,15.0,5.0,70.0,15.0,0.0,70.0,0.0,0.0,0.0,0.0,0.0,0.0,0.0,0.0,0.0,0.0,"Dec 31, 2018"
2419,2809005.0,25866.0,Salah al-Din,Tuz Khurmatu,Hay Komari-120,حي كوماري م(5-الطوز)محلة 120,34.8963111574,44.6261856196,895.0,5370.0,80.0,0.0,0.0,0.0,0.0,105.0,0.0,0.0,0.0,0.0,0.0,0.0,10.0,0.0,700.0,0.0,0.0,0.0,0.0,70.0,0.0,50.0,0.0,0.0,50.0,0.0,770.0,0.0,0.0,770.0,0.0,0.0,0.0,0.0,5.0,0.0,0.0,5.0,0.0,0.0,160.0,0.0,605.0,160.0,0.0,605.0,115.0,0.0,0.0,115.0,15.0,0.0,0.0,15.0,0.0,0.0,"Dec 31, 2018"
2420,2809007.0,25868.0,Salah al-Din,Tuz Khurmatu,Hay Rizgari-114,حي رزكاري م(5-الطوز)محلة 114,34.8867014915,44.6411486719,317.0,1902.0,0.0,0.0,0.0,0.0,0.0,0.0,0.0,0.0,0.0,0.0,0.0,0.0,15.0,0.0,302.0,0.0,0.0,0.0,0.0,5.0,0.0,0.0,0.0,0.0,0.0,0.0,302.0,0.0,0.0,302.0,0.0,0.0,0.0,0.0,10.0,0.0,0.0,10.0,0.0,0.0,10.0,0.0,257.0,10.0,35.0,257.0,0.0,35.0,0.0,0.0,15.0,0.0,0.0,15.0,0.0,0.0,"Dec 31, 2018"
2421,2809008.0,25869.0,Salah al-Din,Tuz Khurmatu,Hay Shoraw-1,مقاطعة 1 شوراو,35.0732398297,44.5028073771,85.0,510.0,0.0,0.0,0.0,0.0,0.0,10.0,0.0,0.0,55.0,0.0,0.0,0.0,0.0,0.0,20.0,0.0,0.0,0.0,0.0,20.0,0.0,65.0,0.0,0.0,65.0,0.0,0.0,0.0,0.0,0.0,0.0,0.0,0.0,0.0,0.0,0.0,0.0,0.0,0.0,0.0,27.0,0.0,45.0,27.0,0.0,45.0,0.0,0.0,13.0,0.0,0.0,13.0,0.0,0.0,0.0,0.0,"Dec 31, 2018"
2422,2809010.0,25754.0,Salah al-Din,Tuz Khurmatu,Markaz Tooz-Hay Al Askari,حي العسكري,34.8789338333,44.6156447403,777.0,4662.0,10.0,0.0,0.0,0.0,0.0,0.0,0.0,0.0,0.0,0.0,0.0,0.0,0.0,0.0,767.0,0.0,0.0,0.0,0.0,100.0,0.0,37.0,0.0,0.0,37.0,0.0,640.0,0.0,0.0,640.0,0.0,0.0,0.0,0.0,0.0,0.0,0.0,0.0,0.0,0.0,137.0,0.0,565.0,137.0,20.0,565.0,55.0,20.0,0.0,55.0,0.0,0.0,0.0,0.0,0.0,0.0,"Dec 31, 2018"
2423,2809011.0,25751.0,Salah al-Din,Tuz Khurmatu,Markaz Tooz-Hay Al Hussien 124,محلة 124 الحسين,34.8838157585,44.6315143244,5.0,30.0,0.0,0.0,0.0,0.0,0.0,0.0,0.0,0.0,0.0,0.0,0.0,0.0,0.0,0.0,5.0,0.0,0.0,0.0,0.0,0.0,0.0,0.0,0.0,0.0,0.0,0.0,5.0,0.0,0.0,5.0,0.0,0.0,0.0,0.0,0.0,0.0,0.0,0.0,0.0,0.0,5.0,0.0,0.0,5.0,0.0,0.0,0.0,0.0,0.0,0.0,0.0,0.0,0.0,0.0,0.0,0.0,"Dec 31, 2018"
2424,2809012.0,25752.0,Salah al-Din,Tuz Khurmatu,Markaz Tooz-Hay Al Taiyar 122,محلة 122,34.9021581202,44.6204883214,755.0,4530.0,0.0,0.0,0.0,0.0,0.0,27.0,0.0,0.0,0.0,0.0,0.0,0.0,0.0,0.0,728.0,0.0,0.0,0.0,0.0,203.0,0.0,0.0,0.0,0.0,0.0,0.0,552.0,0.0,0.0,552.0,0.0,0.0,0.0,0.0,0.0,0.0,0.0,0.0,0.0,0.0,125.0,0.0,630.0,125.0,0.0,630.0,0.0,0.0,0.0,0.0,0.0,0.0,0.0,0.0,0.0,0.0,"Dec 31, 2018"
2425,2809015.0,25750.0,Salah al-Din,Tuz Khurmatu,Markaz Tooz-Hay Brayati,محلة برايتي,34.9050825079,44.6092061477,390.0,2340.0,12.0,0.0,0.0,0.0,0.0,21.0,0.0,0.0,32.0,0.0,0.0,0.0,22.0,0.0,303.0,0.0,0.0,0.0,0.0,70.0,0.0,0.0,0.0,0.0,0.0,0.0,320.0,0.0,0.0,320.0,0.0,0.0,0.0,0.0,0.0,0.0,0.0,0.0,5.0,0.0,25.0,5.0,250.0,25.0,0.0,250.0,87.0,0.0,0.0,87.0,23.0,0.0,0.0,23.0,0.0,0.0,"Dec 31, 2018"
2426,2809017.0,25748.0,Salah al-Din,Tuz Khurmatu,Markaz Tooz-Jesir Dara,جسر دارا,34.9510712127,44.5945517295,75.0,450.0,0.0,0.0,0.0,0.0,0.0,0.0,0.0,0.0,0.0,0.0,0.0,0.0,10.0,0.0,65.0,0.0,0.0,0.0,0.0,40.0,0.0,0.0,0.0,0.0,0.0,0.0,35.0,0.0,0.0,35.0,0.0,0.0,0.0,0.0,0.0,0.0,0.0,0.0,0.0,0.0,8.0,0.0,15.0,8.0,45.0,15.0,0.0,45.0,0.0,0.0,7.0,0.0,0.0,7.0,0.0,0.0,"Dec 31, 2018"
2427,2809018.0,20405.0,Salah al-Din,Tuz Khurmatu,Sankur,سنكور,35.008807295,44.5383274353,110.0,660.0,0.0,0.0,0.0,0.0,0.0,5.0,0.0,0.0,0.0,0.0,0.0,0.0,0.0,0.0,105.0,0.0,0.0,0.0,0.0,20.0,0.0,0.0,0.0,0.0,0.0,0.0,0.0,0.0,0.0,0.0,0.0,0.0,0.0,0.0,90.0,0.0,0.0,90.0,0.0,0.0,105.0,0.0,0.0,105.0,0.0,0.0,0.0,0.0,5.0,0.0,0.0,5.0,0.0,0.0,0.0,0.0,"Dec 31, 2018"
2428,2809019.0,25871.0,Salah al-Din,Tuz Khurmatu,Shaikh Abd village,قرية شيخ عبد,34.79865,44.7232650563,90.0,540.0,0.0,0.0,0.0,0.0,0.0,0.0,0.0,0.0,0.0,0.0,0.0,0.0,0.0,0.0,90.0,0.0,0.0,0.0,0.0,0.0,0.0,90.0,0.0,0.0,90.0,0.0,0.0,0.0,0.0,0.0,0.0,0.0,0.0,0.0,0.0,0.0,0.0,0.0,0.0,0.0,20.0,0.0,70.0,20.0,0.0,70.0,0.0,0.0,0.0,0.0,0.0,0.0,0.0,0.0,0.0,0.0,"Dec 31, 2018"
2429,2809020.0,25870.0,Salah al-Din,Tuz Khurmatu,Tal Al Naqqar,تل النقار,34.732738,44.800704,380.0,2280.0,0.0,0.0,0.0,0.0,0.0,30.0,0.0,0.0,0.0,0.0,0.0,0.0,0.0,0.0,350.0,0.0,0.0,0.0,0.0,160.0,0.0,220.0,0.0,0.0,220.0,0.0,0.0,0.0,0.0,0.0,0.0,0.0,0.0,0.0,0.0,0.0,0.0,0.0,0.0,0.0,35.0,0.0,345.0,35.0,0.0,345.0,0.0,0.0,0.0,0.0,0.0,0.0,0.0,0.0,0.0,0.0,"Dec 31, 2018"
2430,2809021.0,20992.0,Salah al-Din,Tuz Khurmatu,Tooz-Hay Al Teen,حي الطين,34.8726647959,44.6202448173,280.0,1680.0,10.0,0.0,0.0,0.0,0.0,0.0,0.0,0.0,5.0,0.0,0.0,0.0,0.0,0.0,265.0,0.0,0.0,0.0,0.0,60.0,0.0,0.0,0.0,0.0,0.0,0.0,220.0,0.0,0.0,220.0,0.0,0.0,0.0,0.0,0.0,0.0,0.0,0.0,65.0,0.0,150.0,65.0,45.0,150.0,5.0,45.0,15.0,5.0,0.0,15.0,0.0,0.0,0.0,0.0,0.0,0.0,"Dec 31, 2018"
2431,2809022.0,25872.0,Salah al-Din,Tuz Khurmatu,Unformal Shelter,سكن غير رسمي,34.9051509006,44.6358183762,350.0,2100.0,0.0,0.0,0.0,0.0,0.0,0.0,0.0,0.0,0.0,0.0,0.0,0.0,0.0,0.0,350.0,0.0,0.0,0.0,0.0,30.0,0.0,120.0,0.0,0.0,120.0,0.0,200.0,0.0,0.0,200.0,0.0,0.0,0.0,0.0,0.0,0.0,0.0,0.0,0.0,0.0,290.0,0.0,50.0,290.0,0.0,50.0,10.0,0.0,0.0,10.0,0.0,0.0,0.0,0.0,0.0,0.0,"Dec 31, 2018"
2432,2809034.0,20430.0,Salah al-Din,Tuz Khurmatu,Nawjool area,منطقة نوجول,34.9758582028,44.7624145752,70.0,420.0,0.0,0.0,0.0,0.0,0.0,17.0,0.0,0.0,0.0,0.0,0.0,0.0,0.0,0.0,53.0,0.0,0.0,0.0,0.0,70.0,0.0,0.0,0.0,0.0,0.0,0.0,0.0,0.0,0.0,0.0,0.0,0.0,0.0,0.0,0.0,0.0,0.0,0.0,0.0,0.0,20.0,0.0,20.0,20.0,0.0,20.0,0.0,0.0,0.0,0.0,0.0,0.0,30.0,0.0,30.0,0.0,"Dec 31, 2018"
2433,2809036.0,33138.0,Salah al-Din,Tuz Khurmatu,Duraji,قرية دوراجي,34.822321799,44.8270495684,5.0,30.0,0.0,0.0,0.0,0.0,0.0,0.0,0.0,0.0,0.0,0.0,0.0,0.0,0.0,0.0,5.0,0.0,0.0,0.0,0.0,5.0,0.0,0.0,0.0,0.0,0.0,0.0,0.0,0.0,0.0,0.0,0.0,0.0,0.0,0.0,0.0,0.0,0.0,0.0,0.0,0.0,0.0,0.0,0.0,0.0,0.0,0.0,0.0,0.0,0.0,0.0,0.0,0.0,5.0,0.0,5.0,0.0,"Dec 31, 2018"
2434,2809037.0,20555.0,Salah al-Din,Tuz Khurmatu,lufty Agha Village,قرية لفتي اغا,34.9111773995,44.8261298438,6.0,36.0,0.0,0.0,0.0,0.0,0.0,0.0,0.0,0.0,0.0,0.0,0.0,0.0,0.0,0.0,6.0,0.0,0.0,0.0,0.0,6.0,0.0,0.0,0.0,0.0,0.0,0.0,0.0,0.0,0.0,0.0,0.0,0.0,0.0,0.0,0.0,0.0,0.0,0.0,0.0,0.0,0.0,0.0,0.0,0.0,0.0,0.0,0.0,0.0,0.0,0.0,0.0,0.0,6.0,0.0,6.0,0.0,"Dec 31, 2018"
2435,2809038.0,20485.0,Salah al-Din,Tuz Khurmatu,Jawry,قرية جورى,34.8943961216,44.8226992691,10.0,60.0,0.0,0.0,0.0,0.0,0.0,0.0,0.0,0.0,0.0,0.0,0.0,0.0,0.0,0.0,10.0,0.0,0.0,0.0,0.0,10.0,0.0,0.0,0.0,0.0,0.0,0.0,0.0,0.0,0.0,0.0,0.0,0.0,0.0,0.0,0.0,0.0,0.0,0.0,0.0,0.0,0.0,0.0,0.0,0.0,0.0,0.0,0.0,0.0,0.0,0.0,0.0,0.0,10.0,0.0,10.0,0.0,"Dec 31, 2018"
2436,2809040.0,20505.0,Salah al-Din,Tuz Khurmatu,Bash Tapa Village,قرية باشتبة,34.9134077499,44.791107473,3.0,18.0,0.0,0.0,0.0,0.0,0.0,0.0,0.0,0.0,0.0,0.0,0.0,0.0,0.0,0.0,3.0,0.0,0.0,0.0,0.0,3.0,0.0,0.0,0.0,0.0,0.0,0.0,0.0,0.0,0.0,0.0,0.0,0.0,0.0,0.0,0.0,0.0,0.0,0.0,0.0,0.0,0.0,0.0,0.0,0.0,0.0,0.0,0.0,0.0,0.0,0.0,0.0,0.0,3.0,0.0,3.0,0.0,"Dec 31, 2018"
2437,2809041.0,20433.0,Salah al-Din,Tuz Khurmatu,Qala Village,قرية القلعة,34.9103221306,44.7425465541,8.0,48.0,0.0,0.0,0.0,0.0,0.0,0.0,0.0,0.0,0.0,0.0,0.0,0.0,0.0,0.0,8.0,0.0,0.0,0.0,0.0,8.0,0.0,0.0,0.0,0.0,0.0,0.0,0.0,0.0,0.0,0.0,0.0,0.0,0.0,0.0,0.0,0.0,0.0,0.0,0.0,0.0,0.0,0.0,0.0,0.0,0.0,0.0,0.0,0.0,0.0,0.0,0.0,0.0,8.0,0.0,8.0,0.0,"Dec 31, 2018"
2438,2809042.0,33139.0,Salah al-Din,Tuz Khurmatu,Waranikan Village,قرية وارانيكان,34.9131975191,44.8482586839,21.0,126.0,0.0,0.0,0.0,0.0,0.0,0.0,0.0,0.0,0.0,0.0,0.0,0.0,0.0,0.0,21.0,0.0,0.0,0.0,0.0,21.0,0.0,0.0,0.0,0.0,0.0,0.0,0.0,0.0,0.0,0.0,0.0,0.0,0.0,0.0,0.0,0.0,0.0,0.0,0.0,0.0,0.0,0.0,2.0,0.0,0.0,2.0,0.0,0.0,0.0,0.0,0.0,0.0,19.0,0.0,19.0,0.0,"Dec 31, 2018"
2439,2809044.0,20420.0,Salah al-Din,Tuz Khurmatu,Haidarasor,قرية حيدرسور,35.0012087734,44.8625414526,8.0,48.0,0.0,0.0,0.0,0.0,0.0,3.0,0.0,0.0,0.0,0.0,0.0,0.0,1.0,0.0,4.0,0.0,0.0,0.0,0.0,8.0,0.0,0.0,0.0,0.0,0.0,0.0,0.0,0.0,0.0,0.0,0.0,0.0,0.0,0.0,0.0,0.0,0.0,0.0,0.0,0.0,0.0,0.0,0.0,0.0,0.0,0.0,0.0,0.0,0.0,0.0,0.0,0.0,8.0,0.0,8.0,0.0,"Dec 31, 2018"
2440,2809045.0,33141.0,Salah al-Din,Tuz Khurmatu,Garmik Village,قرية كرمك,34.9452,44.90285,4.0,24.0,0.0,0.0,0.0,0.0,0.0,0.0,0.0,0.0,0.0,0.0,0.0,0.0,0.0,0.0,4.0,0.0,0.0,0.0,0.0,4.0,0.0,0.0,0.0,0.0,0.0,0.0,0.0,0.0,0.0,0.0,0.0,0.0,0.0,0.0,0.0,0.0,0.0,0.0,0.0,0.0,0.0,0.0,0.0,0.0,0.0,0.0,0.0,0.0,0.0,0.0,0.0,0.0,4.0,0.0,4.0,0.0,"Dec 31, 2018"
2441,2809046.0,33143.0,Salah al-Din,Tuz Khurmatu,Qumpalk Village,قرية قومبلك,34.9511585587,44.7129076214,6.0,36.0,0.0,0.0,0.0,0.0,0.0,0.0,0.0,0.0,0.0,0.0,0.0,0.0,0.0,0.0,6.0,0.0,0.0,0.0,0.0,6.0,0.0,0.0,0.0,0.0,0.0,0.0,0.0,0.0,0.0,0.0,0.0,0.0,0.0,0.0,0.0,0.0,0.0,0.0,0.0,0.0,0.0,0.0,0.0,0.0,0.0,0.0,0.0,0.0,0.0,0.0,0.0,0.0,6.0,0.0,6.0,0.0,"Dec 31, 2018"
2442,2809047.0,20535.0,Salah al-Din,Tuz Khurmatu,Omersufy Village,قرية عمرسوفي,34.9699006823,44.8251829665,6.0,36.0,0.0,0.0,0.0,0.0,0.0,0.0,0.0,0.0,0.0,0.0,0.0,0.0,0.0,0.0,6.0,0.0,0.0,0.0,0.0,6.0,0.0,0.0,0.0,0.0,0.0,0.0,0.0,0.0,0.0,0.0,0.0,0.0,0.0,0.0,0.0,0.0,0.0,0.0,0.0,0.0,0.0,0.0,0.0,0.0,0.0,0.0,0.0,0.0,0.0,0.0,0.0,0.0,6.0,0.0,6.0,0.0,"Dec 31, 2018"
2443,2809048.0,33144.0,Salah al-Din,Tuz Khurmatu,Nawjool Village,قرية نوجول,34.9801129602,44.7671589185,4.0,24.0,0.0,0.0,0.0,0.0,0.0,0.0,0.0,0.0,0.0,0.0,0.0,0.0,0.0,0.0,4.0,0.0,0.0,0.0,0.0,4.0,0.0,0.0,0.0,0.0,0.0,0.0,0.0,0.0,0.0,0.0,0.0,0.0,0.0,0.0,0.0,0.0,0.0,0.0,0.0,0.0,0.0,0.0,0.0,0.0,0.0,0.0,0.0,0.0,0.0,0.0,0.0,0.0,4.0,0.0,4.0,0.0,"Dec 31, 2018"
2444,2809049.0,20554.0,Salah al-Din,Tuz Khurmatu,Lak Village,قرية لك,35.0010739444,44.676966807,7.0,42.0,0.0,0.0,0.0,0.0,0.0,0.0,0.0,0.0,0.0,0.0,0.0,0.0,0.0,0.0,7.0,0.0,0.0,0.0,0.0,7.0,0.0,0.0,0.0,0.0,0.0,0.0,0.0,0.0,0.0,0.0,0.0,0.0,0.0,0.0,0.0,0.0,0.0,0.0,0.0,0.0,0.0,0.0,0.0,0.0,0.0,0.0,0.0,0.0,0.0,0.0,0.0,0.0,7.0,0.0,7.0,0.0,"Dec 31, 2018"
2445,2809051.0,20358.0,Salah al-Din,Tuz Khurmatu,Milnaser Village,قرية ميلناصر,35.0680039966,44.7167630568,7.0,42.0,0.0,0.0,0.0,0.0,0.0,0.0,0.0,0.0,0.0,0.0,0.0,0.0,0.0,0.0,7.0,0.0,0.0,0.0,0.0,7.0,0.0,0.0,0.0,0.0,0.0,0.0,0.0,0.0,0.0,0.0,0.0,0.0,0.0,0.0,0.0,0.0,0.0,0.0,0.0,0.0,0.0,0.0,0.0,0.0,0.0,0.0,0.0,0.0,0.0,0.0,0.0,0.0,7.0,0.0,7.0,0.0,"Dec 31, 2018"
2446,2809053.0,33145.0,Salah al-Din,Tuz Khurmatu,Qalkhanlu Village,قرية قلخانلو,35.0858252525,44.6935786588,8.0,48.0,0.0,0.0,0.0,0.0,0.0,0.0,0.0,0.0,0.0,0.0,0.0,0.0,0.0,0.0,8.0,0.0,0.0,0.0,0.0,8.0,0.0,0.0,0.0,0.0,0.0,0.0,0.0,0.0,0.0,0.0,0.0,0.0,0.0,0.0,0.0,0.0,0.0,0.0,0.0,0.0,0.0,0.0,0.0,0.0,0.0,0.0,0.0,0.0,0.0,0.0,0.0,0.0,8.0,0.0,8.0,0.0,"Dec 31, 2018"
2447,2809054.0,20561.0,Salah al-Din,Tuz Khurmatu,Namiq Village,قرية نامق,34.9224457749,44.7582201961,6.0,36.0,0.0,0.0,0.0,0.0,0.0,0.0,0.0,0.0,0.0,0.0,0.0,0.0,0.0,0.0,6.0,0.0,0.0,0.0,0.0,6.0,0.0,0.0,0.0,0.0,0.0,0.0,0.0,0.0,0.0,0.0,0.0,0.0,0.0,0.0,0.0,0.0,0.0,0.0,0.0,0.0,0.0,0.0,0.0,0.0,0.0,0.0,0.0,0.0,0.0,0.0,0.0,0.0,6.0,0.0,6.0,0.0,"Dec 31, 2018"
2448,2809055.0,33146.0,Salah al-Din,Tuz Khurmatu,Qalkhanlu Khwar Village,قرية قلخانلو السفلى,35.1101427614,44.6630209169,12.0,72.0,0.0,0.0,0.0,0.0,0.0,0.0,0.0,0.0,0.0,0.0,0.0,0.0,0.0,0.0,12.0,0.0,0.0,0.0,0.0,12.0,0.0,0.0,0.0,0.0,0.0,0.0,0.0,0.0,0.0,0.0,0.0,0.0,0.0,0.0,0.0,0.0,0.0,0.0,0.0,0.0,0.0,0.0,6.0,0.0,0.0,6.0,0.0,0.0,0.0,0.0,0.0,0.0,6.0,0.0,6.0,0.0,"Dec 31, 2018"
2449,2809056.0,20553.0,Salah al-Din,Tuz Khurmatu,Chachan Village,قرية جيجان,34.9186986584,44.7662997156,4.0,24.0,0.0,0.0,0.0,0.0,0.0,0.0,0.0,0.0,0.0,0.0,0.0,0.0,0.0,0.0,4.0,0.0,0.0,0.0,0.0,4.0,0.0,0.0,0.0,0.0,0.0,0.0,0.0,0.0,0.0,0.0,0.0,0.0,0.0,0.0,0.0,0.0,0.0,0.0,0.0,0.0,0.0,0.0,0.0,0.0,0.0,0.0,0.0,0.0,0.0,0.0,0.0,0.0,4.0,0.0,4.0,0.0,"Dec 31, 2018"
2450,2809057.0,33223.0,Salah al-Din,Tuz Khurmatu,Tapa Sawz Village ,قرية تبة سوز,34.9719483523,44.4820285441,9.0,54.0,0.0,0.0,0.0,0.0,0.0,9.0,0.0,0.0,0.0,0.0,0.0,0.0,0.0,0.0,0.0,0.0,0.0,0.0,0.0,9.0,0.0,0.0,0.0,0.0,0.0,0.0,0.0,0.0,0.0,0.0,0.0,0.0,0.0,0.0,0.0,0.0,0.0,0.0,0.0,0.0,0.0,0.0,9.0,0.0,0.0,9.0,0.0,0.0,0.0,0.0,0.0,0.0,0.0,0.0,0.0,0.0,"Dec 31, 2018"
2451,2901001.0,19509.0,Wassit,Al-Hai,Al Bashaer sub-district,ناحية البشائر ,32.1243089772,46.116103253,5.0,30.0,0.0,0.0,0.0,0.0,0.0,0.0,0.0,0.0,0.0,0.0,0.0,0.0,5.0,0.0,0.0,0.0,0.0,0.0,0.0,0.0,0.0,0.0,0.0,0.0,0.0,0.0,5.0,0.0,0.0,5.0,0.0,0.0,0.0,0.0,0.0,0.0,0.0,0.0,0.0,0.0,0.0,0.0,0.0,0.0,5.0,0.0,0.0,5.0,0.0,0.0,0.0,0.0,0.0,0.0,0.0,0.0,"Dec 31, 2018"
2452,2901006.0,24875.0,Wassit,Al-Hai,City Center,المركز,32.1686021511,46.0448498378,10.0,60.0,0.0,0.0,0.0,0.0,0.0,0.0,0.0,0.0,0.0,0.0,0.0,0.0,10.0,0.0,0.0,0.0,0.0,0.0,0.0,0.0,0.0,0.0,0.0,0.0,0.0,0.0,10.0,0.0,0.0,10.0,0.0,0.0,0.0,0.0,0.0,0.0,0.0,0.0,0.0,0.0,10.0,0.0,0.0,10.0,0.0,0.0,0.0,0.0,0.0,0.0,0.0,0.0,0.0,0.0,0.0,0.0,"Dec 31, 2018"
2453,2901007.0,18593.0,Wassit,Al-Hai,Al Muwaffaqiyah,الموفقية,32.2703462847,45.9281241922,8.0,48.0,0.0,0.0,0.0,0.0,0.0,0.0,0.0,0.0,0.0,0.0,0.0,0.0,8.0,0.0,0.0,0.0,0.0,0.0,0.0,0.0,0.0,0.0,0.0,0.0,0.0,0.0,0.0,0.0,0.0,0.0,0.0,0.0,0.0,0.0,8.0,0.0,0.0,8.0,0.0,0.0,8.0,0.0,0.0,8.0,0.0,0.0,0.0,0.0,0.0,0.0,0.0,0.0,0.0,0.0,0.0,0.0,"Dec 31, 2018"
2454,2901008.0,25579.0,Wassit,Al-Hai,Al-Askari Al-Thania,حي العسكري الثانية,32.18357076,46.0389907801,3.0,18.0,0.0,0.0,0.0,0.0,0.0,0.0,0.0,0.0,0.0,0.0,0.0,0.0,0.0,0.0,3.0,0.0,0.0,0.0,0.0,3.0,0.0,0.0,0.0,0.0,0.0,0.0,0.0,0.0,0.0,0.0,0.0,0.0,0.0,0.0,0.0,0.0,0.0,0.0,0.0,0.0,0.0,0.0,3.0,0.0,0.0,3.0,0.0,0.0,0.0,0.0,0.0,0.0,0.0,0.0,0.0,0.0,"Dec 31, 2018"
2455,2901009.0,25580.0,Wassit,Al-Hai,Al-Askari Al-Uwla,حي العسكري الاولى,32.1846574115,46.0394045688,11.0,66.0,0.0,0.0,0.0,0.0,0.0,0.0,0.0,0.0,0.0,0.0,0.0,0.0,11.0,0.0,0.0,0.0,0.0,0.0,0.0,0.0,0.0,0.0,0.0,0.0,0.0,0.0,11.0,0.0,0.0,11.0,0.0,0.0,0.0,0.0,0.0,0.0,0.0,0.0,0.0,0.0,11.0,0.0,0.0,11.0,0.0,0.0,0.0,0.0,0.0,0.0,0.0,0.0,0.0,0.0,0.0,0.0,"Dec 31, 2018"
2456,2901010.0,25584.0,Wassit,Al-Hai,Hay Al-Imam Al-Sadiq,حي الأمام الصادق,32.1658614777,46.0435712335,5.0,30.0,0.0,0.0,0.0,0.0,0.0,0.0,0.0,0.0,0.0,0.0,0.0,0.0,5.0,0.0,0.0,0.0,0.0,0.0,0.0,0.0,0.0,0.0,0.0,0.0,0.0,0.0,5.0,0.0,0.0,5.0,0.0,0.0,0.0,0.0,0.0,0.0,0.0,0.0,0.0,0.0,5.0,0.0,0.0,5.0,0.0,0.0,0.0,0.0,0.0,0.0,0.0,0.0,0.0,0.0,0.0,0.0,"Dec 31, 2018"
2457,2901011.0,18722.0,Wassit,Al-Hai,Hay Al-Saray,حي السراي,32.1736219586,46.0453062739,20.0,120.0,0.0,0.0,0.0,0.0,0.0,0.0,0.0,0.0,0.0,0.0,0.0,0.0,20.0,0.0,0.0,0.0,0.0,0.0,0.0,0.0,0.0,0.0,0.0,0.0,0.0,0.0,20.0,0.0,0.0,20.0,0.0,0.0,0.0,0.0,0.0,0.0,0.0,0.0,0.0,0.0,0.0,0.0,20.0,0.0,0.0,20.0,0.0,0.0,0.0,0.0,0.0,0.0,0.0,0.0,0.0,0.0,"Dec 31, 2018"
2458,2901013.0,25581.0,Wassit,Al-Hai,Hay Saed Al-Thania,حي سعيد الثانية,32.1666615037,46.0558181215,20.0,120.0,2.0,0.0,0.0,0.0,0.0,0.0,0.0,0.0,0.0,0.0,0.0,0.0,18.0,0.0,0.0,0.0,0.0,0.0,0.0,0.0,0.0,0.0,0.0,0.0,0.0,0.0,20.0,0.0,0.0,20.0,0.0,0.0,0.0,0.0,0.0,0.0,0.0,0.0,2.0,0.0,18.0,2.0,0.0,18.0,0.0,0.0,0.0,0.0,0.0,0.0,0.0,0.0,0.0,0.0,0.0,0.0,"Dec 31, 2018"
2459,2901015.0,18733.0,Wassit,Al-Hai,Al-hay al-asri,الحي العصري,32.1778075568,46.0441819224,14.0,84.0,0.0,0.0,0.0,0.0,0.0,0.0,0.0,0.0,0.0,0.0,0.0,0.0,14.0,0.0,0.0,0.0,0.0,0.0,0.0,14.0,0.0,0.0,0.0,0.0,0.0,0.0,0.0,0.0,0.0,0.0,0.0,0.0,0.0,0.0,0.0,0.0,0.0,0.0,0.0,0.0,14.0,0.0,0.0,14.0,0.0,0.0,0.0,0.0,0.0,0.0,0.0,0.0,0.0,0.0,0.0,0.0,"Dec 31, 2018"
2460,2901016.0,25576.0,Wassit,Al-Hai,Al-Hay Al-Asri Al-Thalitha,الحي العصري الثالثة,32.180892262,46.0408434203,4.0,24.0,0.0,0.0,0.0,0.0,0.0,0.0,0.0,0.0,0.0,0.0,0.0,0.0,4.0,0.0,0.0,0.0,0.0,0.0,0.0,4.0,0.0,0.0,0.0,0.0,0.0,0.0,0.0,0.0,0.0,0.0,0.0,0.0,0.0,0.0,0.0,0.0,0.0,0.0,0.0,0.0,4.0,0.0,0.0,4.0,0.0,0.0,0.0,0.0,0.0,0.0,0.0,0.0,0.0,0.0,0.0,0.0,"Dec 31, 2018"
2461,2901018.0,25583.0,Wassit,Al-Hai,Al-Zaiton Neighborhood,حي الزيتون,32.1736000122,46.0453097383,4.0,24.0,0.0,0.0,0.0,0.0,0.0,0.0,0.0,0.0,0.0,0.0,0.0,0.0,4.0,0.0,0.0,0.0,0.0,0.0,0.0,4.0,0.0,0.0,0.0,0.0,0.0,0.0,0.0,0.0,0.0,0.0,0.0,0.0,0.0,0.0,0.0,0.0,0.0,0.0,0.0,0.0,4.0,0.0,0.0,4.0,0.0,0.0,0.0,0.0,0.0,0.0,0.0,0.0,0.0,0.0,0.0,0.0,"Dec 31, 2018"
2462,2901019.0,24876.0,Wassit,Al-Hai,Hay Al Ghadeer,حي الغدير,32.2731485129,45.9272292661,9.0,54.0,0.0,0.0,0.0,0.0,0.0,0.0,0.0,0.0,0.0,0.0,0.0,0.0,9.0,0.0,0.0,0.0,0.0,0.0,0.0,0.0,0.0,0.0,0.0,0.0,0.0,0.0,9.0,0.0,0.0,9.0,0.0,0.0,0.0,0.0,0.0,0.0,0.0,0.0,0.0,0.0,9.0,0.0,0.0,9.0,0.0,0.0,0.0,0.0,0.0,0.0,0.0,0.0,0.0,0.0,0.0,0.0,"Dec 31, 2018"
2463,2901020.0,18718.0,Wassit,Al-Hai,Bashaeer-Al-Imam Al-Sadiq Village,ناحية البشائر-قرية الأمام الصادق,32.1457948177,46.0435444401,4.0,24.0,0.0,0.0,0.0,0.0,0.0,0.0,0.0,0.0,0.0,0.0,0.0,0.0,4.0,0.0,0.0,0.0,0.0,0.0,0.0,4.0,0.0,0.0,0.0,0.0,0.0,0.0,0.0,0.0,0.0,0.0,0.0,0.0,0.0,0.0,0.0,0.0,0.0,0.0,0.0,0.0,4.0,0.0,0.0,4.0,0.0,0.0,0.0,0.0,0.0,0.0,0.0,0.0,0.0,0.0,0.0,0.0,"Dec 31, 2018"
2464,2901021.0,18732.0,Wassit,Al-Hai,Hay al-muaalimen al-thaniyah,حي المعلمين الثانية,32.1802037857,46.0342994689,9.0,54.0,0.0,0.0,0.0,0.0,0.0,0.0,0.0,0.0,0.0,0.0,0.0,0.0,9.0,0.0,0.0,0.0,0.0,0.0,0.0,0.0,0.0,0.0,0.0,0.0,0.0,0.0,9.0,0.0,0.0,9.0,0.0,0.0,0.0,0.0,0.0,0.0,0.0,0.0,0.0,0.0,9.0,0.0,0.0,9.0,0.0,0.0,0.0,0.0,0.0,0.0,0.0,0.0,0.0,0.0,0.0,0.0,"Dec 31, 2018"
2465,2901022.0,18686.0,Wassit,Al-Hai,Hay Al-Rasol,حي الرسول,32.2648546333,45.9271141983,16.0,96.0,0.0,0.0,0.0,0.0,0.0,0.0,0.0,0.0,0.0,0.0,0.0,0.0,16.0,0.0,0.0,0.0,0.0,0.0,0.0,16.0,0.0,0.0,0.0,0.0,0.0,0.0,0.0,0.0,0.0,0.0,0.0,0.0,0.0,0.0,0.0,0.0,0.0,0.0,0.0,0.0,16.0,0.0,0.0,16.0,0.0,0.0,0.0,0.0,0.0,0.0,0.0,0.0,0.0,0.0,0.0,0.0,"Dec 31, 2018"
2466,2901024.0,24105.0,Wassit,Al-Hai,Hay Al-Wehda(Mahala al-arab),حي الوحدة-محلة العرب,32.1686528248,46.0420213616,11.0,66.0,0.0,0.0,0.0,0.0,0.0,0.0,0.0,0.0,0.0,0.0,0.0,0.0,11.0,0.0,0.0,0.0,0.0,0.0,0.0,0.0,0.0,0.0,0.0,0.0,0.0,0.0,11.0,0.0,0.0,11.0,0.0,0.0,0.0,0.0,0.0,0.0,0.0,0.0,0.0,0.0,11.0,0.0,0.0,11.0,0.0,0.0,0.0,0.0,0.0,0.0,0.0,0.0,0.0,0.0,0.0,0.0,"Dec 31, 2018"
2467,2902004.0,25096.0,Wassit,Al-Na'maniya,Al-Hakeem villge,قرية الحكيم,32.543523517,45.3853146776,45.0,270.0,0.0,0.0,0.0,0.0,0.0,0.0,0.0,0.0,18.0,0.0,0.0,0.0,2.0,0.0,25.0,0.0,0.0,0.0,0.0,0.0,0.0,0.0,0.0,0.0,0.0,45.0,0.0,45.0,0.0,0.0,0.0,0.0,0.0,0.0,0.0,0.0,0.0,0.0,24.0,0.0,2.0,24.0,10.0,2.0,0.0,10.0,9.0,0.0,0.0,9.0,0.0,0.0,0.0,0.0,0.0,0.0,"Dec 31, 2018"
2468,2902005.0,19539.0,Wassit,Al-Na'maniya,Al-Baqaratain Village,قرية البقرتين,32.5312243955,45.3458673255,10.0,60.0,0.0,0.0,0.0,0.0,0.0,0.0,0.0,0.0,0.0,0.0,0.0,0.0,10.0,0.0,0.0,0.0,0.0,0.0,0.0,0.0,0.0,0.0,0.0,0.0,0.0,10.0,0.0,10.0,0.0,0.0,0.0,0.0,0.0,0.0,0.0,0.0,0.0,0.0,0.0,0.0,10.0,0.0,0.0,10.0,0.0,0.0,0.0,0.0,0.0,0.0,0.0,0.0,0.0,0.0,0.0,0.0,"Dec 31, 2018"
2469,2902009.0,25796.0,Wassit,Al-Na'maniya,Imam Rudha,حي الأمام الرضا,32.5428670913,45.4167027411,25.0,150.0,0.0,0.0,0.0,0.0,0.0,10.0,0.0,0.0,10.0,0.0,0.0,0.0,5.0,0.0,0.0,0.0,0.0,0.0,0.0,0.0,0.0,0.0,0.0,0.0,0.0,0.0,25.0,0.0,0.0,25.0,0.0,0.0,0.0,0.0,0.0,0.0,0.0,0.0,20.0,0.0,5.0,20.0,0.0,5.0,0.0,0.0,0.0,0.0,0.0,0.0,0.0,0.0,0.0,0.0,0.0,0.0,"Dec 31, 2018"
2470,2902019.0,26025.0,Wassit,Al-Na'maniya,Misarhad village,قرية مسرهد,32.5083335857,45.2601333363,33.0,198.0,0.0,0.0,0.0,0.0,0.0,0.0,0.0,0.0,3.0,0.0,0.0,0.0,30.0,0.0,0.0,0.0,0.0,0.0,0.0,10.0,0.0,0.0,0.0,0.0,0.0,23.0,0.0,23.0,0.0,0.0,0.0,0.0,0.0,0.0,0.0,0.0,0.0,0.0,0.0,0.0,33.0,0.0,0.0,33.0,0.0,0.0,0.0,0.0,0.0,0.0,0.0,0.0,0.0,0.0,0.0,0.0,"Dec 31, 2018"
2471,2902020.0,25098.0,Wassit,Al-Na'maniya,Said Habeeb Village,قرية سيد حبيب,32.5195636801,45.2988343503,40.0,240.0,0.0,0.0,5.0,0.0,0.0,0.0,0.0,0.0,0.0,0.0,0.0,0.0,35.0,0.0,0.0,0.0,0.0,0.0,0.0,0.0,0.0,0.0,0.0,0.0,0.0,40.0,0.0,40.0,0.0,0.0,0.0,0.0,0.0,0.0,0.0,0.0,0.0,0.0,5.0,0.0,35.0,5.0,0.0,35.0,0.0,0.0,0.0,0.0,0.0,0.0,0.0,0.0,0.0,0.0,0.0,0.0,"Dec 31, 2018"
2472,2902021.0,25097.0,Wassit,Al-Na'maniya,Said malik village,قرية سيد مالك,32.5136268038,45.2807206086,16.0,96.0,0.0,0.0,0.0,0.0,0.0,0.0,0.0,0.0,0.0,0.0,0.0,0.0,16.0,0.0,0.0,0.0,0.0,0.0,0.0,0.0,0.0,0.0,0.0,0.0,0.0,16.0,0.0,16.0,0.0,0.0,0.0,0.0,0.0,0.0,0.0,0.0,0.0,0.0,0.0,0.0,11.0,0.0,5.0,11.0,0.0,5.0,0.0,0.0,0.0,0.0,0.0,0.0,0.0,0.0,0.0,0.0,"Dec 31, 2018"
2473,2903005.0,25387.0,Wassit,Al-Suwaira,Hay Al-Jihad,حي الجهاد,32.9319066617,44.7739866154,23.0,138.0,0.0,0.0,0.0,0.0,0.0,0.0,0.0,0.0,0.0,0.0,0.0,0.0,13.0,0.0,10.0,0.0,0.0,0.0,0.0,0.0,0.0,0.0,0.0,0.0,0.0,0.0,23.0,0.0,0.0,23.0,0.0,0.0,0.0,0.0,0.0,0.0,0.0,0.0,0.0,0.0,20.0,0.0,0.0,20.0,0.0,0.0,0.0,0.0,0.0,0.0,3.0,0.0,0.0,3.0,0.0,0.0,"Dec 31, 2018"
2474,2903006.0,18774.0,Wassit,Al-Suwaira,Al-Jisir village,قرية الجسر,32.977708943,44.7765162552,8.0,48.0,3.0,0.0,0.0,0.0,0.0,0.0,0.0,0.0,0.0,0.0,0.0,0.0,5.0,0.0,0.0,0.0,0.0,0.0,0.0,0.0,0.0,0.0,0.0,0.0,0.0,0.0,8.0,0.0,0.0,8.0,0.0,0.0,0.0,0.0,0.0,0.0,0.0,0.0,8.0,0.0,0.0,8.0,0.0,0.0,0.0,0.0,0.0,0.0,0.0,0.0,0.0,0.0,0.0,0.0,0.0,0.0,"Dec 31, 2018"
2475,2903007.0,25386.0,Wassit,Al-Suwaira,Hay Al-Maghrib,حي المغرب,32.9263602921,44.768489147,18.0,108.0,0.0,0.0,0.0,0.0,0.0,0.0,0.0,0.0,0.0,0.0,0.0,0.0,18.0,0.0,0.0,0.0,0.0,0.0,0.0,0.0,0.0,0.0,0.0,0.0,0.0,0.0,18.0,0.0,0.0,18.0,0.0,0.0,0.0,0.0,0.0,0.0,0.0,0.0,0.0,0.0,18.0,0.0,0.0,18.0,0.0,0.0,0.0,0.0,0.0,0.0,0.0,0.0,0.0,0.0,0.0,0.0,"Dec 31, 2018"
2476,2903008.0,24217.0,Wassit,Al-Suwaira,Al-Suwaira City Center,مركز الصويره,32.9277720575,44.789159727,40.0,240.0,10.0,0.0,0.0,0.0,0.0,0.0,0.0,0.0,0.0,0.0,0.0,0.0,30.0,0.0,0.0,0.0,0.0,0.0,0.0,0.0,0.0,0.0,0.0,0.0,0.0,0.0,40.0,0.0,0.0,40.0,0.0,0.0,0.0,0.0,0.0,0.0,0.0,0.0,0.0,0.0,40.0,0.0,0.0,40.0,0.0,0.0,0.0,0.0,0.0,0.0,0.0,0.0,0.0,0.0,0.0,0.0,"Dec 31, 2018"
2477,2903009.0,19397.0,Wassit,Al-Suwaira,Hay Al-askary,حي العسكري,32.9329350849,44.7715631157,29.0,174.0,14.0,0.0,0.0,0.0,0.0,0.0,0.0,0.0,0.0,0.0,0.0,0.0,0.0,0.0,15.0,0.0,0.0,0.0,0.0,0.0,0.0,0.0,0.0,0.0,0.0,0.0,29.0,0.0,0.0,29.0,0.0,0.0,0.0,0.0,0.0,0.0,0.0,0.0,4.0,0.0,15.0,4.0,0.0,15.0,0.0,0.0,10.0,0.0,0.0,10.0,0.0,0.0,0.0,0.0,0.0,0.0,"Dec 31, 2018"
2478,2903012.0,25385.0,Wassit,Al-Suwaira,Hai Al-Askari-5 Dunam,حي العسكري-5 دونم,32.9194335049,44.7694341459,10.0,60.0,0.0,0.0,0.0,0.0,0.0,0.0,0.0,0.0,0.0,0.0,0.0,0.0,0.0,0.0,10.0,0.0,0.0,0.0,0.0,0.0,0.0,0.0,0.0,0.0,0.0,0.0,10.0,0.0,0.0,10.0,0.0,0.0,0.0,0.0,0.0,0.0,0.0,0.0,0.0,0.0,0.0,0.0,10.0,0.0,0.0,10.0,0.0,0.0,0.0,0.0,0.0,0.0,0.0,0.0,0.0,0.0,"Dec 31, 2018"
2479,2903014.0,19402.0,Wassit,Al-Suwaira,Hay Al-Furat,حي الفرات,32.9213263851,44.775121695,25.0,150.0,8.0,0.0,0.0,0.0,0.0,0.0,0.0,0.0,0.0,0.0,0.0,0.0,17.0,0.0,0.0,0.0,0.0,0.0,0.0,0.0,0.0,0.0,0.0,0.0,0.0,0.0,25.0,0.0,0.0,25.0,0.0,0.0,0.0,0.0,0.0,0.0,0.0,0.0,0.0,0.0,17.0,0.0,0.0,17.0,0.0,0.0,8.0,0.0,0.0,8.0,0.0,0.0,0.0,0.0,0.0,0.0,"Dec 31, 2018"
2480,2903022.0,24155.0,Wassit,Al-Suwaira,Hay Al-Jameya,حي الجمعية,32.7650973125,45.1676896,7.0,42.0,0.0,0.0,0.0,0.0,0.0,0.0,0.0,0.0,0.0,0.0,0.0,0.0,7.0,0.0,0.0,0.0,0.0,0.0,0.0,0.0,0.0,0.0,0.0,0.0,0.0,0.0,7.0,0.0,0.0,7.0,0.0,0.0,0.0,0.0,0.0,0.0,0.0,0.0,0.0,0.0,7.0,0.0,0.0,7.0,0.0,0.0,0.0,0.0,0.0,0.0,0.0,0.0,0.0,0.0,0.0,0.0,"Dec 31, 2018"
2481,2903025.0,25110.0,Wassit,Al-Suwaira,Hay Al-Zahraa,حي الزهراء,32.7632504404,45.1694968811,5.0,30.0,5.0,0.0,0.0,0.0,0.0,0.0,0.0,0.0,0.0,0.0,0.0,0.0,0.0,0.0,0.0,0.0,0.0,0.0,0.0,0.0,0.0,0.0,0.0,0.0,0.0,0.0,5.0,0.0,0.0,5.0,0.0,0.0,0.0,0.0,0.0,0.0,0.0,0.0,0.0,0.0,0.0,0.0,0.0,0.0,0.0,0.0,5.0,0.0,0.0,5.0,0.0,0.0,0.0,0.0,0.0,0.0,"Dec 31, 2018"
2482,2903026.0,25112.0,Wassit,Al-Suwaira,Hay Al-Amer,حي الامير,32.7674584901,45.1672362,9.0,54.0,0.0,0.0,0.0,0.0,0.0,0.0,0.0,0.0,0.0,0.0,0.0,0.0,9.0,0.0,0.0,0.0,0.0,0.0,0.0,0.0,0.0,0.0,0.0,0.0,0.0,0.0,9.0,0.0,0.0,9.0,0.0,0.0,0.0,0.0,0.0,0.0,0.0,0.0,0.0,0.0,0.0,0.0,9.0,0.0,0.0,9.0,0.0,0.0,0.0,0.0,0.0,0.0,0.0,0.0,0.0,0.0,"Dec 31, 2018"
2483,2903027.0,25111.0,Wassit,Al-Suwaira,Qatae Dejla,قطاع دجلة,32.7660703955,45.1717036836,5.0,30.0,2.0,0.0,0.0,0.0,0.0,0.0,0.0,0.0,0.0,0.0,0.0,0.0,3.0,0.0,0.0,0.0,0.0,0.0,0.0,0.0,0.0,0.0,0.0,0.0,0.0,0.0,5.0,0.0,0.0,5.0,0.0,0.0,0.0,0.0,0.0,0.0,0.0,0.0,0.0,0.0,5.0,0.0,0.0,5.0,0.0,0.0,0.0,0.0,0.0,0.0,0.0,0.0,0.0,0.0,0.0,0.0,"Dec 31, 2018"
2484,2903028.0,18436.0,Wassit,Al-Suwaira,Al-Zubaidiya city center,مركز الزبيدية,32.7631419334,45.1728522144,17.0,102.0,10.0,0.0,0.0,0.0,0.0,0.0,0.0,0.0,0.0,0.0,0.0,0.0,7.0,0.0,0.0,0.0,0.0,0.0,0.0,10.0,0.0,0.0,0.0,0.0,0.0,0.0,7.0,0.0,0.0,7.0,0.0,0.0,0.0,0.0,0.0,0.0,0.0,0.0,0.0,0.0,7.0,0.0,0.0,7.0,0.0,0.0,10.0,0.0,0.0,10.0,0.0,0.0,0.0,0.0,0.0,0.0,"Dec 31, 2018"
2485,2904002.0,18443.0,Wassit,Al-Azezia,City Center,المركز,32.908171206,45.0600879915,15.0,90.0,0.0,0.0,0.0,0.0,0.0,0.0,0.0,0.0,0.0,0.0,0.0,0.0,15.0,0.0,0.0,0.0,0.0,0.0,0.0,0.0,0.0,0.0,0.0,0.0,0.0,0.0,15.0,0.0,0.0,15.0,0.0,0.0,0.0,0.0,0.0,0.0,0.0,0.0,0.0,0.0,0.0,0.0,15.0,0.0,0.0,15.0,0.0,0.0,0.0,0.0,0.0,0.0,0.0,0.0,0.0,0.0,"Dec 31, 2018"
2486,2904009.0,22360.0,Wassit,Al-Azezia,Hay Al Quds,حي القدس,32.9179846419,45.0548027,8.0,48.0,0.0,0.0,0.0,0.0,0.0,0.0,0.0,0.0,0.0,0.0,0.0,0.0,8.0,0.0,0.0,0.0,0.0,0.0,0.0,0.0,0.0,0.0,0.0,0.0,0.0,0.0,8.0,0.0,0.0,8.0,0.0,0.0,0.0,0.0,0.0,0.0,0.0,0.0,0.0,0.0,8.0,0.0,0.0,8.0,0.0,0.0,0.0,0.0,0.0,0.0,0.0,0.0,0.0,0.0,0.0,0.0,"Dec 31, 2018"
2487,2904010.0,24844.0,Wassit,Al-Azezia,Al Sadoniyah,السعدونية,32.9184804602,45.0252698295,7.0,42.0,0.0,0.0,0.0,0.0,0.0,0.0,0.0,0.0,0.0,0.0,0.0,0.0,7.0,0.0,0.0,0.0,0.0,0.0,0.0,0.0,0.0,0.0,0.0,0.0,0.0,0.0,7.0,0.0,0.0,7.0,0.0,0.0,0.0,0.0,0.0,0.0,0.0,0.0,0.0,0.0,7.0,0.0,0.0,7.0,0.0,0.0,0.0,0.0,0.0,0.0,0.0,0.0,0.0,0.0,0.0,0.0,"Dec 31, 2018"
2488,2904011.0,24858.0,Wassit,Al-Azezia,Al-Azezia 150 area,العزيزية 150,32.9061597707,45.0569343,20.0,120.0,0.0,0.0,0.0,0.0,0.0,0.0,0.0,0.0,0.0,0.0,0.0,0.0,20.0,0.0,0.0,0.0,0.0,0.0,0.0,20.0,0.0,0.0,0.0,0.0,0.0,0.0,0.0,0.0,0.0,0.0,0.0,0.0,0.0,0.0,0.0,0.0,0.0,0.0,0.0,0.0,20.0,0.0,0.0,20.0,0.0,0.0,0.0,0.0,0.0,0.0,0.0,0.0,0.0,0.0,0.0,0.0,"Dec 31, 2018"
2489,2904012.0,21043.0,Wassit,Al-Azezia,Al-Debooni City Center,مركز الدبوني ,32.7463361571,45.301434,3.0,18.0,0.0,0.0,0.0,0.0,0.0,0.0,0.0,0.0,0.0,0.0,0.0,0.0,3.0,0.0,0.0,0.0,0.0,0.0,0.0,0.0,0.0,0.0,0.0,0.0,0.0,0.0,3.0,0.0,0.0,3.0,0.0,0.0,0.0,0.0,0.0,0.0,0.0,0.0,0.0,0.0,2.0,0.0,1.0,2.0,0.0,1.0,0.0,0.0,0.0,0.0,0.0,0.0,0.0,0.0,0.0,0.0,"Dec 31, 2018"
2490,2904014.0,24851.0,Wassit,Al-Azezia,Al-Dawar Al-Sharqi,الدوار الشرقي,33.0071916453,44.8259047936,10.0,60.0,0.0,0.0,0.0,0.0,0.0,0.0,0.0,0.0,0.0,0.0,0.0,0.0,10.0,0.0,0.0,0.0,0.0,0.0,0.0,0.0,0.0,0.0,0.0,0.0,0.0,0.0,10.0,0.0,0.0,10.0,0.0,0.0,0.0,0.0,0.0,0.0,0.0,0.0,0.0,0.0,10.0,0.0,0.0,10.0,0.0,0.0,0.0,0.0,0.0,0.0,0.0,0.0,0.0,0.0,0.0,0.0,"Dec 31, 2018"
2491,2904020.0,24856.0,Wassit,Al-Azezia,Al-Khamas 2,الخماس الثانية,32.9182926413,45.0723574399,11.0,66.0,0.0,0.0,0.0,0.0,0.0,0.0,0.0,0.0,0.0,0.0,0.0,0.0,5.0,0.0,6.0,0.0,0.0,0.0,0.0,0.0,0.0,0.0,0.0,0.0,0.0,0.0,11.0,0.0,0.0,11.0,0.0,0.0,0.0,0.0,0.0,0.0,0.0,0.0,0.0,0.0,11.0,0.0,0.0,11.0,0.0,0.0,0.0,0.0,0.0,0.0,0.0,0.0,0.0,0.0,0.0,0.0,"Dec 31, 2018"
2492,2904021.0,24857.0,Wassit,Al-Azezia,Al-Khamas 3,الخماس الثالثة,32.9219217549,45.0725817555,14.0,84.0,0.0,0.0,0.0,0.0,0.0,0.0,0.0,0.0,0.0,0.0,0.0,0.0,14.0,0.0,0.0,0.0,0.0,0.0,0.0,0.0,0.0,0.0,0.0,0.0,0.0,0.0,14.0,0.0,0.0,14.0,0.0,0.0,0.0,0.0,0.0,0.0,0.0,0.0,0.0,0.0,14.0,0.0,0.0,14.0,0.0,0.0,0.0,0.0,0.0,0.0,0.0,0.0,0.0,0.0,0.0,0.0,"Dec 31, 2018"
2493,2904022.0,24855.0,Wassit,Al-Azezia,Al-Khamas1,الخماس الاولى,32.9168755126,45.0721917081,15.0,90.0,0.0,0.0,0.0,0.0,0.0,0.0,0.0,0.0,0.0,0.0,0.0,0.0,15.0,0.0,0.0,0.0,0.0,0.0,0.0,15.0,0.0,0.0,0.0,0.0,0.0,0.0,0.0,0.0,0.0,0.0,0.0,0.0,0.0,0.0,0.0,0.0,0.0,0.0,0.0,0.0,15.0,0.0,0.0,15.0,0.0,0.0,0.0,0.0,0.0,0.0,0.0,0.0,0.0,0.0,0.0,0.0,"Dec 31, 2018"
2494,2904026.0,24854.0,Wassit,Al-Azezia,Al-Nedhal village,قرية النضال,32.9338284956,44.9716243822,13.0,78.0,0.0,0.0,0.0,0.0,0.0,0.0,0.0,0.0,0.0,0.0,0.0,0.0,13.0,0.0,0.0,0.0,0.0,0.0,0.0,0.0,0.0,0.0,0.0,0.0,0.0,13.0,0.0,13.0,0.0,0.0,0.0,0.0,0.0,0.0,0.0,0.0,0.0,0.0,0.0,0.0,13.0,0.0,0.0,13.0,0.0,0.0,0.0,0.0,0.0,0.0,0.0,0.0,0.0,0.0,0.0,0.0,"Dec 31, 2018"
2495,2904029.0,24841.0,Wassit,Al-Azezia,Al-Rafidain,الرافدين,32.9453869941,44.9141208414,7.0,42.0,0.0,0.0,0.0,0.0,0.0,0.0,0.0,0.0,0.0,0.0,0.0,0.0,7.0,0.0,0.0,0.0,0.0,0.0,0.0,0.0,0.0,0.0,0.0,0.0,0.0,0.0,7.0,0.0,0.0,7.0,0.0,0.0,0.0,0.0,0.0,0.0,0.0,0.0,0.0,0.0,7.0,0.0,0.0,7.0,0.0,0.0,0.0,0.0,0.0,0.0,0.0,0.0,0.0,0.0,0.0,0.0,"Dec 31, 2018"
2496,2904031.0,24859.0,Wassit,Al-Azezia,Al-Sarai,السراي,32.9112280604,45.0634395359,13.0,78.0,0.0,0.0,0.0,0.0,0.0,0.0,0.0,0.0,0.0,0.0,0.0,0.0,5.0,0.0,8.0,0.0,0.0,0.0,0.0,4.0,0.0,0.0,0.0,0.0,0.0,0.0,9.0,0.0,0.0,9.0,0.0,0.0,0.0,0.0,0.0,0.0,0.0,0.0,0.0,0.0,13.0,0.0,0.0,13.0,0.0,0.0,0.0,0.0,0.0,0.0,0.0,0.0,0.0,0.0,0.0,0.0,"Dec 31, 2018"
2497,2904035.0,19454.0,Wassit,Al-Azezia,Al-Tanmeya,التنمية,32.9513826383,44.9108842815,17.0,102.0,0.0,0.0,0.0,0.0,0.0,0.0,0.0,0.0,4.0,0.0,0.0,0.0,13.0,0.0,0.0,0.0,0.0,0.0,0.0,0.0,0.0,0.0,0.0,0.0,0.0,0.0,17.0,0.0,0.0,17.0,0.0,0.0,0.0,0.0,0.0,0.0,0.0,0.0,0.0,0.0,15.0,0.0,0.0,15.0,0.0,0.0,0.0,0.0,0.0,0.0,2.0,0.0,0.0,2.0,0.0,0.0,"Dec 31, 2018"
2498,2904039.0,24849.0,Wassit,Al-Azezia,Bader Al-Kubra,بدر الكبرى,32.9719295238,44.8633109082,10.0,60.0,0.0,0.0,0.0,0.0,0.0,0.0,0.0,0.0,6.0,0.0,0.0,0.0,4.0,0.0,0.0,0.0,0.0,0.0,0.0,0.0,0.0,0.0,0.0,0.0,0.0,0.0,10.0,0.0,0.0,10.0,0.0,0.0,0.0,0.0,0.0,0.0,0.0,0.0,0.0,0.0,4.0,0.0,6.0,4.0,0.0,6.0,0.0,0.0,0.0,0.0,0.0,0.0,0.0,0.0,0.0,0.0,"Dec 31, 2018"
2499,2904044.0,22361.0,Wassit,Al-Azezia,Al Shabab 1,الشباب الاولى,32.9102026847,45.0449234,16.0,96.0,0.0,0.0,0.0,0.0,0.0,0.0,0.0,0.0,0.0,0.0,0.0,0.0,16.0,0.0,0.0,0.0,0.0,0.0,0.0,1.0,0.0,0.0,0.0,0.0,0.0,0.0,15.0,0.0,0.0,15.0,0.0,0.0,0.0,0.0,0.0,0.0,0.0,0.0,0.0,0.0,16.0,0.0,0.0,16.0,0.0,0.0,0.0,0.0,0.0,0.0,0.0,0.0,0.0,0.0,0.0,0.0,"Dec 31, 2018"
2500,2904045.0,24845.0,Wassit,Al-Azezia,Hay Al-Askari 1,الحي العسكري الاولى,32.9081616908,45.049369184,9.0,54.0,0.0,0.0,0.0,0.0,0.0,0.0,0.0,0.0,0.0,0.0,0.0,0.0,9.0,0.0,0.0,0.0,0.0,0.0,0.0,0.0,0.0,0.0,0.0,0.0,0.0,0.0,9.0,0.0,0.0,9.0,0.0,0.0,0.0,0.0,0.0,0.0,0.0,0.0,0.0,0.0,9.0,0.0,0.0,9.0,0.0,0.0,0.0,0.0,0.0,0.0,0.0,0.0,0.0,0.0,0.0,0.0,"Dec 31, 2018"
2501,2904046.0,24846.0,Wassit,Al-Azezia,Hay Al-Askari 3,الحي العسكري الثالثة,32.9054560584,45.0545747175,8.0,48.0,0.0,0.0,0.0,0.0,0.0,0.0,0.0,0.0,0.0,0.0,0.0,0.0,8.0,0.0,0.0,0.0,0.0,0.0,0.0,0.0,0.0,0.0,0.0,0.0,0.0,0.0,8.0,0.0,0.0,8.0,0.0,0.0,0.0,0.0,0.0,0.0,0.0,0.0,0.0,0.0,8.0,0.0,0.0,8.0,0.0,0.0,0.0,0.0,0.0,0.0,0.0,0.0,0.0,0.0,0.0,0.0,"Dec 31, 2018"
2502,2904050.0,24839.0,Wassit,Al-Azezia,Hay Al-Oroba 2,حي العروبة الثانية,32.9083672569,45.0465851067,5.0,30.0,0.0,0.0,0.0,0.0,0.0,0.0,0.0,0.0,0.0,0.0,0.0,0.0,2.0,0.0,3.0,0.0,0.0,0.0,0.0,0.0,0.0,0.0,0.0,0.0,0.0,0.0,5.0,0.0,0.0,5.0,0.0,0.0,0.0,0.0,0.0,0.0,0.0,0.0,0.0,0.0,5.0,0.0,0.0,5.0,0.0,0.0,0.0,0.0,0.0,0.0,0.0,0.0,0.0,0.0,0.0,0.0,"Dec 31, 2018"
2503,2904059.0,19442.0,Wassit,Al-Azezia,Taj al-dien,تاج الدين,32.9853927391,44.8474813479,30.0,180.0,8.0,0.0,0.0,0.0,0.0,0.0,0.0,0.0,10.0,0.0,0.0,0.0,0.0,0.0,12.0,0.0,0.0,0.0,0.0,0.0,0.0,0.0,0.0,0.0,0.0,0.0,30.0,0.0,0.0,30.0,0.0,0.0,0.0,0.0,0.0,0.0,0.0,0.0,13.0,0.0,0.0,13.0,12.0,0.0,0.0,12.0,5.0,0.0,0.0,5.0,0.0,0.0,0.0,0.0,0.0,0.0,"Dec 31, 2018"
2504,2904060.0,24967.0,Wassit,Al-Azezia,Taj al-dien center 1,مركز تاج الدين 1,32.9892205611,44.8401012135,33.0,198.0,0.0,0.0,0.0,0.0,0.0,10.0,0.0,0.0,0.0,0.0,0.0,0.0,10.0,0.0,13.0,0.0,0.0,0.0,0.0,0.0,0.0,0.0,0.0,0.0,0.0,0.0,24.0,0.0,0.0,24.0,0.0,0.0,0.0,0.0,9.0,0.0,0.0,9.0,0.0,0.0,10.0,0.0,23.0,10.0,0.0,23.0,0.0,0.0,0.0,0.0,0.0,0.0,0.0,0.0,0.0,0.0,"Dec 31, 2018"
2505,2904061.0,19464.0,Wassit,Al-Azezia,Tuliha,طليحة,32.9405801784,44.9516408317,14.0,84.0,0.0,0.0,0.0,0.0,0.0,0.0,0.0,0.0,0.0,0.0,0.0,0.0,13.0,0.0,1.0,0.0,0.0,0.0,0.0,14.0,0.0,0.0,0.0,0.0,0.0,0.0,0.0,0.0,0.0,0.0,0.0,0.0,0.0,0.0,0.0,0.0,0.0,0.0,0.0,0.0,14.0,0.0,0.0,14.0,0.0,0.0,0.0,0.0,0.0,0.0,0.0,0.0,0.0,0.0,0.0,0.0,"Dec 31, 2018"
2506,2905002.0,18459.0,Wassit,Badra,Hay Al-Imam Al-Hussein,حي الأمام الحسين,33.1161964349,45.9325561727,5.0,30.0,0.0,0.0,0.0,0.0,0.0,0.0,0.0,0.0,0.0,0.0,0.0,0.0,5.0,0.0,0.0,0.0,0.0,0.0,0.0,0.0,0.0,0.0,0.0,0.0,0.0,0.0,5.0,0.0,0.0,5.0,0.0,0.0,0.0,0.0,0.0,0.0,0.0,0.0,0.0,0.0,5.0,0.0,0.0,5.0,0.0,0.0,0.0,0.0,0.0,0.0,0.0,0.0,0.0,0.0,0.0,0.0,"Dec 31, 2018"
2507,2905003.0,25313.0,Wassit,Badra,Hay Al-Rasool,حي الرسول,33.1177598541,45.9380007912,5.0,30.0,0.0,0.0,0.0,0.0,0.0,0.0,0.0,0.0,0.0,0.0,0.0,0.0,5.0,0.0,0.0,0.0,0.0,0.0,0.0,0.0,0.0,0.0,0.0,0.0,0.0,0.0,5.0,0.0,0.0,5.0,0.0,0.0,0.0,0.0,0.0,0.0,0.0,0.0,0.0,0.0,0.0,0.0,5.0,0.0,0.0,5.0,0.0,0.0,0.0,0.0,0.0,0.0,0.0,0.0,0.0,0.0,"Dec 31, 2018"
2508,2905004.0,25315.0,Wassit,Badra,Al-Shuhadaa Village,قرية الشهداء,33.0963248255,45.9584260451,4.0,24.0,0.0,0.0,0.0,0.0,0.0,0.0,0.0,0.0,0.0,0.0,0.0,0.0,4.0,0.0,0.0,0.0,0.0,0.0,0.0,4.0,0.0,0.0,0.0,0.0,0.0,0.0,0.0,0.0,0.0,0.0,0.0,0.0,0.0,0.0,0.0,0.0,0.0,0.0,0.0,0.0,4.0,0.0,0.0,4.0,0.0,0.0,0.0,0.0,0.0,0.0,0.0,0.0,0.0,0.0,0.0,0.0,"Dec 31, 2018"
2509,2905005.0,25314.0,Wassit,Badra,Hay Al-Zahraa,حي الزهراء,33.1085645997,45.9278037698,13.0,78.0,0.0,0.0,0.0,0.0,0.0,0.0,0.0,0.0,0.0,0.0,0.0,0.0,13.0,0.0,0.0,0.0,0.0,0.0,0.0,0.0,0.0,0.0,0.0,0.0,0.0,0.0,13.0,0.0,0.0,13.0,0.0,0.0,0.0,0.0,0.0,0.0,0.0,0.0,0.0,0.0,13.0,0.0,0.0,13.0,0.0,0.0,0.0,0.0,0.0,0.0,0.0,0.0,0.0,0.0,0.0,0.0,"Dec 31, 2018"
2510,2905007.0,19492.0,Wassit,Badra,Dahnok,دهنوك,33.115891657,45.9485307888,8.0,48.0,0.0,0.0,0.0,0.0,0.0,0.0,0.0,0.0,0.0,0.0,0.0,0.0,8.0,0.0,0.0,0.0,0.0,0.0,0.0,0.0,0.0,0.0,0.0,0.0,0.0,0.0,8.0,0.0,0.0,8.0,0.0,0.0,0.0,0.0,0.0,0.0,0.0,0.0,0.0,0.0,8.0,0.0,0.0,8.0,0.0,0.0,0.0,0.0,0.0,0.0,0.0,0.0,0.0,0.0,0.0,0.0,"Dec 31, 2018"
2511,2905008.0,18438.0,Wassit,Badra,Jassan center,مركز جصان,32.9672874259,45.8710675031,13.0,78.0,3.0,0.0,0.0,0.0,0.0,0.0,0.0,0.0,0.0,0.0,0.0,0.0,10.0,0.0,0.0,0.0,0.0,0.0,0.0,0.0,0.0,0.0,0.0,0.0,0.0,0.0,13.0,0.0,0.0,13.0,0.0,0.0,0.0,0.0,0.0,0.0,0.0,0.0,3.0,0.0,10.0,3.0,0.0,10.0,0.0,0.0,0.0,0.0,0.0,0.0,0.0,0.0,0.0,0.0,0.0,0.0,"Dec 31, 2018"
2512,2906001.0,19548.0,Wassit,Kut,Al Batar village,قرية البتار,32.5665956931,45.649405147,35.0,210.0,0.0,0.0,0.0,0.0,0.0,0.0,0.0,0.0,0.0,0.0,0.0,0.0,35.0,0.0,0.0,0.0,0.0,0.0,0.0,0.0,0.0,0.0,0.0,0.0,0.0,10.0,25.0,10.0,0.0,25.0,0.0,0.0,0.0,0.0,0.0,0.0,0.0,0.0,0.0,0.0,35.0,0.0,0.0,35.0,0.0,0.0,0.0,0.0,0.0,0.0,0.0,0.0,0.0,0.0,0.0,0.0,"Dec 31, 2018"
2513,2906002.0,19524.0,Wassit,Kut,Al Gardhia,الكارضية,32.5252610619,45.8699387349,10.0,60.0,0.0,0.0,0.0,0.0,0.0,0.0,0.0,0.0,0.0,0.0,0.0,0.0,10.0,0.0,0.0,0.0,0.0,0.0,0.0,0.0,0.0,0.0,0.0,0.0,0.0,10.0,0.0,10.0,0.0,0.0,0.0,0.0,0.0,0.0,0.0,0.0,0.0,0.0,0.0,0.0,10.0,0.0,0.0,10.0,0.0,0.0,0.0,0.0,0.0,0.0,0.0,0.0,0.0,0.0,0.0,0.0,"Dec 31, 2018"
2514,2906003.0,24786.0,Wassit,Kut,Al Hakeem Al-Khdhra,الحكيم الخضراء,32.5452502646,45.8518435325,11.0,66.0,0.0,0.0,0.0,0.0,0.0,0.0,0.0,0.0,0.0,0.0,0.0,0.0,5.0,0.0,6.0,0.0,0.0,0.0,0.0,0.0,0.0,0.0,0.0,0.0,0.0,0.0,11.0,0.0,0.0,11.0,0.0,0.0,0.0,0.0,0.0,0.0,0.0,0.0,0.0,0.0,11.0,0.0,0.0,11.0,0.0,0.0,0.0,0.0,0.0,0.0,0.0,0.0,0.0,0.0,0.0,0.0,"Dec 31, 2018"
2515,2906004.0,23256.0,Wassit,Kut,Al Hasan Al Askari,الحسن العسكري,32.5307509798,45.7473125,55.0,330.0,0.0,0.0,0.0,0.0,0.0,7.0,0.0,0.0,42.0,0.0,0.0,0.0,6.0,0.0,0.0,0.0,0.0,0.0,0.0,0.0,0.0,0.0,0.0,0.0,0.0,0.0,55.0,0.0,0.0,55.0,0.0,0.0,0.0,0.0,0.0,0.0,0.0,0.0,0.0,0.0,45.0,0.0,10.0,45.0,0.0,10.0,0.0,0.0,0.0,0.0,0.0,0.0,0.0,0.0,0.0,0.0,"Dec 31, 2018"
2516,2906005.0,23395.0,Wassit,Kut,Al Hindiyah,الهندية,32.4012172323,46.2305007508,7.0,42.0,0.0,0.0,0.0,0.0,0.0,0.0,0.0,0.0,0.0,0.0,0.0,0.0,7.0,0.0,0.0,0.0,0.0,0.0,0.0,0.0,0.0,0.0,0.0,0.0,0.0,0.0,7.0,0.0,0.0,7.0,0.0,0.0,0.0,0.0,0.0,0.0,0.0,0.0,0.0,0.0,7.0,0.0,0.0,7.0,0.0,0.0,0.0,0.0,0.0,0.0,0.0,0.0,0.0,0.0,0.0,0.0,"Dec 31, 2018"
2517,2906007.0,19546.0,Wassit,Kut,Al Maimoon,الميمون,32.5286669876,45.8043173114,18.0,108.0,6.0,0.0,0.0,0.0,0.0,1.0,0.0,0.0,0.0,0.0,0.0,0.0,10.0,0.0,1.0,0.0,0.0,0.0,0.0,0.0,0.0,0.0,0.0,0.0,0.0,0.0,18.0,0.0,0.0,18.0,0.0,0.0,0.0,0.0,0.0,0.0,0.0,0.0,0.0,0.0,18.0,0.0,0.0,18.0,0.0,0.0,0.0,0.0,0.0,0.0,0.0,0.0,0.0,0.0,0.0,0.0,"Dec 31, 2018"
2518,2906008.0,24869.0,Wassit,Kut,Al Mantaqa Al qadima,المنطقة القديمة,32.5617764885,46.2734114081,4.0,24.0,0.0,0.0,0.0,0.0,0.0,0.0,0.0,0.0,0.0,0.0,0.0,0.0,4.0,0.0,0.0,0.0,0.0,0.0,0.0,0.0,0.0,0.0,0.0,0.0,0.0,4.0,0.0,4.0,0.0,0.0,0.0,0.0,0.0,0.0,0.0,0.0,0.0,0.0,0.0,0.0,4.0,0.0,0.0,4.0,0.0,0.0,0.0,0.0,0.0,0.0,0.0,0.0,0.0,0.0,0.0,0.0,"Dec 31, 2018"
2519,2906009.0,23967.0,Wassit,Kut,Al Muhandseen-Al Amarat Al Sakaniyah,المهندسين-العمارات السكنية,32.5177041216,45.8089374711,21.0,126.0,0.0,0.0,0.0,0.0,0.0,0.0,0.0,0.0,0.0,0.0,0.0,0.0,21.0,0.0,0.0,0.0,0.0,0.0,0.0,0.0,0.0,0.0,0.0,0.0,0.0,0.0,21.0,0.0,0.0,21.0,0.0,0.0,0.0,0.0,0.0,0.0,0.0,0.0,0.0,0.0,21.0,0.0,0.0,21.0,0.0,0.0,0.0,0.0,0.0,0.0,0.0,0.0,0.0,0.0,0.0,0.0,"Dec 31, 2018"
2520,2906010.0,24868.0,Wassit,Kut,Al Nahalat,النحالات,32.5747244789,46.2681743787,2.0,12.0,0.0,0.0,0.0,0.0,0.0,0.0,0.0,0.0,0.0,0.0,0.0,0.0,2.0,0.0,0.0,0.0,0.0,0.0,0.0,2.0,0.0,0.0,0.0,0.0,0.0,0.0,0.0,0.0,0.0,0.0,0.0,0.0,0.0,0.0,0.0,0.0,0.0,0.0,0.0,0.0,2.0,0.0,0.0,2.0,0.0,0.0,0.0,0.0,0.0,0.0,0.0,0.0,0.0,0.0,0.0,0.0,"Dec 31, 2018"
2521,2906011.0,24883.0,Wassit,Kut,Al Uroba 1,العروبة الاولى,32.4556186355,46.071892184,5.0,30.0,0.0,0.0,0.0,0.0,0.0,0.0,0.0,0.0,0.0,0.0,0.0,0.0,5.0,0.0,0.0,0.0,0.0,0.0,0.0,0.0,0.0,0.0,0.0,0.0,0.0,0.0,5.0,0.0,0.0,5.0,0.0,0.0,0.0,0.0,0.0,0.0,0.0,0.0,0.0,0.0,5.0,0.0,0.0,5.0,0.0,0.0,0.0,0.0,0.0,0.0,0.0,0.0,0.0,0.0,0.0,0.0,"Dec 31, 2018"
2522,2906012.0,22112.0,Wassit,Kut,Al-Jihad-Al Shaheed Dawood,الجهاد-الشهيد داود,32.471803737,45.8229616166,42.0,252.0,7.0,0.0,0.0,0.0,0.0,0.0,0.0,0.0,0.0,0.0,0.0,0.0,35.0,0.0,0.0,0.0,0.0,0.0,0.0,0.0,0.0,0.0,0.0,0.0,0.0,0.0,42.0,0.0,0.0,42.0,0.0,0.0,0.0,0.0,0.0,0.0,0.0,0.0,0.0,0.0,35.0,0.0,0.0,35.0,0.0,0.0,7.0,0.0,0.0,7.0,0.0,0.0,0.0,0.0,0.0,0.0,"Dec 31, 2018"
2523,2906013.0,24220.0,Wassit,Kut,Al Dujily-Al zahraa,الدجيلي-الزهراء,32.461983941,46.0729472952,3.0,18.0,0.0,0.0,0.0,0.0,0.0,0.0,0.0,0.0,0.0,0.0,0.0,0.0,3.0,0.0,0.0,0.0,0.0,0.0,0.0,0.0,0.0,0.0,0.0,0.0,0.0,0.0,3.0,0.0,0.0,3.0,0.0,0.0,0.0,0.0,0.0,0.0,0.0,0.0,0.0,0.0,3.0,0.0,0.0,3.0,0.0,0.0,0.0,0.0,0.0,0.0,0.0,0.0,0.0,0.0,0.0,0.0,"Dec 31, 2018"
2524,2906014.0,25587.0,Wassit,Kut,Hay Al-Abassya,حي العباسية,32.5014669284,45.8266226816,8.0,48.0,0.0,0.0,0.0,0.0,0.0,0.0,0.0,0.0,0.0,0.0,0.0,0.0,8.0,0.0,0.0,0.0,0.0,0.0,0.0,0.0,0.0,0.0,0.0,0.0,0.0,0.0,8.0,0.0,0.0,8.0,0.0,0.0,0.0,0.0,0.0,0.0,0.0,0.0,0.0,0.0,8.0,0.0,0.0,8.0,0.0,0.0,0.0,0.0,0.0,0.0,0.0,0.0,0.0,0.0,0.0,0.0,"Dec 31, 2018"
2525,2906015.0,19049.0,Wassit,Al-Na'maniya,Al-Ahrar city center,الاحرار المركز,32.5178688267,45.6079345325,32.0,192.0,0.0,0.0,0.0,0.0,0.0,0.0,0.0,0.0,20.0,0.0,0.0,0.0,12.0,0.0,0.0,0.0,0.0,0.0,0.0,0.0,0.0,0.0,0.0,0.0,0.0,12.0,20.0,12.0,0.0,20.0,0.0,0.0,0.0,0.0,0.0,0.0,0.0,0.0,0.0,0.0,32.0,0.0,0.0,32.0,0.0,0.0,0.0,0.0,0.0,0.0,0.0,0.0,0.0,0.0,0.0,0.0,"Dec 31, 2018"
2526,2906017.0,24867.0,Wassit,Kut,Al-Badreya village,قرية البدرية,32.4582794103,45.8004440096,7.0,42.0,0.0,0.0,0.0,0.0,0.0,0.0,0.0,0.0,0.0,0.0,0.0,0.0,7.0,0.0,0.0,0.0,0.0,0.0,0.0,0.0,0.0,0.0,0.0,0.0,0.0,7.0,0.0,7.0,0.0,0.0,0.0,0.0,0.0,0.0,0.0,0.0,0.0,0.0,0.0,0.0,7.0,0.0,0.0,7.0,0.0,0.0,0.0,0.0,0.0,0.0,0.0,0.0,0.0,0.0,0.0,0.0,"Dec 31, 2018"
2527,2906021.0,25109.0,Wassit,Kut,Al-Eza Al-Jadida,العزة الجديدة,32.4833084031,45.8250216594,15.0,90.0,3.0,0.0,0.0,0.0,0.0,0.0,0.0,0.0,0.0,0.0,0.0,0.0,12.0,0.0,0.0,0.0,0.0,0.0,0.0,0.0,0.0,0.0,0.0,0.0,0.0,0.0,15.0,0.0,0.0,15.0,0.0,0.0,0.0,0.0,0.0,0.0,0.0,0.0,0.0,0.0,12.0,0.0,3.0,12.0,0.0,3.0,0.0,0.0,0.0,0.0,0.0,0.0,0.0,0.0,0.0,0.0,"Dec 31, 2018"
2528,2906022.0,25108.0,Wassit,Kut,Al-Eza Al-Qadima,العزة القديمة,32.4928596996,45.8155863283,22.0,132.0,0.0,0.0,9.0,0.0,0.0,6.0,0.0,0.0,0.0,0.0,0.0,0.0,7.0,0.0,0.0,0.0,0.0,0.0,0.0,0.0,0.0,0.0,0.0,0.0,0.0,0.0,22.0,0.0,0.0,22.0,0.0,0.0,0.0,0.0,0.0,0.0,0.0,0.0,0.0,0.0,11.0,0.0,11.0,11.0,0.0,11.0,0.0,0.0,0.0,0.0,0.0,0.0,0.0,0.0,0.0,0.0,"Dec 31, 2018"
2529,2906023.0,24261.0,Wassit,Kut,Hay Al-Hawaraa 3,حي الحوراء الثالثة,32.4870263336,45.8452815381,88.0,528.0,8.0,0.0,0.0,0.0,0.0,0.0,0.0,0.0,0.0,0.0,0.0,0.0,70.0,0.0,10.0,0.0,0.0,0.0,0.0,0.0,0.0,0.0,0.0,0.0,0.0,0.0,25.0,0.0,0.0,25.0,0.0,0.0,0.0,0.0,63.0,0.0,0.0,63.0,8.0,0.0,70.0,8.0,10.0,70.0,0.0,10.0,0.0,0.0,0.0,0.0,0.0,0.0,0.0,0.0,0.0,0.0,"Dec 31, 2018"
2530,2906024.0,19214.0,Wassit,Kut,Al-chabab,قرية الجباب,32.6369235391,46.1799549298,2.0,12.0,0.0,0.0,0.0,0.0,0.0,0.0,0.0,0.0,0.0,0.0,0.0,0.0,2.0,0.0,0.0,0.0,0.0,0.0,0.0,0.0,0.0,0.0,0.0,0.0,0.0,2.0,0.0,2.0,0.0,0.0,0.0,0.0,0.0,0.0,0.0,0.0,0.0,0.0,0.0,0.0,2.0,0.0,0.0,2.0,0.0,0.0,0.0,0.0,0.0,0.0,0.0,0.0,0.0,0.0,0.0,0.0,"Dec 31, 2018"
2531,2906025.0,25103.0,Wassit,Kut,Al-Jihad Al-Zahraa,الجهاد الزهراء,32.478340628,45.8128393005,36.0,216.0,0.0,0.0,0.0,0.0,0.0,0.0,0.0,0.0,0.0,0.0,0.0,0.0,36.0,0.0,0.0,0.0,0.0,0.0,0.0,0.0,0.0,0.0,0.0,0.0,0.0,0.0,36.0,0.0,0.0,36.0,0.0,0.0,0.0,0.0,0.0,0.0,0.0,0.0,0.0,0.0,36.0,0.0,0.0,36.0,0.0,0.0,0.0,0.0,0.0,0.0,0.0,0.0,0.0,0.0,0.0,0.0,"Dec 31, 2018"
2532,2906026.0,25106.0,Wassit,Kut,Al-Jihad-Al-Sajad,الجهاد-السجاد,32.4737596981,45.8208688196,33.0,198.0,0.0,0.0,0.0,0.0,0.0,0.0,0.0,0.0,14.0,0.0,0.0,0.0,19.0,0.0,0.0,0.0,0.0,0.0,0.0,0.0,0.0,0.0,0.0,0.0,0.0,0.0,33.0,0.0,0.0,33.0,0.0,0.0,0.0,0.0,0.0,0.0,0.0,0.0,0.0,0.0,19.0,0.0,14.0,19.0,0.0,14.0,0.0,0.0,0.0,0.0,0.0,0.0,0.0,0.0,0.0,0.0,"Dec 31, 2018"
2533,2906027.0,24866.0,Wassit,Kut,Hay Al-Kadhraa,حي الخضراء,32.53390113,45.7848185,10.0,60.0,0.0,0.0,0.0,0.0,0.0,0.0,0.0,0.0,2.0,0.0,0.0,0.0,8.0,0.0,0.0,0.0,0.0,0.0,0.0,0.0,0.0,0.0,0.0,0.0,0.0,0.0,10.0,0.0,0.0,10.0,0.0,0.0,0.0,0.0,0.0,0.0,0.0,0.0,0.0,0.0,10.0,0.0,0.0,10.0,0.0,0.0,0.0,0.0,0.0,0.0,0.0,0.0,0.0,0.0,0.0,0.0,"Dec 31, 2018"
2534,2906031.0,24784.0,Wassit,Kut,Al-Sebtain W Al-Maamel,السبطين والمعامل,32.5805673196,45.6133312214,9.0,54.0,0.0,0.0,0.0,0.0,0.0,0.0,0.0,0.0,0.0,0.0,0.0,0.0,9.0,0.0,0.0,0.0,0.0,0.0,0.0,0.0,0.0,0.0,0.0,0.0,0.0,9.0,0.0,9.0,0.0,0.0,0.0,0.0,0.0,0.0,0.0,0.0,0.0,0.0,0.0,0.0,9.0,0.0,0.0,9.0,0.0,0.0,0.0,0.0,0.0,0.0,0.0,0.0,0.0,0.0,0.0,0.0,"Dec 31, 2018"
2535,2906032.0,25104.0,Wassit,Kut,Al-Shuhadaa 3,الشهداء الثالثة,32.5424609346,45.8230237141,23.0,138.0,2.0,0.0,0.0,0.0,0.0,18.0,0.0,0.0,1.0,0.0,0.0,0.0,2.0,0.0,0.0,0.0,0.0,0.0,0.0,0.0,0.0,0.0,0.0,0.0,0.0,0.0,23.0,0.0,0.0,23.0,0.0,0.0,0.0,0.0,0.0,0.0,0.0,0.0,2.0,0.0,2.0,2.0,0.0,2.0,10.0,0.0,8.0,10.0,0.0,8.0,1.0,0.0,0.0,1.0,0.0,0.0,"Dec 31, 2018"
2536,2906033.0,25105.0,Wassit,Kut,Al-Shuhadaa 4,الشهداء الرابعة,32.5462294265,45.8312631219,21.0,126.0,10.0,0.0,0.0,0.0,0.0,10.0,0.0,0.0,1.0,0.0,0.0,0.0,0.0,0.0,0.0,0.0,0.0,0.0,0.0,1.0,0.0,0.0,0.0,0.0,0.0,0.0,20.0,0.0,0.0,20.0,0.0,0.0,0.0,0.0,0.0,0.0,0.0,0.0,12.0,0.0,1.0,12.0,0.0,1.0,0.0,0.0,8.0,0.0,0.0,8.0,0.0,0.0,0.0,0.0,0.0,0.0,"Dec 31, 2018"
2537,2906034.0,24785.0,Wassit,Kut,Al-Wafdin Al-Sadrain,الوافدين الصدرين,32.4828975876,45.9077467372,13.0,78.0,0.0,0.0,0.0,0.0,0.0,2.0,0.0,0.0,0.0,0.0,0.0,0.0,11.0,0.0,0.0,0.0,0.0,0.0,0.0,0.0,0.0,0.0,0.0,0.0,0.0,0.0,13.0,0.0,0.0,13.0,0.0,0.0,0.0,0.0,0.0,0.0,0.0,0.0,0.0,0.0,13.0,0.0,0.0,13.0,0.0,0.0,0.0,0.0,0.0,0.0,0.0,0.0,0.0,0.0,0.0,0.0,"Dec 31, 2018"
2538,2906037.0,24882.0,Wassit,Kut,Al-Zahra Al-Karavanat,الزهراء الكرفانات,32.46263131,46.0792003323,8.0,48.0,0.0,0.0,0.0,0.0,0.0,0.0,0.0,0.0,0.0,0.0,0.0,0.0,8.0,0.0,0.0,0.0,0.0,0.0,0.0,8.0,0.0,0.0,0.0,0.0,0.0,0.0,0.0,0.0,0.0,0.0,0.0,0.0,0.0,0.0,0.0,0.0,0.0,0.0,0.0,0.0,8.0,0.0,0.0,8.0,0.0,0.0,0.0,0.0,0.0,0.0,0.0,0.0,0.0,0.0,0.0,0.0,"Dec 31, 2018"
2539,2906038.0,21868.0,Wassit,Kut,Anwar Al Sadur,انوار الصدر,32.5235158988,45.8475112038,14.0,84.0,1.0,0.0,0.0,0.0,0.0,0.0,0.0,0.0,0.0,0.0,0.0,0.0,13.0,0.0,0.0,0.0,0.0,0.0,0.0,0.0,0.0,0.0,0.0,0.0,0.0,0.0,14.0,0.0,0.0,14.0,0.0,0.0,0.0,0.0,0.0,0.0,0.0,0.0,0.0,0.0,1.0,0.0,13.0,1.0,0.0,13.0,0.0,0.0,0.0,0.0,0.0,0.0,0.0,0.0,0.0,0.0,"Dec 31, 2018"
2540,2906039.0,25322.0,Wassit,Kut,Anwar Al Sadur-Al-Ghader,انوار الصدر-الغدير,32.5131732965,45.8401989914,13.0,78.0,0.0,0.0,0.0,0.0,0.0,0.0,0.0,0.0,0.0,0.0,0.0,0.0,13.0,0.0,0.0,0.0,0.0,0.0,0.0,0.0,0.0,0.0,0.0,0.0,0.0,0.0,13.0,0.0,0.0,13.0,0.0,0.0,0.0,0.0,0.0,0.0,0.0,0.0,0.0,0.0,10.0,0.0,0.0,10.0,3.0,0.0,0.0,3.0,0.0,0.0,0.0,0.0,0.0,0.0,0.0,0.0,"Dec 31, 2018"
2541,2906040.0,19555.0,Wassit,Kut,Damook 150,داموك 150,32.5316125328,45.821034634,38.0,228.0,0.0,0.0,0.0,0.0,0.0,8.0,0.0,0.0,10.0,0.0,0.0,0.0,10.0,0.0,10.0,0.0,0.0,0.0,0.0,0.0,0.0,0.0,0.0,0.0,0.0,3.0,35.0,3.0,0.0,35.0,0.0,0.0,0.0,0.0,0.0,0.0,0.0,0.0,0.0,0.0,18.0,0.0,20.0,18.0,0.0,20.0,0.0,0.0,0.0,0.0,0.0,0.0,0.0,0.0,0.0,0.0,"Dec 31, 2018"
2542,2906041.0,24758.0,Wassit,Kut,Damook Al-Dhbat,داموك الضباط,32.5327328961,45.8316635014,48.0,288.0,8.0,0.0,0.0,0.0,0.0,10.0,0.0,0.0,0.0,0.0,0.0,0.0,20.0,0.0,10.0,0.0,0.0,0.0,0.0,0.0,0.0,0.0,0.0,0.0,0.0,0.0,48.0,0.0,0.0,48.0,0.0,0.0,0.0,0.0,0.0,0.0,0.0,0.0,18.0,0.0,20.0,18.0,10.0,20.0,0.0,10.0,0.0,0.0,0.0,0.0,0.0,0.0,0.0,0.0,0.0,0.0,"Dec 31, 2018"
2543,2906042.0,19554.0,Wassit,Kut,Damook-Al-Hurriya,داموك الحرية,32.5375538407,45.8245379981,25.0,150.0,8.0,0.0,10.0,0.0,0.0,0.0,0.0,0.0,2.0,0.0,0.0,0.0,5.0,0.0,0.0,0.0,0.0,0.0,0.0,0.0,0.0,0.0,0.0,0.0,0.0,0.0,25.0,0.0,0.0,25.0,0.0,0.0,0.0,0.0,0.0,0.0,0.0,0.0,10.0,0.0,7.0,10.0,0.0,7.0,0.0,0.0,8.0,0.0,0.0,8.0,0.0,0.0,0.0,0.0,0.0,0.0,"Dec 31, 2018"
2544,2906043.0,19064.0,Wassit,Kut,Door al-Umal,دور العمال,32.5288961024,45.8222148821,12.0,72.0,0.0,0.0,0.0,0.0,0.0,0.0,0.0,0.0,0.0,0.0,0.0,0.0,12.0,0.0,0.0,0.0,0.0,0.0,0.0,0.0,0.0,0.0,0.0,0.0,0.0,4.0,8.0,4.0,0.0,8.0,0.0,0.0,0.0,0.0,0.0,0.0,0.0,0.0,0.0,0.0,12.0,0.0,0.0,12.0,0.0,0.0,0.0,0.0,0.0,0.0,0.0,0.0,0.0,0.0,0.0,0.0,"Dec 31, 2018"
2545,2906045.0,25317.0,Wassit,Kut,Hay Al-Emam Ali-2,حي الامام علي الثانيه,32.5133543321,45.813947639,7.0,42.0,1.0,0.0,0.0,0.0,0.0,2.0,0.0,0.0,1.0,0.0,0.0,0.0,3.0,0.0,0.0,0.0,0.0,0.0,0.0,0.0,0.0,0.0,0.0,0.0,0.0,0.0,7.0,0.0,0.0,7.0,0.0,0.0,0.0,0.0,0.0,0.0,0.0,0.0,0.0,0.0,3.0,0.0,4.0,3.0,0.0,4.0,0.0,0.0,0.0,0.0,0.0,0.0,0.0,0.0,0.0,0.0,"Dec 31, 2018"
2546,2906048.0,23703.0,Wassit,Kut,Al Hoqoqein,الحقوقيين,32.5390864197,45.826404023,26.0,156.0,0.0,0.0,0.0,0.0,0.0,0.0,0.0,0.0,0.0,0.0,0.0,0.0,26.0,0.0,0.0,0.0,0.0,0.0,0.0,0.0,0.0,0.0,0.0,0.0,0.0,0.0,26.0,0.0,0.0,26.0,0.0,0.0,0.0,0.0,0.0,0.0,0.0,0.0,0.0,0.0,0.0,0.0,0.0,0.0,26.0,0.0,0.0,26.0,0.0,0.0,0.0,0.0,0.0,0.0,0.0,0.0,"Dec 31, 2018"
2547,2906050.0,24262.0,Wassit,Kut,Hay Al Jawadeen Al-Ula,حي الجوادين الاولى,32.517205503,45.8444548128,17.0,102.0,4.0,0.0,0.0,0.0,0.0,0.0,0.0,0.0,0.0,0.0,0.0,0.0,13.0,0.0,0.0,0.0,0.0,0.0,0.0,0.0,0.0,0.0,0.0,0.0,0.0,3.0,14.0,3.0,0.0,14.0,0.0,0.0,0.0,0.0,0.0,0.0,0.0,0.0,0.0,0.0,13.0,0.0,0.0,13.0,0.0,0.0,4.0,0.0,0.0,4.0,0.0,0.0,0.0,0.0,0.0,0.0,"Dec 31, 2018"
2548,2906051.0,22693.0,Wassit,Kut,Al-Jihad-Al Thaqalain,الجهاد-الثقلين,32.4807578385,45.814300292,30.0,180.0,2.0,0.0,0.0,0.0,0.0,0.0,0.0,0.0,0.0,0.0,0.0,0.0,28.0,0.0,0.0,0.0,0.0,0.0,0.0,0.0,0.0,0.0,0.0,0.0,0.0,4.0,26.0,4.0,0.0,26.0,0.0,0.0,0.0,0.0,0.0,0.0,0.0,0.0,0.0,0.0,28.0,0.0,2.0,28.0,0.0,2.0,0.0,0.0,0.0,0.0,0.0,0.0,0.0,0.0,0.0,0.0,"Dec 31, 2018"
2549,2906052.0,23968.0,Wassit,Kut,Hay Al Wehda,حي الوحدة,32.5040388764,45.8319275842,8.0,48.0,0.0,0.0,0.0,0.0,0.0,0.0,0.0,0.0,0.0,0.0,0.0,0.0,8.0,0.0,0.0,0.0,0.0,0.0,0.0,0.0,0.0,0.0,0.0,0.0,0.0,0.0,8.0,0.0,0.0,8.0,0.0,0.0,0.0,0.0,0.0,0.0,0.0,0.0,0.0,0.0,0.0,0.0,8.0,0.0,0.0,8.0,0.0,0.0,0.0,0.0,0.0,0.0,0.0,0.0,0.0,0.0,"Dec 31, 2018"
2550,2906055.0,20872.0,Wassit,Kut,Hay Al-Hakeem,حي الحكيم,32.5390314701,45.8555222628,20.0,120.0,0.0,0.0,0.0,0.0,0.0,0.0,0.0,0.0,0.0,0.0,0.0,0.0,20.0,0.0,0.0,0.0,0.0,0.0,0.0,0.0,0.0,20.0,0.0,0.0,20.0,0.0,0.0,0.0,0.0,0.0,0.0,0.0,0.0,0.0,0.0,0.0,0.0,0.0,7.0,0.0,13.0,7.0,0.0,13.0,0.0,0.0,0.0,0.0,0.0,0.0,0.0,0.0,0.0,0.0,0.0,0.0,"Dec 31, 2018"
2551,2906056.0,24826.0,Wassit,Kut,Hay Al-Karar,حي الكرار,32.5268316355,45.8211332611,10.0,60.0,0.0,0.0,0.0,0.0,0.0,0.0,0.0,0.0,0.0,0.0,0.0,0.0,10.0,0.0,0.0,0.0,0.0,0.0,0.0,0.0,0.0,0.0,0.0,0.0,0.0,0.0,10.0,0.0,0.0,10.0,0.0,0.0,0.0,0.0,0.0,0.0,0.0,0.0,0.0,0.0,10.0,0.0,0.0,10.0,0.0,0.0,0.0,0.0,0.0,0.0,0.0,0.0,0.0,0.0,0.0,0.0,"Dec 31, 2018"
2552,2906058.0,19531.0,Wassit,Kut,Hay Al-Shuhadaa,حي الشهداء,32.5433752031,45.8269253866,20.0,120.0,3.0,0.0,0.0,0.0,0.0,0.0,0.0,0.0,0.0,0.0,0.0,0.0,17.0,0.0,0.0,0.0,0.0,0.0,0.0,0.0,0.0,0.0,0.0,0.0,0.0,4.0,16.0,4.0,0.0,16.0,0.0,0.0,0.0,0.0,0.0,0.0,0.0,0.0,3.0,0.0,17.0,3.0,0.0,17.0,0.0,0.0,0.0,0.0,0.0,0.0,0.0,0.0,0.0,0.0,0.0,0.0,"Dec 31, 2018"
2553,2906059.0,19070.0,Wassit,Kut,Hay al-zahraa,حي الزهراء,32.5229187399,45.8187023097,15.0,90.0,0.0,0.0,0.0,0.0,0.0,0.0,0.0,0.0,0.0,0.0,0.0,0.0,15.0,0.0,0.0,0.0,0.0,0.0,0.0,0.0,0.0,0.0,0.0,0.0,0.0,5.0,10.0,5.0,0.0,10.0,0.0,0.0,0.0,0.0,0.0,0.0,0.0,0.0,0.0,0.0,5.0,0.0,10.0,5.0,0.0,10.0,0.0,0.0,0.0,0.0,0.0,0.0,0.0,0.0,0.0,0.0,"Dec 31, 2018"
2554,2906061.0,24640.0,Wassit,Kut,Al-Jihad-Al-Zanabra,الجهاد-الزنابرة,32.4722262469,45.8122114661,16.0,96.0,0.0,0.0,0.0,0.0,0.0,0.0,0.0,0.0,0.0,0.0,0.0,0.0,16.0,0.0,0.0,0.0,0.0,0.0,0.0,0.0,0.0,0.0,0.0,0.0,0.0,0.0,16.0,0.0,0.0,16.0,0.0,0.0,0.0,0.0,0.0,0.0,0.0,0.0,0.0,0.0,16.0,0.0,0.0,16.0,0.0,0.0,0.0,0.0,0.0,0.0,0.0,0.0,0.0,0.0,0.0,0.0,"Dec 31, 2018"
2555,2906062.0,19541.0,Wassit,Kut,Khajia –Hay Al Rassol,الخاجية حي الرسول,32.5305209887,45.7968794059,35.0,210.0,13.0,0.0,0.0,0.0,0.0,0.0,0.0,0.0,0.0,0.0,0.0,0.0,12.0,0.0,10.0,0.0,0.0,0.0,0.0,0.0,0.0,0.0,0.0,0.0,0.0,0.0,35.0,0.0,0.0,35.0,0.0,0.0,0.0,0.0,0.0,0.0,0.0,0.0,1.0,0.0,23.0,1.0,10.0,23.0,0.0,10.0,0.0,0.0,0.0,0.0,1.0,0.0,0.0,1.0,0.0,0.0,"Dec 31, 2018"
2556,2906064.0,24787.0,Wassit,Kut,Sewada Said Shati,سوادة وسيد شاطي,32.5946979347,45.9477029755,20.0,120.0,0.0,0.0,0.0,0.0,0.0,0.0,0.0,0.0,0.0,0.0,0.0,0.0,18.0,0.0,2.0,0.0,0.0,0.0,0.0,3.0,0.0,0.0,0.0,0.0,0.0,5.0,12.0,5.0,0.0,12.0,0.0,0.0,0.0,0.0,0.0,0.0,0.0,0.0,0.0,0.0,20.0,0.0,0.0,20.0,0.0,0.0,0.0,0.0,0.0,0.0,0.0,0.0,0.0,0.0,0.0,0.0,"Dec 31, 2018"
2557,2906065.0,25107.0,Wassit,Kut,Sewada-Al-Baydhaa village,السوادة-قرية البيضاء,32.6529979722,46.0773995466,14.0,84.0,0.0,0.0,0.0,0.0,0.0,0.0,0.0,0.0,0.0,0.0,0.0,0.0,14.0,0.0,0.0,0.0,0.0,0.0,0.0,0.0,0.0,0.0,0.0,0.0,0.0,4.0,10.0,4.0,0.0,10.0,0.0,0.0,0.0,0.0,0.0,0.0,0.0,0.0,0.0,0.0,14.0,0.0,0.0,14.0,0.0,0.0,0.0,0.0,0.0,0.0,0.0,0.0,0.0,0.0,0.0,0.0,"Dec 31, 2018"
2558,2906067.0,18435.0,Wassit,Kut,Shaikh Saad,شيخ سعد,32.5659209372,46.2745914235,5.0,30.0,0.0,0.0,0.0,0.0,0.0,0.0,0.0,0.0,0.0,0.0,0.0,0.0,5.0,0.0,0.0,0.0,0.0,0.0,0.0,2.0,0.0,0.0,0.0,0.0,0.0,3.0,0.0,3.0,0.0,0.0,0.0,0.0,0.0,0.0,0.0,0.0,0.0,0.0,0.0,0.0,0.0,0.0,5.0,0.0,0.0,5.0,0.0,0.0,0.0,0.0,0.0,0.0,0.0,0.0,0.0,0.0,"Dec 31, 2018"
2559,2906068.0,19551.0,Wassit,Kut,Technical Institute,معهد فني ,32.4506221244,45.9028489203,19.0,114.0,0.0,0.0,0.0,0.0,0.0,0.0,0.0,0.0,0.0,0.0,0.0,0.0,19.0,0.0,0.0,0.0,0.0,0.0,0.0,0.0,0.0,0.0,0.0,0.0,0.0,6.0,13.0,6.0,0.0,13.0,0.0,0.0,0.0,0.0,0.0,0.0,0.0,0.0,0.0,0.0,19.0,0.0,0.0,19.0,0.0,0.0,0.0,0.0,0.0,0.0,0.0,0.0,0.0,0.0,0.0,0.0,"Dec 31, 2018"
2560,2906069.0,20948.0,Wassit,Kut,Um Hulail Village,ام هليل,32.5315482091,45.7644747378,25.0,150.0,0.0,0.0,0.0,0.0,0.0,0.0,0.0,0.0,0.0,0.0,0.0,0.0,25.0,0.0,0.0,0.0,0.0,0.0,0.0,5.0,0.0,0.0,0.0,0.0,0.0,0.0,20.0,0.0,0.0,20.0,0.0,0.0,0.0,0.0,0.0,0.0,0.0,0.0,0.0,0.0,12.0,0.0,0.0,12.0,13.0,0.0,0.0,13.0,0.0,0.0,0.0,0.0,0.0,0.0,0.0,0.0,"Dec 31, 2018"
2561,2906070.0,27275.0,Wassit,Kut,Al-Hassan Al-Askari Al-Thania,الحسن العسكري الثانيه,32.5324789235,45.7912212,25.0,150.0,0.0,0.0,0.0,0.0,0.0,10.0,0.0,0.0,0.0,0.0,0.0,0.0,15.0,0.0,0.0,0.0,0.0,0.0,0.0,0.0,0.0,0.0,0.0,0.0,0.0,0.0,25.0,0.0,0.0,25.0,0.0,0.0,0.0,0.0,0.0,0.0,0.0,0.0,0.0,0.0,25.0,0.0,0.0,25.0,0.0,0.0,0.0,0.0,0.0,0.0,0.0,0.0,0.0,0.0,0.0,0.0,"Dec 31, 2018"
2562,2906071.0,27276.0,Wassit,Kut,Al-Umarat-Al-Mutamaizeen,العمارات المتميزين,32.5177429718,45.8017850636,64.0,384.0,0.0,0.0,0.0,0.0,0.0,9.0,0.0,0.0,0.0,0.0,0.0,0.0,50.0,0.0,5.0,0.0,0.0,0.0,0.0,0.0,0.0,0.0,0.0,0.0,0.0,0.0,64.0,0.0,0.0,64.0,0.0,0.0,0.0,0.0,0.0,0.0,0.0,0.0,0.0,0.0,63.0,0.0,1.0,63.0,0.0,1.0,0.0,0.0,0.0,0.0,0.0,0.0,0.0,0.0,0.0,0.0,"Dec 31, 2018"
2563,2906072.0,27277.0,Wassit,Kut,Al Hakeem Al-Ula,الحكيم الأولى,32.529881711,45.8396483069,14.0,84.0,0.0,0.0,0.0,0.0,0.0,0.0,0.0,0.0,0.0,0.0,0.0,0.0,14.0,0.0,0.0,0.0,0.0,0.0,0.0,0.0,0.0,0.0,0.0,0.0,0.0,0.0,14.0,0.0,0.0,14.0,0.0,0.0,0.0,0.0,0.0,0.0,0.0,0.0,0.0,0.0,14.0,0.0,0.0,14.0,0.0,0.0,0.0,0.0,0.0,0.0,0.0,0.0,0.0,0.0,0.0,0.0,"Dec 31, 2018"
2564,2906073.0,27278.0,Wassit,Kut,Al Hakeem Al-Thania,الحكيم الثانيه,32.5358911059,45.8570799654,12.0,72.0,0.0,0.0,0.0,0.0,0.0,0.0,0.0,0.0,0.0,0.0,0.0,0.0,12.0,0.0,0.0,0.0,0.0,0.0,0.0,0.0,0.0,0.0,0.0,0.0,0.0,0.0,12.0,0.0,0.0,12.0,0.0,0.0,0.0,0.0,0.0,0.0,0.0,0.0,0.0,0.0,12.0,0.0,0.0,12.0,0.0,0.0,0.0,0.0,0.0,0.0,0.0,0.0,0.0,0.0,0.0,0.0,"Dec 31, 2018"
2565,2906074.0,27383.0,Wassit,Kut,Hay Al Jawadeen Al-Thalitha,حي الجوادين الثالثه,32.5110396113,45.8569685935,15.0,90.0,0.0,0.0,0.0,0.0,0.0,0.0,0.0,0.0,0.0,0.0,0.0,0.0,15.0,0.0,0.0,0.0,0.0,0.0,0.0,0.0,0.0,0.0,0.0,0.0,0.0,0.0,15.0,0.0,0.0,15.0,0.0,0.0,0.0,0.0,0.0,0.0,0.0,0.0,0.0,0.0,15.0,0.0,0.0,15.0,0.0,0.0,0.0,0.0,0.0,0.0,0.0,0.0,0.0,0.0,0.0,0.0,"Dec 31, 2018"
2566,3101001.0,24228.0,Basrah,Abu Al-Khaseeb,Abo Jawzy,البصرة-ابو الخصيب-ابو الجوزي,30.48193639,47.8625267013,1.0,6.0,1.0,0.0,0.0,0.0,0.0,0.0,0.0,0.0,0.0,0.0,0.0,0.0,0.0,0.0,0.0,0.0,0.0,0.0,0.0,0.0,0.0,0.0,0.0,0.0,0.0,0.0,1.0,0.0,0.0,1.0,0.0,0.0,0.0,0.0,0.0,0.0,0.0,0.0,0.0,0.0,1.0,0.0,0.0,1.0,0.0,0.0,0.0,0.0,0.0,0.0,0.0,0.0,0.0,0.0,0.0,0.0,"Dec 31, 2018"
2567,3101002.0,792.0,Basrah,Abu Al-Khaseeb,Abu flos,البصرة-ابو الخصيب-ابو فلوس,30.4411107787,48.0137107922,2.0,12.0,2.0,0.0,0.0,0.0,0.0,0.0,0.0,0.0,0.0,0.0,0.0,0.0,0.0,0.0,0.0,0.0,0.0,0.0,0.0,1.0,0.0,0.0,0.0,0.0,0.0,0.0,1.0,0.0,0.0,1.0,0.0,0.0,0.0,0.0,0.0,0.0,0.0,0.0,2.0,0.0,0.0,2.0,0.0,0.0,0.0,0.0,0.0,0.0,0.0,0.0,0.0,0.0,0.0,0.0,0.0,0.0,"Dec 31, 2018"
2568,3101003.0,25540.0,Basrah,Abu Al-Khaseeb,Abu Kusra,ابو كوصره,30.4417453525,47.9594889265,6.0,36.0,3.0,0.0,0.0,0.0,0.0,0.0,0.0,0.0,0.0,0.0,0.0,0.0,0.0,0.0,3.0,0.0,0.0,0.0,0.0,3.0,0.0,0.0,0.0,0.0,0.0,0.0,3.0,0.0,0.0,3.0,0.0,0.0,0.0,0.0,0.0,0.0,0.0,0.0,2.0,0.0,1.0,2.0,0.0,1.0,2.0,0.0,0.0,2.0,0.0,0.0,1.0,0.0,0.0,1.0,0.0,0.0,"Dec 31, 2018"
2569,3101004.0,601.0,Basrah,Abu Al-Khaseeb,Abu magheera,ابو مغيره,30.4606054712,47.9612413976,3.0,18.0,0.0,0.0,0.0,0.0,0.0,0.0,0.0,0.0,0.0,0.0,0.0,0.0,0.0,0.0,3.0,0.0,0.0,0.0,0.0,3.0,0.0,0.0,0.0,0.0,0.0,0.0,0.0,0.0,0.0,0.0,0.0,0.0,0.0,0.0,0.0,0.0,0.0,0.0,0.0,0.0,3.0,0.0,0.0,3.0,0.0,0.0,0.0,0.0,0.0,0.0,0.0,0.0,0.0,0.0,0.0,0.0,"Dec 31, 2018"
2570,3101005.0,25970.0,Basrah,Abu Al-Khaseeb,Al Ibraheem,ال ابراهيم,30.4496837503,47.986187425,7.0,42.0,2.0,0.0,0.0,0.0,0.0,1.0,0.0,0.0,1.0,0.0,0.0,0.0,2.0,0.0,1.0,0.0,0.0,0.0,0.0,1.0,0.0,0.0,0.0,0.0,0.0,0.0,6.0,0.0,0.0,6.0,0.0,0.0,0.0,0.0,0.0,0.0,0.0,0.0,0.0,0.0,4.0,0.0,1.0,4.0,1.0,1.0,1.0,1.0,0.0,1.0,0.0,0.0,0.0,0.0,0.0,0.0,"Dec 31, 2018"
2571,3101007.0,23896.0,Basrah,Abu Al-Khaseeb,Al-Abdaliyan,البصرة-ابو الخصيب-العبدليان,30.4763338647,47.8662181397,2.0,12.0,2.0,0.0,0.0,0.0,0.0,0.0,0.0,0.0,0.0,0.0,0.0,0.0,0.0,0.0,0.0,0.0,0.0,0.0,0.0,2.0,0.0,0.0,0.0,0.0,0.0,0.0,0.0,0.0,0.0,0.0,0.0,0.0,0.0,0.0,0.0,0.0,0.0,0.0,2.0,0.0,0.0,2.0,0.0,0.0,0.0,0.0,0.0,0.0,0.0,0.0,0.0,0.0,0.0,0.0,0.0,0.0,"Dec 31, 2018"
2572,3101008.0,23895.0,Basrah,Abu Al-Khaseeb,Al-Awjah,البصرة-ابو الخصيب-العوجه,30.433843588,47.9649323977,7.0,42.0,2.0,0.0,0.0,0.0,0.0,0.0,0.0,0.0,0.0,0.0,0.0,0.0,2.0,0.0,3.0,0.0,0.0,0.0,0.0,3.0,0.0,0.0,0.0,0.0,0.0,0.0,4.0,0.0,0.0,4.0,0.0,0.0,0.0,0.0,0.0,0.0,0.0,0.0,0.0,0.0,2.0,0.0,3.0,2.0,1.0,3.0,0.0,1.0,0.0,0.0,1.0,0.0,0.0,1.0,0.0,0.0,"Dec 31, 2018"
2573,3101009.0,587.0,Basrah,Abu Al-Khaseeb,Al-bahadria,البهادرية ,30.4722638405,47.867014551,6.0,36.0,0.0,0.0,0.0,0.0,0.0,1.0,0.0,0.0,3.0,0.0,0.0,0.0,2.0,0.0,0.0,0.0,0.0,0.0,0.0,1.0,0.0,0.0,0.0,0.0,0.0,0.0,5.0,0.0,0.0,5.0,0.0,0.0,0.0,0.0,0.0,0.0,0.0,0.0,0.0,0.0,0.0,0.0,2.0,0.0,1.0,2.0,0.0,1.0,1.0,0.0,2.0,1.0,0.0,2.0,0.0,0.0,"Dec 31, 2018"
2574,3101010.0,780.0,Basrah,Abu Al-Khaseeb,Al-Dhaheeria,ظاهرية,30.4327220587,47.9703892242,5.0,30.0,5.0,0.0,0.0,0.0,0.0,0.0,0.0,0.0,0.0,0.0,0.0,0.0,0.0,0.0,0.0,0.0,0.0,0.0,0.0,1.0,0.0,0.0,0.0,0.0,0.0,0.0,4.0,0.0,0.0,4.0,0.0,0.0,0.0,0.0,0.0,0.0,0.0,0.0,0.0,0.0,4.0,0.0,0.0,4.0,1.0,0.0,0.0,1.0,0.0,0.0,0.0,0.0,0.0,0.0,0.0,0.0,"Dec 31, 2018"
2575,3101011.0,820.0,Basrah,Abu Al-Khaseeb,Al-jadida,البصرة-ابو الخصيب-الجُديدا,30.4507608144,47.9042637662,5.0,30.0,2.0,0.0,0.0,0.0,0.0,0.0,0.0,0.0,0.0,0.0,0.0,0.0,2.0,0.0,1.0,0.0,0.0,0.0,0.0,1.0,0.0,0.0,0.0,0.0,0.0,0.0,4.0,0.0,0.0,4.0,0.0,0.0,0.0,0.0,0.0,0.0,0.0,0.0,0.0,0.0,0.0,0.0,0.0,0.0,5.0,0.0,0.0,5.0,0.0,0.0,0.0,0.0,0.0,0.0,0.0,0.0,"Dec 31, 2018"
2576,3101012.0,607.0,Basrah,Abu Al-Khaseeb,Al-Sankar,الصنكر,30.4642247367,47.9412580586,4.0,24.0,1.0,0.0,0.0,0.0,0.0,0.0,0.0,0.0,0.0,0.0,0.0,0.0,1.0,0.0,2.0,0.0,0.0,0.0,0.0,2.0,0.0,0.0,0.0,0.0,0.0,0.0,2.0,0.0,0.0,2.0,0.0,0.0,0.0,0.0,0.0,0.0,0.0,0.0,0.0,0.0,1.0,0.0,1.0,1.0,0.0,1.0,0.0,0.0,0.0,0.0,2.0,0.0,0.0,2.0,0.0,0.0,"Dec 31, 2018"
2577,3101013.0,1307.0,Basrah,Abu Al-Khaseeb,Al-Sibiliat,السيبيليات,30.457114598,47.9506490704,6.0,36.0,1.0,0.0,1.0,0.0,0.0,1.0,0.0,0.0,0.0,0.0,0.0,0.0,2.0,0.0,1.0,0.0,0.0,0.0,0.0,3.0,0.0,0.0,0.0,0.0,0.0,0.0,3.0,0.0,0.0,3.0,0.0,0.0,0.0,0.0,0.0,0.0,0.0,0.0,0.0,0.0,0.0,0.0,0.0,0.0,4.0,0.0,0.0,4.0,0.0,0.0,2.0,0.0,0.0,2.0,0.0,0.0,"Dec 31, 2018"
2578,3101014.0,841.0,Basrah,Abu Al-Khaseeb,Awaisian,عويسيان,30.4846945568,47.8570778808,8.0,48.0,2.0,0.0,0.0,0.0,0.0,2.0,0.0,0.0,1.0,0.0,0.0,0.0,3.0,0.0,0.0,0.0,0.0,0.0,0.0,7.0,0.0,0.0,0.0,0.0,0.0,0.0,1.0,0.0,0.0,1.0,0.0,0.0,0.0,0.0,0.0,0.0,0.0,0.0,0.0,0.0,0.0,0.0,3.0,0.0,3.0,3.0,0.0,3.0,0.0,0.0,2.0,0.0,0.0,2.0,0.0,0.0,"Dec 31, 2018"
2579,3101015.0,809.0,Basrah,Abu Al-Khaseeb,Bab al-dabagh,باب دباغ,30.4451049014,47.995388753,6.0,36.0,1.0,0.0,0.0,0.0,0.0,0.0,0.0,0.0,3.0,0.0,0.0,0.0,1.0,0.0,1.0,0.0,0.0,0.0,0.0,5.0,0.0,0.0,0.0,0.0,0.0,0.0,1.0,0.0,0.0,1.0,0.0,0.0,0.0,0.0,0.0,0.0,0.0,0.0,0.0,0.0,4.0,0.0,0.0,4.0,0.0,0.0,2.0,0.0,0.0,2.0,0.0,0.0,0.0,0.0,0.0,0.0,"Dec 31, 2018"
2580,3101016.0,512.0,Basrah,Abu Al-Khaseeb,Bab midan,باب ميدان ,30.4567426685,47.9940957242,9.0,54.0,2.0,0.0,0.0,0.0,0.0,0.0,0.0,0.0,0.0,0.0,0.0,0.0,2.0,0.0,5.0,0.0,0.0,0.0,0.0,0.0,0.0,0.0,0.0,0.0,0.0,0.0,9.0,0.0,0.0,9.0,0.0,0.0,0.0,0.0,0.0,0.0,0.0,0.0,0.0,0.0,5.0,0.0,0.0,5.0,3.0,0.0,1.0,3.0,0.0,1.0,0.0,0.0,0.0,0.0,0.0,0.0,"Dec 31, 2018"
2581,3101017.0,811.0,Basrah,Abu Al-Khaseeb,Bab sulaiman,باب سليمان,30.4492257884,47.997116688,11.0,66.0,2.0,0.0,0.0,0.0,0.0,0.0,0.0,0.0,0.0,0.0,0.0,0.0,0.0,0.0,9.0,0.0,0.0,0.0,0.0,4.0,0.0,0.0,0.0,0.0,0.0,0.0,7.0,0.0,0.0,7.0,0.0,0.0,0.0,0.0,0.0,0.0,0.0,0.0,2.0,0.0,2.0,2.0,2.0,2.0,4.0,2.0,1.0,4.0,0.0,1.0,0.0,0.0,0.0,0.0,0.0,0.0,"Dec 31, 2018"
2582,3101018.0,797.0,Basrah,Abu Al-Khaseeb,Bab taweel,البصرة-ابو الخصيب-باب طويل,30.4386312772,47.9870524852,3.0,18.0,0.0,0.0,0.0,0.0,0.0,0.0,0.0,0.0,0.0,0.0,0.0,0.0,1.0,0.0,2.0,0.0,0.0,0.0,0.0,2.0,0.0,0.0,0.0,0.0,0.0,0.0,1.0,0.0,0.0,1.0,0.0,0.0,0.0,0.0,0.0,0.0,0.0,0.0,0.0,0.0,0.0,0.0,0.0,0.0,2.0,0.0,0.0,2.0,0.0,0.0,0.0,0.0,1.0,0.0,1.0,0.0,"Dec 31, 2018"
2583,3101019.0,20783.0,Basrah,Abu Al-Khaseeb,Balad Sultan,ابو الخصيب-بلد سلطان,30.4535116554,47.9894297577,2.0,12.0,0.0,0.0,0.0,0.0,0.0,0.0,0.0,0.0,0.0,0.0,0.0,0.0,2.0,0.0,0.0,0.0,0.0,0.0,0.0,0.0,0.0,0.0,0.0,0.0,0.0,0.0,2.0,0.0,0.0,2.0,0.0,0.0,0.0,0.0,0.0,0.0,0.0,0.0,0.0,0.0,2.0,0.0,0.0,2.0,0.0,0.0,0.0,0.0,0.0,0.0,0.0,0.0,0.0,0.0,0.0,0.0,"Dec 31, 2018"
2584,3101020.0,592.0,Basrah,Abu Al-Khaseeb,Darb Al-lebany,البصرة-ابو الخصيب-درب اللباني,30.4548816196,47.9791184982,1.0,6.0,0.0,0.0,0.0,0.0,0.0,0.0,0.0,0.0,0.0,0.0,0.0,0.0,1.0,0.0,0.0,0.0,0.0,0.0,0.0,1.0,0.0,0.0,0.0,0.0,0.0,0.0,0.0,0.0,0.0,0.0,0.0,0.0,0.0,0.0,0.0,0.0,0.0,0.0,0.0,0.0,0.0,0.0,0.0,0.0,1.0,0.0,0.0,1.0,0.0,0.0,0.0,0.0,0.0,0.0,0.0,0.0,"Dec 31, 2018"
2585,3101021.0,24480.0,Basrah,Abu Al-Khaseeb,Door Alasmeadh,البصرة-ابو الخصيب-دور الاسمدة,30.4445509462,48.0251211868,1.0,6.0,0.0,0.0,0.0,0.0,0.0,0.0,0.0,0.0,0.0,0.0,0.0,0.0,0.0,0.0,1.0,0.0,0.0,0.0,0.0,0.0,0.0,0.0,0.0,0.0,0.0,0.0,1.0,0.0,0.0,1.0,0.0,0.0,0.0,0.0,0.0,0.0,0.0,0.0,0.0,0.0,0.0,0.0,1.0,0.0,0.0,1.0,0.0,0.0,0.0,0.0,0.0,0.0,0.0,0.0,0.0,0.0,"Dec 31, 2018"
2586,3101022.0,381.0,Basrah,Abu Al-Khaseeb,Hamdan,البصرة-ابو الخصيب-حمدن,30.4567786411,47.8918025769,37.0,222.0,9.0,0.0,0.0,0.0,0.0,0.0,0.0,0.0,0.0,0.0,0.0,0.0,13.0,0.0,15.0,0.0,0.0,0.0,0.0,13.0,0.0,0.0,0.0,0.0,0.0,0.0,24.0,0.0,0.0,24.0,0.0,0.0,0.0,0.0,0.0,0.0,0.0,0.0,0.0,0.0,22.0,0.0,4.0,22.0,7.0,4.0,2.0,7.0,0.0,2.0,2.0,0.0,0.0,2.0,0.0,0.0,"Dec 31, 2018"
2587,3101023.0,505.0,Basrah,Abu Al-Khaseeb,Hay Al Askarye,الحي العسكري ,30.4403138728,47.9424084771,17.0,102.0,4.0,0.0,0.0,0.0,0.0,0.0,0.0,0.0,8.0,0.0,0.0,0.0,0.0,0.0,5.0,0.0,0.0,0.0,0.0,3.0,0.0,0.0,0.0,0.0,0.0,0.0,14.0,0.0,0.0,14.0,0.0,0.0,0.0,0.0,0.0,0.0,0.0,0.0,1.0,0.0,7.0,1.0,1.0,7.0,6.0,1.0,2.0,6.0,0.0,2.0,0.0,0.0,0.0,0.0,0.0,0.0,"Dec 31, 2018"
2588,3101024.0,24158.0,Basrah,Abu Al-Khaseeb,Kut Al Solhy,ابو الخصيب-كوت الصلحي,30.4477764913,47.9098156768,12.0,72.0,2.0,0.0,0.0,0.0,0.0,0.0,0.0,0.0,0.0,0.0,0.0,0.0,6.0,0.0,4.0,0.0,0.0,0.0,0.0,3.0,0.0,0.0,0.0,0.0,0.0,0.0,9.0,0.0,0.0,9.0,0.0,0.0,0.0,0.0,0.0,0.0,0.0,0.0,2.0,0.0,4.0,2.0,1.0,4.0,2.0,1.0,0.0,2.0,0.0,0.0,3.0,0.0,0.0,3.0,0.0,0.0,"Dec 31, 2018"
2589,3101025.0,813.0,Basrah,Abu Al-Khaseeb,Kut thewainy,كوت ثويني,30.4645974832,47.8908986936,1.0,6.0,0.0,0.0,0.0,0.0,0.0,0.0,0.0,0.0,0.0,0.0,0.0,0.0,0.0,0.0,1.0,0.0,0.0,0.0,0.0,1.0,0.0,0.0,0.0,0.0,0.0,0.0,0.0,0.0,0.0,0.0,0.0,0.0,0.0,0.0,0.0,0.0,0.0,0.0,0.0,0.0,1.0,0.0,0.0,1.0,0.0,0.0,0.0,0.0,0.0,0.0,0.0,0.0,0.0,0.0,0.0,0.0,"Dec 31, 2018"
2590,3101026.0,583.0,Basrah,Abu Al-Khaseeb,Mehila,محيلة,30.4608373133,47.9294944504,10.0,60.0,7.0,0.0,0.0,0.0,0.0,0.0,0.0,0.0,3.0,0.0,0.0,0.0,0.0,0.0,0.0,0.0,0.0,0.0,0.0,3.0,0.0,0.0,0.0,0.0,0.0,0.0,7.0,0.0,0.0,7.0,0.0,0.0,0.0,0.0,0.0,0.0,0.0,0.0,1.0,0.0,0.0,1.0,3.0,0.0,6.0,3.0,0.0,6.0,0.0,0.0,0.0,0.0,0.0,0.0,0.0,0.0,"Dec 31, 2018"
2591,3101027.0,24526.0,Basrah,Abu Al-Khaseeb,Mhjeran,مهيجران,30.46856738,47.8794947933,12.0,72.0,1.0,0.0,1.0,0.0,0.0,0.0,0.0,0.0,0.0,0.0,0.0,0.0,4.0,0.0,6.0,0.0,0.0,0.0,0.0,2.0,0.0,0.0,0.0,0.0,0.0,0.0,10.0,0.0,0.0,10.0,0.0,0.0,0.0,0.0,0.0,0.0,0.0,0.0,0.0,0.0,3.0,0.0,3.0,3.0,5.0,3.0,0.0,5.0,0.0,0.0,0.0,0.0,1.0,0.0,1.0,0.0,"Dec 31, 2018"
2592,3101028.0,599.0,Basrah,Abu Al-Khaseeb,Nahir khuz,نهر خوز,30.4570987869,47.969832475,2.0,12.0,1.0,0.0,0.0,0.0,0.0,0.0,0.0,0.0,0.0,0.0,0.0,0.0,1.0,0.0,0.0,0.0,0.0,0.0,0.0,1.0,0.0,0.0,0.0,0.0,0.0,0.0,1.0,0.0,0.0,1.0,0.0,0.0,0.0,0.0,0.0,0.0,0.0,0.0,1.0,0.0,0.0,1.0,0.0,0.0,0.0,0.0,0.0,0.0,0.0,0.0,1.0,0.0,0.0,1.0,0.0,0.0,"Dec 31, 2018"
2593,3101030.0,622.0,Basrah,Abu Al-Khaseeb,Yousifan,البصرة-ابو الخصيب-يوسفان,30.4710742651,47.8973959119,7.0,42.0,4.0,0.0,0.0,0.0,0.0,0.0,0.0,0.0,0.0,0.0,0.0,0.0,0.0,0.0,3.0,0.0,0.0,0.0,0.0,2.0,0.0,0.0,0.0,0.0,0.0,0.0,4.0,0.0,0.0,4.0,0.0,0.0,1.0,0.0,0.0,1.0,0.0,0.0,1.0,0.0,1.0,1.0,0.0,1.0,5.0,0.0,0.0,5.0,0.0,0.0,0.0,0.0,0.0,0.0,0.0,0.0,"Dec 31, 2018"
2594,3101032.0,834.0,Basrah,Abu Al-Khaseeb,Al-romia,الرومية,30.4570548101,47.9166111352,6.0,36.0,3.0,0.0,0.0,0.0,0.0,0.0,0.0,0.0,0.0,0.0,0.0,0.0,0.0,0.0,3.0,0.0,0.0,0.0,0.0,3.0,0.0,0.0,0.0,0.0,0.0,0.0,3.0,0.0,0.0,3.0,0.0,0.0,0.0,0.0,0.0,0.0,0.0,0.0,0.0,0.0,1.0,0.0,0.0,1.0,5.0,0.0,0.0,5.0,0.0,0.0,0.0,0.0,0.0,0.0,0.0,0.0,"Dec 31, 2018"
2595,3101034.0,793.0,Basrah,Abu Al-Khaseeb,Al-Nizelah,النزيلة ,30.4371809627,47.9773122655,4.0,24.0,0.0,0.0,0.0,0.0,0.0,0.0,0.0,0.0,0.0,0.0,0.0,0.0,2.0,0.0,2.0,0.0,0.0,0.0,0.0,1.0,0.0,0.0,0.0,0.0,0.0,0.0,3.0,0.0,0.0,3.0,0.0,0.0,0.0,0.0,0.0,0.0,0.0,0.0,0.0,0.0,0.0,0.0,0.0,0.0,0.0,0.0,3.0,0.0,0.0,3.0,0.0,0.0,1.0,0.0,1.0,0.0,"Dec 31, 2018"
2596,3101035.0,22266.0,Basrah,Abu Al-Khaseeb,Markas AlSiba ,مركز السيبة ,30.3192201772,48.2451421267,2.0,12.0,0.0,0.0,0.0,0.0,0.0,0.0,0.0,0.0,0.0,0.0,0.0,0.0,2.0,0.0,0.0,0.0,0.0,0.0,0.0,2.0,0.0,0.0,0.0,0.0,0.0,0.0,0.0,0.0,0.0,0.0,0.0,0.0,0.0,0.0,0.0,0.0,0.0,0.0,0.0,0.0,0.0,0.0,2.0,0.0,0.0,2.0,0.0,0.0,0.0,0.0,0.0,0.0,0.0,0.0,0.0,0.0,"Dec 31, 2018"
2597,3101036.0,835.0,Basrah,Abu Al-Khaseeb,Jekor,جيكور,30.4537057144,48.003661196,1.0,6.0,0.0,0.0,0.0,0.0,0.0,0.0,0.0,0.0,0.0,0.0,0.0,0.0,0.0,0.0,1.0,0.0,0.0,0.0,0.0,0.0,0.0,0.0,0.0,0.0,0.0,0.0,1.0,0.0,0.0,1.0,0.0,0.0,0.0,0.0,0.0,0.0,0.0,0.0,0.0,0.0,1.0,0.0,0.0,1.0,0.0,0.0,0.0,0.0,0.0,0.0,0.0,0.0,0.0,0.0,0.0,0.0,"Dec 31, 2018"
2598,3101037.0,832.0,Basrah,Abu Al-Khaseeb,Jelab,جلاب,30.4521003374,47.9910151903,4.0,24.0,2.0,0.0,0.0,0.0,0.0,0.0,0.0,0.0,0.0,0.0,0.0,0.0,0.0,0.0,2.0,0.0,0.0,0.0,0.0,0.0,0.0,0.0,0.0,0.0,0.0,0.0,4.0,0.0,0.0,4.0,0.0,0.0,0.0,0.0,0.0,0.0,0.0,0.0,2.0,0.0,0.0,2.0,0.0,0.0,2.0,0.0,0.0,2.0,0.0,0.0,0.0,0.0,0.0,0.0,0.0,0.0,"Dec 31, 2018"
2599,3102001.0,1168.0,Basrah,Al-Midaina,Abo Shaoui,ابو شاوي,30.9429956,47.2590658729,7.0,42.0,0.0,0.0,0.0,0.0,0.0,2.0,0.0,0.0,0.0,0.0,0.0,0.0,2.0,0.0,3.0,0.0,0.0,0.0,0.0,1.0,0.0,0.0,0.0,0.0,0.0,0.0,6.0,0.0,0.0,6.0,0.0,0.0,0.0,0.0,0.0,0.0,0.0,0.0,0.0,0.0,2.0,0.0,0.0,2.0,4.0,0.0,0.0,4.0,1.0,0.0,0.0,1.0,0.0,0.0,0.0,0.0,"Dec 31, 2018"
2600,3102003.0,24921.0,Basrah,Al-Midaina,Al Khas,الخاص,30.9668686,47.300004883,12.0,72.0,0.0,0.0,0.0,0.0,0.0,0.0,0.0,0.0,0.0,0.0,0.0,0.0,0.0,0.0,12.0,0.0,0.0,0.0,0.0,0.0,0.0,0.0,0.0,0.0,0.0,0.0,12.0,0.0,0.0,12.0,0.0,0.0,0.0,0.0,0.0,0.0,0.0,0.0,0.0,0.0,0.0,0.0,3.0,0.0,9.0,3.0,0.0,9.0,0.0,0.0,0.0,0.0,0.0,0.0,0.0,0.0,"Dec 31, 2018"
2601,3102004.0,1202.0,Basrah,Al-Midaina,Al-a_wijah,العويجة,30.9777101,47.3256065,1.0,6.0,0.0,0.0,0.0,0.0,0.0,0.0,0.0,0.0,0.0,0.0,0.0,0.0,1.0,0.0,0.0,0.0,0.0,0.0,0.0,1.0,0.0,0.0,0.0,0.0,0.0,0.0,0.0,0.0,0.0,0.0,0.0,0.0,0.0,0.0,0.0,0.0,0.0,0.0,1.0,0.0,0.0,1.0,0.0,0.0,0.0,0.0,0.0,0.0,0.0,0.0,0.0,0.0,0.0,0.0,0.0,0.0,"Dec 31, 2018"
2602,3102005.0,1120.0,Basrah,Al-Midaina,Al-rahmaniyah,الرحمانية ,30.9278035,47.2966460109,9.0,54.0,1.0,0.0,0.0,0.0,0.0,0.0,0.0,0.0,1.0,0.0,0.0,0.0,2.0,0.0,5.0,0.0,0.0,0.0,0.0,3.0,0.0,0.0,0.0,0.0,0.0,0.0,6.0,0.0,0.0,6.0,0.0,0.0,0.0,0.0,0.0,0.0,0.0,0.0,0.0,0.0,0.0,0.0,6.0,0.0,3.0,6.0,0.0,3.0,0.0,0.0,0.0,0.0,0.0,0.0,0.0,0.0,"Dec 31, 2018"
2603,3102006.0,354.0,Basrah,Al-Midaina,Badran,البصرة-المدينة-البدران,30.9384589,47.2608006,1.0,6.0,0.0,0.0,0.0,0.0,0.0,0.0,0.0,0.0,0.0,0.0,0.0,0.0,1.0,0.0,0.0,0.0,0.0,0.0,0.0,0.0,0.0,0.0,0.0,0.0,0.0,0.0,1.0,0.0,0.0,1.0,0.0,0.0,0.0,0.0,0.0,0.0,0.0,0.0,0.0,0.0,1.0,0.0,0.0,1.0,0.0,0.0,0.0,0.0,0.0,0.0,0.0,0.0,0.0,0.0,0.0,0.0,"Dec 31, 2018"
2604,3102010.0,491.0,Basrah,Al-Midaina,Shuwayj,ام الشويج,31.0012726,47.2628657939,7.0,42.0,0.0,0.0,0.0,0.0,0.0,0.0,0.0,0.0,0.0,0.0,0.0,0.0,0.0,0.0,7.0,0.0,0.0,0.0,0.0,0.0,0.0,0.0,0.0,0.0,0.0,0.0,7.0,0.0,0.0,7.0,0.0,0.0,0.0,0.0,0.0,0.0,0.0,0.0,0.0,0.0,0.0,0.0,5.0,0.0,2.0,5.0,0.0,2.0,0.0,0.0,0.0,0.0,0.0,0.0,0.0,0.0,"Dec 31, 2018"
2605,3102011.0,1129.0,Basrah,Al-Midaina,Alwan,مدينة-العلوان,30.9322847,47.2757481,4.0,24.0,0.0,0.0,0.0,0.0,0.0,0.0,0.0,0.0,0.0,0.0,0.0,0.0,4.0,0.0,0.0,0.0,0.0,0.0,0.0,2.0,0.0,0.0,0.0,0.0,0.0,0.0,2.0,0.0,0.0,2.0,0.0,0.0,0.0,0.0,0.0,0.0,0.0,0.0,0.0,0.0,0.0,0.0,1.0,0.0,0.0,1.0,2.0,0.0,1.0,2.0,0.0,1.0,0.0,0.0,0.0,0.0,"Dec 31, 2018"
2606,3102014.0,29633.0,Basrah,Al-Midaina,Abuv Ghazlan,ابو غزلان,30.9272391,47.2564387,1.0,6.0,0.0,0.0,0.0,0.0,0.0,0.0,0.0,0.0,0.0,0.0,0.0,0.0,0.0,0.0,1.0,0.0,0.0,0.0,0.0,1.0,0.0,0.0,0.0,0.0,0.0,0.0,0.0,0.0,0.0,0.0,0.0,0.0,0.0,0.0,0.0,0.0,0.0,0.0,0.0,0.0,0.0,0.0,0.0,0.0,1.0,0.0,0.0,1.0,0.0,0.0,0.0,0.0,0.0,0.0,0.0,0.0,"Dec 31, 2018"
2607,3103002.0,25014.0,Basrah,Al-Qurna,Al Dair-Al Zahra,الدير-حي الزهراء,30.7991975,47.5786108,1.0,6.0,0.0,0.0,0.0,0.0,0.0,0.0,0.0,0.0,0.0,0.0,0.0,0.0,1.0,0.0,0.0,0.0,0.0,0.0,0.0,0.0,0.0,0.0,0.0,0.0,0.0,0.0,1.0,0.0,0.0,1.0,0.0,0.0,0.0,0.0,0.0,0.0,0.0,0.0,0.0,0.0,0.0,0.0,0.0,0.0,0.0,0.0,1.0,0.0,0.0,1.0,0.0,0.0,0.0,0.0,0.0,0.0,"Dec 31, 2018"
2608,3103003.0,25012.0,Basrah,Al-Qurna,Al Jelaa,البصره-القرنه-الجلعه,30.9743946,47.4509208572,11.0,66.0,1.0,0.0,0.0,0.0,0.0,0.0,0.0,0.0,4.0,0.0,0.0,0.0,1.0,0.0,5.0,0.0,0.0,0.0,0.0,4.0,0.0,0.0,0.0,0.0,0.0,0.0,7.0,0.0,0.0,7.0,0.0,0.0,0.0,0.0,0.0,0.0,0.0,0.0,1.0,0.0,1.0,1.0,4.0,1.0,3.0,4.0,2.0,3.0,0.0,2.0,0.0,0.0,0.0,0.0,0.0,0.0,"Dec 31, 2018"
2609,3103008.0,1251.0,Basrah,Al-Qurna,Al Thagar-Al-Nekhelat,الثغر-النخيلات,31.1018199,47.4256345,4.0,24.0,0.0,4.0,0.0,0.0,0.0,0.0,0.0,0.0,0.0,0.0,0.0,0.0,0.0,0.0,0.0,0.0,0.0,0.0,0.0,4.0,0.0,0.0,0.0,0.0,0.0,0.0,0.0,0.0,0.0,0.0,0.0,0.0,0.0,0.0,0.0,0.0,0.0,0.0,0.0,0.0,0.0,0.0,4.0,0.0,0.0,4.0,0.0,0.0,0.0,0.0,0.0,0.0,0.0,0.0,0.0,0.0,"Dec 31, 2018"
2610,3103009.0,25013.0,Basrah,Al-Qurna,Al-Dair Al Imam Al Abas,الدير-حي الامام العباس,30.7975698,47.5787076,1.0,6.0,0.0,0.0,0.0,0.0,0.0,0.0,0.0,0.0,0.0,0.0,0.0,0.0,1.0,0.0,0.0,0.0,0.0,0.0,0.0,1.0,0.0,0.0,0.0,0.0,0.0,0.0,0.0,0.0,0.0,0.0,0.0,0.0,0.0,0.0,0.0,0.0,0.0,0.0,0.0,0.0,0.0,0.0,0.0,0.0,1.0,0.0,0.0,1.0,0.0,0.0,0.0,0.0,0.0,0.0,0.0,0.0,"Dec 31, 2018"
2611,3103010.0,1239.0,Basrah,Al-Qurna,Al-mezearah,القرنة-المزيرعة ,31.0064472,47.451953,2.0,12.0,0.0,0.0,0.0,0.0,0.0,0.0,0.0,0.0,1.0,0.0,0.0,0.0,0.0,0.0,1.0,0.0,0.0,0.0,0.0,2.0,0.0,0.0,0.0,0.0,0.0,0.0,0.0,0.0,0.0,0.0,0.0,0.0,0.0,0.0,0.0,0.0,0.0,0.0,0.0,0.0,0.0,0.0,1.0,0.0,1.0,1.0,0.0,1.0,0.0,0.0,0.0,0.0,0.0,0.0,0.0,0.0,"Dec 31, 2018"
2612,3103011.0,1241.0,Basrah,Al-Qurna,Al-nehairat,النهيرات,31.0214896,47.4327203636,5.0,30.0,0.0,0.0,0.0,0.0,0.0,0.0,0.0,0.0,4.0,0.0,0.0,0.0,1.0,0.0,0.0,0.0,0.0,0.0,0.0,0.0,0.0,0.0,0.0,0.0,0.0,0.0,5.0,0.0,0.0,5.0,0.0,0.0,0.0,0.0,0.0,0.0,0.0,0.0,0.0,0.0,0.0,0.0,3.0,0.0,2.0,3.0,0.0,2.0,0.0,0.0,0.0,0.0,0.0,0.0,0.0,0.0,"Dec 31, 2018"
2613,3103012.0,1236.0,Basrah,Al-Qurna,Al-nesaer,النصير,31.0116643,47.4257633,1.0,6.0,1.0,0.0,0.0,0.0,0.0,0.0,0.0,0.0,0.0,0.0,0.0,0.0,0.0,0.0,0.0,0.0,0.0,0.0,0.0,0.0,0.0,0.0,0.0,0.0,0.0,0.0,1.0,0.0,0.0,1.0,0.0,0.0,0.0,0.0,0.0,0.0,0.0,0.0,0.0,0.0,0.0,0.0,0.0,0.0,1.0,0.0,0.0,1.0,0.0,0.0,0.0,0.0,0.0,0.0,0.0,0.0,"Dec 31, 2018"
2614,3103013.0,1110.0,Basrah,Al-Qurna,Al-shannanh,الشنانه,30.9052966,47.4983116,1.0,6.0,0.0,0.0,0.0,0.0,0.0,0.0,0.0,0.0,1.0,0.0,0.0,0.0,0.0,0.0,0.0,0.0,0.0,0.0,0.0,1.0,0.0,0.0,0.0,0.0,0.0,0.0,0.0,0.0,0.0,0.0,0.0,0.0,0.0,0.0,0.0,0.0,0.0,0.0,0.0,0.0,0.0,0.0,0.0,0.0,1.0,0.0,0.0,1.0,0.0,0.0,0.0,0.0,0.0,0.0,0.0,0.0,"Dec 31, 2018"
2615,3103018.0,1240.0,Basrah,Al-Qurna,Hay al-juma_a,البصرة-القرنة-حي جمعة,31.0228364,47.4257866828,9.0,54.0,2.0,0.0,0.0,0.0,0.0,0.0,0.0,0.0,2.0,0.0,0.0,0.0,4.0,0.0,1.0,0.0,0.0,0.0,0.0,3.0,0.0,0.0,0.0,0.0,0.0,0.0,6.0,0.0,0.0,6.0,0.0,0.0,0.0,0.0,0.0,0.0,0.0,0.0,1.0,0.0,2.0,1.0,4.0,2.0,1.0,4.0,1.0,1.0,0.0,1.0,0.0,0.0,0.0,0.0,0.0,0.0,"Dec 31, 2018"
2616,3103019.0,25224.0,Basrah,Al-Qurna,Hay Al-Rabeaa,حي الربيع,30.7931509,47.5770571,1.0,6.0,0.0,0.0,0.0,0.0,0.0,0.0,0.0,0.0,0.0,0.0,0.0,0.0,1.0,0.0,0.0,0.0,0.0,0.0,0.0,0.0,0.0,0.0,0.0,0.0,0.0,0.0,1.0,0.0,0.0,1.0,0.0,0.0,0.0,0.0,0.0,0.0,0.0,0.0,0.0,0.0,0.0,0.0,0.0,0.0,1.0,0.0,0.0,1.0,0.0,0.0,0.0,0.0,0.0,0.0,0.0,0.0,"Dec 31, 2018"
2617,3103023.0,28406.0,Basrah,Al-Qurna,Al Dair-Hay Al-Amil,الدير-حي العامل,30.7193883,47.7179978433,6.0,36.0,2.0,0.0,0.0,0.0,0.0,0.0,0.0,0.0,2.0,0.0,0.0,0.0,1.0,0.0,1.0,0.0,0.0,0.0,0.0,2.0,0.0,0.0,0.0,0.0,0.0,0.0,4.0,0.0,0.0,4.0,0.0,0.0,0.0,0.0,0.0,0.0,0.0,0.0,0.0,0.0,0.0,0.0,4.0,0.0,1.0,4.0,1.0,1.0,0.0,1.0,0.0,0.0,0.0,0.0,0.0,0.0,"Dec 31, 2018"
2618,3103024.0,28407.0,Basrah,Al-Qurna,Al Sharsh Shalhat Al-Hassan,الشرش-شلهة الحسن,30.9527657,47.4561057836,6.0,36.0,0.0,0.0,0.0,0.0,0.0,0.0,0.0,0.0,0.0,0.0,0.0,0.0,1.0,0.0,5.0,0.0,0.0,0.0,0.0,1.0,0.0,0.0,0.0,0.0,0.0,0.0,5.0,0.0,0.0,5.0,0.0,0.0,0.0,0.0,0.0,0.0,0.0,0.0,0.0,0.0,1.0,0.0,2.0,1.0,3.0,2.0,0.0,3.0,0.0,0.0,0.0,0.0,0.0,0.0,0.0,0.0,"Dec 31, 2018"
2619,3103025.0,29577.0,Basrah,Al-Qurna,Al Dair-Al-sharamkha,الدير-الشرامخة,30.8386162,47.545998,1.0,6.0,0.0,0.0,0.0,0.0,0.0,1.0,0.0,0.0,0.0,0.0,0.0,0.0,0.0,0.0,0.0,0.0,0.0,0.0,0.0,0.0,0.0,0.0,0.0,0.0,0.0,0.0,1.0,0.0,0.0,1.0,0.0,0.0,0.0,0.0,0.0,0.0,0.0,0.0,0.0,0.0,0.0,0.0,1.0,0.0,0.0,1.0,0.0,0.0,0.0,0.0,0.0,0.0,0.0,0.0,0.0,0.0,"Dec 31, 2018"
2620,3103026.0,496.0,Basrah,Al-Qurna,Shifia,شيفيا,30.8153737,47.5650991,2.0,12.0,0.0,0.0,0.0,0.0,0.0,0.0,0.0,0.0,0.0,0.0,0.0,0.0,2.0,0.0,0.0,0.0,0.0,0.0,0.0,1.0,0.0,0.0,0.0,0.0,0.0,0.0,1.0,0.0,0.0,1.0,0.0,0.0,0.0,0.0,0.0,0.0,0.0,0.0,0.0,0.0,0.0,0.0,0.0,0.0,2.0,0.0,0.0,2.0,0.0,0.0,0.0,0.0,0.0,0.0,0.0,0.0,"Dec 31, 2018"
2621,3104001.0,24279.0,Basrah,Al-Zubair,Al Dawajin,الزبير-الدواجن,30.3453171197,47.7561507141,1.0,6.0,0.0,0.0,0.0,0.0,0.0,0.0,0.0,0.0,0.0,0.0,0.0,0.0,0.0,0.0,1.0,0.0,0.0,0.0,0.0,0.0,0.0,0.0,0.0,0.0,0.0,0.0,1.0,0.0,0.0,1.0,0.0,0.0,0.0,0.0,0.0,0.0,0.0,0.0,0.0,0.0,1.0,0.0,0.0,1.0,0.0,0.0,0.0,0.0,0.0,0.0,0.0,0.0,0.0,0.0,0.0,0.0,"Dec 31, 2018"
2622,3104002.0,367.0,Basrah,Al-Zubair,Al Dirhamiyah 1,البصرة-الزبير-الدرهمية 1,30.3770593534,47.7183281407,2.0,12.0,0.0,2.0,0.0,0.0,0.0,0.0,0.0,0.0,0.0,0.0,0.0,0.0,0.0,0.0,0.0,0.0,0.0,0.0,0.0,0.0,0.0,0.0,0.0,0.0,0.0,0.0,2.0,0.0,0.0,2.0,0.0,0.0,0.0,0.0,0.0,0.0,0.0,0.0,0.0,0.0,0.0,0.0,0.0,0.0,2.0,0.0,0.0,2.0,0.0,0.0,0.0,0.0,0.0,0.0,0.0,0.0,"Dec 31, 2018"
2623,3104003.0,24924.0,Basrah,Al-Zubair,Al Mushroaa,المشروع,30.0373213,47.9269568,1.0,6.0,1.0,0.0,0.0,0.0,0.0,0.0,0.0,0.0,0.0,0.0,0.0,0.0,0.0,0.0,0.0,0.0,0.0,0.0,0.0,0.0,0.0,0.0,0.0,0.0,0.0,0.0,1.0,0.0,0.0,1.0,0.0,0.0,0.0,0.0,0.0,0.0,0.0,0.0,0.0,0.0,0.0,0.0,0.0,0.0,0.0,0.0,1.0,0.0,0.0,1.0,0.0,0.0,0.0,0.0,0.0,0.0,"Dec 31, 2018"
2624,3104004.0,24677.0,Basrah,Al-Zubair,Al Petro,الزبير-البيترو,30.3218638019,47.7218414955,4.0,24.0,0.0,0.0,0.0,0.0,0.0,0.0,0.0,0.0,0.0,0.0,0.0,0.0,2.0,0.0,2.0,0.0,0.0,0.0,0.0,3.0,0.0,0.0,0.0,0.0,0.0,0.0,1.0,0.0,0.0,1.0,0.0,0.0,0.0,0.0,0.0,0.0,0.0,0.0,0.0,0.0,2.0,0.0,2.0,2.0,0.0,2.0,0.0,0.0,0.0,0.0,0.0,0.0,0.0,0.0,0.0,0.0,"Dec 31, 2018"
2625,3104005.0,24676.0,Basrah,Al-Zubair,Al Rumilah Al Shamaliyah,البصرة-الزبير-الرميلة الشمالية,30.5600157237,47.3733710769,1.0,6.0,0.0,0.0,0.0,0.0,0.0,0.0,0.0,0.0,0.0,0.0,0.0,0.0,1.0,0.0,0.0,0.0,0.0,0.0,0.0,0.0,0.0,0.0,0.0,0.0,0.0,0.0,1.0,0.0,0.0,1.0,0.0,0.0,0.0,0.0,0.0,0.0,0.0,0.0,0.0,0.0,0.0,0.0,0.0,0.0,1.0,0.0,0.0,1.0,0.0,0.0,0.0,0.0,0.0,0.0,0.0,0.0,"Dec 31, 2018"
2626,3104006.0,509.0,Basrah,Al-Zubair,Al-Shemal Area,البصرة-الزبير-محلة الشمال,30.3983482897,47.7088830036,53.0,318.0,5.0,0.0,0.0,0.0,0.0,0.0,0.0,0.0,0.0,0.0,0.0,0.0,9.0,0.0,39.0,0.0,0.0,0.0,0.0,6.0,0.0,6.0,0.0,0.0,6.0,0.0,41.0,0.0,0.0,41.0,0.0,0.0,0.0,0.0,0.0,0.0,0.0,0.0,8.0,0.0,9.0,8.0,8.0,9.0,19.0,8.0,1.0,19.0,3.0,1.0,5.0,3.0,0.0,5.0,0.0,0.0,"Dec 31, 2018"
2627,3104009.0,1281.0,Basrah,Al-Zubair,Al-Dur Al-Jahiza,البصرة-الزبير-دور الجاهزة,30.3881063449,47.7147770511,8.0,48.0,1.0,0.0,0.0,0.0,0.0,0.0,0.0,0.0,0.0,0.0,0.0,0.0,0.0,0.0,7.0,0.0,0.0,0.0,0.0,1.0,0.0,0.0,0.0,0.0,0.0,0.0,7.0,0.0,0.0,7.0,0.0,0.0,0.0,0.0,0.0,0.0,0.0,0.0,0.0,0.0,0.0,0.0,3.0,0.0,2.0,3.0,2.0,2.0,1.0,2.0,0.0,1.0,0.0,0.0,0.0,0.0,"Dec 31, 2018"
2628,3104010.0,767.0,Basrah,Al-Zubair,Al-jamhoriyah al-olah,البصرة-الزبير-الجمهورية 1,30.390720319,47.7087281719,6.0,36.0,2.0,0.0,0.0,0.0,0.0,0.0,0.0,0.0,0.0,0.0,0.0,0.0,0.0,0.0,4.0,0.0,0.0,0.0,0.0,0.0,0.0,0.0,0.0,0.0,0.0,0.0,6.0,0.0,0.0,6.0,0.0,0.0,0.0,0.0,0.0,0.0,0.0,0.0,0.0,0.0,0.0,0.0,1.0,0.0,5.0,1.0,0.0,5.0,0.0,0.0,0.0,0.0,0.0,0.0,0.0,0.0,"Dec 31, 2018"
2629,3104011.0,760.0,Basrah,Al-Zubair,Al-jamhoriyah al-thaniyah,الجمهورية 2,30.3891039485,47.713629582,13.0,78.0,7.0,0.0,0.0,0.0,0.0,0.0,0.0,0.0,0.0,0.0,0.0,0.0,0.0,0.0,6.0,0.0,0.0,0.0,0.0,0.0,0.0,0.0,0.0,0.0,0.0,0.0,13.0,0.0,0.0,13.0,0.0,0.0,0.0,0.0,0.0,0.0,0.0,0.0,0.0,0.0,0.0,0.0,2.0,0.0,8.0,2.0,3.0,8.0,0.0,3.0,0.0,0.0,0.0,0.0,0.0,0.0,"Dec 31, 2018"
2630,3104012.0,757.0,Basrah,Al-Zubair,Al-marbed al-kadeem,المربد القديم ,30.386522723,47.6871562835,7.0,42.0,1.0,0.0,0.0,0.0,0.0,0.0,0.0,0.0,0.0,0.0,0.0,0.0,0.0,0.0,6.0,0.0,0.0,0.0,0.0,1.0,0.0,0.0,0.0,0.0,0.0,0.0,6.0,0.0,0.0,6.0,0.0,0.0,0.0,0.0,0.0,0.0,0.0,0.0,0.0,0.0,1.0,0.0,0.0,1.0,6.0,0.0,0.0,6.0,0.0,0.0,0.0,0.0,0.0,0.0,0.0,0.0,"Dec 31, 2018"
2631,3104013.0,779.0,Basrah,Al-Zubair,Al-Rasheidiyah Alolh,البصرة-الزبير-الرشيدية 1,30.3974488358,47.7009666147,18.0,108.0,2.0,0.0,0.0,0.0,0.0,1.0,0.0,0.0,0.0,0.0,0.0,0.0,5.0,0.0,10.0,0.0,0.0,0.0,0.0,1.0,0.0,0.0,0.0,0.0,0.0,0.0,17.0,0.0,0.0,17.0,0.0,0.0,0.0,0.0,0.0,0.0,0.0,0.0,1.0,0.0,1.0,1.0,1.0,1.0,15.0,1.0,0.0,15.0,0.0,0.0,0.0,0.0,0.0,0.0,0.0,0.0,"Dec 31, 2018"
2632,3104014.0,764.0,Basrah,Al-Zubair,Al-rasheidiyah al-thaniyah,البصرة-الزبير-الرشيدية 2,30.3923478708,47.7017321739,9.0,54.0,3.0,0.0,0.0,0.0,0.0,0.0,0.0,0.0,1.0,0.0,0.0,0.0,2.0,0.0,3.0,0.0,0.0,0.0,0.0,0.0,0.0,0.0,0.0,0.0,0.0,0.0,9.0,0.0,0.0,9.0,0.0,0.0,0.0,0.0,0.0,0.0,0.0,0.0,1.0,0.0,0.0,1.0,1.0,0.0,3.0,1.0,2.0,3.0,1.0,2.0,1.0,1.0,0.0,1.0,0.0,0.0,"Dec 31, 2018"
2633,3104015.0,25463.0,Basrah,Al-Zubair,Al-Shuaiba Hay Al-Murtadh,الشعيبة حي المرتضى,30.4294773,47.6791937908,9.0,54.0,0.0,0.0,0.0,0.0,0.0,0.0,0.0,0.0,0.0,0.0,0.0,0.0,9.0,0.0,0.0,0.0,0.0,0.0,0.0,0.0,0.0,0.0,0.0,0.0,0.0,0.0,9.0,0.0,0.0,9.0,0.0,0.0,0.0,0.0,0.0,0.0,0.0,0.0,0.0,0.0,4.0,0.0,1.0,4.0,3.0,1.0,0.0,3.0,0.0,0.0,1.0,0.0,0.0,1.0,0.0,0.0,"Dec 31, 2018"
2634,3104016.0,1312.0,Basrah,Al-Zubair,Al-Zubair Hay AlAthar,البصرة-الزبير-حي الاثار,30.3973449783,47.7196949006,3.0,18.0,0.0,1.0,0.0,0.0,0.0,0.0,0.0,0.0,0.0,0.0,0.0,0.0,0.0,0.0,2.0,0.0,0.0,0.0,0.0,0.0,0.0,0.0,0.0,0.0,0.0,0.0,3.0,0.0,0.0,3.0,0.0,0.0,0.0,0.0,0.0,0.0,0.0,0.0,0.0,0.0,1.0,0.0,0.0,1.0,2.0,0.0,0.0,2.0,0.0,0.0,0.0,0.0,0.0,0.0,0.0,0.0,"Dec 31, 2018"
2635,3104018.0,25971.0,Basrah,Al-Zubair,Door Al Dubbat,دور الضباط,30.3750714388,47.7078350788,1.0,6.0,0.0,0.0,0.0,0.0,0.0,0.0,0.0,0.0,0.0,0.0,0.0,0.0,1.0,0.0,0.0,0.0,0.0,0.0,0.0,0.0,0.0,0.0,0.0,0.0,0.0,0.0,1.0,0.0,0.0,1.0,0.0,0.0,0.0,0.0,0.0,0.0,0.0,0.0,0.0,0.0,0.0,0.0,0.0,0.0,0.0,0.0,1.0,0.0,0.0,1.0,0.0,0.0,0.0,0.0,0.0,0.0,"Dec 31, 2018"
2636,3104021.0,651.0,Basrah,Al-Zubair,Door al-farook,حي الفاروق ,30.0371919,47.9160836,5.0,30.0,5.0,0.0,0.0,0.0,0.0,0.0,0.0,0.0,0.0,0.0,0.0,0.0,0.0,0.0,0.0,0.0,0.0,0.0,0.0,0.0,0.0,0.0,0.0,0.0,0.0,0.0,5.0,0.0,0.0,5.0,0.0,0.0,0.0,0.0,0.0,0.0,0.0,0.0,0.0,0.0,0.0,0.0,4.0,0.0,0.0,4.0,1.0,0.0,0.0,1.0,0.0,0.0,0.0,0.0,0.0,0.0,"Dec 31, 2018"
2637,3104024.0,22858.0,Basrah,Al-Zubair,Hay Al Dirhamiyah 3,البصرة-الزبير-الدرهمية 3,30.3798472162,47.7248827144,1.0,6.0,0.0,0.0,0.0,0.0,0.0,0.0,0.0,0.0,0.0,0.0,0.0,0.0,1.0,0.0,0.0,0.0,0.0,0.0,0.0,1.0,0.0,0.0,0.0,0.0,0.0,0.0,0.0,0.0,0.0,0.0,0.0,0.0,0.0,0.0,0.0,0.0,0.0,0.0,0.0,0.0,1.0,0.0,0.0,1.0,0.0,0.0,0.0,0.0,0.0,0.0,0.0,0.0,0.0,0.0,0.0,0.0,"Dec 31, 2018"
2638,3104025.0,1277.0,Basrah,Al-Zubair,Hay Al Hussain,البصرة-الزبير-حي الحسين,30.3769432809,47.7290953663,9.0,54.0,1.0,0.0,0.0,0.0,0.0,0.0,0.0,0.0,2.0,0.0,0.0,0.0,5.0,0.0,1.0,0.0,0.0,0.0,0.0,0.0,0.0,5.0,0.0,0.0,5.0,0.0,4.0,0.0,0.0,4.0,0.0,0.0,0.0,0.0,0.0,0.0,0.0,0.0,0.0,0.0,1.0,0.0,1.0,1.0,4.0,1.0,1.0,4.0,0.0,1.0,2.0,0.0,0.0,2.0,0.0,0.0,"Dec 31, 2018"
2639,3104026.0,1311.0,Basrah,Al-Zubair,Hay Al Sajad,حي السجاد,30.3839072462,47.7196110695,6.0,36.0,3.0,0.0,0.0,0.0,0.0,1.0,0.0,0.0,1.0,0.0,0.0,0.0,1.0,0.0,0.0,0.0,0.0,0.0,0.0,4.0,0.0,0.0,0.0,0.0,0.0,0.0,2.0,0.0,0.0,2.0,0.0,0.0,0.0,0.0,0.0,0.0,0.0,0.0,3.0,0.0,1.0,3.0,0.0,1.0,1.0,0.0,0.0,1.0,0.0,0.0,1.0,0.0,0.0,1.0,0.0,0.0,"Dec 31, 2018"
2640,3104029.0,25225.0,Basrah,Al-Zubair,Hay Alansar 1,البصرة-الزبير-حي الانصار 1,30.3636322929,47.7194306159,4.0,24.0,0.0,0.0,0.0,0.0,0.0,0.0,0.0,0.0,1.0,0.0,0.0,0.0,0.0,0.0,3.0,0.0,0.0,0.0,0.0,1.0,0.0,0.0,0.0,0.0,0.0,0.0,3.0,0.0,0.0,3.0,0.0,0.0,0.0,0.0,0.0,0.0,0.0,0.0,0.0,0.0,2.0,0.0,2.0,2.0,0.0,2.0,0.0,0.0,0.0,0.0,0.0,0.0,0.0,0.0,0.0,0.0,"Dec 31, 2018"
2641,3104030.0,25226.0,Basrah,Al-Zubair,Hay Alansar 2,البصرة-الزبير-حي الانصار2,30.3589680436,47.7189997039,4.0,24.0,1.0,0.0,0.0,0.0,0.0,0.0,0.0,0.0,0.0,0.0,0.0,0.0,0.0,0.0,3.0,0.0,0.0,0.0,0.0,0.0,0.0,0.0,0.0,0.0,0.0,0.0,4.0,0.0,0.0,4.0,0.0,0.0,0.0,0.0,0.0,0.0,0.0,0.0,2.0,0.0,0.0,2.0,0.0,0.0,1.0,0.0,1.0,1.0,0.0,1.0,0.0,0.0,0.0,0.0,0.0,0.0,"Dec 31, 2018"
2642,3104031.0,25227.0,Basrah,Al-Zubair,Hay Alansar 3,البصرة-الزبير-حي الانصار3,30.361554168,47.7240083222,2.0,12.0,2.0,0.0,0.0,0.0,0.0,0.0,0.0,0.0,0.0,0.0,0.0,0.0,0.0,0.0,0.0,0.0,0.0,0.0,0.0,0.0,0.0,0.0,0.0,0.0,0.0,0.0,2.0,0.0,0.0,2.0,0.0,0.0,0.0,0.0,0.0,0.0,0.0,0.0,0.0,0.0,2.0,0.0,0.0,2.0,0.0,0.0,0.0,0.0,0.0,0.0,0.0,0.0,0.0,0.0,0.0,0.0,"Dec 31, 2018"
2643,3104033.0,24229.0,Basrah,Al-Zubair,Hay Al-hakim 2,البصرة-الزبير-حي الحكيم-2,30.3814590415,47.7082569612,4.0,24.0,1.0,0.0,2.0,0.0,0.0,0.0,0.0,0.0,1.0,0.0,0.0,0.0,0.0,0.0,0.0,0.0,0.0,0.0,0.0,0.0,1.0,0.0,0.0,0.0,0.0,0.0,3.0,0.0,0.0,3.0,0.0,0.0,0.0,0.0,0.0,0.0,0.0,0.0,2.0,0.0,1.0,2.0,1.0,1.0,0.0,1.0,0.0,0.0,0.0,0.0,0.0,0.0,0.0,0.0,0.0,0.0,"Dec 31, 2018"
2644,3104036.0,657.0,Basrah,Al-Zubair,Hay door al-senaah,دور الصناعة ,30.045495,47.9102532,2.0,12.0,0.0,0.0,0.0,0.0,0.0,0.0,0.0,0.0,0.0,0.0,0.0,0.0,0.0,0.0,2.0,0.0,0.0,0.0,0.0,0.0,0.0,0.0,0.0,0.0,0.0,0.0,2.0,0.0,0.0,2.0,0.0,0.0,0.0,0.0,0.0,0.0,0.0,0.0,0.0,0.0,0.0,0.0,1.0,0.0,1.0,1.0,0.0,1.0,0.0,0.0,0.0,0.0,0.0,0.0,0.0,0.0,"Dec 31, 2018"
2645,3104038.0,23898.0,Basrah,Al-Zubair,khor Al Zubair-Hay AL Hasan,البصرة-الزبير-خور الزبير-حي الحسن,30.2338733,47.7625214,2.0,12.0,1.0,0.0,0.0,0.0,0.0,0.0,0.0,0.0,0.0,0.0,0.0,0.0,1.0,0.0,0.0,0.0,0.0,0.0,0.0,0.0,0.0,0.0,0.0,0.0,0.0,0.0,2.0,0.0,0.0,2.0,0.0,0.0,0.0,0.0,0.0,0.0,0.0,0.0,0.0,0.0,0.0,0.0,0.0,0.0,2.0,0.0,0.0,2.0,0.0,0.0,0.0,0.0,0.0,0.0,0.0,0.0,"Dec 31, 2018"
2646,3104040.0,23976.0,Basrah,Al-Zubair,Mahalat Al-Arab,البصرة-الزبير-محلة العرب,30.3952927531,47.6892921928,26.0,156.0,9.0,0.0,0.0,0.0,0.0,0.0,0.0,0.0,1.0,0.0,0.0,0.0,6.0,0.0,10.0,0.0,0.0,0.0,0.0,4.0,0.0,0.0,0.0,0.0,0.0,0.0,22.0,0.0,0.0,22.0,0.0,0.0,0.0,0.0,0.0,0.0,0.0,0.0,0.0,0.0,7.0,0.0,2.0,7.0,2.0,2.0,12.0,2.0,0.0,12.0,3.0,0.0,0.0,3.0,0.0,0.0,"Dec 31, 2018"
2647,3104044.0,25018.0,Basrah,Al-Zubair,Safwan-Hay Al Risala,سفوان-حي الرساله,30.1163053,47.7170565,4.0,24.0,1.0,0.0,0.0,0.0,0.0,0.0,0.0,0.0,0.0,0.0,0.0,0.0,0.0,0.0,3.0,0.0,0.0,0.0,0.0,0.0,0.0,0.0,0.0,0.0,0.0,0.0,4.0,0.0,0.0,4.0,0.0,0.0,0.0,0.0,0.0,0.0,0.0,0.0,1.0,0.0,0.0,1.0,0.0,0.0,3.0,0.0,0.0,3.0,0.0,0.0,0.0,0.0,0.0,0.0,0.0,0.0,"Dec 31, 2018"
2648,3104045.0,25015.0,Basrah,Al-Zubair,Safwan-Hay Al Tahreer,سفوان-حي التحرير,30.1139633,47.7147295,1.0,6.0,0.0,0.0,0.0,0.0,0.0,0.0,0.0,0.0,0.0,0.0,0.0,0.0,1.0,0.0,0.0,0.0,0.0,0.0,0.0,1.0,0.0,0.0,0.0,0.0,0.0,0.0,0.0,0.0,0.0,0.0,0.0,0.0,0.0,0.0,0.0,0.0,0.0,0.0,0.0,0.0,0.0,0.0,1.0,0.0,0.0,1.0,0.0,0.0,0.0,0.0,0.0,0.0,0.0,0.0,0.0,0.0,"Dec 31, 2018"
2649,3104047.0,24925.0,Basrah,Al-Zubair,Umm Qasr-Door Al-Moaneaa 1-Street 10,دور الموانئ 1-أم قصير-شارع 10,30.038732,47.9203704,1.0,6.0,0.0,0.0,0.0,0.0,0.0,0.0,0.0,0.0,0.0,0.0,0.0,0.0,1.0,0.0,0.0,0.0,0.0,0.0,0.0,0.0,0.0,0.0,0.0,0.0,0.0,0.0,1.0,0.0,0.0,1.0,0.0,0.0,0.0,0.0,0.0,0.0,0.0,0.0,0.0,0.0,1.0,0.0,0.0,1.0,0.0,0.0,0.0,0.0,0.0,0.0,0.0,0.0,0.0,0.0,0.0,0.0,"Dec 31, 2018"
2650,3104048.0,24923.0,Basrah,Al-Zubair,Umm Qasr-Door Al-Moaneaa 1-Street 11,دور الموانئ 1-أم قصير-شارع 11,30.0383613,47.9209151,2.0,12.0,0.0,1.0,0.0,0.0,0.0,1.0,0.0,0.0,0.0,0.0,0.0,0.0,0.0,0.0,0.0,0.0,0.0,0.0,0.0,0.0,0.0,0.0,0.0,0.0,0.0,0.0,2.0,0.0,0.0,2.0,0.0,0.0,0.0,0.0,0.0,0.0,0.0,0.0,1.0,0.0,1.0,1.0,0.0,1.0,0.0,0.0,0.0,0.0,0.0,0.0,0.0,0.0,0.0,0.0,0.0,0.0,"Dec 31, 2018"
2651,3104052.0,25462.0,Basrah,Al-Zubair,Village Al-Nakheel Al-Asria,قرية النخيل العصرية,30.355550105,47.7158248796,7.0,42.0,0.0,0.0,0.0,0.0,0.0,0.0,0.0,0.0,0.0,0.0,0.0,0.0,0.0,0.0,7.0,0.0,0.0,0.0,0.0,0.0,0.0,6.0,0.0,0.0,6.0,0.0,1.0,0.0,0.0,1.0,0.0,0.0,0.0,0.0,0.0,0.0,0.0,0.0,3.0,0.0,0.0,3.0,0.0,0.0,4.0,0.0,0.0,4.0,0.0,0.0,0.0,0.0,0.0,0.0,0.0,0.0,"Dec 31, 2018"
2652,3104056.0,26111.0,Basrah,Al-Zubair,Khor Al Zubir-Al Shuqaq,خور الزبير-الشقق,30.2260548,47.7810015588,6.0,36.0,0.0,0.0,0.0,0.0,0.0,0.0,0.0,0.0,0.0,0.0,0.0,0.0,0.0,0.0,6.0,0.0,0.0,0.0,0.0,0.0,0.0,0.0,0.0,0.0,0.0,0.0,6.0,0.0,0.0,6.0,0.0,0.0,0.0,0.0,0.0,0.0,0.0,0.0,0.0,0.0,3.0,0.0,1.0,3.0,1.0,1.0,0.0,1.0,1.0,0.0,0.0,1.0,0.0,0.0,0.0,0.0,"Dec 31, 2018"
2653,3104057.0,26107.0,Basrah,Al-Zubair,Khor Al zubir-Hay Al Zahra,خور الزبير-حي الزهراء,30.2353794,47.7601865,2.0,12.0,1.0,0.0,0.0,0.0,0.0,0.0,0.0,0.0,0.0,0.0,0.0,0.0,0.0,0.0,1.0,0.0,0.0,0.0,0.0,0.0,0.0,0.0,0.0,0.0,0.0,0.0,2.0,0.0,0.0,2.0,0.0,0.0,0.0,0.0,0.0,0.0,0.0,0.0,0.0,0.0,0.0,0.0,0.0,0.0,1.0,0.0,0.0,1.0,1.0,0.0,0.0,1.0,0.0,0.0,0.0,0.0,"Dec 31, 2018"
2654,3104058.0,26108.0,Basrah,Al-Zubair,Khor Al zubir-Hay Al-Ansar,خور الزبير-حي الانصار,30.24025704,47.77092174,1.0,6.0,0.0,0.0,0.0,0.0,0.0,0.0,0.0,0.0,0.0,0.0,0.0,0.0,0.0,0.0,1.0,0.0,0.0,0.0,0.0,0.0,0.0,0.0,0.0,0.0,0.0,0.0,1.0,0.0,0.0,1.0,0.0,0.0,0.0,0.0,0.0,0.0,0.0,0.0,0.0,0.0,0.0,0.0,0.0,0.0,0.0,0.0,1.0,0.0,0.0,1.0,0.0,0.0,0.0,0.0,0.0,0.0,"Dec 31, 2018"
2655,3104059.0,26109.0,Basrah,Al-Zubair,Khor Al zubir-Hay Al-Hakeem,خور الزبير-حي الحكيم,30.2296719,47.7845184,1.0,6.0,0.0,0.0,0.0,0.0,0.0,0.0,0.0,0.0,0.0,0.0,0.0,0.0,1.0,0.0,0.0,0.0,0.0,0.0,0.0,0.0,0.0,1.0,0.0,0.0,1.0,0.0,0.0,0.0,0.0,0.0,0.0,0.0,0.0,0.0,0.0,0.0,0.0,0.0,0.0,0.0,1.0,0.0,0.0,1.0,0.0,0.0,0.0,0.0,0.0,0.0,0.0,0.0,0.0,0.0,0.0,0.0,"Dec 31, 2018"
2656,3104060.0,26110.0,Basrah,Al-Zubair,Khor Al zubir-Hay Al-Rasoul,خور الزبير-حي الرسول,30.2386718,47.767336,3.0,18.0,3.0,0.0,0.0,0.0,0.0,0.0,0.0,0.0,0.0,0.0,0.0,0.0,0.0,0.0,0.0,0.0,0.0,0.0,0.0,0.0,0.0,0.0,0.0,0.0,0.0,0.0,3.0,0.0,0.0,3.0,0.0,0.0,0.0,0.0,0.0,0.0,0.0,0.0,0.0,0.0,0.0,0.0,0.0,0.0,1.0,0.0,2.0,1.0,0.0,2.0,0.0,0.0,0.0,0.0,0.0,0.0,"Dec 31, 2018"
2657,3104061.0,1303.0,Basrah,Al-Zubair,Khor Al zubir-Hay Al-Salam,خور الزبير-حي السلام,30.24195869,47.77428254,3.0,18.0,0.0,0.0,0.0,0.0,0.0,0.0,0.0,0.0,0.0,0.0,0.0,0.0,1.0,0.0,2.0,0.0,0.0,0.0,0.0,0.0,0.0,0.0,0.0,0.0,0.0,0.0,3.0,0.0,0.0,3.0,0.0,0.0,0.0,0.0,0.0,0.0,0.0,0.0,0.0,0.0,0.0,0.0,0.0,0.0,3.0,0.0,0.0,3.0,0.0,0.0,0.0,0.0,0.0,0.0,0.0,0.0,"Dec 31, 2018"
2658,3104062.0,27196.0,Basrah,Al-Zubair,khor Al Zubair-Hay Al Baqer Al Ula,خور الزبير-الباقر الاولى,30.227041,47.767224,5.0,30.0,3.0,1.0,0.0,0.0,0.0,0.0,0.0,0.0,0.0,0.0,0.0,0.0,1.0,0.0,0.0,0.0,0.0,0.0,0.0,1.0,0.0,0.0,0.0,0.0,0.0,0.0,4.0,0.0,0.0,4.0,0.0,0.0,0.0,0.0,0.0,0.0,0.0,0.0,0.0,0.0,0.0,0.0,1.0,0.0,3.0,1.0,0.0,3.0,0.0,0.0,1.0,0.0,0.0,1.0,0.0,0.0,"Dec 31, 2018"
2659,3104066.0,27295.0,Basrah,Al-Zubair,Umm Qasr-Al-hindiyah Al-Janobia,ام قصير-الهندية الجنوبية,30.0309122,47.9191197,4.0,24.0,1.0,0.0,0.0,0.0,0.0,0.0,0.0,0.0,0.0,0.0,0.0,0.0,2.0,0.0,1.0,0.0,0.0,0.0,0.0,1.0,0.0,1.0,0.0,0.0,1.0,0.0,2.0,0.0,0.0,2.0,0.0,0.0,0.0,0.0,0.0,0.0,0.0,0.0,0.0,0.0,0.0,0.0,1.0,0.0,2.0,1.0,1.0,2.0,0.0,1.0,0.0,0.0,0.0,0.0,0.0,0.0,"Dec 31, 2018"
2660,3104068.0,28408.0,Basrah,Al-Zubair,khor Al Zubair-Hay Al Baqer Al Thaniyah,خور الزبير-الباقر الثانية,30.2269461,47.7646423469,10.0,60.0,6.0,0.0,0.0,0.0,0.0,0.0,0.0,0.0,2.0,0.0,0.0,0.0,0.0,0.0,2.0,0.0,0.0,0.0,0.0,1.0,0.0,1.0,0.0,0.0,1.0,0.0,8.0,0.0,0.0,8.0,0.0,0.0,0.0,0.0,0.0,0.0,0.0,0.0,0.0,0.0,1.0,0.0,0.0,1.0,4.0,0.0,3.0,4.0,2.0,3.0,0.0,2.0,0.0,0.0,0.0,0.0,"Dec 31, 2018"
2661,3104071.0,1304.0,Basrah,Al-Zubair,Hay Al Fedaa,حي الفداء ,30.3695919421,47.7195013736,5.0,30.0,0.0,0.0,0.0,0.0,0.0,0.0,0.0,0.0,1.0,0.0,0.0,0.0,2.0,0.0,2.0,0.0,0.0,0.0,0.0,0.0,0.0,0.0,0.0,0.0,0.0,0.0,5.0,0.0,0.0,5.0,0.0,0.0,0.0,0.0,0.0,0.0,0.0,0.0,0.0,0.0,0.0,0.0,0.0,0.0,4.0,0.0,1.0,4.0,0.0,1.0,0.0,0.0,0.0,0.0,0.0,0.0,"Dec 31, 2018"
2662,3104072.0,753.0,Basrah,Al-Zubair,Al-Kut,الزبير-الكوت,30.3833766829,47.7049438536,12.0,72.0,2.0,0.0,0.0,0.0,0.0,0.0,0.0,0.0,2.0,0.0,0.0,0.0,3.0,0.0,5.0,0.0,0.0,0.0,0.0,3.0,0.0,0.0,0.0,0.0,0.0,0.0,9.0,0.0,0.0,9.0,0.0,0.0,0.0,0.0,0.0,0.0,0.0,0.0,1.0,0.0,0.0,1.0,4.0,0.0,3.0,4.0,0.0,3.0,1.0,0.0,1.0,1.0,2.0,1.0,2.0,0.0,"Dec 31, 2018"
2663,3104073.0,25725.0,Basrah,Al-Zubair,Hey Al khatoa,حي الخطوة,30.3910713331,47.7324575615,3.0,18.0,0.0,0.0,1.0,0.0,0.0,0.0,0.0,0.0,0.0,0.0,0.0,0.0,2.0,0.0,0.0,0.0,0.0,0.0,0.0,0.0,0.0,0.0,0.0,0.0,0.0,0.0,3.0,0.0,0.0,3.0,0.0,0.0,0.0,0.0,0.0,0.0,0.0,0.0,0.0,0.0,0.0,0.0,0.0,0.0,1.0,0.0,1.0,1.0,1.0,1.0,0.0,1.0,0.0,0.0,0.0,0.0,"Dec 31, 2018"
2664,3104074.0,756.0,Basrah,Al-Zubair,Hay Al Askarye,الزبير حي العسكري,30.384766752,47.7277924099,7.0,42.0,2.0,0.0,0.0,0.0,0.0,0.0,0.0,0.0,1.0,0.0,0.0,0.0,1.0,0.0,3.0,0.0,0.0,0.0,0.0,0.0,0.0,0.0,0.0,0.0,0.0,0.0,7.0,0.0,0.0,7.0,0.0,0.0,0.0,0.0,0.0,0.0,0.0,0.0,1.0,0.0,1.0,1.0,2.0,1.0,3.0,2.0,0.0,3.0,0.0,0.0,0.0,0.0,0.0,0.0,0.0,0.0,"Dec 31, 2018"
2665,3104075.0,29677.0,Basrah,Al-Zubair,Hay Al Qaed Al muntadar,حي القائد المنتظر,30.3895784864,47.6729254714,5.0,30.0,1.0,0.0,0.0,0.0,0.0,0.0,0.0,0.0,3.0,0.0,0.0,0.0,1.0,0.0,0.0,0.0,0.0,0.0,0.0,0.0,0.0,0.0,0.0,0.0,0.0,0.0,5.0,0.0,0.0,5.0,0.0,0.0,0.0,0.0,0.0,0.0,0.0,0.0,0.0,0.0,0.0,0.0,0.0,0.0,5.0,0.0,0.0,5.0,0.0,0.0,0.0,0.0,0.0,0.0,0.0,0.0,"Dec 31, 2018"
2666,3104077.0,30700.0,Basrah,Al-Zubair,Door Al-Mokawalat,دور المقاولات,30.3445182274,47.7175586611,3.0,18.0,0.0,0.0,0.0,0.0,0.0,0.0,0.0,0.0,0.0,0.0,0.0,0.0,0.0,0.0,3.0,0.0,0.0,0.0,0.0,3.0,0.0,0.0,0.0,0.0,0.0,0.0,0.0,0.0,0.0,0.0,0.0,0.0,0.0,0.0,0.0,0.0,0.0,0.0,0.0,0.0,3.0,0.0,0.0,3.0,0.0,0.0,0.0,0.0,0.0,0.0,0.0,0.0,0.0,0.0,0.0,0.0,"Dec 31, 2018"
2667,3104079.0,31723.0,Basrah,Al-Zubair,Door Al-Moaneaa 2 Street 14,ام قصير-دور الموانئ 2 شارع 14,30.034722,47.921944,2.0,12.0,0.0,0.0,0.0,0.0,0.0,0.0,0.0,0.0,0.0,0.0,0.0,0.0,1.0,0.0,1.0,0.0,0.0,0.0,0.0,0.0,0.0,0.0,0.0,0.0,0.0,0.0,2.0,0.0,0.0,2.0,0.0,0.0,0.0,0.0,0.0,0.0,0.0,0.0,0.0,0.0,0.0,0.0,1.0,0.0,1.0,1.0,0.0,1.0,0.0,0.0,0.0,0.0,0.0,0.0,0.0,0.0,"Dec 31, 2018"
2668,3104081.0,32087.0,Basrah,Al-Zubair,khor Al Zubair-Al-khwaisat,خور الزبير-الخويسات,30.3012663,47.7787891,3.0,18.0,0.0,0.0,0.0,0.0,0.0,0.0,0.0,0.0,0.0,0.0,0.0,0.0,3.0,0.0,0.0,0.0,0.0,0.0,0.0,0.0,0.0,3.0,0.0,0.0,3.0,0.0,0.0,0.0,0.0,0.0,0.0,0.0,0.0,0.0,0.0,0.0,0.0,0.0,0.0,0.0,0.0,0.0,0.0,0.0,0.0,0.0,0.0,0.0,0.0,0.0,0.0,0.0,3.0,0.0,3.0,0.0,"Dec 31, 2018"
2669,3104082.0,23630.0,Basrah,Al-Zubair,Hay Khalid,حي خالد,30.3319696511,47.7203619059,2.0,12.0,0.0,0.0,0.0,0.0,0.0,0.0,0.0,0.0,0.0,0.0,0.0,0.0,2.0,0.0,0.0,0.0,0.0,0.0,0.0,0.0,0.0,0.0,0.0,0.0,0.0,0.0,2.0,0.0,0.0,2.0,0.0,0.0,0.0,0.0,0.0,0.0,0.0,0.0,0.0,0.0,0.0,0.0,0.0,0.0,0.0,0.0,0.0,0.0,0.0,0.0,2.0,0.0,0.0,2.0,0.0,0.0,"Dec 31, 2018"
2670,3105002.0,24799.0,Basrah,Basrah,5 Miles(Al Hady Al Thaniyah),5ميل الهادي الثانية,30.5475191,47.7636609,1.0,6.0,0.0,0.0,1.0,0.0,0.0,0.0,0.0,0.0,0.0,0.0,0.0,0.0,0.0,0.0,0.0,0.0,0.0,0.0,0.0,0.0,0.0,0.0,0.0,0.0,0.0,0.0,1.0,0.0,0.0,1.0,0.0,0.0,0.0,0.0,0.0,0.0,0.0,0.0,0.0,0.0,1.0,0.0,0.0,1.0,0.0,0.0,0.0,0.0,0.0,0.0,0.0,0.0,0.0,0.0,0.0,0.0,"Dec 31, 2018"
2671,3105003.0,24929.0,Basrah,Basrah,5 Miles Al Bidhan,5ميل البيضان,30.5423982,47.7683696,2.0,12.0,0.0,0.0,0.0,0.0,0.0,0.0,0.0,0.0,0.0,0.0,0.0,0.0,0.0,0.0,2.0,0.0,0.0,0.0,0.0,0.0,0.0,0.0,0.0,0.0,0.0,0.0,2.0,0.0,0.0,2.0,0.0,0.0,0.0,0.0,0.0,0.0,0.0,0.0,1.0,0.0,0.0,1.0,0.0,0.0,0.0,0.0,1.0,0.0,0.0,1.0,0.0,0.0,0.0,0.0,0.0,0.0,"Dec 31, 2018"
2672,3105007.0,21192.0,Basrah,Basrah,Abu Hilwa,الهارثة-ابو حلوه,30.5829645,47.7498766,1.0,6.0,0.0,0.0,0.0,0.0,0.0,0.0,0.0,0.0,0.0,0.0,0.0,0.0,0.0,0.0,1.0,0.0,0.0,0.0,0.0,1.0,0.0,0.0,0.0,0.0,0.0,0.0,0.0,0.0,0.0,0.0,0.0,0.0,0.0,0.0,0.0,0.0,0.0,0.0,0.0,0.0,0.0,0.0,1.0,0.0,0.0,1.0,0.0,0.0,0.0,0.0,0.0,0.0,0.0,0.0,0.0,0.0,"Dec 31, 2018"
2673,3105008.0,1003.0,Basrah,Basrah,Abu sukhair,ابو صخير,30.5600967,47.7360294,3.0,18.0,0.0,0.0,0.0,0.0,0.0,1.0,0.0,0.0,0.0,0.0,0.0,0.0,0.0,0.0,2.0,0.0,0.0,0.0,0.0,0.0,0.0,0.0,0.0,0.0,0.0,0.0,3.0,0.0,0.0,3.0,0.0,0.0,0.0,0.0,0.0,0.0,0.0,0.0,0.0,0.0,2.0,0.0,1.0,2.0,0.0,1.0,0.0,0.0,0.0,0.0,0.0,0.0,0.0,0.0,0.0,0.0,"Dec 31, 2018"
2674,3105009.0,24179.0,Basrah,Basrah,Al Ablah,البصرة-المعقل-الابله,30.5487276,47.7733794,4.0,24.0,0.0,0.0,0.0,0.0,0.0,1.0,0.0,0.0,0.0,0.0,0.0,0.0,0.0,0.0,3.0,0.0,0.0,0.0,0.0,1.0,0.0,0.0,0.0,0.0,0.0,0.0,3.0,0.0,0.0,3.0,0.0,0.0,0.0,0.0,0.0,0.0,0.0,0.0,0.0,0.0,3.0,0.0,1.0,3.0,0.0,1.0,0.0,0.0,0.0,0.0,0.0,0.0,0.0,0.0,0.0,0.0,"Dec 31, 2018"
2675,3105010.0,1269.0,Basrah,Basrah,Al Amn Al Dakhly,البصرة-الامن الداخلي ,30.465855,47.7781414349,8.0,48.0,0.0,0.0,1.0,0.0,0.0,0.0,0.0,0.0,2.0,0.0,0.0,0.0,5.0,0.0,0.0,0.0,0.0,0.0,0.0,0.0,0.0,0.0,0.0,0.0,0.0,0.0,8.0,0.0,0.0,8.0,0.0,0.0,0.0,0.0,0.0,0.0,0.0,0.0,0.0,0.0,2.0,0.0,1.0,2.0,4.0,1.0,0.0,4.0,0.0,0.0,1.0,0.0,0.0,1.0,0.0,0.0,"Dec 31, 2018"
2676,3105011.0,968.0,Basrah,Basrah,Al Andolous,الاندلس,30.5435607923,47.7947877004,4.0,24.0,0.0,0.0,0.0,0.0,0.0,0.0,0.0,0.0,0.0,0.0,0.0,0.0,4.0,0.0,0.0,0.0,0.0,0.0,0.0,3.0,0.0,0.0,0.0,0.0,0.0,0.0,1.0,0.0,0.0,1.0,0.0,0.0,0.0,0.0,0.0,0.0,0.0,0.0,0.0,0.0,0.0,0.0,2.0,0.0,2.0,2.0,0.0,2.0,0.0,0.0,0.0,0.0,0.0,0.0,0.0,0.0,"Dec 31, 2018"
2677,3105012.0,475.0,Basrah,Basrah,Al Ashar,البصرة-العشار-العطيرية,30.5245368324,47.8304448952,1.0,6.0,0.0,0.0,0.0,0.0,0.0,0.0,0.0,0.0,0.0,0.0,0.0,0.0,1.0,0.0,0.0,0.0,0.0,0.0,0.0,0.0,0.0,0.0,0.0,0.0,0.0,0.0,1.0,0.0,0.0,1.0,0.0,0.0,0.0,0.0,0.0,0.0,0.0,0.0,0.0,0.0,0.0,0.0,0.0,0.0,0.0,0.0,0.0,0.0,0.0,0.0,1.0,0.0,0.0,1.0,0.0,0.0,"Dec 31, 2018"
2678,3105013.0,24346.0,Basrah,Basrah,Al Ashar Center,مركز العشار,30.5185264,47.8327375979,35.0,210.0,1.0,0.0,3.0,0.0,0.0,1.0,0.0,0.0,0.0,0.0,0.0,0.0,29.0,0.0,1.0,0.0,0.0,0.0,0.0,1.0,0.0,0.0,0.0,0.0,0.0,0.0,34.0,0.0,0.0,34.0,0.0,0.0,0.0,0.0,0.0,0.0,0.0,0.0,1.0,0.0,7.0,1.0,3.0,7.0,14.0,3.0,2.0,14.0,4.0,2.0,4.0,4.0,0.0,4.0,0.0,0.0,"Dec 31, 2018"
2679,3105014.0,24798.0,Basrah,Basrah,collective Al Assry(5 Miles Markets),مجمع العصري(سوق 5ميل),30.5484516,47.7591121314,5.0,30.0,1.0,0.0,0.0,0.0,0.0,0.0,0.0,0.0,0.0,0.0,0.0,0.0,1.0,0.0,3.0,0.0,0.0,0.0,0.0,0.0,0.0,5.0,0.0,0.0,5.0,0.0,0.0,0.0,0.0,0.0,0.0,0.0,0.0,0.0,0.0,0.0,0.0,0.0,0.0,0.0,2.0,0.0,1.0,2.0,0.0,1.0,2.0,0.0,0.0,2.0,0.0,0.0,0.0,0.0,0.0,0.0,"Dec 31, 2018"
2680,3105015.0,334.0,Basrah,Basrah,Markaz Al Harthah,البصرة-مركز الهارثة,30.5808118,47.7645586,2.0,12.0,1.0,0.0,0.0,0.0,0.0,0.0,0.0,0.0,0.0,0.0,0.0,0.0,0.0,0.0,1.0,0.0,0.0,0.0,0.0,1.0,0.0,0.0,0.0,0.0,0.0,0.0,1.0,0.0,0.0,1.0,0.0,0.0,0.0,0.0,0.0,0.0,0.0,0.0,0.0,0.0,0.0,0.0,1.0,0.0,1.0,1.0,0.0,1.0,0.0,0.0,0.0,0.0,0.0,0.0,0.0,0.0,"Dec 31, 2018"
2681,3105018.0,871.0,Basrah,Basrah,Al Harthah-Hay Al Risalah,الهارثة-حي الرسالة,30.5970753,47.753338,1.0,6.0,0.0,0.0,0.0,0.0,0.0,0.0,0.0,0.0,1.0,0.0,0.0,0.0,0.0,0.0,0.0,0.0,0.0,0.0,0.0,1.0,0.0,0.0,0.0,0.0,0.0,0.0,0.0,0.0,0.0,0.0,0.0,0.0,0.0,0.0,0.0,0.0,0.0,0.0,0.0,0.0,0.0,0.0,0.0,0.0,0.0,0.0,1.0,0.0,0.0,1.0,0.0,0.0,0.0,0.0,0.0,0.0,"Dec 31, 2018"
2682,3105023.0,894.0,Basrah,Basrah,Al Jazair-Al-Forsey,الجزائر-الفرسي,30.5026469,47.8267893,4.0,24.0,1.0,0.0,0.0,0.0,0.0,0.0,0.0,0.0,0.0,0.0,0.0,0.0,2.0,0.0,1.0,0.0,0.0,0.0,0.0,2.0,0.0,0.0,0.0,0.0,0.0,0.0,2.0,0.0,0.0,2.0,0.0,0.0,0.0,0.0,0.0,0.0,0.0,0.0,1.0,0.0,0.0,1.0,1.0,0.0,2.0,1.0,0.0,2.0,0.0,0.0,0.0,0.0,0.0,0.0,0.0,0.0,"Dec 31, 2018"
2683,3105024.0,1032.0,Basrah,Shatt Al-Arab,Al Jazira-2,البصرة-شط العرب-الجزيرة 2,30.5800632,47.7856824537,6.0,36.0,0.0,0.0,0.0,0.0,0.0,0.0,0.0,0.0,1.0,0.0,0.0,0.0,4.0,0.0,1.0,0.0,0.0,0.0,0.0,0.0,0.0,0.0,0.0,0.0,0.0,0.0,6.0,0.0,0.0,6.0,0.0,0.0,0.0,0.0,0.0,0.0,0.0,0.0,0.0,0.0,0.0,0.0,2.0,0.0,4.0,2.0,0.0,4.0,0.0,0.0,0.0,0.0,0.0,0.0,0.0,0.0,"Dec 31, 2018"
2684,3105025.0,927.0,Basrah,Basrah,Al Jumhuriya,البصرة-الجمهورية,30.52243352,47.7976710252,9.0,54.0,1.0,0.0,0.0,0.0,0.0,0.0,0.0,0.0,6.0,0.0,0.0,0.0,1.0,0.0,1.0,0.0,0.0,0.0,0.0,6.0,0.0,0.0,0.0,0.0,0.0,0.0,3.0,0.0,0.0,3.0,0.0,0.0,0.0,0.0,0.0,0.0,0.0,0.0,0.0,0.0,2.0,0.0,5.0,2.0,2.0,5.0,0.0,2.0,0.0,0.0,0.0,0.0,0.0,0.0,0.0,0.0,"Dec 31, 2018"
2685,3105026.0,24344.0,Basrah,Basrah,Al Kaim 1,القائم 1,30.4683519085,47.8132201924,6.0,36.0,2.0,0.0,0.0,0.0,0.0,0.0,0.0,0.0,1.0,0.0,0.0,0.0,0.0,0.0,3.0,0.0,0.0,0.0,0.0,1.0,0.0,0.0,0.0,0.0,0.0,0.0,5.0,0.0,0.0,5.0,0.0,0.0,0.0,0.0,0.0,0.0,0.0,0.0,0.0,0.0,2.0,0.0,1.0,2.0,1.0,1.0,2.0,1.0,0.0,2.0,0.0,0.0,0.0,0.0,0.0,0.0,"Dec 31, 2018"
2686,3105027.0,511.0,Basrah,Basrah,Al Khaleej4,البصرة-الجمعيات-حي الخليج 4,30.5057997,47.7818161348,5.0,30.0,1.0,0.0,0.0,0.0,0.0,1.0,0.0,0.0,0.0,0.0,0.0,0.0,0.0,0.0,3.0,0.0,0.0,0.0,0.0,3.0,0.0,0.0,0.0,0.0,0.0,0.0,2.0,0.0,0.0,2.0,0.0,0.0,0.0,0.0,0.0,0.0,0.0,0.0,1.0,0.0,0.0,1.0,1.0,0.0,0.0,1.0,0.0,0.0,3.0,0.0,0.0,3.0,0.0,0.0,0.0,0.0,"Dec 31, 2018"
2687,3105028.0,996.0,Basrah,Basrah,Al Maqil,البصرة-المعقل-حي جنادين,30.5557866,47.7892011,4.0,24.0,0.0,0.0,0.0,0.0,0.0,0.0,0.0,0.0,1.0,0.0,0.0,0.0,3.0,0.0,0.0,0.0,0.0,0.0,0.0,0.0,0.0,0.0,0.0,0.0,0.0,0.0,4.0,0.0,0.0,4.0,0.0,0.0,0.0,0.0,0.0,0.0,0.0,0.0,0.0,0.0,0.0,0.0,1.0,0.0,0.0,1.0,2.0,0.0,0.0,2.0,0.0,0.0,1.0,0.0,1.0,0.0,"Dec 31, 2018"
2688,3105029.0,989.0,Basrah,Basrah,Al Maqil-Al-kindi,البصرة-المعقل-الكندي,30.5530340428,47.7696660936,2.0,12.0,0.0,0.0,0.0,0.0,0.0,1.0,0.0,0.0,0.0,0.0,0.0,0.0,1.0,0.0,0.0,0.0,0.0,0.0,0.0,0.0,0.0,0.0,0.0,0.0,0.0,0.0,2.0,0.0,0.0,2.0,0.0,0.0,0.0,0.0,0.0,0.0,0.0,0.0,0.0,0.0,1.0,0.0,1.0,1.0,0.0,1.0,0.0,0.0,0.0,0.0,0.0,0.0,0.0,0.0,0.0,0.0,"Dec 31, 2018"
2689,3105030.0,963.0,Basrah,Basrah,AL Mowafaqiah,البصرة-الموفقية,30.5218062,47.7854393953,23.0,138.0,3.0,0.0,0.0,0.0,0.0,0.0,0.0,0.0,4.0,0.0,0.0,0.0,12.0,0.0,4.0,0.0,0.0,0.0,0.0,4.0,0.0,3.0,0.0,0.0,3.0,0.0,16.0,0.0,0.0,16.0,0.0,0.0,0.0,0.0,0.0,0.0,0.0,0.0,1.0,0.0,3.0,1.0,12.0,3.0,7.0,12.0,0.0,7.0,0.0,0.0,0.0,0.0,0.0,0.0,0.0,0.0,"Dec 31, 2018"
2690,3105031.0,24481.0,Basrah,Basrah,Al Muhallab,البصرة-حي المهلب,30.4881768768,47.8083180169,3.0,18.0,2.0,0.0,1.0,0.0,0.0,0.0,0.0,0.0,0.0,0.0,0.0,0.0,0.0,0.0,0.0,0.0,0.0,0.0,0.0,0.0,0.0,0.0,0.0,0.0,0.0,0.0,3.0,0.0,0.0,3.0,0.0,0.0,0.0,0.0,0.0,0.0,0.0,0.0,1.0,0.0,1.0,1.0,0.0,1.0,0.0,0.0,1.0,0.0,0.0,1.0,0.0,0.0,0.0,0.0,0.0,0.0,"Dec 31, 2018"
2691,3105032.0,1310.0,Basrah,Basrah,Al Qabla-Hay Al Baladiyat,البصرة-القبلة-حي البلديات,30.4648808,47.8041595,3.0,18.0,0.0,0.0,0.0,0.0,0.0,0.0,0.0,0.0,0.0,0.0,0.0,0.0,2.0,0.0,1.0,0.0,0.0,0.0,0.0,2.0,0.0,0.0,0.0,0.0,0.0,0.0,1.0,0.0,0.0,1.0,0.0,0.0,0.0,0.0,0.0,0.0,0.0,0.0,0.0,0.0,1.0,0.0,0.0,1.0,2.0,0.0,0.0,2.0,0.0,0.0,0.0,0.0,0.0,0.0,0.0,0.0,"Dec 31, 2018"
2692,3105034.0,24627.0,Basrah,Basrah,Al Qibla-Al Shahid Al Sadir,القبلة-الشهيد الصدر,30.4696812926,47.8221196533,1.0,6.0,0.0,1.0,0.0,0.0,0.0,0.0,0.0,0.0,0.0,0.0,0.0,0.0,0.0,0.0,0.0,0.0,0.0,0.0,0.0,1.0,0.0,0.0,0.0,0.0,0.0,0.0,0.0,0.0,0.0,0.0,0.0,0.0,0.0,0.0,0.0,0.0,0.0,0.0,0.0,0.0,0.0,0.0,1.0,0.0,0.0,1.0,0.0,0.0,0.0,0.0,0.0,0.0,0.0,0.0,0.0,0.0,"Dec 31, 2018"
2693,3105035.0,21641.0,Basrah,Basrah,AL Qiziza,الكزيزه,30.53992,47.752913995,6.0,36.0,1.0,0.0,0.0,0.0,0.0,1.0,0.0,0.0,3.0,0.0,0.0,0.0,0.0,0.0,1.0,0.0,0.0,0.0,0.0,1.0,0.0,0.0,0.0,0.0,0.0,0.0,5.0,0.0,0.0,5.0,0.0,0.0,0.0,0.0,0.0,0.0,0.0,0.0,0.0,0.0,0.0,0.0,3.0,0.0,2.0,3.0,1.0,2.0,0.0,1.0,0.0,0.0,0.0,0.0,0.0,0.0,"Dec 31, 2018"
2694,3105036.0,24180.0,Basrah,Basrah,Al Sholah,الشعله,30.5120957585,47.7679699692,7.0,42.0,1.0,0.0,1.0,0.0,0.0,0.0,0.0,0.0,1.0,0.0,0.0,0.0,4.0,0.0,0.0,0.0,0.0,0.0,0.0,1.0,0.0,0.0,0.0,0.0,0.0,0.0,6.0,0.0,0.0,6.0,0.0,0.0,0.0,0.0,0.0,0.0,0.0,0.0,0.0,0.0,2.0,0.0,0.0,2.0,2.0,0.0,0.0,2.0,2.0,0.0,1.0,2.0,0.0,1.0,0.0,0.0,"Dec 31, 2018"
2695,3105038.0,1296.0,Basrah,Basrah,Al Tameemiya,البصرة-التميمية,30.5242808546,47.8274366323,2.0,12.0,2.0,0.0,0.0,0.0,0.0,0.0,0.0,0.0,0.0,0.0,0.0,0.0,0.0,0.0,0.0,0.0,0.0,0.0,0.0,0.0,0.0,0.0,0.0,0.0,0.0,0.0,2.0,0.0,0.0,2.0,0.0,0.0,0.0,0.0,0.0,0.0,0.0,0.0,0.0,0.0,0.0,0.0,0.0,0.0,1.0,0.0,0.0,1.0,0.0,0.0,1.0,0.0,0.0,1.0,0.0,0.0,"Dec 31, 2018"
2696,3105040.0,920.0,Basrah,Basrah,Al Tuwaysa,البصرة-الطويسه,30.5188284685,47.8175637989,6.0,36.0,2.0,0.0,0.0,0.0,0.0,1.0,0.0,0.0,0.0,0.0,0.0,0.0,3.0,0.0,0.0,0.0,0.0,0.0,0.0,2.0,0.0,0.0,0.0,0.0,0.0,0.0,4.0,0.0,0.0,4.0,0.0,0.0,0.0,0.0,0.0,0.0,0.0,0.0,0.0,0.0,4.0,0.0,1.0,4.0,1.0,1.0,0.0,1.0,0.0,0.0,0.0,0.0,0.0,0.0,0.0,0.0,"Dec 31, 2018"
2697,3105041.0,890.0,Basrah,Basrah,Al-abbasya,العباسية ,30.5071666,47.8313069,1.0,6.0,0.0,0.0,0.0,0.0,0.0,0.0,0.0,0.0,0.0,0.0,0.0,0.0,1.0,0.0,0.0,0.0,0.0,0.0,0.0,0.0,0.0,0.0,0.0,0.0,0.0,0.0,1.0,0.0,0.0,1.0,0.0,0.0,0.0,0.0,0.0,0.0,0.0,0.0,0.0,0.0,0.0,0.0,0.0,0.0,1.0,0.0,0.0,1.0,0.0,0.0,0.0,0.0,0.0,0.0,0.0,0.0,"Dec 31, 2018"
2698,3105042.0,905.0,Basrah,Basrah,Al-asma_i al-jadeed,الاصمعي الجديد,30.5082534387,47.7919037027,8.0,48.0,0.0,0.0,2.0,0.0,0.0,0.0,0.0,0.0,1.0,0.0,0.0,0.0,4.0,0.0,1.0,0.0,0.0,0.0,0.0,3.0,0.0,0.0,0.0,0.0,0.0,0.0,5.0,0.0,0.0,5.0,0.0,0.0,0.0,0.0,0.0,0.0,0.0,0.0,3.0,0.0,0.0,3.0,2.0,0.0,2.0,2.0,0.0,2.0,0.0,0.0,1.0,0.0,0.0,1.0,0.0,0.0,"Dec 31, 2018"
2699,3105043.0,1030.0,Basrah,Basrah,Al-badran,البصرة-الهارثة-البدران,30.5852998,47.757152,6.0,36.0,2.0,0.0,0.0,0.0,0.0,0.0,0.0,0.0,0.0,0.0,0.0,0.0,4.0,0.0,0.0,0.0,0.0,0.0,0.0,4.0,0.0,0.0,0.0,0.0,0.0,0.0,2.0,0.0,0.0,2.0,0.0,0.0,0.0,0.0,0.0,0.0,0.0,0.0,0.0,0.0,4.0,0.0,0.0,4.0,1.0,0.0,1.0,1.0,0.0,1.0,0.0,0.0,0.0,0.0,0.0,0.0,"Dec 31, 2018"
2700,3105044.0,1308.0,Basrah,Basrah,Al-Baker & Al-Ahrar,البكر والاحرار,30.4999937,47.8125471306,15.0,90.0,7.0,0.0,0.0,0.0,0.0,0.0,0.0,0.0,0.0,0.0,0.0,0.0,6.0,0.0,2.0,0.0,0.0,0.0,0.0,2.0,0.0,0.0,0.0,0.0,0.0,1.0,12.0,1.0,0.0,12.0,0.0,0.0,0.0,0.0,0.0,0.0,0.0,0.0,4.0,0.0,1.0,4.0,2.0,1.0,7.0,2.0,0.0,7.0,1.0,0.0,0.0,1.0,0.0,0.0,0.0,0.0,"Dec 31, 2018"
2701,3105045.0,872.0,Basrah,Basrah,Al-bradhia,البصرة-البراضعية,30.5043407,47.8521891547,10.0,60.0,2.0,0.0,0.0,0.0,0.0,0.0,0.0,0.0,2.0,0.0,0.0,0.0,2.0,0.0,4.0,0.0,0.0,0.0,0.0,4.0,0.0,0.0,0.0,0.0,0.0,0.0,6.0,0.0,0.0,6.0,0.0,0.0,0.0,0.0,0.0,0.0,0.0,0.0,0.0,0.0,0.0,0.0,3.0,0.0,1.0,3.0,5.0,1.0,0.0,5.0,1.0,0.0,0.0,1.0,0.0,0.0,"Dec 31, 2018"
2702,3105046.0,998.0,Basrah,Basrah,Al-hakeem,البصرة-القبلة-حي الحكيم,30.4567041,47.8011762832,8.0,48.0,0.0,2.0,0.0,0.0,0.0,0.0,0.0,0.0,0.0,0.0,0.0,0.0,0.0,0.0,6.0,0.0,0.0,0.0,0.0,2.0,0.0,0.0,0.0,0.0,0.0,0.0,6.0,0.0,0.0,6.0,0.0,0.0,0.0,0.0,0.0,0.0,0.0,0.0,2.0,0.0,0.0,2.0,2.0,0.0,4.0,2.0,0.0,4.0,0.0,0.0,0.0,0.0,0.0,0.0,0.0,0.0,"Dec 31, 2018"
2703,3105047.0,951.0,Basrah,Basrah,Al-hakemia,البصرة-الحكيمية,30.5269103,47.8152058939,11.0,66.0,0.0,0.0,0.0,0.0,0.0,0.0,0.0,0.0,0.0,0.0,0.0,0.0,7.0,0.0,4.0,0.0,0.0,0.0,0.0,2.0,0.0,0.0,0.0,0.0,0.0,0.0,9.0,0.0,0.0,9.0,0.0,0.0,0.0,0.0,0.0,0.0,0.0,0.0,1.0,0.0,3.0,1.0,3.0,3.0,1.0,3.0,1.0,1.0,1.0,1.0,1.0,1.0,0.0,1.0,0.0,0.0,"Dec 31, 2018"
2704,3105049.0,1275.0,Basrah,Basrah,Al-Jnaina,الجنينة ,30.5412488497,47.7954450296,11.0,66.0,0.0,1.0,0.0,0.0,0.0,1.0,0.0,0.0,2.0,0.0,0.0,0.0,4.0,0.0,3.0,0.0,0.0,0.0,0.0,5.0,0.0,0.0,0.0,0.0,0.0,0.0,6.0,0.0,0.0,6.0,0.0,0.0,0.0,0.0,0.0,0.0,0.0,0.0,1.0,0.0,3.0,1.0,1.0,3.0,4.0,1.0,1.0,4.0,0.0,1.0,1.0,0.0,0.0,1.0,0.0,0.0,"Dec 31, 2018"
2705,3105050.0,986.0,Basrah,Basrah,Al-jubaila_,الجبيله,30.5460512743,47.8099870378,11.0,66.0,0.0,2.0,0.0,0.0,0.0,0.0,0.0,0.0,0.0,0.0,0.0,0.0,5.0,0.0,4.0,0.0,0.0,0.0,0.0,3.0,0.0,0.0,0.0,0.0,0.0,0.0,8.0,0.0,0.0,8.0,0.0,0.0,0.0,0.0,0.0,0.0,0.0,0.0,1.0,0.0,3.0,1.0,3.0,3.0,4.0,3.0,0.0,4.0,0.0,0.0,0.0,0.0,0.0,0.0,0.0,0.0,"Dec 31, 2018"
2706,3105052.0,847.0,Basrah,Basrah,Al-meshraq al-qadeem,البصرة-المشراق القديم,30.4908240585,47.8161600456,10.0,60.0,4.0,0.0,0.0,0.0,0.0,0.0,0.0,0.0,0.0,0.0,0.0,0.0,4.0,0.0,2.0,0.0,0.0,0.0,0.0,6.0,0.0,0.0,0.0,0.0,0.0,0.0,4.0,0.0,0.0,4.0,0.0,0.0,0.0,0.0,0.0,0.0,0.0,0.0,2.0,0.0,1.0,2.0,1.0,1.0,5.0,1.0,1.0,5.0,0.0,1.0,0.0,0.0,0.0,0.0,0.0,0.0,"Dec 31, 2018"
2707,3105053.0,1306.0,Basrah,Basrah,Al-Mishraq Al-Jadeed,البصرة-المشراق-المشراق الجديد,30.484874393,47.8122007951,9.0,54.0,2.0,0.0,0.0,0.0,0.0,1.0,0.0,0.0,0.0,0.0,0.0,0.0,4.0,0.0,2.0,0.0,0.0,0.0,0.0,2.0,0.0,0.0,0.0,0.0,0.0,0.0,7.0,0.0,0.0,7.0,0.0,0.0,0.0,0.0,0.0,0.0,0.0,0.0,1.0,0.0,1.0,1.0,3.0,1.0,1.0,3.0,2.0,1.0,0.0,2.0,1.0,0.0,0.0,1.0,0.0,0.0,"Dec 31, 2018"
2708,3105054.0,849.0,Basrah,Basrah,Al-mutaiha,المطيحة ,30.4843211,47.8297065509,13.0,78.0,3.0,0.0,0.0,0.0,0.0,0.0,0.0,0.0,0.0,0.0,0.0,0.0,6.0,0.0,4.0,0.0,0.0,0.0,0.0,6.0,0.0,0.0,0.0,0.0,0.0,0.0,7.0,0.0,0.0,7.0,0.0,0.0,0.0,0.0,0.0,0.0,0.0,0.0,1.0,0.0,1.0,1.0,1.0,1.0,5.0,1.0,0.0,5.0,1.0,0.0,4.0,1.0,0.0,4.0,0.0,0.0,"Dec 31, 2018"
2709,3105057.0,24674.0,Basrah,Basrah,Al-Rubat Al Saghir,البصرة-الرباط الصغير,30.5291235,47.8339107,1.0,6.0,0.0,0.0,0.0,0.0,0.0,0.0,0.0,0.0,1.0,0.0,0.0,0.0,0.0,0.0,0.0,0.0,0.0,0.0,0.0,0.0,0.0,1.0,0.0,0.0,1.0,0.0,0.0,0.0,0.0,0.0,0.0,0.0,0.0,0.0,0.0,0.0,0.0,0.0,0.0,0.0,0.0,0.0,0.0,0.0,1.0,0.0,0.0,1.0,0.0,0.0,0.0,0.0,0.0,0.0,0.0,0.0,"Dec 31, 2018"
2710,3105059.0,896.0,Basrah,Basrah,Al-tahseeniya al-qadeema,التحسينية القديمة,30.5055609,47.8192261,4.0,24.0,1.0,0.0,0.0,0.0,0.0,0.0,0.0,0.0,0.0,0.0,0.0,0.0,3.0,0.0,0.0,0.0,0.0,0.0,0.0,0.0,0.0,0.0,0.0,0.0,0.0,0.0,4.0,0.0,0.0,4.0,0.0,0.0,0.0,0.0,0.0,0.0,0.0,0.0,1.0,0.0,0.0,1.0,1.0,0.0,0.0,1.0,1.0,0.0,0.0,1.0,1.0,0.0,0.0,1.0,0.0,0.0,"Dec 31, 2018"
2711,3105061.0,918.0,Basrah,Basrah,As-sa_ii,الساعي,30.5113981,47.8266545,2.0,12.0,0.0,0.0,0.0,0.0,0.0,0.0,0.0,0.0,0.0,0.0,0.0,0.0,2.0,0.0,0.0,0.0,0.0,0.0,0.0,0.0,0.0,0.0,0.0,0.0,0.0,0.0,2.0,0.0,0.0,2.0,0.0,0.0,0.0,0.0,0.0,0.0,0.0,0.0,0.0,0.0,0.0,0.0,2.0,0.0,0.0,2.0,0.0,0.0,0.0,0.0,0.0,0.0,0.0,0.0,0.0,0.0,"Dec 31, 2018"
2712,3105062.0,857.0,Basrah,Basrah,As-safat-Al Qadima,البصرة القديمة-الصفاة,30.495005,47.8175249151,6.0,36.0,3.0,0.0,0.0,0.0,0.0,0.0,0.0,0.0,0.0,0.0,0.0,0.0,0.0,0.0,3.0,0.0,0.0,0.0,0.0,6.0,0.0,0.0,0.0,0.0,0.0,0.0,0.0,0.0,0.0,0.0,0.0,0.0,0.0,0.0,0.0,0.0,0.0,0.0,0.0,0.0,0.0,0.0,3.0,0.0,3.0,3.0,0.0,3.0,0.0,0.0,0.0,0.0,0.0,0.0,0.0,0.0,"Dec 31, 2018"
2713,3105064.0,903.0,Basrah,Basrah,At-tahseeniya al-jadeda,البصرة-التحسينية-التحسينية الجديده,30.5077442,47.8222275,3.0,18.0,1.0,0.0,0.0,0.0,0.0,0.0,0.0,0.0,0.0,0.0,0.0,0.0,1.0,0.0,1.0,0.0,0.0,0.0,0.0,3.0,0.0,0.0,0.0,0.0,0.0,0.0,0.0,0.0,0.0,0.0,0.0,0.0,0.0,0.0,0.0,0.0,0.0,0.0,0.0,0.0,1.0,0.0,0.0,1.0,2.0,0.0,0.0,2.0,0.0,0.0,0.0,0.0,0.0,0.0,0.0,0.0,"Dec 31, 2018"
2714,3105066.0,24624.0,Basrah,Basrah,Basra al qadima-Al Sadoniyah,البصرة القديمة-السعدونية,30.4965284477,47.8046161031,7.0,42.0,1.0,0.0,0.0,0.0,0.0,2.0,0.0,0.0,1.0,0.0,0.0,0.0,2.0,0.0,1.0,0.0,0.0,0.0,0.0,3.0,0.0,0.0,0.0,0.0,0.0,0.0,4.0,0.0,0.0,4.0,0.0,0.0,0.0,0.0,0.0,0.0,0.0,0.0,2.0,0.0,1.0,2.0,2.0,1.0,1.0,2.0,1.0,1.0,0.0,1.0,0.0,0.0,0.0,0.0,0.0,0.0,"Dec 31, 2018"
2715,3105068.0,907.0,Basrah,Basrah,Braiha,بريهة ,30.5131295184,47.8382103793,10.0,60.0,3.0,0.0,0.0,0.0,0.0,0.0,0.0,0.0,0.0,0.0,0.0,0.0,6.0,0.0,1.0,0.0,0.0,0.0,0.0,3.0,0.0,0.0,0.0,0.0,0.0,0.0,7.0,0.0,0.0,7.0,0.0,0.0,0.0,0.0,0.0,0.0,0.0,0.0,0.0,0.0,0.0,0.0,10.0,0.0,0.0,10.0,0.0,0.0,0.0,0.0,0.0,0.0,0.0,0.0,0.0,0.0,"Dec 31, 2018"
2716,3105069.0,24182.0,Basrah,Basrah,Casino Lebnan,البصرة-كازينو لبنان,30.5077651,47.8081170511,20.0,120.0,0.0,0.0,0.0,0.0,0.0,0.0,0.0,0.0,0.0,0.0,0.0,0.0,20.0,0.0,0.0,0.0,0.0,0.0,0.0,0.0,0.0,20.0,0.0,0.0,20.0,0.0,0.0,0.0,0.0,0.0,0.0,0.0,0.0,0.0,0.0,0.0,0.0,0.0,0.0,0.0,7.0,0.0,9.0,7.0,4.0,9.0,0.0,4.0,0.0,0.0,0.0,0.0,0.0,0.0,0.0,0.0,"Dec 31, 2018"
2717,3105070.0,1295.0,Basrah,Basrah,Door Al Dubbat,دور الضباط,30.5341191591,47.7887255493,12.0,72.0,3.0,0.0,0.0,0.0,0.0,0.0,0.0,0.0,1.0,0.0,0.0,0.0,0.0,0.0,8.0,0.0,0.0,0.0,0.0,2.0,0.0,0.0,0.0,0.0,0.0,0.0,10.0,0.0,0.0,10.0,0.0,0.0,0.0,0.0,0.0,0.0,0.0,0.0,0.0,0.0,0.0,0.0,0.0,0.0,9.0,0.0,2.0,9.0,0.0,2.0,1.0,0.0,0.0,1.0,0.0,0.0,"Dec 31, 2018"
2718,3105071.0,983.0,Basrah,Basrah,Door al-hendiya,دور الهندية ,30.5448277391,47.7894370441,5.0,30.0,0.0,0.0,0.0,0.0,0.0,0.0,0.0,0.0,1.0,0.0,0.0,0.0,1.0,0.0,3.0,0.0,0.0,0.0,0.0,0.0,0.0,0.0,0.0,0.0,0.0,0.0,5.0,0.0,0.0,5.0,0.0,0.0,0.0,0.0,0.0,0.0,0.0,0.0,0.0,0.0,0.0,0.0,1.0,0.0,4.0,1.0,0.0,4.0,0.0,0.0,0.0,0.0,0.0,0.0,0.0,0.0,"Dec 31, 2018"
2719,3105072.0,1284.0,Basrah,Basrah,Door Al-Shooen,دور الشؤون,30.4947758,47.8109357,4.0,24.0,3.0,0.0,0.0,0.0,0.0,1.0,0.0,0.0,0.0,0.0,0.0,0.0,0.0,0.0,0.0,0.0,0.0,0.0,0.0,1.0,0.0,0.0,0.0,0.0,0.0,0.0,3.0,0.0,0.0,3.0,0.0,0.0,0.0,0.0,0.0,0.0,0.0,0.0,0.0,0.0,0.0,0.0,1.0,0.0,3.0,1.0,0.0,3.0,0.0,0.0,0.0,0.0,0.0,0.0,0.0,0.0,"Dec 31, 2018"
2720,3105073.0,966.0,Basrah,Basrah,Door as-sailo_,دور السايلو,30.5375143909,47.809472561,4.0,24.0,1.0,0.0,0.0,0.0,0.0,1.0,0.0,0.0,1.0,0.0,0.0,0.0,1.0,0.0,0.0,0.0,0.0,0.0,0.0,3.0,0.0,0.0,0.0,0.0,0.0,0.0,1.0,0.0,0.0,1.0,0.0,0.0,0.0,0.0,0.0,0.0,0.0,0.0,0.0,0.0,1.0,0.0,1.0,1.0,2.0,1.0,0.0,2.0,0.0,0.0,0.0,0.0,0.0,0.0,0.0,0.0,"Dec 31, 2018"
2721,3105074.0,1048.0,Basrah,Basrah,Door at-taqa,دور الطاقة ,30.6771433,47.7452379,2.0,12.0,0.0,2.0,0.0,0.0,0.0,0.0,0.0,0.0,0.0,0.0,0.0,0.0,0.0,0.0,0.0,0.0,0.0,0.0,0.0,2.0,0.0,0.0,0.0,0.0,0.0,0.0,0.0,0.0,0.0,0.0,0.0,0.0,0.0,0.0,0.0,0.0,0.0,0.0,0.0,0.0,0.0,0.0,0.0,0.0,2.0,0.0,0.0,2.0,0.0,0.0,0.0,0.0,0.0,0.0,0.0,0.0,"Dec 31, 2018"
2722,3105076.0,934.0,Basrah,Basrah,Durr Al Naaft,البصرة-دور النفط,30.5272782877,47.7869949799,2.0,12.0,0.0,0.0,0.0,0.0,0.0,0.0,0.0,0.0,0.0,0.0,0.0,0.0,2.0,0.0,0.0,0.0,0.0,0.0,0.0,0.0,0.0,0.0,0.0,0.0,0.0,0.0,2.0,0.0,0.0,2.0,0.0,0.0,0.0,0.0,0.0,0.0,0.0,0.0,1.0,0.0,0.0,1.0,0.0,0.0,1.0,0.0,0.0,1.0,0.0,0.0,0.0,0.0,0.0,0.0,0.0,0.0,"Dec 31, 2018"
2723,3105079.0,954.0,Basrah,Basrah,Hai al-bato_l,حي البتول,30.5377253103,47.7803027587,6.0,36.0,1.0,0.0,0.0,0.0,0.0,0.0,0.0,0.0,0.0,0.0,0.0,0.0,1.0,0.0,4.0,0.0,0.0,0.0,0.0,2.0,0.0,0.0,0.0,0.0,0.0,0.0,4.0,0.0,0.0,4.0,0.0,0.0,0.0,0.0,0.0,0.0,0.0,0.0,1.0,0.0,0.0,1.0,2.0,0.0,3.0,2.0,0.0,3.0,0.0,0.0,0.0,0.0,0.0,0.0,0.0,0.0,"Dec 31, 2018"
2724,3105080.0,869.0,Basrah,Basrah,Hai al-hussain-2,الحيانية-حي الحسين 2,30.4968692,47.7728658,4.0,24.0,1.0,0.0,0.0,0.0,0.0,0.0,0.0,0.0,1.0,0.0,0.0,0.0,1.0,0.0,1.0,0.0,0.0,0.0,0.0,2.0,0.0,0.0,0.0,0.0,0.0,0.0,2.0,0.0,0.0,2.0,0.0,0.0,0.0,0.0,0.0,0.0,0.0,0.0,1.0,0.0,0.0,1.0,0.0,0.0,1.0,0.0,1.0,1.0,0.0,1.0,1.0,0.0,0.0,1.0,0.0,0.0,"Dec 31, 2018"
2725,3105081.0,854.0,Basrah,Basrah,Hai al-kafa_at,البصرة-حي الكفاءات,30.4915877,47.7995977218,5.0,30.0,0.0,0.0,0.0,0.0,0.0,0.0,0.0,0.0,0.0,0.0,0.0,0.0,4.0,0.0,1.0,0.0,0.0,0.0,0.0,5.0,0.0,0.0,0.0,0.0,0.0,0.0,0.0,0.0,0.0,0.0,0.0,0.0,0.0,0.0,0.0,0.0,0.0,0.0,0.0,0.0,0.0,0.0,1.0,0.0,3.0,1.0,1.0,3.0,0.0,1.0,0.0,0.0,0.0,0.0,0.0,0.0,"Dec 31, 2018"
2726,3105082.0,933.0,Basrah,Basrah,Hai Al-Khadhraa,حي الخضراء,30.5224816084,47.8092186461,1.0,6.0,0.0,0.0,0.0,0.0,0.0,0.0,0.0,0.0,0.0,0.0,0.0,0.0,1.0,0.0,0.0,0.0,0.0,0.0,0.0,1.0,0.0,0.0,0.0,0.0,0.0,0.0,0.0,0.0,0.0,0.0,0.0,0.0,0.0,0.0,0.0,0.0,0.0,0.0,0.0,0.0,1.0,0.0,0.0,1.0,0.0,0.0,0.0,0.0,0.0,0.0,0.0,0.0,0.0,0.0,0.0,0.0,"Dec 31, 2018"
2727,3105083.0,852.0,Basrah,Basrah,Hai al-khaleej-3,البصرة-الجمعيات-حي الخليج 3,30.5017773,47.7855969,1.0,6.0,1.0,0.0,0.0,0.0,0.0,0.0,0.0,0.0,0.0,0.0,0.0,0.0,0.0,0.0,0.0,0.0,0.0,0.0,0.0,1.0,0.0,0.0,0.0,0.0,0.0,0.0,0.0,0.0,0.0,0.0,0.0,0.0,0.0,0.0,0.0,0.0,0.0,0.0,1.0,0.0,0.0,1.0,0.0,0.0,0.0,0.0,0.0,0.0,0.0,0.0,0.0,0.0,0.0,0.0,0.0,0.0,"Dec 31, 2018"
2728,3105084.0,602.0,Basrah,Basrah,Hai al-mohandesin,البصرة-حي المهندسين,30.4646421,47.7885523952,18.0,108.0,2.0,0.0,0.0,0.0,0.0,2.0,0.0,0.0,0.0,0.0,0.0,0.0,6.0,0.0,8.0,0.0,0.0,0.0,0.0,2.0,0.0,0.0,0.0,0.0,0.0,0.0,16.0,0.0,0.0,16.0,0.0,0.0,0.0,0.0,0.0,0.0,0.0,0.0,1.0,0.0,5.0,1.0,6.0,5.0,4.0,6.0,0.0,4.0,2.0,0.0,0.0,2.0,0.0,0.0,0.0,0.0,"Dec 31, 2018"
2729,3105085.0,874.0,Basrah,Basrah,Hai al-mu_alemin,البصرة القديمة-حي المعلمين,30.4965123,47.8079573,1.0,6.0,0.0,0.0,0.0,0.0,0.0,0.0,0.0,0.0,0.0,0.0,0.0,0.0,0.0,0.0,1.0,0.0,0.0,0.0,0.0,0.0,0.0,0.0,0.0,0.0,0.0,0.0,1.0,0.0,0.0,1.0,0.0,0.0,0.0,0.0,0.0,0.0,0.0,0.0,0.0,0.0,1.0,0.0,0.0,1.0,0.0,0.0,0.0,0.0,0.0,0.0,0.0,0.0,0.0,0.0,0.0,0.0,"Dec 31, 2018"
2730,3105089.0,21099.0,Basrah,Basrah,Hay Al Hussain 4,البصرة-الحيانية-حي الحسين 4,30.4822814,47.7891097,2.0,12.0,0.0,0.0,0.0,0.0,0.0,0.0,0.0,0.0,0.0,0.0,0.0,0.0,1.0,0.0,1.0,0.0,0.0,0.0,0.0,0.0,0.0,0.0,0.0,0.0,0.0,0.0,2.0,0.0,0.0,2.0,0.0,0.0,0.0,0.0,0.0,0.0,0.0,0.0,0.0,0.0,0.0,0.0,0.0,0.0,2.0,0.0,0.0,2.0,0.0,0.0,0.0,0.0,0.0,0.0,0.0,0.0,"Dec 31, 2018"
2731,3105090.0,23897.0,Basrah,Basrah,Hay AL Hussainyia,البصرة-حي الحسينية,30.4789195,47.8298608,4.0,24.0,3.0,0.0,0.0,0.0,0.0,1.0,0.0,0.0,0.0,0.0,0.0,0.0,0.0,0.0,0.0,0.0,0.0,0.0,0.0,0.0,0.0,3.0,0.0,0.0,3.0,0.0,1.0,0.0,0.0,1.0,0.0,0.0,0.0,0.0,0.0,0.0,0.0,0.0,1.0,0.0,1.0,1.0,0.0,1.0,2.0,0.0,0.0,2.0,0.0,0.0,0.0,0.0,0.0,0.0,0.0,0.0,"Dec 31, 2018"
2732,3105091.0,24126.0,Basrah,Basrah,Hay Al Jamiah,البصرة-القبلة-حي الجامعة,30.4735456,47.804901131,15.0,90.0,3.0,0.0,0.0,0.0,0.0,0.0,0.0,0.0,0.0,0.0,0.0,0.0,8.0,0.0,4.0,0.0,0.0,0.0,0.0,1.0,0.0,0.0,0.0,0.0,0.0,0.0,14.0,0.0,0.0,14.0,0.0,0.0,0.0,0.0,0.0,0.0,0.0,0.0,0.0,0.0,3.0,0.0,6.0,3.0,2.0,6.0,3.0,2.0,0.0,3.0,1.0,0.0,0.0,1.0,0.0,0.0,"Dec 31, 2018"
2733,3105092.0,21096.0,Basrah,Basrah,Hay Al Qaim 2,البصرة-القبلة-القائم 2,30.4768988996,47.8151532439,3.0,18.0,0.0,0.0,0.0,0.0,0.0,0.0,0.0,0.0,2.0,0.0,0.0,0.0,1.0,0.0,0.0,0.0,0.0,0.0,0.0,2.0,0.0,0.0,0.0,0.0,0.0,0.0,1.0,0.0,0.0,1.0,0.0,0.0,0.0,0.0,0.0,0.0,0.0,0.0,0.0,0.0,0.0,0.0,0.0,0.0,2.0,0.0,0.0,2.0,1.0,0.0,0.0,1.0,0.0,0.0,0.0,0.0,"Dec 31, 2018"
2734,3105093.0,22095.0,Basrah,Basrah,Hay Al Rasheed,البصرة-القبلة-حي الرشيد,30.4605229472,47.811367332,2.0,12.0,0.0,0.0,2.0,0.0,0.0,0.0,0.0,0.0,0.0,0.0,0.0,0.0,0.0,0.0,0.0,0.0,0.0,0.0,0.0,0.0,0.0,0.0,0.0,0.0,0.0,0.0,2.0,0.0,0.0,2.0,0.0,0.0,0.0,0.0,0.0,0.0,0.0,0.0,0.0,0.0,0.0,0.0,2.0,0.0,0.0,2.0,0.0,0.0,0.0,0.0,0.0,0.0,0.0,0.0,0.0,0.0,"Dec 31, 2018"
2735,3105094.0,860.0,Basrah,Basrah,Hay Al Risalah,البصرة-حي الرسالة,30.4988958,47.8059327148,21.0,126.0,0.0,0.0,0.0,0.0,0.0,0.0,0.0,0.0,0.0,0.0,0.0,0.0,19.0,0.0,2.0,0.0,0.0,0.0,0.0,0.0,0.0,21.0,0.0,0.0,21.0,0.0,0.0,0.0,0.0,0.0,0.0,0.0,0.0,0.0,0.0,0.0,0.0,0.0,0.0,0.0,10.0,0.0,5.0,10.0,6.0,5.0,0.0,6.0,0.0,0.0,0.0,0.0,0.0,0.0,0.0,0.0,"Dec 31, 2018"
2736,3105095.0,24479.0,Basrah,Basrah,Hay Al Shuhadaa,القبلة-حي الشهداء,30.4507384772,47.8079305237,3.0,18.0,0.0,0.0,0.0,0.0,0.0,0.0,0.0,0.0,0.0,0.0,0.0,0.0,2.0,0.0,1.0,0.0,0.0,0.0,0.0,0.0,0.0,0.0,0.0,0.0,0.0,0.0,3.0,0.0,0.0,3.0,0.0,0.0,0.0,0.0,0.0,0.0,0.0,0.0,0.0,0.0,1.0,0.0,0.0,1.0,2.0,0.0,0.0,2.0,0.0,0.0,0.0,0.0,0.0,0.0,0.0,0.0,"Dec 31, 2018"
2737,3105097.0,24595.0,Basrah,Basrah,Hay Al Zaiton,حي الزيتون,30.4746484,47.8260349,1.0,6.0,1.0,0.0,0.0,0.0,0.0,0.0,0.0,0.0,0.0,0.0,0.0,0.0,0.0,0.0,0.0,0.0,0.0,0.0,0.0,0.0,0.0,1.0,0.0,0.0,1.0,0.0,0.0,0.0,0.0,0.0,0.0,0.0,0.0,0.0,0.0,0.0,0.0,0.0,1.0,0.0,0.0,1.0,0.0,0.0,0.0,0.0,0.0,0.0,0.0,0.0,0.0,0.0,0.0,0.0,0.0,0.0,"Dec 31, 2018"
2738,3105098.0,1272.0,Basrah,Basrah,Hay Al-Asdiqaa,حي الاصدقاء,30.5150483,47.7766533579,5.0,30.0,0.0,0.0,0.0,0.0,0.0,0.0,0.0,0.0,3.0,0.0,0.0,0.0,1.0,0.0,1.0,0.0,0.0,0.0,0.0,1.0,0.0,1.0,0.0,0.0,1.0,0.0,3.0,0.0,0.0,3.0,0.0,0.0,0.0,0.0,0.0,0.0,0.0,0.0,2.0,0.0,0.0,2.0,2.0,0.0,1.0,2.0,0.0,1.0,0.0,0.0,0.0,0.0,0.0,0.0,0.0,0.0,"Dec 31, 2018"
2739,3105099.0,21311.0,Basrah,Basrah,Hay Al-Asmae Al-Qadeem,حي الاصمعي القديم ,30.5033731634,47.7940556079,3.0,18.0,2.0,0.0,0.0,0.0,0.0,0.0,0.0,0.0,0.0,0.0,0.0,0.0,1.0,0.0,0.0,0.0,0.0,0.0,0.0,0.0,0.0,0.0,0.0,0.0,0.0,0.0,3.0,0.0,0.0,3.0,0.0,0.0,0.0,0.0,0.0,0.0,0.0,0.0,0.0,0.0,0.0,0.0,0.0,0.0,1.0,0.0,1.0,1.0,1.0,1.0,0.0,1.0,0.0,0.0,0.0,0.0,"Dec 31, 2018"
2740,3105100.0,1271.0,Basrah,Basrah,Hay Al-Husain 3,البصرة-الحيانية-حي الحسين 3,30.4895169,47.7852075538,7.0,42.0,0.0,2.0,0.0,0.0,0.0,0.0,0.0,0.0,5.0,0.0,0.0,0.0,0.0,0.0,0.0,0.0,0.0,0.0,0.0,3.0,0.0,0.0,0.0,0.0,0.0,0.0,4.0,0.0,0.0,4.0,0.0,0.0,0.0,0.0,0.0,0.0,0.0,0.0,0.0,0.0,0.0,0.0,5.0,0.0,2.0,5.0,0.0,2.0,0.0,0.0,0.0,0.0,0.0,0.0,0.0,0.0,"Dec 31, 2018"
2741,3105102.0,911.0,Basrah,Basrah,Hay Al-Zohoor,البصرة-العشار-حي الزهور,30.5156069133,47.8426548287,5.0,30.0,1.0,0.0,0.0,0.0,0.0,0.0,0.0,0.0,0.0,0.0,0.0,0.0,3.0,0.0,1.0,0.0,0.0,0.0,0.0,1.0,0.0,0.0,0.0,0.0,0.0,4.0,0.0,4.0,0.0,0.0,0.0,0.0,0.0,0.0,0.0,0.0,0.0,0.0,0.0,0.0,0.0,0.0,4.0,0.0,1.0,4.0,0.0,1.0,0.0,0.0,0.0,0.0,0.0,0.0,0.0,0.0,"Dec 31, 2018"
2742,3105103.0,1282.0,Basrah,Basrah,Hay Tariq,البصرة-المعقل-حي طارق,30.551937,47.7613871,6.0,36.0,2.0,0.0,0.0,0.0,0.0,0.0,0.0,0.0,0.0,0.0,0.0,0.0,2.0,0.0,2.0,0.0,0.0,0.0,0.0,0.0,0.0,6.0,0.0,0.0,6.0,0.0,0.0,0.0,0.0,0.0,0.0,0.0,0.0,0.0,0.0,0.0,0.0,0.0,0.0,0.0,0.0,0.0,2.0,0.0,3.0,2.0,0.0,3.0,0.0,0.0,1.0,0.0,0.0,1.0,0.0,0.0,"Dec 31, 2018"
2743,3105108.0,393.0,Basrah,Basrah,Karmat Ali,كرمة علي(الكرمة مركز),30.5733104,47.7437518,1.0,6.0,0.0,0.0,0.0,0.0,0.0,0.0,0.0,0.0,0.0,0.0,0.0,0.0,1.0,0.0,0.0,0.0,0.0,0.0,0.0,0.0,0.0,0.0,0.0,0.0,0.0,0.0,1.0,0.0,0.0,1.0,0.0,0.0,0.0,0.0,0.0,0.0,0.0,0.0,0.0,0.0,0.0,0.0,0.0,0.0,1.0,0.0,0.0,1.0,0.0,0.0,0.0,0.0,0.0,0.0,0.0,0.0,"Dec 31, 2018"
2744,3105109.0,893.0,Basrah,Basrah,Kut al-hejaj,البصرة-كوت الحجاج,30.5044163426,47.8008912996,10.0,60.0,0.0,0.0,0.0,0.0,0.0,3.0,0.0,0.0,0.0,0.0,0.0,0.0,3.0,0.0,4.0,0.0,0.0,0.0,0.0,0.0,0.0,0.0,0.0,0.0,0.0,0.0,10.0,0.0,0.0,10.0,0.0,0.0,0.0,0.0,0.0,0.0,0.0,0.0,5.0,0.0,4.0,5.0,0.0,4.0,1.0,0.0,0.0,1.0,0.0,0.0,0.0,0.0,0.0,0.0,0.0,0.0,"Dec 31, 2018"
2745,3105111.0,21097.0,Basrah,Basrah,Manawi Lajim Quarter,مناوي لجم ,30.495666389,47.8385616537,15.0,90.0,1.0,0.0,0.0,0.0,0.0,0.0,0.0,0.0,0.0,0.0,0.0,0.0,5.0,0.0,9.0,0.0,0.0,0.0,0.0,8.0,0.0,0.0,0.0,0.0,0.0,0.0,7.0,0.0,0.0,7.0,0.0,0.0,0.0,0.0,0.0,0.0,0.0,0.0,0.0,0.0,4.0,0.0,1.0,4.0,6.0,1.0,0.0,6.0,0.0,0.0,3.0,0.0,1.0,3.0,1.0,0.0,"Dec 31, 2018"
2746,3105112.0,891.0,Basrah,Basrah,Manawi pasha,مناوي باشا,30.5084310501,47.8410613812,13.0,78.0,4.0,0.0,0.0,0.0,0.0,0.0,0.0,0.0,0.0,0.0,0.0,0.0,4.0,0.0,5.0,0.0,0.0,0.0,0.0,3.0,0.0,2.0,0.0,0.0,2.0,0.0,8.0,0.0,0.0,8.0,0.0,0.0,0.0,0.0,0.0,0.0,0.0,0.0,0.0,0.0,2.0,0.0,0.0,2.0,9.0,0.0,2.0,9.0,0.0,2.0,0.0,0.0,0.0,0.0,0.0,0.0,"Dec 31, 2018"
2747,3105114.0,23974.0,Basrah,Basrah,Mosa Kadhim,البصرة-القبلة-موسى الكاظم,30.4510794,47.7988895893,5.0,30.0,2.0,0.0,0.0,0.0,0.0,0.0,0.0,0.0,0.0,0.0,0.0,0.0,1.0,0.0,2.0,0.0,0.0,0.0,0.0,1.0,0.0,0.0,0.0,0.0,0.0,0.0,4.0,0.0,0.0,4.0,0.0,0.0,0.0,0.0,0.0,0.0,0.0,0.0,0.0,0.0,2.0,0.0,2.0,2.0,0.0,2.0,1.0,0.0,0.0,1.0,0.0,0.0,0.0,0.0,0.0,0.0,"Dec 31, 2018"
2748,3105115.0,889.0,Basrah,Basrah,Nadhran,البصرة-نظران,30.5036258756,47.8127466604,10.0,60.0,0.0,0.0,0.0,0.0,0.0,0.0,0.0,0.0,0.0,0.0,0.0,0.0,5.0,0.0,5.0,0.0,0.0,0.0,0.0,4.0,0.0,0.0,0.0,0.0,0.0,0.0,6.0,0.0,0.0,6.0,0.0,0.0,0.0,0.0,0.0,0.0,0.0,0.0,2.0,0.0,1.0,2.0,4.0,1.0,0.0,4.0,1.0,0.0,1.0,1.0,1.0,1.0,0.0,1.0,0.0,0.0,"Dec 31, 2018"
2749,3105116.0,1025.0,Basrah,Basrah,Najibiah,نجيبية ,30.5748214175,47.769548473,2.0,12.0,0.0,0.0,0.0,0.0,0.0,0.0,0.0,0.0,0.0,0.0,0.0,0.0,1.0,0.0,1.0,0.0,0.0,0.0,0.0,2.0,0.0,0.0,0.0,0.0,0.0,0.0,0.0,0.0,0.0,0.0,0.0,0.0,0.0,0.0,0.0,0.0,0.0,0.0,0.0,0.0,1.0,0.0,1.0,1.0,0.0,1.0,0.0,0.0,0.0,0.0,0.0,0.0,0.0,0.0,0.0,0.0,"Dec 31, 2018"
2750,3105117.0,899.0,Basrah,Basrah,Sabkhat al-arab,صبخة العرب,30.5070869056,47.8027312839,1.0,6.0,1.0,0.0,0.0,0.0,0.0,0.0,0.0,0.0,0.0,0.0,0.0,0.0,0.0,0.0,0.0,0.0,0.0,0.0,0.0,0.0,0.0,0.0,0.0,0.0,0.0,0.0,1.0,0.0,0.0,1.0,0.0,0.0,0.0,0.0,0.0,0.0,0.0,0.0,0.0,0.0,0.0,0.0,1.0,0.0,0.0,1.0,0.0,0.0,0.0,0.0,0.0,0.0,0.0,0.0,0.0,0.0,"Dec 31, 2018"
2751,3105118.0,897.0,Basrah,Basrah,Shuqaq al-faw,البصرة-شقق الفاو,30.5064157357,47.7943967476,1.0,6.0,1.0,0.0,0.0,0.0,0.0,0.0,0.0,0.0,0.0,0.0,0.0,0.0,0.0,0.0,0.0,0.0,0.0,0.0,0.0,0.0,0.0,0.0,0.0,0.0,0.0,0.0,1.0,0.0,0.0,1.0,0.0,0.0,0.0,0.0,0.0,0.0,0.0,0.0,1.0,0.0,0.0,1.0,0.0,0.0,0.0,0.0,0.0,0.0,0.0,0.0,0.0,0.0,0.0,0.0,0.0,0.0,"Dec 31, 2018"
2752,3105119.0,23975.0,Basrah,Basrah,Um Al Neajj,البصرة-منطقة ام النعاج,30.4788051,47.8369367775,8.0,48.0,1.0,0.0,0.0,0.0,0.0,0.0,0.0,0.0,0.0,0.0,0.0,0.0,5.0,0.0,2.0,0.0,0.0,0.0,0.0,4.0,0.0,0.0,0.0,0.0,0.0,0.0,4.0,0.0,0.0,4.0,0.0,0.0,0.0,0.0,0.0,0.0,0.0,0.0,0.0,0.0,0.0,0.0,0.0,0.0,6.0,0.0,2.0,6.0,0.0,2.0,0.0,0.0,0.0,0.0,0.0,0.0,"Dec 31, 2018"
2753,3105121.0,885.0,Basrah,Basrah,Al Khaleej2,البصرة-الجمعيات-حي الخليج 2,30.4940009,47.7888570087,4.0,24.0,0.0,0.0,0.0,0.0,0.0,0.0,0.0,0.0,0.0,0.0,0.0,0.0,3.0,0.0,1.0,0.0,0.0,0.0,0.0,1.0,0.0,0.0,0.0,0.0,0.0,0.0,2.0,0.0,0.0,2.0,0.0,0.0,0.0,0.0,1.0,0.0,0.0,1.0,0.0,0.0,1.0,0.0,3.0,1.0,0.0,3.0,0.0,0.0,0.0,0.0,0.0,0.0,0.0,0.0,0.0,0.0,"Dec 31, 2018"
2754,3105123.0,898.0,Basrah,Basrah,Al Khaleej1,البصرة-الجمعيات-حي الخليج 1,30.4881858,47.7944062527,8.0,48.0,1.0,0.0,0.0,0.0,0.0,1.0,0.0,0.0,0.0,0.0,0.0,0.0,6.0,0.0,0.0,0.0,0.0,0.0,0.0,3.0,0.0,0.0,0.0,0.0,0.0,0.0,5.0,0.0,0.0,5.0,0.0,0.0,0.0,0.0,0.0,0.0,0.0,0.0,1.0,0.0,1.0,1.0,0.0,1.0,2.0,0.0,1.0,2.0,0.0,1.0,3.0,0.0,0.0,3.0,0.0,0.0,"Dec 31, 2018"
2755,3105125.0,27328.0,Basrah,Basrah,Kut al-hejaj-al-jadeed,البصرة-كوت الحجاج الجديد,30.5104171509,47.8150974222,5.0,30.0,2.0,0.0,0.0,0.0,0.0,0.0,0.0,0.0,0.0,0.0,0.0,0.0,3.0,0.0,0.0,0.0,0.0,0.0,0.0,2.0,0.0,0.0,0.0,0.0,0.0,0.0,3.0,0.0,0.0,3.0,0.0,0.0,0.0,0.0,0.0,0.0,0.0,0.0,0.0,0.0,2.0,0.0,0.0,2.0,3.0,0.0,0.0,3.0,0.0,0.0,0.0,0.0,0.0,0.0,0.0,0.0,"Dec 31, 2018"
2756,3105126.0,959.0,Basrah,Basrah,AL Qiziza Hay AlSalam,الكزيزه-حي السلام,30.5354478233,47.7600837608,1.0,6.0,1.0,0.0,0.0,0.0,0.0,0.0,0.0,0.0,0.0,0.0,0.0,0.0,0.0,0.0,0.0,0.0,0.0,0.0,0.0,0.0,0.0,1.0,0.0,0.0,1.0,0.0,0.0,0.0,0.0,0.0,0.0,0.0,0.0,0.0,0.0,0.0,0.0,0.0,1.0,0.0,0.0,1.0,0.0,0.0,0.0,0.0,0.0,0.0,0.0,0.0,0.0,0.0,0.0,0.0,0.0,0.0,"Dec 31, 2018"
2757,3105127.0,28457.0,Basrah,Basrah,Al-Sabkha Al-Sagera,الصبخة الصغيرة ,30.503172,47.8160531,1.0,6.0,0.0,0.0,0.0,0.0,0.0,0.0,0.0,0.0,1.0,0.0,0.0,0.0,0.0,0.0,0.0,0.0,0.0,0.0,0.0,0.0,0.0,0.0,0.0,0.0,0.0,0.0,1.0,0.0,0.0,1.0,0.0,0.0,0.0,0.0,0.0,0.0,0.0,0.0,0.0,0.0,0.0,0.0,0.0,0.0,1.0,0.0,0.0,1.0,0.0,0.0,0.0,0.0,0.0,0.0,0.0,0.0,"Dec 31, 2018"
2758,3105128.0,1313.0,Basrah,Basrah,Al-Sabkha Al-Kabeera,الصبخة الكبيرة ,30.5053916,47.81649,3.0,18.0,2.0,0.0,0.0,0.0,0.0,0.0,0.0,0.0,0.0,0.0,0.0,0.0,0.0,0.0,1.0,0.0,0.0,0.0,0.0,0.0,0.0,0.0,0.0,0.0,0.0,0.0,3.0,0.0,0.0,3.0,0.0,0.0,0.0,0.0,0.0,0.0,0.0,0.0,1.0,0.0,2.0,1.0,0.0,2.0,0.0,0.0,0.0,0.0,0.0,0.0,0.0,0.0,0.0,0.0,0.0,0.0,"Dec 31, 2018"
2759,3105129.0,28473.0,Basrah,Basrah,Dwaed ,دويد ,30.4836252,47.8221471,1.0,6.0,1.0,0.0,0.0,0.0,0.0,0.0,0.0,0.0,0.0,0.0,0.0,0.0,0.0,0.0,0.0,0.0,0.0,0.0,0.0,0.0,0.0,0.0,0.0,0.0,0.0,0.0,1.0,0.0,0.0,1.0,0.0,0.0,0.0,0.0,0.0,0.0,0.0,0.0,0.0,0.0,1.0,0.0,0.0,1.0,0.0,0.0,0.0,0.0,0.0,0.0,0.0,0.0,0.0,0.0,0.0,0.0,"Dec 31, 2018"
2760,3105130.0,29482.0,Basrah,Basrah,Karmat Ali Hay Al Sadrain,كرمة علي-حي الصدرين,30.5715373,47.7116579,2.0,12.0,0.0,0.0,0.0,0.0,0.0,0.0,0.0,0.0,0.0,0.0,0.0,0.0,2.0,0.0,0.0,0.0,0.0,0.0,0.0,0.0,0.0,0.0,0.0,0.0,0.0,0.0,2.0,0.0,0.0,2.0,0.0,0.0,0.0,0.0,0.0,0.0,0.0,0.0,0.0,0.0,0.0,0.0,1.0,0.0,0.0,1.0,0.0,0.0,1.0,0.0,0.0,1.0,0.0,0.0,0.0,0.0,"Dec 31, 2018"
2761,3105131.0,29508.0,Basrah,Basrah,Mojamaa Al Hussain Al Sakni,مجمع الحسين السكني ,30.4841001,47.7955818,4.0,24.0,0.0,0.0,0.0,0.0,0.0,0.0,0.0,0.0,0.0,0.0,0.0,0.0,1.0,0.0,3.0,0.0,0.0,0.0,0.0,0.0,0.0,0.0,0.0,0.0,0.0,0.0,4.0,0.0,0.0,4.0,0.0,0.0,0.0,0.0,0.0,0.0,0.0,0.0,0.0,0.0,3.0,0.0,0.0,3.0,1.0,0.0,0.0,1.0,0.0,0.0,0.0,0.0,0.0,0.0,0.0,0.0,"Dec 31, 2018"
2762,3105132.0,29538.0,Basrah,Basrah,Al Maqil-AlAhrar,المعقل الاحرار,30.5305272,47.772336,3.0,18.0,1.0,0.0,0.0,0.0,0.0,0.0,0.0,0.0,1.0,0.0,0.0,0.0,0.0,0.0,1.0,0.0,0.0,0.0,0.0,0.0,0.0,3.0,0.0,0.0,3.0,0.0,0.0,0.0,0.0,0.0,0.0,0.0,0.0,0.0,0.0,0.0,0.0,0.0,2.0,0.0,0.0,2.0,1.0,0.0,0.0,1.0,0.0,0.0,0.0,0.0,0.0,0.0,0.0,0.0,0.0,0.0,"Dec 31, 2018"
2763,3105133.0,941.0,Basrah,Basrah,Al-Rubat Al Kabeer,البصرة-الرباط الكبير,30.530187,47.824815,1.0,6.0,0.0,0.0,0.0,0.0,0.0,1.0,0.0,0.0,0.0,0.0,0.0,0.0,0.0,0.0,0.0,0.0,0.0,0.0,0.0,0.0,0.0,0.0,0.0,0.0,0.0,0.0,1.0,0.0,0.0,1.0,0.0,0.0,0.0,0.0,0.0,0.0,0.0,0.0,0.0,0.0,0.0,0.0,1.0,0.0,0.0,1.0,0.0,0.0,0.0,0.0,0.0,0.0,0.0,0.0,0.0,0.0,"Dec 31, 2018"
2764,3105134.0,29555.0,Basrah,Basrah,Al Harthah-Altaleaa,الهارثة-الطليعة,30.5777082,47.7462435,1.0,6.0,0.0,0.0,0.0,0.0,0.0,0.0,0.0,0.0,0.0,0.0,0.0,0.0,1.0,0.0,0.0,0.0,0.0,0.0,0.0,0.0,0.0,0.0,0.0,0.0,0.0,0.0,1.0,0.0,0.0,1.0,0.0,0.0,0.0,0.0,0.0,0.0,0.0,0.0,0.0,0.0,1.0,0.0,0.0,1.0,0.0,0.0,0.0,0.0,0.0,0.0,0.0,0.0,0.0,0.0,0.0,0.0,"Dec 31, 2018"
2765,3105135.0,24124.0,Basrah,Basrah,Hai al-hussain-1,الحيانية-حي الحسين 1,30.5034234,47.7749172,2.0,12.0,2.0,0.0,0.0,0.0,0.0,0.0,0.0,0.0,0.0,0.0,0.0,0.0,0.0,0.0,0.0,0.0,0.0,0.0,0.0,0.0,0.0,0.0,0.0,0.0,0.0,1.0,1.0,1.0,0.0,1.0,0.0,0.0,0.0,0.0,0.0,0.0,0.0,0.0,0.0,0.0,0.0,0.0,1.0,0.0,1.0,1.0,0.0,1.0,0.0,0.0,0.0,0.0,0.0,0.0,0.0,0.0,"Dec 31, 2018"
2766,3105136.0,29595.0,Basrah,Basrah,Al Maqil-Al-Farancea,المعقل-الفرنسية,30.5500058,47.7790877,3.0,18.0,2.0,0.0,0.0,0.0,0.0,0.0,0.0,0.0,0.0,0.0,0.0,0.0,1.0,0.0,0.0,0.0,0.0,0.0,0.0,2.0,0.0,0.0,0.0,0.0,0.0,0.0,1.0,0.0,0.0,1.0,0.0,0.0,0.0,0.0,0.0,0.0,0.0,0.0,0.0,0.0,1.0,0.0,0.0,1.0,1.0,0.0,1.0,1.0,0.0,1.0,0.0,0.0,0.0,0.0,0.0,0.0,"Dec 31, 2018"
2767,3105138.0,29657.0,Basrah,Basrah,Shatt Al-Tuark,شط الترك,30.5597281,47.7707366,2.0,12.0,2.0,0.0,0.0,0.0,0.0,0.0,0.0,0.0,0.0,0.0,0.0,0.0,0.0,0.0,0.0,0.0,0.0,0.0,0.0,0.0,0.0,2.0,0.0,0.0,2.0,0.0,0.0,0.0,0.0,0.0,0.0,0.0,0.0,0.0,0.0,0.0,0.0,0.0,0.0,0.0,0.0,0.0,0.0,0.0,0.0,0.0,2.0,0.0,0.0,2.0,0.0,0.0,0.0,0.0,0.0,0.0,"Dec 31, 2018"
2768,3105139.0,863.0,Basrah,Basrah,Hay Al-Morabaa,الحيانية حي المربع,30.5081376,47.7697940361,9.0,54.0,0.0,0.0,0.0,0.0,0.0,0.0,0.0,0.0,2.0,0.0,0.0,0.0,3.0,0.0,4.0,0.0,0.0,0.0,0.0,1.0,0.0,0.0,0.0,0.0,0.0,0.0,8.0,0.0,0.0,8.0,0.0,0.0,0.0,0.0,0.0,0.0,0.0,0.0,2.0,0.0,0.0,2.0,0.0,0.0,4.0,0.0,0.0,4.0,3.0,0.0,0.0,3.0,0.0,0.0,0.0,0.0,"Dec 31, 2018"
2769,3105140.0,24128.0,Basrah,Basrah,Al-Wiless,المعقل الوايلس,30.544252,47.779412,4.0,24.0,3.0,0.0,0.0,0.0,0.0,0.0,0.0,0.0,0.0,0.0,0.0,0.0,1.0,0.0,0.0,0.0,0.0,0.0,0.0,1.0,0.0,0.0,0.0,0.0,0.0,0.0,3.0,0.0,0.0,3.0,0.0,0.0,0.0,0.0,0.0,0.0,0.0,0.0,2.0,0.0,0.0,2.0,0.0,0.0,2.0,0.0,0.0,2.0,0.0,0.0,0.0,0.0,0.0,0.0,0.0,0.0,"Dec 31, 2018"
2770,3105142.0,884.0,Basrah,Basrah,Al-hkadrawia,الخضراوية,30.4996943,47.8242982,3.0,18.0,2.0,0.0,0.0,0.0,0.0,0.0,0.0,0.0,0.0,0.0,0.0,0.0,1.0,0.0,0.0,0.0,0.0,0.0,0.0,3.0,0.0,0.0,0.0,0.0,0.0,0.0,0.0,0.0,0.0,0.0,0.0,0.0,0.0,0.0,0.0,0.0,0.0,0.0,0.0,0.0,0.0,0.0,0.0,0.0,2.0,0.0,1.0,2.0,0.0,1.0,0.0,0.0,0.0,0.0,0.0,0.0,"Dec 31, 2018"
2771,3105143.0,29678.0,Basrah,Basrah,Yaseen Khurebtt,ياسين خريبط,30.5275305,47.7655907,1.0,6.0,0.0,0.0,0.0,0.0,0.0,0.0,0.0,0.0,0.0,0.0,0.0,0.0,1.0,0.0,0.0,0.0,0.0,0.0,0.0,0.0,0.0,0.0,0.0,0.0,0.0,0.0,1.0,0.0,0.0,1.0,0.0,0.0,0.0,0.0,0.0,0.0,0.0,0.0,0.0,0.0,0.0,0.0,0.0,0.0,0.0,0.0,1.0,0.0,0.0,1.0,0.0,0.0,0.0,0.0,0.0,0.0,"Dec 31, 2018"
2772,3105144.0,914.0,Basrah,Basrah,Door Al-Shorta,دور الشرطة,30.5064412,47.762365,3.0,18.0,1.0,0.0,0.0,0.0,0.0,0.0,0.0,0.0,1.0,0.0,0.0,0.0,0.0,0.0,1.0,0.0,0.0,0.0,0.0,2.0,0.0,0.0,0.0,0.0,0.0,0.0,1.0,0.0,0.0,1.0,0.0,0.0,0.0,0.0,0.0,0.0,0.0,0.0,0.0,0.0,0.0,0.0,3.0,0.0,0.0,3.0,0.0,0.0,0.0,0.0,0.0,0.0,0.0,0.0,0.0,0.0,"Dec 31, 2018"
2773,3105145.0,31724.0,Basrah,Basrah,Shafqat Al-Amil,شفقة العامل,30.5497132,47.785408,4.0,24.0,0.0,0.0,0.0,0.0,0.0,0.0,0.0,0.0,4.0,0.0,0.0,0.0,0.0,0.0,0.0,0.0,0.0,0.0,0.0,0.0,0.0,4.0,0.0,0.0,4.0,0.0,0.0,0.0,0.0,0.0,0.0,0.0,0.0,0.0,0.0,0.0,0.0,0.0,0.0,0.0,0.0,0.0,4.0,0.0,0.0,4.0,0.0,0.0,0.0,0.0,0.0,0.0,0.0,0.0,0.0,0.0,"Dec 31, 2018"
2774,3105146.0,910.0,Basrah,Basrah,Door Al-Saha,دور الصحة,30.5130225,47.804324,2.0,12.0,0.0,0.0,0.0,0.0,0.0,0.0,0.0,0.0,0.0,0.0,0.0,0.0,2.0,0.0,0.0,0.0,0.0,0.0,0.0,2.0,0.0,0.0,0.0,0.0,0.0,0.0,0.0,0.0,0.0,0.0,0.0,0.0,0.0,0.0,0.0,0.0,0.0,0.0,0.0,0.0,1.0,0.0,0.0,1.0,0.0,0.0,0.0,0.0,0.0,0.0,1.0,0.0,0.0,1.0,0.0,0.0,"Dec 31, 2018"
2775,3105147.0,32088.0,Basrah,Basrah,5 Miles-AlHadi Al-Thalitha,5ميل الهادي الثالثة ,30.5445903,47.7601121,1.0,6.0,0.0,0.0,0.0,0.0,0.0,0.0,0.0,0.0,1.0,0.0,0.0,0.0,0.0,0.0,0.0,0.0,0.0,0.0,0.0,0.0,0.0,0.0,0.0,0.0,0.0,0.0,1.0,0.0,0.0,1.0,0.0,0.0,0.0,0.0,0.0,0.0,0.0,0.0,0.0,0.0,0.0,0.0,0.0,0.0,1.0,0.0,0.0,1.0,0.0,0.0,0.0,0.0,0.0,0.0,0.0,0.0,"Dec 31, 2018"
2776,3105148.0,33236.0,Basrah,Basrah,Hay Al Asatitha,حي الاساتذة,30.5347938393,47.7750976195,4.0,24.0,0.0,0.0,0.0,0.0,0.0,0.0,0.0,0.0,1.0,0.0,0.0,0.0,3.0,0.0,0.0,0.0,0.0,0.0,0.0,0.0,0.0,0.0,0.0,0.0,0.0,0.0,4.0,0.0,0.0,4.0,0.0,0.0,0.0,0.0,0.0,0.0,0.0,0.0,1.0,0.0,1.0,1.0,2.0,1.0,0.0,2.0,0.0,0.0,0.0,0.0,0.0,0.0,0.0,0.0,0.0,0.0,"Dec 31, 2018"
2777,3106002.0,25338.0,Basrah,Fao,FAO Al Shamaliya-Hay Al Salam,حي السلام,29.9796562945,48.4607789616,1.0,6.0,0.0,0.0,0.0,0.0,0.0,0.0,0.0,0.0,0.0,0.0,0.0,0.0,0.0,0.0,1.0,0.0,0.0,0.0,0.0,0.0,0.0,0.0,0.0,0.0,0.0,0.0,1.0,0.0,0.0,1.0,0.0,0.0,0.0,0.0,0.0,0.0,0.0,0.0,0.0,0.0,0.0,0.0,0.0,0.0,1.0,0.0,0.0,1.0,0.0,0.0,0.0,0.0,0.0,0.0,0.0,0.0,"Dec 31, 2018"
2778,3106003.0,25335.0,Basrah,Fao,FAO Aljanubia-Hay Al Hussain,حي الحسين,29.9736040886,48.4702247057,1.0,6.0,0.0,0.0,0.0,0.0,0.0,0.0,0.0,0.0,1.0,0.0,0.0,0.0,0.0,0.0,0.0,0.0,0.0,0.0,0.0,0.0,0.0,0.0,0.0,0.0,0.0,0.0,1.0,0.0,0.0,1.0,0.0,0.0,0.0,0.0,0.0,0.0,0.0,0.0,0.0,0.0,0.0,0.0,1.0,0.0,0.0,1.0,0.0,0.0,0.0,0.0,0.0,0.0,0.0,0.0,0.0,0.0,"Dec 31, 2018"
2779,3106004.0,25334.0,Basrah,Fao,FAO Aljanubia-Hay Al Karar,حي الكرار,29.9680501289,48.4805273658,1.0,6.0,1.0,0.0,0.0,0.0,0.0,0.0,0.0,0.0,0.0,0.0,0.0,0.0,0.0,0.0,0.0,0.0,0.0,0.0,0.0,0.0,0.0,0.0,0.0,0.0,0.0,0.0,1.0,0.0,0.0,1.0,0.0,0.0,0.0,0.0,0.0,0.0,0.0,0.0,1.0,0.0,0.0,1.0,0.0,0.0,0.0,0.0,0.0,0.0,0.0,0.0,0.0,0.0,0.0,0.0,0.0,0.0,"Dec 31, 2018"
2780,3106006.0,25337.0,Basrah,Fao,FAO Aljanubia-Hay Al Zahra,حي الزهراء,29.9624361369,48.4767056079,1.0,6.0,0.0,0.0,0.0,0.0,0.0,0.0,0.0,0.0,0.0,0.0,0.0,0.0,0.0,0.0,1.0,0.0,0.0,0.0,0.0,1.0,0.0,0.0,0.0,0.0,0.0,0.0,0.0,0.0,0.0,0.0,0.0,0.0,0.0,0.0,0.0,0.0,0.0,0.0,0.0,0.0,1.0,0.0,0.0,1.0,0.0,0.0,0.0,0.0,0.0,0.0,0.0,0.0,0.0,0.0,0.0,0.0,"Dec 31, 2018"
2781,3106009.0,25340.0,Basrah,Fao,FAO Al-Shamaliya-Hay Al-Madaina,حي المدينة,29.9787803659,48.4704447006,4.0,24.0,4.0,0.0,0.0,0.0,0.0,0.0,0.0,0.0,0.0,0.0,0.0,0.0,0.0,0.0,0.0,0.0,0.0,0.0,0.0,0.0,0.0,0.0,0.0,0.0,0.0,0.0,4.0,0.0,0.0,4.0,0.0,0.0,0.0,0.0,0.0,0.0,0.0,0.0,4.0,0.0,0.0,4.0,0.0,0.0,0.0,0.0,0.0,0.0,0.0,0.0,0.0,0.0,0.0,0.0,0.0,0.0,"Dec 31, 2018"
2782,3106012.0,29596.0,Basrah,Fao,Markaz Al Bahhar ,مركز البحار,30.1495391515,48.3735235155,2.0,12.0,0.0,0.0,0.0,0.0,0.0,0.0,0.0,0.0,0.0,0.0,0.0,0.0,0.0,0.0,2.0,0.0,0.0,0.0,0.0,0.0,0.0,0.0,0.0,0.0,0.0,0.0,2.0,0.0,0.0,2.0,0.0,0.0,0.0,0.0,0.0,0.0,0.0,0.0,0.0,0.0,0.0,0.0,1.0,0.0,1.0,1.0,0.0,1.0,0.0,0.0,0.0,0.0,0.0,0.0,0.0,0.0,"Dec 31, 2018"
2783,3107001.0,23517.0,Basrah,Shatt Al-Arab,Al Hota,الحوطة ,30.6419249,47.7734263312,26.0,156.0,10.0,0.0,0.0,0.0,0.0,0.0,0.0,0.0,2.0,0.0,0.0,0.0,13.0,0.0,1.0,0.0,0.0,0.0,0.0,10.0,0.0,3.0,0.0,0.0,3.0,0.0,13.0,0.0,0.0,13.0,0.0,0.0,0.0,0.0,0.0,0.0,0.0,0.0,0.0,0.0,9.0,0.0,3.0,9.0,7.0,3.0,6.0,7.0,0.0,6.0,1.0,0.0,0.0,1.0,0.0,0.0,"Dec 31, 2018"
2784,3107002.0,21640.0,Basrah,Shatt Al-Arab,AL Jazira 3,البصرة-شط العرب-الجزيرة 3,30.5873529,47.7927341,2.0,12.0,1.0,0.0,0.0,0.0,0.0,0.0,0.0,0.0,0.0,0.0,0.0,0.0,1.0,0.0,0.0,0.0,0.0,0.0,0.0,0.0,0.0,0.0,0.0,0.0,0.0,0.0,2.0,0.0,0.0,2.0,0.0,0.0,0.0,0.0,0.0,0.0,0.0,0.0,0.0,0.0,0.0,0.0,0.0,0.0,1.0,0.0,1.0,1.0,0.0,1.0,0.0,0.0,0.0,0.0,0.0,0.0,"Dec 31, 2018"
2785,3107007.0,25021.0,Basrah,Shatt Al-Arab,Al Nashwa-Mayah Aldhawaen,النشوة-مياح الضواعن,30.8945768,47.5228608,4.0,24.0,0.0,0.0,0.0,0.0,0.0,0.0,0.0,0.0,0.0,0.0,0.0,0.0,4.0,0.0,0.0,0.0,0.0,0.0,0.0,0.0,0.0,0.0,0.0,0.0,0.0,0.0,4.0,0.0,0.0,4.0,0.0,0.0,0.0,0.0,0.0,0.0,0.0,0.0,0.0,0.0,0.0,0.0,0.0,0.0,4.0,0.0,0.0,4.0,0.0,0.0,0.0,0.0,0.0,0.0,0.0,0.0,"Dec 31, 2018"
2786,3107008.0,23261.0,Basrah,Shatt Al-Arab,Al Sahel village,شط العرب التنومه-الساحل,30.5207947375,47.8528611164,2.0,12.0,0.0,0.0,0.0,0.0,0.0,1.0,0.0,0.0,0.0,0.0,0.0,0.0,0.0,0.0,1.0,0.0,0.0,0.0,0.0,0.0,0.0,0.0,0.0,0.0,0.0,0.0,2.0,0.0,0.0,2.0,0.0,0.0,0.0,0.0,0.0,0.0,0.0,0.0,0.0,0.0,0.0,0.0,2.0,0.0,0.0,2.0,0.0,0.0,0.0,0.0,0.0,0.0,0.0,0.0,0.0,0.0,"Dec 31, 2018"
2787,3107011.0,1013.0,Basrah,Shatt Al-Arab,Al-Kibasi Kabeer,البصرة-شط العرب-الكباسي الكبير,30.5827683,47.8102885,4.0,24.0,0.0,0.0,0.0,0.0,0.0,0.0,0.0,0.0,2.0,0.0,0.0,0.0,0.0,0.0,2.0,0.0,0.0,0.0,0.0,2.0,0.0,0.0,0.0,0.0,0.0,0.0,2.0,0.0,0.0,2.0,0.0,0.0,0.0,0.0,0.0,0.0,0.0,0.0,0.0,0.0,0.0,0.0,2.0,0.0,2.0,2.0,0.0,2.0,0.0,0.0,0.0,0.0,0.0,0.0,0.0,0.0,"Dec 31, 2018"
2788,3107013.0,645.0,Basrah,Shatt Al-Arab,As salehiyah,الصالحية ,30.5143639264,47.8734271104,21.0,126.0,1.0,0.0,17.0,0.0,0.0,1.0,0.0,0.0,2.0,0.0,0.0,0.0,0.0,0.0,0.0,0.0,0.0,0.0,0.0,2.0,0.0,17.0,0.0,0.0,17.0,0.0,2.0,0.0,0.0,2.0,0.0,0.0,0.0,0.0,0.0,0.0,0.0,0.0,0.0,0.0,1.0,0.0,4.0,1.0,16.0,4.0,0.0,16.0,0.0,0.0,0.0,0.0,0.0,0.0,0.0,0.0,"Dec 31, 2018"
2789,3107015.0,936.0,Basrah,Shatt Al-Arab,Geridlan,شط العرب التنومه-كردلان,30.5367341,47.8414586,4.0,24.0,0.0,0.0,0.0,0.0,0.0,2.0,0.0,0.0,2.0,0.0,0.0,0.0,0.0,0.0,0.0,0.0,0.0,0.0,0.0,0.0,0.0,0.0,0.0,0.0,0.0,0.0,4.0,0.0,0.0,4.0,0.0,0.0,0.0,0.0,0.0,0.0,0.0,0.0,1.0,0.0,1.0,1.0,2.0,1.0,0.0,2.0,0.0,0.0,0.0,0.0,0.0,0.0,0.0,0.0,0.0,0.0,"Dec 31, 2018"
2790,3107016.0,21637.0,Basrah,Shatt Al-Arab,Hay Al Ghadeer,شط العرب التنومه-حي الغدير,30.5255047,47.8615537,1.0,6.0,0.0,0.0,0.0,0.0,0.0,1.0,0.0,0.0,0.0,0.0,0.0,0.0,0.0,0.0,0.0,0.0,0.0,0.0,0.0,0.0,0.0,0.0,0.0,0.0,0.0,0.0,1.0,0.0,0.0,1.0,0.0,0.0,0.0,0.0,0.0,0.0,0.0,0.0,0.0,0.0,1.0,0.0,0.0,1.0,0.0,0.0,0.0,0.0,0.0,0.0,0.0,0.0,0.0,0.0,0.0,0.0,"Dec 31, 2018"
2791,3107018.0,960.0,Basrah,Shatt Al-Arab,Hay al-jami_a,البصرة-شط العرب-حي الجامعة,30.5412141294,47.8570832066,5.0,30.0,0.0,0.0,0.0,0.0,0.0,0.0,0.0,0.0,1.0,0.0,0.0,0.0,1.0,0.0,3.0,0.0,0.0,0.0,0.0,0.0,0.0,2.0,0.0,0.0,2.0,0.0,3.0,0.0,0.0,3.0,0.0,0.0,0.0,0.0,0.0,0.0,0.0,0.0,0.0,0.0,1.0,0.0,0.0,1.0,4.0,0.0,0.0,4.0,0.0,0.0,0.0,0.0,0.0,0.0,0.0,0.0,"Dec 31, 2018"
2792,3107020.0,25723.0,Basrah,Shatt Al-Arab,Markaz Shat Al-Arab-Al Jazira 4,البصرة-شط العرب-الجزيرة 4,30.61308816,47.77763296,1.0,6.0,0.0,0.0,0.0,0.0,0.0,0.0,0.0,0.0,0.0,0.0,0.0,0.0,1.0,0.0,0.0,0.0,0.0,0.0,0.0,1.0,0.0,0.0,0.0,0.0,0.0,0.0,0.0,0.0,0.0,0.0,0.0,0.0,0.0,0.0,0.0,0.0,0.0,0.0,0.0,0.0,0.0,0.0,0.0,0.0,0.0,0.0,0.0,0.0,0.0,0.0,1.0,0.0,0.0,1.0,0.0,0.0,"Dec 31, 2018"
2793,3107022.0,24531.0,Basrah,Shatt Al-Arab,Shatt Al-Arab-Tanoma-36 St,شط العرب التنومه-شارع 36,30.5317323,47.8525786,2.0,12.0,0.0,0.0,0.0,0.0,0.0,0.0,0.0,0.0,2.0,0.0,0.0,0.0,0.0,0.0,0.0,0.0,0.0,0.0,0.0,0.0,0.0,0.0,0.0,0.0,0.0,0.0,2.0,0.0,0.0,2.0,0.0,0.0,0.0,0.0,0.0,0.0,0.0,0.0,0.0,0.0,2.0,0.0,0.0,2.0,0.0,0.0,0.0,0.0,0.0,0.0,0.0,0.0,0.0,0.0,0.0,0.0,"Dec 31, 2018"
2794,3107024.0,25461.0,Basrah,Shatt Al-Arab,Shatt Al-Arab-Tanoma-17 St,التنومه شارع 17,30.531169,47.8564193,4.0,24.0,0.0,4.0,0.0,0.0,0.0,0.0,0.0,0.0,0.0,0.0,0.0,0.0,0.0,0.0,0.0,0.0,0.0,0.0,0.0,0.0,0.0,0.0,0.0,0.0,0.0,0.0,4.0,0.0,0.0,4.0,0.0,0.0,0.0,0.0,0.0,0.0,0.0,0.0,0.0,0.0,4.0,0.0,0.0,4.0,0.0,0.0,0.0,0.0,0.0,0.0,0.0,0.0,0.0,0.0,0.0,0.0,"Dec 31, 2018"
2795,3107025.0,24775.0,Basrah,Shatt Al-Arab,Street 40,شط العرب التنومه-شارع 40,30.5291951,47.8500717,1.0,6.0,0.0,0.0,0.0,0.0,0.0,0.0,0.0,0.0,0.0,0.0,0.0,0.0,1.0,0.0,0.0,0.0,0.0,0.0,0.0,0.0,0.0,0.0,0.0,0.0,0.0,0.0,1.0,0.0,0.0,1.0,0.0,0.0,0.0,0.0,0.0,0.0,0.0,0.0,0.0,0.0,1.0,0.0,0.0,1.0,0.0,0.0,0.0,0.0,0.0,0.0,0.0,0.0,0.0,0.0,0.0,0.0,"Dec 31, 2018"
2796,3107028.0,30701.0,Basrah,Shatt Al-Arab,Alzregi,الزريجي,30.7608768,47.698834,1.0,6.0,0.0,0.0,0.0,0.0,0.0,0.0,0.0,0.0,0.0,0.0,0.0,0.0,1.0,0.0,0.0,0.0,0.0,0.0,0.0,1.0,0.0,0.0,0.0,0.0,0.0,0.0,0.0,0.0,0.0,0.0,0.0,0.0,0.0,0.0,0.0,0.0,0.0,0.0,0.0,0.0,0.0,0.0,0.0,0.0,0.0,0.0,0.0,0.0,0.0,0.0,1.0,0.0,0.0,1.0,0.0,0.0,"Dec 31, 2018"
2797,3201002.0,23871.0,Missan,Al-Kahla,Al Sader Al karima,ناحية المشرح-قرية صدر الكريمه,31.854462465,47.3402122557,3.0,18.0,0.0,0.0,3.0,0.0,0.0,0.0,0.0,0.0,0.0,0.0,0.0,0.0,0.0,0.0,0.0,0.0,0.0,0.0,0.0,0.0,0.0,3.0,0.0,0.0,3.0,0.0,0.0,0.0,0.0,0.0,0.0,0.0,0.0,0.0,0.0,0.0,0.0,0.0,0.0,0.0,0.0,0.0,3.0,0.0,0.0,3.0,0.0,0.0,0.0,0.0,0.0,0.0,0.0,0.0,0.0,0.0,"Dec 31, 2018"
2798,3201005.0,16292.0,Missan,Al-Kahla,Hay Al Nahdha,حي النهضه,31.6764868174,47.2935188152,2.0,12.0,0.0,0.0,0.0,0.0,0.0,0.0,0.0,0.0,2.0,0.0,0.0,0.0,0.0,0.0,0.0,0.0,0.0,0.0,0.0,1.0,0.0,0.0,0.0,0.0,0.0,0.0,1.0,0.0,0.0,1.0,0.0,0.0,0.0,0.0,0.0,0.0,0.0,0.0,0.0,0.0,0.0,0.0,2.0,0.0,0.0,2.0,0.0,0.0,0.0,0.0,0.0,0.0,0.0,0.0,0.0,0.0,"Dec 31, 2018"
2799,3201010.0,27379.0,Missan,Al-Kahla,Al Kharaba Village,قرية الخرابه,31.8450940759,47.3551006224,1.0,6.0,0.0,0.0,1.0,0.0,0.0,0.0,0.0,0.0,0.0,0.0,0.0,0.0,0.0,0.0,0.0,0.0,0.0,0.0,0.0,0.0,0.0,0.0,0.0,0.0,0.0,0.0,1.0,0.0,0.0,1.0,0.0,0.0,0.0,0.0,0.0,0.0,0.0,0.0,0.0,0.0,0.0,0.0,0.0,0.0,1.0,0.0,0.0,1.0,0.0,0.0,0.0,0.0,0.0,0.0,0.0,0.0,"Dec 31, 2018"
2800,3201011.0,29505.0,Missan,Al-Kahla,Hay 15 Sahaban,حي 15 شعبان,31.6756848156,47.2835301202,1.0,6.0,0.0,0.0,0.0,0.0,0.0,0.0,0.0,0.0,0.0,0.0,0.0,0.0,0.0,0.0,1.0,0.0,0.0,0.0,0.0,0.0,0.0,0.0,0.0,0.0,0.0,0.0,1.0,0.0,0.0,1.0,0.0,0.0,0.0,0.0,0.0,0.0,0.0,0.0,0.0,0.0,0.0,0.0,1.0,0.0,0.0,1.0,0.0,0.0,0.0,0.0,0.0,0.0,0.0,0.0,0.0,0.0,"Dec 31, 2018"
2801,3201012.0,22093.0,Missan,Al-Kahla,Hay Al Zahra,حي الزهراء,31.667392983,47.2964722217,1.0,6.0,0.0,0.0,0.0,0.0,0.0,0.0,0.0,0.0,0.0,0.0,0.0,0.0,1.0,0.0,0.0,0.0,0.0,0.0,0.0,0.0,0.0,0.0,0.0,0.0,0.0,0.0,1.0,0.0,0.0,1.0,0.0,0.0,0.0,0.0,0.0,0.0,0.0,0.0,0.0,0.0,1.0,0.0,0.0,1.0,0.0,0.0,0.0,0.0,0.0,0.0,0.0,0.0,0.0,0.0,0.0,0.0,"Dec 31, 2018"
2802,3202001.0,16170.0,Missan,Al-Maimouna,Al turkiyah,ناحية السلام-التركيه,31.5444711796,46.9757301301,1.0,6.0,0.0,0.0,0.0,0.0,0.0,0.0,0.0,0.0,0.0,0.0,0.0,0.0,0.0,0.0,1.0,0.0,0.0,0.0,0.0,1.0,0.0,0.0,0.0,0.0,0.0,0.0,0.0,0.0,0.0,0.0,0.0,0.0,0.0,0.0,0.0,0.0,0.0,0.0,0.0,0.0,1.0,0.0,0.0,1.0,0.0,0.0,0.0,0.0,0.0,0.0,0.0,0.0,0.0,0.0,0.0,0.0,"Dec 31, 2018"
2803,3202005.0,27267.0,Missan,Al-Maimouna,Hay Al-Qasim,حي القاسم,31.6796467813,46.9623074319,2.0,12.0,0.0,0.0,1.0,0.0,0.0,1.0,0.0,0.0,0.0,0.0,0.0,0.0,0.0,0.0,0.0,0.0,0.0,0.0,0.0,1.0,0.0,0.0,0.0,0.0,0.0,0.0,1.0,0.0,0.0,1.0,0.0,0.0,0.0,0.0,0.0,0.0,0.0,0.0,0.0,0.0,0.0,0.0,1.0,0.0,1.0,1.0,0.0,1.0,0.0,0.0,0.0,0.0,0.0,0.0,0.0,0.0,"Dec 31, 2018"
2804,3203004.0,25276.0,Missan,Al-Mejar Al-Kabir,Al-Mejar Al-Kabir-Hay Al Zahra,حي الزهراء,31.5759381592,47.1638498787,7.0,42.0,0.0,0.0,3.0,0.0,0.0,0.0,0.0,0.0,4.0,0.0,0.0,0.0,0.0,0.0,0.0,0.0,0.0,0.0,0.0,3.0,0.0,0.0,0.0,0.0,0.0,0.0,4.0,0.0,0.0,4.0,0.0,0.0,0.0,0.0,0.0,0.0,0.0,0.0,0.0,0.0,6.0,0.0,1.0,6.0,0.0,1.0,0.0,0.0,0.0,0.0,0.0,0.0,0.0,0.0,0.0,0.0,"Dec 31, 2018"
2805,3203005.0,16214.0,Missan,Al-Mejar Al-Kabir,Hay al badrawi 1,حي البدراوي 1,31.5717659227,47.1682477994,6.0,36.0,0.0,0.0,0.0,0.0,0.0,0.0,0.0,0.0,5.0,0.0,0.0,0.0,0.0,0.0,1.0,0.0,0.0,0.0,0.0,3.0,0.0,0.0,0.0,0.0,0.0,0.0,3.0,0.0,0.0,3.0,0.0,0.0,0.0,0.0,0.0,0.0,0.0,0.0,0.0,0.0,1.0,0.0,2.0,1.0,2.0,2.0,0.0,2.0,0.0,0.0,1.0,0.0,0.0,1.0,0.0,0.0,"Dec 31, 2018"
2806,3203006.0,24533.0,Missan,Al-Mejar Al-Kabir,Hay Al Hassan,حي الحسن,31.5780079902,47.1795161659,3.0,18.0,0.0,0.0,1.0,0.0,0.0,0.0,0.0,0.0,1.0,0.0,0.0,0.0,1.0,0.0,0.0,0.0,0.0,0.0,0.0,0.0,0.0,0.0,0.0,0.0,0.0,0.0,3.0,0.0,0.0,3.0,0.0,0.0,0.0,0.0,0.0,0.0,0.0,0.0,0.0,0.0,0.0,0.0,2.0,0.0,1.0,2.0,0.0,1.0,0.0,0.0,0.0,0.0,0.0,0.0,0.0,0.0,"Dec 31, 2018"
2807,3203009.0,24372.0,Missan,Al-Mejar Al-Kabir,Hay Al Mulmin Al Jadid,حي المعلمين الجديد,31.5784954855,47.1653935528,4.0,24.0,0.0,0.0,0.0,0.0,0.0,0.0,0.0,0.0,0.0,0.0,0.0,0.0,4.0,0.0,0.0,0.0,0.0,0.0,0.0,1.0,0.0,0.0,0.0,0.0,0.0,0.0,0.0,0.0,0.0,0.0,0.0,0.0,3.0,0.0,0.0,3.0,0.0,0.0,0.0,0.0,2.0,0.0,1.0,2.0,1.0,1.0,0.0,1.0,0.0,0.0,0.0,0.0,0.0,0.0,0.0,0.0,"Dec 31, 2018"
2808,3203013.0,16186.0,Missan,Al-Mejar Al-Kabir,Hay al saray,حي السراي,31.5765975918,47.1677317711,2.0,12.0,0.0,0.0,0.0,0.0,0.0,0.0,0.0,0.0,2.0,0.0,0.0,0.0,0.0,0.0,0.0,0.0,0.0,0.0,0.0,1.0,0.0,0.0,0.0,0.0,0.0,0.0,1.0,0.0,0.0,1.0,0.0,0.0,0.0,0.0,0.0,0.0,0.0,0.0,0.0,0.0,0.0,0.0,0.0,0.0,2.0,0.0,0.0,2.0,0.0,0.0,0.0,0.0,0.0,0.0,0.0,0.0,"Dec 31, 2018"
2809,3203016.0,16864.0,Missan,Al-Mejar Al-Kabir,Hay Al-Hasan Al-Askarey,حي الحسن العسكري,31.5890060807,47.1591255213,1.0,6.0,0.0,0.0,0.0,0.0,0.0,0.0,0.0,0.0,0.0,0.0,0.0,0.0,1.0,0.0,0.0,0.0,0.0,0.0,0.0,1.0,0.0,0.0,0.0,0.0,0.0,0.0,0.0,0.0,0.0,0.0,0.0,0.0,0.0,0.0,0.0,0.0,0.0,0.0,0.0,0.0,1.0,0.0,0.0,1.0,0.0,0.0,0.0,0.0,0.0,0.0,0.0,0.0,0.0,0.0,0.0,0.0,"Dec 31, 2018"
2810,3203017.0,15997.0,Missan,Al-Mejar Al-Kabir,Hay Al-Hussain,حي الحسين,31.5841076605,47.1745878792,2.0,12.0,0.0,0.0,0.0,0.0,0.0,0.0,0.0,0.0,2.0,0.0,0.0,0.0,0.0,0.0,0.0,0.0,0.0,0.0,0.0,1.0,0.0,0.0,0.0,0.0,0.0,0.0,1.0,0.0,0.0,1.0,0.0,0.0,0.0,0.0,0.0,0.0,0.0,0.0,0.0,0.0,0.0,0.0,2.0,0.0,0.0,2.0,0.0,0.0,0.0,0.0,0.0,0.0,0.0,0.0,0.0,0.0,"Dec 31, 2018"
2811,3203018.0,24536.0,Missan,Al-Mejar Al-Kabir,Hay Al-Hussain-Al Adil,ناحية العدل-حي الحسين,31.4879969436,47.1147961873,2.0,12.0,0.0,0.0,0.0,0.0,0.0,0.0,0.0,0.0,0.0,0.0,0.0,0.0,2.0,0.0,0.0,0.0,0.0,0.0,0.0,0.0,0.0,0.0,0.0,2.0,0.0,0.0,0.0,0.0,0.0,0.0,0.0,0.0,0.0,0.0,0.0,0.0,0.0,0.0,0.0,0.0,0.0,0.0,2.0,0.0,0.0,2.0,0.0,0.0,0.0,0.0,0.0,0.0,0.0,0.0,0.0,0.0,"Dec 31, 2018"
2812,3203020.0,16210.0,Missan,Al-Mejar Al-Kabir,Hay al-sinaah,حي الصناعه,31.5758556732,47.1591282974,4.0,24.0,0.0,0.0,0.0,0.0,0.0,0.0,0.0,0.0,3.0,0.0,0.0,0.0,1.0,0.0,0.0,0.0,0.0,0.0,0.0,1.0,0.0,3.0,0.0,0.0,3.0,0.0,0.0,0.0,0.0,0.0,0.0,0.0,0.0,0.0,0.0,0.0,0.0,0.0,0.0,0.0,0.0,0.0,1.0,0.0,3.0,1.0,0.0,3.0,0.0,0.0,0.0,0.0,0.0,0.0,0.0,0.0,"Dec 31, 2018"
2813,3204002.0,16773.0,Missan,Ali Al-Gharbi,Al-fakhriyah,الفخريه,32.4612861845,46.68892476,5.0,30.0,1.0,0.0,0.0,0.0,0.0,0.0,0.0,0.0,0.0,0.0,0.0,0.0,3.0,0.0,1.0,0.0,0.0,0.0,0.0,0.0,0.0,2.0,0.0,0.0,2.0,0.0,3.0,0.0,0.0,3.0,0.0,0.0,0.0,0.0,0.0,0.0,0.0,0.0,0.0,0.0,1.0,0.0,3.0,1.0,1.0,3.0,0.0,1.0,0.0,0.0,0.0,0.0,0.0,0.0,0.0,0.0,"Dec 31, 2018"
2814,3204003.0,16881.0,Missan,Ali Al-Gharbi,Hay Al Batool,حي البتول,32.4760191213,46.6927463388,3.0,18.0,0.0,0.0,0.0,0.0,0.0,0.0,0.0,0.0,0.0,0.0,0.0,0.0,3.0,0.0,0.0,0.0,0.0,0.0,0.0,1.0,0.0,0.0,0.0,0.0,0.0,0.0,2.0,0.0,0.0,2.0,0.0,0.0,0.0,0.0,0.0,0.0,0.0,0.0,0.0,0.0,0.0,0.0,2.0,0.0,1.0,2.0,0.0,1.0,0.0,0.0,0.0,0.0,0.0,0.0,0.0,0.0,"Dec 31, 2018"
2815,3204006.0,22504.0,Missan,Ali Al-Gharbi,Hay Al Salam,ناحية علي الشرقي-حي السلام,32.1203880809,46.7304774912,1.0,6.0,0.0,0.0,1.0,0.0,0.0,0.0,0.0,0.0,0.0,0.0,0.0,0.0,0.0,0.0,0.0,0.0,0.0,0.0,0.0,1.0,0.0,0.0,0.0,0.0,0.0,0.0,0.0,0.0,0.0,0.0,0.0,0.0,0.0,0.0,0.0,0.0,0.0,0.0,0.0,0.0,1.0,0.0,0.0,1.0,0.0,0.0,0.0,0.0,0.0,0.0,0.0,0.0,0.0,0.0,0.0,0.0,"Dec 31, 2018"
2816,3204007.0,16833.0,Missan,Ali Al-Gharbi,Hay Al-Mualmin-Ali Al Sharqi,ناحية علي الشرقي-حي المعلمين,32.1189818443,46.7335791338,1.0,6.0,0.0,0.0,0.0,0.0,0.0,0.0,0.0,0.0,0.0,0.0,0.0,0.0,0.0,0.0,1.0,0.0,0.0,0.0,0.0,0.0,0.0,0.0,0.0,0.0,0.0,0.0,1.0,0.0,0.0,1.0,0.0,0.0,0.0,0.0,0.0,0.0,0.0,0.0,0.0,0.0,1.0,0.0,0.0,1.0,0.0,0.0,0.0,0.0,0.0,0.0,0.0,0.0,0.0,0.0,0.0,0.0,"Dec 31, 2018"
2817,3204011.0,16834.0,Missan,Ali Al-Gharbi,Hay Ramadhan-Ali Al Sharqi,ناحية علي الشرقي-حي رمضان,32.1240153119,46.7347364104,1.0,6.0,0.0,0.0,0.0,0.0,0.0,0.0,0.0,0.0,0.0,0.0,0.0,0.0,1.0,0.0,0.0,0.0,0.0,0.0,0.0,1.0,0.0,0.0,0.0,0.0,0.0,0.0,0.0,0.0,0.0,0.0,0.0,0.0,0.0,0.0,0.0,0.0,0.0,0.0,0.0,0.0,0.0,0.0,0.0,0.0,0.0,0.0,0.0,0.0,0.0,0.0,1.0,0.0,0.0,1.0,0.0,0.0,"Dec 31, 2018"
2818,3204012.0,15808.0,Missan,Ali Al-Gharbi,Najadiya,حي النجيديه,32.4782765212,46.6844933275,3.0,18.0,0.0,0.0,0.0,0.0,0.0,0.0,0.0,0.0,0.0,0.0,0.0,0.0,1.0,0.0,2.0,0.0,0.0,0.0,0.0,2.0,0.0,0.0,0.0,0.0,0.0,0.0,1.0,0.0,0.0,1.0,0.0,0.0,0.0,0.0,0.0,0.0,0.0,0.0,0.0,0.0,2.0,0.0,0.0,2.0,0.0,0.0,1.0,0.0,0.0,1.0,0.0,0.0,0.0,0.0,0.0,0.0,"Dec 31, 2018"
2819,3205001.0,24808.0,Missan,Amara,Eye of Missan,عيون ميسان,31.884478787,47.1678702906,17.0,102.0,0.0,0.0,0.0,0.0,0.0,1.0,0.0,0.0,3.0,0.0,0.0,0.0,13.0,0.0,0.0,0.0,0.0,0.0,17.0,0.0,0.0,0.0,0.0,0.0,0.0,0.0,0.0,0.0,0.0,0.0,0.0,0.0,0.0,0.0,0.0,0.0,0.0,0.0,0.0,0.0,3.0,0.0,14.0,3.0,0.0,14.0,0.0,0.0,0.0,0.0,0.0,0.0,0.0,0.0,0.0,0.0,"Dec 31, 2018"
2820,3205002.0,24532.0,Missan,Amara,Al Hay Al JameI,الحي الجامعي,31.8070592126,47.1783002623,120.0,720.0,8.0,1.0,0.0,0.0,0.0,1.0,0.0,0.0,10.0,0.0,0.0,0.0,82.0,0.0,18.0,0.0,0.0,0.0,0.0,45.0,0.0,0.0,0.0,0.0,0.0,0.0,73.0,0.0,0.0,73.0,0.0,0.0,2.0,0.0,0.0,2.0,0.0,0.0,3.0,0.0,42.0,3.0,42.0,42.0,16.0,42.0,4.0,16.0,0.0,4.0,13.0,0.0,0.0,13.0,0.0,0.0,"Dec 31, 2018"
2821,3205003.0,21620.0,Missan,Amara,Al Mudathra,قرية المدثره ,31.7857350975,47.1861363578,2.0,12.0,0.0,0.0,0.0,0.0,0.0,0.0,0.0,0.0,0.0,0.0,0.0,0.0,2.0,0.0,0.0,0.0,0.0,0.0,0.0,1.0,0.0,0.0,0.0,0.0,0.0,0.0,1.0,0.0,0.0,1.0,0.0,0.0,0.0,0.0,0.0,0.0,0.0,0.0,0.0,0.0,1.0,0.0,1.0,1.0,0.0,1.0,0.0,0.0,0.0,0.0,0.0,0.0,0.0,0.0,0.0,0.0,"Dec 31, 2018"
2822,3205005.0,24291.0,Missan,Amara,Al Rahma 2,حي الرحمه 2,31.8863477489,47.1658789459,2.0,12.0,0.0,0.0,1.0,0.0,0.0,0.0,0.0,0.0,0.0,0.0,0.0,0.0,0.0,0.0,1.0,0.0,0.0,0.0,0.0,0.0,0.0,0.0,0.0,0.0,0.0,0.0,2.0,0.0,0.0,2.0,0.0,0.0,0.0,0.0,0.0,0.0,0.0,0.0,0.0,0.0,1.0,0.0,0.0,1.0,0.0,0.0,0.0,0.0,0.0,0.0,1.0,0.0,0.0,1.0,0.0,0.0,"Dec 31, 2018"
2823,3205006.0,22208.0,Missan,Amara,Al Salam,حي السلام,31.8781183893,47.1473461086,26.0,156.0,0.0,0.0,1.0,0.0,0.0,0.0,0.0,0.0,17.0,0.0,0.0,0.0,8.0,0.0,0.0,0.0,0.0,0.0,0.0,14.0,0.0,0.0,0.0,0.0,0.0,0.0,12.0,0.0,0.0,12.0,0.0,0.0,0.0,0.0,0.0,0.0,0.0,0.0,1.0,0.0,7.0,1.0,9.0,7.0,9.0,9.0,0.0,9.0,0.0,0.0,0.0,0.0,0.0,0.0,0.0,0.0,"Dec 31, 2018"
2824,3205008.0,24416.0,Missan,Amara,Al-Imarat Al Jadeda,العمارات الجديده,31.8438911811,47.125409916,1.0,6.0,0.0,0.0,0.0,0.0,0.0,0.0,0.0,0.0,0.0,0.0,0.0,0.0,0.0,0.0,1.0,0.0,0.0,0.0,0.0,0.0,0.0,0.0,0.0,0.0,0.0,0.0,1.0,0.0,0.0,1.0,0.0,0.0,0.0,0.0,0.0,0.0,0.0,0.0,0.0,0.0,0.0,0.0,1.0,0.0,0.0,1.0,0.0,0.0,0.0,0.0,0.0,0.0,0.0,0.0,0.0,0.0,"Dec 31, 2018"
2825,3205009.0,24290.0,Missan,Amara,Al-Rahma 1,حي الرحمه 1,31.8901408229,47.1269619025,4.0,24.0,0.0,0.0,1.0,0.0,0.0,0.0,0.0,0.0,0.0,0.0,0.0,0.0,2.0,0.0,1.0,0.0,0.0,0.0,0.0,1.0,0.0,0.0,0.0,0.0,0.0,0.0,3.0,0.0,0.0,3.0,0.0,0.0,0.0,0.0,0.0,0.0,0.0,0.0,0.0,0.0,0.0,0.0,1.0,0.0,3.0,1.0,0.0,3.0,0.0,0.0,0.0,0.0,0.0,0.0,0.0,0.0,"Dec 31, 2018"
2826,3205010.0,16835.0,Missan,Amara,Hay 15 Sahaban,حي 15 شعبان,31.8449049303,47.1328791225,16.0,96.0,0.0,3.0,0.0,0.0,0.0,0.0,0.0,0.0,1.0,0.0,0.0,0.0,6.0,0.0,6.0,0.0,0.0,0.0,0.0,10.0,0.0,0.0,0.0,0.0,0.0,0.0,6.0,0.0,0.0,6.0,0.0,0.0,0.0,0.0,0.0,0.0,0.0,0.0,4.0,0.0,7.0,4.0,4.0,7.0,0.0,4.0,0.0,0.0,0.0,0.0,1.0,0.0,0.0,1.0,0.0,0.0,"Dec 31, 2018"
2827,3205011.0,24289.0,Missan,Amara,Hay 17 Rabe Al Awal,حي 17 ربيع الاول,31.8434987823,47.1377398632,3.0,18.0,0.0,0.0,0.0,0.0,0.0,1.0,0.0,0.0,0.0,0.0,0.0,0.0,1.0,0.0,1.0,0.0,0.0,0.0,0.0,3.0,0.0,0.0,0.0,0.0,0.0,0.0,0.0,0.0,0.0,0.0,0.0,0.0,0.0,0.0,0.0,0.0,0.0,0.0,0.0,0.0,1.0,0.0,0.0,1.0,1.0,0.0,0.0,1.0,0.0,0.0,1.0,0.0,0.0,1.0,0.0,0.0,"Dec 31, 2018"
2828,3205012.0,24370.0,Missan,Amara,Hay Al Baqer,حي الباقر,31.8325571297,47.1156913508,4.0,24.0,1.0,0.0,0.0,0.0,0.0,2.0,0.0,0.0,0.0,0.0,0.0,0.0,1.0,0.0,0.0,0.0,0.0,0.0,0.0,1.0,0.0,1.0,0.0,0.0,1.0,0.0,2.0,0.0,0.0,2.0,0.0,0.0,0.0,0.0,0.0,0.0,0.0,0.0,2.0,0.0,1.0,2.0,1.0,1.0,0.0,1.0,0.0,0.0,0.0,0.0,0.0,0.0,0.0,0.0,0.0,0.0,"Dec 31, 2018"
2829,3205016.0,16505.0,Missan,Amara,Hay al jidedah,حي الجديده,31.8433001273,47.1524492375,3.0,18.0,0.0,0.0,0.0,0.0,0.0,0.0,0.0,0.0,0.0,0.0,0.0,0.0,2.0,0.0,1.0,0.0,0.0,0.0,0.0,1.0,0.0,0.0,0.0,0.0,0.0,0.0,2.0,0.0,0.0,2.0,0.0,0.0,0.0,0.0,0.0,0.0,0.0,0.0,0.0,0.0,1.0,0.0,1.0,1.0,1.0,1.0,0.0,1.0,0.0,0.0,0.0,0.0,0.0,0.0,0.0,0.0,"Dec 31, 2018"
2830,3205017.0,24371.0,Missan,Amara,Hay Al Jihad,حي الجهاد,31.862702257,47.1753804396,2.0,12.0,0.0,0.0,0.0,0.0,0.0,0.0,0.0,0.0,1.0,0.0,0.0,0.0,1.0,0.0,0.0,0.0,0.0,0.0,0.0,1.0,0.0,1.0,0.0,0.0,1.0,0.0,0.0,0.0,0.0,0.0,0.0,0.0,0.0,0.0,0.0,0.0,0.0,0.0,0.0,0.0,0.0,0.0,1.0,0.0,1.0,1.0,0.0,1.0,0.0,0.0,0.0,0.0,0.0,0.0,0.0,0.0,"Dec 31, 2018"
2831,3205018.0,16568.0,Missan,Amara,Hay al karamah,حي الكرامه,31.8602720448,47.1590430879,4.0,24.0,3.0,0.0,0.0,0.0,0.0,0.0,0.0,0.0,0.0,0.0,0.0,0.0,1.0,0.0,0.0,0.0,0.0,0.0,0.0,3.0,0.0,0.0,0.0,0.0,0.0,0.0,1.0,0.0,0.0,1.0,0.0,0.0,0.0,0.0,0.0,0.0,0.0,0.0,1.0,0.0,0.0,1.0,0.0,0.0,0.0,0.0,2.0,0.0,0.0,2.0,1.0,0.0,0.0,1.0,0.0,0.0,"Dec 31, 2018"
2832,3205019.0,20844.0,Missan,Amara,Hay Al Karar,حي الكرار,31.8498908635,47.1203487964,10.0,60.0,1.0,0.0,0.0,0.0,0.0,0.0,0.0,0.0,5.0,0.0,0.0,0.0,3.0,0.0,1.0,0.0,0.0,0.0,0.0,4.0,0.0,3.0,0.0,0.0,3.0,0.0,3.0,0.0,0.0,3.0,0.0,0.0,0.0,0.0,0.0,0.0,0.0,0.0,1.0,0.0,4.0,1.0,2.0,4.0,2.0,2.0,0.0,2.0,0.0,0.0,1.0,0.0,0.0,1.0,0.0,0.0,"Dec 31, 2018"
2833,3205020.0,24781.0,Missan,Amara,Hay Al Khalij,حي الخليج,31.8351626024,47.1211537533,2.0,12.0,0.0,0.0,0.0,0.0,0.0,0.0,0.0,0.0,1.0,0.0,0.0,0.0,1.0,0.0,0.0,0.0,0.0,0.0,0.0,1.0,0.0,0.0,0.0,0.0,0.0,0.0,1.0,0.0,0.0,1.0,0.0,0.0,0.0,0.0,0.0,0.0,0.0,0.0,1.0,0.0,1.0,1.0,0.0,1.0,0.0,0.0,0.0,0.0,0.0,0.0,0.0,0.0,0.0,0.0,0.0,0.0,"Dec 31, 2018"
2834,3205021.0,16499.0,Missan,Amara,Hay al moaalimen al-qadem,حي المعلمين القديم,31.8359041074,47.1360644884,2.0,12.0,0.0,0.0,0.0,0.0,0.0,1.0,0.0,0.0,0.0,0.0,0.0,0.0,1.0,0.0,0.0,0.0,0.0,0.0,0.0,0.0,0.0,0.0,0.0,0.0,0.0,0.0,2.0,0.0,0.0,2.0,0.0,0.0,0.0,0.0,0.0,0.0,0.0,0.0,0.0,0.0,2.0,0.0,0.0,2.0,0.0,0.0,0.0,0.0,0.0,0.0,0.0,0.0,0.0,0.0,0.0,0.0,"Dec 31, 2018"
2835,3205022.0,24292.0,Missan,Amara,Hay Al Mulmin Al Jadid,حي المعلمين الجديد,31.8643097486,47.1416946128,4.0,24.0,1.0,0.0,0.0,0.0,0.0,0.0,0.0,0.0,1.0,0.0,0.0,0.0,1.0,0.0,1.0,0.0,0.0,0.0,0.0,0.0,0.0,3.0,0.0,0.0,3.0,0.0,1.0,0.0,0.0,1.0,0.0,0.0,0.0,0.0,0.0,0.0,0.0,0.0,0.0,0.0,3.0,0.0,0.0,3.0,0.0,0.0,0.0,0.0,0.0,0.0,1.0,0.0,0.0,1.0,0.0,0.0,"Dec 31, 2018"
2836,3205026.0,15991.0,Missan,Amara,Hay Al Rasool,حي الرسول,31.8191876588,47.1199329147,11.0,66.0,0.0,0.0,0.0,0.0,0.0,0.0,0.0,0.0,2.0,0.0,0.0,0.0,8.0,0.0,1.0,0.0,0.0,0.0,0.0,7.0,0.0,0.0,0.0,0.0,0.0,0.0,4.0,0.0,0.0,4.0,0.0,0.0,0.0,0.0,0.0,0.0,0.0,0.0,0.0,0.0,1.0,0.0,5.0,1.0,5.0,5.0,0.0,5.0,0.0,0.0,0.0,0.0,0.0,0.0,0.0,0.0,"Dec 31, 2018"
2837,3205029.0,16859.0,Missan,Amara,Hay Al Urooba,حي العروبه,31.8498836551,47.1624499653,3.0,18.0,0.0,0.0,0.0,0.0,0.0,0.0,0.0,0.0,0.0,0.0,0.0,0.0,3.0,0.0,0.0,0.0,0.0,0.0,0.0,0.0,0.0,0.0,0.0,0.0,0.0,0.0,3.0,0.0,0.0,3.0,0.0,0.0,0.0,0.0,0.0,0.0,0.0,0.0,0.0,0.0,1.0,0.0,1.0,1.0,1.0,1.0,0.0,1.0,0.0,0.0,0.0,0.0,0.0,0.0,0.0,0.0,"Dec 31, 2018"
2838,3205030.0,16473.0,Missan,Amara,Hay al-wehdah,حي الوحده,31.8188527599,47.1308543812,4.0,24.0,0.0,0.0,0.0,0.0,0.0,0.0,0.0,0.0,0.0,0.0,0.0,0.0,4.0,0.0,0.0,0.0,0.0,0.0,0.0,3.0,0.0,0.0,0.0,0.0,0.0,0.0,1.0,0.0,0.0,1.0,0.0,0.0,0.0,0.0,0.0,0.0,0.0,0.0,0.0,0.0,1.0,0.0,3.0,1.0,0.0,3.0,0.0,0.0,0.0,0.0,0.0,0.0,0.0,0.0,0.0,0.0,"Dec 31, 2018"
2839,3205031.0,16825.0,Missan,Amara,Hay Al-Ameer,حي الامير,31.8275145348,47.1200443085,5.0,30.0,1.0,0.0,4.0,0.0,0.0,0.0,0.0,0.0,0.0,0.0,0.0,0.0,0.0,0.0,0.0,0.0,0.0,0.0,0.0,2.0,0.0,0.0,0.0,0.0,0.0,0.0,3.0,0.0,0.0,3.0,0.0,0.0,0.0,0.0,0.0,0.0,0.0,0.0,0.0,0.0,2.0,0.0,0.0,2.0,3.0,0.0,0.0,3.0,0.0,0.0,0.0,0.0,0.0,0.0,0.0,0.0,"Dec 31, 2018"
2840,3205033.0,16830.0,Missan,Amara,Hay Al-Amen,حي الامين,31.8247607863,47.1441023983,1.0,6.0,0.0,0.0,0.0,0.0,0.0,0.0,0.0,0.0,0.0,0.0,0.0,0.0,1.0,0.0,0.0,0.0,0.0,0.0,0.0,0.0,0.0,0.0,0.0,0.0,0.0,0.0,1.0,0.0,0.0,1.0,0.0,0.0,0.0,0.0,0.0,0.0,0.0,0.0,0.0,0.0,0.0,0.0,1.0,0.0,0.0,1.0,0.0,0.0,0.0,0.0,0.0,0.0,0.0,0.0,0.0,0.0,"Dec 31, 2018"
2841,3205035.0,16822.0,Missan,Amara,Hay Al-Dafas,قرية الدفاس,31.8552482827,47.1193944274,5.0,30.0,0.0,0.0,5.0,0.0,0.0,0.0,0.0,0.0,0.0,0.0,0.0,0.0,0.0,0.0,0.0,0.0,0.0,0.0,0.0,0.0,0.0,5.0,0.0,0.0,5.0,0.0,0.0,0.0,0.0,0.0,0.0,0.0,0.0,0.0,0.0,0.0,0.0,0.0,0.0,0.0,5.0,0.0,0.0,5.0,0.0,0.0,0.0,0.0,0.0,0.0,0.0,0.0,0.0,0.0,0.0,0.0,"Dec 31, 2018"
2842,3205036.0,23872.0,Missan,Amara,Hay Al-Dawanim,حي الدوانم,31.8406441156,47.1099835262,3.0,18.0,0.0,0.0,0.0,0.0,0.0,1.0,0.0,0.0,1.0,0.0,0.0,0.0,1.0,0.0,0.0,0.0,0.0,0.0,0.0,2.0,0.0,0.0,0.0,0.0,0.0,0.0,1.0,0.0,0.0,1.0,0.0,0.0,0.0,0.0,0.0,0.0,0.0,0.0,0.0,0.0,0.0,0.0,1.0,0.0,2.0,1.0,0.0,2.0,0.0,0.0,0.0,0.0,0.0,0.0,0.0,0.0,"Dec 31, 2018"
2843,3205037.0,16497.0,Missan,Amara,Hay aleskan,حي الاسكان,31.8360005831,47.1450232342,1.0,6.0,0.0,0.0,0.0,0.0,0.0,0.0,0.0,0.0,1.0,0.0,0.0,0.0,0.0,0.0,0.0,0.0,0.0,0.0,0.0,0.0,0.0,0.0,0.0,0.0,0.0,0.0,1.0,0.0,0.0,1.0,0.0,0.0,0.0,0.0,0.0,0.0,0.0,0.0,0.0,0.0,0.0,0.0,1.0,0.0,0.0,1.0,0.0,0.0,0.0,0.0,0.0,0.0,0.0,0.0,0.0,0.0,"Dec 31, 2018"
2844,3205039.0,16816.0,Missan,Amara,Hay Al-Ghader,حي الغدير,31.8648203345,47.1536490434,12.0,72.0,3.0,0.0,0.0,0.0,0.0,1.0,0.0,0.0,5.0,0.0,0.0,0.0,2.0,0.0,1.0,0.0,0.0,0.0,0.0,6.0,0.0,1.0,0.0,0.0,1.0,0.0,5.0,0.0,0.0,5.0,0.0,0.0,0.0,0.0,0.0,0.0,0.0,0.0,3.0,0.0,3.0,3.0,4.0,3.0,2.0,4.0,0.0,2.0,0.0,0.0,0.0,0.0,0.0,0.0,0.0,0.0,"Dec 31, 2018"
2845,3205040.0,24547.0,Missan,Amara,Hay Al-Hadi,حي الهادي,31.8305884302,47.1346074622,3.0,18.0,0.0,0.0,0.0,0.0,0.0,0.0,0.0,0.0,0.0,0.0,0.0,0.0,2.0,0.0,1.0,0.0,0.0,0.0,0.0,1.0,0.0,0.0,0.0,0.0,0.0,0.0,2.0,0.0,0.0,2.0,0.0,0.0,0.0,0.0,0.0,0.0,0.0,0.0,0.0,0.0,0.0,0.0,2.0,0.0,1.0,2.0,0.0,1.0,0.0,0.0,0.0,0.0,0.0,0.0,0.0,0.0,"Dec 31, 2018"
2846,3205041.0,16808.0,Missan,Amara,Hay Al-Hasan Al-Askry,حي الحسن العسكري,31.8214932238,47.1706801095,6.0,36.0,0.0,0.0,0.0,0.0,0.0,1.0,0.0,0.0,1.0,0.0,0.0,0.0,3.0,0.0,1.0,0.0,0.0,0.0,0.0,2.0,0.0,2.0,0.0,0.0,2.0,0.0,2.0,0.0,0.0,2.0,0.0,0.0,0.0,0.0,0.0,0.0,0.0,0.0,0.0,0.0,3.0,0.0,0.0,3.0,0.0,0.0,2.0,0.0,0.0,2.0,1.0,0.0,0.0,1.0,0.0,0.0,"Dec 31, 2018"
2847,3205042.0,16552.0,Missan,Amara,Hay al-hussain al-jaded,حي الحسين الجديد,31.8371354625,47.1716920698,4.0,24.0,0.0,0.0,0.0,0.0,0.0,0.0,0.0,0.0,3.0,0.0,0.0,0.0,1.0,0.0,0.0,0.0,0.0,0.0,0.0,2.0,0.0,0.0,0.0,0.0,0.0,0.0,2.0,0.0,0.0,2.0,0.0,0.0,0.0,0.0,0.0,0.0,0.0,0.0,0.0,0.0,3.0,0.0,0.0,3.0,1.0,0.0,0.0,1.0,0.0,0.0,0.0,0.0,0.0,0.0,0.0,0.0,"Dec 31, 2018"
2848,3205043.0,16532.0,Missan,Amara,Hay Al-hussan Al-qadem,حي الحسين القديم,31.836854741,47.1609145682,1.0,6.0,0.0,0.0,0.0,0.0,0.0,0.0,0.0,0.0,1.0,0.0,0.0,0.0,0.0,0.0,0.0,0.0,0.0,0.0,0.0,1.0,0.0,0.0,0.0,0.0,0.0,0.0,0.0,0.0,0.0,0.0,0.0,0.0,0.0,0.0,0.0,0.0,0.0,0.0,0.0,0.0,1.0,0.0,0.0,1.0,0.0,0.0,0.0,0.0,0.0,0.0,0.0,0.0,0.0,0.0,0.0,0.0,"Dec 31, 2018"
2849,3205045.0,16852.0,Missan,Amara,Hay Al-Kafat,حي الكفاءات,31.8475930486,47.1405719407,4.0,24.0,0.0,0.0,0.0,0.0,0.0,0.0,0.0,0.0,0.0,0.0,0.0,0.0,3.0,0.0,1.0,0.0,0.0,0.0,0.0,3.0,0.0,0.0,0.0,0.0,0.0,0.0,1.0,0.0,0.0,1.0,0.0,0.0,0.0,0.0,0.0,0.0,0.0,0.0,1.0,0.0,2.0,1.0,0.0,2.0,1.0,0.0,0.0,1.0,0.0,0.0,0.0,0.0,0.0,0.0,0.0,0.0,"Dec 31, 2018"
2850,3205046.0,16836.0,Missan,Amara,Hay Al-Khadhraa,حي الخضراء,31.8420063425,47.1269977,1.0,6.0,0.0,0.0,0.0,0.0,0.0,1.0,0.0,0.0,0.0,0.0,0.0,0.0,0.0,0.0,0.0,0.0,0.0,0.0,0.0,1.0,0.0,0.0,0.0,0.0,0.0,0.0,0.0,0.0,0.0,0.0,0.0,0.0,0.0,0.0,0.0,0.0,0.0,0.0,0.0,0.0,0.0,0.0,1.0,0.0,0.0,1.0,0.0,0.0,0.0,0.0,0.0,0.0,0.0,0.0,0.0,0.0,"Dec 31, 2018"
2851,3205047.0,16807.0,Missan,Amara,Hay Al-Mahmoudia,حي المحموديه,31.8466202182,47.1543487434,7.0,42.0,0.0,0.0,0.0,0.0,0.0,1.0,0.0,0.0,1.0,0.0,0.0,0.0,3.0,0.0,2.0,0.0,0.0,0.0,0.0,3.0,0.0,0.0,0.0,0.0,0.0,1.0,3.0,1.0,0.0,3.0,0.0,0.0,0.0,0.0,0.0,0.0,0.0,0.0,0.0,0.0,1.0,0.0,4.0,1.0,2.0,4.0,0.0,2.0,0.0,0.0,0.0,0.0,0.0,0.0,0.0,0.0,"Dec 31, 2018"
2852,3205048.0,16850.0,Missan,Amara,Hay Al-Montadhar,حي المنتظر,31.8248253688,47.1267929481,3.0,18.0,0.0,1.0,0.0,0.0,0.0,0.0,0.0,0.0,1.0,0.0,0.0,0.0,1.0,0.0,0.0,0.0,0.0,0.0,0.0,1.0,0.0,0.0,0.0,0.0,0.0,0.0,2.0,0.0,0.0,2.0,0.0,0.0,0.0,0.0,0.0,0.0,0.0,0.0,0.0,0.0,1.0,0.0,1.0,1.0,0.0,1.0,0.0,0.0,0.0,0.0,1.0,0.0,0.0,1.0,0.0,0.0,"Dec 31, 2018"
2853,3205049.0,16845.0,Missan,Amara,Hay Al-Nafot,حي النفط,31.8231898686,47.1551228905,3.0,18.0,0.0,0.0,0.0,0.0,0.0,0.0,0.0,0.0,0.0,0.0,0.0,0.0,0.0,0.0,3.0,0.0,0.0,0.0,0.0,1.0,0.0,0.0,0.0,0.0,0.0,0.0,2.0,0.0,0.0,2.0,0.0,0.0,0.0,0.0,0.0,0.0,0.0,0.0,0.0,0.0,1.0,0.0,1.0,1.0,1.0,1.0,0.0,1.0,0.0,0.0,0.0,0.0,0.0,0.0,0.0,0.0,"Dec 31, 2018"
2854,3205050.0,16851.0,Missan,Amara,Hay Al-Rafidain,حي الرافدين,31.8527225638,47.152801808,2.0,12.0,0.0,0.0,0.0,0.0,0.0,0.0,0.0,0.0,1.0,0.0,0.0,0.0,0.0,0.0,1.0,0.0,0.0,0.0,0.0,0.0,0.0,0.0,0.0,0.0,0.0,0.0,2.0,0.0,0.0,2.0,0.0,0.0,0.0,0.0,0.0,0.0,0.0,0.0,0.0,0.0,0.0,0.0,1.0,0.0,1.0,1.0,0.0,1.0,0.0,0.0,0.0,0.0,0.0,0.0,0.0,0.0,"Dec 31, 2018"
2855,3205052.0,16817.0,Missan,Amara,Hay Al-Sadiq,حي الصادق,31.8609316264,47.168568878,6.0,36.0,1.0,0.0,1.0,0.0,0.0,0.0,0.0,0.0,1.0,0.0,0.0,0.0,3.0,0.0,0.0,0.0,0.0,0.0,0.0,3.0,0.0,0.0,0.0,0.0,0.0,0.0,3.0,0.0,0.0,3.0,0.0,0.0,0.0,0.0,0.0,0.0,0.0,0.0,0.0,0.0,2.0,0.0,3.0,2.0,0.0,3.0,0.0,0.0,0.0,0.0,1.0,0.0,0.0,1.0,0.0,0.0,"Dec 31, 2018"
2856,3205053.0,16862.0,Missan,Amara,Hay Al-Sadir,حي الصدر,31.8539072443,47.2087375611,1.0,6.0,0.0,0.0,1.0,0.0,0.0,0.0,0.0,0.0,0.0,0.0,0.0,0.0,0.0,0.0,0.0,0.0,0.0,0.0,0.0,0.0,0.0,0.0,0.0,0.0,0.0,0.0,1.0,0.0,0.0,1.0,0.0,0.0,0.0,0.0,0.0,0.0,0.0,0.0,0.0,0.0,0.0,0.0,1.0,0.0,0.0,1.0,0.0,0.0,0.0,0.0,0.0,0.0,0.0,0.0,0.0,0.0,"Dec 31, 2018"
2857,3205054.0,16848.0,Missan,Amara,Hay Al-Shahedain,حي الشهيدين,31.8455808889,47.1217170171,4.0,24.0,2.0,0.0,1.0,0.0,0.0,0.0,0.0,0.0,1.0,0.0,0.0,0.0,0.0,0.0,0.0,0.0,0.0,0.0,0.0,3.0,0.0,0.0,0.0,0.0,0.0,0.0,1.0,0.0,0.0,1.0,0.0,0.0,0.0,0.0,0.0,0.0,0.0,0.0,0.0,0.0,3.0,0.0,1.0,3.0,0.0,1.0,0.0,0.0,0.0,0.0,0.0,0.0,0.0,0.0,0.0,0.0,"Dec 31, 2018"
2858,3205055.0,16593.0,Missan,Amara,Hay Al-Shuhadaa,حي الشهداء,31.8692535876,47.1288836884,3.0,18.0,1.0,0.0,0.0,0.0,0.0,1.0,0.0,0.0,1.0,0.0,0.0,0.0,0.0,0.0,0.0,0.0,0.0,0.0,0.0,1.0,0.0,0.0,0.0,0.0,0.0,0.0,2.0,0.0,0.0,2.0,0.0,0.0,0.0,0.0,0.0,0.0,0.0,0.0,0.0,0.0,2.0,0.0,0.0,2.0,1.0,0.0,0.0,1.0,0.0,0.0,0.0,0.0,0.0,0.0,0.0,0.0,"Dec 31, 2018"
2859,3205057.0,16457.0,Missan,Amara,Hay al-yarmok,حي اليرموك,31.8466974003,47.1526435576,1.0,6.0,0.0,0.0,0.0,0.0,0.0,0.0,0.0,0.0,0.0,0.0,0.0,0.0,1.0,0.0,0.0,0.0,0.0,0.0,0.0,1.0,0.0,0.0,0.0,0.0,0.0,0.0,0.0,0.0,0.0,0.0,0.0,0.0,0.0,0.0,0.0,0.0,0.0,0.0,0.0,0.0,0.0,0.0,0.0,0.0,0.0,0.0,0.0,0.0,0.0,0.0,1.0,0.0,0.0,1.0,0.0,0.0,"Dec 31, 2018"
2860,3205058.0,16838.0,Missan,Amara,Hay Al-Zahraa,حي الزهراء,31.8745274622,47.1442000192,5.0,30.0,0.0,0.0,0.0,0.0,0.0,0.0,0.0,0.0,4.0,0.0,0.0,0.0,1.0,0.0,0.0,0.0,0.0,0.0,0.0,4.0,0.0,0.0,0.0,0.0,0.0,0.0,1.0,0.0,0.0,1.0,0.0,0.0,0.0,0.0,0.0,0.0,0.0,0.0,0.0,0.0,0.0,0.0,5.0,0.0,0.0,5.0,0.0,0.0,0.0,0.0,0.0,0.0,0.0,0.0,0.0,0.0,"Dec 31, 2018"
2861,3205059.0,24486.0,Missan,Amara,Hay Al-Zahraa-Al Kumayt,ناحية كميت-حي الزهراء,32.0330089763,46.8848531741,2.0,12.0,0.0,0.0,0.0,0.0,0.0,2.0,0.0,0.0,0.0,0.0,0.0,0.0,0.0,0.0,0.0,0.0,0.0,0.0,0.0,1.0,0.0,0.0,0.0,0.0,0.0,0.0,1.0,0.0,0.0,1.0,0.0,0.0,0.0,0.0,0.0,0.0,0.0,0.0,0.0,0.0,2.0,0.0,0.0,2.0,0.0,0.0,0.0,0.0,0.0,0.0,0.0,0.0,0.0,0.0,0.0,0.0,"Dec 31, 2018"
2862,3205060.0,16844.0,Missan,Amara,Hay Awasha,حي عواشه,31.8318130943,47.1525942453,8.0,48.0,3.0,0.0,0.0,0.0,0.0,0.0,0.0,0.0,0.0,0.0,0.0,0.0,1.0,0.0,4.0,0.0,0.0,0.0,0.0,3.0,0.0,0.0,0.0,0.0,0.0,0.0,5.0,0.0,0.0,5.0,0.0,0.0,0.0,0.0,0.0,0.0,0.0,0.0,0.0,0.0,1.0,0.0,1.0,1.0,6.0,1.0,0.0,6.0,0.0,0.0,0.0,0.0,0.0,0.0,0.0,0.0,"Dec 31, 2018"
2863,3205063.0,16813.0,Missan,Amara,Hay Nahawnd,حي نهاوند,31.8750447873,47.1381201288,5.0,30.0,0.0,0.0,0.0,0.0,0.0,1.0,0.0,0.0,2.0,0.0,0.0,0.0,2.0,0.0,0.0,0.0,0.0,0.0,0.0,2.0,0.0,1.0,0.0,0.0,1.0,0.0,2.0,0.0,0.0,2.0,0.0,0.0,0.0,0.0,0.0,0.0,0.0,0.0,0.0,0.0,2.0,0.0,2.0,2.0,1.0,2.0,0.0,1.0,0.0,0.0,0.0,0.0,0.0,0.0,0.0,0.0,"Dec 31, 2018"
2864,3205064.0,16814.0,Missan,Amara,Hay Sayed Ashur,حي سيد عاشور,31.8488391861,47.1711751912,2.0,12.0,0.0,0.0,0.0,0.0,0.0,0.0,0.0,0.0,0.0,0.0,0.0,0.0,2.0,0.0,0.0,0.0,0.0,0.0,0.0,1.0,0.0,0.0,0.0,0.0,0.0,0.0,1.0,0.0,0.0,1.0,0.0,0.0,0.0,0.0,0.0,0.0,0.0,0.0,0.0,0.0,0.0,0.0,2.0,0.0,0.0,2.0,0.0,0.0,0.0,0.0,0.0,0.0,0.0,0.0,0.0,0.0,"Dec 31, 2018"
2865,3205065.0,22826.0,Missan,Amara,Hay Sayed Jamil,حي سيد جميل,31.8518373091,47.1738935262,1.0,6.0,0.0,0.0,0.0,0.0,0.0,0.0,0.0,0.0,0.0,0.0,0.0,0.0,1.0,0.0,0.0,0.0,0.0,0.0,0.0,1.0,0.0,0.0,0.0,0.0,0.0,0.0,0.0,0.0,0.0,0.0,0.0,0.0,0.0,0.0,0.0,0.0,0.0,0.0,0.0,0.0,0.0,0.0,1.0,0.0,0.0,1.0,0.0,0.0,0.0,0.0,0.0,0.0,0.0,0.0,0.0,0.0,"Dec 31, 2018"
2866,3205066.0,24199.0,Missan,Amara,Hay Shabanah,حي الشبانه,31.8448530044,47.1453401539,4.0,24.0,0.0,0.0,0.0,0.0,0.0,0.0,0.0,0.0,2.0,0.0,0.0,0.0,2.0,0.0,0.0,0.0,0.0,0.0,0.0,1.0,0.0,1.0,0.0,0.0,1.0,0.0,2.0,0.0,0.0,2.0,0.0,0.0,0.0,0.0,0.0,0.0,0.0,0.0,0.0,0.0,2.0,0.0,0.0,2.0,2.0,0.0,0.0,2.0,0.0,0.0,0.0,0.0,0.0,0.0,0.0,0.0,"Dec 31, 2018"
2867,3205068.0,22889.0,Missan,Amara,Kusiba 1 village,قرية كصيبه 1,31.811079039,47.1544461389,5.0,30.0,0.0,0.0,0.0,0.0,0.0,0.0,0.0,0.0,0.0,0.0,0.0,0.0,0.0,0.0,5.0,0.0,0.0,0.0,0.0,3.0,0.0,0.0,0.0,0.0,0.0,0.0,2.0,0.0,0.0,2.0,0.0,0.0,0.0,0.0,0.0,0.0,0.0,0.0,0.0,0.0,3.0,0.0,0.0,3.0,2.0,0.0,0.0,2.0,0.0,0.0,0.0,0.0,0.0,0.0,0.0,0.0,"Dec 31, 2018"
2868,3205071.0,28411.0,Missan,Amara,Hay Al-Sadiq,حي الصادق,32.0377307954,46.872166067,1.0,6.0,1.0,0.0,0.0,0.0,0.0,0.0,0.0,0.0,0.0,0.0,0.0,0.0,0.0,0.0,0.0,0.0,0.0,0.0,0.0,0.0,0.0,0.0,0.0,0.0,0.0,0.0,1.0,0.0,0.0,1.0,0.0,0.0,0.0,0.0,0.0,0.0,0.0,0.0,0.0,0.0,0.0,0.0,0.0,0.0,0.0,0.0,1.0,0.0,0.0,1.0,0.0,0.0,0.0,0.0,0.0,0.0,"Dec 31, 2018"
2869,3206003.0,21220.0,Missan,Qal'at Saleh,Hay Al Ghadeer,حي الغدير,31.5289852123,47.2945328074,1.0,6.0,0.0,0.0,0.0,0.0,0.0,0.0,0.0,0.0,1.0,0.0,0.0,0.0,0.0,0.0,0.0,0.0,0.0,0.0,0.0,0.0,0.0,0.0,0.0,0.0,0.0,0.0,1.0,0.0,0.0,1.0,0.0,0.0,0.0,0.0,0.0,0.0,0.0,0.0,0.0,0.0,1.0,0.0,0.0,1.0,0.0,0.0,0.0,0.0,0.0,0.0,0.0,0.0,0.0,0.0,0.0,0.0,"Dec 31, 2018"
2870,3206004.0,21369.0,Missan,Qal'at Saleh,Hay Al Hurria,حي الحريه,31.5186842532,47.2894357249,3.0,18.0,0.0,0.0,0.0,0.0,0.0,0.0,0.0,0.0,1.0,0.0,0.0,0.0,2.0,0.0,0.0,0.0,0.0,0.0,0.0,0.0,0.0,0.0,0.0,0.0,0.0,1.0,2.0,1.0,0.0,2.0,0.0,0.0,0.0,0.0,0.0,0.0,0.0,0.0,0.0,0.0,2.0,0.0,0.0,2.0,0.0,0.0,0.0,0.0,0.0,0.0,1.0,0.0,0.0,1.0,0.0,0.0,"Dec 31, 2018"
2871,3206005.0,15777.0,Missan,Qal'at Saleh,Hay Al Husayniyah,حي الحسينيه,31.5186434932,47.2955179175,5.0,30.0,0.0,0.0,0.0,0.0,0.0,0.0,0.0,0.0,1.0,0.0,0.0,0.0,4.0,0.0,0.0,0.0,0.0,0.0,0.0,3.0,0.0,0.0,0.0,0.0,0.0,0.0,2.0,0.0,0.0,2.0,0.0,0.0,0.0,0.0,0.0,0.0,0.0,0.0,0.0,0.0,0.0,0.0,4.0,0.0,0.0,4.0,0.0,0.0,1.0,0.0,0.0,1.0,0.0,0.0,0.0,0.0,"Dec 31, 2018"
2872,3206006.0,21370.0,Missan,Qal'at Saleh,Hay Al Sadir,حي الصدر,31.5204271502,47.2897831379,1.0,6.0,0.0,0.0,0.0,0.0,0.0,0.0,0.0,0.0,0.0,0.0,0.0,0.0,1.0,0.0,0.0,0.0,0.0,0.0,0.0,0.0,0.0,0.0,0.0,0.0,0.0,0.0,1.0,0.0,0.0,1.0,0.0,0.0,0.0,0.0,0.0,0.0,0.0,0.0,0.0,0.0,0.0,0.0,0.0,0.0,1.0,0.0,0.0,1.0,0.0,0.0,0.0,0.0,0.0,0.0,0.0,0.0,"Dec 31, 2018"
2873,3206007.0,23622.0,Missan,Qal'at Saleh,Hay Al-Ameer,حي الامير,31.5313461668,47.2892422731,12.0,72.0,0.0,0.0,0.0,0.0,0.0,0.0,0.0,0.0,2.0,0.0,0.0,0.0,10.0,0.0,0.0,0.0,0.0,0.0,0.0,5.0,0.0,0.0,0.0,0.0,0.0,0.0,7.0,0.0,0.0,7.0,0.0,0.0,0.0,0.0,0.0,0.0,0.0,0.0,0.0,0.0,7.0,0.0,3.0,7.0,0.0,3.0,1.0,0.0,0.0,1.0,1.0,0.0,0.0,1.0,0.0,0.0,"Dec 31, 2018"
2874,3206009.0,24548.0,Missan,Qal'at Saleh,Hay Al-Shuhadaa,حي الشهداء,31.5232698036,47.2981963648,1.0,6.0,0.0,0.0,0.0,0.0,0.0,0.0,0.0,0.0,0.0,0.0,0.0,0.0,1.0,0.0,0.0,0.0,0.0,0.0,0.0,1.0,0.0,0.0,0.0,0.0,0.0,0.0,0.0,0.0,0.0,0.0,0.0,0.0,0.0,0.0,0.0,0.0,0.0,0.0,0.0,0.0,0.0,0.0,0.0,0.0,1.0,0.0,0.0,1.0,0.0,0.0,0.0,0.0,0.0,0.0,0.0,0.0,"Dec 31, 2018"
2875,3206011.0,21371.0,Missan,Qal'at Saleh,Hay Al-Zahraa-Qalat Saleh,حي الزهراء-قلعة صالح,31.5254807874,47.291432273,4.0,24.0,0.0,0.0,0.0,0.0,0.0,0.0,0.0,0.0,0.0,0.0,0.0,0.0,4.0,0.0,0.0,0.0,0.0,0.0,0.0,2.0,0.0,0.0,0.0,0.0,0.0,0.0,2.0,0.0,0.0,2.0,0.0,0.0,0.0,0.0,0.0,0.0,0.0,0.0,0.0,0.0,0.0,0.0,0.0,0.0,4.0,0.0,0.0,4.0,0.0,0.0,0.0,0.0,0.0,0.0,0.0,0.0,"Dec 31, 2018"
2876,3301004.0,27229.0,Muthanna,Al-Khidhir,Albo Resha,البو ريشة,31.1848940095,45.5550998356,4.0,24.0,0.0,0.0,0.0,0.0,0.0,0.0,0.0,0.0,0.0,0.0,0.0,0.0,3.0,0.0,1.0,0.0,0.0,0.0,0.0,1.0,0.0,0.0,0.0,0.0,0.0,0.0,3.0,0.0,0.0,3.0,0.0,0.0,0.0,0.0,0.0,0.0,0.0,0.0,0.0,0.0,1.0,0.0,3.0,1.0,0.0,3.0,0.0,0.0,0.0,0.0,0.0,0.0,0.0,0.0,0.0,0.0,"Dec 31, 2018"
2877,3301005.0,27300.0,Muthanna,Al-Khidhir,Hay Al Zahra,حي الزهراء,31.1968094716,45.5264918972,2.0,12.0,0.0,0.0,0.0,0.0,0.0,0.0,0.0,0.0,2.0,0.0,0.0,0.0,0.0,0.0,0.0,0.0,0.0,0.0,0.0,1.0,0.0,0.0,0.0,0.0,0.0,0.0,1.0,0.0,0.0,1.0,0.0,0.0,0.0,0.0,0.0,0.0,0.0,0.0,0.0,0.0,2.0,0.0,0.0,2.0,0.0,0.0,0.0,0.0,0.0,0.0,0.0,0.0,0.0,0.0,0.0,0.0,"Dec 31, 2018"
2878,3302001.0,1394.0,Muthanna,Al-Rumaitha,Al Hilal,الهلال,31.4111045608,45.1664402206,7.0,42.0,0.0,0.0,3.0,0.0,0.0,0.0,0.0,0.0,0.0,0.0,0.0,0.0,1.0,0.0,3.0,0.0,0.0,0.0,0.0,5.0,0.0,0.0,0.0,0.0,0.0,0.0,2.0,0.0,0.0,2.0,0.0,0.0,0.0,0.0,0.0,0.0,0.0,0.0,0.0,0.0,5.0,0.0,1.0,5.0,1.0,1.0,0.0,1.0,0.0,0.0,0.0,0.0,0.0,0.0,0.0,0.0,"Dec 31, 2018"
2879,3302005.0,25976.0,Muthanna,Al-Rumaitha,Al-Warka-Al-Shuhada,حي الشهداء,31.4740041224,45.2846957944,8.0,48.0,0.0,0.0,0.0,0.0,0.0,0.0,0.0,0.0,0.0,0.0,0.0,0.0,8.0,0.0,0.0,0.0,0.0,0.0,0.0,1.0,0.0,0.0,0.0,0.0,0.0,1.0,6.0,1.0,0.0,6.0,0.0,0.0,0.0,0.0,0.0,0.0,0.0,0.0,0.0,0.0,7.0,0.0,1.0,7.0,0.0,1.0,0.0,0.0,0.0,0.0,0.0,0.0,0.0,0.0,0.0,0.0,"Dec 31, 2018"
2880,3302006.0,1885.0,Muthanna,Al-Rumaitha,Hay al-hussain,حي الحسين,31.5280914539,45.2034770697,4.0,24.0,0.0,0.0,2.0,0.0,0.0,0.0,0.0,0.0,0.0,0.0,0.0,0.0,2.0,0.0,0.0,0.0,0.0,0.0,0.0,3.0,0.0,0.0,0.0,0.0,0.0,0.0,1.0,0.0,0.0,1.0,0.0,0.0,0.0,0.0,0.0,0.0,0.0,0.0,1.0,0.0,2.0,1.0,1.0,2.0,0.0,1.0,0.0,0.0,0.0,0.0,0.0,0.0,0.0,0.0,0.0,0.0,"Dec 31, 2018"
2881,3302007.0,27228.0,Muthanna,Al-Rumaitha,Al Warkaa-Hay Al Zahra,حي الزهراء-الوركاء,31.4611658966,45.2855598911,12.0,72.0,0.0,0.0,0.0,0.0,0.0,0.0,0.0,0.0,0.0,0.0,0.0,0.0,12.0,0.0,0.0,0.0,0.0,0.0,0.0,2.0,0.0,0.0,0.0,0.0,0.0,0.0,10.0,0.0,0.0,10.0,0.0,0.0,0.0,0.0,0.0,0.0,0.0,0.0,0.0,0.0,10.0,0.0,2.0,10.0,0.0,2.0,0.0,0.0,0.0,0.0,0.0,0.0,0.0,0.0,0.0,0.0,"Dec 31, 2018"
2882,3302008.0,1888.0,Muthanna,Al-Rumaitha,Al-hay al-askary,حي العسكري,31.5330013214,45.2009215951,4.0,24.0,2.0,0.0,1.0,0.0,0.0,0.0,0.0,0.0,0.0,0.0,0.0,0.0,1.0,0.0,0.0,0.0,0.0,0.0,0.0,0.0,0.0,0.0,0.0,0.0,0.0,0.0,4.0,0.0,0.0,4.0,0.0,0.0,0.0,0.0,0.0,0.0,0.0,0.0,1.0,0.0,1.0,1.0,1.0,1.0,1.0,1.0,0.0,1.0,0.0,0.0,0.0,0.0,0.0,0.0,0.0,0.0,"Dec 31, 2018"
2883,3302009.0,2006.0,Muthanna,Al-Rumaitha,Al Halaichia,الهلايجية,31.5438008169,45.1996604539,2.0,12.0,1.0,0.0,0.0,0.0,0.0,0.0,0.0,0.0,1.0,0.0,0.0,0.0,0.0,0.0,0.0,0.0,0.0,0.0,0.0,0.0,0.0,0.0,0.0,0.0,0.0,0.0,2.0,0.0,0.0,2.0,0.0,0.0,0.0,0.0,0.0,0.0,0.0,0.0,0.0,0.0,1.0,0.0,0.0,1.0,0.0,0.0,1.0,0.0,0.0,1.0,0.0,0.0,0.0,0.0,0.0,0.0,"Dec 31, 2018"
2884,3302011.0,1991.0,Muthanna,Al-Rumaitha,Al-Muthlem Village,قرية المظلم,31.5396761661,45.1834589615,5.0,30.0,1.0,0.0,0.0,0.0,0.0,0.0,0.0,0.0,0.0,0.0,0.0,0.0,4.0,0.0,0.0,0.0,0.0,0.0,0.0,0.0,0.0,0.0,0.0,0.0,0.0,0.0,0.0,0.0,0.0,0.0,0.0,0.0,0.0,0.0,5.0,0.0,0.0,5.0,0.0,0.0,3.0,0.0,0.0,3.0,2.0,0.0,0.0,2.0,0.0,0.0,0.0,0.0,0.0,0.0,0.0,0.0,"Dec 31, 2018"
2885,3302014.0,29681.0,Muthanna,Al-Rumaitha,Al-Hala,الحله,31.4711198257,45.2846912574,2.0,12.0,0.0,0.0,0.0,0.0,0.0,0.0,0.0,0.0,0.0,0.0,0.0,0.0,2.0,0.0,0.0,0.0,0.0,0.0,0.0,0.0,0.0,0.0,0.0,0.0,0.0,0.0,2.0,0.0,0.0,2.0,0.0,0.0,0.0,0.0,0.0,0.0,0.0,0.0,0.0,0.0,2.0,0.0,0.0,2.0,0.0,0.0,0.0,0.0,0.0,0.0,0.0,0.0,0.0,0.0,0.0,0.0,"Dec 31, 2018"
2886,3302015.0,1803.0,Muthanna,Al-Rumaitha,Al Athar,العذار,31.4950363711,45.1995585594,8.0,48.0,0.0,0.0,8.0,0.0,0.0,0.0,0.0,0.0,0.0,0.0,0.0,0.0,0.0,0.0,0.0,0.0,0.0,0.0,0.0,0.0,0.0,0.0,0.0,0.0,0.0,0.0,8.0,0.0,0.0,8.0,0.0,0.0,0.0,0.0,0.0,0.0,0.0,0.0,0.0,0.0,7.0,0.0,0.0,7.0,1.0,0.0,0.0,1.0,0.0,0.0,0.0,0.0,0.0,0.0,0.0,0.0,"Dec 31, 2018"
2887,3302021.0,2026.0,Muthanna,Al-Rumaitha,Al Ardhyat,العارضيات,31.5565597499,45.1477304567,1.0,6.0,0.0,0.0,0.0,0.0,0.0,0.0,0.0,0.0,0.0,0.0,0.0,0.0,1.0,0.0,0.0,0.0,0.0,0.0,0.0,0.0,0.0,0.0,0.0,0.0,0.0,1.0,0.0,1.0,0.0,0.0,0.0,0.0,0.0,0.0,0.0,0.0,0.0,0.0,0.0,0.0,0.0,0.0,0.0,0.0,1.0,0.0,0.0,1.0,0.0,0.0,0.0,0.0,0.0,0.0,0.0,0.0,"Dec 31, 2018"
2888,3302022.0,1874.0,Muthanna,Al-Rumaitha,Al-Shuhada,حي الشهداء,31.5296785673,45.2130398154,3.0,18.0,1.0,0.0,0.0,0.0,0.0,0.0,0.0,0.0,0.0,0.0,0.0,0.0,2.0,0.0,0.0,0.0,0.0,0.0,0.0,0.0,0.0,0.0,0.0,0.0,0.0,0.0,3.0,0.0,0.0,3.0,0.0,0.0,0.0,0.0,0.0,0.0,0.0,0.0,1.0,0.0,1.0,1.0,0.0,1.0,0.0,0.0,1.0,0.0,0.0,1.0,0.0,0.0,0.0,0.0,0.0,0.0,"Dec 31, 2018"
2889,3304002.0,26083.0,Muthanna,Al-Samawa,Al Mamlaha,المملحة,31.2638196861,45.0641841721,1.0,6.0,1.0,0.0,0.0,0.0,0.0,0.0,0.0,0.0,0.0,0.0,0.0,0.0,0.0,0.0,0.0,0.0,0.0,0.0,0.0,1.0,0.0,0.0,0.0,0.0,0.0,0.0,0.0,0.0,0.0,0.0,0.0,0.0,0.0,0.0,0.0,0.0,0.0,0.0,0.0,0.0,0.0,0.0,0.0,0.0,0.0,0.0,1.0,0.0,0.0,1.0,0.0,0.0,0.0,0.0,0.0,0.0,"Dec 31, 2018"
2890,3304003.0,25496.0,Muthanna,Al-Samawa,Al Maredh,المعارض,31.2827080954,45.3010622878,2.0,12.0,0.0,0.0,0.0,0.0,0.0,0.0,0.0,0.0,2.0,0.0,0.0,0.0,0.0,0.0,0.0,0.0,0.0,0.0,0.0,2.0,0.0,0.0,0.0,0.0,0.0,0.0,0.0,0.0,0.0,0.0,0.0,0.0,0.0,0.0,0.0,0.0,0.0,0.0,0.0,0.0,2.0,0.0,0.0,2.0,0.0,0.0,0.0,0.0,0.0,0.0,0.0,0.0,0.0,0.0,0.0,0.0,"Dec 31, 2018"
2891,3304005.0,25430.0,Muthanna,Al-Samawa,Al Zahra,الزهراء,31.3499329705,45.2925217586,29.0,174.0,0.0,0.0,1.0,0.0,0.0,1.0,0.0,0.0,1.0,0.0,0.0,0.0,26.0,0.0,0.0,0.0,0.0,0.0,0.0,12.0,0.0,0.0,0.0,0.0,0.0,0.0,17.0,0.0,0.0,17.0,0.0,0.0,0.0,0.0,0.0,0.0,0.0,0.0,1.0,0.0,11.0,1.0,7.0,11.0,2.0,7.0,4.0,2.0,0.0,4.0,4.0,0.0,0.0,4.0,0.0,0.0,"Dec 31, 2018"
2892,3304006.0,1492.0,Muthanna,Al-Samawa,Al-haydariyah,الحيدريه,31.3044929132,45.2826445643,1.0,6.0,0.0,0.0,0.0,0.0,0.0,0.0,0.0,0.0,0.0,0.0,0.0,0.0,1.0,0.0,0.0,0.0,0.0,0.0,0.0,0.0,0.0,0.0,0.0,0.0,0.0,0.0,1.0,0.0,0.0,1.0,0.0,0.0,0.0,0.0,0.0,0.0,0.0,0.0,0.0,0.0,0.0,0.0,0.0,0.0,1.0,0.0,0.0,1.0,0.0,0.0,0.0,0.0,0.0,0.0,0.0,0.0,"Dec 31, 2018"
2893,3304008.0,2033.0,Muthanna,Al-Samawa,Al-Samawa-Al Maaly,ال معالي,31.2756489404,45.2687121401,6.0,36.0,1.0,0.0,1.0,0.0,0.0,0.0,0.0,0.0,1.0,0.0,0.0,0.0,2.0,0.0,1.0,0.0,0.0,0.0,0.0,1.0,0.0,0.0,0.0,0.0,0.0,0.0,5.0,0.0,0.0,5.0,0.0,0.0,0.0,0.0,0.0,0.0,0.0,0.0,0.0,0.0,4.0,0.0,0.0,4.0,0.0,0.0,2.0,0.0,0.0,2.0,0.0,0.0,0.0,0.0,0.0,0.0,"Dec 31, 2018"
2894,3304009.0,1480.0,Muthanna,Al-Samawa,Al-Samawa-Al-Hay Al-Askary,حي العسكري,31.2974922638,45.2588020307,7.0,42.0,4.0,0.0,0.0,0.0,0.0,0.0,0.0,0.0,0.0,0.0,0.0,0.0,1.0,0.0,2.0,0.0,0.0,0.0,0.0,3.0,0.0,0.0,0.0,0.0,0.0,0.0,4.0,0.0,0.0,4.0,0.0,0.0,0.0,0.0,0.0,0.0,0.0,0.0,0.0,0.0,1.0,0.0,1.0,1.0,4.0,1.0,1.0,4.0,0.0,1.0,0.0,0.0,0.0,0.0,0.0,0.0,"Dec 31, 2018"
2895,3304010.0,25784.0,Muthanna,Al-Samawa,Al-Samawa-Hay Al-Hakim,حي الحكيم,31.2974679144,45.2755135609,6.0,36.0,0.0,0.0,2.0,0.0,0.0,1.0,0.0,0.0,0.0,0.0,0.0,0.0,2.0,0.0,1.0,0.0,0.0,0.0,0.0,1.0,0.0,0.0,0.0,0.0,0.0,0.0,5.0,0.0,0.0,5.0,0.0,0.0,0.0,0.0,0.0,0.0,0.0,0.0,0.0,0.0,3.0,0.0,2.0,3.0,1.0,2.0,0.0,1.0,0.0,0.0,0.0,0.0,0.0,0.0,0.0,0.0,"Dec 31, 2018"
2896,3304011.0,21433.0,Muthanna,Al-Samawa,Al-Shuhada,حي الشهداء,31.3048471324,45.3034662176,3.0,18.0,0.0,0.0,0.0,0.0,0.0,0.0,0.0,0.0,0.0,0.0,0.0,0.0,3.0,0.0,0.0,0.0,0.0,0.0,0.0,1.0,0.0,0.0,0.0,0.0,0.0,0.0,2.0,0.0,0.0,2.0,0.0,0.0,0.0,0.0,0.0,0.0,0.0,0.0,0.0,0.0,0.0,0.0,2.0,0.0,1.0,2.0,0.0,1.0,0.0,0.0,0.0,0.0,0.0,0.0,0.0,0.0,"Dec 31, 2018"
2897,3304013.0,2045.0,Muthanna,Al-Samawa,Hay 9 Nissan,حي 9 نيسان,31.3085472817,45.3072568495,4.0,24.0,1.0,0.0,0.0,0.0,0.0,0.0,0.0,0.0,0.0,0.0,0.0,0.0,3.0,0.0,0.0,0.0,0.0,0.0,0.0,2.0,0.0,0.0,0.0,0.0,0.0,0.0,2.0,0.0,0.0,2.0,0.0,0.0,0.0,0.0,0.0,0.0,0.0,0.0,0.0,0.0,1.0,0.0,1.0,1.0,2.0,1.0,0.0,2.0,0.0,0.0,0.0,0.0,0.0,0.0,0.0,0.0,"Dec 31, 2018"
2898,3304015.0,1485.0,Muthanna,Al-Samawa,Hay Al-Sadir,حي الصدر,31.3067668816,45.2618992701,4.0,24.0,2.0,0.0,0.0,0.0,0.0,0.0,0.0,0.0,0.0,0.0,0.0,0.0,2.0,0.0,0.0,0.0,0.0,0.0,0.0,1.0,0.0,0.0,0.0,0.0,0.0,0.0,3.0,0.0,0.0,3.0,0.0,0.0,0.0,0.0,0.0,0.0,0.0,0.0,0.0,0.0,1.0,0.0,1.0,1.0,1.0,1.0,1.0,1.0,0.0,1.0,0.0,0.0,0.0,0.0,0.0,0.0,"Dec 31, 2018"
2899,3304019.0,2060.0,Muthanna,Al-Samawa,Hay Al Gharbi ,حي الغربي,31.3194831507,45.2780954437,13.0,78.0,1.0,0.0,0.0,0.0,0.0,1.0,0.0,0.0,0.0,0.0,0.0,0.0,10.0,0.0,1.0,0.0,0.0,0.0,0.0,3.0,0.0,0.0,0.0,0.0,0.0,0.0,10.0,0.0,0.0,10.0,0.0,0.0,0.0,0.0,0.0,0.0,0.0,0.0,1.0,0.0,1.0,1.0,8.0,1.0,3.0,8.0,0.0,3.0,0.0,0.0,0.0,0.0,0.0,0.0,0.0,0.0,"Dec 31, 2018"
2900,3304020.0,1586.0,Muthanna,Al-Samawa,Hay Al Mualmeen,حي المعلمين,31.3164926134,45.2751221415,1.0,6.0,0.0,0.0,0.0,0.0,0.0,0.0,0.0,0.0,0.0,0.0,0.0,0.0,1.0,0.0,0.0,0.0,0.0,0.0,0.0,0.0,0.0,0.0,0.0,0.0,0.0,0.0,1.0,0.0,0.0,1.0,0.0,0.0,0.0,0.0,0.0,0.0,0.0,0.0,0.0,0.0,0.0,0.0,1.0,0.0,0.0,1.0,0.0,0.0,0.0,0.0,0.0,0.0,0.0,0.0,0.0,0.0,"Dec 31, 2018"
2901,3304023.0,1562.0,Muthanna,Al-Samawa,Hay 270 Dar,270 حي دار,31.2974207243,45.2637618128,2.0,12.0,0.0,0.0,0.0,0.0,0.0,0.0,0.0,0.0,1.0,0.0,0.0,0.0,1.0,0.0,0.0,0.0,0.0,0.0,0.0,2.0,0.0,0.0,0.0,0.0,0.0,0.0,0.0,0.0,0.0,0.0,0.0,0.0,0.0,0.0,0.0,0.0,0.0,0.0,0.0,0.0,0.0,0.0,1.0,0.0,1.0,1.0,0.0,1.0,0.0,0.0,0.0,0.0,0.0,0.0,0.0,0.0,"Dec 31, 2018"
2902,3304024.0,1570.0,Muthanna,Al-Samawa,Hay Al Bani,حي ال باني,31.3094498869,45.2753586788,4.0,24.0,1.0,0.0,0.0,0.0,0.0,1.0,0.0,0.0,0.0,0.0,0.0,0.0,2.0,0.0,0.0,0.0,0.0,0.0,0.0,1.0,0.0,0.0,0.0,0.0,0.0,0.0,3.0,0.0,0.0,3.0,0.0,0.0,0.0,0.0,0.0,0.0,0.0,0.0,0.0,0.0,1.0,0.0,1.0,1.0,1.0,1.0,0.0,1.0,0.0,0.0,1.0,0.0,0.0,1.0,0.0,0.0,"Dec 31, 2018"
2903,3304025.0,1611.0,Muthanna,Al-Samawa,Hay Al Tamiem,حي التاميم,31.3302066643,45.2928289957,2.0,12.0,0.0,0.0,0.0,0.0,0.0,0.0,0.0,0.0,0.0,0.0,0.0,0.0,2.0,0.0,0.0,0.0,0.0,0.0,0.0,0.0,0.0,0.0,0.0,0.0,0.0,0.0,2.0,0.0,0.0,2.0,0.0,0.0,0.0,0.0,0.0,0.0,0.0,0.0,0.0,0.0,0.0,0.0,2.0,0.0,0.0,2.0,0.0,0.0,0.0,0.0,0.0,0.0,0.0,0.0,0.0,0.0,"Dec 31, 2018"
2904,3304026.0,2010.0,Muthanna,Al-Samawa,Hay Al Jarboaia,الجربوعية,31.3571784133,45.2668469665,6.0,36.0,0.0,0.0,1.0,0.0,0.0,0.0,0.0,0.0,0.0,0.0,0.0,0.0,0.0,0.0,5.0,0.0,0.0,0.0,0.0,3.0,0.0,0.0,0.0,0.0,0.0,0.0,3.0,0.0,0.0,3.0,0.0,0.0,0.0,0.0,0.0,0.0,0.0,0.0,0.0,0.0,2.0,0.0,2.0,2.0,2.0,2.0,0.0,2.0,0.0,0.0,0.0,0.0,0.0,0.0,0.0,0.0,"Dec 31, 2018"
2905,3304033.0,21317.0,Muthanna,Al-Samawa,Hay Alhussein,حي الحسين,31.3160120789,45.2622287407,7.0,42.0,2.0,0.0,0.0,0.0,0.0,0.0,0.0,0.0,0.0,0.0,0.0,0.0,5.0,0.0,0.0,0.0,0.0,0.0,0.0,2.0,0.0,0.0,0.0,0.0,0.0,0.0,5.0,0.0,0.0,5.0,0.0,0.0,0.0,0.0,0.0,0.0,0.0,0.0,0.0,0.0,3.0,0.0,1.0,3.0,0.0,1.0,1.0,0.0,0.0,1.0,2.0,0.0,0.0,2.0,0.0,0.0,"Dec 31, 2018"
2906,3304035.0,29574.0,Muthanna,Al-Samawa,Hay Al Entesar,حي الانتصار,31.3365433412,45.2780591603,1.0,6.0,0.0,0.0,0.0,0.0,0.0,0.0,0.0,0.0,0.0,0.0,0.0,0.0,1.0,0.0,0.0,0.0,0.0,0.0,0.0,0.0,0.0,0.0,0.0,0.0,0.0,0.0,1.0,0.0,0.0,1.0,0.0,0.0,0.0,0.0,0.0,0.0,0.0,0.0,0.0,0.0,0.0,0.0,0.0,0.0,1.0,0.0,0.0,1.0,0.0,0.0,0.0,0.0,0.0,0.0,0.0,0.0,"Dec 31, 2018"
2907,3304036.0,29575.0,Muthanna,Al-Samawa,Hay Dor Al Shareka,حي دور الشركة,31.3037680881,45.3007897083,1.0,6.0,0.0,0.0,0.0,0.0,0.0,0.0,0.0,0.0,0.0,0.0,0.0,0.0,1.0,0.0,0.0,0.0,0.0,0.0,0.0,1.0,0.0,0.0,0.0,0.0,0.0,0.0,0.0,0.0,0.0,0.0,0.0,0.0,0.0,0.0,0.0,0.0,0.0,0.0,0.0,0.0,1.0,0.0,0.0,1.0,0.0,0.0,0.0,0.0,0.0,0.0,0.0,0.0,0.0,0.0,0.0,0.0,"Dec 31, 2018"
2908,3304038.0,1573.0,Muthanna,Al-Samawa,Hay Saed Jabar,حي سيد جبار,31.3062663563,45.310907755,5.0,30.0,0.0,0.0,0.0,0.0,0.0,0.0,0.0,0.0,1.0,0.0,0.0,0.0,3.0,0.0,1.0,0.0,0.0,0.0,0.0,1.0,0.0,0.0,0.0,0.0,0.0,0.0,4.0,0.0,0.0,4.0,0.0,0.0,0.0,0.0,0.0,0.0,0.0,0.0,0.0,0.0,0.0,0.0,4.0,0.0,1.0,4.0,0.0,1.0,0.0,0.0,0.0,0.0,0.0,0.0,0.0,0.0,"Dec 31, 2018"
2909,3304039.0,29573.0,Muthanna,Al-Samawa,Hay Alabeiad,حي ال عبيد,31.3181711733,45.2944189589,1.0,6.0,0.0,0.0,0.0,0.0,0.0,0.0,0.0,0.0,0.0,0.0,0.0,0.0,1.0,0.0,0.0,0.0,0.0,0.0,0.0,1.0,0.0,0.0,0.0,0.0,0.0,0.0,0.0,0.0,0.0,0.0,0.0,0.0,0.0,0.0,0.0,0.0,0.0,0.0,0.0,0.0,0.0,0.0,1.0,0.0,0.0,1.0,0.0,0.0,0.0,0.0,0.0,0.0,0.0,0.0,0.0,0.0,"Dec 31, 2018"
2910,3304040.0,29572.0,Muthanna,Al-Samawa,Hay Al Jmhoori,حي الجمهوري,31.3019649731,45.2724276111,3.0,18.0,2.0,0.0,0.0,0.0,0.0,0.0,0.0,0.0,0.0,0.0,0.0,0.0,0.0,0.0,1.0,0.0,0.0,0.0,0.0,1.0,0.0,0.0,0.0,0.0,0.0,0.0,2.0,0.0,0.0,2.0,0.0,0.0,0.0,0.0,0.0,0.0,0.0,0.0,0.0,0.0,1.0,0.0,0.0,1.0,1.0,0.0,1.0,1.0,0.0,1.0,0.0,0.0,0.0,0.0,0.0,0.0,"Dec 31, 2018"
2911,3304041.0,2071.0,Muthanna,Al-Samawa,Hay Alnadhem,حي الناظم,31.323369462,45.2946184482,3.0,18.0,0.0,0.0,0.0,0.0,0.0,1.0,0.0,0.0,1.0,0.0,0.0,0.0,1.0,0.0,0.0,0.0,0.0,0.0,0.0,1.0,0.0,0.0,0.0,0.0,0.0,0.0,2.0,0.0,0.0,2.0,0.0,0.0,0.0,0.0,0.0,0.0,0.0,0.0,0.0,0.0,1.0,0.0,1.0,1.0,1.0,1.0,0.0,1.0,0.0,0.0,0.0,0.0,0.0,0.0,0.0,0.0,"Dec 31, 2018"
2912,3304044.0,33239.0,Muthanna,Al-Samawa,AL-Mutasher,ال مطشر,31.291097207,45.3044737224,4.0,24.0,0.0,0.0,0.0,0.0,0.0,0.0,0.0,0.0,0.0,0.0,0.0,0.0,4.0,0.0,0.0,0.0,0.0,0.0,0.0,3.0,0.0,0.0,0.0,0.0,0.0,1.0,0.0,1.0,0.0,0.0,0.0,0.0,0.0,0.0,0.0,0.0,0.0,0.0,0.0,0.0,0.0,0.0,4.0,0.0,0.0,4.0,0.0,0.0,0.0,0.0,0.0,0.0,0.0,0.0,0.0,0.0,"Dec 31, 2018"
2913,3304045.0,33240.0,Muthanna,Al-Samawa,AL-Tuail,الطوايل,31.2212816114,45.4396529496,1.0,6.0,0.0,0.0,0.0,0.0,0.0,0.0,0.0,0.0,1.0,0.0,0.0,0.0,0.0,0.0,0.0,0.0,0.0,0.0,0.0,1.0,0.0,0.0,0.0,0.0,0.0,0.0,0.0,0.0,0.0,0.0,0.0,0.0,0.0,0.0,0.0,0.0,0.0,0.0,0.0,0.0,1.0,0.0,0.0,1.0,0.0,0.0,0.0,0.0,0.0,0.0,0.0,0.0,0.0,0.0,0.0,0.0,"Dec 31, 2018"
2914,3304046.0,1583.0,Muthanna,Al-Samawa,Al-Sharqi,الشرقي,31.3115484221,45.2905865014,2.0,12.0,0.0,0.0,0.0,0.0,0.0,0.0,0.0,0.0,0.0,0.0,0.0,0.0,2.0,0.0,0.0,0.0,0.0,0.0,0.0,0.0,0.0,0.0,0.0,0.0,0.0,0.0,2.0,0.0,0.0,2.0,0.0,0.0,0.0,0.0,0.0,0.0,0.0,0.0,0.0,0.0,0.0,0.0,2.0,0.0,0.0,2.0,0.0,0.0,0.0,0.0,0.0,0.0,0.0,0.0,0.0,0.0,"Dec 31, 2018"
2915,3304047.0,1609.0,Muthanna,Al-Samawa,Al Basateen Al Gharbia,البساتين الغربية,31.3262343546,45.2706156112,1.0,6.0,0.0,0.0,0.0,0.0,0.0,0.0,0.0,0.0,0.0,0.0,0.0,0.0,1.0,0.0,0.0,0.0,0.0,0.0,0.0,0.0,0.0,0.0,0.0,0.0,0.0,1.0,0.0,1.0,0.0,0.0,0.0,0.0,0.0,0.0,0.0,0.0,0.0,0.0,0.0,0.0,0.0,0.0,1.0,0.0,0.0,1.0,0.0,0.0,0.0,0.0,0.0,0.0,0.0,0.0,0.0,0.0,"Dec 31, 2018"
2916,3304048.0,33241.0,Muthanna,Al-Samawa,Hay 36,حي 36,31.291878568,45.2626669384,5.0,30.0,0.0,0.0,0.0,0.0,0.0,0.0,0.0,0.0,5.0,0.0,0.0,0.0,0.0,0.0,0.0,0.0,0.0,0.0,0.0,0.0,0.0,0.0,0.0,0.0,0.0,0.0,5.0,0.0,0.0,5.0,0.0,0.0,0.0,0.0,0.0,0.0,0.0,0.0,0.0,0.0,1.0,0.0,3.0,1.0,1.0,3.0,0.0,1.0,0.0,0.0,0.0,0.0,0.0,0.0,0.0,0.0,"Dec 31, 2018"
2917,3304049.0,33297.0,Muthanna,Al-Samawa,Hay Musa AL-Kadhum,حي موسى الكاظم,31.3368058205,45.2969813335,8.0,48.0,1.0,0.0,0.0,0.0,0.0,0.0,0.0,0.0,0.0,0.0,0.0,0.0,7.0,0.0,0.0,0.0,0.0,0.0,0.0,0.0,0.0,0.0,0.0,0.0,0.0,0.0,8.0,0.0,0.0,8.0,0.0,0.0,0.0,0.0,0.0,0.0,0.0,0.0,0.0,0.0,0.0,0.0,5.0,0.0,3.0,5.0,0.0,3.0,0.0,0.0,0.0,0.0,0.0,0.0,0.0,0.0,"Dec 31, 2018"
2918,3304050.0,2077.0,Muthanna,Al-Samawa,Um AL-Housh,ام الهوش,31.3379667141,45.2803790197,4.0,24.0,1.0,0.0,2.0,0.0,0.0,0.0,0.0,0.0,0.0,0.0,0.0,0.0,1.0,0.0,0.0,0.0,0.0,0.0,0.0,0.0,0.0,0.0,0.0,0.0,0.0,0.0,4.0,0.0,0.0,4.0,0.0,0.0,0.0,0.0,0.0,0.0,0.0,0.0,0.0,0.0,2.0,0.0,1.0,2.0,1.0,1.0,0.0,1.0,0.0,0.0,0.0,0.0,0.0,0.0,0.0,0.0,"Dec 31, 2018"
2919,3304052.0,1526.0,Muthanna,Al-Samawa,Hay Dour AL-Sikak,حي دور السكك,31.2727495981,45.2918781526,1.0,6.0,0.0,0.0,0.0,0.0,0.0,0.0,0.0,0.0,0.0,0.0,0.0,0.0,1.0,0.0,0.0,0.0,0.0,0.0,0.0,1.0,0.0,0.0,0.0,0.0,0.0,0.0,0.0,0.0,0.0,0.0,0.0,0.0,0.0,0.0,0.0,0.0,0.0,0.0,0.0,0.0,0.0,0.0,1.0,0.0,0.0,1.0,0.0,0.0,0.0,0.0,0.0,0.0,0.0,0.0,0.0,0.0,"Dec 31, 2018"
2920,3401002.0,19588.0,Najaf,Al-Manathera,Al Mishkhab,المشخاب,31.8054389485,44.490823878,18.0,108.0,2.0,0.0,0.0,0.0,0.0,0.0,0.0,0.0,0.0,0.0,0.0,0.0,15.0,0.0,1.0,0.0,0.0,0.0,0.0,0.0,0.0,0.0,0.0,0.0,0.0,0.0,18.0,0.0,0.0,18.0,0.0,0.0,0.0,0.0,0.0,0.0,0.0,0.0,0.0,0.0,0.0,0.0,1.0,0.0,15.0,1.0,2.0,15.0,0.0,2.0,0.0,0.0,0.0,0.0,0.0,0.0,"Dec 31, 2018"
2921,3401004.0,25907.0,Najaf,Al-Manathera,Al-Muhajeer,المحاجير,31.9051746884,44.5011034732,3.0,18.0,0.0,0.0,0.0,0.0,0.0,0.0,0.0,0.0,0.0,0.0,0.0,0.0,3.0,0.0,0.0,0.0,0.0,0.0,0.0,0.0,0.0,0.0,0.0,0.0,0.0,0.0,3.0,0.0,0.0,3.0,0.0,0.0,0.0,0.0,0.0,0.0,0.0,0.0,0.0,0.0,0.0,0.0,3.0,0.0,0.0,3.0,0.0,0.0,0.0,0.0,0.0,0.0,0.0,0.0,0.0,0.0,"Dec 31, 2018"
2922,3401009.0,19911.0,Najaf,Al-Manathera,Hay almatat,حي المطاط,31.9143829846,44.4806146141,3.0,18.0,0.0,0.0,0.0,0.0,0.0,0.0,0.0,0.0,0.0,0.0,0.0,0.0,3.0,0.0,0.0,0.0,0.0,0.0,0.0,0.0,0.0,0.0,0.0,0.0,0.0,3.0,0.0,3.0,0.0,0.0,0.0,0.0,0.0,0.0,0.0,0.0,0.0,0.0,0.0,0.0,3.0,0.0,0.0,3.0,0.0,0.0,0.0,0.0,0.0,0.0,0.0,0.0,0.0,0.0,0.0,0.0,"Dec 31, 2018"
2923,3401012.0,27146.0,Najaf,Al-Manathera,Suq Shaalan,سوق شعلان,31.7605184613,44.5169831411,7.0,42.0,1.0,0.0,0.0,0.0,0.0,0.0,0.0,0.0,0.0,0.0,0.0,0.0,6.0,0.0,0.0,0.0,0.0,0.0,0.0,0.0,0.0,0.0,0.0,0.0,0.0,4.0,3.0,4.0,0.0,3.0,0.0,0.0,0.0,0.0,0.0,0.0,0.0,0.0,0.0,0.0,6.0,0.0,0.0,6.0,0.0,0.0,1.0,0.0,0.0,1.0,0.0,0.0,0.0,0.0,0.0,0.0,"Dec 31, 2018"
2924,3401013.0,22228.0,Najaf,Al-Manathera,Al-Muhajerah,حي المحجره,31.9147926861,44.4775242582,47.0,282.0,0.0,0.0,0.0,0.0,0.0,0.0,0.0,0.0,0.0,0.0,0.0,0.0,47.0,0.0,0.0,0.0,0.0,0.0,0.0,0.0,0.0,0.0,0.0,0.0,0.0,7.0,40.0,7.0,0.0,40.0,0.0,0.0,0.0,0.0,0.0,0.0,0.0,0.0,0.0,0.0,0.0,0.0,47.0,0.0,0.0,47.0,0.0,0.0,0.0,0.0,0.0,0.0,0.0,0.0,0.0,0.0,"Dec 31, 2018"
2925,3402002.0,24614.0,Najaf,Kufa,Al Abassiyah-Al Resalah 3,العباسية حي الرسالة الثالثة,32.0767746582,44.4328620252,2.0,12.0,0.0,0.0,0.0,0.0,0.0,0.0,0.0,0.0,0.0,0.0,0.0,0.0,2.0,0.0,0.0,0.0,0.0,0.0,0.0,0.0,0.0,0.0,0.0,0.0,0.0,0.0,2.0,0.0,0.0,2.0,0.0,0.0,0.0,0.0,0.0,0.0,0.0,0.0,0.0,0.0,0.0,0.0,2.0,0.0,0.0,2.0,0.0,0.0,0.0,0.0,0.0,0.0,0.0,0.0,0.0,0.0,"Dec 31, 2018"
2926,3402004.0,25636.0,Najaf,Kufa,Al Abassiyah-Al-Zaidi,العباسية-الزيدي,32.073600512,44.4775908899,18.0,108.0,0.0,0.0,0.0,0.0,0.0,0.0,0.0,0.0,0.0,0.0,0.0,0.0,18.0,0.0,0.0,0.0,0.0,0.0,0.0,0.0,0.0,0.0,0.0,0.0,0.0,0.0,18.0,0.0,0.0,18.0,0.0,0.0,0.0,0.0,0.0,0.0,0.0,0.0,0.0,0.0,18.0,0.0,0.0,18.0,0.0,0.0,0.0,0.0,0.0,0.0,0.0,0.0,0.0,0.0,0.0,0.0,"Dec 31, 2018"
2927,3402005.0,20173.0,Najaf,Kufa,Al Abassiyah-Hay Al muntadher,العباسية-حي المنتظر,32.0712363183,44.4352061125,3.0,18.0,0.0,0.0,0.0,0.0,0.0,0.0,0.0,0.0,0.0,0.0,0.0,0.0,3.0,0.0,0.0,0.0,0.0,0.0,0.0,0.0,0.0,0.0,0.0,0.0,0.0,0.0,3.0,0.0,0.0,3.0,0.0,0.0,0.0,0.0,0.0,0.0,0.0,0.0,0.0,0.0,3.0,0.0,0.0,3.0,0.0,0.0,0.0,0.0,0.0,0.0,0.0,0.0,0.0,0.0,0.0,0.0,"Dec 31, 2018"
2928,3402006.0,24613.0,Najaf,Kufa,Al Abassiyah-Hay Al Resalah 2,العباسية حي الرسالة الثانية,32.0753456061,44.4369743557,2.0,12.0,0.0,0.0,0.0,0.0,0.0,0.0,0.0,0.0,0.0,0.0,0.0,0.0,2.0,0.0,0.0,0.0,0.0,0.0,0.0,0.0,0.0,0.0,0.0,0.0,0.0,0.0,2.0,0.0,0.0,2.0,0.0,0.0,0.0,0.0,0.0,0.0,0.0,0.0,0.0,0.0,2.0,0.0,0.0,2.0,0.0,0.0,0.0,0.0,0.0,0.0,0.0,0.0,0.0,0.0,0.0,0.0,"Dec 31, 2018"
2929,3402008.0,20298.0,Najaf,Kufa,Al Barakiya,البراكية,32.009313044,44.4003731785,5.0,30.0,0.0,0.0,0.0,0.0,0.0,0.0,0.0,0.0,0.0,0.0,0.0,0.0,5.0,0.0,0.0,0.0,0.0,0.0,0.0,0.0,0.0,0.0,0.0,0.0,0.0,0.0,5.0,0.0,0.0,5.0,0.0,0.0,0.0,0.0,0.0,0.0,0.0,0.0,0.0,0.0,5.0,0.0,0.0,5.0,0.0,0.0,0.0,0.0,0.0,0.0,0.0,0.0,0.0,0.0,0.0,0.0,"Dec 31, 2018"
2930,3402010.0,20340.0,Najaf,Kufa,Al Hureya,الحرية,32.1019024397,44.5430663256,6.0,36.0,0.0,0.0,0.0,0.0,0.0,0.0,0.0,0.0,1.0,0.0,0.0,0.0,5.0,0.0,0.0,0.0,0.0,0.0,0.0,0.0,0.0,0.0,0.0,0.0,0.0,2.0,4.0,2.0,0.0,4.0,0.0,0.0,0.0,0.0,0.0,0.0,0.0,0.0,1.0,0.0,0.0,1.0,5.0,0.0,0.0,5.0,0.0,0.0,0.0,0.0,0.0,0.0,0.0,0.0,0.0,0.0,"Dec 31, 2018"
2931,3402012.0,19634.0,Najaf,Kufa,Al Sahla,السهله,32.0371283971,44.3827438757,13.0,78.0,0.0,0.0,0.0,0.0,0.0,0.0,0.0,0.0,0.0,0.0,0.0,0.0,13.0,0.0,0.0,0.0,0.0,0.0,0.0,0.0,0.0,0.0,0.0,0.0,0.0,0.0,13.0,0.0,0.0,13.0,0.0,0.0,0.0,0.0,0.0,0.0,0.0,0.0,0.0,0.0,13.0,0.0,0.0,13.0,0.0,0.0,0.0,0.0,0.0,0.0,0.0,0.0,0.0,0.0,0.0,0.0,"Dec 31, 2018"
2932,3402014.0,20089.0,Najaf,Kufa,Al Suhailiya 1,السهيليه 1,32.03584247,44.3871690546,4.0,24.0,0.0,0.0,0.0,0.0,0.0,0.0,0.0,0.0,0.0,0.0,0.0,0.0,4.0,0.0,0.0,0.0,0.0,0.0,0.0,0.0,0.0,0.0,0.0,0.0,0.0,0.0,4.0,0.0,0.0,4.0,0.0,0.0,0.0,0.0,0.0,0.0,0.0,0.0,0.0,0.0,0.0,0.0,0.0,0.0,4.0,0.0,0.0,4.0,0.0,0.0,0.0,0.0,0.0,0.0,0.0,0.0,"Dec 31, 2018"
2933,3402015.0,25644.0,Najaf,Kufa,Al Suhailiya 2,السهيليه 2,32.034577263,44.3907607905,5.0,30.0,0.0,0.0,0.0,0.0,0.0,0.0,0.0,0.0,0.0,0.0,0.0,0.0,5.0,0.0,0.0,0.0,0.0,0.0,0.0,0.0,0.0,0.0,0.0,0.0,0.0,0.0,5.0,0.0,0.0,5.0,0.0,0.0,0.0,0.0,0.0,0.0,0.0,0.0,5.0,0.0,0.0,5.0,0.0,0.0,0.0,0.0,0.0,0.0,0.0,0.0,0.0,0.0,0.0,0.0,0.0,0.0,"Dec 31, 2018"
2934,3402016.0,24374.0,Najaf,Kufa,Albu Hadary,البو حداري,32.0720395587,44.39435981,10.0,60.0,0.0,0.0,0.0,0.0,0.0,0.0,0.0,0.0,0.0,0.0,0.0,0.0,10.0,0.0,0.0,0.0,0.0,0.0,0.0,0.0,0.0,0.0,0.0,0.0,0.0,0.0,10.0,0.0,0.0,10.0,0.0,0.0,0.0,0.0,0.0,0.0,0.0,0.0,0.0,0.0,10.0,0.0,0.0,10.0,0.0,0.0,0.0,0.0,0.0,0.0,0.0,0.0,0.0,0.0,0.0,0.0,"Dec 31, 2018"
2935,3402017.0,23485.0,Najaf,Kufa,Albu Noman,البو نعمان,32.0291770314,44.4182394248,5.0,30.0,0.0,0.0,0.0,0.0,0.0,0.0,0.0,0.0,0.0,0.0,0.0,0.0,5.0,0.0,0.0,0.0,0.0,0.0,0.0,0.0,0.0,0.0,0.0,0.0,0.0,0.0,5.0,0.0,0.0,5.0,0.0,0.0,0.0,0.0,0.0,0.0,0.0,0.0,0.0,0.0,5.0,0.0,0.0,5.0,0.0,0.0,0.0,0.0,0.0,0.0,0.0,0.0,0.0,0.0,0.0,0.0,"Dec 31, 2018"
2936,3402019.0,24311.0,Najaf,Kufa,Alwat Al Fahal,علوة الفحل,32.0781163674,44.3717020271,64.0,384.0,0.0,0.0,0.0,0.0,0.0,0.0,0.0,0.0,0.0,0.0,0.0,0.0,64.0,0.0,0.0,0.0,0.0,0.0,0.0,0.0,0.0,0.0,0.0,0.0,0.0,0.0,64.0,0.0,0.0,64.0,0.0,0.0,0.0,0.0,0.0,0.0,0.0,0.0,0.0,0.0,0.0,0.0,0.0,0.0,64.0,0.0,0.0,64.0,0.0,0.0,0.0,0.0,0.0,0.0,0.0,0.0,"Dec 31, 2018"
2937,3402022.0,20041.0,Najaf,Kufa,Hay alfurat,حي الفرات,32.0300537725,44.4072867674,3.0,18.0,0.0,0.0,0.0,0.0,0.0,0.0,0.0,0.0,0.0,0.0,0.0,0.0,3.0,0.0,0.0,0.0,0.0,0.0,0.0,0.0,0.0,0.0,0.0,0.0,0.0,0.0,3.0,0.0,0.0,3.0,0.0,0.0,0.0,0.0,0.0,0.0,0.0,0.0,0.0,0.0,0.0,0.0,3.0,0.0,0.0,3.0,0.0,0.0,0.0,0.0,0.0,0.0,0.0,0.0,0.0,0.0,"Dec 31, 2018"
2938,3402028.0,20122.0,Najaf,Kufa,Hay missan 230,حي ميسان 230,32.0644241308,44.3622919572,81.0,486.0,0.0,0.0,0.0,0.0,0.0,0.0,0.0,0.0,0.0,0.0,0.0,0.0,81.0,0.0,0.0,0.0,0.0,0.0,0.0,0.0,0.0,0.0,0.0,0.0,0.0,0.0,81.0,0.0,0.0,81.0,0.0,0.0,0.0,0.0,0.0,0.0,0.0,0.0,0.0,0.0,0.0,0.0,81.0,0.0,0.0,81.0,0.0,0.0,0.0,0.0,0.0,0.0,0.0,0.0,0.0,0.0,"Dec 31, 2018"
2939,3402029.0,20130.0,Najaf,Kufa,Hay missan 232,حي ميسان 232,32.049574136,44.3653653884,3.0,18.0,0.0,0.0,0.0,0.0,0.0,0.0,0.0,0.0,0.0,0.0,0.0,0.0,3.0,0.0,0.0,0.0,0.0,0.0,0.0,0.0,0.0,0.0,0.0,0.0,0.0,0.0,3.0,0.0,0.0,3.0,0.0,0.0,0.0,0.0,0.0,0.0,0.0,0.0,0.0,0.0,0.0,0.0,3.0,0.0,0.0,3.0,0.0,0.0,0.0,0.0,0.0,0.0,0.0,0.0,0.0,0.0,"Dec 31, 2018"
2940,3402030.0,20132.0,Najaf,Kufa,Hay missan 234,حي ميسان 234,32.0583422747,44.3551152434,5.0,30.0,0.0,0.0,0.0,0.0,0.0,0.0,0.0,0.0,0.0,0.0,0.0,0.0,5.0,0.0,0.0,0.0,0.0,0.0,0.0,0.0,0.0,0.0,0.0,0.0,0.0,0.0,5.0,0.0,0.0,5.0,0.0,0.0,0.0,0.0,0.0,0.0,0.0,0.0,0.0,0.0,0.0,0.0,4.0,0.0,1.0,4.0,0.0,1.0,0.0,0.0,0.0,0.0,0.0,0.0,0.0,0.0,"Dec 31, 2018"
2941,3402031.0,20161.0,Najaf,Kufa,Hay missan 236,حي ميسان 236,32.0617313722,44.3608085375,3.0,18.0,0.0,0.0,0.0,0.0,0.0,0.0,0.0,0.0,0.0,0.0,0.0,0.0,3.0,0.0,0.0,0.0,0.0,0.0,0.0,0.0,0.0,0.0,0.0,0.0,0.0,0.0,3.0,0.0,0.0,3.0,0.0,0.0,0.0,0.0,0.0,0.0,0.0,0.0,0.0,0.0,3.0,0.0,0.0,3.0,0.0,0.0,0.0,0.0,0.0,0.0,0.0,0.0,0.0,0.0,0.0,0.0,"Dec 31, 2018"
2942,3402032.0,20148.0,Najaf,Kufa,Hay missan block 238,حي ميسان 238,32.046302057,44.3659652474,5.0,30.0,0.0,0.0,0.0,0.0,0.0,0.0,0.0,0.0,0.0,0.0,0.0,0.0,5.0,0.0,0.0,0.0,0.0,0.0,0.0,0.0,0.0,0.0,0.0,0.0,0.0,0.0,5.0,0.0,0.0,5.0,0.0,0.0,0.0,0.0,0.0,0.0,0.0,0.0,0.0,0.0,0.0,0.0,0.0,0.0,5.0,0.0,0.0,5.0,0.0,0.0,0.0,0.0,0.0,0.0,0.0,0.0,"Dec 31, 2018"
2943,3402033.0,20158.0,Najaf,Kufa,Hay missan block 242,حي ميسان 242,32.0633934715,44.3528329214,10.0,60.0,0.0,0.0,0.0,0.0,0.0,0.0,0.0,0.0,0.0,0.0,0.0,0.0,10.0,0.0,0.0,0.0,0.0,0.0,0.0,0.0,0.0,0.0,0.0,0.0,0.0,0.0,10.0,0.0,0.0,10.0,0.0,0.0,0.0,0.0,0.0,0.0,0.0,0.0,0.0,0.0,0.0,0.0,10.0,0.0,0.0,10.0,0.0,0.0,0.0,0.0,0.0,0.0,0.0,0.0,0.0,0.0,"Dec 31, 2018"
2944,3402035.0,20347.0,Najaf,Kufa,Maytham Al Tamar,حي ميثم التمار,32.0193019381,44.3981725202,9.0,54.0,0.0,0.0,0.0,0.0,0.0,0.0,0.0,0.0,0.0,0.0,0.0,0.0,9.0,0.0,0.0,0.0,0.0,0.0,0.0,0.0,0.0,0.0,0.0,0.0,0.0,0.0,9.0,0.0,0.0,9.0,0.0,0.0,0.0,0.0,0.0,0.0,0.0,0.0,0.0,0.0,0.0,0.0,9.0,0.0,0.0,9.0,0.0,0.0,0.0,0.0,0.0,0.0,0.0,0.0,0.0,0.0,"Dec 31, 2018"
2945,3402037.0,25890.0,Najaf,Kufa,Sader 3,الصدر الثالث,32.0124100328,44.4032305122,18.0,108.0,2.0,0.0,0.0,0.0,0.0,0.0,0.0,0.0,0.0,0.0,0.0,0.0,16.0,0.0,0.0,0.0,0.0,0.0,0.0,0.0,0.0,0.0,0.0,0.0,0.0,0.0,18.0,0.0,0.0,18.0,0.0,0.0,0.0,0.0,0.0,0.0,0.0,0.0,0.0,0.0,0.0,0.0,16.0,0.0,0.0,16.0,2.0,0.0,0.0,2.0,0.0,0.0,0.0,0.0,0.0,0.0,"Dec 31, 2018"
2946,3402041.0,20048.0,Najaf,Kufa,Al Kreishat Al Shimaliya,الكريشات الشمالية,32.0235716334,44.4025458279,3.0,18.0,0.0,0.0,0.0,0.0,0.0,0.0,0.0,0.0,0.0,0.0,0.0,0.0,3.0,0.0,0.0,0.0,0.0,0.0,0.0,0.0,0.0,0.0,0.0,0.0,0.0,0.0,3.0,0.0,0.0,3.0,0.0,0.0,0.0,0.0,0.0,0.0,0.0,0.0,0.0,0.0,3.0,0.0,0.0,3.0,0.0,0.0,0.0,0.0,0.0,0.0,0.0,0.0,0.0,0.0,0.0,0.0,"Dec 31, 2018"
2947,3402042.0,24145.0,Najaf,Kufa,Al Kreishat Al Jinobiya,الكريشات الجنوبية,32.0250456734,44.4066369353,3.0,18.0,0.0,0.0,0.0,0.0,0.0,0.0,0.0,0.0,0.0,0.0,0.0,0.0,3.0,0.0,0.0,0.0,0.0,0.0,0.0,0.0,0.0,0.0,0.0,0.0,0.0,0.0,3.0,0.0,0.0,3.0,0.0,0.0,0.0,0.0,0.0,0.0,0.0,0.0,0.0,0.0,0.0,0.0,3.0,0.0,0.0,3.0,0.0,0.0,0.0,0.0,0.0,0.0,0.0,0.0,0.0,0.0,"Dec 31, 2018"
2948,3402043.0,19641.0,Najaf,Kufa,Al Kreishat 1,الكريشات 1,32.0282364428,44.4065521538,5.0,30.0,0.0,0.0,0.0,0.0,0.0,0.0,0.0,0.0,0.0,0.0,0.0,0.0,5.0,0.0,0.0,0.0,0.0,0.0,0.0,0.0,0.0,0.0,0.0,0.0,0.0,0.0,5.0,0.0,0.0,5.0,0.0,0.0,0.0,0.0,0.0,0.0,0.0,0.0,0.0,0.0,5.0,0.0,0.0,5.0,0.0,0.0,0.0,0.0,0.0,0.0,0.0,0.0,0.0,0.0,0.0,0.0,"Dec 31, 2018"
2949,3402044.0,20046.0,Najaf,Kufa,Al Kreishat 2,الكريشات 2,32.031024753,44.4064995114,4.0,24.0,4.0,0.0,0.0,0.0,0.0,0.0,0.0,0.0,0.0,0.0,0.0,0.0,0.0,0.0,0.0,0.0,0.0,0.0,0.0,0.0,0.0,0.0,0.0,0.0,0.0,0.0,4.0,0.0,0.0,4.0,0.0,0.0,0.0,0.0,0.0,0.0,0.0,0.0,4.0,0.0,0.0,4.0,0.0,0.0,0.0,0.0,0.0,0.0,0.0,0.0,0.0,0.0,0.0,0.0,0.0,0.0,"Dec 31, 2018"
2950,3402045.0,20276.0,Najaf,Kufa,Hay missan 31,حي ميسان 31,32.0559636151,44.3639854672,6.0,36.0,0.0,0.0,0.0,0.0,0.0,0.0,0.0,0.0,0.0,0.0,0.0,0.0,6.0,0.0,0.0,0.0,0.0,0.0,0.0,0.0,0.0,0.0,0.0,0.0,0.0,0.0,6.0,0.0,0.0,6.0,0.0,0.0,0.0,0.0,0.0,0.0,0.0,0.0,0.0,0.0,0.0,0.0,6.0,0.0,0.0,6.0,0.0,0.0,0.0,0.0,0.0,0.0,0.0,0.0,0.0,0.0,"Dec 31, 2018"
2951,3402046.0,33155.0,Najaf,Kufa,Hay missan 15-A,حي ميسان 15-أ,32.0485323866,44.3628946739,3.0,18.0,0.0,0.0,0.0,0.0,0.0,0.0,0.0,0.0,0.0,0.0,0.0,0.0,3.0,0.0,0.0,0.0,0.0,0.0,0.0,0.0,0.0,0.0,0.0,0.0,0.0,0.0,3.0,0.0,0.0,3.0,0.0,0.0,0.0,0.0,0.0,0.0,0.0,0.0,0.0,0.0,3.0,0.0,0.0,3.0,0.0,0.0,0.0,0.0,0.0,0.0,0.0,0.0,0.0,0.0,0.0,0.0,"Dec 31, 2018"
2952,3402048.0,33157.0,Najaf,Kufa,Hay missan 14,حي ميسان 14,32.0497415519,44.3667125771,5.0,30.0,0.0,0.0,0.0,0.0,0.0,0.0,0.0,0.0,0.0,0.0,0.0,0.0,5.0,0.0,0.0,0.0,0.0,0.0,0.0,0.0,0.0,0.0,0.0,0.0,0.0,0.0,5.0,0.0,0.0,5.0,0.0,0.0,0.0,0.0,0.0,0.0,0.0,0.0,0.0,0.0,0.0,0.0,0.0,0.0,5.0,0.0,0.0,5.0,0.0,0.0,0.0,0.0,0.0,0.0,0.0,0.0,"Dec 31, 2018"
2953,3402049.0,33158.0,Najaf,Kufa,Hay missan 22,حي ميسان 22,32.0513945774,44.3602418558,3.0,18.0,0.0,0.0,0.0,0.0,0.0,0.0,0.0,0.0,0.0,0.0,0.0,0.0,3.0,0.0,0.0,0.0,0.0,0.0,0.0,0.0,0.0,0.0,0.0,0.0,0.0,0.0,3.0,0.0,0.0,3.0,0.0,0.0,0.0,0.0,0.0,0.0,0.0,0.0,0.0,0.0,3.0,0.0,0.0,3.0,0.0,0.0,0.0,0.0,0.0,0.0,0.0,0.0,0.0,0.0,0.0,0.0,"Dec 31, 2018"
2954,3403003.0,20260.0,Najaf,Najaf,Al bory,قرية البوري,32.2796098883,44.2892457254,35.0,210.0,0.0,0.0,0.0,0.0,0.0,0.0,0.0,0.0,0.0,0.0,0.0,0.0,35.0,0.0,0.0,0.0,0.0,0.0,0.0,0.0,0.0,0.0,0.0,0.0,0.0,15.0,20.0,15.0,0.0,20.0,0.0,0.0,0.0,0.0,0.0,0.0,0.0,0.0,0.0,0.0,0.0,0.0,35.0,0.0,0.0,35.0,0.0,0.0,0.0,0.0,0.0,0.0,0.0,0.0,0.0,0.0,"Dec 31, 2018"
2955,3403008.0,22565.0,Najaf,Najaf,Al Jamiaa 3,الجامعة 3,32.0378245022,44.357380437,10.0,60.0,0.0,0.0,0.0,0.0,0.0,0.0,0.0,0.0,0.0,0.0,0.0,0.0,10.0,0.0,0.0,0.0,0.0,0.0,0.0,0.0,0.0,0.0,0.0,0.0,0.0,0.0,10.0,0.0,0.0,10.0,0.0,0.0,0.0,0.0,0.0,0.0,0.0,0.0,0.0,0.0,10.0,0.0,0.0,10.0,0.0,0.0,0.0,0.0,0.0,0.0,0.0,0.0,0.0,0.0,0.0,0.0,"Dec 31, 2018"
2956,3403011.0,21936.0,Najaf,Najaf,Al Jazair 3,الجزائر 3,32.0473973344,44.3438943167,2.0,12.0,0.0,0.0,0.0,0.0,0.0,0.0,0.0,0.0,0.0,0.0,0.0,0.0,2.0,0.0,0.0,0.0,0.0,0.0,0.0,0.0,0.0,0.0,0.0,0.0,0.0,0.0,2.0,0.0,0.0,2.0,0.0,0.0,0.0,0.0,0.0,0.0,0.0,0.0,0.0,0.0,0.0,0.0,2.0,0.0,0.0,2.0,0.0,0.0,0.0,0.0,0.0,0.0,0.0,0.0,0.0,0.0,"Dec 31, 2018"
2957,3403012.0,20338.0,Najaf,Najaf,AL JEDAIDA,الجديدة 4,31.990201697,44.3178220468,24.0,144.0,0.0,0.0,0.0,0.0,0.0,0.0,0.0,0.0,0.0,0.0,0.0,0.0,24.0,0.0,0.0,0.0,0.0,0.0,0.0,0.0,0.0,0.0,0.0,0.0,0.0,4.0,20.0,4.0,0.0,20.0,0.0,0.0,0.0,0.0,0.0,0.0,0.0,0.0,0.0,0.0,24.0,0.0,0.0,24.0,0.0,0.0,0.0,0.0,0.0,0.0,0.0,0.0,0.0,0.0,0.0,0.0,"Dec 31, 2018"
2958,3403015.0,23747.0,Najaf,Najaf,Al-Qasim 2,حي القاسم 2,32.0487064765,44.3125292035,5.0,30.0,0.0,0.0,0.0,0.0,0.0,0.0,0.0,0.0,0.0,0.0,0.0,0.0,5.0,0.0,0.0,0.0,0.0,0.0,0.0,0.0,0.0,0.0,0.0,0.0,0.0,0.0,5.0,0.0,0.0,5.0,0.0,0.0,0.0,0.0,0.0,0.0,0.0,0.0,0.0,0.0,5.0,0.0,0.0,5.0,0.0,0.0,0.0,0.0,0.0,0.0,0.0,0.0,0.0,0.0,0.0,0.0,"Dec 31, 2018"
2959,3403016.0,24373.0,Najaf,Najaf,Al Quds 22,القدس 22,31.9791939795,44.3533989022,6.0,36.0,0.0,0.0,0.0,0.0,0.0,0.0,0.0,0.0,0.0,0.0,0.0,0.0,6.0,0.0,0.0,0.0,0.0,0.0,0.0,0.0,0.0,0.0,0.0,0.0,0.0,0.0,6.0,0.0,0.0,6.0,0.0,0.0,0.0,0.0,0.0,0.0,0.0,0.0,0.0,0.0,4.0,0.0,2.0,4.0,0.0,2.0,0.0,0.0,0.0,0.0,0.0,0.0,0.0,0.0,0.0,0.0,"Dec 31, 2018"
2960,3403018.0,21575.0,Najaf,Najaf,Al Radhawiyah 3,الرضوية 3,31.9633210107,44.3884170439,3.0,18.0,0.0,0.0,0.0,0.0,0.0,0.0,0.0,0.0,0.0,0.0,0.0,0.0,3.0,0.0,0.0,0.0,0.0,0.0,0.0,0.0,0.0,0.0,0.0,0.0,0.0,0.0,3.0,0.0,0.0,3.0,0.0,0.0,0.0,0.0,0.0,0.0,0.0,0.0,0.0,0.0,3.0,0.0,0.0,3.0,0.0,0.0,0.0,0.0,0.0,0.0,0.0,0.0,0.0,0.0,0.0,0.0,"Dec 31, 2018"
2961,3403022.0,25640.0,Najaf,Najaf,Al Radhawiyah 7,الرضوية 7,31.9519130676,44.4136935852,35.0,210.0,0.0,0.0,0.0,0.0,0.0,0.0,0.0,0.0,0.0,0.0,0.0,0.0,35.0,0.0,0.0,0.0,0.0,0.0,0.0,0.0,0.0,0.0,0.0,0.0,0.0,0.0,35.0,0.0,0.0,35.0,0.0,0.0,0.0,0.0,0.0,0.0,0.0,0.0,0.0,0.0,0.0,0.0,35.0,0.0,0.0,35.0,0.0,0.0,0.0,0.0,0.0,0.0,0.0,0.0,0.0,0.0,"Dec 31, 2018"
2962,3403024.0,23705.0,Najaf,Najaf,Al Rehab,الرحاب,32.0936977521,44.3324568209,10.0,60.0,0.0,0.0,0.0,0.0,0.0,0.0,0.0,0.0,0.0,0.0,0.0,0.0,10.0,0.0,0.0,0.0,0.0,0.0,0.0,0.0,0.0,0.0,0.0,0.0,0.0,0.0,10.0,0.0,0.0,10.0,0.0,0.0,0.0,0.0,0.0,0.0,0.0,0.0,0.0,0.0,10.0,0.0,0.0,10.0,0.0,0.0,0.0,0.0,0.0,0.0,0.0,0.0,0.0,0.0,0.0,0.0,"Dec 31, 2018"
2963,3403025.0,19643.0,Najaf,Najaf,Al Salam,حي السلام,32.0336596684,44.3386552908,17.0,102.0,0.0,0.0,0.0,0.0,0.0,0.0,0.0,0.0,0.0,0.0,0.0,0.0,17.0,0.0,0.0,0.0,0.0,0.0,0.0,0.0,0.0,0.0,0.0,0.0,0.0,0.0,17.0,0.0,0.0,17.0,0.0,0.0,0.0,0.0,0.0,0.0,0.0,0.0,0.0,0.0,17.0,0.0,0.0,17.0,0.0,0.0,0.0,0.0,0.0,0.0,0.0,0.0,0.0,0.0,0.0,0.0,"Dec 31, 2018"
2964,3403026.0,24429.0,Najaf,Najaf,Al-Shaheed Al-Sadar 5,حي الشهيد الصدر 5,32.0529840135,44.3261125512,3.0,18.0,0.0,0.0,0.0,0.0,0.0,0.0,0.0,0.0,0.0,0.0,0.0,0.0,3.0,0.0,0.0,0.0,0.0,0.0,0.0,0.0,0.0,0.0,0.0,0.0,0.0,0.0,3.0,0.0,0.0,3.0,0.0,0.0,0.0,0.0,0.0,0.0,0.0,0.0,0.0,0.0,0.0,0.0,3.0,0.0,0.0,3.0,0.0,0.0,0.0,0.0,0.0,0.0,0.0,0.0,0.0,0.0,"Dec 31, 2018"
2965,3403027.0,26015.0,Najaf,Najaf,Al-Ameriya,العامرية,31.9869246018,44.3148376754,10.0,60.0,0.0,0.0,0.0,0.0,0.0,0.0,0.0,0.0,0.0,0.0,0.0,0.0,10.0,0.0,0.0,0.0,0.0,0.0,0.0,0.0,0.0,0.0,0.0,0.0,0.0,0.0,10.0,0.0,0.0,10.0,0.0,0.0,0.0,0.0,0.0,0.0,0.0,0.0,0.0,0.0,0.0,0.0,10.0,0.0,0.0,10.0,0.0,0.0,0.0,0.0,0.0,0.0,0.0,0.0,0.0,0.0,"Dec 31, 2018"
2966,3403028.0,25943.0,Najaf,Najaf,Al-Fao,الفاو,32.051397061,44.3081552947,5.0,30.0,0.0,0.0,0.0,0.0,0.0,0.0,0.0,0.0,0.0,0.0,0.0,0.0,5.0,0.0,0.0,0.0,0.0,0.0,0.0,0.0,0.0,0.0,0.0,0.0,0.0,0.0,5.0,0.0,0.0,5.0,0.0,0.0,0.0,0.0,0.0,0.0,0.0,0.0,0.0,0.0,0.0,0.0,5.0,0.0,0.0,5.0,0.0,0.0,0.0,0.0,0.0,0.0,0.0,0.0,0.0,0.0,"Dec 31, 2018"
2967,3403030.0,19976.0,Najaf,Najaf,Aljadidah althalthah,الجديدة الثالثة,31.9898749688,44.3325416296,8.0,48.0,0.0,0.0,0.0,0.0,0.0,0.0,0.0,0.0,0.0,0.0,0.0,0.0,8.0,0.0,0.0,0.0,0.0,0.0,0.0,0.0,0.0,0.0,0.0,0.0,0.0,1.0,7.0,1.0,0.0,7.0,0.0,0.0,0.0,0.0,0.0,0.0,0.0,0.0,0.0,0.0,8.0,0.0,0.0,8.0,0.0,0.0,0.0,0.0,0.0,0.0,0.0,0.0,0.0,0.0,0.0,0.0,"Dec 31, 2018"
2968,3403031.0,19968.0,Najaf,Najaf,Aljadidah althanyah,الجديدة الثانية,31.9922369736,44.3232730594,3.0,18.0,0.0,0.0,0.0,0.0,0.0,0.0,0.0,0.0,0.0,0.0,0.0,0.0,3.0,0.0,0.0,0.0,0.0,0.0,0.0,0.0,0.0,0.0,0.0,0.0,0.0,1.0,2.0,1.0,0.0,2.0,0.0,0.0,0.0,0.0,0.0,0.0,0.0,0.0,0.0,0.0,3.0,0.0,0.0,3.0,0.0,0.0,0.0,0.0,0.0,0.0,0.0,0.0,0.0,0.0,0.0,0.0,"Dec 31, 2018"
2969,3403032.0,19965.0,Najaf,Najaf,Aljadidah alulah,الجديدة الاولى,31.9949114615,44.3306133625,23.0,138.0,0.0,0.0,0.0,0.0,0.0,0.0,0.0,0.0,0.0,0.0,0.0,0.0,23.0,0.0,0.0,0.0,0.0,0.0,0.0,0.0,0.0,0.0,0.0,0.0,0.0,2.0,21.0,2.0,0.0,21.0,0.0,0.0,0.0,0.0,0.0,0.0,0.0,0.0,0.0,0.0,23.0,0.0,0.0,23.0,0.0,0.0,0.0,0.0,0.0,0.0,0.0,0.0,0.0,0.0,0.0,0.0,"Dec 31, 2018"
2970,3403034.0,25977.0,Najaf,Najaf,Al-Nidaa,النداء,32.0614168536,44.3034905578,4.0,24.0,0.0,0.0,0.0,0.0,0.0,0.0,0.0,0.0,0.0,0.0,0.0,0.0,4.0,0.0,0.0,0.0,0.0,0.0,0.0,0.0,0.0,0.0,0.0,0.0,0.0,0.0,4.0,0.0,0.0,4.0,0.0,0.0,0.0,0.0,0.0,0.0,0.0,0.0,0.0,0.0,4.0,0.0,0.0,4.0,0.0,0.0,0.0,0.0,0.0,0.0,0.0,0.0,0.0,0.0,0.0,0.0,"Dec 31, 2018"
2971,3403035.0,20304.0,Najaf,Najaf,AL-RADHAWIYA,الرضوية 1,31.9622938395,44.413639897,167.0,1002.0,0.0,0.0,0.0,0.0,0.0,0.0,0.0,0.0,0.0,0.0,0.0,0.0,167.0,0.0,0.0,0.0,0.0,0.0,0.0,0.0,0.0,0.0,0.0,0.0,0.0,0.0,167.0,0.0,0.0,167.0,0.0,0.0,0.0,0.0,0.0,0.0,0.0,0.0,0.0,0.0,0.0,0.0,167.0,0.0,0.0,167.0,0.0,0.0,0.0,0.0,0.0,0.0,0.0,0.0,0.0,0.0,"Dec 31, 2018"
2972,3403036.0,20062.0,Najaf,Najaf,Hay aby taleb,حي ابو طالب,32.0261866154,44.311255301,4.0,24.0,0.0,0.0,0.0,0.0,0.0,0.0,0.0,0.0,0.0,0.0,0.0,0.0,4.0,0.0,0.0,0.0,0.0,0.0,0.0,0.0,0.0,0.0,0.0,0.0,0.0,0.0,4.0,0.0,0.0,4.0,0.0,0.0,0.0,0.0,0.0,0.0,0.0,0.0,0.0,0.0,4.0,0.0,0.0,4.0,0.0,0.0,0.0,0.0,0.0,0.0,0.0,0.0,0.0,0.0,0.0,0.0,"Dec 31, 2018"
2973,3403038.0,25432.0,Najaf,Najaf,Hay Al Tahadi,حي التحدي,32.3120043875,44.2690350487,10.0,60.0,0.0,0.0,0.0,0.0,0.0,0.0,0.0,0.0,0.0,0.0,0.0,0.0,10.0,0.0,0.0,0.0,0.0,0.0,0.0,0.0,0.0,0.0,0.0,0.0,0.0,0.0,10.0,0.0,0.0,10.0,0.0,0.0,0.0,0.0,0.0,0.0,0.0,0.0,0.0,0.0,10.0,0.0,0.0,10.0,0.0,0.0,0.0,0.0,0.0,0.0,0.0,0.0,0.0,0.0,0.0,0.0,"Dec 31, 2018"
2974,3403039.0,25431.0,Najaf,Najaf,Hay Al Ameer,حي الامير,32.3160216607,44.2690096232,50.0,300.0,0.0,0.0,0.0,0.0,0.0,0.0,0.0,0.0,0.0,0.0,0.0,0.0,50.0,0.0,0.0,0.0,0.0,0.0,0.0,0.0,0.0,0.0,0.0,0.0,0.0,0.0,50.0,0.0,0.0,50.0,0.0,0.0,0.0,0.0,0.0,0.0,0.0,0.0,0.0,0.0,50.0,0.0,0.0,50.0,0.0,0.0,0.0,0.0,0.0,0.0,0.0,0.0,0.0,0.0,0.0,0.0,"Dec 31, 2018"
2975,3403044.0,23118.0,Najaf,Najaf,Al Jazair 2-B,الجزائر 2-B,32.058611619,44.3452233358,5.0,30.0,0.0,0.0,0.0,0.0,0.0,0.0,0.0,0.0,0.0,0.0,0.0,0.0,5.0,0.0,0.0,0.0,0.0,0.0,0.0,0.0,0.0,0.0,0.0,0.0,0.0,0.0,5.0,0.0,0.0,5.0,0.0,0.0,0.0,0.0,0.0,0.0,0.0,0.0,0.0,0.0,0.0,0.0,5.0,0.0,0.0,5.0,0.0,0.0,0.0,0.0,0.0,0.0,0.0,0.0,0.0,0.0,"Dec 31, 2018"
2976,3403045.0,25642.0,Najaf,Najaf,Al Jazair 4,الجزائر 4,32.0458689169,44.3506222529,3.0,18.0,0.0,0.0,0.0,0.0,0.0,0.0,0.0,0.0,0.0,0.0,0.0,0.0,3.0,0.0,0.0,0.0,0.0,0.0,0.0,0.0,0.0,0.0,0.0,0.0,0.0,0.0,3.0,0.0,0.0,3.0,0.0,0.0,0.0,0.0,0.0,0.0,0.0,0.0,0.0,0.0,0.0,0.0,0.0,0.0,3.0,0.0,0.0,3.0,0.0,0.0,0.0,0.0,0.0,0.0,0.0,0.0,"Dec 31, 2018"
2977,3403047.0,24377.0,Najaf,Najaf,Hay Al qadissiyah,حي القادسية,32.0010880079,44.3718808835,40.0,240.0,0.0,0.0,0.0,0.0,0.0,0.0,0.0,0.0,0.0,0.0,0.0,0.0,40.0,0.0,0.0,0.0,0.0,0.0,0.0,0.0,0.0,0.0,0.0,0.0,0.0,0.0,40.0,0.0,0.0,40.0,0.0,0.0,0.0,0.0,0.0,0.0,0.0,0.0,0.0,0.0,15.0,0.0,0.0,15.0,25.0,0.0,0.0,25.0,0.0,0.0,0.0,0.0,0.0,0.0,0.0,0.0,"Dec 31, 2018"
2978,3403048.0,20349.0,Najaf,Najaf,Hay Al Rahma,حي الرحمة,32.0177379884,44.3224693103,27.0,162.0,2.0,0.0,0.0,0.0,0.0,0.0,0.0,0.0,0.0,0.0,0.0,0.0,25.0,0.0,0.0,0.0,0.0,0.0,0.0,0.0,0.0,0.0,0.0,0.0,0.0,0.0,27.0,0.0,0.0,27.0,0.0,0.0,0.0,0.0,0.0,0.0,0.0,0.0,2.0,0.0,25.0,2.0,0.0,25.0,0.0,0.0,0.0,0.0,0.0,0.0,0.0,0.0,0.0,0.0,0.0,0.0,"Dec 31, 2018"
2979,3403049.0,21574.0,Najaf,Najaf,Al-Shaheed Al-Sadar 1,حي الشهيد الصدر 1,32.0628537147,44.3238195151,20.0,120.0,0.0,0.0,0.0,0.0,0.0,0.0,0.0,0.0,0.0,0.0,0.0,0.0,20.0,0.0,0.0,0.0,0.0,0.0,0.0,0.0,0.0,0.0,0.0,0.0,0.0,18.0,2.0,18.0,0.0,2.0,0.0,0.0,0.0,0.0,0.0,0.0,0.0,0.0,0.0,0.0,20.0,0.0,0.0,20.0,0.0,0.0,0.0,0.0,0.0,0.0,0.0,0.0,0.0,0.0,0.0,0.0,"Dec 31, 2018"
2980,3403052.0,22769.0,Najaf,Najaf,Hay Al Yarmook 326,حي اليرموك 326,32.0874432948,44.3457165829,13.0,78.0,0.0,0.0,0.0,0.0,0.0,0.0,0.0,0.0,0.0,0.0,0.0,0.0,13.0,0.0,0.0,0.0,0.0,0.0,0.0,0.0,0.0,0.0,0.0,0.0,0.0,0.0,13.0,0.0,0.0,13.0,0.0,0.0,0.0,0.0,0.0,0.0,0.0,0.0,0.0,0.0,13.0,0.0,0.0,13.0,0.0,0.0,0.0,0.0,0.0,0.0,0.0,0.0,0.0,0.0,0.0,0.0,"Dec 31, 2018"
2981,3403053.0,22911.0,Najaf,Najaf,Hay Al Yarmuk-332,حي اليرموك 332,32.0604755214,44.3355438057,15.0,90.0,0.0,0.0,0.0,0.0,0.0,0.0,0.0,0.0,0.0,0.0,0.0,0.0,15.0,0.0,0.0,0.0,0.0,0.0,0.0,0.0,0.0,0.0,0.0,0.0,0.0,0.0,15.0,0.0,0.0,15.0,0.0,0.0,0.0,0.0,0.0,0.0,0.0,0.0,0.0,0.0,0.0,0.0,15.0,0.0,0.0,15.0,0.0,0.0,0.0,0.0,0.0,0.0,0.0,0.0,0.0,0.0,"Dec 31, 2018"
2982,3403055.0,24240.0,Najaf,Najaf,Hay Al zahraa-Al Haidariyah,حي الزهراء-الحيدرية,32.3155588689,44.2742811368,29.0,174.0,0.0,0.0,0.0,0.0,0.0,0.0,0.0,0.0,0.0,0.0,0.0,0.0,29.0,0.0,0.0,0.0,0.0,0.0,0.0,0.0,0.0,0.0,0.0,0.0,0.0,0.0,29.0,0.0,0.0,29.0,0.0,0.0,0.0,0.0,0.0,0.0,0.0,0.0,0.0,0.0,29.0,0.0,0.0,29.0,0.0,0.0,0.0,0.0,0.0,0.0,0.0,0.0,0.0,0.0,0.0,0.0,"Dec 31, 2018"
2983,3403056.0,19971.0,Najaf,Najaf,Al-Ansar,الانصار,31.9863089998,44.3529316043,4.0,24.0,0.0,0.0,0.0,0.0,0.0,0.0,0.0,0.0,0.0,0.0,0.0,0.0,4.0,0.0,0.0,0.0,0.0,0.0,0.0,0.0,0.0,0.0,0.0,0.0,0.0,0.0,4.0,0.0,0.0,4.0,0.0,0.0,0.0,0.0,0.0,0.0,0.0,0.0,0.0,0.0,4.0,0.0,0.0,4.0,0.0,0.0,0.0,0.0,0.0,0.0,0.0,0.0,0.0,0.0,0.0,0.0,"Dec 31, 2018"
2984,3403060.0,20098.0,Najaf,Najaf,Al-Jihad 2,الجهاد 2,32.0380821773,44.3120831958,5.0,30.0,0.0,0.0,0.0,0.0,0.0,0.0,0.0,0.0,0.0,0.0,0.0,0.0,5.0,0.0,0.0,0.0,0.0,0.0,0.0,0.0,0.0,0.0,0.0,0.0,0.0,0.0,5.0,0.0,0.0,5.0,0.0,0.0,0.0,0.0,0.0,0.0,0.0,0.0,0.0,0.0,5.0,0.0,0.0,5.0,0.0,0.0,0.0,0.0,0.0,0.0,0.0,0.0,0.0,0.0,0.0,0.0,"Dec 31, 2018"
2985,3403063.0,20073.0,Najaf,Najaf,Al-Jihad 5,الجهاد 5,32.0375071465,44.3087974011,8.0,48.0,0.0,0.0,0.0,0.0,0.0,0.0,0.0,0.0,0.0,0.0,0.0,0.0,8.0,0.0,0.0,0.0,0.0,0.0,0.0,0.0,0.0,0.0,0.0,0.0,0.0,0.0,8.0,0.0,0.0,8.0,0.0,0.0,0.0,0.0,0.0,0.0,0.0,0.0,0.0,0.0,8.0,0.0,0.0,8.0,0.0,0.0,0.0,0.0,0.0,0.0,0.0,0.0,0.0,0.0,0.0,0.0,"Dec 31, 2018"
2986,3403064.0,20084.0,Najaf,Najaf,Al-Jihad 6,الجهاد 6,32.0286707061,44.3045129502,10.0,60.0,0.0,0.0,0.0,0.0,0.0,0.0,0.0,0.0,0.0,0.0,0.0,0.0,10.0,0.0,0.0,0.0,0.0,0.0,0.0,0.0,0.0,0.0,0.0,0.0,0.0,0.0,10.0,0.0,0.0,10.0,0.0,0.0,0.0,0.0,0.0,0.0,0.0,0.0,0.0,0.0,0.0,0.0,10.0,0.0,0.0,10.0,0.0,0.0,0.0,0.0,0.0,0.0,0.0,0.0,0.0,0.0,"Dec 31, 2018"
2987,3403065.0,20128.0,Najaf,Najaf,Al-Qasim 3,حي القاسم 3,32.0517403556,44.3143461698,25.0,150.0,0.0,0.0,0.0,0.0,0.0,0.0,0.0,0.0,0.0,0.0,0.0,0.0,25.0,0.0,0.0,0.0,0.0,0.0,0.0,0.0,0.0,0.0,0.0,0.0,0.0,0.0,25.0,0.0,0.0,25.0,0.0,0.0,0.0,0.0,0.0,0.0,0.0,0.0,0.0,0.0,0.0,0.0,25.0,0.0,0.0,25.0,0.0,0.0,0.0,0.0,0.0,0.0,0.0,0.0,0.0,0.0,"Dec 31, 2018"
2988,3403066.0,23748.0,Najaf,Najaf,Al-Risala 2,الرسالة 2,32.0384354466,44.3254031534,13.0,78.0,0.0,0.0,0.0,0.0,0.0,0.0,0.0,0.0,0.0,0.0,0.0,0.0,13.0,0.0,0.0,0.0,0.0,0.0,0.0,0.0,0.0,0.0,0.0,0.0,0.0,0.0,13.0,0.0,0.0,13.0,0.0,0.0,0.0,0.0,0.0,0.0,0.0,0.0,0.0,0.0,13.0,0.0,0.0,13.0,0.0,0.0,0.0,0.0,0.0,0.0,0.0,0.0,0.0,0.0,0.0,0.0,"Dec 31, 2018"
2989,3403067.0,20080.0,Najaf,Najaf,Hay alsalam 131,حي السلام 131,32.0332869466,44.3303686148,27.0,162.0,0.0,0.0,0.0,0.0,0.0,0.0,0.0,0.0,0.0,0.0,0.0,0.0,27.0,0.0,0.0,0.0,0.0,0.0,0.0,0.0,0.0,0.0,0.0,0.0,0.0,0.0,27.0,0.0,0.0,27.0,0.0,0.0,0.0,0.0,0.0,0.0,0.0,0.0,0.0,0.0,0.0,0.0,27.0,0.0,0.0,27.0,0.0,0.0,0.0,0.0,0.0,0.0,0.0,0.0,0.0,0.0,"Dec 31, 2018"
2990,3403070.0,24378.0,Najaf,Najaf,Hay Tabok,حي تبوك,31.9842394275,44.3317629939,10.0,60.0,3.0,0.0,0.0,0.0,0.0,0.0,0.0,0.0,0.0,0.0,0.0,0.0,7.0,0.0,0.0,0.0,0.0,0.0,0.0,0.0,0.0,0.0,0.0,0.0,0.0,0.0,10.0,0.0,0.0,10.0,0.0,0.0,0.0,0.0,0.0,0.0,0.0,0.0,0.0,0.0,7.0,0.0,0.0,7.0,0.0,0.0,3.0,0.0,0.0,3.0,0.0,0.0,0.0,0.0,0.0,0.0,"Dec 31, 2018"
2991,3403074.0,25643.0,Najaf,Najaf,Shareet Noor-Tabook,شريط نور-تبوك,31.979442538,44.3292367372,5.0,30.0,0.0,0.0,0.0,0.0,0.0,0.0,0.0,0.0,0.0,0.0,0.0,0.0,5.0,0.0,0.0,0.0,0.0,0.0,0.0,0.0,0.0,0.0,0.0,0.0,0.0,0.0,5.0,0.0,0.0,5.0,0.0,0.0,0.0,0.0,0.0,0.0,0.0,0.0,0.0,0.0,5.0,0.0,0.0,5.0,0.0,0.0,0.0,0.0,0.0,0.0,0.0,0.0,0.0,0.0,0.0,0.0,"Dec 31, 2018"
2992,3403075.0,20282.0,Najaf,Najaf,Shawafi Village,الشوافع,31.9879224381,44.3147482039,32.0,192.0,0.0,0.0,0.0,0.0,0.0,0.0,0.0,0.0,0.0,0.0,0.0,0.0,32.0,0.0,0.0,0.0,0.0,0.0,0.0,0.0,0.0,0.0,0.0,0.0,0.0,0.0,32.0,0.0,0.0,32.0,0.0,0.0,0.0,0.0,0.0,0.0,0.0,0.0,0.0,0.0,32.0,0.0,0.0,32.0,0.0,0.0,0.0,0.0,0.0,0.0,0.0,0.0,0.0,0.0,0.0,0.0,"Dec 31, 2018"
2993,3403078.0,29598.0,Najaf,Najaf,Al Salam Complex,مجمع السلام,32.174144889,44.3075260715,188.0,1128.0,0.0,0.0,0.0,0.0,0.0,0.0,0.0,0.0,0.0,0.0,0.0,0.0,188.0,0.0,0.0,0.0,0.0,0.0,188.0,0.0,0.0,0.0,0.0,0.0,0.0,0.0,0.0,0.0,0.0,0.0,0.0,0.0,0.0,0.0,0.0,0.0,0.0,0.0,0.0,0.0,188.0,0.0,0.0,188.0,0.0,0.0,0.0,0.0,0.0,0.0,0.0,0.0,0.0,0.0,0.0,0.0,"Dec 31, 2018"
2994,3403079.0,29618.0,Najaf,Najaf,Mafraq Al-Kefal,مفرك الجفل,32.2168920533,44.3015051335,52.0,312.0,0.0,0.0,0.0,0.0,0.0,0.0,0.0,0.0,0.0,0.0,0.0,0.0,52.0,0.0,0.0,0.0,0.0,0.0,0.0,0.0,0.0,0.0,0.0,0.0,0.0,0.0,52.0,0.0,0.0,52.0,0.0,0.0,0.0,0.0,0.0,0.0,0.0,0.0,0.0,0.0,52.0,0.0,0.0,52.0,0.0,0.0,0.0,0.0,0.0,0.0,0.0,0.0,0.0,0.0,0.0,0.0,"Dec 31, 2018"
2995,3403080.0,29619.0,Najaf,Najaf,Al-Mazarea AL-Westa,المزارع الوسطى,32.2412195358,44.291453769,135.0,810.0,0.0,0.0,0.0,0.0,0.0,0.0,0.0,0.0,0.0,0.0,0.0,0.0,135.0,0.0,0.0,0.0,0.0,0.0,0.0,0.0,0.0,0.0,0.0,0.0,0.0,10.0,125.0,10.0,0.0,125.0,0.0,0.0,0.0,0.0,0.0,0.0,0.0,0.0,0.0,0.0,135.0,0.0,0.0,135.0,0.0,0.0,0.0,0.0,0.0,0.0,0.0,0.0,0.0,0.0,0.0,0.0,"Dec 31, 2018"
2996,3403081.0,20341.0,Najaf,Najaf,Al-Qasim,القاسم,32.3101327841,44.2765477471,16.0,96.0,0.0,0.0,0.0,0.0,0.0,0.0,0.0,0.0,0.0,0.0,0.0,0.0,16.0,0.0,0.0,0.0,0.0,0.0,0.0,0.0,0.0,0.0,0.0,0.0,0.0,6.0,10.0,6.0,0.0,10.0,0.0,0.0,0.0,0.0,0.0,0.0,0.0,0.0,0.0,0.0,16.0,0.0,0.0,16.0,0.0,0.0,0.0,0.0,0.0,0.0,0.0,0.0,0.0,0.0,0.0,0.0,"Dec 31, 2018"
2997,3403082.0,19637.0,Najaf,Najaf,Markaz Alhaidariya,مركز الحيدرية,32.3093582935,44.273303692,78.0,468.0,0.0,0.0,0.0,0.0,0.0,0.0,0.0,0.0,0.0,0.0,0.0,0.0,78.0,0.0,0.0,0.0,0.0,0.0,0.0,0.0,0.0,0.0,0.0,0.0,0.0,0.0,78.0,0.0,0.0,78.0,0.0,0.0,0.0,0.0,0.0,0.0,0.0,0.0,0.0,0.0,78.0,0.0,0.0,78.0,0.0,0.0,0.0,0.0,0.0,0.0,0.0,0.0,0.0,0.0,0.0,0.0,"Dec 31, 2018"
2998,3403083.0,29620.0,Najaf,Najaf,AL-Ajdaa,الاجدع,32.3321799698,44.2532413112,49.0,294.0,0.0,0.0,0.0,0.0,0.0,0.0,0.0,0.0,0.0,0.0,0.0,0.0,49.0,0.0,0.0,0.0,0.0,0.0,0.0,0.0,0.0,0.0,0.0,0.0,0.0,0.0,49.0,0.0,0.0,49.0,0.0,0.0,0.0,0.0,0.0,0.0,0.0,0.0,0.0,0.0,49.0,0.0,0.0,49.0,0.0,0.0,0.0,0.0,0.0,0.0,0.0,0.0,0.0,0.0,0.0,0.0,"Dec 31, 2018"
2999,3403084.0,29621.0,Najaf,Najaf,Mazara Al-Hawli,مزارع الحولي,32.0964972997,44.3313444008,160.0,960.0,0.0,0.0,0.0,0.0,0.0,0.0,0.0,0.0,0.0,0.0,0.0,0.0,160.0,0.0,0.0,0.0,0.0,0.0,0.0,0.0,0.0,0.0,0.0,0.0,0.0,3.0,157.0,3.0,0.0,157.0,0.0,0.0,0.0,0.0,0.0,0.0,0.0,0.0,0.0,0.0,160.0,0.0,0.0,160.0,0.0,0.0,0.0,0.0,0.0,0.0,0.0,0.0,0.0,0.0,0.0,0.0,"Dec 31, 2018"
3000,3403085.0,29622.0,Najaf,Najaf,Fadak Village,قرية فدك,32.2165742135,44.3388864397,50.0,300.0,0.0,0.0,0.0,0.0,0.0,0.0,0.0,0.0,0.0,0.0,0.0,0.0,50.0,0.0,0.0,0.0,0.0,0.0,0.0,0.0,0.0,0.0,0.0,0.0,0.0,5.0,45.0,5.0,0.0,45.0,0.0,0.0,0.0,0.0,0.0,0.0,0.0,0.0,0.0,0.0,0.0,0.0,50.0,0.0,0.0,50.0,0.0,0.0,0.0,0.0,0.0,0.0,0.0,0.0,0.0,0.0,"Dec 31, 2018"
3001,3403086.0,29623.0,Najaf,Najaf,Al-Mazara 2,المزارع الثانية,32.11799585,44.3390212301,160.0,960.0,0.0,0.0,0.0,0.0,0.0,0.0,0.0,0.0,0.0,0.0,0.0,0.0,160.0,0.0,0.0,0.0,0.0,0.0,0.0,0.0,0.0,0.0,0.0,0.0,0.0,5.0,155.0,5.0,0.0,155.0,0.0,0.0,0.0,0.0,0.0,0.0,0.0,0.0,0.0,0.0,160.0,0.0,0.0,160.0,0.0,0.0,0.0,0.0,0.0,0.0,0.0,0.0,0.0,0.0,0.0,0.0,"Dec 31, 2018"
3002,3403087.0,29624.0,Najaf,Najaf,Al-Hurriya Camp,مخيم الحرية,32.1470487865,44.3321057935,4.0,24.0,0.0,0.0,0.0,0.0,0.0,0.0,0.0,0.0,0.0,0.0,0.0,0.0,4.0,0.0,0.0,0.0,0.0,0.0,4.0,0.0,0.0,0.0,0.0,0.0,0.0,0.0,0.0,0.0,0.0,0.0,0.0,0.0,0.0,0.0,0.0,0.0,0.0,0.0,0.0,0.0,0.0,0.0,4.0,0.0,0.0,4.0,0.0,0.0,0.0,0.0,0.0,0.0,0.0,0.0,0.0,0.0,"Dec 31, 2018"
3003,3403088.0,29658.0,Najaf,Najaf,Al-Shaheed Al-Sadar-Shareet,حي الشهيد الصدر-الشريط,32.0733908111,44.3264787768,42.0,252.0,0.0,0.0,0.0,0.0,0.0,0.0,0.0,0.0,0.0,0.0,0.0,0.0,42.0,0.0,0.0,0.0,0.0,0.0,0.0,0.0,0.0,0.0,0.0,0.0,0.0,6.0,36.0,6.0,0.0,36.0,0.0,0.0,0.0,0.0,0.0,0.0,0.0,0.0,0.0,0.0,42.0,0.0,0.0,42.0,0.0,0.0,0.0,0.0,0.0,0.0,0.0,0.0,0.0,0.0,0.0,0.0,"Dec 31, 2018"
3004,3403089.0,20287.0,Najaf,Najaf,Al-Ghadeer Village complex,مجمع قرية الغدير,32.0903677256,44.3334507643,100.0,600.0,0.0,0.0,0.0,0.0,0.0,7.0,0.0,0.0,0.0,0.0,0.0,0.0,87.0,0.0,6.0,0.0,0.0,0.0,0.0,0.0,0.0,0.0,0.0,0.0,0.0,0.0,100.0,0.0,0.0,100.0,0.0,0.0,0.0,0.0,0.0,0.0,0.0,0.0,0.0,0.0,87.0,0.0,0.0,87.0,13.0,0.0,0.0,13.0,0.0,0.0,0.0,0.0,0.0,0.0,0.0,0.0,"Dec 31, 2018"
3005,3501001.0,22177.0,Thi-Qar,Al-Chibayish,Markaz Al Fohod,مركز الفهود,30.9754625258,46.7204416512,2.0,12.0,0.0,0.0,0.0,0.0,0.0,0.0,0.0,0.0,0.0,0.0,0.0,0.0,2.0,0.0,0.0,0.0,0.0,0.0,0.0,0.0,0.0,0.0,0.0,0.0,0.0,0.0,2.0,0.0,0.0,2.0,0.0,0.0,0.0,0.0,0.0,0.0,0.0,0.0,0.0,0.0,0.0,0.0,2.0,0.0,0.0,2.0,0.0,0.0,0.0,0.0,0.0,0.0,0.0,0.0,0.0,0.0,"Dec 31, 2018"
3006,3501005.0,8881.0,Thi-Qar,Al-Chibayish,Markaz AL Hmar,مركز الحمار,30.9552208678,46.8471544192,2.0,12.0,0.0,0.0,0.0,0.0,0.0,0.0,0.0,0.0,0.0,0.0,0.0,0.0,2.0,0.0,0.0,0.0,0.0,0.0,0.0,0.0,0.0,0.0,0.0,0.0,0.0,0.0,2.0,0.0,0.0,2.0,0.0,0.0,0.0,0.0,0.0,0.0,0.0,0.0,0.0,0.0,2.0,0.0,0.0,2.0,0.0,0.0,0.0,0.0,0.0,0.0,0.0,0.0,0.0,0.0,0.0,0.0,"Dec 31, 2018"
3007,3502001.0,10297.0,Thi-Qar,Al-Rifa'i,Al-Moalemen,حي المعلمين,31.7132135578,46.1112456,9.0,54.0,0.0,0.0,0.0,0.0,0.0,0.0,0.0,0.0,5.0,0.0,0.0,0.0,4.0,0.0,0.0,0.0,0.0,0.0,0.0,0.0,0.0,0.0,0.0,0.0,0.0,0.0,9.0,0.0,0.0,9.0,0.0,0.0,0.0,0.0,0.0,0.0,0.0,0.0,0.0,0.0,9.0,0.0,0.0,9.0,0.0,0.0,0.0,0.0,0.0,0.0,0.0,0.0,0.0,0.0,0.0,0.0,"Dec 31, 2018"
3008,3502002.0,9096.0,Thi-Qar,Al-Rifa'i,Markaz Al Nasr,مركز النصر,31.5412728946,46.1240534349,33.0,198.0,1.0,0.0,0.0,0.0,0.0,0.0,0.0,0.0,0.0,0.0,0.0,0.0,28.0,0.0,4.0,0.0,0.0,0.0,0.0,18.0,5.0,0.0,0.0,0.0,0.0,0.0,10.0,0.0,0.0,10.0,0.0,0.0,0.0,0.0,0.0,0.0,0.0,0.0,0.0,0.0,18.0,0.0,15.0,18.0,0.0,15.0,0.0,0.0,0.0,0.0,0.0,0.0,0.0,0.0,0.0,0.0,"Dec 31, 2018"
3009,3502003.0,24722.0,Thi-Qar,Al-Rifa'i,Hay Al Hussien,حي الحسين,31.7115291965,46.124556874,18.0,108.0,0.0,0.0,0.0,0.0,0.0,0.0,0.0,0.0,0.0,0.0,0.0,0.0,18.0,0.0,0.0,0.0,0.0,0.0,0.0,6.0,0.0,0.0,0.0,0.0,0.0,0.0,12.0,0.0,0.0,12.0,0.0,0.0,0.0,0.0,0.0,0.0,0.0,0.0,0.0,0.0,18.0,0.0,0.0,18.0,0.0,0.0,0.0,0.0,0.0,0.0,0.0,0.0,0.0,0.0,0.0,0.0,"Dec 31, 2018"
3010,3502004.0,21965.0,Thi-Qar,Al-Rifa'i,Jiser Al Rifay,جسر الرفاعي,31.7178490551,46.1007603894,18.0,108.0,0.0,0.0,0.0,0.0,0.0,0.0,0.0,0.0,0.0,0.0,0.0,0.0,12.0,0.0,6.0,0.0,0.0,0.0,0.0,6.0,0.0,0.0,0.0,0.0,0.0,0.0,12.0,0.0,0.0,12.0,0.0,0.0,0.0,0.0,0.0,0.0,0.0,0.0,0.0,0.0,12.0,0.0,6.0,12.0,0.0,6.0,0.0,0.0,0.0,0.0,0.0,0.0,0.0,0.0,0.0,0.0,"Dec 31, 2018"
3011,3502005.0,9040.0,Thi-Qar,Al-Rifa'i,Markaz Qal at Sukhar,مركز قلعة سكر,31.8559248864,46.0813130829,25.0,150.0,1.0,0.0,0.0,0.0,0.0,0.0,0.0,0.0,3.0,0.0,0.0,0.0,19.0,0.0,2.0,0.0,0.0,0.0,0.0,6.0,6.0,0.0,0.0,0.0,0.0,2.0,11.0,2.0,0.0,11.0,0.0,0.0,0.0,0.0,0.0,0.0,0.0,0.0,10.0,0.0,1.0,10.0,14.0,1.0,0.0,14.0,0.0,0.0,0.0,0.0,0.0,0.0,0.0,0.0,0.0,0.0,"Dec 31, 2018"
3012,3502006.0,8889.0,Thi-Qar,Al-Rifa'i,Refai,مركز الرفاعي ,31.7225729416,46.1100108504,25.0,150.0,0.0,0.0,0.0,0.0,0.0,0.0,0.0,0.0,7.0,0.0,0.0,0.0,18.0,0.0,0.0,0.0,0.0,0.0,0.0,10.0,0.0,0.0,0.0,0.0,0.0,0.0,15.0,0.0,0.0,15.0,0.0,0.0,0.0,0.0,0.0,0.0,0.0,0.0,0.0,0.0,0.0,0.0,14.0,0.0,11.0,14.0,0.0,11.0,0.0,0.0,0.0,0.0,0.0,0.0,0.0,0.0,"Dec 31, 2018"
3013,3503001.0,10250.0,Thi-Qar,Al-Shatra,14 Ramadan,حي 14 رمضان,31.4359498874,46.1725725269,2.0,12.0,0.0,0.0,0.0,0.0,0.0,0.0,0.0,0.0,0.0,0.0,0.0,0.0,2.0,0.0,0.0,0.0,0.0,0.0,0.0,0.0,0.0,0.0,0.0,0.0,0.0,0.0,2.0,0.0,0.0,2.0,0.0,0.0,0.0,0.0,0.0,0.0,0.0,0.0,0.0,0.0,0.0,0.0,0.0,0.0,2.0,0.0,0.0,2.0,0.0,0.0,0.0,0.0,0.0,0.0,0.0,0.0,"Dec 31, 2018"
3014,3503002.0,9880.0,Thi-Qar,Al-Shatra,Al awad,ال عواد,31.4492209308,46.174959409,2.0,12.0,0.0,0.0,0.0,0.0,0.0,0.0,0.0,0.0,0.0,0.0,0.0,0.0,2.0,0.0,0.0,0.0,0.0,0.0,0.0,0.0,0.0,0.0,0.0,0.0,0.0,0.0,2.0,0.0,0.0,2.0,0.0,0.0,0.0,0.0,0.0,0.0,0.0,0.0,0.0,0.0,2.0,0.0,0.0,2.0,0.0,0.0,0.0,0.0,0.0,0.0,0.0,0.0,0.0,0.0,0.0,0.0,"Dec 31, 2018"
3015,3503003.0,8888.0,Thi-Qar,Al-Shatra,Markaz Al Dawaya,مركز الدواية,31.4975291,46.3746502,3.0,18.0,1.0,0.0,0.0,0.0,0.0,0.0,0.0,0.0,0.0,0.0,0.0,0.0,2.0,0.0,0.0,0.0,0.0,0.0,0.0,0.0,3.0,0.0,0.0,0.0,0.0,0.0,0.0,0.0,0.0,0.0,0.0,0.0,0.0,0.0,0.0,0.0,0.0,0.0,0.0,0.0,0.0,0.0,3.0,0.0,0.0,3.0,0.0,0.0,0.0,0.0,0.0,0.0,0.0,0.0,0.0,0.0,"Dec 31, 2018"
3016,3503004.0,8886.0,Thi-Qar,Al-Shatra,Markaz Al Gharraf,مركز الغراف,31.2949542975,46.2429251226,5.0,30.0,0.0,0.0,0.0,0.0,0.0,0.0,0.0,0.0,0.0,0.0,0.0,0.0,5.0,0.0,0.0,0.0,0.0,0.0,0.0,1.0,0.0,0.0,0.0,0.0,0.0,0.0,4.0,0.0,0.0,4.0,0.0,0.0,0.0,0.0,0.0,0.0,0.0,0.0,0.0,0.0,0.0,0.0,5.0,0.0,0.0,5.0,0.0,0.0,0.0,0.0,0.0,0.0,0.0,0.0,0.0,0.0,"Dec 31, 2018"
3017,3503005.0,24538.0,Thi-Qar,Al-Shatra,Al Mustashfa St,شارع المستشفى,31.4114504722,46.1626703804,2.0,12.0,2.0,0.0,0.0,0.0,0.0,0.0,0.0,0.0,0.0,0.0,0.0,0.0,0.0,0.0,0.0,0.0,0.0,0.0,0.0,0.0,0.0,0.0,0.0,0.0,0.0,0.0,2.0,0.0,0.0,2.0,0.0,0.0,0.0,0.0,0.0,0.0,0.0,0.0,0.0,0.0,0.0,0.0,2.0,0.0,0.0,2.0,0.0,0.0,0.0,0.0,0.0,0.0,0.0,0.0,0.0,0.0,"Dec 31, 2018"
3018,3503006.0,21209.0,Thi-Qar,Al-Shatra,Al Shomali,الشوملي,31.4156897184,46.1639768391,2.0,12.0,0.0,0.0,0.0,0.0,0.0,0.0,0.0,0.0,0.0,0.0,0.0,0.0,2.0,0.0,0.0,0.0,0.0,0.0,0.0,0.0,0.0,0.0,0.0,0.0,0.0,0.0,2.0,0.0,0.0,2.0,0.0,0.0,0.0,0.0,0.0,0.0,0.0,0.0,0.0,0.0,0.0,0.0,2.0,0.0,0.0,2.0,0.0,0.0,0.0,0.0,0.0,0.0,0.0,0.0,0.0,0.0,"Dec 31, 2018"
3019,3503008.0,9848.0,Thi-Qar,Al-Shatra,Al-fatahiyah,حي الفتاحية,31.4157560541,46.1729710675,3.0,18.0,0.0,0.0,0.0,0.0,0.0,0.0,0.0,0.0,0.0,0.0,0.0,0.0,3.0,0.0,0.0,0.0,0.0,0.0,0.0,0.0,0.0,0.0,0.0,0.0,0.0,0.0,3.0,0.0,0.0,3.0,0.0,0.0,0.0,0.0,0.0,0.0,0.0,0.0,0.0,0.0,0.0,0.0,3.0,0.0,0.0,3.0,0.0,0.0,0.0,0.0,0.0,0.0,0.0,0.0,0.0,0.0,"Dec 31, 2018"
3020,3503009.0,9822.0,Thi-Qar,Al-Shatra,Al-hawi,حي الحاوي,31.4039072127,46.1754910961,1.0,6.0,0.0,0.0,0.0,0.0,0.0,0.0,0.0,0.0,0.0,0.0,0.0,0.0,1.0,0.0,0.0,0.0,0.0,0.0,0.0,1.0,0.0,0.0,0.0,0.0,0.0,0.0,0.0,0.0,0.0,0.0,0.0,0.0,0.0,0.0,0.0,0.0,0.0,0.0,1.0,0.0,0.0,1.0,0.0,0.0,0.0,0.0,0.0,0.0,0.0,0.0,0.0,0.0,0.0,0.0,0.0,0.0,"Dec 31, 2018"
3021,3503012.0,10286.0,Thi-Qar,Al-Shatra,Hay al Zahraa,حي الزهراء,31.4004197433,46.1806881535,1.0,6.0,1.0,0.0,0.0,0.0,0.0,0.0,0.0,0.0,0.0,0.0,0.0,0.0,0.0,0.0,0.0,0.0,0.0,0.0,0.0,0.0,0.0,0.0,0.0,0.0,0.0,0.0,1.0,0.0,0.0,1.0,0.0,0.0,0.0,0.0,0.0,0.0,0.0,0.0,0.0,0.0,1.0,0.0,0.0,1.0,0.0,0.0,0.0,0.0,0.0,0.0,0.0,0.0,0.0,0.0,0.0,0.0,"Dec 31, 2018"
3022,3503013.0,9188.0,Thi-Qar,Al-Shatra,albedaa,البدعة ,31.446458051,46.1753752153,2.0,12.0,0.0,0.0,0.0,0.0,0.0,0.0,0.0,0.0,0.0,0.0,0.0,0.0,2.0,0.0,0.0,0.0,0.0,0.0,0.0,0.0,0.0,0.0,0.0,0.0,0.0,0.0,2.0,0.0,0.0,2.0,0.0,0.0,0.0,0.0,0.0,0.0,0.0,0.0,0.0,0.0,2.0,0.0,0.0,2.0,0.0,0.0,0.0,0.0,0.0,0.0,0.0,0.0,0.0,0.0,0.0,0.0,"Dec 31, 2018"
3023,3504001.0,24494.0,Thi-Qar,Nassriya,Al Aker,العكر,31.0277108805,46.2182147412,4.0,24.0,0.0,0.0,0.0,0.0,0.0,0.0,0.0,0.0,0.0,0.0,0.0,0.0,4.0,0.0,0.0,0.0,0.0,0.0,0.0,0.0,0.0,0.0,0.0,0.0,0.0,0.0,4.0,0.0,0.0,4.0,0.0,0.0,0.0,0.0,0.0,0.0,0.0,0.0,0.0,0.0,4.0,0.0,0.0,4.0,0.0,0.0,0.0,0.0,0.0,0.0,0.0,0.0,0.0,0.0,0.0,0.0,"Dec 31, 2018"
3024,3504002.0,25529.0,Thi-Qar,Nassriya,Al Aoeh,قرية العوية,31.033167288,46.273891713,9.0,54.0,1.0,0.0,0.0,0.0,0.0,0.0,0.0,0.0,0.0,0.0,0.0,0.0,8.0,0.0,0.0,0.0,0.0,0.0,0.0,5.0,0.0,0.0,0.0,0.0,0.0,0.0,4.0,0.0,0.0,4.0,0.0,0.0,0.0,0.0,0.0,0.0,0.0,0.0,0.0,0.0,5.0,0.0,3.0,5.0,0.0,3.0,1.0,0.0,0.0,1.0,0.0,0.0,0.0,0.0,0.0,0.0,"Dec 31, 2018"
3025,3504003.0,24415.0,Thi-Qar,Nassriya,Al Asrriyah Village,القرية العصرية,31.1226731178,46.2340620451,1.0,6.0,0.0,0.0,0.0,0.0,0.0,0.0,0.0,0.0,0.0,0.0,0.0,0.0,1.0,0.0,0.0,0.0,0.0,0.0,0.0,0.0,0.0,0.0,0.0,0.0,0.0,0.0,1.0,0.0,0.0,1.0,0.0,0.0,0.0,0.0,0.0,0.0,0.0,0.0,0.0,0.0,0.0,0.0,1.0,0.0,0.0,1.0,0.0,0.0,0.0,0.0,0.0,0.0,0.0,0.0,0.0,0.0,"Dec 31, 2018"
3026,3504004.0,8884.0,Thi-Qar,Nassriya,Markaz Al Batha,مركز البطحاء,31.1148541594,45.8888578489,4.0,24.0,4.0,0.0,0.0,0.0,0.0,0.0,0.0,0.0,0.0,0.0,0.0,0.0,0.0,0.0,0.0,0.0,0.0,0.0,0.0,0.0,0.0,0.0,0.0,0.0,0.0,0.0,4.0,0.0,0.0,4.0,0.0,0.0,0.0,0.0,0.0,0.0,0.0,0.0,0.0,0.0,0.0,0.0,0.0,0.0,4.0,0.0,0.0,4.0,0.0,0.0,0.0,0.0,0.0,0.0,0.0,0.0,"Dec 31, 2018"
3027,3504005.0,24884.0,Thi-Qar,Nassriya,Al bohyaleh,ال ابو حواله,31.1555797272,46.2458392438,4.0,24.0,0.0,0.0,0.0,0.0,0.0,0.0,0.0,0.0,0.0,0.0,0.0,0.0,4.0,0.0,0.0,0.0,0.0,0.0,0.0,4.0,0.0,0.0,0.0,0.0,0.0,0.0,0.0,0.0,0.0,0.0,0.0,0.0,0.0,0.0,0.0,0.0,0.0,0.0,0.0,0.0,0.0,0.0,0.0,0.0,4.0,0.0,0.0,4.0,0.0,0.0,0.0,0.0,0.0,0.0,0.0,0.0,"Dec 31, 2018"
3028,3504006.0,9728.0,Thi-Qar,Nassriya,Al Dhubat,حي الضباط,31.0383163742,46.2539821722,3.0,18.0,3.0,0.0,0.0,0.0,0.0,0.0,0.0,0.0,0.0,0.0,0.0,0.0,0.0,0.0,0.0,0.0,0.0,0.0,0.0,0.0,0.0,0.0,0.0,0.0,0.0,0.0,3.0,0.0,0.0,3.0,0.0,0.0,0.0,0.0,0.0,0.0,0.0,0.0,0.0,0.0,3.0,0.0,0.0,3.0,0.0,0.0,0.0,0.0,0.0,0.0,0.0,0.0,0.0,0.0,0.0,0.0,"Dec 31, 2018"
3029,3504007.0,25525.0,Thi-Qar,Nassriya,Al Emarat,العمارات,31.0270240043,46.2416766755,7.0,42.0,2.0,2.0,0.0,0.0,0.0,0.0,0.0,0.0,0.0,0.0,0.0,0.0,3.0,0.0,0.0,0.0,0.0,0.0,0.0,0.0,0.0,0.0,0.0,0.0,0.0,0.0,7.0,0.0,0.0,7.0,0.0,0.0,0.0,0.0,0.0,0.0,0.0,0.0,0.0,0.0,5.0,0.0,0.0,5.0,2.0,0.0,0.0,2.0,0.0,0.0,0.0,0.0,0.0,0.0,0.0,0.0,"Dec 31, 2018"
3030,3504010.0,24740.0,Thi-Qar,Nassriya,Al Iskan,الاسكان,31.0385050049,46.242960423,3.0,18.0,1.0,0.0,0.0,0.0,0.0,0.0,0.0,0.0,0.0,0.0,0.0,0.0,2.0,0.0,0.0,0.0,0.0,0.0,0.0,0.0,0.0,0.0,0.0,0.0,0.0,0.0,3.0,0.0,0.0,3.0,0.0,0.0,0.0,0.0,0.0,0.0,0.0,0.0,0.0,0.0,0.0,0.0,0.0,0.0,3.0,0.0,0.0,3.0,0.0,0.0,0.0,0.0,0.0,0.0,0.0,0.0,"Dec 31, 2018"
3031,3504011.0,10260.0,Thi-Qar,Nassriya,Al Iskan Al Sinaie,الاسكان الصناعي,31.0134574836,46.282408152,24.0,144.0,4.0,0.0,0.0,0.0,0.0,3.0,0.0,0.0,12.0,0.0,0.0,0.0,5.0,0.0,0.0,0.0,0.0,0.0,0.0,6.0,3.0,0.0,0.0,0.0,0.0,0.0,15.0,0.0,0.0,15.0,0.0,0.0,0.0,0.0,0.0,0.0,0.0,0.0,0.0,0.0,5.0,0.0,15.0,5.0,4.0,15.0,0.0,4.0,0.0,0.0,0.0,0.0,0.0,0.0,0.0,0.0,"Dec 31, 2018"
3032,3504012.0,24540.0,Thi-Qar,Nassriya,Al Mahaliyah,المحليه,31.0524428876,46.2367981317,4.0,24.0,4.0,0.0,0.0,0.0,0.0,0.0,0.0,0.0,0.0,0.0,0.0,0.0,0.0,0.0,0.0,0.0,0.0,0.0,0.0,0.0,0.0,0.0,0.0,0.0,0.0,0.0,4.0,0.0,0.0,4.0,0.0,0.0,0.0,0.0,0.0,0.0,0.0,0.0,0.0,0.0,4.0,0.0,0.0,4.0,0.0,0.0,0.0,0.0,0.0,0.0,0.0,0.0,0.0,0.0,0.0,0.0,"Dec 31, 2018"
3033,3504013.0,10270.0,Thi-Qar,Nassriya,Al Saih,منطقة السائح,31.0441115454,46.223778697,5.0,30.0,0.0,0.0,0.0,0.0,0.0,0.0,0.0,0.0,0.0,0.0,0.0,0.0,5.0,0.0,0.0,0.0,0.0,0.0,0.0,0.0,0.0,0.0,0.0,0.0,0.0,0.0,5.0,0.0,0.0,5.0,0.0,0.0,0.0,0.0,0.0,0.0,0.0,0.0,0.0,0.0,5.0,0.0,0.0,5.0,0.0,0.0,0.0,0.0,0.0,0.0,0.0,0.0,0.0,0.0,0.0,0.0,"Dec 31, 2018"
3034,3504014.0,10254.0,Thi-Qar,Nassriya,Al Sharqiya,الشرقيه,31.0424298029,46.2620522046,7.0,42.0,1.0,0.0,0.0,0.0,0.0,0.0,0.0,0.0,2.0,0.0,0.0,0.0,4.0,0.0,0.0,0.0,0.0,0.0,0.0,0.0,0.0,1.0,0.0,0.0,1.0,0.0,6.0,0.0,0.0,6.0,0.0,0.0,0.0,0.0,0.0,0.0,0.0,0.0,0.0,0.0,0.0,0.0,7.0,0.0,0.0,7.0,0.0,0.0,0.0,0.0,0.0,0.0,0.0,0.0,0.0,0.0,"Dec 31, 2018"
3035,3504015.0,10272.0,Thi-Qar,Nassriya,Al Shoula,الشعلة,31.0349639446,46.2423009517,8.0,48.0,3.0,0.0,0.0,0.0,0.0,0.0,0.0,0.0,0.0,0.0,0.0,0.0,5.0,0.0,0.0,0.0,0.0,0.0,0.0,0.0,3.0,0.0,0.0,0.0,0.0,0.0,5.0,0.0,0.0,5.0,0.0,0.0,0.0,0.0,0.0,0.0,0.0,0.0,3.0,0.0,3.0,3.0,0.0,3.0,2.0,0.0,0.0,2.0,0.0,0.0,0.0,0.0,0.0,0.0,0.0,0.0,"Dec 31, 2018"
3036,3504016.0,10281.0,Thi-Qar,Nassriya,Al Shumokh,حي الشموخ,31.0294717066,46.2441216584,8.0,48.0,5.0,0.0,0.0,0.0,0.0,0.0,0.0,0.0,0.0,0.0,0.0,0.0,3.0,0.0,0.0,0.0,0.0,0.0,0.0,0.0,5.0,0.0,0.0,0.0,0.0,0.0,3.0,0.0,0.0,3.0,0.0,0.0,0.0,0.0,0.0,0.0,0.0,0.0,0.0,0.0,8.0,0.0,0.0,8.0,0.0,0.0,0.0,0.0,0.0,0.0,0.0,0.0,0.0,0.0,0.0,0.0,"Dec 31, 2018"
3037,3504018.0,24741.0,Thi-Qar,Nassriya,Al-Berid,البريد,31.0447764918,46.2495762034,2.0,12.0,0.0,0.0,0.0,0.0,0.0,0.0,0.0,0.0,0.0,0.0,0.0,0.0,2.0,0.0,0.0,0.0,0.0,0.0,0.0,0.0,0.0,0.0,0.0,0.0,0.0,0.0,2.0,0.0,0.0,2.0,0.0,0.0,0.0,0.0,0.0,0.0,0.0,0.0,0.0,0.0,0.0,0.0,0.0,0.0,2.0,0.0,0.0,2.0,0.0,0.0,0.0,0.0,0.0,0.0,0.0,0.0,"Dec 31, 2018"
3038,3504019.0,9470.0,Thi-Qar,Nassriya,Al-hay al-askary,الحي العسكري ,31.0569626851,46.2661438049,6.0,36.0,2.0,0.0,0.0,0.0,0.0,0.0,0.0,0.0,0.0,0.0,0.0,0.0,4.0,0.0,0.0,0.0,0.0,0.0,0.0,0.0,0.0,0.0,0.0,0.0,0.0,0.0,6.0,0.0,0.0,6.0,0.0,0.0,0.0,0.0,0.0,0.0,0.0,0.0,0.0,0.0,2.0,0.0,2.0,2.0,1.0,2.0,1.0,1.0,0.0,1.0,0.0,0.0,0.0,0.0,0.0,0.0,"Dec 31, 2018"
3039,3504021.0,10335.0,Thi-Qar,Nassriya,Al-Salhiya,حي الصالحية,31.0506383486,46.2693433026,8.0,48.0,2.0,0.0,0.0,0.0,0.0,0.0,0.0,0.0,0.0,0.0,0.0,0.0,6.0,0.0,0.0,0.0,0.0,0.0,0.0,0.0,0.0,0.0,0.0,0.0,0.0,0.0,8.0,0.0,0.0,8.0,0.0,0.0,0.0,0.0,0.0,0.0,0.0,0.0,0.0,0.0,8.0,0.0,0.0,8.0,0.0,0.0,0.0,0.0,0.0,0.0,0.0,0.0,0.0,0.0,0.0,0.0,"Dec 31, 2018"
3040,3504022.0,9576.0,Thi-Qar,Nassriya,Al-shofah,قرية الشوفة,31.1327918405,46.2356646856,4.0,24.0,0.0,0.0,0.0,0.0,0.0,0.0,0.0,0.0,0.0,0.0,0.0,0.0,4.0,0.0,0.0,0.0,0.0,0.0,0.0,2.0,0.0,0.0,0.0,0.0,0.0,0.0,2.0,0.0,0.0,2.0,0.0,0.0,0.0,0.0,0.0,0.0,0.0,0.0,0.0,0.0,0.0,0.0,0.0,0.0,0.0,0.0,4.0,0.0,0.0,4.0,0.0,0.0,0.0,0.0,0.0,0.0,"Dec 31, 2018"
3041,3504023.0,9448.0,Thi-Qar,Nassriya,Al-Thawrah,الثوره,31.0270069734,46.2280930383,14.0,84.0,0.0,0.0,0.0,0.0,0.0,0.0,0.0,0.0,3.0,0.0,0.0,0.0,11.0,0.0,0.0,0.0,0.0,0.0,0.0,2.0,4.0,0.0,0.0,0.0,0.0,0.0,8.0,0.0,0.0,8.0,0.0,0.0,0.0,0.0,0.0,0.0,0.0,0.0,0.0,0.0,0.0,0.0,0.0,0.0,14.0,0.0,0.0,14.0,0.0,0.0,0.0,0.0,0.0,0.0,0.0,0.0,"Dec 31, 2018"
3042,3504024.0,9396.0,Thi-Qar,Nassriya,Al-zielat,الزعيلات,31.0154237044,46.2634417545,15.0,90.0,0.0,0.0,0.0,0.0,0.0,0.0,0.0,0.0,0.0,0.0,0.0,0.0,15.0,0.0,0.0,0.0,0.0,0.0,0.0,9.0,0.0,0.0,0.0,0.0,0.0,0.0,6.0,0.0,0.0,6.0,0.0,0.0,0.0,0.0,0.0,0.0,0.0,0.0,0.0,0.0,0.0,0.0,11.0,0.0,0.0,11.0,0.0,0.0,0.0,0.0,4.0,0.0,0.0,4.0,0.0,0.0,"Dec 31, 2018"
3043,3504025.0,10262.0,Thi-Qar,Nassriya,Aredo,حي اريدو,31.0743949006,46.2501429948,17.0,102.0,7.0,0.0,0.0,0.0,0.0,0.0,0.0,0.0,5.0,0.0,0.0,0.0,2.0,0.0,3.0,0.0,0.0,0.0,0.0,5.0,0.0,0.0,0.0,0.0,0.0,0.0,12.0,0.0,0.0,12.0,0.0,0.0,0.0,0.0,0.0,0.0,0.0,0.0,0.0,0.0,10.0,0.0,5.0,10.0,2.0,5.0,0.0,2.0,0.0,0.0,0.0,0.0,0.0,0.0,0.0,0.0,"Dec 31, 2018"
3044,3504026.0,10253.0,Thi-Qar,Nassriya,Baghdad Street,شارع بغداد,31.0384774129,46.2356561609,6.0,36.0,2.0,0.0,0.0,0.0,0.0,0.0,0.0,0.0,0.0,0.0,0.0,0.0,4.0,0.0,0.0,0.0,0.0,0.0,0.0,0.0,0.0,0.0,0.0,0.0,0.0,0.0,6.0,0.0,0.0,6.0,0.0,0.0,0.0,0.0,0.0,0.0,0.0,0.0,6.0,0.0,0.0,6.0,0.0,0.0,0.0,0.0,0.0,0.0,0.0,0.0,0.0,0.0,0.0,0.0,0.0,0.0,"Dec 31, 2018"
3045,3504027.0,24885.0,Thi-Qar,Nassriya,Hay Al Al Ghadeer,حي الغدير,31.0614678991,46.2781575836,1.0,6.0,0.0,0.0,0.0,0.0,0.0,0.0,0.0,0.0,1.0,0.0,0.0,0.0,0.0,0.0,0.0,0.0,0.0,0.0,0.0,0.0,0.0,0.0,0.0,0.0,0.0,0.0,1.0,0.0,0.0,1.0,0.0,0.0,0.0,0.0,0.0,0.0,0.0,0.0,0.0,0.0,1.0,0.0,0.0,1.0,0.0,0.0,0.0,0.0,0.0,0.0,0.0,0.0,0.0,0.0,0.0,0.0,"Dec 31, 2018"
3046,3504028.0,25526.0,Thi-Qar,Nassriya,Hay Al Ameer,حي الامير,31.0361758091,46.22052748,14.0,84.0,4.0,0.0,0.0,0.0,0.0,0.0,0.0,0.0,0.0,0.0,0.0,0.0,6.0,0.0,4.0,0.0,0.0,0.0,0.0,0.0,0.0,0.0,0.0,0.0,0.0,0.0,14.0,0.0,0.0,14.0,0.0,0.0,0.0,0.0,0.0,0.0,0.0,0.0,0.0,0.0,12.0,0.0,0.0,12.0,0.0,0.0,2.0,0.0,0.0,2.0,0.0,0.0,0.0,0.0,0.0,0.0,"Dec 31, 2018"
3047,3504029.0,10301.0,Thi-Qar,Nassriya,Hay Al Fidaa,حي الفداء,31.0697300136,46.2787419811,9.0,54.0,0.0,0.0,0.0,0.0,0.0,0.0,0.0,0.0,0.0,0.0,0.0,0.0,9.0,0.0,0.0,0.0,0.0,0.0,0.0,2.0,0.0,0.0,0.0,0.0,0.0,0.0,7.0,0.0,0.0,7.0,0.0,0.0,0.0,0.0,0.0,0.0,0.0,0.0,3.0,0.0,0.0,3.0,0.0,0.0,6.0,0.0,0.0,6.0,0.0,0.0,0.0,0.0,0.0,0.0,0.0,0.0,"Dec 31, 2018"
3048,3504030.0,24746.0,Thi-Qar,Nassriya,Hay Al Khadraa,حي الخضراء,31.0429462489,46.2746993946,2.0,12.0,0.0,0.0,0.0,0.0,0.0,0.0,0.0,0.0,0.0,0.0,0.0,0.0,2.0,0.0,0.0,0.0,0.0,0.0,0.0,0.0,0.0,0.0,0.0,0.0,0.0,0.0,2.0,0.0,0.0,2.0,0.0,0.0,0.0,0.0,0.0,0.0,0.0,0.0,0.0,0.0,2.0,0.0,0.0,2.0,0.0,0.0,0.0,0.0,0.0,0.0,0.0,0.0,0.0,0.0,0.0,0.0,"Dec 31, 2018"
3049,3504031.0,21208.0,Thi-Qar,Nassriya,Hay Al Mualimeen,حي المعلمين,31.0677792453,46.2496745582,8.0,48.0,3.0,0.0,0.0,0.0,0.0,3.0,0.0,0.0,0.0,0.0,0.0,0.0,2.0,0.0,0.0,0.0,0.0,0.0,0.0,4.0,0.0,0.0,0.0,0.0,0.0,0.0,4.0,0.0,0.0,4.0,0.0,0.0,0.0,0.0,0.0,0.0,0.0,0.0,3.0,0.0,3.0,3.0,2.0,3.0,0.0,2.0,0.0,0.0,0.0,0.0,0.0,0.0,0.0,0.0,0.0,0.0,"Dec 31, 2018"
3050,3504032.0,24750.0,Thi-Qar,Nassriya,Hay Al Shoula 1,حي الشعله 1,31.0342733412,46.2382226119,5.0,30.0,2.0,0.0,0.0,0.0,0.0,0.0,0.0,0.0,0.0,0.0,0.0,0.0,3.0,0.0,0.0,0.0,0.0,0.0,0.0,1.0,0.0,0.0,0.0,0.0,0.0,0.0,4.0,0.0,0.0,4.0,0.0,0.0,0.0,0.0,0.0,0.0,0.0,0.0,0.0,0.0,0.0,0.0,0.0,0.0,2.0,0.0,3.0,2.0,0.0,3.0,0.0,0.0,0.0,0.0,0.0,0.0,"Dec 31, 2018"
3051,3504033.0,10259.0,Thi-Qar,Nassriya,Hay Al Tadhihiya,حي التضحية,31.0501571781,46.2733532132,17.0,102.0,0.0,0.0,0.0,0.0,0.0,0.0,0.0,0.0,9.0,0.0,0.0,0.0,4.0,0.0,4.0,0.0,0.0,0.0,0.0,2.0,2.0,0.0,0.0,0.0,0.0,0.0,13.0,0.0,0.0,13.0,0.0,0.0,0.0,0.0,0.0,0.0,0.0,0.0,0.0,0.0,0.0,0.0,17.0,0.0,0.0,17.0,0.0,0.0,0.0,0.0,0.0,0.0,0.0,0.0,0.0,0.0,"Dec 31, 2018"
3052,3504034.0,24742.0,Thi-Qar,Nassriya,Hay Al-Hakim,حي الحكيم,31.0600902377,46.2772208676,2.0,12.0,0.0,0.0,0.0,0.0,0.0,1.0,0.0,0.0,1.0,0.0,0.0,0.0,0.0,0.0,0.0,0.0,0.0,0.0,0.0,2.0,0.0,0.0,0.0,0.0,0.0,0.0,0.0,0.0,0.0,0.0,0.0,0.0,0.0,0.0,0.0,0.0,0.0,0.0,0.0,0.0,0.0,0.0,0.0,0.0,2.0,0.0,0.0,2.0,0.0,0.0,0.0,0.0,0.0,0.0,0.0,0.0,"Dec 31, 2018"
3053,3504035.0,9398.0,Thi-Qar,Nassriya,Hay al-shohadaa,حي الشهداء,31.069961183,46.2700244459,3.0,18.0,2.0,0.0,0.0,0.0,0.0,0.0,0.0,0.0,0.0,0.0,0.0,0.0,1.0,0.0,0.0,0.0,0.0,0.0,0.0,0.0,0.0,0.0,0.0,0.0,0.0,0.0,3.0,0.0,0.0,3.0,0.0,0.0,0.0,0.0,0.0,0.0,0.0,0.0,1.0,0.0,0.0,1.0,2.0,0.0,0.0,2.0,0.0,0.0,0.0,0.0,0.0,0.0,0.0,0.0,0.0,0.0,"Dec 31, 2018"
3054,3504036.0,23683.0,Thi-Qar,Nassriya,Hay Mehidiya,حي المهيديه,31.03290329,46.25155243,12.0,72.0,3.0,0.0,0.0,0.0,0.0,0.0,0.0,0.0,0.0,0.0,0.0,0.0,9.0,0.0,0.0,0.0,0.0,0.0,0.0,0.0,0.0,0.0,0.0,0.0,0.0,0.0,12.0,0.0,0.0,12.0,0.0,0.0,0.0,0.0,0.0,0.0,0.0,0.0,0.0,0.0,4.0,0.0,0.0,4.0,5.0,0.0,0.0,5.0,0.0,0.0,3.0,0.0,0.0,3.0,0.0,0.0,"Dec 31, 2018"
3055,3504037.0,25532.0,Thi-Qar,Nassriya,Hey Al Amen Al Dakhlei 2,الامن الداخلي 2,31.0533568966,46.2777731393,4.0,24.0,0.0,0.0,0.0,0.0,0.0,0.0,0.0,0.0,0.0,0.0,0.0,0.0,4.0,0.0,0.0,0.0,0.0,0.0,0.0,0.0,0.0,0.0,0.0,0.0,0.0,0.0,4.0,0.0,0.0,4.0,0.0,0.0,0.0,0.0,0.0,0.0,0.0,0.0,4.0,0.0,0.0,4.0,0.0,0.0,0.0,0.0,0.0,0.0,0.0,0.0,0.0,0.0,0.0,0.0,0.0,0.0,"Dec 31, 2018"
3056,3504038.0,25528.0,Thi-Qar,Nassriya,Hey Al-Ariml,حي الارامل,31.0532810551,46.253512804,3.0,18.0,2.0,0.0,0.0,0.0,0.0,0.0,0.0,0.0,0.0,0.0,0.0,0.0,1.0,0.0,0.0,0.0,0.0,0.0,0.0,3.0,0.0,0.0,0.0,0.0,0.0,0.0,0.0,0.0,0.0,0.0,0.0,0.0,0.0,0.0,0.0,0.0,0.0,0.0,0.0,0.0,3.0,0.0,0.0,3.0,0.0,0.0,0.0,0.0,0.0,0.0,0.0,0.0,0.0,0.0,0.0,0.0,"Dec 31, 2018"
3057,3504039.0,25531.0,Thi-Qar,Nassriya,Hey Al-Mtanzh,حي المتنزة,31.0452754698,46.2350050258,1.0,6.0,0.0,0.0,0.0,0.0,0.0,0.0,0.0,0.0,0.0,0.0,0.0,0.0,1.0,0.0,0.0,0.0,0.0,0.0,0.0,0.0,0.0,0.0,0.0,0.0,0.0,0.0,1.0,0.0,0.0,1.0,0.0,0.0,0.0,0.0,0.0,0.0,0.0,0.0,0.0,0.0,1.0,0.0,0.0,1.0,0.0,0.0,0.0,0.0,0.0,0.0,0.0,0.0,0.0,0.0,0.0,0.0,"Dec 31, 2018"
3058,3504040.0,25530.0,Thi-Qar,Nassriya,Hey Al-Rafdeen,حي الرافدين,31.0767692226,46.2640300676,4.0,24.0,3.0,0.0,0.0,0.0,0.0,0.0,0.0,0.0,0.0,0.0,0.0,0.0,1.0,0.0,0.0,0.0,0.0,0.0,0.0,3.0,0.0,0.0,0.0,0.0,0.0,0.0,1.0,0.0,0.0,1.0,0.0,0.0,0.0,0.0,0.0,0.0,0.0,0.0,0.0,0.0,0.0,0.0,0.0,0.0,1.0,0.0,3.0,1.0,0.0,3.0,0.0,0.0,0.0,0.0,0.0,0.0,"Dec 31, 2018"
3059,3504041.0,25533.0,Thi-Qar,Nassriya,Nassriya-Hey 400,حي 400,31.0808621445,46.2400872036,8.0,48.0,6.0,0.0,0.0,0.0,0.0,0.0,0.0,0.0,0.0,0.0,0.0,0.0,2.0,0.0,0.0,0.0,0.0,0.0,0.0,3.0,0.0,0.0,0.0,0.0,0.0,0.0,5.0,0.0,0.0,5.0,0.0,0.0,0.0,0.0,0.0,0.0,0.0,0.0,0.0,0.0,2.0,0.0,3.0,2.0,0.0,3.0,3.0,0.0,0.0,3.0,0.0,0.0,0.0,0.0,0.0,0.0,"Dec 31, 2018"
3060,3504042.0,10263.0,Thi-Qar,Nassriya,Sadir City,حي مدينة الصدر,31.0802066016,46.2356938953,17.0,102.0,5.0,0.0,0.0,0.0,0.0,0.0,0.0,0.0,4.0,0.0,0.0,0.0,5.0,0.0,3.0,0.0,0.0,0.0,0.0,4.0,0.0,0.0,0.0,0.0,0.0,1.0,12.0,1.0,0.0,12.0,0.0,0.0,0.0,0.0,0.0,0.0,0.0,0.0,0.0,0.0,6.0,0.0,0.0,6.0,11.0,0.0,0.0,11.0,0.0,0.0,0.0,0.0,0.0,0.0,0.0,0.0,"Dec 31, 2018"
3061,3504043.0,24556.0,Thi-Qar,Nassriya,Sayid khudair,سيد خضير,31.0066844262,46.2571339368,1.0,6.0,0.0,0.0,0.0,0.0,0.0,0.0,0.0,0.0,0.0,0.0,0.0,0.0,1.0,0.0,0.0,0.0,0.0,0.0,0.0,1.0,0.0,0.0,0.0,0.0,0.0,0.0,0.0,0.0,0.0,0.0,0.0,0.0,0.0,0.0,0.0,0.0,0.0,0.0,0.0,0.0,0.0,0.0,1.0,0.0,0.0,1.0,0.0,0.0,0.0,0.0,0.0,0.0,0.0,0.0,0.0,0.0,"Dec 31, 2018"
3062,3504044.0,25527.0,Thi-Qar,Nassriya,Sharaa Al-hklas,شارع الاخلاص,31.0587778038,46.257208607,3.0,18.0,0.0,0.0,0.0,0.0,0.0,0.0,0.0,0.0,0.0,0.0,0.0,0.0,3.0,0.0,0.0,0.0,0.0,0.0,0.0,3.0,0.0,0.0,0.0,0.0,0.0,0.0,0.0,0.0,0.0,0.0,0.0,0.0,0.0,0.0,0.0,0.0,0.0,0.0,0.0,0.0,0.0,0.0,3.0,0.0,0.0,3.0,0.0,0.0,0.0,0.0,0.0,0.0,0.0,0.0,0.0,0.0,"Dec 31, 2018"
3063,3504045.0,22344.0,Thi-Qar,Nassriya,Share Eshreen,شارع عشرين,31.0485190005,46.2572829301,3.0,18.0,0.0,0.0,0.0,0.0,0.0,0.0,0.0,0.0,0.0,0.0,0.0,0.0,3.0,0.0,0.0,0.0,0.0,0.0,0.0,3.0,0.0,0.0,0.0,0.0,0.0,0.0,0.0,0.0,0.0,0.0,0.0,0.0,0.0,0.0,0.0,0.0,0.0,0.0,3.0,0.0,0.0,3.0,0.0,0.0,0.0,0.0,0.0,0.0,0.0,0.0,0.0,0.0,0.0,0.0,0.0,0.0,"Dec 31, 2018"
3064,3504046.0,10269.0,Thi-Qar,Nassriya,Sindaliyah-Sidenaweyah,حي السديناويه,31.0419012842,46.3069539022,9.0,54.0,0.0,0.0,0.0,0.0,0.0,0.0,0.0,0.0,0.0,0.0,0.0,0.0,9.0,0.0,0.0,0.0,0.0,0.0,0.0,0.0,0.0,0.0,0.0,0.0,0.0,0.0,9.0,0.0,0.0,9.0,0.0,0.0,0.0,0.0,0.0,0.0,0.0,0.0,0.0,0.0,0.0,0.0,9.0,0.0,0.0,9.0,0.0,0.0,0.0,0.0,0.0,0.0,0.0,0.0,0.0,0.0,"Dec 31, 2018"
3065,3504047.0,10295.0,Thi-Qar,Nassriya,Markaz Syied Dakhil,مركز سيد دخيل,31.1316775758,46.4355596726,5.0,30.0,0.0,0.0,0.0,0.0,0.0,0.0,0.0,0.0,0.0,0.0,0.0,0.0,5.0,0.0,0.0,0.0,0.0,0.0,0.0,5.0,0.0,0.0,0.0,0.0,0.0,0.0,0.0,0.0,0.0,0.0,0.0,0.0,0.0,0.0,0.0,0.0,0.0,0.0,0.0,0.0,0.0,0.0,5.0,0.0,0.0,5.0,0.0,0.0,0.0,0.0,0.0,0.0,0.0,0.0,0.0,0.0,"Dec 31, 2018"
3066,3504048.0,24820.0,Thi-Qar,Nassriya,Al-bjara,قرية البجاري,31.1162691012,46.4162073831,4.0,24.0,4.0,0.0,0.0,0.0,0.0,0.0,0.0,0.0,0.0,0.0,0.0,0.0,0.0,0.0,0.0,0.0,0.0,0.0,0.0,0.0,0.0,0.0,0.0,0.0,0.0,0.0,4.0,0.0,0.0,4.0,0.0,0.0,0.0,0.0,0.0,0.0,0.0,0.0,0.0,0.0,0.0,0.0,0.0,0.0,4.0,0.0,0.0,4.0,0.0,0.0,0.0,0.0,0.0,0.0,0.0,0.0,"Dec 31, 2018"
3067,3504049.0,24821.0,Thi-Qar,Nassriya,Al-hay al-askary,حي العسكري,31.132321332,46.4336437932,2.0,12.0,0.0,0.0,0.0,0.0,0.0,0.0,0.0,0.0,0.0,0.0,0.0,0.0,0.0,0.0,2.0,0.0,0.0,0.0,0.0,2.0,0.0,0.0,0.0,0.0,0.0,0.0,0.0,0.0,0.0,0.0,0.0,0.0,0.0,0.0,0.0,0.0,0.0,0.0,0.0,0.0,0.0,0.0,0.0,0.0,2.0,0.0,0.0,2.0,0.0,0.0,0.0,0.0,0.0,0.0,0.0,0.0,"Dec 31, 2018"
3068,3504050.0,25760.0,Thi-Qar,Nassriya,The Abu Athm,منطقة ال ابو عظم,30.981975211,46.3081693265,4.0,24.0,0.0,0.0,0.0,0.0,0.0,0.0,0.0,0.0,0.0,0.0,0.0,0.0,4.0,0.0,0.0,0.0,0.0,0.0,0.0,0.0,0.0,0.0,0.0,0.0,0.0,0.0,4.0,0.0,0.0,4.0,0.0,0.0,0.0,0.0,0.0,0.0,0.0,0.0,0.0,0.0,4.0,0.0,0.0,4.0,0.0,0.0,0.0,0.0,0.0,0.0,0.0,0.0,0.0,0.0,0.0,0.0,"Dec 31, 2018"
3069,3504051.0,23685.0,Thi-Qar,Nassriya,Um Al Dood,ام الدود,31.08726556,46.2412354765,6.0,36.0,3.0,0.0,0.0,0.0,0.0,0.0,0.0,0.0,3.0,0.0,0.0,0.0,0.0,0.0,0.0,0.0,0.0,0.0,0.0,1.0,0.0,0.0,0.0,0.0,0.0,0.0,5.0,0.0,0.0,5.0,0.0,0.0,0.0,0.0,0.0,0.0,0.0,0.0,0.0,0.0,0.0,0.0,0.0,0.0,6.0,0.0,0.0,6.0,0.0,0.0,0.0,0.0,0.0,0.0,0.0,0.0,"Dec 31, 2018"
3070,3504052.0,9113.0,Thi-Qar,Nassriya,Ur,حي اور,31.060153968,46.2433255553,4.0,24.0,1.0,0.0,0.0,0.0,0.0,0.0,0.0,0.0,3.0,0.0,0.0,0.0,0.0,0.0,0.0,0.0,0.0,0.0,0.0,2.0,0.0,0.0,0.0,0.0,0.0,0.0,2.0,0.0,0.0,2.0,0.0,0.0,0.0,0.0,0.0,0.0,0.0,0.0,0.0,0.0,0.0,0.0,4.0,0.0,0.0,4.0,0.0,0.0,0.0,0.0,0.0,0.0,0.0,0.0,0.0,0.0,"Dec 31, 2018"
3071,3504054.0,9427.0,Thi-Qar,Nassriya,Hay AL-Mansouria,المنصورية ,31.03044192,46.2155991158,15.0,90.0,10.0,1.0,0.0,0.0,0.0,0.0,0.0,0.0,0.0,0.0,0.0,0.0,4.0,0.0,0.0,0.0,0.0,0.0,0.0,3.0,0.0,0.0,0.0,0.0,0.0,0.0,12.0,0.0,0.0,12.0,0.0,0.0,0.0,0.0,0.0,0.0,0.0,0.0,4.0,0.0,0.0,4.0,3.0,0.0,8.0,3.0,0.0,8.0,0.0,0.0,0.0,0.0,0.0,0.0,0.0,0.0,"Dec 31, 2018"
3072,3504055.0,9561.0,Thi-Qar,Nassriya,Hay AL-Hussain,حي الحسين ,31.0671272145,46.264360511,4.0,24.0,3.0,0.0,0.0,0.0,0.0,0.0,0.0,0.0,1.0,0.0,0.0,0.0,0.0,0.0,0.0,0.0,0.0,0.0,0.0,0.0,0.0,0.0,0.0,0.0,0.0,0.0,4.0,0.0,0.0,4.0,0.0,0.0,0.0,0.0,0.0,0.0,0.0,0.0,4.0,0.0,0.0,4.0,0.0,0.0,0.0,0.0,0.0,0.0,0.0,0.0,0.0,0.0,0.0,0.0,0.0,0.0,"Dec 31, 2018"
3073,3504056.0,22342.0,Thi-Qar,Nassriya,Hay Al-Askary,حي العسكري,31.1639446864,46.6074161023,2.0,12.0,0.0,0.0,0.0,0.0,0.0,0.0,0.0,0.0,0.0,0.0,0.0,0.0,0.0,0.0,2.0,0.0,0.0,0.0,0.0,0.0,0.0,0.0,0.0,0.0,0.0,0.0,2.0,0.0,0.0,2.0,0.0,0.0,0.0,0.0,0.0,0.0,0.0,0.0,0.0,0.0,0.0,0.0,0.0,0.0,2.0,0.0,0.0,2.0,0.0,0.0,0.0,0.0,0.0,0.0,0.0,0.0,"Dec 31, 2018"
3074,3505001.0,9206.0,Thi-Qar,Suq Al-Shoyokh,Al Esmaelya 2,الاسماعيليه 2,30.8836217891,46.4681495866,4.0,24.0,0.0,0.0,0.0,0.0,0.0,0.0,0.0,0.0,2.0,0.0,0.0,0.0,2.0,0.0,0.0,0.0,0.0,0.0,0.0,0.0,0.0,0.0,0.0,0.0,0.0,0.0,4.0,0.0,0.0,4.0,0.0,0.0,0.0,0.0,0.0,0.0,0.0,0.0,0.0,0.0,0.0,0.0,0.0,0.0,4.0,0.0,0.0,4.0,0.0,0.0,0.0,0.0,0.0,0.0,0.0,0.0,"Dec 31, 2018"
3075,3505002.0,24721.0,Thi-Qar,Suq Al-Shoyokh,Al Barid Street,شارع البريد,30.9562016338,46.3595015799,13.0,78.0,0.0,0.0,0.0,0.0,0.0,0.0,0.0,0.0,6.0,0.0,0.0,0.0,7.0,0.0,0.0,0.0,0.0,0.0,0.0,2.0,0.0,0.0,0.0,0.0,0.0,0.0,11.0,0.0,0.0,11.0,0.0,0.0,0.0,0.0,0.0,0.0,0.0,0.0,0.0,0.0,13.0,0.0,0.0,13.0,0.0,0.0,0.0,0.0,0.0,0.0,0.0,0.0,0.0,0.0,0.0,0.0,"Dec 31, 2018"
3076,3505003.0,25436.0,Thi-Qar,Suq Al-Shoyokh,Al Kibla,القبله,30.9066365022,46.4459799347,10.0,60.0,0.0,0.0,0.0,0.0,0.0,0.0,0.0,0.0,2.0,0.0,0.0,0.0,6.0,0.0,2.0,0.0,0.0,0.0,0.0,0.0,0.0,0.0,0.0,0.0,0.0,0.0,10.0,0.0,0.0,10.0,0.0,0.0,0.0,0.0,0.0,0.0,0.0,0.0,0.0,0.0,4.0,0.0,0.0,4.0,6.0,0.0,0.0,6.0,0.0,0.0,0.0,0.0,0.0,0.0,0.0,0.0,"Dec 31, 2018"
3077,3505004.0,25437.0,Thi-Qar,Suq Al-Shoyokh,Al Shumokh,الشموخ,30.8885562747,46.4502000422,5.0,30.0,2.0,0.0,0.0,0.0,0.0,0.0,0.0,0.0,3.0,0.0,0.0,0.0,0.0,0.0,0.0,0.0,0.0,0.0,0.0,0.0,0.0,0.0,0.0,0.0,0.0,0.0,5.0,0.0,0.0,5.0,0.0,0.0,0.0,0.0,0.0,0.0,0.0,0.0,0.0,0.0,0.0,0.0,4.0,0.0,0.0,4.0,0.0,0.0,0.0,0.0,1.0,0.0,0.0,1.0,0.0,0.0,"Dec 31, 2018"
3078,3505005.0,9262.0,Thi-Qar,Suq Al-Shoyokh,Markaz Al-akaekah,مركز العكيكه,30.911343312,46.4763023913,7.0,42.0,0.0,1.0,0.0,0.0,0.0,0.0,0.0,0.0,1.0,0.0,0.0,0.0,5.0,0.0,0.0,0.0,0.0,0.0,0.0,0.0,0.0,0.0,0.0,0.0,0.0,0.0,7.0,0.0,0.0,7.0,0.0,0.0,0.0,0.0,0.0,0.0,0.0,0.0,0.0,0.0,7.0,0.0,0.0,7.0,0.0,0.0,0.0,0.0,0.0,0.0,0.0,0.0,0.0,0.0,0.0,0.0,"Dec 31, 2018"
3079,3505006.0,9328.0,Thi-Qar,Suq Al-Shoyokh,Al-hey Al-Askarey,حي العسكري,30.9011745066,46.4496372761,16.0,96.0,0.0,0.0,0.0,0.0,0.0,0.0,0.0,0.0,0.0,0.0,0.0,0.0,16.0,0.0,0.0,0.0,0.0,0.0,0.0,5.0,0.0,0.0,0.0,0.0,0.0,0.0,11.0,0.0,0.0,11.0,0.0,0.0,0.0,0.0,0.0,0.0,0.0,0.0,0.0,0.0,11.0,0.0,0.0,11.0,0.0,0.0,0.0,0.0,0.0,0.0,5.0,0.0,0.0,5.0,0.0,0.0,"Dec 31, 2018"
3080,3505007.0,9332.0,Thi-Qar,Suq Al-Shoyokh,Al-Shuhadaa,حي الشهداء,30.8790316327,46.4642243146,9.0,54.0,0.0,0.0,0.0,0.0,0.0,2.0,0.0,0.0,0.0,0.0,0.0,0.0,7.0,0.0,0.0,0.0,0.0,0.0,0.0,0.0,0.0,0.0,0.0,0.0,0.0,0.0,9.0,0.0,0.0,9.0,0.0,0.0,0.0,0.0,0.0,0.0,0.0,0.0,0.0,0.0,4.0,0.0,5.0,4.0,0.0,5.0,0.0,0.0,0.0,0.0,0.0,0.0,0.0,0.0,0.0,0.0,"Dec 31, 2018"
3081,3505008.0,24783.0,Thi-Qar,Suq Al-Shoyokh,Hey Al Tahrear,حي التحرير,30.8843767864,46.4656770471,4.0,24.0,0.0,0.0,0.0,0.0,0.0,0.0,0.0,0.0,0.0,0.0,0.0,0.0,2.0,0.0,2.0,0.0,0.0,0.0,0.0,0.0,0.0,0.0,0.0,0.0,0.0,0.0,4.0,0.0,0.0,4.0,0.0,0.0,0.0,0.0,0.0,0.0,0.0,0.0,0.0,0.0,4.0,0.0,0.0,4.0,0.0,0.0,0.0,0.0,0.0,0.0,0.0,0.0,0.0,0.0,0.0,0.0,"Dec 31, 2018"
3082,3505009.0,24493.0,Thi-Qar,Suq Al-Shoyokh,Hey al-chaoui,حي الشاوي,30.8912403677,46.461386868,3.0,18.0,3.0,0.0,0.0,0.0,0.0,0.0,0.0,0.0,0.0,0.0,0.0,0.0,0.0,0.0,0.0,0.0,0.0,0.0,0.0,0.0,0.0,0.0,0.0,0.0,0.0,0.0,3.0,0.0,0.0,3.0,0.0,0.0,0.0,0.0,0.0,0.0,0.0,0.0,0.0,0.0,3.0,0.0,0.0,3.0,0.0,0.0,0.0,0.0,0.0,0.0,0.0,0.0,0.0,0.0,0.0,0.0,"Dec 31, 2018"
3083,3505010.0,9261.0,Thi-Qar,Suq Al-Shoyokh,Hey al-ghadeir,حي الغدير,30.8855811292,46.4605966021,5.0,30.0,0.0,0.0,1.0,0.0,0.0,0.0,0.0,0.0,0.0,0.0,0.0,0.0,4.0,0.0,0.0,0.0,0.0,0.0,0.0,0.0,0.0,0.0,0.0,0.0,0.0,0.0,5.0,0.0,0.0,5.0,0.0,0.0,0.0,0.0,0.0,0.0,0.0,0.0,2.0,0.0,0.0,2.0,3.0,0.0,0.0,3.0,0.0,0.0,0.0,0.0,0.0,0.0,0.0,0.0,0.0,0.0,"Dec 31, 2018"
3084,3505011.0,9258.0,Thi-Qar,Suq Al-Shoyokh,Hey al-zahraa,حي الزهراء,30.9018696183,46.4582449773,6.0,36.0,0.0,0.0,0.0,0.0,0.0,0.0,0.0,0.0,3.0,0.0,0.0,0.0,0.0,0.0,3.0,0.0,0.0,0.0,0.0,0.0,0.0,0.0,0.0,0.0,0.0,0.0,6.0,0.0,0.0,6.0,0.0,0.0,0.0,0.0,0.0,0.0,0.0,0.0,0.0,0.0,0.0,0.0,6.0,0.0,0.0,6.0,0.0,0.0,0.0,0.0,0.0,0.0,0.0,0.0,0.0,0.0,"Dec 31, 2018"
3085,3505012.0,8878.0,Thi-Qar,Suq Al-Shoyokh,Markaz Karmat Bani Said,مركز كرمة بني سعيد,30.8805817825,46.572900688,20.0,120.0,0.0,0.0,1.0,0.0,0.0,0.0,0.0,0.0,9.0,0.0,0.0,0.0,10.0,0.0,0.0,0.0,0.0,0.0,0.0,10.0,0.0,0.0,0.0,0.0,0.0,0.0,10.0,0.0,0.0,10.0,0.0,0.0,0.0,0.0,0.0,0.0,0.0,0.0,3.0,0.0,8.0,3.0,9.0,8.0,0.0,9.0,0.0,0.0,0.0,0.0,0.0,0.0,0.0,0.0,0.0,0.0,"Dec 31, 2018"
3086,3601004.0,24207.0,Qadissiya,Afaq,Al Atawah Village,قرية العطاوة,32.116014,45.114113,11.0,66.0,0.0,0.0,0.0,0.0,0.0,0.0,0.0,0.0,5.0,0.0,0.0,0.0,6.0,0.0,0.0,0.0,0.0,0.0,0.0,1.0,0.0,0.0,0.0,0.0,0.0,0.0,10.0,0.0,0.0,10.0,0.0,0.0,0.0,0.0,0.0,0.0,0.0,0.0,0.0,0.0,5.0,0.0,6.0,5.0,0.0,6.0,0.0,0.0,0.0,0.0,0.0,0.0,0.0,0.0,0.0,0.0,"Dec 31, 2018"
3087,3601005.0,24287.0,Qadissiya,Afaq,Hay Al Askary 2,حي العسكري2,31.9679167354,45.4050071854,15.0,90.0,0.0,0.0,0.0,0.0,0.0,0.0,0.0,0.0,10.0,0.0,0.0,0.0,5.0,0.0,0.0,0.0,0.0,0.0,0.0,3.0,2.0,0.0,0.0,0.0,0.0,0.0,10.0,0.0,0.0,10.0,0.0,0.0,0.0,0.0,0.0,0.0,0.0,0.0,0.0,0.0,5.0,0.0,10.0,5.0,0.0,10.0,0.0,0.0,0.0,0.0,0.0,0.0,0.0,0.0,0.0,0.0,"Dec 31, 2018"
3088,3601006.0,25369.0,Qadissiya,Afaq,Hay Al-Salam,حي السلام,31.9802629855,45.4081304029,10.0,60.0,0.0,0.0,0.0,0.0,0.0,0.0,0.0,0.0,6.0,0.0,0.0,0.0,4.0,0.0,0.0,0.0,0.0,0.0,0.0,2.0,0.0,0.0,0.0,0.0,0.0,0.0,8.0,0.0,0.0,8.0,0.0,0.0,0.0,0.0,0.0,0.0,0.0,0.0,0.0,0.0,3.0,0.0,7.0,3.0,0.0,7.0,0.0,0.0,0.0,0.0,0.0,0.0,0.0,0.0,0.0,0.0,"Dec 31, 2018"
3089,3601015.0,3392.0,Qadissiya,Afaq,AL-Qati,القاطع,32.053763984,45.2333997609,11.0,66.0,0.0,0.0,0.0,0.0,0.0,0.0,0.0,0.0,3.0,0.0,0.0,0.0,8.0,0.0,0.0,0.0,0.0,0.0,0.0,1.0,2.0,0.0,0.0,0.0,0.0,4.0,4.0,4.0,0.0,4.0,0.0,0.0,0.0,0.0,0.0,0.0,0.0,0.0,0.0,0.0,6.0,0.0,5.0,6.0,0.0,5.0,0.0,0.0,0.0,0.0,0.0,0.0,0.0,0.0,0.0,0.0,"Dec 31, 2018"
3090,3601016.0,24601.0,Qadissiya,Afaq,Al-Sabkaia,الصبخاية,32.1524920536,45.0048223871,13.0,78.0,0.0,0.0,0.0,0.0,0.0,0.0,0.0,0.0,0.0,0.0,0.0,0.0,13.0,0.0,0.0,0.0,0.0,0.0,0.0,3.0,0.0,0.0,0.0,0.0,0.0,0.0,10.0,0.0,0.0,10.0,0.0,0.0,0.0,0.0,0.0,0.0,0.0,0.0,0.0,0.0,0.0,0.0,13.0,0.0,0.0,13.0,0.0,0.0,0.0,0.0,0.0,0.0,0.0,0.0,0.0,0.0,"Dec 31, 2018"
3091,3601017.0,3116.0,Qadissiya,Afaq,Al-sadaa al-muhania village,قرية السادة المحانية,32.0584227485,45.1627648746,9.0,54.0,0.0,0.0,0.0,0.0,0.0,0.0,0.0,0.0,0.0,0.0,0.0,0.0,9.0,0.0,0.0,0.0,0.0,0.0,0.0,5.0,0.0,0.0,0.0,0.0,0.0,0.0,4.0,0.0,0.0,4.0,0.0,0.0,0.0,0.0,0.0,0.0,0.0,0.0,0.0,0.0,2.0,0.0,7.0,2.0,0.0,7.0,0.0,0.0,0.0,0.0,0.0,0.0,0.0,0.0,0.0,0.0,"Dec 31, 2018"
3092,3601018.0,2795.0,Qadissiya,Afaq,Hay Al-sakban,حي الصكبان,31.9724988705,45.4100497545,11.0,66.0,0.0,0.0,0.0,0.0,0.0,0.0,0.0,0.0,11.0,0.0,0.0,0.0,0.0,0.0,0.0,0.0,0.0,0.0,0.0,1.0,0.0,0.0,0.0,0.0,0.0,0.0,10.0,0.0,0.0,10.0,0.0,0.0,0.0,0.0,0.0,0.0,0.0,0.0,2.0,0.0,6.0,2.0,3.0,6.0,0.0,3.0,0.0,0.0,0.0,0.0,0.0,0.0,0.0,0.0,0.0,0.0,"Dec 31, 2018"
3093,3601019.0,3109.0,Qadissiya,Afaq,Al-shariaa village,قرية الشريعة,32.0544099539,45.1511169552,5.0,30.0,0.0,0.0,0.0,0.0,0.0,0.0,0.0,0.0,0.0,0.0,0.0,0.0,5.0,0.0,0.0,0.0,0.0,0.0,0.0,3.0,0.0,0.0,0.0,0.0,0.0,0.0,2.0,0.0,0.0,2.0,0.0,0.0,0.0,0.0,0.0,0.0,0.0,0.0,0.0,0.0,0.0,0.0,5.0,0.0,0.0,5.0,0.0,0.0,0.0,0.0,0.0,0.0,0.0,0.0,0.0,0.0,"Dec 31, 2018"
3094,3601020.0,22751.0,Qadissiya,Afaq,Hay Al Jumhoriyah,حي الجمهورية ,32.1524027887,45.0014419198,10.0,60.0,0.0,0.0,0.0,0.0,0.0,0.0,0.0,0.0,0.0,0.0,0.0,0.0,10.0,0.0,0.0,0.0,0.0,0.0,0.0,0.0,0.0,0.0,0.0,0.0,0.0,0.0,10.0,0.0,0.0,10.0,0.0,0.0,0.0,0.0,0.0,0.0,0.0,0.0,0.0,0.0,3.0,0.0,7.0,3.0,0.0,7.0,0.0,0.0,0.0,0.0,0.0,0.0,0.0,0.0,0.0,0.0,"Dec 31, 2018"
3095,3601021.0,24288.0,Qadissiya,Afaq,Hay Al Zahraa,حي الزهراء,32.063236116,45.2367269271,13.0,78.0,0.0,0.0,0.0,0.0,0.0,0.0,0.0,0.0,6.0,0.0,0.0,0.0,7.0,0.0,0.0,0.0,0.0,0.0,0.0,2.0,2.0,0.0,0.0,0.0,0.0,4.0,5.0,4.0,0.0,5.0,0.0,0.0,0.0,0.0,0.0,0.0,0.0,0.0,0.0,0.0,8.0,0.0,5.0,8.0,0.0,5.0,0.0,0.0,0.0,0.0,0.0,0.0,0.0,0.0,0.0,0.0,"Dec 31, 2018"
3096,3601022.0,3362.0,Qadissiya,Afaq,Hay Al-Askari,حي العسكري ,32.0660688363,45.2406862068,8.0,48.0,0.0,0.0,0.0,0.0,0.0,0.0,0.0,0.0,1.0,0.0,0.0,0.0,7.0,0.0,0.0,0.0,0.0,0.0,0.0,3.0,1.0,0.0,0.0,0.0,0.0,0.0,4.0,0.0,0.0,4.0,0.0,0.0,0.0,0.0,0.0,0.0,0.0,0.0,0.0,0.0,3.0,0.0,5.0,3.0,0.0,5.0,0.0,0.0,0.0,0.0,0.0,0.0,0.0,0.0,0.0,0.0,"Dec 31, 2018"
3097,3601023.0,24488.0,Qadissiya,Afaq,Hay Al-Hakeem,حي الحكيم,32.1496902557,44.995358897,10.0,60.0,0.0,0.0,0.0,0.0,0.0,0.0,0.0,0.0,0.0,0.0,0.0,0.0,10.0,0.0,0.0,0.0,0.0,0.0,0.0,2.0,0.0,0.0,0.0,0.0,0.0,0.0,8.0,0.0,0.0,8.0,0.0,0.0,0.0,0.0,0.0,0.0,0.0,0.0,0.0,0.0,0.0,0.0,10.0,0.0,0.0,10.0,0.0,0.0,0.0,0.0,0.0,0.0,0.0,0.0,0.0,0.0,"Dec 31, 2018"
3098,3601024.0,25382.0,Qadissiya,Afaq,Hay Al-Hussein,حي الحسين,32.0627755943,45.2546195241,10.0,60.0,0.0,0.0,0.0,0.0,0.0,0.0,0.0,0.0,1.0,0.0,0.0,0.0,9.0,0.0,0.0,0.0,0.0,0.0,0.0,4.0,0.0,0.0,0.0,0.0,0.0,2.0,4.0,2.0,0.0,4.0,0.0,0.0,0.0,0.0,0.0,0.0,0.0,0.0,0.0,0.0,7.0,0.0,3.0,7.0,0.0,3.0,0.0,0.0,0.0,0.0,0.0,0.0,0.0,0.0,0.0,0.0,"Dec 31, 2018"
3099,3601026.0,2802.0,Qadissiya,Afaq,Hay al-jihad,حي الجهاد,31.973435632,45.4134042219,10.0,60.0,0.0,0.0,0.0,0.0,0.0,0.0,0.0,0.0,10.0,0.0,0.0,0.0,0.0,0.0,0.0,0.0,0.0,0.0,0.0,3.0,0.0,0.0,0.0,0.0,0.0,0.0,7.0,0.0,0.0,7.0,0.0,0.0,0.0,0.0,0.0,0.0,0.0,0.0,0.0,0.0,10.0,0.0,0.0,10.0,0.0,0.0,0.0,0.0,0.0,0.0,0.0,0.0,0.0,0.0,0.0,0.0,"Dec 31, 2018"
3100,3601031.0,25378.0,Qadissiya,Afaq,Hay Al-Sadrain,حي الصدرين,31.9779288769,45.3971406447,12.0,72.0,0.0,0.0,0.0,0.0,0.0,0.0,0.0,0.0,5.0,0.0,0.0,0.0,7.0,0.0,0.0,0.0,0.0,0.0,0.0,3.0,3.0,0.0,0.0,0.0,0.0,0.0,6.0,0.0,0.0,6.0,0.0,0.0,0.0,0.0,0.0,0.0,0.0,0.0,0.0,0.0,5.0,0.0,7.0,5.0,0.0,7.0,0.0,0.0,0.0,0.0,0.0,0.0,0.0,0.0,0.0,0.0,"Dec 31, 2018"
3101,3601035.0,3368.0,Qadissiya,Afaq,Hay Al-Waili,حي الوائلي,32.0555827137,45.2372474364,8.0,48.0,0.0,0.0,0.0,0.0,0.0,0.0,0.0,0.0,2.0,0.0,0.0,0.0,6.0,0.0,0.0,0.0,0.0,0.0,0.0,0.0,1.0,0.0,0.0,0.0,0.0,0.0,7.0,0.0,0.0,7.0,0.0,0.0,0.0,0.0,0.0,0.0,0.0,0.0,0.0,0.0,3.0,0.0,5.0,3.0,0.0,5.0,0.0,0.0,0.0,0.0,0.0,0.0,0.0,0.0,0.0,0.0,"Dec 31, 2018"
3102,3601040.0,25377.0,Qadissiya,Afaq,Mantaqet Alsooq,منطقة السوق,31.9740101276,45.406389283,10.0,60.0,0.0,0.0,0.0,0.0,0.0,0.0,0.0,0.0,8.0,0.0,0.0,0.0,2.0,0.0,0.0,0.0,0.0,0.0,0.0,4.0,1.0,0.0,0.0,0.0,0.0,2.0,3.0,2.0,0.0,3.0,0.0,0.0,0.0,0.0,0.0,0.0,0.0,0.0,0.0,0.0,0.0,0.0,10.0,0.0,0.0,10.0,0.0,0.0,0.0,0.0,0.0,0.0,0.0,0.0,0.0,0.0,"Dec 31, 2018"
3103,3601044.0,25502.0,Qadissiya,Afaq,Hay Al-Askary,حي العسكري,32.1451122262,44.9928492229,10.0,60.0,0.0,0.0,0.0,0.0,0.0,0.0,0.0,0.0,0.0,0.0,0.0,0.0,10.0,0.0,0.0,0.0,0.0,0.0,0.0,0.0,3.0,0.0,0.0,0.0,0.0,0.0,7.0,0.0,0.0,7.0,0.0,0.0,0.0,0.0,0.0,0.0,0.0,0.0,0.0,0.0,0.0,0.0,10.0,0.0,0.0,10.0,0.0,0.0,0.0,0.0,0.0,0.0,0.0,0.0,0.0,0.0,"Dec 31, 2018"
3104,3601046.0,25374.0,Qadissiya,Afaq,Tajamo Al-Mohajreen,تجمع المهاجرين,31.9801058248,45.4142962125,10.0,60.0,0.0,0.0,0.0,0.0,0.0,0.0,0.0,0.0,10.0,0.0,0.0,0.0,0.0,0.0,0.0,0.0,0.0,0.0,0.0,4.0,0.0,0.0,0.0,0.0,0.0,0.0,6.0,0.0,0.0,6.0,0.0,0.0,0.0,0.0,0.0,0.0,0.0,0.0,0.0,0.0,4.0,0.0,6.0,4.0,0.0,6.0,0.0,0.0,0.0,0.0,0.0,0.0,0.0,0.0,0.0,0.0,"Dec 31, 2018"
3105,3601047.0,25373.0,Qadissiya,Afaq,Tajamo Al-Shara,تجمع الشرع,31.9727531774,45.4000164382,9.0,54.0,0.0,0.0,0.0,0.0,0.0,0.0,0.0,0.0,8.0,0.0,0.0,0.0,1.0,0.0,0.0,0.0,0.0,0.0,0.0,4.0,0.0,2.0,0.0,0.0,2.0,0.0,3.0,0.0,0.0,3.0,0.0,0.0,0.0,0.0,0.0,0.0,0.0,0.0,0.0,0.0,3.0,0.0,6.0,3.0,0.0,6.0,0.0,0.0,0.0,0.0,0.0,0.0,0.0,0.0,0.0,0.0,"Dec 31, 2018"
3106,3601048.0,25375.0,Qadissiya,Afaq,Tajamo Zamel,تجمع زامل,31.9679628359,45.4217653815,11.0,66.0,0.0,0.0,0.0,0.0,0.0,0.0,0.0,0.0,8.0,0.0,0.0,0.0,3.0,0.0,0.0,0.0,0.0,0.0,0.0,3.0,0.0,0.0,0.0,0.0,0.0,4.0,4.0,4.0,0.0,4.0,0.0,0.0,0.0,0.0,0.0,0.0,0.0,0.0,0.0,0.0,0.0,0.0,8.0,0.0,3.0,8.0,0.0,3.0,0.0,0.0,0.0,0.0,0.0,0.0,0.0,0.0,"Dec 31, 2018"
3107,3602003.0,25505.0,Qadissiya,Al-Shamiya,Ager village,قرية عكر,32.0395967,44.5595684071,4.0,24.0,0.0,0.0,0.0,0.0,0.0,0.0,0.0,0.0,0.0,0.0,0.0,0.0,4.0,0.0,0.0,0.0,0.0,0.0,0.0,0.0,0.0,0.0,0.0,0.0,0.0,0.0,4.0,0.0,0.0,4.0,0.0,0.0,0.0,0.0,0.0,0.0,0.0,0.0,0.0,0.0,4.0,0.0,0.0,4.0,0.0,0.0,0.0,0.0,0.0,0.0,0.0,0.0,0.0,0.0,0.0,0.0,"Dec 31, 2018"
3108,3602004.0,22683.0,Qadissiya,Al-Shamiya,Mantaket Al Hezam Al Akhdhar,منطقة الحزام الاخضر ,31.737460491,44.6099555827,10.0,60.0,0.0,0.0,0.0,0.0,0.0,0.0,0.0,0.0,0.0,0.0,0.0,0.0,10.0,0.0,0.0,0.0,0.0,0.0,0.0,2.0,0.0,0.0,0.0,0.0,0.0,6.0,2.0,6.0,0.0,2.0,0.0,0.0,0.0,0.0,0.0,0.0,0.0,0.0,0.0,0.0,4.0,0.0,6.0,4.0,0.0,6.0,0.0,0.0,0.0,0.0,0.0,0.0,0.0,0.0,0.0,0.0,"Dec 31, 2018"
3109,3602005.0,25566.0,Qadissiya,Al-Shamiya,Hay Al-Askary,حي العسكري,32.0527777707,44.5625420894,4.0,24.0,0.0,0.0,0.0,0.0,0.0,0.0,0.0,0.0,0.0,0.0,0.0,0.0,4.0,0.0,0.0,0.0,0.0,0.0,0.0,1.0,0.0,0.0,0.0,0.0,0.0,0.0,3.0,0.0,0.0,3.0,0.0,0.0,0.0,0.0,0.0,0.0,0.0,0.0,0.0,0.0,0.0,0.0,4.0,0.0,0.0,4.0,0.0,0.0,0.0,0.0,0.0,0.0,0.0,0.0,0.0,0.0,"Dec 31, 2018"
3110,3602006.0,2749.0,Qadissiya,Al-Shamiya,Hay Al-aaskary al-gharby,حي العسكري الغربي,31.9572482491,44.5736161349,18.0,108.0,0.0,0.0,0.0,0.0,0.0,0.0,0.0,0.0,2.0,0.0,0.0,0.0,16.0,0.0,0.0,0.0,0.0,0.0,0.0,4.0,2.0,0.0,0.0,0.0,0.0,6.0,6.0,6.0,0.0,6.0,0.0,0.0,0.0,0.0,0.0,0.0,0.0,0.0,0.0,0.0,12.0,0.0,6.0,12.0,0.0,6.0,0.0,0.0,0.0,0.0,0.0,0.0,0.0,0.0,0.0,0.0,"Dec 31, 2018"
3111,3602007.0,2789.0,Qadissiya,Al-Shamiya,Hay Al-aaskary al-sharqy,حي العسكري الشرقي ,31.9617649633,44.6063446786,13.0,78.0,0.0,0.0,0.0,0.0,0.0,0.0,0.0,0.0,0.0,0.0,0.0,0.0,13.0,0.0,0.0,0.0,0.0,0.0,0.0,4.0,0.0,0.0,0.0,0.0,0.0,0.0,9.0,0.0,0.0,9.0,0.0,0.0,0.0,0.0,0.0,0.0,0.0,0.0,0.0,0.0,3.0,0.0,10.0,3.0,0.0,10.0,0.0,0.0,0.0,0.0,0.0,0.0,0.0,0.0,0.0,0.0,"Dec 31, 2018"
3112,3602010.0,2998.0,Qadissiya,Al-Shamiya,Al-ghrabia,الغرابية,32.0175002631,44.5442523741,6.0,36.0,0.0,0.0,0.0,0.0,0.0,0.0,0.0,0.0,2.0,0.0,0.0,0.0,4.0,0.0,0.0,0.0,0.0,0.0,0.0,1.0,0.0,0.0,0.0,0.0,0.0,2.0,3.0,2.0,0.0,3.0,0.0,0.0,0.0,0.0,0.0,0.0,0.0,0.0,0.0,0.0,6.0,0.0,0.0,6.0,0.0,0.0,0.0,0.0,0.0,0.0,0.0,0.0,0.0,0.0,0.0,0.0,"Dec 31, 2018"
3113,3602011.0,25910.0,Qadissiya,Al-Shamiya,Hay Al-Hussein,حي الحسين,32.0561537227,44.5585173817,7.0,42.0,2.0,0.0,0.0,0.0,0.0,0.0,0.0,0.0,0.0,0.0,0.0,0.0,5.0,0.0,0.0,0.0,0.0,0.0,0.0,3.0,1.0,0.0,0.0,0.0,0.0,0.0,3.0,0.0,0.0,3.0,0.0,0.0,0.0,0.0,0.0,0.0,0.0,0.0,0.0,0.0,0.0,0.0,5.0,0.0,2.0,5.0,0.0,2.0,0.0,0.0,0.0,0.0,0.0,0.0,0.0,0.0,"Dec 31, 2018"
3114,3602012.0,25909.0,Qadissiya,Al-Shamiya,Hay Al-Zahraa,حي الزهراء,32.0504151376,44.5612889885,7.0,42.0,1.0,0.0,0.0,0.0,0.0,0.0,0.0,0.0,0.0,0.0,0.0,0.0,6.0,0.0,0.0,0.0,0.0,0.0,0.0,2.0,0.0,0.0,0.0,0.0,0.0,0.0,5.0,0.0,0.0,5.0,0.0,0.0,0.0,0.0,0.0,0.0,0.0,0.0,0.0,0.0,1.0,0.0,5.0,1.0,1.0,5.0,0.0,1.0,0.0,0.0,0.0,0.0,0.0,0.0,0.0,0.0,"Dec 31, 2018"
3115,3602014.0,25913.0,Qadissiya,Al-Shamiya,Mahlat Al-Souq,محلة السوق,32.0189198095,44.5477983619,7.0,42.0,0.0,0.0,0.0,0.0,0.0,0.0,0.0,0.0,2.0,0.0,0.0,0.0,5.0,0.0,0.0,0.0,0.0,0.0,0.0,0.0,0.0,0.0,0.0,0.0,0.0,0.0,1.0,0.0,0.0,1.0,0.0,0.0,4.0,0.0,2.0,4.0,0.0,2.0,0.0,0.0,7.0,0.0,0.0,7.0,0.0,0.0,0.0,0.0,0.0,0.0,0.0,0.0,0.0,0.0,0.0,0.0,"Dec 31, 2018"
3116,3602016.0,25858.0,Qadissiya,Al-Shamiya,Ghammas Al-Garb,غماس الغرب,31.7390364835,44.6024831037,12.0,72.0,0.0,0.0,0.0,0.0,0.0,0.0,0.0,0.0,0.0,0.0,0.0,0.0,12.0,0.0,0.0,0.0,0.0,0.0,0.0,3.0,2.0,0.0,0.0,0.0,0.0,0.0,7.0,0.0,0.0,7.0,0.0,0.0,0.0,0.0,0.0,0.0,0.0,0.0,0.0,0.0,3.0,0.0,9.0,3.0,0.0,9.0,0.0,0.0,0.0,0.0,0.0,0.0,0.0,0.0,0.0,0.0,"Dec 31, 2018"
3117,3602017.0,25857.0,Qadissiya,Al-Shamiya,Ghammas Al-Sharq,غماس الشرق,31.7492896322,44.6152584055,8.0,48.0,0.0,0.0,0.0,0.0,0.0,0.0,0.0,0.0,0.0,0.0,0.0,0.0,8.0,0.0,0.0,0.0,0.0,0.0,0.0,2.0,0.0,0.0,0.0,0.0,0.0,0.0,6.0,0.0,0.0,6.0,0.0,0.0,0.0,0.0,0.0,0.0,0.0,0.0,0.0,0.0,0.0,0.0,8.0,0.0,0.0,8.0,0.0,0.0,0.0,0.0,0.0,0.0,0.0,0.0,0.0,0.0,"Dec 31, 2018"
3118,3602019.0,25279.0,Qadissiya,Al-Shamiya,Al-Asaia Village,قرية العصية,31.7807158401,44.5849598708,10.0,60.0,0.0,0.0,0.0,0.0,0.0,0.0,0.0,0.0,0.0,0.0,0.0,0.0,10.0,0.0,0.0,0.0,0.0,0.0,0.0,0.0,3.0,0.0,0.0,0.0,0.0,0.0,4.0,0.0,0.0,4.0,0.0,0.0,0.0,0.0,3.0,0.0,0.0,3.0,0.0,0.0,8.0,0.0,2.0,8.0,0.0,2.0,0.0,0.0,0.0,0.0,0.0,0.0,0.0,0.0,0.0,0.0,"Dec 31, 2018"
3119,3602020.0,2459.0,Qadissiya,Al-Shamiya,Hawy Village,قرية حاوي,31.7640510197,44.60867809,16.0,96.0,0.0,0.0,0.0,0.0,0.0,0.0,0.0,0.0,0.0,0.0,0.0,0.0,16.0,0.0,0.0,0.0,0.0,0.0,0.0,2.0,3.0,0.0,0.0,0.0,0.0,4.0,7.0,4.0,0.0,7.0,0.0,0.0,0.0,0.0,0.0,0.0,0.0,0.0,0.0,0.0,8.0,0.0,8.0,8.0,0.0,8.0,0.0,0.0,0.0,0.0,0.0,0.0,0.0,0.0,0.0,0.0,"Dec 31, 2018"
3120,3602021.0,22593.0,Qadissiya,Al-Shamiya,Hay Al Tabqa,حي الطبكة,31.7474490652,44.6132781205,21.0,126.0,0.0,0.0,0.0,0.0,0.0,0.0,0.0,0.0,0.0,0.0,0.0,0.0,21.0,0.0,0.0,0.0,0.0,0.0,0.0,4.0,4.0,0.0,0.0,0.0,0.0,4.0,9.0,4.0,0.0,9.0,0.0,0.0,0.0,0.0,0.0,0.0,0.0,0.0,0.0,0.0,0.0,0.0,21.0,0.0,0.0,21.0,0.0,0.0,0.0,0.0,0.0,0.0,0.0,0.0,0.0,0.0,"Dec 31, 2018"
3121,3602022.0,24490.0,Qadissiya,Al-Shamiya,Hay Al-Ameer,حي الامير,32.0491926806,44.5581395416,4.0,24.0,0.0,0.0,0.0,0.0,0.0,0.0,0.0,0.0,0.0,0.0,0.0,0.0,4.0,0.0,0.0,0.0,0.0,0.0,0.0,1.0,0.0,0.0,0.0,0.0,0.0,0.0,3.0,0.0,0.0,3.0,0.0,0.0,0.0,0.0,0.0,0.0,0.0,0.0,0.0,0.0,0.0,0.0,4.0,0.0,0.0,4.0,0.0,0.0,0.0,0.0,0.0,0.0,0.0,0.0,0.0,0.0,"Dec 31, 2018"
3122,3602024.0,2741.0,Qadissiya,Al-Shamiya,Hay al-husien,حي الحسين,31.9609333947,44.5883637294,5.0,30.0,0.0,0.0,0.0,0.0,0.0,0.0,0.0,0.0,0.0,0.0,0.0,0.0,5.0,0.0,0.0,0.0,0.0,0.0,0.0,4.0,0.0,0.0,0.0,0.0,0.0,0.0,1.0,0.0,0.0,1.0,0.0,0.0,0.0,0.0,0.0,0.0,0.0,0.0,1.0,0.0,4.0,1.0,0.0,4.0,0.0,0.0,0.0,0.0,0.0,0.0,0.0,0.0,0.0,0.0,0.0,0.0,"Dec 31, 2018"
3123,3602025.0,2759.0,Qadissiya,Al-Shamiya,Hay al-joumhoury,حي الجمهوري ,31.9652934093,44.6053760592,10.0,60.0,0.0,0.0,0.0,0.0,0.0,0.0,0.0,0.0,0.0,0.0,0.0,0.0,10.0,0.0,0.0,0.0,0.0,0.0,0.0,4.0,0.0,0.0,0.0,0.0,0.0,0.0,6.0,0.0,0.0,6.0,0.0,0.0,0.0,0.0,0.0,0.0,0.0,0.0,0.0,0.0,0.0,0.0,10.0,0.0,0.0,10.0,0.0,0.0,0.0,0.0,0.0,0.0,0.0,0.0,0.0,0.0,"Dec 31, 2018"
3124,3602026.0,2792.0,Qadissiya,Al-Shamiya,Hay al-mualamien,حي المعلمين ,31.96539219,44.6002684752,8.0,48.0,0.0,0.0,5.0,0.0,0.0,0.0,0.0,0.0,0.0,0.0,0.0,0.0,3.0,0.0,0.0,0.0,0.0,0.0,0.0,2.0,0.0,0.0,0.0,0.0,0.0,0.0,6.0,0.0,0.0,6.0,0.0,0.0,0.0,0.0,0.0,0.0,0.0,0.0,0.0,0.0,0.0,0.0,3.0,0.0,5.0,3.0,0.0,5.0,0.0,0.0,0.0,0.0,0.0,0.0,0.0,0.0,"Dec 31, 2018"
3125,3602027.0,25908.0,Qadissiya,Al-Shamiya,Hay Al-Sadrain,حي الصدرين,32.0484724382,44.56163558,6.0,36.0,0.0,0.0,0.0,0.0,0.0,0.0,0.0,0.0,0.0,0.0,0.0,0.0,6.0,0.0,0.0,0.0,0.0,0.0,0.0,3.0,0.0,0.0,0.0,0.0,0.0,0.0,3.0,0.0,0.0,3.0,0.0,0.0,0.0,0.0,0.0,0.0,0.0,0.0,0.0,0.0,0.0,0.0,6.0,0.0,0.0,6.0,0.0,0.0,0.0,0.0,0.0,0.0,0.0,0.0,0.0,0.0,"Dec 31, 2018"
3126,3602028.0,2447.0,Qadissiya,Al-Shamiya,Hay al-salam,حي السلام,31.7416561342,44.6154862582,7.0,42.0,0.0,0.0,0.0,0.0,0.0,0.0,0.0,0.0,0.0,0.0,0.0,0.0,7.0,0.0,0.0,0.0,0.0,0.0,0.0,0.0,0.0,0.0,0.0,0.0,0.0,2.0,5.0,2.0,0.0,5.0,0.0,0.0,0.0,0.0,0.0,0.0,0.0,0.0,0.0,0.0,5.0,0.0,2.0,5.0,0.0,2.0,0.0,0.0,0.0,0.0,0.0,0.0,0.0,0.0,0.0,0.0,"Dec 31, 2018"
3127,3602029.0,24245.0,Qadissiya,Al-Shamiya,Hay Al-Shuhada,حي الشهادة,31.9706870383,44.6112885439,10.0,60.0,0.0,0.0,0.0,0.0,0.0,0.0,0.0,0.0,3.0,0.0,0.0,0.0,7.0,0.0,0.0,0.0,0.0,0.0,0.0,3.0,0.0,0.0,0.0,0.0,0.0,0.0,7.0,0.0,0.0,7.0,0.0,0.0,0.0,0.0,0.0,0.0,0.0,0.0,0.0,0.0,5.0,0.0,5.0,5.0,0.0,5.0,0.0,0.0,0.0,0.0,0.0,0.0,0.0,0.0,0.0,0.0,"Dec 31, 2018"
3128,3602030.0,25565.0,Qadissiya,Al-Shamiya,Hay Al-Sifana,حي السيفانه,32.0595664794,44.5594683314,4.0,24.0,0.0,0.0,0.0,0.0,0.0,0.0,0.0,0.0,0.0,0.0,0.0,0.0,4.0,0.0,0.0,0.0,0.0,0.0,0.0,2.0,0.0,0.0,0.0,0.0,0.0,0.0,2.0,0.0,0.0,2.0,0.0,0.0,0.0,0.0,0.0,0.0,0.0,0.0,0.0,0.0,0.0,0.0,4.0,0.0,0.0,4.0,0.0,0.0,0.0,0.0,0.0,0.0,0.0,0.0,0.0,0.0,"Dec 31, 2018"
3129,3602031.0,2766.0,Qadissiya,Al-Shamiya,Mahlat al-souq,محلة السوق,31.960626198,44.6016230888,19.0,114.0,0.0,0.0,0.0,0.0,0.0,0.0,0.0,0.0,2.0,0.0,0.0,0.0,17.0,0.0,0.0,0.0,0.0,0.0,0.0,4.0,0.0,0.0,0.0,0.0,0.0,0.0,15.0,0.0,0.0,15.0,0.0,0.0,0.0,0.0,0.0,0.0,0.0,0.0,0.0,0.0,13.0,0.0,6.0,13.0,0.0,6.0,0.0,0.0,0.0,0.0,0.0,0.0,0.0,0.0,0.0,0.0,"Dec 31, 2018"
3130,3602032.0,25560.0,Qadissiya,Al-Shamiya,Mantaket Al-Aagmai,منطقة العجمية,31.9740316691,44.6343066854,9.0,54.0,0.0,0.0,0.0,0.0,0.0,0.0,0.0,0.0,1.0,0.0,0.0,0.0,8.0,0.0,0.0,0.0,0.0,0.0,0.0,3.0,0.0,0.0,0.0,0.0,0.0,0.0,6.0,0.0,0.0,6.0,0.0,0.0,0.0,0.0,0.0,0.0,0.0,0.0,0.0,0.0,1.0,0.0,8.0,1.0,0.0,8.0,0.0,0.0,0.0,0.0,0.0,0.0,0.0,0.0,0.0,0.0,"Dec 31, 2018"
3131,3602036.0,25559.0,Qadissiya,Al-Shamiya,Said Rafie village,قرية سيد رافع,31.9721125485,44.6086358864,6.0,36.0,0.0,0.0,2.0,0.0,0.0,4.0,0.0,0.0,0.0,0.0,0.0,0.0,0.0,0.0,0.0,0.0,0.0,0.0,0.0,3.0,0.0,0.0,0.0,0.0,0.0,0.0,3.0,0.0,0.0,3.0,0.0,0.0,0.0,0.0,0.0,0.0,0.0,0.0,0.0,0.0,4.0,0.0,2.0,4.0,0.0,2.0,0.0,0.0,0.0,0.0,0.0,0.0,0.0,0.0,0.0,0.0,"Dec 31, 2018"
3132,3602038.0,25859.0,Qadissiya,Al-Shamiya,Um Showareef village,قرية ام شواريف,31.7564173365,44.616354875,11.0,66.0,0.0,0.0,0.0,0.0,0.0,0.0,0.0,0.0,1.0,0.0,0.0,0.0,10.0,0.0,0.0,0.0,0.0,0.0,0.0,4.0,0.0,0.0,0.0,0.0,0.0,7.0,0.0,7.0,0.0,0.0,0.0,0.0,0.0,0.0,0.0,0.0,0.0,0.0,0.0,0.0,1.0,0.0,10.0,1.0,0.0,10.0,0.0,0.0,0.0,0.0,0.0,0.0,0.0,0.0,0.0,0.0,"Dec 31, 2018"
3133,3603003.0,22326.0,Qadissiya,Diwaniya,Al Mojamaa Al Sakani,المجمع السكني,31.9818831235,44.9729864563,210.0,1260.0,0.0,0.0,0.0,0.0,0.0,0.0,0.0,0.0,0.0,0.0,0.0,0.0,210.0,0.0,0.0,0.0,0.0,0.0,0.0,0.0,0.0,0.0,0.0,210.0,0.0,0.0,0.0,0.0,0.0,0.0,0.0,0.0,0.0,0.0,0.0,0.0,0.0,0.0,0.0,0.0,0.0,0.0,210.0,0.0,0.0,210.0,0.0,0.0,0.0,0.0,0.0,0.0,0.0,0.0,0.0,0.0,"Dec 31, 2018"
3134,3603004.0,21817.0,Qadissiya,Diwaniya,Hay Al Ghadir,حي الغدير,31.9675105484,44.9538541296,13.0,78.0,0.0,0.0,2.0,0.0,0.0,0.0,0.0,0.0,2.0,0.0,0.0,0.0,9.0,0.0,0.0,0.0,0.0,0.0,0.0,3.0,0.0,0.0,0.0,0.0,0.0,0.0,10.0,0.0,0.0,10.0,0.0,0.0,0.0,0.0,0.0,0.0,0.0,0.0,0.0,0.0,4.0,0.0,7.0,4.0,0.0,7.0,0.0,0.0,0.0,0.0,2.0,0.0,0.0,2.0,0.0,0.0,"Dec 31, 2018"
3135,3603005.0,2943.0,Qadissiya,Diwaniya,Al hamad village,قرية الحمد,32.0040916465,44.9990023729,32.0,192.0,0.0,0.0,0.0,0.0,0.0,0.0,0.0,0.0,0.0,0.0,0.0,0.0,32.0,0.0,0.0,0.0,0.0,0.0,0.0,9.0,0.0,0.0,0.0,0.0,0.0,9.0,14.0,9.0,0.0,14.0,0.0,0.0,0.0,0.0,0.0,0.0,0.0,0.0,0.0,0.0,2.0,0.0,30.0,2.0,0.0,30.0,0.0,0.0,0.0,0.0,0.0,0.0,0.0,0.0,0.0,0.0,"Dec 31, 2018"
3136,3603006.0,22815.0,Qadissiya,Diwaniya,Hay Al Jumhori Al Sharqi,حي الجمهوري الشرقي,31.9917531917,44.9213822107,15.0,90.0,0.0,0.0,0.0,0.0,0.0,0.0,0.0,0.0,0.0,0.0,0.0,0.0,15.0,0.0,0.0,0.0,0.0,0.0,0.0,1.0,2.0,0.0,0.0,0.0,0.0,3.0,9.0,3.0,0.0,9.0,0.0,0.0,0.0,0.0,0.0,0.0,0.0,0.0,0.0,0.0,0.0,0.0,15.0,0.0,0.0,15.0,0.0,0.0,0.0,0.0,0.0,0.0,0.0,0.0,0.0,0.0,"Dec 31, 2018"
3137,3603007.0,24148.0,Qadissiya,Diwaniya,Hay Al Nahda 3,حي النهضة 3,31.9858933407,44.9530462834,15.0,90.0,0.0,0.0,0.0,0.0,0.0,0.0,0.0,0.0,3.0,0.0,0.0,0.0,12.0,0.0,0.0,0.0,0.0,0.0,0.0,8.0,0.0,0.0,0.0,0.0,0.0,0.0,7.0,0.0,0.0,7.0,0.0,0.0,0.0,0.0,0.0,0.0,0.0,0.0,0.0,0.0,11.0,0.0,4.0,11.0,0.0,4.0,0.0,0.0,0.0,0.0,0.0,0.0,0.0,0.0,0.0,0.0,"Dec 31, 2018"
3138,3603008.0,24905.0,Qadissiya,Diwaniya,Al himran village,قرية الحمران,32.0377858076,44.7834731733,26.0,156.0,0.0,0.0,0.0,0.0,0.0,0.0,0.0,0.0,1.0,0.0,0.0,0.0,25.0,0.0,0.0,0.0,0.0,0.0,0.0,3.0,0.0,0.0,0.0,0.0,0.0,12.0,5.0,12.0,0.0,5.0,0.0,0.0,0.0,0.0,6.0,0.0,0.0,6.0,0.0,0.0,20.0,0.0,6.0,20.0,0.0,6.0,0.0,0.0,0.0,0.0,0.0,0.0,0.0,0.0,0.0,0.0,"Dec 31, 2018"
3139,3603009.0,24904.0,Qadissiya,Diwaniya,Um tibashi village,قرية ام طباشي,32.0072806254,44.853895211,16.0,96.0,0.0,0.0,0.0,0.0,0.0,0.0,0.0,0.0,0.0,0.0,0.0,0.0,16.0,0.0,0.0,0.0,0.0,0.0,0.0,5.0,0.0,0.0,0.0,0.0,0.0,7.0,4.0,7.0,0.0,4.0,0.0,0.0,0.0,0.0,0.0,0.0,0.0,0.0,0.0,0.0,16.0,0.0,0.0,16.0,0.0,0.0,0.0,0.0,0.0,0.0,0.0,0.0,0.0,0.0,0.0,0.0,"Dec 31, 2018"
3140,3603010.0,24436.0,Qadissiya,Diwaniya,Albo Hasan village,قرية البو حسن,32.0208274154,44.8188983684,14.0,84.0,0.0,0.0,0.0,0.0,0.0,0.0,0.0,0.0,0.0,0.0,0.0,0.0,14.0,0.0,0.0,0.0,0.0,0.0,0.0,3.0,0.0,0.0,0.0,0.0,0.0,6.0,5.0,6.0,0.0,5.0,0.0,0.0,0.0,0.0,0.0,0.0,0.0,0.0,0.0,0.0,2.0,0.0,12.0,2.0,0.0,12.0,0.0,0.0,0.0,0.0,0.0,0.0,0.0,0.0,0.0,0.0,"Dec 31, 2018"
3141,3603011.0,21946.0,Qadissiya,Diwaniya,Hay Al Wihda 2,حي الوحدة الثانية,31.9916080915,44.9415052607,11.0,66.0,0.0,0.0,0.0,0.0,0.0,0.0,0.0,0.0,5.0,0.0,0.0,0.0,6.0,0.0,0.0,0.0,0.0,0.0,0.0,3.0,2.0,0.0,0.0,0.0,0.0,0.0,6.0,0.0,0.0,6.0,0.0,0.0,0.0,0.0,0.0,0.0,0.0,0.0,0.0,0.0,10.0,0.0,1.0,10.0,0.0,1.0,0.0,0.0,0.0,0.0,0.0,0.0,0.0,0.0,0.0,0.0,"Dec 31, 2018"
3142,3603012.0,21945.0,Qadissiya,Diwaniya,Hay Al Wihda 3,حي الوحده الثالثه,31.9930097281,44.9467431193,9.0,54.0,0.0,0.0,2.0,0.0,0.0,0.0,0.0,0.0,5.0,0.0,0.0,0.0,2.0,0.0,0.0,0.0,0.0,0.0,0.0,6.0,0.0,0.0,0.0,0.0,0.0,0.0,3.0,0.0,0.0,3.0,0.0,0.0,0.0,0.0,0.0,0.0,0.0,0.0,2.0,0.0,1.0,2.0,2.0,1.0,4.0,2.0,0.0,4.0,0.0,0.0,0.0,0.0,0.0,0.0,0.0,0.0,"Dec 31, 2018"
3143,3603013.0,2672.0,Qadissiya,Diwaniya,Al-ataa village,قرية العطاء,31.932926703,44.9052383175,13.0,78.0,0.0,0.0,0.0,0.0,0.0,0.0,0.0,0.0,3.0,0.0,0.0,0.0,10.0,0.0,0.0,0.0,0.0,0.0,0.0,5.0,0.0,0.0,0.0,0.0,0.0,8.0,0.0,8.0,0.0,0.0,0.0,0.0,0.0,0.0,0.0,0.0,0.0,0.0,0.0,0.0,6.0,0.0,7.0,6.0,0.0,7.0,0.0,0.0,0.0,0.0,0.0,0.0,0.0,0.0,0.0,0.0,"Dec 31, 2018"
3144,3603015.0,3248.0,Qadissiya,Diwaniya,Al-bu hwelaa Village,قرية البو حويله,32.160423,44.893034,9.0,54.0,0.0,0.0,0.0,0.0,0.0,0.0,0.0,0.0,0.0,0.0,0.0,0.0,9.0,0.0,0.0,0.0,0.0,0.0,0.0,1.0,0.0,0.0,0.0,0.0,0.0,5.0,3.0,5.0,0.0,3.0,0.0,0.0,0.0,0.0,0.0,0.0,0.0,0.0,0.0,0.0,2.0,0.0,7.0,2.0,0.0,7.0,0.0,0.0,0.0,0.0,0.0,0.0,0.0,0.0,0.0,0.0,"Dec 31, 2018"
3145,3603016.0,3250.0,Qadissiya,Diwaniya,Al-bu jamal Village,قرية البو جمال,32.180985,44.861391,5.0,30.0,0.0,0.0,0.0,0.0,0.0,0.0,0.0,0.0,0.0,0.0,0.0,0.0,5.0,0.0,0.0,0.0,0.0,0.0,0.0,0.0,0.0,0.0,0.0,0.0,0.0,5.0,0.0,5.0,0.0,0.0,0.0,0.0,0.0,0.0,0.0,0.0,0.0,0.0,0.0,0.0,0.0,0.0,5.0,0.0,0.0,5.0,0.0,0.0,0.0,0.0,0.0,0.0,0.0,0.0,0.0,0.0,"Dec 31, 2018"
3146,3603017.0,2621.0,Qadissiya,Diwaniya,Albu Khnefis village,قرية البو خنيفس,32.0209653411,44.8605491768,11.0,66.0,0.0,0.0,0.0,0.0,0.0,0.0,0.0,0.0,0.0,0.0,0.0,0.0,11.0,0.0,0.0,0.0,0.0,0.0,0.0,3.0,0.0,0.0,0.0,0.0,0.0,8.0,0.0,8.0,0.0,0.0,0.0,0.0,0.0,0.0,0.0,0.0,0.0,0.0,0.0,0.0,4.0,0.0,7.0,4.0,0.0,7.0,0.0,0.0,0.0,0.0,0.0,0.0,0.0,0.0,0.0,0.0,"Dec 31, 2018"
3147,3603021.0,2892.0,Qadissiya,Diwaniya,Al-Hacham Village,قرية الحجام,32.165829,44.922499,3.0,18.0,0.0,0.0,0.0,0.0,0.0,0.0,0.0,0.0,0.0,0.0,0.0,0.0,3.0,0.0,0.0,0.0,0.0,0.0,0.0,0.0,0.0,0.0,0.0,0.0,0.0,0.0,3.0,0.0,0.0,3.0,0.0,0.0,0.0,0.0,0.0,0.0,0.0,0.0,0.0,0.0,1.0,0.0,2.0,1.0,0.0,2.0,0.0,0.0,0.0,0.0,0.0,0.0,0.0,0.0,0.0,0.0,"Dec 31, 2018"
3148,3603022.0,3381.0,Qadissiya,Diwaniya,AL-Jamiyah 2,الجمعية الثانية,31.9765619142,44.9484639988,7.0,42.0,0.0,0.0,0.0,0.0,0.0,0.0,0.0,0.0,0.0,0.0,0.0,0.0,7.0,0.0,0.0,0.0,0.0,0.0,0.0,0.0,0.0,0.0,0.0,0.0,0.0,0.0,7.0,0.0,0.0,7.0,0.0,0.0,0.0,0.0,0.0,0.0,0.0,0.0,0.0,0.0,0.0,0.0,7.0,0.0,0.0,7.0,0.0,0.0,0.0,0.0,0.0,0.0,0.0,0.0,0.0,0.0,"Dec 31, 2018"
3149,3603023.0,25288.0,Qadissiya,Diwaniya,Al-Jasem Village,قرية الجاسم,32.0152389907,44.931650741,10.0,60.0,0.0,0.0,0.0,0.0,0.0,0.0,0.0,0.0,0.0,0.0,0.0,0.0,10.0,0.0,0.0,0.0,0.0,0.0,0.0,7.0,0.0,0.0,0.0,0.0,0.0,0.0,3.0,0.0,0.0,3.0,0.0,0.0,0.0,0.0,0.0,0.0,0.0,0.0,0.0,0.0,7.0,0.0,3.0,7.0,0.0,3.0,0.0,0.0,0.0,0.0,0.0,0.0,0.0,0.0,0.0,0.0,"Dec 31, 2018"
3150,3603024.0,25957.0,Qadissiya,Diwaniya,Al-Jazaair 1,الجزائر الاولى,31.9845082099,44.9059538119,10.0,60.0,2.0,0.0,0.0,0.0,0.0,0.0,0.0,0.0,0.0,0.0,0.0,0.0,8.0,0.0,0.0,0.0,0.0,0.0,0.0,5.0,0.0,0.0,0.0,0.0,0.0,0.0,5.0,0.0,0.0,5.0,0.0,0.0,0.0,0.0,0.0,0.0,0.0,0.0,0.0,0.0,5.0,0.0,3.0,5.0,0.0,3.0,2.0,0.0,0.0,2.0,0.0,0.0,0.0,0.0,0.0,0.0,"Dec 31, 2018"
3151,3603025.0,2885.0,Qadissiya,Diwaniya,Al-Jazaair 2,الجزائر الثانية,31.9871806959,44.9025009109,15.0,90.0,0.0,0.0,0.0,0.0,0.0,0.0,0.0,0.0,0.0,0.0,0.0,0.0,15.0,0.0,0.0,0.0,0.0,0.0,0.0,4.0,0.0,0.0,0.0,0.0,0.0,3.0,8.0,3.0,0.0,8.0,0.0,0.0,0.0,0.0,0.0,0.0,0.0,0.0,0.0,0.0,10.0,0.0,5.0,10.0,0.0,5.0,0.0,0.0,0.0,0.0,0.0,0.0,0.0,0.0,0.0,0.0,"Dec 31, 2018"
3152,3603026.0,24523.0,Qadissiya,Diwaniya,Mantaket Al-Jethaa,منطقة الجذع,32.1103652367,44.7592365734,15.0,90.0,0.0,0.0,0.0,0.0,0.0,0.0,0.0,0.0,0.0,0.0,0.0,0.0,15.0,0.0,0.0,0.0,0.0,0.0,0.0,0.0,0.0,0.0,0.0,0.0,0.0,4.0,3.0,4.0,0.0,3.0,0.0,0.0,0.0,0.0,8.0,0.0,0.0,8.0,0.0,0.0,0.0,0.0,15.0,0.0,0.0,15.0,0.0,0.0,0.0,0.0,0.0,0.0,0.0,0.0,0.0,0.0,"Dec 31, 2018"
3153,3603027.0,3011.0,Qadissiya,Diwaniya,al-khalifa village,قرية الخليفة,32.0173772564,44.8268693592,9.0,54.0,0.0,0.0,0.0,0.0,0.0,0.0,0.0,0.0,0.0,0.0,0.0,0.0,9.0,0.0,0.0,0.0,0.0,0.0,0.0,0.0,0.0,0.0,0.0,0.0,0.0,9.0,0.0,9.0,0.0,0.0,0.0,0.0,0.0,0.0,0.0,0.0,0.0,0.0,0.0,0.0,0.0,0.0,9.0,0.0,0.0,9.0,0.0,0.0,0.0,0.0,0.0,0.0,0.0,0.0,0.0,0.0,"Dec 31, 2018"
3154,3603029.0,25075.0,Qadissiya,Diwaniya,Al-khozaal Village,قرية الخزاعل,32.0860728026,44.7621929368,12.0,72.0,0.0,0.0,0.0,0.0,0.0,0.0,0.0,0.0,0.0,0.0,0.0,0.0,12.0,0.0,0.0,0.0,0.0,0.0,0.0,4.0,0.0,0.0,0.0,0.0,0.0,8.0,0.0,8.0,0.0,0.0,0.0,0.0,0.0,0.0,0.0,0.0,0.0,0.0,0.0,0.0,2.0,0.0,10.0,2.0,0.0,10.0,0.0,0.0,0.0,0.0,0.0,0.0,0.0,0.0,0.0,0.0,"Dec 31, 2018"
3155,3603030.0,25370.0,Qadissiya,Diwaniya,Al-Mawqee Al-Askary,الموقع العسكري,31.9809384172,44.9241521125,9.0,54.0,0.0,0.0,0.0,0.0,0.0,0.0,0.0,0.0,3.0,0.0,0.0,0.0,6.0,0.0,0.0,0.0,0.0,0.0,0.0,0.0,0.0,0.0,0.0,0.0,0.0,0.0,0.0,0.0,0.0,0.0,0.0,0.0,0.0,0.0,9.0,0.0,0.0,9.0,0.0,0.0,3.0,0.0,6.0,3.0,0.0,6.0,0.0,0.0,0.0,0.0,0.0,0.0,0.0,0.0,0.0,0.0,"Dec 31, 2018"
3156,3603032.0,25069.0,Qadissiya,Diwaniya,Al-Sadiq(2),الصادق الثانية,31.9765509758,44.9311598707,14.0,84.0,0.0,0.0,0.0,0.0,0.0,0.0,0.0,0.0,1.0,0.0,0.0,0.0,12.0,0.0,1.0,0.0,0.0,0.0,0.0,3.0,0.0,0.0,0.0,0.0,0.0,0.0,11.0,0.0,0.0,11.0,0.0,0.0,0.0,0.0,0.0,0.0,0.0,0.0,0.0,0.0,3.0,0.0,5.0,3.0,6.0,5.0,0.0,6.0,0.0,0.0,0.0,0.0,0.0,0.0,0.0,0.0,"Dec 31, 2018"
3157,3603033.0,25071.0,Qadissiya,Diwaniya,Al-Jabaar village,قرية ال جبار,32.0319890929,44.7900744,16.0,96.0,0.0,0.0,0.0,0.0,0.0,0.0,0.0,0.0,0.0,0.0,0.0,0.0,16.0,0.0,0.0,0.0,0.0,0.0,0.0,2.0,0.0,0.0,0.0,0.0,0.0,12.0,2.0,12.0,0.0,2.0,0.0,0.0,0.0,0.0,0.0,0.0,0.0,0.0,0.0,0.0,6.0,0.0,10.0,6.0,0.0,10.0,0.0,0.0,0.0,0.0,0.0,0.0,0.0,0.0,0.0,0.0,"Dec 31, 2018"
3158,3603034.0,25070.0,Qadissiya,Diwaniya,Hay Al-Hussain,حي الحسين,32.0701462957,44.7676568807,16.0,96.0,0.0,0.0,0.0,0.0,0.0,0.0,0.0,0.0,0.0,0.0,0.0,0.0,16.0,0.0,0.0,0.0,0.0,0.0,0.0,0.0,0.0,0.0,0.0,0.0,0.0,13.0,3.0,13.0,0.0,3.0,0.0,0.0,0.0,0.0,0.0,0.0,0.0,0.0,0.0,0.0,0.0,0.0,16.0,0.0,0.0,16.0,0.0,0.0,0.0,0.0,0.0,0.0,0.0,0.0,0.0,0.0,"Dec 31, 2018"
3159,3603036.0,25509.0,Qadissiya,Diwaniya,Al-Taamem-2,التأميم الثانية,31.9797811517,44.942167323,9.0,54.0,0.0,0.0,0.0,0.0,0.0,0.0,0.0,0.0,0.0,0.0,0.0,0.0,9.0,0.0,0.0,0.0,0.0,0.0,0.0,0.0,0.0,0.0,0.0,0.0,0.0,3.0,6.0,3.0,0.0,6.0,0.0,0.0,0.0,0.0,0.0,0.0,0.0,0.0,0.0,0.0,3.0,0.0,6.0,3.0,0.0,6.0,0.0,0.0,0.0,0.0,0.0,0.0,0.0,0.0,0.0,0.0,"Dec 31, 2018"
3160,3603037.0,24381.0,Qadissiya,Diwaniya,Al-Taqiya 2,التقية الثانية,31.9703624531,44.8911874701,25.0,150.0,0.0,0.0,0.0,0.0,0.0,0.0,0.0,0.0,2.0,0.0,0.0,0.0,23.0,0.0,0.0,0.0,0.0,0.0,0.0,3.0,0.0,0.0,0.0,0.0,0.0,22.0,0.0,22.0,0.0,0.0,0.0,0.0,0.0,0.0,0.0,0.0,0.0,0.0,0.0,0.0,4.0,0.0,21.0,4.0,0.0,21.0,0.0,0.0,0.0,0.0,0.0,0.0,0.0,0.0,0.0,0.0,"Dec 31, 2018"
3161,3603038.0,25068.0,Qadissiya,Diwaniya,Al-Taqiya 3,التقية الثالثه,31.9571712194,44.9006470877,33.0,198.0,0.0,0.0,0.0,0.0,0.0,0.0,0.0,0.0,0.0,0.0,0.0,0.0,33.0,0.0,0.0,0.0,0.0,0.0,0.0,2.0,0.0,0.0,0.0,0.0,0.0,31.0,0.0,31.0,0.0,0.0,0.0,0.0,0.0,0.0,0.0,0.0,0.0,0.0,0.0,0.0,16.0,0.0,17.0,16.0,0.0,17.0,0.0,0.0,0.0,0.0,0.0,0.0,0.0,0.0,0.0,0.0,"Dec 31, 2018"
3162,3603039.0,2705.0,Qadissiya,Diwaniya,Al-tharwa al-alhaiwaniya,الثروة الحيوانية,31.9557993533,44.7714993501,18.0,108.0,0.0,0.0,0.0,0.0,0.0,0.0,0.0,0.0,0.0,0.0,0.0,0.0,18.0,0.0,0.0,0.0,0.0,0.0,0.0,5.0,0.0,0.0,0.0,0.0,0.0,6.0,0.0,6.0,0.0,0.0,0.0,0.0,0.0,0.0,7.0,0.0,0.0,7.0,0.0,0.0,8.0,0.0,10.0,8.0,0.0,10.0,0.0,0.0,0.0,0.0,0.0,0.0,0.0,0.0,0.0,0.0,"Dec 31, 2018"
3163,3603040.0,24756.0,Qadissiya,Diwaniya,Al-Zawad village,قرية الزواد,32.0237648782,45.0605125265,16.0,96.0,0.0,0.0,0.0,0.0,0.0,0.0,0.0,0.0,5.0,0.0,0.0,0.0,11.0,0.0,0.0,0.0,0.0,0.0,0.0,4.0,0.0,0.0,0.0,0.0,0.0,6.0,6.0,6.0,0.0,6.0,0.0,0.0,0.0,0.0,0.0,0.0,0.0,0.0,0.0,0.0,11.0,0.0,5.0,11.0,0.0,5.0,0.0,0.0,0.0,0.0,0.0,0.0,0.0,0.0,0.0,0.0,"Dec 31, 2018"
3164,3603042.0,25072.0,Qadissiya,Diwaniya,Ataiwarev Village,قرية الطواريف,32.0090988992,45.0267571005,14.0,84.0,0.0,0.0,0.0,0.0,0.0,3.0,0.0,0.0,0.0,0.0,0.0,0.0,8.0,0.0,3.0,0.0,0.0,0.0,0.0,0.0,0.0,0.0,0.0,0.0,0.0,7.0,7.0,7.0,0.0,7.0,0.0,0.0,0.0,0.0,0.0,0.0,0.0,0.0,0.0,0.0,0.0,0.0,11.0,0.0,3.0,11.0,0.0,3.0,0.0,0.0,0.0,0.0,0.0,0.0,0.0,0.0,"Dec 31, 2018"
3165,3603044.0,25790.0,Qadissiya,Diwaniya,Hay Al Jamiaa,حي الجامعة,31.9969622931,44.8745785796,17.0,102.0,0.0,0.0,0.0,0.0,0.0,0.0,0.0,0.0,6.0,0.0,0.0,0.0,11.0,0.0,0.0,0.0,0.0,0.0,0.0,7.0,0.0,0.0,0.0,0.0,0.0,0.0,10.0,0.0,0.0,10.0,0.0,0.0,0.0,0.0,0.0,0.0,0.0,0.0,0.0,0.0,6.0,0.0,11.0,6.0,0.0,11.0,0.0,0.0,0.0,0.0,0.0,0.0,0.0,0.0,0.0,0.0,"Dec 31, 2018"
3166,3603047.0,25513.0,Qadissiya,Diwaniya,Hay Al Furat-1,حي الفرات الاولى,32.0105246746,44.9079217638,11.0,66.0,0.0,0.0,0.0,0.0,0.0,0.0,0.0,0.0,2.0,0.0,0.0,0.0,9.0,0.0,0.0,0.0,0.0,0.0,0.0,2.0,2.0,0.0,0.0,0.0,0.0,0.0,7.0,0.0,0.0,7.0,0.0,0.0,0.0,0.0,0.0,0.0,0.0,0.0,0.0,0.0,2.0,0.0,9.0,2.0,0.0,9.0,0.0,0.0,0.0,0.0,0.0,0.0,0.0,0.0,0.0,0.0,"Dec 31, 2018"
3167,3603048.0,23681.0,Qadissiya,Diwaniya,Hay Al Furat-2,حي الفرات الثانية,32.0200608111,44.9003653605,19.0,114.0,1.0,0.0,0.0,0.0,0.0,0.0,0.0,0.0,2.0,0.0,0.0,0.0,16.0,0.0,0.0,0.0,0.0,0.0,0.0,6.0,0.0,0.0,0.0,0.0,0.0,0.0,13.0,0.0,0.0,13.0,0.0,0.0,0.0,0.0,0.0,0.0,0.0,0.0,0.0,0.0,13.0,0.0,6.0,13.0,0.0,6.0,0.0,0.0,0.0,0.0,0.0,0.0,0.0,0.0,0.0,0.0,"Dec 31, 2018"
3168,3603049.0,24966.0,Qadissiya,Diwaniya,Hay Al Hurriya,حي الحرية,32.1465847169,44.9317777393,13.0,78.0,0.0,0.0,0.0,0.0,0.0,0.0,0.0,0.0,0.0,0.0,0.0,0.0,13.0,0.0,0.0,0.0,0.0,0.0,0.0,6.0,0.0,0.0,0.0,0.0,0.0,0.0,7.0,0.0,0.0,7.0,0.0,0.0,0.0,0.0,0.0,0.0,0.0,0.0,0.0,0.0,10.0,0.0,3.0,10.0,0.0,3.0,0.0,0.0,0.0,0.0,0.0,0.0,0.0,0.0,0.0,0.0,"Dec 31, 2018"
3169,3603050.0,23551.0,Qadissiya,Diwaniya,Hay Al Jamiaa-Al-Hawli,حي الجامعة-الحولي,32.0074005696,44.8707858412,22.0,132.0,0.0,0.0,0.0,0.0,0.0,0.0,0.0,0.0,7.0,0.0,0.0,0.0,15.0,0.0,0.0,0.0,0.0,0.0,0.0,3.0,0.0,5.0,0.0,0.0,5.0,0.0,14.0,0.0,0.0,14.0,0.0,0.0,0.0,0.0,0.0,0.0,0.0,0.0,0.0,0.0,19.0,0.0,3.0,19.0,0.0,3.0,0.0,0.0,0.0,0.0,0.0,0.0,0.0,0.0,0.0,0.0,"Dec 31, 2018"
3170,3603051.0,24739.0,Qadissiya,Diwaniya,Hay Al Mulmeen,حي المعلمين,32.1362424395,44.9363444741,7.0,42.0,0.0,0.0,0.0,0.0,0.0,0.0,0.0,0.0,0.0,0.0,0.0,0.0,7.0,0.0,0.0,0.0,0.0,0.0,0.0,0.0,0.0,0.0,0.0,0.0,0.0,3.0,4.0,3.0,0.0,4.0,0.0,0.0,0.0,0.0,0.0,0.0,0.0,0.0,0.0,0.0,4.0,0.0,3.0,4.0,0.0,3.0,0.0,0.0,0.0,0.0,0.0,0.0,0.0,0.0,0.0,0.0,"Dec 31, 2018"
3171,3603052.0,23680.0,Qadissiya,Diwaniya,Hay Al Sadir 1,حي الصدر الاول,32.0116889139,44.919243129,26.0,156.0,2.0,0.0,10.0,0.0,0.0,3.0,0.0,0.0,5.0,0.0,0.0,0.0,6.0,0.0,0.0,0.0,0.0,0.0,0.0,3.0,2.0,0.0,0.0,0.0,0.0,0.0,21.0,0.0,0.0,21.0,0.0,0.0,0.0,0.0,0.0,0.0,0.0,0.0,0.0,0.0,14.0,0.0,10.0,14.0,2.0,10.0,0.0,2.0,0.0,0.0,0.0,0.0,0.0,0.0,0.0,0.0,"Dec 31, 2018"
3172,3603053.0,24903.0,Qadissiya,Diwaniya,Hay Al Sadir 2,حي الصدر الثاني,32.0063780621,44.9373574577,15.0,90.0,0.0,0.0,0.0,0.0,0.0,0.0,0.0,0.0,6.0,0.0,0.0,0.0,9.0,0.0,0.0,0.0,0.0,0.0,0.0,2.0,2.0,0.0,0.0,0.0,0.0,1.0,10.0,1.0,0.0,10.0,0.0,0.0,0.0,0.0,0.0,0.0,0.0,0.0,0.0,0.0,6.0,0.0,9.0,6.0,0.0,9.0,0.0,0.0,0.0,0.0,0.0,0.0,0.0,0.0,0.0,0.0,"Dec 31, 2018"
3173,3603054.0,24208.0,Qadissiya,Diwaniya,Hay Al Sadir 3,حي الصدر الثالث,32.004631944,44.9423782086,30.0,180.0,4.0,0.0,3.0,0.0,0.0,0.0,0.0,0.0,8.0,0.0,0.0,0.0,11.0,0.0,4.0,0.0,0.0,0.0,0.0,5.0,5.0,0.0,0.0,0.0,0.0,0.0,20.0,0.0,0.0,20.0,0.0,0.0,0.0,0.0,0.0,0.0,0.0,0.0,0.0,0.0,11.0,0.0,13.0,11.0,6.0,13.0,0.0,6.0,0.0,0.0,0.0,0.0,0.0,0.0,0.0,0.0,"Dec 31, 2018"
3174,3603055.0,21554.0,Qadissiya,Diwaniya,Hay Al Salam,حي السلام ,32.0069486601,44.9324109312,7.0,42.0,0.0,0.0,2.0,0.0,0.0,0.0,0.0,0.0,0.0,0.0,0.0,0.0,5.0,0.0,0.0,0.0,0.0,0.0,0.0,1.0,0.0,0.0,0.0,0.0,0.0,0.0,6.0,0.0,0.0,6.0,0.0,0.0,0.0,0.0,0.0,0.0,0.0,0.0,0.0,0.0,0.0,0.0,3.0,0.0,4.0,3.0,0.0,4.0,0.0,0.0,0.0,0.0,0.0,0.0,0.0,0.0,"Dec 31, 2018"
3175,3603056.0,24149.0,Qadissiya,Diwaniya,Hay Al Shahada,حي الشهداء ,32.1357497849,44.9305147983,8.0,48.0,0.0,0.0,0.0,0.0,0.0,0.0,0.0,0.0,0.0,0.0,0.0,0.0,8.0,0.0,0.0,0.0,0.0,0.0,0.0,1.0,0.0,0.0,0.0,0.0,0.0,5.0,2.0,5.0,0.0,2.0,0.0,0.0,0.0,0.0,0.0,0.0,0.0,0.0,0.0,0.0,2.0,0.0,6.0,2.0,0.0,6.0,0.0,0.0,0.0,0.0,0.0,0.0,0.0,0.0,0.0,0.0,"Dec 31, 2018"
3176,3603057.0,24382.0,Qadissiya,Diwaniya,Hay Al Shomos,حي الشموس,32.0018013893,44.8640472443,17.0,102.0,0.0,0.0,0.0,0.0,0.0,0.0,0.0,0.0,3.0,0.0,0.0,0.0,14.0,0.0,0.0,0.0,0.0,0.0,0.0,1.0,3.0,0.0,0.0,0.0,0.0,5.0,8.0,5.0,0.0,8.0,0.0,0.0,0.0,0.0,0.0,0.0,0.0,0.0,0.0,0.0,17.0,0.0,0.0,17.0,0.0,0.0,0.0,0.0,0.0,0.0,0.0,0.0,0.0,0.0,0.0,0.0,"Dec 31, 2018"
3177,3603058.0,21727.0,Qadissiya,Diwaniya,Hay Al Thuqlayn,حي الثقلين,31.9708801992,44.9656979703,8.0,48.0,1.0,0.0,0.0,0.0,0.0,0.0,0.0,0.0,2.0,0.0,0.0,0.0,5.0,0.0,0.0,0.0,0.0,0.0,0.0,0.0,0.0,0.0,0.0,0.0,0.0,6.0,2.0,6.0,0.0,2.0,0.0,0.0,0.0,0.0,0.0,0.0,0.0,0.0,0.0,0.0,2.0,0.0,5.0,2.0,1.0,5.0,0.0,1.0,0.0,0.0,0.0,0.0,0.0,0.0,0.0,0.0,"Dec 31, 2018"
3178,3603059.0,24309.0,Qadissiya,Diwaniya,Hay Al Waely,حي الوائلي,32.057930586,44.7729948073,10.0,60.0,0.0,0.0,0.0,0.0,0.0,0.0,0.0,0.0,0.0,0.0,0.0,0.0,10.0,0.0,0.0,0.0,0.0,0.0,0.0,0.0,0.0,0.0,0.0,0.0,0.0,1.0,9.0,1.0,0.0,9.0,0.0,0.0,0.0,0.0,0.0,0.0,0.0,0.0,0.0,0.0,9.0,0.0,1.0,9.0,0.0,1.0,0.0,0.0,0.0,0.0,0.0,0.0,0.0,0.0,0.0,0.0,"Dec 31, 2018"
3179,3603060.0,21734.0,Qadissiya,Diwaniya,Hay Al Wihda 1,حي الوحده الاولى,31.995855404,44.9433796508,7.0,42.0,0.0,0.0,0.0,0.0,0.0,0.0,0.0,0.0,4.0,0.0,0.0,0.0,3.0,0.0,0.0,0.0,0.0,0.0,0.0,1.0,0.0,0.0,0.0,0.0,0.0,0.0,6.0,0.0,0.0,6.0,0.0,0.0,0.0,0.0,0.0,0.0,0.0,0.0,0.0,0.0,7.0,0.0,0.0,7.0,0.0,0.0,0.0,0.0,0.0,0.0,0.0,0.0,0.0,0.0,0.0,0.0,"Dec 31, 2018"
3180,3603063.0,25567.0,Qadissiya,Diwaniya,Hay Al-Amin 1,حي الامين 1,32.0048192795,44.8499211418,17.0,102.0,0.0,0.0,0.0,0.0,0.0,0.0,0.0,0.0,0.0,0.0,0.0,0.0,17.0,0.0,0.0,0.0,0.0,0.0,0.0,3.0,0.0,0.0,0.0,0.0,0.0,7.0,7.0,7.0,0.0,7.0,0.0,0.0,0.0,0.0,0.0,0.0,0.0,0.0,0.0,0.0,15.0,0.0,2.0,15.0,0.0,2.0,0.0,0.0,0.0,0.0,0.0,0.0,0.0,0.0,0.0,0.0,"Dec 31, 2018"
3181,3603064.0,25568.0,Qadissiya,Diwaniya,Hay Al-Amin 2,حي الامين 2,32.0062987693,44.8447732166,23.0,138.0,0.0,0.0,0.0,0.0,0.0,0.0,0.0,0.0,0.0,0.0,0.0,0.0,23.0,0.0,0.0,0.0,0.0,0.0,0.0,0.0,0.0,0.0,0.0,0.0,0.0,10.0,13.0,10.0,0.0,13.0,0.0,0.0,0.0,0.0,0.0,0.0,0.0,0.0,0.0,0.0,0.0,0.0,23.0,0.0,0.0,23.0,0.0,0.0,0.0,0.0,0.0,0.0,0.0,0.0,0.0,0.0,"Dec 31, 2018"
3182,3603066.0,3308.0,Qadissiya,Diwaniya,Hay Al-Askaary,حي العسكري,32.1335967068,44.9329186366,10.0,60.0,0.0,0.0,0.0,0.0,0.0,0.0,0.0,0.0,2.0,0.0,0.0,0.0,8.0,0.0,0.0,0.0,0.0,0.0,0.0,3.0,0.0,0.0,0.0,0.0,0.0,0.0,7.0,0.0,0.0,7.0,0.0,0.0,0.0,0.0,0.0,0.0,0.0,0.0,0.0,0.0,6.0,0.0,4.0,6.0,0.0,4.0,0.0,0.0,0.0,0.0,0.0,0.0,0.0,0.0,0.0,0.0,"Dec 31, 2018"
3183,3603067.0,24487.0,Qadissiya,Diwaniya,Hay Al-Askary,حي العسكري,32.0640089999,44.7700142501,19.0,114.0,0.0,0.0,4.0,0.0,0.0,0.0,0.0,0.0,8.0,0.0,0.0,0.0,7.0,0.0,0.0,0.0,0.0,0.0,0.0,0.0,0.0,0.0,0.0,0.0,0.0,9.0,10.0,9.0,0.0,10.0,0.0,0.0,0.0,0.0,0.0,0.0,0.0,0.0,0.0,0.0,9.0,0.0,10.0,9.0,0.0,10.0,0.0,0.0,0.0,0.0,0.0,0.0,0.0,0.0,0.0,0.0,"Dec 31, 2018"
3184,3603068.0,23749.0,Qadissiya,Diwaniya,Hay Al-Asry-118,حي العصري محلة 118,31.9853588892,44.9339453141,15.0,90.0,4.0,0.0,2.0,0.0,0.0,0.0,0.0,0.0,1.0,0.0,0.0,0.0,6.0,0.0,2.0,0.0,0.0,0.0,0.0,4.0,0.0,0.0,0.0,0.0,0.0,0.0,11.0,0.0,0.0,11.0,0.0,0.0,0.0,0.0,0.0,0.0,0.0,0.0,0.0,0.0,7.0,0.0,4.0,7.0,4.0,4.0,0.0,4.0,0.0,0.0,0.0,0.0,0.0,0.0,0.0,0.0,"Dec 31, 2018"
3185,3603070.0,3367.0,Qadissiya,Diwaniya,Hay Al-Dhubat 2,حي الضباط الثاني,32.0076612619,44.9225516779,10.0,60.0,0.0,0.0,0.0,0.0,0.0,0.0,0.0,0.0,3.0,0.0,0.0,0.0,7.0,0.0,0.0,0.0,0.0,0.0,0.0,4.0,0.0,0.0,0.0,0.0,0.0,0.0,6.0,0.0,0.0,6.0,0.0,0.0,0.0,0.0,0.0,0.0,0.0,0.0,0.0,0.0,8.0,0.0,2.0,8.0,0.0,2.0,0.0,0.0,0.0,0.0,0.0,0.0,0.0,0.0,0.0,0.0,"Dec 31, 2018"
3186,3603073.0,23715.0,Qadissiya,Diwaniya,Hay Al-Hadarah,حي الحضارة,32.0156769347,44.9173569003,17.0,102.0,0.0,0.0,0.0,0.0,0.0,0.0,0.0,0.0,0.0,0.0,0.0,0.0,17.0,0.0,0.0,0.0,0.0,0.0,0.0,8.0,0.0,0.0,0.0,0.0,0.0,4.0,5.0,4.0,0.0,5.0,0.0,0.0,0.0,0.0,0.0,0.0,0.0,0.0,0.0,0.0,13.0,0.0,4.0,13.0,0.0,4.0,0.0,0.0,0.0,0.0,0.0,0.0,0.0,0.0,0.0,0.0,"Dec 31, 2018"
3187,3603074.0,3382.0,Qadissiya,Diwaniya,Hay AL-Hussian,حي الحسين,31.970466217,44.8836852517,15.0,90.0,0.0,0.0,0.0,0.0,0.0,0.0,0.0,0.0,1.0,0.0,0.0,0.0,14.0,0.0,0.0,0.0,0.0,0.0,0.0,2.0,0.0,0.0,0.0,0.0,0.0,6.0,7.0,6.0,0.0,7.0,0.0,0.0,0.0,0.0,0.0,0.0,0.0,0.0,0.0,0.0,13.0,0.0,2.0,13.0,0.0,2.0,0.0,0.0,0.0,0.0,0.0,0.0,0.0,0.0,0.0,0.0,"Dec 31, 2018"
3188,3603075.0,25074.0,Qadissiya,Diwaniya,Hay Al-Karar,حي الكرار,31.9650285831,44.8811037093,13.0,78.0,0.0,0.0,0.0,0.0,0.0,0.0,0.0,0.0,5.0,0.0,0.0,0.0,8.0,0.0,0.0,0.0,0.0,0.0,0.0,2.0,2.0,0.0,0.0,0.0,0.0,0.0,9.0,0.0,0.0,9.0,0.0,0.0,0.0,0.0,0.0,0.0,0.0,0.0,0.0,0.0,5.0,0.0,8.0,5.0,0.0,8.0,0.0,0.0,0.0,0.0,0.0,0.0,0.0,0.0,0.0,0.0,"Dec 31, 2018"
3189,3603076.0,3209.0,Qadissiya,Diwaniya,Hay al-muaalmien,حي المعلمين ,31.9914014032,44.8956077166,16.0,96.0,2.0,0.0,0.0,0.0,0.0,0.0,0.0,0.0,0.0,0.0,0.0,0.0,14.0,0.0,0.0,0.0,0.0,0.0,0.0,5.0,0.0,0.0,0.0,0.0,0.0,6.0,5.0,6.0,0.0,5.0,0.0,0.0,0.0,0.0,0.0,0.0,0.0,0.0,0.0,0.0,12.0,0.0,4.0,12.0,0.0,4.0,0.0,0.0,0.0,0.0,0.0,0.0,0.0,0.0,0.0,0.0,"Dec 31, 2018"
3190,3603077.0,25287.0,Qadissiya,Diwaniya,Hay Al-Nahtha 1,حي النهضة 1,31.9873995817,44.9461045491,9.0,54.0,0.0,0.0,0.0,0.0,0.0,1.0,0.0,0.0,0.0,0.0,0.0,0.0,8.0,0.0,0.0,0.0,0.0,0.0,0.0,1.0,0.0,0.0,0.0,0.0,0.0,0.0,8.0,0.0,0.0,8.0,0.0,0.0,0.0,0.0,0.0,0.0,0.0,0.0,0.0,0.0,4.0,0.0,5.0,4.0,0.0,5.0,0.0,0.0,0.0,0.0,0.0,0.0,0.0,0.0,0.0,0.0,"Dec 31, 2018"
3191,3603078.0,25372.0,Qadissiya,Diwaniya,Hay Al-Naseej,حي النسيج,31.9670749409,44.965272656,13.0,78.0,0.0,0.0,0.0,0.0,0.0,0.0,0.0,0.0,5.0,0.0,0.0,0.0,8.0,0.0,0.0,0.0,0.0,0.0,0.0,2.0,0.0,0.0,0.0,0.0,0.0,0.0,11.0,0.0,0.0,11.0,0.0,0.0,0.0,0.0,0.0,0.0,0.0,0.0,0.0,0.0,4.0,0.0,9.0,4.0,0.0,9.0,0.0,0.0,0.0,0.0,0.0,0.0,0.0,0.0,0.0,0.0,"Dec 31, 2018"
3192,3603079.0,25958.0,Qadissiya,Diwaniya,Hay Al-Shurta,حي الشرطة,31.9935938831,44.9548294049,12.0,72.0,0.0,0.0,0.0,0.0,0.0,0.0,0.0,0.0,5.0,0.0,0.0,0.0,7.0,0.0,0.0,0.0,0.0,0.0,0.0,0.0,0.0,0.0,0.0,0.0,0.0,7.0,5.0,7.0,0.0,5.0,0.0,0.0,0.0,0.0,0.0,0.0,0.0,0.0,0.0,0.0,7.0,0.0,5.0,7.0,0.0,5.0,0.0,0.0,0.0,0.0,0.0,0.0,0.0,0.0,0.0,0.0,"Dec 31, 2018"
3193,3603080.0,25512.0,Qadissiya,Diwaniya,Hay Al-Zaieem,حي الزعيم,31.9858942938,44.9293912449,10.0,60.0,0.0,0.0,2.0,0.0,0.0,0.0,0.0,0.0,0.0,0.0,0.0,0.0,8.0,0.0,0.0,0.0,0.0,0.0,0.0,2.0,0.0,0.0,0.0,0.0,0.0,0.0,8.0,0.0,0.0,8.0,0.0,0.0,0.0,0.0,0.0,0.0,0.0,0.0,0.0,0.0,2.0,0.0,8.0,2.0,0.0,8.0,0.0,0.0,0.0,0.0,0.0,0.0,0.0,0.0,0.0,0.0,"Dec 31, 2018"
3194,3603081.0,24307.0,Qadissiya,Diwaniya,Hay Ramadan,حي رمضان,31.9799313135,44.9005274468,19.0,114.0,0.0,0.0,0.0,0.0,0.0,0.0,0.0,0.0,0.0,0.0,0.0,0.0,19.0,0.0,0.0,0.0,0.0,0.0,0.0,0.0,0.0,0.0,0.0,0.0,0.0,16.0,3.0,16.0,0.0,3.0,0.0,0.0,0.0,0.0,0.0,0.0,0.0,0.0,0.0,0.0,10.0,0.0,9.0,10.0,0.0,9.0,0.0,0.0,0.0,0.0,0.0,0.0,0.0,0.0,0.0,0.0,"Dec 31, 2018"
3195,3603082.0,25516.0,Qadissiya,Diwaniya,Kadoory village,قرية قدوري,32.153081,44.903711,7.0,42.0,0.0,0.0,0.0,0.0,0.0,0.0,0.0,0.0,0.0,0.0,0.0,0.0,7.0,0.0,0.0,0.0,0.0,0.0,0.0,0.0,0.0,0.0,0.0,0.0,0.0,4.0,3.0,4.0,0.0,3.0,0.0,0.0,0.0,0.0,0.0,0.0,0.0,0.0,0.0,0.0,0.0,0.0,7.0,0.0,0.0,7.0,0.0,0.0,0.0,0.0,0.0,0.0,0.0,0.0,0.0,0.0,"Dec 31, 2018"
3196,3603085.0,22452.0,Qadissiya,Diwaniya,Qaryat Al Ensaf,قرية الانصاف,31.9991649705,45.0154067767,32.0,192.0,0.0,0.0,8.0,0.0,0.0,0.0,0.0,0.0,0.0,0.0,0.0,0.0,16.0,0.0,8.0,0.0,0.0,0.0,0.0,6.0,0.0,0.0,0.0,0.0,0.0,13.0,13.0,13.0,0.0,13.0,0.0,0.0,0.0,0.0,0.0,0.0,0.0,0.0,0.0,0.0,0.0,0.0,24.0,0.0,8.0,24.0,0.0,8.0,0.0,0.0,0.0,0.0,0.0,0.0,0.0,0.0,"Dec 31, 2018"
3197,3603086.0,2114.0,Qadissiya,Diwaniya,Sader Al-Daghara,صدر الدغارة,32.2338990325,44.8098465396,12.0,72.0,0.0,0.0,0.0,0.0,0.0,0.0,0.0,0.0,0.0,0.0,0.0,0.0,12.0,0.0,0.0,0.0,0.0,0.0,0.0,0.0,0.0,0.0,0.0,0.0,0.0,7.0,5.0,7.0,0.0,5.0,0.0,0.0,0.0,0.0,0.0,0.0,0.0,0.0,0.0,0.0,4.0,0.0,8.0,4.0,0.0,8.0,0.0,0.0,0.0,0.0,0.0,0.0,0.0,0.0,0.0,0.0,"Dec 31, 2018"
3198,3603087.0,21783.0,Qadissiya,Diwaniya,Hay Al-Sadir 4,حي الصدر الرابعة,31.9950297195,44.9562248593,15.0,90.0,0.0,0.0,0.0,0.0,0.0,0.0,0.0,0.0,5.0,0.0,0.0,0.0,10.0,0.0,0.0,0.0,0.0,0.0,0.0,3.0,0.0,0.0,0.0,0.0,0.0,7.0,5.0,7.0,0.0,5.0,0.0,0.0,0.0,0.0,0.0,0.0,0.0,0.0,0.0,0.0,5.0,0.0,10.0,5.0,0.0,10.0,0.0,0.0,0.0,0.0,0.0,0.0,0.0,0.0,0.0,0.0,"Dec 31, 2018"
3199,3603088.0,25860.0,Qadissiya,Diwaniya,Salman Hlis Village,قرية سلمان هليس,31.9976262236,44.9812203134,16.0,96.0,0.0,0.0,0.0,0.0,0.0,0.0,0.0,0.0,6.0,0.0,0.0,0.0,6.0,0.0,4.0,0.0,0.0,0.0,0.0,0.0,0.0,0.0,0.0,0.0,0.0,8.0,8.0,8.0,0.0,8.0,0.0,0.0,0.0,0.0,0.0,0.0,0.0,0.0,0.0,0.0,9.0,0.0,7.0,9.0,0.0,7.0,0.0,0.0,0.0,0.0,0.0,0.0,0.0,0.0,0.0,0.0,"Dec 31, 2018"
3200,3603089.0,25861.0,Qadissiya,Diwaniya,Sayed Talib Village,قرية سيد طالب,31.9583001779,44.7502365852,8.0,48.0,0.0,0.0,0.0,0.0,0.0,0.0,0.0,0.0,0.0,0.0,0.0,0.0,8.0,0.0,0.0,0.0,0.0,0.0,0.0,4.0,0.0,0.0,0.0,0.0,0.0,0.0,4.0,0.0,0.0,4.0,0.0,0.0,0.0,0.0,0.0,0.0,0.0,0.0,0.0,0.0,0.0,0.0,8.0,0.0,0.0,8.0,0.0,0.0,0.0,0.0,0.0,0.0,0.0,0.0,0.0,0.0,"Dec 31, 2018"
3201,3603090.0,25327.0,Qadissiya,Diwaniya,Hay Al Zahra,حي الزهراء,31.9464840833,44.8358778097,16.0,96.0,0.0,0.0,2.0,0.0,0.0,0.0,0.0,0.0,3.0,0.0,0.0,0.0,11.0,0.0,0.0,0.0,0.0,0.0,0.0,5.0,1.0,0.0,0.0,0.0,0.0,0.0,10.0,0.0,0.0,10.0,0.0,0.0,0.0,0.0,0.0,0.0,0.0,0.0,0.0,0.0,4.0,0.0,12.0,4.0,0.0,12.0,0.0,0.0,0.0,0.0,0.0,0.0,0.0,0.0,0.0,0.0,"Dec 31, 2018"
3202,3603092.0,25280.0,Qadissiya,Diwaniya,Um Abasiyat,ام عباسيات,31.9485547906,44.8554245755,16.0,96.0,0.0,0.0,0.0,0.0,0.0,0.0,0.0,0.0,5.0,0.0,0.0,0.0,11.0,0.0,0.0,0.0,0.0,0.0,0.0,3.0,0.0,0.0,0.0,0.0,0.0,4.0,0.0,4.0,0.0,0.0,0.0,0.0,0.0,0.0,9.0,0.0,0.0,9.0,0.0,0.0,10.0,0.0,6.0,10.0,0.0,6.0,0.0,0.0,0.0,0.0,0.0,0.0,0.0,0.0,0.0,0.0,"Dec 31, 2018"
3203,3603093.0,23764.0,Qadissiya,Diwaniya,Um Al Khail 2,ام الخيل الثانية,31.9946974877,44.8994956695,20.0,120.0,2.0,0.0,0.0,0.0,0.0,0.0,0.0,0.0,0.0,0.0,0.0,0.0,18.0,0.0,0.0,0.0,0.0,0.0,0.0,10.0,0.0,0.0,0.0,0.0,0.0,0.0,10.0,0.0,0.0,10.0,0.0,0.0,0.0,0.0,0.0,0.0,0.0,0.0,5.0,0.0,5.0,5.0,6.0,5.0,1.0,6.0,0.0,1.0,0.0,0.0,3.0,0.0,0.0,3.0,0.0,0.0,"Dec 31, 2018"
3204,3603094.0,25508.0,Qadissiya,Diwaniya,Um Al Khail 3,ام الخيل الثالثه,32.0021501277,44.8997492713,7.0,42.0,0.0,0.0,0.0,0.0,0.0,0.0,0.0,0.0,2.0,0.0,0.0,0.0,5.0,0.0,0.0,0.0,0.0,0.0,0.0,0.0,0.0,0.0,0.0,0.0,0.0,0.0,7.0,0.0,0.0,7.0,0.0,0.0,0.0,0.0,0.0,0.0,0.0,0.0,0.0,0.0,2.0,0.0,5.0,2.0,0.0,5.0,0.0,0.0,0.0,0.0,0.0,0.0,0.0,0.0,0.0,0.0,"Dec 31, 2018"
3205,3604002.0,24582.0,Qadissiya,Hamza,Mantaket Al-Giwam,منطقة الكوام,31.7277437031,44.9724628354,20.0,120.0,0.0,0.0,0.0,0.0,0.0,0.0,0.0,0.0,0.0,0.0,0.0,0.0,20.0,0.0,0.0,0.0,0.0,0.0,0.0,4.0,0.0,0.0,0.0,0.0,0.0,8.0,8.0,8.0,0.0,8.0,0.0,0.0,0.0,0.0,0.0,0.0,0.0,0.0,0.0,0.0,7.0,0.0,13.0,7.0,0.0,13.0,0.0,0.0,0.0,0.0,0.0,0.0,0.0,0.0,0.0,0.0,"Dec 31, 2018"
3206,3604004.0,24583.0,Qadissiya,Hamza,Al-Marshad village,قرية المرشد,31.8602793524,44.9315678427,6.0,36.0,0.0,0.0,0.0,0.0,0.0,0.0,0.0,0.0,1.0,0.0,0.0,0.0,5.0,0.0,0.0,0.0,0.0,0.0,0.0,3.0,0.0,0.0,0.0,0.0,0.0,3.0,0.0,3.0,0.0,0.0,0.0,0.0,0.0,0.0,0.0,0.0,0.0,0.0,0.0,0.0,1.0,0.0,5.0,1.0,0.0,5.0,0.0,0.0,0.0,0.0,0.0,0.0,0.0,0.0,0.0,0.0,"Dec 31, 2018"
3207,3604005.0,21102.0,Qadissiya,Hamza,AL-Marsoul village,قرية المرسول,31.7315916964,44.9678345812,19.0,114.0,0.0,0.0,0.0,0.0,0.0,0.0,0.0,0.0,0.0,0.0,0.0,0.0,19.0,0.0,0.0,0.0,0.0,0.0,0.0,3.0,0.0,0.0,0.0,0.0,0.0,6.0,2.0,6.0,0.0,2.0,0.0,0.0,0.0,0.0,8.0,0.0,0.0,8.0,0.0,0.0,15.0,0.0,4.0,15.0,0.0,4.0,0.0,0.0,0.0,0.0,0.0,0.0,0.0,0.0,0.0,0.0,"Dec 31, 2018"
3208,3604006.0,25283.0,Qadissiya,Hamza,Al-Saada Alimyal village,قرية السادة الاميال,31.7303168613,44.9783182996,16.0,96.0,0.0,0.0,0.0,0.0,0.0,0.0,0.0,0.0,0.0,0.0,0.0,0.0,16.0,0.0,0.0,0.0,0.0,0.0,0.0,5.0,1.0,0.0,0.0,0.0,0.0,10.0,0.0,10.0,0.0,0.0,0.0,0.0,0.0,0.0,0.0,0.0,0.0,0.0,0.0,0.0,6.0,0.0,10.0,6.0,0.0,10.0,0.0,0.0,0.0,0.0,0.0,0.0,0.0,0.0,0.0,0.0,"Dec 31, 2018"
3209,3604007.0,2518.0,Qadissiya,Hamza,Al-sabah village,قرية الصباح,31.8209071644,44.9393139225,9.0,54.0,0.0,0.0,0.0,0.0,0.0,0.0,0.0,0.0,0.0,0.0,0.0,0.0,9.0,0.0,0.0,0.0,0.0,0.0,0.0,4.0,0.0,0.0,0.0,0.0,0.0,5.0,0.0,5.0,0.0,0.0,0.0,0.0,0.0,0.0,0.0,0.0,0.0,0.0,0.0,0.0,4.0,0.0,5.0,4.0,0.0,5.0,0.0,0.0,0.0,0.0,0.0,0.0,0.0,0.0,0.0,0.0,"Dec 31, 2018"
3210,3604008.0,25286.0,Qadissiya,Hamza,Ali Al-Salman Village,قرية علي السلمان,31.8029994797,44.9427232705,9.0,54.0,0.0,0.0,0.0,0.0,0.0,0.0,0.0,0.0,0.0,0.0,0.0,0.0,9.0,0.0,0.0,0.0,0.0,0.0,0.0,4.0,0.0,0.0,0.0,0.0,0.0,3.0,2.0,3.0,0.0,2.0,0.0,0.0,0.0,0.0,0.0,0.0,0.0,0.0,0.0,0.0,2.0,0.0,7.0,2.0,0.0,7.0,0.0,0.0,0.0,0.0,0.0,0.0,0.0,0.0,0.0,0.0,"Dec 31, 2018"
3211,3604009.0,25285.0,Qadissiya,Hamza,Hay Al-Askary,حي العسكري,31.8254737509,44.9427859293,6.0,36.0,0.0,0.0,0.0,0.0,0.0,0.0,0.0,0.0,0.0,0.0,0.0,0.0,6.0,0.0,0.0,0.0,0.0,0.0,0.0,0.0,0.0,0.0,0.0,0.0,0.0,3.0,3.0,3.0,0.0,3.0,0.0,0.0,0.0,0.0,0.0,0.0,0.0,0.0,0.0,0.0,4.0,0.0,2.0,4.0,0.0,2.0,0.0,0.0,0.0,0.0,0.0,0.0,0.0,0.0,0.0,0.0,"Dec 31, 2018"
3212,3604010.0,2539.0,Qadissiya,Hamza,Al-suraa village,قرية السورة,31.8298777286,44.9360782653,7.0,42.0,0.0,0.0,0.0,0.0,0.0,0.0,0.0,0.0,0.0,0.0,0.0,0.0,7.0,0.0,0.0,0.0,0.0,0.0,0.0,2.0,0.0,0.0,0.0,0.0,0.0,5.0,0.0,5.0,0.0,0.0,0.0,0.0,0.0,0.0,0.0,0.0,0.0,0.0,0.0,0.0,0.0,0.0,7.0,0.0,0.0,7.0,0.0,0.0,0.0,0.0,0.0,0.0,0.0,0.0,0.0,0.0,"Dec 31, 2018"
3213,3604014.0,25564.0,Qadissiya,Hamza,Hay Al-Hur,حي الحر,31.8221339397,44.9442870246,6.0,36.0,0.0,0.0,0.0,0.0,0.0,0.0,0.0,0.0,3.0,0.0,0.0,0.0,3.0,0.0,0.0,0.0,0.0,0.0,0.0,2.0,0.0,0.0,0.0,0.0,0.0,2.0,2.0,2.0,0.0,2.0,0.0,0.0,0.0,0.0,0.0,0.0,0.0,0.0,0.0,0.0,6.0,0.0,0.0,6.0,0.0,0.0,0.0,0.0,0.0,0.0,0.0,0.0,0.0,0.0,0.0,0.0,"Dec 31, 2018"
3214,3604015.0,22000.0,Qadissiya,Hamza,Hay Hussain,حي الحسين,31.7160727182,44.9707064665,25.0,150.0,0.0,0.0,0.0,0.0,0.0,0.0,0.0,0.0,6.0,0.0,0.0,0.0,19.0,0.0,0.0,0.0,0.0,0.0,0.0,7.0,0.0,0.0,0.0,0.0,0.0,8.0,10.0,8.0,0.0,10.0,0.0,0.0,0.0,0.0,0.0,0.0,0.0,0.0,0.0,0.0,6.0,0.0,19.0,6.0,0.0,19.0,0.0,0.0,0.0,0.0,0.0,0.0,0.0,0.0,0.0,0.0,"Dec 31, 2018"
3215,3604016.0,25284.0,Qadissiya,Hamza,Salim village,قرية سالم,31.7361178689,44.9761842008,30.0,180.0,0.0,0.0,0.0,0.0,0.0,0.0,0.0,0.0,0.0,0.0,0.0,0.0,30.0,0.0,0.0,0.0,0.0,0.0,0.0,12.0,0.0,0.0,0.0,0.0,0.0,10.0,8.0,10.0,0.0,8.0,0.0,0.0,0.0,0.0,0.0,0.0,0.0,0.0,0.0,0.0,10.0,0.0,20.0,10.0,0.0,20.0,0.0,0.0,0.0,0.0,0.0,0.0,0.0,0.0,0.0,0.0,"Dec 31, 2018"
3216,3604017.0,25281.0,Qadissiya,Hamza,Tabu,الطابو,31.6598359648,45.0099183191,14.0,84.0,0.0,0.0,0.0,0.0,0.0,0.0,0.0,0.0,0.0,0.0,0.0,0.0,14.0,0.0,0.0,0.0,0.0,0.0,0.0,5.0,0.0,0.0,0.0,0.0,0.0,9.0,0.0,9.0,0.0,0.0,0.0,0.0,0.0,0.0,0.0,0.0,0.0,0.0,0.0,0.0,7.0,0.0,7.0,7.0,0.0,7.0,0.0,0.0,0.0,0.0,0.0,0.0,0.0,0.0,0.0,0.0,"Dec 31, 2018"
3217,3604018.0,25282.0,Qadissiya,Hamza,Al-Taraf Al-Sharqi,الطرف الشرقي,31.7199679279,44.9769688363,16.0,96.0,0.0,0.0,0.0,0.0,0.0,0.0,0.0,0.0,0.0,0.0,0.0,0.0,16.0,0.0,0.0,0.0,0.0,0.0,0.0,4.0,2.0,0.0,0.0,0.0,0.0,10.0,0.0,10.0,0.0,0.0,0.0,0.0,0.0,0.0,0.0,0.0,0.0,0.0,0.0,0.0,7.0,0.0,9.0,7.0,0.0,9.0,0.0,0.0,0.0,0.0,0.0,0.0,0.0,0.0,0.0,0.0,"Dec 31, 2018"
3218,,,,,,,,,,,,,,,,,,,,,,,,,,,,,,,,,,,,,,,,,,,,,,,,,,,,,,,,,,,,,,,,,,,"Dec 31, 2018"
