,Location ID,Place ID,Governorate,District,Location Name,Arabic Name,Latitude,Longitude,Families,Individuals,Anbar,Babylon,Baghdad,Basrah,Dahuk,Diyala,Erbil,Kerbala,Kirkuk,Missan,Muthanna,Najaf,Ninewa,Qadissiya,Salahal Din,Sulaymaniyah,Thi Qar,Wassit,Camp,Hostfamilies,Hotel Motel,Informalsettlements,Own Property,Other,Informalsettlements.1,Religiousbuilding,Rented pre Apr 2019,Religiousbuilding.1,Rented Habitable,Rented pre Apr 2019.1,Rented Uninhabitable,Rented Habitable.1,Schoolbuilding,Rented Uninhabitable.1,Unfinishedbuilding,Schoolbuilding.1,Unknownsheltertype,Unfinishedbuilding.1,Pre June14 Period of displacement,Unknownsheltertype.1,June July14 Period of displacement,Pre June14 Period of displacement.1,August14 Period of displacement,June July14 Period of displacement.1,Post September 14 Period of displacement,August14 Period of displacement.1,Post April15 Period of displacement,Post September 14 Period of displacement.1,Post March 16 Period of displacement,Post April15 Period of displacement.1,Post 17 October 16 Period of displacement,Post March 16 Period of displacement.1,July 17 Period of displacement,Post 17 October 16 Period of displacement.1,July 17 Period of displacement.1,Jan19,date
0,1101001.0,7861.0,Dahuk,Amedi,Amedi,عمادية,37.0923890175,43.4878569852,150.0,900.0,10.0,0.0,0.0,0.0,0.0,0.0,0.0,0.0,0.0,0.0,0.0,0.0,140.0,0.0,0.0,0.0,0.0,0.0,0.0,38.0,0.0,0.0,0.0,0.0,0.0,2.0,95.0,2.0,0.0,95.0,0.0,0.0,0.0,0.0,15.0,0.0,0.0,15.0,10.0,0.0,7.0,10.0,133.0,7.0,0.0,133.0,0.0,0.0,0.0,0.0,0.0,0.0,0.0,0.0,0.0,0.0,"Mar 17, 2016"
1,1101002.0,8171.0,Dahuk,Amedi,Aradin,ارادن,37.108610668,43.3198276644,56.0,336.0,0.0,0.0,0.0,0.0,0.0,0.0,0.0,0.0,0.0,0.0,0.0,0.0,49.0,0.0,7.0,0.0,0.0,0.0,0.0,36.0,0.0,0.0,0.0,0.0,0.0,0.0,20.0,0.0,0.0,20.0,0.0,0.0,0.0,0.0,0.0,0.0,0.0,0.0,0.0,0.0,7.0,0.0,49.0,7.0,0.0,49.0,0.0,0.0,0.0,0.0,0.0,0.0,0.0,0.0,0.0,0.0,"Mar 17, 2016"
2,1101003.0,7870.0,Dahuk,Amedi,Ashawa,اشاوا,37.02498521,43.29419444,49.0,294.0,0.0,0.0,0.0,0.0,0.0,0.0,0.0,0.0,0.0,0.0,0.0,0.0,46.0,0.0,3.0,0.0,0.0,0.0,0.0,10.0,0.0,0.0,0.0,0.0,0.0,0.0,34.0,0.0,0.0,34.0,0.0,0.0,0.0,0.0,5.0,0.0,0.0,5.0,0.0,0.0,3.0,0.0,46.0,3.0,0.0,46.0,0.0,0.0,0.0,0.0,0.0,0.0,0.0,0.0,0.0,0.0,"Mar 17, 2016"
3,1101004.0,8189.0,Dahuk,Amedi,Bamarne,بامرني,37.1205771897,43.2686893555,200.0,1200.0,0.0,0.0,0.0,0.0,0.0,0.0,0.0,0.0,0.0,0.0,0.0,0.0,200.0,0.0,0.0,0.0,0.0,0.0,0.0,31.0,0.0,6.0,0.0,0.0,6.0,0.0,11.0,0.0,0.0,11.0,0.0,0.0,0.0,0.0,152.0,0.0,0.0,152.0,0.0,0.0,0.0,0.0,200.0,0.0,0.0,200.0,0.0,0.0,0.0,0.0,0.0,0.0,0.0,0.0,0.0,0.0,"Mar 17, 2016"
4,1101005.0,7770.0,Dahuk,Amedi,Chamanke,جمانكي,36.9379560964,43.4127922018,80.0,480.0,0.0,0.0,0.0,0.0,0.0,0.0,0.0,0.0,0.0,0.0,0.0,0.0,80.0,0.0,0.0,0.0,0.0,0.0,0.0,44.0,0.0,0.0,0.0,0.0,0.0,1.0,34.0,1.0,0.0,34.0,0.0,0.0,0.0,0.0,1.0,0.0,0.0,1.0,0.0,0.0,16.0,0.0,64.0,16.0,0.0,64.0,0.0,0.0,0.0,0.0,0.0,0.0,0.0,0.0,0.0,0.0,"Mar 17, 2016"
5,1101006.0,24920.0,Dahuk,Amedi,Dawadia,مخيم داودية,37.0936533072,43.2278982352,792.0,4752.0,0.0,0.0,0.0,0.0,0.0,0.0,0.0,0.0,0.0,0.0,0.0,0.0,792.0,0.0,0.0,0.0,0.0,0.0,792.0,0.0,0.0,0.0,0.0,0.0,0.0,0.0,0.0,0.0,0.0,0.0,0.0,0.0,0.0,0.0,0.0,0.0,0.0,0.0,0.0,0.0,0.0,0.0,792.0,0.0,0.0,792.0,0.0,0.0,0.0,0.0,0.0,0.0,0.0,0.0,0.0,0.0,"Mar 17, 2016"
6,1101007.0,8229.0,Dahuk,Amedi,Deraluk,ديرلوك,37.0550435982,43.6522039848,247.0,1482.0,0.0,0.0,0.0,0.0,0.0,0.0,0.0,0.0,0.0,0.0,0.0,0.0,247.0,0.0,0.0,0.0,0.0,0.0,0.0,101.0,0.0,0.0,0.0,0.0,0.0,12.0,113.0,12.0,0.0,113.0,0.0,0.0,0.0,0.0,21.0,0.0,0.0,21.0,0.0,0.0,77.0,0.0,170.0,77.0,0.0,170.0,0.0,0.0,0.0,0.0,0.0,0.0,0.0,0.0,0.0,0.0,"Mar 17, 2016"
7,1101008.0,7860.0,Dahuk,Amedi,Inishke,اينشكي,37.1086991116,43.3608519505,308.0,1848.0,0.0,0.0,0.0,0.0,0.0,0.0,0.0,0.0,0.0,0.0,0.0,0.0,302.0,0.0,6.0,0.0,0.0,0.0,0.0,50.0,0.0,0.0,0.0,0.0,0.0,7.0,25.0,7.0,0.0,25.0,0.0,0.0,0.0,0.0,226.0,0.0,0.0,226.0,0.0,0.0,16.0,0.0,292.0,16.0,0.0,292.0,0.0,0.0,0.0,0.0,0.0,0.0,0.0,0.0,0.0,0.0,"Mar 17, 2016"
8,1101009.0,8443.0,Dahuk,Amedi,Kani Mase,كاني ماسي,37.2280364508,43.4386236519,62.0,372.0,0.0,0.0,0.0,0.0,0.0,0.0,0.0,0.0,0.0,0.0,0.0,0.0,62.0,0.0,0.0,0.0,0.0,0.0,0.0,58.0,0.0,0.0,0.0,0.0,0.0,0.0,4.0,0.0,0.0,4.0,0.0,0.0,0.0,0.0,0.0,0.0,0.0,0.0,0.0,0.0,19.0,0.0,43.0,19.0,0.0,43.0,0.0,0.0,0.0,0.0,0.0,0.0,0.0,0.0,0.0,0.0,"Mar 17, 2016"
9,1101010.0,23903.0,Dahuk,Amedi,Kaniya Mala,كانيا مالا,37.1009044216,43.4951567019,233.0,1398.0,37.0,0.0,0.0,0.0,0.0,0.0,0.0,0.0,0.0,0.0,0.0,0.0,194.0,0.0,2.0,0.0,0.0,0.0,0.0,48.0,6.0,0.0,0.0,0.0,0.0,17.0,101.0,17.0,0.0,101.0,0.0,0.0,0.0,0.0,61.0,0.0,0.0,61.0,37.0,0.0,17.0,37.0,179.0,17.0,0.0,179.0,0.0,0.0,0.0,0.0,0.0,0.0,0.0,0.0,0.0,0.0,"Mar 17, 2016"
10,1101011.0,7862.0,Dahuk,Amedi,Qadish Collective,قدش,37.1005320168,43.3853994206,306.0,1836.0,21.0,0.0,0.0,0.0,0.0,0.0,0.0,0.0,0.0,0.0,0.0,0.0,285.0,0.0,0.0,0.0,0.0,0.0,0.0,0.0,17.0,0.0,0.0,0.0,0.0,0.0,243.0,0.0,0.0,243.0,0.0,0.0,0.0,0.0,46.0,0.0,0.0,46.0,21.0,0.0,16.0,21.0,269.0,16.0,0.0,269.0,0.0,0.0,0.0,0.0,0.0,0.0,0.0,0.0,0.0,0.0,"Mar 17, 2016"
11,1101012.0,7835.0,Dahuk,Amedi,Sarsink,سرسنك,37.0393145523,43.3429225465,1035.0,6210.0,80.0,0.0,0.0,0.0,0.0,0.0,0.0,0.0,0.0,0.0,0.0,0.0,898.0,0.0,57.0,0.0,0.0,0.0,0.0,70.0,97.0,0.0,0.0,0.0,0.0,5.0,573.0,5.0,0.0,573.0,0.0,0.0,0.0,0.0,290.0,0.0,0.0,290.0,80.0,0.0,57.0,80.0,898.0,57.0,0.0,898.0,0.0,0.0,0.0,0.0,0.0,0.0,0.0,0.0,0.0,0.0,"Mar 17, 2016"
12,1101013.0,7833.0,Dahuk,Amedi,Sheladize Collective,شيلادزي,37.0284608985,43.7853920529,112.0,672.0,3.0,0.0,0.0,0.0,0.0,0.0,0.0,0.0,0.0,0.0,0.0,0.0,109.0,0.0,0.0,0.0,0.0,0.0,0.0,50.0,0.0,0.0,0.0,0.0,0.0,0.0,58.0,0.0,0.0,58.0,0.0,0.0,0.0,0.0,4.0,0.0,0.0,4.0,3.0,0.0,37.0,3.0,72.0,37.0,0.0,72.0,0.0,0.0,0.0,0.0,0.0,0.0,0.0,0.0,0.0,0.0,"Mar 17, 2016"
13,1101014.0,7867.0,Dahuk,Amedi,Sikreen,سكرين,37.0390828925,43.2796708867,59.0,354.0,0.0,0.0,0.0,0.0,0.0,0.0,0.0,0.0,0.0,0.0,0.0,0.0,59.0,0.0,0.0,0.0,0.0,0.0,0.0,0.0,0.0,0.0,0.0,0.0,0.0,0.0,49.0,0.0,0.0,49.0,0.0,0.0,0.0,0.0,10.0,0.0,0.0,10.0,0.0,0.0,35.0,0.0,24.0,35.0,0.0,24.0,0.0,0.0,0.0,0.0,0.0,0.0,0.0,0.0,0.0,0.0,"Mar 17, 2016"
14,1101015.0,26044.0,Dahuk,Amedi,Sowaratoka,سوارتوكا,37.0086424248,43.2267616438,49.0,294.0,0.0,0.0,0.0,0.0,0.0,0.0,0.0,0.0,0.0,0.0,0.0,0.0,49.0,0.0,0.0,0.0,0.0,0.0,0.0,25.0,0.0,0.0,0.0,0.0,0.0,0.0,9.0,0.0,0.0,9.0,0.0,0.0,0.0,0.0,15.0,0.0,0.0,15.0,0.0,0.0,0.0,0.0,49.0,0.0,0.0,49.0,0.0,0.0,0.0,0.0,0.0,0.0,0.0,0.0,0.0,0.0,"Mar 17, 2016"
15,1101019.0,7768.0,Dahuk,Amedi,Mizi Village,قرية ميزي,36.9453094847,43.391867871,43.0,258.0,0.0,0.0,0.0,0.0,0.0,0.0,0.0,0.0,0.0,0.0,0.0,0.0,43.0,0.0,0.0,0.0,0.0,0.0,0.0,43.0,0.0,0.0,0.0,0.0,0.0,0.0,0.0,0.0,0.0,0.0,0.0,0.0,0.0,0.0,0.0,0.0,0.0,0.0,0.0,0.0,0.0,0.0,43.0,0.0,0.0,43.0,0.0,0.0,0.0,0.0,0.0,0.0,0.0,0.0,0.0,0.0,"Mar 17, 2016"
16,1101020.0,27120.0,Dahuk,Amedi,Nahla Area,منطقة نهلة,36.86370972,43.69317721,60.0,360.0,0.0,0.0,0.0,0.0,0.0,0.0,0.0,0.0,0.0,0.0,0.0,0.0,60.0,0.0,0.0,0.0,0.0,0.0,0.0,60.0,0.0,0.0,0.0,0.0,0.0,0.0,0.0,0.0,0.0,0.0,0.0,0.0,0.0,0.0,0.0,0.0,0.0,0.0,0.0,0.0,0.0,0.0,60.0,0.0,0.0,60.0,0.0,0.0,0.0,0.0,0.0,0.0,0.0,0.0,0.0,0.0,"Mar 17, 2016"
17,1102001.0,21971.0,Dahuk,Dahuk,Shorash (Al Jamyah),شورش (الجمعية),36.8704826594,42.9920154687,153.0,918.0,0.0,0.0,0.0,0.0,0.0,0.0,0.0,0.0,0.0,0.0,0.0,0.0,153.0,0.0,0.0,0.0,0.0,0.0,0.0,0.0,7.0,0.0,0.0,0.0,0.0,0.0,146.0,0.0,0.0,146.0,0.0,0.0,0.0,0.0,0.0,0.0,0.0,0.0,0.0,0.0,7.0,0.0,146.0,7.0,0.0,146.0,0.0,0.0,0.0,0.0,0.0,0.0,0.0,0.0,0.0,0.0,"Mar 17, 2016"
18,1102002.0,23580.0,Dahuk,Dahuk,Al Sinaah,الصناعة,36.8542059767,43.0445885206,242.0,1452.0,2.0,0.0,0.0,0.0,0.0,0.0,0.0,0.0,0.0,0.0,0.0,0.0,240.0,0.0,0.0,0.0,0.0,0.0,0.0,0.0,0.0,0.0,0.0,0.0,0.0,0.0,242.0,0.0,0.0,242.0,0.0,0.0,0.0,0.0,0.0,0.0,0.0,0.0,2.0,0.0,135.0,2.0,105.0,135.0,0.0,105.0,0.0,0.0,0.0,0.0,0.0,0.0,0.0,0.0,0.0,0.0,"Mar 17, 2016"
19,1102003.0,26054.0,Dahuk,Dahuk,Ashti,آشتي,36.8693988459,42.982650769,15.0,90.0,0.0,0.0,0.0,0.0,0.0,0.0,0.0,0.0,0.0,0.0,0.0,0.0,15.0,0.0,0.0,0.0,0.0,0.0,0.0,0.0,0.0,0.0,0.0,0.0,0.0,0.0,15.0,0.0,0.0,15.0,0.0,0.0,0.0,0.0,0.0,0.0,0.0,0.0,0.0,0.0,7.0,0.0,8.0,7.0,0.0,8.0,0.0,0.0,0.0,0.0,0.0,0.0,0.0,0.0,0.0,0.0,"Mar 17, 2016"
20,1102005.0,8687.0,Dahuk,Dahuk,Bablu,بابلو,36.8763062985,43.1250835275,149.0,894.0,0.0,0.0,0.0,0.0,0.0,0.0,0.0,0.0,0.0,0.0,0.0,0.0,143.0,0.0,6.0,0.0,0.0,0.0,0.0,20.0,0.0,44.0,0.0,0.0,44.0,0.0,19.0,0.0,0.0,19.0,0.0,0.0,0.0,0.0,66.0,0.0,0.0,66.0,0.0,0.0,22.0,0.0,127.0,22.0,0.0,127.0,0.0,0.0,0.0,0.0,0.0,0.0,0.0,0.0,0.0,0.0,"Mar 17, 2016"
21,1102006.0,24801.0,Dahuk,Dahuk,Bagera,باكيرا,36.9656684392,43.1696570782,162.0,972.0,0.0,0.0,0.0,0.0,0.0,0.0,0.0,0.0,0.0,0.0,0.0,0.0,153.0,0.0,9.0,0.0,0.0,0.0,0.0,47.0,4.0,13.0,0.0,0.0,13.0,0.0,50.0,0.0,0.0,50.0,0.0,0.0,0.0,0.0,48.0,0.0,0.0,48.0,0.0,0.0,47.0,0.0,115.0,47.0,0.0,115.0,0.0,0.0,0.0,0.0,0.0,0.0,0.0,0.0,0.0,0.0,"Mar 17, 2016"
22,1102007.0,26048.0,Dahuk,Dahuk,Bahdinan,بهدينان,36.8637930663,42.9686041234,64.0,384.0,0.0,0.0,0.0,0.0,0.0,0.0,0.0,0.0,0.0,0.0,0.0,0.0,64.0,0.0,0.0,0.0,0.0,0.0,0.0,20.0,5.0,0.0,0.0,0.0,0.0,0.0,39.0,0.0,0.0,39.0,0.0,0.0,0.0,0.0,0.0,0.0,0.0,0.0,0.0,0.0,44.0,0.0,20.0,44.0,0.0,20.0,0.0,0.0,0.0,0.0,0.0,0.0,0.0,0.0,0.0,0.0,"Mar 17, 2016"
23,1102008.0,8538.0,Dahuk,Dahuk,Banye,باني,36.9102061181,43.2362185907,290.0,1740.0,0.0,0.0,0.0,0.0,0.0,0.0,0.0,0.0,0.0,0.0,0.0,0.0,290.0,0.0,0.0,0.0,0.0,0.0,0.0,1.0,0.0,2.0,0.0,0.0,2.0,0.0,0.0,0.0,0.0,0.0,0.0,0.0,0.0,0.0,287.0,0.0,0.0,287.0,0.0,0.0,0.0,0.0,285.0,0.0,0.0,285.0,5.0,0.0,0.0,5.0,0.0,0.0,0.0,0.0,0.0,0.0,"Mar 17, 2016"
24,1102009.0,7945.0,Dahuk,Dahuk,Baroshke,بروشكي,36.855219127,43.0222705365,329.0,1974.0,12.0,0.0,0.0,0.0,0.0,0.0,0.0,0.0,0.0,0.0,0.0,0.0,317.0,0.0,0.0,0.0,0.0,0.0,0.0,0.0,0.0,0.0,0.0,0.0,0.0,0.0,329.0,0.0,0.0,329.0,0.0,0.0,0.0,0.0,0.0,0.0,0.0,0.0,12.0,0.0,209.0,12.0,108.0,209.0,0.0,108.0,0.0,0.0,0.0,0.0,0.0,0.0,0.0,0.0,0.0,0.0,"Mar 17, 2016"
25,1102010.0,26051.0,Dahuk,Dahuk,Baroshke Complex,مجمع بروشكي,36.8501692328,43.0369777613,72.0,432.0,11.0,0.0,0.0,0.0,0.0,0.0,0.0,0.0,0.0,0.0,0.0,0.0,61.0,0.0,0.0,0.0,0.0,0.0,0.0,0.0,0.0,0.0,0.0,0.0,0.0,0.0,72.0,0.0,0.0,72.0,0.0,0.0,0.0,0.0,0.0,0.0,0.0,0.0,11.0,0.0,30.0,11.0,31.0,30.0,0.0,31.0,0.0,0.0,0.0,0.0,0.0,0.0,0.0,0.0,0.0,0.0,"Mar 17, 2016"
26,1102011.0,23710.0,Dahuk,Dahuk,Bazaar,بازار(سوق رئيسي),36.8622780044,42.9991135024,94.0,564.0,6.0,0.0,0.0,0.0,0.0,0.0,0.0,0.0,0.0,0.0,0.0,0.0,83.0,0.0,5.0,0.0,0.0,0.0,0.0,0.0,71.0,0.0,0.0,0.0,0.0,0.0,23.0,0.0,0.0,23.0,0.0,0.0,0.0,0.0,0.0,0.0,0.0,0.0,6.0,0.0,28.0,6.0,60.0,28.0,0.0,60.0,0.0,0.0,0.0,0.0,0.0,0.0,0.0,0.0,0.0,0.0,"Mar 17, 2016"
27,1102012.0,25899.0,Dahuk,Dahuk,Betase,بيتاسي,36.8205982757,43.1176957553,28.0,168.0,0.0,0.0,0.0,0.0,0.0,0.0,0.0,0.0,0.0,0.0,0.0,0.0,28.0,0.0,0.0,0.0,0.0,0.0,0.0,6.0,0.0,0.0,0.0,0.0,0.0,0.0,13.0,0.0,0.0,13.0,0.0,0.0,0.0,0.0,9.0,0.0,0.0,9.0,0.0,0.0,7.0,0.0,21.0,7.0,0.0,21.0,0.0,0.0,0.0,0.0,0.0,0.0,0.0,0.0,0.0,0.0,"Mar 17, 2016"
28,1102013.0,26052.0,Dahuk,Dahuk,Bintika,بنتيكا,36.8455205414,43.0088280572,50.0,300.0,0.0,0.0,0.0,0.0,0.0,0.0,0.0,0.0,0.0,0.0,0.0,0.0,50.0,0.0,0.0,0.0,0.0,0.0,0.0,0.0,0.0,0.0,0.0,0.0,0.0,0.0,50.0,0.0,0.0,50.0,0.0,0.0,0.0,0.0,0.0,0.0,0.0,0.0,0.0,0.0,0.0,0.0,50.0,0.0,0.0,50.0,0.0,0.0,0.0,0.0,0.0,0.0,0.0,0.0,0.0,0.0,"Mar 17, 2016"
29,1102014.0,26047.0,Dahuk,Dahuk,Botan,بوتان,36.8703008319,42.9719215977,103.0,618.0,0.0,0.0,0.0,0.0,0.0,0.0,0.0,0.0,0.0,0.0,0.0,0.0,103.0,0.0,0.0,0.0,0.0,0.0,0.0,0.0,9.0,0.0,0.0,0.0,0.0,26.0,56.0,26.0,0.0,56.0,0.0,0.0,0.0,0.0,12.0,0.0,0.0,12.0,0.0,0.0,32.0,0.0,71.0,32.0,0.0,71.0,0.0,0.0,0.0,0.0,0.0,0.0,0.0,0.0,0.0,0.0,"Mar 17, 2016"
30,1102015.0,23763.0,Dahuk,Dahuk,Dabin,دابين,36.8653013829,42.9787957157,23.0,138.0,3.0,0.0,0.0,0.0,0.0,0.0,0.0,0.0,0.0,0.0,0.0,0.0,20.0,0.0,0.0,0.0,0.0,0.0,0.0,0.0,0.0,0.0,0.0,0.0,0.0,0.0,23.0,0.0,0.0,23.0,0.0,0.0,0.0,0.0,0.0,0.0,0.0,0.0,3.0,0.0,9.0,3.0,11.0,9.0,0.0,11.0,0.0,0.0,0.0,0.0,0.0,0.0,0.0,0.0,0.0,0.0,"Mar 17, 2016"
31,1102016.0,24302.0,Dahuk,Dahuk,Dabin 2,دابين 2,36.8818269693,42.9425558194,440.0,2640.0,6.0,0.0,0.0,0.0,0.0,0.0,0.0,0.0,0.0,0.0,0.0,0.0,434.0,0.0,0.0,0.0,0.0,0.0,0.0,0.0,0.0,0.0,0.0,0.0,0.0,0.0,440.0,0.0,0.0,440.0,0.0,0.0,0.0,0.0,0.0,0.0,0.0,0.0,6.0,0.0,300.0,6.0,134.0,300.0,0.0,134.0,0.0,0.0,0.0,0.0,0.0,0.0,0.0,0.0,0.0,0.0,"Mar 17, 2016"
32,1102018.0,7949.0,Dahuk,Dahuk,Eminke,امينكي,36.8598589802,43.0951569088,209.0,1254.0,0.0,0.0,0.0,0.0,0.0,0.0,0.0,0.0,0.0,0.0,0.0,0.0,209.0,0.0,0.0,0.0,0.0,0.0,0.0,33.0,0.0,1.0,0.0,0.0,1.0,0.0,41.0,0.0,0.0,41.0,0.0,0.0,0.0,0.0,134.0,0.0,0.0,134.0,0.0,0.0,49.0,0.0,160.0,49.0,0.0,160.0,0.0,0.0,0.0,0.0,0.0,0.0,0.0,0.0,0.0,0.0,"Mar 17, 2016"
33,1102019.0,23711.0,Dahuk,Dahuk,Gali Dohuk,كلي دهوك,36.8638748683,43.0061243315,78.0,468.0,0.0,0.0,0.0,0.0,0.0,0.0,0.0,0.0,0.0,0.0,0.0,0.0,78.0,0.0,0.0,0.0,0.0,0.0,0.0,0.0,3.0,0.0,0.0,0.0,0.0,0.0,75.0,0.0,0.0,75.0,0.0,0.0,0.0,0.0,0.0,0.0,0.0,0.0,0.0,0.0,0.0,0.0,78.0,0.0,0.0,78.0,0.0,0.0,0.0,0.0,0.0,0.0,0.0,0.0,0.0,0.0,"Mar 17, 2016"
34,1102021.0,8371.0,Dahuk,Dahuk,Gavarrke,كفركي,36.8471850269,42.9400111384,52.0,312.0,0.0,0.0,0.0,0.0,0.0,0.0,0.0,0.0,0.0,0.0,0.0,0.0,52.0,0.0,0.0,0.0,0.0,0.0,0.0,9.0,0.0,0.0,0.0,0.0,0.0,20.0,23.0,20.0,0.0,23.0,0.0,0.0,0.0,0.0,0.0,0.0,0.0,0.0,0.0,0.0,32.0,0.0,20.0,32.0,0.0,20.0,0.0,0.0,0.0,0.0,0.0,0.0,0.0,0.0,0.0,0.0,"Mar 17, 2016"
35,1102022.0,24628.0,Dahuk,Dahuk,Etit,ايتيت,36.844704079,43.0823302102,503.0,3018.0,0.0,0.0,0.0,0.0,0.0,0.0,0.0,0.0,0.0,0.0,0.0,0.0,503.0,0.0,0.0,0.0,0.0,0.0,0.0,25.0,0.0,0.0,0.0,0.0,0.0,0.0,378.0,0.0,0.0,378.0,0.0,0.0,0.0,0.0,100.0,0.0,0.0,100.0,0.0,0.0,253.0,0.0,250.0,253.0,0.0,250.0,0.0,0.0,0.0,0.0,0.0,0.0,0.0,0.0,0.0,0.0,"Mar 17, 2016"
36,1102023.0,21509.0,Dahuk,Dahuk,Kari Basi,كري باصي,36.8680922519,42.9918738841,212.0,1272.0,10.0,0.0,0.0,0.0,0.0,0.0,0.0,0.0,0.0,0.0,0.0,0.0,193.0,0.0,9.0,0.0,0.0,0.0,0.0,0.0,81.0,0.0,0.0,0.0,0.0,0.0,131.0,0.0,0.0,131.0,0.0,0.0,0.0,0.0,0.0,0.0,0.0,0.0,10.0,0.0,136.0,10.0,66.0,136.0,0.0,66.0,0.0,0.0,0.0,0.0,0.0,0.0,0.0,0.0,0.0,0.0,"Mar 17, 2016"
37,1102024.0,24184.0,Dahuk,Dahuk,Khabat Kojar,خبات(كوجر),36.8564135522,43.0028427368,170.0,1020.0,0.0,0.0,0.0,0.0,0.0,0.0,0.0,0.0,0.0,0.0,0.0,0.0,170.0,0.0,0.0,0.0,0.0,0.0,0.0,6.0,77.0,0.0,0.0,0.0,0.0,0.0,87.0,0.0,0.0,87.0,0.0,0.0,0.0,0.0,0.0,0.0,0.0,0.0,0.0,0.0,74.0,0.0,96.0,74.0,0.0,96.0,0.0,0.0,0.0,0.0,0.0,0.0,0.0,0.0,0.0,0.0,"Mar 17, 2016"
38,1102025.0,8871.0,Dahuk,Dahuk,Kora,كورا,36.9342194987,43.1507973334,115.0,690.0,0.0,0.0,0.0,0.0,0.0,0.0,0.0,0.0,0.0,0.0,0.0,0.0,115.0,0.0,0.0,0.0,0.0,0.0,0.0,64.0,0.0,9.0,0.0,0.0,9.0,1.0,21.0,1.0,0.0,21.0,0.0,0.0,0.0,0.0,20.0,0.0,0.0,20.0,0.0,0.0,13.0,0.0,102.0,13.0,0.0,102.0,0.0,0.0,0.0,0.0,0.0,0.0,0.0,0.0,0.0,0.0,"Mar 17, 2016"
39,1102027.0,7984.0,Dahuk,Dahuk,Kevila,كيفيلا,36.8901529412,42.9149543195,180.0,1080.0,0.0,0.0,0.0,0.0,0.0,0.0,0.0,0.0,0.0,0.0,0.0,0.0,180.0,0.0,0.0,0.0,0.0,0.0,0.0,0.0,0.0,0.0,0.0,0.0,0.0,0.0,30.0,0.0,0.0,30.0,0.0,0.0,0.0,0.0,150.0,0.0,0.0,150.0,0.0,0.0,30.0,0.0,150.0,30.0,0.0,150.0,0.0,0.0,0.0,0.0,0.0,0.0,0.0,0.0,0.0,0.0,"Mar 17, 2016"
40,1102029.0,26046.0,Dahuk,Dahuk,Upper Malta,مالتا العليا,36.8615099478,42.9449863952,185.0,1110.0,10.0,0.0,0.0,0.0,0.0,0.0,0.0,0.0,0.0,0.0,0.0,0.0,172.0,0.0,3.0,0.0,0.0,0.0,0.0,4.0,88.0,0.0,0.0,0.0,0.0,0.0,92.0,0.0,0.0,92.0,0.0,0.0,0.0,0.0,1.0,0.0,0.0,1.0,10.0,0.0,152.0,10.0,23.0,152.0,0.0,23.0,0.0,0.0,0.0,0.0,0.0,0.0,0.0,0.0,0.0,0.0,"Mar 17, 2016"
41,1102030.0,26045.0,Dahuk,Dahuk,Lower Malta,مالتا سفلى,36.8515582186,42.9319835441,125.0,750.0,0.0,0.0,0.0,0.0,0.0,0.0,0.0,0.0,0.0,0.0,0.0,0.0,125.0,0.0,0.0,0.0,0.0,0.0,0.0,0.0,40.0,0.0,0.0,0.0,0.0,0.0,85.0,0.0,0.0,85.0,0.0,0.0,0.0,0.0,0.0,0.0,0.0,0.0,0.0,0.0,18.0,0.0,107.0,18.0,0.0,107.0,0.0,0.0,0.0,0.0,0.0,0.0,0.0,0.0,0.0,0.0,"Mar 17, 2016"
42,1102031.0,7964.0,Dahuk,Dahuk,Mangesh,مانكيش,37.035876278,43.0965303365,422.0,2532.0,0.0,0.0,0.0,0.0,0.0,0.0,0.0,0.0,0.0,0.0,0.0,0.0,422.0,0.0,0.0,0.0,0.0,0.0,0.0,336.0,0.0,0.0,0.0,0.0,0.0,4.0,10.0,4.0,0.0,10.0,0.0,0.0,0.0,0.0,72.0,0.0,0.0,72.0,0.0,0.0,0.0,0.0,422.0,0.0,0.0,422.0,0.0,0.0,0.0,0.0,0.0,0.0,0.0,0.0,0.0,0.0,"Mar 17, 2016"
43,1102032.0,24092.0,Dahuk,Dahuk,Masik-1,ماسيك 1,36.8811633973,42.948334316,200.0,1200.0,18.0,0.0,0.0,0.0,0.0,0.0,0.0,0.0,0.0,0.0,0.0,0.0,182.0,0.0,0.0,0.0,0.0,0.0,0.0,12.0,0.0,0.0,0.0,0.0,0.0,0.0,163.0,0.0,0.0,163.0,0.0,0.0,0.0,0.0,25.0,0.0,0.0,25.0,18.0,0.0,107.0,18.0,75.0,107.0,0.0,75.0,0.0,0.0,0.0,0.0,0.0,0.0,0.0,0.0,0.0,0.0,"Mar 17, 2016"
44,1102033.0,24093.0,Dahuk,Dahuk,Masik-2,ماسيك 2,36.8730314009,42.9416399073,270.0,1620.0,30.0,0.0,0.0,0.0,0.0,0.0,0.0,0.0,0.0,0.0,0.0,0.0,240.0,0.0,0.0,0.0,0.0,0.0,0.0,11.0,0.0,0.0,0.0,0.0,0.0,22.0,187.0,22.0,0.0,187.0,0.0,0.0,0.0,0.0,50.0,0.0,0.0,50.0,30.0,0.0,70.0,30.0,170.0,70.0,0.0,170.0,0.0,0.0,0.0,0.0,0.0,0.0,0.0,0.0,0.0,0.0,"Mar 17, 2016"
45,1102035.0,24802.0,Dahuk,Dahuk,Mazi,مازي,36.8554966559,42.9760345375,85.0,510.0,0.0,0.0,0.0,0.0,0.0,0.0,0.0,0.0,0.0,0.0,0.0,0.0,85.0,0.0,0.0,0.0,0.0,0.0,0.0,0.0,0.0,0.0,0.0,0.0,0.0,0.0,78.0,0.0,0.0,78.0,0.0,0.0,0.0,0.0,7.0,0.0,0.0,7.0,0.0,0.0,57.0,0.0,28.0,57.0,0.0,28.0,0.0,0.0,0.0,0.0,0.0,0.0,0.0,0.0,0.0,0.0,"Mar 17, 2016"
46,1102036.0,24803.0,Dahuk,Dahuk,Midiya,ميديا,36.8537717904,42.9623251718,90.0,540.0,0.0,0.0,0.0,0.0,0.0,0.0,0.0,0.0,0.0,0.0,0.0,0.0,90.0,0.0,0.0,0.0,0.0,0.0,0.0,0.0,60.0,0.0,0.0,0.0,0.0,0.0,25.0,0.0,0.0,25.0,0.0,0.0,0.0,0.0,5.0,0.0,0.0,5.0,0.0,0.0,18.0,0.0,72.0,18.0,0.0,72.0,0.0,0.0,0.0,0.0,0.0,0.0,0.0,0.0,0.0,0.0,"Mar 17, 2016"
47,1102037.0,24644.0,Dahuk,Dahuk,Muhabad,مهاباد,36.8482851035,43.0316330201,54.0,324.0,0.0,0.0,0.0,0.0,0.0,0.0,0.0,0.0,0.0,0.0,0.0,0.0,54.0,0.0,0.0,0.0,0.0,0.0,0.0,1.0,0.0,0.0,0.0,0.0,0.0,0.0,53.0,0.0,0.0,53.0,0.0,0.0,0.0,0.0,0.0,0.0,0.0,0.0,0.0,0.0,11.0,0.0,43.0,11.0,0.0,43.0,0.0,0.0,0.0,0.0,0.0,0.0,0.0,0.0,0.0,0.0,"Mar 17, 2016"
48,1102038.0,23905.0,Dahuk,Dahuk,Naor,ناعور,36.8585541999,43.0125296316,42.0,252.0,0.0,0.0,0.0,0.0,0.0,0.0,0.0,0.0,0.0,0.0,0.0,0.0,42.0,0.0,0.0,0.0,0.0,0.0,0.0,1.0,0.0,0.0,0.0,0.0,0.0,0.0,41.0,0.0,0.0,41.0,0.0,0.0,0.0,0.0,0.0,0.0,0.0,0.0,0.0,0.0,13.0,0.0,29.0,13.0,0.0,29.0,0.0,0.0,0.0,0.0,0.0,0.0,0.0,0.0,0.0,0.0,"Mar 17, 2016"
49,1102039.0,7946.0,Dahuk,Dahuk,Nazarke,نزاركي,36.8461278321,43.0477670218,897.0,5382.0,33.0,0.0,0.0,0.0,0.0,0.0,0.0,0.0,0.0,0.0,0.0,0.0,839.0,0.0,25.0,0.0,0.0,0.0,0.0,0.0,0.0,0.0,0.0,0.0,0.0,0.0,798.0,0.0,0.0,798.0,0.0,0.0,0.0,0.0,99.0,0.0,0.0,99.0,33.0,0.0,415.0,33.0,449.0,415.0,0.0,449.0,0.0,0.0,0.0,0.0,0.0,0.0,0.0,0.0,0.0,0.0,"Mar 17, 2016"
50,1102040.0,24188.0,Dahuk,Dahuk,Qassara,قسارا,36.8419729136,42.9322725975,380.0,2280.0,0.0,0.0,0.0,0.0,0.0,0.0,0.0,0.0,0.0,0.0,0.0,0.0,380.0,0.0,0.0,0.0,0.0,0.0,0.0,21.0,0.0,0.0,0.0,0.0,0.0,0.0,96.0,0.0,0.0,96.0,0.0,0.0,0.0,0.0,263.0,0.0,0.0,263.0,0.0,0.0,78.0,0.0,302.0,78.0,0.0,302.0,0.0,0.0,0.0,0.0,0.0,0.0,0.0,0.0,0.0,0.0,"Mar 17, 2016"
51,1102041.0,8468.0,Dahuk,Dahuk,Rashanke,رشانكي,36.9299783168,43.1983842298,72.0,432.0,0.0,0.0,0.0,0.0,0.0,0.0,0.0,0.0,0.0,0.0,0.0,0.0,72.0,0.0,0.0,0.0,0.0,0.0,0.0,6.0,0.0,30.0,0.0,0.0,30.0,0.0,5.0,0.0,0.0,5.0,0.0,0.0,0.0,0.0,31.0,0.0,0.0,31.0,0.0,0.0,0.0,0.0,72.0,0.0,0.0,72.0,0.0,0.0,0.0,0.0,0.0,0.0,0.0,0.0,0.0,0.0,"Mar 17, 2016"
52,1102042.0,23712.0,Dahuk,Dahuk,Raza,رزا,36.8502435242,42.9848694963,206.0,1236.0,0.0,0.0,0.0,0.0,0.0,0.0,0.0,0.0,0.0,0.0,0.0,0.0,206.0,0.0,0.0,0.0,0.0,0.0,0.0,0.0,0.0,0.0,0.0,0.0,0.0,0.0,206.0,0.0,0.0,206.0,0.0,0.0,0.0,0.0,0.0,0.0,0.0,0.0,0.0,0.0,60.0,0.0,146.0,60.0,0.0,146.0,0.0,0.0,0.0,0.0,0.0,0.0,0.0,0.0,0.0,0.0,"Mar 17, 2016"
53,1102043.0,26049.0,Dahuk,Dahuk,Sarbasti,سربستي,36.8504093869,43.0092905542,19.0,114.0,0.0,0.0,0.0,0.0,0.0,0.0,0.0,0.0,0.0,0.0,0.0,0.0,19.0,0.0,0.0,0.0,0.0,0.0,0.0,0.0,0.0,0.0,0.0,0.0,0.0,0.0,14.0,0.0,0.0,14.0,0.0,0.0,0.0,0.0,5.0,0.0,0.0,5.0,0.0,0.0,4.0,0.0,15.0,4.0,0.0,15.0,0.0,0.0,0.0,0.0,0.0,0.0,0.0,0.0,0.0,0.0,"Mar 17, 2016"
54,1102044.0,23902.0,Dahuk,Dahuk,Sarheldan,سرهلدان,36.8537066286,43.0305321738,195.0,1170.0,9.0,0.0,0.0,0.0,0.0,0.0,0.0,0.0,0.0,0.0,0.0,0.0,184.0,0.0,2.0,0.0,0.0,0.0,0.0,0.0,0.0,0.0,0.0,0.0,0.0,0.0,195.0,0.0,0.0,195.0,0.0,0.0,0.0,0.0,0.0,0.0,0.0,0.0,9.0,0.0,118.0,9.0,68.0,118.0,0.0,68.0,0.0,0.0,0.0,0.0,0.0,0.0,0.0,0.0,0.0,0.0,"Mar 17, 2016"
55,1102045.0,26053.0,Dahuk,Dahuk,Shahidan,شهيدان,36.8685497368,42.9950220246,45.0,270.0,0.0,0.0,0.0,0.0,0.0,0.0,0.0,0.0,0.0,0.0,0.0,0.0,45.0,0.0,0.0,0.0,0.0,0.0,0.0,0.0,0.0,0.0,0.0,0.0,0.0,0.0,36.0,0.0,0.0,36.0,0.0,0.0,0.0,0.0,9.0,0.0,0.0,9.0,0.0,0.0,0.0,0.0,45.0,0.0,0.0,45.0,0.0,0.0,0.0,0.0,0.0,0.0,0.0,0.0,0.0,0.0,"Mar 17, 2016"
56,1102046.0,8373.0,Dahuk,Dahuk,Shakhke,شاخكي,36.8762293618,42.979035324,162.0,972.0,13.0,0.0,0.0,0.0,0.0,0.0,0.0,0.0,0.0,0.0,0.0,0.0,138.0,0.0,11.0,0.0,0.0,0.0,0.0,12.0,84.0,0.0,0.0,0.0,0.0,0.0,55.0,0.0,0.0,55.0,0.0,0.0,0.0,0.0,11.0,0.0,0.0,11.0,13.0,0.0,126.0,13.0,23.0,126.0,0.0,23.0,0.0,0.0,0.0,0.0,0.0,0.0,0.0,0.0,0.0,0.0,"Mar 17, 2016"
57,1102047.0,21979.0,Dahuk,Dahuk,Shele,شيلي,36.8575836915,42.9965073915,112.0,672.0,10.0,0.0,0.0,0.0,0.0,0.0,0.0,0.0,0.0,0.0,0.0,0.0,102.0,0.0,0.0,0.0,0.0,0.0,0.0,0.0,67.0,0.0,0.0,0.0,0.0,0.0,45.0,0.0,0.0,45.0,0.0,0.0,0.0,0.0,0.0,0.0,0.0,0.0,10.0,0.0,102.0,10.0,0.0,102.0,0.0,0.0,0.0,0.0,0.0,0.0,0.0,0.0,0.0,0.0,0.0,0.0,"Mar 17, 2016"
58,1102048.0,8372.0,Dahuk,Dahuk,Shindukha,شندوخا,36.8462234223,42.9695201784,55.0,330.0,0.0,0.0,0.0,0.0,0.0,0.0,0.0,0.0,0.0,0.0,0.0,0.0,55.0,0.0,0.0,0.0,0.0,0.0,0.0,0.0,0.0,0.0,0.0,0.0,0.0,0.0,46.0,0.0,0.0,46.0,0.0,0.0,0.0,0.0,9.0,0.0,0.0,9.0,0.0,0.0,20.0,0.0,35.0,20.0,0.0,35.0,0.0,0.0,0.0,0.0,0.0,0.0,0.0,0.0,0.0,0.0,"Mar 17, 2016"
59,1102049.0,7921.0,Dahuk,Dahuk,Zawita,زاويتة,36.906067605,43.1465299967,120.0,720.0,0.0,0.0,0.0,0.0,0.0,0.0,0.0,0.0,0.0,0.0,0.0,0.0,120.0,0.0,0.0,0.0,0.0,0.0,0.0,32.0,9.0,0.0,0.0,0.0,0.0,0.0,38.0,0.0,0.0,38.0,0.0,0.0,0.0,0.0,41.0,0.0,0.0,41.0,0.0,0.0,21.0,0.0,99.0,21.0,0.0,99.0,0.0,0.0,0.0,0.0,0.0,0.0,0.0,0.0,0.0,0.0,"Mar 17, 2016"
60,1102050.0,25898.0,Dahuk,Dahuk,Avrike,افريكي,36.8317640341,43.1190399827,150.0,900.0,0.0,0.0,0.0,0.0,0.0,0.0,0.0,0.0,0.0,0.0,0.0,0.0,150.0,0.0,0.0,0.0,0.0,0.0,0.0,32.0,0.0,0.0,0.0,0.0,0.0,0.0,82.0,0.0,0.0,82.0,0.0,0.0,0.0,0.0,36.0,0.0,0.0,36.0,0.0,0.0,88.0,0.0,62.0,88.0,0.0,62.0,0.0,0.0,0.0,0.0,0.0,0.0,0.0,0.0,0.0,0.0,"Mar 17, 2016"
61,1102051.0,8867.0,Dahuk,Dahuk,Zeri Land,زري لاند,36.8702833927,42.9586759913,356.0,2136.0,32.0,0.0,0.0,0.0,0.0,0.0,0.0,0.0,0.0,0.0,0.0,0.0,324.0,0.0,0.0,0.0,0.0,0.0,0.0,0.0,0.0,0.0,0.0,0.0,0.0,0.0,356.0,0.0,0.0,356.0,0.0,0.0,0.0,0.0,0.0,0.0,0.0,0.0,32.0,0.0,204.0,32.0,120.0,204.0,0.0,120.0,0.0,0.0,0.0,0.0,0.0,0.0,0.0,0.0,0.0,0.0,"Mar 17, 2016"
62,1102052.0,24186.0,Dahuk,Dahuk,Zirka,زركا,36.8711301218,42.9301074986,30.0,180.0,8.0,0.0,0.0,0.0,0.0,0.0,0.0,0.0,0.0,0.0,0.0,0.0,22.0,0.0,0.0,0.0,0.0,0.0,0.0,0.0,0.0,0.0,0.0,0.0,0.0,0.0,27.0,0.0,0.0,27.0,0.0,0.0,0.0,0.0,3.0,0.0,0.0,3.0,8.0,0.0,0.0,8.0,22.0,0.0,0.0,22.0,0.0,0.0,0.0,0.0,0.0,0.0,0.0,0.0,0.0,0.0,"Mar 17, 2016"
63,1102053.0,24187.0,Dahuk,Dahuk,Zozan,زوزان,36.8595380545,43.005781166,73.0,438.0,0.0,0.0,0.0,0.0,0.0,0.0,0.0,0.0,0.0,0.0,0.0,0.0,73.0,0.0,0.0,0.0,0.0,0.0,0.0,0.0,0.0,0.0,0.0,0.0,0.0,0.0,73.0,0.0,0.0,73.0,0.0,0.0,0.0,0.0,0.0,0.0,0.0,0.0,0.0,0.0,23.0,0.0,50.0,23.0,0.0,50.0,0.0,0.0,0.0,0.0,0.0,0.0,0.0,0.0,0.0,0.0,"Mar 17, 2016"
64,1103001.0,24800.0,Dahuk,Sumel,Avro City,افرو سيتي,36.8574288717,42.9076970107,1520.0,9120.0,4.0,0.0,0.0,0.0,0.0,0.0,0.0,0.0,0.0,0.0,0.0,0.0,1506.0,0.0,10.0,0.0,0.0,0.0,0.0,182.0,0.0,0.0,0.0,0.0,0.0,0.0,1338.0,0.0,0.0,1338.0,0.0,0.0,0.0,0.0,0.0,0.0,0.0,0.0,4.0,0.0,1190.0,4.0,326.0,1190.0,0.0,326.0,0.0,0.0,0.0,0.0,0.0,0.0,0.0,0.0,0.0,0.0,"Mar 17, 2016"
65,1103002.0,8044.0,Dahuk,Sumel,Bajit Kandala,باجت كندال,37.047257891,42.451053771,265.0,1590.0,0.0,0.0,0.0,0.0,0.0,0.0,0.0,0.0,0.0,0.0,0.0,0.0,265.0,0.0,0.0,0.0,0.0,0.0,0.0,157.0,0.0,42.0,0.0,0.0,42.0,0.0,31.0,0.0,0.0,31.0,0.0,0.0,0.0,0.0,35.0,0.0,0.0,35.0,0.0,0.0,0.0,0.0,265.0,0.0,0.0,265.0,0.0,0.0,0.0,0.0,0.0,0.0,0.0,0.0,0.0,0.0,"Mar 17, 2016"
66,1103003.0,24790.0,Dahuk,Sumel,Bajet Kandala,مخيم باجت كندالا,37.0558176814,42.4460285564,2158.0,12948.0,0.0,0.0,0.0,0.0,0.0,0.0,0.0,0.0,0.0,0.0,0.0,0.0,2158.0,0.0,0.0,0.0,0.0,0.0,2158.0,0.0,0.0,0.0,0.0,0.0,0.0,0.0,0.0,0.0,0.0,0.0,0.0,0.0,0.0,0.0,0.0,0.0,0.0,0.0,0.0,0.0,0.0,0.0,2158.0,0.0,0.0,2158.0,0.0,0.0,0.0,0.0,0.0,0.0,0.0,0.0,0.0,0.0,"Mar 17, 2016"
67,1103004.0,8019.0,Dahuk,Sumel,Bakhitme,باختمي,36.806965597,42.8593761365,104.0,624.0,0.0,0.0,0.0,0.0,0.0,0.0,0.0,0.0,0.0,0.0,0.0,0.0,104.0,0.0,0.0,0.0,0.0,0.0,0.0,49.0,0.0,20.0,0.0,0.0,20.0,0.0,12.0,0.0,0.0,12.0,0.0,0.0,0.0,0.0,23.0,0.0,0.0,23.0,0.0,0.0,0.0,0.0,104.0,0.0,0.0,104.0,0.0,0.0,0.0,0.0,0.0,0.0,0.0,0.0,0.0,0.0,"Mar 17, 2016"
68,1103005.0,25993.0,Dahuk,Sumel,Basetki,باستكي,36.9568378737,42.7284603812,455.0,2730.0,0.0,0.0,0.0,0.0,0.0,0.0,0.0,0.0,0.0,0.0,0.0,0.0,455.0,0.0,0.0,0.0,0.0,0.0,0.0,230.0,0.0,0.0,0.0,0.0,0.0,0.0,65.0,0.0,0.0,65.0,0.0,0.0,0.0,0.0,160.0,0.0,0.0,160.0,0.0,0.0,0.0,0.0,455.0,0.0,0.0,455.0,0.0,0.0,0.0,0.0,0.0,0.0,0.0,0.0,0.0,0.0,"Mar 17, 2016"
69,1103006.0,8196.0,Dahuk,Sumel,Batel,باتيل,36.9610934335,42.6813437249,246.0,1476.0,0.0,0.0,0.0,0.0,0.0,0.0,0.0,0.0,0.0,0.0,0.0,0.0,246.0,0.0,0.0,0.0,0.0,0.0,0.0,112.0,0.0,7.0,0.0,0.0,7.0,0.0,21.0,0.0,0.0,21.0,0.0,0.0,0.0,0.0,106.0,0.0,0.0,106.0,0.0,0.0,44.0,0.0,197.0,44.0,0.0,197.0,5.0,0.0,0.0,5.0,0.0,0.0,0.0,0.0,0.0,0.0,"Mar 17, 2016"
70,1103007.0,8018.0,Dahuk,Sumel,Bazalan,بازلان,36.8150284896,42.9142815443,57.0,342.0,0.0,0.0,0.0,0.0,0.0,0.0,0.0,0.0,0.0,0.0,0.0,0.0,57.0,0.0,0.0,0.0,0.0,0.0,0.0,0.0,0.0,0.0,0.0,0.0,0.0,0.0,0.0,0.0,0.0,0.0,0.0,0.0,0.0,0.0,57.0,0.0,0.0,57.0,0.0,0.0,0.0,0.0,57.0,0.0,0.0,57.0,0.0,0.0,0.0,0.0,0.0,0.0,0.0,0.0,0.0,0.0,"Mar 17, 2016"
71,1103009.0,8239.0,Dahuk,Sumel,Fayda,فايدة,36.7568274843,42.9270861475,339.0,2034.0,19.0,0.0,0.0,0.0,0.0,0.0,0.0,0.0,0.0,0.0,0.0,0.0,320.0,0.0,0.0,0.0,0.0,0.0,0.0,106.0,0.0,0.0,0.0,0.0,0.0,0.0,191.0,0.0,0.0,191.0,0.0,0.0,0.0,0.0,42.0,0.0,0.0,42.0,19.0,0.0,153.0,19.0,167.0,153.0,0.0,167.0,0.0,0.0,0.0,0.0,0.0,0.0,0.0,0.0,0.0,0.0,"Mar 17, 2016"
72,1103010.0,25622.0,Dahuk,Sumel,Moaskar Domiz,معسكر دوميز,36.7876371577,42.9050202606,376.0,2256.0,19.0,0.0,0.0,0.0,0.0,0.0,0.0,0.0,0.0,0.0,0.0,0.0,357.0,0.0,0.0,0.0,0.0,0.0,0.0,42.0,0.0,0.0,0.0,0.0,0.0,0.0,313.0,0.0,0.0,313.0,0.0,0.0,0.0,0.0,21.0,0.0,0.0,21.0,19.0,0.0,336.0,19.0,21.0,336.0,0.0,21.0,0.0,0.0,0.0,0.0,0.0,0.0,0.0,0.0,0.0,0.0,"Mar 17, 2016"
73,1103011.0,25623.0,Dahuk,Sumel,Waarvin City,وارفين ستي,36.8006019234,42.9124949489,442.0,2652.0,0.0,0.0,0.0,0.0,0.0,0.0,0.0,0.0,0.0,0.0,0.0,0.0,412.0,0.0,30.0,0.0,0.0,0.0,0.0,0.0,0.0,0.0,0.0,0.0,0.0,0.0,426.0,0.0,0.0,426.0,0.0,0.0,0.0,0.0,16.0,0.0,0.0,16.0,0.0,0.0,259.0,0.0,183.0,259.0,0.0,183.0,0.0,0.0,0.0,0.0,0.0,0.0,0.0,0.0,0.0,0.0,"Mar 17, 2016"
74,1103012.0,8246.0,Dahuk,Sumel,Girsheen,كرشين,36.9924547544,42.6006406225,205.0,1230.0,0.0,0.0,0.0,0.0,0.0,0.0,0.0,0.0,0.0,0.0,0.0,0.0,205.0,0.0,0.0,0.0,0.0,0.0,0.0,63.0,0.0,16.0,0.0,0.0,16.0,0.0,29.0,0.0,0.0,29.0,0.0,0.0,0.0,0.0,97.0,0.0,0.0,97.0,0.0,0.0,29.0,0.0,176.0,29.0,0.0,176.0,0.0,0.0,0.0,0.0,0.0,0.0,0.0,0.0,0.0,0.0,"Mar 17, 2016"
75,1103014.0,24794.0,Dahuk,Sumel,Kabarto 1,مخيم كبرتو 1,36.789299951,42.8566103893,2407.0,14442.0,0.0,0.0,0.0,0.0,0.0,0.0,0.0,0.0,0.0,0.0,0.0,0.0,2407.0,0.0,0.0,0.0,0.0,0.0,2407.0,0.0,0.0,0.0,0.0,0.0,0.0,0.0,0.0,0.0,0.0,0.0,0.0,0.0,0.0,0.0,0.0,0.0,0.0,0.0,0.0,0.0,0.0,0.0,2407.0,0.0,0.0,2407.0,0.0,0.0,0.0,0.0,0.0,0.0,0.0,0.0,0.0,0.0,"Mar 17, 2016"
76,1103015.0,24795.0,Dahuk,Sumel,Kabarto 2,مخيم كبرتو 2,36.7878435202,42.8566065223,2423.0,14538.0,0.0,0.0,0.0,0.0,0.0,0.0,0.0,0.0,0.0,0.0,0.0,0.0,2423.0,0.0,0.0,0.0,0.0,0.0,2423.0,0.0,0.0,0.0,0.0,0.0,0.0,0.0,0.0,0.0,0.0,0.0,0.0,0.0,0.0,0.0,0.0,0.0,0.0,0.0,0.0,0.0,0.0,0.0,2423.0,0.0,0.0,2423.0,0.0,0.0,0.0,0.0,0.0,0.0,0.0,0.0,0.0,0.0,"Mar 17, 2016"
77,1103017.0,8656.0,Dahuk,Sumel,Khanke,مخيم خانكي,36.7786621516,42.7746618699,2904.0,17424.0,0.0,0.0,0.0,0.0,0.0,0.0,0.0,0.0,0.0,0.0,0.0,0.0,2904.0,0.0,0.0,0.0,0.0,0.0,2904.0,0.0,0.0,0.0,0.0,0.0,0.0,0.0,0.0,0.0,0.0,0.0,0.0,0.0,0.0,0.0,0.0,0.0,0.0,0.0,0.0,0.0,0.0,0.0,2904.0,0.0,0.0,2904.0,0.0,0.0,0.0,0.0,0.0,0.0,0.0,0.0,0.0,0.0,"Mar 17, 2016"
78,1103018.0,25777.0,Dahuk,Sumel,Dolib,دلب,36.8405217158,42.9009229975,39.0,234.0,0.0,0.0,0.0,0.0,0.0,0.0,0.0,0.0,0.0,0.0,0.0,0.0,39.0,0.0,0.0,0.0,0.0,0.0,0.0,2.0,0.0,0.0,0.0,0.0,0.0,0.0,22.0,0.0,0.0,22.0,0.0,0.0,0.0,0.0,15.0,0.0,0.0,15.0,0.0,0.0,0.0,0.0,39.0,0.0,0.0,39.0,0.0,0.0,0.0,0.0,0.0,0.0,0.0,0.0,0.0,0.0,"Mar 17, 2016"
79,1103020.0,8873.0,Dahuk,Sumel,Misereek,مسيريك,36.8625503803,42.8052015326,1420.0,8520.0,0.0,0.0,0.0,0.0,0.0,0.0,0.0,0.0,0.0,0.0,0.0,0.0,1420.0,0.0,0.0,0.0,0.0,0.0,0.0,297.0,0.0,2.0,0.0,0.0,2.0,0.0,944.0,0.0,0.0,944.0,0.0,0.0,0.0,0.0,177.0,0.0,0.0,177.0,0.0,0.0,584.0,0.0,836.0,584.0,0.0,836.0,0.0,0.0,0.0,0.0,0.0,0.0,0.0,0.0,0.0,0.0,"Mar 17, 2016"
80,1103021.0,7990.0,Dahuk,Sumel,Namrike,نمريكي,36.7388267266,42.8842812701,26.0,156.0,0.0,0.0,0.0,0.0,0.0,0.0,0.0,0.0,0.0,0.0,0.0,0.0,26.0,0.0,0.0,0.0,0.0,0.0,0.0,8.0,0.0,0.0,0.0,0.0,0.0,0.0,4.0,0.0,0.0,4.0,0.0,0.0,0.0,0.0,14.0,0.0,0.0,14.0,0.0,0.0,0.0,0.0,26.0,0.0,0.0,26.0,0.0,0.0,0.0,0.0,0.0,0.0,0.0,0.0,0.0,0.0,"Mar 17, 2016"
81,1103022.0,24791.0,Dahuk,Sumel,Rwanga Community ,مخيم روانكه,37.0583354983,42.619139735,2686.0,16116.0,0.0,0.0,0.0,0.0,0.0,0.0,0.0,0.0,0.0,0.0,0.0,0.0,2686.0,0.0,0.0,0.0,0.0,0.0,2686.0,0.0,0.0,0.0,0.0,0.0,0.0,0.0,0.0,0.0,0.0,0.0,0.0,0.0,0.0,0.0,0.0,0.0,0.0,0.0,0.0,0.0,0.0,0.0,2686.0,0.0,0.0,2686.0,0.0,0.0,0.0,0.0,0.0,0.0,0.0,0.0,0.0,0.0,"Mar 17, 2016"
82,1103023.0,7989.0,Dahuk,Sumel,Seje,سيجي,36.9132638807,42.8853381925,1016.0,6096.0,0.0,0.0,0.0,0.0,0.0,0.0,0.0,0.0,0.0,0.0,0.0,0.0,1016.0,0.0,0.0,0.0,0.0,0.0,0.0,0.0,0.0,20.0,0.0,0.0,20.0,5.0,220.0,5.0,0.0,220.0,0.0,0.0,0.0,0.0,771.0,0.0,0.0,771.0,0.0,0.0,33.0,0.0,983.0,33.0,0.0,983.0,0.0,0.0,0.0,0.0,0.0,0.0,0.0,0.0,0.0,0.0,"Mar 17, 2016"
83,1103024.0,8336.0,Dahuk,Sumel,Semel,سيميل,36.8570167451,42.8572455505,1763.0,10578.0,0.0,0.0,0.0,0.0,0.0,0.0,0.0,0.0,0.0,0.0,0.0,0.0,1763.0,0.0,0.0,0.0,0.0,0.0,0.0,280.0,0.0,0.0,0.0,0.0,0.0,25.0,1229.0,25.0,0.0,1229.0,0.0,0.0,0.0,0.0,229.0,0.0,0.0,229.0,0.0,0.0,765.0,0.0,998.0,765.0,0.0,998.0,0.0,0.0,0.0,0.0,0.0,0.0,0.0,0.0,0.0,0.0,"Mar 17, 2016"
84,1103025.0,8369.0,Dahuk,Sumel,Shariya,شاريا,36.7861301566,42.9737871575,4592.0,27552.0,0.0,0.0,0.0,0.0,0.0,0.0,0.0,0.0,0.0,0.0,0.0,0.0,4592.0,0.0,0.0,0.0,0.0,0.0,0.0,167.0,0.0,1050.0,0.0,0.0,1050.0,0.0,685.0,0.0,0.0,685.0,0.0,0.0,0.0,0.0,2690.0,0.0,0.0,2690.0,0.0,0.0,0.0,0.0,4592.0,0.0,0.0,4592.0,0.0,0.0,0.0,0.0,0.0,0.0,0.0,0.0,0.0,0.0,"Mar 17, 2016"
85,1103026.0,24827.0,Dahuk,Sumel,Shariya ,مخيم شاريا,36.7947500339,42.9633869006,3339.0,20034.0,0.0,0.0,0.0,0.0,0.0,0.0,0.0,0.0,0.0,0.0,0.0,0.0,3339.0,0.0,0.0,0.0,0.0,0.0,3339.0,0.0,0.0,0.0,0.0,0.0,0.0,0.0,0.0,0.0,0.0,0.0,0.0,0.0,0.0,0.0,0.0,0.0,0.0,0.0,0.0,0.0,0.0,0.0,3339.0,0.0,0.0,3339.0,0.0,0.0,0.0,0.0,0.0,0.0,0.0,0.0,0.0,0.0,"Mar 17, 2016"
86,1103027.0,8476.0,Dahuk,Sumel,Soriya,صوريا,37.0029054857,42.4852168514,319.0,1914.0,0.0,0.0,0.0,0.0,0.0,0.0,0.0,0.0,0.0,0.0,0.0,0.0,319.0,0.0,0.0,0.0,0.0,0.0,0.0,182.0,0.0,63.0,0.0,0.0,63.0,0.0,18.0,0.0,0.0,18.0,0.0,0.0,0.0,0.0,56.0,0.0,0.0,56.0,0.0,0.0,0.0,0.0,319.0,0.0,0.0,319.0,0.0,0.0,0.0,0.0,0.0,0.0,0.0,0.0,0.0,0.0,"Mar 17, 2016"
87,1103029.0,24596.0,Dahuk,Sumel,Tanahi,تناهي,36.86240581,42.9031999597,397.0,2382.0,3.0,0.0,0.0,0.0,0.0,0.0,0.0,0.0,0.0,0.0,0.0,0.0,390.0,0.0,4.0,0.0,0.0,0.0,0.0,14.0,0.0,0.0,0.0,0.0,0.0,0.0,368.0,0.0,0.0,368.0,0.0,0.0,0.0,0.0,15.0,0.0,0.0,15.0,0.0,0.0,0.0,0.0,397.0,0.0,0.0,397.0,0.0,0.0,0.0,0.0,0.0,0.0,0.0,0.0,0.0,0.0,"Mar 17, 2016"
88,1103030.0,23645.0,Dahuk,Sumel,War City,وار ستي,36.7723211609,42.9195183907,261.0,1566.0,20.0,0.0,0.0,0.0,0.0,0.0,0.0,0.0,0.0,0.0,0.0,0.0,241.0,0.0,0.0,0.0,0.0,0.0,0.0,40.0,0.0,0.0,0.0,0.0,0.0,0.0,221.0,0.0,0.0,221.0,0.0,0.0,0.0,0.0,0.0,0.0,0.0,0.0,20.0,0.0,181.0,20.0,60.0,181.0,0.0,60.0,0.0,0.0,0.0,0.0,0.0,0.0,0.0,0.0,0.0,0.0,"Mar 17, 2016"
89,1103033.0,26122.0,Dahuk,Sumel,Domiz-Rozh,دوميز روز,36.8028713296,42.9163498244,272.0,1632.0,0.0,0.0,0.0,0.0,0.0,0.0,0.0,0.0,0.0,0.0,0.0,0.0,272.0,0.0,0.0,0.0,0.0,0.0,0.0,55.0,0.0,0.0,0.0,0.0,0.0,0.0,208.0,0.0,0.0,208.0,0.0,0.0,0.0,0.0,9.0,0.0,0.0,9.0,0.0,0.0,263.0,0.0,9.0,263.0,0.0,9.0,0.0,0.0,0.0,0.0,0.0,0.0,0.0,0.0,0.0,0.0,"Mar 17, 2016"
90,1103034.0,26123.0,Dahuk,Sumel,Domiz-Halat,دوميز هلات,36.7946920859,42.9175000359,473.0,2838.0,0.0,0.0,0.0,0.0,0.0,0.0,0.0,0.0,0.0,0.0,0.0,0.0,473.0,0.0,0.0,0.0,0.0,0.0,0.0,70.0,0.0,0.0,0.0,0.0,0.0,0.0,389.0,0.0,0.0,389.0,0.0,0.0,0.0,0.0,14.0,0.0,0.0,14.0,0.0,0.0,426.0,0.0,47.0,426.0,0.0,47.0,0.0,0.0,0.0,0.0,0.0,0.0,0.0,0.0,0.0,0.0,"Mar 17, 2016"
91,1103035.0,27126.0,Dahuk,Sumel,Haweri,هويري,36.7734658877,42.7863281533,315.0,1890.0,0.0,0.0,0.0,0.0,0.0,0.0,0.0,0.0,0.0,0.0,0.0,0.0,315.0,0.0,0.0,0.0,0.0,0.0,0.0,198.0,0.0,13.0,0.0,0.0,13.0,0.0,30.0,0.0,0.0,30.0,0.0,0.0,0.0,0.0,74.0,0.0,0.0,74.0,0.0,0.0,0.0,0.0,315.0,0.0,0.0,315.0,0.0,0.0,0.0,0.0,0.0,0.0,0.0,0.0,0.0,0.0,"Mar 17, 2016"
92,1103036.0,8015.0,Dahuk,Sumel,Kabarto,كبرتو,36.7789609898,42.7865598268,221.0,1326.0,0.0,0.0,0.0,0.0,0.0,0.0,0.0,0.0,0.0,0.0,0.0,0.0,221.0,0.0,0.0,0.0,0.0,0.0,0.0,44.0,0.0,0.0,0.0,0.0,0.0,0.0,127.0,0.0,0.0,127.0,0.0,0.0,0.0,0.0,50.0,0.0,0.0,50.0,0.0,0.0,0.0,0.0,221.0,0.0,0.0,221.0,0.0,0.0,0.0,0.0,0.0,0.0,0.0,0.0,0.0,0.0,"Mar 17, 2016"
93,1103037.0,27128.0,Dahuk,Sumel,Kamona,كمونا,36.7653921448,42.7638244315,31.0,186.0,0.0,0.0,0.0,0.0,0.0,0.0,0.0,0.0,0.0,0.0,0.0,0.0,31.0,0.0,0.0,0.0,0.0,0.0,0.0,4.0,0.0,0.0,0.0,0.0,0.0,0.0,20.0,0.0,0.0,20.0,0.0,0.0,0.0,0.0,7.0,0.0,0.0,7.0,0.0,0.0,0.0,0.0,31.0,0.0,0.0,31.0,0.0,0.0,0.0,0.0,0.0,0.0,0.0,0.0,0.0,0.0,"Mar 17, 2016"
94,1103038.0,27121.0,Dahuk,Sumel,Khanke Qadima,خانكي قديمة,36.7703278898,42.7758211647,464.0,2784.0,0.0,0.0,0.0,0.0,0.0,0.0,0.0,0.0,0.0,0.0,0.0,0.0,464.0,0.0,0.0,0.0,0.0,0.0,0.0,15.0,0.0,120.0,0.0,0.0,120.0,0.0,208.0,0.0,0.0,208.0,0.0,0.0,0.0,0.0,121.0,0.0,0.0,121.0,0.0,0.0,0.0,0.0,464.0,0.0,0.0,464.0,0.0,0.0,0.0,0.0,0.0,0.0,0.0,0.0,0.0,0.0,"Mar 17, 2016"
95,1103039.0,8800.0,Dahuk,Sumel,Kherava,خيرافا,36.7755319899,42.7831799202,204.0,1224.0,0.0,0.0,0.0,0.0,0.0,0.0,0.0,0.0,0.0,0.0,0.0,0.0,204.0,0.0,0.0,0.0,0.0,0.0,0.0,18.0,0.0,10.0,0.0,0.0,10.0,0.0,30.0,0.0,0.0,30.0,0.0,0.0,0.0,0.0,146.0,0.0,0.0,146.0,0.0,0.0,0.0,0.0,204.0,0.0,0.0,204.0,0.0,0.0,0.0,0.0,0.0,0.0,0.0,0.0,0.0,0.0,"Mar 17, 2016"
96,1103040.0,27127.0,Dahuk,Sumel,Old Mam Shvana,مام شفانا قديمة,36.8031738961,42.7735605569,144.0,864.0,0.0,0.0,0.0,0.0,0.0,0.0,0.0,0.0,0.0,0.0,0.0,0.0,144.0,0.0,0.0,0.0,0.0,0.0,0.0,14.0,0.0,40.0,0.0,0.0,40.0,0.0,0.0,0.0,0.0,0.0,0.0,0.0,0.0,0.0,90.0,0.0,0.0,90.0,0.0,0.0,0.0,0.0,144.0,0.0,0.0,144.0,0.0,0.0,0.0,0.0,0.0,0.0,0.0,0.0,0.0,0.0,"Mar 17, 2016"
97,1103041.0,27129.0,Dahuk,Sumel,Small Mam Shvana,مام شفانا صغيرة,36.7805978995,42.7874803017,126.0,756.0,0.0,0.0,0.0,0.0,0.0,0.0,0.0,0.0,0.0,0.0,0.0,0.0,126.0,0.0,0.0,0.0,0.0,0.0,0.0,23.0,0.0,30.0,0.0,0.0,30.0,0.0,53.0,0.0,0.0,53.0,0.0,0.0,0.0,0.0,20.0,0.0,0.0,20.0,0.0,0.0,0.0,0.0,126.0,0.0,0.0,126.0,0.0,0.0,0.0,0.0,0.0,0.0,0.0,0.0,0.0,0.0,"Mar 17, 2016"
98,1103042.0,8582.0,Dahuk,Sumel,Qasr Yazddin,قسر يزدين,36.7900242295,42.7879039742,877.0,5262.0,0.0,0.0,0.0,0.0,0.0,0.0,0.0,0.0,0.0,0.0,0.0,0.0,877.0,0.0,0.0,0.0,0.0,0.0,0.0,20.0,0.0,530.0,0.0,0.0,530.0,0.0,221.0,0.0,0.0,221.0,0.0,0.0,0.0,0.0,106.0,0.0,0.0,106.0,0.0,0.0,0.0,0.0,877.0,0.0,0.0,877.0,0.0,0.0,0.0,0.0,0.0,0.0,0.0,0.0,0.0,0.0,"Mar 17, 2016"
99,1103043.0,27125.0,Dahuk,Sumel,Old Qasr Yazddin,قسريزدين قديمة,36.8210205191,42.8073193633,373.0,2238.0,0.0,0.0,0.0,0.0,0.0,0.0,0.0,0.0,0.0,0.0,0.0,0.0,373.0,0.0,0.0,0.0,0.0,0.0,0.0,48.0,0.0,102.0,0.0,0.0,102.0,0.0,14.0,0.0,0.0,14.0,0.0,0.0,0.0,0.0,209.0,0.0,0.0,209.0,0.0,0.0,0.0,0.0,363.0,0.0,0.0,363.0,10.0,0.0,0.0,10.0,0.0,0.0,0.0,0.0,0.0,0.0,"Mar 17, 2016"
100,1103044.0,8366.0,Dahuk,Sumel,Ribeybi,ربيبي,36.7812588447,42.7881494925,375.0,2250.0,0.0,0.0,0.0,0.0,0.0,0.0,0.0,0.0,0.0,0.0,0.0,0.0,375.0,0.0,0.0,0.0,0.0,0.0,0.0,140.0,0.0,0.0,0.0,0.0,0.0,0.0,110.0,0.0,0.0,110.0,0.0,0.0,0.0,0.0,125.0,0.0,0.0,125.0,0.0,0.0,0.0,0.0,375.0,0.0,0.0,375.0,0.0,0.0,0.0,0.0,0.0,0.0,0.0,0.0,0.0,0.0,"Mar 17, 2016"
101,1103045.0,27122.0,Dahuk,Sumel,Shorash,شورش,36.7865650927,42.7903679829,231.0,1386.0,0.0,0.0,0.0,0.0,0.0,0.0,0.0,0.0,0.0,0.0,0.0,0.0,231.0,0.0,0.0,0.0,0.0,0.0,0.0,60.0,0.0,0.0,0.0,0.0,0.0,0.0,70.0,0.0,0.0,70.0,0.0,0.0,0.0,0.0,101.0,0.0,0.0,101.0,0.0,0.0,0.0,0.0,231.0,0.0,0.0,231.0,0.0,0.0,0.0,0.0,0.0,0.0,0.0,0.0,0.0,0.0,"Mar 17, 2016"
102,1103046.0,27130.0,Dahuk,Sumel,Old Sorka,صوركا قديمة,36.8085013434,42.8237194089,131.0,786.0,0.0,0.0,0.0,0.0,0.0,0.0,0.0,0.0,0.0,0.0,0.0,0.0,131.0,0.0,0.0,0.0,0.0,0.0,0.0,67.0,0.0,11.0,0.0,0.0,11.0,0.0,15.0,0.0,0.0,15.0,0.0,0.0,0.0,0.0,38.0,0.0,0.0,38.0,0.0,0.0,0.0,0.0,131.0,0.0,0.0,131.0,0.0,0.0,0.0,0.0,0.0,0.0,0.0,0.0,0.0,0.0,"Mar 17, 2016"
103,1103047.0,27124.0,Dahuk,Sumel,New Zinya,زينيا جديدة,36.7858515216,42.7801483106,586.0,3516.0,0.0,0.0,0.0,0.0,0.0,0.0,0.0,0.0,0.0,0.0,0.0,0.0,586.0,0.0,0.0,0.0,0.0,0.0,0.0,59.0,0.0,202.0,0.0,0.0,202.0,0.0,25.0,0.0,0.0,25.0,0.0,0.0,0.0,0.0,300.0,0.0,0.0,300.0,0.0,0.0,0.0,0.0,586.0,0.0,0.0,586.0,0.0,0.0,0.0,0.0,0.0,0.0,0.0,0.0,0.0,0.0,"Mar 17, 2016"
104,1103048.0,27123.0,Dahuk,Sumel,Old Zinya,زينيا قديمة,36.7761700839,42.7937836232,300.0,1800.0,0.0,0.0,0.0,0.0,0.0,0.0,0.0,0.0,0.0,0.0,0.0,0.0,300.0,0.0,0.0,0.0,0.0,0.0,0.0,137.0,0.0,5.0,0.0,0.0,5.0,0.0,25.0,0.0,0.0,25.0,0.0,0.0,0.0,0.0,133.0,0.0,0.0,133.0,0.0,0.0,0.0,0.0,300.0,0.0,0.0,300.0,0.0,0.0,0.0,0.0,0.0,0.0,0.0,0.0,0.0,0.0,"Mar 17, 2016"
105,1103049.0,28474.0,Dahuk,Sumel,Asiro,اسيرو,36.930195,42.873632,27.0,162.0,0.0,0.0,0.0,0.0,0.0,0.0,0.0,0.0,0.0,0.0,0.0,0.0,27.0,0.0,0.0,0.0,0.0,0.0,0.0,0.0,0.0,27.0,0.0,0.0,27.0,0.0,0.0,0.0,0.0,0.0,0.0,0.0,0.0,0.0,0.0,0.0,0.0,0.0,0.0,0.0,0.0,0.0,27.0,0.0,0.0,27.0,0.0,0.0,0.0,0.0,0.0,0.0,0.0,0.0,0.0,0.0,"Mar 17, 2016"
106,1104001.0,8103.0,Dahuk,Zakho,Abbasiya,عباسية,37.14538316,42.70355785,2560.0,15360.0,0.0,0.0,0.0,0.0,0.0,0.0,0.0,0.0,0.0,0.0,0.0,0.0,2560.0,0.0,0.0,0.0,0.0,0.0,0.0,40.0,0.0,0.0,0.0,0.0,0.0,0.0,2314.0,0.0,0.0,2314.0,0.0,0.0,0.0,0.0,206.0,0.0,0.0,206.0,0.0,0.0,969.0,0.0,1581.0,969.0,0.0,1581.0,10.0,0.0,0.0,10.0,0.0,0.0,0.0,0.0,0.0,0.0,"Mar 17, 2016"
107,1104002.0,8119.0,Dahuk,Zakho,Afirma,افرما,37.1359789245,42.6590939598,20.0,120.0,0.0,0.0,0.0,0.0,0.0,0.0,0.0,0.0,0.0,0.0,0.0,0.0,20.0,0.0,0.0,0.0,0.0,0.0,0.0,0.0,0.0,0.0,0.0,0.0,0.0,0.0,20.0,0.0,0.0,20.0,0.0,0.0,0.0,0.0,0.0,0.0,0.0,0.0,0.0,0.0,0.0,0.0,20.0,0.0,0.0,20.0,0.0,0.0,0.0,0.0,0.0,0.0,0.0,0.0,0.0,0.0,"Mar 17, 2016"
108,1104004.0,24130.0,Dahuk,Zakho,Barzan,بارزان,37.14282464,42.64838838,135.0,810.0,0.0,0.0,0.0,0.0,0.0,0.0,0.0,0.0,0.0,0.0,0.0,0.0,135.0,0.0,0.0,0.0,0.0,0.0,0.0,0.0,0.0,0.0,0.0,0.0,0.0,0.0,123.0,0.0,0.0,123.0,0.0,0.0,0.0,0.0,12.0,0.0,0.0,12.0,0.0,0.0,85.0,0.0,50.0,85.0,0.0,50.0,0.0,0.0,0.0,0.0,0.0,0.0,0.0,0.0,0.0,0.0,"Mar 17, 2016"
109,1104005.0,8849.0,Dahuk,Zakho,Batifa,باتيفا,37.1760202601,43.0110555215,604.0,3624.0,0.0,0.0,0.0,0.0,0.0,0.0,0.0,0.0,0.0,0.0,0.0,0.0,604.0,0.0,0.0,0.0,0.0,0.0,0.0,160.0,0.0,0.0,0.0,0.0,0.0,13.0,109.0,13.0,0.0,109.0,0.0,0.0,0.0,0.0,322.0,0.0,0.0,322.0,0.0,0.0,0.0,0.0,577.0,0.0,0.0,577.0,27.0,0.0,0.0,27.0,0.0,0.0,0.0,0.0,0.0,0.0,"Mar 17, 2016"
110,1104007.0,8093.0,Dahuk,Zakho,Bedar,بيدار,37.14561723,42.65670608,144.0,864.0,0.0,0.0,0.0,0.0,0.0,0.0,0.0,0.0,0.0,0.0,0.0,0.0,144.0,0.0,0.0,0.0,0.0,0.0,0.0,0.0,0.0,0.0,0.0,0.0,0.0,0.0,74.0,0.0,0.0,74.0,0.0,0.0,0.0,0.0,70.0,0.0,0.0,70.0,0.0,0.0,30.0,0.0,114.0,30.0,0.0,114.0,0.0,0.0,0.0,0.0,0.0,0.0,0.0,0.0,0.0,0.0,"Mar 17, 2016"
111,1104008.0,24789.0,Dahuk,Zakho,Berseve 1,مخيم بيرسفي1,37.1806148889,42.8573370643,1921.0,11526.0,0.0,0.0,0.0,0.0,0.0,0.0,0.0,0.0,0.0,0.0,0.0,0.0,1921.0,0.0,0.0,0.0,0.0,0.0,1921.0,0.0,0.0,0.0,0.0,0.0,0.0,0.0,0.0,0.0,0.0,0.0,0.0,0.0,0.0,0.0,0.0,0.0,0.0,0.0,0.0,0.0,0.0,0.0,1903.0,0.0,0.0,1903.0,18.0,0.0,0.0,18.0,0.0,0.0,0.0,0.0,0.0,0.0,"Mar 17, 2016"
112,1104009.0,24792.0,Dahuk,Zakho,Berseve 2,مخيم بيرسفي2,37.1808239425,42.862288689,1567.0,9402.0,0.0,0.0,0.0,0.0,0.0,0.0,0.0,0.0,0.0,0.0,0.0,0.0,1567.0,0.0,0.0,0.0,0.0,0.0,1567.0,0.0,0.0,0.0,0.0,0.0,0.0,0.0,0.0,0.0,0.0,0.0,0.0,0.0,0.0,0.0,0.0,0.0,0.0,0.0,0.0,0.0,0.0,0.0,1567.0,0.0,0.0,1567.0,0.0,0.0,0.0,0.0,0.0,0.0,0.0,0.0,0.0,0.0,"Mar 17, 2016"
113,1104010.0,24704.0,Dahuk,Zakho,Betasi,بيتاسي,37.0599952,42.73487101,435.0,2610.0,0.0,0.0,0.0,0.0,0.0,0.0,0.0,0.0,0.0,0.0,0.0,0.0,435.0,0.0,0.0,0.0,0.0,0.0,0.0,20.0,0.0,0.0,0.0,0.0,0.0,0.0,265.0,0.0,0.0,265.0,0.0,0.0,0.0,0.0,150.0,0.0,0.0,150.0,0.0,0.0,122.0,0.0,313.0,122.0,0.0,313.0,0.0,0.0,0.0,0.0,0.0,0.0,0.0,0.0,0.0,0.0,"Mar 17, 2016"
114,1104011.0,24793.0,Dahuk,Zakho,Chamishku,مخيم جمشكو,37.1778503123,42.6674211818,4304.0,25824.0,0.0,0.0,0.0,0.0,0.0,0.0,0.0,0.0,0.0,0.0,0.0,0.0,4304.0,0.0,0.0,0.0,0.0,0.0,4304.0,0.0,0.0,0.0,0.0,0.0,0.0,0.0,0.0,0.0,0.0,0.0,0.0,0.0,0.0,0.0,0.0,0.0,0.0,0.0,0.0,0.0,0.0,0.0,4304.0,0.0,0.0,4304.0,0.0,0.0,0.0,0.0,0.0,0.0,0.0,0.0,0.0,0.0,"Mar 17, 2016"
115,1104012.0,8766.0,Dahuk,Zakho,Chamkork,جم كورك,37.138846009,42.6171902774,107.0,642.0,0.0,0.0,0.0,0.0,0.0,0.0,0.0,0.0,0.0,0.0,0.0,0.0,107.0,0.0,0.0,0.0,0.0,0.0,0.0,8.0,0.0,0.0,0.0,0.0,0.0,0.0,99.0,0.0,0.0,99.0,0.0,0.0,0.0,0.0,0.0,0.0,0.0,0.0,0.0,0.0,0.0,0.0,107.0,0.0,0.0,107.0,0.0,0.0,0.0,0.0,0.0,0.0,0.0,0.0,0.0,0.0,"Mar 17, 2016"
116,1104013.0,8084.0,Dahuk,Zakho,Darkar,دركار,37.1977073109,42.8210972995,700.0,4200.0,0.0,0.0,0.0,0.0,0.0,0.0,0.0,0.0,0.0,0.0,0.0,0.0,700.0,0.0,0.0,0.0,0.0,0.0,0.0,161.0,0.0,8.0,0.0,0.0,8.0,20.0,357.0,20.0,0.0,357.0,0.0,0.0,0.0,0.0,154.0,0.0,0.0,154.0,0.0,0.0,0.0,0.0,660.0,0.0,0.0,660.0,40.0,0.0,0.0,40.0,0.0,0.0,0.0,0.0,0.0,0.0,"Mar 17, 2016"
117,1104015.0,21187.0,Dahuk,Zakho,FIRQA,فرقة,37.15640957,42.70745842,971.0,5826.0,0.0,0.0,0.0,0.0,0.0,0.0,0.0,0.0,0.0,0.0,0.0,0.0,971.0,0.0,0.0,0.0,0.0,0.0,0.0,17.0,0.0,0.0,0.0,0.0,0.0,0.0,887.0,0.0,0.0,887.0,0.0,0.0,0.0,0.0,67.0,0.0,0.0,67.0,0.0,0.0,618.0,0.0,348.0,618.0,0.0,348.0,5.0,0.0,0.0,5.0,0.0,0.0,0.0,0.0,0.0,0.0,"Mar 17, 2016"
118,1104016.0,23620.0,Dahuk,Zakho,Fishkhaboor,فيشخابور,37.0672881317,42.3768623098,194.0,1164.0,0.0,0.0,0.0,0.0,0.0,0.0,0.0,0.0,0.0,0.0,0.0,0.0,194.0,0.0,0.0,0.0,0.0,0.0,0.0,57.0,0.0,30.0,0.0,0.0,30.0,3.0,0.0,3.0,0.0,0.0,0.0,0.0,0.0,0.0,104.0,0.0,0.0,104.0,0.0,0.0,7.0,0.0,187.0,7.0,0.0,187.0,0.0,0.0,0.0,0.0,0.0,0.0,0.0,0.0,0.0,0.0,"Mar 17, 2016"
119,1104017.0,8110.0,Dahuk,Zakho,Khrababka,خرابابكا,37.14893424,42.74792285,932.0,5592.0,0.0,0.0,0.0,0.0,0.0,0.0,0.0,0.0,0.0,0.0,0.0,0.0,932.0,0.0,0.0,0.0,0.0,0.0,0.0,18.0,0.0,25.0,0.0,0.0,25.0,0.0,280.0,0.0,0.0,280.0,0.0,0.0,0.0,0.0,609.0,0.0,0.0,609.0,0.0,0.0,160.0,0.0,739.0,160.0,0.0,739.0,33.0,0.0,0.0,33.0,0.0,0.0,0.0,0.0,0.0,0.0,"Mar 17, 2016"
120,1104018.0,24132.0,Dahuk,Zakho,Kundeky,كوندكي,37.13782944,42.67458987,421.0,2526.0,0.0,0.0,0.0,0.0,0.0,0.0,0.0,0.0,0.0,0.0,0.0,0.0,421.0,0.0,0.0,0.0,0.0,0.0,0.0,70.0,0.0,0.0,0.0,0.0,0.0,0.0,260.0,0.0,0.0,260.0,0.0,0.0,0.0,0.0,91.0,0.0,0.0,91.0,0.0,0.0,220.0,0.0,201.0,220.0,0.0,201.0,0.0,0.0,0.0,0.0,0.0,0.0,0.0,0.0,0.0,0.0,"Mar 17, 2016"
121,1104019.0,25992.0,Dahuk,Zakho,Diraboon,ديربون,37.0855515317,42.4272489738,855.0,5130.0,0.0,0.0,0.0,0.0,0.0,0.0,0.0,0.0,0.0,0.0,0.0,0.0,855.0,0.0,0.0,0.0,0.0,0.0,0.0,65.0,0.0,435.0,0.0,0.0,435.0,32.0,173.0,32.0,0.0,173.0,0.0,0.0,0.0,0.0,150.0,0.0,0.0,150.0,0.0,0.0,0.0,0.0,855.0,0.0,0.0,855.0,0.0,0.0,0.0,0.0,0.0,0.0,0.0,0.0,0.0,0.0,"Mar 17, 2016"
122,1104020.0,8620.0,Dahuk,Zakho,Qarawla,قرولا,37.1235641736,42.4368353604,68.0,408.0,0.0,0.0,0.0,0.0,0.0,0.0,0.0,0.0,0.0,0.0,0.0,0.0,68.0,0.0,0.0,0.0,0.0,0.0,0.0,34.0,0.0,0.0,0.0,0.0,0.0,0.0,0.0,0.0,0.0,0.0,0.0,0.0,0.0,0.0,34.0,0.0,0.0,34.0,0.0,0.0,0.0,0.0,68.0,0.0,0.0,68.0,0.0,0.0,0.0,0.0,0.0,0.0,0.0,0.0,0.0,0.0,"Mar 17, 2016"
123,1104021.0,8711.0,Dahuk,Zakho,Rizgari,رزكاري,37.1378129881,42.5702569524,158.0,948.0,0.0,0.0,0.0,0.0,0.0,0.0,0.0,0.0,0.0,0.0,0.0,0.0,158.0,0.0,0.0,0.0,0.0,0.0,0.0,5.0,0.0,0.0,0.0,0.0,0.0,0.0,137.0,0.0,0.0,137.0,0.0,0.0,0.0,0.0,16.0,0.0,0.0,16.0,0.0,0.0,0.0,0.0,158.0,0.0,0.0,158.0,0.0,0.0,0.0,0.0,0.0,0.0,0.0,0.0,0.0,0.0,"Mar 17, 2016"
124,1104023.0,21970.0,Dahuk,Zakho,Shabaniyah,شعبانية,37.14696755,42.68250796,1079.0,6474.0,0.0,0.0,0.0,0.0,0.0,0.0,0.0,0.0,0.0,0.0,0.0,0.0,1079.0,0.0,0.0,0.0,0.0,0.0,0.0,50.0,0.0,0.0,0.0,0.0,0.0,0.0,1015.0,0.0,0.0,1015.0,0.0,0.0,0.0,0.0,14.0,0.0,0.0,14.0,4.0,0.0,443.0,4.0,632.0,443.0,0.0,632.0,0.0,0.0,0.0,0.0,0.0,0.0,0.0,0.0,0.0,0.0,"Mar 17, 2016"
125,1104025.0,8560.0,Dahuk,Zakho,Tiyano Shinava,تيان و شينافا,37.11627278,42.47189058,36.0,216.0,0.0,0.0,0.0,0.0,0.0,0.0,0.0,0.0,0.0,0.0,0.0,0.0,36.0,0.0,0.0,0.0,0.0,0.0,0.0,11.0,0.0,0.0,0.0,0.0,0.0,0.0,0.0,0.0,0.0,0.0,0.0,0.0,0.0,0.0,25.0,0.0,0.0,25.0,0.0,0.0,0.0,0.0,36.0,0.0,0.0,36.0,0.0,0.0,0.0,0.0,0.0,0.0,0.0,0.0,0.0,0.0,"Mar 17, 2016"
126,1104031.0,8086.0,Dahuk,Zakho,Mhamadiya,مهمدية,37.15631012,42.67539329,141.0,846.0,0.0,0.0,0.0,0.0,0.0,0.0,0.0,0.0,0.0,0.0,0.0,0.0,141.0,0.0,0.0,0.0,0.0,0.0,0.0,0.0,0.0,0.0,0.0,0.0,0.0,0.0,27.0,0.0,0.0,27.0,0.0,0.0,0.0,0.0,114.0,0.0,0.0,114.0,0.0,0.0,27.0,0.0,114.0,27.0,0.0,114.0,0.0,0.0,0.0,0.0,0.0,0.0,0.0,0.0,0.0,0.0,"Mar 17, 2016"
127,1104032.0,8104.0,Dahuk,Zakho,Shkafta Mara,شكفتا مارا,31.16380445,42.68002197,149.0,894.0,0.0,0.0,0.0,0.0,0.0,0.0,0.0,0.0,0.0,0.0,0.0,0.0,149.0,0.0,0.0,0.0,0.0,0.0,0.0,4.0,0.0,0.0,0.0,0.0,0.0,0.0,55.0,0.0,0.0,55.0,0.0,0.0,0.0,0.0,90.0,0.0,0.0,90.0,0.0,0.0,24.0,0.0,125.0,24.0,0.0,125.0,0.0,0.0,0.0,0.0,0.0,0.0,0.0,0.0,0.0,0.0,"Mar 17, 2016"
128,1104033.0,8117.0,Dahuk,Zakho,Hassan Ava,حسن آفا,37.08274302,42.65894608,90.0,540.0,0.0,0.0,0.0,0.0,0.0,0.0,0.0,0.0,0.0,0.0,0.0,0.0,90.0,0.0,0.0,0.0,0.0,0.0,0.0,0.0,0.0,0.0,0.0,0.0,0.0,0.0,59.0,0.0,0.0,59.0,0.0,0.0,0.0,0.0,31.0,0.0,0.0,31.0,0.0,0.0,0.0,0.0,90.0,0.0,0.0,90.0,0.0,0.0,0.0,0.0,0.0,0.0,0.0,0.0,0.0,0.0,"Mar 17, 2016"
129,1104034.0,8399.0,Dahuk,Zakho,Chamsirmo,جم سيرمو,37.13071647,42.72045782,83.0,498.0,0.0,0.0,0.0,0.0,0.0,0.0,0.0,0.0,0.0,0.0,0.0,0.0,83.0,0.0,0.0,0.0,0.0,0.0,0.0,17.0,0.0,0.0,0.0,0.0,0.0,0.0,17.0,0.0,0.0,17.0,0.0,0.0,0.0,0.0,49.0,0.0,0.0,49.0,0.0,0.0,0.0,0.0,77.0,0.0,0.0,77.0,6.0,0.0,0.0,6.0,0.0,0.0,0.0,0.0,0.0,0.0,"Mar 17, 2016"
130,1104035.0,8848.0,Dahuk,Zakho,Darhozan Village,قرية دار هوزان,37.17168436,42.74994379,42.0,252.0,0.0,0.0,0.0,0.0,0.0,0.0,0.0,0.0,0.0,0.0,0.0,0.0,42.0,0.0,0.0,0.0,0.0,0.0,0.0,0.0,0.0,0.0,0.0,0.0,0.0,0.0,0.0,0.0,0.0,0.0,0.0,0.0,0.0,0.0,42.0,0.0,0.0,42.0,0.0,0.0,0.0,0.0,42.0,0.0,0.0,42.0,0.0,0.0,0.0,0.0,0.0,0.0,0.0,0.0,0.0,0.0,"Mar 17, 2016"
131,1104036.0,20893.0,Dahuk,Zakho,Nassara,نصارا,37.14148712,42.67509289,354.0,2124.0,0.0,0.0,0.0,0.0,0.0,0.0,0.0,0.0,0.0,0.0,0.0,0.0,354.0,0.0,0.0,0.0,0.0,0.0,0.0,0.0,0.0,0.0,0.0,0.0,0.0,20.0,334.0,20.0,0.0,334.0,0.0,0.0,0.0,0.0,0.0,0.0,0.0,0.0,0.0,0.0,0.0,0.0,354.0,0.0,0.0,354.0,0.0,0.0,0.0,0.0,0.0,0.0,0.0,0.0,0.0,0.0,"Mar 17, 2016"
132,1104037.0,20894.0,Dahuk,Zakho,Salahaddin,صلاح الدين,37.14155037,42.6729769,195.0,1170.0,2.0,0.0,0.0,0.0,0.0,0.0,0.0,0.0,0.0,0.0,0.0,0.0,193.0,0.0,0.0,0.0,0.0,0.0,0.0,0.0,0.0,0.0,0.0,0.0,0.0,0.0,154.0,0.0,0.0,154.0,0.0,0.0,0.0,0.0,41.0,0.0,0.0,41.0,2.0,0.0,39.0,2.0,154.0,39.0,0.0,154.0,0.0,0.0,0.0,0.0,0.0,0.0,0.0,0.0,0.0,0.0,"Mar 17, 2016"
133,1104038.0,27260.0,Dahuk,Zakho,Dalal City,دلال ستي,37.179262,42.727617,204.0,1224.0,0.0,0.0,0.0,0.0,0.0,0.0,0.0,0.0,0.0,0.0,0.0,0.0,204.0,0.0,0.0,0.0,0.0,0.0,0.0,0.0,0.0,0.0,0.0,0.0,0.0,0.0,40.0,0.0,0.0,40.0,0.0,0.0,0.0,0.0,164.0,0.0,0.0,164.0,0.0,0.0,10.0,0.0,194.0,10.0,0.0,194.0,0.0,0.0,0.0,0.0,0.0,0.0,0.0,0.0,0.0,0.0,"Mar 17, 2016"
134,1104039.0,27261.0,Dahuk,Zakho,Dwanza Milan,دوانزه ملان,37.14215538,42.7116764,178.0,1068.0,0.0,0.0,0.0,0.0,0.0,0.0,0.0,0.0,0.0,0.0,0.0,0.0,178.0,0.0,0.0,0.0,0.0,0.0,0.0,0.0,0.0,0.0,0.0,0.0,0.0,0.0,62.0,0.0,0.0,62.0,0.0,0.0,0.0,0.0,116.0,0.0,0.0,116.0,0.0,0.0,0.0,0.0,178.0,0.0,0.0,178.0,0.0,0.0,0.0,0.0,0.0,0.0,0.0,0.0,0.0,0.0,"Mar 17, 2016"
135,1104040.0,27262.0,Dahuk,Zakho,Rikawa Jadidi,ركاوا جديد,37.15984936,42.67918495,696.0,4176.0,0.0,0.0,0.0,0.0,0.0,0.0,0.0,0.0,0.0,0.0,0.0,0.0,696.0,0.0,0.0,0.0,0.0,0.0,0.0,30.0,0.0,0.0,0.0,0.0,0.0,0.0,430.0,0.0,0.0,430.0,0.0,0.0,0.0,0.0,236.0,0.0,0.0,236.0,0.0,0.0,180.0,0.0,516.0,180.0,0.0,516.0,0.0,0.0,0.0,0.0,0.0,0.0,0.0,0.0,0.0,0.0,"Mar 17, 2016"
136,1104041.0,27263.0,Dahuk,Zakho,Ibrahim Khalil Street,شارع ابراهيم خليل,37.14217711,42.6358073,250.0,1500.0,0.0,0.0,0.0,0.0,0.0,0.0,0.0,0.0,0.0,0.0,0.0,0.0,250.0,0.0,0.0,0.0,0.0,0.0,0.0,60.0,0.0,0.0,0.0,0.0,0.0,0.0,29.0,0.0,0.0,29.0,0.0,0.0,0.0,0.0,161.0,0.0,0.0,161.0,0.0,0.0,89.0,0.0,161.0,89.0,0.0,161.0,0.0,0.0,0.0,0.0,0.0,0.0,0.0,0.0,0.0,0.0,"Mar 17, 2016"
137,1104042.0,27264.0,Dahuk,Zakho,Garak Sindi Village,قرية كرك سندي,37.756446,42.78167573,32.0,192.0,0.0,0.0,0.0,0.0,0.0,0.0,0.0,0.0,0.0,0.0,0.0,0.0,32.0,0.0,0.0,0.0,0.0,0.0,0.0,0.0,0.0,0.0,0.0,0.0,0.0,0.0,0.0,0.0,0.0,0.0,0.0,0.0,0.0,0.0,32.0,0.0,0.0,32.0,0.0,0.0,0.0,0.0,32.0,0.0,0.0,32.0,0.0,0.0,0.0,0.0,0.0,0.0,0.0,0.0,0.0,0.0,"Mar 17, 2016"
138,1201001.0,27224.0,Erbil,Choman,Markez Qasre,مركز قصري,36.55776,44.82804,81.0,486.0,42.0,0.0,0.0,0.0,0.0,0.0,0.0,0.0,0.0,0.0,0.0,0.0,39.0,0.0,0.0,0.0,0.0,0.0,0.0,0.0,0.0,0.0,0.0,0.0,0.0,0.0,81.0,0.0,0.0,81.0,0.0,0.0,0.0,0.0,0.0,0.0,0.0,0.0,0.0,0.0,39.0,0.0,0.0,39.0,0.0,0.0,42.0,0.0,0.0,42.0,0.0,0.0,0.0,0.0,0.0,0.0,"Mar 17, 2016"
139,1202001.0,21582.0,Erbil,Erbil,11 Athar,11 اذار,36.2069858312,44.1438685,150.0,900.0,65.0,0.0,0.0,0.0,0.0,0.0,0.0,0.0,0.0,0.0,0.0,0.0,85.0,0.0,0.0,0.0,0.0,0.0,0.0,0.0,0.0,0.0,0.0,0.0,0.0,0.0,150.0,0.0,0.0,150.0,0.0,0.0,0.0,0.0,0.0,0.0,0.0,0.0,65.0,0.0,85.0,65.0,0.0,85.0,0.0,0.0,0.0,0.0,0.0,0.0,0.0,0.0,0.0,0.0,0.0,0.0,"Mar 17, 2016"
140,1202003.0,20980.0,Erbil,Erbil,Ainkawa(108),108 عنكاوة,36.24349834,43.983621,1228.0,7368.0,375.0,0.0,0.0,0.0,0.0,0.0,0.0,0.0,0.0,0.0,0.0,0.0,571.0,0.0,282.0,0.0,0.0,0.0,0.0,0.0,0.0,0.0,0.0,0.0,0.0,0.0,1228.0,0.0,0.0,1228.0,0.0,0.0,0.0,0.0,0.0,0.0,0.0,0.0,287.0,0.0,853.0,287.0,0.0,853.0,0.0,0.0,88.0,0.0,0.0,88.0,0.0,0.0,0.0,0.0,0.0,0.0,"Mar 17, 2016"
141,1202004.0,21874.0,Erbil,Erbil,Al Eskan,الاسكان,36.17273842,44.02214306,170.0,1020.0,170.0,0.0,0.0,0.0,0.0,0.0,0.0,0.0,0.0,0.0,0.0,0.0,0.0,0.0,0.0,0.0,0.0,0.0,0.0,0.0,0.0,0.0,0.0,0.0,0.0,0.0,170.0,0.0,0.0,170.0,0.0,0.0,0.0,0.0,0.0,0.0,0.0,0.0,0.0,0.0,0.0,0.0,0.0,0.0,0.0,0.0,170.0,0.0,0.0,170.0,0.0,0.0,0.0,0.0,0.0,0.0,"Mar 17, 2016"
142,1202006.0,13685.0,Erbil,Erbil,Andazyaran,ئه ندازياران,36.2005896,44.1217624,60.0,360.0,44.0,0.0,0.0,0.0,0.0,0.0,0.0,0.0,0.0,0.0,0.0,0.0,0.0,0.0,16.0,0.0,0.0,0.0,0.0,0.0,0.0,0.0,0.0,0.0,0.0,0.0,60.0,0.0,0.0,60.0,0.0,0.0,0.0,0.0,0.0,0.0,0.0,0.0,44.0,0.0,0.0,44.0,16.0,0.0,0.0,16.0,0.0,0.0,0.0,0.0,0.0,0.0,0.0,0.0,0.0,0.0,"Mar 17, 2016"
143,1202007.0,24664.0,Erbil,Erbil,Andazyaran Complex,مجمع اندزياران السكني,36.20174493,44.11764544,320.0,1920.0,197.0,0.0,0.0,0.0,0.0,0.0,0.0,0.0,0.0,0.0,0.0,0.0,123.0,0.0,0.0,0.0,0.0,0.0,0.0,0.0,0.0,0.0,0.0,0.0,0.0,0.0,320.0,0.0,0.0,320.0,0.0,0.0,0.0,0.0,0.0,0.0,0.0,0.0,197.0,0.0,123.0,197.0,0.0,123.0,0.0,0.0,0.0,0.0,0.0,0.0,0.0,0.0,0.0,0.0,0.0,0.0,"Mar 17, 2016"
144,1202008.0,13687.0,Erbil,Erbil,Ashty,اشتي,36.1742435,44.1225785,1150.0,6900.0,665.0,0.0,0.0,0.0,0.0,0.0,0.0,0.0,0.0,0.0,0.0,0.0,485.0,0.0,0.0,0.0,0.0,0.0,0.0,0.0,0.0,0.0,0.0,0.0,0.0,0.0,1150.0,0.0,0.0,1150.0,0.0,0.0,0.0,0.0,0.0,0.0,0.0,0.0,632.0,0.0,485.0,632.0,0.0,485.0,0.0,0.0,33.0,0.0,0.0,33.0,0.0,0.0,0.0,0.0,0.0,0.0,"Mar 17, 2016"
145,1202009.0,25472.0,Erbil,Erbil,Aynda,آينده,36.2034907,44.126255,260.0,1560.0,136.0,0.0,0.0,0.0,0.0,0.0,0.0,0.0,0.0,0.0,0.0,0.0,63.0,0.0,61.0,0.0,0.0,0.0,0.0,0.0,0.0,0.0,0.0,0.0,0.0,0.0,260.0,0.0,0.0,260.0,0.0,0.0,0.0,0.0,0.0,0.0,0.0,0.0,82.0,0.0,76.0,82.0,48.0,76.0,0.0,48.0,54.0,0.0,0.0,54.0,0.0,0.0,0.0,0.0,0.0,0.0,"Mar 17, 2016"
146,1202010.0,12370.0,Erbil,Erbil,Bahrka center,مركز بحركة,36.314392,44.0318795,1185.0,7110.0,289.0,0.0,0.0,0.0,0.0,0.0,0.0,0.0,0.0,0.0,0.0,0.0,788.0,0.0,108.0,0.0,0.0,0.0,0.0,0.0,0.0,0.0,0.0,0.0,0.0,0.0,1185.0,0.0,0.0,1185.0,0.0,0.0,0.0,0.0,0.0,0.0,0.0,0.0,126.0,0.0,788.0,126.0,108.0,788.0,0.0,108.0,163.0,0.0,0.0,163.0,0.0,0.0,0.0,0.0,0.0,0.0,"Mar 17, 2016"
147,1202011.0,13230.0,Erbil,Erbil,Baharka,مخيم بحركه,36.2947009,43.9901153,819.0,4914.0,328.0,0.0,0.0,0.0,0.0,196.0,0.0,0.0,0.0,0.0,0.0,0.0,63.0,0.0,232.0,0.0,0.0,0.0,819.0,0.0,0.0,0.0,0.0,0.0,0.0,0.0,0.0,0.0,0.0,0.0,0.0,0.0,0.0,0.0,0.0,0.0,0.0,0.0,220.0,0.0,259.0,220.0,232.0,259.0,0.0,232.0,108.0,0.0,0.0,108.0,0.0,0.0,0.0,0.0,0.0,0.0,"Mar 17, 2016"
148,1202013.0,25974.0,Erbil,Erbil,perdawood,بيرداود,36.022481268,43.9239759,65.0,390.0,0.0,0.0,0.0,0.0,0.0,0.0,0.0,0.0,0.0,0.0,0.0,0.0,65.0,0.0,0.0,0.0,0.0,0.0,0.0,0.0,0.0,0.0,0.0,0.0,0.0,0.0,65.0,0.0,0.0,65.0,0.0,0.0,0.0,0.0,0.0,0.0,0.0,0.0,0.0,0.0,65.0,0.0,0.0,65.0,0.0,0.0,0.0,0.0,0.0,0.0,0.0,0.0,0.0,0.0,0.0,0.0,"Mar 17, 2016"
149,1202014.0,25471.0,Erbil,Erbil,Byaban,بيابان,36.209834,44.115016,130.0,780.0,90.0,0.0,0.0,0.0,0.0,0.0,0.0,0.0,0.0,0.0,0.0,0.0,35.0,0.0,5.0,0.0,0.0,0.0,0.0,0.0,0.0,0.0,0.0,0.0,0.0,0.0,130.0,0.0,0.0,130.0,0.0,0.0,0.0,0.0,0.0,0.0,0.0,0.0,51.0,0.0,35.0,51.0,5.0,35.0,0.0,5.0,39.0,0.0,0.0,39.0,0.0,0.0,0.0,0.0,0.0,0.0,"Mar 17, 2016"
150,1202016.0,25726.0,Erbil,Erbil,Chwarchra-Banslawa,جوارجرا-بنصلاوة,36.155136,44.1032917291,65.0,390.0,43.0,0.0,0.0,0.0,0.0,0.0,0.0,0.0,0.0,0.0,0.0,0.0,22.0,0.0,0.0,0.0,0.0,0.0,0.0,0.0,0.0,0.0,0.0,0.0,0.0,0.0,65.0,0.0,0.0,65.0,0.0,0.0,0.0,0.0,0.0,0.0,0.0,0.0,43.0,0.0,22.0,43.0,0.0,22.0,0.0,0.0,0.0,0.0,0.0,0.0,0.0,0.0,0.0,0.0,0.0,0.0,"Mar 17, 2016"
151,1202018.0,21669.0,Erbil,Erbil,Dartu Nwee,داره تو نوي,36.1151091,44.0799536641,280.0,1680.0,121.0,0.0,0.0,0.0,0.0,0.0,0.0,0.0,0.0,0.0,0.0,0.0,0.0,0.0,159.0,0.0,0.0,0.0,0.0,0.0,0.0,0.0,0.0,0.0,0.0,0.0,280.0,0.0,0.0,280.0,0.0,0.0,0.0,0.0,0.0,0.0,0.0,0.0,34.0,0.0,0.0,34.0,159.0,0.0,0.0,159.0,87.0,0.0,0.0,87.0,0.0,0.0,0.0,0.0,0.0,0.0,"Mar 17, 2016"
152,1202019.0,25900.0,Erbil,Erbil,Erbil Gate,بوابة اربيل,36.26210445,44.08844934,226.0,1356.0,0.0,0.0,0.0,0.0,0.0,0.0,0.0,0.0,0.0,0.0,0.0,0.0,226.0,0.0,0.0,0.0,0.0,0.0,0.0,0.0,0.0,226.0,0.0,0.0,226.0,0.0,0.0,0.0,0.0,0.0,0.0,0.0,0.0,0.0,0.0,0.0,0.0,0.0,0.0,0.0,0.0,0.0,226.0,0.0,0.0,226.0,0.0,0.0,0.0,0.0,0.0,0.0,0.0,0.0,0.0,0.0,"Mar 17, 2016"
153,1202020.0,25732.0,Erbil,Erbil,Al-Shurtta Qr,حي الشرطة,36.2114633246,44.0405917603,125.0,750.0,58.0,0.0,0.0,0.0,0.0,0.0,0.0,0.0,0.0,0.0,0.0,0.0,0.0,0.0,67.0,0.0,0.0,0.0,0.0,0.0,0.0,0.0,0.0,0.0,0.0,0.0,125.0,0.0,0.0,125.0,0.0,0.0,0.0,0.0,0.0,0.0,0.0,0.0,0.0,0.0,67.0,0.0,0.0,67.0,0.0,0.0,58.0,0.0,0.0,58.0,0.0,0.0,0.0,0.0,0.0,0.0,"Mar 17, 2016"
154,1202021.0,25731.0,Erbil,Erbil,Al-Ziraa Qr,حي الزراعة,36.1667063526,44.0374188176,58.0,348.0,32.0,0.0,0.0,0.0,0.0,0.0,0.0,0.0,0.0,0.0,0.0,0.0,26.0,0.0,0.0,0.0,0.0,0.0,0.0,0.0,0.0,0.0,0.0,0.0,0.0,0.0,58.0,0.0,0.0,58.0,0.0,0.0,0.0,0.0,0.0,0.0,0.0,0.0,0.0,0.0,26.0,0.0,0.0,26.0,0.0,0.0,32.0,0.0,0.0,32.0,0.0,0.0,0.0,0.0,0.0,0.0,"Mar 17, 2016"
155,1202022.0,25728.0,Erbil,Erbil,Erbil-Qushtappa,قوشتبة,36.0041243,44.03728962,195.0,1170.0,129.0,0.0,0.0,0.0,0.0,0.0,66.0,0.0,0.0,0.0,0.0,0.0,0.0,0.0,0.0,0.0,0.0,0.0,0.0,0.0,0.0,0.0,0.0,0.0,0.0,0.0,195.0,0.0,0.0,195.0,0.0,0.0,0.0,0.0,0.0,0.0,0.0,0.0,129.0,0.0,0.0,129.0,0.0,0.0,66.0,0.0,0.0,66.0,0.0,0.0,0.0,0.0,0.0,0.0,0.0,0.0,"Mar 17, 2016"
156,1202023.0,24909.0,Erbil,Erbil,Gazna,كزنه,36.2795931892,43.9344967279,210.0,1260.0,0.0,0.0,0.0,0.0,0.0,0.0,0.0,0.0,0.0,0.0,0.0,0.0,210.0,0.0,0.0,0.0,0.0,0.0,0.0,0.0,0.0,0.0,0.0,0.0,0.0,0.0,210.0,0.0,0.0,210.0,0.0,0.0,0.0,0.0,0.0,0.0,0.0,0.0,0.0,0.0,210.0,0.0,0.0,210.0,0.0,0.0,0.0,0.0,0.0,0.0,0.0,0.0,0.0,0.0,0.0,0.0,"Mar 17, 2016"
157,1202024.0,24419.0,Erbil,Erbil,Ganjan,كنجان,36.2888225282,44.0348909999,800.0,4800.0,115.0,0.0,0.0,0.0,0.0,0.0,0.0,0.0,0.0,0.0,0.0,0.0,650.0,0.0,35.0,0.0,0.0,0.0,0.0,0.0,0.0,0.0,0.0,0.0,0.0,0.0,800.0,0.0,0.0,800.0,0.0,0.0,0.0,0.0,0.0,0.0,0.0,0.0,70.0,0.0,650.0,70.0,35.0,650.0,0.0,35.0,45.0,0.0,0.0,45.0,0.0,0.0,0.0,0.0,0.0,0.0,"Mar 17, 2016"
158,1202025.0,25973.0,Erbil,Erbil,Harem,هريم,36.119372256,44.0630427,232.0,1392.0,172.0,0.0,0.0,0.0,0.0,0.0,0.0,0.0,0.0,0.0,0.0,0.0,60.0,0.0,0.0,0.0,0.0,0.0,0.0,0.0,0.0,0.0,0.0,0.0,0.0,0.0,232.0,0.0,0.0,232.0,0.0,0.0,0.0,0.0,0.0,0.0,0.0,0.0,0.0,0.0,60.0,0.0,0.0,60.0,0.0,0.0,172.0,0.0,0.0,172.0,0.0,0.0,0.0,0.0,0.0,0.0,"Mar 17, 2016"
159,1202026.0,24608.0,Erbil,Erbil,Harsham 1,هرشم 1,36.25869333,43.99399142,81.0,486.0,0.0,0.0,0.0,0.0,0.0,0.0,0.0,0.0,0.0,0.0,0.0,0.0,81.0,0.0,0.0,0.0,0.0,0.0,0.0,0.0,0.0,0.0,0.0,0.0,0.0,0.0,81.0,0.0,0.0,81.0,0.0,0.0,0.0,0.0,0.0,0.0,0.0,0.0,0.0,0.0,0.0,0.0,81.0,0.0,0.0,81.0,0.0,0.0,0.0,0.0,0.0,0.0,0.0,0.0,0.0,0.0,"Mar 17, 2016"
160,1202027.0,24417.0,Erbil,Erbil,Harsham 2,هرشم 2,36.30229,44.03502,245.0,1470.0,85.0,0.0,0.0,0.0,0.0,0.0,0.0,0.0,0.0,0.0,0.0,0.0,49.0,0.0,111.0,0.0,0.0,0.0,0.0,0.0,0.0,0.0,0.0,0.0,0.0,0.0,245.0,0.0,0.0,245.0,0.0,0.0,0.0,0.0,0.0,0.0,0.0,0.0,85.0,0.0,49.0,85.0,111.0,49.0,0.0,111.0,0.0,0.0,0.0,0.0,0.0,0.0,0.0,0.0,0.0,0.0,"Mar 17, 2016"
161,1202028.0,24418.0,Erbil,Erbil,Harsham 3,هرشم 3,36.2936859,44.0203819,385.0,2310.0,147.0,0.0,0.0,0.0,0.0,0.0,0.0,0.0,0.0,0.0,0.0,0.0,168.0,0.0,70.0,0.0,0.0,0.0,0.0,0.0,0.0,0.0,0.0,0.0,0.0,0.0,385.0,0.0,0.0,385.0,0.0,0.0,0.0,0.0,0.0,0.0,0.0,0.0,60.0,0.0,168.0,60.0,70.0,168.0,0.0,70.0,87.0,0.0,0.0,87.0,0.0,0.0,0.0,0.0,0.0,0.0,"Mar 17, 2016"
162,1202029.0,24606.0,Erbil,Erbil,Harshm,مخيم هرشم,36.2562479,43.9953875,271.0,1626.0,0.0,0.0,0.0,0.0,0.0,0.0,0.0,0.0,0.0,0.0,0.0,0.0,271.0,0.0,0.0,0.0,0.0,0.0,271.0,0.0,0.0,0.0,0.0,0.0,0.0,0.0,0.0,0.0,0.0,0.0,0.0,0.0,0.0,0.0,0.0,0.0,0.0,0.0,0.0,0.0,0.0,0.0,271.0,0.0,0.0,271.0,0.0,0.0,0.0,0.0,0.0,0.0,0.0,0.0,0.0,0.0,"Mar 17, 2016"
163,1202030.0,20790.0,Erbil,Erbil,Havalan,هفالان,36.1898498,44.0489734744,462.0,2772.0,366.0,0.0,0.0,0.0,0.0,0.0,0.0,0.0,0.0,0.0,0.0,0.0,53.0,0.0,43.0,0.0,0.0,0.0,0.0,0.0,0.0,0.0,0.0,0.0,0.0,0.0,462.0,0.0,0.0,462.0,0.0,0.0,0.0,0.0,0.0,0.0,0.0,0.0,247.0,0.0,96.0,247.0,0.0,96.0,0.0,0.0,119.0,0.0,0.0,119.0,0.0,0.0,0.0,0.0,0.0,0.0,"Mar 17, 2016"
164,1202031.0,25473.0,Erbil,Erbil,Hawler city,هولير ستي,36.1840284,44.1229225,152.0,912.0,85.0,0.0,0.0,0.0,0.0,0.0,0.0,0.0,0.0,0.0,0.0,0.0,67.0,0.0,0.0,0.0,0.0,0.0,0.0,0.0,0.0,0.0,0.0,0.0,0.0,0.0,152.0,0.0,0.0,152.0,0.0,0.0,0.0,0.0,0.0,0.0,0.0,0.0,24.0,0.0,67.0,24.0,0.0,67.0,0.0,0.0,61.0,0.0,0.0,61.0,0.0,0.0,0.0,0.0,0.0,0.0,"Mar 17, 2016"
165,1202032.0,13668.0,Erbil,Erbil,Hay Askary,حي عسكري,36.1725082,43.9734006,1127.0,6762.0,715.0,0.0,0.0,0.0,0.0,0.0,0.0,0.0,0.0,0.0,0.0,0.0,412.0,0.0,0.0,0.0,0.0,0.0,0.0,0.0,0.0,0.0,0.0,0.0,0.0,0.0,1127.0,0.0,0.0,1127.0,0.0,0.0,0.0,0.0,0.0,0.0,0.0,0.0,498.0,0.0,412.0,498.0,0.0,412.0,0.0,0.0,217.0,0.0,0.0,217.0,0.0,0.0,0.0,0.0,0.0,0.0,"Mar 17, 2016"
166,1202033.0,25470.0,Erbil,Erbil,Heran City,هيران ستي,36.1691321,44.1246584,265.0,1590.0,165.0,0.0,0.0,0.0,0.0,0.0,0.0,0.0,0.0,0.0,0.0,0.0,70.0,0.0,30.0,0.0,0.0,0.0,0.0,0.0,0.0,0.0,0.0,0.0,0.0,0.0,265.0,0.0,0.0,265.0,0.0,0.0,0.0,0.0,0.0,0.0,0.0,0.0,165.0,0.0,70.0,165.0,30.0,70.0,0.0,30.0,0.0,0.0,0.0,0.0,0.0,0.0,0.0,0.0,0.0,0.0,"Mar 17, 2016"
167,1202034.0,25727.0,Erbil,Erbil,Kani Qarzhala,كاني قرشالة,36.2067298,43.8592122,194.0,1164.0,8.0,0.0,0.0,0.0,0.0,0.0,0.0,0.0,0.0,0.0,0.0,0.0,186.0,0.0,0.0,0.0,0.0,0.0,0.0,0.0,0.0,0.0,0.0,0.0,0.0,0.0,194.0,0.0,0.0,194.0,0.0,0.0,0.0,0.0,0.0,0.0,0.0,0.0,0.0,0.0,186.0,0.0,0.0,186.0,0.0,0.0,8.0,0.0,0.0,8.0,0.0,0.0,0.0,0.0,0.0,0.0,"Mar 17, 2016"
168,1202035.0,25840.0,Erbil,Erbil,Kasnazan-1 Shubat,كسنزان-ا شباط,36.208085,44.1509693,142.0,852.0,142.0,0.0,0.0,0.0,0.0,0.0,0.0,0.0,0.0,0.0,0.0,0.0,0.0,0.0,0.0,0.0,0.0,0.0,0.0,0.0,0.0,0.0,0.0,0.0,0.0,0.0,142.0,0.0,0.0,142.0,0.0,0.0,0.0,0.0,0.0,0.0,0.0,0.0,0.0,0.0,0.0,0.0,0.0,0.0,0.0,0.0,142.0,0.0,0.0,142.0,0.0,0.0,0.0,0.0,0.0,0.0,"Mar 17, 2016"
169,1202036.0,25630.0,Erbil,Erbil,Kawa Collective,مجمع كاوه,35.9790143,44.0373527,400.0,2400.0,400.0,0.0,0.0,0.0,0.0,0.0,0.0,0.0,0.0,0.0,0.0,0.0,0.0,0.0,0.0,0.0,0.0,0.0,0.0,0.0,0.0,0.0,0.0,0.0,0.0,0.0,400.0,0.0,0.0,400.0,0.0,0.0,0.0,0.0,0.0,0.0,0.0,0.0,0.0,0.0,0.0,0.0,0.0,0.0,0.0,0.0,400.0,0.0,0.0,400.0,0.0,0.0,0.0,0.0,0.0,0.0,"Mar 17, 2016"
170,1202037.0,25730.0,Erbil,Shaqlawa,Kawergosk-Bastora,كوركوسك-بستورة,36.33778528,44.16778024,50.0,300.0,0.0,0.0,0.0,0.0,0.0,0.0,0.0,0.0,0.0,0.0,0.0,0.0,50.0,0.0,0.0,0.0,0.0,0.0,0.0,0.0,0.0,0.0,0.0,0.0,0.0,0.0,50.0,0.0,0.0,50.0,0.0,0.0,0.0,0.0,0.0,0.0,0.0,0.0,0.0,0.0,0.0,0.0,50.0,0.0,0.0,50.0,0.0,0.0,0.0,0.0,0.0,0.0,0.0,0.0,0.0,0.0,"Mar 17, 2016"
171,1202038.0,25729.0,Erbil,Erbil,Darashakran,داره شكران,36.4044152,43.9964362,46.0,276.0,0.0,0.0,0.0,0.0,0.0,0.0,0.0,0.0,0.0,0.0,0.0,0.0,46.0,0.0,0.0,0.0,0.0,0.0,0.0,0.0,0.0,0.0,0.0,0.0,0.0,0.0,46.0,0.0,0.0,46.0,0.0,0.0,0.0,0.0,0.0,0.0,0.0,0.0,0.0,0.0,0.0,0.0,46.0,0.0,0.0,46.0,0.0,0.0,0.0,0.0,0.0,0.0,0.0,0.0,0.0,0.0,"Mar 17, 2016"
172,1202039.0,13472.0,Erbil,Erbil,Kawergosk,كوركوسك,36.3479462,43.8055085,520.0,3120.0,0.0,0.0,0.0,0.0,0.0,0.0,0.0,0.0,0.0,0.0,0.0,0.0,354.0,0.0,166.0,0.0,0.0,0.0,0.0,0.0,0.0,0.0,0.0,0.0,0.0,0.0,520.0,0.0,0.0,520.0,0.0,0.0,0.0,0.0,0.0,0.0,0.0,0.0,0.0,0.0,520.0,0.0,0.0,520.0,0.0,0.0,0.0,0.0,0.0,0.0,0.0,0.0,0.0,0.0,0.0,0.0,"Mar 17, 2016"
173,1202040.0,12821.0,Erbil,Erbil,Khabat,خبات,36.2768827,43.6727879,4075.0,24450.0,1155.0,0.0,0.0,0.0,0.0,0.0,265.0,0.0,0.0,0.0,0.0,0.0,2655.0,0.0,0.0,0.0,0.0,0.0,0.0,0.0,0.0,0.0,0.0,0.0,0.0,0.0,4075.0,0.0,0.0,4075.0,0.0,0.0,0.0,0.0,0.0,0.0,0.0,0.0,437.0,0.0,2083.0,437.0,572.0,2083.0,265.0,572.0,718.0,265.0,0.0,718.0,0.0,0.0,0.0,0.0,0.0,0.0,"Mar 17, 2016"
174,1202041.0,23908.0,Erbil,Erbil,Al Qala(Hay khanaqa),القلعه(حي خانقا),36.192393,44.0154977,26.0,156.0,26.0,0.0,0.0,0.0,0.0,0.0,0.0,0.0,0.0,0.0,0.0,0.0,0.0,0.0,0.0,0.0,0.0,0.0,0.0,0.0,16.0,0.0,0.0,0.0,0.0,0.0,10.0,0.0,0.0,10.0,0.0,0.0,0.0,0.0,0.0,0.0,0.0,0.0,3.0,0.0,0.0,3.0,0.0,0.0,0.0,0.0,23.0,0.0,0.0,23.0,0.0,0.0,0.0,0.0,0.0,0.0,"Mar 17, 2016"
175,1202042.0,21549.0,Erbil,Erbil,Khoragr,خوراكر,36.2060292,44.1358426,135.0,810.0,82.0,0.0,0.0,0.0,0.0,0.0,0.0,0.0,0.0,0.0,0.0,0.0,53.0,0.0,0.0,0.0,0.0,0.0,0.0,0.0,0.0,0.0,0.0,0.0,0.0,0.0,135.0,0.0,0.0,135.0,0.0,0.0,0.0,0.0,0.0,0.0,0.0,0.0,82.0,0.0,53.0,82.0,0.0,53.0,0.0,0.0,0.0,0.0,0.0,0.0,0.0,0.0,0.0,0.0,0.0,0.0,"Mar 17, 2016"
176,1202043.0,21671.0,Erbil,Erbil,Kurd Stan,كوردستان,36.1235817,44.0512551,200.0,1200.0,140.0,0.0,0.0,0.0,0.0,0.0,0.0,0.0,0.0,0.0,0.0,0.0,60.0,0.0,0.0,0.0,0.0,0.0,0.0,0.0,0.0,0.0,0.0,0.0,0.0,0.0,200.0,0.0,0.0,200.0,0.0,0.0,0.0,0.0,0.0,0.0,0.0,0.0,90.0,0.0,60.0,90.0,0.0,60.0,0.0,0.0,50.0,0.0,0.0,50.0,0.0,0.0,0.0,0.0,0.0,0.0,"Mar 17, 2016"
177,1202044.0,23931.0,Erbil,Erbil,Lawan city,لاوان ستي,36.1888856,44.1239667,600.0,3600.0,422.0,0.0,0.0,0.0,0.0,0.0,0.0,0.0,0.0,0.0,0.0,0.0,94.0,0.0,84.0,0.0,0.0,0.0,0.0,0.0,0.0,0.0,0.0,0.0,0.0,0.0,600.0,0.0,0.0,600.0,0.0,0.0,0.0,0.0,0.0,0.0,0.0,0.0,422.0,0.0,112.0,422.0,66.0,112.0,0.0,66.0,0.0,0.0,0.0,0.0,0.0,0.0,0.0,0.0,0.0,0.0,"Mar 17, 2016"
178,1202045.0,12825.0,Erbil,Erbil,Mala Omar,ملا عمر,36.2994883,44.1369149,529.0,3174.0,198.0,0.0,0.0,0.0,0.0,0.0,45.0,0.0,0.0,0.0,0.0,0.0,123.0,0.0,163.0,0.0,0.0,0.0,0.0,0.0,0.0,0.0,0.0,0.0,0.0,0.0,529.0,0.0,0.0,529.0,0.0,0.0,0.0,0.0,0.0,0.0,0.0,0.0,85.0,0.0,123.0,85.0,163.0,123.0,45.0,163.0,113.0,45.0,0.0,113.0,0.0,0.0,0.0,0.0,0.0,0.0,"Mar 17, 2016"
179,1202046.0,21247.0,Erbil,Erbil,Mamostayan,ماموستايان,36.1508071372,44.036978,583.0,3498.0,343.0,0.0,0.0,0.0,0.0,0.0,0.0,0.0,0.0,0.0,0.0,0.0,137.0,0.0,103.0,0.0,0.0,0.0,0.0,0.0,0.0,0.0,0.0,0.0,0.0,0.0,583.0,0.0,0.0,583.0,0.0,0.0,0.0,0.0,0.0,0.0,0.0,0.0,183.0,0.0,240.0,183.0,0.0,240.0,0.0,0.0,160.0,0.0,0.0,160.0,0.0,0.0,0.0,0.0,0.0,0.0,"Mar 17, 2016"
180,1202047.0,12826.0,Erbil,Erbil,Mamzawa,مامزاوه,36.11909237,43.963592,1145.0,6870.0,251.0,0.0,0.0,0.0,0.0,0.0,0.0,0.0,0.0,0.0,0.0,0.0,842.0,0.0,52.0,0.0,0.0,0.0,0.0,0.0,0.0,0.0,0.0,0.0,0.0,0.0,1145.0,0.0,0.0,1145.0,0.0,0.0,0.0,0.0,0.0,0.0,0.0,0.0,148.0,0.0,842.0,148.0,52.0,842.0,0.0,52.0,103.0,0.0,0.0,103.0,0.0,0.0,0.0,0.0,0.0,0.0,"Mar 17, 2016"
181,1202048.0,20986.0,Erbil,Erbil,Martshmony,مارت شموني,36.23531925,43.9874456,793.0,4758.0,390.0,0.0,0.0,0.0,0.0,0.0,0.0,0.0,0.0,0.0,0.0,0.0,403.0,0.0,0.0,0.0,0.0,0.0,0.0,0.0,0.0,0.0,0.0,0.0,0.0,0.0,793.0,0.0,0.0,793.0,0.0,0.0,0.0,0.0,0.0,0.0,0.0,0.0,230.0,0.0,403.0,230.0,0.0,403.0,0.0,0.0,160.0,0.0,0.0,160.0,0.0,0.0,0.0,0.0,0.0,0.0,"Mar 17, 2016"
182,1202049.0,23766.0,Erbil,Erbil,Mustawfi,مستوفي,36.1956404,44.01088,482.0,2892.0,448.0,0.0,0.0,0.0,0.0,0.0,0.0,0.0,0.0,0.0,0.0,0.0,0.0,0.0,34.0,0.0,0.0,0.0,0.0,0.0,0.0,0.0,0.0,0.0,0.0,0.0,482.0,0.0,0.0,482.0,0.0,0.0,0.0,0.0,0.0,0.0,0.0,0.0,342.0,0.0,34.0,342.0,0.0,34.0,0.0,0.0,106.0,0.0,0.0,106.0,0.0,0.0,0.0,0.0,0.0,0.0,"Mar 17, 2016"
183,1202050.0,22825.0,Erbil,Erbil,Nawroz-Banslawa,نوروز-بنصلاوة,36.1547614,44.1213228,97.0,582.0,38.0,0.0,0.0,0.0,0.0,0.0,0.0,0.0,0.0,0.0,0.0,0.0,44.0,0.0,15.0,0.0,0.0,0.0,0.0,0.0,0.0,0.0,0.0,0.0,0.0,0.0,97.0,0.0,0.0,97.0,0.0,0.0,0.0,0.0,0.0,0.0,0.0,0.0,23.0,0.0,44.0,23.0,15.0,44.0,0.0,15.0,15.0,0.0,0.0,15.0,0.0,0.0,0.0,0.0,0.0,0.0,"Mar 17, 2016"
184,1202051.0,24507.0,Erbil,Erbil,Nisthtiman Comercial Complex,مجمع نشتيمان التجاري,36.18636499,44.011834,272.0,1632.0,0.0,0.0,0.0,0.0,0.0,0.0,0.0,0.0,0.0,0.0,0.0,0.0,272.0,0.0,0.0,0.0,0.0,0.0,0.0,0.0,0.0,272.0,0.0,0.0,272.0,0.0,0.0,0.0,0.0,0.0,0.0,0.0,0.0,0.0,0.0,0.0,0.0,0.0,0.0,0.0,0.0,0.0,272.0,0.0,0.0,272.0,0.0,0.0,0.0,0.0,0.0,0.0,0.0,0.0,0.0,0.0,"Mar 17, 2016"
185,1202052.0,24666.0,Erbil,Erbil,Nisthtiman Comercial Complex-2,مجمع نشتمان التجاري-2,36.1961,44.0241,30.0,180.0,0.0,0.0,0.0,0.0,0.0,0.0,0.0,0.0,0.0,0.0,0.0,0.0,30.0,0.0,0.0,0.0,0.0,0.0,0.0,0.0,0.0,0.0,0.0,0.0,0.0,0.0,0.0,0.0,0.0,0.0,0.0,0.0,0.0,0.0,30.0,0.0,0.0,30.0,0.0,0.0,0.0,0.0,30.0,0.0,0.0,30.0,0.0,0.0,0.0,0.0,0.0,0.0,0.0,0.0,0.0,0.0,"Mar 17, 2016"
186,1202053.0,24607.0,Erbil,Erbil,Nobel,نوبل,36.25940634,44.00077418,83.0,498.0,0.0,0.0,0.0,0.0,0.0,0.0,0.0,0.0,0.0,0.0,0.0,0.0,83.0,0.0,0.0,0.0,0.0,0.0,0.0,0.0,0.0,0.0,0.0,0.0,0.0,0.0,83.0,0.0,0.0,83.0,0.0,0.0,0.0,0.0,0.0,0.0,0.0,0.0,0.0,0.0,0.0,0.0,83.0,0.0,0.0,83.0,0.0,0.0,0.0,0.0,0.0,0.0,0.0,0.0,0.0,0.0,"Mar 17, 2016"
187,1202054.0,24665.0,Erbil,Erbil,Ozal city,مجمع اوزال,36.2284606,44.1425575,1300.0,7800.0,414.0,0.0,0.0,0.0,0.0,0.0,0.0,0.0,0.0,0.0,0.0,0.0,886.0,0.0,0.0,0.0,0.0,0.0,0.0,0.0,0.0,0.0,0.0,0.0,0.0,886.0,414.0,886.0,0.0,414.0,0.0,0.0,0.0,0.0,0.0,0.0,0.0,0.0,229.0,0.0,886.0,229.0,0.0,886.0,0.0,0.0,185.0,0.0,0.0,185.0,0.0,0.0,0.0,0.0,0.0,0.0,"Mar 17, 2016"
188,1202056.0,13199.0,Erbil,Erbil,Pirzeen,بيرزين,36.2673322,44.0703735,725.0,4350.0,450.0,0.0,0.0,0.0,0.0,0.0,0.0,0.0,0.0,0.0,0.0,0.0,74.0,0.0,201.0,0.0,0.0,0.0,0.0,0.0,0.0,0.0,0.0,18.0,0.0,0.0,700.0,0.0,0.0,700.0,0.0,0.0,0.0,0.0,7.0,0.0,0.0,7.0,232.0,0.0,74.0,232.0,201.0,74.0,0.0,201.0,218.0,0.0,0.0,218.0,0.0,0.0,0.0,0.0,0.0,0.0,"Mar 17, 2016"
189,1202057.0,13400.0,Erbil,Erbil,Qushtapa center,مركز قوشتبة,36.00809847,44.03730797,185.0,1110.0,145.0,0.0,0.0,0.0,0.0,0.0,40.0,0.0,0.0,0.0,0.0,0.0,0.0,0.0,0.0,0.0,0.0,0.0,0.0,0.0,0.0,0.0,0.0,0.0,0.0,0.0,185.0,0.0,0.0,185.0,0.0,0.0,0.0,0.0,0.0,0.0,0.0,0.0,145.0,0.0,0.0,145.0,0.0,0.0,40.0,0.0,0.0,40.0,0.0,0.0,0.0,0.0,0.0,0.0,0.0,0.0,"Mar 17, 2016"
190,1202059.0,13670.0,Erbil,Erbil,Rasti Qr,حي راستي,36.1484431251,44.0174735883,200.0,1200.0,160.0,0.0,0.0,0.0,0.0,0.0,0.0,0.0,0.0,0.0,0.0,0.0,40.0,0.0,0.0,0.0,0.0,0.0,0.0,0.0,0.0,0.0,0.0,0.0,0.0,0.0,200.0,0.0,0.0,200.0,0.0,0.0,0.0,0.0,0.0,0.0,0.0,0.0,160.0,0.0,40.0,160.0,0.0,40.0,0.0,0.0,0.0,0.0,0.0,0.0,0.0,0.0,0.0,0.0,0.0,0.0,"Mar 17, 2016"
191,1202060.0,21899.0,Erbil,Erbil,Rizgari,رزكاري,36.2797368,43.7341817,2020.0,12120.0,732.0,0.0,0.0,0.0,0.0,0.0,0.0,0.0,0.0,0.0,0.0,0.0,956.0,0.0,332.0,0.0,0.0,0.0,0.0,0.0,0.0,0.0,0.0,0.0,0.0,0.0,2020.0,0.0,0.0,2020.0,0.0,0.0,0.0,0.0,0.0,0.0,0.0,0.0,314.0,0.0,1288.0,314.0,0.0,1288.0,0.0,0.0,418.0,0.0,0.0,418.0,0.0,0.0,0.0,0.0,0.0,0.0,"Mar 17, 2016"
192,1202061.0,20997.0,Erbil,Erbil,Runaki,روناكي,36.16957159,44.01818971,68.0,408.0,54.0,0.0,0.0,0.0,0.0,0.0,0.0,0.0,0.0,0.0,0.0,0.0,14.0,0.0,0.0,0.0,0.0,0.0,0.0,0.0,0.0,0.0,0.0,0.0,0.0,0.0,68.0,0.0,0.0,68.0,0.0,0.0,0.0,0.0,0.0,0.0,0.0,0.0,0.0,0.0,14.0,0.0,0.0,14.0,0.0,0.0,54.0,0.0,0.0,54.0,0.0,0.0,0.0,0.0,0.0,0.0,"Mar 17, 2016"
193,1202063.0,11777.0,Erbil,Erbil,Sebardan,سيبردان,36.2173603,44.098166,640.0,3840.0,235.0,0.0,0.0,0.0,0.0,0.0,0.0,0.0,0.0,0.0,0.0,0.0,310.0,0.0,95.0,0.0,0.0,0.0,0.0,0.0,0.0,0.0,0.0,0.0,0.0,0.0,640.0,0.0,0.0,640.0,0.0,0.0,0.0,0.0,0.0,0.0,0.0,0.0,147.0,0.0,310.0,147.0,95.0,310.0,0.0,95.0,88.0,0.0,0.0,88.0,0.0,0.0,0.0,0.0,0.0,0.0,"Mar 17, 2016"
194,1202064.0,25779.0,Erbil,Erbil,Sector 128-Ashti Camp,مخيم آشتي,36.23302,44.00958,183.0,1098.0,0.0,0.0,0.0,0.0,0.0,0.0,0.0,0.0,0.0,0.0,0.0,0.0,183.0,0.0,0.0,0.0,0.0,0.0,183.0,0.0,0.0,0.0,0.0,0.0,0.0,0.0,0.0,0.0,0.0,0.0,0.0,0.0,0.0,0.0,0.0,0.0,0.0,0.0,0.0,0.0,0.0,0.0,183.0,0.0,0.0,183.0,0.0,0.0,0.0,0.0,0.0,0.0,0.0,0.0,0.0,0.0,"Mar 17, 2016"
195,1202065.0,23911.0,Erbil,Erbil,Saydawa,سيداوه,36.18265039,44.0183669,62.0,372.0,38.0,0.0,0.0,0.0,0.0,0.0,0.0,0.0,0.0,0.0,0.0,0.0,24.0,0.0,0.0,0.0,0.0,0.0,0.0,0.0,0.0,0.0,0.0,0.0,0.0,0.0,62.0,0.0,0.0,62.0,0.0,0.0,0.0,0.0,0.0,0.0,0.0,0.0,0.0,0.0,24.0,0.0,0.0,24.0,0.0,0.0,38.0,0.0,0.0,38.0,0.0,0.0,0.0,0.0,0.0,0.0,"Mar 17, 2016"
196,1202066.0,25469.0,Erbil,Erbil,Shahan city,شاهان ستي,36.2281327,44.1237281,1086.0,6516.0,592.0,0.0,0.0,0.0,0.0,0.0,0.0,0.0,0.0,0.0,0.0,0.0,244.0,0.0,250.0,0.0,0.0,0.0,0.0,0.0,0.0,0.0,0.0,0.0,0.0,0.0,1086.0,0.0,0.0,1086.0,0.0,0.0,0.0,0.0,0.0,0.0,0.0,0.0,80.0,0.0,244.0,80.0,250.0,244.0,0.0,250.0,512.0,0.0,0.0,512.0,0.0,0.0,0.0,0.0,0.0,0.0,"Mar 17, 2016"
197,1202067.0,11711.0,Erbil,Erbil,Shakholan,شاخولان,36.3905913,43.8691528,75.0,450.0,0.0,0.0,0.0,0.0,0.0,0.0,0.0,0.0,0.0,0.0,0.0,0.0,75.0,0.0,0.0,0.0,0.0,0.0,0.0,0.0,0.0,0.0,0.0,0.0,0.0,0.0,75.0,0.0,0.0,75.0,0.0,0.0,0.0,0.0,0.0,0.0,0.0,0.0,0.0,0.0,0.0,0.0,75.0,0.0,0.0,75.0,0.0,0.0,0.0,0.0,0.0,0.0,0.0,0.0,0.0,0.0,"Mar 17, 2016"
198,1202068.0,21250.0,Erbil,Erbil,Sharawany,شارواني,36.15207267,44.04232369,250.0,1500.0,140.0,0.0,0.0,0.0,0.0,0.0,0.0,0.0,0.0,0.0,0.0,0.0,45.0,0.0,65.0,0.0,0.0,0.0,0.0,0.0,0.0,0.0,0.0,0.0,0.0,0.0,250.0,0.0,0.0,250.0,0.0,0.0,0.0,0.0,0.0,0.0,0.0,0.0,0.0,0.0,110.0,0.0,0.0,110.0,0.0,0.0,140.0,0.0,0.0,140.0,0.0,0.0,0.0,0.0,0.0,0.0,"Mar 17, 2016"
199,1202069.0,11709.0,Erbil,Erbil,Shawes,شاويس,36.2481314,44.08581,805.0,4830.0,283.0,0.0,0.0,0.0,0.0,0.0,0.0,0.0,0.0,0.0,0.0,0.0,522.0,0.0,0.0,0.0,0.0,0.0,0.0,0.0,0.0,0.0,0.0,0.0,0.0,0.0,805.0,0.0,0.0,805.0,0.0,0.0,0.0,0.0,0.0,0.0,0.0,0.0,226.0,0.0,522.0,226.0,0.0,522.0,0.0,0.0,57.0,0.0,0.0,57.0,0.0,0.0,0.0,0.0,0.0,0.0,"Mar 17, 2016"
200,1202070.0,22076.0,Erbil,Erbil,Shorsh,شورش,36.2069515,44.0199460456,156.0,936.0,67.0,0.0,0.0,0.0,0.0,0.0,0.0,0.0,0.0,0.0,0.0,0.0,64.0,0.0,25.0,0.0,0.0,0.0,0.0,0.0,25.0,0.0,0.0,0.0,0.0,0.0,131.0,0.0,0.0,131.0,0.0,0.0,0.0,0.0,0.0,0.0,0.0,0.0,67.0,0.0,89.0,67.0,0.0,89.0,0.0,0.0,0.0,0.0,0.0,0.0,0.0,0.0,0.0,0.0,0.0,0.0,"Mar 17, 2016"
201,1202071.0,21251.0,Erbil,Erbil,Setaqan,سيطاقان,36.1896505,44.0291689,380.0,2280.0,255.0,0.0,0.0,0.0,0.0,0.0,0.0,0.0,0.0,0.0,0.0,0.0,74.0,0.0,51.0,0.0,0.0,0.0,0.0,0.0,0.0,0.0,0.0,0.0,0.0,0.0,380.0,0.0,0.0,380.0,0.0,0.0,0.0,0.0,0.0,0.0,0.0,0.0,110.0,0.0,125.0,110.0,0.0,125.0,0.0,0.0,145.0,0.0,0.0,145.0,0.0,0.0,0.0,0.0,0.0,0.0,"Mar 17, 2016"
202,1202072.0,23335.0,Erbil,Erbil,Al Qalaa(Tajeel Qr),القلعه(حي تعجيل),36.1861558,44.0085795,25.0,150.0,25.0,0.0,0.0,0.0,0.0,0.0,0.0,0.0,0.0,0.0,0.0,0.0,0.0,0.0,0.0,0.0,0.0,0.0,0.0,0.0,25.0,0.0,0.0,0.0,0.0,0.0,0.0,0.0,0.0,0.0,0.0,0.0,0.0,0.0,0.0,0.0,0.0,0.0,25.0,0.0,0.0,25.0,0.0,0.0,0.0,0.0,0.0,0.0,0.0,0.0,0.0,0.0,0.0,0.0,0.0,0.0,"Mar 17, 2016"
203,1202073.0,24159.0,Erbil,Erbil,Tayrawa,تيراوه,36.2002871,44.009707,455.0,2730.0,362.0,0.0,0.0,0.0,0.0,0.0,0.0,0.0,0.0,0.0,0.0,0.0,58.0,0.0,35.0,0.0,0.0,0.0,0.0,0.0,60.0,0.0,0.0,0.0,0.0,0.0,395.0,0.0,0.0,395.0,0.0,0.0,0.0,0.0,0.0,0.0,0.0,0.0,310.0,0.0,93.0,310.0,0.0,93.0,0.0,0.0,52.0,0.0,0.0,52.0,0.0,0.0,0.0,0.0,0.0,0.0,"Mar 17, 2016"
204,1202075.0,11706.0,Erbil,Erbil,Turaq,طورق,36.1679358,43.9379491,450.0,2700.0,0.0,0.0,0.0,0.0,0.0,0.0,172.0,0.0,0.0,0.0,0.0,0.0,278.0,0.0,0.0,0.0,0.0,0.0,0.0,0.0,0.0,0.0,0.0,0.0,0.0,0.0,450.0,0.0,0.0,450.0,0.0,0.0,0.0,0.0,0.0,0.0,0.0,0.0,0.0,0.0,278.0,0.0,0.0,278.0,172.0,0.0,0.0,172.0,0.0,0.0,0.0,0.0,0.0,0.0,0.0,0.0,"Mar 17, 2016"
205,1202076.0,24308.0,Erbil,Erbil,Zaiton Collective,مجمع زيتون,36.1370217654,44.0659664,3070.0,18420.0,2245.0,0.0,0.0,0.0,0.0,0.0,0.0,0.0,0.0,0.0,0.0,0.0,0.0,0.0,825.0,0.0,0.0,0.0,0.0,0.0,0.0,0.0,0.0,0.0,0.0,0.0,3070.0,0.0,0.0,3070.0,0.0,0.0,0.0,0.0,0.0,0.0,0.0,0.0,915.0,0.0,825.0,915.0,0.0,825.0,0.0,0.0,1330.0,0.0,0.0,1330.0,0.0,0.0,0.0,0.0,0.0,0.0,"Mar 17, 2016"
206,1202077.0,21253.0,Erbil,Erbil,Zanko,زانكو,36.1528858636,44.0337315874,1232.0,7392.0,534.0,0.0,0.0,0.0,0.0,0.0,0.0,0.0,0.0,0.0,0.0,0.0,423.0,0.0,275.0,0.0,0.0,0.0,0.0,0.0,0.0,0.0,0.0,0.0,0.0,0.0,1232.0,0.0,0.0,1232.0,0.0,0.0,0.0,0.0,0.0,0.0,0.0,0.0,242.0,0.0,698.0,242.0,0.0,698.0,0.0,0.0,292.0,0.0,0.0,292.0,0.0,0.0,0.0,0.0,0.0,0.0,"Mar 17, 2016"
207,1202078.0,24421.0,Erbil,Erbil,Zereen,زيرين,36.2847075,44.0906477,1330.0,7980.0,565.0,0.0,0.0,0.0,0.0,0.0,0.0,0.0,0.0,0.0,0.0,0.0,524.0,0.0,241.0,0.0,0.0,0.0,0.0,0.0,0.0,0.0,0.0,0.0,0.0,0.0,1330.0,0.0,0.0,1330.0,0.0,0.0,0.0,0.0,0.0,0.0,0.0,0.0,346.0,0.0,524.0,346.0,241.0,524.0,0.0,241.0,219.0,0.0,0.0,219.0,0.0,0.0,0.0,0.0,0.0,0.0,"Mar 17, 2016"
208,1202079.0,25972.0,Erbil,Erbil,Zheen,زين,36.1171242,44.0450333,150.0,900.0,90.0,0.0,0.0,0.0,0.0,0.0,0.0,0.0,0.0,0.0,0.0,0.0,35.0,0.0,25.0,0.0,0.0,0.0,0.0,0.0,0.0,0.0,0.0,0.0,0.0,0.0,150.0,0.0,0.0,150.0,0.0,0.0,0.0,0.0,0.0,0.0,0.0,0.0,0.0,0.0,35.0,0.0,25.0,35.0,0.0,25.0,90.0,0.0,0.0,90.0,0.0,0.0,0.0,0.0,0.0,0.0,"Mar 17, 2016"
209,1202080.0,25629.0,Erbil,Erbil,Zhyan,زيان,36.1259644,44.0145161129,753.0,4518.0,582.0,0.0,0.0,0.0,0.0,0.0,0.0,0.0,0.0,0.0,0.0,0.0,171.0,0.0,0.0,0.0,0.0,0.0,0.0,0.0,0.0,0.0,0.0,0.0,0.0,0.0,753.0,0.0,0.0,753.0,0.0,0.0,0.0,0.0,0.0,0.0,0.0,0.0,228.0,0.0,171.0,228.0,0.0,171.0,0.0,0.0,354.0,0.0,0.0,354.0,0.0,0.0,0.0,0.0,0.0,0.0,"Mar 17, 2016"
210,1202090.0,27133.0,Erbil,Erbil,Rustm palace center-Mar eilya,قصر رستم-مارايليا,36.23481793,43.99376597,113.0,678.0,0.0,0.0,0.0,0.0,0.0,0.0,0.0,0.0,0.0,0.0,0.0,0.0,113.0,0.0,0.0,0.0,0.0,0.0,0.0,0.0,0.0,0.0,0.0,0.0,0.0,113.0,0.0,113.0,0.0,0.0,0.0,0.0,0.0,0.0,0.0,0.0,0.0,0.0,0.0,0.0,113.0,0.0,0.0,113.0,0.0,0.0,0.0,0.0,0.0,0.0,0.0,0.0,0.0,0.0,0.0,0.0,"Mar 17, 2016"
211,1202091.0,27147.0,Erbil,Erbil,Akad,اكاد,36.2314061,43.9974796,35.0,210.0,15.0,0.0,0.0,0.0,0.0,0.0,0.0,0.0,0.0,0.0,0.0,0.0,20.0,0.0,0.0,0.0,0.0,0.0,0.0,0.0,0.0,0.0,0.0,0.0,0.0,0.0,35.0,0.0,0.0,35.0,0.0,0.0,0.0,0.0,0.0,0.0,0.0,0.0,0.0,0.0,35.0,0.0,0.0,35.0,0.0,0.0,0.0,0.0,0.0,0.0,0.0,0.0,0.0,0.0,0.0,0.0,"Mar 17, 2016"
212,1202092.0,27151.0,Erbil,Erbil,Ashti(147),اشتي(147),36.24403896,44.00229935,377.0,2262.0,0.0,0.0,0.0,0.0,0.0,0.0,0.0,0.0,0.0,0.0,0.0,0.0,377.0,0.0,0.0,0.0,0.0,0.0,0.0,0.0,0.0,0.0,0.0,219.0,0.0,0.0,0.0,0.0,0.0,0.0,0.0,0.0,0.0,0.0,158.0,0.0,0.0,158.0,0.0,0.0,0.0,0.0,377.0,0.0,0.0,377.0,0.0,0.0,0.0,0.0,0.0,0.0,0.0,0.0,0.0,0.0,"Mar 17, 2016"
213,1202093.0,27150.0,Erbil,Erbil,Ashti Camp,اشتي كمب,36.2345,44.00741,1150.0,6900.0,0.0,0.0,0.0,0.0,0.0,0.0,0.0,0.0,0.0,0.0,0.0,0.0,1150.0,0.0,0.0,0.0,0.0,0.0,1050.0,0.0,0.0,0.0,0.0,0.0,0.0,100.0,0.0,100.0,0.0,0.0,0.0,0.0,0.0,0.0,0.0,0.0,0.0,0.0,0.0,0.0,0.0,0.0,1150.0,0.0,0.0,1150.0,0.0,0.0,0.0,0.0,0.0,0.0,0.0,0.0,0.0,0.0,"Mar 17, 2016"
214,1202094.0,27148.0,Erbil,Erbil,Bahar,بهار,36.2306559,44.00225671,63.0,378.0,0.0,0.0,0.0,0.0,0.0,0.0,0.0,0.0,0.0,0.0,0.0,0.0,63.0,0.0,0.0,0.0,0.0,0.0,0.0,0.0,0.0,0.0,0.0,0.0,0.0,0.0,63.0,0.0,0.0,63.0,0.0,0.0,0.0,0.0,0.0,0.0,0.0,0.0,0.0,0.0,63.0,0.0,0.0,63.0,0.0,0.0,0.0,0.0,0.0,0.0,0.0,0.0,0.0,0.0,0.0,0.0,"Mar 17, 2016"
215,1202095.0,27138.0,Erbil,Erbil,bahrka al jadeda,بحركه الجديده,36.3020246,44.0250651,150.0,900.0,150.0,0.0,0.0,0.0,0.0,0.0,0.0,0.0,0.0,0.0,0.0,0.0,0.0,0.0,0.0,0.0,0.0,0.0,0.0,0.0,0.0,0.0,0.0,0.0,0.0,0.0,150.0,0.0,0.0,150.0,0.0,0.0,0.0,0.0,0.0,0.0,0.0,0.0,0.0,0.0,0.0,0.0,0.0,0.0,0.0,0.0,150.0,0.0,0.0,150.0,0.0,0.0,0.0,0.0,0.0,0.0,"Mar 17, 2016"
216,1202096.0,27137.0,Erbil,Erbil,Bahrka gulan,بحركه كولان,36.3047534,44.0281866,482.0,2892.0,482.0,0.0,0.0,0.0,0.0,0.0,0.0,0.0,0.0,0.0,0.0,0.0,0.0,0.0,0.0,0.0,0.0,0.0,0.0,0.0,0.0,0.0,0.0,0.0,0.0,0.0,482.0,0.0,0.0,482.0,0.0,0.0,0.0,0.0,0.0,0.0,0.0,0.0,0.0,0.0,0.0,0.0,0.0,0.0,0.0,0.0,482.0,0.0,0.0,482.0,0.0,0.0,0.0,0.0,0.0,0.0,"Mar 17, 2016"
217,1202097.0,27153.0,Erbil,Erbil,Byaban Village,قريه بيابان ,36.2627743,43.99421678,43.0,258.0,0.0,0.0,0.0,0.0,0.0,0.0,0.0,0.0,0.0,0.0,0.0,0.0,43.0,0.0,0.0,0.0,0.0,0.0,0.0,0.0,0.0,0.0,0.0,0.0,0.0,0.0,43.0,0.0,0.0,43.0,0.0,0.0,0.0,0.0,0.0,0.0,0.0,0.0,0.0,0.0,43.0,0.0,0.0,43.0,0.0,0.0,0.0,0.0,0.0,0.0,0.0,0.0,0.0,0.0,0.0,0.0,"Mar 17, 2016"
218,1202098.0,27145.0,Erbil,Erbil,Daratu-Brayati,داره تو-برايتي,36.1250998,44.0437701,180.0,1080.0,0.0,0.0,0.0,0.0,0.0,0.0,0.0,0.0,0.0,0.0,0.0,0.0,135.0,0.0,45.0,0.0,0.0,0.0,0.0,0.0,0.0,0.0,0.0,0.0,0.0,0.0,180.0,0.0,0.0,180.0,0.0,0.0,0.0,0.0,0.0,0.0,0.0,0.0,0.0,0.0,135.0,0.0,45.0,135.0,0.0,45.0,0.0,0.0,0.0,0.0,0.0,0.0,0.0,0.0,0.0,0.0,"Mar 17, 2016"
219,1202099.0,27140.0,Erbil,Erbil,Daratu-Nishtiman,داره تو-نيشتمان,36.1175062,44.0699509,180.0,1080.0,0.0,0.0,0.0,0.0,0.0,0.0,0.0,0.0,0.0,0.0,0.0,0.0,120.0,0.0,60.0,0.0,0.0,0.0,0.0,0.0,0.0,0.0,0.0,0.0,0.0,0.0,180.0,0.0,0.0,180.0,0.0,0.0,0.0,0.0,0.0,0.0,0.0,0.0,0.0,0.0,120.0,0.0,60.0,120.0,0.0,60.0,0.0,0.0,0.0,0.0,0.0,0.0,0.0,0.0,0.0,0.0,"Mar 17, 2016"
220,1202100.0,13677.0,Erbil,Erbil,Hadiab,حدياب,36.23147802,43.98783327,150.0,900.0,0.0,0.0,0.0,0.0,0.0,0.0,0.0,0.0,0.0,0.0,0.0,0.0,150.0,0.0,0.0,0.0,0.0,0.0,0.0,0.0,0.0,0.0,0.0,0.0,0.0,0.0,150.0,0.0,0.0,150.0,0.0,0.0,0.0,0.0,0.0,0.0,0.0,0.0,0.0,0.0,150.0,0.0,0.0,150.0,0.0,0.0,0.0,0.0,0.0,0.0,0.0,0.0,0.0,0.0,0.0,0.0,"Mar 17, 2016"
221,1202101.0,13686.0,Erbil,Erbil,Ishtar,عشتار,36.22972368,43.9887016765,60.0,360.0,0.0,0.0,0.0,0.0,0.0,0.0,0.0,0.0,0.0,0.0,0.0,0.0,60.0,0.0,0.0,0.0,0.0,0.0,0.0,0.0,0.0,0.0,0.0,0.0,0.0,0.0,60.0,0.0,0.0,60.0,0.0,0.0,0.0,0.0,0.0,0.0,0.0,0.0,0.0,0.0,60.0,0.0,0.0,60.0,0.0,0.0,0.0,0.0,0.0,0.0,0.0,0.0,0.0,0.0,0.0,0.0,"Mar 17, 2016"
222,1202102.0,27131.0,Erbil,Erbil,Ishtar School,مدرسه عشتار,36.22222667,43.99247262,48.0,288.0,0.0,0.0,0.0,0.0,0.0,0.0,0.0,0.0,0.0,0.0,0.0,0.0,48.0,0.0,0.0,0.0,0.0,0.0,0.0,0.0,0.0,0.0,0.0,0.0,0.0,0.0,0.0,0.0,0.0,0.0,0.0,0.0,48.0,0.0,0.0,48.0,0.0,0.0,0.0,0.0,0.0,0.0,48.0,0.0,0.0,48.0,0.0,0.0,0.0,0.0,0.0,0.0,0.0,0.0,0.0,0.0,"Mar 17, 2016"
223,1202103.0,27152.0,Erbil,Erbil,Karez,كاريز,36.22730808,43.99660688,492.0,2952.0,0.0,0.0,0.0,0.0,0.0,0.0,0.0,0.0,0.0,0.0,0.0,0.0,492.0,0.0,0.0,0.0,0.0,0.0,0.0,0.0,0.0,0.0,0.0,0.0,0.0,0.0,492.0,0.0,0.0,492.0,0.0,0.0,0.0,0.0,0.0,0.0,0.0,0.0,0.0,0.0,492.0,0.0,0.0,492.0,0.0,0.0,0.0,0.0,0.0,0.0,0.0,0.0,0.0,0.0,0.0,0.0,"Mar 17, 2016"
224,1202104.0,27136.0,Erbil,Erbil,Lebanon Village,قريه لبنانيه ,36.2617,44.011,55.0,330.0,0.0,0.0,0.0,0.0,0.0,0.0,0.0,0.0,0.0,0.0,0.0,0.0,55.0,0.0,0.0,0.0,0.0,0.0,0.0,0.0,0.0,0.0,0.0,0.0,0.0,0.0,55.0,0.0,0.0,55.0,0.0,0.0,0.0,0.0,0.0,0.0,0.0,0.0,0.0,0.0,55.0,0.0,0.0,55.0,0.0,0.0,0.0,0.0,0.0,0.0,0.0,0.0,0.0,0.0,0.0,0.0,"Mar 17, 2016"
225,1202105.0,27135.0,Erbil,Erbil,Pank Village,قريه بانك ,36.26133796,43.9896716532,18.0,108.0,0.0,0.0,0.0,0.0,0.0,0.0,0.0,0.0,0.0,0.0,0.0,0.0,18.0,0.0,0.0,0.0,0.0,0.0,0.0,0.0,0.0,0.0,0.0,0.0,0.0,0.0,18.0,0.0,0.0,18.0,0.0,0.0,0.0,0.0,0.0,0.0,0.0,0.0,0.0,0.0,18.0,0.0,0.0,18.0,0.0,0.0,0.0,0.0,0.0,0.0,0.0,0.0,0.0,0.0,0.0,0.0,"Mar 17, 2016"
226,1202106.0,27134.0,Erbil,Erbil,Rustm palace center,مركز قصر رستم ,36.23674921,43.99372986,785.0,4710.0,0.0,0.0,0.0,0.0,0.0,0.0,0.0,0.0,0.0,0.0,0.0,0.0,785.0,0.0,0.0,0.0,0.0,0.0,0.0,0.0,0.0,0.0,0.0,0.0,0.0,0.0,785.0,0.0,0.0,785.0,0.0,0.0,0.0,0.0,0.0,0.0,0.0,0.0,0.0,0.0,785.0,0.0,0.0,785.0,0.0,0.0,0.0,0.0,0.0,0.0,0.0,0.0,0.0,0.0,0.0,0.0,"Mar 17, 2016"
227,1202107.0,27132.0,Erbil,Erbil,Rustm palace center-Karma complex,قصر رستم-مجمع كرمه,36.23951204,43.98975706,74.0,444.0,0.0,0.0,0.0,0.0,0.0,0.0,0.0,0.0,0.0,0.0,0.0,0.0,74.0,0.0,0.0,0.0,0.0,0.0,0.0,0.0,0.0,0.0,0.0,0.0,0.0,0.0,0.0,0.0,0.0,0.0,0.0,0.0,0.0,0.0,74.0,0.0,0.0,74.0,0.0,0.0,74.0,0.0,0.0,74.0,0.0,0.0,0.0,0.0,0.0,0.0,0.0,0.0,0.0,0.0,0.0,0.0,"Mar 17, 2016"
228,1202108.0,27149.0,Erbil,Erbil,Somar,سومر,36.22587316,44.00187593,100.0,600.0,0.0,0.0,0.0,0.0,0.0,0.0,0.0,0.0,0.0,0.0,0.0,0.0,87.0,0.0,13.0,0.0,0.0,0.0,0.0,0.0,0.0,0.0,0.0,0.0,0.0,0.0,100.0,0.0,0.0,100.0,0.0,0.0,0.0,0.0,0.0,0.0,0.0,0.0,0.0,0.0,100.0,0.0,0.0,100.0,0.0,0.0,0.0,0.0,0.0,0.0,0.0,0.0,0.0,0.0,0.0,0.0,"Mar 17, 2016"
229,1202109.0,27139.0,Erbil,Erbil,Zen city,زين ستي,36.2521921,44.0609744,300.0,1800.0,82.0,0.0,0.0,0.0,0.0,0.0,0.0,0.0,0.0,0.0,0.0,0.0,132.0,0.0,86.0,0.0,0.0,0.0,0.0,0.0,0.0,0.0,0.0,0.0,0.0,0.0,300.0,0.0,0.0,300.0,0.0,0.0,0.0,0.0,0.0,0.0,0.0,0.0,0.0,0.0,132.0,0.0,86.0,132.0,0.0,86.0,82.0,0.0,0.0,82.0,0.0,0.0,0.0,0.0,0.0,0.0,"Mar 17, 2016"
230,1202110.0,11832.0,Erbil,Erbil,Manara,مناره,36.1878143,43.9988719,435.0,2610.0,257.0,0.0,0.0,0.0,0.0,0.0,0.0,0.0,0.0,0.0,0.0,0.0,71.0,0.0,107.0,0.0,0.0,0.0,0.0,0.0,0.0,0.0,0.0,0.0,0.0,0.0,435.0,0.0,0.0,435.0,0.0,0.0,0.0,0.0,0.0,0.0,0.0,0.0,118.0,0.0,178.0,118.0,0.0,178.0,0.0,0.0,139.0,0.0,0.0,139.0,0.0,0.0,0.0,0.0,0.0,0.0,"Mar 17, 2016"
231,1202111.0,27205.0,Erbil,Erbil,Runaki(Mantikawa),روناكي(منتيكاوه),36.16399675,44.02129203,130.0,780.0,70.0,0.0,0.0,0.0,0.0,0.0,0.0,0.0,0.0,0.0,0.0,0.0,60.0,0.0,0.0,0.0,0.0,0.0,0.0,0.0,0.0,0.0,0.0,0.0,0.0,0.0,130.0,0.0,0.0,130.0,0.0,0.0,0.0,0.0,0.0,0.0,0.0,0.0,26.0,0.0,0.0,26.0,60.0,0.0,0.0,60.0,44.0,0.0,0.0,44.0,0.0,0.0,0.0,0.0,0.0,0.0,"Mar 17, 2016"
232,1202112.0,27206.0,Erbil,Erbil,Runaki(Komari 1),روناكي(كوماري 1),36.175833745,44.0190652197,41.0,246.0,0.0,0.0,0.0,0.0,0.0,0.0,0.0,0.0,0.0,0.0,0.0,0.0,41.0,0.0,0.0,0.0,0.0,0.0,0.0,0.0,0.0,0.0,0.0,0.0,0.0,0.0,41.0,0.0,0.0,41.0,0.0,0.0,0.0,0.0,0.0,0.0,0.0,0.0,0.0,0.0,41.0,0.0,0.0,41.0,0.0,0.0,0.0,0.0,0.0,0.0,0.0,0.0,0.0,0.0,0.0,0.0,"Mar 17, 2016"
233,1202113.0,27207.0,Erbil,Erbil,Runaki(Mufti),روناكي(موفتي),36.1691999629,44.0323243443,203.0,1218.0,96.0,0.0,0.0,0.0,0.0,0.0,0.0,0.0,0.0,0.0,0.0,0.0,82.0,0.0,25.0,0.0,0.0,0.0,0.0,0.0,0.0,0.0,0.0,0.0,0.0,0.0,203.0,0.0,0.0,203.0,0.0,0.0,0.0,0.0,0.0,0.0,0.0,0.0,0.0,0.0,107.0,0.0,0.0,107.0,0.0,0.0,96.0,0.0,0.0,96.0,0.0,0.0,0.0,0.0,0.0,0.0,"Mar 17, 2016"
234,1202114.0,27208.0,Erbil,Erbil,Runaki(Mamostayan 1),روناكي(ماموستايان 1),36.1814543,44.0303814,66.0,396.0,35.0,0.0,0.0,0.0,0.0,0.0,0.0,0.0,0.0,0.0,0.0,0.0,31.0,0.0,0.0,0.0,0.0,0.0,0.0,0.0,0.0,0.0,0.0,0.0,0.0,0.0,66.0,0.0,0.0,66.0,0.0,0.0,0.0,0.0,0.0,0.0,0.0,0.0,35.0,0.0,31.0,35.0,0.0,31.0,0.0,0.0,0.0,0.0,0.0,0.0,0.0,0.0,0.0,0.0,0.0,0.0,"Mar 17, 2016"
235,1202115.0,27209.0,Erbil,Erbil,Runaki(Mamostayan 2),روناكي(ماموستايان 2),36.1786634054,44.0306322463,65.0,390.0,40.0,0.0,0.0,0.0,0.0,0.0,0.0,0.0,0.0,0.0,0.0,0.0,12.0,0.0,13.0,0.0,0.0,0.0,0.0,0.0,0.0,0.0,0.0,0.0,0.0,0.0,65.0,0.0,0.0,65.0,0.0,0.0,0.0,0.0,0.0,0.0,0.0,0.0,0.0,0.0,25.0,0.0,0.0,25.0,0.0,0.0,40.0,0.0,0.0,40.0,0.0,0.0,0.0,0.0,0.0,0.0,"Mar 17, 2016"
236,1202116.0,27210.0,Erbil,Erbil,Runaki(Andazyaran),روناكي(اندازياران),36.16125717,44.02581482,65.0,390.0,21.0,0.0,0.0,0.0,0.0,0.0,0.0,0.0,0.0,0.0,0.0,0.0,33.0,0.0,11.0,0.0,0.0,0.0,0.0,0.0,0.0,0.0,0.0,0.0,0.0,0.0,65.0,0.0,0.0,65.0,0.0,0.0,0.0,0.0,0.0,0.0,0.0,0.0,0.0,0.0,44.0,0.0,0.0,44.0,0.0,0.0,21.0,0.0,0.0,21.0,0.0,0.0,0.0,0.0,0.0,0.0,"Mar 17, 2016"
237,1202117.0,27211.0,Erbil,Erbil,Shorsh(Hay arey),شورش(حي اري),36.21508998,44.0191539839,250.0,1500.0,115.0,0.0,0.0,0.0,0.0,0.0,0.0,0.0,0.0,0.0,0.0,0.0,70.0,0.0,65.0,0.0,0.0,0.0,0.0,0.0,33.0,0.0,0.0,0.0,0.0,0.0,217.0,0.0,0.0,217.0,0.0,0.0,0.0,0.0,0.0,0.0,0.0,0.0,70.0,0.0,135.0,70.0,0.0,135.0,0.0,0.0,45.0,0.0,0.0,45.0,0.0,0.0,0.0,0.0,0.0,0.0,"Mar 17, 2016"
238,1202118.0,27212.0,Erbil,Erbil,Shorsh(Hakim awa),شورش(حاكم اوا),36.2097843734,44.0046015949,217.0,1302.0,122.0,0.0,0.0,0.0,0.0,0.0,0.0,0.0,0.0,0.0,0.0,0.0,45.0,0.0,50.0,0.0,0.0,0.0,0.0,0.0,0.0,0.0,0.0,0.0,0.0,0.0,217.0,0.0,0.0,217.0,0.0,0.0,0.0,0.0,0.0,0.0,0.0,0.0,0.0,0.0,95.0,0.0,0.0,95.0,0.0,0.0,122.0,0.0,0.0,122.0,0.0,0.0,0.0,0.0,0.0,0.0,"Mar 17, 2016"
239,1202119.0,27213.0,Erbil,Erbil,Shorsh(Salahaldin),شورش(صلاح الدين),36.2093344,44.0125722983,81.0,486.0,48.0,0.0,0.0,0.0,0.0,0.0,0.0,0.0,0.0,0.0,0.0,0.0,11.0,0.0,22.0,0.0,0.0,0.0,0.0,0.0,0.0,0.0,0.0,0.0,0.0,0.0,81.0,0.0,0.0,81.0,0.0,0.0,0.0,0.0,0.0,0.0,0.0,0.0,0.0,0.0,33.0,0.0,0.0,33.0,0.0,0.0,48.0,0.0,0.0,48.0,0.0,0.0,0.0,0.0,0.0,0.0,"Mar 17, 2016"
240,1202120.0,27214.0,Erbil,Erbil,Shorsh(Malayan),شورش(ملايان),36.213827,44.0208864848,206.0,1236.0,94.0,0.0,0.0,0.0,0.0,0.0,0.0,0.0,0.0,0.0,0.0,0.0,47.0,0.0,65.0,0.0,0.0,0.0,0.0,0.0,0.0,0.0,0.0,0.0,0.0,0.0,206.0,0.0,0.0,206.0,0.0,0.0,0.0,0.0,0.0,0.0,0.0,0.0,54.0,0.0,112.0,54.0,0.0,112.0,0.0,0.0,40.0,0.0,0.0,40.0,0.0,0.0,0.0,0.0,0.0,0.0,"Mar 17, 2016"
241,1202121.0,27215.0,Erbil,Erbil,Saidawa(Khabat),سيداوه(خبات),36.18975504,44.03186734,30.0,180.0,19.0,0.0,0.0,0.0,0.0,0.0,0.0,0.0,0.0,0.0,0.0,0.0,11.0,0.0,0.0,0.0,0.0,0.0,0.0,0.0,0.0,0.0,0.0,0.0,0.0,0.0,30.0,0.0,0.0,30.0,0.0,0.0,0.0,0.0,0.0,0.0,0.0,0.0,0.0,0.0,11.0,0.0,0.0,11.0,0.0,0.0,19.0,0.0,0.0,19.0,0.0,0.0,0.0,0.0,0.0,0.0,"Mar 17, 2016"
242,1202122.0,27216.0,Erbil,Erbil,Saidawa(Ashti),سيداوه(اشتي),36.180798,44.020309,40.0,240.0,25.0,0.0,0.0,0.0,0.0,0.0,0.0,0.0,0.0,0.0,0.0,0.0,15.0,0.0,0.0,0.0,0.0,0.0,0.0,0.0,0.0,0.0,0.0,0.0,0.0,0.0,40.0,0.0,0.0,40.0,0.0,0.0,0.0,0.0,0.0,0.0,0.0,0.0,0.0,0.0,15.0,0.0,0.0,15.0,0.0,0.0,25.0,0.0,0.0,25.0,0.0,0.0,0.0,0.0,0.0,0.0,"Mar 17, 2016"
243,1202123.0,27217.0,Erbil,Erbil,Al Qalaa(Hay al arab),القلعه(حي العرب),36.18811428,44.00796054,225.0,1350.0,186.0,0.0,0.0,0.0,0.0,0.0,0.0,0.0,0.0,0.0,0.0,0.0,0.0,0.0,39.0,0.0,0.0,0.0,0.0,0.0,217.0,0.0,0.0,0.0,0.0,0.0,8.0,0.0,0.0,8.0,0.0,0.0,0.0,0.0,0.0,0.0,0.0,0.0,186.0,0.0,39.0,186.0,0.0,39.0,0.0,0.0,0.0,0.0,0.0,0.0,0.0,0.0,0.0,0.0,0.0,0.0,"Mar 17, 2016"
244,1202124.0,27226.0,Erbil,Erbil,Rzgari,رزكاري,36.1713606,43.9952744,203.0,1218.0,122.0,0.0,0.0,0.0,0.0,0.0,0.0,0.0,0.0,0.0,0.0,0.0,81.0,0.0,0.0,0.0,0.0,0.0,0.0,0.0,0.0,0.0,0.0,0.0,0.0,0.0,203.0,0.0,0.0,203.0,0.0,0.0,0.0,0.0,0.0,0.0,0.0,0.0,0.0,0.0,81.0,0.0,0.0,81.0,0.0,0.0,122.0,0.0,0.0,122.0,0.0,0.0,0.0,0.0,0.0,0.0,"Mar 17, 2016"
245,1202125.0,27227.0,Erbil,Erbil,Khabat,خبات,36.186227,44.0349717,115.0,690.0,68.0,0.0,0.0,0.0,0.0,0.0,0.0,0.0,0.0,0.0,0.0,0.0,47.0,0.0,0.0,0.0,0.0,0.0,0.0,0.0,0.0,0.0,0.0,0.0,0.0,0.0,115.0,0.0,0.0,115.0,0.0,0.0,0.0,0.0,0.0,0.0,0.0,0.0,0.0,0.0,47.0,0.0,0.0,47.0,0.0,0.0,68.0,0.0,0.0,68.0,0.0,0.0,0.0,0.0,0.0,0.0,"Mar 17, 2016"
246,1202126.0,27341.0,Erbil,Erbil,Ashty 2,اشتي 2,36.2133083,44.1272113,1400.0,8400.0,1400.0,0.0,0.0,0.0,0.0,0.0,0.0,0.0,0.0,0.0,0.0,0.0,0.0,0.0,0.0,0.0,0.0,0.0,0.0,0.0,0.0,0.0,0.0,0.0,0.0,0.0,1400.0,0.0,0.0,1400.0,0.0,0.0,0.0,0.0,0.0,0.0,0.0,0.0,607.0,0.0,0.0,607.0,0.0,0.0,0.0,0.0,793.0,0.0,0.0,793.0,0.0,0.0,0.0,0.0,0.0,0.0,"Mar 17, 2016"
247,1202127.0,27329.0,Erbil,Erbil,Aynda 2,اينده 2,36.1828807,44.1279273,198.0,1188.0,138.0,0.0,0.0,0.0,0.0,0.0,0.0,0.0,0.0,0.0,0.0,0.0,60.0,0.0,0.0,0.0,0.0,0.0,0.0,0.0,0.0,0.0,0.0,0.0,0.0,0.0,198.0,0.0,0.0,198.0,0.0,0.0,0.0,0.0,0.0,0.0,0.0,0.0,61.0,0.0,60.0,61.0,0.0,60.0,0.0,0.0,77.0,0.0,0.0,77.0,0.0,0.0,0.0,0.0,0.0,0.0,"Mar 17, 2016"
248,1202128.0,27330.0,Erbil,Erbil,Sana City ,سانا ستي,36.2488413,44.1027937,190.0,1140.0,80.0,0.0,0.0,0.0,0.0,0.0,0.0,0.0,0.0,0.0,0.0,0.0,110.0,0.0,0.0,0.0,0.0,0.0,0.0,0.0,0.0,0.0,0.0,0.0,0.0,0.0,190.0,0.0,0.0,190.0,0.0,0.0,0.0,0.0,0.0,0.0,0.0,0.0,27.0,0.0,110.0,27.0,0.0,110.0,0.0,0.0,53.0,0.0,0.0,53.0,0.0,0.0,0.0,0.0,0.0,0.0,"Mar 17, 2016"
249,1202129.0,27331.0,Erbil,Erbil,Shiraton,شيراتون,36.1942674,44.1346996,210.0,1260.0,171.0,0.0,0.0,0.0,0.0,0.0,0.0,0.0,0.0,0.0,0.0,0.0,39.0,0.0,0.0,0.0,0.0,0.0,0.0,0.0,0.0,0.0,0.0,0.0,0.0,0.0,210.0,0.0,0.0,210.0,0.0,0.0,0.0,0.0,0.0,0.0,0.0,0.0,75.0,0.0,39.0,75.0,0.0,39.0,0.0,0.0,96.0,0.0,0.0,96.0,0.0,0.0,0.0,0.0,0.0,0.0,"Mar 17, 2016"
250,1202130.0,11778.0,Erbil,Erbil,Perash,بيرش,36.2343786,44.1386827,80.0,480.0,60.0,0.0,0.0,0.0,0.0,0.0,0.0,0.0,0.0,0.0,0.0,0.0,20.0,0.0,0.0,0.0,0.0,0.0,0.0,0.0,0.0,0.0,0.0,0.0,0.0,0.0,80.0,0.0,0.0,80.0,0.0,0.0,0.0,0.0,0.0,0.0,0.0,0.0,15.0,0.0,14.0,15.0,0.0,14.0,0.0,0.0,51.0,0.0,0.0,51.0,0.0,0.0,0.0,0.0,0.0,0.0,"Mar 17, 2016"
251,1202131.0,27332.0,Erbil,Erbil,Qarabu,قربو,36.1933122,44.1237256,767.0,4602.0,683.0,0.0,0.0,0.0,0.0,0.0,0.0,0.0,0.0,0.0,0.0,0.0,84.0,0.0,0.0,0.0,0.0,0.0,0.0,0.0,0.0,0.0,0.0,0.0,0.0,0.0,767.0,0.0,0.0,767.0,0.0,0.0,0.0,0.0,0.0,0.0,0.0,0.0,265.0,0.0,78.0,265.0,0.0,78.0,0.0,0.0,424.0,0.0,0.0,424.0,0.0,0.0,0.0,0.0,0.0,0.0,"Mar 17, 2016"
252,1202132.0,27333.0,Erbil,Erbil,Al Rihab,الرحاب,36.2147987,44.1428528,210.0,1260.0,192.0,0.0,0.0,0.0,0.0,0.0,0.0,0.0,0.0,0.0,0.0,0.0,18.0,0.0,0.0,0.0,0.0,0.0,0.0,0.0,0.0,0.0,0.0,0.0,0.0,0.0,210.0,0.0,0.0,210.0,0.0,0.0,0.0,0.0,0.0,0.0,0.0,0.0,117.0,0.0,18.0,117.0,0.0,18.0,0.0,0.0,75.0,0.0,0.0,75.0,0.0,0.0,0.0,0.0,0.0,0.0,"Mar 17, 2016"
253,1202133.0,27419.0,Erbil,Erbil,Hawler nwee,هوليرنوي,36.2113139,44.0695952,520.0,3120.0,330.0,0.0,0.0,0.0,0.0,0.0,0.0,0.0,0.0,0.0,0.0,0.0,152.0,0.0,38.0,0.0,0.0,0.0,0.0,0.0,0.0,0.0,0.0,0.0,0.0,0.0,520.0,0.0,0.0,520.0,0.0,0.0,0.0,0.0,0.0,0.0,0.0,0.0,141.0,0.0,152.0,141.0,38.0,152.0,0.0,38.0,189.0,0.0,0.0,189.0,0.0,0.0,0.0,0.0,0.0,0.0,"Mar 17, 2016"
254,1202134.0,27420.0,Erbil,Erbil,Manara City,منارة ستي,36.1761155,44.0613566395,310.0,1860.0,186.0,0.0,0.0,0.0,0.0,0.0,0.0,0.0,0.0,0.0,0.0,0.0,90.0,0.0,34.0,0.0,0.0,0.0,0.0,0.0,0.0,0.0,0.0,0.0,0.0,0.0,310.0,0.0,0.0,310.0,0.0,0.0,0.0,0.0,0.0,0.0,0.0,0.0,76.0,0.0,90.0,76.0,34.0,90.0,0.0,34.0,110.0,0.0,0.0,110.0,0.0,0.0,0.0,0.0,0.0,0.0,"Mar 17, 2016"
255,1202135.0,27421.0,Erbil,Erbil,Karizan,كاريزان,36.1683663,44.0557606,210.0,1260.0,123.0,0.0,0.0,0.0,0.0,0.0,0.0,0.0,0.0,0.0,0.0,0.0,87.0,0.0,0.0,0.0,0.0,0.0,0.0,0.0,0.0,0.0,0.0,0.0,0.0,0.0,210.0,0.0,0.0,210.0,0.0,0.0,0.0,0.0,0.0,0.0,0.0,0.0,43.0,0.0,87.0,43.0,0.0,87.0,0.0,0.0,80.0,0.0,0.0,80.0,0.0,0.0,0.0,0.0,0.0,0.0,"Mar 17, 2016"
256,1203001.0,24484.0,Erbil,Koisnjaq,Armota,أرموته,36.0681566,44.6072378,23.0,138.0,0.0,0.0,0.0,0.0,0.0,0.0,0.0,0.0,0.0,0.0,0.0,0.0,23.0,0.0,0.0,0.0,0.0,0.0,0.0,0.0,0.0,0.0,0.0,0.0,0.0,10.0,13.0,10.0,0.0,13.0,0.0,0.0,0.0,0.0,0.0,0.0,0.0,0.0,0.0,0.0,23.0,0.0,0.0,23.0,0.0,0.0,0.0,0.0,0.0,0.0,0.0,0.0,0.0,0.0,0.0,0.0,"Mar 17, 2016"
257,1203002.0,24598.0,Erbil,Koisnjaq,Azady,ازادي,36.0848782,44.6389829,220.0,1320.0,145.0,0.0,0.0,0.0,0.0,0.0,0.0,0.0,0.0,0.0,0.0,0.0,75.0,0.0,0.0,0.0,0.0,0.0,0.0,0.0,0.0,0.0,0.0,0.0,0.0,0.0,220.0,0.0,0.0,220.0,0.0,0.0,0.0,0.0,0.0,0.0,0.0,0.0,145.0,0.0,75.0,145.0,0.0,75.0,0.0,0.0,0.0,0.0,0.0,0.0,0.0,0.0,0.0,0.0,0.0,0.0,"Mar 17, 2016"
258,1203003.0,12371.0,Erbil,Koisnjaq,Bayizagha,بايزاغا,36.0874678,44.629339,300.0,1800.0,300.0,0.0,0.0,0.0,0.0,0.0,0.0,0.0,0.0,0.0,0.0,0.0,0.0,0.0,0.0,0.0,0.0,0.0,0.0,0.0,0.0,0.0,0.0,0.0,0.0,0.0,300.0,0.0,0.0,300.0,0.0,0.0,0.0,0.0,0.0,0.0,0.0,0.0,300.0,0.0,0.0,300.0,0.0,0.0,0.0,0.0,0.0,0.0,0.0,0.0,0.0,0.0,0.0,0.0,0.0,0.0,"Mar 17, 2016"
259,1203004.0,24597.0,Erbil,Koisnjaq,Bazar koya(Bafri qndeel),بازار كويه(بفري قنديل),36.083679,44.6287855,400.0,2400.0,125.0,0.0,0.0,0.0,0.0,0.0,0.0,0.0,0.0,0.0,0.0,0.0,130.0,0.0,145.0,0.0,0.0,0.0,0.0,0.0,0.0,0.0,0.0,0.0,0.0,0.0,400.0,0.0,0.0,400.0,0.0,0.0,0.0,0.0,0.0,0.0,0.0,0.0,30.0,0.0,275.0,30.0,0.0,275.0,0.0,0.0,95.0,0.0,0.0,95.0,0.0,0.0,0.0,0.0,0.0,0.0,"Mar 17, 2016"
260,1203006.0,23657.0,Erbil,Koisnjaq,Hamamok,حماموك,36.0906174,44.6133745,150.0,900.0,90.0,0.0,0.0,0.0,0.0,0.0,0.0,0.0,0.0,0.0,0.0,0.0,60.0,0.0,0.0,0.0,0.0,0.0,0.0,0.0,0.0,0.0,0.0,0.0,0.0,0.0,150.0,0.0,0.0,150.0,0.0,0.0,0.0,0.0,0.0,0.0,0.0,0.0,90.0,0.0,60.0,90.0,0.0,60.0,0.0,0.0,0.0,0.0,0.0,0.0,0.0,0.0,0.0,0.0,0.0,0.0,"Mar 17, 2016"
261,1203007.0,23279.0,Erbil,Koisnjaq,Hamoon,هامون ,36.073985,44.6326177,31.0,186.0,0.0,0.0,0.0,0.0,0.0,0.0,0.0,0.0,0.0,0.0,0.0,0.0,31.0,0.0,0.0,0.0,0.0,0.0,0.0,0.0,0.0,0.0,0.0,0.0,0.0,0.0,31.0,0.0,0.0,31.0,0.0,0.0,0.0,0.0,0.0,0.0,0.0,0.0,0.0,0.0,0.0,0.0,31.0,0.0,0.0,31.0,0.0,0.0,0.0,0.0,0.0,0.0,0.0,0.0,0.0,0.0,"Mar 17, 2016"
262,1203008.0,24599.0,Erbil,Koisnjaq,Jamiyah,جمعية,36.0764298,44.6335674,50.0,300.0,50.0,0.0,0.0,0.0,0.0,0.0,0.0,0.0,0.0,0.0,0.0,0.0,0.0,0.0,0.0,0.0,0.0,0.0,0.0,0.0,0.0,0.0,0.0,0.0,0.0,0.0,50.0,0.0,0.0,50.0,0.0,0.0,0.0,0.0,0.0,0.0,0.0,0.0,50.0,0.0,0.0,50.0,0.0,0.0,0.0,0.0,0.0,0.0,0.0,0.0,0.0,0.0,0.0,0.0,0.0,0.0,"Mar 17, 2016"
263,1203009.0,23280.0,Erbil,Koisnjaq,Qalat,قلات,36.0863765,44.6269879,503.0,3018.0,200.0,0.0,0.0,0.0,0.0,0.0,0.0,0.0,0.0,0.0,0.0,0.0,303.0,0.0,0.0,0.0,0.0,0.0,0.0,0.0,0.0,0.0,0.0,0.0,0.0,0.0,503.0,0.0,0.0,503.0,0.0,0.0,0.0,0.0,0.0,0.0,0.0,0.0,97.0,0.0,73.0,97.0,230.0,73.0,0.0,230.0,103.0,0.0,0.0,103.0,0.0,0.0,0.0,0.0,0.0,0.0,"Mar 17, 2016"
264,1203010.0,11887.0,Erbil,Koisnjaq,Taqtaq,طقطق,35.8872085,44.5837756,250.0,1500.0,133.0,0.0,0.0,0.0,0.0,0.0,0.0,0.0,0.0,0.0,0.0,0.0,82.0,0.0,35.0,0.0,0.0,0.0,0.0,0.0,0.0,0.0,0.0,0.0,0.0,0.0,250.0,0.0,0.0,250.0,0.0,0.0,0.0,0.0,0.0,0.0,0.0,0.0,57.0,0.0,117.0,57.0,0.0,117.0,0.0,0.0,76.0,0.0,0.0,76.0,0.0,0.0,0.0,0.0,0.0,0.0,"Mar 17, 2016"
265,1203012.0,27219.0,Erbil,Koisnjaq,Shorsh,شورش,36.1767,44.385,2.0,12.0,0.0,0.0,0.0,0.0,0.0,0.0,0.0,0.0,0.0,0.0,0.0,0.0,2.0,0.0,0.0,0.0,0.0,0.0,0.0,0.0,0.0,0.0,0.0,0.0,0.0,0.0,2.0,0.0,0.0,2.0,0.0,0.0,0.0,0.0,0.0,0.0,0.0,0.0,0.0,0.0,2.0,0.0,0.0,2.0,0.0,0.0,0.0,0.0,0.0,0.0,0.0,0.0,0.0,0.0,0.0,0.0,"Mar 17, 2016"
266,1203014.0,27221.0,Erbil,Koisnjaq,Ashti,اشتي,35.9215244,44.7840714,18.0,108.0,18.0,0.0,0.0,0.0,0.0,0.0,0.0,0.0,0.0,0.0,0.0,0.0,0.0,0.0,0.0,0.0,0.0,0.0,0.0,0.0,0.0,0.0,0.0,0.0,0.0,0.0,18.0,0.0,0.0,18.0,0.0,0.0,0.0,0.0,0.0,0.0,0.0,0.0,0.0,0.0,0.0,0.0,0.0,0.0,0.0,0.0,18.0,0.0,0.0,18.0,0.0,0.0,0.0,0.0,0.0,0.0,"Mar 17, 2016"
267,1203015.0,27222.0,Erbil,Koisnjaq,Nawdaran,ناوداران,36.0572663,44.6371874,25.0,150.0,25.0,0.0,0.0,0.0,0.0,0.0,0.0,0.0,0.0,0.0,0.0,0.0,0.0,0.0,0.0,0.0,0.0,0.0,0.0,0.0,0.0,0.0,0.0,0.0,0.0,0.0,25.0,0.0,0.0,25.0,0.0,0.0,0.0,0.0,0.0,0.0,0.0,0.0,25.0,0.0,0.0,25.0,0.0,0.0,0.0,0.0,0.0,0.0,0.0,0.0,0.0,0.0,0.0,0.0,0.0,0.0,"Mar 17, 2016"
268,1203016.0,27223.0,Erbil,Koisnjaq,Gashteyari,كشتياري,36.0902057,44.6623454,79.0,474.0,39.0,0.0,0.0,0.0,0.0,0.0,0.0,0.0,0.0,0.0,0.0,0.0,40.0,0.0,0.0,0.0,0.0,0.0,0.0,0.0,0.0,0.0,0.0,0.0,0.0,0.0,79.0,0.0,0.0,79.0,0.0,0.0,0.0,0.0,0.0,0.0,0.0,0.0,39.0,0.0,40.0,39.0,0.0,40.0,0.0,0.0,0.0,0.0,0.0,0.0,0.0,0.0,0.0,0.0,0.0,0.0,"Mar 17, 2016"
269,1204001.0,12698.0,Erbil,Makhmur,Abu Jarda,ابو جردة,36.08323,43.602149,130.0,780.0,0.0,0.0,0.0,0.0,0.0,0.0,15.0,0.0,0.0,0.0,0.0,0.0,115.0,0.0,0.0,0.0,0.0,0.0,0.0,0.0,0.0,0.0,0.0,0.0,0.0,0.0,130.0,0.0,0.0,130.0,0.0,0.0,0.0,0.0,0.0,0.0,0.0,0.0,0.0,0.0,0.0,0.0,115.0,0.0,15.0,115.0,0.0,15.0,0.0,0.0,0.0,0.0,0.0,0.0,0.0,0.0,"Mar 17, 2016"
270,1204002.0,13489.0,Erbil,Makhmur,Ali Mala Dawood,علي ملا داود,36.089215,43.656574,25.0,150.0,0.0,0.0,0.0,0.0,0.0,0.0,4.0,0.0,0.0,0.0,0.0,0.0,21.0,0.0,0.0,0.0,0.0,0.0,0.0,0.0,0.0,0.0,0.0,0.0,0.0,0.0,25.0,0.0,0.0,25.0,0.0,0.0,0.0,0.0,0.0,0.0,0.0,0.0,0.0,0.0,21.0,0.0,0.0,21.0,4.0,0.0,0.0,4.0,0.0,0.0,0.0,0.0,0.0,0.0,0.0,0.0,"Mar 17, 2016"
271,1204005.0,13596.0,Erbil,Makhmur,Hawera,هويرة,36.11903112,43.59925024,166.0,996.0,0.0,0.0,0.0,0.0,0.0,0.0,78.0,0.0,0.0,0.0,0.0,0.0,88.0,0.0,0.0,0.0,0.0,0.0,0.0,0.0,0.0,0.0,0.0,0.0,0.0,0.0,166.0,0.0,0.0,166.0,0.0,0.0,0.0,0.0,0.0,0.0,0.0,0.0,0.0,0.0,0.0,0.0,88.0,0.0,78.0,88.0,0.0,78.0,0.0,0.0,0.0,0.0,0.0,0.0,0.0,0.0,"Mar 17, 2016"
272,1204006.0,13363.0,Erbil,Makhmur,Hawejka,حويجكة,36.08599627,43.56628806,95.0,570.0,0.0,0.0,0.0,0.0,0.0,0.0,0.0,0.0,0.0,0.0,0.0,0.0,95.0,0.0,0.0,0.0,0.0,0.0,0.0,0.0,0.0,0.0,0.0,0.0,0.0,0.0,95.0,0.0,0.0,95.0,0.0,0.0,0.0,0.0,0.0,0.0,0.0,0.0,0.0,0.0,0.0,0.0,95.0,0.0,0.0,95.0,0.0,0.0,0.0,0.0,0.0,0.0,0.0,0.0,0.0,0.0,"Mar 17, 2016"
273,1204007.0,25258.0,Erbil,Makhmur,Majluba,مجلوبه,36.046268,43.577753,75.0,450.0,0.0,0.0,0.0,0.0,0.0,0.0,0.0,0.0,0.0,0.0,0.0,0.0,75.0,0.0,0.0,0.0,0.0,0.0,0.0,0.0,0.0,0.0,0.0,0.0,0.0,0.0,75.0,0.0,0.0,75.0,0.0,0.0,0.0,0.0,0.0,0.0,0.0,0.0,0.0,0.0,0.0,0.0,75.0,0.0,0.0,75.0,0.0,0.0,0.0,0.0,0.0,0.0,0.0,0.0,0.0,0.0,"Mar 17, 2016"
274,1204008.0,11916.0,Erbil,Makhmur,Om Rakeba,ام ركيبة,36.111953256,43.59134026,122.0,732.0,0.0,0.0,0.0,0.0,0.0,0.0,14.0,0.0,0.0,0.0,0.0,0.0,108.0,0.0,0.0,0.0,0.0,0.0,0.0,0.0,0.0,0.0,0.0,0.0,0.0,0.0,122.0,0.0,0.0,122.0,0.0,0.0,0.0,0.0,0.0,0.0,0.0,0.0,0.0,0.0,0.0,0.0,108.0,0.0,14.0,108.0,0.0,14.0,0.0,0.0,0.0,0.0,0.0,0.0,0.0,0.0,"Mar 17, 2016"
275,1204009.0,12634.0,Erbil,Makhmur,Sharaie,شرايع,36.0808609,43.58380394,120.0,720.0,0.0,0.0,0.0,0.0,0.0,0.0,40.0,0.0,0.0,0.0,0.0,0.0,80.0,0.0,0.0,0.0,0.0,0.0,0.0,0.0,0.0,0.0,0.0,0.0,0.0,0.0,120.0,0.0,0.0,120.0,0.0,0.0,0.0,0.0,0.0,0.0,0.0,0.0,0.0,0.0,0.0,0.0,80.0,0.0,40.0,80.0,0.0,40.0,0.0,0.0,0.0,0.0,0.0,0.0,0.0,0.0,"Mar 17, 2016"
276,1204010.0,11919.0,Erbil,Makhmur,Tarash,طراش,36.09051096,43.63120455,48.0,288.0,0.0,0.0,0.0,0.0,0.0,0.0,9.0,0.0,0.0,0.0,0.0,0.0,39.0,0.0,0.0,0.0,0.0,0.0,0.0,0.0,0.0,0.0,0.0,0.0,0.0,0.0,48.0,0.0,0.0,48.0,0.0,0.0,0.0,0.0,0.0,0.0,0.0,0.0,0.0,0.0,39.0,0.0,0.0,39.0,9.0,0.0,0.0,9.0,0.0,0.0,0.0,0.0,0.0,0.0,0.0,0.0,"Mar 17, 2016"
277,1204012.0,12506.0,Erbil,Makhmur,Khormala,خورماله,35.91479902,43.74818289,15.0,90.0,0.0,0.0,0.0,0.0,0.0,0.0,0.0,0.0,0.0,0.0,0.0,0.0,15.0,0.0,0.0,0.0,0.0,0.0,0.0,0.0,0.0,0.0,0.0,0.0,0.0,0.0,15.0,0.0,0.0,15.0,0.0,0.0,0.0,0.0,0.0,0.0,0.0,0.0,0.0,0.0,6.0,0.0,0.0,6.0,0.0,0.0,9.0,0.0,0.0,9.0,0.0,0.0,0.0,0.0,0.0,0.0,"Mar 17, 2016"
278,1204015.0,13569.0,Erbil,Makhmur,Debaga 1,مخيم ديبكه 1,35.8827783,43.8088048,720.0,4320.0,13.0,0.0,0.0,0.0,0.0,0.0,18.0,0.0,0.0,0.0,0.0,0.0,689.0,0.0,0.0,0.0,0.0,0.0,720.0,0.0,0.0,0.0,0.0,0.0,0.0,0.0,0.0,0.0,0.0,0.0,0.0,0.0,0.0,0.0,0.0,0.0,0.0,0.0,0.0,0.0,707.0,0.0,0.0,707.0,0.0,0.0,13.0,0.0,0.0,13.0,0.0,0.0,0.0,0.0,0.0,0.0,"Mar 17, 2016"
279,1204021.0,28475.0,Erbil,Makhmur,Transit camp,مخيم ترانزيت,35.7827,43.5806,122.0,732.0,0.0,0.0,0.0,0.0,0.0,0.0,0.0,0.0,0.0,0.0,0.0,0.0,122.0,0.0,0.0,0.0,0.0,0.0,122.0,0.0,0.0,0.0,0.0,0.0,0.0,0.0,0.0,0.0,0.0,0.0,0.0,0.0,0.0,0.0,0.0,0.0,0.0,0.0,0.0,0.0,0.0,0.0,0.0,0.0,0.0,0.0,122.0,0.0,0.0,122.0,0.0,0.0,0.0,0.0,0.0,0.0,"Mar 17, 2016"
280,1205001.0,27225.0,Erbil,Mergasur,Markaz Mergasur,مركز ميركسور,36.8353167,44.3131953,70.0,420.0,0.0,0.0,2.0,0.0,0.0,0.0,0.0,0.0,0.0,0.0,0.0,0.0,68.0,0.0,0.0,0.0,0.0,0.0,0.0,0.0,0.0,0.0,0.0,0.0,0.0,0.0,70.0,0.0,0.0,70.0,0.0,0.0,0.0,0.0,0.0,0.0,0.0,0.0,0.0,0.0,68.0,0.0,0.0,68.0,2.0,0.0,0.0,2.0,0.0,0.0,0.0,0.0,0.0,0.0,0.0,0.0,"Mar 17, 2016"
281,1206001.0,23910.0,Erbil,Shaqlawa,Aquban,عقوبان ,36.345727,44.408898,55.0,330.0,55.0,0.0,0.0,0.0,0.0,0.0,0.0,0.0,0.0,0.0,0.0,0.0,0.0,0.0,0.0,0.0,0.0,0.0,0.0,0.0,0.0,0.0,0.0,0.0,0.0,0.0,55.0,0.0,0.0,55.0,0.0,0.0,0.0,0.0,0.0,0.0,0.0,0.0,24.0,0.0,0.0,24.0,0.0,0.0,0.0,0.0,31.0,0.0,0.0,31.0,0.0,0.0,0.0,0.0,0.0,0.0,"Mar 17, 2016"
282,1206003.0,23907.0,Erbil,Shaqlawa,Bazar Khanzad,بازار خانزاد,36.403459,44.3422355,600.0,3600.0,600.0,0.0,0.0,0.0,0.0,0.0,0.0,0.0,0.0,0.0,0.0,0.0,0.0,0.0,0.0,0.0,0.0,0.0,0.0,0.0,0.0,0.0,0.0,0.0,0.0,0.0,600.0,0.0,0.0,600.0,0.0,0.0,0.0,0.0,0.0,0.0,0.0,0.0,265.0,0.0,0.0,265.0,0.0,0.0,0.0,0.0,335.0,0.0,0.0,335.0,0.0,0.0,0.0,0.0,0.0,0.0,"Mar 17, 2016"
283,1206004.0,23713.0,Erbil,Shaqlawa,Betrma,بيترما,36.3946488,44.3424598,320.0,1920.0,207.0,0.0,0.0,0.0,0.0,0.0,0.0,0.0,0.0,0.0,0.0,0.0,113.0,0.0,0.0,0.0,0.0,0.0,0.0,0.0,0.0,0.0,0.0,0.0,0.0,0.0,320.0,0.0,0.0,320.0,0.0,0.0,0.0,0.0,0.0,0.0,0.0,0.0,207.0,0.0,113.0,207.0,0.0,113.0,0.0,0.0,0.0,0.0,0.0,0.0,0.0,0.0,0.0,0.0,0.0,0.0,"Mar 17, 2016"
284,1206005.0,12090.0,Erbil,Shaqlawa,Kawrtan,كورتان,36.36694319,44.44794038,3.0,18.0,3.0,0.0,0.0,0.0,0.0,0.0,0.0,0.0,0.0,0.0,0.0,0.0,0.0,0.0,0.0,0.0,0.0,0.0,0.0,0.0,0.0,0.0,0.0,0.0,0.0,0.0,3.0,0.0,0.0,3.0,0.0,0.0,0.0,0.0,0.0,0.0,0.0,0.0,0.0,0.0,0.0,0.0,0.0,0.0,0.0,0.0,3.0,0.0,0.0,3.0,0.0,0.0,0.0,0.0,0.0,0.0,"Mar 17, 2016"
285,1206006.0,12172.0,Erbil,Shaqlawa,Harir,حرير,36.5502052,44.3453688,897.0,5382.0,866.0,0.0,0.0,0.0,0.0,0.0,0.0,0.0,0.0,0.0,0.0,0.0,31.0,0.0,0.0,0.0,0.0,0.0,0.0,0.0,0.0,0.0,0.0,0.0,0.0,0.0,897.0,0.0,0.0,897.0,0.0,0.0,0.0,0.0,0.0,0.0,0.0,0.0,195.0,0.0,31.0,195.0,0.0,31.0,671.0,0.0,0.0,671.0,0.0,0.0,0.0,0.0,0.0,0.0,0.0,0.0,"Mar 17, 2016"
286,1206007.0,13372.0,Erbil,Shaqlawa,Harir-Batas,حرير-باتاس,36.5603397,44.334274731,650.0,3900.0,619.0,0.0,0.0,0.0,0.0,0.0,0.0,0.0,0.0,0.0,0.0,0.0,0.0,0.0,31.0,0.0,0.0,0.0,0.0,0.0,0.0,0.0,0.0,0.0,0.0,0.0,650.0,0.0,0.0,650.0,0.0,0.0,0.0,0.0,0.0,0.0,0.0,0.0,354.0,0.0,31.0,354.0,0.0,31.0,0.0,0.0,265.0,0.0,0.0,265.0,0.0,0.0,0.0,0.0,0.0,0.0,"Mar 17, 2016"
287,1206008.0,12079.0,Erbil,Shaqlawa,Hiran,هيران ,36.2772151,44.4931456859,388.0,2328.0,388.0,0.0,0.0,0.0,0.0,0.0,0.0,0.0,0.0,0.0,0.0,0.0,0.0,0.0,0.0,0.0,0.0,0.0,0.0,0.0,0.0,0.0,0.0,0.0,0.0,0.0,388.0,0.0,0.0,388.0,0.0,0.0,0.0,0.0,0.0,0.0,0.0,0.0,136.0,0.0,0.0,136.0,0.0,0.0,0.0,0.0,252.0,0.0,0.0,252.0,0.0,0.0,0.0,0.0,0.0,0.0,"Mar 17, 2016"
288,1206009.0,12155.0,Erbil,Shaqlawa,Lass,لاس,36.39762786,44.38588044,67.0,402.0,67.0,0.0,0.0,0.0,0.0,0.0,0.0,0.0,0.0,0.0,0.0,0.0,0.0,0.0,0.0,0.0,0.0,0.0,0.0,0.0,0.0,0.0,0.0,0.0,0.0,0.0,67.0,0.0,0.0,67.0,0.0,0.0,0.0,0.0,0.0,0.0,0.0,0.0,56.0,0.0,0.0,56.0,0.0,0.0,0.0,0.0,11.0,0.0,0.0,11.0,0.0,0.0,0.0,0.0,0.0,0.0,"Mar 17, 2016"
289,1206010.0,23698.0,Erbil,Shaqlawa,Sabirawa,سابيراوه,36.4015164,44.3458974,700.0,4200.0,700.0,0.0,0.0,0.0,0.0,0.0,0.0,0.0,0.0,0.0,0.0,0.0,0.0,0.0,0.0,0.0,0.0,0.0,0.0,0.0,0.0,0.0,0.0,0.0,0.0,0.0,700.0,0.0,0.0,700.0,0.0,0.0,0.0,0.0,0.0,0.0,0.0,0.0,315.0,0.0,0.0,315.0,0.0,0.0,385.0,0.0,0.0,385.0,0.0,0.0,0.0,0.0,0.0,0.0,0.0,0.0,"Mar 17, 2016"
290,1206011.0,23741.0,Erbil,Shaqlawa,Safeen,سفين,36.4035677,44.3126218,160.0,960.0,124.0,0.0,0.0,0.0,0.0,0.0,0.0,0.0,0.0,0.0,0.0,0.0,0.0,0.0,36.0,0.0,0.0,0.0,0.0,0.0,23.0,0.0,0.0,0.0,0.0,0.0,137.0,0.0,0.0,137.0,0.0,0.0,0.0,0.0,0.0,0.0,0.0,0.0,124.0,0.0,36.0,124.0,0.0,36.0,0.0,0.0,0.0,0.0,0.0,0.0,0.0,0.0,0.0,0.0,0.0,0.0,"Mar 17, 2016"
291,1206012.0,12948.0,Erbil,Shaqlawa,Sarmidan-1(Ashti),سرميدان 1(اشتي),36.4129364,44.3029432985,140.0,840.0,112.0,0.0,0.0,0.0,0.0,0.0,0.0,0.0,0.0,0.0,0.0,0.0,0.0,0.0,28.0,0.0,0.0,0.0,0.0,0.0,0.0,0.0,0.0,0.0,0.0,0.0,140.0,0.0,0.0,140.0,0.0,0.0,0.0,0.0,0.0,0.0,0.0,0.0,112.0,0.0,28.0,112.0,0.0,28.0,0.0,0.0,0.0,0.0,0.0,0.0,0.0,0.0,0.0,0.0,0.0,0.0,"Mar 17, 2016"
292,1206013.0,23783.0,Erbil,Shaqlawa,Sarmidan-2(Azadi),سرميدان 2(ازادي),36.4103541,44.3165726,150.0,900.0,137.0,0.0,0.0,0.0,0.0,0.0,0.0,0.0,0.0,0.0,0.0,0.0,0.0,0.0,13.0,0.0,0.0,0.0,0.0,0.0,0.0,0.0,0.0,0.0,0.0,0.0,150.0,0.0,0.0,150.0,0.0,0.0,0.0,0.0,0.0,0.0,0.0,0.0,137.0,0.0,0.0,137.0,13.0,0.0,0.0,13.0,0.0,0.0,0.0,0.0,0.0,0.0,0.0,0.0,0.0,0.0,"Mar 17, 2016"
293,1206014.0,23784.0,Erbil,Shaqlawa,Sarmidan-3(Ashti),سر ميدان 3(اشتي),36.4121108,44.3102413473,140.0,840.0,109.0,0.0,0.0,0.0,0.0,0.0,0.0,0.0,0.0,0.0,0.0,0.0,0.0,0.0,31.0,0.0,0.0,0.0,0.0,0.0,0.0,0.0,0.0,0.0,0.0,0.0,140.0,0.0,0.0,140.0,0.0,0.0,0.0,0.0,0.0,0.0,0.0,0.0,109.0,0.0,31.0,109.0,0.0,31.0,0.0,0.0,0.0,0.0,0.0,0.0,0.0,0.0,0.0,0.0,0.0,0.0,"Mar 17, 2016"
294,1206015.0,23742.0,Erbil,Shaqlawa,Shahedan,شهيدان,36.4075659,44.3186095,204.0,1224.0,204.0,0.0,0.0,0.0,0.0,0.0,0.0,0.0,0.0,0.0,0.0,0.0,0.0,0.0,0.0,0.0,0.0,0.0,0.0,0.0,92.0,0.0,0.0,0.0,0.0,0.0,112.0,0.0,0.0,112.0,0.0,0.0,0.0,0.0,0.0,0.0,0.0,0.0,92.0,0.0,0.0,92.0,0.0,0.0,0.0,0.0,112.0,0.0,0.0,112.0,0.0,0.0,0.0,0.0,0.0,0.0,"Mar 17, 2016"
295,1206016.0,24910.0,Erbil,Shaqlawa,Rizgari,رزكاري,36.5082511,44.3447619,86.0,516.0,86.0,0.0,0.0,0.0,0.0,0.0,0.0,0.0,0.0,0.0,0.0,0.0,0.0,0.0,0.0,0.0,0.0,0.0,0.0,0.0,0.0,0.0,0.0,0.0,0.0,0.0,86.0,0.0,0.0,86.0,0.0,0.0,0.0,0.0,0.0,0.0,0.0,0.0,0.0,0.0,0.0,0.0,86.0,0.0,0.0,86.0,0.0,0.0,0.0,0.0,0.0,0.0,0.0,0.0,0.0,0.0,"Mar 17, 2016"
296,1206017.0,12957.0,Erbil,Shaqlawa,Spigra,سبيكارا,36.3829007,44.3770004,50.0,300.0,50.0,0.0,0.0,0.0,0.0,0.0,0.0,0.0,0.0,0.0,0.0,0.0,0.0,0.0,0.0,0.0,0.0,0.0,0.0,0.0,0.0,0.0,0.0,0.0,0.0,0.0,50.0,0.0,0.0,50.0,0.0,0.0,0.0,0.0,0.0,0.0,0.0,0.0,50.0,0.0,0.0,50.0,0.0,0.0,0.0,0.0,0.0,0.0,0.0,0.0,0.0,0.0,0.0,0.0,0.0,0.0,"Mar 17, 2016"
297,1206019.0,27141.0,Erbil,Shaqlawa,Gulan,كولان ,36.4979068,44.358839,36.0,216.0,28.0,0.0,0.0,0.0,0.0,0.0,0.0,0.0,0.0,0.0,0.0,0.0,8.0,0.0,0.0,0.0,0.0,0.0,0.0,0.0,0.0,0.0,0.0,0.0,0.0,0.0,36.0,0.0,0.0,36.0,0.0,0.0,0.0,0.0,0.0,0.0,0.0,0.0,0.0,0.0,0.0,0.0,36.0,0.0,0.0,36.0,0.0,0.0,0.0,0.0,0.0,0.0,0.0,0.0,0.0,0.0,"Mar 17, 2016"
298,1206020.0,27143.0,Erbil,Shaqlawa,Khabat,خبات ,36.5052123,44.3468165,39.0,234.0,39.0,0.0,0.0,0.0,0.0,0.0,0.0,0.0,0.0,0.0,0.0,0.0,0.0,0.0,0.0,0.0,0.0,0.0,0.0,0.0,0.0,0.0,0.0,0.0,0.0,0.0,39.0,0.0,0.0,39.0,0.0,0.0,0.0,0.0,0.0,0.0,0.0,0.0,0.0,0.0,0.0,0.0,39.0,0.0,0.0,39.0,0.0,0.0,0.0,0.0,0.0,0.0,0.0,0.0,0.0,0.0,"Mar 17, 2016"
299,1206021.0,27142.0,Erbil,Shaqlawa,Kurdistan,كوردستان,36.4972053,44.3547215,61.0,366.0,61.0,0.0,0.0,0.0,0.0,0.0,0.0,0.0,0.0,0.0,0.0,0.0,0.0,0.0,0.0,0.0,0.0,0.0,0.0,0.0,0.0,0.0,0.0,0.0,0.0,0.0,61.0,0.0,0.0,61.0,0.0,0.0,0.0,0.0,0.0,0.0,0.0,0.0,0.0,0.0,0.0,0.0,61.0,0.0,0.0,61.0,0.0,0.0,0.0,0.0,0.0,0.0,0.0,0.0,0.0,0.0,"Mar 17, 2016"
300,1206022.0,27144.0,Erbil,Shaqlawa,Shorsh,شورش,36.5070266,44.3460042495,60.0,360.0,60.0,0.0,0.0,0.0,0.0,0.0,0.0,0.0,0.0,0.0,0.0,0.0,0.0,0.0,0.0,0.0,0.0,0.0,0.0,0.0,0.0,0.0,0.0,0.0,0.0,0.0,60.0,0.0,0.0,60.0,0.0,0.0,0.0,0.0,0.0,0.0,0.0,0.0,0.0,0.0,0.0,0.0,60.0,0.0,0.0,60.0,0.0,0.0,0.0,0.0,0.0,0.0,0.0,0.0,0.0,0.0,"Mar 17, 2016"
301,1207001.0,24577.0,Erbil,Soran,Diana,ديانا,36.66196054,44.54458647,275.0,1650.0,209.0,0.0,0.0,0.0,0.0,0.0,0.0,0.0,0.0,0.0,0.0,0.0,66.0,0.0,0.0,0.0,0.0,0.0,0.0,0.0,0.0,0.0,0.0,0.0,0.0,63.0,212.0,63.0,0.0,212.0,0.0,0.0,0.0,0.0,0.0,0.0,0.0,0.0,127.0,0.0,66.0,127.0,0.0,66.0,0.0,0.0,82.0,0.0,0.0,82.0,0.0,0.0,0.0,0.0,0.0,0.0,"Mar 17, 2016"
302,1207002.0,12277.0,Erbil,Soran,Khalifan(center),مركز(خليفان),36.6098454,44.4056227,381.0,2286.0,272.0,0.0,0.0,0.0,0.0,0.0,0.0,0.0,0.0,0.0,0.0,0.0,25.0,0.0,84.0,0.0,0.0,0.0,0.0,0.0,0.0,0.0,0.0,0.0,0.0,0.0,374.0,0.0,0.0,374.0,0.0,0.0,7.0,0.0,0.0,7.0,0.0,0.0,203.0,0.0,109.0,203.0,0.0,109.0,0.0,0.0,69.0,0.0,0.0,69.0,0.0,0.0,0.0,0.0,0.0,0.0,"Mar 17, 2016"
303,1207003.0,12597.0,Erbil,Soran,Rawanduz District,مركز راوندوز,36.61405134,44.5269909,692.0,4152.0,510.0,0.0,0.0,0.0,0.0,0.0,0.0,0.0,0.0,0.0,0.0,0.0,74.0,0.0,108.0,0.0,0.0,0.0,0.0,0.0,0.0,0.0,0.0,0.0,0.0,0.0,692.0,0.0,0.0,692.0,0.0,0.0,0.0,0.0,0.0,0.0,0.0,0.0,187.0,0.0,182.0,187.0,0.0,182.0,0.0,0.0,323.0,0.0,0.0,323.0,0.0,0.0,0.0,0.0,0.0,0.0,"Mar 17, 2016"
304,1207004.0,13141.0,Erbil,Soran,Soran District,مركز قضاء سوران,36.6552912,44.5406644,1183.0,7098.0,898.0,0.0,0.0,0.0,0.0,0.0,0.0,0.0,0.0,0.0,0.0,0.0,23.0,0.0,262.0,0.0,0.0,0.0,0.0,0.0,0.0,0.0,0.0,0.0,0.0,0.0,1183.0,0.0,0.0,1183.0,0.0,0.0,0.0,0.0,0.0,0.0,0.0,0.0,668.0,0.0,285.0,668.0,0.0,285.0,0.0,0.0,230.0,0.0,0.0,230.0,0.0,0.0,0.0,0.0,0.0,0.0,"Mar 17, 2016"
305,1207006.0,27218.0,Erbil,Soran,Diana(Shahedan azady),ديانا(شهيدان ازادي),36.6681161,44.5370106,53.0,318.0,0.0,0.0,0.0,0.0,0.0,0.0,0.0,0.0,0.0,0.0,0.0,0.0,53.0,0.0,0.0,0.0,0.0,0.0,0.0,0.0,0.0,0.0,0.0,0.0,0.0,0.0,53.0,0.0,0.0,53.0,0.0,0.0,0.0,0.0,0.0,0.0,0.0,0.0,0.0,0.0,53.0,0.0,0.0,53.0,0.0,0.0,0.0,0.0,0.0,0.0,0.0,0.0,0.0,0.0,0.0,0.0,"Mar 17, 2016"
306,1207007.0,12255.0,Erbil,Soran,Julamerg,جولاميرك,36.58992605,44.41471619,25.0,150.0,0.0,0.0,0.0,0.0,0.0,0.0,0.0,0.0,0.0,0.0,0.0,0.0,25.0,0.0,0.0,0.0,0.0,0.0,0.0,0.0,0.0,0.0,0.0,0.0,0.0,0.0,25.0,0.0,0.0,25.0,0.0,0.0,0.0,0.0,0.0,0.0,0.0,0.0,0.0,0.0,0.0,0.0,25.0,0.0,0.0,25.0,0.0,0.0,0.0,0.0,0.0,0.0,0.0,0.0,0.0,0.0,"Mar 17, 2016"
307,1207008.0,27198.0,Erbil,Soran,Hay mameel al qeer,حي معمل القير,36.5919395,44.3860076,162.0,972.0,158.0,0.0,0.0,0.0,0.0,0.0,0.0,0.0,0.0,0.0,0.0,0.0,4.0,0.0,0.0,0.0,0.0,0.0,0.0,0.0,0.0,0.0,0.0,0.0,0.0,0.0,162.0,0.0,0.0,162.0,0.0,0.0,0.0,0.0,0.0,0.0,0.0,0.0,87.0,0.0,4.0,87.0,0.0,4.0,0.0,0.0,71.0,0.0,0.0,71.0,0.0,0.0,0.0,0.0,0.0,0.0,"Mar 17, 2016"
308,1207009.0,27199.0,Erbil,Soran,kawrarash,كوررش,36.6093691,44.4027153,95.0,570.0,88.0,0.0,0.0,0.0,0.0,0.0,0.0,0.0,0.0,0.0,0.0,0.0,7.0,0.0,0.0,0.0,0.0,0.0,0.0,0.0,0.0,0.0,0.0,0.0,0.0,0.0,95.0,0.0,0.0,95.0,0.0,0.0,0.0,0.0,0.0,0.0,0.0,0.0,0.0,0.0,7.0,0.0,0.0,7.0,0.0,0.0,88.0,0.0,0.0,88.0,0.0,0.0,0.0,0.0,0.0,0.0,"Mar 17, 2016"
309,1207010.0,27202.0,Erbil,Soran,Soran(Hay al matar),سوران(حي المطار),36.6605379,44.5424547,185.0,1110.0,125.0,0.0,0.0,0.0,0.0,0.0,0.0,0.0,0.0,0.0,0.0,0.0,0.0,0.0,60.0,0.0,0.0,0.0,0.0,0.0,0.0,0.0,0.0,0.0,0.0,0.0,185.0,0.0,0.0,185.0,0.0,0.0,0.0,0.0,0.0,0.0,0.0,0.0,125.0,0.0,60.0,125.0,0.0,60.0,0.0,0.0,0.0,0.0,0.0,0.0,0.0,0.0,0.0,0.0,0.0,0.0,"Mar 17, 2016"
310,1207011.0,27203.0,Erbil,Soran,Soran(26 Gulan),سوران(26 كولان),36.6607039,44.5440348,157.0,942.0,93.0,0.0,0.0,0.0,0.0,0.0,0.0,0.0,0.0,0.0,0.0,0.0,0.0,0.0,64.0,0.0,0.0,0.0,0.0,0.0,0.0,0.0,0.0,0.0,0.0,0.0,157.0,0.0,0.0,157.0,0.0,0.0,0.0,0.0,0.0,0.0,0.0,0.0,93.0,0.0,64.0,93.0,0.0,64.0,0.0,0.0,0.0,0.0,0.0,0.0,0.0,0.0,0.0,0.0,0.0,0.0,"Mar 17, 2016"
311,1207012.0,27204.0,Erbil,Soran,Soran(hay al etfaa),سوران(حي الاطفاء),36.6464852,44.5424953,190.0,1140.0,115.0,0.0,0.0,0.0,0.0,0.0,0.0,0.0,0.0,0.0,0.0,0.0,0.0,0.0,75.0,0.0,0.0,0.0,0.0,0.0,0.0,0.0,0.0,0.0,0.0,0.0,190.0,0.0,0.0,190.0,0.0,0.0,0.0,0.0,0.0,0.0,0.0,0.0,0.0,0.0,75.0,0.0,0.0,75.0,0.0,0.0,115.0,0.0,0.0,115.0,0.0,0.0,0.0,0.0,0.0,0.0,"Mar 17, 2016"
312,1207013.0,12325.0,Erbil,Soran,Bekhal,بيخال,36.61295297,44.4966043,62.0,372.0,62.0,0.0,0.0,0.0,0.0,0.0,0.0,0.0,0.0,0.0,0.0,0.0,0.0,0.0,0.0,0.0,0.0,0.0,0.0,0.0,0.0,0.0,0.0,0.0,0.0,0.0,62.0,0.0,0.0,62.0,0.0,0.0,0.0,0.0,0.0,0.0,0.0,0.0,0.0,0.0,0.0,0.0,0.0,0.0,0.0,0.0,62.0,0.0,0.0,62.0,0.0,0.0,0.0,0.0,0.0,0.0,"Mar 17, 2016"
313,1207014.0,12467.0,Erbil,Soran,Bana ziwak,بانه زيوك,36.5984,44.506,51.0,306.0,0.0,0.0,0.0,0.0,0.0,0.0,0.0,0.0,0.0,0.0,0.0,0.0,51.0,0.0,0.0,0.0,0.0,0.0,0.0,0.0,0.0,0.0,0.0,0.0,0.0,0.0,51.0,0.0,0.0,51.0,0.0,0.0,0.0,0.0,0.0,0.0,0.0,0.0,0.0,0.0,0.0,0.0,51.0,0.0,0.0,51.0,0.0,0.0,0.0,0.0,0.0,0.0,0.0,0.0,0.0,0.0,"Mar 17, 2016"
314,1207015.0,27200.0,Erbil,Soran,Hamya,حاميه,36.6221652,44.5447272,42.0,252.0,0.0,0.0,0.0,0.0,0.0,0.0,0.0,0.0,0.0,0.0,0.0,0.0,42.0,0.0,0.0,0.0,0.0,0.0,0.0,0.0,0.0,0.0,0.0,0.0,0.0,0.0,42.0,0.0,0.0,42.0,0.0,0.0,0.0,0.0,0.0,0.0,0.0,0.0,0.0,0.0,0.0,0.0,42.0,0.0,0.0,42.0,0.0,0.0,0.0,0.0,0.0,0.0,0.0,0.0,0.0,0.0,"Mar 17, 2016"
315,1207016.0,27201.0,Erbil,Soran,Ako,اكو,36.5777136,44.5448613,18.0,108.0,0.0,0.0,0.0,0.0,0.0,0.0,0.0,0.0,0.0,0.0,0.0,0.0,18.0,0.0,0.0,0.0,0.0,0.0,0.0,0.0,0.0,0.0,0.0,0.0,0.0,0.0,18.0,0.0,0.0,18.0,0.0,0.0,0.0,0.0,0.0,0.0,0.0,0.0,0.0,0.0,0.0,0.0,18.0,0.0,0.0,18.0,0.0,0.0,0.0,0.0,0.0,0.0,0.0,0.0,0.0,0.0,"Mar 17, 2016"
316,1301001.0,4658.0,Sulaymaniyah,Chamchamal,Aghjalar,أغجلر,35.7489415,44.8990216,69.0,414.0,21.0,3.0,5.0,0.0,0.0,0.0,0.0,0.0,0.0,0.0,0.0,0.0,36.0,0.0,4.0,0.0,0.0,0.0,0.0,0.0,0.0,0.0,0.0,0.0,0.0,0.0,69.0,0.0,0.0,69.0,0.0,0.0,0.0,0.0,0.0,0.0,0.0,0.0,8.0,0.0,7.0,8.0,38.0,7.0,4.0,38.0,12.0,4.0,0.0,12.0,0.0,0.0,0.0,0.0,0.0,0.0,"Mar 17, 2016"
317,1301003.0,24688.0,Sulaymaniyah,Chamchamal,Asuda,اسودة,35.5269308038,44.8137438,543.0,3258.0,461.0,40.0,18.0,0.0,0.0,2.0,0.0,0.0,0.0,0.0,0.0,0.0,12.0,0.0,10.0,0.0,0.0,0.0,0.0,0.0,0.0,9.0,0.0,0.0,9.0,0.0,405.0,0.0,0.0,405.0,0.0,0.0,0.0,0.0,129.0,0.0,0.0,129.0,109.0,0.0,136.0,109.0,53.0,136.0,83.0,53.0,162.0,83.0,0.0,162.0,0.0,0.0,0.0,0.0,0.0,0.0,"Mar 17, 2016"
318,1301004.0,6024.0,Sulaymaniyah,Chamchamal,Azady,ازادى,35.529988673,44.840731,197.0,1182.0,180.0,0.0,10.0,0.0,0.0,2.0,0.0,0.0,0.0,0.0,0.0,0.0,0.0,0.0,5.0,0.0,0.0,0.0,0.0,0.0,0.0,0.0,0.0,0.0,0.0,0.0,197.0,0.0,0.0,197.0,0.0,0.0,0.0,0.0,0.0,0.0,0.0,0.0,82.0,0.0,34.0,82.0,20.0,34.0,31.0,20.0,30.0,31.0,0.0,30.0,0.0,0.0,0.0,0.0,0.0,0.0,"Mar 17, 2016"
319,1301005.0,22080.0,Sulaymaniyah,Chamchamal,Bekas,بيكس,35.5377776842,44.8318011,127.0,762.0,109.0,1.0,5.0,0.0,0.0,3.0,0.0,0.0,0.0,0.0,0.0,0.0,9.0,0.0,0.0,0.0,0.0,0.0,0.0,0.0,0.0,0.0,0.0,0.0,0.0,0.0,127.0,0.0,0.0,127.0,0.0,0.0,0.0,0.0,0.0,0.0,0.0,0.0,30.0,0.0,17.0,30.0,9.0,17.0,36.0,9.0,35.0,36.0,0.0,35.0,0.0,0.0,0.0,0.0,0.0,0.0,"Mar 17, 2016"
320,1301006.0,24894.0,Sulaymaniyah,Chamchamal,Chamchamal-Raparin,جمجمال-رابرين,35.5236050223,44.822298,174.0,1044.0,168.0,0.0,6.0,0.0,0.0,0.0,0.0,0.0,0.0,0.0,0.0,0.0,0.0,0.0,0.0,0.0,0.0,0.0,0.0,0.0,0.0,0.0,0.0,0.0,0.0,0.0,174.0,0.0,0.0,174.0,0.0,0.0,0.0,0.0,0.0,0.0,0.0,0.0,46.0,0.0,32.0,46.0,18.0,32.0,50.0,18.0,28.0,50.0,0.0,28.0,0.0,0.0,0.0,0.0,0.0,0.0,"Mar 17, 2016"
321,1301007.0,6159.0,Sulaymaniyah,Chamchamal,Chamchamal-Rizgari,جمجمال-رزكاري,35.5398264531,44.8236395,94.0,564.0,89.0,3.0,2.0,0.0,0.0,0.0,0.0,0.0,0.0,0.0,0.0,0.0,0.0,0.0,0.0,0.0,0.0,0.0,0.0,0.0,0.0,0.0,0.0,0.0,0.0,0.0,94.0,0.0,0.0,94.0,0.0,0.0,0.0,0.0,0.0,0.0,0.0,0.0,40.0,0.0,17.0,40.0,9.0,17.0,10.0,9.0,18.0,10.0,0.0,18.0,0.0,0.0,0.0,0.0,0.0,0.0,"Mar 17, 2016"
322,1301008.0,25572.0,Sulaymaniyah,Chamchamal,Farqanikan,فرقانيكان,35.5094991,44.8317222,27.0,162.0,27.0,0.0,0.0,0.0,0.0,0.0,0.0,0.0,0.0,0.0,0.0,0.0,0.0,0.0,0.0,0.0,0.0,0.0,0.0,0.0,0.0,0.0,0.0,0.0,0.0,0.0,23.0,0.0,0.0,23.0,0.0,0.0,0.0,0.0,4.0,0.0,0.0,4.0,20.0,0.0,4.0,20.0,0.0,4.0,3.0,0.0,0.0,3.0,0.0,0.0,0.0,0.0,0.0,0.0,0.0,0.0,"Mar 17, 2016"
323,1301009.0,5853.0,Sulaymaniyah,Chamchamal,Gurgai Fattah,كوركى فتاح,35.5682449253,44.8650224618,34.0,204.0,0.0,0.0,0.0,0.0,0.0,0.0,0.0,0.0,0.0,0.0,0.0,0.0,34.0,0.0,0.0,0.0,0.0,0.0,0.0,0.0,0.0,34.0,0.0,0.0,34.0,0.0,0.0,0.0,0.0,0.0,0.0,0.0,0.0,0.0,0.0,0.0,0.0,0.0,0.0,0.0,0.0,0.0,34.0,0.0,0.0,34.0,0.0,0.0,0.0,0.0,0.0,0.0,0.0,0.0,0.0,0.0,"Mar 17, 2016"
324,1301010.0,23669.0,Sulaymaniyah,Chamchamal,Handreen,هندرين,35.6268737,44.9651462,152.0,912.0,81.0,0.0,0.0,0.0,0.0,1.0,0.0,0.0,0.0,0.0,0.0,0.0,29.0,0.0,41.0,0.0,0.0,0.0,0.0,0.0,0.0,0.0,0.0,0.0,0.0,0.0,152.0,0.0,0.0,152.0,0.0,0.0,0.0,0.0,0.0,0.0,0.0,0.0,14.0,0.0,22.0,14.0,49.0,22.0,61.0,49.0,6.0,61.0,0.0,6.0,0.0,0.0,0.0,0.0,0.0,0.0,"Mar 17, 2016"
325,1301011.0,24686.0,Sulaymaniyah,Chamchamal,Harim,هريم,35.6315678,44.9631512,16.0,96.0,9.0,0.0,0.0,0.0,0.0,2.0,0.0,0.0,0.0,0.0,0.0,0.0,3.0,0.0,2.0,0.0,0.0,0.0,0.0,0.0,0.0,0.0,0.0,0.0,0.0,0.0,16.0,0.0,0.0,16.0,0.0,0.0,0.0,0.0,0.0,0.0,0.0,0.0,7.0,0.0,0.0,7.0,5.0,0.0,2.0,5.0,2.0,2.0,0.0,2.0,0.0,0.0,0.0,0.0,0.0,0.0,"Mar 17, 2016"
326,1301012.0,24216.0,Sulaymaniyah,Chamchamal,Jarmo City,جرمو ستى,35.5212222,44.8357638,118.0,708.0,110.0,0.0,0.0,0.0,0.0,0.0,0.0,0.0,0.0,0.0,0.0,0.0,8.0,0.0,0.0,0.0,0.0,0.0,0.0,0.0,0.0,0.0,0.0,0.0,0.0,0.0,118.0,0.0,0.0,118.0,0.0,0.0,0.0,0.0,0.0,0.0,0.0,0.0,26.0,0.0,72.0,26.0,12.0,72.0,4.0,12.0,4.0,4.0,0.0,4.0,0.0,0.0,0.0,0.0,0.0,0.0,"Mar 17, 2016"
327,1301014.0,20815.0,Sulaymaniyah,Chamchamal,MOFARIAKAN,موفريكان,35.5058412,44.8279305,33.0,198.0,26.0,0.0,7.0,0.0,0.0,0.0,0.0,0.0,0.0,0.0,0.0,0.0,0.0,0.0,0.0,0.0,0.0,0.0,0.0,0.0,0.0,0.0,0.0,0.0,0.0,0.0,30.0,0.0,0.0,30.0,0.0,0.0,0.0,0.0,3.0,0.0,0.0,3.0,20.0,0.0,11.0,20.0,0.0,11.0,2.0,0.0,0.0,2.0,0.0,0.0,0.0,0.0,0.0,0.0,0.0,0.0,"Mar 17, 2016"
328,1301016.0,4933.0,Sulaymaniyah,Chamchamal,Piryadi,بيريادى,35.5130974,44.8489363,170.0,1020.0,125.0,4.0,16.0,0.0,0.0,4.0,0.0,0.0,0.0,0.0,0.0,0.0,16.0,0.0,5.0,0.0,0.0,0.0,0.0,0.0,0.0,0.0,0.0,0.0,0.0,0.0,169.0,0.0,0.0,169.0,0.0,0.0,0.0,0.0,1.0,0.0,0.0,1.0,75.0,0.0,65.0,75.0,9.0,65.0,21.0,9.0,0.0,21.0,0.0,0.0,0.0,0.0,0.0,0.0,0.0,0.0,"Mar 17, 2016"
329,1301017.0,24888.0,Sulaymaniyah,Chamchamal,Pura Gulla,بوره كوله,35.5413762871,44.8351707,74.0,444.0,57.0,5.0,1.0,0.0,0.0,0.0,0.0,0.0,0.0,0.0,0.0,0.0,0.0,0.0,11.0,0.0,0.0,0.0,0.0,0.0,0.0,0.0,0.0,0.0,0.0,0.0,74.0,0.0,0.0,74.0,0.0,0.0,0.0,0.0,0.0,0.0,0.0,0.0,21.0,0.0,18.0,21.0,0.0,18.0,12.0,0.0,23.0,12.0,0.0,23.0,0.0,0.0,0.0,0.0,0.0,0.0,"Mar 17, 2016"
330,1301018.0,21717.0,Sulaymaniyah,Chamchamal,Qadir Kir Mikan,قادركرميكان,35.5037607,44.8523393,174.0,1044.0,141.0,0.0,13.0,0.0,0.0,4.0,0.0,0.0,0.0,0.0,0.0,0.0,8.0,0.0,8.0,0.0,0.0,0.0,0.0,0.0,0.0,0.0,0.0,0.0,0.0,0.0,169.0,0.0,0.0,169.0,0.0,0.0,0.0,0.0,5.0,0.0,0.0,5.0,75.0,0.0,89.0,75.0,7.0,89.0,3.0,7.0,0.0,3.0,0.0,0.0,0.0,0.0,0.0,0.0,0.0,0.0,"Mar 17, 2016"
331,1301019.0,24250.0,Sulaymaniyah,Chamchamal,Qarahanjiriakan,قرهنجيريكان,35.5032536,44.8426528,88.0,528.0,76.0,2.0,8.0,0.0,0.0,0.0,0.0,0.0,0.0,0.0,0.0,0.0,0.0,0.0,2.0,0.0,0.0,0.0,0.0,0.0,0.0,0.0,0.0,0.0,0.0,0.0,88.0,0.0,0.0,88.0,0.0,0.0,0.0,0.0,0.0,0.0,0.0,0.0,55.0,0.0,11.0,55.0,14.0,11.0,6.0,14.0,2.0,6.0,0.0,2.0,0.0,0.0,0.0,0.0,0.0,0.0,"Mar 17, 2016"
332,1301020.0,5182.0,Sulaymaniyah,Chamchamal,Sangaw,سنكاو,35.2854326,45.1788984,60.0,360.0,3.0,1.0,3.0,0.0,0.0,28.0,0.0,0.0,0.0,0.0,0.0,0.0,13.0,0.0,12.0,0.0,0.0,0.0,0.0,0.0,0.0,0.0,0.0,0.0,0.0,0.0,60.0,0.0,0.0,60.0,0.0,0.0,0.0,0.0,0.0,0.0,0.0,0.0,15.0,0.0,32.0,15.0,13.0,32.0,0.0,13.0,0.0,0.0,0.0,0.0,0.0,0.0,0.0,0.0,0.0,0.0,"Mar 17, 2016"
333,1301021.0,20813.0,Sulaymaniyah,Chamchamal,SANGAWIAKAN,سنكاويكان,35.51058,44.8367107,87.0,522.0,78.0,0.0,4.0,0.0,0.0,0.0,0.0,0.0,0.0,0.0,0.0,0.0,2.0,0.0,3.0,0.0,0.0,0.0,0.0,0.0,0.0,0.0,0.0,0.0,0.0,0.0,83.0,0.0,0.0,83.0,0.0,0.0,0.0,0.0,4.0,0.0,0.0,4.0,45.0,0.0,21.0,45.0,21.0,21.0,0.0,21.0,0.0,0.0,0.0,0.0,0.0,0.0,0.0,0.0,0.0,0.0,"Mar 17, 2016"
334,1301022.0,25573.0,Sulaymaniyah,Chamchamal,Shekhanikan,شيخانيكان,35.5140566,44.838405,31.0,186.0,27.0,0.0,0.0,0.0,0.0,0.0,0.0,0.0,0.0,0.0,0.0,0.0,0.0,0.0,4.0,0.0,0.0,0.0,0.0,0.0,0.0,0.0,0.0,0.0,0.0,0.0,28.0,0.0,0.0,28.0,0.0,0.0,0.0,0.0,3.0,0.0,0.0,3.0,21.0,0.0,7.0,21.0,0.0,7.0,3.0,0.0,0.0,3.0,0.0,0.0,0.0,0.0,0.0,0.0,0.0,0.0,"Mar 17, 2016"
335,1301023.0,24811.0,Sulaymaniyah,Chamchamal,Takya-Ashty,تكية-اشتى,35.6239196,44.9649222,38.0,228.0,13.0,0.0,0.0,0.0,0.0,2.0,0.0,0.0,0.0,0.0,0.0,0.0,12.0,0.0,11.0,0.0,0.0,0.0,0.0,0.0,0.0,0.0,0.0,0.0,0.0,0.0,38.0,0.0,0.0,38.0,0.0,0.0,0.0,0.0,0.0,0.0,0.0,0.0,4.0,0.0,12.0,4.0,22.0,12.0,0.0,22.0,0.0,0.0,0.0,0.0,0.0,0.0,0.0,0.0,0.0,0.0,"Mar 17, 2016"
336,1301024.0,24813.0,Sulaymaniyah,Chamchamal,Takya-Azadi,تكية-ازادى,35.6238672,44.9548877,15.0,90.0,2.0,0.0,4.0,0.0,0.0,0.0,0.0,0.0,0.0,0.0,0.0,0.0,2.0,0.0,7.0,0.0,0.0,0.0,0.0,0.0,0.0,0.0,0.0,0.0,0.0,0.0,15.0,0.0,0.0,15.0,0.0,0.0,0.0,0.0,0.0,0.0,0.0,0.0,0.0,0.0,6.0,0.0,9.0,6.0,0.0,9.0,0.0,0.0,0.0,0.0,0.0,0.0,0.0,0.0,0.0,0.0,"Mar 17, 2016"
337,1301025.0,24810.0,Sulaymaniyah,Chamchamal,Takya-Rizgari,تكية-رزكاري,35.6203928,44.9562706,62.0,372.0,18.0,0.0,0.0,0.0,0.0,0.0,0.0,0.0,0.0,0.0,0.0,0.0,20.0,0.0,24.0,0.0,0.0,0.0,0.0,0.0,0.0,0.0,0.0,0.0,0.0,0.0,62.0,0.0,0.0,62.0,0.0,0.0,0.0,0.0,0.0,0.0,0.0,0.0,4.0,0.0,7.0,4.0,34.0,7.0,17.0,34.0,0.0,17.0,0.0,0.0,0.0,0.0,0.0,0.0,0.0,0.0,"Mar 17, 2016"
338,1301026.0,24812.0,Sulaymaniyah,Chamchamal,Takya-Sharawny,تكية-شاروانى,35.6283123,44.958396,12.0,72.0,5.0,0.0,2.0,0.0,0.0,0.0,0.0,0.0,0.0,0.0,0.0,0.0,2.0,0.0,3.0,0.0,0.0,0.0,0.0,0.0,0.0,0.0,0.0,0.0,0.0,0.0,12.0,0.0,0.0,12.0,0.0,0.0,0.0,0.0,0.0,0.0,0.0,0.0,0.0,0.0,3.0,0.0,2.0,3.0,7.0,2.0,0.0,7.0,0.0,0.0,0.0,0.0,0.0,0.0,0.0,0.0,"Mar 17, 2016"
339,1302001.0,24253.0,Sulaymaniyah,Darbandikhan,Campe khwarw,كمبى خوارو,35.0974312,45.6949014,48.0,288.0,15.0,2.0,0.0,0.0,0.0,28.0,0.0,0.0,0.0,0.0,0.0,0.0,0.0,0.0,3.0,0.0,0.0,0.0,0.0,0.0,0.0,0.0,0.0,0.0,0.0,0.0,48.0,0.0,0.0,48.0,0.0,0.0,0.0,0.0,0.0,0.0,0.0,0.0,0.0,0.0,30.0,0.0,3.0,30.0,15.0,3.0,0.0,15.0,0.0,0.0,0.0,0.0,0.0,0.0,0.0,0.0,"Mar 17, 2016"
340,1302002.0,6301.0,Sulaymaniyah,Darbandikhan,Hawara barza,هواربرزة,35.1241329,45.6826464,79.0,474.0,60.0,0.0,1.0,0.0,0.0,6.0,0.0,0.0,0.0,0.0,0.0,0.0,1.0,0.0,11.0,0.0,0.0,0.0,0.0,0.0,0.0,0.0,0.0,0.0,0.0,0.0,79.0,0.0,0.0,79.0,0.0,0.0,0.0,0.0,0.0,0.0,0.0,0.0,9.0,0.0,17.0,9.0,5.0,17.0,30.0,5.0,18.0,30.0,0.0,18.0,0.0,0.0,0.0,0.0,0.0,0.0,"Mar 17, 2016"
341,1302003.0,24252.0,Sulaymaniyah,Darbandikhan,Kanisard,كانى سارد,35.1172587,45.667113,90.0,540.0,30.0,4.0,0.0,0.0,0.0,32.0,0.0,0.0,0.0,0.0,0.0,0.0,0.0,0.0,24.0,0.0,0.0,0.0,0.0,0.0,0.0,0.0,0.0,0.0,0.0,0.0,90.0,0.0,0.0,90.0,0.0,0.0,0.0,0.0,0.0,0.0,0.0,0.0,6.0,0.0,29.0,6.0,30.0,29.0,21.0,30.0,4.0,21.0,0.0,4.0,0.0,0.0,0.0,0.0,0.0,0.0,"Mar 17, 2016"
342,1302004.0,24251.0,Sulaymaniyah,Darbandikhan,Kanito,كانى توو,35.1124805,45.6896322,50.0,300.0,9.0,0.0,2.0,0.0,0.0,34.0,0.0,0.0,0.0,0.0,0.0,0.0,0.0,0.0,5.0,0.0,0.0,0.0,0.0,0.0,0.0,0.0,0.0,0.0,0.0,0.0,50.0,0.0,0.0,50.0,0.0,0.0,0.0,0.0,0.0,0.0,0.0,0.0,2.0,0.0,9.0,2.0,0.0,9.0,28.0,0.0,11.0,28.0,0.0,11.0,0.0,0.0,0.0,0.0,0.0,0.0,"Mar 17, 2016"
343,1302005.0,24670.0,Sulaymaniyah,Darbandikhan,Sara,سرا,35.1079729,45.6886106,69.0,414.0,31.0,0.0,2.0,0.0,0.0,27.0,0.0,0.0,0.0,0.0,0.0,0.0,0.0,0.0,9.0,0.0,0.0,0.0,0.0,0.0,0.0,0.0,0.0,0.0,0.0,0.0,69.0,0.0,0.0,69.0,0.0,0.0,0.0,0.0,0.0,0.0,0.0,0.0,4.0,0.0,26.0,4.0,0.0,26.0,29.0,0.0,10.0,29.0,0.0,10.0,0.0,0.0,0.0,0.0,0.0,0.0,"Mar 17, 2016"
344,1302006.0,24687.0,Sulaymaniyah,Darbandikhan,Warmawa,وارماوا,35.3155118,45.6713881,42.0,252.0,11.0,0.0,0.0,0.0,0.0,13.0,0.0,0.0,0.0,0.0,0.0,0.0,0.0,0.0,18.0,0.0,0.0,0.0,0.0,0.0,0.0,0.0,0.0,0.0,0.0,0.0,38.0,0.0,0.0,38.0,0.0,0.0,0.0,0.0,4.0,0.0,0.0,4.0,7.0,0.0,0.0,7.0,0.0,0.0,31.0,0.0,4.0,31.0,0.0,4.0,0.0,0.0,0.0,0.0,0.0,0.0,"Mar 17, 2016"
345,1303002.0,23924.0,Sulaymaniyah,Dokan,Banwan,بانوان,35.9328361,44.9642292,131.0,786.0,125.0,0.0,0.0,0.0,0.0,0.0,0.0,0.0,0.0,0.0,0.0,0.0,6.0,0.0,0.0,0.0,0.0,0.0,0.0,0.0,0.0,0.0,0.0,6.0,0.0,0.0,125.0,0.0,0.0,125.0,0.0,0.0,0.0,0.0,0.0,0.0,0.0,0.0,39.0,0.0,20.0,39.0,11.0,20.0,50.0,11.0,11.0,50.0,0.0,11.0,0.0,0.0,0.0,0.0,0.0,0.0,"Mar 17, 2016"
346,1303003.0,23721.0,Sulaymaniyah,Dokan,Chawa spy,جوسبى,35.9313984,44.9690877,218.0,1308.0,205.0,0.0,0.0,0.0,0.0,2.0,0.0,0.0,0.0,0.0,0.0,0.0,2.0,0.0,9.0,0.0,0.0,0.0,0.0,0.0,0.0,0.0,0.0,0.0,0.0,0.0,218.0,0.0,0.0,218.0,0.0,0.0,0.0,0.0,0.0,0.0,0.0,0.0,121.0,0.0,34.0,121.0,10.0,34.0,41.0,10.0,12.0,41.0,0.0,12.0,0.0,0.0,0.0,0.0,0.0,0.0,"Mar 17, 2016"
347,1303005.0,23162.0,Sulaymaniyah,Dokan,Dakani Suro,دكانى سرو,35.9435058,44.9691445,80.0,480.0,53.0,0.0,0.0,0.0,0.0,0.0,0.0,0.0,0.0,0.0,0.0,0.0,18.0,0.0,9.0,0.0,0.0,0.0,0.0,0.0,0.0,0.0,0.0,0.0,0.0,0.0,80.0,0.0,0.0,80.0,0.0,0.0,0.0,0.0,0.0,0.0,0.0,0.0,16.0,0.0,6.0,16.0,21.0,6.0,28.0,21.0,9.0,28.0,0.0,9.0,0.0,0.0,0.0,0.0,0.0,0.0,"Mar 17, 2016"
348,1303006.0,24553.0,Sulaymaniyah,Dokan,Farmanbaran,فرمانبران,35.9351554,44.9557487,84.0,504.0,68.0,0.0,0.0,0.0,0.0,3.0,0.0,0.0,0.0,0.0,0.0,0.0,9.0,0.0,4.0,0.0,0.0,0.0,0.0,0.0,0.0,0.0,0.0,0.0,0.0,0.0,84.0,0.0,0.0,84.0,0.0,0.0,0.0,0.0,0.0,0.0,0.0,0.0,20.0,0.0,3.0,20.0,13.0,3.0,42.0,13.0,6.0,42.0,0.0,6.0,0.0,0.0,0.0,0.0,0.0,0.0,"Mar 17, 2016"
349,1303007.0,5229.0,Sulaymaniyah,Dokan,Kani Khan,كاني خان,35.8641594,45.0411536,20.0,120.0,6.0,12.0,0.0,0.0,0.0,0.0,0.0,0.0,0.0,0.0,0.0,0.0,2.0,0.0,0.0,0.0,0.0,0.0,0.0,0.0,0.0,0.0,0.0,0.0,0.0,0.0,20.0,0.0,0.0,20.0,0.0,0.0,0.0,0.0,0.0,0.0,0.0,0.0,0.0,0.0,0.0,0.0,11.0,0.0,9.0,11.0,0.0,9.0,0.0,0.0,0.0,0.0,0.0,0.0,0.0,0.0,"Mar 17, 2016"
350,1303008.0,3643.0,Sulaymaniyah,Dokan,Khalakan,خلكان,36.0177322,44.8384426,77.0,462.0,28.0,4.0,20.0,0.0,0.0,0.0,0.0,0.0,0.0,0.0,0.0,0.0,22.0,0.0,3.0,0.0,0.0,0.0,0.0,0.0,0.0,0.0,0.0,0.0,0.0,0.0,69.0,0.0,0.0,69.0,0.0,0.0,0.0,0.0,8.0,0.0,0.0,8.0,16.0,0.0,23.0,16.0,22.0,23.0,9.0,22.0,7.0,9.0,0.0,7.0,0.0,0.0,0.0,0.0,0.0,0.0,"Mar 17, 2016"
351,1303009.0,3617.0,Sulaymaniyah,Dokan,Kotal,كوتال,35.8388028,45.0791819,31.0,186.0,8.0,8.0,5.0,0.0,0.0,4.0,0.0,0.0,0.0,0.0,0.0,0.0,6.0,0.0,0.0,0.0,0.0,0.0,0.0,0.0,0.0,0.0,0.0,0.0,0.0,0.0,13.0,0.0,0.0,13.0,0.0,0.0,4.0,0.0,0.0,4.0,14.0,0.0,11.0,14.0,9.0,11.0,6.0,9.0,5.0,6.0,0.0,5.0,0.0,0.0,0.0,0.0,0.0,0.0,0.0,0.0,"Mar 17, 2016"
352,1303010.0,4838.0,Sulaymaniyah,Dokan,Mughagh,مغاغ,35.7837692,45.1134806,6.0,36.0,0.0,0.0,0.0,0.0,0.0,0.0,0.0,0.0,0.0,0.0,0.0,0.0,6.0,0.0,0.0,0.0,0.0,0.0,0.0,0.0,0.0,0.0,0.0,0.0,0.0,0.0,0.0,0.0,0.0,0.0,0.0,0.0,6.0,0.0,0.0,6.0,0.0,0.0,0.0,0.0,0.0,0.0,6.0,0.0,0.0,6.0,0.0,0.0,0.0,0.0,0.0,0.0,0.0,0.0,0.0,0.0,"Mar 17, 2016"
353,1303011.0,23333.0,Sulaymaniyah,Dokan,Pishowa,بيشوا,35.7378464,45.1423851,43.0,258.0,25.0,6.0,2.0,0.0,0.0,7.0,0.0,0.0,0.0,0.0,0.0,0.0,3.0,0.0,0.0,0.0,0.0,0.0,0.0,0.0,0.0,0.0,0.0,0.0,0.0,0.0,43.0,0.0,0.0,43.0,0.0,0.0,0.0,0.0,0.0,0.0,0.0,0.0,6.0,0.0,11.0,6.0,7.0,11.0,16.0,7.0,3.0,16.0,0.0,3.0,0.0,0.0,0.0,0.0,0.0,0.0,"Mar 17, 2016"
354,1303012.0,3613.0,Sulaymaniyah,Dokan,Qamchugha,قمجوغة,35.9077476,44.9796553,266.0,1596.0,207.0,24.0,6.0,0.0,0.0,4.0,0.0,0.0,0.0,0.0,0.0,0.0,9.0,0.0,16.0,0.0,0.0,0.0,0.0,0.0,0.0,0.0,0.0,0.0,0.0,0.0,266.0,0.0,0.0,266.0,0.0,0.0,0.0,0.0,0.0,0.0,0.0,0.0,102.0,0.0,63.0,102.0,33.0,63.0,55.0,33.0,13.0,55.0,0.0,13.0,0.0,0.0,0.0,0.0,0.0,0.0,"Mar 17, 2016"
355,1303013.0,24213.0,Sulaymaniyah,Dokan,Sara,سارا,35.7270477,45.1524679,63.0,378.0,52.0,0.0,4.0,0.0,0.0,0.0,0.0,0.0,0.0,0.0,0.0,0.0,7.0,0.0,0.0,0.0,0.0,0.0,0.0,0.0,0.0,0.0,0.0,0.0,0.0,0.0,63.0,0.0,0.0,63.0,0.0,0.0,0.0,0.0,0.0,0.0,0.0,0.0,8.0,0.0,11.0,8.0,17.0,11.0,18.0,17.0,9.0,18.0,0.0,9.0,0.0,0.0,0.0,0.0,0.0,0.0,"Mar 17, 2016"
356,1303014.0,23923.0,Sulaymaniyah,Dokan,Sarcham,سرجم,35.9279122,44.9622742,128.0,768.0,116.0,0.0,3.0,0.0,0.0,3.0,0.0,0.0,0.0,0.0,0.0,0.0,6.0,0.0,0.0,0.0,0.0,0.0,0.0,0.0,0.0,0.0,0.0,0.0,0.0,0.0,124.0,0.0,0.0,124.0,0.0,0.0,4.0,0.0,0.0,4.0,0.0,0.0,70.0,0.0,6.0,70.0,6.0,6.0,28.0,6.0,18.0,28.0,0.0,18.0,0.0,0.0,0.0,0.0,0.0,0.0,"Mar 17, 2016"
357,1303015.0,6305.0,Sulaymaniyah,Dokan,Shaheedan,شهيدان,35.7314435,45.1374075,48.0,288.0,24.0,2.0,3.0,0.0,0.0,9.0,0.0,0.0,0.0,0.0,0.0,0.0,6.0,0.0,4.0,0.0,0.0,0.0,0.0,0.0,0.0,0.0,0.0,0.0,0.0,0.0,48.0,0.0,0.0,48.0,0.0,0.0,0.0,0.0,0.0,0.0,0.0,0.0,12.0,0.0,6.0,12.0,6.0,6.0,14.0,6.0,10.0,14.0,0.0,10.0,0.0,0.0,0.0,0.0,0.0,0.0,"Mar 17, 2016"
358,1303016.0,6306.0,Sulaymaniyah,Dokan,Sharawany,شاروانى,35.733289,45.1446748,47.0,282.0,28.0,3.0,0.0,0.0,0.0,8.0,0.0,0.0,0.0,0.0,0.0,0.0,5.0,0.0,3.0,0.0,0.0,0.0,0.0,0.0,0.0,0.0,0.0,0.0,0.0,0.0,47.0,0.0,0.0,47.0,0.0,0.0,0.0,0.0,0.0,0.0,0.0,0.0,11.0,0.0,6.0,11.0,8.0,6.0,22.0,8.0,0.0,22.0,0.0,0.0,0.0,0.0,0.0,0.0,0.0,0.0,"Mar 17, 2016"
359,1303017.0,3605.0,Sulaymaniyah,Dokan,Surdash,سورداش,35.8591378,45.1016797,1.0,6.0,0.0,1.0,0.0,0.0,0.0,0.0,0.0,0.0,0.0,0.0,0.0,0.0,0.0,0.0,0.0,0.0,0.0,0.0,0.0,0.0,0.0,0.0,0.0,0.0,0.0,0.0,1.0,0.0,0.0,1.0,0.0,0.0,0.0,0.0,0.0,0.0,0.0,0.0,1.0,0.0,0.0,1.0,0.0,0.0,0.0,0.0,0.0,0.0,0.0,0.0,0.0,0.0,0.0,0.0,0.0,0.0,"Mar 17, 2016"
360,1303018.0,3593.0,Sulaymaniyah,Dokan,Timar,تيمار,35.8574417,45.0769418,6.0,36.0,3.0,3.0,0.0,0.0,0.0,0.0,0.0,0.0,0.0,0.0,0.0,0.0,0.0,0.0,0.0,0.0,0.0,0.0,0.0,0.0,0.0,0.0,0.0,0.0,0.0,0.0,6.0,0.0,0.0,6.0,0.0,0.0,0.0,0.0,0.0,0.0,0.0,0.0,3.0,0.0,3.0,3.0,0.0,3.0,0.0,0.0,0.0,0.0,0.0,0.0,0.0,0.0,0.0,0.0,0.0,0.0,"Mar 17, 2016"
361,1303019.0,24554.0,Sulaymaniyah,Dokan,Tokma,توكمة,35.7246294,45.1440548,9.0,54.0,2.0,1.0,2.0,0.0,0.0,4.0,0.0,0.0,0.0,0.0,0.0,0.0,0.0,0.0,0.0,0.0,0.0,0.0,0.0,0.0,0.0,0.0,0.0,0.0,0.0,0.0,9.0,0.0,0.0,9.0,0.0,0.0,0.0,0.0,0.0,0.0,0.0,0.0,2.0,0.0,2.0,2.0,0.0,2.0,5.0,0.0,0.0,5.0,0.0,0.0,0.0,0.0,0.0,0.0,0.0,0.0,"Mar 17, 2016"
362,1303020.0,5068.0,Sulaymaniyah,Dokan,Topzawa,توبزاوا,35.9572654,44.9861496,100.0,600.0,93.0,7.0,0.0,0.0,0.0,0.0,0.0,0.0,0.0,0.0,0.0,0.0,0.0,0.0,0.0,0.0,0.0,0.0,0.0,0.0,0.0,0.0,0.0,0.0,0.0,0.0,100.0,0.0,0.0,100.0,0.0,0.0,0.0,0.0,0.0,0.0,0.0,0.0,44.0,0.0,26.0,44.0,0.0,26.0,19.0,0.0,11.0,19.0,0.0,11.0,0.0,0.0,0.0,0.0,0.0,0.0,"Mar 17, 2016"
363,1304002.0,22460.0,Sulaymaniyah,Halabja,Ardalan,اردلان,35.2991993,46.0343419,32.0,192.0,30.0,0.0,0.0,0.0,0.0,2.0,0.0,0.0,0.0,0.0,0.0,0.0,0.0,0.0,0.0,0.0,0.0,0.0,0.0,0.0,0.0,0.0,0.0,0.0,0.0,0.0,32.0,0.0,0.0,32.0,0.0,0.0,0.0,0.0,0.0,0.0,0.0,0.0,0.0,0.0,12.0,0.0,0.0,12.0,4.0,0.0,16.0,4.0,0.0,16.0,0.0,0.0,0.0,0.0,0.0,0.0,"Mar 17, 2016"
364,1304003.0,3819.0,Sulaymaniyah,Halabja,Ashti,اشتي,35.3017689,46.0356761,21.0,126.0,21.0,0.0,0.0,0.0,0.0,0.0,0.0,0.0,0.0,0.0,0.0,0.0,0.0,0.0,0.0,0.0,0.0,0.0,0.0,0.0,0.0,0.0,0.0,0.0,0.0,0.0,21.0,0.0,0.0,21.0,0.0,0.0,0.0,0.0,0.0,0.0,0.0,0.0,0.0,0.0,2.0,0.0,0.0,2.0,4.0,0.0,15.0,4.0,0.0,15.0,0.0,0.0,0.0,0.0,0.0,0.0,"Mar 17, 2016"
365,1304004.0,23723.0,Sulaymaniyah,Halabja,Bakhtyari,بختيارى,35.3241654,45.6822497,109.0,654.0,103.0,0.0,3.0,0.0,0.0,3.0,0.0,0.0,0.0,0.0,0.0,0.0,0.0,0.0,0.0,0.0,0.0,0.0,0.0,0.0,0.0,0.0,0.0,0.0,0.0,0.0,109.0,0.0,0.0,109.0,0.0,0.0,0.0,0.0,0.0,0.0,0.0,0.0,18.0,0.0,18.0,18.0,0.0,18.0,31.0,0.0,42.0,31.0,0.0,42.0,0.0,0.0,0.0,0.0,0.0,0.0,"Mar 17, 2016"
366,1304005.0,3764.0,Sulaymaniyah,Halabja,Bamok,باموك,35.1610261,45.9963333,1.0,6.0,0.0,0.0,0.0,0.0,0.0,1.0,0.0,0.0,0.0,0.0,0.0,0.0,0.0,0.0,0.0,0.0,0.0,0.0,0.0,0.0,0.0,0.0,0.0,0.0,0.0,0.0,1.0,0.0,0.0,1.0,0.0,0.0,0.0,0.0,0.0,0.0,0.0,0.0,0.0,0.0,0.0,0.0,1.0,0.0,0.0,1.0,0.0,0.0,0.0,0.0,0.0,0.0,0.0,0.0,0.0,0.0,"Mar 17, 2016"
367,1304006.0,24096.0,Sulaymaniyah,Halabja,Barkew,بركيو,35.3553403,45.8688337,113.0,678.0,105.0,0.0,8.0,0.0,0.0,0.0,0.0,0.0,0.0,0.0,0.0,0.0,0.0,0.0,0.0,0.0,0.0,0.0,0.0,0.0,0.0,0.0,0.0,0.0,0.0,0.0,113.0,0.0,0.0,113.0,0.0,0.0,0.0,0.0,0.0,0.0,0.0,0.0,34.0,0.0,24.0,34.0,0.0,24.0,28.0,0.0,27.0,28.0,0.0,27.0,0.0,0.0,0.0,0.0,0.0,0.0,"Mar 17, 2016"
368,1304007.0,21960.0,Sulaymaniyah,Halabja,Farmanbaran,فرمانبران,35.185482,45.9802875,26.0,156.0,20.0,0.0,4.0,0.0,0.0,0.0,0.0,0.0,0.0,0.0,0.0,0.0,2.0,0.0,0.0,0.0,0.0,0.0,0.0,0.0,0.0,0.0,0.0,0.0,0.0,0.0,26.0,0.0,0.0,26.0,0.0,0.0,0.0,0.0,0.0,0.0,0.0,0.0,10.0,0.0,9.0,10.0,0.0,9.0,4.0,0.0,3.0,4.0,0.0,3.0,0.0,0.0,0.0,0.0,0.0,0.0,"Mar 17, 2016"
369,1304008.0,6120.0,Sulaymaniyah,Halabja,Gamesh tapa village,قرية كاميش تبه,35.3507972,45.9044861,3.0,18.0,0.0,0.0,1.0,0.0,0.0,2.0,0.0,0.0,0.0,0.0,0.0,0.0,0.0,0.0,0.0,0.0,0.0,0.0,0.0,0.0,0.0,0.0,0.0,0.0,0.0,0.0,3.0,0.0,0.0,3.0,0.0,0.0,0.0,0.0,0.0,0.0,0.0,0.0,0.0,0.0,3.0,0.0,0.0,3.0,0.0,0.0,0.0,0.0,0.0,0.0,0.0,0.0,0.0,0.0,0.0,0.0,"Mar 17, 2016"
370,1304009.0,22104.0,Sulaymaniyah,Halabja,Goran City,كوران ستي,35.1870509,46.0095894,27.0,162.0,27.0,0.0,0.0,0.0,0.0,0.0,0.0,0.0,0.0,0.0,0.0,0.0,0.0,0.0,0.0,0.0,0.0,0.0,0.0,0.0,0.0,0.0,0.0,0.0,0.0,0.0,27.0,0.0,0.0,27.0,0.0,0.0,0.0,0.0,0.0,0.0,0.0,0.0,6.0,0.0,2.0,6.0,3.0,2.0,10.0,3.0,6.0,10.0,0.0,6.0,0.0,0.0,0.0,0.0,0.0,0.0,"Mar 17, 2016"
371,1304010.0,25647.0,Sulaymaniyah,Halabja,Grda naze village,قرية كرد نازى,35.3424268,45.9255147,2.0,12.0,2.0,0.0,0.0,0.0,0.0,0.0,0.0,0.0,0.0,0.0,0.0,0.0,0.0,0.0,0.0,0.0,0.0,0.0,0.0,0.0,0.0,0.0,0.0,0.0,0.0,0.0,2.0,0.0,0.0,2.0,0.0,0.0,0.0,0.0,0.0,0.0,0.0,0.0,2.0,0.0,0.0,2.0,0.0,0.0,0.0,0.0,0.0,0.0,0.0,0.0,0.0,0.0,0.0,0.0,0.0,0.0,"Mar 17, 2016"
372,1304011.0,3771.0,Sulaymaniyah,Halabja,Greza,قرية كريزه,35.3873424,45.7324774,4.0,24.0,0.0,4.0,0.0,0.0,0.0,0.0,0.0,0.0,0.0,0.0,0.0,0.0,0.0,0.0,0.0,0.0,0.0,0.0,0.0,0.0,0.0,0.0,0.0,0.0,0.0,0.0,4.0,0.0,0.0,4.0,0.0,0.0,0.0,0.0,0.0,0.0,0.0,0.0,2.0,0.0,2.0,2.0,0.0,2.0,0.0,0.0,0.0,0.0,0.0,0.0,0.0,0.0,0.0,0.0,0.0,0.0,"Mar 17, 2016"
373,1304012.0,21862.0,Sulaymaniyah,Halabja,Gulan,كولان,35.1744373,45.9810664,49.0,294.0,40.0,0.0,2.0,0.0,0.0,2.0,0.0,0.0,0.0,0.0,0.0,0.0,5.0,0.0,0.0,0.0,0.0,0.0,0.0,0.0,0.0,0.0,0.0,0.0,0.0,0.0,49.0,0.0,0.0,49.0,0.0,0.0,0.0,0.0,0.0,0.0,0.0,0.0,8.0,0.0,15.0,8.0,7.0,15.0,10.0,7.0,9.0,10.0,0.0,9.0,0.0,0.0,0.0,0.0,0.0,0.0,"Mar 17, 2016"
374,1304014.0,21857.0,Sulaymaniyah,Halabja,Sharwani,شارواني,35.1891217,45.9950623,37.0,222.0,22.0,1.0,5.0,0.0,0.0,4.0,0.0,0.0,0.0,0.0,0.0,0.0,2.0,0.0,3.0,0.0,0.0,0.0,0.0,0.0,0.0,0.0,0.0,0.0,0.0,0.0,37.0,0.0,0.0,37.0,0.0,0.0,0.0,0.0,0.0,0.0,0.0,0.0,7.0,0.0,17.0,7.0,0.0,17.0,8.0,0.0,5.0,8.0,0.0,5.0,0.0,0.0,0.0,0.0,0.0,0.0,"Mar 17, 2016"
375,1304015.0,25079.0,Sulaymaniyah,Halabja,Azadi,ازادي,35.3162601,45.6891783,53.0,318.0,45.0,0.0,4.0,0.0,0.0,2.0,0.0,0.0,0.0,0.0,0.0,0.0,0.0,0.0,2.0,0.0,0.0,0.0,0.0,0.0,0.0,0.0,0.0,0.0,0.0,0.0,53.0,0.0,0.0,53.0,0.0,0.0,0.0,0.0,0.0,0.0,0.0,0.0,6.0,0.0,7.0,6.0,2.0,7.0,23.0,2.0,15.0,23.0,0.0,15.0,0.0,0.0,0.0,0.0,0.0,0.0,"Mar 17, 2016"
376,1304016.0,25080.0,Sulaymaniyah,Halabja,Sharstani,شارستانى,35.3274898,45.6918403,90.0,540.0,79.0,0.0,9.0,0.0,0.0,2.0,0.0,0.0,0.0,0.0,0.0,0.0,0.0,0.0,0.0,0.0,0.0,0.0,0.0,0.0,0.0,0.0,0.0,0.0,0.0,0.0,90.0,0.0,0.0,90.0,0.0,0.0,0.0,0.0,0.0,0.0,0.0,0.0,22.0,0.0,15.0,22.0,0.0,15.0,31.0,0.0,22.0,31.0,0.0,22.0,0.0,0.0,0.0,0.0,0.0,0.0,"Mar 17, 2016"
377,1304018.0,22920.0,Sulaymaniyah,Halabja,Hassar,حسار,35.3515587,45.8727816,31.0,186.0,25.0,0.0,3.0,0.0,0.0,3.0,0.0,0.0,0.0,0.0,0.0,0.0,0.0,0.0,0.0,0.0,0.0,0.0,0.0,0.0,0.0,0.0,0.0,0.0,0.0,0.0,31.0,0.0,0.0,31.0,0.0,0.0,0.0,0.0,0.0,0.0,0.0,0.0,3.0,0.0,10.0,3.0,0.0,10.0,15.0,0.0,3.0,15.0,0.0,3.0,0.0,0.0,0.0,0.0,0.0,0.0,"Mar 17, 2016"
378,1304019.0,22998.0,Sulaymaniyah,Halabja,Hawaran,هواران,35.3295505,45.6920792,133.0,798.0,122.0,0.0,5.0,0.0,0.0,2.0,0.0,0.0,0.0,0.0,0.0,0.0,0.0,0.0,4.0,0.0,0.0,0.0,0.0,0.0,0.0,0.0,0.0,0.0,0.0,0.0,133.0,0.0,0.0,133.0,0.0,0.0,0.0,0.0,0.0,0.0,0.0,0.0,21.0,0.0,25.0,21.0,0.0,25.0,54.0,0.0,33.0,54.0,0.0,33.0,0.0,0.0,0.0,0.0,0.0,0.0,"Mar 17, 2016"
379,1304020.0,25646.0,Sulaymaniyah,Halabja,Kani panka village,قرية كاني بانكه,35.3817828,45.7082416,10.0,60.0,2.0,0.0,0.0,0.0,0.0,0.0,0.0,0.0,0.0,0.0,0.0,0.0,3.0,0.0,5.0,0.0,0.0,0.0,0.0,0.0,0.0,0.0,0.0,0.0,0.0,0.0,10.0,0.0,0.0,10.0,0.0,0.0,0.0,0.0,0.0,0.0,0.0,0.0,0.0,0.0,0.0,0.0,3.0,0.0,3.0,3.0,4.0,3.0,0.0,4.0,0.0,0.0,0.0,0.0,0.0,0.0,"Mar 17, 2016"
380,1304021.0,22031.0,Sulaymaniyah,Halabja,Kani Qulka,كاني قولكه,35.186567,45.9898819,32.0,192.0,20.0,0.0,7.0,0.0,0.0,0.0,0.0,0.0,0.0,0.0,0.0,0.0,0.0,0.0,5.0,0.0,0.0,0.0,0.0,0.0,0.0,0.0,0.0,0.0,0.0,0.0,32.0,0.0,0.0,32.0,0.0,0.0,0.0,0.0,0.0,0.0,0.0,0.0,7.0,0.0,4.0,7.0,0.0,4.0,7.0,0.0,14.0,7.0,0.0,14.0,0.0,0.0,0.0,0.0,0.0,0.0,"Mar 17, 2016"
381,1304023.0,24639.0,Sulaymaniyah,Halabja,Dalani,دالاني,35.2965858,46.0369381,91.0,546.0,65.0,12.0,3.0,0.0,0.0,8.0,0.0,0.0,0.0,0.0,0.0,0.0,0.0,0.0,3.0,0.0,0.0,0.0,0.0,0.0,0.0,0.0,0.0,0.0,0.0,0.0,91.0,0.0,0.0,91.0,0.0,0.0,0.0,0.0,0.0,0.0,0.0,0.0,21.0,0.0,27.0,21.0,22.0,27.0,0.0,22.0,21.0,0.0,0.0,21.0,0.0,0.0,0.0,0.0,0.0,0.0,"Mar 17, 2016"
382,1304024.0,21863.0,Sulaymaniyah,Halabja,Mamostaian,ماموستايان,35.1822314,45.993632,34.0,204.0,16.0,0.0,6.0,0.0,0.0,7.0,0.0,0.0,0.0,0.0,0.0,0.0,0.0,0.0,5.0,0.0,0.0,0.0,0.0,0.0,0.0,0.0,0.0,0.0,0.0,0.0,34.0,0.0,0.0,34.0,0.0,0.0,0.0,0.0,0.0,0.0,0.0,0.0,8.0,0.0,6.0,8.0,0.0,6.0,5.0,0.0,15.0,5.0,0.0,15.0,0.0,0.0,0.0,0.0,0.0,0.0,"Mar 17, 2016"
383,1304025.0,22996.0,Sulaymaniyah,Halabja,Mamostayan,ماموستايان,35.3198684,45.6948361,18.0,108.0,14.0,0.0,4.0,0.0,0.0,0.0,0.0,0.0,0.0,0.0,0.0,0.0,0.0,0.0,0.0,0.0,0.0,0.0,0.0,0.0,0.0,0.0,0.0,0.0,0.0,0.0,18.0,0.0,0.0,18.0,0.0,0.0,0.0,0.0,0.0,0.0,0.0,0.0,8.0,0.0,2.0,8.0,0.0,2.0,3.0,0.0,5.0,3.0,0.0,5.0,0.0,0.0,0.0,0.0,0.0,0.0,"Mar 17, 2016"
384,1304026.0,25757.0,Sulaymaniyah,Halabja,Darwazay Shar,دروازي شار,35.1993777,45.9665141,32.0,192.0,19.0,2.0,7.0,0.0,0.0,2.0,0.0,0.0,0.0,0.0,0.0,0.0,0.0,0.0,2.0,0.0,0.0,0.0,0.0,0.0,0.0,0.0,0.0,0.0,0.0,0.0,32.0,0.0,0.0,32.0,0.0,0.0,0.0,0.0,0.0,0.0,0.0,0.0,10.0,0.0,7.0,10.0,0.0,7.0,7.0,0.0,8.0,7.0,0.0,8.0,0.0,0.0,0.0,0.0,0.0,0.0,"Mar 17, 2016"
385,1304027.0,21962.0,Sulaymaniyah,Halabja,Marzboto,مرزى بوتو,35.1819165,45.9844709,20.0,120.0,16.0,0.0,4.0,0.0,0.0,0.0,0.0,0.0,0.0,0.0,0.0,0.0,0.0,0.0,0.0,0.0,0.0,0.0,0.0,0.0,0.0,0.0,0.0,0.0,0.0,0.0,20.0,0.0,0.0,20.0,0.0,0.0,0.0,0.0,0.0,0.0,0.0,0.0,6.0,0.0,4.0,6.0,0.0,4.0,0.0,0.0,10.0,0.0,0.0,10.0,0.0,0.0,0.0,0.0,0.0,0.0,"Mar 17, 2016"
386,1304028.0,25759.0,Sulaymaniyah,Halabja,Mordana,موردانه,35.168148,45.9904989,45.0,270.0,32.0,0.0,4.0,0.0,0.0,6.0,0.0,0.0,0.0,0.0,0.0,0.0,0.0,0.0,3.0,0.0,0.0,0.0,0.0,0.0,0.0,0.0,0.0,0.0,0.0,0.0,45.0,0.0,0.0,45.0,0.0,0.0,0.0,0.0,0.0,0.0,0.0,0.0,9.0,0.0,14.0,9.0,6.0,14.0,8.0,6.0,8.0,8.0,0.0,8.0,0.0,0.0,0.0,0.0,0.0,0.0,"Mar 17, 2016"
387,1304029.0,25645.0,Sulaymaniyah,Halabja,Mwan village,قرية موان,35.3680182,45.7167728,3.0,18.0,1.0,0.0,2.0,0.0,0.0,0.0,0.0,0.0,0.0,0.0,0.0,0.0,0.0,0.0,0.0,0.0,0.0,0.0,0.0,0.0,0.0,0.0,0.0,0.0,0.0,0.0,3.0,0.0,0.0,3.0,0.0,0.0,0.0,0.0,0.0,0.0,0.0,0.0,0.0,0.0,0.0,0.0,0.0,0.0,3.0,0.0,0.0,3.0,0.0,0.0,0.0,0.0,0.0,0.0,0.0,0.0,"Mar 17, 2016"
388,1304030.0,5299.0,Sulaymaniyah,Halabja,Qadafari,قرية قدفري,35.3364855,45.9494971,6.0,36.0,3.0,1.0,2.0,0.0,0.0,0.0,0.0,0.0,0.0,0.0,0.0,0.0,0.0,0.0,0.0,0.0,0.0,0.0,0.0,0.0,0.0,0.0,0.0,0.0,0.0,0.0,6.0,0.0,0.0,6.0,0.0,0.0,0.0,0.0,0.0,0.0,0.0,0.0,4.0,0.0,1.0,4.0,1.0,1.0,0.0,1.0,0.0,0.0,0.0,0.0,0.0,0.0,0.0,0.0,0.0,0.0,"Mar 17, 2016"
389,1304031.0,22462.0,Sulaymaniyah,Halabja,Qala,قلا,35.2958733,46.0425234,31.0,186.0,25.0,0.0,3.0,0.0,0.0,3.0,0.0,0.0,0.0,0.0,0.0,0.0,0.0,0.0,0.0,0.0,0.0,0.0,0.0,0.0,0.0,0.0,0.0,0.0,0.0,0.0,31.0,0.0,0.0,31.0,0.0,0.0,0.0,0.0,0.0,0.0,0.0,0.0,0.0,0.0,6.0,0.0,3.0,6.0,7.0,3.0,15.0,7.0,0.0,15.0,0.0,0.0,0.0,0.0,0.0,0.0,"Mar 17, 2016"
390,1304032.0,25648.0,Sulaymaniyah,Halabja,Qlija village,قرية قليجه,35.369427,45.7125895,4.0,24.0,3.0,0.0,0.0,0.0,0.0,0.0,0.0,0.0,0.0,0.0,0.0,0.0,0.0,0.0,1.0,0.0,0.0,0.0,0.0,0.0,0.0,0.0,0.0,0.0,0.0,0.0,4.0,0.0,0.0,4.0,0.0,0.0,0.0,0.0,0.0,0.0,0.0,0.0,3.0,0.0,0.0,3.0,1.0,0.0,0.0,1.0,0.0,0.0,0.0,0.0,0.0,0.0,0.0,0.0,0.0,0.0,"Mar 17, 2016"
391,1304033.0,25081.0,Sulaymaniyah,Halabja,Sara,سرا,35.353308,45.8597514,56.0,336.0,49.0,0.0,0.0,0.0,0.0,0.0,0.0,0.0,0.0,0.0,0.0,0.0,0.0,0.0,7.0,0.0,0.0,0.0,0.0,0.0,0.0,0.0,0.0,0.0,0.0,0.0,56.0,0.0,0.0,56.0,0.0,0.0,0.0,0.0,0.0,0.0,0.0,0.0,13.0,0.0,14.0,13.0,19.0,14.0,10.0,19.0,0.0,10.0,0.0,0.0,0.0,0.0,0.0,0.0,0.0,0.0,"Mar 17, 2016"
392,1304034.0,4603.0,Sulaymaniyah,Halabja,Saraw village,قرية سراو,35.370117,45.8273788,9.0,54.0,7.0,0.0,2.0,0.0,0.0,0.0,0.0,0.0,0.0,0.0,0.0,0.0,0.0,0.0,0.0,0.0,0.0,0.0,0.0,0.0,0.0,0.0,0.0,0.0,0.0,0.0,9.0,0.0,0.0,9.0,0.0,0.0,0.0,0.0,0.0,0.0,0.0,0.0,0.0,0.0,4.0,0.0,0.0,4.0,5.0,0.0,0.0,5.0,0.0,0.0,0.0,0.0,0.0,0.0,0.0,0.0,"Mar 17, 2016"
393,1304035.0,22994.0,Sulaymaniyah,Halabja,Sarray,ساراى,35.1745478,45.9896262,18.0,108.0,11.0,0.0,2.0,0.0,0.0,5.0,0.0,0.0,0.0,0.0,0.0,0.0,0.0,0.0,0.0,0.0,0.0,0.0,0.0,0.0,0.0,0.0,0.0,0.0,0.0,0.0,18.0,0.0,0.0,18.0,0.0,0.0,0.0,0.0,0.0,0.0,0.0,0.0,4.0,0.0,2.0,4.0,5.0,2.0,0.0,5.0,7.0,0.0,0.0,7.0,0.0,0.0,0.0,0.0,0.0,0.0,"Mar 17, 2016"
394,1304036.0,21858.0,Sulaymaniyah,Halabja,Shahidan,شهيدان,35.1749017,45.9935643,35.0,210.0,21.0,0.0,4.0,0.0,0.0,8.0,0.0,0.0,0.0,0.0,0.0,0.0,0.0,0.0,2.0,0.0,0.0,0.0,0.0,0.0,0.0,0.0,0.0,0.0,0.0,0.0,35.0,0.0,0.0,35.0,0.0,0.0,0.0,0.0,0.0,0.0,0.0,0.0,4.0,0.0,12.0,4.0,2.0,12.0,6.0,2.0,11.0,6.0,0.0,11.0,0.0,0.0,0.0,0.0,0.0,0.0,"Mar 17, 2016"
395,1304037.0,23077.0,Sulaymaniyah,Halabja,Sharwani,شارواني,35.3135756,45.6928229,54.0,324.0,45.0,0.0,2.0,0.0,0.0,7.0,0.0,0.0,0.0,0.0,0.0,0.0,0.0,0.0,0.0,0.0,0.0,0.0,0.0,0.0,0.0,0.0,0.0,0.0,0.0,0.0,54.0,0.0,0.0,54.0,0.0,0.0,0.0,0.0,0.0,0.0,0.0,0.0,24.0,0.0,4.0,24.0,0.0,4.0,8.0,0.0,18.0,8.0,0.0,18.0,0.0,0.0,0.0,0.0,0.0,0.0,"Mar 17, 2016"
396,1304038.0,23078.0,Sulaymaniyah,Halabja,Rezgari,رزكارى,35.3217373,45.6791641,75.0,450.0,65.0,0.0,7.0,0.0,0.0,3.0,0.0,0.0,0.0,0.0,0.0,0.0,0.0,0.0,0.0,0.0,0.0,0.0,0.0,0.0,0.0,0.0,0.0,0.0,0.0,0.0,75.0,0.0,0.0,75.0,0.0,0.0,0.0,0.0,0.0,0.0,0.0,0.0,13.0,0.0,16.0,13.0,0.0,16.0,27.0,0.0,19.0,27.0,0.0,19.0,0.0,0.0,0.0,0.0,0.0,0.0,"Mar 17, 2016"
397,1304039.0,22995.0,Sulaymaniyah,Halabja,Shikhan,شيخان,35.3654268,45.8657843,76.0,456.0,62.0,1.0,3.0,0.0,0.0,0.0,0.0,0.0,0.0,0.0,0.0,0.0,10.0,0.0,0.0,0.0,0.0,0.0,0.0,0.0,0.0,0.0,0.0,0.0,0.0,0.0,76.0,0.0,0.0,76.0,0.0,0.0,0.0,0.0,0.0,0.0,0.0,0.0,25.0,0.0,17.0,25.0,10.0,17.0,23.0,10.0,1.0,23.0,0.0,1.0,0.0,0.0,0.0,0.0,0.0,0.0,"Mar 17, 2016"
398,1304040.0,6209.0,Sulaymaniyah,Halabja,Sirwan,سيروان,35.2588867,45.9348993,134.0,804.0,24.0,15.0,36.0,0.0,0.0,45.0,0.0,0.0,0.0,0.0,0.0,0.0,0.0,0.0,14.0,0.0,0.0,0.0,0.0,0.0,0.0,0.0,0.0,0.0,0.0,0.0,134.0,0.0,0.0,134.0,0.0,0.0,0.0,0.0,0.0,0.0,0.0,0.0,34.0,0.0,30.0,34.0,14.0,30.0,27.0,14.0,29.0,27.0,0.0,29.0,0.0,0.0,0.0,0.0,0.0,0.0,"Mar 17, 2016"
399,1304041.0,23079.0,Sulaymaniyah,Halabja,Soreen,سورين,35.3179479,45.6954704,87.0,522.0,80.0,0.0,2.0,0.0,0.0,5.0,0.0,0.0,0.0,0.0,0.0,0.0,0.0,0.0,0.0,0.0,0.0,0.0,0.0,0.0,0.0,0.0,0.0,0.0,0.0,0.0,87.0,0.0,0.0,87.0,0.0,0.0,0.0,0.0,0.0,0.0,0.0,0.0,22.0,0.0,15.0,22.0,0.0,15.0,22.0,0.0,28.0,22.0,0.0,28.0,0.0,0.0,0.0,0.0,0.0,0.0,"Mar 17, 2016"
400,1304042.0,27338.0,Sulaymaniyah,Halabja,Barzinja Camp,برزنجا كمب,35.5278818,45.6891402,100.0,600.0,100.0,0.0,0.0,0.0,0.0,0.0,0.0,0.0,0.0,0.0,0.0,0.0,0.0,0.0,0.0,0.0,0.0,0.0,100.0,0.0,0.0,0.0,0.0,0.0,0.0,0.0,0.0,0.0,0.0,0.0,0.0,0.0,0.0,0.0,0.0,0.0,0.0,0.0,0.0,0.0,0.0,0.0,0.0,0.0,57.0,0.0,43.0,57.0,0.0,43.0,0.0,0.0,0.0,0.0,0.0,0.0,"Mar 17, 2016"
401,1305001.0,24891.0,Sulaymaniyah,Kalar,Azadi,ازادي,34.6332086687,45.3388309,68.0,408.0,35.0,0.0,0.0,0.0,0.0,33.0,0.0,0.0,0.0,0.0,0.0,0.0,0.0,0.0,0.0,0.0,0.0,0.0,0.0,0.0,0.0,0.0,0.0,0.0,0.0,0.0,68.0,0.0,0.0,68.0,0.0,0.0,0.0,0.0,0.0,0.0,0.0,0.0,10.0,0.0,37.0,10.0,4.0,37.0,8.0,4.0,9.0,8.0,0.0,9.0,0.0,0.0,0.0,0.0,0.0,0.0,"Mar 17, 2016"
402,1305002.0,24886.0,Sulaymaniyah,Kalar,Ban Asiaw,بان اسياو,34.5218355,45.2170755,71.0,426.0,0.0,0.0,0.0,0.0,0.0,71.0,0.0,0.0,0.0,0.0,0.0,0.0,0.0,0.0,0.0,0.0,0.0,0.0,0.0,0.0,0.0,0.0,0.0,0.0,0.0,0.0,71.0,0.0,0.0,71.0,0.0,0.0,0.0,0.0,0.0,0.0,0.0,0.0,0.0,0.0,66.0,0.0,0.0,66.0,5.0,0.0,0.0,5.0,0.0,0.0,0.0,0.0,0.0,0.0,0.0,0.0,"Mar 17, 2016"
403,1305003.0,3939.0,Sulaymaniyah,Kalar,Barda Sur,بردسور,34.6415938674,45.3475832,53.0,318.0,27.0,0.0,0.0,0.0,0.0,26.0,0.0,0.0,0.0,0.0,0.0,0.0,0.0,0.0,0.0,0.0,0.0,0.0,0.0,0.0,0.0,0.0,0.0,0.0,0.0,0.0,53.0,0.0,0.0,53.0,0.0,0.0,0.0,0.0,0.0,0.0,0.0,0.0,6.0,0.0,27.0,6.0,4.0,27.0,7.0,4.0,9.0,7.0,0.0,9.0,0.0,0.0,0.0,0.0,0.0,0.0,"Mar 17, 2016"
404,1305004.0,23768.0,Sulaymaniyah,Kalar,Bingrd,بنكرد,34.6152107818,45.3152668,159.0,954.0,87.0,0.0,0.0,0.0,0.0,72.0,0.0,0.0,0.0,0.0,0.0,0.0,0.0,0.0,0.0,0.0,0.0,0.0,0.0,0.0,0.0,0.0,0.0,0.0,0.0,0.0,159.0,0.0,0.0,159.0,0.0,0.0,0.0,0.0,0.0,0.0,0.0,0.0,48.0,0.0,0.0,48.0,0.0,0.0,97.0,0.0,14.0,97.0,0.0,14.0,0.0,0.0,0.0,0.0,0.0,0.0,"Mar 17, 2016"
405,1305005.0,6285.0,Sulaymaniyah,Kalar,Farmanbaran,فرمانبران,34.6208129187,45.3194749,163.0,978.0,59.0,0.0,0.0,0.0,0.0,104.0,0.0,0.0,0.0,0.0,0.0,0.0,0.0,0.0,0.0,0.0,0.0,0.0,0.0,0.0,0.0,0.0,0.0,0.0,0.0,0.0,163.0,0.0,0.0,163.0,0.0,0.0,0.0,0.0,0.0,0.0,0.0,0.0,2.0,0.0,57.0,2.0,0.0,57.0,81.0,0.0,23.0,81.0,0.0,23.0,0.0,0.0,0.0,0.0,0.0,0.0,"Mar 17, 2016"
406,1305006.0,23767.0,Sulaymaniyah,Kalar,Goran,كوران,34.6367743287,45.3383341,47.0,282.0,25.0,0.0,0.0,0.0,0.0,22.0,0.0,0.0,0.0,0.0,0.0,0.0,0.0,0.0,0.0,0.0,0.0,0.0,0.0,0.0,0.0,0.0,0.0,0.0,0.0,0.0,47.0,0.0,0.0,47.0,0.0,0.0,0.0,0.0,0.0,0.0,0.0,0.0,21.0,0.0,13.0,21.0,3.0,13.0,3.0,3.0,7.0,3.0,0.0,7.0,0.0,0.0,0.0,0.0,0.0,0.0,"Mar 17, 2016"
407,1305007.0,5995.0,Sulaymaniyah,Kalar,Grda Gozina,كرده كوزينه,34.586378942,45.2896874,52.0,312.0,11.0,0.0,0.0,0.0,0.0,39.0,0.0,0.0,0.0,0.0,0.0,0.0,0.0,0.0,2.0,0.0,0.0,0.0,0.0,0.0,0.0,0.0,0.0,0.0,0.0,0.0,52.0,0.0,0.0,52.0,0.0,0.0,0.0,0.0,0.0,0.0,0.0,0.0,2.0,0.0,27.0,2.0,10.0,27.0,4.0,10.0,9.0,4.0,0.0,9.0,0.0,0.0,0.0,0.0,0.0,0.0,"Mar 17, 2016"
408,1305008.0,24892.0,Sulaymaniyah,Kalar,Hamren,حمرين,34.6157436182,45.3089761,58.0,348.0,8.0,0.0,0.0,0.0,0.0,50.0,0.0,0.0,0.0,0.0,0.0,0.0,0.0,0.0,0.0,0.0,0.0,0.0,0.0,0.0,0.0,0.0,0.0,0.0,0.0,0.0,58.0,0.0,0.0,58.0,0.0,0.0,0.0,0.0,0.0,0.0,0.0,0.0,0.0,0.0,53.0,0.0,0.0,53.0,5.0,0.0,0.0,5.0,0.0,0.0,0.0,0.0,0.0,0.0,0.0,0.0,"Mar 17, 2016"
409,1305009.0,6286.0,Sulaymaniyah,Kalar,Kalar Kon,كلار كون,34.6380313267,45.3031242,209.0,1254.0,39.0,0.0,0.0,0.0,0.0,163.0,0.0,0.0,0.0,0.0,0.0,0.0,7.0,0.0,0.0,0.0,0.0,0.0,0.0,0.0,0.0,0.0,0.0,0.0,0.0,0.0,209.0,0.0,0.0,209.0,0.0,0.0,0.0,0.0,0.0,0.0,0.0,0.0,23.0,0.0,74.0,23.0,55.0,74.0,51.0,55.0,6.0,51.0,0.0,6.0,0.0,0.0,0.0,0.0,0.0,0.0,"Mar 17, 2016"
410,1305010.0,24893.0,Sulaymaniyah,Kalar,Kalari New,كلارى نوى,34.641410676,45.3110706,95.0,570.0,17.0,0.0,5.0,0.0,0.0,73.0,0.0,0.0,0.0,0.0,0.0,0.0,0.0,0.0,0.0,0.0,0.0,0.0,0.0,0.0,0.0,0.0,0.0,0.0,0.0,0.0,95.0,0.0,0.0,95.0,0.0,0.0,0.0,0.0,0.0,0.0,0.0,0.0,5.0,0.0,85.0,5.0,0.0,85.0,2.0,0.0,3.0,2.0,0.0,3.0,0.0,0.0,0.0,0.0,0.0,0.0,"Mar 17, 2016"
411,1305011.0,21983.0,Sulaymaniyah,Kalar,Raparin,رابرين,34.6282315191,45.3127142,109.0,654.0,40.0,0.0,0.0,0.0,0.0,69.0,0.0,0.0,0.0,0.0,0.0,0.0,0.0,0.0,0.0,0.0,0.0,0.0,0.0,0.0,0.0,0.0,0.0,0.0,0.0,0.0,109.0,0.0,0.0,109.0,0.0,0.0,0.0,0.0,0.0,0.0,0.0,0.0,4.0,0.0,57.0,4.0,0.0,57.0,40.0,0.0,8.0,40.0,0.0,8.0,0.0,0.0,0.0,0.0,0.0,0.0,"Mar 17, 2016"
412,1305012.0,24887.0,Sulaymaniyah,Kalar,Kalar-Rizgari,كلار-رزكاري,34.6575693265,45.2435141737,867.0,5202.0,103.0,147.0,36.0,0.0,0.0,534.0,0.0,0.0,0.0,0.0,0.0,0.0,5.0,0.0,42.0,0.0,0.0,0.0,0.0,0.0,0.0,0.0,0.0,0.0,0.0,0.0,843.0,0.0,0.0,843.0,0.0,0.0,0.0,0.0,0.0,0.0,24.0,0.0,20.0,24.0,390.0,20.0,334.0,390.0,90.0,334.0,33.0,90.0,0.0,33.0,0.0,0.0,0.0,0.0,0.0,0.0,"Mar 17, 2016"
413,1305013.0,23928.0,Sulaymaniyah,Kalar,Shahidan,شهيدان,34.6346967483,45.3237034,468.0,2808.0,78.0,0.0,20.0,0.0,0.0,370.0,0.0,0.0,0.0,0.0,0.0,0.0,0.0,0.0,0.0,0.0,0.0,0.0,0.0,0.0,0.0,0.0,0.0,0.0,0.0,0.0,468.0,0.0,0.0,468.0,0.0,0.0,0.0,0.0,0.0,0.0,0.0,0.0,52.0,0.0,390.0,52.0,0.0,390.0,21.0,0.0,5.0,21.0,0.0,5.0,0.0,0.0,0.0,0.0,0.0,0.0,"Mar 17, 2016"
414,1305014.0,3903.0,Sulaymaniyah,Kalar,Kulajo,كلجو,34.4647981,45.1647359,549.0,3294.0,3.0,0.0,3.0,0.0,0.0,543.0,0.0,0.0,0.0,0.0,0.0,0.0,0.0,0.0,0.0,0.0,0.0,0.0,0.0,0.0,0.0,0.0,0.0,0.0,0.0,0.0,549.0,0.0,0.0,549.0,0.0,0.0,0.0,0.0,0.0,0.0,0.0,0.0,241.0,0.0,223.0,241.0,52.0,223.0,33.0,52.0,0.0,33.0,0.0,0.0,0.0,0.0,0.0,0.0,0.0,0.0,"Mar 17, 2016"
415,1305015.0,5976.0,Sulaymaniyah,Kalar,Pebaz,بيباز,34.8186468,45.5096941,69.0,414.0,6.0,0.0,2.0,0.0,0.0,61.0,0.0,0.0,0.0,0.0,0.0,0.0,0.0,0.0,0.0,0.0,0.0,0.0,0.0,0.0,0.0,0.0,0.0,0.0,0.0,0.0,69.0,0.0,0.0,69.0,0.0,0.0,0.0,0.0,0.0,0.0,0.0,0.0,3.0,0.0,12.0,3.0,21.0,12.0,17.0,21.0,16.0,17.0,0.0,16.0,0.0,0.0,0.0,0.0,0.0,0.0,"Mar 17, 2016"
416,1305018.0,24962.0,Sulaymaniyah,Kalar,Sharawani,شارواني,34.6396437211,45.3129032,159.0,954.0,60.0,0.0,4.0,0.0,0.0,95.0,0.0,0.0,0.0,0.0,0.0,0.0,0.0,0.0,0.0,0.0,0.0,0.0,0.0,0.0,0.0,0.0,0.0,0.0,0.0,0.0,159.0,0.0,0.0,159.0,0.0,0.0,0.0,0.0,0.0,0.0,0.0,0.0,35.0,0.0,105.0,35.0,3.0,105.0,10.0,3.0,6.0,10.0,0.0,6.0,0.0,0.0,0.0,0.0,0.0,0.0,"Mar 17, 2016"
417,1305019.0,6000.0,Sulaymaniyah,Kalar,Shaykh Lankar,شيخ لنكر,34.5555857,45.2481505,144.0,864.0,0.0,0.0,0.0,0.0,0.0,144.0,0.0,0.0,0.0,0.0,0.0,0.0,0.0,0.0,0.0,0.0,0.0,0.0,0.0,0.0,0.0,0.0,0.0,0.0,0.0,0.0,144.0,0.0,0.0,144.0,0.0,0.0,0.0,0.0,0.0,0.0,0.0,0.0,26.0,0.0,58.0,26.0,41.0,58.0,19.0,41.0,0.0,19.0,0.0,0.0,0.0,0.0,0.0,0.0,0.0,0.0,"Mar 17, 2016"
418,1305020.0,23769.0,Sulaymaniyah,Kalar,Sherwana,شيروانة,34.6108576753,45.3166238,37.0,222.0,5.0,0.0,0.0,0.0,0.0,32.0,0.0,0.0,0.0,0.0,0.0,0.0,0.0,0.0,0.0,0.0,0.0,0.0,0.0,0.0,0.0,0.0,0.0,0.0,0.0,0.0,37.0,0.0,0.0,37.0,0.0,0.0,0.0,0.0,0.0,0.0,0.0,0.0,5.0,0.0,23.0,5.0,0.0,23.0,9.0,0.0,0.0,9.0,0.0,0.0,0.0,0.0,0.0,0.0,0.0,0.0,"Mar 17, 2016"
419,1305021.0,24890.0,Sulaymaniyah,Kalar,Sirwan,سيروان,34.6223123048,45.3304388,145.0,870.0,22.0,0.0,6.0,0.0,0.0,117.0,0.0,0.0,0.0,0.0,0.0,0.0,0.0,0.0,0.0,0.0,0.0,0.0,0.0,0.0,0.0,0.0,0.0,0.0,0.0,0.0,145.0,0.0,0.0,145.0,0.0,0.0,0.0,0.0,0.0,0.0,0.0,0.0,5.0,0.0,123.0,5.0,0.0,123.0,11.0,0.0,6.0,11.0,0.0,6.0,0.0,0.0,0.0,0.0,0.0,0.0,"Mar 17, 2016"
420,1305022.0,26072.0,Sulaymaniyah,Kalar,Tazade ,تازة دي كمب,34.7055127,45.4486086,555.0,3330.0,430.0,115.0,0.0,0.0,0.0,0.0,0.0,0.0,0.0,0.0,0.0,0.0,0.0,0.0,10.0,0.0,0.0,0.0,555.0,0.0,0.0,0.0,0.0,0.0,0.0,0.0,0.0,0.0,0.0,0.0,0.0,0.0,0.0,0.0,0.0,0.0,0.0,0.0,30.0,0.0,126.0,30.0,69.0,126.0,235.0,69.0,95.0,235.0,0.0,95.0,0.0,0.0,0.0,0.0,0.0,0.0,"Mar 17, 2016"
421,1306001.0,22454.0,Sulaymaniyah,Penjwin,Alyasafra,الياسفرة,35.615712,45.9544744,4.0,24.0,0.0,0.0,0.0,0.0,0.0,3.0,0.0,0.0,0.0,0.0,0.0,0.0,1.0,0.0,0.0,0.0,0.0,0.0,0.0,0.0,0.0,0.0,0.0,0.0,0.0,0.0,4.0,0.0,0.0,4.0,0.0,0.0,0.0,0.0,0.0,0.0,0.0,0.0,0.0,0.0,0.0,0.0,4.0,0.0,0.0,4.0,0.0,0.0,0.0,0.0,0.0,0.0,0.0,0.0,0.0,0.0,"Mar 17, 2016"
422,1306003.0,22459.0,Sulaymaniyah,Penjwin,Mamostayan,ماموستايان,35.6216293,45.9502174,5.0,30.0,0.0,0.0,3.0,0.0,0.0,2.0,0.0,0.0,0.0,0.0,0.0,0.0,0.0,0.0,0.0,0.0,0.0,0.0,0.0,0.0,0.0,0.0,0.0,0.0,0.0,0.0,5.0,0.0,0.0,5.0,0.0,0.0,0.0,0.0,0.0,0.0,0.0,0.0,1.0,0.0,0.0,1.0,2.0,0.0,2.0,2.0,0.0,2.0,0.0,0.0,0.0,0.0,0.0,0.0,0.0,0.0,"Mar 17, 2016"
423,1306004.0,6070.0,Sulaymaniyah,Penjwin,Nalparez,نالباريز,35.576282,45.854572,4.0,24.0,4.0,0.0,0.0,0.0,0.0,0.0,0.0,0.0,0.0,0.0,0.0,0.0,0.0,0.0,0.0,0.0,0.0,0.0,0.0,0.0,0.0,0.0,0.0,0.0,0.0,0.0,4.0,0.0,0.0,4.0,0.0,0.0,0.0,0.0,0.0,0.0,0.0,0.0,0.0,0.0,0.0,0.0,4.0,0.0,0.0,4.0,0.0,0.0,0.0,0.0,0.0,0.0,0.0,0.0,0.0,0.0,"Mar 17, 2016"
424,1306005.0,22591.0,Sulaymaniyah,Penjwin,Rzgari,رزكاري,35.6302076,45.9376222,7.0,42.0,2.0,0.0,0.0,0.0,0.0,0.0,0.0,0.0,0.0,0.0,0.0,0.0,0.0,0.0,5.0,0.0,0.0,0.0,0.0,0.0,0.0,0.0,0.0,0.0,0.0,0.0,7.0,0.0,0.0,7.0,0.0,0.0,0.0,0.0,0.0,0.0,0.0,0.0,0.0,0.0,4.0,0.0,0.0,4.0,2.0,0.0,1.0,2.0,0.0,1.0,0.0,0.0,0.0,0.0,0.0,0.0,"Mar 17, 2016"
425,1307001.0,24669.0,Sulaymaniyah,Pshdar,Ashty-Qaladiza,اشتي-قلادزي,36.182806,45.1353735,90.0,540.0,0.0,0.0,0.0,0.0,0.0,0.0,0.0,0.0,0.0,0.0,0.0,0.0,90.0,0.0,0.0,0.0,0.0,0.0,0.0,0.0,0.0,26.0,0.0,0.0,26.0,0.0,0.0,0.0,0.0,0.0,0.0,0.0,0.0,0.0,64.0,0.0,0.0,64.0,0.0,0.0,0.0,0.0,90.0,0.0,0.0,90.0,0.0,0.0,0.0,0.0,0.0,0.0,0.0,0.0,0.0,0.0,"Mar 17, 2016"
426,1307002.0,24492.0,Sulaymaniyah,Pshdar,Khanaqa-Qaladiza,خانقا-قلادزي,36.1835023,45.1215687,100.0,600.0,26.0,0.0,0.0,0.0,0.0,0.0,0.0,0.0,0.0,0.0,0.0,0.0,29.0,0.0,45.0,0.0,0.0,0.0,0.0,0.0,0.0,0.0,0.0,0.0,0.0,0.0,100.0,0.0,0.0,100.0,0.0,0.0,0.0,0.0,0.0,0.0,0.0,0.0,18.0,0.0,0.0,18.0,29.0,0.0,45.0,29.0,8.0,45.0,0.0,8.0,0.0,0.0,0.0,0.0,0.0,0.0,"Mar 17, 2016"
427,1307003.0,6124.0,Sulaymaniyah,Pshdar,Sangasar,سنكسر,36.2424555,45.008936,110.0,660.0,92.0,0.0,4.0,0.0,0.0,0.0,0.0,0.0,0.0,0.0,0.0,0.0,7.0,0.0,7.0,0.0,0.0,0.0,0.0,0.0,0.0,0.0,0.0,0.0,0.0,0.0,110.0,0.0,0.0,110.0,0.0,0.0,0.0,0.0,0.0,0.0,0.0,0.0,19.0,0.0,24.0,19.0,7.0,24.0,26.0,7.0,34.0,26.0,0.0,34.0,0.0,0.0,0.0,0.0,0.0,0.0,"Mar 17, 2016"
428,1308003.0,25298.0,Sulaymaniyah,Rania,Koling city,كولين ستي,36.2287787,44.8485077,380.0,2280.0,219.0,0.0,7.0,0.0,0.0,9.0,0.0,0.0,0.0,0.0,0.0,0.0,133.0,0.0,12.0,0.0,0.0,0.0,0.0,0.0,0.0,0.0,0.0,0.0,0.0,0.0,380.0,0.0,0.0,380.0,0.0,0.0,0.0,0.0,0.0,0.0,0.0,0.0,30.0,0.0,124.0,30.0,60.0,124.0,70.0,60.0,96.0,70.0,0.0,96.0,0.0,0.0,0.0,0.0,0.0,0.0,"Mar 17, 2016"
429,1308004.0,25296.0,Sulaymaniyah,Rania,Qandil,قنديل,36.2097303,44.8337084,64.0,384.0,31.0,0.0,3.0,0.0,0.0,5.0,0.0,0.0,0.0,0.0,0.0,0.0,21.0,0.0,4.0,0.0,0.0,0.0,0.0,0.0,0.0,0.0,0.0,0.0,0.0,0.0,64.0,0.0,0.0,64.0,0.0,0.0,0.0,0.0,0.0,0.0,0.0,0.0,5.0,0.0,0.0,5.0,21.0,0.0,0.0,21.0,38.0,0.0,0.0,38.0,0.0,0.0,0.0,0.0,0.0,0.0,"Mar 17, 2016"
430,1308005.0,25293.0,Sulaymaniyah,Rania,Raparine,رابرين,36.20458,44.8215052,44.0,264.0,29.0,0.0,0.0,0.0,0.0,0.0,0.0,0.0,0.0,0.0,0.0,0.0,15.0,0.0,0.0,0.0,0.0,0.0,0.0,0.0,0.0,0.0,0.0,0.0,0.0,0.0,44.0,0.0,0.0,44.0,0.0,0.0,0.0,0.0,0.0,0.0,0.0,0.0,4.0,0.0,0.0,4.0,15.0,0.0,5.0,15.0,20.0,5.0,0.0,20.0,0.0,0.0,0.0,0.0,0.0,0.0,"Mar 17, 2016"
431,1308006.0,25297.0,Sulaymaniyah,Rania,Rozhhalat,روزهلات,36.2114866,44.836857,32.0,192.0,3.0,0.0,0.0,0.0,0.0,5.0,0.0,0.0,0.0,0.0,0.0,0.0,15.0,0.0,9.0,0.0,0.0,0.0,0.0,0.0,0.0,0.0,0.0,0.0,0.0,0.0,32.0,0.0,0.0,32.0,0.0,0.0,0.0,0.0,0.0,0.0,0.0,0.0,0.0,0.0,12.0,0.0,17.0,12.0,0.0,17.0,3.0,0.0,0.0,3.0,0.0,0.0,0.0,0.0,0.0,0.0,"Mar 17, 2016"
432,1308007.0,25294.0,Sulaymaniyah,Rania,Rezgari,رزكاري,36.2028494,44.8233995,26.0,156.0,15.0,0.0,3.0,0.0,0.0,8.0,0.0,0.0,0.0,0.0,0.0,0.0,0.0,0.0,0.0,0.0,0.0,0.0,0.0,0.0,0.0,0.0,0.0,0.0,0.0,0.0,26.0,0.0,0.0,26.0,0.0,0.0,0.0,0.0,0.0,0.0,0.0,0.0,0.0,0.0,7.0,0.0,4.0,7.0,10.0,4.0,5.0,10.0,0.0,5.0,0.0,0.0,0.0,0.0,0.0,0.0,"Mar 17, 2016"
433,1308009.0,25522.0,Sulaymaniyah,Rania,Kewa Rash,كيوره ش,36.2633631,44.8813414,47.0,282.0,38.0,0.0,0.0,0.0,0.0,0.0,0.0,0.0,0.0,0.0,0.0,0.0,3.0,0.0,6.0,0.0,0.0,0.0,0.0,0.0,0.0,0.0,0.0,0.0,0.0,0.0,47.0,0.0,0.0,47.0,0.0,0.0,0.0,0.0,0.0,0.0,0.0,0.0,0.0,0.0,0.0,0.0,6.0,0.0,33.0,6.0,8.0,33.0,0.0,8.0,0.0,0.0,0.0,0.0,0.0,0.0,"Mar 17, 2016"
434,1308010.0,24814.0,Sulaymaniyah,Rania,Mamostayan,ماموستايان,36.2589441,44.8900763,30.0,180.0,20.0,0.0,2.0,0.0,0.0,0.0,0.0,0.0,0.0,0.0,0.0,0.0,8.0,0.0,0.0,0.0,0.0,0.0,0.0,0.0,0.0,0.0,0.0,0.0,0.0,0.0,30.0,0.0,0.0,30.0,0.0,0.0,0.0,0.0,0.0,0.0,0.0,0.0,0.0,0.0,25.0,0.0,0.0,25.0,0.0,0.0,5.0,0.0,0.0,5.0,0.0,0.0,0.0,0.0,0.0,0.0,"Mar 17, 2016"
435,1308011.0,24101.0,Sulaymaniyah,Rania,Nawroz,نوروز,36.2494431,44.8741161,52.0,312.0,37.0,0.0,0.0,0.0,0.0,0.0,0.0,0.0,0.0,0.0,0.0,0.0,12.0,0.0,3.0,0.0,0.0,0.0,0.0,0.0,0.0,0.0,0.0,0.0,0.0,0.0,52.0,0.0,0.0,52.0,0.0,0.0,0.0,0.0,0.0,0.0,0.0,0.0,11.0,0.0,2.0,11.0,10.0,2.0,12.0,10.0,17.0,12.0,0.0,17.0,0.0,0.0,0.0,0.0,0.0,0.0,"Mar 17, 2016"
436,1308012.0,24897.0,Sulaymaniyah,Rania,Peshawa,بيشوا,36.2471583,44.8796359,20.0,120.0,20.0,0.0,0.0,0.0,0.0,0.0,0.0,0.0,0.0,0.0,0.0,0.0,0.0,0.0,0.0,0.0,0.0,0.0,0.0,0.0,0.0,0.0,0.0,0.0,0.0,0.0,20.0,0.0,0.0,20.0,0.0,0.0,0.0,0.0,0.0,0.0,0.0,0.0,7.0,0.0,0.0,7.0,0.0,0.0,4.0,0.0,9.0,4.0,0.0,9.0,0.0,0.0,0.0,0.0,0.0,0.0,"Mar 17, 2016"
437,1308013.0,4201.0,Sulaymaniyah,Rania,Qalat,قلات,36.2540685,44.8853674,41.0,246.0,28.0,0.0,3.0,0.0,0.0,0.0,0.0,0.0,0.0,0.0,0.0,0.0,10.0,0.0,0.0,0.0,0.0,0.0,0.0,0.0,0.0,0.0,0.0,0.0,0.0,0.0,41.0,0.0,0.0,41.0,0.0,0.0,0.0,0.0,0.0,0.0,0.0,0.0,4.0,0.0,0.0,4.0,30.0,0.0,0.0,30.0,7.0,0.0,0.0,7.0,0.0,0.0,0.0,0.0,0.0,0.0,"Mar 17, 2016"
438,1308014.0,24100.0,Sulaymaniyah,Rania,Qula,قولة,36.2568178,44.8862437,25.0,150.0,19.0,0.0,0.0,0.0,0.0,0.0,0.0,0.0,0.0,0.0,0.0,0.0,6.0,0.0,0.0,0.0,0.0,0.0,0.0,0.0,0.0,0.0,0.0,0.0,0.0,0.0,25.0,0.0,0.0,25.0,0.0,0.0,0.0,0.0,0.0,0.0,0.0,0.0,11.0,0.0,0.0,11.0,6.0,0.0,0.0,6.0,8.0,0.0,0.0,8.0,0.0,0.0,0.0,0.0,0.0,0.0,"Mar 17, 2016"
439,1308015.0,25521.0,Sulaymaniyah,Rania,Rozh City,روز ستي,36.2595262,44.8516259,11.0,66.0,0.0,0.0,0.0,0.0,0.0,0.0,0.0,0.0,0.0,0.0,0.0,0.0,11.0,0.0,0.0,0.0,0.0,0.0,0.0,0.0,0.0,0.0,0.0,0.0,0.0,0.0,11.0,0.0,0.0,11.0,0.0,0.0,0.0,0.0,0.0,0.0,0.0,0.0,0.0,0.0,0.0,0.0,11.0,0.0,0.0,11.0,0.0,0.0,0.0,0.0,0.0,0.0,0.0,0.0,0.0,0.0,"Mar 17, 2016"
440,1308017.0,25574.0,Sulaymaniyah,Rania,Shahidan,شهيدان,36.2606847,44.8844135,48.0,288.0,48.0,0.0,0.0,0.0,0.0,0.0,0.0,0.0,0.0,0.0,0.0,0.0,0.0,0.0,0.0,0.0,0.0,0.0,0.0,0.0,0.0,0.0,0.0,0.0,0.0,0.0,48.0,0.0,0.0,48.0,0.0,0.0,0.0,0.0,0.0,0.0,0.0,0.0,8.0,0.0,13.0,8.0,0.0,13.0,17.0,0.0,10.0,17.0,0.0,10.0,0.0,0.0,0.0,0.0,0.0,0.0,"Mar 17, 2016"
441,1308018.0,24895.0,Sulaymaniyah,Rania,Shishar,شيشار,36.2449787,44.7716129,25.0,150.0,19.0,0.0,0.0,0.0,0.0,0.0,0.0,0.0,0.0,0.0,0.0,0.0,6.0,0.0,0.0,0.0,0.0,0.0,0.0,0.0,0.0,0.0,0.0,0.0,0.0,0.0,25.0,0.0,0.0,25.0,0.0,0.0,0.0,0.0,0.0,0.0,0.0,0.0,7.0,0.0,16.0,7.0,0.0,16.0,0.0,0.0,2.0,0.0,0.0,2.0,0.0,0.0,0.0,0.0,0.0,0.0,"Mar 17, 2016"
442,1308019.0,24896.0,Sulaymaniyah,Rania,Tekoshar,تيكوشر,36.2282225,44.8003327,35.0,210.0,27.0,0.0,3.0,0.0,0.0,0.0,0.0,0.0,0.0,0.0,0.0,0.0,0.0,0.0,5.0,0.0,0.0,0.0,0.0,0.0,0.0,0.0,0.0,0.0,0.0,0.0,35.0,0.0,0.0,35.0,0.0,0.0,0.0,0.0,0.0,0.0,0.0,0.0,12.0,0.0,20.0,12.0,0.0,20.0,3.0,0.0,0.0,3.0,0.0,0.0,0.0,0.0,0.0,0.0,0.0,0.0,"Mar 17, 2016"
443,1308020.0,25295.0,Sulaymaniyah,Rania,Yakiati,يكيتي,36.2046216,44.8269034,34.0,204.0,20.0,0.0,14.0,0.0,0.0,0.0,0.0,0.0,0.0,0.0,0.0,0.0,0.0,0.0,0.0,0.0,0.0,0.0,0.0,0.0,0.0,0.0,0.0,0.0,0.0,0.0,34.0,0.0,0.0,34.0,0.0,0.0,0.0,0.0,0.0,0.0,0.0,0.0,8.0,0.0,18.0,8.0,0.0,18.0,8.0,0.0,0.0,8.0,0.0,0.0,0.0,0.0,0.0,0.0,0.0,0.0,"Mar 17, 2016"
444,1309001.0,4320.0,Sulaymaniyah,Sharbazher,Chwarta,جوارتا,35.7159177,45.5743362,8.0,48.0,0.0,0.0,0.0,0.0,0.0,0.0,0.0,0.0,0.0,0.0,0.0,0.0,8.0,0.0,0.0,0.0,0.0,0.0,0.0,0.0,0.0,0.0,0.0,0.0,0.0,0.0,8.0,0.0,0.0,8.0,0.0,0.0,0.0,0.0,0.0,0.0,0.0,0.0,0.0,0.0,0.0,0.0,8.0,0.0,0.0,8.0,0.0,0.0,0.0,0.0,0.0,0.0,0.0,0.0,0.0,0.0,"Mar 17, 2016"
445,1309002.0,4307.0,Sulaymaniyah,Sharbazher,Gapilon,كابيلون,35.796744,45.351584,7.0,42.0,0.0,0.0,0.0,0.0,0.0,0.0,0.0,0.0,0.0,0.0,0.0,0.0,7.0,0.0,0.0,0.0,0.0,0.0,0.0,0.0,0.0,0.0,0.0,4.0,0.0,0.0,3.0,0.0,0.0,3.0,0.0,0.0,0.0,0.0,0.0,0.0,0.0,0.0,0.0,0.0,0.0,0.0,7.0,0.0,0.0,7.0,0.0,0.0,0.0,0.0,0.0,0.0,0.0,0.0,0.0,0.0,"Mar 17, 2016"
446,1309003.0,4239.0,Sulaymaniyah,Sharbazher,Sitak,سيتك,35.6372788,45.5042501,99.0,594.0,0.0,0.0,0.0,0.0,0.0,0.0,0.0,0.0,0.0,0.0,0.0,0.0,99.0,0.0,0.0,0.0,0.0,0.0,0.0,0.0,0.0,0.0,0.0,15.0,0.0,32.0,39.0,32.0,0.0,39.0,0.0,0.0,0.0,0.0,13.0,0.0,0.0,13.0,0.0,0.0,0.0,0.0,99.0,0.0,0.0,99.0,0.0,0.0,0.0,0.0,0.0,0.0,0.0,0.0,0.0,0.0,"Mar 17, 2016"
447,1309004.0,4233.0,Sulaymaniyah,Sharbazher,Tagaran,تكران,35.6662216,45.5364965,20.0,120.0,0.0,0.0,0.0,0.0,0.0,0.0,0.0,0.0,0.0,0.0,0.0,0.0,20.0,0.0,0.0,0.0,0.0,0.0,0.0,0.0,0.0,0.0,0.0,0.0,0.0,0.0,10.0,0.0,0.0,10.0,0.0,0.0,0.0,0.0,0.0,0.0,10.0,0.0,0.0,10.0,0.0,0.0,20.0,0.0,0.0,20.0,0.0,0.0,0.0,0.0,0.0,0.0,0.0,0.0,0.0,0.0,"Mar 17, 2016"
448,1310001.0,23716.0,Sulaymaniyah,Sulaymaniya,Ablakh 410,ابلاخ 410,35.5565334,45.4080496,87.0,522.0,69.0,0.0,6.0,0.0,0.0,0.0,0.0,0.0,0.0,0.0,0.0,0.0,9.0,0.0,3.0,0.0,0.0,0.0,0.0,0.0,0.0,0.0,0.0,0.0,0.0,0.0,87.0,0.0,0.0,87.0,0.0,0.0,0.0,0.0,0.0,0.0,0.0,0.0,20.0,0.0,19.0,20.0,16.0,19.0,29.0,16.0,3.0,29.0,0.0,3.0,0.0,0.0,0.0,0.0,0.0,0.0,"Mar 17, 2016"
449,1310002.0,24119.0,Sulaymaniyah,Sulaymaniya,Alban,البان,35.5485356,45.3652613,36.0,216.0,27.0,0.0,5.0,0.0,0.0,3.0,0.0,0.0,0.0,0.0,0.0,0.0,0.0,0.0,1.0,0.0,0.0,0.0,0.0,0.0,0.0,0.0,0.0,0.0,0.0,0.0,36.0,0.0,0.0,36.0,0.0,0.0,0.0,0.0,0.0,0.0,0.0,0.0,9.0,0.0,14.0,9.0,0.0,14.0,10.0,0.0,3.0,10.0,0.0,3.0,0.0,0.0,0.0,0.0,0.0,0.0,"Mar 17, 2016"
450,1310003.0,23771.0,Sulaymaniyah,Sulaymaniya,Bazian-Allaye,اللاهى,35.5807438,45.1747295,304.0,1824.0,91.0,0.0,24.0,0.0,0.0,20.0,0.0,0.0,0.0,0.0,0.0,0.0,153.0,0.0,16.0,0.0,0.0,0.0,0.0,0.0,0.0,0.0,0.0,0.0,0.0,0.0,172.0,0.0,0.0,172.0,0.0,0.0,0.0,0.0,0.0,0.0,132.0,0.0,38.0,132.0,87.0,38.0,114.0,87.0,51.0,114.0,14.0,51.0,0.0,14.0,0.0,0.0,0.0,0.0,0.0,0.0,"Mar 17, 2016"
451,1310004.0,23635.0,Sulaymaniyah,Sulaymaniya,Aqari,عقاري,35.5589902,45.4284129,46.0,276.0,32.0,0.0,7.0,0.0,0.0,0.0,0.0,0.0,0.0,0.0,0.0,0.0,7.0,0.0,0.0,0.0,0.0,0.0,0.0,0.0,0.0,0.0,0.0,0.0,0.0,0.0,46.0,0.0,0.0,46.0,0.0,0.0,0.0,0.0,0.0,0.0,0.0,0.0,17.0,0.0,8.0,17.0,4.0,8.0,9.0,4.0,8.0,9.0,0.0,8.0,0.0,0.0,0.0,0.0,0.0,0.0,"Mar 17, 2016"
452,1310005.0,23692.0,Sulaymaniyah,Sulaymaniya,Arbai IDP,عربت كمب للنازحين,35.4324878,45.5904947,1640.0,9840.0,6.0,2.0,0.0,0.0,0.0,4.0,0.0,0.0,0.0,0.0,0.0,0.0,24.0,0.0,1604.0,0.0,0.0,0.0,1640.0,0.0,0.0,0.0,0.0,0.0,0.0,0.0,0.0,0.0,0.0,0.0,0.0,0.0,0.0,0.0,0.0,0.0,0.0,0.0,0.0,0.0,30.0,0.0,6.0,30.0,1604.0,6.0,0.0,1604.0,0.0,0.0,0.0,0.0,0.0,0.0,0.0,0.0,"Mar 17, 2016"
453,1310006.0,25289.0,Sulaymaniyah,Sulaymaniya,Arbat-Arbat Kon,عربت كون,35.4212931,45.5798565,25.0,150.0,2.0,6.0,0.0,0.0,0.0,17.0,0.0,0.0,0.0,0.0,0.0,0.0,0.0,0.0,0.0,0.0,0.0,0.0,0.0,0.0,0.0,0.0,0.0,0.0,0.0,0.0,25.0,0.0,0.0,25.0,0.0,0.0,0.0,0.0,0.0,0.0,0.0,0.0,0.0,0.0,2.0,0.0,3.0,2.0,16.0,3.0,4.0,16.0,0.0,4.0,0.0,0.0,0.0,0.0,0.0,0.0,"Mar 17, 2016"
454,1310007.0,25291.0,Sulaymaniyah,Sulaymaniya,Arbat-Ashty,اشتي,35.4252833,45.5856086,28.0,168.0,23.0,3.0,2.0,0.0,0.0,0.0,0.0,0.0,0.0,0.0,0.0,0.0,0.0,0.0,0.0,0.0,0.0,0.0,0.0,0.0,0.0,0.0,0.0,0.0,0.0,0.0,28.0,0.0,0.0,28.0,0.0,0.0,0.0,0.0,0.0,0.0,0.0,0.0,1.0,0.0,4.0,1.0,3.0,4.0,15.0,3.0,5.0,15.0,0.0,5.0,0.0,0.0,0.0,0.0,0.0,0.0,"Mar 17, 2016"
455,1310008.0,25290.0,Sulaymaniyah,Sulaymaniya,Arbat-Qalat,قلات,35.4261808,45.5789428,15.0,90.0,13.0,0.0,0.0,0.0,0.0,0.0,0.0,0.0,0.0,0.0,0.0,0.0,0.0,0.0,2.0,0.0,0.0,0.0,0.0,0.0,0.0,0.0,0.0,0.0,0.0,0.0,15.0,0.0,0.0,15.0,0.0,0.0,0.0,0.0,0.0,0.0,0.0,0.0,1.0,0.0,2.0,1.0,2.0,2.0,7.0,2.0,3.0,7.0,0.0,3.0,0.0,0.0,0.0,0.0,0.0,0.0,"Mar 17, 2016"
456,1310009.0,25292.0,Sulaymaniyah,Sulaymaniya,Arbat-Shahidan,شهيدان,35.4154222,45.5831556,43.0,258.0,20.0,19.0,2.0,0.0,0.0,0.0,0.0,0.0,0.0,0.0,0.0,0.0,0.0,0.0,2.0,0.0,0.0,0.0,0.0,0.0,0.0,0.0,0.0,0.0,0.0,0.0,43.0,0.0,0.0,43.0,0.0,0.0,0.0,0.0,0.0,0.0,0.0,0.0,2.0,0.0,19.0,2.0,2.0,19.0,10.0,2.0,10.0,10.0,0.0,10.0,0.0,0.0,0.0,0.0,0.0,0.0,"Mar 17, 2016"
457,1310010.0,21279.0,Sulaymaniyah,Sulaymaniya,Ashty 106 & 104,اشتي 106 &104,35.5707376,45.4261491,109.0,654.0,81.0,0.0,6.0,0.0,0.0,0.0,0.0,0.0,0.0,0.0,0.0,0.0,9.0,0.0,13.0,0.0,0.0,0.0,0.0,0.0,13.0,0.0,0.0,0.0,0.0,0.0,96.0,0.0,0.0,96.0,0.0,0.0,0.0,0.0,0.0,0.0,0.0,0.0,21.0,0.0,16.0,21.0,17.0,16.0,31.0,17.0,24.0,31.0,0.0,24.0,0.0,0.0,0.0,0.0,0.0,0.0,"Mar 17, 2016"
458,1310011.0,25874.0,Sulaymaniyah,Sulaymaniya,Ashty-Bazyan,اشتي-بازيان,35.5854129,45.156269,41.0,246.0,23.0,0.0,0.0,0.0,0.0,2.0,0.0,0.0,0.0,0.0,0.0,0.0,16.0,0.0,0.0,0.0,0.0,0.0,0.0,0.0,0.0,0.0,0.0,0.0,0.0,0.0,41.0,0.0,0.0,41.0,0.0,0.0,0.0,0.0,0.0,0.0,0.0,0.0,4.0,0.0,2.0,4.0,16.0,2.0,4.0,16.0,15.0,4.0,0.0,15.0,0.0,0.0,0.0,0.0,0.0,0.0,"Mar 17, 2016"
459,1310012.0,5737.0,Sulaymaniyah,Sulaymaniya,Awbara,اوبارة,35.5515613,45.3801727,170.0,1020.0,88.0,4.0,22.0,0.0,0.0,15.0,0.0,0.0,0.0,0.0,0.0,0.0,15.0,0.0,26.0,0.0,0.0,0.0,0.0,0.0,0.0,0.0,0.0,0.0,0.0,0.0,170.0,0.0,0.0,170.0,0.0,0.0,0.0,0.0,0.0,0.0,0.0,0.0,13.0,0.0,28.0,13.0,7.0,28.0,87.0,7.0,35.0,87.0,0.0,35.0,0.0,0.0,0.0,0.0,0.0,0.0,"Mar 17, 2016"
460,1310013.0,21202.0,Sulaymaniyah,Sulaymaniya,Azadi,ازادى,35.5615181345,45.4659565,163.0,978.0,115.0,5.0,11.0,0.0,0.0,3.0,0.0,0.0,0.0,0.0,0.0,0.0,6.0,0.0,23.0,0.0,0.0,0.0,0.0,0.0,0.0,0.0,0.0,0.0,0.0,0.0,163.0,0.0,0.0,163.0,0.0,0.0,0.0,0.0,0.0,0.0,0.0,0.0,75.0,0.0,28.0,75.0,6.0,28.0,36.0,6.0,18.0,36.0,0.0,18.0,0.0,0.0,0.0,0.0,0.0,0.0,"Mar 17, 2016"
461,1310014.0,25873.0,Sulaymaniyah,Sulaymaniya,Azadi-Bazyan,ازادي-بازيان,35.6034563,45.1291177,46.0,276.0,37.0,0.0,0.0,0.0,0.0,0.0,0.0,0.0,0.0,0.0,0.0,0.0,9.0,0.0,0.0,0.0,0.0,0.0,0.0,0.0,0.0,0.0,0.0,0.0,0.0,0.0,46.0,0.0,0.0,46.0,0.0,0.0,0.0,0.0,0.0,0.0,0.0,0.0,3.0,0.0,6.0,3.0,9.0,6.0,12.0,9.0,16.0,12.0,0.0,16.0,0.0,0.0,0.0,0.0,0.0,0.0,"Mar 17, 2016"
462,1310015.0,21204.0,Sulaymaniyah,Sulaymaniya,Bakhtiary New 117,بختيارى نوي 117,35.5737057,45.3979277,138.0,828.0,134.0,0.0,0.0,0.0,0.0,0.0,0.0,0.0,0.0,0.0,0.0,0.0,4.0,0.0,0.0,0.0,0.0,0.0,0.0,0.0,0.0,0.0,0.0,0.0,0.0,0.0,138.0,0.0,0.0,138.0,0.0,0.0,0.0,0.0,0.0,0.0,0.0,0.0,15.0,0.0,0.0,15.0,0.0,0.0,73.0,0.0,50.0,73.0,0.0,50.0,0.0,0.0,0.0,0.0,0.0,0.0,"Mar 17, 2016"
463,1310016.0,4531.0,Sulaymaniyah,Sulaymaniya,Bakrajo,بكرجو,35.5530824,45.3507781,241.0,1446.0,215.0,0.0,17.0,0.0,0.0,5.0,0.0,0.0,0.0,0.0,0.0,0.0,4.0,0.0,0.0,0.0,0.0,0.0,0.0,0.0,0.0,0.0,0.0,0.0,0.0,0.0,241.0,0.0,0.0,241.0,0.0,0.0,0.0,0.0,0.0,0.0,0.0,0.0,79.0,0.0,26.0,79.0,39.0,26.0,70.0,39.0,27.0,70.0,0.0,27.0,0.0,0.0,0.0,0.0,0.0,0.0,"Mar 17, 2016"
464,1310017.0,25571.0,Sulaymaniyah,Sulaymaniya,Azadi-tasluja,ازادي-طاسلوجة,35.5846525,45.3075017,90.0,540.0,51.0,0.0,12.0,0.0,0.0,18.0,0.0,0.0,0.0,0.0,0.0,0.0,0.0,0.0,9.0,0.0,0.0,0.0,0.0,0.0,0.0,0.0,0.0,0.0,0.0,0.0,90.0,0.0,0.0,90.0,0.0,0.0,0.0,0.0,0.0,0.0,0.0,0.0,47.0,0.0,18.0,47.0,0.0,18.0,23.0,0.0,2.0,23.0,0.0,2.0,0.0,0.0,0.0,0.0,0.0,0.0,"Mar 17, 2016"
465,1310018.0,25077.0,Sulaymaniyah,Sulaymaniya,Bakrajo-Qularaese Taza,قولريسى تاره,35.5961284,45.3709318,130.0,780.0,56.0,0.0,9.0,0.0,0.0,27.0,0.0,0.0,0.0,0.0,0.0,0.0,38.0,0.0,0.0,0.0,0.0,0.0,0.0,0.0,0.0,0.0,0.0,0.0,0.0,0.0,86.0,0.0,0.0,86.0,0.0,0.0,0.0,0.0,0.0,0.0,44.0,0.0,12.0,44.0,27.0,12.0,38.0,27.0,28.0,38.0,25.0,28.0,0.0,25.0,0.0,0.0,0.0,0.0,0.0,0.0,"Mar 17, 2016"
466,1310019.0,4592.0,Sulaymaniyah,Sulaymaniya,Bakrajo-Sardawa,بكرجو-سرداراوا,35.5800942,45.2678197,52.0,312.0,37.0,4.0,4.0,0.0,0.0,1.0,0.0,0.0,0.0,0.0,0.0,0.0,0.0,0.0,6.0,0.0,0.0,0.0,0.0,0.0,0.0,0.0,0.0,0.0,0.0,0.0,52.0,0.0,0.0,52.0,0.0,0.0,0.0,0.0,0.0,0.0,0.0,0.0,22.0,0.0,14.0,22.0,0.0,14.0,7.0,0.0,9.0,7.0,0.0,9.0,0.0,0.0,0.0,0.0,0.0,0.0,"Mar 17, 2016"
467,1310020.0,24900.0,Sulaymaniyah,Sulaymaniya,Bakrajoy Taza,بكرجو تازه,35.5603901,45.3540413,860.0,5160.0,563.0,0.0,166.0,0.0,0.0,37.0,0.0,0.0,0.0,0.0,0.0,0.0,70.0,0.0,24.0,0.0,0.0,0.0,0.0,0.0,0.0,0.0,0.0,0.0,0.0,0.0,860.0,0.0,0.0,860.0,0.0,0.0,0.0,0.0,0.0,0.0,0.0,0.0,238.0,0.0,83.0,238.0,209.0,83.0,315.0,209.0,15.0,315.0,0.0,15.0,0.0,0.0,0.0,0.0,0.0,0.0,"Mar 17, 2016"
468,1310021.0,4527.0,Sulaymaniyah,Sulaymaniya,Baranan 107,برانان107,35.5641627,45.4156554,61.0,366.0,37.0,0.0,16.0,0.0,0.0,3.0,0.0,0.0,0.0,0.0,0.0,0.0,0.0,0.0,5.0,0.0,0.0,0.0,0.0,0.0,0.0,0.0,0.0,0.0,0.0,0.0,61.0,0.0,0.0,61.0,0.0,0.0,0.0,0.0,0.0,0.0,0.0,0.0,21.0,0.0,15.0,21.0,6.0,15.0,13.0,6.0,6.0,13.0,0.0,6.0,0.0,0.0,0.0,0.0,0.0,0.0,"Mar 17, 2016"
469,1310022.0,5744.0,Sulaymaniyah,Sulaymaniya,Bardakar,برده كر,35.4513021,45.4479993,43.0,258.0,17.0,8.0,0.0,0.0,0.0,12.0,0.0,0.0,0.0,0.0,0.0,0.0,2.0,0.0,4.0,0.0,0.0,0.0,0.0,0.0,0.0,0.0,0.0,0.0,0.0,0.0,43.0,0.0,0.0,43.0,0.0,0.0,0.0,0.0,0.0,0.0,0.0,0.0,5.0,0.0,4.0,5.0,4.0,4.0,22.0,4.0,8.0,22.0,0.0,8.0,0.0,0.0,0.0,0.0,0.0,0.0,"Mar 17, 2016"
470,1310023.0,25300.0,Sulaymaniyah,Sulaymaniya,Bardaqaraman-Piramerd,بيرميرد-بردةقارمان,35.6483603,45.0658374,55.0,330.0,49.0,0.0,6.0,0.0,0.0,0.0,0.0,0.0,0.0,0.0,0.0,0.0,0.0,0.0,0.0,0.0,0.0,0.0,0.0,0.0,0.0,0.0,0.0,0.0,0.0,0.0,55.0,0.0,0.0,55.0,0.0,0.0,0.0,0.0,0.0,0.0,0.0,0.0,18.0,0.0,17.0,18.0,0.0,17.0,20.0,0.0,0.0,20.0,0.0,0.0,0.0,0.0,0.0,0.0,0.0,0.0,"Mar 17, 2016"
471,1310024.0,25299.0,Sulaymaniyah,Sulaymaniya,Bardaqaraman-Sharawani,شارواني-بردةقارمان,35.6468374,45.0630453,76.0,456.0,57.0,0.0,14.0,0.0,0.0,0.0,0.0,0.0,0.0,0.0,0.0,0.0,5.0,0.0,0.0,0.0,0.0,0.0,0.0,0.0,0.0,0.0,0.0,0.0,0.0,0.0,76.0,0.0,0.0,76.0,0.0,0.0,0.0,0.0,0.0,0.0,0.0,0.0,24.0,0.0,11.0,24.0,13.0,11.0,19.0,13.0,9.0,19.0,0.0,9.0,0.0,0.0,0.0,0.0,0.0,0.0,"Mar 17, 2016"
472,1310025.0,24102.0,Sulaymaniyah,Sulaymaniya,Barez City,بريز ستى,35.5953798,45.3424698,230.0,1380.0,224.0,4.0,0.0,0.0,0.0,0.0,0.0,0.0,0.0,0.0,0.0,0.0,0.0,0.0,2.0,0.0,0.0,0.0,0.0,0.0,0.0,0.0,0.0,0.0,0.0,0.0,230.0,0.0,0.0,230.0,0.0,0.0,0.0,0.0,0.0,0.0,0.0,0.0,140.0,0.0,4.0,140.0,0.0,4.0,61.0,0.0,25.0,61.0,0.0,25.0,0.0,0.0,0.0,0.0,0.0,0.0,"Mar 17, 2016"
473,1310026.0,4464.0,Sulaymaniyah,Sulaymaniya,Bardaqarman-gopala,كوباله-بردةقارمان,35.6449249,45.035096,46.0,276.0,36.0,5.0,0.0,0.0,0.0,0.0,0.0,0.0,0.0,0.0,0.0,0.0,5.0,0.0,0.0,0.0,0.0,0.0,0.0,0.0,0.0,0.0,0.0,0.0,0.0,0.0,46.0,0.0,0.0,46.0,0.0,0.0,0.0,0.0,0.0,0.0,0.0,0.0,17.0,0.0,19.0,17.0,5.0,19.0,0.0,5.0,5.0,0.0,0.0,5.0,0.0,0.0,0.0,0.0,0.0,0.0,"Mar 17, 2016"
474,1310027.0,25892.0,Sulaymaniyah,Sulaymaniya,Bazian-Surgrma,سركرما,35.5894737,45.1501096,61.0,366.0,28.0,0.0,0.0,0.0,0.0,19.0,0.0,0.0,0.0,0.0,0.0,0.0,12.0,0.0,2.0,0.0,0.0,0.0,0.0,0.0,0.0,0.0,0.0,0.0,0.0,0.0,61.0,0.0,0.0,61.0,0.0,0.0,0.0,0.0,0.0,0.0,0.0,0.0,19.0,0.0,0.0,19.0,12.0,0.0,14.0,12.0,16.0,14.0,0.0,16.0,0.0,0.0,0.0,0.0,0.0,0.0,"Mar 17, 2016"
475,1310028.0,5806.0,Sulaymaniyah,Sulaymaniya,Bazyan-Tainal,بازيان-تينال,35.6148,45.1039797,36.0,216.0,25.0,0.0,0.0,0.0,0.0,0.0,0.0,0.0,0.0,0.0,0.0,0.0,3.0,0.0,8.0,0.0,0.0,0.0,0.0,0.0,0.0,0.0,0.0,0.0,0.0,0.0,36.0,0.0,0.0,36.0,0.0,0.0,0.0,0.0,0.0,0.0,0.0,0.0,12.0,0.0,0.0,12.0,3.0,0.0,10.0,3.0,11.0,10.0,0.0,11.0,0.0,0.0,0.0,0.0,0.0,0.0,"Mar 17, 2016"
476,1310029.0,23927.0,Sulaymaniyah,Sulaymaniya,Bazian-Brayati,برايتى,35.5934234,45.1381374,96.0,576.0,45.0,0.0,10.0,0.0,0.0,1.0,0.0,0.0,0.0,0.0,0.0,0.0,38.0,0.0,2.0,0.0,0.0,0.0,0.0,0.0,0.0,0.0,0.0,0.0,0.0,0.0,96.0,0.0,0.0,96.0,0.0,0.0,0.0,0.0,0.0,0.0,0.0,0.0,30.0,0.0,11.0,30.0,27.0,11.0,20.0,27.0,8.0,20.0,0.0,8.0,0.0,0.0,0.0,0.0,0.0,0.0,"Mar 17, 2016"
477,1310030.0,21285.0,Sulaymaniyah,Sulaymaniya,Chwar Bakh 401,جوارباخ 401,35.5502809,45.4279916,82.0,492.0,59.0,5.0,6.0,0.0,0.0,2.0,0.0,0.0,0.0,0.0,0.0,0.0,10.0,0.0,0.0,0.0,0.0,0.0,0.0,0.0,0.0,0.0,0.0,0.0,0.0,0.0,82.0,0.0,0.0,82.0,0.0,0.0,0.0,0.0,0.0,0.0,0.0,0.0,19.0,0.0,18.0,19.0,4.0,18.0,24.0,4.0,17.0,24.0,0.0,17.0,0.0,0.0,0.0,0.0,0.0,0.0,"Mar 17, 2016"
478,1310031.0,21287.0,Sulaymaniyah,Sulaymaniya,Chwar Chra,جوارجرا,35.5412535,45.4008011,84.0,504.0,60.0,0.0,5.0,0.0,0.0,0.0,0.0,0.0,0.0,0.0,0.0,0.0,12.0,0.0,7.0,0.0,0.0,0.0,0.0,0.0,18.0,0.0,0.0,0.0,0.0,12.0,54.0,12.0,0.0,54.0,0.0,0.0,0.0,0.0,0.0,0.0,0.0,0.0,9.0,0.0,19.0,9.0,17.0,19.0,0.0,17.0,39.0,0.0,0.0,39.0,0.0,0.0,0.0,0.0,0.0,0.0,"Mar 17, 2016"
479,1310032.0,4513.0,Sulaymaniyah,Sulaymaniya,Damrkan,دمركان,35.4528601,45.5095811,7.0,42.0,0.0,0.0,1.0,0.0,0.0,5.0,0.0,0.0,0.0,0.0,0.0,0.0,1.0,0.0,0.0,0.0,0.0,0.0,0.0,0.0,0.0,0.0,0.0,0.0,0.0,0.0,0.0,0.0,0.0,0.0,0.0,0.0,0.0,0.0,0.0,0.0,7.0,0.0,2.0,7.0,0.0,2.0,5.0,0.0,0.0,5.0,0.0,0.0,0.0,0.0,0.0,0.0,0.0,0.0,0.0,0.0,"Mar 17, 2016"
480,1310033.0,23926.0,Sulaymaniyah,Sulaymaniya,Dargazen,دركزين,35.5523088,45.4402254,79.0,474.0,52.0,0.0,0.0,0.0,0.0,6.0,0.0,0.0,0.0,0.0,0.0,0.0,3.0,0.0,18.0,0.0,0.0,0.0,0.0,0.0,34.0,0.0,0.0,0.0,0.0,0.0,45.0,0.0,0.0,45.0,0.0,0.0,0.0,0.0,0.0,0.0,0.0,0.0,7.0,0.0,11.0,7.0,3.0,11.0,58.0,3.0,0.0,58.0,0.0,0.0,0.0,0.0,0.0,0.0,0.0,0.0,"Mar 17, 2016"
481,1310034.0,23717.0,Sulaymaniyah,Sulaymaniya,Dilan City,ديلان ستى,35.5458193,45.4802633,62.0,372.0,48.0,0.0,5.0,0.0,0.0,5.0,0.0,0.0,0.0,0.0,0.0,0.0,4.0,0.0,0.0,0.0,0.0,0.0,0.0,0.0,0.0,0.0,0.0,0.0,0.0,0.0,62.0,0.0,0.0,62.0,0.0,0.0,0.0,0.0,0.0,0.0,0.0,0.0,5.0,0.0,7.0,5.0,9.0,7.0,17.0,9.0,24.0,17.0,0.0,24.0,0.0,0.0,0.0,0.0,0.0,0.0,"Mar 17, 2016"
482,1310035.0,24818.0,Sulaymaniyah,Sulaymaniya,Diya City,دييه ستى,35.5394338,45.42201,120.0,720.0,89.0,0.0,4.0,0.0,0.0,4.0,0.0,0.0,0.0,0.0,0.0,0.0,2.0,0.0,21.0,0.0,0.0,0.0,0.0,0.0,0.0,0.0,0.0,0.0,0.0,0.0,120.0,0.0,0.0,120.0,0.0,0.0,0.0,0.0,0.0,0.0,0.0,0.0,17.0,0.0,36.0,17.0,2.0,36.0,43.0,2.0,22.0,43.0,0.0,22.0,0.0,0.0,0.0,0.0,0.0,0.0,"Mar 17, 2016"
483,1310036.0,21036.0,Sulaymaniyah,Sulaymaniya,Farmanbaran,فرمانبران,35.5897164,45.4053795,146.0,876.0,134.0,0.0,0.0,0.0,0.0,3.0,0.0,0.0,0.0,0.0,0.0,0.0,3.0,0.0,6.0,0.0,0.0,0.0,0.0,0.0,0.0,0.0,0.0,0.0,0.0,0.0,146.0,0.0,0.0,146.0,0.0,0.0,0.0,0.0,0.0,0.0,0.0,0.0,18.0,0.0,15.0,18.0,10.0,15.0,45.0,10.0,58.0,45.0,0.0,58.0,0.0,0.0,0.0,0.0,0.0,0.0,"Mar 17, 2016"
484,1310037.0,4494.0,Sulaymaniyah,Sulaymaniya,Goshan,كوشان,35.2789287,45.3755684,6.0,36.0,0.0,0.0,0.0,0.0,0.0,0.0,0.0,0.0,0.0,0.0,0.0,0.0,6.0,0.0,0.0,0.0,0.0,0.0,0.0,0.0,0.0,0.0,0.0,0.0,0.0,0.0,0.0,0.0,0.0,0.0,0.0,0.0,6.0,0.0,0.0,6.0,0.0,0.0,0.0,0.0,0.0,0.0,6.0,0.0,0.0,6.0,0.0,0.0,0.0,0.0,0.0,0.0,0.0,0.0,0.0,0.0,"Mar 17, 2016"
485,1310038.0,24097.0,Sulaymaniyah,Sulaymaniya,Goyzha City,كويزة ستى,35.560792,45.4858758,140.0,840.0,102.0,0.0,6.0,0.0,0.0,0.0,0.0,0.0,0.0,0.0,0.0,0.0,18.0,0.0,14.0,0.0,0.0,0.0,0.0,0.0,0.0,0.0,0.0,0.0,0.0,0.0,140.0,0.0,0.0,140.0,0.0,0.0,0.0,0.0,0.0,0.0,0.0,0.0,28.0,0.0,50.0,28.0,0.0,50.0,31.0,0.0,31.0,31.0,0.0,31.0,0.0,0.0,0.0,0.0,0.0,0.0,"Mar 17, 2016"
486,1310039.0,21319.0,Sulaymaniyah,Sulaymaniya,Grdi Sarchnar,كردى سرجنار,35.5740223,45.3880624,94.0,564.0,88.0,0.0,0.0,0.0,0.0,2.0,0.0,0.0,0.0,0.0,0.0,0.0,4.0,0.0,0.0,0.0,0.0,0.0,0.0,0.0,0.0,0.0,0.0,0.0,0.0,0.0,94.0,0.0,0.0,94.0,0.0,0.0,0.0,0.0,0.0,0.0,0.0,0.0,10.0,0.0,8.0,10.0,5.0,8.0,46.0,5.0,25.0,46.0,0.0,25.0,0.0,0.0,0.0,0.0,0.0,0.0,"Mar 17, 2016"
487,1310040.0,25383.0,Sulaymaniyah,Sulaymaniya,Green City,كرين ستي,35.5245655,45.4391503,40.0,240.0,24.0,0.0,4.0,0.0,0.0,0.0,0.0,0.0,0.0,0.0,0.0,0.0,10.0,0.0,2.0,0.0,0.0,0.0,0.0,0.0,0.0,0.0,0.0,0.0,0.0,0.0,40.0,0.0,0.0,40.0,0.0,0.0,0.0,0.0,0.0,0.0,0.0,0.0,9.0,0.0,10.0,9.0,7.0,10.0,11.0,7.0,3.0,11.0,0.0,3.0,0.0,0.0,0.0,0.0,0.0,0.0,"Mar 17, 2016"
488,1310041.0,21254.0,Sulaymaniyah,Sulaymaniya,Guezhay Kun,كويزة كون,35.5554225858,45.4532111,113.0,678.0,103.0,0.0,6.0,0.0,0.0,0.0,0.0,0.0,0.0,0.0,0.0,0.0,0.0,0.0,4.0,0.0,0.0,0.0,0.0,0.0,40.0,0.0,0.0,0.0,0.0,0.0,73.0,0.0,0.0,73.0,0.0,0.0,0.0,0.0,0.0,0.0,0.0,0.0,31.0,0.0,8.0,31.0,0.0,8.0,56.0,0.0,18.0,56.0,0.0,18.0,0.0,0.0,0.0,0.0,0.0,0.0,"Mar 17, 2016"
489,1310042.0,25384.0,Sulaymaniyah,Sulaymaniya,Gulli Shar,كولي شار,35.5295323,45.4379728,141.0,846.0,111.0,0.0,7.0,0.0,0.0,2.0,0.0,0.0,0.0,0.0,0.0,0.0,7.0,0.0,14.0,0.0,0.0,0.0,0.0,0.0,0.0,0.0,0.0,0.0,0.0,0.0,141.0,0.0,0.0,141.0,0.0,0.0,0.0,0.0,0.0,0.0,0.0,0.0,8.0,0.0,24.0,8.0,17.0,24.0,27.0,17.0,65.0,27.0,0.0,65.0,0.0,0.0,0.0,0.0,0.0,0.0,"Mar 17, 2016"
490,1310043.0,21061.0,Sulaymaniyah,Sulaymaniya,Gundy Almany,كوندى المانى,35.5820389,45.4576761,51.0,306.0,30.0,0.0,0.0,0.0,0.0,0.0,0.0,0.0,0.0,0.0,0.0,0.0,7.0,0.0,14.0,0.0,0.0,0.0,0.0,0.0,0.0,0.0,0.0,0.0,0.0,0.0,51.0,0.0,0.0,51.0,0.0,0.0,0.0,0.0,0.0,0.0,0.0,0.0,20.0,0.0,14.0,20.0,7.0,14.0,0.0,7.0,10.0,0.0,0.0,10.0,0.0,0.0,0.0,0.0,0.0,0.0,"Mar 17, 2016"
491,1310044.0,25078.0,Sulaymaniyah,Sulaymaniya,Barika,باريكه,35.3766117,45.5967251,103.0,618.0,34.0,61.0,0.0,0.0,0.0,5.0,0.0,0.0,0.0,0.0,0.0,0.0,0.0,0.0,3.0,0.0,0.0,0.0,0.0,0.0,0.0,0.0,0.0,0.0,0.0,0.0,103.0,0.0,0.0,103.0,0.0,0.0,0.0,0.0,0.0,0.0,0.0,0.0,9.0,0.0,28.0,9.0,18.0,28.0,39.0,18.0,9.0,39.0,0.0,9.0,0.0,0.0,0.0,0.0,0.0,0.0,"Mar 17, 2016"
492,1310045.0,23718.0,Sulaymaniyah,Sulaymaniya,Haware Shar,هوارى شار,35.6151658,45.4145196,209.0,1254.0,192.0,0.0,0.0,0.0,0.0,4.0,0.0,0.0,0.0,0.0,0.0,0.0,3.0,0.0,10.0,0.0,0.0,0.0,0.0,0.0,0.0,0.0,0.0,0.0,0.0,0.0,209.0,0.0,0.0,209.0,0.0,0.0,0.0,0.0,0.0,0.0,0.0,0.0,52.0,0.0,51.0,52.0,36.0,51.0,44.0,36.0,26.0,44.0,0.0,26.0,0.0,0.0,0.0,0.0,0.0,0.0,"Mar 17, 2016"
493,1310046.0,23870.0,Sulaymaniyah,Sulaymaniya,Hawari Taza,هوارى تازة,35.5794914,45.448946,22.0,132.0,14.0,0.0,0.0,0.0,0.0,0.0,0.0,0.0,0.0,0.0,0.0,0.0,4.0,0.0,4.0,0.0,0.0,0.0,0.0,0.0,0.0,0.0,0.0,0.0,0.0,0.0,22.0,0.0,0.0,22.0,0.0,0.0,0.0,0.0,0.0,0.0,0.0,0.0,0.0,0.0,3.0,0.0,4.0,3.0,8.0,4.0,7.0,8.0,0.0,7.0,0.0,0.0,0.0,0.0,0.0,0.0,"Mar 17, 2016"
494,1310047.0,4486.0,Sulaymaniyah,Sulaymaniya,Hwana,هوانة,35.4999197,45.4385709,68.0,408.0,20.0,0.0,13.0,0.0,0.0,15.0,0.0,0.0,0.0,0.0,0.0,0.0,13.0,0.0,7.0,0.0,0.0,0.0,0.0,0.0,0.0,0.0,0.0,0.0,0.0,0.0,68.0,0.0,0.0,68.0,0.0,0.0,0.0,0.0,0.0,0.0,0.0,0.0,0.0,0.0,50.0,0.0,0.0,50.0,8.0,0.0,10.0,8.0,0.0,10.0,0.0,0.0,0.0,0.0,0.0,0.0,"Mar 17, 2016"
495,1310048.0,21205.0,Sulaymaniyah,Sulaymaniya,Ibrahim Ahmad,ابراهيم احمد,35.5582911229,45.4646275,198.0,1188.0,145.0,2.0,17.0,0.0,0.0,7.0,0.0,0.0,0.0,0.0,0.0,0.0,4.0,0.0,23.0,0.0,0.0,0.0,0.0,0.0,0.0,0.0,0.0,0.0,0.0,0.0,198.0,0.0,0.0,198.0,0.0,0.0,0.0,0.0,0.0,0.0,0.0,0.0,10.0,0.0,22.0,10.0,12.0,22.0,88.0,12.0,66.0,88.0,0.0,66.0,0.0,0.0,0.0,0.0,0.0,0.0,"Mar 17, 2016"
496,1310049.0,25302.0,Sulaymaniyah,Sulaymaniya,Ibrahim pasha,ابراهيم باشا,35.5629701833,45.4534705,74.0,444.0,64.0,0.0,0.0,0.0,0.0,2.0,0.0,0.0,0.0,0.0,0.0,0.0,0.0,0.0,8.0,0.0,0.0,0.0,0.0,0.0,7.0,0.0,0.0,0.0,0.0,0.0,67.0,0.0,0.0,67.0,0.0,0.0,0.0,0.0,0.0,0.0,0.0,0.0,20.0,0.0,3.0,20.0,18.0,3.0,22.0,18.0,11.0,22.0,0.0,11.0,0.0,0.0,0.0,0.0,0.0,0.0,"Mar 17, 2016"
497,1310050.0,25304.0,Sulaymaniyah,Sulaymaniya,Iskan,اسكان,35.5664703,45.4503192,41.0,246.0,41.0,0.0,0.0,0.0,0.0,0.0,0.0,0.0,0.0,0.0,0.0,0.0,0.0,0.0,0.0,0.0,0.0,0.0,0.0,0.0,0.0,0.0,0.0,0.0,0.0,0.0,41.0,0.0,0.0,41.0,0.0,0.0,0.0,0.0,0.0,0.0,0.0,0.0,8.0,0.0,3.0,8.0,0.0,3.0,18.0,0.0,12.0,18.0,0.0,12.0,0.0,0.0,0.0,0.0,0.0,0.0,"Mar 17, 2016"
498,1310051.0,5766.0,Sulaymaniyah,Sulaymaniya,Kalakn 158,كلكن 158,35.6007175,45.4326937,39.0,234.0,18.0,0.0,0.0,0.0,0.0,0.0,0.0,0.0,0.0,0.0,0.0,0.0,14.0,0.0,7.0,0.0,0.0,0.0,0.0,0.0,0.0,0.0,0.0,0.0,0.0,0.0,39.0,0.0,0.0,39.0,0.0,0.0,0.0,0.0,0.0,0.0,0.0,0.0,18.0,0.0,21.0,18.0,0.0,21.0,0.0,0.0,0.0,0.0,0.0,0.0,0.0,0.0,0.0,0.0,0.0,0.0,"Mar 17, 2016"
499,1310052.0,24254.0,Sulaymaniyah,Sulaymaniya,Kanakawa,كنكوة,35.5948445,45.256459,90.0,540.0,25.0,2.0,2.0,0.0,0.0,3.0,0.0,0.0,0.0,0.0,0.0,0.0,56.0,0.0,2.0,0.0,0.0,0.0,0.0,0.0,0.0,0.0,0.0,0.0,0.0,0.0,82.0,0.0,0.0,82.0,0.0,0.0,0.0,0.0,8.0,0.0,0.0,8.0,12.0,0.0,6.0,12.0,59.0,6.0,5.0,59.0,8.0,5.0,0.0,8.0,0.0,0.0,0.0,0.0,0.0,0.0,"Mar 17, 2016"
500,1310053.0,5771.0,Sulaymaniyah,Sulaymaniya,Kanda Sura,كنه سوره,35.5371682,45.3879406,42.0,252.0,16.0,0.0,14.0,0.0,0.0,4.0,0.0,0.0,0.0,0.0,0.0,0.0,0.0,0.0,8.0,0.0,0.0,0.0,0.0,0.0,0.0,0.0,0.0,0.0,0.0,0.0,42.0,0.0,0.0,42.0,0.0,0.0,0.0,0.0,0.0,0.0,0.0,0.0,8.0,0.0,16.0,8.0,1.0,16.0,13.0,1.0,4.0,13.0,0.0,4.0,0.0,0.0,0.0,0.0,0.0,0.0,"Mar 17, 2016"
501,1310054.0,5882.0,Sulaymaniyah,Sulaymaniya,Kani Goma,كاني كومه,35.5247561,45.3858843,106.0,636.0,75.0,0.0,10.0,0.0,0.0,18.0,0.0,0.0,0.0,0.0,0.0,0.0,0.0,0.0,3.0,0.0,0.0,0.0,0.0,0.0,0.0,0.0,0.0,0.0,0.0,0.0,106.0,0.0,0.0,106.0,0.0,0.0,0.0,0.0,0.0,0.0,0.0,0.0,56.0,0.0,17.0,56.0,0.0,17.0,15.0,0.0,18.0,15.0,0.0,18.0,0.0,0.0,0.0,0.0,0.0,0.0,"Mar 17, 2016"
502,1310055.0,25303.0,Sulaymaniyah,Sulaymaniya,Kani Iskan,كانيسكان,35.559877,45.4381594,125.0,750.0,97.0,0.0,4.0,0.0,0.0,3.0,0.0,0.0,0.0,0.0,0.0,0.0,3.0,0.0,18.0,0.0,0.0,0.0,0.0,0.0,85.0,0.0,0.0,0.0,0.0,0.0,40.0,0.0,0.0,40.0,0.0,0.0,0.0,0.0,0.0,0.0,0.0,0.0,0.0,0.0,14.0,0.0,1.0,14.0,46.0,1.0,64.0,46.0,0.0,64.0,0.0,0.0,0.0,0.0,0.0,0.0,"Mar 17, 2016"
503,1310056.0,5779.0,Sulaymaniyah,Sulaymaniya,Kani Kurda,كانى كوردة,35.5878751,45.4019841,290.0,1740.0,212.0,5.0,14.0,0.0,0.0,7.0,0.0,0.0,0.0,0.0,0.0,0.0,40.0,0.0,12.0,0.0,0.0,0.0,0.0,0.0,0.0,0.0,0.0,0.0,0.0,0.0,290.0,0.0,0.0,290.0,0.0,0.0,0.0,0.0,0.0,0.0,0.0,0.0,86.0,0.0,33.0,86.0,14.0,33.0,141.0,14.0,16.0,141.0,0.0,16.0,0.0,0.0,0.0,0.0,0.0,0.0,"Mar 17, 2016"
504,1310057.0,4599.0,Sulaymaniyah,Sulaymaniya,Kani shaitan-Kani Shaitan,كاني شيطان,35.6550872,44.9995353,29.0,174.0,25.0,4.0,0.0,0.0,0.0,0.0,0.0,0.0,0.0,0.0,0.0,0.0,0.0,0.0,0.0,0.0,0.0,0.0,0.0,0.0,0.0,0.0,0.0,0.0,0.0,0.0,29.0,0.0,0.0,29.0,0.0,0.0,0.0,0.0,0.0,0.0,0.0,0.0,12.0,0.0,12.0,12.0,0.0,12.0,0.0,0.0,5.0,0.0,0.0,5.0,0.0,0.0,0.0,0.0,0.0,0.0,"Mar 17, 2016"
505,1310058.0,23925.0,Sulaymaniyah,Sulaymaniya,Kani spika,كانى سبيكة,35.6014655,45.4196481,307.0,1842.0,255.0,0.0,20.0,0.0,0.0,8.0,0.0,0.0,0.0,0.0,0.0,0.0,18.0,0.0,6.0,0.0,0.0,0.0,0.0,0.0,0.0,0.0,0.0,0.0,0.0,0.0,307.0,0.0,0.0,307.0,0.0,0.0,0.0,0.0,0.0,0.0,0.0,0.0,43.0,0.0,60.0,43.0,52.0,60.0,79.0,52.0,73.0,79.0,0.0,73.0,0.0,0.0,0.0,0.0,0.0,0.0,"Mar 17, 2016"
506,1310059.0,21059.0,Sulaymaniyah,Sulaymaniya,Karezawshk,كاريزوشك,35.5773156,45.431915,130.0,780.0,99.0,0.0,4.0,0.0,0.0,0.0,0.0,0.0,0.0,0.0,0.0,0.0,0.0,0.0,27.0,0.0,0.0,0.0,0.0,0.0,8.0,0.0,0.0,0.0,0.0,0.0,122.0,0.0,0.0,122.0,0.0,0.0,0.0,0.0,0.0,0.0,0.0,0.0,11.0,0.0,25.0,11.0,7.0,25.0,46.0,7.0,41.0,46.0,0.0,41.0,0.0,0.0,0.0,0.0,0.0,0.0,"Mar 17, 2016"
507,1310060.0,21243.0,Sulaymaniyah,Sulaymaniya,Khabat 306+304+308,خبات 306+304+308,35.5451724,45.4439786,145.0,870.0,124.0,0.0,3.0,0.0,0.0,0.0,0.0,0.0,0.0,0.0,0.0,0.0,0.0,0.0,18.0,0.0,0.0,0.0,0.0,0.0,0.0,0.0,0.0,0.0,0.0,0.0,145.0,0.0,0.0,145.0,0.0,0.0,0.0,0.0,0.0,0.0,0.0,0.0,22.0,0.0,0.0,22.0,0.0,0.0,91.0,0.0,32.0,91.0,0.0,32.0,0.0,0.0,0.0,0.0,0.0,0.0,"Mar 17, 2016"
508,1310061.0,25570.0,Sulaymaniyah,Sulaymaniya,Khak,خاك,35.5839113,45.3160232,70.0,420.0,17.0,0.0,0.0,0.0,0.0,7.0,0.0,0.0,0.0,0.0,0.0,0.0,46.0,0.0,0.0,0.0,0.0,0.0,0.0,0.0,0.0,0.0,0.0,0.0,0.0,0.0,36.0,0.0,0.0,36.0,0.0,0.0,0.0,0.0,34.0,0.0,0.0,34.0,4.0,0.0,5.0,4.0,46.0,5.0,3.0,46.0,12.0,3.0,0.0,12.0,0.0,0.0,0.0,0.0,0.0,0.0,"Mar 17, 2016"
509,1310062.0,24899.0,Sulaymaniyah,Sulaymaniya,Kostay Cham,كوستى جم,35.5490057,45.3686516,40.0,240.0,24.0,0.0,0.0,0.0,0.0,5.0,0.0,0.0,0.0,0.0,0.0,0.0,11.0,0.0,0.0,0.0,0.0,0.0,0.0,0.0,0.0,0.0,0.0,0.0,0.0,0.0,40.0,0.0,0.0,40.0,0.0,0.0,0.0,0.0,0.0,0.0,0.0,0.0,13.0,0.0,11.0,13.0,4.0,11.0,9.0,4.0,3.0,9.0,0.0,3.0,0.0,0.0,0.0,0.0,0.0,0.0,"Mar 17, 2016"
510,1310063.0,6143.0,Sulaymaniyah,Sulaymaniya,Bardaqarman-Kupala,كوبله-بردةقارمان,35.6496369,45.0836866,7.0,42.0,3.0,0.0,1.0,0.0,0.0,0.0,0.0,0.0,0.0,0.0,0.0,0.0,0.0,0.0,3.0,0.0,0.0,0.0,0.0,0.0,0.0,0.0,0.0,0.0,0.0,0.0,7.0,0.0,0.0,7.0,0.0,0.0,0.0,0.0,0.0,0.0,0.0,0.0,2.0,0.0,0.0,2.0,2.0,0.0,2.0,2.0,1.0,2.0,0.0,1.0,0.0,0.0,0.0,0.0,0.0,0.0,"Mar 17, 2016"
511,1310064.0,24260.0,Sulaymaniyah,Sulaymaniya,Kurd city,كورد ستى,35.5377386,45.4105115,65.0,390.0,35.0,0.0,27.0,0.0,0.0,2.0,0.0,0.0,0.0,0.0,0.0,0.0,0.0,0.0,1.0,0.0,0.0,0.0,0.0,0.0,0.0,0.0,0.0,0.0,0.0,0.0,65.0,0.0,0.0,65.0,0.0,0.0,0.0,0.0,0.0,0.0,0.0,0.0,7.0,0.0,10.0,7.0,0.0,10.0,28.0,0.0,20.0,28.0,0.0,20.0,0.0,0.0,0.0,0.0,0.0,0.0,"Mar 17, 2016"
512,1310065.0,23719.0,Sulaymaniyah,Sulaymaniya,Kurdsat 138+136,كوردسات 136+138,35.5931365,45.4422312,108.0,648.0,87.0,0.0,10.0,0.0,0.0,0.0,0.0,0.0,0.0,0.0,0.0,0.0,8.0,0.0,3.0,0.0,0.0,0.0,0.0,0.0,8.0,0.0,0.0,0.0,0.0,0.0,100.0,0.0,0.0,100.0,0.0,0.0,0.0,0.0,0.0,0.0,0.0,0.0,8.0,0.0,18.0,8.0,8.0,18.0,48.0,8.0,26.0,48.0,0.0,26.0,0.0,0.0,0.0,0.0,0.0,0.0,"Mar 17, 2016"
513,1310066.0,24817.0,Sulaymaniyah,Sulaymaniya,Lebanon City,لبنان ستي,35.5335905,45.4176999,23.0,138.0,10.0,0.0,9.0,0.0,0.0,0.0,0.0,0.0,0.0,0.0,0.0,0.0,0.0,0.0,4.0,0.0,0.0,0.0,0.0,0.0,0.0,0.0,0.0,0.0,0.0,0.0,23.0,0.0,0.0,23.0,0.0,0.0,0.0,0.0,0.0,0.0,0.0,0.0,7.0,0.0,2.0,7.0,4.0,2.0,7.0,4.0,3.0,7.0,0.0,3.0,0.0,0.0,0.0,0.0,0.0,0.0,"Mar 17, 2016"
514,1310067.0,23720.0,Sulaymaniyah,Sulaymaniya,Majeed Bag,مجيد بك,35.570175,45.4425809,62.0,372.0,56.0,0.0,0.0,0.0,0.0,0.0,0.0,0.0,0.0,0.0,0.0,0.0,0.0,0.0,6.0,0.0,0.0,0.0,0.0,0.0,0.0,0.0,0.0,0.0,0.0,0.0,62.0,0.0,0.0,62.0,0.0,0.0,0.0,0.0,0.0,0.0,0.0,0.0,20.0,0.0,6.0,20.0,0.0,6.0,3.0,0.0,33.0,3.0,0.0,33.0,0.0,0.0,0.0,0.0,0.0,0.0,"Mar 17, 2016"
515,1310068.0,4456.0,Sulaymaniyah,Sulaymaniya,Mala Dawud,ملا داود,35.6318837,45.4203812,40.0,240.0,15.0,0.0,1.0,0.0,0.0,0.0,0.0,0.0,0.0,0.0,0.0,0.0,16.0,0.0,8.0,0.0,0.0,0.0,0.0,0.0,0.0,0.0,0.0,0.0,0.0,0.0,40.0,0.0,0.0,40.0,0.0,0.0,0.0,0.0,0.0,0.0,0.0,0.0,0.0,0.0,12.0,0.0,11.0,12.0,16.0,11.0,1.0,16.0,0.0,1.0,0.0,0.0,0.0,0.0,0.0,0.0,"Mar 17, 2016"
516,1310069.0,24257.0,Sulaymaniyah,Sulaymaniya,Malkanidy,ملكندى,35.5579387,45.4475366,86.0,516.0,75.0,4.0,0.0,0.0,0.0,0.0,0.0,0.0,0.0,0.0,0.0,0.0,0.0,0.0,7.0,0.0,0.0,0.0,0.0,0.0,21.0,0.0,0.0,0.0,0.0,0.0,65.0,0.0,0.0,65.0,0.0,0.0,0.0,0.0,0.0,0.0,0.0,0.0,11.0,0.0,9.0,11.0,0.0,9.0,33.0,0.0,33.0,33.0,0.0,33.0,0.0,0.0,0.0,0.0,0.0,0.0,"Mar 17, 2016"
517,1310070.0,21050.0,Sulaymaniyah,Sulaymaniya,MAMOSTAYAN,ماموستايان,35.5706838,45.4384834,128.0,768.0,112.0,0.0,0.0,0.0,0.0,0.0,0.0,0.0,0.0,0.0,0.0,0.0,8.0,0.0,8.0,0.0,0.0,0.0,0.0,0.0,0.0,0.0,0.0,0.0,0.0,0.0,128.0,0.0,0.0,128.0,0.0,0.0,0.0,0.0,0.0,0.0,0.0,0.0,49.0,0.0,18.0,49.0,20.0,18.0,27.0,20.0,14.0,27.0,0.0,14.0,0.0,0.0,0.0,0.0,0.0,0.0,"Mar 17, 2016"
518,1310071.0,24901.0,Sulaymaniyah,Sulaymaniya,Mashkhalan,مشخلان,35.5863421,45.3853698,250.0,1500.0,211.0,0.0,4.0,0.0,0.0,3.0,0.0,0.0,0.0,0.0,0.0,0.0,25.0,0.0,7.0,0.0,0.0,0.0,0.0,0.0,0.0,0.0,0.0,0.0,0.0,0.0,250.0,0.0,0.0,250.0,0.0,0.0,0.0,0.0,0.0,0.0,0.0,0.0,41.0,0.0,40.0,41.0,30.0,40.0,71.0,30.0,68.0,71.0,0.0,68.0,0.0,0.0,0.0,0.0,0.0,0.0,"Mar 17, 2016"
519,1310072.0,25575.0,Sulaymaniyah,Sulaymaniya,Muaskar Al-Salam,معسكر سلام,35.6124628,45.2991303,9.0,54.0,0.0,0.0,0.0,0.0,0.0,0.0,0.0,0.0,0.0,0.0,0.0,0.0,9.0,0.0,0.0,0.0,0.0,0.0,0.0,0.0,0.0,0.0,0.0,0.0,0.0,0.0,0.0,0.0,0.0,0.0,0.0,0.0,0.0,0.0,9.0,0.0,0.0,9.0,0.0,0.0,0.0,0.0,9.0,0.0,0.0,9.0,0.0,0.0,0.0,0.0,0.0,0.0,0.0,0.0,0.0,0.0,"Mar 17, 2016"
520,1310073.0,25524.0,Sulaymaniyah,Sulaymaniya,Newroz,نوروز,35.5312237,45.4435932,78.0,468.0,51.0,2.0,7.0,0.0,0.0,4.0,0.0,0.0,0.0,0.0,0.0,0.0,8.0,0.0,6.0,0.0,0.0,0.0,0.0,0.0,0.0,0.0,0.0,0.0,0.0,0.0,78.0,0.0,0.0,78.0,0.0,0.0,0.0,0.0,0.0,0.0,0.0,0.0,22.0,0.0,20.0,22.0,16.0,20.0,13.0,16.0,7.0,13.0,0.0,7.0,0.0,0.0,0.0,0.0,0.0,0.0,"Mar 17, 2016"
521,1310074.0,24098.0,Sulaymaniyah,Sulaymaniya,Pasha City,باشا ستى,35.5804719,45.3427917,12.0,72.0,8.0,0.0,0.0,0.0,0.0,0.0,0.0,0.0,0.0,0.0,0.0,0.0,0.0,0.0,4.0,0.0,0.0,0.0,0.0,0.0,0.0,0.0,0.0,0.0,0.0,0.0,12.0,0.0,0.0,12.0,0.0,0.0,0.0,0.0,0.0,0.0,0.0,0.0,4.0,0.0,4.0,4.0,0.0,4.0,0.0,0.0,4.0,0.0,0.0,4.0,0.0,0.0,0.0,0.0,0.0,0.0,"Mar 17, 2016"
522,1310075.0,23536.0,Sulaymaniyah,Sulaymaniya,Bazian-peshwa,بيشوا,35.5909185,45.1413562,44.0,264.0,15.0,0.0,4.0,0.0,0.0,0.0,0.0,0.0,0.0,0.0,0.0,0.0,20.0,0.0,5.0,0.0,0.0,0.0,0.0,0.0,0.0,0.0,0.0,0.0,0.0,0.0,44.0,0.0,0.0,44.0,0.0,0.0,0.0,0.0,0.0,0.0,0.0,0.0,3.0,0.0,7.0,3.0,24.0,7.0,7.0,24.0,3.0,7.0,0.0,3.0,0.0,0.0,0.0,0.0,0.0,0.0,"Mar 17, 2016"
523,1310076.0,23598.0,Sulaymaniyah,Sulaymaniya,Bardaqarman-Qala,قلا-بردةقارمان,35.6512808,45.0684825,57.0,342.0,50.0,0.0,7.0,0.0,0.0,0.0,0.0,0.0,0.0,0.0,0.0,0.0,0.0,0.0,0.0,0.0,0.0,0.0,0.0,0.0,0.0,0.0,0.0,0.0,0.0,0.0,57.0,0.0,0.0,57.0,0.0,0.0,0.0,0.0,0.0,0.0,0.0,0.0,22.0,0.0,14.0,22.0,0.0,14.0,14.0,0.0,7.0,14.0,0.0,7.0,0.0,0.0,0.0,0.0,0.0,0.0,"Mar 17, 2016"
524,1310077.0,21320.0,Sulaymaniyah,Sulaymaniya,Qalawa ,قالاوة ,35.548278,45.4174845,33.0,198.0,27.0,2.0,4.0,0.0,0.0,0.0,0.0,0.0,0.0,0.0,0.0,0.0,0.0,0.0,0.0,0.0,0.0,0.0,0.0,0.0,0.0,0.0,0.0,0.0,0.0,0.0,33.0,0.0,0.0,33.0,0.0,0.0,0.0,0.0,0.0,0.0,0.0,0.0,4.0,0.0,7.0,4.0,0.0,7.0,13.0,0.0,9.0,13.0,0.0,9.0,0.0,0.0,0.0,0.0,0.0,0.0,"Mar 17, 2016"
525,1310078.0,4450.0,Sulaymaniyah,Sulaymaniya,Qaradagh,قرداغ,35.3073809,45.3923748,8.0,48.0,3.0,0.0,1.0,0.0,0.0,1.0,0.0,0.0,0.0,0.0,0.0,0.0,2.0,0.0,1.0,0.0,0.0,0.0,0.0,0.0,0.0,0.0,0.0,0.0,0.0,0.0,8.0,0.0,0.0,8.0,0.0,0.0,0.0,0.0,0.0,0.0,0.0,0.0,2.0,0.0,1.0,2.0,2.0,1.0,0.0,2.0,3.0,0.0,0.0,3.0,0.0,0.0,0.0,0.0,0.0,0.0,"Mar 17, 2016"
526,1310079.0,4575.0,Sulaymaniyah,Sulaymaniya,Sewsenan,سيوسينان,35.2182657,45.4959589,3.0,18.0,0.0,0.0,2.0,0.0,0.0,0.0,0.0,0.0,0.0,0.0,0.0,0.0,0.0,0.0,1.0,0.0,0.0,0.0,0.0,0.0,0.0,0.0,0.0,0.0,0.0,0.0,3.0,0.0,0.0,3.0,0.0,0.0,0.0,0.0,0.0,0.0,0.0,0.0,1.0,0.0,0.0,1.0,0.0,0.0,2.0,0.0,0.0,2.0,0.0,0.0,0.0,0.0,0.0,0.0,0.0,0.0,"Mar 17, 2016"
527,1310081.0,4449.0,Sulaymaniyah,Sulaymaniya,Qaratughan,قرتوغان,35.5141646,45.4324646,6.0,36.0,4.0,0.0,0.0,0.0,0.0,2.0,0.0,0.0,0.0,0.0,0.0,0.0,0.0,0.0,0.0,0.0,0.0,0.0,0.0,0.0,0.0,0.0,0.0,0.0,0.0,0.0,6.0,0.0,0.0,6.0,0.0,0.0,0.0,0.0,0.0,0.0,0.0,0.0,6.0,0.0,0.0,6.0,0.0,0.0,0.0,0.0,0.0,0.0,0.0,0.0,0.0,0.0,0.0,0.0,0.0,0.0,"Mar 17, 2016"
528,1310082.0,4549.0,Sulaymaniyah,Sulaymaniya,Qirga 331+329,قركة 331+329,35.5356658,45.4806123,730.0,4380.0,490.0,2.0,107.0,0.0,0.0,17.0,0.0,0.0,0.0,0.0,0.0,0.0,63.0,0.0,51.0,0.0,0.0,0.0,0.0,0.0,0.0,0.0,0.0,0.0,0.0,0.0,730.0,0.0,0.0,730.0,0.0,0.0,0.0,0.0,0.0,0.0,0.0,0.0,66.0,0.0,89.0,66.0,42.0,89.0,290.0,42.0,243.0,290.0,0.0,243.0,0.0,0.0,0.0,0.0,0.0,0.0,"Mar 17, 2016"
529,1310083.0,6139.0,Sulaymaniyah,Sulaymaniya,Qliasan,قلياسان,35.5795574,45.3743023,49.0,294.0,38.0,0.0,4.0,0.0,0.0,1.0,0.0,0.0,0.0,0.0,0.0,0.0,5.0,0.0,1.0,0.0,0.0,0.0,0.0,0.0,0.0,0.0,0.0,0.0,0.0,0.0,49.0,0.0,0.0,49.0,0.0,0.0,0.0,0.0,0.0,0.0,0.0,0.0,2.0,0.0,5.0,2.0,6.0,5.0,14.0,6.0,22.0,14.0,0.0,22.0,0.0,0.0,0.0,0.0,0.0,0.0,"Mar 17, 2016"
530,1310084.0,6251.0,Sulaymaniyah,Sulaymaniya,Qularaese Kon,قولريسى كون,35.5972827,45.3480122,73.0,438.0,53.0,0.0,8.0,0.0,0.0,7.0,0.0,0.0,0.0,0.0,0.0,0.0,5.0,0.0,0.0,0.0,0.0,0.0,0.0,0.0,0.0,2.0,0.0,0.0,2.0,0.0,64.0,0.0,0.0,64.0,0.0,0.0,0.0,0.0,0.0,0.0,7.0,0.0,15.0,7.0,15.0,15.0,17.0,15.0,13.0,17.0,13.0,13.0,0.0,13.0,0.0,0.0,0.0,0.0,0.0,0.0,"Mar 17, 2016"
531,1310085.0,5896.0,Sulaymaniyah,Sulaymaniya,Raparin-Bawa Mrda,رابرين-باوه مرده,35.5841925,45.3220307,125.0,750.0,53.0,6.0,12.0,0.0,0.0,4.0,0.0,0.0,0.0,0.0,0.0,0.0,27.0,0.0,23.0,0.0,0.0,0.0,0.0,0.0,0.0,0.0,0.0,0.0,0.0,0.0,116.0,0.0,0.0,116.0,0.0,0.0,0.0,0.0,9.0,0.0,0.0,9.0,18.0,0.0,45.0,18.0,17.0,45.0,41.0,17.0,4.0,41.0,0.0,4.0,0.0,0.0,0.0,0.0,0.0,0.0,"Mar 17, 2016"
532,1310086.0,5798.0,Sulaymaniyah,Sulaymaniya,Raparrin,رابرين,35.5780901,45.3392252,719.0,4314.0,495.0,18.0,40.0,0.0,0.0,27.0,0.0,0.0,0.0,0.0,0.0,0.0,90.0,0.0,49.0,0.0,0.0,0.0,0.0,0.0,0.0,0.0,0.0,0.0,0.0,0.0,719.0,0.0,0.0,719.0,0.0,0.0,0.0,0.0,0.0,0.0,0.0,0.0,159.0,0.0,153.0,159.0,67.0,153.0,46.0,67.0,294.0,46.0,0.0,294.0,0.0,0.0,0.0,0.0,0.0,0.0,"Mar 17, 2016"
533,1310087.0,6311.0,Sulaymaniyah,Sulaymaniya,Rizgare 408,رزكارى 408,35.5613381,45.4075556,261.0,1566.0,193.0,0.0,10.0,0.0,0.0,4.0,0.0,0.0,0.0,0.0,0.0,0.0,20.0,0.0,34.0,0.0,0.0,0.0,0.0,0.0,0.0,0.0,0.0,0.0,0.0,20.0,241.0,20.0,0.0,241.0,0.0,0.0,0.0,0.0,0.0,0.0,0.0,0.0,52.0,0.0,47.0,52.0,33.0,47.0,89.0,33.0,40.0,89.0,0.0,40.0,0.0,0.0,0.0,0.0,0.0,0.0,"Mar 17, 2016"
534,1310088.0,24095.0,Sulaymaniyah,Sulaymaniya,Rizgari-Arbat,رزكارى,35.4275585,45.5875233,107.0,642.0,41.0,3.0,26.0,0.0,0.0,3.0,0.0,0.0,0.0,0.0,0.0,0.0,0.0,0.0,34.0,0.0,0.0,0.0,0.0,0.0,0.0,0.0,0.0,0.0,0.0,0.0,107.0,0.0,0.0,107.0,0.0,0.0,0.0,0.0,0.0,0.0,0.0,0.0,10.0,0.0,17.0,10.0,27.0,17.0,50.0,27.0,3.0,50.0,0.0,3.0,0.0,0.0,0.0,0.0,0.0,0.0,"Mar 17, 2016"
535,1310089.0,24259.0,Sulaymaniyah,Sulaymaniya,Roz city,روز ستى,35.5885205,45.4263634,185.0,1110.0,151.0,0.0,10.0,0.0,0.0,0.0,0.0,0.0,0.0,0.0,0.0,0.0,5.0,0.0,19.0,0.0,0.0,0.0,0.0,0.0,0.0,0.0,0.0,0.0,0.0,0.0,185.0,0.0,0.0,185.0,0.0,0.0,0.0,0.0,0.0,0.0,0.0,0.0,20.0,0.0,26.0,20.0,10.0,26.0,76.0,10.0,53.0,76.0,0.0,53.0,0.0,0.0,0.0,0.0,0.0,0.0,"Mar 17, 2016"
536,1310090.0,24256.0,Sulaymaniyah,Sulaymaniya,Rozhlat 305,روزهلات 305,35.5475443,45.4514937,65.0,390.0,50.0,0.0,7.0,0.0,0.0,2.0,0.0,0.0,0.0,0.0,0.0,0.0,6.0,0.0,0.0,0.0,0.0,0.0,0.0,0.0,0.0,0.0,0.0,0.0,0.0,0.0,65.0,0.0,0.0,65.0,0.0,0.0,0.0,0.0,0.0,0.0,0.0,0.0,10.0,0.0,4.0,10.0,24.0,4.0,4.0,24.0,23.0,4.0,0.0,23.0,0.0,0.0,0.0,0.0,0.0,0.0,"Mar 17, 2016"
537,1310091.0,24819.0,Sulaymaniyah,Sulaymaniya,Runaki City,روناكى ستى,35.5983472,45.3417873,130.0,780.0,106.0,0.0,2.0,0.0,0.0,0.0,0.0,0.0,0.0,0.0,0.0,0.0,0.0,0.0,22.0,0.0,0.0,0.0,0.0,0.0,0.0,0.0,0.0,0.0,0.0,0.0,130.0,0.0,0.0,130.0,0.0,0.0,0.0,0.0,0.0,0.0,0.0,0.0,48.0,0.0,13.0,48.0,0.0,13.0,69.0,0.0,0.0,69.0,0.0,0.0,0.0,0.0,0.0,0.0,0.0,0.0,"Mar 17, 2016"
538,1310092.0,21021.0,Sulaymaniyah,Sulaymaniya,Sabun karan Qt,صابن كران,35.5540113,45.4456441,107.0,642.0,67.0,0.0,0.0,0.0,0.0,0.0,0.0,0.0,0.0,0.0,0.0,0.0,35.0,0.0,5.0,0.0,0.0,0.0,0.0,0.0,34.0,0.0,0.0,0.0,0.0,14.0,59.0,14.0,0.0,59.0,0.0,0.0,0.0,0.0,0.0,0.0,0.0,0.0,5.0,0.0,9.0,5.0,35.0,9.0,19.0,35.0,39.0,19.0,0.0,39.0,0.0,0.0,0.0,0.0,0.0,0.0,"Mar 17, 2016"
539,1310093.0,24816.0,Sulaymaniyah,Sulaymaniya,Saib City,صائب ستي,35.5342187,45.4131846,117.0,702.0,62.0,0.0,24.0,0.0,0.0,0.0,0.0,0.0,0.0,0.0,0.0,0.0,12.0,0.0,19.0,0.0,0.0,0.0,0.0,0.0,0.0,0.0,0.0,0.0,0.0,0.0,117.0,0.0,0.0,117.0,0.0,0.0,0.0,0.0,0.0,0.0,0.0,0.0,0.0,0.0,35.0,0.0,5.0,35.0,52.0,5.0,25.0,52.0,0.0,25.0,0.0,0.0,0.0,0.0,0.0,0.0,"Mar 17, 2016"
540,1310094.0,4441.0,Sulaymaniyah,Sulaymaniya,Sarchnar,سرجنار,35.5802839,45.3835801,206.0,1236.0,198.0,0.0,0.0,0.0,0.0,0.0,0.0,0.0,0.0,0.0,0.0,0.0,8.0,0.0,0.0,0.0,0.0,0.0,0.0,0.0,21.0,0.0,0.0,0.0,0.0,0.0,185.0,0.0,0.0,185.0,0.0,0.0,0.0,0.0,0.0,0.0,0.0,0.0,26.0,0.0,3.0,26.0,8.0,3.0,36.0,8.0,133.0,36.0,0.0,133.0,0.0,0.0,0.0,0.0,0.0,0.0,"Mar 17, 2016"
541,1310095.0,24258.0,Sulaymaniyah,Sulaymaniya,Sardam City,سردم ستى,35.5406761,45.4770353,41.0,246.0,31.0,0.0,3.0,0.0,0.0,0.0,0.0,0.0,0.0,0.0,0.0,0.0,2.0,0.0,5.0,0.0,0.0,0.0,0.0,0.0,0.0,0.0,0.0,0.0,0.0,0.0,41.0,0.0,0.0,41.0,0.0,0.0,0.0,0.0,0.0,0.0,0.0,0.0,5.0,0.0,20.0,5.0,0.0,20.0,6.0,0.0,10.0,6.0,0.0,10.0,0.0,0.0,0.0,0.0,0.0,0.0,"Mar 17, 2016"
542,1310096.0,24961.0,Sulaymaniyah,Sulaymaniya,Sardaw 140,سارداو 140,35.588731,45.4287827,141.0,846.0,108.0,0.0,22.0,0.0,0.0,0.0,0.0,0.0,0.0,0.0,0.0,0.0,11.0,0.0,0.0,0.0,0.0,0.0,0.0,0.0,0.0,0.0,0.0,0.0,0.0,0.0,141.0,0.0,0.0,141.0,0.0,0.0,0.0,0.0,0.0,0.0,0.0,0.0,5.0,0.0,16.0,5.0,47.0,16.0,45.0,47.0,28.0,45.0,0.0,28.0,0.0,0.0,0.0,0.0,0.0,0.0,"Mar 17, 2016"
543,1310097.0,25306.0,Sulaymaniyah,Sulaymaniya,Saiwan 301,سيوان 301,35.5488529,45.4463087,54.0,324.0,31.0,0.0,11.0,0.0,0.0,2.0,0.0,0.0,0.0,0.0,0.0,0.0,2.0,0.0,8.0,0.0,0.0,0.0,0.0,0.0,21.0,0.0,0.0,0.0,0.0,0.0,33.0,0.0,0.0,33.0,0.0,0.0,0.0,0.0,0.0,0.0,0.0,0.0,5.0,0.0,6.0,5.0,6.0,6.0,16.0,6.0,21.0,16.0,0.0,21.0,0.0,0.0,0.0,0.0,0.0,0.0,"Mar 17, 2016"
544,1310098.0,21023.0,Sulaymaniyah,Sulaymaniya,Sarshaqam 310,سرشقام 310,35.5471792,45.4348603,105.0,630.0,96.0,0.0,0.0,0.0,0.0,0.0,0.0,0.0,0.0,0.0,0.0,0.0,0.0,0.0,9.0,0.0,0.0,0.0,0.0,0.0,18.0,0.0,0.0,0.0,0.0,0.0,87.0,0.0,0.0,87.0,0.0,0.0,0.0,0.0,0.0,0.0,0.0,0.0,46.0,0.0,5.0,46.0,4.0,5.0,21.0,4.0,29.0,21.0,0.0,29.0,0.0,0.0,0.0,0.0,0.0,0.0,"Mar 17, 2016"
545,1310099.0,24255.0,Sulaymaniyah,Sulaymaniya,Sarwary 142,سرورى 142,35.5834097,45.416355,195.0,1170.0,165.0,0.0,19.0,0.0,0.0,2.0,0.0,0.0,0.0,0.0,0.0,0.0,5.0,0.0,4.0,0.0,0.0,0.0,0.0,0.0,0.0,0.0,0.0,0.0,0.0,0.0,195.0,0.0,0.0,195.0,0.0,0.0,0.0,0.0,0.0,0.0,0.0,0.0,110.0,0.0,4.0,110.0,25.0,4.0,37.0,25.0,19.0,37.0,0.0,19.0,0.0,0.0,0.0,0.0,0.0,0.0,"Mar 17, 2016"
546,1310100.0,24815.0,Sulaymaniyah,Sulaymaniya,Saya City,سايه ستى,35.6070593,45.3430186,252.0,1512.0,190.0,0.0,5.0,0.0,0.0,0.0,0.0,0.0,0.0,0.0,0.0,0.0,10.0,0.0,47.0,0.0,0.0,0.0,0.0,0.0,0.0,0.0,0.0,0.0,0.0,0.0,252.0,0.0,0.0,252.0,0.0,0.0,0.0,0.0,0.0,0.0,0.0,0.0,53.0,0.0,96.0,53.0,0.0,96.0,61.0,0.0,42.0,61.0,0.0,42.0,0.0,0.0,0.0,0.0,0.0,0.0,"Mar 17, 2016"
547,1310101.0,24902.0,Sulaymaniyah,Sulaymaniya,Shakraka,شكركه,35.568739,45.378122,36.0,216.0,30.0,0.0,4.0,0.0,0.0,0.0,0.0,0.0,0.0,0.0,0.0,0.0,0.0,0.0,2.0,0.0,0.0,0.0,0.0,0.0,0.0,0.0,0.0,0.0,0.0,0.0,36.0,0.0,0.0,36.0,0.0,0.0,0.0,0.0,0.0,0.0,0.0,0.0,7.0,0.0,6.0,7.0,0.0,6.0,0.0,0.0,23.0,0.0,0.0,23.0,0.0,0.0,0.0,0.0,0.0,0.0,"Mar 17, 2016"
548,1310102.0,21283.0,Sulaymaniyah,Sulaymaniya,Bazian-Sharwani,شاروانى,35.5983278,45.133669,26.0,156.0,5.0,0.0,5.0,0.0,0.0,4.0,0.0,0.0,0.0,0.0,0.0,0.0,4.0,0.0,8.0,0.0,0.0,0.0,0.0,0.0,0.0,0.0,0.0,0.0,0.0,0.0,26.0,0.0,0.0,26.0,0.0,0.0,0.0,0.0,0.0,0.0,0.0,0.0,0.0,0.0,11.0,0.0,4.0,11.0,11.0,4.0,0.0,11.0,0.0,0.0,0.0,0.0,0.0,0.0,0.0,0.0,"Mar 17, 2016"
549,1310103.0,5800.0,Sulaymaniyah,Sulaymaniya,Sharaf khan,شرف خان,35.5271465,45.4287496,55.0,330.0,41.0,0.0,4.0,0.0,0.0,2.0,0.0,0.0,0.0,0.0,0.0,0.0,6.0,0.0,2.0,0.0,0.0,0.0,0.0,0.0,0.0,0.0,0.0,0.0,0.0,0.0,55.0,0.0,0.0,55.0,0.0,0.0,0.0,0.0,0.0,0.0,0.0,0.0,5.0,0.0,14.0,5.0,0.0,14.0,24.0,0.0,12.0,24.0,0.0,12.0,0.0,0.0,0.0,0.0,0.0,0.0,"Mar 17, 2016"
550,1310104.0,21284.0,Sulaymaniyah,Sulaymaniya,Shekh Muheden 404,شيخ محى الدين 404,35.5534214,45.4209302,46.0,276.0,25.0,3.0,7.0,0.0,0.0,2.0,0.0,0.0,0.0,0.0,0.0,0.0,9.0,0.0,0.0,0.0,0.0,0.0,0.0,0.0,0.0,0.0,0.0,0.0,0.0,0.0,46.0,0.0,0.0,46.0,0.0,0.0,0.0,0.0,0.0,0.0,0.0,0.0,9.0,0.0,9.0,9.0,9.0,9.0,14.0,9.0,5.0,14.0,0.0,5.0,0.0,0.0,0.0,0.0,0.0,0.0,"Mar 17, 2016"
551,1310105.0,25301.0,Sulaymaniyah,Sulaymaniya,Dabashan 116,داباشان 116,35.578874,45.4391714,86.0,516.0,81.0,0.0,0.0,0.0,0.0,0.0,0.0,0.0,0.0,0.0,0.0,0.0,5.0,0.0,0.0,0.0,0.0,0.0,0.0,0.0,0.0,0.0,0.0,0.0,0.0,0.0,86.0,0.0,0.0,86.0,0.0,0.0,0.0,0.0,0.0,0.0,0.0,0.0,26.0,0.0,14.0,26.0,5.0,14.0,28.0,5.0,13.0,28.0,0.0,13.0,0.0,0.0,0.0,0.0,0.0,0.0,"Mar 17, 2016"
552,1310106.0,24099.0,Sulaymaniyah,Sulaymaniya,Shniar City,شنيار ستى,35.5468272,45.3669181,42.0,252.0,37.0,1.0,1.0,0.0,0.0,0.0,0.0,0.0,0.0,0.0,0.0,0.0,0.0,0.0,3.0,0.0,0.0,0.0,0.0,0.0,0.0,0.0,0.0,0.0,0.0,0.0,42.0,0.0,0.0,42.0,0.0,0.0,0.0,0.0,0.0,0.0,0.0,0.0,19.0,0.0,3.0,19.0,0.0,3.0,18.0,0.0,2.0,18.0,0.0,2.0,0.0,0.0,0.0,0.0,0.0,0.0,"Mar 17, 2016"
553,1310107.0,25305.0,Sulaymaniyah,Sulaymaniya,Sulaymaniya-Sharawani 407,شارواني407,35.5455865,45.4247415,66.0,396.0,48.0,0.0,6.0,0.0,0.0,8.0,0.0,0.0,0.0,0.0,0.0,0.0,0.0,0.0,4.0,0.0,0.0,0.0,0.0,0.0,0.0,0.0,0.0,0.0,0.0,0.0,66.0,0.0,0.0,66.0,0.0,0.0,0.0,0.0,0.0,0.0,0.0,0.0,11.0,0.0,10.0,11.0,0.0,10.0,27.0,0.0,18.0,27.0,0.0,18.0,0.0,0.0,0.0,0.0,0.0,0.0,"Mar 17, 2016"
554,1310108.0,26023.0,Sulaymaniyah,Sulaymaniya,Ashti IDP,اشتي كمب للنازحين,35.4164802,45.6057675,1423.0,8538.0,0.0,0.0,0.0,0.0,0.0,0.0,0.0,0.0,0.0,0.0,0.0,0.0,358.0,0.0,1065.0,0.0,0.0,0.0,1423.0,0.0,0.0,0.0,0.0,0.0,0.0,0.0,0.0,0.0,0.0,0.0,0.0,0.0,0.0,0.0,0.0,0.0,0.0,0.0,0.0,0.0,0.0,0.0,358.0,0.0,1065.0,358.0,0.0,1065.0,0.0,0.0,0.0,0.0,0.0,0.0,0.0,0.0,"Mar 17, 2016"
555,1310109.0,5809.0,Sulaymaniyah,Sulaymaniya,Tasluja,طاسلوجة,35.5954297,45.2289052,381.0,2286.0,144.0,0.0,0.0,0.0,0.0,0.0,0.0,0.0,0.0,0.0,0.0,0.0,227.0,0.0,10.0,0.0,0.0,0.0,0.0,0.0,0.0,0.0,0.0,0.0,0.0,0.0,364.0,0.0,0.0,364.0,0.0,0.0,0.0,0.0,0.0,0.0,17.0,0.0,50.0,17.0,39.0,50.0,239.0,39.0,32.0,239.0,21.0,32.0,0.0,21.0,0.0,0.0,0.0,0.0,0.0,0.0,"Mar 17, 2016"
556,1310110.0,25795.0,Sulaymaniyah,Sulaymaniya,Toospy,تووسبي,35.6661419,45.4188029,12.0,72.0,0.0,0.0,0.0,0.0,0.0,0.0,0.0,0.0,0.0,0.0,0.0,0.0,12.0,0.0,0.0,0.0,0.0,0.0,0.0,0.0,0.0,0.0,0.0,2.0,0.0,0.0,10.0,0.0,0.0,10.0,0.0,0.0,0.0,0.0,0.0,0.0,0.0,0.0,0.0,0.0,0.0,0.0,12.0,0.0,0.0,12.0,0.0,0.0,0.0,0.0,0.0,0.0,0.0,0.0,0.0,0.0,"Mar 17, 2016"
557,1310111.0,21029.0,Sulaymaniyah,Sulaymaniya,Toy malik,توملك,35.570284,45.4525707,66.0,396.0,57.0,0.0,3.0,0.0,0.0,1.0,0.0,0.0,0.0,0.0,0.0,0.0,0.0,0.0,5.0,0.0,0.0,0.0,0.0,0.0,17.0,0.0,0.0,0.0,0.0,0.0,49.0,0.0,0.0,49.0,0.0,0.0,0.0,0.0,0.0,0.0,0.0,0.0,25.0,0.0,7.0,25.0,2.0,7.0,15.0,2.0,17.0,15.0,0.0,17.0,0.0,0.0,0.0,0.0,0.0,0.0,"Mar 17, 2016"
558,1310112.0,25523.0,Sulaymaniyah,Sulaymaniya,Village 120,قرية 120,35.4295554,45.4506679,51.0,306.0,24.0,8.0,5.0,0.0,0.0,9.0,0.0,0.0,0.0,0.0,0.0,0.0,5.0,0.0,0.0,0.0,0.0,0.0,0.0,0.0,0.0,0.0,0.0,0.0,0.0,0.0,51.0,0.0,0.0,51.0,0.0,0.0,0.0,0.0,0.0,0.0,0.0,0.0,6.0,0.0,13.0,6.0,10.0,13.0,12.0,10.0,10.0,12.0,0.0,10.0,0.0,0.0,0.0,0.0,0.0,0.0,"Mar 17, 2016"
559,1310113.0,5930.0,Sulaymaniyah,Sulaymaniya,Wluba 326,ولوبه 326,35.5342375,45.4295163,215.0,1290.0,128.0,13.0,24.0,0.0,0.0,0.0,0.0,0.0,0.0,0.0,0.0,0.0,26.0,0.0,24.0,0.0,0.0,0.0,0.0,0.0,0.0,0.0,0.0,0.0,0.0,0.0,215.0,0.0,0.0,215.0,0.0,0.0,0.0,0.0,0.0,0.0,0.0,0.0,7.0,0.0,35.0,7.0,65.0,35.0,96.0,65.0,12.0,96.0,0.0,12.0,0.0,0.0,0.0,0.0,0.0,0.0,"Mar 17, 2016"
560,1310114.0,5813.0,Sulaymaniyah,Sulaymaniya,Zargata 126,زركتة 126,35.5771189,45.4078549,131.0,786.0,86.0,0.0,30.0,0.0,0.0,0.0,0.0,0.0,0.0,0.0,0.0,0.0,0.0,0.0,15.0,0.0,0.0,0.0,0.0,0.0,0.0,0.0,0.0,0.0,0.0,0.0,131.0,0.0,0.0,131.0,0.0,0.0,0.0,0.0,0.0,0.0,0.0,0.0,31.0,0.0,15.0,31.0,0.0,15.0,60.0,0.0,25.0,60.0,0.0,25.0,0.0,0.0,0.0,0.0,0.0,0.0,"Mar 17, 2016"
561,1310115.0,25076.0,Sulaymaniyah,Sulaymaniya,Zargata Kon,زركته كون,35.5863377,45.4124339,169.0,1014.0,167.0,2.0,0.0,0.0,0.0,0.0,0.0,0.0,0.0,0.0,0.0,0.0,0.0,0.0,0.0,0.0,0.0,0.0,0.0,0.0,0.0,0.0,0.0,0.0,0.0,0.0,169.0,0.0,0.0,169.0,0.0,0.0,0.0,0.0,0.0,0.0,0.0,0.0,30.0,0.0,49.0,30.0,20.0,49.0,25.0,20.0,45.0,25.0,0.0,45.0,0.0,0.0,0.0,0.0,0.0,0.0,"Mar 17, 2016"
562,1310116.0,6144.0,Sulaymaniyah,Sulaymaniya,Balambo 324,بلامبو 324,35.5327942,45.4356949,95.0,570.0,40.0,0.0,5.0,0.0,0.0,13.0,0.0,0.0,0.0,0.0,0.0,0.0,21.0,0.0,16.0,0.0,0.0,0.0,0.0,0.0,0.0,0.0,0.0,0.0,0.0,0.0,95.0,0.0,0.0,95.0,0.0,0.0,0.0,0.0,0.0,0.0,0.0,0.0,7.0,0.0,22.0,7.0,5.0,22.0,41.0,5.0,20.0,41.0,0.0,20.0,0.0,0.0,0.0,0.0,0.0,0.0,"Mar 17, 2016"
563,1310122.0,28414.0,Sulaymaniyah,Sulaymaniya,bekas,بيكس,35.5929855,45.3997205,176.0,1056.0,159.0,0.0,5.0,0.0,0.0,0.0,0.0,0.0,0.0,0.0,0.0,0.0,4.0,0.0,8.0,0.0,0.0,0.0,0.0,0.0,0.0,0.0,0.0,0.0,0.0,0.0,176.0,0.0,0.0,176.0,0.0,0.0,0.0,0.0,0.0,0.0,0.0,0.0,29.0,0.0,30.0,29.0,4.0,30.0,45.0,4.0,68.0,45.0,0.0,68.0,0.0,0.0,0.0,0.0,0.0,0.0,"Mar 17, 2016"
564,1310123.0,4471.0,Sulaymaniyah,Sulaymaniya,kela spi,كيلة سبي,35.5713684,45.2733251,38.0,228.0,1.0,6.0,0.0,0.0,0.0,5.0,0.0,0.0,0.0,0.0,0.0,0.0,26.0,0.0,0.0,0.0,0.0,0.0,0.0,0.0,0.0,0.0,0.0,0.0,0.0,0.0,38.0,0.0,0.0,38.0,0.0,0.0,0.0,0.0,0.0,0.0,0.0,0.0,0.0,0.0,9.0,0.0,26.0,9.0,3.0,26.0,0.0,3.0,0.0,0.0,0.0,0.0,0.0,0.0,0.0,0.0,"Mar 17, 2016"
565,2101001.0,23792.0,Anbar,Al-Ka'im,Al Angaa,حي العنقاء,34.3802546157,41.0502272603,34.0,204.0,34.0,0.0,0.0,0.0,0.0,0.0,0.0,0.0,0.0,0.0,0.0,0.0,0.0,0.0,0.0,0.0,0.0,0.0,0.0,13.0,0.0,0.0,0.0,0.0,0.0,0.0,21.0,0.0,0.0,21.0,0.0,0.0,0.0,0.0,0.0,0.0,0.0,0.0,34.0,0.0,0.0,34.0,0.0,0.0,0.0,0.0,0.0,0.0,0.0,0.0,0.0,0.0,0.0,0.0,0.0,0.0,"Mar 17, 2016"
566,2101002.0,23647.0,Anbar,Al-Ka'im,Al Aubaidi Al Qadima,العبيدي القديمة ,34.4202033065,41.2014943574,161.0,966.0,161.0,0.0,0.0,0.0,0.0,0.0,0.0,0.0,0.0,0.0,0.0,0.0,0.0,0.0,0.0,0.0,0.0,0.0,0.0,35.0,0.0,17.0,0.0,0.0,17.0,0.0,67.0,0.0,0.0,67.0,0.0,0.0,14.0,0.0,28.0,14.0,0.0,28.0,161.0,0.0,0.0,161.0,0.0,0.0,0.0,0.0,0.0,0.0,0.0,0.0,0.0,0.0,0.0,0.0,0.0,0.0,"Mar 17, 2016"
567,2101003.0,23791.0,Anbar,Al-Ka'im,Al Nahda Al-Sharqiyah,حي النهضة الشرقية,34.3682789441,41.0577574787,60.0,360.0,60.0,0.0,0.0,0.0,0.0,0.0,0.0,0.0,0.0,0.0,0.0,0.0,0.0,0.0,0.0,0.0,0.0,0.0,0.0,24.0,0.0,0.0,0.0,0.0,0.0,0.0,36.0,0.0,0.0,36.0,0.0,0.0,0.0,0.0,0.0,0.0,0.0,0.0,55.0,0.0,0.0,55.0,0.0,0.0,5.0,0.0,0.0,5.0,0.0,0.0,0.0,0.0,0.0,0.0,0.0,0.0,"Mar 17, 2016"
568,2101004.0,23795.0,Anbar,Al-Ka'im,Al Rumanah Al Gharbiyah,حي الرمانة الغربية,34.4009871805,41.0712448175,67.0,402.0,67.0,0.0,0.0,0.0,0.0,0.0,0.0,0.0,0.0,0.0,0.0,0.0,0.0,0.0,0.0,0.0,0.0,0.0,0.0,30.0,0.0,0.0,0.0,0.0,0.0,0.0,37.0,0.0,0.0,37.0,0.0,0.0,0.0,0.0,0.0,0.0,0.0,0.0,59.0,0.0,0.0,59.0,0.0,0.0,8.0,0.0,0.0,8.0,0.0,0.0,0.0,0.0,0.0,0.0,0.0,0.0,"Mar 17, 2016"
569,2101005.0,23796.0,Anbar,Al-Ka'im,Al Rumanah Al Sharqiyah,حي الرمانة الشرقية,34.3948819956,41.0766510396,79.0,474.0,79.0,0.0,0.0,0.0,0.0,0.0,0.0,0.0,0.0,0.0,0.0,0.0,0.0,0.0,0.0,0.0,0.0,0.0,0.0,34.0,0.0,0.0,0.0,0.0,0.0,0.0,32.0,0.0,0.0,32.0,0.0,0.0,0.0,0.0,13.0,0.0,0.0,13.0,72.0,0.0,0.0,72.0,0.0,0.0,7.0,0.0,0.0,7.0,0.0,0.0,0.0,0.0,0.0,0.0,0.0,0.0,"Mar 17, 2016"
570,2101006.0,90.0,Anbar,Al-Ka'im,Al Ubaydi-1,العبيدي-مرحلة أولى,34.4292142391,41.2263325251,166.0,996.0,166.0,0.0,0.0,0.0,0.0,0.0,0.0,0.0,0.0,0.0,0.0,0.0,0.0,0.0,0.0,0.0,0.0,0.0,0.0,83.0,0.0,12.0,0.0,0.0,12.0,0.0,71.0,0.0,0.0,71.0,0.0,0.0,0.0,0.0,0.0,0.0,0.0,0.0,154.0,0.0,0.0,154.0,0.0,0.0,12.0,0.0,0.0,12.0,0.0,0.0,0.0,0.0,0.0,0.0,0.0,0.0,"Mar 17, 2016"
571,2101007.0,23797.0,Anbar,Al-Ka'im,Al Ubaydi-2,مرحلة الثانية ,34.4346490682,41.2260069452,210.0,1260.0,210.0,0.0,0.0,0.0,0.0,0.0,0.0,0.0,0.0,0.0,0.0,0.0,0.0,0.0,0.0,0.0,0.0,0.0,0.0,112.0,0.0,2.0,0.0,0.0,2.0,0.0,85.0,0.0,0.0,85.0,0.0,0.0,0.0,0.0,11.0,0.0,0.0,11.0,210.0,0.0,0.0,210.0,0.0,0.0,0.0,0.0,0.0,0.0,0.0,0.0,0.0,0.0,0.0,0.0,0.0,0.0,"Mar 17, 2016"
572,2101008.0,164.0,Anbar,Al-Ka'im,Al Ubaydi-3,العبيدي-مرحلة ثالثة,34.4367985286,41.2326752246,164.0,984.0,164.0,0.0,0.0,0.0,0.0,0.0,0.0,0.0,0.0,0.0,0.0,0.0,0.0,0.0,0.0,0.0,0.0,0.0,0.0,41.0,0.0,23.0,0.0,0.0,23.0,0.0,70.0,0.0,0.0,70.0,0.0,0.0,30.0,0.0,0.0,30.0,0.0,0.0,164.0,0.0,0.0,164.0,0.0,0.0,0.0,0.0,0.0,0.0,0.0,0.0,0.0,0.0,0.0,0.0,0.0,0.0,"Mar 17, 2016"
573,2101009.0,23798.0,Anbar,Al-Ka'im,Al Ubaydi-Smnt,المجمع السكني لمعمل سمنت القائم,34.4326128338,41.221688,136.0,816.0,136.0,0.0,0.0,0.0,0.0,0.0,0.0,0.0,0.0,0.0,0.0,0.0,0.0,0.0,0.0,0.0,0.0,0.0,0.0,63.0,0.0,0.0,0.0,0.0,0.0,0.0,73.0,0.0,0.0,73.0,0.0,0.0,0.0,0.0,0.0,0.0,0.0,0.0,136.0,0.0,0.0,136.0,0.0,0.0,0.0,0.0,0.0,0.0,0.0,0.0,0.0,0.0,0.0,0.0,0.0,0.0,"Mar 17, 2016"
574,2101010.0,21477.0,Anbar,Al-Ka'im,Al Zalla,قرية الزلة,34.4212421375,41.4572661602,65.0,390.0,65.0,0.0,0.0,0.0,0.0,0.0,0.0,0.0,0.0,0.0,0.0,0.0,0.0,0.0,0.0,0.0,0.0,0.0,0.0,46.0,0.0,8.0,0.0,0.0,8.0,0.0,0.0,0.0,0.0,0.0,0.0,0.0,0.0,0.0,11.0,0.0,0.0,11.0,65.0,0.0,0.0,65.0,0.0,0.0,0.0,0.0,0.0,0.0,0.0,0.0,0.0,0.0,0.0,0.0,0.0,0.0,"Mar 17, 2016"
575,2101011.0,106.0,Anbar,Al-Ka'im,Al-Amen,حي الامين,34.3791285634,41.0003782375,105.0,630.0,105.0,0.0,0.0,0.0,0.0,0.0,0.0,0.0,0.0,0.0,0.0,0.0,0.0,0.0,0.0,0.0,0.0,0.0,0.0,38.0,0.0,0.0,0.0,0.0,0.0,0.0,51.0,0.0,0.0,51.0,0.0,0.0,0.0,0.0,16.0,0.0,0.0,16.0,0.0,0.0,95.0,0.0,0.0,95.0,10.0,0.0,0.0,10.0,0.0,0.0,0.0,0.0,0.0,0.0,0.0,0.0,"Mar 17, 2016"
576,2101012.0,273.0,Anbar,Al-Ka'im,Albu Hardan,قرية البوحردان,34.4062892039,41.0945722698,5.0,30.0,5.0,0.0,0.0,0.0,0.0,0.0,0.0,0.0,0.0,0.0,0.0,0.0,0.0,0.0,0.0,0.0,0.0,0.0,0.0,5.0,0.0,0.0,0.0,0.0,0.0,0.0,0.0,0.0,0.0,0.0,0.0,0.0,0.0,0.0,0.0,0.0,0.0,0.0,5.0,0.0,0.0,5.0,0.0,0.0,0.0,0.0,0.0,0.0,0.0,0.0,0.0,0.0,0.0,0.0,0.0,0.0,"Mar 17, 2016"
577,2101013.0,275.0,Anbar,Al-Ka'im,Albu Ubaid,قرية البوعبيد,34.4073774737,41.0673131882,27.0,162.0,27.0,0.0,0.0,0.0,0.0,0.0,0.0,0.0,0.0,0.0,0.0,0.0,0.0,0.0,0.0,0.0,0.0,0.0,0.0,16.0,0.0,0.0,0.0,0.0,0.0,0.0,11.0,0.0,0.0,11.0,0.0,0.0,0.0,0.0,0.0,0.0,0.0,0.0,27.0,0.0,0.0,27.0,0.0,0.0,0.0,0.0,0.0,0.0,0.0,0.0,0.0,0.0,0.0,0.0,0.0,0.0,"Mar 17, 2016"
578,2101014.0,274.0,Anbar,Al-Ka'im,Al-Rabet,قرية الربط,34.423677,41.0398938894,37.0,222.0,37.0,0.0,0.0,0.0,0.0,0.0,0.0,0.0,0.0,0.0,0.0,0.0,0.0,0.0,0.0,0.0,0.0,0.0,0.0,11.0,0.0,0.0,0.0,0.0,0.0,0.0,26.0,0.0,0.0,26.0,0.0,0.0,0.0,0.0,0.0,0.0,0.0,0.0,0.0,0.0,37.0,0.0,0.0,37.0,0.0,0.0,0.0,0.0,0.0,0.0,0.0,0.0,0.0,0.0,0.0,0.0,"Mar 17, 2016"
579,2101015.0,271.0,Anbar,Al-Ka'im,Door Al-Sikak,حي السكك,34.387714225,40.9759325149,72.0,432.0,72.0,0.0,0.0,0.0,0.0,0.0,0.0,0.0,0.0,0.0,0.0,0.0,0.0,0.0,0.0,0.0,0.0,0.0,0.0,32.0,0.0,0.0,0.0,0.0,0.0,0.0,40.0,0.0,0.0,40.0,0.0,0.0,0.0,0.0,0.0,0.0,0.0,0.0,0.0,0.0,62.0,0.0,0.0,62.0,10.0,0.0,0.0,10.0,0.0,0.0,0.0,0.0,0.0,0.0,0.0,0.0,"Mar 17, 2016"
580,2101016.0,272.0,Anbar,Al-Ka'im,Hay 12 Rabee Alawal,حي 12ربيع الاول,34.3920883303,40.9850459874,119.0,714.0,109.0,0.0,10.0,0.0,0.0,0.0,0.0,0.0,0.0,0.0,0.0,0.0,0.0,0.0,0.0,0.0,0.0,0.0,0.0,81.0,0.0,0.0,0.0,0.0,0.0,0.0,38.0,0.0,0.0,38.0,0.0,0.0,0.0,0.0,0.0,0.0,0.0,0.0,103.0,0.0,10.0,103.0,0.0,10.0,6.0,0.0,0.0,6.0,0.0,0.0,0.0,0.0,0.0,0.0,0.0,0.0,"Mar 17, 2016"
581,2101017.0,23793.0,Anbar,Al-Ka'im,Hay Al Askary,حي العسكري,34.3887928741,41.0222024379,33.0,198.0,33.0,0.0,0.0,0.0,0.0,0.0,0.0,0.0,0.0,0.0,0.0,0.0,0.0,0.0,0.0,0.0,0.0,0.0,0.0,16.0,0.0,0.0,0.0,0.0,0.0,0.0,17.0,0.0,0.0,17.0,0.0,0.0,0.0,0.0,0.0,0.0,0.0,0.0,28.0,0.0,0.0,28.0,0.0,0.0,5.0,0.0,0.0,5.0,0.0,0.0,0.0,0.0,0.0,0.0,0.0,0.0,"Mar 17, 2016"
582,2101018.0,23788.0,Anbar,Al-Ka'im,Hay Al Rashid,حي الرشيد,34.3871528637,40.9888184821,85.0,510.0,85.0,0.0,0.0,0.0,0.0,0.0,0.0,0.0,0.0,0.0,0.0,0.0,0.0,0.0,0.0,0.0,0.0,0.0,0.0,47.0,0.0,0.0,0.0,0.0,0.0,0.0,38.0,0.0,0.0,38.0,0.0,0.0,0.0,0.0,0.0,0.0,0.0,0.0,77.0,0.0,0.0,77.0,0.0,0.0,8.0,0.0,0.0,8.0,0.0,0.0,0.0,0.0,0.0,0.0,0.0,0.0,"Mar 17, 2016"
583,2101019.0,23787.0,Anbar,Al-Ka'im,Hay Al Sham,حي الشام ( الجمعية ),34.3876921153,40.9942984689,77.0,462.0,77.0,0.0,0.0,0.0,0.0,0.0,0.0,0.0,0.0,0.0,0.0,0.0,0.0,0.0,0.0,0.0,0.0,0.0,0.0,52.0,0.0,0.0,0.0,0.0,0.0,0.0,25.0,0.0,0.0,25.0,0.0,0.0,0.0,0.0,0.0,0.0,0.0,0.0,77.0,0.0,0.0,77.0,0.0,0.0,0.0,0.0,0.0,0.0,0.0,0.0,0.0,0.0,0.0,0.0,0.0,0.0,"Mar 17, 2016"
584,2101020.0,23790.0,Anbar,Al-Ka'im,Hay Al Shuhadaa,حي الشهداء,34.3737900995,41.0632870115,106.0,636.0,106.0,0.0,0.0,0.0,0.0,0.0,0.0,0.0,0.0,0.0,0.0,0.0,0.0,0.0,0.0,0.0,0.0,0.0,0.0,47.0,0.0,0.0,0.0,0.0,0.0,0.0,59.0,0.0,0.0,59.0,0.0,0.0,0.0,0.0,0.0,0.0,0.0,0.0,0.0,0.0,99.0,0.0,0.0,99.0,7.0,0.0,0.0,7.0,0.0,0.0,0.0,0.0,0.0,0.0,0.0,0.0,"Mar 17, 2016"
585,2101021.0,23794.0,Anbar,Al-Ka'im,Hay Al Sinay,حي الصناعي,34.3840361815,41.035056,74.0,444.0,74.0,0.0,0.0,0.0,0.0,0.0,0.0,0.0,0.0,0.0,0.0,0.0,0.0,0.0,0.0,0.0,0.0,0.0,0.0,29.0,0.0,0.0,0.0,0.0,0.0,0.0,45.0,0.0,0.0,45.0,0.0,0.0,0.0,0.0,0.0,0.0,0.0,0.0,69.0,0.0,0.0,69.0,0.0,0.0,5.0,0.0,0.0,5.0,0.0,0.0,0.0,0.0,0.0,0.0,0.0,0.0,"Mar 17, 2016"
586,2101022.0,276.0,Anbar,Al-Ka'im,Hay Al-Andalus,حي الاندلس,34.3935488128,40.9908843728,153.0,918.0,153.0,0.0,0.0,0.0,0.0,0.0,0.0,0.0,0.0,0.0,0.0,0.0,0.0,0.0,0.0,0.0,0.0,0.0,0.0,102.0,0.0,0.0,0.0,0.0,0.0,0.0,51.0,0.0,0.0,51.0,0.0,0.0,0.0,0.0,0.0,0.0,0.0,0.0,0.0,0.0,100.0,0.0,0.0,100.0,53.0,0.0,0.0,53.0,0.0,0.0,0.0,0.0,0.0,0.0,0.0,0.0,"Mar 17, 2016"
587,2101023.0,286.0,Anbar,Al-Ka'im,Hay Al-Athar,حي الاثار,34.3767347214,41.0630770907,55.0,330.0,55.0,0.0,0.0,0.0,0.0,0.0,0.0,0.0,0.0,0.0,0.0,0.0,0.0,0.0,0.0,0.0,0.0,0.0,0.0,26.0,0.0,0.0,0.0,0.0,0.0,0.0,29.0,0.0,0.0,29.0,0.0,0.0,0.0,0.0,0.0,0.0,0.0,0.0,50.0,0.0,0.0,50.0,0.0,0.0,5.0,0.0,0.0,5.0,0.0,0.0,0.0,0.0,0.0,0.0,0.0,0.0,"Mar 17, 2016"
588,2101024.0,279.0,Anbar,Al-Ka'im,Hay Al-Farooq,حي الفاروق,34.3964596606,41.0027445182,61.0,366.0,61.0,0.0,0.0,0.0,0.0,0.0,0.0,0.0,0.0,0.0,0.0,0.0,0.0,0.0,0.0,0.0,0.0,0.0,0.0,29.0,0.0,0.0,0.0,0.0,0.0,0.0,32.0,0.0,0.0,32.0,0.0,0.0,0.0,0.0,0.0,0.0,0.0,0.0,54.0,0.0,0.0,54.0,0.0,0.0,7.0,0.0,0.0,7.0,0.0,0.0,0.0,0.0,0.0,0.0,0.0,0.0,"Mar 17, 2016"
589,2101025.0,277.0,Anbar,Al-Ka'im,Hay Al-Maamon,حي المامون,34.3936213268,41.0004309957,111.0,666.0,111.0,0.0,0.0,0.0,0.0,0.0,0.0,0.0,0.0,0.0,0.0,0.0,0.0,0.0,0.0,0.0,0.0,0.0,0.0,50.0,0.0,0.0,0.0,0.0,0.0,0.0,61.0,0.0,0.0,61.0,0.0,0.0,0.0,0.0,0.0,0.0,0.0,0.0,86.0,0.0,0.0,86.0,0.0,0.0,25.0,0.0,0.0,25.0,0.0,0.0,0.0,0.0,0.0,0.0,0.0,0.0,"Mar 17, 2016"
590,2101026.0,287.0,Anbar,Al-Ka'im,Hay Al-Makarim,حي المكارم,34.3843772201,41.0239586098,56.0,336.0,56.0,0.0,0.0,0.0,0.0,0.0,0.0,0.0,0.0,0.0,0.0,0.0,0.0,0.0,0.0,0.0,0.0,0.0,0.0,31.0,0.0,0.0,0.0,0.0,0.0,0.0,25.0,0.0,0.0,25.0,0.0,0.0,0.0,0.0,0.0,0.0,0.0,0.0,56.0,0.0,0.0,56.0,0.0,0.0,0.0,0.0,0.0,0.0,0.0,0.0,0.0,0.0,0.0,0.0,0.0,0.0,"Mar 17, 2016"
591,2101027.0,268.0,Anbar,Al-Ka'im,Hay Al-Salam,حي السلام,34.393181897,40.9958674453,82.0,492.0,82.0,0.0,0.0,0.0,0.0,0.0,0.0,0.0,0.0,0.0,0.0,0.0,0.0,0.0,0.0,0.0,0.0,0.0,0.0,53.0,0.0,5.0,0.0,0.0,5.0,0.0,24.0,0.0,0.0,24.0,0.0,0.0,0.0,0.0,0.0,0.0,0.0,0.0,74.0,0.0,0.0,74.0,0.0,0.0,8.0,0.0,0.0,8.0,0.0,0.0,0.0,0.0,0.0,0.0,0.0,0.0,"Mar 17, 2016"
592,2101028.0,269.0,Anbar,Al-Ka'im,Hay Al-Yarmook,حي اليرموك,34.3971796305,40.9893164129,96.0,576.0,96.0,0.0,0.0,0.0,0.0,0.0,0.0,0.0,0.0,0.0,0.0,0.0,0.0,0.0,0.0,0.0,0.0,0.0,0.0,53.0,0.0,0.0,0.0,0.0,0.0,0.0,43.0,0.0,0.0,43.0,0.0,0.0,0.0,0.0,0.0,0.0,0.0,0.0,88.0,0.0,0.0,88.0,0.0,0.0,8.0,0.0,0.0,8.0,0.0,0.0,0.0,0.0,0.0,0.0,0.0,0.0,"Mar 17, 2016"
593,2101029.0,66.0,Anbar,Al-Ka'im,Sadah,قرية سعده,34.3699557357,41.0928104073,62.0,372.0,62.0,0.0,0.0,0.0,0.0,0.0,0.0,0.0,0.0,0.0,0.0,0.0,0.0,0.0,0.0,0.0,0.0,0.0,0.0,20.0,0.0,0.0,0.0,0.0,0.0,0.0,20.0,0.0,0.0,20.0,0.0,0.0,0.0,0.0,22.0,0.0,0.0,22.0,62.0,0.0,0.0,62.0,0.0,0.0,0.0,0.0,0.0,0.0,0.0,0.0,0.0,0.0,0.0,0.0,0.0,0.0,"Mar 17, 2016"
594,2101030.0,156.0,Anbar,Al-Ka'im,Wazeeriya,حي الوزيرية,34.3814170211,41.0396407583,60.0,360.0,60.0,0.0,0.0,0.0,0.0,0.0,0.0,0.0,0.0,0.0,0.0,0.0,0.0,0.0,0.0,0.0,0.0,0.0,0.0,27.0,0.0,0.0,0.0,0.0,0.0,0.0,33.0,0.0,0.0,33.0,0.0,0.0,0.0,0.0,0.0,0.0,0.0,0.0,60.0,0.0,0.0,60.0,0.0,0.0,0.0,0.0,0.0,0.0,0.0,0.0,0.0,0.0,0.0,0.0,0.0,0.0,"Mar 17, 2016"
595,2102001.0,165.0,Anbar,Al-Rutba,Al Askaree,حي العسكري,33.0380018894,40.3026344367,361.0,2166.0,361.0,0.0,0.0,0.0,0.0,0.0,0.0,0.0,0.0,0.0,0.0,0.0,0.0,0.0,0.0,0.0,0.0,0.0,0.0,221.0,0.0,25.0,0.0,0.0,25.0,0.0,104.0,0.0,0.0,104.0,0.0,0.0,0.0,0.0,11.0,0.0,0.0,11.0,260.0,0.0,0.0,260.0,0.0,0.0,101.0,0.0,0.0,101.0,0.0,0.0,0.0,0.0,0.0,0.0,0.0,0.0,"Mar 17, 2016"
596,2102002.0,150.0,Anbar,Al-Rutba,Al Haara,حي الحارة,33.0376159091,40.2842644299,368.0,2208.0,368.0,0.0,0.0,0.0,0.0,0.0,0.0,0.0,0.0,0.0,0.0,0.0,0.0,0.0,0.0,0.0,0.0,0.0,0.0,155.0,0.0,13.0,0.0,0.0,13.0,12.0,182.0,12.0,0.0,182.0,0.0,0.0,0.0,0.0,6.0,0.0,0.0,6.0,331.0,0.0,0.0,331.0,0.0,0.0,37.0,0.0,0.0,37.0,0.0,0.0,0.0,0.0,0.0,0.0,0.0,0.0,"Mar 17, 2016"
597,2102003.0,24744.0,Anbar,Al-Rutba,Al Habaria,الهبارية,32.165701,42.122835,211.0,1266.0,211.0,0.0,0.0,0.0,0.0,0.0,0.0,0.0,0.0,0.0,0.0,0.0,0.0,0.0,0.0,0.0,0.0,0.0,0.0,166.0,0.0,0.0,0.0,0.0,0.0,12.0,0.0,12.0,0.0,0.0,0.0,0.0,18.0,0.0,15.0,18.0,0.0,15.0,0.0,0.0,0.0,0.0,0.0,0.0,211.0,0.0,0.0,211.0,0.0,0.0,0.0,0.0,0.0,0.0,0.0,0.0,"Mar 17, 2016"
598,2102004.0,24745.0,Anbar,Al-Rutba,Al kasra,الكسرة,32.273109,42.050932,154.0,924.0,154.0,0.0,0.0,0.0,0.0,0.0,0.0,0.0,0.0,0.0,0.0,0.0,0.0,0.0,0.0,0.0,0.0,0.0,0.0,122.0,0.0,0.0,0.0,0.0,0.0,10.0,0.0,10.0,0.0,0.0,0.0,0.0,22.0,0.0,0.0,22.0,0.0,0.0,0.0,0.0,0.0,0.0,0.0,0.0,154.0,0.0,0.0,154.0,0.0,0.0,0.0,0.0,0.0,0.0,0.0,0.0,"Mar 17, 2016"
599,2102005.0,61.0,Anbar,Al-Rutba,Al Nakheeb,النخيب,32.042733,42.252977,1046.0,6276.0,1046.0,0.0,0.0,0.0,0.0,0.0,0.0,0.0,0.0,0.0,0.0,0.0,0.0,0.0,0.0,0.0,0.0,0.0,0.0,693.0,0.0,122.0,0.0,0.0,122.0,28.0,0.0,28.0,0.0,0.0,0.0,0.0,60.0,0.0,143.0,60.0,0.0,143.0,285.0,0.0,0.0,285.0,0.0,0.0,761.0,0.0,0.0,761.0,0.0,0.0,0.0,0.0,0.0,0.0,0.0,0.0,"Mar 17, 2016"
600,2102006.0,231.0,Anbar,Al-Rutba,Al Wadi,حي الوادي,33.0396642122,40.2836526192,271.0,1626.0,271.0,0.0,0.0,0.0,0.0,0.0,0.0,0.0,0.0,0.0,0.0,0.0,0.0,0.0,0.0,0.0,0.0,0.0,0.0,108.0,0.0,35.0,0.0,0.0,35.0,0.0,109.0,0.0,0.0,109.0,0.0,0.0,8.0,0.0,11.0,8.0,0.0,11.0,265.0,0.0,0.0,265.0,0.0,0.0,6.0,0.0,0.0,6.0,0.0,0.0,0.0,0.0,0.0,0.0,0.0,0.0,"Mar 17, 2016"
601,2102007.0,23935.0,Anbar,Al-Rutba,Al-Daraemah Village,قرية الدراعمة,33.0430266763,40.3803834577,312.0,1872.0,312.0,0.0,0.0,0.0,0.0,0.0,0.0,0.0,0.0,0.0,0.0,0.0,0.0,0.0,0.0,0.0,0.0,0.0,0.0,52.0,0.0,8.0,0.0,0.0,8.0,5.0,81.0,5.0,0.0,81.0,0.0,0.0,0.0,0.0,166.0,0.0,0.0,166.0,312.0,0.0,0.0,312.0,0.0,0.0,0.0,0.0,0.0,0.0,0.0,0.0,0.0,0.0,0.0,0.0,0.0,0.0,"Mar 17, 2016"
602,2102008.0,167.0,Anbar,Al-Rutba,Antesar,حي الانتصار,33.0312656362,40.2990147932,417.0,2502.0,397.0,0.0,20.0,0.0,0.0,0.0,0.0,0.0,0.0,0.0,0.0,0.0,0.0,0.0,0.0,0.0,0.0,0.0,0.0,72.0,0.0,130.0,0.0,0.0,130.0,3.0,173.0,3.0,0.0,173.0,0.0,0.0,28.0,0.0,11.0,28.0,0.0,11.0,387.0,0.0,20.0,387.0,0.0,20.0,10.0,0.0,0.0,10.0,0.0,0.0,0.0,0.0,0.0,0.0,0.0,0.0,"Mar 17, 2016"
603,2102010.0,189.0,Anbar,Al-Rutba,Germany Company Location,مجمع الشركة الالمانية,33.042615,40.3396105433,76.0,456.0,76.0,0.0,0.0,0.0,0.0,0.0,0.0,0.0,0.0,0.0,0.0,0.0,0.0,0.0,0.0,0.0,0.0,0.0,0.0,0.0,0.0,76.0,0.0,0.0,76.0,0.0,0.0,0.0,0.0,0.0,0.0,0.0,0.0,0.0,0.0,0.0,0.0,0.0,76.0,0.0,0.0,76.0,0.0,0.0,0.0,0.0,0.0,0.0,0.0,0.0,0.0,0.0,0.0,0.0,0.0,0.0,"Mar 17, 2016"
604,2102011.0,23888.0,Anbar,Al-Rutba,Gharb Al-Wadi,حي غرب الوادي,33.0424552322,40.2780390713,455.0,2730.0,455.0,0.0,0.0,0.0,0.0,0.0,0.0,0.0,0.0,0.0,0.0,0.0,0.0,0.0,0.0,0.0,0.0,0.0,0.0,131.0,0.0,48.0,0.0,0.0,48.0,0.0,204.0,0.0,0.0,204.0,0.0,0.0,12.0,0.0,60.0,12.0,0.0,60.0,444.0,0.0,0.0,444.0,0.0,0.0,11.0,0.0,0.0,11.0,0.0,0.0,0.0,0.0,0.0,0.0,0.0,0.0,"Mar 17, 2016"
605,2102012.0,24761.0,Anbar,Al-Rutba,Hay Abira,حي ابيرة,32.764845,43.38883,315.0,1890.0,315.0,0.0,0.0,0.0,0.0,0.0,0.0,0.0,0.0,0.0,0.0,0.0,0.0,0.0,0.0,0.0,0.0,0.0,0.0,219.0,0.0,0.0,0.0,0.0,0.0,0.0,0.0,0.0,0.0,0.0,0.0,0.0,44.0,0.0,52.0,44.0,0.0,52.0,170.0,0.0,0.0,170.0,0.0,0.0,43.0,0.0,102.0,43.0,0.0,102.0,0.0,0.0,0.0,0.0,0.0,0.0,"Mar 17, 2016"
606,2102013.0,24762.0,Anbar,Al-Rutba,Hay Al Arben,حي الاربعين,32.766504,43.387747,130.0,780.0,130.0,0.0,0.0,0.0,0.0,0.0,0.0,0.0,0.0,0.0,0.0,0.0,0.0,0.0,0.0,0.0,0.0,0.0,0.0,77.0,0.0,0.0,0.0,0.0,0.0,0.0,0.0,0.0,0.0,0.0,0.0,0.0,36.0,0.0,17.0,36.0,0.0,17.0,105.0,0.0,0.0,105.0,0.0,0.0,7.0,0.0,18.0,7.0,0.0,18.0,0.0,0.0,0.0,0.0,0.0,0.0,"Mar 17, 2016"
607,2102014.0,166.0,Anbar,Al-Rutba,Hay Al Meethagh,حي الميثاق,33.0319735383,40.2904721726,458.0,2748.0,458.0,0.0,0.0,0.0,0.0,0.0,0.0,0.0,0.0,0.0,0.0,0.0,0.0,0.0,0.0,0.0,0.0,0.0,0.0,152.0,0.0,69.0,0.0,0.0,69.0,40.0,152.0,40.0,0.0,152.0,0.0,0.0,0.0,0.0,45.0,0.0,0.0,45.0,450.0,0.0,0.0,450.0,0.0,0.0,8.0,0.0,0.0,8.0,0.0,0.0,0.0,0.0,0.0,0.0,0.0,0.0,"Mar 17, 2016"
608,2102015.0,24763.0,Anbar,Al-Rutba,Hay Al-Dour,حي الدور,32.764319,43.386783,137.0,822.0,137.0,0.0,0.0,0.0,0.0,0.0,0.0,0.0,0.0,0.0,0.0,0.0,0.0,0.0,0.0,0.0,0.0,0.0,0.0,92.0,0.0,0.0,0.0,0.0,0.0,0.0,0.0,0.0,0.0,0.0,0.0,0.0,45.0,0.0,0.0,45.0,0.0,0.0,100.0,0.0,0.0,100.0,0.0,0.0,7.0,0.0,30.0,7.0,0.0,30.0,0.0,0.0,0.0,0.0,0.0,0.0,"Mar 17, 2016"
609,2102016.0,233.0,Anbar,Al-Rutba,Hay Al-Matar,حي المطار,33.0346108437,40.2866801333,422.0,2532.0,372.0,0.0,50.0,0.0,0.0,0.0,0.0,0.0,0.0,0.0,0.0,0.0,0.0,0.0,0.0,0.0,0.0,0.0,0.0,156.0,0.0,17.0,0.0,0.0,17.0,3.0,172.0,3.0,0.0,172.0,0.0,0.0,23.0,0.0,51.0,23.0,0.0,51.0,364.0,0.0,50.0,364.0,0.0,50.0,8.0,0.0,0.0,8.0,0.0,0.0,0.0,0.0,0.0,0.0,0.0,0.0,"Mar 17, 2016"
610,2102017.0,24767.0,Anbar,Al-Rutba,Hay Al-Qasar,حي الكصر,32.764233,43.389342,249.0,1494.0,249.0,0.0,0.0,0.0,0.0,0.0,0.0,0.0,0.0,0.0,0.0,0.0,0.0,0.0,0.0,0.0,0.0,0.0,0.0,174.0,0.0,0.0,0.0,0.0,0.0,0.0,0.0,0.0,0.0,0.0,0.0,0.0,40.0,0.0,35.0,40.0,0.0,35.0,135.0,0.0,0.0,135.0,0.0,0.0,8.0,0.0,106.0,8.0,0.0,106.0,0.0,0.0,0.0,0.0,0.0,0.0,"Mar 17, 2016"
611,2102018.0,24764.0,Anbar,Al-Rutba,Hay Al-Shoqaq,حي الشقق,32.767707,43.388324,119.0,714.0,119.0,0.0,0.0,0.0,0.0,0.0,0.0,0.0,0.0,0.0,0.0,0.0,0.0,0.0,0.0,0.0,0.0,0.0,0.0,77.0,0.0,0.0,0.0,0.0,0.0,0.0,0.0,0.0,0.0,0.0,0.0,0.0,42.0,0.0,0.0,42.0,0.0,0.0,100.0,0.0,0.0,100.0,0.0,0.0,9.0,0.0,10.0,9.0,0.0,10.0,0.0,0.0,0.0,0.0,0.0,0.0,"Mar 17, 2016"
612,2102019.0,24765.0,Anbar,Al-Rutba,Hay Al-Uwenah,حي العوينة,32.764039,43.387411,326.0,1956.0,326.0,0.0,0.0,0.0,0.0,0.0,0.0,0.0,0.0,0.0,0.0,0.0,0.0,0.0,0.0,0.0,0.0,0.0,0.0,266.0,0.0,0.0,0.0,0.0,0.0,0.0,0.0,0.0,0.0,0.0,0.0,0.0,22.0,0.0,38.0,22.0,0.0,38.0,145.0,0.0,0.0,145.0,0.0,0.0,10.0,0.0,171.0,10.0,0.0,171.0,0.0,0.0,0.0,0.0,0.0,0.0,"Mar 17, 2016"
613,2102020.0,24768.0,Anbar,Al-Rutba,Hay Makina Aboud,حي مكينة عبود,32.766297,43.389149,100.0,600.0,100.0,0.0,0.0,0.0,0.0,0.0,0.0,0.0,0.0,0.0,0.0,0.0,0.0,0.0,0.0,0.0,0.0,0.0,0.0,75.0,0.0,0.0,0.0,0.0,0.0,0.0,0.0,0.0,0.0,0.0,0.0,0.0,25.0,0.0,0.0,25.0,0.0,0.0,0.0,0.0,0.0,0.0,0.0,0.0,66.0,0.0,34.0,66.0,0.0,34.0,0.0,0.0,0.0,0.0,0.0,0.0,"Mar 17, 2016"
614,2102021.0,23936.0,Anbar,Al-Rutba,Rumilah Village,قرية رميلة,33.0602209076,40.3455662902,203.0,1218.0,203.0,0.0,0.0,0.0,0.0,0.0,0.0,0.0,0.0,0.0,0.0,0.0,0.0,0.0,0.0,0.0,0.0,0.0,0.0,62.0,0.0,0.0,0.0,0.0,0.0,0.0,47.0,0.0,0.0,47.0,0.0,0.0,9.0,0.0,85.0,9.0,0.0,85.0,203.0,0.0,0.0,203.0,0.0,0.0,0.0,0.0,0.0,0.0,0.0,0.0,0.0,0.0,0.0,0.0,0.0,0.0,"Mar 17, 2016"
615,2103001.0,248.0,Anbar,Ana,Al bor (Shishan),حي العبور,34.3667880547,41.9707831429,242.0,1452.0,242.0,0.0,0.0,0.0,0.0,0.0,0.0,0.0,0.0,0.0,0.0,0.0,0.0,0.0,0.0,0.0,0.0,0.0,0.0,72.0,0.0,0.0,0.0,0.0,0.0,0.0,170.0,0.0,0.0,170.0,0.0,0.0,0.0,0.0,0.0,0.0,0.0,0.0,235.0,0.0,0.0,235.0,0.0,0.0,7.0,0.0,0.0,7.0,0.0,0.0,0.0,0.0,0.0,0.0,0.0,0.0,"Mar 17, 2016"
616,2103002.0,246.0,Anbar,Ana,Al maadid,المعاضيد,34.2246871247,42.144637877,226.0,1356.0,226.0,0.0,0.0,0.0,0.0,0.0,0.0,0.0,0.0,0.0,0.0,0.0,0.0,0.0,0.0,0.0,0.0,0.0,0.0,84.0,0.0,38.0,0.0,0.0,38.0,0.0,104.0,0.0,0.0,104.0,0.0,0.0,0.0,0.0,0.0,0.0,0.0,0.0,215.0,0.0,0.0,215.0,0.0,0.0,11.0,0.0,0.0,11.0,0.0,0.0,0.0,0.0,0.0,0.0,0.0,0.0,"Mar 17, 2016"
617,2103003.0,252.0,Anbar,Ana,Al Tadamon,حي التضامن,34.3642801291,41.9840278652,337.0,2022.0,337.0,0.0,0.0,0.0,0.0,0.0,0.0,0.0,0.0,0.0,0.0,0.0,0.0,0.0,0.0,0.0,0.0,0.0,0.0,98.0,0.0,0.0,0.0,0.0,0.0,0.0,178.0,0.0,0.0,178.0,0.0,0.0,4.0,0.0,57.0,4.0,0.0,57.0,329.0,0.0,0.0,329.0,0.0,0.0,8.0,0.0,0.0,8.0,0.0,0.0,0.0,0.0,0.0,0.0,0.0,0.0,"Mar 17, 2016"
618,2103004.0,23937.0,Anbar,Ana,Al-Awany Village,قرية العواني,34.4657391356,41.7398349442,30.0,180.0,30.0,0.0,0.0,0.0,0.0,0.0,0.0,0.0,0.0,0.0,0.0,0.0,0.0,0.0,0.0,0.0,0.0,0.0,0.0,21.0,0.0,0.0,0.0,0.0,0.0,0.0,6.0,0.0,0.0,6.0,0.0,0.0,0.0,0.0,3.0,0.0,0.0,3.0,20.0,0.0,0.0,20.0,0.0,0.0,10.0,0.0,0.0,10.0,0.0,0.0,0.0,0.0,0.0,0.0,0.0,0.0,"Mar 17, 2016"
619,2103005.0,250.0,Anbar,Ana,Hay Al Nasir,حي النصر,34.3677942229,41.9909444522,414.0,2484.0,414.0,0.0,0.0,0.0,0.0,0.0,0.0,0.0,0.0,0.0,0.0,0.0,0.0,0.0,0.0,0.0,0.0,0.0,0.0,212.0,0.0,0.0,0.0,0.0,0.0,0.0,194.0,0.0,0.0,194.0,0.0,0.0,8.0,0.0,0.0,8.0,0.0,0.0,304.0,0.0,0.0,304.0,0.0,0.0,110.0,0.0,0.0,110.0,0.0,0.0,0.0,0.0,0.0,0.0,0.0,0.0,"Mar 17, 2016"
620,2103006.0,251.0,Anbar,Ana,Hay Al Qadissiyah,حي القادسية,34.3774908898,41.983222622,294.0,1764.0,294.0,0.0,0.0,0.0,0.0,0.0,0.0,0.0,0.0,0.0,0.0,0.0,0.0,0.0,0.0,0.0,0.0,0.0,0.0,122.0,0.0,0.0,0.0,0.0,0.0,0.0,164.0,0.0,0.0,164.0,0.0,0.0,8.0,0.0,0.0,8.0,0.0,0.0,289.0,0.0,0.0,289.0,0.0,0.0,5.0,0.0,0.0,5.0,0.0,0.0,0.0,0.0,0.0,0.0,0.0,0.0,"Mar 17, 2016"
621,2103007.0,253.0,Anbar,Ana,Hay Al Salam,حي السلام,34.3715056091,41.9697885755,252.0,1512.0,252.0,0.0,0.0,0.0,0.0,0.0,0.0,0.0,0.0,0.0,0.0,0.0,0.0,0.0,0.0,0.0,0.0,0.0,0.0,93.0,0.0,35.0,0.0,0.0,35.0,0.0,110.0,0.0,0.0,110.0,0.0,0.0,0.0,0.0,14.0,0.0,0.0,14.0,247.0,0.0,0.0,247.0,0.0,0.0,5.0,0.0,0.0,5.0,0.0,0.0,0.0,0.0,0.0,0.0,0.0,0.0,"Mar 17, 2016"
622,2103008.0,249.0,Anbar,Ana,Hay Al Tammem,حي التأميم,34.3683780217,41.9956272973,241.0,1446.0,241.0,0.0,0.0,0.0,0.0,0.0,0.0,0.0,0.0,0.0,0.0,0.0,0.0,0.0,0.0,0.0,0.0,0.0,0.0,143.0,0.0,0.0,0.0,0.0,0.0,0.0,91.0,0.0,0.0,91.0,0.0,0.0,7.0,0.0,0.0,7.0,0.0,0.0,171.0,0.0,0.0,171.0,0.0,0.0,70.0,0.0,0.0,70.0,0.0,0.0,0.0,0.0,0.0,0.0,0.0,0.0,"Mar 17, 2016"
623,2103009.0,23799.0,Anbar,Ana,Hay Al ZeraI,حي الزراعي,34.3731531983,41.9951688241,10.0,60.0,10.0,0.0,0.0,0.0,0.0,0.0,0.0,0.0,0.0,0.0,0.0,0.0,0.0,0.0,0.0,0.0,0.0,0.0,0.0,7.0,0.0,3.0,0.0,0.0,3.0,0.0,0.0,0.0,0.0,0.0,0.0,0.0,0.0,0.0,0.0,0.0,0.0,0.0,3.0,0.0,0.0,3.0,0.0,0.0,7.0,0.0,0.0,7.0,0.0,0.0,0.0,0.0,0.0,0.0,0.0,0.0,"Mar 17, 2016"
624,2103010.0,247.0,Anbar,Ana,Hay Al-Rayhana,حي الريحانه,34.3407346017,42.0268738209,132.0,792.0,132.0,0.0,0.0,0.0,0.0,0.0,0.0,0.0,0.0,0.0,0.0,0.0,0.0,0.0,0.0,0.0,0.0,0.0,0.0,62.0,0.0,0.0,0.0,0.0,0.0,0.0,52.0,0.0,0.0,52.0,0.0,0.0,0.0,0.0,18.0,0.0,0.0,18.0,125.0,0.0,0.0,125.0,0.0,0.0,7.0,0.0,0.0,7.0,0.0,0.0,0.0,0.0,0.0,0.0,0.0,0.0,"Mar 17, 2016"
625,2103011.0,109.0,Anbar,Ana,Yarmouk,حي اليرموك,34.374835169,41.9876102462,214.0,1284.0,214.0,0.0,0.0,0.0,0.0,0.0,0.0,0.0,0.0,0.0,0.0,0.0,0.0,0.0,0.0,0.0,0.0,0.0,0.0,88.0,0.0,2.0,0.0,0.0,2.0,0.0,117.0,0.0,0.0,117.0,0.0,0.0,7.0,0.0,0.0,7.0,0.0,0.0,205.0,0.0,0.0,205.0,0.0,0.0,9.0,0.0,0.0,9.0,0.0,0.0,0.0,0.0,0.0,0.0,0.0,0.0,"Mar 17, 2016"
626,2104001.0,200.0,Anbar,Ra'ua,Al Askaree,حي العسكري,34.4840873352,41.9170944759,278.0,1668.0,278.0,0.0,0.0,0.0,0.0,0.0,0.0,0.0,0.0,0.0,0.0,0.0,0.0,0.0,0.0,0.0,0.0,0.0,0.0,155.0,0.0,20.0,0.0,0.0,20.0,5.0,86.0,5.0,0.0,86.0,0.0,0.0,6.0,0.0,6.0,6.0,0.0,6.0,229.0,0.0,0.0,229.0,0.0,0.0,49.0,0.0,0.0,49.0,0.0,0.0,0.0,0.0,0.0,0.0,0.0,0.0,"Mar 17, 2016"
627,2104002.0,264.0,Anbar,Ra'ua,Al Qaala,حي القلعة,34.4646194263,41.9145792544,124.0,744.0,124.0,0.0,0.0,0.0,0.0,0.0,0.0,0.0,0.0,0.0,0.0,0.0,0.0,0.0,0.0,0.0,0.0,0.0,0.0,85.0,0.0,0.0,0.0,0.0,0.0,2.0,37.0,2.0,0.0,37.0,0.0,0.0,0.0,0.0,0.0,0.0,0.0,0.0,117.0,0.0,0.0,117.0,0.0,0.0,7.0,0.0,0.0,7.0,0.0,0.0,0.0,0.0,0.0,0.0,0.0,0.0,"Mar 17, 2016"
628,2104003.0,23861.0,Anbar,Ra'ua,Al-Hidayah,حي الهداية,34.4754656512,41.9134634514,164.0,984.0,114.0,0.0,50.0,0.0,0.0,0.0,0.0,0.0,0.0,0.0,0.0,0.0,0.0,0.0,0.0,0.0,0.0,0.0,0.0,90.0,0.0,0.0,0.0,0.0,0.0,0.0,72.0,0.0,0.0,72.0,0.0,0.0,2.0,0.0,0.0,2.0,0.0,0.0,114.0,0.0,50.0,114.0,0.0,50.0,0.0,0.0,0.0,0.0,0.0,0.0,0.0,0.0,0.0,0.0,0.0,0.0,"Mar 17, 2016"
629,2104004.0,267.0,Anbar,Ra'ua,Hay Al Qadissiyah,حي القادسية,34.4870811192,41.9083324392,223.0,1338.0,223.0,0.0,0.0,0.0,0.0,0.0,0.0,0.0,0.0,0.0,0.0,0.0,0.0,0.0,0.0,0.0,0.0,0.0,0.0,91.0,0.0,39.0,0.0,0.0,39.0,0.0,76.0,0.0,0.0,76.0,0.0,0.0,17.0,0.0,0.0,17.0,0.0,0.0,196.0,0.0,0.0,196.0,0.0,0.0,27.0,0.0,0.0,27.0,0.0,0.0,0.0,0.0,0.0,0.0,0.0,0.0,"Mar 17, 2016"
630,2104005.0,23640.0,Anbar,Ra'ua,Hay Al Salam,حي السلام ,34.4877889047,41.925593544,121.0,726.0,121.0,0.0,0.0,0.0,0.0,0.0,0.0,0.0,0.0,0.0,0.0,0.0,0.0,0.0,0.0,0.0,0.0,0.0,0.0,50.0,0.0,0.0,0.0,0.0,0.0,0.0,44.0,0.0,0.0,44.0,0.0,0.0,15.0,0.0,12.0,15.0,0.0,12.0,121.0,0.0,0.0,121.0,0.0,0.0,0.0,0.0,0.0,0.0,0.0,0.0,0.0,0.0,0.0,0.0,0.0,0.0,"Mar 17, 2016"
631,2104006.0,262.0,Anbar,Ra'ua,Hay Al Shoba,حي الشعبة,34.4669275963,41.916850033,131.0,786.0,131.0,0.0,0.0,0.0,0.0,0.0,0.0,0.0,0.0,0.0,0.0,0.0,0.0,0.0,0.0,0.0,0.0,0.0,0.0,67.0,0.0,6.0,0.0,0.0,6.0,0.0,58.0,0.0,0.0,58.0,0.0,0.0,0.0,0.0,0.0,0.0,0.0,0.0,124.0,0.0,0.0,124.0,0.0,0.0,7.0,0.0,0.0,7.0,0.0,0.0,0.0,0.0,0.0,0.0,0.0,0.0,"Mar 17, 2016"
632,2104007.0,23860.0,Anbar,Ra'ua,Hay Al Shuhadaa,حي الشهداء,34.4876154579,41.9199768981,109.0,654.0,109.0,0.0,0.0,0.0,0.0,0.0,0.0,0.0,0.0,0.0,0.0,0.0,0.0,0.0,0.0,0.0,0.0,0.0,0.0,85.0,0.0,0.0,0.0,0.0,0.0,0.0,24.0,0.0,0.0,24.0,0.0,0.0,0.0,0.0,0.0,0.0,0.0,0.0,101.0,0.0,0.0,101.0,0.0,0.0,8.0,0.0,0.0,8.0,0.0,0.0,0.0,0.0,0.0,0.0,0.0,0.0,"Mar 17, 2016"
633,2104008.0,23859.0,Anbar,Ra'ua,Hay Raua Al-Jadida,حي راوة جديدة,34.484049738,41.9236112843,276.0,1656.0,276.0,0.0,0.0,0.0,0.0,0.0,0.0,0.0,0.0,0.0,0.0,0.0,0.0,0.0,0.0,0.0,0.0,0.0,0.0,121.0,0.0,10.0,0.0,0.0,10.0,0.0,113.0,0.0,0.0,113.0,0.0,0.0,17.0,0.0,15.0,17.0,0.0,15.0,267.0,0.0,0.0,267.0,0.0,0.0,9.0,0.0,0.0,9.0,0.0,0.0,0.0,0.0,0.0,0.0,0.0,0.0,"Mar 17, 2016"
634,2104009.0,265.0,Anbar,Ra'ua,Rawa Al Qadima,حي راوة قديمة,34.4707714993,41.9203037555,209.0,1254.0,209.0,0.0,0.0,0.0,0.0,0.0,0.0,0.0,0.0,0.0,0.0,0.0,0.0,0.0,0.0,0.0,0.0,0.0,0.0,98.0,0.0,21.0,0.0,0.0,21.0,4.0,86.0,4.0,0.0,86.0,0.0,0.0,0.0,0.0,0.0,0.0,0.0,0.0,201.0,0.0,0.0,201.0,0.0,0.0,8.0,0.0,0.0,8.0,0.0,0.0,0.0,0.0,0.0,0.0,0.0,0.0,"Mar 17, 2016"
635,2105001.0,24766.0,Anbar,Falluja,Al Abbah,العبة,33.4099623235,43.9152399078,60.0,360.0,60.0,0.0,0.0,0.0,0.0,0.0,0.0,0.0,0.0,0.0,0.0,0.0,0.0,0.0,0.0,0.0,0.0,0.0,0.0,40.0,0.0,0.0,0.0,0.0,0.0,0.0,0.0,0.0,0.0,0.0,0.0,0.0,20.0,0.0,0.0,20.0,0.0,0.0,0.0,0.0,0.0,0.0,0.0,0.0,60.0,0.0,0.0,60.0,0.0,0.0,0.0,0.0,0.0,0.0,0.0,0.0,"Mar 17, 2016"
636,2105002.0,107.0,Anbar,Falluja,Al Amiriyah,العامرية ,33.1787572967,43.8569891848,984.0,5904.0,984.0,0.0,0.0,0.0,0.0,0.0,0.0,0.0,0.0,0.0,0.0,0.0,0.0,0.0,0.0,0.0,0.0,0.0,0.0,389.0,0.0,404.0,0.0,0.0,404.0,18.0,50.0,18.0,0.0,50.0,0.0,0.0,23.0,0.0,100.0,23.0,0.0,100.0,279.0,0.0,0.0,279.0,0.0,0.0,0.0,0.0,705.0,0.0,0.0,705.0,0.0,0.0,0.0,0.0,0.0,0.0,"Mar 17, 2016"
637,2105004.0,20781.0,Anbar,Falluja,Al Dawayah village,الدواية,33.4354218934,43.859094,350.0,2100.0,350.0,0.0,0.0,0.0,0.0,0.0,0.0,0.0,0.0,0.0,0.0,0.0,0.0,0.0,0.0,0.0,0.0,0.0,0.0,223.0,0.0,10.0,0.0,0.0,10.0,0.0,27.0,0.0,0.0,27.0,0.0,0.0,40.0,0.0,50.0,40.0,0.0,50.0,343.0,0.0,0.0,343.0,0.0,0.0,7.0,0.0,0.0,7.0,0.0,0.0,0.0,0.0,0.0,0.0,0.0,0.0,"Mar 17, 2016"
638,2105005.0,22133.0,Anbar,Falluja,Al Husaiwat,الحصيوات ,33.403703263,43.8948985375,235.0,1410.0,235.0,0.0,0.0,0.0,0.0,0.0,0.0,0.0,0.0,0.0,0.0,0.0,0.0,0.0,0.0,0.0,0.0,0.0,0.0,171.0,0.0,0.0,0.0,0.0,0.0,0.0,19.0,0.0,0.0,19.0,0.0,0.0,24.0,0.0,21.0,24.0,0.0,21.0,220.0,0.0,0.0,220.0,0.0,0.0,15.0,0.0,0.0,15.0,0.0,0.0,0.0,0.0,0.0,0.0,0.0,0.0,"Mar 17, 2016"
639,2105006.0,22864.0,Anbar,Falluja,Al Husi,الحصي,33.2717253999,43.7709766645,283.0,1698.0,283.0,0.0,0.0,0.0,0.0,0.0,0.0,0.0,0.0,0.0,0.0,0.0,0.0,0.0,0.0,0.0,0.0,0.0,0.0,178.0,0.0,0.0,0.0,0.0,0.0,0.0,19.0,0.0,0.0,19.0,0.0,0.0,40.0,0.0,46.0,40.0,0.0,46.0,190.0,0.0,0.0,190.0,0.0,0.0,7.0,0.0,86.0,7.0,0.0,86.0,0.0,0.0,0.0,0.0,0.0,0.0,"Mar 17, 2016"
640,2105007.0,21742.0,Anbar,Falluja,Al jdawil (qnatir),الجداول ( الكناطر ),33.4325542767,43.9691929378,177.0,1062.0,177.0,0.0,0.0,0.0,0.0,0.0,0.0,0.0,0.0,0.0,0.0,0.0,0.0,0.0,0.0,0.0,0.0,0.0,0.0,115.0,0.0,0.0,0.0,0.0,0.0,0.0,27.0,0.0,0.0,27.0,0.0,0.0,16.0,0.0,19.0,16.0,0.0,19.0,168.0,0.0,0.0,168.0,0.0,0.0,9.0,0.0,0.0,9.0,0.0,0.0,0.0,0.0,0.0,0.0,0.0,0.0,"Mar 17, 2016"
641,2105008.0,23276.0,Anbar,Falluja,HTC,مخيم المدينة السياحية الحبانية,33.2533049168,43.57222,6429.0,38574.0,6429.0,0.0,0.0,0.0,0.0,0.0,0.0,0.0,0.0,0.0,0.0,0.0,0.0,0.0,0.0,0.0,0.0,0.0,2056.0,0.0,0.0,4014.0,0.0,0.0,4014.0,0.0,150.0,0.0,0.0,150.0,0.0,0.0,40.0,0.0,169.0,40.0,0.0,169.0,310.0,0.0,0.0,310.0,0.0,0.0,0.0,0.0,6119.0,0.0,0.0,6119.0,0.0,0.0,0.0,0.0,0.0,0.0,"Mar 17, 2016"
642,2105009.0,122.0,Anbar,Falluja,Al Mualmeen,حي المعلمين ,33.3549769549,43.7819224689,45.0,270.0,45.0,0.0,0.0,0.0,0.0,0.0,0.0,0.0,0.0,0.0,0.0,0.0,0.0,0.0,0.0,0.0,0.0,0.0,0.0,45.0,0.0,0.0,0.0,0.0,0.0,0.0,0.0,0.0,0.0,0.0,0.0,0.0,0.0,0.0,0.0,0.0,0.0,0.0,0.0,0.0,0.0,0.0,0.0,0.0,0.0,0.0,45.0,0.0,0.0,45.0,0.0,0.0,0.0,0.0,0.0,0.0,"Mar 17, 2016"
643,2105012.0,21556.0,Anbar,Falluja,Al Shuhadaa 2,الشهداء الثانية,33.4002786737,43.7153421299,20.0,120.0,20.0,0.0,0.0,0.0,0.0,0.0,0.0,0.0,0.0,0.0,0.0,0.0,0.0,0.0,0.0,0.0,0.0,0.0,0.0,0.0,0.0,20.0,0.0,0.0,20.0,0.0,0.0,0.0,0.0,0.0,0.0,0.0,0.0,0.0,0.0,0.0,0.0,0.0,0.0,0.0,0.0,0.0,0.0,0.0,0.0,0.0,20.0,0.0,0.0,20.0,0.0,0.0,0.0,0.0,0.0,0.0,"Mar 17, 2016"
644,2105013.0,169.0,Anbar,Falluja,Al Shurta,حي الشرطة,33.3638970664,43.7981830947,867.0,5202.0,867.0,0.0,0.0,0.0,0.0,0.0,0.0,0.0,0.0,0.0,0.0,0.0,0.0,0.0,0.0,0.0,0.0,0.0,0.0,867.0,0.0,0.0,0.0,0.0,0.0,0.0,0.0,0.0,0.0,0.0,0.0,0.0,0.0,0.0,0.0,0.0,0.0,0.0,0.0,0.0,0.0,0.0,0.0,0.0,0.0,0.0,867.0,0.0,0.0,867.0,0.0,0.0,0.0,0.0,0.0,0.0,"Mar 17, 2016"
645,2105016.0,207.0,Anbar,Falluja,Al-Akrad,حي الاكراد,33.3459263016,43.7573679355,201.0,1206.0,201.0,0.0,0.0,0.0,0.0,0.0,0.0,0.0,0.0,0.0,0.0,0.0,0.0,0.0,0.0,0.0,0.0,0.0,0.0,201.0,0.0,0.0,0.0,0.0,0.0,0.0,0.0,0.0,0.0,0.0,0.0,0.0,0.0,0.0,0.0,0.0,0.0,0.0,0.0,0.0,0.0,0.0,0.0,0.0,0.0,0.0,201.0,0.0,0.0,201.0,0.0,0.0,0.0,0.0,0.0,0.0,"Mar 17, 2016"
646,2105017.0,26035.0,Anbar,Falluja,Al-Amirya-Al Abar,الابار,33.1184134711,43.79992835,400.0,2400.0,400.0,0.0,0.0,0.0,0.0,0.0,0.0,0.0,0.0,0.0,0.0,0.0,0.0,0.0,0.0,0.0,0.0,0.0,0.0,0.0,0.0,400.0,0.0,0.0,400.0,0.0,0.0,0.0,0.0,0.0,0.0,0.0,0.0,0.0,0.0,0.0,0.0,0.0,0.0,0.0,0.0,0.0,0.0,0.0,0.0,0.0,400.0,0.0,0.0,400.0,0.0,0.0,0.0,0.0,0.0,0.0,"Mar 17, 2016"
647,2105018.0,26036.0,Anbar,Falluja,Al-Amirya-Albu Jasim,البوجاسم,33.1985825065,43.8996434179,587.0,3522.0,587.0,0.0,0.0,0.0,0.0,0.0,0.0,0.0,0.0,0.0,0.0,0.0,0.0,0.0,0.0,0.0,0.0,0.0,0.0,0.0,0.0,260.0,0.0,0.0,260.0,0.0,0.0,0.0,0.0,0.0,0.0,0.0,0.0,0.0,327.0,0.0,0.0,327.0,0.0,0.0,0.0,0.0,0.0,0.0,0.0,0.0,587.0,0.0,0.0,587.0,0.0,0.0,0.0,0.0,0.0,0.0,"Mar 17, 2016"
648,2105019.0,26037.0,Anbar,Falluja,Al-Amirya-Albu Jwad,البوجواد,33.1511765727,43.9896786761,325.0,1950.0,325.0,0.0,0.0,0.0,0.0,0.0,0.0,0.0,0.0,0.0,0.0,0.0,0.0,0.0,0.0,0.0,0.0,0.0,0.0,0.0,0.0,325.0,0.0,0.0,325.0,0.0,0.0,0.0,0.0,0.0,0.0,0.0,0.0,0.0,0.0,0.0,0.0,0.0,0.0,0.0,0.0,0.0,0.0,0.0,0.0,0.0,325.0,0.0,0.0,325.0,0.0,0.0,0.0,0.0,0.0,0.0,"Mar 17, 2016"
649,2105020.0,176.0,Anbar,Falluja,Al-andalus,حي الأندلس,33.3483344814,43.7629592512,2473.0,14838.0,2473.0,0.0,0.0,0.0,0.0,0.0,0.0,0.0,0.0,0.0,0.0,0.0,0.0,0.0,0.0,0.0,0.0,0.0,0.0,2473.0,0.0,0.0,0.0,0.0,0.0,0.0,0.0,0.0,0.0,0.0,0.0,0.0,0.0,0.0,0.0,0.0,0.0,0.0,0.0,0.0,0.0,0.0,0.0,0.0,0.0,0.0,2473.0,0.0,0.0,2473.0,0.0,0.0,0.0,0.0,0.0,0.0,"Mar 17, 2016"
650,2105021.0,23801.0,Anbar,Falluja,Al-Azrakih,الازركية,33.369782261,43.7011520426,58.0,348.0,58.0,0.0,0.0,0.0,0.0,0.0,0.0,0.0,0.0,0.0,0.0,0.0,0.0,0.0,0.0,0.0,0.0,0.0,0.0,8.0,0.0,16.0,0.0,0.0,16.0,0.0,0.0,0.0,0.0,0.0,0.0,0.0,34.0,0.0,0.0,34.0,0.0,0.0,43.0,0.0,0.0,43.0,0.0,0.0,15.0,0.0,0.0,15.0,0.0,0.0,0.0,0.0,0.0,0.0,0.0,0.0,"Mar 17, 2016"
651,2105022.0,177.0,Anbar,Falluja,Al-bazara,حي البزارة,33.3525185096,43.7696679588,2497.0,14982.0,2497.0,0.0,0.0,0.0,0.0,0.0,0.0,0.0,0.0,0.0,0.0,0.0,0.0,0.0,0.0,0.0,0.0,0.0,0.0,2497.0,0.0,0.0,0.0,0.0,0.0,0.0,0.0,0.0,0.0,0.0,0.0,0.0,0.0,0.0,0.0,0.0,0.0,0.0,0.0,0.0,0.0,0.0,0.0,0.0,0.0,0.0,2497.0,0.0,0.0,2497.0,0.0,0.0,0.0,0.0,0.0,0.0,"Mar 17, 2016"
652,2105023.0,23803.0,Anbar,Falluja,Albo Abd Hasan,البوعبد الحسن ,33.3099462545,43.70681,250.0,1500.0,250.0,0.0,0.0,0.0,0.0,0.0,0.0,0.0,0.0,0.0,0.0,0.0,0.0,0.0,0.0,0.0,0.0,0.0,0.0,237.0,0.0,0.0,0.0,0.0,0.0,0.0,0.0,0.0,0.0,0.0,0.0,0.0,0.0,0.0,13.0,0.0,0.0,13.0,66.0,0.0,0.0,66.0,0.0,0.0,8.0,0.0,176.0,8.0,0.0,176.0,0.0,0.0,0.0,0.0,0.0,0.0,"Mar 17, 2016"
653,2105024.0,24771.0,Anbar,Falluja,Albo Aklah,البوعكلة,33.4297411423,43.894856,98.0,588.0,98.0,0.0,0.0,0.0,0.0,0.0,0.0,0.0,0.0,0.0,0.0,0.0,0.0,0.0,0.0,0.0,0.0,0.0,0.0,80.0,0.0,0.0,0.0,0.0,0.0,0.0,0.0,0.0,0.0,0.0,0.0,0.0,18.0,0.0,0.0,18.0,0.0,0.0,0.0,0.0,0.0,0.0,0.0,0.0,98.0,0.0,0.0,98.0,0.0,0.0,0.0,0.0,0.0,0.0,0.0,0.0,"Mar 17, 2016"
654,2105025.0,24770.0,Anbar,Falluja,Albo Akoll,البوعاكول,33.4039796144,43.8775547873,91.0,546.0,91.0,0.0,0.0,0.0,0.0,0.0,0.0,0.0,0.0,0.0,0.0,0.0,0.0,0.0,0.0,0.0,0.0,0.0,0.0,75.0,0.0,0.0,0.0,0.0,0.0,0.0,0.0,0.0,0.0,0.0,0.0,0.0,16.0,0.0,0.0,16.0,0.0,0.0,0.0,0.0,0.0,0.0,0.0,0.0,91.0,0.0,0.0,91.0,0.0,0.0,0.0,0.0,0.0,0.0,0.0,0.0,"Mar 17, 2016"
655,2105026.0,24769.0,Anbar,Falluja,Albo Shbeel,البوشبيل,33.4275224106,43.8436608855,79.0,474.0,79.0,0.0,0.0,0.0,0.0,0.0,0.0,0.0,0.0,0.0,0.0,0.0,0.0,0.0,0.0,0.0,0.0,0.0,0.0,58.0,0.0,0.0,0.0,0.0,0.0,0.0,0.0,0.0,0.0,0.0,0.0,0.0,21.0,0.0,0.0,21.0,0.0,0.0,0.0,0.0,0.0,0.0,0.0,0.0,79.0,0.0,0.0,79.0,0.0,0.0,0.0,0.0,0.0,0.0,0.0,0.0,"Mar 17, 2016"
656,2105027.0,324.0,Anbar,Falluja,Albu Aifan,البوعيفان,33.3027930234,43.7530164611,286.0,1716.0,286.0,0.0,0.0,0.0,0.0,0.0,0.0,0.0,0.0,0.0,0.0,0.0,0.0,0.0,0.0,0.0,0.0,0.0,0.0,178.0,0.0,0.0,0.0,0.0,0.0,0.0,11.0,0.0,0.0,11.0,0.0,0.0,62.0,0.0,35.0,62.0,0.0,35.0,154.0,0.0,0.0,154.0,0.0,0.0,7.0,0.0,125.0,7.0,0.0,125.0,0.0,0.0,0.0,0.0,0.0,0.0,"Mar 17, 2016"
657,2105028.0,289.0,Anbar,Falluja,Albu Alwan,قرية البوعلوان,33.3354851084,43.7279069703,275.0,1650.0,275.0,0.0,0.0,0.0,0.0,0.0,0.0,0.0,0.0,0.0,0.0,0.0,0.0,0.0,0.0,0.0,0.0,0.0,0.0,151.0,0.0,0.0,0.0,0.0,0.0,0.0,10.0,0.0,0.0,10.0,0.0,0.0,95.0,0.0,19.0,95.0,0.0,19.0,275.0,0.0,0.0,275.0,0.0,0.0,0.0,0.0,0.0,0.0,0.0,0.0,0.0,0.0,0.0,0.0,0.0,0.0,"Mar 17, 2016"
658,2105029.0,325.0,Anbar,Falluja,Albu Hatem,البوحاتم,33.2927806526,43.72716,356.0,2136.0,356.0,0.0,0.0,0.0,0.0,0.0,0.0,0.0,0.0,0.0,0.0,0.0,0.0,0.0,0.0,0.0,0.0,0.0,0.0,227.0,0.0,18.0,0.0,0.0,18.0,0.0,15.0,0.0,0.0,15.0,0.0,0.0,28.0,0.0,68.0,28.0,0.0,68.0,158.0,0.0,0.0,158.0,0.0,0.0,8.0,0.0,190.0,8.0,0.0,190.0,0.0,0.0,0.0,0.0,0.0,0.0,"Mar 17, 2016"
659,2105030.0,23802.0,Anbar,Falluja,Albu Hawa,البوهوى ,33.2543602856,43.8296906731,299.0,1794.0,299.0,0.0,0.0,0.0,0.0,0.0,0.0,0.0,0.0,0.0,0.0,0.0,0.0,0.0,0.0,0.0,0.0,0.0,0.0,226.0,0.0,0.0,0.0,0.0,0.0,0.0,8.0,0.0,0.0,8.0,0.0,0.0,20.0,0.0,45.0,20.0,0.0,45.0,154.0,0.0,0.0,154.0,0.0,0.0,10.0,0.0,135.0,10.0,0.0,135.0,0.0,0.0,0.0,0.0,0.0,0.0,"Mar 17, 2016"
660,2105031.0,21226.0,Anbar,Falluja,Albu Hori,البوحوري,33.1584538531,43.8916233995,307.0,1842.0,307.0,0.0,0.0,0.0,0.0,0.0,0.0,0.0,0.0,0.0,0.0,0.0,0.0,0.0,0.0,0.0,0.0,0.0,0.0,212.0,0.0,0.0,0.0,0.0,0.0,0.0,5.0,0.0,0.0,5.0,0.0,0.0,20.0,0.0,70.0,20.0,0.0,70.0,73.0,0.0,0.0,73.0,0.0,0.0,0.0,0.0,234.0,0.0,0.0,234.0,0.0,0.0,0.0,0.0,0.0,0.0,"Mar 17, 2016"
661,2105032.0,24107.0,Anbar,Falluja,Albu Jasim-Karma,البوجاسم-الكرمة,33.421669621,43.8574523013,198.0,1188.0,198.0,0.0,0.0,0.0,0.0,0.0,0.0,0.0,0.0,0.0,0.0,0.0,0.0,0.0,0.0,0.0,0.0,0.0,0.0,114.0,0.0,9.0,0.0,0.0,9.0,0.0,13.0,0.0,0.0,13.0,0.0,0.0,30.0,0.0,32.0,30.0,0.0,32.0,198.0,0.0,0.0,198.0,0.0,0.0,0.0,0.0,0.0,0.0,0.0,0.0,0.0,0.0,0.0,0.0,0.0,0.0,"Mar 17, 2016"
662,2105033.0,22134.0,Anbar,Falluja,Albu Khalifa,البوخليفة ,33.4325435478,43.9489463405,268.0,1608.0,268.0,0.0,0.0,0.0,0.0,0.0,0.0,0.0,0.0,0.0,0.0,0.0,0.0,0.0,0.0,0.0,0.0,0.0,0.0,176.0,0.0,8.0,0.0,0.0,8.0,5.0,33.0,5.0,0.0,33.0,0.0,0.0,20.0,0.0,26.0,20.0,0.0,26.0,261.0,0.0,0.0,261.0,0.0,0.0,7.0,0.0,0.0,7.0,0.0,0.0,0.0,0.0,0.0,0.0,0.0,0.0,"Mar 17, 2016"
663,2105034.0,318.0,Anbar,Falluja,Albu Khanfar,البوخنفر ,33.4408049611,43.8262344059,209.0,1254.0,209.0,0.0,0.0,0.0,0.0,0.0,0.0,0.0,0.0,0.0,0.0,0.0,0.0,0.0,0.0,0.0,0.0,0.0,0.0,155.0,0.0,0.0,0.0,0.0,0.0,0.0,10.0,0.0,0.0,10.0,0.0,0.0,10.0,0.0,34.0,10.0,0.0,34.0,193.0,0.0,0.0,193.0,0.0,0.0,16.0,0.0,0.0,16.0,0.0,0.0,0.0,0.0,0.0,0.0,0.0,0.0,"Mar 17, 2016"
664,2105035.0,21125.0,Anbar,Falluja,Albu Shbeeb,البوشبيب,33.4059403092,43.8144106418,126.0,756.0,126.0,0.0,0.0,0.0,0.0,0.0,0.0,0.0,0.0,0.0,0.0,0.0,0.0,0.0,0.0,0.0,0.0,0.0,0.0,104.0,0.0,0.0,0.0,0.0,0.0,0.0,0.0,0.0,0.0,0.0,0.0,0.0,22.0,0.0,0.0,22.0,0.0,0.0,0.0,0.0,0.0,0.0,0.0,0.0,126.0,0.0,0.0,126.0,0.0,0.0,0.0,0.0,0.0,0.0,0.0,0.0,"Mar 17, 2016"
665,2105039.0,300.0,Anbar,Falluja,Albu Udah,البوعودة,33.4090531385,43.8665183354,288.0,1728.0,288.0,0.0,0.0,0.0,0.0,0.0,0.0,0.0,0.0,0.0,0.0,0.0,0.0,0.0,0.0,0.0,0.0,0.0,0.0,165.0,0.0,0.0,0.0,0.0,0.0,0.0,31.0,0.0,0.0,31.0,0.0,0.0,40.0,0.0,52.0,40.0,0.0,52.0,278.0,0.0,0.0,278.0,0.0,0.0,10.0,0.0,0.0,10.0,0.0,0.0,0.0,0.0,0.0,0.0,0.0,0.0,"Mar 17, 2016"
666,2105041.0,180.0,Anbar,Falluja,Al-Ekhaa Compaund,مجمع الاخاء السكني ,33.16354,43.86458,2550.0,15300.0,2550.0,0.0,0.0,0.0,0.0,0.0,0.0,0.0,0.0,0.0,0.0,0.0,0.0,0.0,0.0,0.0,0.0,0.0,0.0,502.0,0.0,1345.0,0.0,0.0,1345.0,0.0,240.0,0.0,0.0,240.0,0.0,0.0,320.0,0.0,143.0,320.0,0.0,143.0,910.0,0.0,0.0,910.0,0.0,0.0,100.0,0.0,1540.0,100.0,0.0,1540.0,0.0,0.0,0.0,0.0,0.0,0.0,"Mar 17, 2016"
667,2105042.0,20899.0,Anbar,Falluja,Al-Falahat,قرية الفلاحات,33.3463262022,43.6488906015,163.0,978.0,163.0,0.0,0.0,0.0,0.0,0.0,0.0,0.0,0.0,0.0,0.0,0.0,0.0,0.0,0.0,0.0,0.0,0.0,0.0,107.0,0.0,0.0,0.0,0.0,0.0,0.0,4.0,0.0,0.0,4.0,0.0,0.0,32.0,0.0,20.0,32.0,0.0,20.0,156.0,0.0,0.0,156.0,0.0,0.0,7.0,0.0,0.0,7.0,0.0,0.0,0.0,0.0,0.0,0.0,0.0,0.0,"Mar 17, 2016"
668,2105043.0,21410.0,Anbar,Falluja,Albo Jaar,البو جار ,33.1528932255,43.9957333078,277.0,1662.0,277.0,0.0,0.0,0.0,0.0,0.0,0.0,0.0,0.0,0.0,0.0,0.0,0.0,0.0,0.0,0.0,0.0,0.0,0.0,242.0,0.0,0.0,0.0,0.0,0.0,0.0,0.0,0.0,0.0,0.0,0.0,0.0,14.0,0.0,21.0,14.0,0.0,21.0,40.0,0.0,0.0,40.0,0.0,0.0,14.0,0.0,223.0,14.0,0.0,223.0,0.0,0.0,0.0,0.0,0.0,0.0,"Mar 17, 2016"
669,2105044.0,173.0,Anbar,Falluja,Al-jamhuriya,الجمهورية,33.350251615,43.7759620791,4240.0,25440.0,4240.0,0.0,0.0,0.0,0.0,0.0,0.0,0.0,0.0,0.0,0.0,0.0,0.0,0.0,0.0,0.0,0.0,0.0,0.0,4240.0,0.0,0.0,0.0,0.0,0.0,0.0,0.0,0.0,0.0,0.0,0.0,0.0,0.0,0.0,0.0,0.0,0.0,0.0,0.0,0.0,0.0,0.0,0.0,0.0,0.0,0.0,4240.0,0.0,0.0,4240.0,0.0,0.0,0.0,0.0,0.0,0.0,"Mar 17, 2016"
670,2105045.0,299.0,Anbar,Falluja,Al-Julan,الجولان,33.3639344479,43.7675776798,4770.0,28620.0,4770.0,0.0,0.0,0.0,0.0,0.0,0.0,0.0,0.0,0.0,0.0,0.0,0.0,0.0,0.0,0.0,0.0,0.0,0.0,4770.0,0.0,0.0,0.0,0.0,0.0,0.0,0.0,0.0,0.0,0.0,0.0,0.0,0.0,0.0,0.0,0.0,0.0,0.0,0.0,0.0,0.0,0.0,0.0,0.0,0.0,0.0,4770.0,0.0,0.0,4770.0,0.0,0.0,0.0,0.0,0.0,0.0,"Mar 17, 2016"
671,2105046.0,313.0,Anbar,Falluja,Al-Karagul,الكراغول ,33.415488,43.938712,205.0,1230.0,205.0,0.0,0.0,0.0,0.0,0.0,0.0,0.0,0.0,0.0,0.0,0.0,0.0,0.0,0.0,0.0,0.0,0.0,0.0,135.0,0.0,0.0,0.0,0.0,0.0,0.0,15.0,0.0,0.0,15.0,0.0,0.0,22.0,0.0,33.0,22.0,0.0,33.0,196.0,0.0,0.0,196.0,0.0,0.0,9.0,0.0,0.0,9.0,0.0,0.0,0.0,0.0,0.0,0.0,0.0,0.0,"Mar 17, 2016"
672,2105047.0,20958.0,Anbar,Falluja,Al-Mejar,المجر,33.188228208,43.491903,198.0,1188.0,198.0,0.0,0.0,0.0,0.0,0.0,0.0,0.0,0.0,0.0,0.0,0.0,0.0,0.0,0.0,0.0,0.0,0.0,0.0,140.0,0.0,0.0,0.0,0.0,0.0,12.0,0.0,12.0,0.0,0.0,0.0,0.0,20.0,0.0,26.0,20.0,0.0,26.0,88.0,0.0,0.0,88.0,0.0,0.0,8.0,0.0,102.0,8.0,0.0,102.0,0.0,0.0,0.0,0.0,0.0,0.0,"Mar 17, 2016"
673,2105048.0,178.0,Anbar,Falluja,Al-muatasem,حي المعتصم,33.3580443793,43.7686372799,171.0,1026.0,171.0,0.0,0.0,0.0,0.0,0.0,0.0,0.0,0.0,0.0,0.0,0.0,0.0,0.0,0.0,0.0,0.0,0.0,0.0,171.0,0.0,0.0,0.0,0.0,0.0,0.0,0.0,0.0,0.0,0.0,0.0,0.0,0.0,0.0,0.0,0.0,0.0,0.0,0.0,0.0,0.0,0.0,0.0,0.0,0.0,0.0,171.0,0.0,0.0,171.0,0.0,0.0,0.0,0.0,0.0,0.0,"Mar 17, 2016"
674,2105049.0,20937.0,Anbar,Falluja,Al-Rufa,الروفة,33.4250010503,43.8894684054,85.0,510.0,85.0,0.0,0.0,0.0,0.0,0.0,0.0,0.0,0.0,0.0,0.0,0.0,0.0,0.0,0.0,0.0,0.0,0.0,0.0,68.0,0.0,0.0,0.0,0.0,0.0,0.0,0.0,0.0,0.0,0.0,0.0,0.0,17.0,0.0,0.0,17.0,0.0,0.0,0.0,0.0,0.0,0.0,0.0,0.0,85.0,0.0,0.0,85.0,0.0,0.0,0.0,0.0,0.0,0.0,0.0,0.0,"Mar 17, 2016"
675,2105050.0,143.0,Anbar,Falluja,Al-shahabi-1,الشهابي الاولى,33.3933527861,43.884385787,155.0,930.0,155.0,0.0,0.0,0.0,0.0,0.0,0.0,0.0,0.0,0.0,0.0,0.0,0.0,0.0,0.0,0.0,0.0,0.0,0.0,98.0,0.0,0.0,0.0,0.0,0.0,0.0,10.0,0.0,0.0,10.0,0.0,0.0,20.0,0.0,27.0,20.0,0.0,27.0,143.0,0.0,0.0,143.0,0.0,0.0,12.0,0.0,0.0,12.0,0.0,0.0,0.0,0.0,0.0,0.0,0.0,0.0,"Mar 17, 2016"
676,2105051.0,142.0,Anbar,Falluja,Al-shahabi-2,الشهابي الثانية,33.3918797504,43.8567343075,235.0,1410.0,235.0,0.0,0.0,0.0,0.0,0.0,0.0,0.0,0.0,0.0,0.0,0.0,0.0,0.0,0.0,0.0,0.0,0.0,0.0,147.0,0.0,0.0,0.0,0.0,0.0,0.0,27.0,0.0,0.0,27.0,0.0,0.0,32.0,0.0,29.0,32.0,0.0,29.0,225.0,0.0,0.0,225.0,0.0,0.0,10.0,0.0,0.0,10.0,0.0,0.0,0.0,0.0,0.0,0.0,0.0,0.0,"Mar 17, 2016"
677,2105052.0,291.0,Anbar,Falluja,Al-Shurtan,الشورتان ,33.4076123312,43.938962,153.0,918.0,153.0,0.0,0.0,0.0,0.0,0.0,0.0,0.0,0.0,0.0,0.0,0.0,0.0,0.0,0.0,0.0,0.0,0.0,0.0,112.0,0.0,0.0,0.0,0.0,0.0,0.0,4.0,0.0,0.0,4.0,0.0,0.0,20.0,0.0,17.0,20.0,0.0,17.0,139.0,0.0,0.0,139.0,0.0,0.0,14.0,0.0,0.0,14.0,0.0,0.0,0.0,0.0,0.0,0.0,0.0,0.0,"Mar 17, 2016"
678,2105053.0,148.0,Anbar,Falluja,Al-waheda,حي الوحدة,33.3602662423,43.7779121015,326.0,1956.0,326.0,0.0,0.0,0.0,0.0,0.0,0.0,0.0,0.0,0.0,0.0,0.0,0.0,0.0,0.0,0.0,0.0,0.0,0.0,326.0,0.0,0.0,0.0,0.0,0.0,0.0,0.0,0.0,0.0,0.0,0.0,0.0,0.0,0.0,0.0,0.0,0.0,0.0,0.0,0.0,0.0,0.0,0.0,0.0,0.0,0.0,326.0,0.0,0.0,326.0,0.0,0.0,0.0,0.0,0.0,0.0,"Mar 17, 2016"
679,2105054.0,319.0,Anbar,Falluja,Al-Zuwayiah,قرية الزوية,33.3393141384,43.7493732549,224.0,1344.0,224.0,0.0,0.0,0.0,0.0,0.0,0.0,0.0,0.0,0.0,0.0,0.0,0.0,0.0,0.0,0.0,0.0,0.0,0.0,102.0,0.0,0.0,0.0,0.0,0.0,0.0,5.0,0.0,0.0,5.0,0.0,0.0,78.0,0.0,39.0,78.0,0.0,39.0,224.0,0.0,0.0,224.0,0.0,0.0,0.0,0.0,0.0,0.0,0.0,0.0,0.0,0.0,0.0,0.0,0.0,0.0,"Mar 17, 2016"
680,2105055.0,126.0,Anbar,Falluja,Door Al Sikik Area,دور السكك,33.3664054946,43.7714322718,1207.0,7242.0,1207.0,0.0,0.0,0.0,0.0,0.0,0.0,0.0,0.0,0.0,0.0,0.0,0.0,0.0,0.0,0.0,0.0,0.0,0.0,1207.0,0.0,0.0,0.0,0.0,0.0,0.0,0.0,0.0,0.0,0.0,0.0,0.0,0.0,0.0,0.0,0.0,0.0,0.0,0.0,0.0,0.0,0.0,0.0,0.0,0.0,0.0,1207.0,0.0,0.0,1207.0,0.0,0.0,0.0,0.0,0.0,0.0,"Mar 17, 2016"
681,2105056.0,24106.0,Anbar,Falluja,Halabsa-Al karma,الحلابسة الكرمة,33.4144465998,43.9687400172,211.0,1266.0,211.0,0.0,0.0,0.0,0.0,0.0,0.0,0.0,0.0,0.0,0.0,0.0,0.0,0.0,0.0,0.0,0.0,0.0,0.0,140.0,0.0,0.0,0.0,0.0,0.0,0.0,10.0,0.0,0.0,10.0,0.0,0.0,20.0,0.0,41.0,20.0,0.0,41.0,211.0,0.0,0.0,211.0,0.0,0.0,0.0,0.0,0.0,0.0,0.0,0.0,0.0,0.0,0.0,0.0,0.0,0.0,"Mar 17, 2016"
682,2105057.0,22706.0,Anbar,Falluja,Halabsa-Falluja,قرية الحلابسة,33.327874993,43.7118562243,394.0,2364.0,394.0,0.0,0.0,0.0,0.0,0.0,0.0,0.0,0.0,0.0,0.0,0.0,0.0,0.0,0.0,0.0,0.0,0.0,0.0,162.0,0.0,0.0,0.0,0.0,0.0,0.0,27.0,0.0,0.0,27.0,0.0,0.0,159.0,0.0,46.0,159.0,0.0,46.0,394.0,0.0,0.0,394.0,0.0,0.0,0.0,0.0,0.0,0.0,0.0,0.0,0.0,0.0,0.0,0.0,0.0,0.0,"Mar 17, 2016"
683,2105059.0,24108.0,Anbar,Falluja,Karma-Al Somod,الصمود,33.405246,43.910064,200.0,1200.0,200.0,0.0,0.0,0.0,0.0,0.0,0.0,0.0,0.0,0.0,0.0,0.0,0.0,0.0,0.0,0.0,0.0,0.0,0.0,200.0,0.0,0.0,0.0,0.0,0.0,0.0,0.0,0.0,0.0,0.0,0.0,0.0,0.0,0.0,0.0,0.0,0.0,0.0,200.0,0.0,0.0,200.0,0.0,0.0,0.0,0.0,0.0,0.0,0.0,0.0,0.0,0.0,0.0,0.0,0.0,0.0,"Mar 17, 2016"
684,2105060.0,47.0,Anbar,Falluja,Luhib,اللهيب,33.3842137037,43.9803810316,345.0,2070.0,345.0,0.0,0.0,0.0,0.0,0.0,0.0,0.0,0.0,0.0,0.0,0.0,0.0,0.0,0.0,0.0,0.0,0.0,0.0,246.0,0.0,0.0,0.0,0.0,0.0,0.0,36.0,0.0,0.0,36.0,0.0,0.0,22.0,0.0,41.0,22.0,0.0,41.0,336.0,0.0,0.0,336.0,0.0,0.0,9.0,0.0,0.0,9.0,0.0,0.0,0.0,0.0,0.0,0.0,0.0,0.0,"Mar 17, 2016"
685,2105061.0,157.0,Anbar,Falluja,Muallimeen-2,حي المعلمين الثانية ,33.3644793176,43.7805218499,1249.0,7494.0,1249.0,0.0,0.0,0.0,0.0,0.0,0.0,0.0,0.0,0.0,0.0,0.0,0.0,0.0,0.0,0.0,0.0,0.0,0.0,1249.0,0.0,0.0,0.0,0.0,0.0,0.0,0.0,0.0,0.0,0.0,0.0,0.0,0.0,0.0,0.0,0.0,0.0,0.0,0.0,0.0,0.0,0.0,0.0,0.0,0.0,0.0,1249.0,0.0,0.0,1249.0,0.0,0.0,0.0,0.0,0.0,0.0,"Mar 17, 2016"
686,2105062.0,22523.0,Anbar,Falluja,Mujamma Al Therthar Al Sakani,مجمع الثرثار السكني,33.37095,43.75031,175.0,1050.0,175.0,0.0,0.0,0.0,0.0,0.0,0.0,0.0,0.0,0.0,0.0,0.0,0.0,0.0,0.0,0.0,0.0,0.0,0.0,175.0,0.0,0.0,0.0,0.0,0.0,0.0,0.0,0.0,0.0,0.0,0.0,0.0,0.0,0.0,0.0,0.0,0.0,0.0,175.0,0.0,0.0,175.0,0.0,0.0,0.0,0.0,0.0,0.0,0.0,0.0,0.0,0.0,0.0,0.0,0.0,0.0,"Mar 17, 2016"
687,2105063.0,121.0,Anbar,Falluja,Nazal,حي نزال,33.3456508548,43.7831317315,765.0,4590.0,765.0,0.0,0.0,0.0,0.0,0.0,0.0,0.0,0.0,0.0,0.0,0.0,0.0,0.0,0.0,0.0,0.0,0.0,0.0,765.0,0.0,0.0,0.0,0.0,0.0,0.0,0.0,0.0,0.0,0.0,0.0,0.0,0.0,0.0,0.0,0.0,0.0,0.0,0.0,0.0,0.0,0.0,0.0,0.0,0.0,0.0,765.0,0.0,0.0,765.0,0.0,0.0,0.0,0.0,0.0,0.0,"Mar 17, 2016"
688,2105064.0,179.0,Anbar,Falluja,Neeamiya,النعيمية,33.2667667829,43.8071001166,460.0,2760.0,460.0,0.0,0.0,0.0,0.0,0.0,0.0,0.0,0.0,0.0,0.0,0.0,0.0,0.0,0.0,0.0,0.0,0.0,0.0,349.0,0.0,0.0,0.0,0.0,0.0,5.0,36.0,5.0,0.0,36.0,0.0,0.0,55.0,0.0,15.0,55.0,0.0,15.0,460.0,0.0,0.0,460.0,0.0,0.0,0.0,0.0,0.0,0.0,0.0,0.0,0.0,0.0,0.0,0.0,0.0,0.0,"Mar 17, 2016"
689,2105065.0,315.0,Anbar,Falluja,Qaryat Albu Hadid Al-Nasir,البوحديد الناصر,33.4038750501,43.8466424122,169.0,1014.0,169.0,0.0,0.0,0.0,0.0,0.0,0.0,0.0,0.0,0.0,0.0,0.0,0.0,0.0,0.0,0.0,0.0,0.0,0.0,112.0,0.0,0.0,0.0,0.0,0.0,0.0,4.0,0.0,0.0,4.0,0.0,0.0,30.0,0.0,23.0,30.0,0.0,23.0,169.0,0.0,0.0,169.0,0.0,0.0,0.0,0.0,0.0,0.0,0.0,0.0,0.0,0.0,0.0,0.0,0.0,0.0,"Mar 17, 2016"
690,2105066.0,323.0,Anbar,Falluja,Qaryat Al-Jaffa,الجفة,33.3058834337,43.680362,201.0,1206.0,201.0,0.0,0.0,0.0,0.0,0.0,0.0,0.0,0.0,0.0,0.0,0.0,0.0,0.0,0.0,0.0,0.0,0.0,0.0,148.0,0.0,0.0,0.0,0.0,0.0,0.0,0.0,0.0,0.0,0.0,0.0,0.0,18.0,0.0,35.0,18.0,0.0,35.0,79.0,0.0,0.0,79.0,0.0,0.0,8.0,0.0,114.0,8.0,0.0,114.0,0.0,0.0,0.0,0.0,0.0,0.0,"Mar 17, 2016"
691,2105067.0,146.0,Anbar,Falluja,subihat,الصبيحات ,33.3673674613,43.954585835,128.0,768.0,128.0,0.0,0.0,0.0,0.0,0.0,0.0,0.0,0.0,0.0,0.0,0.0,0.0,0.0,0.0,0.0,0.0,0.0,0.0,78.0,0.0,10.0,0.0,0.0,10.0,0.0,0.0,0.0,0.0,0.0,0.0,0.0,25.0,0.0,15.0,25.0,0.0,15.0,120.0,0.0,0.0,120.0,0.0,0.0,8.0,0.0,0.0,8.0,0.0,0.0,0.0,0.0,0.0,0.0,0.0,0.0,"Mar 17, 2016"
692,2105069.0,26084.0,Anbar,Falluja,Al-Amirya-Al Betra,البترا,33.1146127261,44.0512240935,470.0,2820.0,470.0,0.0,0.0,0.0,0.0,0.0,0.0,0.0,0.0,0.0,0.0,0.0,0.0,0.0,0.0,0.0,0.0,0.0,0.0,170.0,0.0,300.0,0.0,0.0,300.0,0.0,0.0,0.0,0.0,0.0,0.0,0.0,0.0,0.0,0.0,0.0,0.0,0.0,0.0,0.0,0.0,0.0,0.0,0.0,0.0,0.0,470.0,0.0,0.0,470.0,0.0,0.0,0.0,0.0,0.0,0.0,"Mar 17, 2016"
693,2105070.0,26091.0,Anbar,Falluja,Al-Amirya-Al Hmedin,الحميدين,33.1581146404,43.9361774829,276.0,1656.0,276.0,0.0,0.0,0.0,0.0,0.0,0.0,0.0,0.0,0.0,0.0,0.0,0.0,0.0,0.0,0.0,0.0,0.0,0.0,240.0,0.0,0.0,0.0,0.0,0.0,0.0,0.0,0.0,0.0,0.0,0.0,0.0,0.0,0.0,36.0,0.0,0.0,36.0,0.0,0.0,0.0,0.0,0.0,0.0,0.0,0.0,276.0,0.0,0.0,276.0,0.0,0.0,0.0,0.0,0.0,0.0,"Mar 17, 2016"
694,2105071.0,26092.0,Anbar,Falluja,Al-Amirya-Al Mouilha,المويلحة,33.1369872639,43.987355772,684.0,4104.0,684.0,0.0,0.0,0.0,0.0,0.0,0.0,0.0,0.0,0.0,0.0,0.0,0.0,0.0,0.0,0.0,0.0,0.0,0.0,329.0,0.0,283.0,0.0,0.0,283.0,0.0,0.0,0.0,0.0,0.0,0.0,0.0,0.0,0.0,72.0,0.0,0.0,72.0,0.0,0.0,0.0,0.0,0.0,0.0,0.0,0.0,684.0,0.0,0.0,684.0,0.0,0.0,0.0,0.0,0.0,0.0,"Mar 17, 2016"
695,2105072.0,26086.0,Anbar,Falluja,Al-Amirya-Albu Hamdan,البوحمدان,33.1441835845,44.02092,200.0,1200.0,200.0,0.0,0.0,0.0,0.0,0.0,0.0,0.0,0.0,0.0,0.0,0.0,0.0,0.0,0.0,0.0,0.0,0.0,0.0,200.0,0.0,0.0,0.0,0.0,0.0,0.0,0.0,0.0,0.0,0.0,0.0,0.0,0.0,0.0,0.0,0.0,0.0,0.0,0.0,0.0,0.0,0.0,0.0,0.0,0.0,0.0,200.0,0.0,0.0,200.0,0.0,0.0,0.0,0.0,0.0,0.0,"Mar 17, 2016"
696,2105073.0,26085.0,Anbar,Falluja,Al-Amirya-Albu Jaber,البوجابر,33.1211464337,44.042301993,210.0,1260.0,210.0,0.0,0.0,0.0,0.0,0.0,0.0,0.0,0.0,0.0,0.0,0.0,0.0,0.0,0.0,0.0,0.0,0.0,0.0,210.0,0.0,0.0,0.0,0.0,0.0,0.0,0.0,0.0,0.0,0.0,0.0,0.0,0.0,0.0,0.0,0.0,0.0,0.0,0.0,0.0,0.0,0.0,0.0,0.0,0.0,0.0,210.0,0.0,0.0,210.0,0.0,0.0,0.0,0.0,0.0,0.0,"Mar 17, 2016"
697,2105074.0,26090.0,Anbar,Falluja,Al-Amirya-Albu Mrir,البومرير,33.1998835432,43.9245735659,189.0,1134.0,189.0,0.0,0.0,0.0,0.0,0.0,0.0,0.0,0.0,0.0,0.0,0.0,0.0,0.0,0.0,0.0,0.0,0.0,0.0,145.0,0.0,0.0,0.0,0.0,0.0,0.0,0.0,0.0,0.0,0.0,0.0,0.0,0.0,0.0,44.0,0.0,0.0,44.0,0.0,0.0,0.0,0.0,0.0,0.0,0.0,0.0,189.0,0.0,0.0,189.0,0.0,0.0,0.0,0.0,0.0,0.0,"Mar 17, 2016"
698,2105075.0,26088.0,Anbar,Falluja,Ahl Al-Ramadi 74,اهل الرمادي 74,33.1430931291,44.0211681638,1091.0,6546.0,1091.0,0.0,0.0,0.0,0.0,0.0,0.0,0.0,0.0,0.0,0.0,0.0,0.0,0.0,0.0,0.0,0.0,0.0,0.0,212.0,0.0,786.0,0.0,0.0,786.0,0.0,0.0,0.0,0.0,0.0,0.0,0.0,0.0,0.0,93.0,0.0,0.0,93.0,0.0,0.0,0.0,0.0,0.0,0.0,0.0,0.0,1091.0,0.0,0.0,1091.0,0.0,0.0,0.0,0.0,0.0,0.0,"Mar 17, 2016"
699,2105076.0,26087.0,Anbar,Falluja,Al-Amirya-Albu Salman,البوسليمان,33.1564526269,44.001878736,350.0,2100.0,350.0,0.0,0.0,0.0,0.0,0.0,0.0,0.0,0.0,0.0,0.0,0.0,0.0,0.0,0.0,0.0,0.0,0.0,0.0,350.0,0.0,0.0,0.0,0.0,0.0,0.0,0.0,0.0,0.0,0.0,0.0,0.0,0.0,0.0,0.0,0.0,0.0,0.0,0.0,0.0,0.0,0.0,0.0,0.0,0.0,0.0,350.0,0.0,0.0,350.0,0.0,0.0,0.0,0.0,0.0,0.0,"Mar 17, 2016"
700,2105077.0,26093.0,Anbar,Falluja,Al-Amirya-Tal Ghatas,تل غطاس,33.1809296607,43.9216872604,172.0,1032.0,172.0,0.0,0.0,0.0,0.0,0.0,0.0,0.0,0.0,0.0,0.0,0.0,0.0,0.0,0.0,0.0,0.0,0.0,0.0,96.0,0.0,0.0,0.0,0.0,0.0,0.0,0.0,0.0,0.0,0.0,0.0,0.0,0.0,0.0,76.0,0.0,0.0,76.0,0.0,0.0,0.0,0.0,0.0,0.0,0.0,0.0,172.0,0.0,0.0,172.0,0.0,0.0,0.0,0.0,0.0,0.0,"Mar 17, 2016"
701,2105078.0,26089.0,Anbar,Falluja,Albu Dhaher-Albu Dhaher,البوظاهر,33.1886308442,43.9068991549,170.0,1020.0,170.0,0.0,0.0,0.0,0.0,0.0,0.0,0.0,0.0,0.0,0.0,0.0,0.0,0.0,0.0,0.0,0.0,0.0,0.0,170.0,0.0,0.0,0.0,0.0,0.0,0.0,0.0,0.0,0.0,0.0,0.0,0.0,0.0,0.0,0.0,0.0,0.0,0.0,0.0,0.0,0.0,0.0,0.0,0.0,0.0,0.0,170.0,0.0,0.0,170.0,0.0,0.0,0.0,0.0,0.0,0.0,"Mar 17, 2016"
702,2105080.0,20898.0,Anbar,Falluja,Bezabize Central Camp,مخيم بزيبز المركزي,33.1355251365,44.00491,980.0,5880.0,980.0,0.0,0.0,0.0,0.0,0.0,0.0,0.0,0.0,0.0,0.0,0.0,0.0,0.0,0.0,0.0,0.0,0.0,980.0,0.0,0.0,0.0,0.0,0.0,0.0,0.0,0.0,0.0,0.0,0.0,0.0,0.0,0.0,0.0,0.0,0.0,0.0,0.0,0.0,0.0,0.0,0.0,0.0,0.0,0.0,0.0,980.0,0.0,0.0,980.0,0.0,0.0,0.0,0.0,0.0,0.0,"Mar 17, 2016"
703,2105081.0,27245.0,Anbar,Falluja,Albo Shihan,البوشيحان,33.1156791403,44.04228,300.0,1800.0,300.0,0.0,0.0,0.0,0.0,0.0,0.0,0.0,0.0,0.0,0.0,0.0,0.0,0.0,0.0,0.0,0.0,0.0,300.0,0.0,0.0,0.0,0.0,0.0,0.0,0.0,0.0,0.0,0.0,0.0,0.0,0.0,0.0,0.0,0.0,0.0,0.0,0.0,0.0,0.0,0.0,0.0,0.0,0.0,0.0,0.0,300.0,0.0,0.0,300.0,0.0,0.0,0.0,0.0,0.0,0.0,"Mar 17, 2016"
704,2105082.0,27246.0,Anbar,Falluja,AAF,مخيم عامرية الفلوجة,33.1453082808,43.84435,3548.0,21288.0,3548.0,0.0,0.0,0.0,0.0,0.0,0.0,0.0,0.0,0.0,0.0,0.0,0.0,0.0,0.0,0.0,0.0,0.0,3548.0,0.0,0.0,0.0,0.0,0.0,0.0,0.0,0.0,0.0,0.0,0.0,0.0,0.0,0.0,0.0,0.0,0.0,0.0,0.0,0.0,0.0,0.0,0.0,0.0,0.0,0.0,0.0,3548.0,0.0,0.0,3548.0,0.0,0.0,0.0,0.0,0.0,0.0,"Mar 17, 2016"
705,2106001.0,24112.0,Anbar,Haditha,Al Furat Complex,مجمع الفرات,34.0962229383,42.3644809814,320.0,1920.0,320.0,0.0,0.0,0.0,0.0,0.0,0.0,0.0,0.0,0.0,0.0,0.0,0.0,0.0,0.0,0.0,0.0,0.0,0.0,107.0,0.0,25.0,0.0,0.0,25.0,6.0,60.0,6.0,0.0,60.0,0.0,0.0,16.0,0.0,106.0,16.0,0.0,106.0,320.0,0.0,0.0,320.0,0.0,0.0,0.0,0.0,0.0,0.0,0.0,0.0,0.0,0.0,0.0,0.0,0.0,0.0,"Mar 17, 2016"
706,2106002.0,238.0,Anbar,Haditha,Al hawija,حي الحويجه,34.1301257753,42.386263,85.0,510.0,85.0,0.0,0.0,0.0,0.0,0.0,0.0,0.0,0.0,0.0,0.0,0.0,0.0,0.0,0.0,0.0,0.0,0.0,0.0,26.0,0.0,0.0,0.0,0.0,0.0,4.0,31.0,4.0,0.0,31.0,0.0,0.0,0.0,0.0,24.0,0.0,0.0,24.0,85.0,0.0,0.0,85.0,0.0,0.0,0.0,0.0,0.0,0.0,0.0,0.0,0.0,0.0,0.0,0.0,0.0,0.0,"Mar 17, 2016"
707,2106003.0,24320.0,Anbar,Haditha,Al Khaldiyah Village,قرية الخالدية,34.022311,42.41589,53.0,318.0,0.0,0.0,0.0,0.0,0.0,0.0,0.0,0.0,0.0,0.0,0.0,0.0,0.0,0.0,53.0,0.0,0.0,0.0,0.0,53.0,0.0,0.0,0.0,0.0,0.0,0.0,0.0,0.0,0.0,0.0,0.0,0.0,0.0,0.0,0.0,0.0,0.0,0.0,0.0,0.0,53.0,0.0,0.0,53.0,0.0,0.0,0.0,0.0,0.0,0.0,0.0,0.0,0.0,0.0,0.0,0.0,"Mar 17, 2016"
708,2106004.0,24314.0,Anbar,Haditha,Al Khansaa,حي الخنساء,34.0892446458,42.3596500849,37.0,222.0,0.0,0.0,0.0,0.0,0.0,0.0,0.0,0.0,0.0,0.0,0.0,0.0,0.0,0.0,37.0,0.0,0.0,0.0,0.0,37.0,0.0,0.0,0.0,0.0,0.0,0.0,0.0,0.0,0.0,0.0,0.0,0.0,0.0,0.0,0.0,0.0,0.0,0.0,0.0,0.0,37.0,0.0,0.0,37.0,0.0,0.0,0.0,0.0,0.0,0.0,0.0,0.0,0.0,0.0,0.0,0.0,"Mar 17, 2016"
709,2106005.0,24321.0,Anbar,Haditha,Al Shamiyah Village,قرية الشامية,34.075578,42.37954,26.0,156.0,0.0,0.0,0.0,0.0,0.0,0.0,0.0,0.0,0.0,0.0,0.0,0.0,0.0,0.0,26.0,0.0,0.0,0.0,0.0,26.0,0.0,0.0,0.0,0.0,0.0,0.0,0.0,0.0,0.0,0.0,0.0,0.0,0.0,0.0,0.0,0.0,0.0,0.0,0.0,0.0,26.0,0.0,0.0,26.0,0.0,0.0,0.0,0.0,0.0,0.0,0.0,0.0,0.0,0.0,0.0,0.0,"Mar 17, 2016"
710,2106006.0,24324.0,Anbar,Haditha,Al Sheikh Mohammad Village,قرية شيخ محمد,34.1098365012,42.393653,87.0,522.0,0.0,0.0,0.0,0.0,0.0,0.0,0.0,0.0,0.0,0.0,0.0,0.0,50.0,0.0,37.0,0.0,0.0,0.0,0.0,87.0,0.0,0.0,0.0,0.0,0.0,0.0,0.0,0.0,0.0,0.0,0.0,0.0,0.0,0.0,0.0,0.0,0.0,0.0,0.0,0.0,87.0,0.0,0.0,87.0,0.0,0.0,0.0,0.0,0.0,0.0,0.0,0.0,0.0,0.0,0.0,0.0,"Mar 17, 2016"
711,2106007.0,23822.0,Anbar,Haditha,Albu Hayat,قرية البوحياة,34.00963,42.41603,348.0,2088.0,155.0,0.0,35.0,0.0,0.0,0.0,0.0,0.0,0.0,0.0,0.0,0.0,42.0,0.0,116.0,0.0,0.0,0.0,0.0,238.0,0.0,0.0,0.0,0.0,0.0,0.0,90.0,0.0,0.0,90.0,0.0,0.0,20.0,0.0,0.0,20.0,0.0,0.0,155.0,0.0,193.0,155.0,0.0,193.0,0.0,0.0,0.0,0.0,0.0,0.0,0.0,0.0,0.0,0.0,0.0,0.0,"Mar 17, 2016"
712,2106008.0,24111.0,Anbar,Haditha,Al-Khafajiyah Village,قرية الخفاجية,34.0616656615,42.385062,194.0,1164.0,147.0,0.0,0.0,0.0,0.0,0.0,0.0,0.0,0.0,0.0,0.0,0.0,0.0,0.0,47.0,0.0,0.0,0.0,0.0,114.0,0.0,0.0,0.0,0.0,0.0,4.0,39.0,4.0,0.0,39.0,0.0,0.0,5.0,0.0,32.0,5.0,0.0,32.0,147.0,0.0,47.0,147.0,0.0,47.0,0.0,0.0,0.0,0.0,0.0,0.0,0.0,0.0,0.0,0.0,0.0,0.0,"Mar 17, 2016"
713,2106009.0,23824.0,Anbar,Haditha,Al-Mutanabi,المتنبي,34.0790496661,42.3628776397,185.0,1110.0,169.0,0.0,0.0,0.0,0.0,0.0,0.0,0.0,0.0,0.0,0.0,0.0,0.0,0.0,16.0,0.0,0.0,0.0,0.0,147.0,0.0,0.0,0.0,0.0,0.0,0.0,38.0,0.0,0.0,38.0,0.0,0.0,0.0,0.0,0.0,0.0,0.0,0.0,89.0,0.0,16.0,89.0,0.0,16.0,80.0,0.0,0.0,80.0,0.0,0.0,0.0,0.0,0.0,0.0,0.0,0.0,"Mar 17, 2016"
714,2106010.0,23809.0,Anbar,Haditha,Al-sad Complex,المجمع السكني لسد حديثة,34.1841151324,42.369548,106.0,636.0,85.0,0.0,0.0,0.0,0.0,0.0,0.0,0.0,0.0,0.0,0.0,0.0,0.0,0.0,21.0,0.0,0.0,0.0,0.0,21.0,0.0,85.0,0.0,0.0,85.0,0.0,0.0,0.0,0.0,0.0,0.0,0.0,0.0,0.0,0.0,0.0,0.0,0.0,85.0,0.0,21.0,85.0,0.0,21.0,0.0,0.0,0.0,0.0,0.0,0.0,0.0,0.0,0.0,0.0,0.0,0.0,"Mar 17, 2016"
715,2106011.0,245.0,Anbar,Haditha,Bani Dahir,حي بني داهر,34.106733019,42.3791322213,253.0,1518.0,165.0,0.0,45.0,0.0,0.0,0.0,0.0,0.0,0.0,0.0,0.0,0.0,0.0,0.0,43.0,0.0,0.0,0.0,0.0,114.0,0.0,0.0,0.0,0.0,0.0,0.0,126.0,0.0,0.0,126.0,0.0,0.0,13.0,0.0,0.0,13.0,0.0,0.0,165.0,0.0,88.0,165.0,0.0,88.0,0.0,0.0,0.0,0.0,0.0,0.0,0.0,0.0,0.0,0.0,0.0,0.0,"Mar 17, 2016"
716,2106012.0,24109.0,Anbar,Haditha,Barwanah-Hay Al-Shurta,حي الشرطة-بروانه,34.0921256344,42.3974896456,269.0,1614.0,269.0,0.0,0.0,0.0,0.0,0.0,0.0,0.0,0.0,0.0,0.0,0.0,0.0,0.0,0.0,0.0,0.0,0.0,0.0,179.0,0.0,40.0,0.0,0.0,40.0,0.0,32.0,0.0,0.0,32.0,0.0,0.0,18.0,0.0,0.0,18.0,0.0,0.0,113.0,0.0,0.0,113.0,0.0,0.0,156.0,0.0,0.0,156.0,0.0,0.0,0.0,0.0,0.0,0.0,0.0,0.0,"Mar 17, 2016"
717,2106013.0,24117.0,Anbar,Haditha,Haqlaniyah-Hay Al-Faroq,حي الفاروق-حقلانية,34.0834106939,42.3519698245,187.0,1122.0,157.0,0.0,0.0,0.0,0.0,0.0,0.0,0.0,0.0,0.0,0.0,0.0,18.0,0.0,12.0,0.0,0.0,0.0,0.0,74.0,0.0,0.0,0.0,0.0,0.0,0.0,66.0,0.0,0.0,66.0,0.0,0.0,22.0,0.0,25.0,22.0,0.0,25.0,157.0,0.0,30.0,157.0,0.0,30.0,0.0,0.0,0.0,0.0,0.0,0.0,0.0,0.0,0.0,0.0,0.0,0.0,"Mar 17, 2016"
718,2106014.0,23823.0,Anbar,Haditha,Haqlaniyah-Al shuhadaa,حي الشهداء-الحقلانية,34.0853211,42.3542053325,349.0,2094.0,326.0,0.0,0.0,0.0,0.0,0.0,0.0,0.0,0.0,0.0,0.0,0.0,0.0,0.0,23.0,0.0,0.0,0.0,0.0,281.0,0.0,0.0,0.0,0.0,0.0,0.0,56.0,0.0,0.0,56.0,0.0,0.0,12.0,0.0,0.0,12.0,0.0,0.0,100.0,0.0,23.0,100.0,0.0,23.0,226.0,0.0,0.0,226.0,0.0,0.0,0.0,0.0,0.0,0.0,0.0,0.0,"Mar 17, 2016"
719,2106015.0,237.0,Anbar,Haditha,Hay Al Askary,حي العسكري,34.1274324212,42.3787375649,371.0,2226.0,343.0,0.0,0.0,0.0,0.0,0.0,0.0,0.0,0.0,0.0,0.0,0.0,28.0,0.0,0.0,0.0,0.0,0.0,0.0,208.0,0.0,10.0,0.0,0.0,10.0,2.0,112.0,2.0,0.0,112.0,0.0,0.0,14.0,0.0,25.0,14.0,0.0,25.0,192.0,0.0,28.0,192.0,0.0,28.0,151.0,0.0,0.0,151.0,0.0,0.0,0.0,0.0,0.0,0.0,0.0,0.0,"Mar 17, 2016"
720,2106016.0,24313.0,Anbar,Haditha,Hay Al barakah,حي البركة,34.0969423094,42.382642,48.0,288.0,30.0,0.0,0.0,0.0,0.0,0.0,0.0,0.0,0.0,0.0,0.0,0.0,0.0,0.0,18.0,0.0,0.0,0.0,0.0,48.0,0.0,0.0,0.0,0.0,0.0,0.0,0.0,0.0,0.0,0.0,0.0,0.0,0.0,0.0,0.0,0.0,0.0,0.0,0.0,0.0,18.0,0.0,0.0,18.0,30.0,0.0,0.0,30.0,0.0,0.0,0.0,0.0,0.0,0.0,0.0,0.0,"Mar 17, 2016"
721,2106017.0,23819.0,Anbar,Haditha,Hay Al Haqlaniyah Qadim,حي حقلانية القديمة,34.0877340757,42.3658490513,317.0,1902.0,317.0,0.0,0.0,0.0,0.0,0.0,0.0,0.0,0.0,0.0,0.0,0.0,0.0,0.0,0.0,0.0,0.0,0.0,0.0,200.0,0.0,12.0,0.0,0.0,12.0,0.0,105.0,0.0,0.0,105.0,0.0,0.0,0.0,0.0,0.0,0.0,0.0,0.0,184.0,0.0,0.0,184.0,0.0,0.0,133.0,0.0,0.0,133.0,0.0,0.0,0.0,0.0,0.0,0.0,0.0,0.0,"Mar 17, 2016"
722,2106018.0,24319.0,Anbar,Haditha,Hay Al Mustafa,حي المصطفى,34.0852380726,42.366315,11.0,66.0,0.0,0.0,0.0,0.0,0.0,0.0,0.0,0.0,0.0,0.0,0.0,0.0,0.0,0.0,11.0,0.0,0.0,0.0,0.0,11.0,0.0,0.0,0.0,0.0,0.0,0.0,0.0,0.0,0.0,0.0,0.0,0.0,0.0,0.0,0.0,0.0,0.0,0.0,0.0,0.0,11.0,0.0,0.0,11.0,0.0,0.0,0.0,0.0,0.0,0.0,0.0,0.0,0.0,0.0,0.0,0.0,"Mar 17, 2016"
723,2106019.0,24315.0,Anbar,Haditha,Hay Al Rahman,حي الرحمن,34.0871125339,42.376353,27.0,162.0,0.0,0.0,0.0,0.0,0.0,0.0,0.0,0.0,0.0,0.0,0.0,0.0,0.0,0.0,27.0,0.0,0.0,0.0,0.0,27.0,0.0,0.0,0.0,0.0,0.0,0.0,0.0,0.0,0.0,0.0,0.0,0.0,0.0,0.0,0.0,0.0,0.0,0.0,0.0,0.0,27.0,0.0,0.0,27.0,0.0,0.0,0.0,0.0,0.0,0.0,0.0,0.0,0.0,0.0,0.0,0.0,"Mar 17, 2016"
724,2106020.0,239.0,Anbar,Haditha,Hay Al Rifay,حي الرفاعي,34.1437380038,42.381055457,290.0,1740.0,210.0,0.0,0.0,0.0,0.0,0.0,0.0,0.0,0.0,0.0,0.0,0.0,55.0,0.0,25.0,0.0,0.0,0.0,0.0,141.0,0.0,0.0,0.0,0.0,0.0,3.0,116.0,3.0,0.0,116.0,0.0,0.0,0.0,0.0,30.0,0.0,0.0,30.0,210.0,0.0,80.0,210.0,0.0,80.0,0.0,0.0,0.0,0.0,0.0,0.0,0.0,0.0,0.0,0.0,0.0,0.0,"Mar 17, 2016"
725,2106021.0,24317.0,Anbar,Haditha,Hay Al Sadeq,حي الصديق,34.0885022902,42.366754,10.0,60.0,0.0,0.0,0.0,0.0,0.0,0.0,0.0,0.0,0.0,0.0,0.0,0.0,0.0,0.0,10.0,0.0,0.0,0.0,0.0,10.0,0.0,0.0,0.0,0.0,0.0,0.0,0.0,0.0,0.0,0.0,0.0,0.0,0.0,0.0,0.0,0.0,0.0,0.0,0.0,0.0,10.0,0.0,0.0,10.0,0.0,0.0,0.0,0.0,0.0,0.0,0.0,0.0,0.0,0.0,0.0,0.0,"Mar 17, 2016"
726,2106022.0,24316.0,Anbar,Haditha,Hay Al Salam,حي السلام,34.0892871524,42.3574758554,26.0,156.0,0.0,0.0,0.0,0.0,0.0,0.0,0.0,0.0,0.0,0.0,0.0,0.0,0.0,0.0,26.0,0.0,0.0,0.0,0.0,26.0,0.0,0.0,0.0,0.0,0.0,0.0,0.0,0.0,0.0,0.0,0.0,0.0,0.0,0.0,0.0,0.0,0.0,0.0,0.0,0.0,26.0,0.0,0.0,26.0,0.0,0.0,0.0,0.0,0.0,0.0,0.0,0.0,0.0,0.0,0.0,0.0,"Mar 17, 2016"
727,2106023.0,236.0,Anbar,Haditha,Hay Al Saray,حي السراي,34.1390551393,42.380526554,401.0,2406.0,371.0,0.0,0.0,0.0,0.0,0.0,0.0,0.0,0.0,0.0,0.0,0.0,0.0,0.0,30.0,0.0,0.0,0.0,0.0,216.0,0.0,29.0,0.0,0.0,29.0,0.0,135.0,0.0,0.0,135.0,0.0,0.0,0.0,0.0,21.0,0.0,0.0,21.0,267.0,0.0,30.0,267.0,0.0,30.0,104.0,0.0,0.0,104.0,0.0,0.0,0.0,0.0,0.0,0.0,0.0,0.0,"Mar 17, 2016"
728,2106024.0,23817.0,Anbar,Haditha,Hay Al Shay,حي الشاعي,34.12373,42.39746,300.0,1800.0,279.0,0.0,0.0,0.0,0.0,0.0,0.0,0.0,0.0,0.0,0.0,0.0,0.0,0.0,21.0,0.0,0.0,0.0,0.0,236.0,0.0,10.0,0.0,0.0,10.0,0.0,39.0,0.0,0.0,39.0,0.0,0.0,15.0,0.0,0.0,15.0,0.0,0.0,76.0,0.0,21.0,76.0,0.0,21.0,203.0,0.0,0.0,203.0,0.0,0.0,0.0,0.0,0.0,0.0,0.0,0.0,"Mar 17, 2016"
729,2106025.0,23813.0,Anbar,Haditha,Hay Al Shuhadaa,حي الشهداء,34.0926043308,42.397337,399.0,2394.0,360.0,0.0,0.0,0.0,0.0,0.0,0.0,0.0,0.0,0.0,0.0,0.0,19.0,0.0,20.0,0.0,0.0,0.0,0.0,284.0,0.0,0.0,0.0,0.0,0.0,0.0,95.0,0.0,0.0,95.0,0.0,0.0,0.0,0.0,20.0,0.0,0.0,20.0,178.0,0.0,39.0,178.0,0.0,39.0,182.0,0.0,0.0,182.0,0.0,0.0,0.0,0.0,0.0,0.0,0.0,0.0,"Mar 17, 2016"
730,2106026.0,241.0,Anbar,Haditha,Hay Al Shurta,حي الشرطة,34.1026508933,42.3712182047,189.0,1134.0,169.0,0.0,0.0,0.0,0.0,0.0,0.0,0.0,0.0,0.0,0.0,0.0,10.0,0.0,10.0,0.0,0.0,0.0,0.0,84.0,0.0,0.0,0.0,0.0,0.0,0.0,105.0,0.0,0.0,105.0,0.0,0.0,0.0,0.0,0.0,0.0,0.0,0.0,161.0,0.0,20.0,161.0,0.0,20.0,8.0,0.0,0.0,8.0,0.0,0.0,0.0,0.0,0.0,0.0,0.0,0.0,"Mar 17, 2016"
731,2106027.0,24318.0,Anbar,Haditha,Hay Al Somod,حي الصمود,34.0953788591,42.376703,280.0,1680.0,255.0,0.0,0.0,0.0,0.0,0.0,0.0,0.0,0.0,0.0,0.0,0.0,25.0,0.0,0.0,0.0,0.0,0.0,0.0,215.0,0.0,0.0,0.0,0.0,0.0,0.0,0.0,0.0,0.0,0.0,0.0,0.0,20.0,0.0,45.0,20.0,0.0,45.0,0.0,0.0,25.0,0.0,0.0,25.0,255.0,0.0,0.0,255.0,0.0,0.0,0.0,0.0,0.0,0.0,0.0,0.0,"Mar 17, 2016"
732,2106028.0,244.0,Anbar,Haditha,Hay Al Yarmuk,حي اليرموك,34.141936709,42.3702727969,403.0,2418.0,352.0,0.0,0.0,0.0,0.0,0.0,0.0,0.0,0.0,0.0,0.0,0.0,30.0,0.0,21.0,0.0,0.0,0.0,0.0,319.0,0.0,0.0,0.0,0.0,0.0,0.0,84.0,0.0,0.0,84.0,0.0,0.0,0.0,0.0,0.0,0.0,0.0,0.0,152.0,0.0,51.0,152.0,0.0,51.0,200.0,0.0,0.0,200.0,0.0,0.0,0.0,0.0,0.0,0.0,0.0,0.0,"Mar 17, 2016"
733,2106029.0,23814.0,Anbar,Haditha,Hay Al-Alyaa,حي العلياء,34.1182,42.40146,100.0,600.0,86.0,0.0,0.0,0.0,0.0,0.0,0.0,0.0,0.0,0.0,0.0,0.0,0.0,0.0,14.0,0.0,0.0,0.0,0.0,46.0,0.0,5.0,0.0,0.0,5.0,0.0,49.0,0.0,0.0,49.0,0.0,0.0,0.0,0.0,0.0,0.0,0.0,0.0,86.0,0.0,14.0,86.0,0.0,14.0,0.0,0.0,0.0,0.0,0.0,0.0,0.0,0.0,0.0,0.0,0.0,0.0,"Mar 17, 2016"
734,2106030.0,23816.0,Anbar,Haditha,Hay Al-Amin,حي الامين,34.0908854158,42.3787316411,179.0,1074.0,155.0,0.0,0.0,0.0,0.0,0.0,0.0,0.0,0.0,0.0,0.0,0.0,0.0,0.0,24.0,0.0,0.0,0.0,0.0,122.0,0.0,0.0,0.0,0.0,0.0,0.0,41.0,0.0,0.0,41.0,0.0,0.0,16.0,0.0,0.0,16.0,0.0,0.0,80.0,0.0,24.0,80.0,0.0,24.0,75.0,0.0,0.0,75.0,0.0,0.0,0.0,0.0,0.0,0.0,0.0,0.0,"Mar 17, 2016"
735,2106031.0,23815.0,Anbar,Haditha,Hay Al-Farouq,حي الفاروق,34.0943240177,42.382788,126.0,756.0,84.0,0.0,0.0,0.0,0.0,0.0,0.0,0.0,0.0,0.0,0.0,0.0,0.0,0.0,42.0,0.0,0.0,0.0,0.0,79.0,0.0,15.0,0.0,0.0,15.0,3.0,26.0,3.0,0.0,26.0,0.0,0.0,0.0,0.0,3.0,0.0,0.0,3.0,84.0,0.0,42.0,84.0,0.0,42.0,0.0,0.0,0.0,0.0,0.0,0.0,0.0,0.0,0.0,0.0,0.0,0.0,"Mar 17, 2016"
736,2106032.0,23804.0,Anbar,Haditha,Hay Al-Kurnish,حي كورنيش,34.1347591306,42.385175,37.0,222.0,20.0,0.0,0.0,0.0,0.0,0.0,0.0,0.0,0.0,0.0,0.0,0.0,0.0,0.0,17.0,0.0,0.0,0.0,0.0,26.0,0.0,0.0,0.0,0.0,0.0,0.0,11.0,0.0,0.0,11.0,0.0,0.0,0.0,0.0,0.0,0.0,0.0,0.0,20.0,0.0,17.0,20.0,0.0,17.0,0.0,0.0,0.0,0.0,0.0,0.0,0.0,0.0,0.0,0.0,0.0,0.0,"Mar 17, 2016"
737,2106033.0,23892.0,Anbar,Haditha,Hay al-malab,حي الملعب,34.1323048875,42.370732,67.0,402.0,30.0,0.0,0.0,0.0,0.0,0.0,0.0,0.0,0.0,0.0,0.0,0.0,0.0,0.0,37.0,0.0,0.0,0.0,0.0,53.0,0.0,8.0,0.0,0.0,8.0,0.0,6.0,0.0,0.0,6.0,0.0,0.0,0.0,0.0,0.0,0.0,0.0,0.0,20.0,0.0,37.0,20.0,0.0,37.0,10.0,0.0,0.0,10.0,0.0,0.0,0.0,0.0,0.0,0.0,0.0,0.0,"Mar 17, 2016"
738,2106034.0,23806.0,Anbar,Haditha,Hay Al-Mulameen,حي المعلمين,34.1348824618,42.3682633491,183.0,1098.0,157.0,0.0,0.0,0.0,0.0,0.0,0.0,0.0,0.0,0.0,0.0,0.0,0.0,0.0,26.0,0.0,0.0,0.0,0.0,103.0,0.0,0.0,0.0,0.0,0.0,0.0,80.0,0.0,0.0,80.0,0.0,0.0,0.0,0.0,0.0,0.0,0.0,0.0,127.0,0.0,26.0,127.0,0.0,26.0,30.0,0.0,0.0,30.0,0.0,0.0,0.0,0.0,0.0,0.0,0.0,0.0,"Mar 17, 2016"
739,2106035.0,24110.0,Anbar,Haditha,Hay Al-Mutasem,حي المعتصم,34.0827607126,42.369179,287.0,1722.0,274.0,0.0,0.0,0.0,0.0,0.0,0.0,0.0,0.0,0.0,0.0,0.0,0.0,0.0,13.0,0.0,0.0,0.0,0.0,224.0,0.0,0.0,0.0,0.0,0.0,0.0,39.0,0.0,0.0,39.0,0.0,0.0,11.0,0.0,13.0,11.0,0.0,13.0,100.0,0.0,13.0,100.0,0.0,13.0,174.0,0.0,0.0,174.0,0.0,0.0,0.0,0.0,0.0,0.0,0.0,0.0,"Mar 17, 2016"
740,2106036.0,23807.0,Anbar,Haditha,Hay Al-Rifaq,حي الرفاق,34.0991090956,42.364641,57.0,342.0,57.0,0.0,0.0,0.0,0.0,0.0,0.0,0.0,0.0,0.0,0.0,0.0,0.0,0.0,0.0,0.0,0.0,0.0,0.0,28.0,0.0,0.0,0.0,0.0,0.0,0.0,29.0,0.0,0.0,29.0,0.0,0.0,0.0,0.0,0.0,0.0,0.0,0.0,57.0,0.0,0.0,57.0,0.0,0.0,0.0,0.0,0.0,0.0,0.0,0.0,0.0,0.0,0.0,0.0,0.0,0.0,"Mar 17, 2016"
741,2106037.0,23805.0,Anbar,Haditha,Hay Al-shikh Al Hadid,حي شيخ حديد,34.1530680511,42.3797146127,90.0,540.0,27.0,0.0,0.0,0.0,0.0,0.0,0.0,0.0,0.0,0.0,0.0,0.0,43.0,0.0,20.0,0.0,0.0,0.0,0.0,67.0,0.0,0.0,0.0,0.0,0.0,0.0,23.0,0.0,0.0,23.0,0.0,0.0,0.0,0.0,0.0,0.0,0.0,0.0,27.0,0.0,63.0,27.0,0.0,63.0,0.0,0.0,0.0,0.0,0.0,0.0,0.0,0.0,0.0,0.0,0.0,0.0,"Mar 17, 2016"
742,2106038.0,79.0,Anbar,Haditha,Hay Al-Subhani,حي السبحاني,34.112913705,42.3826713747,248.0,1488.0,170.0,0.0,0.0,0.0,0.0,0.0,0.0,0.0,0.0,0.0,0.0,0.0,62.0,0.0,16.0,0.0,0.0,0.0,0.0,147.0,0.0,0.0,0.0,0.0,0.0,0.0,53.0,0.0,0.0,53.0,0.0,0.0,35.0,0.0,13.0,35.0,0.0,13.0,111.0,0.0,78.0,111.0,0.0,78.0,59.0,0.0,0.0,59.0,0.0,0.0,0.0,0.0,0.0,0.0,0.0,0.0,"Mar 17, 2016"
743,2106039.0,23808.0,Anbar,Haditha,Hay Al-Thamaniya,حي الثمانية,34.1508350741,42.3793673738,145.0,870.0,145.0,0.0,0.0,0.0,0.0,0.0,0.0,0.0,0.0,0.0,0.0,0.0,0.0,0.0,0.0,0.0,0.0,0.0,0.0,63.0,0.0,0.0,0.0,0.0,0.0,0.0,82.0,0.0,0.0,82.0,0.0,0.0,0.0,0.0,0.0,0.0,0.0,0.0,145.0,0.0,0.0,145.0,0.0,0.0,0.0,0.0,0.0,0.0,0.0,0.0,0.0,0.0,0.0,0.0,0.0,0.0,"Mar 17, 2016"
744,2106040.0,23811.0,Anbar,Haditha,Hay Barwanah Al Gharbiyah,حي بروانه غربيه,34.0954795625,42.3804397265,57.0,342.0,27.0,0.0,0.0,0.0,0.0,0.0,0.0,0.0,0.0,0.0,0.0,0.0,0.0,0.0,30.0,0.0,0.0,0.0,0.0,43.0,0.0,0.0,0.0,0.0,0.0,0.0,14.0,0.0,0.0,14.0,0.0,0.0,0.0,0.0,0.0,0.0,0.0,0.0,27.0,0.0,30.0,27.0,0.0,30.0,0.0,0.0,0.0,0.0,0.0,0.0,0.0,0.0,0.0,0.0,0.0,0.0,"Mar 17, 2016"
745,2106041.0,23810.0,Anbar,Haditha,Hay Barwanah Al Sharqiyah,حي بروانه شرقيه,34.0846965871,42.384818,243.0,1458.0,185.0,0.0,0.0,0.0,0.0,0.0,0.0,0.0,0.0,0.0,0.0,0.0,0.0,0.0,58.0,0.0,0.0,0.0,0.0,121.0,0.0,29.0,0.0,0.0,29.0,9.0,84.0,9.0,0.0,84.0,0.0,0.0,0.0,0.0,0.0,0.0,0.0,0.0,185.0,0.0,58.0,185.0,0.0,58.0,0.0,0.0,0.0,0.0,0.0,0.0,0.0,0.0,0.0,0.0,0.0,0.0,"Mar 17, 2016"
746,2106042.0,23818.0,Anbar,Haditha,Hay Ibn Al Haitham,حي ابن الهيثم,34.0847965891,42.395789,305.0,1830.0,274.0,0.0,0.0,0.0,0.0,0.0,0.0,0.0,0.0,0.0,0.0,0.0,0.0,0.0,31.0,0.0,0.0,0.0,0.0,238.0,0.0,0.0,0.0,0.0,0.0,0.0,67.0,0.0,0.0,67.0,0.0,0.0,0.0,0.0,0.0,0.0,0.0,0.0,114.0,0.0,31.0,114.0,0.0,31.0,160.0,0.0,0.0,160.0,0.0,0.0,0.0,0.0,0.0,0.0,0.0,0.0,"Mar 17, 2016"
747,2106043.0,23812.0,Anbar,Haditha,Hay Ibn Bittar,حي ابن بيطار,34.0838175182,42.3856371549,96.0,576.0,60.0,0.0,0.0,0.0,0.0,0.0,0.0,0.0,0.0,0.0,0.0,0.0,0.0,0.0,36.0,0.0,0.0,0.0,0.0,47.0,0.0,24.0,0.0,0.0,24.0,0.0,25.0,0.0,0.0,25.0,0.0,0.0,0.0,0.0,0.0,0.0,0.0,0.0,60.0,0.0,36.0,60.0,0.0,36.0,0.0,0.0,0.0,0.0,0.0,0.0,0.0,0.0,0.0,0.0,0.0,0.0,"Mar 17, 2016"
748,2106044.0,23820.0,Anbar,Haditha,Hay K 28,مجمع ك 28 (( كي ثري )),34.0718239267,42.3652488153,83.0,498.0,83.0,0.0,0.0,0.0,0.0,0.0,0.0,0.0,0.0,0.0,0.0,0.0,0.0,0.0,0.0,0.0,0.0,0.0,0.0,64.0,0.0,0.0,0.0,0.0,0.0,0.0,19.0,0.0,0.0,19.0,0.0,0.0,0.0,0.0,0.0,0.0,0.0,0.0,83.0,0.0,0.0,83.0,0.0,0.0,0.0,0.0,0.0,0.0,0.0,0.0,0.0,0.0,0.0,0.0,0.0,0.0,"Mar 17, 2016"
749,2106045.0,243.0,Anbar,Haditha,Hay Sala Din,حي صلاح الدين,34.1654261661,42.367382,55.0,330.0,16.0,0.0,0.0,0.0,0.0,0.0,0.0,0.0,0.0,0.0,0.0,0.0,0.0,0.0,39.0,0.0,0.0,0.0,0.0,55.0,0.0,0.0,0.0,0.0,0.0,0.0,0.0,0.0,0.0,0.0,0.0,0.0,0.0,0.0,0.0,0.0,0.0,0.0,16.0,0.0,39.0,16.0,0.0,39.0,0.0,0.0,0.0,0.0,0.0,0.0,0.0,0.0,0.0,0.0,0.0,0.0,"Mar 17, 2016"
750,2106046.0,24322.0,Anbar,Haditha,Jabeel Bani Salih Village,قرية جبيل بني صالح,34.0474091773,42.404385,33.0,198.0,0.0,0.0,0.0,0.0,0.0,0.0,0.0,0.0,0.0,0.0,0.0,0.0,0.0,0.0,33.0,0.0,0.0,0.0,0.0,33.0,0.0,0.0,0.0,0.0,0.0,0.0,0.0,0.0,0.0,0.0,0.0,0.0,0.0,0.0,0.0,0.0,0.0,0.0,0.0,0.0,33.0,0.0,0.0,33.0,0.0,0.0,0.0,0.0,0.0,0.0,0.0,0.0,0.0,0.0,0.0,0.0,"Mar 17, 2016"
751,2106047.0,23893.0,Anbar,Haditha,Qaryat Al khafsa,منطقة الخسفة,34.1795462399,42.252033,183.0,1098.0,183.0,0.0,0.0,0.0,0.0,0.0,0.0,0.0,0.0,0.0,0.0,0.0,0.0,0.0,0.0,0.0,0.0,0.0,0.0,96.0,0.0,0.0,0.0,0.0,0.0,0.0,87.0,0.0,0.0,87.0,0.0,0.0,0.0,0.0,0.0,0.0,0.0,0.0,183.0,0.0,0.0,183.0,0.0,0.0,0.0,0.0,0.0,0.0,0.0,0.0,0.0,0.0,0.0,0.0,0.0,0.0,"Mar 17, 2016"
752,2106048.0,24323.0,Anbar,Haditha,Shbirah Village,قرية شبيرة,34.0672903685,42.408788,97.0,582.0,0.0,0.0,0.0,0.0,0.0,0.0,0.0,0.0,0.0,0.0,0.0,0.0,28.0,0.0,69.0,0.0,0.0,0.0,0.0,97.0,0.0,0.0,0.0,0.0,0.0,0.0,0.0,0.0,0.0,0.0,0.0,0.0,0.0,0.0,0.0,0.0,0.0,0.0,0.0,0.0,97.0,0.0,0.0,97.0,0.0,0.0,0.0,0.0,0.0,0.0,0.0,0.0,0.0,0.0,0.0,0.0,"Mar 17, 2016"
753,2106049.0,23825.0,Anbar,Haditha,Zaghdan,زغدان,34.009818945,42.408029,69.0,414.0,69.0,0.0,0.0,0.0,0.0,0.0,0.0,0.0,0.0,0.0,0.0,0.0,0.0,0.0,0.0,0.0,0.0,0.0,0.0,24.0,0.0,0.0,0.0,0.0,0.0,0.0,45.0,0.0,0.0,45.0,0.0,0.0,0.0,0.0,0.0,0.0,0.0,0.0,69.0,0.0,0.0,69.0,0.0,0.0,0.0,0.0,0.0,0.0,0.0,0.0,0.0,0.0,0.0,0.0,0.0,0.0,"Mar 17, 2016"
754,2107001.0,100.0,Anbar,Heet,Abu Tibban,ابوطيبان,33.5277092375,42.9482361513,82.0,492.0,82.0,0.0,0.0,0.0,0.0,0.0,0.0,0.0,0.0,0.0,0.0,0.0,0.0,0.0,0.0,0.0,0.0,0.0,0.0,29.0,0.0,0.0,0.0,0.0,0.0,0.0,0.0,0.0,0.0,0.0,0.0,0.0,17.0,0.0,36.0,17.0,0.0,36.0,75.0,0.0,0.0,75.0,0.0,0.0,7.0,0.0,0.0,7.0,0.0,0.0,0.0,0.0,0.0,0.0,0.0,0.0,"Mar 17, 2016"
755,2107002.0,24331.0,Anbar,Heet,Al Amrah,العامرة,33.8443516729,42.476101,13.0,78.0,13.0,0.0,0.0,0.0,0.0,0.0,0.0,0.0,0.0,0.0,0.0,0.0,0.0,0.0,0.0,0.0,0.0,0.0,0.0,13.0,0.0,0.0,0.0,0.0,0.0,0.0,0.0,0.0,0.0,0.0,0.0,0.0,0.0,0.0,0.0,0.0,0.0,0.0,0.0,0.0,13.0,0.0,0.0,13.0,0.0,0.0,0.0,0.0,0.0,0.0,0.0,0.0,0.0,0.0,0.0,0.0,"Mar 17, 2016"
756,2107003.0,23828.0,Anbar,Heet,Al Awasel,العواصل,33.4287382693,42.596165,159.0,954.0,84.0,0.0,75.0,0.0,0.0,0.0,0.0,0.0,0.0,0.0,0.0,0.0,0.0,0.0,0.0,0.0,0.0,0.0,0.0,45.0,0.0,0.0,0.0,0.0,0.0,0.0,0.0,0.0,0.0,0.0,0.0,0.0,53.0,0.0,61.0,53.0,0.0,61.0,78.0,0.0,75.0,78.0,0.0,75.0,6.0,0.0,0.0,6.0,0.0,0.0,0.0,0.0,0.0,0.0,0.0,0.0,"Mar 17, 2016"
757,2107004.0,163.0,Anbar,Heet,Al Baker,حي البكر,33.6495814515,42.8313428573,851.0,5106.0,786.0,0.0,0.0,0.0,0.0,0.0,0.0,0.0,0.0,0.0,0.0,0.0,0.0,0.0,65.0,0.0,0.0,0.0,0.0,683.0,0.0,0.0,0.0,0.0,0.0,0.0,78.0,0.0,0.0,78.0,0.0,0.0,0.0,0.0,90.0,0.0,0.0,90.0,693.0,0.0,65.0,693.0,0.0,65.0,0.0,0.0,93.0,0.0,0.0,93.0,0.0,0.0,0.0,0.0,0.0,0.0,"Mar 17, 2016"
758,2107005.0,24723.0,Anbar,Heet,Al Balatiyah,البلاطية,33.6967563004,42.847449,77.0,462.0,77.0,0.0,0.0,0.0,0.0,0.0,0.0,0.0,0.0,0.0,0.0,0.0,0.0,0.0,0.0,0.0,0.0,0.0,0.0,57.0,0.0,0.0,0.0,0.0,0.0,0.0,0.0,0.0,0.0,0.0,0.0,0.0,20.0,0.0,0.0,20.0,0.0,0.0,0.0,0.0,0.0,0.0,0.0,0.0,55.0,0.0,22.0,55.0,0.0,22.0,0.0,0.0,0.0,0.0,0.0,0.0,"Mar 17, 2016"
759,2107006.0,24724.0,Anbar,Heet,Al dawarah Al Gharbiyah,الدوارة الغربية,33.6410776416,42.8299104029,61.0,366.0,61.0,0.0,0.0,0.0,0.0,0.0,0.0,0.0,0.0,0.0,0.0,0.0,0.0,0.0,0.0,0.0,0.0,0.0,0.0,49.0,0.0,0.0,0.0,0.0,0.0,0.0,0.0,0.0,0.0,0.0,0.0,0.0,12.0,0.0,0.0,12.0,0.0,0.0,0.0,0.0,0.0,0.0,0.0,0.0,45.0,0.0,16.0,45.0,0.0,16.0,0.0,0.0,0.0,0.0,0.0,0.0,"Mar 17, 2016"
760,2107007.0,24326.0,Anbar,Heet,Al Hamadi,الحمادي,33.6331986358,42.84736,43.0,258.0,43.0,0.0,0.0,0.0,0.0,0.0,0.0,0.0,0.0,0.0,0.0,0.0,0.0,0.0,0.0,0.0,0.0,0.0,0.0,43.0,0.0,0.0,0.0,0.0,0.0,0.0,0.0,0.0,0.0,0.0,0.0,0.0,0.0,0.0,0.0,0.0,0.0,0.0,0.0,0.0,22.0,0.0,0.0,22.0,0.0,0.0,21.0,0.0,0.0,21.0,0.0,0.0,0.0,0.0,0.0,0.0,"Mar 17, 2016"
761,2107008.0,24327.0,Anbar,Heet,Al Hitan,الحيطان,33.9063339689,42.732874,8.0,48.0,8.0,0.0,0.0,0.0,0.0,0.0,0.0,0.0,0.0,0.0,0.0,0.0,0.0,0.0,0.0,0.0,0.0,0.0,0.0,8.0,0.0,0.0,0.0,0.0,0.0,0.0,0.0,0.0,0.0,0.0,0.0,0.0,0.0,0.0,0.0,0.0,0.0,0.0,0.0,0.0,8.0,0.0,0.0,8.0,0.0,0.0,0.0,0.0,0.0,0.0,0.0,0.0,0.0,0.0,0.0,0.0,"Mar 17, 2016"
762,2107009.0,24727.0,Anbar,Heet,Al Jaladiyah,الجلادية,33.7042841318,42.764259,70.0,420.0,70.0,0.0,0.0,0.0,0.0,0.0,0.0,0.0,0.0,0.0,0.0,0.0,0.0,0.0,0.0,0.0,0.0,0.0,0.0,70.0,0.0,0.0,0.0,0.0,0.0,0.0,0.0,0.0,0.0,0.0,0.0,0.0,0.0,0.0,0.0,0.0,0.0,0.0,0.0,0.0,0.0,0.0,0.0,0.0,50.0,0.0,20.0,50.0,0.0,20.0,0.0,0.0,0.0,0.0,0.0,0.0,"Mar 17, 2016"
763,2107010.0,24728.0,Anbar,Heet,Al Jarorah,الجرورة,33.6236046795,42.797579,101.0,606.0,101.0,0.0,0.0,0.0,0.0,0.0,0.0,0.0,0.0,0.0,0.0,0.0,0.0,0.0,0.0,0.0,0.0,0.0,0.0,78.0,0.0,0.0,0.0,0.0,0.0,0.0,15.0,0.0,0.0,15.0,0.0,0.0,8.0,0.0,0.0,8.0,0.0,0.0,0.0,0.0,0.0,0.0,0.0,0.0,101.0,0.0,0.0,101.0,0.0,0.0,0.0,0.0,0.0,0.0,0.0,0.0,"Mar 17, 2016"
764,2107011.0,24325.0,Anbar,Heet,Al Jazerah,الجزيرة,33.90213,42.573295,33.0,198.0,33.0,0.0,0.0,0.0,0.0,0.0,0.0,0.0,0.0,0.0,0.0,0.0,0.0,0.0,0.0,0.0,0.0,0.0,0.0,33.0,0.0,0.0,0.0,0.0,0.0,0.0,0.0,0.0,0.0,0.0,0.0,0.0,0.0,0.0,0.0,0.0,0.0,0.0,0.0,0.0,33.0,0.0,0.0,33.0,0.0,0.0,0.0,0.0,0.0,0.0,0.0,0.0,0.0,0.0,0.0,0.0,"Mar 17, 2016"
765,2107012.0,23830.0,Anbar,Heet,Al Khudha,الخوضة ,33.5991482053,42.8704741336,147.0,882.0,147.0,0.0,0.0,0.0,0.0,0.0,0.0,0.0,0.0,0.0,0.0,0.0,0.0,0.0,0.0,0.0,0.0,0.0,0.0,103.0,0.0,0.0,0.0,0.0,0.0,0.0,0.0,0.0,0.0,0.0,0.0,0.0,0.0,0.0,44.0,0.0,0.0,44.0,126.0,0.0,0.0,126.0,0.0,0.0,21.0,0.0,0.0,21.0,0.0,0.0,0.0,0.0,0.0,0.0,0.0,0.0,"Mar 17, 2016"
766,2107013.0,152.0,Anbar,Heet,Al Muhamdee,المحمدي ,33.5595164852,42.9014847757,799.0,4794.0,799.0,0.0,0.0,0.0,0.0,0.0,0.0,0.0,0.0,0.0,0.0,0.0,0.0,0.0,0.0,0.0,0.0,0.0,0.0,585.0,0.0,36.0,0.0,0.0,36.0,0.0,39.0,0.0,0.0,39.0,0.0,0.0,17.0,0.0,122.0,17.0,0.0,122.0,741.0,0.0,42.0,741.0,0.0,42.0,16.0,0.0,0.0,16.0,0.0,0.0,0.0,0.0,0.0,0.0,0.0,0.0,"Mar 17, 2016"
767,2107014.0,24328.0,Anbar,Heet,Al Rees,الريس,33.6627574373,42.753416,42.0,252.0,42.0,0.0,0.0,0.0,0.0,0.0,0.0,0.0,0.0,0.0,0.0,0.0,0.0,0.0,0.0,0.0,0.0,0.0,0.0,42.0,0.0,0.0,0.0,0.0,0.0,0.0,0.0,0.0,0.0,0.0,0.0,0.0,0.0,0.0,0.0,0.0,0.0,0.0,0.0,0.0,28.0,0.0,0.0,28.0,0.0,0.0,14.0,0.0,0.0,14.0,0.0,0.0,0.0,0.0,0.0,0.0,"Mar 17, 2016"
768,2107015.0,24330.0,Anbar,Heet,Al Sadan,السعدان,33.8525908509,42.745073,14.0,84.0,14.0,0.0,0.0,0.0,0.0,0.0,0.0,0.0,0.0,0.0,0.0,0.0,0.0,0.0,0.0,0.0,0.0,0.0,0.0,14.0,0.0,0.0,0.0,0.0,0.0,0.0,0.0,0.0,0.0,0.0,0.0,0.0,0.0,0.0,0.0,0.0,0.0,0.0,0.0,0.0,14.0,0.0,0.0,14.0,0.0,0.0,0.0,0.0,0.0,0.0,0.0,0.0,0.0,0.0,0.0,0.0,"Mar 17, 2016"
769,2107016.0,24113.0,Anbar,Heet,Al Salkah,السكلة,33.6418217742,42.8279729233,124.0,744.0,54.0,0.0,70.0,0.0,0.0,0.0,0.0,0.0,0.0,0.0,0.0,0.0,0.0,0.0,0.0,0.0,0.0,0.0,0.0,83.0,0.0,0.0,0.0,0.0,0.0,0.0,24.0,0.0,0.0,24.0,0.0,0.0,0.0,0.0,17.0,0.0,0.0,17.0,30.0,0.0,70.0,30.0,0.0,70.0,0.0,0.0,24.0,0.0,0.0,24.0,0.0,0.0,0.0,0.0,0.0,0.0,"Mar 17, 2016"
770,2107017.0,24329.0,Anbar,Heet,Al Sardiyah,السردية,33.7037876118,42.73899,68.0,408.0,68.0,0.0,0.0,0.0,0.0,0.0,0.0,0.0,0.0,0.0,0.0,0.0,0.0,0.0,0.0,0.0,0.0,0.0,0.0,68.0,0.0,0.0,0.0,0.0,0.0,0.0,0.0,0.0,0.0,0.0,0.0,0.0,0.0,0.0,0.0,0.0,0.0,0.0,0.0,0.0,60.0,0.0,0.0,60.0,8.0,0.0,0.0,8.0,0.0,0.0,0.0,0.0,0.0,0.0,0.0,0.0,"Mar 17, 2016"
771,2107018.0,24114.0,Anbar,Heet,Al Shuqaq,الشقق,33.5933684977,42.6205160342,250.0,1500.0,250.0,0.0,0.0,0.0,0.0,0.0,0.0,0.0,0.0,0.0,0.0,0.0,0.0,0.0,0.0,0.0,0.0,0.0,0.0,250.0,0.0,0.0,0.0,0.0,0.0,0.0,0.0,0.0,0.0,0.0,0.0,0.0,0.0,0.0,0.0,0.0,0.0,0.0,250.0,0.0,0.0,250.0,0.0,0.0,0.0,0.0,0.0,0.0,0.0,0.0,0.0,0.0,0.0,0.0,0.0,0.0,"Mar 17, 2016"
772,2107019.0,24332.0,Anbar,Heet,Al Wafaa,الوفاء,33.54441,43.004028,52.0,312.0,52.0,0.0,0.0,0.0,0.0,0.0,0.0,0.0,0.0,0.0,0.0,0.0,0.0,0.0,0.0,0.0,0.0,0.0,0.0,52.0,0.0,0.0,0.0,0.0,0.0,0.0,0.0,0.0,0.0,0.0,0.0,0.0,0.0,0.0,0.0,0.0,0.0,0.0,0.0,0.0,52.0,0.0,0.0,52.0,0.0,0.0,0.0,0.0,0.0,0.0,0.0,0.0,0.0,0.0,0.0,0.0,"Mar 17, 2016"
773,2107020.0,23845.0,Anbar,Heet,Al-Aliyah,العلية,33.8563001413,42.696271,17.0,102.0,17.0,0.0,0.0,0.0,0.0,0.0,0.0,0.0,0.0,0.0,0.0,0.0,0.0,0.0,0.0,0.0,0.0,0.0,0.0,13.0,0.0,0.0,0.0,0.0,0.0,0.0,0.0,0.0,0.0,0.0,0.0,0.0,0.0,0.0,4.0,0.0,0.0,4.0,17.0,0.0,0.0,17.0,0.0,0.0,0.0,0.0,0.0,0.0,0.0,0.0,0.0,0.0,0.0,0.0,0.0,0.0,"Mar 17, 2016"
774,2107021.0,21229.0,Anbar,Heet,Al-Bustamiyah,البسطامية,33.7409266375,42.71845,30.0,180.0,30.0,0.0,0.0,0.0,0.0,0.0,0.0,0.0,0.0,0.0,0.0,0.0,0.0,0.0,0.0,0.0,0.0,0.0,0.0,30.0,0.0,0.0,0.0,0.0,0.0,0.0,0.0,0.0,0.0,0.0,0.0,0.0,0.0,0.0,0.0,0.0,0.0,0.0,0.0,0.0,21.0,0.0,0.0,21.0,9.0,0.0,0.0,9.0,0.0,0.0,0.0,0.0,0.0,0.0,0.0,0.0,"Mar 17, 2016"
775,2107022.0,24725.0,Anbar,Heet,Al-Esmaeliyah,الاسماعيلية,33.7016046754,42.74421,101.0,606.0,101.0,0.0,0.0,0.0,0.0,0.0,0.0,0.0,0.0,0.0,0.0,0.0,0.0,0.0,0.0,0.0,0.0,0.0,0.0,61.0,0.0,0.0,0.0,0.0,0.0,0.0,10.0,0.0,0.0,10.0,0.0,0.0,30.0,0.0,0.0,30.0,0.0,0.0,0.0,0.0,0.0,0.0,0.0,0.0,101.0,0.0,0.0,101.0,0.0,0.0,0.0,0.0,0.0,0.0,0.0,0.0,"Mar 17, 2016"
776,2107023.0,24726.0,Anbar,Heet,Al-Hajar,الحجر,33.6717844339,42.77742,89.0,534.0,89.0,0.0,0.0,0.0,0.0,0.0,0.0,0.0,0.0,0.0,0.0,0.0,0.0,0.0,0.0,0.0,0.0,0.0,0.0,77.0,0.0,0.0,0.0,0.0,0.0,0.0,0.0,0.0,0.0,0.0,0.0,0.0,12.0,0.0,0.0,12.0,0.0,0.0,0.0,0.0,0.0,0.0,0.0,0.0,70.0,0.0,19.0,70.0,0.0,19.0,0.0,0.0,0.0,0.0,0.0,0.0,"Mar 17, 2016"
777,2107024.0,23844.0,Anbar,Heet,Al-Jananiyah,الجنانية,33.8902133824,42.769421,39.0,234.0,39.0,0.0,0.0,0.0,0.0,0.0,0.0,0.0,0.0,0.0,0.0,0.0,0.0,0.0,0.0,0.0,0.0,0.0,0.0,30.0,0.0,0.0,0.0,0.0,0.0,0.0,0.0,0.0,0.0,0.0,0.0,0.0,0.0,0.0,9.0,0.0,0.0,9.0,39.0,0.0,0.0,39.0,0.0,0.0,0.0,0.0,0.0,0.0,0.0,0.0,0.0,0.0,0.0,0.0,0.0,0.0,"Mar 17, 2016"
778,2107025.0,23841.0,Anbar,Heet,Al-Jawanah,الجواعنة ,33.9074488009,42.541386,38.0,228.0,38.0,0.0,0.0,0.0,0.0,0.0,0.0,0.0,0.0,0.0,0.0,0.0,0.0,0.0,0.0,0.0,0.0,0.0,0.0,22.0,0.0,0.0,0.0,0.0,0.0,0.0,0.0,0.0,0.0,0.0,0.0,0.0,7.0,0.0,9.0,7.0,0.0,9.0,38.0,0.0,0.0,38.0,0.0,0.0,0.0,0.0,0.0,0.0,0.0,0.0,0.0,0.0,0.0,0.0,0.0,0.0,"Mar 17, 2016"
779,2107026.0,23826.0,Anbar,Heet,Al-Khaldiyah,الخالدية ,33.706663,42.727072,204.0,1224.0,204.0,0.0,0.0,0.0,0.0,0.0,0.0,0.0,0.0,0.0,0.0,0.0,0.0,0.0,0.0,0.0,0.0,0.0,0.0,175.0,0.0,0.0,0.0,0.0,0.0,0.0,0.0,0.0,0.0,0.0,0.0,0.0,0.0,0.0,29.0,0.0,0.0,29.0,184.0,0.0,0.0,184.0,0.0,0.0,0.0,0.0,20.0,0.0,0.0,20.0,0.0,0.0,0.0,0.0,0.0,0.0,"Mar 17, 2016"
780,2107027.0,23832.0,Anbar,Heet,Al-Mamora,المعمورة,33.6288971366,42.7969442439,334.0,2004.0,334.0,0.0,0.0,0.0,0.0,0.0,0.0,0.0,0.0,0.0,0.0,0.0,0.0,0.0,0.0,0.0,0.0,0.0,0.0,302.0,0.0,0.0,0.0,0.0,0.0,0.0,0.0,0.0,0.0,0.0,0.0,0.0,0.0,0.0,32.0,0.0,0.0,32.0,142.0,0.0,162.0,142.0,0.0,162.0,0.0,0.0,30.0,0.0,0.0,30.0,0.0,0.0,0.0,0.0,0.0,0.0,"Mar 17, 2016"
781,2107028.0,23890.0,Anbar,Heet,Al-Mashhad,المشهد,33.8828423089,42.5223386435,169.0,1014.0,169.0,0.0,0.0,0.0,0.0,0.0,0.0,0.0,0.0,0.0,0.0,0.0,0.0,0.0,0.0,0.0,0.0,0.0,0.0,46.0,0.0,0.0,0.0,0.0,0.0,9.0,32.0,9.0,0.0,32.0,0.0,0.0,0.0,0.0,82.0,0.0,0.0,82.0,159.0,0.0,0.0,159.0,0.0,0.0,10.0,0.0,0.0,10.0,0.0,0.0,0.0,0.0,0.0,0.0,0.0,0.0,"Mar 17, 2016"
782,2107029.0,135.0,Anbar,Heet,Al-muabdiyat,المعبديات,33.6466880318,42.8414554018,208.0,1248.0,208.0,0.0,0.0,0.0,0.0,0.0,0.0,0.0,0.0,0.0,0.0,0.0,0.0,0.0,0.0,0.0,0.0,0.0,0.0,151.0,0.0,0.0,0.0,0.0,0.0,0.0,10.0,0.0,0.0,10.0,0.0,0.0,0.0,0.0,47.0,0.0,0.0,47.0,187.0,0.0,0.0,187.0,0.0,0.0,0.0,0.0,21.0,0.0,0.0,21.0,0.0,0.0,0.0,0.0,0.0,0.0,"Mar 17, 2016"
783,2107030.0,21323.0,Anbar,Heet,Al-Mujama Al-Sakani,الحي السكني,33.9211734022,42.5245490745,92.0,552.0,92.0,0.0,0.0,0.0,0.0,0.0,0.0,0.0,0.0,0.0,0.0,0.0,0.0,0.0,0.0,0.0,0.0,0.0,0.0,39.0,0.0,0.0,0.0,0.0,0.0,0.0,21.0,0.0,0.0,21.0,0.0,0.0,16.0,0.0,16.0,16.0,0.0,16.0,92.0,0.0,0.0,92.0,0.0,0.0,0.0,0.0,0.0,0.0,0.0,0.0,0.0,0.0,0.0,0.0,0.0,0.0,"Mar 17, 2016"
784,2107031.0,23827.0,Anbar,Heet,Al-Qalqalah,القلقة ,33.6428989134,42.8265522646,998.0,5988.0,984.0,0.0,14.0,0.0,0.0,0.0,0.0,0.0,0.0,0.0,0.0,0.0,0.0,0.0,0.0,0.0,0.0,0.0,0.0,800.0,0.0,0.0,0.0,0.0,0.0,0.0,48.0,0.0,0.0,48.0,0.0,0.0,18.0,0.0,132.0,18.0,0.0,132.0,937.0,0.0,40.0,937.0,0.0,40.0,0.0,0.0,21.0,0.0,0.0,21.0,0.0,0.0,0.0,0.0,0.0,0.0,"Mar 17, 2016"
785,2107032.0,23842.0,Anbar,Heet,Al-Qutiniyah,القطنية ,33.9026851459,42.561854,29.0,174.0,29.0,0.0,0.0,0.0,0.0,0.0,0.0,0.0,0.0,0.0,0.0,0.0,0.0,0.0,0.0,0.0,0.0,0.0,0.0,21.0,0.0,0.0,0.0,0.0,0.0,0.0,0.0,0.0,0.0,0.0,0.0,0.0,0.0,0.0,8.0,0.0,0.0,8.0,29.0,0.0,0.0,29.0,0.0,0.0,0.0,0.0,0.0,0.0,0.0,0.0,0.0,0.0,0.0,0.0,0.0,0.0,"Mar 17, 2016"
786,2107033.0,136.0,Anbar,Heet,Al-shuhdaa,الشهداء,33.8863781707,42.5243227775,139.0,834.0,139.0,0.0,0.0,0.0,0.0,0.0,0.0,0.0,0.0,0.0,0.0,0.0,0.0,0.0,0.0,0.0,0.0,0.0,0.0,90.0,0.0,0.0,0.0,0.0,0.0,0.0,12.0,0.0,0.0,12.0,0.0,0.0,0.0,0.0,37.0,0.0,0.0,37.0,35.0,0.0,60.0,35.0,0.0,60.0,44.0,0.0,0.0,44.0,0.0,0.0,0.0,0.0,0.0,0.0,0.0,0.0,"Mar 17, 2016"
787,2107034.0,23831.0,Anbar,Heet,Al-Sikak,السكك,33.629583566,42.8194766333,190.0,1140.0,190.0,0.0,0.0,0.0,0.0,0.0,0.0,0.0,0.0,0.0,0.0,0.0,0.0,0.0,0.0,0.0,0.0,0.0,0.0,115.0,0.0,0.0,0.0,0.0,0.0,0.0,0.0,0.0,0.0,0.0,0.0,0.0,0.0,0.0,75.0,0.0,0.0,75.0,171.0,0.0,0.0,171.0,0.0,0.0,0.0,0.0,19.0,0.0,0.0,19.0,0.0,0.0,0.0,0.0,0.0,0.0,"Mar 17, 2016"
788,2107035.0,23847.0,Anbar,Heet,Al-Tarabshah,مجمع الطرابشة ,33.533785828,42.977186,165.0,990.0,165.0,0.0,0.0,0.0,0.0,0.0,0.0,0.0,0.0,0.0,0.0,0.0,0.0,0.0,0.0,0.0,0.0,0.0,0.0,107.0,0.0,0.0,0.0,0.0,0.0,0.0,8.0,0.0,0.0,8.0,0.0,0.0,18.0,0.0,32.0,18.0,0.0,32.0,165.0,0.0,0.0,165.0,0.0,0.0,0.0,0.0,0.0,0.0,0.0,0.0,0.0,0.0,0.0,0.0,0.0,0.0,"Mar 17, 2016"
789,2107036.0,312.0,Anbar,Heet,Al-Ummal,العمال ,33.6341557212,42.8268458985,600.0,3600.0,600.0,0.0,0.0,0.0,0.0,0.0,0.0,0.0,0.0,0.0,0.0,0.0,0.0,0.0,0.0,0.0,0.0,0.0,0.0,449.0,0.0,0.0,0.0,0.0,0.0,0.0,24.0,0.0,0.0,24.0,0.0,0.0,14.0,0.0,113.0,14.0,0.0,113.0,590.0,0.0,0.0,590.0,0.0,0.0,10.0,0.0,0.0,10.0,0.0,0.0,0.0,0.0,0.0,0.0,0.0,0.0,"Mar 17, 2016"
790,2107037.0,24333.0,Anbar,Heet,Amirah,عميرة,33.7011112512,42.79214,18.0,108.0,18.0,0.0,0.0,0.0,0.0,0.0,0.0,0.0,0.0,0.0,0.0,0.0,0.0,0.0,0.0,0.0,0.0,0.0,0.0,18.0,0.0,0.0,0.0,0.0,0.0,0.0,0.0,0.0,0.0,0.0,0.0,0.0,0.0,0.0,0.0,0.0,0.0,0.0,0.0,0.0,18.0,0.0,0.0,18.0,0.0,0.0,0.0,0.0,0.0,0.0,0.0,0.0,0.0,0.0,0.0,0.0,"Mar 17, 2016"
791,2107038.0,11.0,Anbar,Heet,Aqabah,العكبة,33.5317844285,42.90995,167.0,1002.0,167.0,0.0,0.0,0.0,0.0,0.0,0.0,0.0,0.0,0.0,0.0,0.0,0.0,0.0,0.0,0.0,0.0,0.0,0.0,121.0,0.0,28.0,0.0,0.0,28.0,0.0,5.0,0.0,0.0,5.0,0.0,0.0,0.0,0.0,13.0,0.0,0.0,13.0,139.0,0.0,0.0,139.0,0.0,0.0,0.0,0.0,28.0,0.0,0.0,28.0,0.0,0.0,0.0,0.0,0.0,0.0,"Mar 17, 2016"
792,2107039.0,24115.0,Anbar,Heet,Bani Khazraj,بني خزرج,33.9133203162,42.730246,100.0,600.0,22.0,0.0,78.0,0.0,0.0,0.0,0.0,0.0,0.0,0.0,0.0,0.0,0.0,0.0,0.0,0.0,0.0,0.0,0.0,62.0,0.0,0.0,0.0,0.0,0.0,0.0,0.0,0.0,0.0,0.0,0.0,0.0,0.0,0.0,38.0,0.0,0.0,38.0,22.0,0.0,78.0,22.0,0.0,78.0,0.0,0.0,0.0,0.0,0.0,0.0,0.0,0.0,0.0,0.0,0.0,0.0,"Mar 17, 2016"
793,2107040.0,21264.0,Anbar,Heet,Basair,البصائر ,33.6499488968,42.808090272,350.0,2100.0,350.0,0.0,0.0,0.0,0.0,0.0,0.0,0.0,0.0,0.0,0.0,0.0,0.0,0.0,0.0,0.0,0.0,0.0,0.0,290.0,0.0,0.0,0.0,0.0,0.0,0.0,10.0,0.0,0.0,10.0,0.0,0.0,0.0,0.0,50.0,0.0,0.0,50.0,330.0,0.0,0.0,330.0,0.0,0.0,20.0,0.0,0.0,20.0,0.0,0.0,0.0,0.0,0.0,0.0,0.0,0.0,"Mar 17, 2016"
794,2107041.0,23829.0,Anbar,Heet,Binan,بنان,33.6137770553,42.86294412,433.0,2598.0,397.0,0.0,36.0,0.0,0.0,0.0,0.0,0.0,0.0,0.0,0.0,0.0,0.0,0.0,0.0,0.0,0.0,0.0,0.0,413.0,0.0,0.0,0.0,0.0,0.0,0.0,0.0,0.0,0.0,0.0,0.0,0.0,0.0,0.0,20.0,0.0,0.0,20.0,140.0,0.0,146.0,140.0,0.0,146.0,0.0,0.0,147.0,0.0,0.0,147.0,0.0,0.0,0.0,0.0,0.0,0.0,"Mar 17, 2016"
795,2107042.0,23843.0,Anbar,Heet,Duweliyah,دويلية ,33.9023044786,42.754936,33.0,198.0,33.0,0.0,0.0,0.0,0.0,0.0,0.0,0.0,0.0,0.0,0.0,0.0,0.0,0.0,0.0,0.0,0.0,0.0,0.0,25.0,0.0,0.0,0.0,0.0,0.0,0.0,0.0,0.0,0.0,0.0,0.0,0.0,0.0,0.0,8.0,0.0,0.0,8.0,33.0,0.0,0.0,33.0,0.0,0.0,0.0,0.0,0.0,0.0,0.0,0.0,0.0,0.0,0.0,0.0,0.0,0.0,"Mar 17, 2016"
796,2107043.0,23838.0,Anbar,Heet,Hay Al Farouq,حي الفاروق,33.5959008104,42.6188514241,85.0,510.0,85.0,0.0,0.0,0.0,0.0,0.0,0.0,0.0,0.0,0.0,0.0,0.0,0.0,0.0,0.0,0.0,0.0,0.0,0.0,64.0,0.0,0.0,0.0,0.0,0.0,0.0,19.0,0.0,0.0,19.0,0.0,0.0,0.0,0.0,2.0,0.0,0.0,2.0,85.0,0.0,0.0,85.0,0.0,0.0,0.0,0.0,0.0,0.0,0.0,0.0,0.0,0.0,0.0,0.0,0.0,0.0,"Mar 17, 2016"
797,2107044.0,21471.0,Anbar,Heet,Hay Al Hurriya,الحرية,33.8936174859,42.524752,165.0,990.0,165.0,0.0,0.0,0.0,0.0,0.0,0.0,0.0,0.0,0.0,0.0,0.0,0.0,0.0,0.0,0.0,0.0,0.0,0.0,124.0,0.0,0.0,0.0,0.0,0.0,0.0,17.0,0.0,0.0,17.0,0.0,0.0,0.0,0.0,24.0,0.0,0.0,24.0,117.0,0.0,48.0,117.0,0.0,48.0,0.0,0.0,0.0,0.0,0.0,0.0,0.0,0.0,0.0,0.0,0.0,0.0,"Mar 17, 2016"
798,2107045.0,228.0,Anbar,Heet,Hay al Jury,الجري,33.6372107136,42.8216265134,945.0,5670.0,910.0,0.0,35.0,0.0,0.0,0.0,0.0,0.0,0.0,0.0,0.0,0.0,0.0,0.0,0.0,0.0,0.0,0.0,0.0,723.0,0.0,0.0,0.0,0.0,0.0,0.0,80.0,0.0,0.0,80.0,0.0,0.0,0.0,0.0,142.0,0.0,0.0,142.0,839.0,0.0,91.0,839.0,0.0,91.0,15.0,0.0,0.0,15.0,0.0,0.0,0.0,0.0,0.0,0.0,0.0,0.0,"Mar 17, 2016"
799,2107046.0,21470.0,Anbar,Heet,Hay Al Khadraa,الخضراء,33.8811257633,42.5232262869,173.0,1038.0,173.0,0.0,0.0,0.0,0.0,0.0,0.0,0.0,0.0,0.0,0.0,0.0,0.0,0.0,0.0,0.0,0.0,0.0,0.0,101.0,0.0,0.0,0.0,0.0,0.0,0.0,14.0,0.0,0.0,14.0,0.0,0.0,28.0,0.0,30.0,28.0,0.0,30.0,55.0,0.0,0.0,55.0,0.0,0.0,118.0,0.0,0.0,118.0,0.0,0.0,0.0,0.0,0.0,0.0,0.0,0.0,"Mar 17, 2016"
800,2107047.0,23839.0,Anbar,Heet,Hay Al-Timman,حي التمن,33.5894198787,42.6064330813,90.0,540.0,90.0,0.0,0.0,0.0,0.0,0.0,0.0,0.0,0.0,0.0,0.0,0.0,0.0,0.0,0.0,0.0,0.0,0.0,0.0,59.0,0.0,0.0,0.0,0.0,0.0,0.0,22.0,0.0,0.0,22.0,0.0,0.0,0.0,0.0,9.0,0.0,0.0,9.0,90.0,0.0,0.0,90.0,0.0,0.0,0.0,0.0,0.0,0.0,0.0,0.0,0.0,0.0,0.0,0.0,0.0,0.0,"Mar 17, 2016"
801,2107048.0,21469.0,Anbar,Heet,Hay Al Salam,السلام,33.8817403155,42.5566675127,30.0,180.0,30.0,0.0,0.0,0.0,0.0,0.0,0.0,0.0,0.0,0.0,0.0,0.0,0.0,0.0,0.0,0.0,0.0,0.0,0.0,7.0,0.0,0.0,0.0,0.0,0.0,0.0,6.0,0.0,0.0,6.0,0.0,0.0,0.0,0.0,17.0,0.0,0.0,17.0,30.0,0.0,0.0,30.0,0.0,0.0,0.0,0.0,0.0,0.0,0.0,0.0,0.0,0.0,0.0,0.0,0.0,0.0,"Mar 17, 2016"
802,2107049.0,221.0,Anbar,Heet,Hay Al-Askari,الحي العسكري,33.59059,42.61596,333.0,1998.0,333.0,0.0,0.0,0.0,0.0,0.0,0.0,0.0,0.0,0.0,0.0,0.0,0.0,0.0,0.0,0.0,0.0,0.0,0.0,205.0,0.0,0.0,0.0,0.0,0.0,5.0,33.0,5.0,0.0,33.0,0.0,0.0,38.0,0.0,52.0,38.0,0.0,52.0,290.0,0.0,38.0,290.0,0.0,38.0,5.0,0.0,0.0,5.0,0.0,0.0,0.0,0.0,0.0,0.0,0.0,0.0,"Mar 17, 2016"
803,2107050.0,21230.0,Anbar,Heet,Hay Al-Dawarah Al-Sharqiyah,الدوارة الشرقية,33.63912,42.83278,105.0,630.0,105.0,0.0,0.0,0.0,0.0,0.0,0.0,0.0,0.0,0.0,0.0,0.0,0.0,0.0,0.0,0.0,0.0,0.0,0.0,85.0,0.0,0.0,0.0,0.0,0.0,0.0,10.0,0.0,0.0,10.0,0.0,0.0,10.0,0.0,0.0,10.0,0.0,0.0,0.0,0.0,0.0,0.0,0.0,0.0,87.0,0.0,18.0,87.0,0.0,18.0,0.0,0.0,0.0,0.0,0.0,0.0,"Mar 17, 2016"
804,2107051.0,218.0,Anbar,Heet,Hay Al-Etfaa,حي الاطفاء,33.6323133738,42.8326689189,615.0,3690.0,603.0,0.0,0.0,0.0,0.0,0.0,0.0,0.0,0.0,0.0,0.0,0.0,12.0,0.0,0.0,0.0,0.0,0.0,0.0,519.0,0.0,0.0,0.0,0.0,0.0,0.0,58.0,0.0,0.0,58.0,0.0,0.0,0.0,0.0,38.0,0.0,0.0,38.0,503.0,0.0,12.0,503.0,0.0,12.0,0.0,0.0,100.0,0.0,0.0,100.0,0.0,0.0,0.0,0.0,0.0,0.0,"Mar 17, 2016"
805,2107052.0,220.0,Anbar,Heet,Hay Al-Hasaniya,الحسنية,33.694444,42.776667,124.0,744.0,124.0,0.0,0.0,0.0,0.0,0.0,0.0,0.0,0.0,0.0,0.0,0.0,0.0,0.0,0.0,0.0,0.0,0.0,0.0,67.0,0.0,0.0,0.0,0.0,0.0,0.0,22.0,0.0,0.0,22.0,0.0,0.0,35.0,0.0,0.0,35.0,0.0,0.0,0.0,0.0,0.0,0.0,0.0,0.0,110.0,0.0,14.0,110.0,0.0,14.0,0.0,0.0,0.0,0.0,0.0,0.0,"Mar 17, 2016"
806,2107053.0,219.0,Anbar,Heet,Hay Al-Jabal,الجبل ,33.6389288487,42.8185354262,374.0,2244.0,327.0,0.0,0.0,0.0,0.0,0.0,0.0,0.0,0.0,0.0,0.0,0.0,0.0,0.0,47.0,0.0,0.0,0.0,0.0,253.0,0.0,0.0,0.0,0.0,0.0,0.0,69.0,0.0,0.0,69.0,0.0,0.0,0.0,0.0,52.0,0.0,0.0,52.0,321.0,0.0,47.0,321.0,0.0,47.0,6.0,0.0,0.0,6.0,0.0,0.0,0.0,0.0,0.0,0.0,0.0,0.0,"Mar 17, 2016"
807,2107054.0,23885.0,Anbar,Heet,Hay Al-jamyah 2,الجمعية الثانية,33.6282137716,42.8472998064,306.0,1836.0,284.0,0.0,0.0,0.0,0.0,22.0,0.0,0.0,0.0,0.0,0.0,0.0,0.0,0.0,0.0,0.0,0.0,0.0,0.0,229.0,0.0,0.0,0.0,0.0,0.0,0.0,40.0,0.0,0.0,40.0,0.0,0.0,0.0,0.0,37.0,0.0,0.0,37.0,267.0,0.0,22.0,267.0,0.0,22.0,0.0,0.0,17.0,0.0,0.0,17.0,0.0,0.0,0.0,0.0,0.0,0.0,"Mar 17, 2016"
808,2107055.0,224.0,Anbar,Heet,Hay Al-Khudhir,الخضر,33.58811,42.60783,225.0,1350.0,225.0,0.0,0.0,0.0,0.0,0.0,0.0,0.0,0.0,0.0,0.0,0.0,0.0,0.0,0.0,0.0,0.0,0.0,0.0,112.0,0.0,0.0,0.0,0.0,0.0,3.0,9.0,3.0,0.0,9.0,0.0,0.0,67.0,0.0,34.0,67.0,0.0,34.0,190.0,0.0,0.0,190.0,0.0,0.0,35.0,0.0,0.0,35.0,0.0,0.0,0.0,0.0,0.0,0.0,0.0,0.0,"Mar 17, 2016"
809,2107056.0,21231.0,Anbar,Heet,Hay Al-Qadisiyah,القادسية,33.6364009536,42.8361484132,386.0,2316.0,363.0,0.0,23.0,0.0,0.0,0.0,0.0,0.0,0.0,0.0,0.0,0.0,0.0,0.0,0.0,0.0,0.0,0.0,0.0,344.0,0.0,0.0,0.0,0.0,0.0,0.0,18.0,0.0,0.0,18.0,0.0,0.0,0.0,0.0,24.0,0.0,0.0,24.0,77.0,0.0,23.0,77.0,0.0,23.0,14.0,0.0,272.0,14.0,0.0,272.0,0.0,0.0,0.0,0.0,0.0,0.0,"Mar 17, 2016"
810,2107057.0,21408.0,Anbar,Heet,Hay Al-Quds,القدس,33.8766316985,42.5284375435,89.0,534.0,89.0,0.0,0.0,0.0,0.0,0.0,0.0,0.0,0.0,0.0,0.0,0.0,0.0,0.0,0.0,0.0,0.0,0.0,0.0,60.0,0.0,0.0,0.0,0.0,0.0,0.0,4.0,0.0,0.0,4.0,0.0,0.0,7.0,0.0,18.0,7.0,0.0,18.0,89.0,0.0,0.0,89.0,0.0,0.0,0.0,0.0,0.0,0.0,0.0,0.0,0.0,0.0,0.0,0.0,0.0,0.0,"Mar 17, 2016"
811,2107058.0,23837.0,Anbar,Heet,Hay Al-Sadiq,حي الصديق,33.58747,42.608139,113.0,678.0,113.0,0.0,0.0,0.0,0.0,0.0,0.0,0.0,0.0,0.0,0.0,0.0,0.0,0.0,0.0,0.0,0.0,0.0,0.0,61.0,0.0,0.0,0.0,0.0,0.0,2.0,17.0,2.0,0.0,17.0,0.0,0.0,0.0,0.0,33.0,0.0,0.0,33.0,113.0,0.0,0.0,113.0,0.0,0.0,0.0,0.0,0.0,0.0,0.0,0.0,0.0,0.0,0.0,0.0,0.0,0.0,"Mar 17, 2016"
812,2107059.0,23833.0,Anbar,Heet,Hay Al-Sinay,الحي الصناعي,33.6375615075,42.814709,255.0,1530.0,255.0,0.0,0.0,0.0,0.0,0.0,0.0,0.0,0.0,0.0,0.0,0.0,0.0,0.0,0.0,0.0,0.0,0.0,0.0,35.0,0.0,0.0,0.0,0.0,0.0,0.0,0.0,0.0,0.0,0.0,0.0,0.0,0.0,0.0,220.0,0.0,0.0,220.0,220.0,0.0,0.0,220.0,0.0,0.0,35.0,0.0,0.0,35.0,0.0,0.0,0.0,0.0,0.0,0.0,0.0,0.0,"Mar 17, 2016"
813,2107060.0,23886.0,Anbar,Heet, Al-Sirajiyah,السراجية,33.892074,42.7234366619,79.0,474.0,79.0,0.0,0.0,0.0,0.0,0.0,0.0,0.0,0.0,0.0,0.0,0.0,0.0,0.0,0.0,0.0,0.0,0.0,0.0,70.0,0.0,0.0,0.0,0.0,0.0,3.0,0.0,3.0,0.0,0.0,0.0,0.0,0.0,0.0,6.0,0.0,0.0,6.0,79.0,0.0,0.0,79.0,0.0,0.0,0.0,0.0,0.0,0.0,0.0,0.0,0.0,0.0,0.0,0.0,0.0,0.0,"Mar 17, 2016"
814,2107061.0,226.0,Anbar,Heet,Hay Al-Zuhoor,حي الزهور,33.5864456166,42.6160820836,189.0,1134.0,189.0,0.0,0.0,0.0,0.0,0.0,0.0,0.0,0.0,0.0,0.0,0.0,0.0,0.0,0.0,0.0,0.0,0.0,0.0,157.0,0.0,0.0,0.0,0.0,0.0,0.0,10.0,0.0,0.0,10.0,0.0,0.0,0.0,0.0,22.0,0.0,0.0,22.0,167.0,0.0,0.0,167.0,0.0,0.0,22.0,0.0,0.0,22.0,0.0,0.0,0.0,0.0,0.0,0.0,0.0,0.0,"Mar 17, 2016"
815,2107062.0,53.0,Anbar,Heet,Heet-Maskhan,المصخن,33.6988048868,42.747582354,82.0,492.0,82.0,0.0,0.0,0.0,0.0,0.0,0.0,0.0,0.0,0.0,0.0,0.0,0.0,0.0,0.0,0.0,0.0,0.0,0.0,75.0,0.0,0.0,0.0,0.0,0.0,0.0,0.0,0.0,0.0,0.0,0.0,0.0,0.0,0.0,7.0,0.0,0.0,7.0,67.0,0.0,0.0,67.0,0.0,0.0,0.0,0.0,15.0,0.0,0.0,15.0,0.0,0.0,0.0,0.0,0.0,0.0,"Mar 17, 2016"
816,2107063.0,41.0,Anbar,Heet,Jubbah,جبة ,33.9124295272,42.5468216551,81.0,486.0,81.0,0.0,0.0,0.0,0.0,0.0,0.0,0.0,0.0,0.0,0.0,0.0,0.0,0.0,0.0,0.0,0.0,0.0,0.0,64.0,0.0,0.0,0.0,0.0,0.0,0.0,5.0,0.0,0.0,5.0,0.0,0.0,0.0,0.0,12.0,0.0,0.0,12.0,81.0,0.0,0.0,81.0,0.0,0.0,0.0,0.0,0.0,0.0,0.0,0.0,0.0,0.0,0.0,0.0,0.0,0.0,"Mar 17, 2016"
817,2107064.0,23835.0,Anbar,Heet,Kapisah-Hay Al-Sinay,الحي الصناعي,33.5907199969,42.6203782684,219.0,1314.0,219.0,0.0,0.0,0.0,0.0,0.0,0.0,0.0,0.0,0.0,0.0,0.0,0.0,0.0,0.0,0.0,0.0,0.0,0.0,107.0,0.0,0.0,0.0,0.0,0.0,7.0,55.0,7.0,0.0,55.0,0.0,0.0,0.0,0.0,50.0,0.0,0.0,50.0,219.0,0.0,0.0,219.0,0.0,0.0,0.0,0.0,0.0,0.0,0.0,0.0,0.0,0.0,0.0,0.0,0.0,0.0,"Mar 17, 2016"
818,2107065.0,5.0,Anbar,Heet,Kubaisa Al-qadimah,كبيسة القديمة,33.5914881006,42.613172161,85.0,510.0,85.0,0.0,0.0,0.0,0.0,0.0,0.0,0.0,0.0,0.0,0.0,0.0,0.0,0.0,0.0,0.0,0.0,0.0,0.0,57.0,0.0,0.0,0.0,0.0,0.0,0.0,4.0,0.0,0.0,4.0,0.0,0.0,0.0,0.0,24.0,0.0,0.0,24.0,85.0,0.0,0.0,85.0,0.0,0.0,0.0,0.0,0.0,0.0,0.0,0.0,0.0,0.0,0.0,0.0,0.0,0.0,"Mar 17, 2016"
819,2107066.0,24335.0,Anbar,Heet,Manazil,منازل,33.703953035,42.771718,60.0,360.0,60.0,0.0,0.0,0.0,0.0,0.0,0.0,0.0,0.0,0.0,0.0,0.0,0.0,0.0,0.0,0.0,0.0,0.0,0.0,60.0,0.0,0.0,0.0,0.0,0.0,0.0,0.0,0.0,0.0,0.0,0.0,0.0,0.0,0.0,0.0,0.0,0.0,0.0,0.0,0.0,60.0,0.0,0.0,60.0,0.0,0.0,0.0,0.0,0.0,0.0,0.0,0.0,0.0,0.0,0.0,0.0,"Mar 17, 2016"
820,2107067.0,191.0,Anbar,Heet,Mualmeen,المعلمين,33.6447944332,42.8151881446,325.0,1950.0,325.0,0.0,0.0,0.0,0.0,0.0,0.0,0.0,0.0,0.0,0.0,0.0,0.0,0.0,0.0,0.0,0.0,0.0,0.0,183.0,0.0,0.0,0.0,0.0,0.0,0.0,22.0,0.0,0.0,22.0,0.0,0.0,38.0,0.0,82.0,38.0,0.0,82.0,293.0,0.0,0.0,293.0,0.0,0.0,7.0,0.0,25.0,7.0,0.0,25.0,0.0,0.0,0.0,0.0,0.0,0.0,"Mar 17, 2016"
821,2107068.0,24334.0,Anbar,Heet,Qanan,قنان,33.6621730092,42.79735,30.0,180.0,30.0,0.0,0.0,0.0,0.0,0.0,0.0,0.0,0.0,0.0,0.0,0.0,0.0,0.0,0.0,0.0,0.0,0.0,0.0,30.0,0.0,0.0,0.0,0.0,0.0,0.0,0.0,0.0,0.0,0.0,0.0,0.0,0.0,0.0,0.0,0.0,0.0,0.0,0.0,0.0,30.0,0.0,0.0,30.0,0.0,0.0,0.0,0.0,0.0,0.0,0.0,0.0,0.0,0.0,0.0,0.0,"Mar 17, 2016"
822,2107069.0,21322.0,Anbar,Heet,Qaryat Al-Dolab,الدولاب ,33.8900819277,42.6211613137,183.0,1098.0,183.0,0.0,0.0,0.0,0.0,0.0,0.0,0.0,0.0,0.0,0.0,0.0,0.0,0.0,0.0,0.0,0.0,0.0,0.0,141.0,0.0,0.0,0.0,0.0,0.0,0.0,0.0,0.0,0.0,0.0,0.0,0.0,25.0,0.0,17.0,25.0,0.0,17.0,22.0,0.0,37.0,22.0,0.0,37.0,124.0,0.0,0.0,124.0,0.0,0.0,0.0,0.0,0.0,0.0,0.0,0.0,"Mar 17, 2016"
823,2107070.0,70.0,Anbar,Heet,Samalah,سمالة,33.9006734745,42.522739,27.0,162.0,27.0,0.0,0.0,0.0,0.0,0.0,0.0,0.0,0.0,0.0,0.0,0.0,0.0,0.0,0.0,0.0,0.0,0.0,0.0,22.0,0.0,0.0,0.0,0.0,0.0,0.0,0.0,0.0,0.0,0.0,0.0,0.0,0.0,0.0,5.0,0.0,0.0,5.0,27.0,0.0,0.0,27.0,0.0,0.0,0.0,0.0,0.0,0.0,0.0,0.0,0.0,0.0,0.0,0.0,0.0,0.0,"Mar 17, 2016"
824,2107071.0,73.0,Anbar,Heet,Sawar,الصاور,33.9044026274,42.562408,35.0,210.0,35.0,0.0,0.0,0.0,0.0,0.0,0.0,0.0,0.0,0.0,0.0,0.0,0.0,0.0,0.0,0.0,0.0,0.0,0.0,28.0,0.0,0.0,0.0,0.0,0.0,0.0,0.0,0.0,0.0,0.0,0.0,0.0,0.0,0.0,7.0,0.0,0.0,7.0,35.0,0.0,0.0,35.0,0.0,0.0,0.0,0.0,0.0,0.0,0.0,0.0,0.0,0.0,0.0,0.0,0.0,0.0,"Mar 17, 2016"
825,2107072.0,137.0,Anbar,Heet,Saweeb,سويب,33.6045511245,42.888982,241.0,1446.0,241.0,0.0,0.0,0.0,0.0,0.0,0.0,0.0,0.0,0.0,0.0,0.0,0.0,0.0,0.0,0.0,0.0,0.0,0.0,191.0,0.0,0.0,0.0,0.0,0.0,0.0,12.0,0.0,0.0,12.0,0.0,0.0,0.0,0.0,38.0,0.0,0.0,38.0,169.0,0.0,0.0,169.0,0.0,0.0,0.0,0.0,72.0,0.0,0.0,72.0,0.0,0.0,0.0,0.0,0.0,0.0,"Mar 17, 2016"
826,2107073.0,23836.0,Anbar,Heet,Smnet Collective,الحي السكني لمعمل الاسمنت,33.5941646343,42.623876,135.0,810.0,135.0,0.0,0.0,0.0,0.0,0.0,0.0,0.0,0.0,0.0,0.0,0.0,0.0,0.0,0.0,0.0,0.0,0.0,0.0,67.0,0.0,0.0,0.0,0.0,0.0,0.0,24.0,0.0,0.0,24.0,0.0,0.0,33.0,0.0,11.0,33.0,0.0,11.0,135.0,0.0,0.0,135.0,0.0,0.0,0.0,0.0,0.0,0.0,0.0,0.0,0.0,0.0,0.0,0.0,0.0,0.0,"Mar 17, 2016"
827,2107074.0,138.0,Anbar,Heet,Tal aswad,تل اسود,33.5289534609,43.0535067329,205.0,1230.0,205.0,0.0,0.0,0.0,0.0,0.0,0.0,0.0,0.0,0.0,0.0,0.0,0.0,0.0,0.0,0.0,0.0,0.0,0.0,104.0,0.0,0.0,0.0,0.0,0.0,0.0,29.0,0.0,0.0,29.0,0.0,0.0,13.0,0.0,59.0,13.0,0.0,59.0,205.0,0.0,0.0,205.0,0.0,0.0,0.0,0.0,0.0,0.0,0.0,0.0,0.0,0.0,0.0,0.0,0.0,0.0,"Mar 17, 2016"
828,2107075.0,194.0,Anbar,Heet,The first jamaiya,الجمعية الاولى,33.6316472139,42.8405051891,672.0,4032.0,657.0,15.0,0.0,0.0,0.0,0.0,0.0,0.0,0.0,0.0,0.0,0.0,0.0,0.0,0.0,0.0,0.0,0.0,0.0,535.0,0.0,0.0,0.0,0.0,0.0,0.0,41.0,0.0,0.0,41.0,0.0,0.0,15.0,0.0,81.0,15.0,0.0,81.0,642.0,0.0,15.0,642.0,0.0,15.0,0.0,0.0,15.0,0.0,0.0,15.0,0.0,0.0,0.0,0.0,0.0,0.0,"Mar 17, 2016"
829,2107076.0,23840.0,Anbar,Heet,Zakhikhah,زخيخة,33.818211394,42.7138286717,62.0,372.0,62.0,0.0,0.0,0.0,0.0,0.0,0.0,0.0,0.0,0.0,0.0,0.0,0.0,0.0,0.0,0.0,0.0,0.0,0.0,19.0,0.0,0.0,0.0,0.0,0.0,0.0,0.0,0.0,0.0,0.0,0.0,0.0,0.0,0.0,43.0,0.0,0.0,43.0,62.0,0.0,0.0,62.0,0.0,0.0,0.0,0.0,0.0,0.0,0.0,0.0,0.0,0.0,0.0,0.0,0.0,0.0,"Mar 17, 2016"
830,2107077.0,23848.0,Anbar,Heet,Zoyah Al-gharbiyah,زوية الغربية,33.5674622763,42.9158372818,109.0,654.0,109.0,0.0,0.0,0.0,0.0,0.0,0.0,0.0,0.0,0.0,0.0,0.0,0.0,0.0,0.0,0.0,0.0,0.0,0.0,78.0,0.0,0.0,0.0,0.0,0.0,0.0,11.0,0.0,0.0,11.0,0.0,0.0,0.0,0.0,20.0,0.0,0.0,20.0,109.0,0.0,0.0,109.0,0.0,0.0,0.0,0.0,0.0,0.0,0.0,0.0,0.0,0.0,0.0,0.0,0.0,0.0,"Mar 17, 2016"
831,2107078.0,23849.0,Anbar,Heet,Zoyah Al-sharqiyah,زوية الشرقية ,33.5429836264,42.9538286024,116.0,696.0,116.0,0.0,0.0,0.0,0.0,0.0,0.0,0.0,0.0,0.0,0.0,0.0,0.0,0.0,0.0,0.0,0.0,0.0,0.0,90.0,0.0,0.0,0.0,0.0,0.0,0.0,16.0,0.0,0.0,16.0,0.0,0.0,0.0,0.0,10.0,0.0,0.0,10.0,116.0,0.0,0.0,116.0,0.0,0.0,0.0,0.0,0.0,0.0,0.0,0.0,0.0,0.0,0.0,0.0,0.0,0.0,"Mar 17, 2016"
832,2107079.0,88.0,Anbar,Heet,Zuwayyah,الزوية,33.9124961575,42.519021,54.0,324.0,54.0,0.0,0.0,0.0,0.0,0.0,0.0,0.0,0.0,0.0,0.0,0.0,0.0,0.0,0.0,0.0,0.0,0.0,0.0,54.0,0.0,0.0,0.0,0.0,0.0,0.0,0.0,0.0,0.0,0.0,0.0,0.0,0.0,0.0,0.0,0.0,0.0,0.0,0.0,0.0,54.0,0.0,0.0,54.0,0.0,0.0,0.0,0.0,0.0,0.0,0.0,0.0,0.0,0.0,0.0,0.0,"Mar 17, 2016"
833,2108001.0,308.0,Anbar,Ramadi,5 Kilo,الخمسة كيلو,33.421150003,43.2455026445,297.0,1782.0,241.0,24.0,32.0,0.0,0.0,0.0,0.0,0.0,0.0,0.0,0.0,0.0,0.0,0.0,0.0,0.0,0.0,0.0,0.0,142.0,0.0,52.0,0.0,0.0,52.0,0.0,5.0,0.0,0.0,5.0,0.0,0.0,10.0,0.0,88.0,10.0,0.0,88.0,66.0,0.0,0.0,66.0,0.0,0.0,231.0,0.0,0.0,231.0,0.0,0.0,0.0,0.0,0.0,0.0,0.0,0.0,"Mar 17, 2016"
834,2108002.0,23852.0,Anbar,Ramadi,7 Killo-Al Barkhrabit complex,السبعة كيلو-مجمع البخربيط,33.4088425101,43.175035,257.0,1542.0,232.0,25.0,0.0,0.0,0.0,0.0,0.0,0.0,0.0,0.0,0.0,0.0,0.0,0.0,0.0,0.0,0.0,0.0,0.0,139.0,0.0,118.0,0.0,0.0,118.0,0.0,0.0,0.0,0.0,0.0,0.0,0.0,0.0,0.0,0.0,0.0,0.0,0.0,118.0,0.0,0.0,118.0,0.0,0.0,139.0,0.0,0.0,139.0,0.0,0.0,0.0,0.0,0.0,0.0,0.0,0.0,"Mar 17, 2016"
835,2108003.0,23851.0,Anbar,Ramadi,7 Killo-Al Karfanat,السبعة كيلو-الكرفانات,33.4099670101,43.1846529602,156.0,936.0,95.0,43.0,18.0,0.0,0.0,0.0,0.0,0.0,0.0,0.0,0.0,0.0,0.0,0.0,0.0,0.0,0.0,0.0,0.0,46.0,0.0,110.0,0.0,0.0,110.0,0.0,0.0,0.0,0.0,0.0,0.0,0.0,0.0,0.0,0.0,0.0,0.0,0.0,95.0,0.0,0.0,95.0,0.0,0.0,61.0,0.0,0.0,61.0,0.0,0.0,0.0,0.0,0.0,0.0,0.0,0.0,"Mar 17, 2016"
836,2108004.0,23850.0,Anbar,Ramadi,7 Killo-Al Sat,السبعة كيلو-السات,33.4093860095,43.1816002311,264.0,1584.0,161.0,48.0,55.0,0.0,0.0,0.0,0.0,0.0,0.0,0.0,0.0,0.0,0.0,0.0,0.0,0.0,0.0,0.0,0.0,91.0,0.0,173.0,0.0,0.0,173.0,0.0,0.0,0.0,0.0,0.0,0.0,0.0,0.0,0.0,0.0,0.0,0.0,0.0,161.0,0.0,0.0,161.0,0.0,0.0,103.0,0.0,0.0,103.0,0.0,0.0,0.0,0.0,0.0,0.0,0.0,0.0,"Mar 17, 2016"
837,2108005.0,23889.0,Anbar,Ramadi,7 Killo-al-mojamaa al-sakany,السبعة كيلو-المجمع السكني,33.414131972,43.1913870777,177.0,1062.0,177.0,0.0,0.0,0.0,0.0,0.0,0.0,0.0,0.0,0.0,0.0,0.0,0.0,0.0,0.0,0.0,0.0,0.0,0.0,0.0,0.0,55.0,0.0,0.0,55.0,0.0,0.0,0.0,0.0,0.0,0.0,0.0,122.0,0.0,0.0,122.0,0.0,0.0,102.0,0.0,0.0,102.0,0.0,0.0,75.0,0.0,0.0,75.0,0.0,0.0,0.0,0.0,0.0,0.0,0.0,0.0,"Mar 17, 2016"
838,2108006.0,23858.0,Anbar,Ramadi,Abu Fless,ابو فليس,33.3927054091,43.532474765,1084.0,6504.0,1043.0,22.0,19.0,0.0,0.0,0.0,0.0,0.0,0.0,0.0,0.0,0.0,0.0,0.0,0.0,0.0,0.0,0.0,0.0,922.0,0.0,8.0,0.0,0.0,8.0,0.0,12.0,0.0,0.0,12.0,0.0,0.0,68.0,0.0,74.0,68.0,0.0,74.0,406.0,0.0,0.0,406.0,0.0,0.0,251.0,0.0,427.0,251.0,0.0,427.0,0.0,0.0,0.0,0.0,0.0,0.0,"Mar 17, 2016"
839,2108007.0,24730.0,Anbar,Ramadi,Al Khulafaa,الخلفاء,33.3921648796,43.5122062546,587.0,3522.0,491.0,44.0,52.0,0.0,0.0,0.0,0.0,0.0,0.0,0.0,0.0,0.0,0.0,0.0,0.0,0.0,0.0,0.0,0.0,544.0,0.0,10.0,0.0,0.0,10.0,0.0,0.0,0.0,0.0,0.0,0.0,0.0,18.0,0.0,15.0,18.0,0.0,15.0,0.0,0.0,0.0,0.0,0.0,0.0,289.0,0.0,298.0,289.0,0.0,298.0,0.0,0.0,0.0,0.0,0.0,0.0,"Mar 17, 2016"
840,2108008.0,25439.0,Anbar,Ramadi,Al Rimilah,الرميلة,33.4119525042,43.2861775505,17.0,102.0,17.0,0.0,0.0,0.0,0.0,0.0,0.0,0.0,0.0,0.0,0.0,0.0,0.0,0.0,0.0,0.0,0.0,0.0,0.0,17.0,0.0,0.0,0.0,0.0,0.0,0.0,0.0,0.0,0.0,0.0,0.0,0.0,0.0,0.0,0.0,0.0,0.0,0.0,0.0,0.0,0.0,0.0,0.0,0.0,17.0,0.0,0.0,17.0,0.0,0.0,0.0,0.0,0.0,0.0,0.0,0.0,"Mar 17, 2016"
841,2108009.0,25440.0,Anbar,Ramadi,Al Sajariyah,السجارية,33.435355235,43.3839656907,14.0,84.0,14.0,0.0,0.0,0.0,0.0,0.0,0.0,0.0,0.0,0.0,0.0,0.0,0.0,0.0,0.0,0.0,0.0,0.0,0.0,14.0,0.0,0.0,0.0,0.0,0.0,0.0,0.0,0.0,0.0,0.0,0.0,0.0,0.0,0.0,0.0,0.0,0.0,0.0,0.0,0.0,0.0,0.0,0.0,0.0,14.0,0.0,0.0,14.0,0.0,0.0,0.0,0.0,0.0,0.0,0.0,0.0,"Mar 17, 2016"
842,2108010.0,25442.0,Anbar,Ramadi,Al Shuqaq Al Bidh,الشقق البيض,33.4163206338,43.2700260632,48.0,288.0,24.0,24.0,0.0,0.0,0.0,0.0,0.0,0.0,0.0,0.0,0.0,0.0,0.0,0.0,0.0,0.0,0.0,0.0,0.0,48.0,0.0,0.0,0.0,0.0,0.0,0.0,0.0,0.0,0.0,0.0,0.0,0.0,0.0,0.0,0.0,0.0,0.0,0.0,0.0,0.0,0.0,0.0,0.0,0.0,48.0,0.0,0.0,48.0,0.0,0.0,0.0,0.0,0.0,0.0,0.0,0.0,"Mar 17, 2016"
843,2108011.0,115.0,Anbar,Ramadi,Al Sofeya,الصوفية,33.4403106644,43.3219612147,216.0,1296.0,199.0,17.0,0.0,0.0,0.0,0.0,0.0,0.0,0.0,0.0,0.0,0.0,0.0,0.0,0.0,0.0,0.0,0.0,0.0,155.0,0.0,0.0,0.0,0.0,0.0,0.0,5.0,0.0,0.0,5.0,0.0,0.0,18.0,0.0,38.0,18.0,0.0,38.0,44.0,0.0,0.0,44.0,0.0,0.0,98.0,0.0,74.0,98.0,0.0,74.0,0.0,0.0,0.0,0.0,0.0,0.0,"Mar 17, 2016"
844,2108012.0,25441.0,Anbar,Ramadi,Al Soora,السورة,33.435102597,43.356088975,15.0,90.0,15.0,0.0,0.0,0.0,0.0,0.0,0.0,0.0,0.0,0.0,0.0,0.0,0.0,0.0,0.0,0.0,0.0,0.0,0.0,15.0,0.0,0.0,0.0,0.0,0.0,0.0,0.0,0.0,0.0,0.0,0.0,0.0,0.0,0.0,0.0,0.0,0.0,0.0,0.0,0.0,0.0,0.0,0.0,0.0,15.0,0.0,0.0,15.0,0.0,0.0,0.0,0.0,0.0,0.0,0.0,0.0,"Mar 17, 2016"
845,2108013.0,24729.0,Anbar,Ramadi,Al Urobah,العروبة,33.3868943977,43.5150302663,474.0,2844.0,474.0,0.0,0.0,0.0,0.0,0.0,0.0,0.0,0.0,0.0,0.0,0.0,0.0,0.0,0.0,0.0,0.0,0.0,0.0,341.0,0.0,110.0,0.0,0.0,110.0,0.0,0.0,0.0,0.0,0.0,0.0,0.0,16.0,0.0,7.0,16.0,0.0,7.0,0.0,0.0,0.0,0.0,0.0,0.0,86.0,0.0,388.0,86.0,0.0,388.0,0.0,0.0,0.0,0.0,0.0,0.0,"Mar 17, 2016"
846,2108014.0,23891.0,Anbar,Ramadi,Al-Ankor,العنكور,33.374498,42.84705,237.0,1422.0,237.0,0.0,0.0,0.0,0.0,0.0,0.0,0.0,0.0,0.0,0.0,0.0,0.0,0.0,0.0,0.0,0.0,0.0,0.0,145.0,0.0,0.0,0.0,0.0,0.0,0.0,30.0,0.0,0.0,30.0,0.0,0.0,34.0,0.0,28.0,34.0,0.0,28.0,207.0,0.0,0.0,207.0,0.0,0.0,30.0,0.0,0.0,30.0,0.0,0.0,0.0,0.0,0.0,0.0,0.0,0.0,"Mar 17, 2016"
847,2108015.0,20939.0,Anbar,Ramadi,Al-Hamidhiyah,الحامضية,33.465264589,43.3981479898,49.0,294.0,49.0,0.0,0.0,0.0,0.0,0.0,0.0,0.0,0.0,0.0,0.0,0.0,0.0,0.0,0.0,0.0,0.0,0.0,0.0,49.0,0.0,0.0,0.0,0.0,0.0,0.0,0.0,0.0,0.0,0.0,0.0,0.0,0.0,0.0,0.0,0.0,0.0,0.0,0.0,0.0,0.0,0.0,0.0,0.0,49.0,0.0,0.0,49.0,0.0,0.0,0.0,0.0,0.0,0.0,0.0,0.0,"Mar 17, 2016"
848,2108016.0,303.0,Anbar,Ramadi,Al-Jazerah,الجزيرة,33.481548,43.29358,487.0,2922.0,376.0,49.0,62.0,0.0,0.0,0.0,0.0,0.0,0.0,0.0,0.0,0.0,0.0,0.0,0.0,0.0,0.0,0.0,0.0,399.0,0.0,11.0,0.0,0.0,11.0,0.0,0.0,0.0,0.0,0.0,0.0,0.0,33.0,0.0,44.0,33.0,0.0,44.0,187.0,0.0,0.0,187.0,0.0,0.0,300.0,0.0,0.0,300.0,0.0,0.0,0.0,0.0,0.0,0.0,0.0,0.0,"Mar 17, 2016"
849,2108017.0,21227.0,Anbar,Ramadi,Al-Jeraishi,الجرايشي,33.4549516035,43.2689756356,545.0,3270.0,545.0,0.0,0.0,0.0,0.0,0.0,0.0,0.0,0.0,0.0,0.0,0.0,0.0,0.0,0.0,0.0,0.0,0.0,0.0,466.0,0.0,7.0,0.0,0.0,7.0,0.0,12.0,0.0,0.0,12.0,0.0,0.0,40.0,0.0,20.0,40.0,0.0,20.0,284.0,0.0,0.0,284.0,0.0,0.0,261.0,0.0,0.0,261.0,0.0,0.0,0.0,0.0,0.0,0.0,0.0,0.0,"Mar 17, 2016"
850,2108018.0,23854.0,Anbar,Ramadi,Al-Kully Kom Complex,مجمع الكولي كم ,33.3896447256,43.5964466415,1451.0,8706.0,1451.0,0.0,0.0,0.0,0.0,0.0,0.0,0.0,0.0,0.0,0.0,0.0,0.0,0.0,0.0,0.0,0.0,0.0,0.0,634.0,0.0,116.0,0.0,0.0,116.0,0.0,21.0,0.0,0.0,21.0,0.0,0.0,48.0,0.0,632.0,48.0,0.0,632.0,878.0,0.0,0.0,878.0,0.0,0.0,387.0,0.0,186.0,387.0,0.0,186.0,0.0,0.0,0.0,0.0,0.0,0.0,"Mar 17, 2016"
851,2108019.0,23857.0,Anbar,Ramadi,Al-Sadiqiyah,الصديقية ,33.3933764134,43.5054794121,892.0,5352.0,827.0,35.0,30.0,0.0,0.0,0.0,0.0,0.0,0.0,0.0,0.0,0.0,0.0,0.0,0.0,0.0,0.0,0.0,0.0,790.0,0.0,19.0,0.0,0.0,19.0,0.0,0.0,0.0,0.0,0.0,0.0,0.0,32.0,0.0,51.0,32.0,0.0,51.0,122.0,0.0,0.0,122.0,0.0,0.0,214.0,0.0,556.0,214.0,0.0,556.0,0.0,0.0,0.0,0.0,0.0,0.0,"Mar 17, 2016"
852,2108020.0,206.0,Anbar,Ramadi,Al-Shuhadaa,حي الشهداء,33.3756752225,43.5349991438,1607.0,9642.0,1607.0,0.0,0.0,0.0,0.0,0.0,0.0,0.0,0.0,0.0,0.0,0.0,0.0,0.0,0.0,0.0,0.0,0.0,0.0,1259.0,0.0,18.0,0.0,0.0,18.0,0.0,27.0,0.0,0.0,27.0,0.0,0.0,82.0,0.0,221.0,82.0,0.0,221.0,479.0,0.0,0.0,479.0,0.0,0.0,329.0,0.0,799.0,329.0,0.0,799.0,0.0,0.0,0.0,0.0,0.0,0.0,"Mar 17, 2016"
853,2108021.0,21997.0,Anbar,Ramadi,Hay Al Akrad,الاكراد,33.4172188199,43.2783933497,31.0,186.0,31.0,0.0,0.0,0.0,0.0,0.0,0.0,0.0,0.0,0.0,0.0,0.0,0.0,0.0,0.0,0.0,0.0,0.0,0.0,31.0,0.0,0.0,0.0,0.0,0.0,0.0,0.0,0.0,0.0,0.0,0.0,0.0,0.0,0.0,0.0,0.0,0.0,0.0,0.0,0.0,0.0,0.0,0.0,0.0,31.0,0.0,0.0,31.0,0.0,0.0,0.0,0.0,0.0,0.0,0.0,0.0,"Mar 17, 2016"
854,2108022.0,23887.0,Anbar,Ramadi,Hay Al Mulmeen,حي المعلمين ,33.380234977,43.5315629949,489.0,2934.0,426.0,35.0,28.0,0.0,0.0,0.0,0.0,0.0,0.0,0.0,0.0,0.0,0.0,0.0,0.0,0.0,0.0,0.0,0.0,343.0,0.0,0.0,0.0,0.0,0.0,0.0,6.0,0.0,0.0,6.0,0.0,0.0,65.0,0.0,75.0,65.0,0.0,75.0,181.0,0.0,0.0,181.0,0.0,0.0,267.0,0.0,41.0,267.0,0.0,41.0,0.0,0.0,0.0,0.0,0.0,0.0,"Mar 17, 2016"
855,2108023.0,23853.0,Anbar,Ramadi,Hay Al-Madani,الحي المدني ,33.3781144027,43.5952427621,1568.0,9408.0,1428.0,75.0,65.0,0.0,0.0,0.0,0.0,0.0,0.0,0.0,0.0,0.0,0.0,0.0,0.0,0.0,0.0,0.0,0.0,1183.0,0.0,117.0,0.0,0.0,117.0,0.0,20.0,0.0,0.0,20.0,0.0,0.0,76.0,0.0,172.0,76.0,0.0,172.0,668.0,0.0,0.0,668.0,0.0,0.0,346.0,0.0,554.0,346.0,0.0,554.0,0.0,0.0,0.0,0.0,0.0,0.0,"Mar 17, 2016"
856,2108024.0,21409.0,Anbar,Ramadi,Hay Al-Salam,السلام,33.3696113328,43.5360140798,267.0,1602.0,267.0,0.0,0.0,0.0,0.0,0.0,0.0,0.0,0.0,0.0,0.0,0.0,0.0,0.0,0.0,0.0,0.0,0.0,0.0,243.0,0.0,8.0,0.0,0.0,8.0,0.0,6.0,0.0,0.0,6.0,0.0,0.0,0.0,0.0,10.0,0.0,0.0,10.0,0.0,0.0,0.0,0.0,0.0,0.0,122.0,0.0,145.0,122.0,0.0,145.0,0.0,0.0,0.0,0.0,0.0,0.0,"Mar 17, 2016"
857,2108025.0,23855.0,Anbar,Ramadi,Hay Al-Umal,حي العمال ,33.38683439,43.6000999888,459.0,2754.0,459.0,0.0,0.0,0.0,0.0,0.0,0.0,0.0,0.0,0.0,0.0,0.0,0.0,0.0,0.0,0.0,0.0,0.0,0.0,320.0,0.0,8.0,0.0,0.0,8.0,0.0,12.0,0.0,0.0,12.0,0.0,0.0,72.0,0.0,47.0,72.0,0.0,47.0,193.0,0.0,0.0,193.0,0.0,0.0,143.0,0.0,123.0,143.0,0.0,123.0,0.0,0.0,0.0,0.0,0.0,0.0,"Mar 17, 2016"
858,2108026.0,113.0,Anbar,Ramadi,Husaibah Al-Sharqiah,حصيبة الشرقية ,33.4077695139,43.4697731758,892.0,5352.0,892.0,0.0,0.0,0.0,0.0,0.0,0.0,0.0,0.0,0.0,0.0,0.0,0.0,0.0,0.0,0.0,0.0,0.0,0.0,716.0,0.0,17.0,0.0,0.0,17.0,0.0,5.0,0.0,0.0,5.0,0.0,0.0,45.0,0.0,109.0,45.0,0.0,109.0,275.0,0.0,0.0,275.0,0.0,0.0,110.0,0.0,507.0,110.0,0.0,507.0,0.0,0.0,0.0,0.0,0.0,0.0,"Mar 17, 2016"
859,2108027.0,182.0,Anbar,Ramadi,Qadisiya-1,القادسية الاولى,33.4124496864,43.2749091016,28.0,168.0,28.0,0.0,0.0,0.0,0.0,0.0,0.0,0.0,0.0,0.0,0.0,0.0,0.0,0.0,0.0,0.0,0.0,0.0,0.0,28.0,0.0,0.0,0.0,0.0,0.0,0.0,0.0,0.0,0.0,0.0,0.0,0.0,0.0,0.0,0.0,0.0,0.0,0.0,0.0,0.0,0.0,0.0,0.0,0.0,28.0,0.0,0.0,28.0,0.0,0.0,0.0,0.0,0.0,0.0,0.0,0.0,"Mar 17, 2016"
860,2108028.0,181.0,Anbar,Ramadi,Qadisiya-2,القادسية الثانية,33.4076372831,43.2869676816,20.0,120.0,20.0,0.0,0.0,0.0,0.0,0.0,0.0,0.0,0.0,0.0,0.0,0.0,0.0,0.0,0.0,0.0,0.0,0.0,0.0,20.0,0.0,0.0,0.0,0.0,0.0,0.0,0.0,0.0,0.0,0.0,0.0,0.0,0.0,0.0,0.0,0.0,0.0,0.0,0.0,0.0,0.0,0.0,0.0,0.0,20.0,0.0,0.0,20.0,0.0,0.0,0.0,0.0,0.0,0.0,0.0,0.0,"Mar 17, 2016"
861,2108029.0,20901.0,Anbar,Ramadi,Sin Al-Thubban,سن الذبان,33.3697208904,43.6136678584,674.0,4044.0,674.0,0.0,0.0,0.0,0.0,0.0,0.0,0.0,0.0,0.0,0.0,0.0,0.0,0.0,0.0,0.0,0.0,0.0,0.0,401.0,0.0,79.0,0.0,0.0,79.0,0.0,22.0,0.0,0.0,22.0,0.0,0.0,0.0,0.0,172.0,0.0,0.0,172.0,338.0,0.0,0.0,338.0,0.0,0.0,125.0,0.0,211.0,125.0,0.0,211.0,0.0,0.0,0.0,0.0,0.0,0.0,"Mar 17, 2016"
862,2108030.0,184.0,Anbar,Ramadi,Warar,الورار,33.4320062434,43.2743294856,228.0,1368.0,228.0,0.0,0.0,0.0,0.0,0.0,0.0,0.0,0.0,0.0,0.0,0.0,0.0,0.0,0.0,0.0,0.0,0.0,0.0,125.0,0.0,23.0,0.0,0.0,23.0,0.0,16.0,0.0,0.0,16.0,0.0,0.0,27.0,0.0,37.0,27.0,0.0,37.0,119.0,0.0,0.0,119.0,0.0,0.0,39.0,0.0,70.0,39.0,0.0,70.0,0.0,0.0,0.0,0.0,0.0,0.0,"Mar 17, 2016"
863,2108061.0,23856.0,Anbar,Ramadi,Zoyaha Al-Thuban,زوية الذبان,33.3868549059,43.6051542276,772.0,4632.0,670.0,44.0,58.0,0.0,0.0,0.0,0.0,0.0,0.0,0.0,0.0,0.0,0.0,0.0,0.0,0.0,0.0,0.0,0.0,607.0,0.0,8.0,0.0,0.0,8.0,0.0,7.0,0.0,0.0,7.0,0.0,0.0,0.0,0.0,150.0,0.0,0.0,150.0,236.0,0.0,0.0,236.0,0.0,0.0,252.0,0.0,284.0,252.0,0.0,284.0,0.0,0.0,0.0,0.0,0.0,0.0,"Mar 17, 2016"
864,2108042.0,28395.0,Anbar,Ramadi,Al Wafaa,الوفاء,33.396511515,42.854082,1563.0,9378.0,1563.0,0.0,0.0,0.0,0.0,0.0,0.0,0.0,0.0,0.0,0.0,0.0,0.0,0.0,0.0,0.0,0.0,0.0,570.0,993.0,0.0,0.0,0.0,0.0,0.0,0.0,0.0,0.0,0.0,0.0,0.0,0.0,0.0,0.0,0.0,0.0,0.0,0.0,0.0,0.0,0.0,0.0,0.0,0.0,0.0,0.0,1563.0,0.0,0.0,1563.0,0.0,0.0,0.0,0.0,0.0,0.0,"Mar 17, 2016"
865,2108043.0,23760.0,Anbar,Ramadi,Kilo 7,كيلو 7,33.410691394,43.172839,156.0,936.0,156.0,0.0,0.0,0.0,0.0,0.0,0.0,0.0,0.0,0.0,0.0,0.0,0.0,0.0,0.0,0.0,0.0,0.0,0.0,0.0,0.0,156.0,0.0,0.0,156.0,0.0,0.0,0.0,0.0,0.0,0.0,0.0,0.0,0.0,0.0,0.0,0.0,0.0,0.0,0.0,0.0,0.0,0.0,0.0,0.0,0.0,156.0,0.0,0.0,156.0,0.0,0.0,0.0,0.0,0.0,0.0,"Mar 17, 2016"
866,2108044.0,28472.0,Anbar,Ramadi,Kilo 18,كيلو 18,33.3984956946,43.13493054,4000.0,24000.0,4000.0,0.0,0.0,0.0,0.0,0.0,0.0,0.0,0.0,0.0,0.0,0.0,0.0,0.0,0.0,0.0,0.0,0.0,4000.0,0.0,0.0,0.0,0.0,0.0,0.0,0.0,0.0,0.0,0.0,0.0,0.0,0.0,0.0,0.0,0.0,0.0,0.0,0.0,0.0,0.0,0.0,0.0,0.0,0.0,0.0,0.0,4000.0,0.0,0.0,4000.0,0.0,0.0,0.0,0.0,0.0,0.0,"Mar 17, 2016"
867,2201001.0,24594.0,Babylon,Al-Mahawil,Abo Blaw,أبو بلاو,32.6602636532,44.3933240989,11.0,66.0,7.0,0.0,4.0,0.0,0.0,0.0,0.0,0.0,0.0,0.0,0.0,0.0,0.0,0.0,0.0,0.0,0.0,0.0,0.0,11.0,0.0,0.0,0.0,0.0,0.0,0.0,0.0,0.0,0.0,0.0,0.0,0.0,0.0,0.0,0.0,0.0,0.0,0.0,0.0,0.0,0.0,0.0,4.0,0.0,0.0,4.0,7.0,0.0,0.0,7.0,0.0,0.0,0.0,0.0,0.0,0.0,"Mar 17, 2016"
868,2201002.0,7064.0,Babylon,Al-Mahawil,Albo Nafea,البو نافع,32.50796804,44.52054491,25.0,150.0,3.0,0.0,0.0,0.0,0.0,0.0,0.0,0.0,0.0,0.0,0.0,0.0,22.0,0.0,0.0,0.0,0.0,0.0,0.0,22.0,0.0,0.0,0.0,0.0,0.0,0.0,3.0,0.0,0.0,3.0,0.0,0.0,0.0,0.0,0.0,0.0,0.0,0.0,0.0,0.0,22.0,0.0,0.0,22.0,0.0,0.0,3.0,0.0,0.0,3.0,0.0,0.0,0.0,0.0,0.0,0.0,"Mar 17, 2016"
869,2201003.0,24541.0,Babylon,Al-Mahawil,Abu halael-Al Neel Area,ناحيه النيل-ابو هليل,32.555376,44.576374,6.0,36.0,0.0,0.0,0.0,0.0,0.0,0.0,0.0,0.0,0.0,0.0,0.0,0.0,6.0,0.0,0.0,0.0,0.0,0.0,0.0,6.0,0.0,0.0,0.0,0.0,0.0,0.0,0.0,0.0,0.0,0.0,0.0,0.0,0.0,0.0,0.0,0.0,0.0,0.0,0.0,0.0,2.0,0.0,4.0,2.0,0.0,4.0,0.0,0.0,0.0,0.0,0.0,0.0,0.0,0.0,0.0,0.0,"Mar 17, 2016"
870,2201004.0,21767.0,Babylon,Al-Mahawil,Abu Sudairah,ابو سديره,32.650923467,44.4121629835,71.0,426.0,71.0,0.0,0.0,0.0,0.0,0.0,0.0,0.0,0.0,0.0,0.0,0.0,0.0,0.0,0.0,0.0,0.0,0.0,0.0,0.0,0.0,0.0,0.0,0.0,0.0,0.0,71.0,0.0,0.0,71.0,0.0,0.0,0.0,0.0,0.0,0.0,0.0,0.0,10.0,0.0,0.0,10.0,0.0,0.0,20.0,0.0,41.0,20.0,0.0,41.0,0.0,0.0,0.0,0.0,0.0,0.0,"Mar 17, 2016"
871,2201005.0,24297.0,Babylon,Al-Mahawil,Al Baqer Area-Jablah,جبلة-مدينة الباقر,32.64922,44.72855,7.0,42.0,7.0,0.0,0.0,0.0,0.0,0.0,0.0,0.0,0.0,0.0,0.0,0.0,0.0,0.0,0.0,0.0,0.0,0.0,0.0,0.0,0.0,0.0,0.0,0.0,0.0,0.0,7.0,0.0,0.0,7.0,0.0,0.0,0.0,0.0,0.0,0.0,0.0,0.0,0.0,0.0,0.0,0.0,0.0,0.0,0.0,0.0,7.0,0.0,0.0,7.0,0.0,0.0,0.0,0.0,0.0,0.0,"Mar 17, 2016"
872,2201006.0,24178.0,Babylon,Al-Mahawil,Al Imam Hay Al Amir,ناحية الامام-حي الامير,32.66272265,44.48252033,25.0,150.0,19.0,0.0,0.0,0.0,0.0,0.0,0.0,0.0,0.0,0.0,0.0,0.0,6.0,0.0,0.0,0.0,0.0,0.0,0.0,0.0,0.0,0.0,0.0,0.0,0.0,0.0,25.0,0.0,0.0,25.0,0.0,0.0,0.0,0.0,0.0,0.0,0.0,0.0,0.0,0.0,3.0,0.0,0.0,3.0,9.0,0.0,13.0,9.0,0.0,13.0,0.0,0.0,0.0,0.0,0.0,0.0,"Mar 17, 2016"
873,2201007.0,25709.0,Babylon,Al-Mahawil,Al Imam Hay Al Hakeem,ناحية الامام-حي الحكيم,32.6626393,44.48328249,29.0,174.0,20.0,0.0,0.0,0.0,0.0,0.0,0.0,0.0,0.0,0.0,0.0,0.0,9.0,0.0,0.0,0.0,0.0,0.0,0.0,0.0,0.0,0.0,0.0,0.0,0.0,0.0,29.0,0.0,0.0,29.0,0.0,0.0,0.0,0.0,0.0,0.0,0.0,0.0,0.0,0.0,9.0,0.0,0.0,9.0,6.0,0.0,14.0,6.0,0.0,14.0,0.0,0.0,0.0,0.0,0.0,0.0,"Mar 17, 2016"
874,2201008.0,24565.0,Babylon,Al-Mahawil,Al Imam-Hay Al Hussien,ناحيه الامام-حي الحسين,32.66641409,44.50794264,7.0,42.0,0.0,0.0,0.0,0.0,0.0,0.0,0.0,0.0,0.0,0.0,0.0,0.0,7.0,0.0,0.0,0.0,0.0,0.0,0.0,7.0,0.0,0.0,0.0,0.0,0.0,0.0,0.0,0.0,0.0,0.0,0.0,0.0,0.0,0.0,0.0,0.0,0.0,0.0,0.0,0.0,7.0,0.0,0.0,7.0,0.0,0.0,0.0,0.0,0.0,0.0,0.0,0.0,0.0,0.0,0.0,0.0,"Mar 17, 2016"
875,2201009.0,24566.0,Babylon,Al-Mahawil,Al Imam-Hay Al Zahraa,ناحيه الامام-حي الزهراء,32.66954544,44.50006776,10.0,60.0,0.0,0.0,0.0,0.0,0.0,0.0,0.0,0.0,0.0,0.0,0.0,0.0,10.0,0.0,0.0,0.0,0.0,0.0,0.0,0.0,0.0,0.0,0.0,0.0,0.0,0.0,10.0,0.0,0.0,10.0,0.0,0.0,0.0,0.0,0.0,0.0,0.0,0.0,0.0,0.0,10.0,0.0,0.0,10.0,0.0,0.0,0.0,0.0,0.0,0.0,0.0,0.0,0.0,0.0,0.0,0.0,"Mar 17, 2016"
876,2201010.0,24567.0,Babylon,Al-Mahawil,Al Imam-Hay Imam Ali,ناحيه الامام-حي الامام علي,32.66881814,44.5027265,8.0,48.0,0.0,0.0,0.0,0.0,0.0,0.0,0.0,0.0,0.0,0.0,0.0,0.0,8.0,0.0,0.0,0.0,0.0,0.0,0.0,8.0,0.0,0.0,0.0,0.0,0.0,0.0,0.0,0.0,0.0,0.0,0.0,0.0,0.0,0.0,0.0,0.0,0.0,0.0,0.0,0.0,8.0,0.0,0.0,8.0,0.0,0.0,0.0,0.0,0.0,0.0,0.0,0.0,0.0,0.0,0.0,0.0,"Mar 17, 2016"
877,2201012.0,24517.0,Babylon,Al-Mahawil,Al-lubat,اللوبات,32.5348093793,44.4890517158,15.0,90.0,0.0,0.0,0.0,0.0,0.0,0.0,0.0,0.0,0.0,0.0,0.0,0.0,15.0,0.0,0.0,0.0,0.0,0.0,0.0,7.0,0.0,0.0,0.0,0.0,0.0,8.0,0.0,8.0,0.0,0.0,0.0,0.0,0.0,0.0,0.0,0.0,0.0,0.0,0.0,0.0,15.0,0.0,0.0,15.0,0.0,0.0,0.0,0.0,0.0,0.0,0.0,0.0,0.0,0.0,0.0,0.0,"Mar 17, 2016"
878,2201013.0,24466.0,Babylon,Al-Mahawil,Al Murtdha village,قريه المرتضى,32.57008314,44.41692498,7.0,42.0,0.0,7.0,0.0,0.0,0.0,0.0,0.0,0.0,0.0,0.0,0.0,0.0,0.0,0.0,0.0,0.0,0.0,0.0,0.0,7.0,0.0,0.0,0.0,0.0,0.0,0.0,0.0,0.0,0.0,0.0,0.0,0.0,0.0,0.0,0.0,0.0,0.0,0.0,0.0,0.0,7.0,0.0,0.0,7.0,0.0,0.0,0.0,0.0,0.0,0.0,0.0,0.0,0.0,0.0,0.0,0.0,"Mar 17, 2016"
879,2201014.0,24299.0,Babylon,Al-Mahawil,Al Qasabah Al Kadimah,ناحية الامام-القصبة القديمة,32.66563637,44.50924108,29.0,174.0,8.0,0.0,0.0,0.0,0.0,0.0,0.0,0.0,0.0,0.0,0.0,0.0,21.0,0.0,0.0,0.0,0.0,0.0,0.0,0.0,0.0,0.0,0.0,0.0,0.0,0.0,8.0,0.0,0.0,8.0,0.0,0.0,0.0,0.0,21.0,0.0,0.0,21.0,0.0,0.0,21.0,0.0,0.0,21.0,0.0,0.0,8.0,0.0,0.0,8.0,0.0,0.0,0.0,0.0,0.0,0.0,"Mar 17, 2016"
880,2201015.0,22372.0,Babylon,Al-Mahawil,Al Rashayed,الرشايد,32.74512,44.76589,18.0,108.0,0.0,8.0,2.0,0.0,0.0,0.0,0.0,0.0,0.0,0.0,0.0,0.0,8.0,0.0,0.0,0.0,0.0,0.0,0.0,18.0,0.0,0.0,0.0,0.0,0.0,0.0,0.0,0.0,0.0,0.0,0.0,0.0,0.0,0.0,0.0,0.0,0.0,0.0,0.0,0.0,14.0,0.0,4.0,14.0,0.0,4.0,0.0,0.0,0.0,0.0,0.0,0.0,0.0,0.0,0.0,0.0,"Mar 17, 2016"
881,2201016.0,23963.0,Babylon,Al-Mahawil,Al Shahed Al Sader,ناحية الامام-الشهيد الصدر,32.66613778,44.49614888,15.0,90.0,6.0,0.0,0.0,0.0,0.0,0.0,0.0,0.0,0.0,0.0,0.0,0.0,9.0,0.0,0.0,0.0,0.0,0.0,0.0,0.0,0.0,0.0,0.0,0.0,0.0,0.0,15.0,0.0,0.0,15.0,0.0,0.0,0.0,0.0,0.0,0.0,0.0,0.0,0.0,0.0,9.0,0.0,0.0,9.0,6.0,0.0,0.0,6.0,0.0,0.0,0.0,0.0,0.0,0.0,0.0,0.0,"Mar 17, 2016"
882,2201017.0,24431.0,Babylon,Al-Mahawil,Al taba-Al Neel,ناحيه النيل-الطابه,32.48294571,44.56964057,19.0,114.0,8.0,0.0,0.0,0.0,0.0,0.0,0.0,0.0,0.0,0.0,0.0,0.0,11.0,0.0,0.0,0.0,0.0,0.0,0.0,0.0,0.0,0.0,0.0,0.0,0.0,0.0,19.0,0.0,0.0,19.0,0.0,0.0,0.0,0.0,0.0,0.0,0.0,0.0,0.0,0.0,11.0,0.0,0.0,11.0,0.0,0.0,8.0,0.0,0.0,8.0,0.0,0.0,0.0,0.0,0.0,0.0,"Mar 17, 2016"
883,2201018.0,24336.0,Babylon,Al-Mahawil,Al Tahriyah,الطاهريه,32.748223,44.431139,10.0,60.0,2.0,0.0,0.0,0.0,0.0,0.0,0.0,0.0,0.0,0.0,0.0,0.0,8.0,0.0,0.0,0.0,0.0,0.0,0.0,2.0,0.0,0.0,0.0,0.0,0.0,0.0,8.0,0.0,0.0,8.0,0.0,0.0,0.0,0.0,0.0,0.0,0.0,0.0,0.0,0.0,8.0,0.0,0.0,8.0,0.0,0.0,2.0,0.0,0.0,2.0,0.0,0.0,0.0,0.0,0.0,0.0,"Mar 17, 2016"
884,2201019.0,23962.0,Babylon,Al-Mahawil,Al Talaea,الطلائع,32.54572,44.55561,8.0,48.0,0.0,0.0,0.0,0.0,0.0,0.0,0.0,0.0,0.0,0.0,0.0,0.0,8.0,0.0,0.0,0.0,0.0,0.0,0.0,8.0,0.0,0.0,0.0,0.0,0.0,0.0,0.0,0.0,0.0,0.0,0.0,0.0,0.0,0.0,0.0,0.0,0.0,0.0,0.0,0.0,8.0,0.0,0.0,8.0,0.0,0.0,0.0,0.0,0.0,0.0,0.0,0.0,0.0,0.0,0.0,0.0,"Mar 17, 2016"
885,2201020.0,20923.0,Babylon,Al-Mahawil,Al-Akfia village,العاكفية,32.53423281,44.55002734,15.0,90.0,11.0,0.0,0.0,0.0,0.0,0.0,0.0,0.0,0.0,0.0,0.0,0.0,4.0,0.0,0.0,0.0,0.0,0.0,0.0,0.0,0.0,0.0,0.0,0.0,0.0,0.0,15.0,0.0,0.0,15.0,0.0,0.0,0.0,0.0,0.0,0.0,0.0,0.0,0.0,0.0,4.0,0.0,0.0,4.0,0.0,0.0,11.0,0.0,0.0,11.0,0.0,0.0,0.0,0.0,0.0,0.0,"Mar 17, 2016"
886,2201021.0,24438.0,Babylon,Al-Mahawil,Alammar village-Al Neel,ناحيه النيل-قريه العمار,32.55428664,44.56309489,13.0,78.0,3.0,0.0,0.0,0.0,0.0,0.0,0.0,0.0,0.0,0.0,0.0,0.0,10.0,0.0,0.0,0.0,0.0,0.0,0.0,13.0,0.0,0.0,0.0,0.0,0.0,0.0,0.0,0.0,0.0,0.0,0.0,0.0,0.0,0.0,0.0,0.0,0.0,0.0,0.0,0.0,10.0,0.0,0.0,10.0,0.0,0.0,3.0,0.0,0.0,3.0,0.0,0.0,0.0,0.0,0.0,0.0,"Mar 17, 2016"
887,2201022.0,24468.0,Babylon,Al-Mahawil,Alaweara,العويره,32.656014,44.415329,10.0,60.0,2.0,0.0,0.0,0.0,0.0,0.0,0.0,0.0,0.0,0.0,0.0,0.0,8.0,0.0,0.0,0.0,0.0,0.0,0.0,1.0,0.0,0.0,0.0,0.0,0.0,0.0,9.0,0.0,0.0,9.0,0.0,0.0,0.0,0.0,0.0,0.0,0.0,0.0,0.0,0.0,8.0,0.0,0.0,8.0,0.0,0.0,2.0,0.0,0.0,2.0,0.0,0.0,0.0,0.0,0.0,0.0,"Mar 17, 2016"
888,2201023.0,24467.0,Babylon,Al-Mahawil,Alazawea,العزاويه,32.5752565972,44.423584939,8.0,48.0,0.0,0.0,8.0,0.0,0.0,0.0,0.0,0.0,0.0,0.0,0.0,0.0,0.0,0.0,0.0,0.0,0.0,0.0,0.0,8.0,0.0,0.0,0.0,0.0,0.0,0.0,0.0,0.0,0.0,0.0,0.0,0.0,0.0,0.0,0.0,0.0,0.0,0.0,0.0,0.0,8.0,0.0,0.0,8.0,0.0,0.0,0.0,0.0,0.0,0.0,0.0,0.0,0.0,0.0,0.0,0.0,"Mar 17, 2016"
889,2201024.0,24465.0,Babylon,Al-Mahawil,Albada-hay Alaskari,البدع-حي العسكري,32.6930072398,44.40978,31.0,186.0,18.0,8.0,0.0,0.0,0.0,0.0,0.0,0.0,0.0,0.0,0.0,0.0,5.0,0.0,0.0,0.0,0.0,0.0,0.0,31.0,0.0,0.0,0.0,0.0,0.0,0.0,0.0,0.0,0.0,0.0,0.0,0.0,0.0,0.0,0.0,0.0,0.0,0.0,0.0,0.0,8.0,0.0,5.0,8.0,15.0,5.0,3.0,15.0,0.0,3.0,0.0,0.0,0.0,0.0,0.0,0.0,"Mar 17, 2016"
890,2201025.0,25713.0,Babylon,Al-Mahawil,Albo-Mustafa,البو مصطفى,32.660796,44.329997,48.0,288.0,48.0,0.0,0.0,0.0,0.0,0.0,0.0,0.0,0.0,0.0,0.0,0.0,0.0,0.0,0.0,0.0,0.0,0.0,0.0,48.0,0.0,0.0,0.0,0.0,0.0,0.0,0.0,0.0,0.0,0.0,0.0,0.0,0.0,0.0,0.0,0.0,0.0,0.0,0.0,0.0,0.0,0.0,0.0,0.0,10.0,0.0,38.0,10.0,0.0,38.0,0.0,0.0,0.0,0.0,0.0,0.0,"Mar 17, 2016"
891,2201026.0,24463.0,Babylon,Al-Mahawil,Algreaay,الكريعي,32.66054,44.44155,8.0,48.0,5.0,0.0,0.0,0.0,0.0,0.0,0.0,0.0,0.0,0.0,0.0,0.0,3.0,0.0,0.0,0.0,0.0,0.0,0.0,3.0,0.0,0.0,0.0,0.0,0.0,0.0,5.0,0.0,0.0,5.0,0.0,0.0,0.0,0.0,0.0,0.0,0.0,0.0,0.0,0.0,3.0,0.0,0.0,3.0,5.0,0.0,0.0,5.0,0.0,0.0,0.0,0.0,0.0,0.0,0.0,0.0,"Mar 17, 2016"
892,2201027.0,24690.0,Babylon,Al-Mahawil,Algwam village,ناحيه الامام-قريه الكوام,32.66830919,44.50310368,10.0,60.0,0.0,0.0,0.0,0.0,0.0,0.0,0.0,0.0,0.0,0.0,0.0,0.0,10.0,0.0,0.0,0.0,0.0,0.0,0.0,6.0,0.0,0.0,0.0,0.0,0.0,4.0,0.0,4.0,0.0,0.0,0.0,0.0,0.0,0.0,0.0,0.0,0.0,0.0,0.0,0.0,0.0,0.0,10.0,0.0,0.0,10.0,0.0,0.0,0.0,0.0,0.0,0.0,0.0,0.0,0.0,0.0,"Mar 17, 2016"
893,2201028.0,25710.0,Babylon,Al-Mahawil,Ali bn Al-Hussain Village,قريه علي ابن الحسين,32.6593,44.46783,4.0,24.0,4.0,0.0,0.0,0.0,0.0,0.0,0.0,0.0,0.0,0.0,0.0,0.0,0.0,0.0,0.0,0.0,0.0,0.0,0.0,0.0,0.0,0.0,0.0,0.0,0.0,0.0,4.0,0.0,0.0,4.0,0.0,0.0,0.0,0.0,0.0,0.0,0.0,0.0,0.0,0.0,0.0,0.0,0.0,0.0,0.0,0.0,4.0,0.0,0.0,4.0,0.0,0.0,0.0,0.0,0.0,0.0,"Mar 17, 2016"
894,2201031.0,23941.0,Babylon,Al-Mahawil,Al-Jadrjy,الجادرجي,32.6016414749,44.36902,90.0,540.0,90.0,0.0,0.0,0.0,0.0,0.0,0.0,0.0,0.0,0.0,0.0,0.0,0.0,0.0,0.0,0.0,0.0,0.0,0.0,90.0,0.0,0.0,0.0,0.0,0.0,0.0,0.0,0.0,0.0,0.0,0.0,0.0,0.0,0.0,0.0,0.0,0.0,0.0,20.0,0.0,33.0,20.0,0.0,33.0,8.0,0.0,29.0,8.0,0.0,29.0,0.0,0.0,0.0,0.0,0.0,0.0,"Mar 17, 2016"
895,2201032.0,25712.0,Babylon,Al-Mahawil,Al-Jazra,الجزرا,32.6573779703,44.3963204027,19.0,114.0,19.0,0.0,0.0,0.0,0.0,0.0,0.0,0.0,0.0,0.0,0.0,0.0,0.0,0.0,0.0,0.0,0.0,0.0,0.0,0.0,0.0,0.0,0.0,0.0,0.0,0.0,19.0,0.0,0.0,19.0,0.0,0.0,0.0,0.0,0.0,0.0,0.0,0.0,0.0,0.0,0.0,0.0,0.0,0.0,0.0,0.0,19.0,0.0,0.0,19.0,0.0,0.0,0.0,0.0,0.0,0.0,"Mar 17, 2016"
896,2201033.0,25617.0,Babylon,Al-Mahawil,Al-Mahawil-Hay Al-Mashtal,حي المشتل,32.666289935,44.3966678294,35.0,210.0,35.0,0.0,0.0,0.0,0.0,0.0,0.0,0.0,0.0,0.0,0.0,0.0,0.0,0.0,0.0,0.0,0.0,0.0,0.0,0.0,0.0,0.0,0.0,0.0,0.0,0.0,35.0,0.0,0.0,35.0,0.0,0.0,0.0,0.0,0.0,0.0,0.0,0.0,0.0,0.0,0.0,0.0,0.0,0.0,10.0,0.0,25.0,10.0,0.0,25.0,0.0,0.0,0.0,0.0,0.0,0.0,"Mar 17, 2016"
897,2201034.0,24432.0,Babylon,Al-Mahawil,AlRashead village-Al Neel,ناحيه النيل-قريه الراشد,32.54707276,44.51972198,7.0,42.0,2.0,0.0,0.0,0.0,0.0,0.0,0.0,0.0,0.0,0.0,0.0,0.0,5.0,0.0,0.0,0.0,0.0,0.0,0.0,7.0,0.0,0.0,0.0,0.0,0.0,0.0,0.0,0.0,0.0,0.0,0.0,0.0,0.0,0.0,0.0,0.0,0.0,0.0,0.0,0.0,5.0,0.0,0.0,5.0,0.0,0.0,2.0,0.0,0.0,2.0,0.0,0.0,0.0,0.0,0.0,0.0,"Mar 17, 2016"
898,2201035.0,7232.0,Babylon,Al-Mahawil,Al-Shakiria,الشاكريه,32.65663433,44.39642292,8.0,48.0,8.0,0.0,0.0,0.0,0.0,0.0,0.0,0.0,0.0,0.0,0.0,0.0,0.0,0.0,0.0,0.0,0.0,0.0,0.0,0.0,0.0,0.0,0.0,0.0,0.0,0.0,8.0,0.0,0.0,8.0,0.0,0.0,0.0,0.0,0.0,0.0,0.0,0.0,0.0,0.0,0.0,0.0,4.0,0.0,0.0,4.0,4.0,0.0,0.0,4.0,0.0,0.0,0.0,0.0,0.0,0.0,"Mar 17, 2016"
899,2201036.0,24435.0,Babylon,Al-Mahawil,Alshalab village-Al Neel,ناحيه النيل-قريه الشلب,32.54345,44.48812,10.0,60.0,0.0,0.0,0.0,0.0,0.0,0.0,0.0,0.0,0.0,0.0,0.0,0.0,10.0,0.0,0.0,0.0,0.0,0.0,0.0,10.0,0.0,0.0,0.0,0.0,0.0,0.0,0.0,0.0,0.0,0.0,0.0,0.0,0.0,0.0,0.0,0.0,0.0,0.0,0.0,0.0,10.0,0.0,0.0,10.0,0.0,0.0,0.0,0.0,0.0,0.0,0.0,0.0,0.0,0.0,0.0,0.0,"Mar 17, 2016"
900,2201037.0,6363.0,Babylon,Al-Mahawil,An Nil,مركز ناحية النيل,32.52,44.55,60.0,360.0,35.0,0.0,0.0,0.0,0.0,0.0,0.0,0.0,0.0,0.0,0.0,0.0,25.0,0.0,0.0,0.0,0.0,0.0,0.0,0.0,0.0,0.0,0.0,0.0,0.0,0.0,60.0,0.0,0.0,60.0,0.0,0.0,0.0,0.0,0.0,0.0,0.0,0.0,0.0,0.0,25.0,0.0,0.0,25.0,5.0,0.0,30.0,5.0,0.0,30.0,0.0,0.0,0.0,0.0,0.0,0.0,"Mar 17, 2016"
901,2201038.0,24469.0,Babylon,Al-Mahawil,Barnon-Al Qasabah Al kadima,برنون-القصبه القديمه,32.5696869922,44.4076938132,18.0,108.0,5.0,0.0,0.0,0.0,0.0,0.0,0.0,0.0,0.0,0.0,0.0,0.0,12.0,0.0,1.0,0.0,0.0,0.0,0.0,0.0,0.0,0.0,0.0,0.0,0.0,0.0,18.0,0.0,0.0,18.0,0.0,0.0,0.0,0.0,0.0,0.0,0.0,0.0,0.0,0.0,12.0,0.0,1.0,12.0,0.0,1.0,5.0,0.0,0.0,5.0,0.0,0.0,0.0,0.0,0.0,0.0,"Mar 17, 2016"
902,2201039.0,24519.0,Babylon,Al-Mahawil,Barnon-hay Alaskry,برنون-حي العسكري,32.57048228,44.40842581,13.0,78.0,7.0,0.0,0.0,0.0,0.0,0.0,0.0,0.0,0.0,0.0,0.0,0.0,6.0,0.0,0.0,0.0,0.0,0.0,0.0,0.0,0.0,0.0,0.0,0.0,0.0,0.0,13.0,0.0,0.0,13.0,0.0,0.0,0.0,0.0,0.0,0.0,0.0,0.0,0.0,0.0,6.0,0.0,0.0,6.0,0.0,0.0,7.0,0.0,0.0,7.0,0.0,0.0,0.0,0.0,0.0,0.0,"Mar 17, 2016"
903,2201040.0,23964.0,Babylon,Al-Mahawil,Btt Merry,بتت ميري,32.6253335574,44.39474,130.0,780.0,124.0,0.0,0.0,0.0,0.0,0.0,0.0,0.0,0.0,0.0,0.0,0.0,6.0,0.0,0.0,0.0,0.0,0.0,0.0,75.0,0.0,0.0,0.0,0.0,0.0,4.0,51.0,4.0,0.0,51.0,0.0,0.0,0.0,0.0,0.0,0.0,0.0,0.0,0.0,0.0,6.0,0.0,0.0,6.0,54.0,0.0,70.0,54.0,0.0,70.0,0.0,0.0,0.0,0.0,0.0,0.0,"Mar 17, 2016"
904,2201041.0,23942.0,Babylon,Al-Mahawil,Btt Wahby,بتت وهبي,32.6008760797,44.4112424628,75.0,450.0,75.0,0.0,0.0,0.0,0.0,0.0,0.0,0.0,0.0,0.0,0.0,0.0,0.0,0.0,0.0,0.0,0.0,0.0,0.0,75.0,0.0,0.0,0.0,0.0,0.0,0.0,0.0,0.0,0.0,0.0,0.0,0.0,0.0,0.0,0.0,0.0,0.0,0.0,14.0,0.0,8.0,14.0,0.0,8.0,7.0,0.0,46.0,7.0,0.0,46.0,0.0,0.0,0.0,0.0,0.0,0.0,"Mar 17, 2016"
905,2201042.0,7231.0,Babylon,Al-Mahawil,Findhiya,الفنديه,32.5889927984,44.4269914932,9.0,54.0,0.0,0.0,0.0,0.0,0.0,0.0,0.0,0.0,0.0,0.0,0.0,0.0,9.0,0.0,0.0,0.0,0.0,0.0,0.0,9.0,0.0,0.0,0.0,0.0,0.0,0.0,0.0,0.0,0.0,0.0,0.0,0.0,0.0,0.0,0.0,0.0,0.0,0.0,0.0,0.0,0.0,0.0,9.0,0.0,0.0,9.0,0.0,0.0,0.0,0.0,0.0,0.0,0.0,0.0,0.0,0.0,"Mar 17, 2016"
906,2201043.0,24960.0,Babylon,Al-Mahawil,Hay Al Farook,حي الفاروق,32.6502043954,44.4124639973,91.0,546.0,91.0,0.0,0.0,0.0,0.0,0.0,0.0,0.0,0.0,0.0,0.0,0.0,0.0,0.0,0.0,0.0,0.0,0.0,0.0,0.0,0.0,0.0,0.0,0.0,0.0,0.0,91.0,0.0,0.0,91.0,0.0,0.0,0.0,0.0,0.0,0.0,0.0,0.0,0.0,0.0,0.0,0.0,2.0,0.0,36.0,2.0,53.0,36.0,0.0,53.0,0.0,0.0,0.0,0.0,0.0,0.0,"Mar 17, 2016"
907,2201044.0,22869.0,Babylon,Al-Mahawil,Hay Al Salam,حي السلام,32.74322,44.60796,15.0,90.0,7.0,8.0,0.0,0.0,0.0,0.0,0.0,0.0,0.0,0.0,0.0,0.0,0.0,0.0,0.0,0.0,0.0,0.0,0.0,0.0,0.0,0.0,0.0,0.0,0.0,0.0,15.0,0.0,0.0,15.0,0.0,0.0,0.0,0.0,0.0,0.0,0.0,0.0,0.0,0.0,0.0,0.0,7.0,0.0,0.0,7.0,8.0,0.0,0.0,8.0,0.0,0.0,0.0,0.0,0.0,0.0,"Mar 17, 2016"
908,2201045.0,24298.0,Babylon,Al-Mahawil,Hay Al wihda-Jablah,جبلة-حي الوحده,32.75108,44.61282,7.0,42.0,4.0,0.0,0.0,0.0,0.0,0.0,0.0,0.0,0.0,0.0,0.0,0.0,3.0,0.0,0.0,0.0,0.0,0.0,0.0,0.0,0.0,0.0,0.0,0.0,0.0,0.0,7.0,0.0,0.0,7.0,0.0,0.0,0.0,0.0,0.0,0.0,0.0,0.0,0.0,0.0,3.0,0.0,0.0,3.0,0.0,0.0,4.0,0.0,0.0,4.0,0.0,0.0,0.0,0.0,0.0,0.0,"Mar 17, 2016"
909,2201046.0,20927.0,Babylon,Al-Mahawil,Hay Al-Askari,حي العسكري ,32.6651003144,44.4058474278,46.0,276.0,46.0,0.0,0.0,0.0,0.0,0.0,0.0,0.0,0.0,0.0,0.0,0.0,0.0,0.0,0.0,0.0,0.0,0.0,0.0,0.0,0.0,0.0,0.0,0.0,0.0,0.0,30.0,0.0,0.0,30.0,0.0,0.0,16.0,0.0,0.0,16.0,0.0,0.0,4.0,0.0,0.0,4.0,0.0,0.0,10.0,0.0,32.0,10.0,0.0,32.0,0.0,0.0,0.0,0.0,0.0,0.0,"Mar 17, 2016"
910,2201047.0,7202.0,Babylon,Al-Mahawil,Hay Al-Intisar,حي الانتصار,32.6527116363,44.4085546079,76.0,456.0,76.0,0.0,0.0,0.0,0.0,0.0,0.0,0.0,0.0,0.0,0.0,0.0,0.0,0.0,0.0,0.0,0.0,0.0,0.0,0.0,0.0,0.0,0.0,0.0,0.0,0.0,76.0,0.0,0.0,76.0,0.0,0.0,0.0,0.0,0.0,0.0,0.0,0.0,0.0,0.0,0.0,0.0,0.0,0.0,20.0,0.0,56.0,20.0,0.0,56.0,0.0,0.0,0.0,0.0,0.0,0.0,"Mar 17, 2016"
911,2201048.0,7147.0,Babylon,Al-Mahawil,Hay Al-Risala 1,جبلة-حي الرسالة,32.750831,44.611538,31.0,186.0,18.0,1.0,12.0,0.0,0.0,0.0,0.0,0.0,0.0,0.0,0.0,0.0,0.0,0.0,0.0,0.0,0.0,0.0,0.0,0.0,0.0,0.0,0.0,0.0,0.0,0.0,31.0,0.0,0.0,31.0,0.0,0.0,0.0,0.0,0.0,0.0,0.0,0.0,2.0,0.0,13.0,2.0,0.0,13.0,0.0,0.0,16.0,0.0,0.0,16.0,0.0,0.0,0.0,0.0,0.0,0.0,"Mar 17, 2016"
912,2201049.0,24464.0,Babylon,Al-Mahawil,Hay Zain Alabadeen,حي زين العابدين,32.750565,44.617134,12.0,72.0,10.0,0.0,0.0,0.0,0.0,0.0,0.0,0.0,0.0,0.0,0.0,0.0,2.0,0.0,0.0,0.0,0.0,0.0,0.0,0.0,0.0,0.0,0.0,0.0,0.0,0.0,12.0,0.0,0.0,12.0,0.0,0.0,0.0,0.0,0.0,0.0,0.0,0.0,0.0,0.0,2.0,0.0,0.0,2.0,0.0,0.0,10.0,0.0,0.0,10.0,0.0,0.0,0.0,0.0,0.0,0.0,"Mar 17, 2016"
913,2201050.0,6365.0,Babylon,Al-Mahawil,Jabla Al Imam Village,جبلة-الامام,32.772672,44.588427,22.0,132.0,5.0,0.0,17.0,0.0,0.0,0.0,0.0,0.0,0.0,0.0,0.0,0.0,0.0,0.0,0.0,0.0,0.0,0.0,0.0,22.0,0.0,0.0,0.0,0.0,0.0,0.0,0.0,0.0,0.0,0.0,0.0,0.0,0.0,0.0,0.0,0.0,0.0,0.0,5.0,0.0,17.0,5.0,0.0,17.0,0.0,0.0,0.0,0.0,0.0,0.0,0.0,0.0,0.0,0.0,0.0,0.0,"Mar 17, 2016"
914,2201051.0,24266.0,Babylon,Al-Mahawil,Jabla-Al Dulimy,جبلة-الدليمي,32.76013,44.52648,7.0,42.0,0.0,0.0,7.0,0.0,0.0,0.0,0.0,0.0,0.0,0.0,0.0,0.0,0.0,0.0,0.0,0.0,0.0,0.0,0.0,7.0,0.0,0.0,0.0,0.0,0.0,0.0,0.0,0.0,0.0,0.0,0.0,0.0,0.0,0.0,0.0,0.0,0.0,0.0,0.0,0.0,7.0,0.0,0.0,7.0,0.0,0.0,0.0,0.0,0.0,0.0,0.0,0.0,0.0,0.0,0.0,0.0,"Mar 17, 2016"
915,2201052.0,24267.0,Babylon,Al-Mahawil,Jabla-Al Hamiry,جبلة-الحميري,32.79637,44.50842,15.0,90.0,0.0,10.0,5.0,0.0,0.0,0.0,0.0,0.0,0.0,0.0,0.0,0.0,0.0,0.0,0.0,0.0,0.0,0.0,0.0,15.0,0.0,0.0,0.0,0.0,0.0,0.0,0.0,0.0,0.0,0.0,0.0,0.0,0.0,0.0,0.0,0.0,0.0,0.0,0.0,0.0,5.0,0.0,10.0,5.0,0.0,10.0,0.0,0.0,0.0,0.0,0.0,0.0,0.0,0.0,0.0,0.0,"Mar 17, 2016"
916,2201054.0,24568.0,Babylon,Al-Mahawil,Jabla-Hay Al Hurriya,جبله-حي الحريه,32.745583,44.60698,10.0,60.0,5.0,0.0,0.0,0.0,0.0,5.0,0.0,0.0,0.0,0.0,0.0,0.0,0.0,0.0,0.0,0.0,0.0,0.0,0.0,0.0,0.0,0.0,0.0,0.0,0.0,0.0,10.0,0.0,0.0,10.0,0.0,0.0,0.0,0.0,0.0,0.0,0.0,0.0,0.0,0.0,5.0,0.0,0.0,5.0,0.0,0.0,5.0,0.0,0.0,5.0,0.0,0.0,0.0,0.0,0.0,0.0,"Mar 17, 2016"
917,2201055.0,24521.0,Babylon,Al-Mahawil,jabla-Hay Rhaema,جبله-حي رحيمه,32.75064,44.60031,8.0,48.0,5.0,0.0,0.0,0.0,0.0,0.0,0.0,0.0,0.0,0.0,0.0,0.0,3.0,0.0,0.0,0.0,0.0,0.0,0.0,0.0,0.0,0.0,0.0,0.0,0.0,0.0,8.0,0.0,0.0,8.0,0.0,0.0,0.0,0.0,0.0,0.0,0.0,0.0,0.0,0.0,3.0,0.0,0.0,3.0,2.0,0.0,3.0,2.0,0.0,3.0,0.0,0.0,0.0,0.0,0.0,0.0,"Mar 17, 2016"
918,2201056.0,24542.0,Babylon,Al-Mahawil,khafaja village,قريه خفاجه,32.62357577,44.37236653,16.0,96.0,12.0,4.0,0.0,0.0,0.0,0.0,0.0,0.0,0.0,0.0,0.0,0.0,0.0,0.0,0.0,0.0,0.0,0.0,0.0,16.0,0.0,0.0,0.0,0.0,0.0,0.0,0.0,0.0,0.0,0.0,0.0,0.0,0.0,0.0,0.0,0.0,0.0,0.0,0.0,0.0,0.0,0.0,4.0,0.0,12.0,4.0,0.0,12.0,0.0,0.0,0.0,0.0,0.0,0.0,0.0,0.0,"Mar 17, 2016"
919,2201057.0,24434.0,Babylon,Al-Mahawil,khalf alsharkhy village-Al Neel,ناحيه النيل-قريه خليف الشرقي,32.54822996,44.51958611,7.0,42.0,0.0,0.0,0.0,0.0,0.0,0.0,0.0,0.0,0.0,0.0,0.0,0.0,7.0,0.0,0.0,0.0,0.0,0.0,0.0,7.0,0.0,0.0,0.0,0.0,0.0,0.0,0.0,0.0,0.0,0.0,0.0,0.0,0.0,0.0,0.0,0.0,0.0,0.0,0.0,0.0,7.0,0.0,0.0,7.0,0.0,0.0,0.0,0.0,0.0,0.0,0.0,0.0,0.0,0.0,0.0,0.0,"Mar 17, 2016"
920,2201058.0,24543.0,Babylon,Al-Mahawil,Maghear Village-Al Neel,ناحيه النيل-قريه مغير,32.54707749,44.55910385,9.0,54.0,0.0,0.0,0.0,0.0,0.0,0.0,0.0,0.0,0.0,0.0,0.0,0.0,9.0,0.0,0.0,0.0,0.0,0.0,0.0,9.0,0.0,0.0,0.0,0.0,0.0,0.0,0.0,0.0,0.0,0.0,0.0,0.0,0.0,0.0,0.0,0.0,0.0,0.0,0.0,0.0,0.0,0.0,9.0,0.0,0.0,9.0,0.0,0.0,0.0,0.0,0.0,0.0,0.0,0.0,0.0,0.0,"Mar 17, 2016"
921,2201059.0,23939.0,Babylon,Al-Mahawil,Qalat Al Naeb,قلعة النائب,32.60287507,44.41478248,6.0,36.0,6.0,0.0,0.0,0.0,0.0,0.0,0.0,0.0,0.0,0.0,0.0,0.0,0.0,0.0,0.0,0.0,0.0,0.0,0.0,0.0,0.0,0.0,0.0,0.0,0.0,0.0,6.0,0.0,0.0,6.0,0.0,0.0,0.0,0.0,0.0,0.0,0.0,0.0,3.0,0.0,0.0,3.0,0.0,0.0,0.0,0.0,3.0,0.0,0.0,3.0,0.0,0.0,0.0,0.0,0.0,0.0,"Mar 17, 2016"
922,2201060.0,22527.0,Babylon,Al-Mahawil,Qaryat Al Haidery,الحيدري,32.736443,44.569351,12.0,72.0,0.0,8.0,4.0,0.0,0.0,0.0,0.0,0.0,0.0,0.0,0.0,0.0,0.0,0.0,0.0,0.0,0.0,0.0,0.0,0.0,0.0,0.0,0.0,0.0,0.0,0.0,12.0,0.0,0.0,12.0,0.0,0.0,0.0,0.0,0.0,0.0,0.0,0.0,0.0,0.0,0.0,0.0,7.0,0.0,5.0,7.0,0.0,5.0,0.0,0.0,0.0,0.0,0.0,0.0,0.0,0.0,"Mar 17, 2016"
923,2201061.0,6459.0,Babylon,Al-Mahawil,Sabbaghiyah,ناحية الامام-الصباغية,32.65503955,44.4741852,27.0,162.0,27.0,0.0,0.0,0.0,0.0,0.0,0.0,0.0,0.0,0.0,0.0,0.0,0.0,0.0,0.0,0.0,0.0,0.0,0.0,0.0,0.0,0.0,0.0,0.0,0.0,0.0,27.0,0.0,0.0,27.0,0.0,0.0,0.0,0.0,0.0,0.0,0.0,0.0,6.0,0.0,0.0,6.0,0.0,0.0,7.0,0.0,14.0,7.0,0.0,14.0,0.0,0.0,0.0,0.0,0.0,0.0,"Mar 17, 2016"
924,2201062.0,24518.0,Babylon,Al-Mahawil,Sreadib,ناحيه النيل-سريديب,32.54394664,44.64330115,10.0,60.0,0.0,0.0,0.0,0.0,0.0,0.0,0.0,0.0,0.0,0.0,0.0,0.0,10.0,0.0,0.0,0.0,0.0,0.0,0.0,6.0,0.0,0.0,0.0,0.0,0.0,0.0,0.0,0.0,0.0,0.0,0.0,0.0,4.0,0.0,0.0,4.0,0.0,0.0,0.0,0.0,6.0,0.0,0.0,6.0,4.0,0.0,0.0,4.0,0.0,0.0,0.0,0.0,0.0,0.0,0.0,0.0,"Mar 17, 2016"
925,2201064.0,23960.0,Babylon,Al-Mahawil,Al Sayahiyah,الصياحية,32.55947881,44.47121255,16.0,96.0,16.0,0.0,0.0,0.0,0.0,0.0,0.0,0.0,0.0,0.0,0.0,0.0,0.0,0.0,0.0,0.0,0.0,0.0,0.0,0.0,0.0,0.0,0.0,0.0,0.0,0.0,16.0,0.0,0.0,16.0,0.0,0.0,0.0,0.0,0.0,0.0,0.0,0.0,0.0,0.0,0.0,0.0,0.0,0.0,0.0,0.0,16.0,0.0,0.0,16.0,0.0,0.0,0.0,0.0,0.0,0.0,"Mar 17, 2016"
926,2201065.0,7169.0,Babylon,Al-Mahawil,Hay Al Zahraa,حي الزهراء-المركز-,32.6490706604,44.4059836563,29.0,174.0,29.0,0.0,0.0,0.0,0.0,0.0,0.0,0.0,0.0,0.0,0.0,0.0,0.0,0.0,0.0,0.0,0.0,0.0,0.0,0.0,0.0,0.0,0.0,0.0,0.0,0.0,29.0,0.0,0.0,29.0,0.0,0.0,0.0,0.0,0.0,0.0,0.0,0.0,0.0,0.0,0.0,0.0,0.0,0.0,0.0,0.0,29.0,0.0,0.0,29.0,0.0,0.0,0.0,0.0,0.0,0.0,"Mar 17, 2016"
927,2201066.0,26094.0,Babylon,Al-Mahawil,Hay Al-Jamhoreiah,حي الجمهوري,32.6616446883,44.400338835,69.0,414.0,60.0,0.0,0.0,0.0,0.0,0.0,0.0,0.0,0.0,0.0,0.0,0.0,9.0,0.0,0.0,0.0,0.0,0.0,0.0,0.0,0.0,0.0,0.0,0.0,0.0,0.0,69.0,0.0,0.0,69.0,0.0,0.0,0.0,0.0,0.0,0.0,0.0,0.0,0.0,0.0,9.0,0.0,0.0,9.0,24.0,0.0,36.0,24.0,0.0,36.0,0.0,0.0,0.0,0.0,0.0,0.0,"Mar 17, 2016"
928,2201067.0,26095.0,Babylon,Al-Mahawil,Hay Al-Mualmeen,حي المعلمين,32.65214205,44.40805743,25.0,150.0,25.0,0.0,0.0,0.0,0.0,0.0,0.0,0.0,0.0,0.0,0.0,0.0,0.0,0.0,0.0,0.0,0.0,0.0,0.0,0.0,0.0,0.0,0.0,0.0,0.0,0.0,25.0,0.0,0.0,25.0,0.0,0.0,0.0,0.0,0.0,0.0,0.0,0.0,0.0,0.0,0.0,0.0,0.0,0.0,0.0,0.0,25.0,0.0,0.0,25.0,0.0,0.0,0.0,0.0,0.0,0.0,"Mar 17, 2016"
929,2201068.0,26096.0,Babylon,Al-Mahawil,Hay Al-Noor,حي النور,32.6477539631,44.4086858828,24.0,144.0,24.0,0.0,0.0,0.0,0.0,0.0,0.0,0.0,0.0,0.0,0.0,0.0,0.0,0.0,0.0,0.0,0.0,0.0,0.0,0.0,0.0,0.0,0.0,0.0,0.0,0.0,24.0,0.0,0.0,24.0,0.0,0.0,0.0,0.0,0.0,0.0,0.0,0.0,0.0,0.0,0.0,0.0,0.0,0.0,0.0,0.0,24.0,0.0,0.0,24.0,0.0,0.0,0.0,0.0,0.0,0.0,"Mar 17, 2016"
930,2201070.0,7205.0,Babylon,Al-Mahawil,Hay Al-Jawadein,حي الجوادين,32.65893827,44.40941932,20.0,120.0,20.0,0.0,0.0,0.0,0.0,0.0,0.0,0.0,0.0,0.0,0.0,0.0,0.0,0.0,0.0,0.0,0.0,0.0,0.0,0.0,0.0,0.0,0.0,0.0,0.0,0.0,20.0,0.0,0.0,20.0,0.0,0.0,0.0,0.0,0.0,0.0,0.0,0.0,0.0,0.0,0.0,0.0,0.0,0.0,0.0,0.0,20.0,0.0,0.0,20.0,0.0,0.0,0.0,0.0,0.0,0.0,"Mar 17, 2016"
931,2201071.0,21770.0,Babylon,Al-Mahawil,Khinfara,خنفاره,32.67833,44.44417,30.0,180.0,30.0,0.0,0.0,0.0,0.0,0.0,0.0,0.0,0.0,0.0,0.0,0.0,0.0,0.0,0.0,0.0,0.0,0.0,0.0,0.0,0.0,0.0,0.0,0.0,0.0,0.0,30.0,0.0,0.0,30.0,0.0,0.0,0.0,0.0,0.0,0.0,0.0,0.0,0.0,0.0,0.0,0.0,0.0,0.0,7.0,0.0,23.0,7.0,0.0,23.0,0.0,0.0,0.0,0.0,0.0,0.0,"Mar 17, 2016"
932,2201072.0,28455.0,Babylon,Al-Mahawil,Hay Al Rasool,حي الرسول,32.6505578057,44.4092517323,18.0,108.0,18.0,0.0,0.0,0.0,0.0,0.0,0.0,0.0,0.0,0.0,0.0,0.0,0.0,0.0,0.0,0.0,0.0,0.0,0.0,0.0,0.0,0.0,0.0,0.0,0.0,0.0,18.0,0.0,0.0,18.0,0.0,0.0,0.0,0.0,0.0,0.0,0.0,0.0,0.0,0.0,0.0,0.0,0.0,0.0,0.0,0.0,18.0,0.0,0.0,18.0,0.0,0.0,0.0,0.0,0.0,0.0,"Mar 17, 2016"
933,2202001.0,7128.0,Babylon,Al-Musayab,Abo Luka,ناحيه الاسكندريه-ابولوكه,32.8052636137,44.30276,170.0,1020.0,0.0,170.0,0.0,0.0,0.0,0.0,0.0,0.0,0.0,0.0,0.0,0.0,0.0,0.0,0.0,0.0,0.0,0.0,0.0,50.0,0.0,0.0,0.0,0.0,0.0,0.0,120.0,0.0,0.0,120.0,0.0,0.0,0.0,0.0,0.0,0.0,0.0,0.0,0.0,0.0,87.0,0.0,0.0,87.0,83.0,0.0,0.0,83.0,0.0,0.0,0.0,0.0,0.0,0.0,0.0,0.0,"Mar 17, 2016"
934,2202002.0,24957.0,Babylon,Al-Musayab,Al Abtan,ال عبطان,32.8048976576,44.2690663423,49.0,294.0,0.0,49.0,0.0,0.0,0.0,0.0,0.0,0.0,0.0,0.0,0.0,0.0,0.0,0.0,0.0,0.0,0.0,0.0,0.0,0.0,0.0,0.0,0.0,0.0,0.0,0.0,49.0,0.0,0.0,49.0,0.0,0.0,0.0,0.0,0.0,0.0,0.0,0.0,0.0,0.0,39.0,0.0,10.0,39.0,0.0,10.0,0.0,0.0,0.0,0.0,0.0,0.0,0.0,0.0,0.0,0.0,"Mar 17, 2016"
935,2202003.0,24958.0,Babylon,Al-Musayab,Al Doob,الدوب,32.7601772,44.28268787,25.0,150.0,0.0,25.0,0.0,0.0,0.0,0.0,0.0,0.0,0.0,0.0,0.0,0.0,0.0,0.0,0.0,0.0,0.0,0.0,0.0,0.0,0.0,0.0,0.0,0.0,0.0,0.0,25.0,0.0,0.0,25.0,0.0,0.0,0.0,0.0,0.0,0.0,0.0,0.0,0.0,0.0,25.0,0.0,0.0,25.0,0.0,0.0,0.0,0.0,0.0,0.0,0.0,0.0,0.0,0.0,0.0,0.0,"Mar 17, 2016"
936,2202004.0,24168.0,Babylon,Al-Musayab,Al Ghadeer 2,الغدير 2,32.7839760383,44.2668002911,85.0,510.0,0.0,85.0,0.0,0.0,0.0,0.0,0.0,0.0,0.0,0.0,0.0,0.0,0.0,0.0,0.0,0.0,0.0,0.0,0.0,0.0,0.0,0.0,0.0,0.0,0.0,0.0,85.0,0.0,0.0,85.0,0.0,0.0,0.0,0.0,0.0,0.0,0.0,0.0,0.0,0.0,85.0,0.0,0.0,85.0,0.0,0.0,0.0,0.0,0.0,0.0,0.0,0.0,0.0,0.0,0.0,0.0,"Mar 17, 2016"
937,2202005.0,24164.0,Babylon,Al-Musayab,Al Hamiyah Al Amer Village,الحامية-قرية ال عامر,32.7967754874,44.2722184735,72.0,432.0,0.0,72.0,0.0,0.0,0.0,0.0,0.0,0.0,0.0,0.0,0.0,0.0,0.0,0.0,0.0,0.0,0.0,0.0,0.0,0.0,0.0,0.0,0.0,0.0,0.0,0.0,72.0,0.0,0.0,72.0,0.0,0.0,0.0,0.0,0.0,0.0,0.0,0.0,0.0,0.0,72.0,0.0,0.0,72.0,0.0,0.0,0.0,0.0,0.0,0.0,0.0,0.0,0.0,0.0,0.0,0.0,"Mar 17, 2016"
938,2202006.0,24163.0,Babylon,Al-Musayab,Al Hamiyah-Al Mutaqedin 2,الحامية-المتقاعدين 2,32.8111217837,44.2660015323,62.0,372.0,0.0,62.0,0.0,0.0,0.0,0.0,0.0,0.0,0.0,0.0,0.0,0.0,0.0,0.0,0.0,0.0,0.0,0.0,0.0,0.0,0.0,0.0,0.0,0.0,0.0,0.0,62.0,0.0,0.0,62.0,0.0,0.0,0.0,0.0,0.0,0.0,0.0,0.0,0.0,0.0,62.0,0.0,0.0,62.0,0.0,0.0,0.0,0.0,0.0,0.0,0.0,0.0,0.0,0.0,0.0,0.0,"Mar 17, 2016"
939,2202007.0,24165.0,Babylon,Al-Musayab,Al Hamiyah-Oayef village,الحامية-قرية عويف,32.8075118283,44.2674872185,70.0,420.0,0.0,70.0,0.0,0.0,0.0,0.0,0.0,0.0,0.0,0.0,0.0,0.0,0.0,0.0,0.0,0.0,0.0,0.0,0.0,0.0,0.0,0.0,0.0,0.0,0.0,0.0,70.0,0.0,0.0,70.0,0.0,0.0,0.0,0.0,0.0,0.0,0.0,0.0,0.0,0.0,70.0,0.0,0.0,70.0,0.0,0.0,0.0,0.0,0.0,0.0,0.0,0.0,0.0,0.0,0.0,0.0,"Mar 17, 2016"
940,2202008.0,24296.0,Babylon,Al-Musayab,Al Iskandariyah Area-Mowelha,ناحية الاسكندرية-مويلحة,32.87783,44.41548,31.0,186.0,0.0,31.0,0.0,0.0,0.0,0.0,0.0,0.0,0.0,0.0,0.0,0.0,0.0,0.0,0.0,0.0,0.0,0.0,0.0,31.0,0.0,0.0,0.0,0.0,0.0,0.0,0.0,0.0,0.0,0.0,0.0,0.0,0.0,0.0,0.0,0.0,0.0,0.0,0.0,0.0,31.0,0.0,0.0,31.0,0.0,0.0,0.0,0.0,0.0,0.0,0.0,0.0,0.0,0.0,0.0,0.0,"Mar 17, 2016"
941,2202009.0,6442.0,Babylon,Al-Musayab,Al Musiyab Center,مركز المسيب,32.78323,44.2779,15.0,90.0,0.0,15.0,0.0,0.0,0.0,0.0,0.0,0.0,0.0,0.0,0.0,0.0,0.0,0.0,0.0,0.0,0.0,0.0,0.0,0.0,0.0,0.0,0.0,0.0,0.0,0.0,15.0,0.0,0.0,15.0,0.0,0.0,0.0,0.0,0.0,0.0,0.0,0.0,0.0,0.0,0.0,0.0,0.0,0.0,15.0,0.0,0.0,15.0,0.0,0.0,0.0,0.0,0.0,0.0,0.0,0.0,"Mar 17, 2016"
942,2202011.0,23944.0,Babylon,Al-Musayab,Al Reef Al Zaher,السدة-الريف الزاهر,32.720812,44.268973,13.0,78.0,13.0,0.0,0.0,0.0,0.0,0.0,0.0,0.0,0.0,0.0,0.0,0.0,0.0,0.0,0.0,0.0,0.0,0.0,0.0,6.0,0.0,0.0,0.0,0.0,0.0,0.0,7.0,0.0,0.0,7.0,0.0,0.0,0.0,0.0,0.0,0.0,0.0,0.0,0.0,0.0,0.0,0.0,6.0,0.0,0.0,6.0,7.0,0.0,0.0,7.0,0.0,0.0,0.0,0.0,0.0,0.0,"Mar 17, 2016"
943,2202012.0,24570.0,Babylon,Al-Musayab,Al Sadda-Um Al Hamam,ناحيه السده-ام الحمام,32.713297,44.261769,11.0,66.0,0.0,0.0,0.0,0.0,0.0,0.0,0.0,0.0,0.0,0.0,0.0,0.0,11.0,0.0,0.0,0.0,0.0,0.0,0.0,5.0,0.0,0.0,0.0,0.0,0.0,0.0,6.0,0.0,0.0,6.0,0.0,0.0,0.0,0.0,0.0,0.0,0.0,0.0,0.0,0.0,11.0,0.0,0.0,11.0,0.0,0.0,0.0,0.0,0.0,0.0,0.0,0.0,0.0,0.0,0.0,0.0,"Mar 17, 2016"
944,2202014.0,7127.0,Babylon,Al-Musayab,Al-Iskandaria-Al Intesar,ناحية الاسكندريه-الانتصار,32.87355195,44.38549737,9.0,54.0,5.0,4.0,0.0,0.0,0.0,0.0,0.0,0.0,0.0,0.0,0.0,0.0,0.0,0.0,0.0,0.0,0.0,0.0,0.0,0.0,0.0,0.0,0.0,0.0,0.0,0.0,9.0,0.0,0.0,9.0,0.0,0.0,0.0,0.0,0.0,0.0,0.0,0.0,0.0,0.0,4.0,0.0,0.0,4.0,0.0,0.0,5.0,0.0,0.0,5.0,0.0,0.0,0.0,0.0,0.0,0.0,"Mar 17, 2016"
945,2202015.0,25613.0,Babylon,Al-Musayab,Al-Iskandaria-Hay Al-Muthana,حي المثنى,32.8842967483,44.386538273,40.0,240.0,0.0,40.0,0.0,0.0,0.0,0.0,0.0,0.0,0.0,0.0,0.0,0.0,0.0,0.0,0.0,0.0,0.0,0.0,0.0,0.0,0.0,0.0,0.0,0.0,0.0,0.0,40.0,0.0,0.0,40.0,0.0,0.0,0.0,0.0,0.0,0.0,0.0,0.0,0.0,0.0,0.0,0.0,0.0,0.0,40.0,0.0,0.0,40.0,0.0,0.0,0.0,0.0,0.0,0.0,0.0,0.0,"Mar 17, 2016"
946,2202016.0,25768.0,Babylon,Al-Musayab,Al-Iskandaria-Shawara AlKhudhir,شوارع الخضر,32.8857575228,44.3475359892,60.0,360.0,5.0,55.0,0.0,0.0,0.0,0.0,0.0,0.0,0.0,0.0,0.0,0.0,0.0,0.0,0.0,0.0,0.0,0.0,0.0,0.0,0.0,0.0,0.0,0.0,0.0,0.0,60.0,0.0,0.0,60.0,0.0,0.0,0.0,0.0,0.0,0.0,0.0,0.0,0.0,0.0,55.0,0.0,0.0,55.0,0.0,0.0,5.0,0.0,0.0,5.0,0.0,0.0,0.0,0.0,0.0,0.0,"Mar 17, 2016"
947,2202017.0,24652.0,Babylon,Al-Musayab,Al-Jazirah-Al Eskandariya,ناحيه الاسكندريه-الجزيره,32.9272,44.3502,20.0,120.0,0.0,20.0,0.0,0.0,0.0,0.0,0.0,0.0,0.0,0.0,0.0,0.0,0.0,0.0,0.0,0.0,0.0,0.0,0.0,0.0,0.0,0.0,0.0,0.0,0.0,0.0,20.0,0.0,0.0,20.0,0.0,0.0,0.0,0.0,0.0,0.0,0.0,0.0,0.0,0.0,20.0,0.0,0.0,20.0,0.0,0.0,0.0,0.0,0.0,0.0,0.0,0.0,0.0,0.0,0.0,0.0,"Mar 17, 2016"
948,2202019.0,24430.0,Babylon,Al-Musayab,Alshejairea-Al Sada,ناحيه السده-قريه الشجيريه,32.68004143,44.25278929,8.0,48.0,0.0,0.0,8.0,0.0,0.0,0.0,0.0,0.0,0.0,0.0,0.0,0.0,0.0,0.0,0.0,0.0,0.0,0.0,0.0,8.0,0.0,0.0,0.0,0.0,0.0,0.0,0.0,0.0,0.0,0.0,0.0,0.0,0.0,0.0,0.0,0.0,0.0,0.0,0.0,0.0,8.0,0.0,0.0,8.0,0.0,0.0,0.0,0.0,0.0,0.0,0.0,0.0,0.0,0.0,0.0,0.0,"Mar 17, 2016"
949,2202020.0,24166.0,Babylon,Al-Musayab,Al-Shoyokh,الشيوخ,32.7782243115,44.2870224791,22.0,132.0,2.0,20.0,0.0,0.0,0.0,0.0,0.0,0.0,0.0,0.0,0.0,0.0,0.0,0.0,0.0,0.0,0.0,0.0,0.0,0.0,0.0,0.0,0.0,0.0,0.0,0.0,22.0,0.0,0.0,22.0,0.0,0.0,0.0,0.0,0.0,0.0,0.0,0.0,0.0,0.0,2.0,0.0,20.0,2.0,0.0,20.0,0.0,0.0,0.0,0.0,0.0,0.0,0.0,0.0,0.0,0.0,"Mar 17, 2016"
950,2202021.0,24569.0,Babylon,Al-Musayab,Al-Sikak 2,السكك-2,32.7836911382,44.2929972741,20.0,120.0,0.0,15.0,0.0,0.0,0.0,0.0,0.0,0.0,0.0,0.0,0.0,0.0,0.0,0.0,5.0,0.0,0.0,0.0,0.0,0.0,0.0,0.0,0.0,0.0,0.0,0.0,20.0,0.0,0.0,20.0,0.0,0.0,0.0,0.0,0.0,0.0,0.0,0.0,0.0,0.0,5.0,0.0,15.0,5.0,0.0,15.0,0.0,0.0,0.0,0.0,0.0,0.0,0.0,0.0,0.0,0.0,"Mar 17, 2016"
951,2202023.0,6376.0,Babylon,Al-Musayab,Awlad Kazim,اولاد كاظم,32.70213213,44.32293,17.0,102.0,0.0,7.0,10.0,0.0,0.0,0.0,0.0,0.0,0.0,0.0,0.0,0.0,0.0,0.0,0.0,0.0,0.0,0.0,0.0,17.0,0.0,0.0,0.0,0.0,0.0,0.0,0.0,0.0,0.0,0.0,0.0,0.0,0.0,0.0,0.0,0.0,0.0,0.0,0.0,0.0,7.0,0.0,10.0,7.0,0.0,10.0,0.0,0.0,0.0,0.0,0.0,0.0,0.0,0.0,0.0,0.0,"Mar 17, 2016"
952,2202024.0,24649.0,Babylon,Al-Musayab,Hay Aday-Al Eskandariya,ناحيه الاسكندريه-حي عداي,32.8860413901,44.38904,127.0,762.0,0.0,127.0,0.0,0.0,0.0,0.0,0.0,0.0,0.0,0.0,0.0,0.0,0.0,0.0,0.0,0.0,0.0,0.0,0.0,0.0,0.0,0.0,0.0,0.0,0.0,0.0,127.0,0.0,0.0,127.0,0.0,0.0,0.0,0.0,0.0,0.0,0.0,0.0,0.0,0.0,127.0,0.0,0.0,127.0,0.0,0.0,0.0,0.0,0.0,0.0,0.0,0.0,0.0,0.0,0.0,0.0,"Mar 17, 2016"
953,2202025.0,24177.0,Babylon,Al-Musayab,Hay Al Amer,حي الامير,32.7881563141,44.2737293235,25.0,150.0,0.0,25.0,0.0,0.0,0.0,0.0,0.0,0.0,0.0,0.0,0.0,0.0,0.0,0.0,0.0,0.0,0.0,0.0,0.0,0.0,0.0,0.0,0.0,0.0,0.0,0.0,25.0,0.0,0.0,25.0,0.0,0.0,0.0,0.0,0.0,0.0,0.0,0.0,0.0,0.0,25.0,0.0,0.0,25.0,0.0,0.0,0.0,0.0,0.0,0.0,0.0,0.0,0.0,0.0,0.0,0.0,"Mar 17, 2016"
954,2202026.0,24707.0,Babylon,Al-Musayab,Hay Al Ataba,حي الاطباء,32.7905530432,44.2772247778,119.0,714.0,0.0,119.0,0.0,0.0,0.0,0.0,0.0,0.0,0.0,0.0,0.0,0.0,0.0,0.0,0.0,0.0,0.0,0.0,0.0,0.0,0.0,0.0,0.0,0.0,0.0,0.0,119.0,0.0,0.0,119.0,0.0,0.0,0.0,0.0,0.0,0.0,0.0,0.0,0.0,0.0,21.0,0.0,0.0,21.0,98.0,0.0,0.0,98.0,0.0,0.0,0.0,0.0,0.0,0.0,0.0,0.0,"Mar 17, 2016"
955,2202027.0,24959.0,Babylon,Al-Musayab,Hay Al Baladea,حي البلديه,32.7787852542,44.2844842695,23.0,138.0,0.0,23.0,0.0,0.0,0.0,0.0,0.0,0.0,0.0,0.0,0.0,0.0,0.0,0.0,0.0,0.0,0.0,0.0,0.0,0.0,0.0,0.0,0.0,0.0,0.0,0.0,23.0,0.0,0.0,23.0,0.0,0.0,0.0,0.0,0.0,0.0,0.0,0.0,0.0,0.0,0.0,0.0,23.0,0.0,0.0,23.0,0.0,0.0,0.0,0.0,0.0,0.0,0.0,0.0,0.0,0.0,"Mar 17, 2016"
956,2202028.0,23943.0,Babylon,Al-Musayab,Hay Al Ghadeer,حي الغدير,32.66484,44.31556,65.0,390.0,0.0,65.0,0.0,0.0,0.0,0.0,0.0,0.0,0.0,0.0,0.0,0.0,0.0,0.0,0.0,0.0,0.0,0.0,0.0,0.0,0.0,0.0,0.0,0.0,0.0,0.0,65.0,0.0,0.0,65.0,0.0,0.0,0.0,0.0,0.0,0.0,0.0,0.0,0.0,0.0,65.0,0.0,0.0,65.0,0.0,0.0,0.0,0.0,0.0,0.0,0.0,0.0,0.0,0.0,0.0,0.0,"Mar 17, 2016"
957,2202029.0,24169.0,Babylon,Al-Musayab,Hay Al Ghadeer 4,الغدير 4,32.7773309423,44.2640133499,46.0,276.0,0.0,46.0,0.0,0.0,0.0,0.0,0.0,0.0,0.0,0.0,0.0,0.0,0.0,0.0,0.0,0.0,0.0,0.0,0.0,0.0,0.0,0.0,0.0,0.0,0.0,0.0,46.0,0.0,0.0,46.0,0.0,0.0,0.0,0.0,0.0,0.0,0.0,0.0,0.0,0.0,46.0,0.0,0.0,46.0,0.0,0.0,0.0,0.0,0.0,0.0,0.0,0.0,0.0,0.0,0.0,0.0,"Mar 17, 2016"
958,2202030.0,24982.0,Babylon,Al-Musayab,Hay Al Moatnen 2,حي المواطنين 2,32.7863278944,44.2670964565,80.0,480.0,0.0,80.0,0.0,0.0,0.0,0.0,0.0,0.0,0.0,0.0,0.0,0.0,0.0,0.0,0.0,0.0,0.0,0.0,0.0,0.0,0.0,0.0,0.0,0.0,0.0,0.0,80.0,0.0,0.0,80.0,0.0,0.0,0.0,0.0,0.0,0.0,0.0,0.0,0.0,0.0,0.0,0.0,80.0,0.0,0.0,80.0,0.0,0.0,0.0,0.0,0.0,0.0,0.0,0.0,0.0,0.0,"Mar 17, 2016"
959,2202031.0,24171.0,Babylon,Al-Musayab,Hay Al Moatnen 3,حي المواطنين 3,32.7835503576,44.2664189862,85.0,510.0,0.0,85.0,0.0,0.0,0.0,0.0,0.0,0.0,0.0,0.0,0.0,0.0,0.0,0.0,0.0,0.0,0.0,0.0,0.0,0.0,0.0,0.0,0.0,0.0,0.0,0.0,85.0,0.0,0.0,85.0,0.0,0.0,0.0,0.0,0.0,0.0,0.0,0.0,0.0,0.0,57.0,0.0,0.0,57.0,28.0,0.0,0.0,28.0,0.0,0.0,0.0,0.0,0.0,0.0,0.0,0.0,"Mar 17, 2016"
960,2202032.0,24648.0,Babylon,Al-Musayab,Hay Al Quds-Al Eskandariya,ناحيه الاسكندريه-حي القدس,32.8787304403,44.3838654631,40.0,240.0,0.0,40.0,0.0,0.0,0.0,0.0,0.0,0.0,0.0,0.0,0.0,0.0,0.0,0.0,0.0,0.0,0.0,0.0,0.0,0.0,0.0,0.0,0.0,0.0,0.0,0.0,40.0,0.0,0.0,40.0,0.0,0.0,0.0,0.0,0.0,0.0,0.0,0.0,0.0,0.0,40.0,0.0,0.0,40.0,0.0,0.0,0.0,0.0,0.0,0.0,0.0,0.0,0.0,0.0,0.0,0.0,"Mar 17, 2016"
961,2202033.0,24706.0,Babylon,Al-Musayab,Hay Al Ray,ناحيه السده-حي الري,32.7077164635,44.2702458394,14.0,84.0,3.0,6.0,0.0,0.0,0.0,0.0,0.0,0.0,0.0,0.0,0.0,0.0,5.0,0.0,0.0,0.0,0.0,0.0,0.0,0.0,0.0,0.0,0.0,0.0,0.0,0.0,14.0,0.0,0.0,14.0,0.0,0.0,0.0,0.0,0.0,0.0,0.0,0.0,0.0,0.0,5.0,0.0,6.0,5.0,3.0,6.0,0.0,3.0,0.0,0.0,0.0,0.0,0.0,0.0,0.0,0.0,"Mar 17, 2016"
962,2202034.0,24170.0,Babylon,Al-Musayab,Hay Al Shurta,حي الشرطة,32.7869417024,44.275270025,25.0,150.0,10.0,15.0,0.0,0.0,0.0,0.0,0.0,0.0,0.0,0.0,0.0,0.0,0.0,0.0,0.0,0.0,0.0,0.0,0.0,0.0,0.0,0.0,0.0,0.0,0.0,0.0,25.0,0.0,0.0,25.0,0.0,0.0,0.0,0.0,0.0,0.0,0.0,0.0,0.0,0.0,10.0,0.0,0.0,10.0,15.0,0.0,0.0,15.0,0.0,0.0,0.0,0.0,0.0,0.0,0.0,0.0,"Mar 17, 2016"
963,2202035.0,24653.0,Babylon,Al-Musayab,Hay Al-Anwar-Al Eskandariya,ناحيه الاسكندريه-حي الانوار,32.8757571957,44.38625,23.0,138.0,0.0,23.0,0.0,0.0,0.0,0.0,0.0,0.0,0.0,0.0,0.0,0.0,0.0,0.0,0.0,0.0,0.0,0.0,0.0,0.0,0.0,0.0,0.0,0.0,0.0,0.0,23.0,0.0,0.0,23.0,0.0,0.0,0.0,0.0,0.0,0.0,0.0,0.0,0.0,0.0,4.0,0.0,19.0,4.0,0.0,19.0,0.0,0.0,0.0,0.0,0.0,0.0,0.0,0.0,0.0,0.0,"Mar 17, 2016"
964,2202036.0,24985.0,Babylon,Al-Musayab,Hay Alaskarey,ناحيه الاسكندريه-حي العسكري,32.882584833,44.3480936461,69.0,414.0,0.0,69.0,0.0,0.0,0.0,0.0,0.0,0.0,0.0,0.0,0.0,0.0,0.0,0.0,0.0,0.0,0.0,0.0,0.0,0.0,0.0,0.0,0.0,0.0,0.0,0.0,69.0,0.0,0.0,69.0,0.0,0.0,0.0,0.0,0.0,0.0,0.0,0.0,0.0,0.0,69.0,0.0,0.0,69.0,0.0,0.0,0.0,0.0,0.0,0.0,0.0,0.0,0.0,0.0,0.0,0.0,"Mar 17, 2016"
965,2202037.0,24983.0,Babylon,Al-Musayab,Hay Alaskary-AlThaghet,حي العسكري-الضغط,32.7897296354,44.2655341516,120.0,720.0,0.0,120.0,0.0,0.0,0.0,0.0,0.0,0.0,0.0,0.0,0.0,0.0,0.0,0.0,0.0,0.0,0.0,0.0,0.0,0.0,0.0,0.0,0.0,0.0,0.0,0.0,120.0,0.0,0.0,120.0,0.0,0.0,0.0,0.0,0.0,0.0,0.0,0.0,0.0,0.0,0.0,0.0,120.0,0.0,0.0,120.0,0.0,0.0,0.0,0.0,0.0,0.0,0.0,0.0,0.0,0.0,"Mar 17, 2016"
966,2202038.0,7001.0,Babylon,Al-Musayab,Hay al-hussein,حي الحسين,32.779051,44.298046,3.0,18.0,0.0,0.0,0.0,0.0,0.0,0.0,0.0,0.0,0.0,0.0,0.0,0.0,3.0,0.0,0.0,0.0,0.0,0.0,0.0,3.0,0.0,0.0,0.0,0.0,0.0,0.0,0.0,0.0,0.0,0.0,0.0,0.0,0.0,0.0,0.0,0.0,0.0,0.0,0.0,0.0,3.0,0.0,0.0,3.0,0.0,0.0,0.0,0.0,0.0,0.0,0.0,0.0,0.0,0.0,0.0,0.0,"Mar 17, 2016"
967,2202039.0,6951.0,Babylon,Al-Musayab,Hay Al-Jamhoreiah,الجمهوريه,32.7754051004,44.2885285632,21.0,126.0,1.0,20.0,0.0,0.0,0.0,0.0,0.0,0.0,0.0,0.0,0.0,0.0,0.0,0.0,0.0,0.0,0.0,0.0,0.0,0.0,0.0,0.0,0.0,0.0,0.0,0.0,21.0,0.0,0.0,21.0,0.0,0.0,0.0,0.0,0.0,0.0,0.0,0.0,0.0,0.0,1.0,0.0,20.0,1.0,0.0,20.0,0.0,0.0,0.0,0.0,0.0,0.0,0.0,0.0,0.0,0.0,"Mar 17, 2016"
968,2202040.0,24955.0,Babylon,Al-Musayab,Hay Almualmeen 1,حي المعلمين 1,32.7665906094,44.2883962594,31.0,186.0,0.0,31.0,0.0,0.0,0.0,0.0,0.0,0.0,0.0,0.0,0.0,0.0,0.0,0.0,0.0,0.0,0.0,0.0,0.0,0.0,0.0,0.0,0.0,0.0,0.0,0.0,31.0,0.0,0.0,31.0,0.0,0.0,0.0,0.0,0.0,0.0,0.0,0.0,0.0,0.0,0.0,0.0,31.0,0.0,0.0,31.0,0.0,0.0,0.0,0.0,0.0,0.0,0.0,0.0,0.0,0.0,"Mar 17, 2016"
969,2202041.0,24956.0,Babylon,Al-Musayab,Hay Almualmeen 2,حي المعلمين 2,32.7643236816,44.2859287203,26.0,156.0,0.0,26.0,0.0,0.0,0.0,0.0,0.0,0.0,0.0,0.0,0.0,0.0,0.0,0.0,0.0,0.0,0.0,0.0,0.0,0.0,0.0,0.0,0.0,0.0,0.0,0.0,26.0,0.0,0.0,26.0,0.0,0.0,0.0,0.0,0.0,0.0,0.0,0.0,0.0,0.0,0.0,0.0,26.0,0.0,0.0,26.0,0.0,0.0,0.0,0.0,0.0,0.0,0.0,0.0,0.0,0.0,"Mar 17, 2016"
970,2202042.0,24981.0,Babylon,Al-Musayab,Hay Almualmeen 3,حي المعلمين 3,32.7608692915,44.2830022642,32.0,192.0,0.0,32.0,0.0,0.0,0.0,0.0,0.0,0.0,0.0,0.0,0.0,0.0,0.0,0.0,0.0,0.0,0.0,0.0,0.0,0.0,0.0,0.0,0.0,0.0,0.0,0.0,32.0,0.0,0.0,32.0,0.0,0.0,0.0,0.0,0.0,0.0,0.0,0.0,0.0,0.0,0.0,0.0,32.0,0.0,0.0,32.0,0.0,0.0,0.0,0.0,0.0,0.0,0.0,0.0,0.0,0.0,"Mar 17, 2016"
971,2202043.0,7196.0,Babylon,Al-Musayab,Hay Al-Mustafa,حي المصطفى,32.7548168146,44.2803732509,25.0,150.0,0.0,25.0,0.0,0.0,0.0,0.0,0.0,0.0,0.0,0.0,0.0,0.0,0.0,0.0,0.0,0.0,0.0,0.0,0.0,0.0,0.0,0.0,0.0,0.0,0.0,0.0,25.0,0.0,0.0,25.0,0.0,0.0,0.0,0.0,0.0,0.0,0.0,0.0,0.0,0.0,25.0,0.0,0.0,25.0,0.0,0.0,0.0,0.0,0.0,0.0,0.0,0.0,0.0,0.0,0.0,0.0,"Mar 17, 2016"
972,2202044.0,24651.0,Babylon,Al-Musayab,Hay Al-Qadissiyah-Al Eskandariya,ناحيه الاسكندريه-حي القادسيه,32.87836002,44.34681103,7.0,42.0,0.0,7.0,0.0,0.0,0.0,0.0,0.0,0.0,0.0,0.0,0.0,0.0,0.0,0.0,0.0,0.0,0.0,0.0,0.0,0.0,0.0,0.0,0.0,0.0,0.0,0.0,7.0,0.0,0.0,7.0,0.0,0.0,0.0,0.0,0.0,0.0,0.0,0.0,0.0,0.0,7.0,0.0,0.0,7.0,0.0,0.0,0.0,0.0,0.0,0.0,0.0,0.0,0.0,0.0,0.0,0.0,"Mar 17, 2016"
973,2202045.0,24984.0,Babylon,Al-Musayab,Hay Al-Rafedain,ناحيه الاسكندريه-حي الرافدين,32.8829009904,44.3419073119,115.0,690.0,0.0,115.0,0.0,0.0,0.0,0.0,0.0,0.0,0.0,0.0,0.0,0.0,0.0,0.0,0.0,0.0,0.0,0.0,0.0,0.0,0.0,0.0,0.0,0.0,0.0,0.0,115.0,0.0,0.0,115.0,0.0,0.0,0.0,0.0,0.0,0.0,0.0,0.0,0.0,0.0,115.0,0.0,0.0,115.0,0.0,0.0,0.0,0.0,0.0,0.0,0.0,0.0,0.0,0.0,0.0,0.0,"Mar 17, 2016"
974,2202046.0,24654.0,Babylon,Al-Musayab,Hay Al-Risalah-Al Eskandariya,ناحيه الاسكندريه-حي الرساله,32.8900411239,44.3505435886,9.0,54.0,0.0,9.0,0.0,0.0,0.0,0.0,0.0,0.0,0.0,0.0,0.0,0.0,0.0,0.0,0.0,0.0,0.0,0.0,0.0,0.0,0.0,0.0,0.0,0.0,0.0,0.0,9.0,0.0,0.0,9.0,0.0,0.0,0.0,0.0,0.0,0.0,0.0,0.0,0.0,0.0,9.0,0.0,0.0,9.0,0.0,0.0,0.0,0.0,0.0,0.0,0.0,0.0,0.0,0.0,0.0,0.0,"Mar 17, 2016"
975,2202047.0,7240.0,Babylon,Al-Musayab,Hay Al-Sajaad,حي السجاد,32.78656544,44.29426806,11.0,66.0,0.0,11.0,0.0,0.0,0.0,0.0,0.0,0.0,0.0,0.0,0.0,0.0,0.0,0.0,0.0,0.0,0.0,0.0,0.0,0.0,0.0,0.0,0.0,0.0,0.0,0.0,11.0,0.0,0.0,11.0,0.0,0.0,0.0,0.0,0.0,0.0,0.0,0.0,0.0,0.0,0.0,0.0,11.0,0.0,0.0,11.0,0.0,0.0,0.0,0.0,0.0,0.0,0.0,0.0,0.0,0.0,"Mar 17, 2016"
976,2202048.0,6955.0,Babylon,Al-Musayab,Hay Al-Shuhadaa,حي الشهداء,32.8773361882,44.3835013049,51.0,306.0,0.0,51.0,0.0,0.0,0.0,0.0,0.0,0.0,0.0,0.0,0.0,0.0,0.0,0.0,0.0,0.0,0.0,0.0,0.0,0.0,0.0,0.0,0.0,0.0,0.0,0.0,51.0,0.0,0.0,51.0,0.0,0.0,0.0,0.0,0.0,0.0,0.0,0.0,0.0,0.0,0.0,0.0,51.0,0.0,0.0,51.0,0.0,0.0,0.0,0.0,0.0,0.0,0.0,0.0,0.0,0.0,"Mar 17, 2016"
977,2202049.0,7149.0,Babylon,Al-Musayab,Hitten Complex,اسكان حطين,32.8685894833,44.34216,47.0,282.0,20.0,22.0,0.0,0.0,0.0,0.0,0.0,0.0,0.0,0.0,0.0,0.0,5.0,0.0,0.0,0.0,0.0,0.0,0.0,0.0,0.0,0.0,0.0,0.0,0.0,0.0,47.0,0.0,0.0,47.0,0.0,0.0,0.0,0.0,0.0,0.0,0.0,0.0,5.0,0.0,4.0,5.0,0.0,4.0,20.0,0.0,18.0,20.0,0.0,18.0,0.0,0.0,0.0,0.0,0.0,0.0,"Mar 17, 2016"
978,2202050.0,7132.0,Babylon,Al-Musayab,Hur Husaein,هور حسين,32.7817548755,44.2666078286,70.0,420.0,0.0,50.0,0.0,0.0,0.0,0.0,0.0,0.0,0.0,0.0,0.0,0.0,20.0,0.0,0.0,0.0,0.0,0.0,0.0,0.0,0.0,0.0,0.0,0.0,0.0,17.0,53.0,17.0,0.0,53.0,0.0,0.0,0.0,0.0,0.0,0.0,0.0,0.0,0.0,0.0,70.0,0.0,0.0,70.0,0.0,0.0,0.0,0.0,0.0,0.0,0.0,0.0,0.0,0.0,0.0,0.0,"Mar 17, 2016"
979,2202052.0,7126.0,Babylon,Al-Musayab,Al Hamiyah-Al Mutaqedin 1,الحامية-المتقاعدين 1,32.8139300246,44.2642829329,61.0,366.0,0.0,61.0,0.0,0.0,0.0,0.0,0.0,0.0,0.0,0.0,0.0,0.0,0.0,0.0,0.0,0.0,0.0,0.0,0.0,0.0,0.0,0.0,0.0,0.0,0.0,0.0,61.0,0.0,0.0,61.0,0.0,0.0,0.0,0.0,0.0,0.0,0.0,0.0,0.0,0.0,61.0,0.0,0.0,61.0,0.0,0.0,0.0,0.0,0.0,0.0,0.0,0.0,0.0,0.0,0.0,0.0,"Mar 17, 2016"
980,2202053.0,6950.0,Babylon,Al-Musayab,Sadat Al-Ameir,السدة-حي الامير,32.7125903926,44.2776336264,5.0,30.0,0.0,1.0,0.0,0.0,0.0,0.0,0.0,0.0,0.0,0.0,0.0,0.0,4.0,0.0,0.0,0.0,0.0,0.0,0.0,0.0,0.0,0.0,0.0,0.0,0.0,0.0,5.0,0.0,0.0,5.0,0.0,0.0,0.0,0.0,0.0,0.0,0.0,0.0,2.0,0.0,0.0,2.0,3.0,0.0,0.0,3.0,0.0,0.0,0.0,0.0,0.0,0.0,0.0,0.0,0.0,0.0,"Mar 17, 2016"
981,2202055.0,24172.0,Babylon,Al-Musayab,Saddat Al Zahraa,ناحية السده-حي الزهراء,32.7133511207,44.2926939756,43.0,258.0,13.0,20.0,3.0,0.0,0.0,0.0,0.0,0.0,0.0,0.0,0.0,0.0,7.0,0.0,0.0,0.0,0.0,0.0,0.0,0.0,0.0,0.0,0.0,0.0,0.0,0.0,43.0,0.0,0.0,43.0,0.0,0.0,0.0,0.0,0.0,0.0,0.0,0.0,0.0,0.0,3.0,0.0,27.0,3.0,13.0,27.0,0.0,13.0,0.0,0.0,0.0,0.0,0.0,0.0,0.0,0.0,"Mar 17, 2016"
982,2202056.0,24954.0,Babylon,Al-Musayab,Shara AlSada Alkadeem,شارع السده القديم,32.7764225321,44.2844627036,44.0,264.0,0.0,44.0,0.0,0.0,0.0,0.0,0.0,0.0,0.0,0.0,0.0,0.0,0.0,0.0,0.0,0.0,0.0,0.0,0.0,0.0,0.0,0.0,0.0,0.0,0.0,0.0,44.0,0.0,0.0,44.0,0.0,0.0,0.0,0.0,0.0,0.0,0.0,0.0,0.0,0.0,0.0,0.0,44.0,0.0,0.0,44.0,0.0,0.0,0.0,0.0,0.0,0.0,0.0,0.0,0.0,0.0,"Mar 17, 2016"
983,2202058.0,26098.0,Babylon,Al-Musayab,Al Qasabah Al Kadimah-Al-Iskandaria-,القصبه القديمه-الاسكندرية-,32.8880746221,44.3476433524,29.0,174.0,0.0,29.0,0.0,0.0,0.0,0.0,0.0,0.0,0.0,0.0,0.0,0.0,0.0,0.0,0.0,0.0,0.0,0.0,0.0,0.0,0.0,0.0,0.0,0.0,0.0,0.0,29.0,0.0,0.0,29.0,0.0,0.0,0.0,0.0,0.0,0.0,0.0,0.0,0.0,0.0,29.0,0.0,0.0,29.0,0.0,0.0,0.0,0.0,0.0,0.0,0.0,0.0,0.0,0.0,0.0,0.0,"Mar 17, 2016"
984,2202059.0,26097.0,Babylon,Al-Musayab,Awlad Muslim,اولاد مسلم,32.7833020985,44.296903064,34.0,204.0,0.0,18.0,0.0,0.0,0.0,0.0,0.0,0.0,0.0,0.0,0.0,0.0,16.0,0.0,0.0,0.0,0.0,0.0,0.0,16.0,0.0,0.0,0.0,0.0,0.0,0.0,18.0,0.0,0.0,18.0,0.0,0.0,0.0,0.0,0.0,0.0,0.0,0.0,0.0,0.0,27.0,0.0,0.0,27.0,7.0,0.0,0.0,7.0,0.0,0.0,0.0,0.0,0.0,0.0,0.0,0.0,"Mar 17, 2016"
985,2202061.0,26117.0,Babylon,Al-Musayab,Al Hamiyah Al Sheab Village,الحامية-قرية ال شهاب,32.8013897555,44.2750551948,56.0,336.0,0.0,56.0,0.0,0.0,0.0,0.0,0.0,0.0,0.0,0.0,0.0,0.0,0.0,0.0,0.0,0.0,0.0,0.0,0.0,0.0,0.0,0.0,0.0,0.0,0.0,0.0,56.0,0.0,0.0,56.0,0.0,0.0,0.0,0.0,0.0,0.0,0.0,0.0,0.0,0.0,56.0,0.0,0.0,56.0,0.0,0.0,0.0,0.0,0.0,0.0,0.0,0.0,0.0,0.0,0.0,0.0,"Mar 17, 2016"
986,2202062.0,26118.0,Babylon,Al-Musayab,Al Qasabah Al Kadimah,القصبه القديمه,32.7097361327,44.2686285611,20.0,120.0,6.0,3.0,0.0,0.0,0.0,0.0,0.0,0.0,0.0,0.0,0.0,0.0,11.0,0.0,0.0,0.0,0.0,0.0,0.0,0.0,0.0,0.0,0.0,0.0,0.0,0.0,20.0,0.0,0.0,20.0,0.0,0.0,0.0,0.0,0.0,0.0,0.0,0.0,0.0,0.0,11.0,0.0,3.0,11.0,6.0,3.0,0.0,6.0,0.0,0.0,0.0,0.0,0.0,0.0,0.0,0.0,"Mar 17, 2016"
987,2202063.0,26119.0,Babylon,Al-Musayab,Hay Al Ghadeer 3,الغدير 3,32.7826685781,44.2657738525,54.0,324.0,0.0,54.0,0.0,0.0,0.0,0.0,0.0,0.0,0.0,0.0,0.0,0.0,0.0,0.0,0.0,0.0,0.0,0.0,0.0,0.0,0.0,0.0,0.0,0.0,0.0,0.0,54.0,0.0,0.0,54.0,0.0,0.0,0.0,0.0,0.0,0.0,0.0,0.0,0.0,0.0,54.0,0.0,0.0,54.0,0.0,0.0,0.0,0.0,0.0,0.0,0.0,0.0,0.0,0.0,0.0,0.0,"Mar 17, 2016"
988,2202064.0,26125.0,Babylon,Al-Musayab,Hay Al Ghadeer 1,الغدير 1,32.78810361,44.2673862712,84.0,504.0,0.0,84.0,0.0,0.0,0.0,0.0,0.0,0.0,0.0,0.0,0.0,0.0,0.0,0.0,0.0,0.0,0.0,0.0,0.0,0.0,0.0,0.0,0.0,0.0,0.0,0.0,84.0,0.0,0.0,84.0,0.0,0.0,0.0,0.0,0.0,0.0,0.0,0.0,0.0,0.0,84.0,0.0,0.0,84.0,0.0,0.0,0.0,0.0,0.0,0.0,0.0,0.0,0.0,0.0,0.0,0.0,"Mar 17, 2016"
989,2202065.0,7218.0,Babylon,Al-Musayab,Hay Al Nasir,حي النصر,32.7018108029,44.2700402857,20.0,120.0,5.0,3.0,0.0,0.0,0.0,0.0,0.0,0.0,0.0,0.0,0.0,0.0,4.0,0.0,8.0,0.0,0.0,0.0,0.0,0.0,0.0,0.0,0.0,0.0,0.0,0.0,20.0,0.0,0.0,20.0,0.0,0.0,0.0,0.0,0.0,0.0,0.0,0.0,0.0,0.0,4.0,0.0,11.0,4.0,5.0,11.0,0.0,5.0,0.0,0.0,0.0,0.0,0.0,0.0,0.0,0.0,"Mar 17, 2016"
990,2202066.0,27308.0,Babylon,Al-Musayab,Hay Al Mowadhafeen,حي الموظفين,32.7492292573,44.2761102536,18.0,108.0,13.0,5.0,0.0,0.0,0.0,0.0,0.0,0.0,0.0,0.0,0.0,0.0,0.0,0.0,0.0,0.0,0.0,0.0,0.0,0.0,0.0,0.0,0.0,0.0,0.0,0.0,18.0,0.0,0.0,18.0,0.0,0.0,0.0,0.0,0.0,0.0,0.0,0.0,0.0,0.0,0.0,0.0,0.0,0.0,18.0,0.0,0.0,18.0,0.0,0.0,0.0,0.0,0.0,0.0,0.0,0.0,"Mar 17, 2016"
991,2202067.0,27370.0,Babylon,Al-Musayab,Hay AlHussein,حي الحسين,32.7119293295,44.275007597,4.0,24.0,2.0,1.0,0.0,0.0,0.0,0.0,0.0,0.0,0.0,0.0,0.0,0.0,1.0,0.0,0.0,0.0,0.0,0.0,0.0,0.0,0.0,0.0,0.0,0.0,0.0,0.0,4.0,0.0,0.0,4.0,0.0,0.0,0.0,0.0,0.0,0.0,0.0,0.0,0.0,0.0,1.0,0.0,1.0,1.0,2.0,1.0,0.0,2.0,0.0,0.0,0.0,0.0,0.0,0.0,0.0,0.0,"Mar 17, 2016"
992,2202068.0,27371.0,Babylon,Al-Musayab,Mafrg AlSada,مفرق السده,32.7212257147,44.281696057,6.0,36.0,3.0,1.0,1.0,0.0,0.0,0.0,0.0,0.0,0.0,0.0,0.0,0.0,1.0,0.0,0.0,0.0,0.0,0.0,0.0,0.0,0.0,0.0,0.0,0.0,0.0,0.0,6.0,0.0,0.0,6.0,0.0,0.0,0.0,0.0,0.0,0.0,0.0,0.0,0.0,0.0,1.0,0.0,2.0,1.0,3.0,2.0,0.0,3.0,0.0,0.0,0.0,0.0,0.0,0.0,0.0,0.0,"Mar 17, 2016"
993,2202069.0,27372.0,Babylon,Al-Musayab,Hay AlAbbas,حي العباس,32.71826458,44.28012393,16.0,96.0,0.0,0.0,0.0,0.0,0.0,0.0,0.0,0.0,0.0,0.0,0.0,0.0,16.0,0.0,0.0,0.0,0.0,0.0,0.0,0.0,0.0,0.0,0.0,0.0,0.0,0.0,16.0,0.0,0.0,16.0,0.0,0.0,0.0,0.0,0.0,0.0,0.0,0.0,0.0,0.0,0.0,0.0,16.0,0.0,0.0,16.0,0.0,0.0,0.0,0.0,0.0,0.0,0.0,0.0,0.0,0.0,"Mar 17, 2016"
994,2202070.0,28454.0,Babylon,Al-Musayab,Al Gelawia,الجيلاوية,32.7910186527,44.2948834507,20.0,120.0,0.0,11.0,0.0,0.0,0.0,0.0,0.0,0.0,0.0,0.0,0.0,0.0,9.0,0.0,0.0,0.0,0.0,0.0,0.0,20.0,0.0,0.0,0.0,0.0,0.0,0.0,0.0,0.0,0.0,0.0,0.0,0.0,0.0,0.0,0.0,0.0,0.0,0.0,0.0,0.0,9.0,0.0,11.0,9.0,0.0,11.0,0.0,0.0,0.0,0.0,0.0,0.0,0.0,0.0,0.0,0.0,"Mar 17, 2016"
995,2203001.0,24604.0,Babylon,Hashimiya,Abo Derbash Al Midhatiyah,ناحية المدحتية-ابو درباش,32.39891923,44.73177717,21.0,126.0,0.0,0.0,0.0,0.0,0.0,0.0,0.0,0.0,0.0,0.0,0.0,0.0,21.0,0.0,0.0,0.0,0.0,0.0,0.0,0.0,0.0,0.0,0.0,0.0,0.0,21.0,0.0,21.0,0.0,0.0,0.0,0.0,0.0,0.0,0.0,0.0,0.0,0.0,0.0,0.0,3.0,0.0,18.0,3.0,0.0,18.0,0.0,0.0,0.0,0.0,0.0,0.0,0.0,0.0,0.0,0.0,"Mar 17, 2016"
996,2203002.0,24977.0,Babylon,Hashimiya,Al Andlos,الاندلس,32.30560647,44.68621843,14.0,84.0,2.0,0.0,0.0,0.0,0.0,0.0,0.0,0.0,0.0,0.0,0.0,0.0,12.0,0.0,0.0,0.0,0.0,0.0,0.0,0.0,0.0,0.0,0.0,0.0,0.0,0.0,2.0,0.0,0.0,2.0,0.0,0.0,0.0,0.0,12.0,0.0,0.0,12.0,0.0,0.0,12.0,0.0,0.0,12.0,2.0,0.0,0.0,2.0,0.0,0.0,0.0,0.0,0.0,0.0,0.0,0.0,"Mar 17, 2016"
997,2203003.0,23959.0,Babylon,Hashimiya,Al Ansaar,الانصار,32.4011792,44.67893397,11.0,66.0,10.0,0.0,0.0,0.0,0.0,0.0,0.0,0.0,0.0,0.0,0.0,0.0,1.0,0.0,0.0,0.0,0.0,0.0,0.0,0.0,0.0,0.0,0.0,0.0,0.0,4.0,7.0,4.0,0.0,7.0,0.0,0.0,0.0,0.0,0.0,0.0,0.0,0.0,0.0,0.0,1.0,0.0,0.0,1.0,4.0,0.0,6.0,4.0,0.0,6.0,0.0,0.0,0.0,0.0,0.0,0.0,"Mar 17, 2016"
998,2203004.0,24646.0,Babylon,Hashimiya,Al Dabla,الدبلة,32.3824711887,44.5360215735,45.0,270.0,8.0,0.0,0.0,0.0,0.0,0.0,0.0,0.0,0.0,0.0,0.0,0.0,37.0,0.0,0.0,0.0,0.0,0.0,0.0,30.0,0.0,0.0,0.0,0.0,0.0,7.0,8.0,7.0,0.0,8.0,0.0,0.0,0.0,0.0,0.0,0.0,0.0,0.0,0.0,0.0,37.0,0.0,0.0,37.0,8.0,0.0,0.0,8.0,0.0,0.0,0.0,0.0,0.0,0.0,0.0,0.0,"Mar 17, 2016"
999,2203005.0,24605.0,Babylon,Hashimiya,Al Droa-Al Qasim Area,ناحية القاسم-الدروع,32.462371,44.66897258,5.0,30.0,1.0,0.0,0.0,0.0,0.0,0.0,0.0,0.0,0.0,0.0,0.0,0.0,2.0,0.0,2.0,0.0,0.0,0.0,0.0,0.0,0.0,0.0,0.0,0.0,0.0,2.0,3.0,2.0,0.0,3.0,0.0,0.0,0.0,0.0,0.0,0.0,0.0,0.0,0.0,0.0,2.0,0.0,2.0,2.0,1.0,2.0,0.0,1.0,0.0,0.0,0.0,0.0,0.0,0.0,0.0,0.0,"Mar 17, 2016"
1000,2203006.0,24836.0,Babylon,Hashimiya,Al Hajj Ubaid,الحاج عبيد,32.3612717,44.61819618,12.0,72.0,0.0,0.0,0.0,0.0,0.0,0.0,0.0,0.0,0.0,0.0,0.0,0.0,12.0,0.0,0.0,0.0,0.0,0.0,0.0,0.0,0.0,0.0,0.0,0.0,0.0,12.0,0.0,12.0,0.0,0.0,0.0,0.0,0.0,0.0,0.0,0.0,0.0,0.0,0.0,0.0,0.0,0.0,12.0,0.0,0.0,12.0,0.0,0.0,0.0,0.0,0.0,0.0,0.0,0.0,0.0,0.0,"Mar 17, 2016"
1001,2203008.0,24544.0,Babylon,Hashimiya,Al Husen-Al Midhatiya,ناحية المدحتية-الحصين,32.3896214118,44.5781262249,84.0,504.0,4.0,0.0,1.0,0.0,0.0,0.0,0.0,0.0,0.0,0.0,0.0,0.0,79.0,0.0,0.0,0.0,0.0,0.0,0.0,25.0,0.0,0.0,0.0,0.0,0.0,0.0,59.0,0.0,0.0,59.0,0.0,0.0,0.0,0.0,0.0,0.0,0.0,0.0,0.0,0.0,73.0,0.0,7.0,73.0,0.0,7.0,4.0,0.0,0.0,4.0,0.0,0.0,0.0,0.0,0.0,0.0,"Mar 17, 2016"
1002,2203009.0,24271.0,Babylon,Hashimiya,Al Madhatiyah-Al Qasabah Al kadimah,ناحية المدحتيه-القصبة القديمة,32.3990776347,44.6664860454,37.0,222.0,1.0,0.0,0.0,0.0,0.0,0.0,0.0,0.0,0.0,0.0,0.0,0.0,36.0,0.0,0.0,0.0,0.0,0.0,0.0,0.0,0.0,0.0,0.0,0.0,0.0,0.0,21.0,0.0,0.0,21.0,0.0,0.0,0.0,0.0,16.0,0.0,0.0,16.0,0.0,0.0,36.0,0.0,0.0,36.0,1.0,0.0,0.0,1.0,0.0,0.0,0.0,0.0,0.0,0.0,0.0,0.0,"Mar 17, 2016"
1003,2203010.0,24270.0,Babylon,Hashimiya,Al Madhatiyah-Hay Imam,ناحية المدحتية-حي الامام,32.4009432725,44.6737561677,106.0,636.0,16.0,0.0,0.0,0.0,0.0,0.0,0.0,0.0,0.0,0.0,0.0,0.0,88.0,0.0,2.0,0.0,0.0,0.0,0.0,26.0,0.0,0.0,0.0,0.0,0.0,9.0,52.0,9.0,0.0,52.0,0.0,0.0,0.0,0.0,19.0,0.0,0.0,19.0,0.0,0.0,77.0,0.0,11.0,77.0,7.0,11.0,11.0,7.0,0.0,11.0,0.0,0.0,0.0,0.0,0.0,0.0,"Mar 17, 2016"
1004,2203011.0,25896.0,Babylon,Hashimiya,Al Midhatiyah-Hay Al Zahraa,ناحية المدحتية-حي الزهراء,32.3979434205,44.6744812412,68.0,408.0,56.0,0.0,0.0,0.0,0.0,0.0,0.0,0.0,1.0,0.0,0.0,0.0,9.0,0.0,2.0,0.0,0.0,0.0,0.0,0.0,0.0,0.0,0.0,0.0,0.0,0.0,68.0,0.0,0.0,68.0,0.0,0.0,0.0,0.0,0.0,0.0,0.0,0.0,0.0,0.0,9.0,0.0,3.0,9.0,30.0,3.0,26.0,30.0,0.0,26.0,0.0,0.0,0.0,0.0,0.0,0.0,"Mar 17, 2016"
1005,2203012.0,24711.0,Babylon,Hashimiya,Al Nasser,ناحية الشوملي-النصر,32.3217778994,44.9204682042,14.0,84.0,6.0,0.0,0.0,0.0,0.0,0.0,0.0,0.0,0.0,0.0,0.0,0.0,8.0,0.0,0.0,0.0,0.0,0.0,0.0,0.0,0.0,0.0,0.0,0.0,0.0,2.0,12.0,2.0,0.0,12.0,0.0,0.0,0.0,0.0,0.0,0.0,0.0,0.0,0.0,0.0,8.0,0.0,0.0,8.0,0.0,0.0,6.0,0.0,0.0,6.0,0.0,0.0,0.0,0.0,0.0,0.0,"Mar 17, 2016"
1006,2203013.0,24293.0,Babylon,Hashimiya,Al Qasim Area-Al Qasabah Al kadima,ناحية القاسم-القصبة القديمة,32.29402789,44.69186393,9.0,54.0,0.0,0.0,0.0,0.0,0.0,0.0,0.0,0.0,0.0,0.0,0.0,0.0,9.0,0.0,0.0,0.0,0.0,0.0,0.0,0.0,0.0,0.0,0.0,0.0,0.0,0.0,9.0,0.0,0.0,9.0,0.0,0.0,0.0,0.0,0.0,0.0,0.0,0.0,0.0,0.0,9.0,0.0,0.0,9.0,0.0,0.0,0.0,0.0,0.0,0.0,0.0,0.0,0.0,0.0,0.0,0.0,"Mar 17, 2016"
1007,2203014.0,6361.0,Babylon,Hashimiya,Al Qasim-Al Askari,ناحية القاسم-العسكري,32.2996086733,44.6900318242,56.0,336.0,12.0,0.0,0.0,0.0,0.0,0.0,0.0,0.0,0.0,0.0,0.0,0.0,44.0,0.0,0.0,0.0,0.0,0.0,0.0,0.0,0.0,0.0,0.0,0.0,0.0,0.0,25.0,0.0,0.0,25.0,0.0,0.0,0.0,0.0,31.0,0.0,0.0,31.0,0.0,0.0,44.0,0.0,0.0,44.0,5.0,0.0,7.0,5.0,0.0,7.0,0.0,0.0,0.0,0.0,0.0,0.0,"Mar 17, 2016"
1008,2203015.0,25593.0,Babylon,Hashimiya,Al Qassim-Al Janabeen,ناحية القاسم-حي الجنابيين,32.27371857,44.8406453,2.0,12.0,0.0,0.0,0.0,0.0,0.0,0.0,0.0,0.0,0.0,0.0,0.0,0.0,2.0,0.0,0.0,0.0,0.0,0.0,0.0,0.0,0.0,0.0,0.0,0.0,0.0,0.0,2.0,0.0,0.0,2.0,0.0,0.0,0.0,0.0,0.0,0.0,0.0,0.0,0.0,0.0,2.0,0.0,0.0,2.0,0.0,0.0,0.0,0.0,0.0,0.0,0.0,0.0,0.0,0.0,0.0,0.0,"Mar 17, 2016"
1009,2203016.0,25592.0,Babylon,Hashimiya,Al Qassim-Hay Al Fayadheyia,ناحية القاسم-حي الفياضية,32.28530027,44.68760144,6.0,36.0,0.0,0.0,0.0,0.0,0.0,0.0,0.0,0.0,0.0,0.0,0.0,0.0,6.0,0.0,0.0,0.0,0.0,0.0,0.0,6.0,0.0,0.0,0.0,0.0,0.0,0.0,0.0,0.0,0.0,0.0,0.0,0.0,0.0,0.0,0.0,0.0,0.0,0.0,0.0,0.0,0.0,0.0,6.0,0.0,0.0,6.0,0.0,0.0,0.0,0.0,0.0,0.0,0.0,0.0,0.0,0.0,"Mar 17, 2016"
1010,2203017.0,25591.0,Babylon,Hashimiya,Al Qassim-Hay Al Ghadeer,ناحية القاسم-حي الغدير,32.29404547,44.69723189,14.0,84.0,3.0,0.0,0.0,0.0,0.0,0.0,0.0,0.0,0.0,0.0,0.0,0.0,11.0,0.0,0.0,0.0,0.0,0.0,0.0,0.0,0.0,0.0,0.0,0.0,0.0,0.0,14.0,0.0,0.0,14.0,0.0,0.0,0.0,0.0,0.0,0.0,0.0,0.0,0.0,0.0,11.0,0.0,0.0,11.0,3.0,0.0,0.0,3.0,0.0,0.0,0.0,0.0,0.0,0.0,0.0,0.0,"Mar 17, 2016"
1011,2203018.0,6679.0,Babylon,Hashimiya,Al Qassim-Hay Al Sinaee,ناحية القاسم-حي الصناعي,32.3019813909,44.6770912156,18.0,108.0,5.0,0.0,0.0,0.0,0.0,0.0,0.0,0.0,0.0,0.0,0.0,0.0,11.0,0.0,2.0,0.0,0.0,0.0,0.0,0.0,0.0,0.0,0.0,0.0,0.0,4.0,14.0,4.0,0.0,14.0,0.0,0.0,0.0,0.0,0.0,0.0,0.0,0.0,0.0,0.0,13.0,0.0,0.0,13.0,4.0,0.0,1.0,4.0,0.0,1.0,0.0,0.0,0.0,0.0,0.0,0.0,"Mar 17, 2016"
1012,2203019.0,24835.0,Babylon,Hashimiya,Al Sadah Al Baharnah,السادة البحارنة,32.36123214,44.63882823,14.0,84.0,0.0,0.0,0.0,0.0,0.0,0.0,0.0,0.0,0.0,0.0,0.0,0.0,14.0,0.0,0.0,0.0,0.0,0.0,0.0,4.0,0.0,0.0,0.0,0.0,0.0,10.0,0.0,10.0,0.0,0.0,0.0,0.0,0.0,0.0,0.0,0.0,0.0,0.0,0.0,0.0,0.0,0.0,14.0,0.0,0.0,14.0,0.0,0.0,0.0,0.0,0.0,0.0,0.0,0.0,0.0,0.0,"Mar 17, 2016"
1013,2203020.0,6693.0,Babylon,Hashimiya,Al Seaidy,السعيدي,32.30464494,44.67686548,3.0,18.0,2.0,0.0,0.0,0.0,0.0,0.0,0.0,0.0,0.0,0.0,0.0,0.0,1.0,0.0,0.0,0.0,0.0,0.0,0.0,0.0,0.0,0.0,0.0,0.0,0.0,0.0,3.0,0.0,0.0,3.0,0.0,0.0,0.0,0.0,0.0,0.0,0.0,0.0,0.0,0.0,1.0,0.0,0.0,1.0,1.0,0.0,1.0,1.0,0.0,1.0,0.0,0.0,0.0,0.0,0.0,0.0,"Mar 17, 2016"
1014,2203021.0,25595.0,Babylon,Hashimiya,Al Shomaly-Al Khashkhashia,ناحية الشوملي-قرية الخشخشيه,32.2747,44.79397,4.0,24.0,0.0,0.0,0.0,0.0,0.0,0.0,0.0,0.0,0.0,0.0,0.0,0.0,4.0,0.0,0.0,0.0,0.0,0.0,0.0,4.0,0.0,0.0,0.0,0.0,0.0,0.0,0.0,0.0,0.0,0.0,0.0,0.0,0.0,0.0,0.0,0.0,0.0,0.0,0.0,0.0,4.0,0.0,0.0,4.0,0.0,0.0,0.0,0.0,0.0,0.0,0.0,0.0,0.0,0.0,0.0,0.0,"Mar 17, 2016"
1015,2203022.0,25590.0,Babylon,Hashimiya,Al Shomaly-Hay Al Oroba,ناحية الشوملي-حي العروبه,32.3292688,44.91755367,14.0,84.0,10.0,0.0,0.0,0.0,0.0,0.0,0.0,0.0,0.0,0.0,0.0,0.0,4.0,0.0,0.0,0.0,0.0,0.0,0.0,0.0,0.0,0.0,0.0,0.0,0.0,0.0,14.0,0.0,0.0,14.0,0.0,0.0,0.0,0.0,0.0,0.0,0.0,0.0,0.0,0.0,4.0,0.0,0.0,4.0,0.0,0.0,10.0,0.0,0.0,10.0,0.0,0.0,0.0,0.0,0.0,0.0,"Mar 17, 2016"
1016,2203023.0,25594.0,Babylon,Hashimiya,Al Shomaly-Hay Al Sada,ناحية الشوملي-حي الساده,32.3211791269,44.91146716,7.0,42.0,1.0,0.0,0.0,0.0,0.0,0.0,0.0,0.0,0.0,0.0,0.0,0.0,6.0,0.0,0.0,0.0,0.0,0.0,0.0,0.0,0.0,0.0,0.0,0.0,0.0,0.0,7.0,0.0,0.0,7.0,0.0,0.0,0.0,0.0,0.0,0.0,0.0,0.0,0.0,0.0,6.0,0.0,0.0,6.0,1.0,0.0,0.0,1.0,0.0,0.0,0.0,0.0,0.0,0.0,0.0,0.0,"Mar 17, 2016"
1017,2203024.0,25589.0,Babylon,Hashimiya,Al Shoumly-Al Jawadia village,ناحية الشوملي-قرية الجواديه,32.3548295984,44.81572768,11.0,66.0,10.0,0.0,0.0,0.0,0.0,0.0,0.0,0.0,0.0,0.0,0.0,0.0,1.0,0.0,0.0,0.0,0.0,0.0,0.0,11.0,0.0,0.0,0.0,0.0,0.0,0.0,0.0,0.0,0.0,0.0,0.0,0.0,0.0,0.0,0.0,0.0,0.0,0.0,0.0,0.0,1.0,0.0,0.0,1.0,10.0,0.0,0.0,10.0,0.0,0.0,0.0,0.0,0.0,0.0,0.0,0.0,"Mar 17, 2016"
1018,2203025.0,25596.0,Babylon,Hashimiya,Al Taleeaa-Al Aradda,ناحية الطليعة-العراده,32.16216,44.73985,7.0,42.0,0.0,0.0,0.0,0.0,0.0,0.0,0.0,0.0,0.0,0.0,0.0,0.0,7.0,0.0,0.0,0.0,0.0,0.0,0.0,0.0,0.0,0.0,0.0,0.0,0.0,7.0,0.0,7.0,0.0,0.0,0.0,0.0,0.0,0.0,0.0,0.0,0.0,0.0,0.0,0.0,7.0,0.0,0.0,7.0,0.0,0.0,0.0,0.0,0.0,0.0,0.0,0.0,0.0,0.0,0.0,0.0,"Mar 17, 2016"
1019,2203026.0,25598.0,Babylon,Hashimiya,Al Taleeaa-Al Gamiea wa Al Hussainea,ناحية الطليعة-الجمعية والحسينية,32.1899396866,44.7093272637,5.0,30.0,1.0,0.0,0.0,0.0,0.0,0.0,0.0,0.0,0.0,0.0,0.0,0.0,4.0,0.0,0.0,0.0,0.0,0.0,0.0,4.0,0.0,0.0,0.0,0.0,0.0,0.0,1.0,0.0,0.0,1.0,0.0,0.0,0.0,0.0,0.0,0.0,0.0,0.0,0.0,0.0,4.0,0.0,0.0,4.0,0.0,0.0,1.0,0.0,0.0,1.0,0.0,0.0,0.0,0.0,0.0,0.0,"Mar 17, 2016"
1020,2203027.0,25597.0,Babylon,Hashimiya,Al Taleeaa-Gishir,ناحية الطليعة-كشر,32.13816,44.74561,4.0,24.0,4.0,0.0,0.0,0.0,0.0,0.0,0.0,0.0,0.0,0.0,0.0,0.0,0.0,0.0,0.0,0.0,0.0,0.0,0.0,0.0,0.0,0.0,0.0,0.0,0.0,4.0,0.0,4.0,0.0,0.0,0.0,0.0,0.0,0.0,0.0,0.0,0.0,0.0,0.0,0.0,0.0,0.0,0.0,0.0,4.0,0.0,0.0,4.0,0.0,0.0,0.0,0.0,0.0,0.0,0.0,0.0,"Mar 17, 2016"
1021,2203028.0,25120.0,Babylon,Hashimiya,Al Yaseeya,الياسيه,32.38091687,44.61627681,5.0,30.0,0.0,0.0,0.0,0.0,0.0,0.0,0.0,0.0,0.0,0.0,0.0,0.0,5.0,0.0,0.0,0.0,0.0,0.0,0.0,0.0,0.0,0.0,0.0,0.0,0.0,2.0,3.0,2.0,0.0,3.0,0.0,0.0,0.0,0.0,0.0,0.0,0.0,0.0,0.0,0.0,5.0,0.0,0.0,5.0,0.0,0.0,0.0,0.0,0.0,0.0,0.0,0.0,0.0,0.0,0.0,0.0,"Mar 17, 2016"
1022,2203029.0,24710.0,Babylon,Hashimiya,Al Zabbar,ناحية الشوملي-الزبار,32.3590971,44.80326517,75.0,450.0,11.0,0.0,0.0,0.0,0.0,0.0,0.0,0.0,0.0,0.0,0.0,0.0,64.0,0.0,0.0,0.0,0.0,0.0,0.0,4.0,0.0,0.0,0.0,0.0,0.0,56.0,15.0,56.0,0.0,15.0,0.0,0.0,0.0,0.0,0.0,0.0,0.0,0.0,0.0,0.0,8.0,0.0,56.0,8.0,0.0,56.0,11.0,0.0,0.0,11.0,0.0,0.0,0.0,0.0,0.0,0.0,"Mar 17, 2016"
1023,2203030.0,24709.0,Babylon,Hashimiya,Albo Abdullah Village,ناحية المدحتية-قرية البو عبدالله,32.41893965,44.68613955,7.0,42.0,0.0,0.0,0.0,0.0,0.0,0.0,0.0,0.0,0.0,0.0,0.0,0.0,7.0,0.0,0.0,0.0,0.0,0.0,0.0,7.0,0.0,0.0,0.0,0.0,0.0,0.0,0.0,0.0,0.0,0.0,0.0,0.0,0.0,0.0,0.0,0.0,0.0,0.0,0.0,0.0,0.0,0.0,7.0,0.0,0.0,7.0,0.0,0.0,0.0,0.0,0.0,0.0,0.0,0.0,0.0,0.0,"Mar 17, 2016"
1024,2203031.0,25453.0,Babylon,Hashimiya,Albo Rakhees,البو رخيص,32.37450081,44.76827768,13.0,78.0,0.0,0.0,0.0,0.0,0.0,0.0,0.0,0.0,0.0,0.0,0.0,0.0,13.0,0.0,0.0,0.0,0.0,0.0,0.0,0.0,0.0,0.0,0.0,0.0,0.0,13.0,0.0,13.0,0.0,0.0,0.0,0.0,0.0,0.0,0.0,0.0,0.0,0.0,0.0,0.0,13.0,0.0,0.0,13.0,0.0,0.0,0.0,0.0,0.0,0.0,0.0,0.0,0.0,0.0,0.0,0.0,"Mar 17, 2016"
1025,2203032.0,23958.0,Babylon,Hashimiya,Albu Fayadh,البو فياض,32.26641919,44.69208056,8.0,48.0,8.0,0.0,0.0,0.0,0.0,0.0,0.0,0.0,0.0,0.0,0.0,0.0,0.0,0.0,0.0,0.0,0.0,0.0,0.0,0.0,0.0,0.0,0.0,0.0,0.0,8.0,0.0,8.0,0.0,0.0,0.0,0.0,0.0,0.0,0.0,0.0,0.0,0.0,0.0,0.0,0.0,0.0,0.0,0.0,0.0,0.0,8.0,0.0,0.0,8.0,0.0,0.0,0.0,0.0,0.0,0.0,"Mar 17, 2016"
1026,2203033.0,24268.0,Babylon,Hashimiya,Albu Saabar,البو سعبر,32.374165432,44.64656842,56.0,336.0,0.0,0.0,0.0,0.0,0.0,0.0,0.0,0.0,0.0,0.0,0.0,0.0,56.0,0.0,0.0,0.0,0.0,0.0,0.0,36.0,0.0,0.0,0.0,0.0,0.0,3.0,6.0,3.0,0.0,6.0,0.0,0.0,0.0,0.0,11.0,0.0,0.0,11.0,0.0,0.0,56.0,0.0,0.0,56.0,0.0,0.0,0.0,0.0,0.0,0.0,0.0,0.0,0.0,0.0,0.0,0.0,"Mar 17, 2016"
1027,2203034.0,6783.0,Babylon,Hashimiya,Al-ibrahemiyah,الابراهيمية,32.3750155856,44.5707883166,75.0,450.0,9.0,0.0,0.0,0.0,0.0,0.0,0.0,0.0,0.0,0.0,0.0,0.0,66.0,0.0,0.0,0.0,0.0,0.0,0.0,15.0,0.0,0.0,0.0,0.0,0.0,29.0,31.0,29.0,0.0,31.0,0.0,0.0,0.0,0.0,0.0,0.0,0.0,0.0,0.0,0.0,49.0,0.0,17.0,49.0,9.0,17.0,0.0,9.0,0.0,0.0,0.0,0.0,0.0,0.0,0.0,0.0,"Mar 17, 2016"
1028,2203035.0,6640.0,Babylon,Hashimiya,Al-khiweldiyah,الخويلدية,32.2748691,44.68801316,29.0,174.0,14.0,0.0,0.0,0.0,0.0,0.0,0.0,0.0,0.0,0.0,0.0,0.0,15.0,0.0,0.0,0.0,0.0,0.0,0.0,0.0,0.0,0.0,0.0,0.0,0.0,16.0,13.0,16.0,0.0,13.0,0.0,0.0,0.0,0.0,0.0,0.0,0.0,0.0,0.0,0.0,8.0,0.0,7.0,8.0,14.0,7.0,0.0,14.0,0.0,0.0,0.0,0.0,0.0,0.0,0.0,0.0,"Mar 17, 2016"
1029,2203036.0,21467.0,Babylon,Hashimiya,Al-Madhatiya-Al Ghazali Village,قرية الغزالي,32.446108,44.828177,28.0,168.0,16.0,0.0,0.0,0.0,0.0,0.0,0.0,0.0,0.0,0.0,0.0,0.0,0.0,0.0,12.0,0.0,0.0,0.0,0.0,28.0,0.0,0.0,0.0,0.0,0.0,0.0,0.0,0.0,0.0,0.0,0.0,0.0,0.0,0.0,0.0,0.0,0.0,0.0,0.0,0.0,0.0,0.0,16.0,0.0,12.0,16.0,0.0,12.0,0.0,0.0,0.0,0.0,0.0,0.0,0.0,0.0,"Mar 17, 2016"
1030,2203038.0,6769.0,Babylon,Hashimiya,Al-mazeiadeiah,المزيدية,32.37640221,44.63432045,25.0,150.0,2.0,0.0,0.0,0.0,0.0,0.0,0.0,0.0,0.0,0.0,0.0,0.0,23.0,0.0,0.0,0.0,0.0,0.0,0.0,21.0,0.0,0.0,0.0,0.0,0.0,0.0,2.0,0.0,0.0,2.0,0.0,0.0,2.0,0.0,0.0,2.0,0.0,0.0,0.0,0.0,23.0,0.0,0.0,23.0,0.0,0.0,2.0,0.0,0.0,2.0,0.0,0.0,0.0,0.0,0.0,0.0,"Mar 17, 2016"
1031,2203039.0,6793.0,Babylon,Hashimiya,Al-rawashed,الرواشد,32.3842394488,44.5937858736,17.0,102.0,0.0,0.0,0.0,0.0,0.0,0.0,0.0,0.0,0.0,0.0,0.0,0.0,17.0,0.0,0.0,0.0,0.0,0.0,0.0,0.0,0.0,0.0,0.0,0.0,0.0,1.0,16.0,1.0,0.0,16.0,0.0,0.0,0.0,0.0,0.0,0.0,0.0,0.0,0.0,0.0,17.0,0.0,0.0,17.0,0.0,0.0,0.0,0.0,0.0,0.0,0.0,0.0,0.0,0.0,0.0,0.0,"Mar 17, 2016"
1032,2203040.0,7242.0,Babylon,Hashimiya,Al-Sada Al-Shurafa,الساده الشرفه,32.37761251,44.67986712,17.0,102.0,5.0,0.0,0.0,0.0,0.0,0.0,0.0,0.0,0.0,0.0,0.0,0.0,12.0,0.0,0.0,0.0,0.0,0.0,0.0,0.0,0.0,0.0,0.0,0.0,0.0,0.0,16.0,0.0,0.0,16.0,0.0,0.0,0.0,0.0,1.0,0.0,0.0,1.0,0.0,0.0,12.0,0.0,0.0,12.0,2.0,0.0,3.0,2.0,0.0,3.0,0.0,0.0,0.0,0.0,0.0,0.0,"Mar 17, 2016"
1033,2203041.0,25616.0,Babylon,Hashimiya,Al-Taleeaa-Al Ghadeer,حي الغدير,32.19166,44.71193,12.0,72.0,0.0,0.0,0.0,0.0,0.0,0.0,0.0,0.0,0.0,0.0,0.0,0.0,12.0,0.0,0.0,0.0,0.0,0.0,0.0,0.0,0.0,0.0,0.0,0.0,0.0,0.0,12.0,0.0,0.0,12.0,0.0,0.0,0.0,0.0,0.0,0.0,0.0,0.0,0.0,0.0,0.0,0.0,12.0,0.0,0.0,12.0,0.0,0.0,0.0,0.0,0.0,0.0,0.0,0.0,0.0,0.0,"Mar 17, 2016"
1034,2203042.0,25615.0,Babylon,Hashimiya,Al-Taleeaa-Zona,زونه,32.19685,44.71468,4.0,24.0,0.0,0.0,0.0,0.0,0.0,0.0,0.0,0.0,0.0,0.0,0.0,0.0,4.0,0.0,0.0,0.0,0.0,0.0,0.0,4.0,0.0,0.0,0.0,0.0,0.0,0.0,0.0,0.0,0.0,0.0,0.0,0.0,0.0,0.0,0.0,0.0,0.0,0.0,0.0,0.0,0.0,0.0,4.0,0.0,0.0,4.0,0.0,0.0,0.0,0.0,0.0,0.0,0.0,0.0,0.0,0.0,"Mar 17, 2016"
1035,2203043.0,25448.0,Babylon,Hashimiya,Bakkan village,قرية بكان,32.31632479,44.8780905,19.0,114.0,6.0,0.0,0.0,0.0,0.0,0.0,0.0,0.0,0.0,0.0,0.0,0.0,13.0,0.0,0.0,0.0,0.0,0.0,0.0,2.0,0.0,0.0,0.0,0.0,0.0,4.0,13.0,4.0,0.0,13.0,0.0,0.0,0.0,0.0,0.0,0.0,0.0,0.0,0.0,0.0,12.0,0.0,3.0,12.0,2.0,3.0,2.0,2.0,0.0,2.0,0.0,0.0,0.0,0.0,0.0,0.0,"Mar 17, 2016"
1036,2203044.0,24340.0,Babylon,Hashimiya,Bermana villge,قرية بيرمانة,32.39609226,44.52962184,12.0,72.0,0.0,0.0,0.0,0.0,0.0,0.0,0.0,0.0,0.0,0.0,0.0,0.0,12.0,0.0,0.0,0.0,0.0,0.0,0.0,12.0,0.0,0.0,0.0,0.0,0.0,0.0,0.0,0.0,0.0,0.0,0.0,0.0,0.0,0.0,0.0,0.0,0.0,0.0,0.0,0.0,12.0,0.0,0.0,12.0,0.0,0.0,0.0,0.0,0.0,0.0,0.0,0.0,0.0,0.0,0.0,0.0,"Mar 17, 2016"
1037,2203045.0,25986.0,Babylon,Hashimiya,Hay Al Ameer-1,حي الامير-1,32.39550109,44.66708304,31.0,186.0,31.0,0.0,0.0,0.0,0.0,0.0,0.0,0.0,0.0,0.0,0.0,0.0,0.0,0.0,0.0,0.0,0.0,0.0,0.0,0.0,0.0,0.0,0.0,0.0,0.0,0.0,31.0,0.0,0.0,31.0,0.0,0.0,0.0,0.0,0.0,0.0,0.0,0.0,0.0,0.0,6.0,0.0,0.0,6.0,11.0,0.0,14.0,11.0,0.0,14.0,0.0,0.0,0.0,0.0,0.0,0.0,"Mar 17, 2016"
1038,2203046.0,25987.0,Babylon,Hashimiya,Hay Al Ameer-2,حي الامير-2,32.39721179,44.66765502,5.0,30.0,4.0,0.0,0.0,0.0,0.0,0.0,0.0,0.0,0.0,0.0,0.0,0.0,1.0,0.0,0.0,0.0,0.0,0.0,0.0,0.0,0.0,0.0,0.0,0.0,0.0,0.0,5.0,0.0,0.0,5.0,0.0,0.0,0.0,0.0,0.0,0.0,0.0,0.0,0.0,0.0,1.0,0.0,0.0,1.0,4.0,0.0,0.0,4.0,0.0,0.0,0.0,0.0,0.0,0.0,0.0,0.0,"Mar 17, 2016"
1039,2203047.0,25988.0,Babylon,Hashimiya,Hay Al Ameer-3,حي الامير-3,32.39499021,44.66611812,8.0,48.0,4.0,0.0,0.0,0.0,0.0,0.0,0.0,0.0,0.0,0.0,0.0,0.0,4.0,0.0,0.0,0.0,0.0,0.0,0.0,0.0,0.0,0.0,0.0,0.0,0.0,0.0,8.0,0.0,0.0,8.0,0.0,0.0,0.0,0.0,0.0,0.0,0.0,0.0,0.0,0.0,4.0,0.0,0.0,4.0,2.0,0.0,2.0,2.0,0.0,2.0,0.0,0.0,0.0,0.0,0.0,0.0,"Mar 17, 2016"
1040,2203048.0,25989.0,Babylon,Hashimiya,Hay Al Ameer-4,حي الامير-4,32.3937417,44.66782241,5.0,30.0,0.0,0.0,0.0,0.0,0.0,0.0,0.0,0.0,0.0,0.0,0.0,0.0,5.0,0.0,0.0,0.0,0.0,0.0,0.0,0.0,0.0,0.0,0.0,0.0,0.0,5.0,0.0,5.0,0.0,0.0,0.0,0.0,0.0,0.0,0.0,0.0,0.0,0.0,0.0,0.0,5.0,0.0,0.0,5.0,0.0,0.0,0.0,0.0,0.0,0.0,0.0,0.0,0.0,0.0,0.0,0.0,"Mar 17, 2016"
1041,2203049.0,25990.0,Babylon,Hashimiya,Hay Al Ameer-5,حي الامير-5,32.39574198,44.6525055,9.0,54.0,4.0,0.0,0.0,0.0,0.0,0.0,0.0,0.0,0.0,0.0,0.0,0.0,5.0,0.0,0.0,0.0,0.0,0.0,0.0,2.0,0.0,0.0,0.0,0.0,0.0,3.0,4.0,3.0,0.0,4.0,0.0,0.0,0.0,0.0,0.0,0.0,0.0,0.0,0.0,0.0,5.0,0.0,0.0,5.0,4.0,0.0,0.0,4.0,0.0,0.0,0.0,0.0,0.0,0.0,0.0,0.0,"Mar 17, 2016"
1042,2203051.0,24269.0,Babylon,Hashimiya,Hay Al Intifadheh,مركز القضاء-الانتفاضه,32.3738713328,44.6566514521,15.0,90.0,1.0,0.0,0.0,0.0,0.0,0.0,0.0,0.0,0.0,0.0,0.0,0.0,14.0,0.0,0.0,0.0,0.0,0.0,0.0,0.0,0.0,0.0,0.0,0.0,0.0,0.0,15.0,0.0,0.0,15.0,0.0,0.0,0.0,0.0,0.0,0.0,0.0,0.0,0.0,0.0,14.0,0.0,0.0,14.0,0.0,0.0,1.0,0.0,0.0,1.0,0.0,0.0,0.0,0.0,0.0,0.0,"Mar 17, 2016"
1043,2203052.0,7140.0,Babylon,Hashimiya,Hay Al-Jamiea,حي الجمعيه,32.29842058,44.6889094,12.0,72.0,7.0,0.0,0.0,0.0,0.0,0.0,0.0,0.0,0.0,0.0,0.0,0.0,5.0,0.0,0.0,0.0,0.0,0.0,0.0,9.0,0.0,0.0,0.0,0.0,0.0,0.0,3.0,0.0,0.0,3.0,0.0,0.0,0.0,0.0,0.0,0.0,0.0,0.0,4.0,0.0,5.0,4.0,0.0,5.0,0.0,0.0,3.0,0.0,0.0,3.0,0.0,0.0,0.0,0.0,0.0,0.0,"Mar 17, 2016"
1044,2203053.0,25879.0,Babylon,Hashimiya,Hay Al Jawadain,حي الجوادين,32.29255255,44.68195866,9.0,54.0,0.0,0.0,0.0,0.0,0.0,0.0,0.0,0.0,0.0,0.0,0.0,0.0,9.0,0.0,0.0,0.0,0.0,0.0,0.0,0.0,0.0,0.0,0.0,0.0,0.0,0.0,9.0,0.0,0.0,9.0,0.0,0.0,0.0,0.0,0.0,0.0,0.0,0.0,0.0,0.0,9.0,0.0,0.0,9.0,0.0,0.0,0.0,0.0,0.0,0.0,0.0,0.0,0.0,0.0,0.0,0.0,"Mar 17, 2016"
1045,2203054.0,25449.0,Babylon,Hashimiya,Hay Al Waily,حي الوائلي,32.32757079,44.91938478,10.0,60.0,4.0,0.0,0.0,0.0,0.0,0.0,0.0,0.0,0.0,0.0,0.0,0.0,6.0,0.0,0.0,0.0,0.0,0.0,0.0,0.0,0.0,0.0,0.0,0.0,0.0,0.0,10.0,0.0,0.0,10.0,0.0,0.0,0.0,0.0,0.0,0.0,0.0,0.0,0.0,0.0,6.0,0.0,0.0,6.0,4.0,0.0,0.0,4.0,0.0,0.0,0.0,0.0,0.0,0.0,0.0,0.0,"Mar 17, 2016"
1046,2203055.0,25880.0,Babylon,Hashimiya,Hay Al Zahraa-Qassim,حي الزهراء-القاسم,32.2984379259,44.6902748136,31.0,186.0,4.0,0.0,0.0,0.0,0.0,0.0,0.0,0.0,0.0,0.0,0.0,0.0,27.0,0.0,0.0,0.0,0.0,0.0,0.0,4.0,0.0,0.0,0.0,0.0,0.0,0.0,27.0,0.0,0.0,27.0,0.0,0.0,0.0,0.0,0.0,0.0,0.0,0.0,0.0,0.0,19.0,0.0,8.0,19.0,4.0,8.0,0.0,4.0,0.0,0.0,0.0,0.0,0.0,0.0,0.0,0.0,"Mar 17, 2016"
1047,2203056.0,6690.0,Babylon,Hashimiya,Hay al-humran,الحمران,32.30528243,44.68087808,17.0,102.0,6.0,0.0,0.0,0.0,0.0,0.0,0.0,0.0,1.0,0.0,0.0,0.0,10.0,0.0,0.0,0.0,0.0,0.0,0.0,0.0,0.0,0.0,0.0,0.0,0.0,2.0,15.0,2.0,0.0,15.0,0.0,0.0,0.0,0.0,0.0,0.0,0.0,0.0,0.0,0.0,6.0,0.0,4.0,6.0,1.0,4.0,6.0,1.0,0.0,6.0,0.0,0.0,0.0,0.0,0.0,0.0,"Mar 17, 2016"
1048,2203057.0,25964.0,Babylon,Hashimiya,Hay Al-Hussein-2,حي الحسين-2,32.39733076,44.6798488,34.0,204.0,29.0,0.0,0.0,0.0,0.0,0.0,0.0,0.0,0.0,0.0,0.0,0.0,5.0,0.0,0.0,0.0,0.0,0.0,0.0,6.0,0.0,0.0,0.0,0.0,0.0,0.0,28.0,0.0,0.0,28.0,0.0,0.0,0.0,0.0,0.0,0.0,0.0,0.0,0.0,0.0,5.0,0.0,0.0,5.0,9.0,0.0,20.0,9.0,0.0,20.0,0.0,0.0,0.0,0.0,0.0,0.0,"Mar 17, 2016"
1049,2203058.0,25965.0,Babylon,Hashimiya,Hay Al-Hussein-3,حي الحسين-3,32.39101438,44.67934242,16.0,96.0,12.0,0.0,0.0,0.0,0.0,0.0,0.0,0.0,0.0,0.0,0.0,0.0,4.0,0.0,0.0,0.0,0.0,0.0,0.0,0.0,0.0,0.0,0.0,0.0,0.0,0.0,16.0,0.0,0.0,16.0,0.0,0.0,0.0,0.0,0.0,0.0,0.0,0.0,0.0,0.0,12.0,0.0,0.0,12.0,0.0,0.0,4.0,0.0,0.0,4.0,0.0,0.0,0.0,0.0,0.0,0.0,"Mar 17, 2016"
1050,2203059.0,25966.0,Babylon,Hashimiya,Hay Al-Hussein-4,حي الحسين-4,32.38986245,44.67780819,8.0,48.0,4.0,0.0,0.0,0.0,0.0,0.0,0.0,0.0,0.0,0.0,0.0,0.0,4.0,0.0,0.0,0.0,0.0,0.0,0.0,0.0,0.0,0.0,0.0,0.0,0.0,0.0,8.0,0.0,0.0,8.0,0.0,0.0,0.0,0.0,0.0,0.0,0.0,0.0,0.0,0.0,4.0,0.0,0.0,4.0,4.0,0.0,0.0,4.0,0.0,0.0,0.0,0.0,0.0,0.0,0.0,0.0,"Mar 17, 2016"
1051,2203060.0,25967.0,Babylon,Hashimiya,Hay Al-Hussein-5,حي الحسين-5,32.38845865,44.67827674,17.0,102.0,1.0,0.0,1.0,0.0,0.0,0.0,0.0,0.0,0.0,0.0,0.0,0.0,15.0,0.0,0.0,0.0,0.0,0.0,0.0,0.0,0.0,0.0,0.0,0.0,0.0,0.0,7.0,0.0,0.0,7.0,0.0,0.0,0.0,0.0,10.0,0.0,0.0,10.0,0.0,0.0,15.0,0.0,0.0,15.0,2.0,0.0,0.0,2.0,0.0,0.0,0.0,0.0,0.0,0.0,0.0,0.0,"Mar 17, 2016"
1052,2203061.0,6661.0,Babylon,Hashimiya,Hay al-jasmiyah,الجاسمية,32.2976228506,44.6801706241,19.0,114.0,12.0,0.0,0.0,0.0,0.0,0.0,0.0,0.0,0.0,0.0,0.0,0.0,7.0,0.0,0.0,0.0,0.0,0.0,0.0,4.0,0.0,0.0,0.0,0.0,0.0,0.0,15.0,0.0,0.0,15.0,0.0,0.0,0.0,0.0,0.0,0.0,0.0,0.0,0.0,0.0,7.0,0.0,0.0,7.0,0.0,0.0,12.0,0.0,0.0,12.0,0.0,0.0,0.0,0.0,0.0,0.0,"Mar 17, 2016"
1053,2203062.0,6660.0,Babylon,Hashimiya,Hay al-jidedah,الجديدة,32.2992037854,44.6863000846,16.0,96.0,4.0,0.0,0.0,0.0,0.0,0.0,0.0,0.0,0.0,0.0,0.0,0.0,12.0,0.0,0.0,0.0,0.0,0.0,0.0,0.0,0.0,0.0,0.0,0.0,0.0,0.0,16.0,0.0,0.0,16.0,0.0,0.0,0.0,0.0,0.0,0.0,0.0,0.0,0.0,0.0,0.0,0.0,12.0,0.0,2.0,12.0,2.0,2.0,0.0,2.0,0.0,0.0,0.0,0.0,0.0,0.0,"Mar 17, 2016"
1054,2203063.0,7234.0,Babylon,Hashimiya,Hay Al-Mustafa,حي المصطفى,32.36234777,44.65712417,4.0,24.0,0.0,0.0,1.0,0.0,0.0,0.0,0.0,0.0,0.0,0.0,0.0,0.0,3.0,0.0,0.0,0.0,0.0,0.0,0.0,0.0,0.0,3.0,0.0,0.0,3.0,0.0,1.0,0.0,0.0,1.0,0.0,0.0,0.0,0.0,0.0,0.0,0.0,0.0,0.0,0.0,3.0,0.0,1.0,3.0,0.0,1.0,0.0,0.0,0.0,0.0,0.0,0.0,0.0,0.0,0.0,0.0,"Mar 17, 2016"
1055,2203064.0,6669.0,Babylon,Hashimiya,Hay alosh,حي علوش,32.2996640507,44.6846015242,28.0,168.0,1.0,0.0,0.0,0.0,0.0,0.0,0.0,0.0,0.0,0.0,0.0,0.0,27.0,0.0,0.0,0.0,0.0,0.0,0.0,5.0,0.0,0.0,0.0,0.0,0.0,0.0,23.0,0.0,0.0,23.0,0.0,0.0,0.0,0.0,0.0,0.0,0.0,0.0,0.0,0.0,11.0,0.0,16.0,11.0,1.0,16.0,0.0,1.0,0.0,0.0,0.0,0.0,0.0,0.0,0.0,0.0,"Mar 17, 2016"
1056,2203065.0,7235.0,Babylon,Hashimiya,Hay Al-Sadiq,حي الصادق,32.36472462,44.6502148,10.0,60.0,4.0,0.0,0.0,0.0,0.0,0.0,0.0,0.0,0.0,0.0,0.0,0.0,5.0,0.0,1.0,0.0,0.0,0.0,0.0,0.0,0.0,0.0,0.0,0.0,0.0,0.0,10.0,0.0,0.0,10.0,0.0,0.0,0.0,0.0,0.0,0.0,0.0,0.0,0.0,0.0,5.0,0.0,1.0,5.0,0.0,1.0,4.0,0.0,0.0,4.0,0.0,0.0,0.0,0.0,0.0,0.0,"Mar 17, 2016"
1057,2203066.0,6711.0,Babylon,Hashimiya,Hay al-tahady,ناحية الشوملي-التحدي,32.3252165407,44.9187265393,49.0,294.0,45.0,0.0,0.0,0.0,0.0,0.0,0.0,0.0,0.0,0.0,0.0,0.0,3.0,0.0,1.0,0.0,0.0,0.0,0.0,1.0,0.0,0.0,0.0,0.0,0.0,0.0,48.0,0.0,0.0,48.0,0.0,0.0,0.0,0.0,0.0,0.0,0.0,0.0,0.0,0.0,3.0,0.0,1.0,3.0,30.0,1.0,15.0,30.0,0.0,15.0,0.0,0.0,0.0,0.0,0.0,0.0,"Mar 17, 2016"
1058,2203067.0,6694.0,Babylon,Hashimiya,Hay al-wihdah,الوحدة,32.304598277,44.681314548,18.0,108.0,11.0,0.0,0.0,0.0,0.0,0.0,0.0,0.0,0.0,0.0,0.0,0.0,7.0,0.0,0.0,0.0,0.0,0.0,0.0,5.0,0.0,0.0,0.0,0.0,0.0,0.0,13.0,0.0,0.0,13.0,0.0,0.0,0.0,0.0,0.0,0.0,0.0,0.0,0.0,0.0,6.0,0.0,0.0,6.0,6.0,0.0,6.0,6.0,0.0,6.0,0.0,0.0,0.0,0.0,0.0,0.0,"Mar 17, 2016"
1059,2203068.0,7160.0,Babylon,Hashimiya,Hay Al-Zahraa,مركز القضاء-حي الزهراء,32.36631096,44.65153853,20.0,120.0,3.0,0.0,0.0,0.0,0.0,0.0,0.0,0.0,0.0,0.0,0.0,0.0,16.0,0.0,1.0,0.0,0.0,0.0,0.0,8.0,0.0,0.0,0.0,0.0,0.0,0.0,12.0,0.0,0.0,12.0,0.0,0.0,0.0,0.0,0.0,0.0,0.0,0.0,0.0,0.0,16.0,0.0,1.0,16.0,3.0,1.0,0.0,3.0,0.0,0.0,0.0,0.0,0.0,0.0,0.0,0.0,"Mar 17, 2016"
1060,2203069.0,6663.0,Babylon,Hashimiya,Hay khirbatt,ناحية القاسم-خرباط,32.3004700657,44.6829809723,33.0,198.0,3.0,0.0,2.0,0.0,0.0,0.0,0.0,0.0,0.0,0.0,0.0,0.0,28.0,0.0,0.0,0.0,0.0,0.0,0.0,13.0,0.0,0.0,0.0,0.0,0.0,0.0,20.0,0.0,0.0,20.0,0.0,0.0,0.0,0.0,0.0,0.0,0.0,0.0,0.0,0.0,24.0,0.0,5.0,24.0,4.0,5.0,0.0,4.0,0.0,0.0,0.0,0.0,0.0,0.0,0.0,0.0,"Mar 17, 2016"
1061,2203070.0,7213.0,Babylon,Hashimiya,Hay Um Ayash,ناحية القاسم-ام عياش,32.3001810735,44.6796299037,14.0,84.0,0.0,0.0,0.0,0.0,0.0,0.0,0.0,0.0,0.0,0.0,0.0,0.0,14.0,0.0,0.0,0.0,0.0,0.0,0.0,12.0,0.0,0.0,0.0,0.0,0.0,0.0,2.0,0.0,0.0,2.0,0.0,0.0,0.0,0.0,0.0,0.0,0.0,0.0,0.0,0.0,14.0,0.0,0.0,14.0,0.0,0.0,0.0,0.0,0.0,0.0,0.0,0.0,0.0,0.0,0.0,0.0,"Mar 17, 2016"
1062,2203071.0,6673.0,Babylon,Hashimiya,Khalaf al-imam,خلف الامام,32.2980403024,44.6845001068,50.0,300.0,1.0,0.0,0.0,0.0,0.0,0.0,0.0,0.0,0.0,0.0,0.0,0.0,49.0,0.0,0.0,0.0,0.0,0.0,0.0,46.0,0.0,0.0,0.0,0.0,0.0,0.0,4.0,0.0,0.0,4.0,0.0,0.0,0.0,0.0,0.0,0.0,0.0,0.0,0.0,0.0,36.0,0.0,13.0,36.0,1.0,13.0,0.0,1.0,0.0,0.0,0.0,0.0,0.0,0.0,0.0,0.0,"Mar 17, 2016"
1063,2203073.0,25878.0,Babylon,Hashimiya,Musa Al Kadhum,حي موسى الكاظم,32.2977611544,44.6868427386,11.0,66.0,6.0,0.0,0.0,0.0,0.0,0.0,0.0,0.0,0.0,0.0,0.0,0.0,5.0,0.0,0.0,0.0,0.0,0.0,0.0,0.0,0.0,0.0,0.0,0.0,0.0,0.0,11.0,0.0,0.0,11.0,0.0,0.0,0.0,0.0,0.0,0.0,0.0,0.0,0.0,0.0,5.0,0.0,0.0,5.0,0.0,0.0,6.0,0.0,0.0,6.0,0.0,0.0,0.0,0.0,0.0,0.0,"Mar 17, 2016"
1064,2203074.0,22274.0,Babylon,Hashimiya,Qaryat Al Tiyas,قرية التياس,32.38202081,44.68347101,12.0,72.0,0.0,0.0,0.0,0.0,0.0,0.0,0.0,0.0,0.0,0.0,0.0,0.0,12.0,0.0,0.0,0.0,0.0,0.0,0.0,2.0,0.0,0.0,0.0,0.0,0.0,10.0,0.0,10.0,0.0,0.0,0.0,0.0,0.0,0.0,0.0,0.0,0.0,0.0,0.0,0.0,10.0,0.0,2.0,10.0,0.0,2.0,0.0,0.0,0.0,0.0,0.0,0.0,0.0,0.0,0.0,0.0,"Mar 17, 2016"
1065,2203075.0,6664.0,Babylon,Hashimiya,Hay Al-Shuhadaa,حي الشهداء,32.3280782075,44.9180211936,14.0,84.0,14.0,0.0,0.0,0.0,0.0,0.0,0.0,0.0,0.0,0.0,0.0,0.0,0.0,0.0,0.0,0.0,0.0,0.0,0.0,0.0,0.0,0.0,0.0,0.0,0.0,0.0,14.0,0.0,0.0,14.0,0.0,0.0,0.0,0.0,0.0,0.0,0.0,0.0,0.0,0.0,0.0,0.0,0.0,0.0,0.0,0.0,14.0,0.0,0.0,14.0,0.0,0.0,0.0,0.0,0.0,0.0,"Mar 17, 2016"
1066,2203076.0,27406.0,Babylon,Hashimiya,Hay Al-Hussein-1,حي الحسين-1,32.40009206,44.68209671,17.0,102.0,13.0,0.0,0.0,0.0,0.0,0.0,0.0,0.0,0.0,0.0,0.0,0.0,4.0,0.0,0.0,0.0,0.0,0.0,0.0,0.0,0.0,0.0,0.0,0.0,0.0,0.0,17.0,0.0,0.0,17.0,0.0,0.0,0.0,0.0,0.0,0.0,0.0,0.0,0.0,0.0,4.0,0.0,0.0,4.0,4.0,0.0,9.0,4.0,0.0,9.0,0.0,0.0,0.0,0.0,0.0,0.0,"Mar 17, 2016"
1067,2204002.0,7011.0,Babylon,Hilla,Abi gharaq al-awsatt,ابي غرق الاوسط,32.47751513,44.33383669,21.0,126.0,0.0,0.0,0.0,0.0,0.0,0.0,0.0,0.0,0.0,0.0,0.0,0.0,21.0,0.0,0.0,0.0,0.0,0.0,0.0,0.0,0.0,0.0,0.0,0.0,0.0,11.0,10.0,11.0,0.0,10.0,0.0,0.0,0.0,0.0,0.0,0.0,0.0,0.0,0.0,0.0,21.0,0.0,0.0,21.0,0.0,0.0,0.0,0.0,0.0,0.0,0.0,0.0,0.0,0.0,0.0,0.0,"Mar 17, 2016"
1068,2204003.0,25600.0,Babylon,Hilla,Abi Gharaq-Ahmed Ben Kadhum,قرية احمد بن كاظم,32.5359128876,44.3254008817,8.0,48.0,0.0,0.0,0.0,0.0,0.0,0.0,0.0,0.0,0.0,0.0,0.0,0.0,8.0,0.0,0.0,0.0,0.0,0.0,0.0,6.0,0.0,0.0,0.0,0.0,0.0,0.0,2.0,0.0,0.0,2.0,0.0,0.0,0.0,0.0,0.0,0.0,0.0,0.0,0.0,0.0,8.0,0.0,0.0,8.0,0.0,0.0,0.0,0.0,0.0,0.0,0.0,0.0,0.0,0.0,0.0,0.0,"Mar 17, 2016"
1069,2204005.0,25601.0,Babylon,Hilla,Abi Gharaq-Al Shurta,حي الشرطه,32.52969634,44.35041625,14.0,84.0,6.0,0.0,0.0,0.0,0.0,0.0,0.0,0.0,0.0,0.0,0.0,0.0,8.0,0.0,0.0,0.0,0.0,0.0,0.0,2.0,0.0,0.0,0.0,0.0,0.0,1.0,11.0,1.0,0.0,11.0,0.0,0.0,0.0,0.0,0.0,0.0,0.0,0.0,0.0,0.0,8.0,0.0,0.0,8.0,6.0,0.0,0.0,6.0,0.0,0.0,0.0,0.0,0.0,0.0,0.0,0.0,"Mar 17, 2016"
1070,2204006.0,6824.0,Babylon,Hilla,Abi Gharaq-Albu Hamdan,قرية البو حمدان,32.50885849,44.29494297,8.0,48.0,0.0,0.0,0.0,0.0,0.0,0.0,0.0,0.0,0.0,0.0,0.0,0.0,6.0,0.0,2.0,0.0,0.0,0.0,0.0,2.0,0.0,0.0,0.0,0.0,0.0,4.0,2.0,4.0,0.0,2.0,0.0,0.0,0.0,0.0,0.0,0.0,0.0,0.0,0.0,0.0,8.0,0.0,0.0,8.0,0.0,0.0,0.0,0.0,0.0,0.0,0.0,0.0,0.0,0.0,0.0,0.0,"Mar 17, 2016"
1071,2204007.0,25599.0,Babylon,Hilla,Abi Gharaq-Hay Al Ahrar,حي الاحرار,32.5306336,44.34459799,21.0,126.0,1.0,0.0,0.0,0.0,0.0,0.0,0.0,0.0,0.0,0.0,0.0,0.0,20.0,0.0,0.0,0.0,0.0,0.0,0.0,0.0,0.0,0.0,0.0,0.0,0.0,0.0,20.0,0.0,0.0,20.0,0.0,0.0,0.0,0.0,1.0,0.0,0.0,1.0,0.0,0.0,20.0,0.0,0.0,20.0,1.0,0.0,0.0,1.0,0.0,0.0,0.0,0.0,0.0,0.0,0.0,0.0,"Mar 17, 2016"
1072,2204008.0,25602.0,Babylon,Hilla,Abi Gharaq-Musa Al Kadhum,قرية موسى الكاظم,32.45171897,44.36374012,8.0,48.0,3.0,0.0,0.0,0.0,0.0,0.0,0.0,0.0,0.0,0.0,0.0,0.0,5.0,0.0,0.0,0.0,0.0,0.0,0.0,7.0,0.0,0.0,0.0,0.0,0.0,0.0,1.0,0.0,0.0,1.0,0.0,0.0,0.0,0.0,0.0,0.0,0.0,0.0,0.0,0.0,5.0,0.0,0.0,5.0,0.0,0.0,3.0,0.0,0.0,3.0,0.0,0.0,0.0,0.0,0.0,0.0,"Mar 17, 2016"
1073,2204009.0,25607.0,Babylon,Hilla,Abi Gharaq-Rack Sweelim,راك سويلم,32.45847101,44.35647058,5.0,30.0,0.0,0.0,0.0,0.0,0.0,0.0,0.0,0.0,0.0,0.0,0.0,0.0,5.0,0.0,0.0,0.0,0.0,0.0,0.0,5.0,0.0,0.0,0.0,0.0,0.0,0.0,0.0,0.0,0.0,0.0,0.0,0.0,0.0,0.0,0.0,0.0,0.0,0.0,0.0,0.0,0.0,0.0,5.0,0.0,0.0,5.0,0.0,0.0,0.0,0.0,0.0,0.0,0.0,0.0,0.0,0.0,"Mar 17, 2016"
1074,2204011.0,24459.0,Babylon,Hilla,Abo Hadma,ابو هدمة,32.5178982,44.48329406,17.0,102.0,0.0,0.0,0.0,0.0,0.0,0.0,0.0,0.0,0.0,0.0,0.0,0.0,17.0,0.0,0.0,0.0,0.0,0.0,0.0,0.0,0.0,0.0,0.0,0.0,0.0,17.0,0.0,17.0,0.0,0.0,0.0,0.0,0.0,0.0,0.0,0.0,0.0,0.0,0.0,0.0,0.0,0.0,17.0,0.0,0.0,17.0,0.0,0.0,0.0,0.0,0.0,0.0,0.0,0.0,0.0,0.0,"Mar 17, 2016"
1075,2204013.0,25121.0,Babylon,Hilla,Abo Smeech,ابو سميج,32.25142547,44.43103851,10.0,60.0,0.0,0.0,0.0,0.0,0.0,0.0,0.0,0.0,0.0,0.0,0.0,0.0,10.0,0.0,0.0,0.0,0.0,0.0,0.0,0.0,0.0,0.0,0.0,0.0,0.0,10.0,0.0,10.0,0.0,0.0,0.0,0.0,0.0,0.0,0.0,0.0,0.0,0.0,0.0,0.0,10.0,0.0,0.0,10.0,0.0,0.0,0.0,0.0,0.0,0.0,0.0,0.0,0.0,0.0,0.0,0.0,"Mar 17, 2016"
1076,2204015.0,24274.0,Babylon,Hilla,Abu Khastawi,أبو خستاوي,32.5106018303,44.4050264502,50.0,300.0,4.0,0.0,0.0,0.0,0.0,0.0,0.0,0.0,0.0,0.0,0.0,0.0,46.0,0.0,0.0,0.0,0.0,0.0,0.0,0.0,0.0,0.0,0.0,0.0,0.0,9.0,39.0,9.0,0.0,39.0,0.0,0.0,0.0,0.0,2.0,0.0,0.0,2.0,0.0,0.0,43.0,0.0,3.0,43.0,4.0,3.0,0.0,4.0,0.0,0.0,0.0,0.0,0.0,0.0,0.0,0.0,"Mar 17, 2016"
1077,2204016.0,25877.0,Babylon,Hilla,Al Abodiya,العبوديه,32.4890389962,44.4551389487,49.0,294.0,18.0,0.0,1.0,0.0,0.0,1.0,0.0,0.0,0.0,0.0,0.0,0.0,29.0,0.0,0.0,0.0,0.0,0.0,0.0,5.0,0.0,0.0,0.0,0.0,0.0,15.0,29.0,15.0,0.0,29.0,0.0,0.0,0.0,0.0,0.0,0.0,0.0,0.0,0.0,0.0,28.0,0.0,4.0,28.0,6.0,4.0,11.0,6.0,0.0,11.0,0.0,0.0,0.0,0.0,0.0,0.0,"Mar 17, 2016"
1078,2204017.0,24788.0,Babylon,Hilla,Al adel,العدل,32.4529580635,44.3948434299,26.0,156.0,10.0,0.0,0.0,0.0,0.0,0.0,0.0,0.0,0.0,0.0,0.0,0.0,11.0,0.0,5.0,0.0,0.0,0.0,0.0,0.0,0.0,0.0,0.0,0.0,0.0,0.0,26.0,0.0,0.0,26.0,0.0,0.0,0.0,0.0,0.0,0.0,0.0,0.0,0.0,0.0,11.0,0.0,5.0,11.0,0.0,5.0,10.0,0.0,0.0,10.0,0.0,0.0,0.0,0.0,0.0,0.0,"Mar 17, 2016"
1079,2204018.0,24161.0,Babylon,Hilla,Al Akrameen,الاكرمين,32.4657720653,44.4034723447,56.0,336.0,23.0,2.0,0.0,0.0,0.0,0.0,0.0,0.0,0.0,0.0,0.0,0.0,20.0,0.0,11.0,0.0,0.0,0.0,0.0,0.0,0.0,0.0,0.0,0.0,0.0,0.0,56.0,0.0,0.0,56.0,0.0,0.0,0.0,0.0,0.0,0.0,0.0,0.0,0.0,0.0,31.0,0.0,2.0,31.0,2.0,2.0,21.0,2.0,0.0,21.0,0.0,0.0,0.0,0.0,0.0,0.0,"Mar 17, 2016"
1080,2204020.0,25876.0,Babylon,Hilla,Al Bakraly-1,البكرلي-1,32.49665096,44.4462955,50.0,300.0,24.0,0.0,0.0,0.0,0.0,1.0,0.0,0.0,0.0,0.0,0.0,0.0,25.0,0.0,0.0,0.0,0.0,0.0,0.0,0.0,0.0,0.0,0.0,0.0,0.0,0.0,50.0,0.0,0.0,50.0,0.0,0.0,0.0,0.0,0.0,0.0,0.0,0.0,0.0,0.0,26.0,0.0,0.0,26.0,23.0,0.0,1.0,23.0,0.0,1.0,0.0,0.0,0.0,0.0,0.0,0.0,"Mar 17, 2016"
1081,2204021.0,25875.0,Babylon,Hilla,Al Bakraly-3,البكرلي-3,32.4931284263,44.4609244998,108.0,648.0,45.0,0.0,0.0,0.0,0.0,0.0,0.0,0.0,2.0,0.0,0.0,0.0,59.0,0.0,2.0,0.0,0.0,0.0,0.0,0.0,0.0,0.0,0.0,0.0,0.0,0.0,108.0,0.0,0.0,108.0,0.0,0.0,0.0,0.0,0.0,0.0,0.0,0.0,0.0,0.0,41.0,0.0,20.0,41.0,37.0,20.0,10.0,37.0,0.0,10.0,0.0,0.0,0.0,0.0,0.0,0.0,"Mar 17, 2016"
1082,2204022.0,22607.0,Babylon,Hilla,Al Baqer,قرية الباقر,32.5240689389,44.3682636498,52.0,312.0,0.0,0.0,0.0,0.0,0.0,0.0,0.0,0.0,0.0,0.0,0.0,0.0,52.0,0.0,0.0,0.0,0.0,0.0,0.0,0.0,0.0,0.0,0.0,0.0,0.0,11.0,0.0,11.0,0.0,0.0,0.0,0.0,0.0,0.0,41.0,0.0,0.0,41.0,0.0,0.0,52.0,0.0,0.0,52.0,0.0,0.0,0.0,0.0,0.0,0.0,0.0,0.0,0.0,0.0,0.0,0.0,"Mar 17, 2016"
1083,2204023.0,24458.0,Babylon,Hilla,Al Daghaghla-Abu Gharaq,ناحية ابي غرق-الدغاغله,32.4872493534,44.319199212,5.0,30.0,0.0,0.0,0.0,0.0,0.0,0.0,0.0,0.0,0.0,0.0,0.0,0.0,5.0,0.0,0.0,0.0,0.0,0.0,0.0,0.0,0.0,0.0,0.0,0.0,0.0,0.0,5.0,0.0,0.0,5.0,0.0,0.0,0.0,0.0,0.0,0.0,0.0,0.0,0.0,0.0,0.0,0.0,5.0,0.0,0.0,5.0,0.0,0.0,0.0,0.0,0.0,0.0,0.0,0.0,0.0,0.0,"Mar 17, 2016"
1084,2204024.0,24973.0,Babylon,Hilla,Al Dola,الدوله,32.21120043,44.39480186,15.0,90.0,0.0,0.0,0.0,0.0,0.0,0.0,0.0,0.0,0.0,0.0,0.0,0.0,15.0,0.0,0.0,0.0,0.0,0.0,0.0,3.0,0.0,0.0,0.0,0.0,0.0,12.0,0.0,12.0,0.0,0.0,0.0,0.0,0.0,0.0,0.0,0.0,0.0,0.0,0.0,0.0,3.0,0.0,12.0,3.0,0.0,12.0,0.0,0.0,0.0,0.0,0.0,0.0,0.0,0.0,0.0,0.0,"Mar 17, 2016"
1085,2204025.0,24647.0,Babylon,Hilla,Al Dolab villge,قرية الدولاب,32.44367301,44.46436416,61.0,366.0,19.0,0.0,0.0,0.0,0.0,0.0,0.0,0.0,0.0,0.0,0.0,0.0,42.0,0.0,0.0,0.0,0.0,0.0,0.0,42.0,0.0,0.0,0.0,0.0,0.0,0.0,19.0,0.0,0.0,19.0,0.0,0.0,0.0,0.0,0.0,0.0,0.0,0.0,0.0,0.0,42.0,0.0,0.0,42.0,14.0,0.0,5.0,14.0,0.0,5.0,0.0,0.0,0.0,0.0,0.0,0.0,"Mar 17, 2016"
1086,2204026.0,24689.0,Babylon,Hilla,Al Ghales,الغليس,32.44214898,44.44841277,31.0,186.0,5.0,0.0,0.0,0.0,0.0,0.0,0.0,0.0,0.0,0.0,0.0,0.0,26.0,0.0,0.0,0.0,0.0,0.0,0.0,17.0,0.0,0.0,0.0,0.0,0.0,6.0,3.0,6.0,0.0,3.0,0.0,0.0,0.0,0.0,5.0,0.0,0.0,5.0,0.0,0.0,20.0,0.0,6.0,20.0,5.0,6.0,0.0,5.0,0.0,0.0,0.0,0.0,0.0,0.0,0.0,0.0,"Mar 17, 2016"
1087,2204027.0,21616.0,Babylon,Hilla,Al Hamam,ناحية ابي غرق-الحمام,32.5392026304,44.3278692207,22.0,132.0,5.0,4.0,0.0,0.0,0.0,0.0,0.0,0.0,0.0,0.0,0.0,0.0,13.0,0.0,0.0,0.0,0.0,0.0,0.0,0.0,0.0,0.0,0.0,0.0,0.0,0.0,22.0,0.0,0.0,22.0,0.0,0.0,0.0,0.0,0.0,0.0,0.0,0.0,0.0,0.0,16.0,0.0,1.0,16.0,2.0,1.0,3.0,2.0,0.0,3.0,0.0,0.0,0.0,0.0,0.0,0.0,"Mar 17, 2016"
1088,2204028.0,22136.0,Babylon,Hilla,Al Hay Al Askary-Street 80,العسكري-80,32.44409911,44.3952592192,82.0,492.0,53.0,0.0,0.0,0.0,0.0,0.0,0.0,0.0,0.0,0.0,0.0,0.0,27.0,0.0,2.0,0.0,0.0,0.0,0.0,59.0,0.0,0.0,0.0,0.0,0.0,0.0,23.0,0.0,0.0,23.0,0.0,0.0,0.0,0.0,0.0,0.0,0.0,0.0,0.0,0.0,15.0,0.0,14.0,15.0,39.0,14.0,14.0,39.0,0.0,14.0,0.0,0.0,0.0,0.0,0.0,0.0,"Mar 17, 2016"
1089,2204029.0,23948.0,Babylon,Hilla,Al Hukam Al Rafdeen,الحكام والرافدين,32.4941013472,44.4292056611,22.0,132.0,12.0,0.0,0.0,0.0,0.0,0.0,0.0,0.0,0.0,0.0,0.0,0.0,10.0,0.0,0.0,0.0,0.0,0.0,0.0,4.0,0.0,0.0,0.0,0.0,0.0,0.0,18.0,0.0,0.0,18.0,0.0,0.0,0.0,0.0,0.0,0.0,0.0,0.0,4.0,0.0,9.0,4.0,5.0,9.0,3.0,5.0,1.0,3.0,0.0,1.0,0.0,0.0,0.0,0.0,0.0,0.0,"Mar 17, 2016"
1090,2204030.0,24603.0,Babylon,Hilla,Al Humasanya Al kafal area,ناحية الكفل-الهميسانية,32.4236,44.41107,1.0,6.0,0.0,0.0,0.0,0.0,0.0,0.0,0.0,0.0,0.0,0.0,0.0,0.0,1.0,0.0,0.0,0.0,0.0,0.0,0.0,1.0,0.0,0.0,0.0,0.0,0.0,0.0,0.0,0.0,0.0,0.0,0.0,0.0,0.0,0.0,0.0,0.0,0.0,0.0,0.0,0.0,1.0,0.0,0.0,1.0,0.0,0.0,0.0,0.0,0.0,0.0,0.0,0.0,0.0,0.0,0.0,0.0,"Mar 17, 2016"
1091,2204031.0,21666.0,Babylon,Hilla,Al Ibrahimiyah-Al Mashtah,الابراهيمية والماشطة,32.4742305034,44.4353908485,15.0,90.0,6.0,0.0,0.0,0.0,0.0,0.0,0.0,0.0,0.0,0.0,0.0,0.0,9.0,0.0,0.0,0.0,0.0,0.0,0.0,0.0,0.0,0.0,0.0,0.0,0.0,0.0,15.0,0.0,0.0,15.0,0.0,0.0,0.0,0.0,0.0,0.0,0.0,0.0,0.0,0.0,9.0,0.0,0.0,9.0,6.0,0.0,0.0,6.0,0.0,0.0,0.0,0.0,0.0,0.0,0.0,0.0,"Mar 17, 2016"
1092,2204032.0,25122.0,Babylon,Hilla,Al Imam Zaid,الامام زيد,32.21551178,44.44305288,13.0,78.0,1.0,0.0,0.0,0.0,0.0,0.0,0.0,0.0,0.0,0.0,0.0,0.0,12.0,0.0,0.0,0.0,0.0,0.0,0.0,1.0,0.0,0.0,0.0,0.0,0.0,12.0,0.0,12.0,0.0,0.0,0.0,0.0,0.0,0.0,0.0,0.0,0.0,0.0,0.0,0.0,0.0,0.0,12.0,0.0,0.0,12.0,1.0,0.0,0.0,1.0,0.0,0.0,0.0,0.0,0.0,0.0,"Mar 17, 2016"
1093,2204033.0,23954.0,Babylon,Hilla,Al Iskan,الاسكان,32.4670318724,44.42438,13.0,78.0,10.0,0.0,0.0,0.0,0.0,0.0,0.0,0.0,0.0,0.0,0.0,0.0,1.0,0.0,2.0,0.0,0.0,0.0,0.0,0.0,0.0,0.0,0.0,0.0,0.0,0.0,13.0,0.0,0.0,13.0,0.0,0.0,0.0,0.0,0.0,0.0,0.0,0.0,0.0,0.0,1.0,0.0,1.0,1.0,6.0,1.0,5.0,6.0,0.0,5.0,0.0,0.0,0.0,0.0,0.0,0.0,"Mar 17, 2016"
1094,2204035.0,21678.0,Babylon,Hilla,Al Jamieen,حي الجامعين,32.47390851,44.43787051,42.0,252.0,1.0,0.0,0.0,0.0,0.0,0.0,0.0,0.0,0.0,0.0,0.0,0.0,41.0,0.0,0.0,0.0,0.0,0.0,0.0,0.0,0.0,0.0,0.0,0.0,0.0,0.0,28.0,0.0,0.0,28.0,0.0,0.0,0.0,0.0,14.0,0.0,0.0,14.0,0.0,0.0,41.0,0.0,0.0,41.0,1.0,0.0,0.0,1.0,0.0,0.0,0.0,0.0,0.0,0.0,0.0,0.0,"Mar 17, 2016"
1095,2204036.0,24273.0,Babylon,Hilla,Al Jamjamah,الجمجمة,32.5205894699,44.4270830701,41.0,246.0,18.0,0.0,0.0,0.0,0.0,1.0,0.0,0.0,0.0,0.0,0.0,0.0,21.0,0.0,1.0,0.0,0.0,0.0,0.0,18.0,0.0,0.0,0.0,0.0,0.0,0.0,23.0,0.0,0.0,23.0,0.0,0.0,0.0,0.0,0.0,0.0,0.0,0.0,0.0,0.0,24.0,0.0,0.0,24.0,8.0,0.0,9.0,8.0,0.0,9.0,0.0,0.0,0.0,0.0,0.0,0.0,"Mar 17, 2016"
1096,2204037.0,24162.0,Babylon,Hilla,Al jazaer,الجزائر,32.51517924,44.44281718,31.0,186.0,26.0,0.0,0.0,0.0,0.0,0.0,0.0,0.0,0.0,0.0,0.0,0.0,5.0,0.0,0.0,0.0,0.0,0.0,0.0,0.0,0.0,0.0,0.0,0.0,0.0,0.0,31.0,0.0,0.0,31.0,0.0,0.0,0.0,0.0,0.0,0.0,0.0,0.0,0.0,0.0,5.0,0.0,0.0,5.0,25.0,0.0,1.0,25.0,0.0,1.0,0.0,0.0,0.0,0.0,0.0,0.0,"Mar 17, 2016"
1097,2204038.0,23956.0,Babylon,Hilla,Al Jazrah-Siha,الجزره والصحة,32.5097135129,44.43071,148.0,888.0,20.0,0.0,0.0,0.0,0.0,0.0,0.0,0.0,0.0,0.0,0.0,0.0,128.0,0.0,0.0,0.0,0.0,0.0,0.0,33.0,95.0,0.0,0.0,0.0,0.0,0.0,20.0,0.0,0.0,20.0,0.0,0.0,0.0,0.0,0.0,0.0,0.0,0.0,0.0,0.0,128.0,0.0,0.0,128.0,12.0,0.0,8.0,12.0,0.0,8.0,0.0,0.0,0.0,0.0,0.0,0.0,"Mar 17, 2016"
1098,2204039.0,24295.0,Babylon,Hilla,Al Kafal Area-Al Shahbiyah,ناحية الكفل-الشهابية,32.1928193378,44.3717819095,24.0,144.0,0.0,0.0,0.0,0.0,0.0,0.0,0.0,0.0,0.0,0.0,0.0,0.0,24.0,0.0,0.0,0.0,0.0,0.0,0.0,4.0,0.0,0.0,0.0,0.0,0.0,20.0,0.0,20.0,0.0,0.0,0.0,0.0,0.0,0.0,0.0,0.0,0.0,0.0,0.0,0.0,24.0,0.0,0.0,24.0,0.0,0.0,0.0,0.0,0.0,0.0,0.0,0.0,0.0,0.0,0.0,0.0,"Mar 17, 2016"
1099,2204040.0,24563.0,Babylon,Hilla,Al Kafal-Khan Sayed Nour,ناحية الكفل-خان سيد نور,32.2257043104,44.357926707,30.0,180.0,1.0,0.0,0.0,0.0,0.0,0.0,0.0,0.0,0.0,0.0,0.0,0.0,29.0,0.0,0.0,0.0,0.0,0.0,0.0,0.0,0.0,0.0,0.0,0.0,0.0,25.0,5.0,25.0,0.0,5.0,0.0,0.0,0.0,0.0,0.0,0.0,0.0,0.0,0.0,0.0,18.0,0.0,11.0,18.0,1.0,11.0,0.0,1.0,0.0,0.0,0.0,0.0,0.0,0.0,0.0,0.0,"Mar 17, 2016"
1100,2204041.0,24564.0,Babylon,Hilla,Al Kifil-Barthawil,ناحية الكفل-برذويل,32.22379763,44.34492619,24.0,144.0,1.0,0.0,0.0,0.0,0.0,0.0,0.0,0.0,0.0,0.0,0.0,0.0,23.0,0.0,0.0,0.0,0.0,0.0,0.0,7.0,0.0,0.0,0.0,0.0,0.0,17.0,0.0,17.0,0.0,0.0,0.0,0.0,0.0,0.0,0.0,0.0,0.0,0.0,0.0,0.0,23.0,0.0,0.0,23.0,0.0,0.0,1.0,0.0,0.0,1.0,0.0,0.0,0.0,0.0,0.0,0.0,"Mar 17, 2016"
1101,2204042.0,24562.0,Babylon,Hilla,Al Kafel-7 Nissan,ناحية الكفل-7 نيسان,32.2190184936,44.368759909,16.0,96.0,8.0,0.0,0.0,0.0,0.0,0.0,0.0,0.0,0.0,0.0,0.0,0.0,8.0,0.0,0.0,0.0,0.0,0.0,0.0,0.0,0.0,0.0,0.0,0.0,0.0,0.0,11.0,0.0,0.0,11.0,0.0,0.0,0.0,0.0,5.0,0.0,0.0,5.0,0.0,0.0,8.0,0.0,0.0,8.0,8.0,0.0,0.0,8.0,0.0,0.0,0.0,0.0,0.0,0.0,0.0,0.0,"Mar 17, 2016"
1102,2204043.0,24561.0,Babylon,Hilla,Al Kefel-Al Qasaba Al Qadima,ناحية الكفل-القصبة القديمة,32.2262226835,44.3691014255,35.0,210.0,0.0,0.0,0.0,0.0,0.0,0.0,0.0,0.0,0.0,0.0,0.0,0.0,35.0,0.0,0.0,0.0,0.0,0.0,0.0,0.0,0.0,0.0,0.0,0.0,0.0,0.0,35.0,0.0,0.0,35.0,0.0,0.0,0.0,0.0,0.0,0.0,0.0,0.0,0.0,0.0,5.0,0.0,30.0,5.0,0.0,30.0,0.0,0.0,0.0,0.0,0.0,0.0,0.0,0.0,0.0,0.0,"Mar 17, 2016"
1103,2204044.0,25605.0,Babylon,Hilla,Al Kifil-Al Emam Al Khidhir,الكفل-الامام الخضر,32.30499673,44.45540043,14.0,84.0,0.0,0.0,0.0,0.0,0.0,0.0,0.0,0.0,0.0,0.0,0.0,0.0,14.0,0.0,0.0,0.0,0.0,0.0,0.0,14.0,0.0,0.0,0.0,0.0,0.0,0.0,0.0,0.0,0.0,0.0,0.0,0.0,0.0,0.0,0.0,0.0,0.0,0.0,0.0,0.0,14.0,0.0,0.0,14.0,0.0,0.0,0.0,0.0,0.0,0.0,0.0,0.0,0.0,0.0,0.0,0.0,"Mar 17, 2016"
1104,2204045.0,25603.0,Babylon,Hilla,Al Kifil-Al Meghadhbia,ناحية الكفل-المغضبيه,32.2333950831,44.388280412,11.0,66.0,1.0,0.0,0.0,0.0,0.0,0.0,0.0,0.0,0.0,0.0,0.0,0.0,10.0,0.0,0.0,0.0,0.0,0.0,0.0,11.0,0.0,0.0,0.0,0.0,0.0,0.0,0.0,0.0,0.0,0.0,0.0,0.0,0.0,0.0,0.0,0.0,0.0,0.0,0.0,0.0,10.0,0.0,0.0,10.0,1.0,0.0,0.0,1.0,0.0,0.0,0.0,0.0,0.0,0.0,0.0,0.0,"Mar 17, 2016"
1105,2204046.0,24978.0,Babylon,Hilla,Al Kifil-Hay Al Zahraa,الكفل-حي الزهراء,32.2255905079,44.3717539962,46.0,276.0,1.0,0.0,0.0,0.0,0.0,0.0,0.0,0.0,0.0,0.0,0.0,0.0,45.0,0.0,0.0,0.0,0.0,0.0,0.0,0.0,0.0,0.0,0.0,0.0,0.0,0.0,46.0,0.0,0.0,46.0,0.0,0.0,0.0,0.0,0.0,0.0,0.0,0.0,0.0,0.0,45.0,0.0,0.0,45.0,1.0,0.0,0.0,1.0,0.0,0.0,0.0,0.0,0.0,0.0,0.0,0.0,"Mar 17, 2016"
1106,2204048.0,25123.0,Babylon,Hilla,Al Maamra,المعامره,32.24013769,44.36547652,9.0,54.0,0.0,0.0,0.0,0.0,0.0,0.0,0.0,0.0,0.0,0.0,0.0,0.0,9.0,0.0,0.0,0.0,0.0,0.0,0.0,5.0,0.0,0.0,0.0,0.0,0.0,4.0,0.0,4.0,0.0,0.0,0.0,0.0,0.0,0.0,0.0,0.0,0.0,0.0,0.0,0.0,5.0,0.0,4.0,5.0,0.0,4.0,0.0,0.0,0.0,0.0,0.0,0.0,0.0,0.0,0.0,0.0,"Mar 17, 2016"
1107,2204049.0,24971.0,Babylon,Hilla,Al Marana,المرانة,32.5115148147,44.4292336197,20.0,120.0,0.0,0.0,0.0,0.0,0.0,0.0,0.0,0.0,0.0,0.0,0.0,0.0,20.0,0.0,0.0,0.0,0.0,0.0,0.0,0.0,0.0,0.0,0.0,0.0,0.0,5.0,15.0,5.0,0.0,15.0,0.0,0.0,0.0,0.0,0.0,0.0,0.0,0.0,0.0,0.0,15.0,0.0,5.0,15.0,0.0,5.0,0.0,0.0,0.0,0.0,0.0,0.0,0.0,0.0,0.0,0.0,"Mar 17, 2016"
1108,2204050.0,24972.0,Babylon,Hilla,Al Meleweia,المليوية,32.24801907,44.35021928,4.0,24.0,0.0,0.0,0.0,0.0,0.0,0.0,0.0,0.0,0.0,0.0,0.0,0.0,4.0,0.0,0.0,0.0,0.0,0.0,0.0,0.0,0.0,0.0,0.0,0.0,0.0,4.0,0.0,4.0,0.0,0.0,0.0,0.0,0.0,0.0,0.0,0.0,0.0,0.0,0.0,0.0,4.0,0.0,0.0,4.0,0.0,0.0,0.0,0.0,0.0,0.0,0.0,0.0,0.0,0.0,0.0,0.0,"Mar 17, 2016"
1109,2204051.0,23953.0,Babylon,Hilla,Al Mualmeen,حي المعلمين,32.46726438,44.400636,20.0,120.0,5.0,0.0,0.0,0.0,0.0,1.0,0.0,0.0,0.0,0.0,0.0,0.0,14.0,0.0,0.0,0.0,0.0,0.0,0.0,0.0,0.0,0.0,0.0,0.0,0.0,0.0,20.0,0.0,0.0,20.0,0.0,0.0,0.0,0.0,0.0,0.0,0.0,0.0,0.0,0.0,14.0,0.0,1.0,14.0,1.0,1.0,4.0,1.0,0.0,4.0,0.0,0.0,0.0,0.0,0.0,0.0,"Mar 17, 2016"
1110,2204052.0,24772.0,Babylon,Hilla,Al Mulhaq,الملحق,32.22323537,44.36573175,30.0,180.0,3.0,0.0,0.0,0.0,0.0,0.0,0.0,0.0,0.0,0.0,0.0,0.0,27.0,0.0,0.0,0.0,0.0,0.0,0.0,10.0,0.0,0.0,0.0,0.0,0.0,3.0,17.0,3.0,0.0,17.0,0.0,0.0,0.0,0.0,0.0,0.0,0.0,0.0,0.0,0.0,27.0,0.0,0.0,27.0,3.0,0.0,0.0,3.0,0.0,0.0,0.0,0.0,0.0,0.0,0.0,0.0,"Mar 17, 2016"
1111,2204053.0,23952.0,Babylon,Hilla,Al Murtada 2,المرتضى 2,32.46871856,44.41550345,4.0,24.0,0.0,0.0,0.0,0.0,0.0,0.0,0.0,0.0,0.0,0.0,0.0,0.0,0.0,0.0,4.0,0.0,0.0,0.0,0.0,0.0,0.0,0.0,0.0,0.0,0.0,0.0,4.0,0.0,0.0,4.0,0.0,0.0,0.0,0.0,0.0,0.0,0.0,0.0,0.0,0.0,4.0,0.0,0.0,4.0,0.0,0.0,0.0,0.0,0.0,0.0,0.0,0.0,0.0,0.0,0.0,0.0,"Mar 17, 2016"
1112,2204054.0,24695.0,Babylon,Hilla,Al Nakhilah Al Sharqiyah,النخيلة الشرقية,32.42170736,44.48999237,40.0,240.0,0.0,0.0,0.0,0.0,0.0,0.0,0.0,0.0,0.0,0.0,0.0,0.0,40.0,0.0,0.0,0.0,0.0,0.0,0.0,31.0,0.0,0.0,0.0,0.0,0.0,0.0,0.0,0.0,0.0,0.0,0.0,0.0,0.0,0.0,9.0,0.0,0.0,9.0,0.0,0.0,40.0,0.0,0.0,40.0,0.0,0.0,0.0,0.0,0.0,0.0,0.0,0.0,0.0,0.0,0.0,0.0,"Mar 17, 2016"
1113,2204055.0,24974.0,Babylon,Hilla,Al Neaamya,النعيمية,32.27751263,44.34771796,10.0,60.0,0.0,0.0,0.0,0.0,0.0,0.0,0.0,0.0,0.0,0.0,0.0,0.0,10.0,0.0,0.0,0.0,0.0,0.0,0.0,0.0,0.0,0.0,0.0,0.0,0.0,10.0,0.0,10.0,0.0,0.0,0.0,0.0,0.0,0.0,0.0,0.0,0.0,0.0,0.0,0.0,10.0,0.0,0.0,10.0,0.0,0.0,0.0,0.0,0.0,0.0,0.0,0.0,0.0,0.0,0.0,0.0,"Mar 17, 2016"
1114,2204056.0,25124.0,Babylon,Hilla,Al Neshaish,النشيش,32.4659184499,44.5003517823,22.0,132.0,0.0,0.0,21.0,0.0,0.0,0.0,0.0,0.0,0.0,0.0,0.0,0.0,1.0,0.0,0.0,0.0,0.0,0.0,0.0,21.0,0.0,0.0,0.0,0.0,0.0,0.0,1.0,0.0,0.0,1.0,0.0,0.0,0.0,0.0,0.0,0.0,0.0,0.0,0.0,0.0,1.0,0.0,21.0,1.0,0.0,21.0,0.0,0.0,0.0,0.0,0.0,0.0,0.0,0.0,0.0,0.0,"Mar 17, 2016"
1115,2204057.0,24671.0,Babylon,Hilla,Al Oufy village,ناحية ابي غرق-قرية عوفي,32.43218834,44.31959566,18.0,108.0,0.0,0.0,0.0,0.0,0.0,0.0,0.0,0.0,0.0,0.0,0.0,0.0,18.0,0.0,0.0,0.0,0.0,0.0,0.0,16.0,0.0,0.0,0.0,0.0,0.0,2.0,0.0,2.0,0.0,0.0,0.0,0.0,0.0,0.0,0.0,0.0,0.0,0.0,0.0,0.0,18.0,0.0,0.0,18.0,0.0,0.0,0.0,0.0,0.0,0.0,0.0,0.0,0.0,0.0,0.0,0.0,"Mar 17, 2016"
1116,2204058.0,24696.0,Babylon,Hilla,Al Rashediyah,الرشيدية,32.41898973,44.47220807,8.0,48.0,0.0,0.0,0.0,0.0,0.0,0.0,0.0,0.0,0.0,0.0,0.0,0.0,8.0,0.0,0.0,0.0,0.0,0.0,0.0,0.0,0.0,0.0,0.0,0.0,0.0,8.0,0.0,8.0,0.0,0.0,0.0,0.0,0.0,0.0,0.0,0.0,0.0,0.0,0.0,0.0,8.0,0.0,0.0,8.0,0.0,0.0,0.0,0.0,0.0,0.0,0.0,0.0,0.0,0.0,0.0,0.0,"Mar 17, 2016"
1117,2204059.0,25450.0,Babylon,Hilla,Al Sajad Alshimaly,السجاد الشمالي,32.4417722337,44.42320948,9.0,54.0,2.0,0.0,0.0,0.0,0.0,0.0,0.0,0.0,0.0,0.0,0.0,0.0,7.0,0.0,0.0,0.0,0.0,0.0,0.0,0.0,0.0,0.0,0.0,0.0,0.0,0.0,5.0,0.0,0.0,5.0,0.0,0.0,0.0,0.0,4.0,0.0,0.0,4.0,0.0,0.0,0.0,0.0,7.0,0.0,0.0,7.0,2.0,0.0,0.0,2.0,0.0,0.0,0.0,0.0,0.0,0.0,"Mar 17, 2016"
1118,2204060.0,24693.0,Babylon,Hilla,Al Sayih,ناحية ابي غرق-السايح,32.55264949,44.39519615,23.0,138.0,0.0,0.0,0.0,0.0,0.0,0.0,0.0,0.0,0.0,0.0,0.0,0.0,23.0,0.0,0.0,0.0,0.0,0.0,0.0,0.0,0.0,0.0,0.0,0.0,0.0,0.0,0.0,0.0,0.0,0.0,0.0,0.0,0.0,0.0,23.0,0.0,0.0,23.0,0.0,0.0,23.0,0.0,0.0,23.0,0.0,0.0,0.0,0.0,0.0,0.0,0.0,0.0,0.0,0.0,0.0,0.0,"Mar 17, 2016"
1119,2204061.0,24593.0,Babylon,Hilla,Al Shuhadaa,حي الشهداء,32.4713816985,44.4067799825,187.0,1122.0,85.0,0.0,0.0,0.0,0.0,1.0,0.0,0.0,1.0,0.0,0.0,0.0,90.0,0.0,10.0,0.0,0.0,0.0,0.0,4.0,0.0,0.0,0.0,0.0,0.0,0.0,183.0,0.0,0.0,183.0,0.0,0.0,0.0,0.0,0.0,0.0,0.0,0.0,0.0,0.0,82.0,0.0,20.0,82.0,67.0,20.0,18.0,67.0,0.0,18.0,0.0,0.0,0.0,0.0,0.0,0.0,"Mar 17, 2016"
1120,2204062.0,25451.0,Babylon,Hilla,Al Taaes,التعيس,32.48476031,44.43445682,14.0,84.0,3.0,0.0,0.0,0.0,0.0,0.0,0.0,0.0,0.0,0.0,0.0,0.0,11.0,0.0,0.0,0.0,0.0,0.0,0.0,0.0,0.0,0.0,0.0,0.0,0.0,0.0,14.0,0.0,0.0,14.0,0.0,0.0,0.0,0.0,0.0,0.0,0.0,0.0,0.0,0.0,11.0,0.0,3.0,11.0,0.0,3.0,0.0,0.0,0.0,0.0,0.0,0.0,0.0,0.0,0.0,0.0,"Mar 17, 2016"
1121,2204063.0,24456.0,Babylon,Hilla,Al Taqa-Abu Gharaq,ناحية ابي غرق-الطاقة,32.54054808,44.30638528,35.0,210.0,0.0,0.0,0.0,0.0,0.0,0.0,0.0,0.0,0.0,0.0,0.0,0.0,35.0,0.0,0.0,0.0,0.0,0.0,0.0,0.0,0.0,0.0,0.0,0.0,0.0,35.0,0.0,35.0,0.0,0.0,0.0,0.0,0.0,0.0,0.0,0.0,0.0,0.0,0.0,0.0,0.0,0.0,35.0,0.0,0.0,35.0,0.0,0.0,0.0,0.0,0.0,0.0,0.0,0.0,0.0,0.0,"Mar 17, 2016"
1122,2204064.0,23947.0,Babylon,Hilla,Al Thawra Al Gharbiya,مركز المدينة-الثورة الغربية,32.50530821,44.41711038,15.0,90.0,2.0,0.0,0.0,0.0,0.0,0.0,0.0,0.0,2.0,0.0,0.0,0.0,11.0,0.0,0.0,0.0,0.0,0.0,0.0,0.0,0.0,0.0,0.0,0.0,0.0,0.0,15.0,0.0,0.0,15.0,0.0,0.0,0.0,0.0,0.0,0.0,0.0,0.0,0.0,0.0,11.0,0.0,1.0,11.0,2.0,1.0,1.0,2.0,0.0,1.0,0.0,0.0,0.0,0.0,0.0,0.0,"Mar 17, 2016"
1123,2204065.0,24167.0,Babylon,Hilla,Al Tuhmazya,الطهمازيه,32.4658402914,44.40156,97.0,582.0,1.0,0.0,0.0,0.0,0.0,0.0,0.0,0.0,0.0,0.0,0.0,0.0,96.0,0.0,0.0,0.0,0.0,0.0,0.0,0.0,0.0,64.0,0.0,0.0,64.0,0.0,30.0,0.0,0.0,30.0,0.0,0.0,0.0,0.0,3.0,0.0,0.0,3.0,0.0,0.0,92.0,0.0,4.0,92.0,0.0,4.0,1.0,0.0,0.0,1.0,0.0,0.0,0.0,0.0,0.0,0.0,"Mar 17, 2016"
1124,2204067.0,25447.0,Babylon,Hilla,Al Wardiyah-Dakhel,الوردية-داخل,32.4798856988,44.440711175,31.0,186.0,13.0,0.0,0.0,0.0,0.0,0.0,0.0,0.0,0.0,0.0,0.0,0.0,18.0,0.0,0.0,0.0,0.0,0.0,0.0,0.0,0.0,0.0,0.0,0.0,0.0,0.0,31.0,0.0,0.0,31.0,0.0,0.0,0.0,0.0,0.0,0.0,0.0,0.0,0.0,0.0,17.0,0.0,0.0,17.0,14.0,0.0,0.0,14.0,0.0,0.0,0.0,0.0,0.0,0.0,0.0,0.0,"Mar 17, 2016"
1125,2204068.0,25446.0,Babylon,Hilla,Al Wardiyah-Kharj,الوردية-خارج,32.52555935,44.4773787,18.0,108.0,8.0,0.0,0.0,0.0,0.0,0.0,0.0,0.0,0.0,0.0,0.0,0.0,10.0,0.0,0.0,0.0,0.0,0.0,0.0,1.0,0.0,0.0,0.0,0.0,0.0,0.0,17.0,0.0,0.0,17.0,0.0,0.0,0.0,0.0,0.0,0.0,0.0,0.0,0.0,0.0,10.0,0.0,0.0,10.0,8.0,0.0,0.0,8.0,0.0,0.0,0.0,0.0,0.0,0.0,0.0,0.0,"Mar 17, 2016"
1126,2204069.0,24455.0,Babylon,Hilla,Al Yousfya-Abu Gharaq,ناحية ابي غرق-اليوسفيه,32.50725143,44.31454095,7.0,42.0,0.0,0.0,0.0,0.0,0.0,0.0,0.0,0.0,0.0,0.0,0.0,0.0,7.0,0.0,0.0,0.0,0.0,0.0,0.0,0.0,0.0,0.0,0.0,0.0,0.0,7.0,0.0,7.0,0.0,0.0,0.0,0.0,0.0,0.0,0.0,0.0,0.0,0.0,0.0,0.0,0.0,0.0,7.0,0.0,0.0,7.0,0.0,0.0,0.0,0.0,0.0,0.0,0.0,0.0,0.0,0.0,"Mar 17, 2016"
1127,2204070.0,7177.0,Babylon,Hilla,Al-Askari-Al Mashtal,العسكري-المشتل,32.45128211,44.4091925,36.0,216.0,4.0,1.0,0.0,0.0,0.0,0.0,0.0,0.0,0.0,0.0,0.0,0.0,30.0,0.0,1.0,0.0,0.0,0.0,0.0,5.0,0.0,0.0,0.0,0.0,0.0,6.0,25.0,6.0,0.0,25.0,0.0,0.0,0.0,0.0,0.0,0.0,0.0,0.0,0.0,0.0,30.0,0.0,1.0,30.0,1.0,1.0,4.0,1.0,0.0,4.0,0.0,0.0,0.0,0.0,0.0,0.0,"Mar 17, 2016"
1128,2204071.0,24694.0,Babylon,Hilla,Alataig,العتايج,32.4555528127,44.4564500866,40.0,240.0,13.0,0.0,0.0,0.0,0.0,0.0,0.0,0.0,0.0,0.0,0.0,0.0,25.0,0.0,2.0,0.0,0.0,0.0,0.0,0.0,0.0,0.0,0.0,0.0,0.0,0.0,40.0,0.0,0.0,40.0,0.0,0.0,0.0,0.0,0.0,0.0,0.0,0.0,0.0,0.0,25.0,0.0,3.0,25.0,12.0,3.0,0.0,12.0,0.0,0.0,0.0,0.0,0.0,0.0,0.0,0.0,"Mar 17, 2016"
1129,2204072.0,25443.0,Babylon,Hilla,Albo Alyan,البو عليان,32.5128694844,44.45323,48.0,288.0,35.0,2.0,0.0,0.0,0.0,0.0,0.0,0.0,0.0,0.0,0.0,0.0,11.0,0.0,0.0,0.0,0.0,0.0,0.0,0.0,0.0,0.0,0.0,0.0,0.0,0.0,48.0,0.0,0.0,48.0,0.0,0.0,0.0,0.0,0.0,0.0,0.0,0.0,0.0,0.0,11.0,0.0,2.0,11.0,10.0,2.0,25.0,10.0,0.0,25.0,0.0,0.0,0.0,0.0,0.0,0.0,"Mar 17, 2016"
1130,2204073.0,24460.0,Babylon,Hilla,Albo Hamir,البو حمير,32.5002902936,44.4814551565,22.0,132.0,0.0,0.0,0.0,0.0,0.0,0.0,0.0,0.0,0.0,0.0,0.0,0.0,22.0,0.0,0.0,0.0,0.0,0.0,0.0,14.0,0.0,0.0,0.0,0.0,0.0,8.0,0.0,8.0,0.0,0.0,0.0,0.0,0.0,0.0,0.0,0.0,0.0,0.0,0.0,0.0,8.0,0.0,13.0,8.0,0.0,13.0,1.0,0.0,0.0,1.0,0.0,0.0,0.0,0.0,0.0,0.0,"Mar 17, 2016"
1131,2204075.0,24512.0,Babylon,Hilla,Albu Ajaaj,البو عجاج,32.53422498,44.44921332,10.0,60.0,4.0,3.0,0.0,0.0,0.0,0.0,0.0,0.0,0.0,0.0,0.0,0.0,3.0,0.0,0.0,0.0,0.0,0.0,0.0,6.0,0.0,0.0,0.0,0.0,0.0,0.0,4.0,0.0,0.0,4.0,0.0,0.0,0.0,0.0,0.0,0.0,0.0,0.0,0.0,0.0,3.0,0.0,3.0,3.0,0.0,3.0,4.0,0.0,0.0,4.0,0.0,0.0,0.0,0.0,0.0,0.0,"Mar 17, 2016"
1132,2204076.0,6695.0,Babylon,Hilla,Al-hamadiyat,حماديات,32.30606413,44.4097007,9.0,54.0,0.0,0.0,0.0,0.0,0.0,0.0,0.0,0.0,0.0,0.0,0.0,0.0,9.0,0.0,0.0,0.0,0.0,0.0,0.0,0.0,0.0,0.0,0.0,0.0,0.0,0.0,9.0,0.0,0.0,9.0,0.0,0.0,0.0,0.0,0.0,0.0,0.0,0.0,0.0,0.0,9.0,0.0,0.0,9.0,0.0,0.0,0.0,0.0,0.0,0.0,0.0,0.0,0.0,0.0,0.0,0.0,"Mar 17, 2016"
1133,2204077.0,6324.0,Babylon,Hilla,Al-iefar,العيفار,32.48875,44.27896,3.0,18.0,0.0,0.0,0.0,0.0,0.0,0.0,0.0,0.0,0.0,0.0,0.0,0.0,3.0,0.0,0.0,0.0,0.0,0.0,0.0,3.0,0.0,0.0,0.0,0.0,0.0,0.0,0.0,0.0,0.0,0.0,0.0,0.0,0.0,0.0,0.0,0.0,0.0,0.0,0.0,0.0,3.0,0.0,0.0,3.0,0.0,0.0,0.0,0.0,0.0,0.0,0.0,0.0,0.0,0.0,0.0,0.0,"Mar 17, 2016"
1134,2204079.0,24980.0,Babylon,Hilla,Al-Kifil-Hay Al Ghadeer,حي الغدير,32.2300467026,44.378134352,23.0,138.0,12.0,0.0,0.0,0.0,0.0,0.0,0.0,0.0,0.0,0.0,0.0,0.0,11.0,0.0,0.0,0.0,0.0,0.0,0.0,0.0,0.0,0.0,0.0,0.0,0.0,0.0,23.0,0.0,0.0,23.0,0.0,0.0,0.0,0.0,0.0,0.0,0.0,0.0,0.0,0.0,11.0,0.0,0.0,11.0,8.0,0.0,4.0,8.0,0.0,4.0,0.0,0.0,0.0,0.0,0.0,0.0,"Mar 17, 2016"
1135,2204080.0,25714.0,Babylon,Hilla,Al-Kifil-Hay Al Hussain,حي الحسين-الكفل,32.22082834,44.36559697,11.0,66.0,8.0,0.0,0.0,0.0,0.0,0.0,0.0,0.0,0.0,0.0,0.0,0.0,3.0,0.0,0.0,0.0,0.0,0.0,0.0,0.0,0.0,0.0,0.0,0.0,0.0,0.0,11.0,0.0,0.0,11.0,0.0,0.0,0.0,0.0,0.0,0.0,0.0,0.0,0.0,0.0,3.0,0.0,0.0,3.0,8.0,0.0,0.0,8.0,0.0,0.0,0.0,0.0,0.0,0.0,0.0,0.0,"Mar 17, 2016"
1136,2204081.0,24511.0,Babylon,Hilla,AlMarashdah Villge,قرية المراشده,32.4876146576,44.4088399783,59.0,354.0,5.0,0.0,1.0,0.0,0.0,0.0,0.0,0.0,0.0,0.0,0.0,0.0,53.0,0.0,0.0,0.0,0.0,0.0,0.0,0.0,0.0,0.0,0.0,0.0,0.0,0.0,59.0,0.0,0.0,59.0,0.0,0.0,0.0,0.0,0.0,0.0,0.0,0.0,0.0,0.0,53.0,0.0,1.0,53.0,5.0,1.0,0.0,5.0,0.0,0.0,0.0,0.0,0.0,0.0,0.0,0.0,"Mar 17, 2016"
1137,2204082.0,6600.0,Babylon,Hilla,Al-miamrah,المعيميره,32.42875888,44.46142651,14.0,84.0,0.0,0.0,0.0,0.0,0.0,0.0,0.0,0.0,0.0,0.0,0.0,0.0,14.0,0.0,0.0,0.0,0.0,0.0,0.0,0.0,0.0,0.0,0.0,0.0,0.0,14.0,0.0,14.0,0.0,0.0,0.0,0.0,0.0,0.0,0.0,0.0,0.0,0.0,0.0,0.0,14.0,0.0,0.0,14.0,0.0,0.0,0.0,0.0,0.0,0.0,0.0,0.0,0.0,0.0,0.0,0.0,"Mar 17, 2016"
1138,2204083.0,7172.0,Babylon,Hilla,Al-Muhandiseen 4,حي المهندسين-4,32.444022771,44.39378,39.0,234.0,20.0,1.0,1.0,0.0,0.0,0.0,0.0,0.0,0.0,0.0,0.0,0.0,15.0,0.0,2.0,0.0,0.0,0.0,0.0,0.0,0.0,0.0,0.0,0.0,0.0,0.0,39.0,0.0,0.0,39.0,0.0,0.0,0.0,0.0,0.0,0.0,0.0,0.0,0.0,0.0,1.0,0.0,15.0,1.0,14.0,15.0,9.0,14.0,0.0,9.0,0.0,0.0,0.0,0.0,0.0,0.0,"Mar 17, 2016"
1139,2204084.0,6630.0,Babylon,Hilla,Al-muradiyah,الكفل-المرادية,32.33202229,44.39468552,5.0,30.0,0.0,0.0,0.0,0.0,0.0,0.0,0.0,0.0,0.0,0.0,0.0,0.0,5.0,0.0,0.0,0.0,0.0,0.0,0.0,5.0,0.0,0.0,0.0,0.0,0.0,0.0,0.0,0.0,0.0,0.0,0.0,0.0,0.0,0.0,0.0,0.0,0.0,0.0,0.0,0.0,5.0,0.0,0.0,5.0,0.0,0.0,0.0,0.0,0.0,0.0,0.0,0.0,0.0,0.0,0.0,0.0,"Mar 17, 2016"
1140,2204085.0,6918.0,Babylon,Hilla,Al-nidhal,ناحية ابي غرق-قرية النضال,32.45381663,44.36268694,4.0,24.0,0.0,3.0,0.0,0.0,0.0,0.0,0.0,0.0,0.0,0.0,0.0,0.0,0.0,0.0,1.0,0.0,0.0,0.0,0.0,0.0,0.0,0.0,0.0,0.0,0.0,0.0,0.0,0.0,0.0,0.0,0.0,0.0,0.0,0.0,4.0,0.0,0.0,4.0,0.0,0.0,0.0,0.0,3.0,0.0,1.0,3.0,0.0,1.0,0.0,0.0,0.0,0.0,0.0,0.0,0.0,0.0,"Mar 17, 2016"
1141,2204086.0,24516.0,Babylon,Hilla,Al-Rarengya,ناحية الكفل-الرارنجية,32.3492759,44.39706121,36.0,216.0,4.0,0.0,0.0,0.0,0.0,0.0,0.0,0.0,0.0,0.0,0.0,0.0,32.0,0.0,0.0,0.0,0.0,0.0,0.0,35.0,0.0,0.0,0.0,0.0,0.0,0.0,1.0,0.0,0.0,1.0,0.0,0.0,0.0,0.0,0.0,0.0,0.0,0.0,0.0,0.0,32.0,0.0,0.0,32.0,4.0,0.0,0.0,4.0,0.0,0.0,0.0,0.0,0.0,0.0,0.0,0.0,"Mar 17, 2016"
1142,2204087.0,25445.0,Babylon,Hilla,Alsania-Gubran,السنيه و جبران,32.4765346,44.43608316,31.0,186.0,0.0,0.0,0.0,0.0,0.0,0.0,0.0,0.0,0.0,0.0,0.0,0.0,31.0,0.0,0.0,0.0,0.0,0.0,0.0,7.0,0.0,0.0,0.0,0.0,0.0,0.0,24.0,0.0,0.0,24.0,0.0,0.0,0.0,0.0,0.0,0.0,0.0,0.0,0.0,0.0,31.0,0.0,0.0,31.0,0.0,0.0,0.0,0.0,0.0,0.0,0.0,0.0,0.0,0.0,0.0,0.0,"Mar 17, 2016"
1143,2204088.0,7154.0,Babylon,Hilla,Al-Shawi,الشاوي,32.4680207623,44.4331882716,32.0,192.0,1.0,0.0,0.0,0.0,0.0,1.0,0.0,0.0,0.0,0.0,0.0,0.0,30.0,0.0,0.0,0.0,0.0,0.0,0.0,0.0,0.0,0.0,0.0,0.0,0.0,0.0,28.0,0.0,0.0,28.0,0.0,0.0,0.0,0.0,4.0,0.0,0.0,4.0,0.0,0.0,18.0,0.0,12.0,18.0,2.0,12.0,0.0,2.0,0.0,0.0,0.0,0.0,0.0,0.0,0.0,0.0,"Mar 17, 2016"
1144,2204089.0,7155.0,Babylon,Hilla,Al-Thawra Al-Sharqia,مركز القضاء-الثورة الشرقية,32.5036105986,44.4168297085,7.0,42.0,1.0,0.0,0.0,0.0,0.0,0.0,0.0,0.0,0.0,0.0,0.0,0.0,6.0,0.0,0.0,0.0,0.0,0.0,0.0,0.0,0.0,0.0,0.0,0.0,0.0,0.0,7.0,0.0,0.0,7.0,0.0,0.0,0.0,0.0,0.0,0.0,0.0,0.0,0.0,0.0,6.0,0.0,0.0,6.0,0.0,0.0,1.0,0.0,0.0,1.0,0.0,0.0,0.0,0.0,0.0,0.0,"Mar 17, 2016"
1145,2204090.0,7137.0,Babylon,Hilla,Anana village,عنانه,32.54961864,44.40967446,31.0,186.0,8.0,0.0,0.0,0.0,0.0,0.0,0.0,0.0,0.0,0.0,0.0,0.0,22.0,0.0,1.0,0.0,0.0,0.0,0.0,0.0,0.0,0.0,0.0,0.0,0.0,0.0,31.0,0.0,0.0,31.0,0.0,0.0,0.0,0.0,0.0,0.0,0.0,0.0,0.0,0.0,22.0,0.0,1.0,22.0,8.0,1.0,0.0,8.0,0.0,0.0,0.0,0.0,0.0,0.0,0.0,0.0,"Mar 17, 2016"
1146,2204091.0,24708.0,Babylon,Hilla,Bab Al Hussien,باب الحسين,32.48850262,44.43351285,8.0,48.0,0.0,0.0,0.0,0.0,0.0,0.0,0.0,0.0,0.0,0.0,0.0,0.0,8.0,0.0,0.0,0.0,0.0,0.0,0.0,0.0,0.0,0.0,0.0,0.0,0.0,0.0,8.0,0.0,0.0,8.0,0.0,0.0,0.0,0.0,0.0,0.0,0.0,0.0,0.0,0.0,0.0,0.0,8.0,0.0,0.0,8.0,0.0,0.0,0.0,0.0,0.0,0.0,0.0,0.0,0.0,0.0,"Mar 17, 2016"
1147,2204092.0,24753.0,Babylon,Hilla,Bani Muslim,بني مسلم,32.33189179,44.31758333,34.0,204.0,0.0,0.0,0.0,0.0,0.0,0.0,0.0,0.0,0.0,0.0,0.0,0.0,34.0,0.0,0.0,0.0,0.0,0.0,0.0,5.0,0.0,0.0,0.0,0.0,0.0,29.0,0.0,29.0,0.0,0.0,0.0,0.0,0.0,0.0,0.0,0.0,0.0,0.0,0.0,0.0,34.0,0.0,0.0,34.0,0.0,0.0,0.0,0.0,0.0,0.0,0.0,0.0,0.0,0.0,0.0,0.0,"Mar 17, 2016"
1148,2204093.0,23751.0,Babylon,Hilla,Bustan Al-helu,بستان الحلو,32.4853082129,44.4251778243,4.0,24.0,4.0,0.0,0.0,0.0,0.0,0.0,0.0,0.0,0.0,0.0,0.0,0.0,0.0,0.0,0.0,0.0,0.0,0.0,0.0,4.0,0.0,0.0,0.0,0.0,0.0,0.0,0.0,0.0,0.0,0.0,0.0,0.0,0.0,0.0,0.0,0.0,0.0,0.0,4.0,0.0,0.0,4.0,0.0,0.0,0.0,0.0,0.0,0.0,0.0,0.0,0.0,0.0,0.0,0.0,0.0,0.0,"Mar 17, 2016"
1149,2204095.0,23940.0,Babylon,Hilla,Emhezem Al Qadima,محيزم القديمة,32.49561508,44.40786716,8.0,48.0,0.0,0.0,0.0,0.0,0.0,0.0,0.0,0.0,0.0,0.0,0.0,0.0,8.0,0.0,0.0,0.0,0.0,0.0,0.0,0.0,0.0,0.0,0.0,0.0,0.0,0.0,8.0,0.0,0.0,8.0,0.0,0.0,0.0,0.0,0.0,0.0,0.0,0.0,0.0,0.0,2.0,0.0,6.0,2.0,0.0,6.0,0.0,0.0,0.0,0.0,0.0,0.0,0.0,0.0,0.0,0.0,"Mar 17, 2016"
1150,2204096.0,7138.0,Babylon,Hilla,Faza Village,قرية فزع,32.4408468,44.41013362,11.0,66.0,6.0,0.0,0.0,0.0,0.0,0.0,0.0,0.0,0.0,0.0,0.0,0.0,5.0,0.0,0.0,0.0,0.0,0.0,0.0,0.0,0.0,0.0,0.0,0.0,0.0,0.0,11.0,0.0,0.0,11.0,0.0,0.0,0.0,0.0,0.0,0.0,0.0,0.0,0.0,0.0,5.0,0.0,2.0,5.0,4.0,2.0,0.0,4.0,0.0,0.0,0.0,0.0,0.0,0.0,0.0,0.0,"Mar 17, 2016"
1151,2204097.0,7143.0,Babylon,Hilla,Hamza Al Dali Village,قرية حمزه الدلي,32.4622479,44.40503432,7.0,42.0,2.0,0.0,0.0,0.0,0.0,0.0,0.0,0.0,0.0,0.0,0.0,0.0,5.0,0.0,0.0,0.0,0.0,0.0,0.0,0.0,0.0,0.0,0.0,0.0,0.0,0.0,7.0,0.0,0.0,7.0,0.0,0.0,0.0,0.0,0.0,0.0,0.0,0.0,0.0,0.0,5.0,0.0,0.0,5.0,0.0,0.0,2.0,0.0,0.0,2.0,0.0,0.0,0.0,0.0,0.0,0.0,"Mar 17, 2016"
1152,2204098.0,25331.0,Babylon,Hilla,Hay Abo Al Nafot,حي ابو النفط,32.4764574,44.42119681,9.0,54.0,0.0,0.0,0.0,0.0,0.0,0.0,0.0,0.0,0.0,0.0,0.0,0.0,8.0,0.0,1.0,0.0,0.0,0.0,0.0,1.0,0.0,0.0,0.0,0.0,0.0,6.0,2.0,6.0,0.0,2.0,0.0,0.0,0.0,0.0,0.0,0.0,0.0,0.0,0.0,0.0,0.0,0.0,8.0,0.0,1.0,8.0,0.0,1.0,0.0,0.0,0.0,0.0,0.0,0.0,0.0,0.0,"Mar 17, 2016"
1153,2204099.0,24979.0,Babylon,Hilla,Hay Al Abbas,حي العباس,32.23321042,44.37994922,21.0,126.0,11.0,0.0,0.0,0.0,0.0,0.0,0.0,0.0,0.0,0.0,0.0,0.0,10.0,0.0,0.0,0.0,0.0,0.0,0.0,0.0,0.0,0.0,0.0,0.0,0.0,0.0,21.0,0.0,0.0,21.0,0.0,0.0,0.0,0.0,0.0,0.0,0.0,0.0,0.0,0.0,10.0,0.0,0.0,10.0,11.0,0.0,0.0,11.0,0.0,0.0,0.0,0.0,0.0,0.0,0.0,0.0,"Mar 17, 2016"
1154,2204100.0,23318.0,Babylon,Hilla,Hay Al Asatitha,الاساتذه,32.4838620777,44.408410019,29.0,174.0,19.0,0.0,0.0,0.0,0.0,0.0,0.0,0.0,0.0,0.0,0.0,0.0,10.0,0.0,0.0,0.0,0.0,0.0,0.0,3.0,0.0,0.0,0.0,0.0,0.0,0.0,26.0,0.0,0.0,26.0,0.0,0.0,0.0,0.0,0.0,0.0,0.0,0.0,0.0,0.0,10.0,0.0,0.0,10.0,13.0,0.0,6.0,13.0,0.0,6.0,0.0,0.0,0.0,0.0,0.0,0.0,"Mar 17, 2016"
1155,2204101.0,25444.0,Babylon,Hilla,Hay Al Hussain,حي الحسين,32.47819179,44.41819207,16.0,96.0,1.0,0.0,0.0,0.0,0.0,0.0,0.0,0.0,0.0,0.0,0.0,0.0,15.0,0.0,0.0,0.0,0.0,0.0,0.0,0.0,0.0,0.0,0.0,0.0,0.0,0.0,16.0,0.0,0.0,16.0,0.0,0.0,0.0,0.0,0.0,0.0,0.0,0.0,0.0,0.0,15.0,0.0,0.0,15.0,0.0,0.0,1.0,0.0,0.0,1.0,0.0,0.0,0.0,0.0,0.0,0.0,"Mar 17, 2016"
1156,2204102.0,24457.0,Babylon,Hilla,Hay Al Hussain-Abu Gharaq,ناحية ابي غرق-حي الحسين,32.5240657073,44.3635713151,69.0,414.0,1.0,0.0,0.0,0.0,0.0,0.0,0.0,0.0,0.0,0.0,0.0,0.0,66.0,0.0,2.0,0.0,0.0,0.0,0.0,0.0,0.0,0.0,0.0,0.0,0.0,11.0,58.0,11.0,0.0,58.0,0.0,0.0,0.0,0.0,0.0,0.0,0.0,0.0,0.0,0.0,66.0,0.0,2.0,66.0,0.0,2.0,1.0,0.0,0.0,1.0,0.0,0.0,0.0,0.0,0.0,0.0,"Mar 17, 2016"
1157,2204103.0,25119.0,Babylon,Hilla,Hay Al Jawad,حي الجواد,32.5301403549,44.336650267,40.0,240.0,3.0,0.0,0.0,0.0,0.0,0.0,0.0,0.0,0.0,0.0,0.0,0.0,36.0,0.0,1.0,0.0,0.0,0.0,0.0,0.0,0.0,0.0,0.0,0.0,0.0,0.0,40.0,0.0,0.0,40.0,0.0,0.0,0.0,0.0,0.0,0.0,0.0,0.0,0.0,0.0,36.0,0.0,1.0,36.0,3.0,1.0,0.0,3.0,0.0,0.0,0.0,0.0,0.0,0.0,0.0,0.0,"Mar 17, 2016"
1158,2204104.0,7171.0,Babylon,Hilla,Hay Al Karamah 1,مركز المدينة-حي الكرامة-1,32.48210823,44.41976032,7.0,42.0,3.0,0.0,0.0,0.0,0.0,0.0,0.0,0.0,0.0,0.0,0.0,0.0,4.0,0.0,0.0,0.0,0.0,0.0,0.0,7.0,0.0,0.0,0.0,0.0,0.0,0.0,0.0,0.0,0.0,0.0,0.0,0.0,0.0,0.0,0.0,0.0,0.0,0.0,0.0,0.0,4.0,0.0,0.0,4.0,3.0,0.0,0.0,3.0,0.0,0.0,0.0,0.0,0.0,0.0,0.0,0.0,"Mar 17, 2016"
1159,2204105.0,25452.0,Babylon,Hilla,Hay Al Karamah 3,مركز المدينة-حي الكرامة-3,32.49160195,44.41928205,8.0,48.0,2.0,0.0,0.0,0.0,0.0,0.0,0.0,0.0,0.0,0.0,0.0,0.0,6.0,0.0,0.0,0.0,0.0,0.0,0.0,2.0,0.0,0.0,0.0,0.0,0.0,4.0,2.0,4.0,0.0,2.0,0.0,0.0,0.0,0.0,0.0,0.0,0.0,0.0,0.0,0.0,8.0,0.0,0.0,8.0,0.0,0.0,0.0,0.0,0.0,0.0,0.0,0.0,0.0,0.0,0.0,0.0,"Mar 17, 2016"
1160,2204106.0,25329.0,Babylon,Hilla,Hay Al Maarefa,حي المعرفه,32.505095,44.41295,58.0,348.0,0.0,0.0,0.0,0.0,0.0,0.0,0.0,0.0,0.0,0.0,0.0,0.0,58.0,0.0,0.0,0.0,0.0,0.0,0.0,0.0,0.0,0.0,0.0,0.0,0.0,28.0,30.0,28.0,0.0,30.0,0.0,0.0,0.0,0.0,0.0,0.0,0.0,0.0,0.0,0.0,58.0,0.0,0.0,58.0,0.0,0.0,0.0,0.0,0.0,0.0,0.0,0.0,0.0,0.0,0.0,0.0,"Mar 17, 2016"
1161,2204107.0,21618.0,Babylon,Hilla,Hay Al Tineya(illegal),الطينيه,32.46846103,44.39749824,8.0,48.0,5.0,2.0,0.0,0.0,0.0,0.0,0.0,0.0,0.0,0.0,0.0,0.0,1.0,0.0,0.0,0.0,0.0,0.0,0.0,0.0,0.0,0.0,0.0,0.0,0.0,0.0,8.0,0.0,0.0,8.0,0.0,0.0,0.0,0.0,0.0,0.0,0.0,0.0,0.0,0.0,3.0,0.0,0.0,3.0,0.0,0.0,5.0,0.0,0.0,5.0,0.0,0.0,0.0,0.0,0.0,0.0,"Mar 17, 2016"
1162,2204108.0,24088.0,Babylon,Hilla,Hay Al-Akrad,حي الاكراد,32.4850853769,44.4332747657,27.0,162.0,0.0,0.0,0.0,0.0,0.0,0.0,0.0,0.0,0.0,0.0,0.0,0.0,27.0,0.0,0.0,0.0,0.0,0.0,0.0,27.0,0.0,0.0,0.0,0.0,0.0,0.0,0.0,0.0,0.0,0.0,0.0,0.0,0.0,0.0,0.0,0.0,0.0,0.0,0.0,0.0,27.0,0.0,0.0,27.0,0.0,0.0,0.0,0.0,0.0,0.0,0.0,0.0,0.0,0.0,0.0,0.0,"Mar 17, 2016"
1163,2204109.0,7107.0,Babylon,Hilla,Hay al-amer,حي الامير,32.5277748862,44.3405389507,22.0,132.0,1.0,0.0,0.0,0.0,0.0,0.0,0.0,0.0,0.0,0.0,0.0,0.0,21.0,0.0,0.0,0.0,0.0,0.0,0.0,0.0,0.0,0.0,0.0,0.0,0.0,0.0,22.0,0.0,0.0,22.0,0.0,0.0,0.0,0.0,0.0,0.0,0.0,0.0,0.0,0.0,21.0,0.0,0.0,21.0,0.0,0.0,1.0,0.0,0.0,1.0,0.0,0.0,0.0,0.0,0.0,0.0,"Mar 17, 2016"
1164,2204110.0,7191.0,Babylon,Hilla,Hay Al-Bakarley 4,البكرلي-4,32.4934203493,44.4620194572,32.0,192.0,9.0,0.0,0.0,0.0,0.0,14.0,0.0,0.0,0.0,0.0,0.0,0.0,9.0,0.0,0.0,0.0,0.0,0.0,0.0,0.0,0.0,0.0,0.0,0.0,0.0,0.0,32.0,0.0,0.0,32.0,0.0,0.0,0.0,0.0,0.0,0.0,0.0,0.0,0.0,0.0,9.0,0.0,14.0,9.0,0.0,14.0,9.0,0.0,0.0,9.0,0.0,0.0,0.0,0.0,0.0,0.0,"Mar 17, 2016"
1165,2204111.0,7174.0,Babylon,Hilla,Hay Al-Muhandiseen 2,حي المهندسين-2,32.4542983659,44.3977248892,29.0,174.0,5.0,0.0,0.0,0.0,0.0,0.0,0.0,0.0,0.0,0.0,0.0,0.0,19.0,0.0,5.0,0.0,0.0,0.0,0.0,3.0,0.0,0.0,0.0,0.0,0.0,0.0,26.0,0.0,0.0,26.0,0.0,0.0,0.0,0.0,0.0,0.0,0.0,0.0,3.0,0.0,24.0,3.0,0.0,24.0,0.0,0.0,2.0,0.0,0.0,2.0,0.0,0.0,0.0,0.0,0.0,0.0,"Mar 17, 2016"
1166,2204112.0,7145.0,Babylon,Hilla,Hay Al-Muharbeen,المحاربين,32.49134752,44.41185795,9.0,54.0,0.0,0.0,0.0,0.0,0.0,0.0,0.0,0.0,0.0,0.0,0.0,0.0,9.0,0.0,0.0,0.0,0.0,0.0,0.0,0.0,0.0,0.0,0.0,0.0,0.0,0.0,9.0,0.0,0.0,9.0,0.0,0.0,0.0,0.0,0.0,0.0,0.0,0.0,0.0,0.0,9.0,0.0,0.0,9.0,0.0,0.0,0.0,0.0,0.0,0.0,0.0,0.0,0.0,0.0,0.0,0.0,"Mar 17, 2016"
1167,2204113.0,21388.0,Babylon,Hilla,Hay Al-Mustafa,حي المصطفى,32.45372631,44.39187673,11.0,66.0,3.0,0.0,0.0,0.0,0.0,0.0,0.0,0.0,0.0,0.0,0.0,0.0,7.0,0.0,1.0,0.0,0.0,0.0,0.0,0.0,0.0,0.0,0.0,0.0,0.0,0.0,11.0,0.0,0.0,11.0,0.0,0.0,0.0,0.0,0.0,0.0,0.0,0.0,0.0,0.0,7.0,0.0,1.0,7.0,1.0,1.0,2.0,1.0,0.0,2.0,0.0,0.0,0.0,0.0,0.0,0.0,"Mar 17, 2016"
1168,2204114.0,7095.0,Babylon,Hilla,Hay al-salam,حي السلام,32.46470305,44.40370226,22.0,132.0,0.0,0.0,0.0,0.0,0.0,0.0,0.0,0.0,0.0,0.0,0.0,0.0,22.0,0.0,0.0,0.0,0.0,0.0,0.0,0.0,0.0,0.0,0.0,0.0,0.0,0.0,22.0,0.0,0.0,22.0,0.0,0.0,0.0,0.0,0.0,0.0,0.0,0.0,0.0,0.0,22.0,0.0,0.0,22.0,0.0,0.0,0.0,0.0,0.0,0.0,0.0,0.0,0.0,0.0,0.0,0.0,"Mar 17, 2016"
1169,2204115.0,23945.0,Babylon,Hilla,Hay Al-Teyara 1,الطيارة-1,32.49625198,44.42677103,5.0,30.0,3.0,0.0,0.0,0.0,0.0,0.0,0.0,0.0,0.0,0.0,0.0,0.0,1.0,0.0,1.0,0.0,0.0,0.0,0.0,2.0,0.0,0.0,0.0,0.0,0.0,0.0,3.0,0.0,0.0,3.0,0.0,0.0,0.0,0.0,0.0,0.0,0.0,0.0,0.0,0.0,1.0,0.0,1.0,1.0,3.0,1.0,0.0,3.0,0.0,0.0,0.0,0.0,0.0,0.0,0.0,0.0,"Mar 17, 2016"
1170,2204116.0,24515.0,Babylon,Hilla,Hay Alzahraa,ناحية ابي غرق-حي الزهراء,32.5336580579,44.3417557601,45.0,270.0,0.0,0.0,0.0,0.0,0.0,0.0,0.0,0.0,0.0,0.0,0.0,0.0,45.0,0.0,0.0,0.0,0.0,0.0,0.0,0.0,0.0,0.0,0.0,0.0,0.0,45.0,0.0,45.0,0.0,0.0,0.0,0.0,0.0,0.0,0.0,0.0,0.0,0.0,0.0,0.0,45.0,0.0,0.0,45.0,0.0,0.0,0.0,0.0,0.0,0.0,0.0,0.0,0.0,0.0,0.0,0.0,"Mar 17, 2016"
1171,2204117.0,7212.0,Babylon,Hilla,Hay Al-Zahraa,مركز الحله-حي الزهراء,32.46103273,44.42865226,2.0,12.0,0.0,0.0,0.0,0.0,0.0,0.0,0.0,0.0,0.0,0.0,0.0,0.0,2.0,0.0,0.0,0.0,0.0,0.0,0.0,0.0,0.0,0.0,0.0,0.0,0.0,0.0,2.0,0.0,0.0,2.0,0.0,0.0,0.0,0.0,0.0,0.0,0.0,0.0,0.0,0.0,2.0,0.0,0.0,2.0,0.0,0.0,0.0,0.0,0.0,0.0,0.0,0.0,0.0,0.0,0.0,0.0,"Mar 17, 2016"
1172,2204118.0,24337.0,Babylon,Hilla,Hay Nadir 2,نادر 2,32.4459420436,44.4263014793,48.0,288.0,0.0,0.0,0.0,0.0,0.0,0.0,0.0,0.0,0.0,0.0,0.0,0.0,46.0,0.0,2.0,0.0,0.0,0.0,0.0,0.0,0.0,0.0,0.0,0.0,0.0,13.0,35.0,13.0,0.0,35.0,0.0,0.0,0.0,0.0,0.0,0.0,0.0,0.0,0.0,0.0,46.0,0.0,0.0,46.0,2.0,0.0,0.0,2.0,0.0,0.0,0.0,0.0,0.0,0.0,0.0,0.0,"Mar 17, 2016"
1173,2204119.0,24691.0,Babylon,Hilla,Hay Shubar,حي شبر,32.48540094,44.43116474,3.0,18.0,3.0,0.0,0.0,0.0,0.0,0.0,0.0,0.0,0.0,0.0,0.0,0.0,0.0,0.0,0.0,0.0,0.0,0.0,0.0,0.0,0.0,0.0,0.0,0.0,0.0,0.0,3.0,0.0,0.0,3.0,0.0,0.0,0.0,0.0,0.0,0.0,0.0,0.0,0.0,0.0,0.0,0.0,0.0,0.0,3.0,0.0,0.0,3.0,0.0,0.0,0.0,0.0,0.0,0.0,0.0,0.0,"Mar 17, 2016"
1174,2204120.0,25125.0,Babylon,Hilla,Hilla Area-Hay Imam,منطقة الحلة-حي الأمام,32.4997876168,44.4113358462,15.0,90.0,0.0,0.0,0.0,0.0,0.0,0.0,0.0,0.0,0.0,0.0,0.0,0.0,15.0,0.0,0.0,0.0,0.0,0.0,0.0,15.0,0.0,0.0,0.0,0.0,0.0,0.0,0.0,0.0,0.0,0.0,0.0,0.0,0.0,0.0,0.0,0.0,0.0,0.0,0.0,0.0,11.0,0.0,4.0,11.0,0.0,4.0,0.0,0.0,0.0,0.0,0.0,0.0,0.0,0.0,0.0,0.0,"Mar 17, 2016"
1175,2204122.0,25609.0,Babylon,Hilla,Hilla-Al Hummenia,الهمينيه,32.39218336,44.50377289,15.0,90.0,0.0,0.0,0.0,0.0,0.0,0.0,0.0,0.0,0.0,0.0,0.0,0.0,15.0,0.0,0.0,0.0,0.0,0.0,0.0,2.0,0.0,0.0,0.0,0.0,0.0,13.0,0.0,13.0,0.0,0.0,0.0,0.0,0.0,0.0,0.0,0.0,0.0,0.0,0.0,0.0,15.0,0.0,0.0,15.0,0.0,0.0,0.0,0.0,0.0,0.0,0.0,0.0,0.0,0.0,0.0,0.0,"Mar 17, 2016"
1176,2204123.0,25614.0,Babylon,Hilla,Hilla-Al Safeer village,قرية السفير,32.49862942,44.44954801,46.0,276.0,9.0,0.0,0.0,0.0,0.0,0.0,0.0,0.0,0.0,0.0,0.0,0.0,37.0,0.0,0.0,0.0,0.0,0.0,0.0,0.0,0.0,0.0,0.0,0.0,0.0,0.0,46.0,0.0,0.0,46.0,0.0,0.0,0.0,0.0,0.0,0.0,0.0,0.0,0.0,0.0,37.0,0.0,0.0,37.0,9.0,0.0,0.0,9.0,0.0,0.0,0.0,0.0,0.0,0.0,0.0,0.0,"Mar 17, 2016"
1177,2204124.0,7176.0,Babylon,Hilla,Hilla-Al-Muhandiseen 3,حي المهندسين-3,32.45315303,44.39141214,15.0,90.0,3.0,0.0,0.0,0.0,0.0,0.0,0.0,0.0,0.0,0.0,0.0,0.0,11.0,0.0,1.0,0.0,0.0,0.0,0.0,0.0,0.0,0.0,0.0,0.0,0.0,0.0,15.0,0.0,0.0,15.0,0.0,0.0,0.0,0.0,0.0,0.0,0.0,0.0,0.0,0.0,7.0,0.0,5.0,7.0,3.0,5.0,0.0,3.0,0.0,0.0,0.0,0.0,0.0,0.0,0.0,0.0,"Mar 17, 2016"
1178,2204125.0,25328.0,Babylon,Hilla,Hilla-Hay Al Ghadeer,حي الغدير,32.44679154,44.4014146,5.0,30.0,0.0,0.0,0.0,0.0,0.0,0.0,0.0,0.0,0.0,0.0,0.0,0.0,5.0,0.0,0.0,0.0,0.0,0.0,0.0,0.0,0.0,0.0,0.0,0.0,0.0,0.0,5.0,0.0,0.0,5.0,0.0,0.0,0.0,0.0,0.0,0.0,0.0,0.0,0.0,0.0,5.0,0.0,0.0,5.0,0.0,0.0,0.0,0.0,0.0,0.0,0.0,0.0,0.0,0.0,0.0,0.0,"Mar 17, 2016"
1179,2204126.0,25769.0,Babylon,Hilla,Hilla-Hay Al Noamania,حي النعمانيه,32.47951852,44.4579134,57.0,342.0,48.0,0.0,0.0,0.0,0.0,0.0,0.0,0.0,0.0,0.0,0.0,0.0,9.0,0.0,0.0,0.0,0.0,0.0,0.0,0.0,0.0,0.0,0.0,0.0,0.0,0.0,57.0,0.0,0.0,57.0,0.0,0.0,0.0,0.0,0.0,0.0,0.0,0.0,0.0,0.0,9.0,0.0,0.0,9.0,39.0,0.0,9.0,39.0,0.0,9.0,0.0,0.0,0.0,0.0,0.0,0.0,"Mar 17, 2016"
1180,2204127.0,25611.0,Babylon,Hilla,Hilla-Hay Al Noor,حي النور,32.44145768,44.42226291,6.0,36.0,2.0,0.0,0.0,0.0,0.0,0.0,0.0,0.0,0.0,0.0,0.0,0.0,3.0,0.0,1.0,0.0,0.0,0.0,0.0,0.0,0.0,0.0,0.0,0.0,0.0,0.0,6.0,0.0,0.0,6.0,0.0,0.0,0.0,0.0,0.0,0.0,0.0,0.0,0.0,0.0,4.0,0.0,0.0,4.0,2.0,0.0,0.0,2.0,0.0,0.0,0.0,0.0,0.0,0.0,0.0,0.0,"Mar 17, 2016"
1181,2204128.0,25770.0,Babylon,Hilla,Hilla-Hay Al Ridha,حي الرضا,32.48052418,44.45854012,9.0,54.0,1.0,0.0,0.0,0.0,0.0,3.0,0.0,0.0,0.0,0.0,0.0,0.0,5.0,0.0,0.0,0.0,0.0,0.0,0.0,0.0,0.0,0.0,0.0,0.0,0.0,0.0,9.0,0.0,0.0,9.0,0.0,0.0,0.0,0.0,0.0,0.0,0.0,0.0,0.0,0.0,5.0,0.0,3.0,5.0,0.0,3.0,1.0,0.0,0.0,1.0,0.0,0.0,0.0,0.0,0.0,0.0,"Mar 17, 2016"
1182,2204129.0,25606.0,Babylon,Hilla,Hilla-Hay Al-Muhandiseen-1,حي المهندسين-1,32.45528726,44.39880164,31.0,186.0,10.0,0.0,0.0,0.0,0.0,0.0,0.0,0.0,0.0,0.0,0.0,0.0,21.0,0.0,0.0,0.0,0.0,0.0,0.0,0.0,0.0,0.0,0.0,0.0,0.0,0.0,31.0,0.0,0.0,31.0,0.0,0.0,0.0,0.0,0.0,0.0,0.0,0.0,0.0,0.0,21.0,0.0,1.0,21.0,3.0,1.0,6.0,3.0,0.0,6.0,0.0,0.0,0.0,0.0,0.0,0.0,"Mar 17, 2016"
1183,2204130.0,25612.0,Babylon,Hilla,Hilla-Jamaiat Al Moalmeen,جمعية المعلمين,32.47161715,44.41467184,8.0,48.0,0.0,0.0,0.0,0.0,0.0,0.0,0.0,0.0,0.0,0.0,0.0,0.0,8.0,0.0,0.0,0.0,0.0,0.0,0.0,0.0,0.0,0.0,0.0,0.0,0.0,0.0,0.0,0.0,0.0,0.0,0.0,0.0,0.0,0.0,8.0,0.0,0.0,8.0,0.0,0.0,8.0,0.0,0.0,8.0,0.0,0.0,0.0,0.0,0.0,0.0,0.0,0.0,0.0,0.0,0.0,0.0,"Mar 17, 2016"
1184,2204131.0,25608.0,Babylon,Hilla,Hilla-Nader Al Baker,نادر-الباقر,32.443828057,44.4210029131,10.0,60.0,1.0,0.0,0.0,0.0,0.0,0.0,0.0,0.0,0.0,0.0,0.0,0.0,9.0,0.0,0.0,0.0,0.0,0.0,0.0,0.0,0.0,0.0,0.0,0.0,0.0,0.0,10.0,0.0,0.0,10.0,0.0,0.0,0.0,0.0,0.0,0.0,0.0,0.0,0.0,0.0,9.0,0.0,0.0,9.0,1.0,0.0,0.0,1.0,0.0,0.0,0.0,0.0,0.0,0.0,0.0,0.0,"Mar 17, 2016"
1185,2204132.0,25828.0,Babylon,Hilla,Hilla-Nadir-Ali Al Hadi,نادر-علي الهادي,32.4415039,44.42111207,8.0,48.0,2.0,0.0,0.0,0.0,0.0,0.0,0.0,0.0,0.0,0.0,0.0,0.0,6.0,0.0,0.0,0.0,0.0,0.0,0.0,0.0,0.0,0.0,0.0,0.0,0.0,0.0,8.0,0.0,0.0,8.0,0.0,0.0,0.0,0.0,0.0,0.0,0.0,0.0,0.0,0.0,6.0,0.0,0.0,6.0,2.0,0.0,0.0,2.0,0.0,0.0,0.0,0.0,0.0,0.0,0.0,0.0,"Mar 17, 2016"
1186,2204134.0,24275.0,Babylon,Hilla,Karaghol,كراغول,32.4454195,44.43035144,23.0,138.0,2.0,0.0,0.0,0.0,0.0,0.0,0.0,0.0,0.0,0.0,0.0,0.0,21.0,0.0,0.0,0.0,0.0,0.0,0.0,0.0,0.0,0.0,0.0,0.0,0.0,0.0,23.0,0.0,0.0,23.0,0.0,0.0,0.0,0.0,0.0,0.0,0.0,0.0,0.0,0.0,21.0,0.0,0.0,21.0,2.0,0.0,0.0,2.0,0.0,0.0,0.0,0.0,0.0,0.0,0.0,0.0,"Mar 17, 2016"
1187,2204135.0,23951.0,Babylon,Hilla,Kureteah,كريطعه,32.4745081789,44.4418108008,143.0,858.0,93.0,0.0,0.0,0.0,0.0,0.0,0.0,0.0,1.0,0.0,0.0,0.0,46.0,0.0,3.0,0.0,0.0,0.0,0.0,30.0,0.0,0.0,0.0,0.0,0.0,0.0,113.0,0.0,0.0,113.0,0.0,0.0,0.0,0.0,0.0,0.0,0.0,0.0,1.0,0.0,16.0,1.0,32.0,16.0,72.0,32.0,22.0,72.0,0.0,22.0,0.0,0.0,0.0,0.0,0.0,0.0,"Mar 17, 2016"
1188,2204136.0,24454.0,Babylon,Hilla,Muhaizem 2-Abu Gharaq,ناحية ابي غرق-محيزم 2,32.5089134685,44.3949137261,34.0,204.0,2.0,0.0,0.0,0.0,0.0,0.0,0.0,0.0,0.0,0.0,0.0,0.0,32.0,0.0,0.0,0.0,0.0,0.0,0.0,0.0,0.0,0.0,0.0,0.0,0.0,17.0,17.0,17.0,0.0,17.0,0.0,0.0,0.0,0.0,0.0,0.0,0.0,0.0,0.0,0.0,32.0,0.0,0.0,32.0,2.0,0.0,0.0,2.0,0.0,0.0,0.0,0.0,0.0,0.0,0.0,0.0,"Mar 17, 2016"
1189,2204137.0,24754.0,Babylon,Hilla,Mustafa Ragheb,مصطفى راغب,32.4794721682,44.4264983167,27.0,162.0,10.0,0.0,0.0,0.0,0.0,1.0,0.0,0.0,0.0,0.0,0.0,0.0,16.0,0.0,0.0,0.0,0.0,0.0,0.0,0.0,0.0,0.0,0.0,0.0,0.0,0.0,27.0,0.0,0.0,27.0,0.0,0.0,0.0,0.0,0.0,0.0,0.0,0.0,0.0,0.0,16.0,0.0,0.0,16.0,7.0,0.0,4.0,7.0,0.0,4.0,0.0,0.0,0.0,0.0,0.0,0.0,"Mar 17, 2016"
1190,2204138.0,25330.0,Babylon,Hilla,Nader 3-Al Sajad,نادر3-السجاد,32.44046807,44.42369747,7.0,42.0,0.0,0.0,0.0,0.0,0.0,0.0,0.0,0.0,0.0,0.0,0.0,0.0,7.0,0.0,0.0,0.0,0.0,0.0,0.0,7.0,0.0,0.0,0.0,0.0,0.0,0.0,0.0,0.0,0.0,0.0,0.0,0.0,0.0,0.0,0.0,0.0,0.0,0.0,0.0,0.0,7.0,0.0,0.0,7.0,0.0,0.0,0.0,0.0,0.0,0.0,0.0,0.0,0.0,0.0,0.0,0.0,"Mar 17, 2016"
1191,2204139.0,21673.0,Babylon,Hilla,Nadir Al Ula,نادر 1,32.47390851,44.43787051,7.0,42.0,0.0,0.0,0.0,0.0,0.0,0.0,0.0,0.0,0.0,0.0,0.0,0.0,7.0,0.0,0.0,0.0,0.0,0.0,0.0,0.0,0.0,0.0,0.0,0.0,0.0,0.0,7.0,0.0,0.0,7.0,0.0,0.0,0.0,0.0,0.0,0.0,0.0,0.0,0.0,0.0,7.0,0.0,0.0,7.0,0.0,0.0,0.0,0.0,0.0,0.0,0.0,0.0,0.0,0.0,0.0,0.0,"Mar 17, 2016"
1192,2204140.0,24975.0,Babylon,Hilla,Om Kafsha,ام كفشة,32.43279511,44.30778916,17.0,102.0,0.0,0.0,0.0,0.0,0.0,0.0,0.0,0.0,0.0,0.0,0.0,0.0,17.0,0.0,0.0,0.0,0.0,0.0,0.0,11.0,0.0,0.0,0.0,0.0,0.0,6.0,0.0,6.0,0.0,0.0,0.0,0.0,0.0,0.0,0.0,0.0,0.0,0.0,0.0,0.0,6.0,0.0,11.0,6.0,0.0,11.0,0.0,0.0,0.0,0.0,0.0,0.0,0.0,0.0,0.0,0.0,"Mar 17, 2016"
1193,2204141.0,24976.0,Babylon,Hilla,Om Najah,ام نعجه,32.220904,44.355393,17.0,102.0,3.0,0.0,0.0,0.0,0.0,0.0,0.0,0.0,0.0,0.0,0.0,0.0,14.0,0.0,0.0,0.0,0.0,0.0,0.0,10.0,0.0,0.0,0.0,0.0,0.0,4.0,3.0,4.0,0.0,3.0,0.0,0.0,0.0,0.0,0.0,0.0,0.0,0.0,0.0,0.0,0.0,0.0,14.0,0.0,0.0,14.0,3.0,0.0,0.0,3.0,0.0,0.0,0.0,0.0,0.0,0.0,"Mar 17, 2016"
1194,2204143.0,23950.0,Babylon,Hilla,Qas Sowelem-Compound,كص سويلم-المجمع السكني,32.4175456229,44.4068783285,421.0,2526.0,6.0,17.0,2.0,0.0,0.0,0.0,0.0,0.0,6.0,0.0,0.0,0.0,384.0,0.0,6.0,0.0,0.0,0.0,0.0,0.0,0.0,421.0,0.0,0.0,421.0,0.0,0.0,0.0,0.0,0.0,0.0,0.0,0.0,0.0,0.0,0.0,0.0,0.0,3.0,0.0,269.0,3.0,140.0,269.0,9.0,140.0,0.0,9.0,0.0,0.0,0.0,0.0,0.0,0.0,0.0,0.0,"Mar 17, 2016"
1195,2204144.0,24462.0,Babylon,Hilla,Saif Saad,سيف سعد,32.4819711735,44.478355695,122.0,732.0,99.0,0.0,1.0,0.0,0.0,0.0,0.0,0.0,0.0,0.0,0.0,0.0,22.0,0.0,0.0,0.0,0.0,0.0,0.0,0.0,0.0,0.0,0.0,0.0,0.0,0.0,122.0,0.0,0.0,122.0,0.0,0.0,0.0,0.0,0.0,0.0,0.0,0.0,0.0,0.0,22.0,0.0,3.0,22.0,73.0,3.0,24.0,73.0,0.0,24.0,0.0,0.0,0.0,0.0,0.0,0.0,"Mar 17, 2016"
1196,2204145.0,7166.0,Babylon,Hilla,Singar,سنجار,32.53133364,44.40923139,22.0,132.0,8.0,3.0,0.0,0.0,0.0,0.0,0.0,0.0,0.0,0.0,0.0,0.0,11.0,0.0,0.0,0.0,0.0,0.0,0.0,0.0,0.0,0.0,0.0,0.0,0.0,0.0,22.0,0.0,0.0,22.0,0.0,0.0,0.0,0.0,0.0,0.0,0.0,0.0,0.0,0.0,11.0,0.0,3.0,11.0,0.0,3.0,8.0,0.0,0.0,8.0,0.0,0.0,0.0,0.0,0.0,0.0,"Mar 17, 2016"
1197,2204146.0,7139.0,Babylon,Hilla,Tajia village,التاجية,32.4348288888,44.4179410734,9.0,54.0,0.0,0.0,0.0,0.0,0.0,0.0,0.0,0.0,0.0,0.0,0.0,0.0,9.0,0.0,0.0,0.0,0.0,0.0,0.0,9.0,0.0,0.0,0.0,0.0,0.0,0.0,0.0,0.0,0.0,0.0,0.0,0.0,0.0,0.0,0.0,0.0,0.0,0.0,0.0,0.0,9.0,0.0,0.0,9.0,0.0,0.0,0.0,0.0,0.0,0.0,0.0,0.0,0.0,0.0,0.0,0.0,"Mar 17, 2016"
1198,2204147.0,25968.0,Babylon,Hilla,Tufail,طفيل,32.40249113,44.29553817,31.0,186.0,0.0,0.0,0.0,0.0,0.0,0.0,0.0,0.0,0.0,0.0,0.0,0.0,31.0,0.0,0.0,0.0,0.0,0.0,0.0,0.0,0.0,0.0,0.0,0.0,0.0,0.0,7.0,0.0,0.0,7.0,0.0,0.0,0.0,0.0,24.0,0.0,0.0,24.0,0.0,0.0,0.0,0.0,31.0,0.0,0.0,31.0,0.0,0.0,0.0,0.0,0.0,0.0,0.0,0.0,0.0,0.0,"Mar 17, 2016"
1199,2204148.0,7097.0,Babylon,Hilla,Zighaib al-arab-1,ناحية ابي غرق-زغيب العرب,32.500330889,44.2715099625,8.0,48.0,0.0,0.0,0.0,0.0,0.0,0.0,0.0,0.0,0.0,0.0,0.0,0.0,8.0,0.0,0.0,0.0,0.0,0.0,0.0,3.0,0.0,0.0,0.0,0.0,0.0,5.0,0.0,5.0,0.0,0.0,0.0,0.0,0.0,0.0,0.0,0.0,0.0,0.0,0.0,0.0,8.0,0.0,0.0,8.0,0.0,0.0,0.0,0.0,0.0,0.0,0.0,0.0,0.0,0.0,0.0,0.0,"Mar 17, 2016"
1200,2204149.0,24420.0,Babylon,Hilla,Zwir AlGharbi,زوير الغربي,32.52028797,44.41629516,19.0,114.0,2.0,0.0,0.0,0.0,0.0,0.0,0.0,0.0,0.0,0.0,0.0,0.0,17.0,0.0,0.0,0.0,0.0,0.0,0.0,0.0,0.0,0.0,0.0,0.0,0.0,0.0,19.0,0.0,0.0,19.0,0.0,0.0,0.0,0.0,0.0,0.0,0.0,0.0,0.0,0.0,17.0,0.0,0.0,17.0,1.0,0.0,1.0,1.0,0.0,1.0,0.0,0.0,0.0,0.0,0.0,0.0,"Mar 17, 2016"
1201,2204151.0,23955.0,Babylon,Hilla,Al-Askari-Al Wesiya,العسكري-الويسية,32.4358749431,44.3987978083,71.0,426.0,36.0,0.0,0.0,0.0,0.0,0.0,0.0,0.0,0.0,0.0,0.0,0.0,35.0,0.0,0.0,0.0,0.0,0.0,0.0,9.0,0.0,0.0,0.0,0.0,0.0,0.0,62.0,0.0,0.0,62.0,0.0,0.0,0.0,0.0,0.0,0.0,0.0,0.0,0.0,0.0,35.0,0.0,0.0,35.0,34.0,0.0,2.0,34.0,0.0,2.0,0.0,0.0,0.0,0.0,0.0,0.0,"Mar 17, 2016"
1202,2204152.0,27373.0,Babylon,Hilla,Muhezim 1,محيزم 1,32.51031556,44.40046166,21.0,126.0,1.0,0.0,0.0,0.0,0.0,0.0,0.0,0.0,0.0,0.0,0.0,0.0,20.0,0.0,0.0,0.0,0.0,0.0,0.0,0.0,0.0,0.0,0.0,0.0,0.0,0.0,21.0,0.0,0.0,21.0,0.0,0.0,0.0,0.0,0.0,0.0,0.0,0.0,0.0,0.0,18.0,0.0,2.0,18.0,1.0,2.0,0.0,1.0,0.0,0.0,0.0,0.0,0.0,0.0,0.0,0.0,"Mar 17, 2016"
1203,2204153.0,27404.0,Babylon,Hilla,Al-Nikhela Al-Garbia,النخيلة الغربية,32.56537033,44.39293329,14.0,84.0,0.0,0.0,0.0,0.0,0.0,0.0,0.0,0.0,0.0,0.0,0.0,0.0,14.0,0.0,0.0,0.0,0.0,0.0,0.0,1.0,0.0,0.0,0.0,0.0,0.0,4.0,5.0,4.0,0.0,5.0,0.0,0.0,4.0,0.0,0.0,4.0,0.0,0.0,1.0,0.0,9.0,1.0,4.0,9.0,0.0,4.0,0.0,0.0,0.0,0.0,0.0,0.0,0.0,0.0,0.0,0.0,"Mar 17, 2016"
1204,2204154.0,27405.0,Babylon,Hilla,Hay Al-Kadhum,حي الكاظم,32.5252452169,44.3382463941,35.0,210.0,3.0,0.0,3.0,0.0,0.0,0.0,0.0,0.0,0.0,0.0,0.0,0.0,28.0,0.0,1.0,0.0,0.0,0.0,0.0,0.0,0.0,0.0,0.0,0.0,0.0,0.0,35.0,0.0,0.0,35.0,0.0,0.0,0.0,0.0,0.0,0.0,0.0,0.0,0.0,0.0,29.0,0.0,3.0,29.0,0.0,3.0,3.0,0.0,0.0,3.0,0.0,0.0,0.0,0.0,0.0,0.0,"Mar 17, 2016"
1205,2204155.0,28456.0,Babylon,Hilla,Hay Al Dhubbat,حي الضباط,32.5039546029,44.4116120665,40.0,240.0,23.0,0.0,1.0,0.0,0.0,0.0,0.0,0.0,0.0,0.0,0.0,0.0,16.0,0.0,0.0,0.0,0.0,0.0,0.0,0.0,0.0,0.0,0.0,0.0,0.0,0.0,40.0,0.0,0.0,40.0,0.0,0.0,0.0,0.0,0.0,0.0,0.0,0.0,0.0,0.0,16.0,0.0,1.0,16.0,12.0,1.0,11.0,12.0,0.0,11.0,0.0,0.0,0.0,0.0,0.0,0.0,"Mar 17, 2016"
1206,2301001.0,21173.0,Baghdad,Abu Ghraib,1 Athar,1 اذار,33.3033213473,44.1854363301,828.0,4968.0,828.0,0.0,0.0,0.0,0.0,0.0,0.0,0.0,0.0,0.0,0.0,0.0,0.0,0.0,0.0,0.0,0.0,0.0,0.0,200.0,0.0,0.0,0.0,8.0,0.0,0.0,620.0,0.0,0.0,620.0,0.0,0.0,0.0,0.0,0.0,0.0,0.0,0.0,100.0,0.0,249.0,100.0,0.0,249.0,0.0,0.0,479.0,0.0,0.0,479.0,0.0,0.0,0.0,0.0,0.0,0.0,"Mar 17, 2016"
1207,2301002.0,7671.0,Baghdad,Abu Ghraib,1 Huzairan,1 حزيران,33.3012386527,44.1338154645,303.0,1818.0,303.0,0.0,0.0,0.0,0.0,0.0,0.0,0.0,0.0,0.0,0.0,0.0,0.0,0.0,0.0,0.0,0.0,0.0,0.0,106.0,0.0,0.0,0.0,0.0,0.0,0.0,197.0,0.0,0.0,197.0,0.0,0.0,0.0,0.0,0.0,0.0,0.0,0.0,120.0,0.0,0.0,120.0,0.0,0.0,0.0,0.0,183.0,0.0,0.0,183.0,0.0,0.0,0.0,0.0,0.0,0.0,"Mar 17, 2016"
1208,2301003.0,24047.0,Baghdad,Abu Ghraib,Abo Moniaser,ابو منيصير,33.2943003676,44.0911685982,1310.0,7860.0,747.0,0.0,563.0,0.0,0.0,0.0,0.0,0.0,0.0,0.0,0.0,0.0,0.0,0.0,0.0,0.0,0.0,0.0,0.0,803.0,0.0,0.0,0.0,0.0,0.0,0.0,418.0,0.0,0.0,418.0,0.0,0.0,0.0,0.0,89.0,0.0,0.0,89.0,200.0,0.0,0.0,200.0,570.0,0.0,211.0,570.0,329.0,211.0,0.0,329.0,0.0,0.0,0.0,0.0,0.0,0.0,"Mar 17, 2016"
1209,2301007.0,24041.0,Baghdad,Abu Ghraib,Akr koof-14,عكركوف(14),33.3476160239,44.1762914807,737.0,4422.0,434.0,0.0,303.0,0.0,0.0,0.0,0.0,0.0,0.0,0.0,0.0,0.0,0.0,0.0,0.0,0.0,0.0,0.0,0.0,198.0,0.0,0.0,0.0,0.0,0.0,0.0,539.0,0.0,0.0,539.0,0.0,0.0,0.0,0.0,0.0,0.0,0.0,0.0,100.0,0.0,0.0,100.0,0.0,0.0,610.0,0.0,27.0,610.0,0.0,27.0,0.0,0.0,0.0,0.0,0.0,0.0,"Mar 17, 2016"
1210,2301008.0,24051.0,Baghdad,Abu Ghraib,Al Abady-Al Tawaraa,العبادي-الطوارئ,33.34917303,44.05400256,142.0,852.0,131.0,0.0,11.0,0.0,0.0,0.0,0.0,0.0,0.0,0.0,0.0,0.0,0.0,0.0,0.0,0.0,0.0,0.0,0.0,115.0,0.0,0.0,0.0,0.0,0.0,0.0,27.0,0.0,0.0,27.0,0.0,0.0,0.0,0.0,0.0,0.0,0.0,0.0,29.0,0.0,0.0,29.0,0.0,0.0,11.0,0.0,102.0,11.0,0.0,102.0,0.0,0.0,0.0,0.0,0.0,0.0,"Mar 17, 2016"
1211,2301009.0,24058.0,Baghdad,Abu Ghraib,Al Ayashiyah 9,العياشية-9,33.3698441189,44.1267246987,182.0,1092.0,122.0,0.0,40.0,0.0,0.0,0.0,0.0,0.0,0.0,0.0,0.0,0.0,0.0,0.0,20.0,0.0,0.0,0.0,0.0,77.0,0.0,0.0,0.0,0.0,0.0,0.0,105.0,0.0,0.0,105.0,0.0,0.0,0.0,0.0,0.0,0.0,0.0,0.0,25.0,0.0,0.0,25.0,0.0,0.0,24.0,0.0,133.0,24.0,0.0,133.0,0.0,0.0,0.0,0.0,0.0,0.0,"Mar 17, 2016"
1212,2301010.0,24050.0,Baghdad,Abu Ghraib,Al Daham,الدهام,33.29938,44.06289,178.0,1068.0,157.0,0.0,21.0,0.0,0.0,0.0,0.0,0.0,0.0,0.0,0.0,0.0,0.0,0.0,0.0,0.0,0.0,0.0,0.0,109.0,0.0,0.0,0.0,0.0,0.0,0.0,69.0,0.0,0.0,69.0,0.0,0.0,0.0,0.0,0.0,0.0,0.0,0.0,11.0,0.0,0.0,11.0,0.0,0.0,21.0,0.0,146.0,21.0,0.0,146.0,0.0,0.0,0.0,0.0,0.0,0.0,"Mar 17, 2016"
1213,2301011.0,24038.0,Baghdad,Abu Ghraib,Al Emarat Al Sakaniyah,العمارات السكنية,33.3140192088,44.179388705,335.0,2010.0,335.0,0.0,0.0,0.0,0.0,0.0,0.0,0.0,0.0,0.0,0.0,0.0,0.0,0.0,0.0,0.0,0.0,0.0,0.0,139.0,0.0,0.0,0.0,0.0,0.0,0.0,196.0,0.0,0.0,196.0,0.0,0.0,0.0,0.0,0.0,0.0,0.0,0.0,50.0,0.0,0.0,50.0,0.0,0.0,128.0,0.0,157.0,128.0,0.0,157.0,0.0,0.0,0.0,0.0,0.0,0.0,"Mar 17, 2016"
1214,2301012.0,24048.0,Baghdad,Abu Ghraib,Al Hamdaniyah,الحمدانية,33.3377035696,44.0733058177,593.0,3558.0,267.0,0.0,221.0,0.0,0.0,20.0,0.0,0.0,0.0,0.0,0.0,0.0,0.0,0.0,85.0,0.0,0.0,0.0,0.0,333.0,0.0,0.0,0.0,0.0,0.0,0.0,260.0,0.0,0.0,260.0,0.0,0.0,0.0,0.0,0.0,0.0,0.0,0.0,52.0,0.0,0.0,52.0,0.0,0.0,401.0,0.0,140.0,401.0,0.0,140.0,0.0,0.0,0.0,0.0,0.0,0.0,"Mar 17, 2016"
1215,2301014.0,24049.0,Baghdad,Abu Ghraib,Al Zaidan,الزيدان,33.24860468,44.02620859,347.0,2082.0,124.0,0.0,207.0,0.0,0.0,0.0,0.0,0.0,0.0,0.0,0.0,0.0,16.0,0.0,0.0,0.0,0.0,0.0,0.0,140.0,0.0,0.0,0.0,0.0,0.0,0.0,207.0,0.0,0.0,207.0,0.0,0.0,0.0,0.0,0.0,0.0,0.0,0.0,91.0,0.0,0.0,91.0,0.0,0.0,129.0,0.0,127.0,129.0,0.0,127.0,0.0,0.0,0.0,0.0,0.0,0.0,"Mar 17, 2016"
1216,2301015.0,7662.0,Baghdad,Abu Ghraib,Al-Dhahab Al-Abyadh,الذهب الأبيض,33.3147962928,44.1662827524,1258.0,7548.0,1204.0,0.0,20.0,0.0,0.0,0.0,0.0,0.0,0.0,0.0,0.0,0.0,0.0,0.0,34.0,0.0,0.0,0.0,0.0,339.0,0.0,0.0,0.0,0.0,0.0,0.0,919.0,0.0,0.0,919.0,0.0,0.0,0.0,0.0,0.0,0.0,0.0,0.0,53.0,0.0,0.0,53.0,0.0,0.0,340.0,0.0,865.0,340.0,0.0,865.0,0.0,0.0,0.0,0.0,0.0,0.0,"Mar 17, 2016"
1217,2301016.0,23867.0,Baghdad,Abu Ghraib,Al-Nasir Walsalam-1000,النصر والسلام-1000,33.3005843159,44.0418354893,582.0,3492.0,370.0,0.0,212.0,0.0,0.0,0.0,0.0,0.0,0.0,0.0,0.0,0.0,0.0,0.0,0.0,0.0,0.0,0.0,0.0,230.0,0.0,27.0,0.0,0.0,27.0,0.0,325.0,0.0,0.0,325.0,0.0,0.0,0.0,0.0,0.0,0.0,0.0,0.0,153.0,0.0,0.0,153.0,0.0,0.0,260.0,0.0,169.0,260.0,0.0,169.0,0.0,0.0,0.0,0.0,0.0,0.0,"Mar 17, 2016"
1218,2301017.0,23864.0,Baghdad,Abu Ghraib,Al-Nasir Walsalam-2000,النصر والسلام-2000,33.3103151893,44.0321604333,261.0,1566.0,121.0,0.0,124.0,0.0,0.0,0.0,0.0,0.0,0.0,0.0,0.0,0.0,10.0,0.0,6.0,0.0,0.0,0.0,0.0,114.0,0.0,0.0,0.0,0.0,0.0,0.0,147.0,0.0,0.0,147.0,0.0,0.0,0.0,0.0,0.0,0.0,0.0,0.0,0.0,0.0,0.0,0.0,0.0,0.0,140.0,0.0,121.0,140.0,0.0,121.0,0.0,0.0,0.0,0.0,0.0,0.0,"Mar 17, 2016"
1219,2301018.0,7626.0,Baghdad,Abu Ghraib,Al-Nasir Walsalam-3000,النصر والسلام-3000,33.3100092337,44.0215891903,1130.0,6780.0,972.0,0.0,158.0,0.0,0.0,0.0,0.0,0.0,0.0,0.0,0.0,0.0,0.0,0.0,0.0,0.0,0.0,0.0,0.0,544.0,0.0,0.0,0.0,0.0,0.0,0.0,586.0,0.0,0.0,586.0,0.0,0.0,0.0,0.0,0.0,0.0,0.0,0.0,129.0,0.0,0.0,129.0,0.0,0.0,758.0,0.0,243.0,758.0,0.0,243.0,0.0,0.0,0.0,0.0,0.0,0.0,"Mar 17, 2016"
1220,2301019.0,24044.0,Baghdad,Abu Ghraib,Al-Nasir Walsalam-4000,النصر والسلام-4000,33.3065822497,44.0233145496,1072.0,6432.0,734.0,0.0,338.0,0.0,0.0,0.0,0.0,0.0,0.0,0.0,0.0,0.0,0.0,0.0,0.0,0.0,0.0,0.0,0.0,600.0,0.0,0.0,0.0,0.0,0.0,0.0,472.0,0.0,0.0,472.0,0.0,0.0,0.0,0.0,0.0,0.0,0.0,0.0,149.0,0.0,0.0,149.0,0.0,0.0,677.0,0.0,246.0,677.0,0.0,246.0,0.0,0.0,0.0,0.0,0.0,0.0,"Mar 17, 2016"
1221,2301020.0,23866.0,Baghdad,Abu Ghraib,Al-Nasir Walsalam-5000,النصر والسلام-5000,33.3036633454,44.027626029,487.0,2922.0,310.0,0.0,177.0,0.0,0.0,0.0,0.0,0.0,0.0,0.0,0.0,0.0,0.0,0.0,0.0,0.0,0.0,0.0,0.0,290.0,0.0,0.0,0.0,0.0,0.0,0.0,197.0,0.0,0.0,197.0,0.0,0.0,0.0,0.0,0.0,0.0,0.0,0.0,100.0,0.0,0.0,100.0,0.0,0.0,244.0,0.0,143.0,244.0,0.0,143.0,0.0,0.0,0.0,0.0,0.0,0.0,"Mar 17, 2016"
1222,2301021.0,23865.0,Baghdad,Abu Ghraib,Al-Nasir Walsalam-6000,النصر والسلام-6000,33.2938779747,44.0408240712,586.0,3516.0,326.0,0.0,260.0,0.0,0.0,0.0,0.0,0.0,0.0,0.0,0.0,0.0,0.0,0.0,0.0,0.0,0.0,0.0,0.0,340.0,0.0,0.0,0.0,0.0,0.0,0.0,246.0,0.0,0.0,246.0,0.0,0.0,0.0,0.0,0.0,0.0,0.0,0.0,62.0,0.0,0.0,62.0,0.0,0.0,184.0,0.0,340.0,184.0,0.0,340.0,0.0,0.0,0.0,0.0,0.0,0.0,"Mar 17, 2016"
1223,2301022.0,24045.0,Baghdad,Abu Ghraib,Al-Nasir Walsalam-7000,النصر والسلام-7000,33.298550439,44.0264265363,736.0,4416.0,589.0,0.0,127.0,0.0,0.0,0.0,0.0,0.0,0.0,0.0,0.0,0.0,12.0,0.0,8.0,0.0,0.0,0.0,0.0,507.0,0.0,0.0,0.0,0.0,0.0,0.0,229.0,0.0,0.0,229.0,0.0,0.0,0.0,0.0,0.0,0.0,0.0,0.0,98.0,0.0,0.0,98.0,0.0,0.0,450.0,0.0,188.0,450.0,0.0,188.0,0.0,0.0,0.0,0.0,0.0,0.0,"Mar 17, 2016"
1224,2301023.0,24046.0,Baghdad,Abu Ghraib,Al-Nasir Walsalam-8000,النصر والسلام-8000,33.295430854,44.0345979976,880.0,5280.0,640.0,0.0,240.0,0.0,0.0,0.0,0.0,0.0,0.0,0.0,0.0,0.0,0.0,0.0,0.0,0.0,0.0,0.0,143.0,269.0,0.0,0.0,0.0,0.0,0.0,0.0,468.0,0.0,0.0,468.0,0.0,0.0,0.0,0.0,0.0,0.0,0.0,0.0,120.0,0.0,0.0,120.0,0.0,0.0,540.0,0.0,220.0,540.0,0.0,220.0,0.0,0.0,0.0,0.0,0.0,0.0,"Mar 17, 2016"
1225,2301024.0,7658.0,Baghdad,Abu Ghraib,Al-Resalah,الرسالة,33.2972104441,44.1190843447,1353.0,8118.0,1250.0,0.0,93.0,0.0,0.0,3.0,0.0,0.0,0.0,0.0,0.0,0.0,0.0,0.0,7.0,0.0,0.0,0.0,0.0,873.0,0.0,0.0,0.0,0.0,0.0,0.0,480.0,0.0,0.0,480.0,0.0,0.0,0.0,0.0,0.0,0.0,0.0,0.0,200.0,0.0,66.0,200.0,0.0,66.0,524.0,0.0,563.0,524.0,0.0,563.0,0.0,0.0,0.0,0.0,0.0,0.0,"Mar 17, 2016"
1226,2301025.0,24104.0,Baghdad,Abu Ghraib,Markza abu Ghraib-Al baetra,مركز ابو غريب-البيطرة,33.3260454,44.19757099,238.0,1428.0,212.0,0.0,26.0,0.0,0.0,0.0,0.0,0.0,0.0,0.0,0.0,0.0,0.0,0.0,0.0,0.0,0.0,0.0,0.0,125.0,0.0,0.0,0.0,0.0,0.0,0.0,113.0,0.0,0.0,113.0,0.0,0.0,0.0,0.0,0.0,0.0,0.0,0.0,125.0,0.0,0.0,125.0,0.0,0.0,26.0,0.0,87.0,26.0,0.0,87.0,0.0,0.0,0.0,0.0,0.0,0.0,"Mar 17, 2016"
1227,2301026.0,24054.0,Baghdad,Abu Ghraib,Arab Tahoos,عرب طاحوس,33.2931911695,44.0011548198,64.0,384.0,64.0,0.0,0.0,0.0,0.0,0.0,0.0,0.0,0.0,0.0,0.0,0.0,0.0,0.0,0.0,0.0,0.0,0.0,0.0,64.0,0.0,0.0,0.0,0.0,0.0,0.0,0.0,0.0,0.0,0.0,0.0,0.0,0.0,0.0,0.0,0.0,0.0,0.0,11.0,0.0,0.0,11.0,0.0,0.0,0.0,0.0,53.0,0.0,0.0,53.0,0.0,0.0,0.0,0.0,0.0,0.0,"Mar 17, 2016"
1228,2301027.0,24036.0,Baghdad,Abu Ghraib,Door Al hummer,دور الحمر,33.3114981916,44.174230945,333.0,1998.0,308.0,0.0,25.0,0.0,0.0,0.0,0.0,0.0,0.0,0.0,0.0,0.0,0.0,0.0,0.0,0.0,0.0,0.0,0.0,210.0,0.0,0.0,0.0,0.0,0.0,0.0,123.0,0.0,0.0,123.0,0.0,0.0,0.0,0.0,0.0,0.0,0.0,0.0,16.0,0.0,58.0,16.0,0.0,58.0,25.0,0.0,234.0,25.0,0.0,234.0,0.0,0.0,0.0,0.0,0.0,0.0,"Mar 17, 2016"
1229,2301029.0,24042.0,Baghdad,Abu Ghraib,Ghirbawy 1,غرباوي-1,33.288,43.9187,87.0,522.0,87.0,0.0,0.0,0.0,0.0,0.0,0.0,0.0,0.0,0.0,0.0,0.0,0.0,0.0,0.0,0.0,0.0,0.0,0.0,72.0,0.0,0.0,0.0,0.0,0.0,0.0,15.0,0.0,0.0,15.0,0.0,0.0,0.0,0.0,0.0,0.0,0.0,0.0,43.0,0.0,0.0,43.0,0.0,0.0,0.0,0.0,44.0,0.0,0.0,44.0,0.0,0.0,0.0,0.0,0.0,0.0,"Mar 17, 2016"
1230,2301030.0,24055.0,Baghdad,Abu Ghraib,Hamid Al Hasan,حميد الحسن,33.2953688961,44.0748100133,97.0,582.0,55.0,0.0,42.0,0.0,0.0,0.0,0.0,0.0,0.0,0.0,0.0,0.0,0.0,0.0,0.0,0.0,0.0,0.0,0.0,55.0,0.0,0.0,0.0,0.0,0.0,0.0,42.0,0.0,0.0,42.0,0.0,0.0,0.0,0.0,0.0,0.0,0.0,0.0,17.0,0.0,0.0,17.0,0.0,0.0,25.0,0.0,55.0,25.0,0.0,55.0,0.0,0.0,0.0,0.0,0.0,0.0,"Mar 17, 2016"
1231,2301031.0,24033.0,Baghdad,Abu Ghraib,Hay Al Asreyah,حي العصرية,33.3228419714,44.1996684423,701.0,4206.0,701.0,0.0,0.0,0.0,0.0,0.0,0.0,0.0,0.0,0.0,0.0,0.0,0.0,0.0,0.0,0.0,0.0,0.0,0.0,194.0,0.0,0.0,0.0,0.0,0.0,0.0,507.0,0.0,0.0,507.0,0.0,0.0,0.0,0.0,0.0,0.0,0.0,0.0,40.0,0.0,0.0,40.0,0.0,0.0,187.0,0.0,474.0,187.0,0.0,474.0,0.0,0.0,0.0,0.0,0.0,0.0,"Mar 17, 2016"
1232,2301032.0,24034.0,Baghdad,Abu Ghraib,Hay Al Ghawassah,حي الغواصة,33.296642372,44.1454898052,311.0,1866.0,311.0,0.0,0.0,0.0,0.0,0.0,0.0,0.0,0.0,0.0,0.0,0.0,0.0,0.0,0.0,0.0,0.0,0.0,0.0,245.0,0.0,0.0,0.0,0.0,0.0,0.0,66.0,0.0,0.0,66.0,0.0,0.0,0.0,0.0,0.0,0.0,0.0,0.0,35.0,0.0,0.0,35.0,0.0,0.0,30.0,0.0,246.0,30.0,0.0,246.0,0.0,0.0,0.0,0.0,0.0,0.0,"Mar 17, 2016"
1233,2301033.0,24043.0,Baghdad,Abu Ghraib,Hay Al Madfay,حي المدفعي,33.30468256,44.16759336,305.0,1830.0,266.0,0.0,39.0,0.0,0.0,0.0,0.0,0.0,0.0,0.0,0.0,0.0,0.0,0.0,0.0,0.0,0.0,0.0,0.0,122.0,0.0,0.0,0.0,0.0,0.0,0.0,183.0,0.0,0.0,183.0,0.0,0.0,0.0,0.0,0.0,0.0,0.0,0.0,40.0,0.0,0.0,40.0,0.0,0.0,39.0,0.0,226.0,39.0,0.0,226.0,0.0,0.0,0.0,0.0,0.0,0.0,"Mar 17, 2016"
1234,2301034.0,24032.0,Baghdad,Abu Ghraib,Hay Al Sadiq,حي الصديق,33.3004440474,44.1909309288,378.0,2268.0,356.0,0.0,22.0,0.0,0.0,0.0,0.0,0.0,0.0,0.0,0.0,0.0,0.0,0.0,0.0,0.0,0.0,0.0,0.0,192.0,0.0,0.0,0.0,0.0,0.0,0.0,186.0,0.0,0.0,186.0,0.0,0.0,0.0,0.0,0.0,0.0,0.0,0.0,50.0,0.0,105.0,50.0,0.0,105.0,0.0,0.0,223.0,0.0,0.0,223.0,0.0,0.0,0.0,0.0,0.0,0.0,"Mar 17, 2016"
1235,2301035.0,7623.0,Baghdad,Abu Ghraib,Al Zaitoon,الزيتون,33.3127515847,44.2010185519,1116.0,6696.0,1049.0,0.0,0.0,0.0,0.0,0.0,0.0,0.0,0.0,0.0,0.0,0.0,0.0,0.0,67.0,0.0,0.0,0.0,0.0,383.0,0.0,31.0,0.0,0.0,31.0,0.0,702.0,0.0,0.0,702.0,0.0,0.0,0.0,0.0,0.0,0.0,0.0,0.0,100.0,0.0,16.0,100.0,0.0,16.0,289.0,0.0,711.0,289.0,0.0,711.0,0.0,0.0,0.0,0.0,0.0,0.0,"Mar 17, 2016"
1236,2301036.0,24039.0,Baghdad,Abu Ghraib,Hay Al Zohor,حي الزهور,33.311452335,44.1870208869,1082.0,6492.0,1082.0,0.0,0.0,0.0,0.0,0.0,0.0,0.0,0.0,0.0,0.0,0.0,0.0,0.0,0.0,0.0,0.0,0.0,0.0,731.0,0.0,0.0,0.0,0.0,0.0,0.0,351.0,0.0,0.0,351.0,0.0,0.0,0.0,0.0,0.0,0.0,0.0,0.0,200.0,0.0,0.0,200.0,0.0,0.0,367.0,0.0,515.0,367.0,0.0,515.0,0.0,0.0,0.0,0.0,0.0,0.0,"Mar 17, 2016"
1237,2301038.0,7553.0,Baghdad,Abu Ghraib,Hay Al-Shuhadaa,حي الشهداء-خان ضاري,33.2945232332,44.0556337292,1250.0,7500.0,605.0,4.0,641.0,0.0,0.0,0.0,0.0,0.0,0.0,0.0,0.0,0.0,0.0,0.0,0.0,0.0,0.0,0.0,0.0,614.0,0.0,0.0,0.0,0.0,0.0,0.0,636.0,0.0,0.0,636.0,0.0,0.0,0.0,0.0,0.0,0.0,0.0,0.0,529.0,0.0,0.0,529.0,0.0,0.0,461.0,0.0,260.0,461.0,0.0,260.0,0.0,0.0,0.0,0.0,0.0,0.0,"Mar 17, 2016"
1238,2301039.0,22050.0,Baghdad,Abu Ghraib,Hay Ashbilia,حي اشبيليه,33.3047462623,44.1681249774,400.0,2400.0,400.0,0.0,0.0,0.0,0.0,0.0,0.0,0.0,0.0,0.0,0.0,0.0,0.0,0.0,0.0,0.0,0.0,0.0,0.0,177.0,0.0,0.0,0.0,0.0,0.0,0.0,223.0,0.0,0.0,223.0,0.0,0.0,0.0,0.0,0.0,0.0,0.0,0.0,0.0,0.0,213.0,0.0,0.0,213.0,0.0,0.0,187.0,0.0,0.0,187.0,0.0,0.0,0.0,0.0,0.0,0.0,"Mar 17, 2016"
1239,2301041.0,20971.0,Baghdad,Abu Ghraib,Hay Shuhada Markza,الشهداء-المركز,33.3086862,44.18356306,1614.0,9684.0,1503.0,0.0,48.0,0.0,0.0,8.0,0.0,0.0,0.0,0.0,0.0,0.0,6.0,0.0,49.0,0.0,0.0,0.0,0.0,355.0,0.0,0.0,0.0,0.0,0.0,6.0,1217.0,6.0,0.0,1217.0,0.0,0.0,0.0,0.0,36.0,0.0,0.0,36.0,200.0,0.0,111.0,200.0,0.0,111.0,617.0,0.0,686.0,617.0,0.0,686.0,0.0,0.0,0.0,0.0,0.0,0.0,"Mar 17, 2016"
1240,2301042.0,24052.0,Baghdad,Abu Ghraib,Hay Sinaa,حي سيناء,33.2854783342,44.0540168139,80.0,480.0,54.0,0.0,26.0,0.0,0.0,0.0,0.0,0.0,0.0,0.0,0.0,0.0,0.0,0.0,0.0,0.0,0.0,0.0,0.0,57.0,0.0,0.0,0.0,0.0,0.0,0.0,23.0,0.0,0.0,23.0,0.0,0.0,0.0,0.0,0.0,0.0,0.0,0.0,5.0,0.0,0.0,5.0,0.0,0.0,26.0,0.0,49.0,26.0,0.0,49.0,0.0,0.0,0.0,0.0,0.0,0.0,"Mar 17, 2016"
1241,2301043.0,25129.0,Baghdad,Abu Ghraib,Hay-Busatan,حي البستان,33.3004271682,44.1778411522,886.0,5316.0,835.0,0.0,45.0,0.0,0.0,0.0,0.0,0.0,0.0,0.0,0.0,0.0,6.0,0.0,0.0,0.0,0.0,0.0,0.0,347.0,0.0,0.0,0.0,0.0,0.0,0.0,539.0,0.0,0.0,539.0,0.0,0.0,0.0,0.0,0.0,0.0,0.0,0.0,0.0,0.0,38.0,0.0,0.0,38.0,228.0,0.0,620.0,228.0,0.0,620.0,0.0,0.0,0.0,0.0,0.0,0.0,"Mar 17, 2016"
1242,2301044.0,24056.0,Baghdad,Abu Ghraib,Kadem Al Athab village,كاظم العذاب,33.3135564908,44.0639620695,212.0,1272.0,89.0,0.0,123.0,0.0,0.0,0.0,0.0,0.0,0.0,0.0,0.0,0.0,0.0,0.0,0.0,0.0,0.0,0.0,0.0,87.0,0.0,0.0,0.0,0.0,0.0,0.0,125.0,0.0,0.0,125.0,0.0,0.0,0.0,0.0,0.0,0.0,0.0,0.0,7.0,0.0,0.0,7.0,0.0,0.0,123.0,0.0,82.0,123.0,0.0,82.0,0.0,0.0,0.0,0.0,0.0,0.0,"Mar 17, 2016"
1243,2301045.0,25126.0,Baghdad,Abu Ghraib,Khan Dhari Center,خان ضاري مركز,33.2994513974,44.0579239832,1140.0,6840.0,413.0,0.0,704.0,0.0,0.0,0.0,0.0,0.0,0.0,0.0,0.0,0.0,0.0,0.0,23.0,0.0,0.0,0.0,0.0,474.0,0.0,0.0,0.0,0.0,0.0,0.0,654.0,0.0,0.0,654.0,0.0,0.0,0.0,0.0,12.0,0.0,0.0,12.0,0.0,0.0,0.0,0.0,0.0,0.0,1006.0,0.0,134.0,1006.0,0.0,134.0,0.0,0.0,0.0,0.0,0.0,0.0,"Mar 17, 2016"
1244,2301046.0,24057.0,Baghdad,Abu Ghraib,Kharnabat 13,خرنابات13,33.32313,44.19294,220.0,1320.0,220.0,0.0,0.0,0.0,0.0,0.0,0.0,0.0,0.0,0.0,0.0,0.0,0.0,0.0,0.0,0.0,0.0,0.0,0.0,115.0,0.0,0.0,0.0,0.0,0.0,0.0,80.0,0.0,0.0,80.0,0.0,0.0,0.0,0.0,25.0,0.0,0.0,25.0,0.0,0.0,0.0,0.0,0.0,0.0,0.0,0.0,220.0,0.0,0.0,220.0,0.0,0.0,0.0,0.0,0.0,0.0,"Mar 17, 2016"
1245,2301047.0,7709.0,Baghdad,Abu Ghraib,North Khernabat,خرنابات الشمالية,33.3290458689,44.1941221825,1125.0,6750.0,1104.0,0.0,21.0,0.0,0.0,0.0,0.0,0.0,0.0,0.0,0.0,0.0,0.0,0.0,0.0,0.0,0.0,0.0,0.0,530.0,0.0,0.0,0.0,0.0,0.0,0.0,595.0,0.0,0.0,595.0,0.0,0.0,0.0,0.0,0.0,0.0,0.0,0.0,660.0,0.0,0.0,660.0,0.0,0.0,21.0,0.0,444.0,21.0,0.0,444.0,0.0,0.0,0.0,0.0,0.0,0.0,"Mar 17, 2016"
1246,2301048.0,25128.0,Baghdad,Abu Ghraib,Khernabat-South,خرنابات الجنوبيه,33.3205739005,44.1925306884,472.0,2832.0,472.0,0.0,0.0,0.0,0.0,0.0,0.0,0.0,0.0,0.0,0.0,0.0,0.0,0.0,0.0,0.0,0.0,0.0,0.0,225.0,0.0,0.0,0.0,0.0,0.0,0.0,247.0,0.0,0.0,247.0,0.0,0.0,0.0,0.0,0.0,0.0,0.0,0.0,0.0,0.0,225.0,0.0,0.0,225.0,0.0,0.0,247.0,0.0,0.0,247.0,0.0,0.0,0.0,0.0,0.0,0.0,"Mar 17, 2016"
1247,2301049.0,24035.0,Baghdad,Abu Ghraib,Sayed Sajit,سيد ساجت,33.3176206694,44.1856408884,811.0,4866.0,811.0,0.0,0.0,0.0,0.0,0.0,0.0,0.0,0.0,0.0,0.0,0.0,0.0,0.0,0.0,0.0,0.0,0.0,0.0,410.0,0.0,0.0,0.0,0.0,0.0,0.0,401.0,0.0,0.0,401.0,0.0,0.0,0.0,0.0,0.0,0.0,0.0,0.0,10.0,0.0,0.0,10.0,0.0,0.0,183.0,0.0,618.0,183.0,0.0,618.0,0.0,0.0,0.0,0.0,0.0,0.0,"Mar 17, 2016"
1248,2301055.0,27247.0,Baghdad,Abu Ghraib,Al Shams complex,مجمع الشمس,33.3145180731,44.0212471472,673.0,4038.0,673.0,0.0,0.0,0.0,0.0,0.0,0.0,0.0,0.0,0.0,0.0,0.0,0.0,0.0,0.0,0.0,0.0,0.0,0.0,0.0,0.0,673.0,0.0,0.0,673.0,0.0,0.0,0.0,0.0,0.0,0.0,0.0,0.0,0.0,0.0,0.0,0.0,0.0,0.0,0.0,0.0,0.0,0.0,0.0,0.0,0.0,673.0,0.0,0.0,673.0,0.0,0.0,0.0,0.0,0.0,0.0,"Mar 17, 2016"
1249,2301056.0,27290.0,Baghdad,Abu Ghraib,Joabh-3,جويبة-3,33.3879422367,44.1424758005,100.0,600.0,62.0,0.0,38.0,0.0,0.0,0.0,0.0,0.0,0.0,0.0,0.0,0.0,0.0,0.0,0.0,0.0,0.0,0.0,0.0,70.0,0.0,0.0,0.0,0.0,0.0,0.0,30.0,0.0,0.0,30.0,0.0,0.0,0.0,0.0,0.0,0.0,0.0,0.0,0.0,0.0,0.0,0.0,0.0,0.0,38.0,0.0,62.0,38.0,0.0,62.0,0.0,0.0,0.0,0.0,0.0,0.0,"Mar 17, 2016"
1250,2301057.0,27291.0,Baghdad,Abu Ghraib,Al Thaniya,الثنية,33.3442201262,44.1749737717,150.0,900.0,130.0,0.0,9.0,0.0,0.0,0.0,0.0,0.0,0.0,0.0,0.0,0.0,0.0,0.0,11.0,0.0,0.0,0.0,0.0,96.0,0.0,0.0,0.0,0.0,0.0,0.0,54.0,0.0,0.0,54.0,0.0,0.0,0.0,0.0,0.0,0.0,0.0,0.0,0.0,0.0,0.0,0.0,0.0,0.0,20.0,0.0,130.0,20.0,0.0,130.0,0.0,0.0,0.0,0.0,0.0,0.0,"Mar 17, 2016"
1251,2302001.0,25209.0,Baghdad,Adhamia,Abdualzobaa village,قرية عبد الزوبع,33.53705719,44.34940696,20.0,120.0,4.0,0.0,0.0,0.0,0.0,8.0,0.0,0.0,0.0,0.0,0.0,0.0,0.0,0.0,8.0,0.0,0.0,0.0,0.0,17.0,0.0,0.0,0.0,0.0,0.0,0.0,3.0,0.0,0.0,3.0,0.0,0.0,0.0,0.0,0.0,0.0,0.0,0.0,0.0,0.0,0.0,0.0,8.0,0.0,8.0,8.0,4.0,8.0,0.0,4.0,0.0,0.0,0.0,0.0,0.0,0.0,"Mar 17, 2016"
1252,2302002.0,24989.0,Baghdad,Adhamia,Abu Guffa Village,قرية أبو كفة,33.5384265072,44.3267169033,56.0,336.0,6.0,0.0,0.0,0.0,0.0,16.0,0.0,0.0,0.0,0.0,0.0,0.0,14.0,0.0,20.0,0.0,0.0,0.0,0.0,2.0,0.0,0.0,0.0,0.0,0.0,0.0,54.0,0.0,0.0,54.0,0.0,0.0,0.0,0.0,0.0,0.0,0.0,0.0,0.0,0.0,14.0,0.0,35.0,14.0,0.0,35.0,7.0,0.0,0.0,7.0,0.0,0.0,0.0,0.0,0.0,0.0,"Mar 17, 2016"
1253,2302003.0,25217.0,Baghdad,Adhamia,Adalyah village,قرية العدالية,33.4356,44.37336,5.0,30.0,0.0,0.0,0.0,0.0,0.0,0.0,0.0,0.0,0.0,0.0,0.0,0.0,0.0,0.0,5.0,0.0,0.0,0.0,0.0,5.0,0.0,0.0,0.0,0.0,0.0,0.0,0.0,0.0,0.0,0.0,0.0,0.0,0.0,0.0,0.0,0.0,0.0,0.0,0.0,0.0,0.0,0.0,5.0,0.0,0.0,5.0,0.0,0.0,0.0,0.0,0.0,0.0,0.0,0.0,0.0,0.0,"Mar 17, 2016"
1254,2302004.0,7717.0,Baghdad,Adhamia,Adhamia-308,الاعظمية-308,33.3688919164,44.3620641746,236.0,1416.0,181.0,0.0,0.0,0.0,0.0,10.0,0.0,0.0,0.0,0.0,0.0,0.0,14.0,0.0,31.0,0.0,0.0,0.0,0.0,108.0,0.0,0.0,0.0,0.0,0.0,0.0,128.0,0.0,0.0,128.0,0.0,0.0,0.0,0.0,0.0,0.0,0.0,0.0,52.0,0.0,81.0,52.0,0.0,81.0,41.0,0.0,62.0,41.0,0.0,62.0,0.0,0.0,0.0,0.0,0.0,0.0,"Mar 17, 2016"
1255,2302005.0,7730.0,Baghdad,Adhamia,Adhamia-312,الاعظمية-312,33.3702673045,44.3560919202,620.0,3720.0,399.0,0.0,85.0,0.0,0.0,8.0,0.0,0.0,0.0,0.0,0.0,0.0,41.0,0.0,87.0,0.0,0.0,0.0,0.0,145.0,0.0,170.0,0.0,0.0,170.0,17.0,288.0,17.0,0.0,288.0,0.0,0.0,0.0,0.0,0.0,0.0,0.0,0.0,154.0,0.0,43.0,154.0,21.0,43.0,266.0,21.0,136.0,266.0,0.0,136.0,0.0,0.0,0.0,0.0,0.0,0.0,"Mar 17, 2016"
1256,2302006.0,23646.0,Baghdad,Adhamia,Adhamia-314,الأعظمية-314,33.3723172832,44.3646259349,623.0,3738.0,310.0,0.0,3.0,0.0,0.0,2.0,0.0,0.0,0.0,0.0,0.0,0.0,68.0,0.0,240.0,0.0,0.0,0.0,0.0,39.0,0.0,0.0,0.0,0.0,0.0,0.0,584.0,0.0,0.0,584.0,0.0,0.0,0.0,0.0,0.0,0.0,0.0,0.0,172.0,0.0,66.0,172.0,151.0,66.0,225.0,151.0,9.0,225.0,0.0,9.0,0.0,0.0,0.0,0.0,0.0,0.0,"Mar 17, 2016"
1257,2302007.0,23728.0,Baghdad,Adhamia,Adhamiya-310,الاعظمية-310,33.3657624508,44.3533884767,226.0,1356.0,132.0,0.0,0.0,0.0,0.0,7.0,0.0,0.0,0.0,0.0,0.0,0.0,41.0,0.0,46.0,0.0,0.0,0.0,0.0,67.0,0.0,0.0,0.0,0.0,0.0,0.0,109.0,0.0,0.0,109.0,0.0,0.0,0.0,0.0,50.0,0.0,0.0,50.0,26.0,0.0,23.0,26.0,31.0,23.0,49.0,31.0,97.0,49.0,0.0,97.0,0.0,0.0,0.0,0.0,0.0,0.0,"Mar 17, 2016"
1258,2302008.0,23729.0,Baghdad,Adhamia,Al Qahira-324,القاهرة-324,33.3847301823,44.3834480814,340.0,2040.0,180.0,0.0,0.0,0.0,0.0,8.0,0.0,0.0,0.0,0.0,0.0,0.0,25.0,0.0,127.0,0.0,0.0,0.0,0.0,38.0,0.0,0.0,0.0,0.0,0.0,54.0,248.0,54.0,0.0,248.0,0.0,0.0,0.0,0.0,0.0,0.0,0.0,0.0,62.0,0.0,32.0,62.0,78.0,32.0,77.0,78.0,91.0,77.0,0.0,91.0,0.0,0.0,0.0,0.0,0.0,0.0,"Mar 17, 2016"
1259,2302009.0,7331.0,Baghdad,Adhamia,Hay Al Badaa,حي البدعة,33.55347082,44.38307779,19.0,114.0,0.0,0.0,0.0,0.0,0.0,5.0,0.0,0.0,0.0,0.0,0.0,0.0,0.0,0.0,14.0,0.0,0.0,0.0,0.0,8.0,0.0,0.0,0.0,0.0,0.0,0.0,11.0,0.0,0.0,11.0,0.0,0.0,0.0,0.0,0.0,0.0,0.0,0.0,0.0,0.0,0.0,0.0,12.0,0.0,7.0,12.0,0.0,7.0,0.0,0.0,0.0,0.0,0.0,0.0,0.0,0.0,"Mar 17, 2016"
1260,2302010.0,24173.0,Baghdad,Adhamia,Al Basaten-362,البساتين-362,33.4423206373,44.3750336992,57.0,342.0,27.0,6.0,0.0,0.0,0.0,13.0,0.0,0.0,0.0,0.0,0.0,0.0,0.0,0.0,11.0,0.0,0.0,0.0,0.0,20.0,0.0,0.0,0.0,0.0,0.0,0.0,37.0,0.0,0.0,37.0,0.0,0.0,0.0,0.0,0.0,0.0,0.0,0.0,0.0,0.0,11.0,0.0,0.0,11.0,19.0,0.0,27.0,19.0,0.0,27.0,0.0,0.0,0.0,0.0,0.0,0.0,"Mar 17, 2016"
1261,2302011.0,24175.0,Baghdad,Adhamia,Al Basaten Al sadren complex,البساتين-مجمع الصدرين,33.4117000589,44.3773331427,95.0,570.0,25.0,0.0,0.0,0.0,0.0,26.0,0.0,0.0,0.0,0.0,0.0,0.0,32.0,0.0,12.0,0.0,0.0,0.0,0.0,63.0,0.0,0.0,0.0,0.0,0.0,0.0,32.0,0.0,0.0,32.0,0.0,0.0,0.0,0.0,0.0,0.0,0.0,0.0,0.0,0.0,57.0,0.0,0.0,57.0,29.0,0.0,9.0,29.0,0.0,9.0,0.0,0.0,0.0,0.0,0.0,0.0,"Mar 17, 2016"
1262,2302012.0,7740.0,Baghdad,Adhamia,Al Bayariq village,قرية البيارق,33.45420754,44.33556293,52.0,312.0,44.0,0.0,0.0,0.0,0.0,8.0,0.0,0.0,0.0,0.0,0.0,0.0,0.0,0.0,0.0,0.0,0.0,0.0,0.0,17.0,0.0,0.0,0.0,0.0,0.0,0.0,35.0,0.0,0.0,35.0,0.0,0.0,0.0,0.0,0.0,0.0,0.0,0.0,0.0,0.0,0.0,0.0,27.0,0.0,10.0,27.0,15.0,10.0,0.0,15.0,0.0,0.0,0.0,0.0,0.0,0.0,"Mar 17, 2016"
1263,2302013.0,24030.0,Baghdad,Adhamia,Al Biydhaa-321,البيضاء-321,33.3874964689,44.4049726491,79.0,474.0,21.0,0.0,0.0,0.0,0.0,10.0,0.0,0.0,5.0,0.0,0.0,0.0,30.0,0.0,13.0,0.0,0.0,0.0,0.0,34.0,0.0,0.0,0.0,0.0,0.0,0.0,45.0,0.0,0.0,45.0,0.0,0.0,0.0,0.0,0.0,0.0,0.0,0.0,14.0,0.0,16.0,14.0,10.0,16.0,31.0,10.0,8.0,31.0,0.0,8.0,0.0,0.0,0.0,0.0,0.0,0.0,"Mar 17, 2016"
1264,2302014.0,24991.0,Baghdad,Adhamia,Al Haj Jasim Village,قرية الحاج جاسم,33.4539148615,44.3363067567,30.0,180.0,14.0,0.0,0.0,0.0,0.0,0.0,0.0,0.0,0.0,0.0,0.0,0.0,16.0,0.0,0.0,0.0,0.0,0.0,0.0,0.0,0.0,0.0,0.0,0.0,0.0,0.0,30.0,0.0,0.0,30.0,0.0,0.0,0.0,0.0,0.0,0.0,0.0,0.0,0.0,0.0,18.0,0.0,0.0,18.0,12.0,0.0,0.0,12.0,0.0,0.0,0.0,0.0,0.0,0.0,0.0,0.0,"Mar 17, 2016"
1265,2302015.0,24990.0,Baghdad,Adhamia,Al Haj Sabur Village,قرية الحاج صبر,33.4564896252,44.3183857904,71.0,426.0,38.0,0.0,0.0,0.0,0.0,0.0,0.0,0.0,0.0,0.0,0.0,0.0,33.0,0.0,0.0,0.0,0.0,0.0,0.0,9.0,0.0,0.0,0.0,0.0,0.0,0.0,62.0,0.0,0.0,62.0,0.0,0.0,0.0,0.0,0.0,0.0,0.0,0.0,0.0,0.0,32.0,0.0,25.0,32.0,0.0,25.0,14.0,0.0,0.0,14.0,0.0,0.0,0.0,0.0,0.0,0.0,"Mar 17, 2016"
1266,2302016.0,22004.0,Baghdad,Adhamia,Al Husayniya-221,الحسينية-221,33.5538628784,44.3954526554,46.0,276.0,1.0,0.0,0.0,0.0,0.0,4.0,0.0,0.0,14.0,0.0,0.0,0.0,17.0,0.0,10.0,0.0,0.0,0.0,0.0,29.0,0.0,0.0,0.0,0.0,0.0,0.0,17.0,0.0,0.0,17.0,0.0,0.0,0.0,0.0,0.0,0.0,0.0,0.0,0.0,0.0,0.0,0.0,0.0,0.0,46.0,0.0,0.0,46.0,0.0,0.0,0.0,0.0,0.0,0.0,0.0,0.0,"Mar 17, 2016"
1267,2302017.0,22005.0,Baghdad,Adhamia,Al Husayniya-225,الحسينية-225,33.5451271829,44.3901427527,64.0,384.0,1.0,0.0,0.0,0.0,0.0,11.0,0.0,0.0,4.0,0.0,0.0,0.0,39.0,0.0,9.0,0.0,0.0,0.0,0.0,39.0,0.0,0.0,0.0,0.0,0.0,0.0,12.0,0.0,0.0,12.0,0.0,0.0,0.0,0.0,13.0,0.0,0.0,13.0,0.0,0.0,0.0,0.0,0.0,0.0,63.0,0.0,1.0,63.0,0.0,1.0,0.0,0.0,0.0,0.0,0.0,0.0,"Mar 17, 2016"
1268,2302018.0,22032.0,Baghdad,Adhamia,Al Hussainiya-202,الحسينية-202,33.5411215894,44.4221602885,67.0,402.0,4.0,0.0,0.0,0.0,0.0,0.0,0.0,0.0,15.0,0.0,0.0,0.0,44.0,0.0,4.0,0.0,0.0,0.0,0.0,59.0,0.0,0.0,0.0,0.0,0.0,0.0,8.0,0.0,0.0,8.0,0.0,0.0,0.0,0.0,0.0,0.0,0.0,0.0,0.0,0.0,0.0,0.0,0.0,0.0,63.0,0.0,4.0,63.0,0.0,4.0,0.0,0.0,0.0,0.0,0.0,0.0,"Mar 17, 2016"
1269,2302019.0,22697.0,Baghdad,Adhamia,Al Hussainiya-203,الحسينية-203,33.55068267,44.41416485,26.0,156.0,1.0,0.0,0.0,0.0,0.0,0.0,0.0,0.0,8.0,0.0,0.0,0.0,0.0,0.0,17.0,0.0,0.0,0.0,0.0,0.0,0.0,0.0,0.0,0.0,0.0,0.0,26.0,0.0,0.0,26.0,0.0,0.0,0.0,0.0,0.0,0.0,0.0,0.0,0.0,0.0,0.0,0.0,0.0,0.0,25.0,0.0,1.0,25.0,0.0,1.0,0.0,0.0,0.0,0.0,0.0,0.0,"Mar 17, 2016"
1270,2302020.0,22378.0,Baghdad,Adhamia,Al Hussainiya-204,الحسينية-204,33.54324661,44.42906547,26.0,156.0,2.0,0.0,0.0,0.0,0.0,0.0,0.0,0.0,2.0,0.0,0.0,0.0,19.0,0.0,3.0,0.0,0.0,0.0,0.0,1.0,0.0,0.0,0.0,0.0,0.0,0.0,25.0,0.0,0.0,25.0,0.0,0.0,0.0,0.0,0.0,0.0,0.0,0.0,0.0,0.0,0.0,0.0,0.0,0.0,26.0,0.0,0.0,26.0,0.0,0.0,0.0,0.0,0.0,0.0,0.0,0.0,"Mar 17, 2016"
1271,2302021.0,22250.0,Baghdad,Adhamia,Al Hussainiya-205,الحسينية-205,33.53528954,44.39601959,10.0,60.0,0.0,0.0,0.0,0.0,0.0,0.0,0.0,0.0,0.0,0.0,0.0,0.0,5.0,0.0,5.0,0.0,0.0,0.0,0.0,6.0,0.0,0.0,0.0,0.0,0.0,0.0,4.0,0.0,0.0,4.0,0.0,0.0,0.0,0.0,0.0,0.0,0.0,0.0,0.0,0.0,0.0,0.0,0.0,0.0,10.0,0.0,0.0,10.0,0.0,0.0,0.0,0.0,0.0,0.0,0.0,0.0,"Mar 17, 2016"
1272,2302022.0,22251.0,Baghdad,Adhamia,Al Hussainiya-206,الحسينية-206,33.53637,44.397,6.0,36.0,0.0,0.0,0.0,0.0,0.0,6.0,0.0,0.0,0.0,0.0,0.0,0.0,0.0,0.0,0.0,0.0,0.0,0.0,0.0,0.0,0.0,0.0,0.0,0.0,0.0,0.0,6.0,0.0,0.0,6.0,0.0,0.0,0.0,0.0,0.0,0.0,0.0,0.0,0.0,0.0,0.0,0.0,0.0,0.0,6.0,0.0,0.0,6.0,0.0,0.0,0.0,0.0,0.0,0.0,0.0,0.0,"Mar 17, 2016"
1273,2302023.0,22252.0,Baghdad,Adhamia,Al Hussainiya-209,الحسينية-209,33.5453434473,44.4048126744,24.0,144.0,2.0,0.0,0.0,0.0,0.0,4.0,0.0,0.0,0.0,0.0,0.0,0.0,7.0,0.0,11.0,0.0,0.0,0.0,0.0,0.0,0.0,0.0,0.0,0.0,0.0,0.0,24.0,0.0,0.0,24.0,0.0,0.0,0.0,0.0,0.0,0.0,0.0,0.0,0.0,0.0,7.0,0.0,0.0,7.0,17.0,0.0,0.0,17.0,0.0,0.0,0.0,0.0,0.0,0.0,0.0,0.0,"Mar 17, 2016"
1274,2302024.0,24930.0,Baghdad,Adhamia,Al Hussainiya-212,الحسينية-212,33.5449969305,44.4373427372,24.0,144.0,2.0,0.0,0.0,0.0,0.0,0.0,0.0,0.0,0.0,0.0,0.0,0.0,12.0,0.0,10.0,0.0,0.0,0.0,0.0,1.0,0.0,0.0,0.0,0.0,0.0,0.0,23.0,0.0,0.0,23.0,0.0,0.0,0.0,0.0,0.0,0.0,0.0,0.0,0.0,0.0,0.0,0.0,0.0,0.0,24.0,0.0,0.0,24.0,0.0,0.0,0.0,0.0,0.0,0.0,0.0,0.0,"Mar 17, 2016"
1275,2302025.0,22698.0,Baghdad,Adhamia,Al Hussainiya-213,الحسينية-213,33.5546444046,44.4063590421,48.0,288.0,2.0,0.0,0.0,0.0,0.0,10.0,0.0,0.0,0.0,0.0,0.0,0.0,14.0,0.0,22.0,0.0,0.0,0.0,0.0,14.0,0.0,0.0,0.0,0.0,0.0,0.0,34.0,0.0,0.0,34.0,0.0,0.0,0.0,0.0,0.0,0.0,0.0,0.0,0.0,0.0,0.0,0.0,0.0,0.0,48.0,0.0,0.0,48.0,0.0,0.0,0.0,0.0,0.0,0.0,0.0,0.0,"Mar 17, 2016"
1276,2302026.0,22379.0,Baghdad,Adhamia,Al Hussainiya-215,الحسينية-215,33.53603991,44.39283931,44.0,264.0,6.0,0.0,0.0,0.0,0.0,11.0,0.0,0.0,18.0,0.0,0.0,0.0,0.0,0.0,9.0,0.0,0.0,0.0,0.0,26.0,0.0,0.0,0.0,0.0,0.0,0.0,18.0,0.0,0.0,18.0,0.0,0.0,0.0,0.0,0.0,0.0,0.0,0.0,0.0,0.0,0.0,0.0,0.0,0.0,38.0,0.0,6.0,38.0,0.0,6.0,0.0,0.0,0.0,0.0,0.0,0.0,"Mar 17, 2016"
1277,2302027.0,22380.0,Baghdad,Adhamia,Al Hussainiya-216,الحسينية-216,33.5526130358,44.4223986082,18.0,108.0,2.0,0.0,0.0,0.0,0.0,0.0,0.0,0.0,0.0,0.0,0.0,0.0,16.0,0.0,0.0,0.0,0.0,0.0,0.0,13.0,0.0,0.0,0.0,0.0,0.0,0.0,5.0,0.0,0.0,5.0,0.0,0.0,0.0,0.0,0.0,0.0,0.0,0.0,0.0,0.0,0.0,0.0,0.0,0.0,16.0,0.0,2.0,16.0,0.0,2.0,0.0,0.0,0.0,0.0,0.0,0.0,"Mar 17, 2016"
1278,2302028.0,22699.0,Baghdad,Adhamia,Al Hussainiya-217,الحسينية-217,33.5459316898,44.3938821103,51.0,306.0,0.0,0.0,0.0,0.0,0.0,13.0,0.0,0.0,0.0,0.0,0.0,0.0,28.0,0.0,10.0,0.0,0.0,0.0,0.0,28.0,0.0,0.0,0.0,0.0,0.0,0.0,23.0,0.0,0.0,23.0,0.0,0.0,0.0,0.0,0.0,0.0,0.0,0.0,0.0,0.0,0.0,0.0,0.0,0.0,51.0,0.0,0.0,51.0,0.0,0.0,0.0,0.0,0.0,0.0,0.0,0.0,"Mar 17, 2016"
1279,2302029.0,22381.0,Baghdad,Adhamia,Al Hussainiya-219,الحسينية-219,33.5477593445,44.3934714299,45.0,270.0,8.0,0.0,0.0,0.0,0.0,22.0,0.0,0.0,0.0,0.0,0.0,0.0,8.0,0.0,7.0,0.0,0.0,0.0,0.0,23.0,0.0,0.0,0.0,0.0,0.0,0.0,22.0,0.0,0.0,22.0,0.0,0.0,0.0,0.0,0.0,0.0,0.0,0.0,0.0,0.0,0.0,0.0,0.0,0.0,37.0,0.0,8.0,37.0,0.0,8.0,0.0,0.0,0.0,0.0,0.0,0.0,"Mar 17, 2016"
1280,2302030.0,22253.0,Baghdad,Adhamia,Al Hussainiya-227,الحسينية-227,33.544692,44.388765,52.0,312.0,2.0,0.0,0.0,0.0,0.0,25.0,0.0,0.0,0.0,0.0,0.0,0.0,23.0,0.0,2.0,0.0,0.0,0.0,0.0,31.0,0.0,0.0,0.0,0.0,0.0,0.0,21.0,0.0,0.0,21.0,0.0,0.0,0.0,0.0,0.0,0.0,0.0,0.0,0.0,0.0,0.0,0.0,0.0,0.0,50.0,0.0,2.0,50.0,0.0,2.0,0.0,0.0,0.0,0.0,0.0,0.0,"Mar 17, 2016"
1281,2302031.0,21627.0,Baghdad,Adhamia,Al Hussayniya-210,الحسينية-210,33.5441376609,44.4203293969,19.0,114.0,3.0,0.0,0.0,0.0,0.0,0.0,0.0,0.0,0.0,0.0,0.0,0.0,16.0,0.0,0.0,0.0,0.0,0.0,0.0,0.0,0.0,0.0,0.0,0.0,0.0,0.0,19.0,0.0,0.0,19.0,0.0,0.0,0.0,0.0,0.0,0.0,0.0,0.0,0.0,0.0,5.0,0.0,0.0,5.0,14.0,0.0,0.0,14.0,0.0,0.0,0.0,0.0,0.0,0.0,0.0,0.0,"Mar 17, 2016"
1282,2302032.0,21628.0,Baghdad,Adhamia,Al Hussayniya-222,الحسينية-222,33.5562003418,44.4254136456,23.0,138.0,3.0,0.0,0.0,0.0,0.0,7.0,0.0,0.0,0.0,0.0,0.0,0.0,7.0,0.0,6.0,0.0,0.0,0.0,0.0,10.0,0.0,0.0,0.0,0.0,0.0,0.0,13.0,0.0,0.0,13.0,0.0,0.0,0.0,0.0,0.0,0.0,0.0,0.0,0.0,0.0,0.0,0.0,0.0,0.0,20.0,0.0,3.0,20.0,0.0,3.0,0.0,0.0,0.0,0.0,0.0,0.0,"Mar 17, 2016"
1283,2302033.0,21573.0,Baghdad,Adhamia,AL Hussayniya-201,الحسينية-201,33.5351052,44.40470742,19.0,114.0,2.0,0.0,0.0,0.0,0.0,2.0,0.0,0.0,0.0,0.0,0.0,0.0,15.0,0.0,0.0,0.0,0.0,0.0,0.0,2.0,0.0,0.0,0.0,0.0,0.0,0.0,17.0,0.0,0.0,17.0,0.0,0.0,0.0,0.0,0.0,0.0,0.0,0.0,0.0,0.0,0.0,0.0,0.0,0.0,17.0,0.0,2.0,17.0,0.0,2.0,0.0,0.0,0.0,0.0,0.0,0.0,"Mar 17, 2016"
1284,2302034.0,22033.0,Baghdad,Adhamia,Al Hussayniya-207,الحسينية-207,33.5413266127,44.4105334125,43.0,258.0,8.0,0.0,0.0,0.0,0.0,19.0,0.0,0.0,0.0,0.0,0.0,0.0,4.0,0.0,12.0,0.0,0.0,0.0,0.0,33.0,0.0,0.0,0.0,0.0,0.0,0.0,10.0,0.0,0.0,10.0,0.0,0.0,0.0,0.0,0.0,0.0,0.0,0.0,7.0,0.0,8.0,7.0,0.0,8.0,28.0,0.0,0.0,28.0,0.0,0.0,0.0,0.0,0.0,0.0,0.0,0.0,"Mar 17, 2016"
1285,2302035.0,22003.0,Baghdad,Adhamia,Al Hussayniya-214,الحسينية-214,33.54351502,44.43458916,16.0,96.0,1.0,0.0,0.0,0.0,0.0,0.0,0.0,0.0,12.0,0.0,0.0,0.0,3.0,0.0,0.0,0.0,0.0,0.0,0.0,10.0,0.0,0.0,0.0,0.0,0.0,0.0,6.0,0.0,0.0,6.0,0.0,0.0,0.0,0.0,0.0,0.0,0.0,0.0,0.0,0.0,0.0,0.0,0.0,0.0,16.0,0.0,0.0,16.0,0.0,0.0,0.0,0.0,0.0,0.0,0.0,0.0,"Mar 17, 2016"
1286,2302036.0,22034.0,Baghdad,Adhamia,Al Hussayniya-220,الحسينية-220,33.54043,44.43255,12.0,72.0,0.0,0.0,0.0,0.0,0.0,0.0,0.0,0.0,0.0,0.0,0.0,0.0,0.0,0.0,12.0,0.0,0.0,0.0,0.0,1.0,0.0,0.0,0.0,0.0,0.0,0.0,11.0,0.0,0.0,11.0,0.0,0.0,0.0,0.0,0.0,0.0,0.0,0.0,0.0,0.0,0.0,0.0,0.0,0.0,12.0,0.0,0.0,12.0,0.0,0.0,0.0,0.0,0.0,0.0,0.0,0.0,"Mar 17, 2016"
1287,2302037.0,24621.0,Baghdad,Adhamia,Al Hussiniyah-223,الحسينية-223,33.5328191413,44.3936742852,31.0,186.0,0.0,0.0,0.0,0.0,0.0,11.0,0.0,0.0,0.0,0.0,0.0,0.0,16.0,0.0,4.0,0.0,0.0,0.0,0.0,12.0,0.0,0.0,0.0,0.0,0.0,0.0,19.0,0.0,0.0,19.0,0.0,0.0,0.0,0.0,0.0,0.0,0.0,0.0,0.0,0.0,0.0,0.0,0.0,0.0,31.0,0.0,0.0,31.0,0.0,0.0,0.0,0.0,0.0,0.0,0.0,0.0,"Mar 17, 2016"
1288,2302038.0,23290.0,Baghdad,Adhamia,Al Jalata Village,قرية الجلاعطة,33.46655,44.3049,6.0,36.0,2.0,0.0,0.0,0.0,0.0,0.0,0.0,0.0,0.0,0.0,0.0,0.0,0.0,0.0,4.0,0.0,0.0,0.0,0.0,0.0,0.0,0.0,0.0,0.0,0.0,0.0,6.0,0.0,0.0,6.0,0.0,0.0,0.0,0.0,0.0,0.0,0.0,0.0,0.0,0.0,0.0,0.0,0.0,0.0,4.0,0.0,2.0,4.0,0.0,2.0,0.0,0.0,0.0,0.0,0.0,0.0,"Mar 17, 2016"
1289,2302039.0,25208.0,Baghdad,Adhamia,Al Kouther,الكوثر,33.5366260121,44.3547659516,45.0,270.0,26.0,0.0,0.0,0.0,0.0,1.0,0.0,0.0,0.0,0.0,0.0,0.0,11.0,0.0,7.0,0.0,0.0,0.0,0.0,25.0,0.0,0.0,0.0,0.0,0.0,0.0,20.0,0.0,0.0,20.0,0.0,0.0,0.0,0.0,0.0,0.0,0.0,0.0,0.0,0.0,0.0,0.0,0.0,0.0,21.0,0.0,24.0,21.0,0.0,24.0,0.0,0.0,0.0,0.0,0.0,0.0,"Mar 17, 2016"
1290,2302040.0,24004.0,Baghdad,Adhamia,Al Maghreb-302,المغرب-302,33.3577572372,44.3809846207,68.0,408.0,16.0,0.0,0.0,0.0,0.0,2.0,0.0,0.0,0.0,0.0,0.0,0.0,15.0,0.0,35.0,0.0,0.0,0.0,0.0,26.0,0.0,0.0,0.0,0.0,0.0,0.0,42.0,0.0,0.0,42.0,0.0,0.0,0.0,0.0,0.0,0.0,0.0,0.0,22.0,0.0,29.0,22.0,0.0,29.0,17.0,0.0,0.0,17.0,0.0,0.0,0.0,0.0,0.0,0.0,0.0,0.0,"Mar 17, 2016"
1291,2302041.0,24005.0,Baghdad,Adhamia,Al Maghreb-304,المغرب-304,33.3678448713,44.3819849117,83.0,498.0,83.0,0.0,0.0,0.0,0.0,0.0,0.0,0.0,0.0,0.0,0.0,0.0,0.0,0.0,0.0,0.0,0.0,0.0,0.0,64.0,0.0,0.0,0.0,0.0,0.0,0.0,19.0,0.0,0.0,19.0,0.0,0.0,0.0,0.0,0.0,0.0,0.0,0.0,65.0,0.0,0.0,65.0,0.0,0.0,10.0,0.0,8.0,10.0,0.0,8.0,0.0,0.0,0.0,0.0,0.0,0.0,"Mar 17, 2016"
1292,2302042.0,7549.0,Baghdad,Adhamia,Al Marasma village,قرية المراسمة,33.5537640822,44.3433837599,60.0,360.0,22.0,0.0,13.0,0.0,0.0,2.0,0.0,0.0,0.0,0.0,0.0,0.0,0.0,0.0,23.0,0.0,0.0,0.0,0.0,50.0,0.0,0.0,0.0,0.0,0.0,0.0,10.0,0.0,0.0,10.0,0.0,0.0,0.0,0.0,0.0,0.0,0.0,0.0,0.0,0.0,0.0,0.0,15.0,0.0,22.0,15.0,23.0,22.0,0.0,23.0,0.0,0.0,0.0,0.0,0.0,0.0,"Mar 17, 2016"
1293,2302043.0,25220.0,Baghdad,Adhamia,Al Noor Village,قرية النور,33.545706941,44.3529059874,48.0,288.0,24.0,0.0,0.0,0.0,0.0,0.0,0.0,0.0,0.0,0.0,0.0,0.0,0.0,0.0,24.0,0.0,0.0,0.0,0.0,48.0,0.0,0.0,0.0,0.0,0.0,0.0,0.0,0.0,0.0,0.0,0.0,0.0,0.0,0.0,0.0,0.0,0.0,0.0,0.0,0.0,0.0,0.0,0.0,0.0,28.0,0.0,20.0,28.0,0.0,20.0,0.0,0.0,0.0,0.0,0.0,0.0,"Mar 17, 2016"
1294,2302044.0,23999.0,Baghdad,Adhamia,Al Qahira-307,القاهرة-307,33.378767863,44.3903726438,58.0,348.0,32.0,0.0,0.0,0.0,0.0,2.0,0.0,0.0,0.0,0.0,0.0,0.0,20.0,0.0,4.0,0.0,0.0,0.0,0.0,14.0,0.0,0.0,0.0,0.0,0.0,0.0,44.0,0.0,0.0,44.0,0.0,0.0,0.0,0.0,0.0,0.0,0.0,0.0,10.0,0.0,20.0,10.0,4.0,20.0,7.0,4.0,17.0,7.0,0.0,17.0,0.0,0.0,0.0,0.0,0.0,0.0,"Mar 17, 2016"
1295,2302045.0,24000.0,Baghdad,Adhamia,Al Qahira-309,القاهرة-309,33.3776275726,44.4001392913,38.0,228.0,22.0,0.0,0.0,0.0,0.0,0.0,0.0,0.0,0.0,0.0,0.0,0.0,10.0,0.0,6.0,0.0,0.0,0.0,0.0,10.0,0.0,0.0,0.0,0.0,0.0,0.0,28.0,0.0,0.0,28.0,0.0,0.0,0.0,0.0,0.0,0.0,0.0,0.0,0.0,0.0,0.0,0.0,0.0,0.0,0.0,0.0,38.0,0.0,0.0,38.0,0.0,0.0,0.0,0.0,0.0,0.0,"Mar 17, 2016"
1296,2302046.0,25454.0,Baghdad,Adhamia,Al Qahira-311,القاهرة-311,33.3829192158,44.3961581801,20.0,120.0,11.0,0.0,0.0,0.0,0.0,0.0,0.0,0.0,0.0,0.0,0.0,0.0,5.0,0.0,4.0,0.0,0.0,0.0,0.0,0.0,0.0,0.0,0.0,0.0,0.0,0.0,20.0,0.0,0.0,20.0,0.0,0.0,0.0,0.0,0.0,0.0,0.0,0.0,10.0,0.0,0.0,10.0,10.0,0.0,0.0,10.0,0.0,0.0,0.0,0.0,0.0,0.0,0.0,0.0,0.0,0.0,"Mar 17, 2016"
1297,2302047.0,25455.0,Baghdad,Adhamia,Al Qahira-313,القاهرة-313,33.3873826441,44.3884096811,21.0,126.0,0.0,0.0,0.0,0.0,0.0,0.0,0.0,0.0,0.0,0.0,0.0,0.0,11.0,0.0,10.0,0.0,0.0,0.0,0.0,0.0,0.0,0.0,0.0,0.0,0.0,0.0,21.0,0.0,0.0,21.0,0.0,0.0,0.0,0.0,0.0,0.0,0.0,0.0,0.0,0.0,11.0,0.0,10.0,11.0,0.0,10.0,0.0,0.0,0.0,0.0,0.0,0.0,0.0,0.0,0.0,0.0,"Mar 17, 2016"
1298,2302048.0,25456.0,Baghdad,Adhamia,Al Qahira-322,القاهرة-322,33.3808081132,44.3806140531,124.0,744.0,77.0,0.0,0.0,0.0,0.0,8.0,0.0,0.0,0.0,0.0,0.0,0.0,27.0,0.0,12.0,0.0,0.0,0.0,0.0,0.0,0.0,0.0,0.0,0.0,0.0,38.0,86.0,38.0,0.0,86.0,0.0,0.0,0.0,0.0,0.0,0.0,0.0,0.0,47.0,0.0,0.0,47.0,19.0,0.0,1.0,19.0,57.0,1.0,0.0,57.0,0.0,0.0,0.0,0.0,0.0,0.0,"Mar 17, 2016"
1299,2302049.0,24176.0,Baghdad,Adhamia,Hay Al Rabee-332,حي الربيع-332,33.3980222812,44.3537498957,143.0,858.0,130.0,0.0,0.0,0.0,0.0,1.0,0.0,0.0,0.0,0.0,0.0,0.0,9.0,0.0,3.0,0.0,0.0,0.0,0.0,24.0,0.0,0.0,0.0,0.0,0.0,0.0,119.0,0.0,0.0,119.0,0.0,0.0,0.0,0.0,0.0,0.0,0.0,0.0,33.0,0.0,57.0,33.0,0.0,57.0,45.0,0.0,8.0,45.0,0.0,8.0,0.0,0.0,0.0,0.0,0.0,0.0,"Mar 17, 2016"
1300,2302050.0,25213.0,Baghdad,Adhamia,Al Salam,السلام,33.56737,44.36116,18.0,108.0,18.0,0.0,0.0,0.0,0.0,0.0,0.0,0.0,0.0,0.0,0.0,0.0,0.0,0.0,0.0,0.0,0.0,0.0,0.0,18.0,0.0,0.0,0.0,0.0,0.0,0.0,0.0,0.0,0.0,0.0,0.0,0.0,0.0,0.0,0.0,0.0,0.0,0.0,0.0,0.0,0.0,0.0,0.0,0.0,18.0,0.0,0.0,18.0,0.0,0.0,0.0,0.0,0.0,0.0,0.0,0.0,"Mar 17, 2016"
1301,2302051.0,21629.0,Baghdad,Adhamia,Al Shaab-351,الشعب-351,33.422821852,44.3899640041,57.0,342.0,32.0,0.0,0.0,0.0,0.0,8.0,0.0,0.0,0.0,0.0,0.0,0.0,5.0,0.0,12.0,0.0,0.0,0.0,0.0,23.0,0.0,0.0,0.0,0.0,0.0,0.0,34.0,0.0,0.0,34.0,0.0,0.0,0.0,0.0,0.0,0.0,0.0,0.0,12.0,0.0,0.0,12.0,20.0,0.0,2.0,20.0,23.0,2.0,0.0,23.0,0.0,0.0,0.0,0.0,0.0,0.0,"Mar 17, 2016"
1302,2302052.0,23005.0,Baghdad,Adhamia,Al Shaab-331,الشعب-331,33.419886372,44.4180917583,67.0,402.0,15.0,0.0,0.0,0.0,0.0,6.0,0.0,0.0,8.0,0.0,0.0,0.0,15.0,0.0,23.0,0.0,0.0,0.0,0.0,13.0,0.0,0.0,0.0,0.0,0.0,0.0,54.0,0.0,0.0,54.0,0.0,0.0,0.0,0.0,0.0,0.0,0.0,0.0,10.0,0.0,23.0,10.0,9.0,23.0,5.0,9.0,20.0,5.0,0.0,20.0,0.0,0.0,0.0,0.0,0.0,0.0,"Mar 17, 2016"
1303,2302053.0,23736.0,Baghdad,Adhamia,Al Shaab-333,الشعب-333,33.4148173486,44.4115142445,109.0,654.0,97.0,0.0,0.0,0.0,0.0,12.0,0.0,0.0,0.0,0.0,0.0,0.0,0.0,0.0,0.0,0.0,0.0,0.0,0.0,100.0,0.0,0.0,0.0,0.0,0.0,0.0,9.0,0.0,0.0,9.0,0.0,0.0,0.0,0.0,0.0,0.0,0.0,0.0,80.0,0.0,29.0,80.0,0.0,29.0,0.0,0.0,0.0,0.0,0.0,0.0,0.0,0.0,0.0,0.0,0.0,0.0,"Mar 17, 2016"
1304,2302054.0,23978.0,Baghdad,Adhamia,Al Shaab-339,الشعب-339,33.4156156667,44.3895667559,110.0,660.0,92.0,0.0,0.0,0.0,0.0,18.0,0.0,0.0,0.0,0.0,0.0,0.0,0.0,0.0,0.0,0.0,0.0,0.0,0.0,43.0,0.0,0.0,0.0,0.0,0.0,0.0,67.0,0.0,0.0,67.0,0.0,0.0,0.0,0.0,0.0,0.0,0.0,0.0,85.0,0.0,10.0,85.0,0.0,10.0,15.0,0.0,0.0,15.0,0.0,0.0,0.0,0.0,0.0,0.0,0.0,0.0,"Mar 17, 2016"
1305,2302056.0,24440.0,Baghdad,Adhamia,AL Shaab-335,الشعب-335,33.4222791836,44.4146510498,149.0,894.0,75.0,0.0,0.0,0.0,0.0,22.0,0.0,0.0,0.0,0.0,0.0,0.0,7.0,0.0,45.0,0.0,0.0,0.0,0.0,48.0,0.0,0.0,0.0,0.0,0.0,0.0,101.0,0.0,0.0,101.0,0.0,0.0,0.0,0.0,0.0,0.0,0.0,0.0,30.0,0.0,0.0,30.0,54.0,0.0,26.0,54.0,39.0,26.0,0.0,39.0,0.0,0.0,0.0,0.0,0.0,0.0,"Mar 17, 2016"
1306,2302057.0,24441.0,Baghdad,Adhamia,AL Shaab-337,الشعب-337,33.4091435262,44.3880933049,70.0,420.0,0.0,0.0,0.0,0.0,0.0,0.0,0.0,0.0,3.0,0.0,0.0,0.0,56.0,0.0,11.0,0.0,0.0,0.0,0.0,63.0,0.0,0.0,0.0,0.0,0.0,0.0,7.0,0.0,0.0,7.0,0.0,0.0,0.0,0.0,0.0,0.0,0.0,0.0,0.0,0.0,0.0,0.0,15.0,0.0,40.0,15.0,15.0,40.0,0.0,15.0,0.0,0.0,0.0,0.0,0.0,0.0,"Mar 17, 2016"
1307,2302058.0,24443.0,Baghdad,Adhamia,AL Shaab-343,الشعب-343,33.427859502,44.4235977709,29.0,174.0,0.0,0.0,0.0,0.0,0.0,0.0,0.0,0.0,0.0,0.0,0.0,0.0,0.0,0.0,29.0,0.0,0.0,0.0,0.0,29.0,0.0,0.0,0.0,0.0,0.0,0.0,0.0,0.0,0.0,0.0,0.0,0.0,0.0,0.0,0.0,0.0,0.0,0.0,0.0,0.0,0.0,0.0,29.0,0.0,0.0,29.0,0.0,0.0,0.0,0.0,0.0,0.0,0.0,0.0,0.0,0.0,"Mar 17, 2016"
1308,2302059.0,24448.0,Baghdad,Adhamia,AL Shaab-353,الشعب-353,33.41890308,44.39308053,40.0,240.0,5.0,0.0,0.0,0.0,0.0,0.0,0.0,0.0,0.0,0.0,0.0,0.0,0.0,0.0,35.0,0.0,0.0,0.0,0.0,20.0,0.0,0.0,0.0,0.0,0.0,0.0,20.0,0.0,0.0,20.0,0.0,0.0,0.0,0.0,0.0,0.0,0.0,0.0,0.0,0.0,0.0,0.0,30.0,0.0,0.0,30.0,10.0,0.0,0.0,10.0,0.0,0.0,0.0,0.0,0.0,0.0,"Mar 17, 2016"
1309,2302060.0,24450.0,Baghdad,Adhamia,AL Shaab-357,الشعب-357,33.4257291143,44.3963322278,60.0,360.0,7.0,0.0,0.0,0.0,0.0,53.0,0.0,0.0,0.0,0.0,0.0,0.0,0.0,0.0,0.0,0.0,0.0,0.0,0.0,60.0,0.0,0.0,0.0,0.0,0.0,0.0,0.0,0.0,0.0,0.0,0.0,0.0,0.0,0.0,0.0,0.0,0.0,0.0,0.0,0.0,58.0,0.0,0.0,58.0,0.0,0.0,2.0,0.0,0.0,2.0,0.0,0.0,0.0,0.0,0.0,0.0,"Mar 17, 2016"
1310,2302061.0,24449.0,Baghdad,Adhamia,AL Shaab-359,الشعب-359,33.42079,44.3939,40.0,240.0,0.0,0.0,0.0,0.0,0.0,30.0,0.0,0.0,0.0,0.0,0.0,0.0,0.0,0.0,10.0,0.0,0.0,0.0,0.0,35.0,0.0,0.0,0.0,0.0,0.0,0.0,5.0,0.0,0.0,5.0,0.0,0.0,0.0,0.0,0.0,0.0,0.0,0.0,0.0,0.0,31.0,0.0,0.0,31.0,9.0,0.0,0.0,9.0,0.0,0.0,0.0,0.0,0.0,0.0,0.0,0.0,"Mar 17, 2016"
1311,2302062.0,24003.0,Baghdad,Adhamia,Al Shamasiyah-320,الشماسية-320,33.3824247239,44.3774598814,315.0,1890.0,315.0,0.0,0.0,0.0,0.0,0.0,0.0,0.0,0.0,0.0,0.0,0.0,0.0,0.0,0.0,0.0,0.0,0.0,0.0,104.0,0.0,0.0,0.0,0.0,0.0,0.0,211.0,0.0,0.0,211.0,0.0,0.0,0.0,0.0,0.0,0.0,0.0,0.0,65.0,0.0,56.0,65.0,0.0,56.0,95.0,0.0,99.0,95.0,0.0,99.0,0.0,0.0,0.0,0.0,0.0,0.0,"Mar 17, 2016"
1312,2302063.0,24002.0,Baghdad,Adhamia,Al Shamasiyah-316,الشماسية-316,33.3728379869,44.3745400807,366.0,2196.0,142.0,0.0,0.0,0.0,0.0,32.0,0.0,0.0,0.0,0.0,0.0,0.0,110.0,0.0,82.0,0.0,0.0,0.0,0.0,95.0,0.0,0.0,0.0,0.0,0.0,35.0,236.0,35.0,0.0,236.0,0.0,0.0,0.0,0.0,0.0,0.0,0.0,0.0,102.0,0.0,192.0,102.0,32.0,192.0,0.0,32.0,40.0,0.0,0.0,40.0,0.0,0.0,0.0,0.0,0.0,0.0,"Mar 17, 2016"
1313,2302064.0,23987.0,Baghdad,Adhamia,Al Shamasiyah-318,الشماسية-318,33.3804604143,44.3664046858,408.0,2448.0,364.0,0.0,0.0,0.0,0.0,44.0,0.0,0.0,0.0,0.0,0.0,0.0,0.0,0.0,0.0,0.0,0.0,0.0,0.0,109.0,0.0,0.0,0.0,0.0,0.0,0.0,299.0,0.0,0.0,299.0,0.0,0.0,0.0,0.0,0.0,0.0,0.0,0.0,66.0,0.0,28.0,66.0,50.0,28.0,143.0,50.0,121.0,143.0,0.0,121.0,0.0,0.0,0.0,0.0,0.0,0.0,"Mar 17, 2016"
1314,2302065.0,25219.0,Baghdad,Adhamia,Al Waha Al Khadhraa Village,قرية الواحة الخضراء,33.6216721965,44.3614024465,41.0,246.0,23.0,0.0,0.0,0.0,0.0,0.0,0.0,0.0,0.0,0.0,0.0,0.0,0.0,0.0,18.0,0.0,0.0,0.0,0.0,38.0,0.0,0.0,0.0,0.0,0.0,0.0,3.0,0.0,0.0,3.0,0.0,0.0,0.0,0.0,0.0,0.0,0.0,0.0,0.0,0.0,0.0,0.0,0.0,0.0,38.0,0.0,3.0,38.0,0.0,3.0,0.0,0.0,0.0,0.0,0.0,0.0,"Mar 17, 2016"
1315,2302066.0,25619.0,Baghdad,Adhamia,Al Waziriyah-301,الوزيرية-301,33.3587936171,44.3897167,99.0,594.0,19.0,0.0,0.0,0.0,0.0,18.0,0.0,0.0,0.0,0.0,0.0,0.0,17.0,0.0,45.0,0.0,0.0,0.0,0.0,34.0,0.0,0.0,0.0,28.0,0.0,0.0,37.0,0.0,0.0,37.0,0.0,0.0,0.0,0.0,0.0,0.0,0.0,0.0,0.0,0.0,23.0,0.0,16.0,23.0,22.0,16.0,38.0,22.0,0.0,38.0,0.0,0.0,0.0,0.0,0.0,0.0,"Mar 17, 2016"
1316,2302067.0,24090.0,Baghdad,Adhamia,Al Waziriyah-303,الوزيرية-303,33.3664,44.38219,23.0,138.0,5.0,0.0,0.0,0.0,0.0,0.0,0.0,0.0,0.0,0.0,0.0,0.0,12.0,0.0,6.0,0.0,0.0,0.0,0.0,5.0,0.0,0.0,0.0,0.0,0.0,0.0,18.0,0.0,0.0,18.0,0.0,0.0,0.0,0.0,0.0,0.0,0.0,0.0,0.0,0.0,0.0,0.0,0.0,0.0,18.0,0.0,5.0,18.0,0.0,5.0,0.0,0.0,0.0,0.0,0.0,0.0,"Mar 17, 2016"
1317,2302068.0,24006.0,Baghdad,Adhamia,Al Waziriyah-305,الوزيرية-305,33.37497016,44.3949509,43.0,258.0,18.0,0.0,0.0,0.0,0.0,0.0,0.0,0.0,0.0,0.0,0.0,0.0,3.0,0.0,22.0,0.0,0.0,0.0,0.0,5.0,0.0,0.0,0.0,0.0,0.0,0.0,38.0,0.0,0.0,38.0,0.0,0.0,0.0,0.0,0.0,0.0,0.0,0.0,0.0,0.0,0.0,0.0,15.0,0.0,28.0,15.0,0.0,28.0,0.0,0.0,0.0,0.0,0.0,0.0,0.0,0.0,"Mar 17, 2016"
1318,2302069.0,23732.0,Baghdad,Adhamia,Al Biydhaa-315,البيضاء-315,33.3954685293,44.392316859,137.0,822.0,37.0,0.0,0.0,0.0,0.0,25.0,0.0,0.0,0.0,0.0,0.0,0.0,40.0,0.0,35.0,0.0,0.0,0.0,0.0,40.0,0.0,0.0,0.0,0.0,0.0,0.0,97.0,0.0,0.0,97.0,0.0,0.0,0.0,0.0,0.0,0.0,0.0,0.0,10.0,0.0,16.0,10.0,22.0,16.0,52.0,22.0,37.0,52.0,0.0,37.0,0.0,0.0,0.0,0.0,0.0,0.0,"Mar 17, 2016"
1319,2302071.0,25216.0,Baghdad,Adhamia,Ali Al Faiadh village,قرية علي الفياض,33.5610094595,44.3530452507,13.0,78.0,0.0,0.0,0.0,0.0,0.0,4.0,0.0,0.0,0.0,0.0,0.0,0.0,9.0,0.0,0.0,0.0,0.0,0.0,0.0,13.0,0.0,0.0,0.0,0.0,0.0,0.0,0.0,0.0,0.0,0.0,0.0,0.0,0.0,0.0,0.0,0.0,0.0,0.0,0.0,0.0,0.0,0.0,0.0,0.0,13.0,0.0,0.0,13.0,0.0,0.0,0.0,0.0,0.0,0.0,0.0,0.0,"Mar 17, 2016"
1320,2302072.0,24759.0,Baghdad,Adhamia,Al-Nabi Sheit Camp,مخيم النبي شيت,33.47274243,44.3829206407,130.0,780.0,24.0,0.0,0.0,0.0,0.0,0.0,0.0,0.0,0.0,0.0,0.0,0.0,106.0,0.0,0.0,0.0,0.0,0.0,130.0,0.0,0.0,0.0,0.0,0.0,0.0,0.0,0.0,0.0,0.0,0.0,0.0,0.0,0.0,0.0,0.0,0.0,0.0,0.0,0.0,0.0,90.0,0.0,0.0,90.0,14.0,0.0,26.0,14.0,0.0,26.0,0.0,0.0,0.0,0.0,0.0,0.0,"Mar 17, 2016"
1321,2302073.0,7302.0,Baghdad,Adhamia,Hay Al-Rabeaa,حي الربيع,33.536216,44.3482725,32.0,192.0,12.0,0.0,0.0,0.0,0.0,6.0,0.0,0.0,0.0,0.0,0.0,0.0,0.0,0.0,14.0,0.0,0.0,0.0,0.0,25.0,0.0,0.0,0.0,0.0,0.0,0.0,7.0,0.0,0.0,7.0,0.0,0.0,0.0,0.0,0.0,0.0,0.0,0.0,0.0,0.0,0.0,0.0,15.0,0.0,9.0,15.0,8.0,9.0,0.0,8.0,0.0,0.0,0.0,0.0,0.0,0.0,"Mar 17, 2016"
1322,2302074.0,25394.0,Baghdad,Adhamia,Bob Al Sham-361,بوب الشام-361,33.4669510939,44.3852503645,175.0,1050.0,98.0,0.0,0.0,0.0,0.0,21.0,0.0,0.0,0.0,0.0,0.0,0.0,24.0,0.0,32.0,0.0,0.0,0.0,0.0,51.0,0.0,0.0,0.0,0.0,0.0,0.0,124.0,0.0,0.0,124.0,0.0,0.0,0.0,0.0,0.0,0.0,0.0,0.0,0.0,0.0,19.0,0.0,0.0,19.0,84.0,0.0,72.0,84.0,0.0,72.0,0.0,0.0,0.0,0.0,0.0,0.0,"Mar 17, 2016"
1323,2302075.0,25395.0,Baghdad,Adhamia,Bob Al Sham-363,بوب الشام-363,33.44037678,44.38127634,121.0,726.0,72.0,0.0,0.0,0.0,0.0,19.0,0.0,0.0,0.0,0.0,0.0,0.0,0.0,0.0,30.0,0.0,0.0,0.0,0.0,24.0,0.0,0.0,0.0,0.0,0.0,0.0,97.0,0.0,0.0,97.0,0.0,0.0,0.0,0.0,0.0,0.0,0.0,0.0,0.0,0.0,15.0,0.0,27.0,15.0,21.0,27.0,58.0,21.0,0.0,58.0,0.0,0.0,0.0,0.0,0.0,0.0,"Mar 17, 2016"
1324,2302076.0,25397.0,Baghdad,Adhamia,Bob Al Sham-365,بوب الشام-365,33.4464395586,44.3862114076,180.0,1080.0,113.0,0.0,0.0,0.0,0.0,23.0,0.0,0.0,0.0,0.0,0.0,0.0,22.0,0.0,22.0,0.0,0.0,0.0,0.0,63.0,0.0,0.0,0.0,0.0,0.0,0.0,117.0,0.0,0.0,117.0,0.0,0.0,0.0,0.0,0.0,0.0,0.0,0.0,14.0,0.0,16.0,14.0,8.0,16.0,0.0,8.0,142.0,0.0,0.0,142.0,0.0,0.0,0.0,0.0,0.0,0.0,"Mar 17, 2016"
1325,2302077.0,25396.0,Baghdad,Adhamia,Bob Al Sham-367,بوب الشام-367,33.4392863221,44.3917032158,172.0,1032.0,95.0,0.0,0.0,0.0,0.0,23.0,0.0,0.0,0.0,0.0,0.0,0.0,0.0,0.0,54.0,0.0,0.0,0.0,0.0,45.0,0.0,0.0,0.0,0.0,0.0,0.0,127.0,0.0,0.0,127.0,0.0,0.0,0.0,0.0,0.0,0.0,0.0,0.0,0.0,0.0,0.0,0.0,15.0,0.0,30.0,15.0,127.0,30.0,0.0,127.0,0.0,0.0,0.0,0.0,0.0,0.0,"Mar 17, 2016"
1326,2302078.0,25398.0,Baghdad,Adhamia,Bob Al Sham-388,بوب الشام-388,33.4566134174,44.3649235045,133.0,798.0,90.0,0.0,0.0,0.0,0.0,17.0,0.0,0.0,0.0,0.0,0.0,0.0,0.0,0.0,26.0,0.0,0.0,0.0,0.0,35.0,0.0,0.0,0.0,0.0,0.0,0.0,98.0,0.0,0.0,98.0,0.0,0.0,0.0,0.0,0.0,0.0,0.0,0.0,12.0,0.0,0.0,12.0,13.0,0.0,28.0,13.0,80.0,28.0,0.0,80.0,0.0,0.0,0.0,0.0,0.0,0.0,"Mar 17, 2016"
1327,2302080.0,24988.0,Baghdad,Adhamia,Gumaira Village,قرية كميرة,33.4534079242,44.3451166152,277.0,1662.0,85.0,0.0,12.0,0.0,0.0,24.0,0.0,0.0,0.0,0.0,0.0,0.0,0.0,0.0,156.0,0.0,0.0,0.0,0.0,99.0,0.0,0.0,0.0,0.0,0.0,0.0,153.0,0.0,0.0,153.0,0.0,0.0,0.0,0.0,25.0,0.0,0.0,25.0,22.0,0.0,0.0,22.0,182.0,0.0,40.0,182.0,33.0,40.0,0.0,33.0,0.0,0.0,0.0,0.0,0.0,0.0,"Mar 17, 2016"
1328,2302081.0,25215.0,Baghdad,Adhamia,Hammed al Hummod village,قرية حميد الحمود,33.55004,44.34983,11.0,66.0,8.0,0.0,0.0,0.0,0.0,3.0,0.0,0.0,0.0,0.0,0.0,0.0,0.0,0.0,0.0,0.0,0.0,0.0,0.0,11.0,0.0,0.0,0.0,0.0,0.0,0.0,0.0,0.0,0.0,0.0,0.0,0.0,0.0,0.0,0.0,0.0,0.0,0.0,0.0,0.0,0.0,0.0,0.0,0.0,11.0,0.0,0.0,11.0,0.0,0.0,0.0,0.0,0.0,0.0,0.0,0.0,"Mar 17, 2016"
1329,2302082.0,7548.0,Baghdad,Adhamia,Al Qudus,القدس ,33.550207655,44.3728518178,129.0,774.0,45.0,0.0,0.0,0.0,0.0,13.0,0.0,0.0,0.0,0.0,0.0,0.0,15.0,0.0,56.0,0.0,0.0,0.0,0.0,119.0,0.0,0.0,0.0,0.0,0.0,0.0,10.0,0.0,0.0,10.0,0.0,0.0,0.0,0.0,0.0,0.0,0.0,0.0,0.0,0.0,0.0,0.0,0.0,0.0,124.0,0.0,5.0,124.0,0.0,5.0,0.0,0.0,0.0,0.0,0.0,0.0,"Mar 17, 2016"
1330,2302083.0,22777.0,Baghdad,Adhamia,Hay Al Rabee-340,حي الربيع-340,33.4053833885,44.3593348034,199.0,1194.0,159.0,0.0,0.0,0.0,0.0,4.0,0.0,0.0,0.0,0.0,0.0,0.0,30.0,0.0,6.0,0.0,0.0,0.0,0.0,70.0,0.0,0.0,0.0,0.0,0.0,0.0,129.0,0.0,0.0,129.0,0.0,0.0,0.0,0.0,0.0,0.0,0.0,0.0,79.0,0.0,45.0,79.0,61.0,45.0,7.0,61.0,7.0,7.0,0.0,7.0,0.0,0.0,0.0,0.0,0.0,0.0,"Mar 17, 2016"
1331,2302084.0,21907.0,Baghdad,Adhamia,Al Hussainiya-211,الحسينية-211,33.549402245,44.4089511432,46.0,276.0,6.0,0.0,0.0,0.0,0.0,17.0,0.0,0.0,0.0,0.0,0.0,0.0,23.0,0.0,0.0,0.0,0.0,0.0,0.0,17.0,0.0,0.0,0.0,0.0,0.0,0.0,29.0,0.0,0.0,29.0,0.0,0.0,0.0,0.0,0.0,0.0,0.0,0.0,0.0,0.0,16.0,0.0,0.0,16.0,26.0,0.0,4.0,26.0,0.0,4.0,0.0,0.0,0.0,0.0,0.0,0.0,"Mar 17, 2016"
1332,2302085.0,21873.0,Baghdad,Adhamia,Al Hussayniya-218,الحسينية-218,33.5530252136,44.4288525325,32.0,192.0,2.0,0.0,0.0,0.0,0.0,1.0,0.0,0.0,10.0,0.0,0.0,0.0,19.0,0.0,0.0,0.0,0.0,0.0,0.0,29.0,0.0,0.0,0.0,0.0,0.0,0.0,3.0,0.0,0.0,3.0,0.0,0.0,0.0,0.0,0.0,0.0,0.0,0.0,0.0,0.0,0.0,0.0,0.0,0.0,32.0,0.0,0.0,32.0,0.0,0.0,0.0,0.0,0.0,0.0,0.0,0.0,"Mar 17, 2016"
1333,2302086.0,21872.0,Baghdad,Adhamia,Al Hussayniya-224,الحسينية-224,33.53818,44.42744,7.0,42.0,0.0,0.0,0.0,0.0,0.0,7.0,0.0,0.0,0.0,0.0,0.0,0.0,0.0,0.0,0.0,0.0,0.0,0.0,0.0,1.0,0.0,0.0,0.0,0.0,0.0,0.0,6.0,0.0,0.0,6.0,0.0,0.0,0.0,0.0,0.0,0.0,0.0,0.0,0.0,0.0,0.0,0.0,7.0,0.0,0.0,7.0,0.0,0.0,0.0,0.0,0.0,0.0,0.0,0.0,0.0,0.0,"Mar 17, 2016"
1334,2302087.0,25211.0,Baghdad,Adhamia,Jowad Al Faiadh Village,قرية جواد الفياض,33.52258,44.38163,15.0,90.0,0.0,0.0,0.0,0.0,0.0,0.0,0.0,0.0,0.0,0.0,0.0,0.0,0.0,0.0,15.0,0.0,0.0,0.0,0.0,15.0,0.0,0.0,0.0,0.0,0.0,0.0,0.0,0.0,0.0,0.0,0.0,0.0,0.0,0.0,0.0,0.0,0.0,0.0,0.0,0.0,0.0,0.0,15.0,0.0,0.0,15.0,0.0,0.0,0.0,0.0,0.0,0.0,0.0,0.0,0.0,0.0,"Mar 17, 2016"
1335,2302088.0,22874.0,Baghdad,Adhamia,Hay Al Rabee-342,حي الربيع-342,33.4104447663,44.3480841853,52.0,312.0,52.0,0.0,0.0,0.0,0.0,0.0,0.0,0.0,0.0,0.0,0.0,0.0,0.0,0.0,0.0,0.0,0.0,0.0,0.0,27.0,0.0,0.0,0.0,0.0,0.0,0.0,25.0,0.0,0.0,25.0,0.0,0.0,0.0,0.0,0.0,0.0,0.0,0.0,45.0,0.0,0.0,45.0,0.0,0.0,0.0,0.0,7.0,0.0,0.0,7.0,0.0,0.0,0.0,0.0,0.0,0.0,"Mar 17, 2016"
1336,2302089.0,25218.0,Baghdad,Adhamia,Mahmmud Al Musleh Village,قرية محمود المصلح,33.62195,44.35448,11.0,66.0,10.0,0.0,0.0,0.0,0.0,0.0,0.0,0.0,0.0,0.0,0.0,0.0,0.0,0.0,1.0,0.0,0.0,0.0,0.0,9.0,0.0,0.0,0.0,0.0,0.0,0.0,2.0,0.0,0.0,2.0,0.0,0.0,0.0,0.0,0.0,0.0,0.0,0.0,0.0,0.0,0.0,0.0,0.0,0.0,10.0,0.0,1.0,10.0,0.0,1.0,0.0,0.0,0.0,0.0,0.0,0.0,"Mar 17, 2016"
1337,2302090.0,25212.0,Baghdad,Adhamia,Majed al Naser village,قرية مجيد الناصر,33.53340508,44.33582302,13.0,78.0,5.0,0.0,0.0,0.0,0.0,0.0,0.0,0.0,0.0,0.0,0.0,0.0,0.0,0.0,8.0,0.0,0.0,0.0,0.0,10.0,0.0,0.0,0.0,0.0,0.0,0.0,3.0,0.0,0.0,3.0,0.0,0.0,0.0,0.0,0.0,0.0,0.0,0.0,0.0,0.0,0.0,0.0,0.0,0.0,7.0,0.0,6.0,7.0,0.0,6.0,0.0,0.0,0.0,0.0,0.0,0.0,"Mar 17, 2016"
1338,2302092.0,7688.0,Baghdad,Adhamia,Qaryat Al-Intisar,الانتصار,33.505889544,44.3783493309,160.0,960.0,29.0,0.0,18.0,0.0,0.0,9.0,0.0,0.0,0.0,0.0,0.0,0.0,25.0,0.0,79.0,0.0,0.0,0.0,0.0,132.0,0.0,0.0,0.0,0.0,0.0,0.0,28.0,0.0,0.0,28.0,0.0,0.0,0.0,0.0,0.0,0.0,0.0,0.0,0.0,0.0,18.0,0.0,14.0,18.0,78.0,14.0,50.0,78.0,0.0,50.0,0.0,0.0,0.0,0.0,0.0,0.0,"Mar 17, 2016"
1339,2302093.0,7646.0,Baghdad,Adhamia,Saba Qusor,سبع قصور,33.4304635706,44.4286397377,145.0,870.0,26.0,0.0,0.0,0.0,0.0,24.0,0.0,0.0,4.0,0.0,0.0,0.0,23.0,0.0,68.0,0.0,0.0,0.0,0.0,50.0,0.0,0.0,0.0,0.0,0.0,0.0,95.0,0.0,0.0,95.0,0.0,0.0,0.0,0.0,0.0,0.0,0.0,0.0,20.0,0.0,19.0,20.0,35.0,19.0,65.0,35.0,6.0,65.0,0.0,6.0,0.0,0.0,0.0,0.0,0.0,0.0,"Mar 17, 2016"
1340,2302095.0,25210.0,Baghdad,Adhamia,Taleb Al Ali Village,قرية طالب العلي,33.51404839,44.31004726,7.0,42.0,0.0,0.0,0.0,0.0,0.0,0.0,0.0,0.0,0.0,0.0,0.0,0.0,0.0,0.0,7.0,0.0,0.0,0.0,0.0,7.0,0.0,0.0,0.0,0.0,0.0,0.0,0.0,0.0,0.0,0.0,0.0,0.0,0.0,0.0,0.0,0.0,0.0,0.0,0.0,0.0,0.0,0.0,7.0,0.0,0.0,7.0,0.0,0.0,0.0,0.0,0.0,0.0,0.0,0.0,0.0,0.0,"Mar 17, 2016"
1341,2302096.0,24439.0,Baghdad,Adhamia,Tarbiya-317,التربية-317,33.4018307915,44.3899564487,50.0,300.0,3.0,0.0,0.0,0.0,0.0,0.0,0.0,0.0,0.0,0.0,0.0,0.0,47.0,0.0,0.0,0.0,0.0,0.0,0.0,12.0,0.0,0.0,0.0,0.0,0.0,0.0,38.0,0.0,0.0,38.0,0.0,0.0,0.0,0.0,0.0,0.0,0.0,0.0,0.0,0.0,47.0,0.0,0.0,47.0,0.0,0.0,3.0,0.0,0.0,3.0,0.0,0.0,0.0,0.0,0.0,0.0,"Mar 17, 2016"
1342,2302098.0,24001.0,Baghdad,Adhamia,Tunis-326,تونس-326,33.392728172,44.3795829913,181.0,1086.0,125.0,0.0,0.0,0.0,0.0,4.0,0.0,0.0,0.0,0.0,0.0,0.0,34.0,0.0,18.0,0.0,0.0,0.0,0.0,33.0,0.0,0.0,0.0,0.0,0.0,0.0,148.0,0.0,0.0,148.0,0.0,0.0,0.0,0.0,0.0,0.0,0.0,0.0,83.0,0.0,30.0,83.0,0.0,30.0,11.0,0.0,57.0,11.0,0.0,57.0,0.0,0.0,0.0,0.0,0.0,0.0,"Mar 17, 2016"
1343,2302099.0,22538.0,Baghdad,Adhamia,Tunis-330,تونس-330,33.4056766774,44.3659073806,275.0,1650.0,150.0,0.0,0.0,0.0,0.0,3.0,0.0,0.0,0.0,0.0,0.0,0.0,30.0,0.0,92.0,0.0,0.0,0.0,0.0,40.0,0.0,0.0,0.0,0.0,0.0,0.0,235.0,0.0,0.0,235.0,0.0,0.0,0.0,0.0,0.0,0.0,0.0,0.0,34.0,0.0,18.0,34.0,51.0,18.0,61.0,51.0,111.0,61.0,0.0,111.0,0.0,0.0,0.0,0.0,0.0,0.0,"Mar 17, 2016"
1344,2302101.0,25214.0,Baghdad,Adhamia,Zuber jaata village,قرية زبير جعاطة,33.51894,44.34072,15.0,90.0,15.0,0.0,0.0,0.0,0.0,0.0,0.0,0.0,0.0,0.0,0.0,0.0,0.0,0.0,0.0,0.0,0.0,0.0,0.0,14.0,0.0,0.0,0.0,0.0,0.0,0.0,1.0,0.0,0.0,1.0,0.0,0.0,0.0,0.0,0.0,0.0,0.0,0.0,0.0,0.0,0.0,0.0,0.0,0.0,11.0,0.0,4.0,11.0,0.0,4.0,0.0,0.0,0.0,0.0,0.0,0.0,"Mar 17, 2016"
1345,2302108.0,24029.0,Baghdad,Adhamia,Hay Ur-327,حي اور-327,33.4080514601,44.4178358866,59.0,354.0,19.0,0.0,0.0,0.0,0.0,0.0,0.0,0.0,0.0,0.0,0.0,0.0,24.0,0.0,16.0,0.0,0.0,0.0,0.0,19.0,0.0,0.0,0.0,0.0,0.0,0.0,40.0,0.0,0.0,40.0,0.0,0.0,0.0,0.0,0.0,0.0,0.0,0.0,14.0,0.0,0.0,14.0,24.0,0.0,19.0,24.0,2.0,19.0,0.0,2.0,0.0,0.0,0.0,0.0,0.0,0.0,"Mar 17, 2016"
1346,2302109.0,27117.0,Baghdad,Adhamia,Al Biydhaa-319,البيضاء-319,33.389094869,44.4021318328,167.0,1002.0,54.0,0.0,0.0,0.0,0.0,13.0,0.0,0.0,0.0,0.0,0.0,0.0,58.0,0.0,42.0,0.0,0.0,0.0,0.0,31.0,0.0,0.0,0.0,0.0,0.0,0.0,136.0,0.0,0.0,136.0,0.0,0.0,0.0,0.0,0.0,0.0,0.0,0.0,0.0,0.0,30.0,0.0,51.0,30.0,54.0,51.0,32.0,54.0,0.0,32.0,0.0,0.0,0.0,0.0,0.0,0.0,"Mar 17, 2016"
1347,2302110.0,27118.0,Baghdad,Adhamia,Al Biydhaa-323,البيضاء-323,33.39108759,44.4087451,87.0,522.0,36.0,0.0,0.0,0.0,0.0,3.0,0.0,0.0,0.0,0.0,0.0,0.0,23.0,0.0,25.0,0.0,0.0,0.0,0.0,33.0,0.0,0.0,0.0,0.0,0.0,0.0,54.0,0.0,0.0,54.0,0.0,0.0,0.0,0.0,0.0,0.0,0.0,0.0,0.0,0.0,12.0,0.0,6.0,12.0,50.0,6.0,19.0,50.0,0.0,19.0,0.0,0.0,0.0,0.0,0.0,0.0,"Mar 17, 2016"
1348,2302111.0,21171.0,Baghdad,Adhamia,Al Bu Hayat Village,قرية البوحياة,33.530445366,44.3056562969,43.0,258.0,27.0,0.0,0.0,0.0,0.0,12.0,0.0,0.0,0.0,0.0,0.0,0.0,0.0,0.0,4.0,0.0,0.0,0.0,0.0,29.0,0.0,0.0,0.0,0.0,0.0,0.0,14.0,0.0,0.0,14.0,0.0,0.0,0.0,0.0,0.0,0.0,0.0,0.0,0.0,0.0,0.0,0.0,4.0,0.0,12.0,4.0,27.0,12.0,0.0,27.0,0.0,0.0,0.0,0.0,0.0,0.0,"Mar 17, 2016"
1349,2302112.0,27192.0,Baghdad,Adhamia,Al Arakna Village,العراكنة,33.5348353982,44.3460773684,31.0,186.0,21.0,0.0,0.0,0.0,0.0,9.0,0.0,0.0,0.0,0.0,0.0,0.0,1.0,0.0,0.0,0.0,0.0,0.0,0.0,15.0,0.0,0.0,0.0,0.0,0.0,0.0,16.0,0.0,0.0,16.0,0.0,0.0,0.0,0.0,0.0,0.0,0.0,0.0,0.0,0.0,0.0,0.0,0.0,0.0,13.0,0.0,18.0,13.0,0.0,18.0,0.0,0.0,0.0,0.0,0.0,0.0,"Mar 17, 2016"
1350,2302113.0,27254.0,Baghdad,Adhamia,Tunis-328,تونس-328,33.3974167317,44.3800822565,83.0,498.0,55.0,0.0,0.0,0.0,0.0,10.0,0.0,0.0,0.0,0.0,0.0,0.0,18.0,0.0,0.0,0.0,0.0,0.0,0.0,32.0,0.0,0.0,0.0,0.0,0.0,0.0,51.0,0.0,0.0,51.0,0.0,0.0,0.0,0.0,0.0,0.0,0.0,0.0,0.0,0.0,0.0,0.0,0.0,0.0,20.0,0.0,63.0,20.0,0.0,63.0,0.0,0.0,0.0,0.0,0.0,0.0,"Mar 17, 2016"
1351,2302114.0,27255.0,Baghdad,Adhamia,Hay Al Rabee-334,حي الربيع-334,33.4011153179,44.351246145,31.0,186.0,5.0,0.0,0.0,0.0,0.0,6.0,0.0,0.0,0.0,0.0,0.0,0.0,15.0,0.0,5.0,0.0,0.0,0.0,0.0,11.0,0.0,0.0,0.0,0.0,0.0,0.0,20.0,0.0,0.0,20.0,0.0,0.0,0.0,0.0,0.0,0.0,0.0,0.0,0.0,0.0,0.0,0.0,0.0,0.0,9.0,0.0,22.0,9.0,0.0,22.0,0.0,0.0,0.0,0.0,0.0,0.0,"Mar 17, 2016"
1352,2302115.0,27256.0,Baghdad,Adhamia,Hay Al Rabee-336,حي الربيع-336,33.4028689174,44.3419580869,50.0,300.0,11.0,0.0,0.0,0.0,0.0,13.0,0.0,0.0,0.0,0.0,0.0,0.0,15.0,0.0,11.0,0.0,0.0,0.0,0.0,29.0,0.0,0.0,0.0,0.0,0.0,0.0,21.0,0.0,0.0,21.0,0.0,0.0,0.0,0.0,0.0,0.0,0.0,0.0,0.0,0.0,0.0,0.0,0.0,0.0,12.0,0.0,38.0,12.0,0.0,38.0,0.0,0.0,0.0,0.0,0.0,0.0,"Mar 17, 2016"
1353,2302116.0,27325.0,Baghdad,Adhamia,Hay Ur-325,حي اور-325,33.3969886101,44.416917233,117.0,702.0,21.0,0.0,0.0,0.0,0.0,0.0,0.0,0.0,0.0,0.0,0.0,0.0,65.0,0.0,31.0,0.0,0.0,0.0,0.0,25.0,0.0,0.0,0.0,0.0,0.0,0.0,92.0,0.0,0.0,92.0,0.0,0.0,0.0,0.0,0.0,0.0,0.0,0.0,20.0,0.0,0.0,20.0,45.0,0.0,47.0,45.0,5.0,47.0,0.0,5.0,0.0,0.0,0.0,0.0,0.0,0.0,"Mar 17, 2016"
1354,2302117.0,27326.0,Baghdad,Adhamia,Hay Ur-329,حي اور-329,33.41818548,44.42487533,67.0,402.0,12.0,0.0,0.0,0.0,0.0,0.0,0.0,0.0,0.0,0.0,0.0,0.0,35.0,0.0,20.0,0.0,0.0,0.0,0.0,13.0,0.0,0.0,0.0,0.0,0.0,0.0,54.0,0.0,0.0,54.0,0.0,0.0,0.0,0.0,0.0,0.0,0.0,0.0,0.0,0.0,0.0,0.0,35.0,0.0,28.0,35.0,4.0,28.0,0.0,4.0,0.0,0.0,0.0,0.0,0.0,0.0,"Mar 17, 2016"
1355,2302118.0,22612.0,Baghdad,Adhamia,Al Basaten-346,البساتين-346,33.41191395,44.38090566,119.0,714.0,43.0,0.0,12.0,0.0,0.0,23.0,0.0,0.0,0.0,0.0,0.0,0.0,12.0,0.0,29.0,0.0,0.0,0.0,0.0,45.0,0.0,0.0,0.0,0.0,0.0,0.0,74.0,0.0,0.0,74.0,0.0,0.0,0.0,0.0,0.0,0.0,0.0,0.0,22.0,0.0,20.0,22.0,0.0,20.0,39.0,0.0,38.0,39.0,0.0,38.0,0.0,0.0,0.0,0.0,0.0,0.0,"Mar 17, 2016"
1356,2302119.0,22696.0,Baghdad,Adhamia,Al Basaten-348,البساتين-348,33.4245422995,44.3726577879,39.0,234.0,15.0,0.0,0.0,0.0,0.0,8.0,0.0,0.0,0.0,0.0,0.0,0.0,5.0,0.0,11.0,0.0,0.0,0.0,0.0,11.0,0.0,0.0,0.0,0.0,0.0,0.0,28.0,0.0,0.0,28.0,0.0,0.0,0.0,0.0,0.0,0.0,0.0,0.0,0.0,0.0,5.0,0.0,0.0,5.0,21.0,0.0,13.0,21.0,0.0,13.0,0.0,0.0,0.0,0.0,0.0,0.0,"Mar 17, 2016"
1357,2303001.0,25882.0,Baghdad,Thawra1,Al Sader-Kattaa 0,الصدر-قطاع 0,33.35509,44.4489,41.0,246.0,41.0,0.0,0.0,0.0,0.0,0.0,0.0,0.0,0.0,0.0,0.0,0.0,0.0,0.0,0.0,0.0,0.0,0.0,0.0,6.0,0.0,0.0,0.0,0.0,0.0,0.0,35.0,0.0,0.0,35.0,0.0,0.0,0.0,0.0,0.0,0.0,0.0,0.0,0.0,0.0,0.0,0.0,0.0,0.0,0.0,0.0,41.0,0.0,0.0,41.0,0.0,0.0,0.0,0.0,0.0,0.0,"Mar 17, 2016"
1358,2303002.0,24300.0,Baghdad,Thawra1,Al Sadir-Block 4,الصدر-قطاع 4,33.36169,44.43961,43.0,258.0,0.0,0.0,0.0,0.0,0.0,28.0,0.0,0.0,0.0,0.0,0.0,0.0,15.0,0.0,0.0,0.0,0.0,0.0,0.0,5.0,0.0,0.0,0.0,0.0,0.0,0.0,38.0,0.0,0.0,38.0,0.0,0.0,0.0,0.0,0.0,0.0,0.0,0.0,0.0,0.0,43.0,0.0,0.0,43.0,0.0,0.0,0.0,0.0,0.0,0.0,0.0,0.0,0.0,0.0,0.0,0.0,"Mar 17, 2016"
1359,2303003.0,24736.0,Baghdad,Thawra1,Al Sadir-527,الصدر-527,33.3732281378,44.4455118074,11.0,66.0,0.0,0.0,0.0,0.0,0.0,0.0,0.0,0.0,0.0,0.0,0.0,0.0,6.0,0.0,5.0,0.0,0.0,0.0,0.0,11.0,0.0,0.0,0.0,0.0,0.0,0.0,0.0,0.0,0.0,0.0,0.0,0.0,0.0,0.0,0.0,0.0,0.0,0.0,0.0,0.0,0.0,0.0,11.0,0.0,0.0,11.0,0.0,0.0,0.0,0.0,0.0,0.0,0.0,0.0,0.0,0.0,"Mar 17, 2016"
1360,2303004.0,24737.0,Baghdad,Thawra1,Al Sadir-567,الصدر-567,33.39924207,44.47767055,12.0,72.0,0.0,0.0,0.0,0.0,0.0,7.0,0.0,0.0,0.0,0.0,0.0,0.0,0.0,0.0,5.0,0.0,0.0,0.0,0.0,12.0,0.0,0.0,0.0,0.0,0.0,0.0,0.0,0.0,0.0,0.0,0.0,0.0,0.0,0.0,0.0,0.0,0.0,0.0,0.0,0.0,0.0,0.0,0.0,0.0,12.0,0.0,0.0,12.0,0.0,0.0,0.0,0.0,0.0,0.0,0.0,0.0,"Mar 17, 2016"
1361,2304001.0,24276.0,Baghdad,Thawra2,Al Sader-Kattaa 76,الصدر-قطاع 76,33.40319,44.45274,70.0,420.0,24.0,0.0,0.0,0.0,0.0,29.0,0.0,0.0,0.0,0.0,0.0,0.0,17.0,0.0,0.0,0.0,0.0,0.0,0.0,12.0,0.0,0.0,0.0,0.0,0.0,0.0,58.0,0.0,0.0,58.0,0.0,0.0,0.0,0.0,0.0,0.0,0.0,0.0,0.0,0.0,46.0,0.0,0.0,46.0,0.0,0.0,24.0,0.0,0.0,24.0,0.0,0.0,0.0,0.0,0.0,0.0,"Mar 17, 2016"
1362,2304002.0,24622.0,Baghdad,Thawra2,Al Sadir 2-512,الصدر 2-512,33.3739488755,44.4182442143,36.0,216.0,0.0,0.0,0.0,0.0,0.0,0.0,0.0,0.0,13.0,0.0,0.0,0.0,23.0,0.0,0.0,0.0,0.0,0.0,0.0,13.0,0.0,0.0,0.0,0.0,0.0,0.0,0.0,0.0,0.0,0.0,0.0,0.0,23.0,0.0,0.0,23.0,0.0,0.0,0.0,0.0,0.0,0.0,0.0,0.0,36.0,0.0,0.0,36.0,0.0,0.0,0.0,0.0,0.0,0.0,0.0,0.0,"Mar 17, 2016"
1363,2304003.0,24301.0,Baghdad,Thawra2,Al Sadir-block 63,الصدر-قطاع63,33.38938,44.4375,20.0,120.0,0.0,0.0,0.0,0.0,0.0,0.0,0.0,0.0,0.0,0.0,0.0,0.0,20.0,0.0,0.0,0.0,0.0,0.0,0.0,20.0,0.0,0.0,0.0,0.0,0.0,0.0,0.0,0.0,0.0,0.0,0.0,0.0,0.0,0.0,0.0,0.0,0.0,0.0,0.0,0.0,20.0,0.0,0.0,20.0,0.0,0.0,0.0,0.0,0.0,0.0,0.0,0.0,0.0,0.0,0.0,0.0,"Mar 17, 2016"
1364,2304004.0,24656.0,Baghdad,Thawra2,Al Sadir 2-513,الصدر-513,33.3650258849,44.4323211943,57.0,342.0,0.0,0.0,0.0,0.0,0.0,9.0,0.0,0.0,0.0,0.0,0.0,0.0,0.0,0.0,48.0,0.0,0.0,0.0,0.0,11.0,0.0,0.0,0.0,0.0,0.0,0.0,46.0,0.0,0.0,46.0,0.0,0.0,0.0,0.0,0.0,0.0,0.0,0.0,0.0,0.0,0.0,0.0,0.0,0.0,57.0,0.0,0.0,57.0,0.0,0.0,0.0,0.0,0.0,0.0,0.0,0.0,"Mar 17, 2016"
1365,2304005.0,24655.0,Baghdad,Thawra2,Al Sadir 2-515,الصدر-515,33.3607689314,44.4460299873,54.0,324.0,10.0,0.0,0.0,0.0,0.0,0.0,0.0,0.0,0.0,0.0,0.0,0.0,30.0,0.0,14.0,0.0,0.0,0.0,0.0,14.0,0.0,0.0,0.0,0.0,0.0,0.0,40.0,0.0,0.0,40.0,0.0,0.0,0.0,0.0,0.0,0.0,0.0,0.0,0.0,0.0,0.0,0.0,0.0,0.0,44.0,0.0,10.0,44.0,0.0,10.0,0.0,0.0,0.0,0.0,0.0,0.0,"Mar 17, 2016"
1366,2304006.0,24503.0,Baghdad,Thawra2,Al Sadir 2-511,الصدر 2-511,33.3568590728,44.4379413452,31.0,186.0,0.0,0.0,0.0,0.0,0.0,4.0,0.0,0.0,7.0,0.0,0.0,0.0,20.0,0.0,0.0,0.0,0.0,0.0,0.0,7.0,0.0,0.0,0.0,0.0,0.0,0.0,4.0,0.0,0.0,4.0,0.0,0.0,20.0,0.0,0.0,20.0,0.0,0.0,0.0,0.0,0.0,0.0,11.0,0.0,20.0,11.0,0.0,20.0,0.0,0.0,0.0,0.0,0.0,0.0,0.0,0.0,"Mar 17, 2016"
1367,2304007.0,22883.0,Baghdad,Thawra2,Al Sadir 2-516,الصدر-516,33.3755218044,44.4249419629,44.0,264.0,0.0,0.0,0.0,0.0,0.0,1.0,0.0,0.0,23.0,0.0,0.0,0.0,20.0,0.0,0.0,0.0,0.0,0.0,0.0,4.0,0.0,0.0,0.0,0.0,0.0,0.0,40.0,0.0,0.0,40.0,0.0,0.0,0.0,0.0,0.0,0.0,0.0,0.0,0.0,0.0,0.0,0.0,0.0,0.0,44.0,0.0,0.0,44.0,0.0,0.0,0.0,0.0,0.0,0.0,0.0,0.0,"Mar 17, 2016"
1368,2304008.0,24659.0,Baghdad,Thawra2,Al Sadir 2-517,الصدر-517,33.3692543012,44.441657233,74.0,444.0,4.0,0.0,0.0,0.0,0.0,0.0,0.0,0.0,16.0,0.0,0.0,0.0,54.0,0.0,0.0,0.0,0.0,0.0,0.0,7.0,0.0,0.0,0.0,0.0,0.0,0.0,48.0,0.0,0.0,48.0,0.0,0.0,19.0,0.0,0.0,19.0,0.0,0.0,0.0,0.0,0.0,0.0,0.0,0.0,70.0,0.0,4.0,70.0,0.0,4.0,0.0,0.0,0.0,0.0,0.0,0.0,"Mar 17, 2016"
1369,2304009.0,22884.0,Baghdad,Thawra2,Al Sadir 2-518,الصدر-518,33.3779981973,44.4217473416,241.0,1446.0,0.0,0.0,0.0,0.0,0.0,110.0,0.0,0.0,0.0,0.0,0.0,0.0,131.0,0.0,0.0,0.0,0.0,0.0,0.0,34.0,0.0,0.0,0.0,0.0,0.0,0.0,177.0,0.0,0.0,177.0,0.0,0.0,30.0,0.0,0.0,30.0,0.0,0.0,0.0,0.0,128.0,0.0,0.0,128.0,113.0,0.0,0.0,113.0,0.0,0.0,0.0,0.0,0.0,0.0,0.0,0.0,"Mar 17, 2016"
1370,2304010.0,24658.0,Baghdad,Thawra2,Al Sadir 2-541,الصدر-541,33.3787805392,44.4604858668,58.0,348.0,0.0,0.0,0.0,0.0,0.0,6.0,0.0,0.0,24.0,0.0,0.0,0.0,28.0,0.0,0.0,0.0,0.0,0.0,0.0,12.0,0.0,0.0,0.0,0.0,0.0,0.0,46.0,0.0,0.0,46.0,0.0,0.0,0.0,0.0,0.0,0.0,0.0,0.0,0.0,0.0,0.0,0.0,0.0,0.0,58.0,0.0,0.0,58.0,0.0,0.0,0.0,0.0,0.0,0.0,0.0,0.0,"Mar 17, 2016"
1371,2304011.0,24657.0,Baghdad,Thawra2,Al Sadir 2-571,الصدر-571,33.3866331751,44.4854092654,46.0,276.0,0.0,0.0,0.0,0.0,0.0,0.0,0.0,0.0,11.0,0.0,0.0,0.0,19.0,0.0,16.0,0.0,0.0,0.0,0.0,5.0,0.0,0.0,0.0,0.0,0.0,0.0,41.0,0.0,0.0,41.0,0.0,0.0,0.0,0.0,0.0,0.0,0.0,0.0,0.0,0.0,0.0,0.0,0.0,0.0,46.0,0.0,0.0,46.0,0.0,0.0,0.0,0.0,0.0,0.0,0.0,0.0,"Mar 17, 2016"
1372,2304012.0,24504.0,Baghdad,Thawra2,Al Sadir 3-555,الصدر 3-555,33.3753633673,44.4659114301,17.0,102.0,0.0,0.0,0.0,0.0,0.0,0.0,0.0,0.0,0.0,0.0,0.0,0.0,10.0,0.0,7.0,0.0,0.0,0.0,0.0,11.0,0.0,0.0,0.0,0.0,0.0,0.0,6.0,0.0,0.0,6.0,0.0,0.0,0.0,0.0,0.0,0.0,0.0,0.0,0.0,0.0,0.0,0.0,10.0,0.0,7.0,10.0,0.0,7.0,0.0,0.0,0.0,0.0,0.0,0.0,0.0,0.0,"Mar 17, 2016"
1373,2304013.0,22537.0,Baghdad,Thawra2,Al Sadir 5-528,الصدر-528,33.3877685985,44.4376341885,43.0,258.0,13.0,0.0,0.0,0.0,0.0,6.0,0.0,0.0,0.0,0.0,0.0,0.0,15.0,0.0,9.0,0.0,0.0,0.0,0.0,20.0,0.0,0.0,0.0,0.0,0.0,0.0,23.0,0.0,0.0,23.0,0.0,0.0,0.0,0.0,0.0,0.0,0.0,0.0,3.0,0.0,15.0,3.0,0.0,15.0,15.0,0.0,10.0,15.0,0.0,10.0,0.0,0.0,0.0,0.0,0.0,0.0,"Mar 17, 2016"
1374,2304015.0,24502.0,Baghdad,Thawra2,Al Sadir 8-550,الصدر 8-550,33.4011420057,44.4538749734,46.0,276.0,0.0,0.0,0.0,0.0,0.0,0.0,0.0,0.0,0.0,0.0,0.0,0.0,31.0,0.0,15.0,0.0,0.0,0.0,0.0,4.0,0.0,0.0,0.0,0.0,0.0,0.0,42.0,0.0,0.0,42.0,0.0,0.0,0.0,0.0,0.0,0.0,0.0,0.0,0.0,0.0,0.0,0.0,6.0,0.0,40.0,6.0,0.0,40.0,0.0,0.0,0.0,0.0,0.0,0.0,0.0,0.0,"Mar 17, 2016"
1375,2304016.0,24932.0,Baghdad,Thawra2,Al Sadir3-535,الصدر-535,33.3601801097,44.4554460032,18.0,108.0,0.0,0.0,0.0,0.0,0.0,0.0,0.0,0.0,0.0,0.0,0.0,0.0,18.0,0.0,0.0,0.0,0.0,0.0,0.0,0.0,0.0,0.0,0.0,0.0,0.0,0.0,18.0,0.0,0.0,18.0,0.0,0.0,0.0,0.0,0.0,0.0,0.0,0.0,0.0,0.0,18.0,0.0,0.0,18.0,0.0,0.0,0.0,0.0,0.0,0.0,0.0,0.0,0.0,0.0,0.0,0.0,"Mar 17, 2016"
1376,2304017.0,24584.0,Baghdad,Thawra2,Al Sadir3-537,الصدر-537,33.3631693231,44.456867023,49.0,294.0,0.0,0.0,0.0,0.0,0.0,12.0,0.0,0.0,18.0,0.0,0.0,0.0,19.0,0.0,0.0,0.0,0.0,0.0,0.0,11.0,0.0,0.0,0.0,0.0,0.0,0.0,38.0,0.0,0.0,38.0,0.0,0.0,0.0,0.0,0.0,0.0,0.0,0.0,0.0,0.0,0.0,0.0,5.0,0.0,44.0,5.0,0.0,44.0,0.0,0.0,0.0,0.0,0.0,0.0,0.0,0.0,"Mar 17, 2016"
1377,2304018.0,24933.0,Baghdad,Thawra2,Al Sadir4-547,الصدر-547,33.3805178828,44.4604993503,7.0,42.0,0.0,0.0,0.0,0.0,0.0,7.0,0.0,0.0,0.0,0.0,0.0,0.0,0.0,0.0,0.0,0.0,0.0,0.0,0.0,0.0,0.0,0.0,0.0,0.0,0.0,0.0,7.0,0.0,0.0,7.0,0.0,0.0,0.0,0.0,0.0,0.0,0.0,0.0,0.0,0.0,7.0,0.0,0.0,7.0,0.0,0.0,0.0,0.0,0.0,0.0,0.0,0.0,0.0,0.0,0.0,0.0,"Mar 17, 2016"
1378,2304019.0,24585.0,Baghdad,Thawra2,Al Sadir5-520,الصدر-520,33.3800346381,44.4439285304,53.0,318.0,0.0,0.0,0.0,0.0,0.0,53.0,0.0,0.0,0.0,0.0,0.0,0.0,0.0,0.0,0.0,0.0,0.0,0.0,0.0,6.0,0.0,0.0,0.0,0.0,0.0,0.0,47.0,0.0,0.0,47.0,0.0,0.0,0.0,0.0,0.0,0.0,0.0,0.0,0.0,0.0,0.0,0.0,7.0,0.0,46.0,7.0,0.0,46.0,0.0,0.0,0.0,0.0,0.0,0.0,0.0,0.0,"Mar 17, 2016"
1379,2304020.0,24586.0,Baghdad,Thawra2,Al Sadir5-522,الصدر-522,33.3834956003,44.4396228036,21.0,126.0,0.0,0.0,0.0,0.0,0.0,0.0,0.0,0.0,0.0,0.0,0.0,0.0,21.0,0.0,0.0,0.0,0.0,0.0,0.0,19.0,0.0,0.0,0.0,0.0,0.0,0.0,2.0,0.0,0.0,2.0,0.0,0.0,0.0,0.0,0.0,0.0,0.0,0.0,0.0,0.0,0.0,0.0,5.0,0.0,16.0,5.0,0.0,16.0,0.0,0.0,0.0,0.0,0.0,0.0,0.0,0.0,"Mar 17, 2016"
1380,2304021.0,24587.0,Baghdad,Thawra2,Al Sadir5-530,الصدر-530,33.3914971917,44.4330386768,12.0,72.0,6.0,0.0,0.0,0.0,0.0,0.0,0.0,0.0,6.0,0.0,0.0,0.0,0.0,0.0,0.0,0.0,0.0,0.0,0.0,12.0,0.0,0.0,0.0,0.0,0.0,0.0,0.0,0.0,0.0,0.0,0.0,0.0,0.0,0.0,0.0,0.0,0.0,0.0,0.0,0.0,0.0,0.0,6.0,0.0,6.0,6.0,0.0,6.0,0.0,0.0,0.0,0.0,0.0,0.0,0.0,0.0,"Mar 17, 2016"
1381,2304022.0,24588.0,Baghdad,Thawra2,Al Sadir5-532,الصدر-532,33.3856694084,44.4497497132,22.0,132.0,2.0,0.0,0.0,0.0,0.0,0.0,0.0,0.0,0.0,0.0,0.0,0.0,20.0,0.0,0.0,0.0,0.0,0.0,0.0,16.0,0.0,0.0,0.0,0.0,0.0,0.0,6.0,0.0,0.0,6.0,0.0,0.0,0.0,0.0,0.0,0.0,0.0,0.0,0.0,0.0,8.0,0.0,0.0,8.0,12.0,0.0,2.0,12.0,0.0,2.0,0.0,0.0,0.0,0.0,0.0,0.0,"Mar 17, 2016"
1382,2304024.0,25721.0,Baghdad,Thawra2,Al Sadir6-573,الصدر-573,33.3955143147,44.4962556843,10.0,60.0,10.0,0.0,0.0,0.0,0.0,0.0,0.0,0.0,0.0,0.0,0.0,0.0,0.0,0.0,0.0,0.0,0.0,0.0,0.0,0.0,0.0,0.0,0.0,0.0,0.0,0.0,10.0,0.0,0.0,10.0,0.0,0.0,0.0,0.0,0.0,0.0,0.0,0.0,0.0,0.0,0.0,0.0,0.0,0.0,10.0,0.0,0.0,10.0,0.0,0.0,0.0,0.0,0.0,0.0,0.0,0.0,"Mar 17, 2016"
1383,2304025.0,23039.0,Baghdad,Thawra2,Al Sadir6-575,الصدر-575,33.4014861627,44.4996023083,12.0,72.0,0.0,0.0,0.0,0.0,0.0,0.0,0.0,0.0,0.0,0.0,0.0,0.0,12.0,0.0,0.0,0.0,0.0,0.0,0.0,0.0,0.0,0.0,0.0,0.0,0.0,0.0,12.0,0.0,0.0,12.0,0.0,0.0,0.0,0.0,0.0,0.0,0.0,0.0,0.0,0.0,12.0,0.0,0.0,12.0,0.0,0.0,0.0,0.0,0.0,0.0,0.0,0.0,0.0,0.0,0.0,0.0,"Mar 17, 2016"
1384,2304026.0,24591.0,Baghdad,Thawra2,Al Sadir7-538,الصدر-538,33.3939917559,44.4433513316,29.0,174.0,0.0,0.0,0.0,0.0,0.0,0.0,0.0,0.0,0.0,0.0,0.0,0.0,29.0,0.0,0.0,0.0,0.0,0.0,0.0,29.0,0.0,0.0,0.0,0.0,0.0,0.0,0.0,0.0,0.0,0.0,0.0,0.0,0.0,0.0,0.0,0.0,0.0,0.0,0.0,0.0,0.0,0.0,0.0,0.0,29.0,0.0,0.0,29.0,0.0,0.0,0.0,0.0,0.0,0.0,0.0,0.0,"Mar 17, 2016"
1385,2304027.0,24590.0,Baghdad,Thawra2,Al Sadir7-542,الصدر-542,33.397425738,44.4486912752,23.0,138.0,0.0,0.0,0.0,0.0,0.0,23.0,0.0,0.0,0.0,0.0,0.0,0.0,0.0,0.0,0.0,0.0,0.0,0.0,0.0,23.0,0.0,0.0,0.0,0.0,0.0,0.0,0.0,0.0,0.0,0.0,0.0,0.0,0.0,0.0,0.0,0.0,0.0,0.0,0.0,0.0,0.0,0.0,9.0,0.0,14.0,9.0,0.0,14.0,0.0,0.0,0.0,0.0,0.0,0.0,0.0,0.0,"Mar 17, 2016"
1386,2304028.0,24589.0,Baghdad,Thawra2,Al Sadir7-544,الصدر-544,33.397467012,44.4530950474,26.0,156.0,0.0,0.0,0.0,0.0,0.0,0.0,0.0,0.0,26.0,0.0,0.0,0.0,0.0,0.0,0.0,0.0,0.0,0.0,0.0,26.0,0.0,0.0,0.0,0.0,0.0,0.0,0.0,0.0,0.0,0.0,0.0,0.0,0.0,0.0,0.0,0.0,0.0,0.0,0.0,0.0,0.0,0.0,11.0,0.0,15.0,11.0,0.0,15.0,0.0,0.0,0.0,0.0,0.0,0.0,0.0,0.0,"Mar 17, 2016"
1387,2305001.0,24734.0,Baghdad,Al Resafa,14 Tamoz-508,508-14 تموز,33.36193407,44.4213684743,77.0,462.0,28.0,0.0,0.0,0.0,0.0,13.0,0.0,0.0,0.0,0.0,0.0,0.0,22.0,0.0,14.0,0.0,0.0,0.0,0.0,16.0,0.0,0.0,0.0,0.0,0.0,0.0,61.0,0.0,0.0,61.0,0.0,0.0,0.0,0.0,0.0,0.0,0.0,0.0,44.0,0.0,0.0,44.0,0.0,0.0,15.0,0.0,18.0,15.0,0.0,18.0,0.0,0.0,0.0,0.0,0.0,0.0,"Mar 17, 2016"
1388,2305002.0,24735.0,Baghdad,Al Resafa,14 Tamoz-510,510-14 تموز,33.3665657156,44.4131876471,72.0,432.0,41.0,0.0,0.0,0.0,0.0,13.0,0.0,0.0,0.0,0.0,0.0,0.0,11.0,0.0,7.0,0.0,0.0,0.0,0.0,20.0,0.0,0.0,0.0,0.0,0.0,0.0,52.0,0.0,0.0,52.0,0.0,0.0,0.0,0.0,0.0,0.0,0.0,0.0,19.0,0.0,11.0,19.0,0.0,11.0,20.0,0.0,22.0,20.0,0.0,22.0,0.0,0.0,0.0,0.0,0.0,0.0,"Mar 17, 2016"
1389,2305007.0,24714.0,Baghdad,Al Resafa,Abu Nuas-102,أبو نؤاس-102,33.3199119543,44.4153145094,26.0,156.0,13.0,0.0,0.0,0.0,0.0,1.0,0.0,0.0,0.0,0.0,0.0,0.0,11.0,0.0,1.0,0.0,0.0,0.0,0.0,11.0,0.0,0.0,0.0,0.0,0.0,0.0,15.0,0.0,0.0,15.0,0.0,0.0,0.0,0.0,0.0,0.0,0.0,0.0,0.0,0.0,7.0,0.0,0.0,7.0,6.0,0.0,13.0,6.0,0.0,13.0,0.0,0.0,0.0,0.0,0.0,0.0,"Mar 17, 2016"
1390,2305008.0,22054.0,Baghdad,Al Resafa,Al Ameen-739,الامين-739,33.3065818572,44.5070612925,34.0,204.0,16.0,0.0,0.0,0.0,0.0,3.0,0.0,0.0,0.0,0.0,0.0,0.0,15.0,0.0,0.0,0.0,0.0,0.0,0.0,22.0,0.0,0.0,0.0,0.0,0.0,7.0,5.0,7.0,0.0,5.0,0.0,0.0,0.0,0.0,0.0,0.0,0.0,0.0,5.0,0.0,0.0,5.0,13.0,0.0,7.0,13.0,9.0,7.0,0.0,9.0,0.0,0.0,0.0,0.0,0.0,0.0,"Mar 17, 2016"
1391,2305009.0,22055.0,Baghdad,Al Resafa,Al Ameen-743,الامين-743,33.3012196394,44.5206257207,47.0,282.0,10.0,0.0,0.0,0.0,0.0,6.0,0.0,0.0,0.0,0.0,0.0,0.0,24.0,0.0,7.0,0.0,0.0,0.0,0.0,15.0,0.0,0.0,0.0,0.0,0.0,8.0,24.0,8.0,0.0,24.0,0.0,0.0,0.0,0.0,0.0,0.0,0.0,0.0,3.0,0.0,0.0,3.0,25.0,0.0,9.0,25.0,10.0,9.0,0.0,10.0,0.0,0.0,0.0,0.0,0.0,0.0,"Mar 17, 2016"
1392,2305010.0,21888.0,Baghdad,Al Resafa,Al Ameen-741,الامين-741,33.303924804,44.5159035821,40.0,240.0,3.0,0.0,0.0,0.0,0.0,10.0,0.0,0.0,0.0,0.0,0.0,0.0,20.0,0.0,7.0,0.0,0.0,0.0,0.0,22.0,0.0,0.0,0.0,0.0,0.0,10.0,8.0,10.0,0.0,8.0,0.0,0.0,0.0,0.0,0.0,0.0,0.0,0.0,4.0,0.0,6.0,4.0,22.0,6.0,6.0,22.0,2.0,6.0,0.0,2.0,0.0,0.0,0.0,0.0,0.0,0.0,"Mar 17, 2016"
1393,2305011.0,21889.0,Baghdad,Al Resafa,Al Ameen-747,الأمين-747,33.2985493435,44.5225551451,31.0,186.0,6.0,0.0,0.0,0.0,0.0,2.0,0.0,0.0,0.0,0.0,0.0,0.0,23.0,0.0,0.0,0.0,0.0,0.0,0.0,15.0,0.0,0.0,0.0,0.0,0.0,0.0,11.0,0.0,0.0,11.0,0.0,0.0,0.0,0.0,5.0,0.0,0.0,5.0,0.0,0.0,0.0,0.0,22.0,0.0,5.0,22.0,4.0,5.0,0.0,4.0,0.0,0.0,0.0,0.0,0.0,0.0,"Mar 17, 2016"
1394,2305012.0,24939.0,Baghdad,Al Resafa,Al Atebaa-116,الأطباء-116,33.350126,44.380249,10.0,60.0,5.0,0.0,0.0,0.0,0.0,0.0,0.0,0.0,0.0,0.0,0.0,0.0,5.0,0.0,0.0,0.0,0.0,0.0,0.0,5.0,0.0,0.0,0.0,0.0,0.0,0.0,5.0,0.0,0.0,5.0,0.0,0.0,0.0,0.0,0.0,0.0,0.0,0.0,0.0,0.0,5.0,0.0,5.0,5.0,0.0,5.0,0.0,0.0,0.0,0.0,0.0,0.0,0.0,0.0,0.0,0.0,"Mar 17, 2016"
1395,2305013.0,24940.0,Baghdad,Al Resafa,Al Atebaa-118,الأطباء-118,33.35193556,44.37452721,6.0,36.0,3.0,0.0,0.0,0.0,0.0,0.0,0.0,0.0,0.0,0.0,0.0,0.0,3.0,0.0,0.0,0.0,0.0,0.0,0.0,6.0,0.0,0.0,0.0,0.0,0.0,0.0,0.0,0.0,0.0,0.0,0.0,0.0,0.0,0.0,0.0,0.0,0.0,0.0,0.0,0.0,3.0,0.0,0.0,3.0,0.0,0.0,3.0,0.0,0.0,3.0,0.0,0.0,0.0,0.0,0.0,0.0,"Mar 17, 2016"
1396,2305014.0,24938.0,Baghdad,Al Resafa,Al Atebaa-120,الاطباء-120,33.3531648337,44.3811378245,43.0,258.0,40.0,0.0,0.0,0.0,0.0,0.0,0.0,0.0,0.0,0.0,0.0,0.0,3.0,0.0,0.0,0.0,0.0,0.0,0.0,23.0,0.0,0.0,0.0,0.0,0.0,0.0,20.0,0.0,0.0,20.0,0.0,0.0,0.0,0.0,0.0,0.0,0.0,0.0,0.0,0.0,3.0,0.0,0.0,3.0,30.0,0.0,10.0,30.0,0.0,10.0,0.0,0.0,0.0,0.0,0.0,0.0,"Mar 17, 2016"
1397,2305017.0,24497.0,Baghdad,Al Resafa,Al baladiyat-728,البلديات-728,33.33223364,44.4759524138,54.0,324.0,25.0,0.0,0.0,0.0,0.0,0.0,0.0,0.0,0.0,0.0,0.0,0.0,29.0,0.0,0.0,0.0,0.0,0.0,0.0,23.0,0.0,0.0,0.0,0.0,0.0,0.0,31.0,0.0,0.0,31.0,0.0,0.0,0.0,0.0,0.0,0.0,0.0,0.0,0.0,0.0,0.0,0.0,31.0,0.0,0.0,31.0,23.0,0.0,0.0,23.0,0.0,0.0,0.0,0.0,0.0,0.0,"Mar 17, 2016"
1398,2305018.0,24498.0,Baghdad,Al Resafa,Al baladiyat-730,البلديات-730,33.3424441262,44.4831530553,57.0,342.0,23.0,0.0,0.0,0.0,0.0,0.0,0.0,0.0,0.0,0.0,0.0,0.0,26.0,0.0,8.0,0.0,0.0,0.0,0.0,17.0,0.0,0.0,0.0,0.0,0.0,0.0,40.0,0.0,0.0,40.0,0.0,0.0,0.0,0.0,0.0,0.0,0.0,0.0,0.0,0.0,0.0,0.0,17.0,0.0,29.0,17.0,11.0,29.0,0.0,11.0,0.0,0.0,0.0,0.0,0.0,0.0,"Mar 17, 2016"
1399,2305019.0,24500.0,Baghdad,Al Resafa,Al baladiyat-732,البلديات-732,33.3416480559,44.4664902409,85.0,510.0,27.0,0.0,0.0,0.0,0.0,9.0,0.0,0.0,0.0,0.0,0.0,0.0,34.0,0.0,15.0,0.0,0.0,0.0,0.0,53.0,0.0,0.0,0.0,0.0,0.0,0.0,32.0,0.0,0.0,32.0,0.0,0.0,0.0,0.0,0.0,0.0,0.0,0.0,0.0,0.0,0.0,0.0,39.0,0.0,19.0,39.0,27.0,19.0,0.0,27.0,0.0,0.0,0.0,0.0,0.0,0.0,"Mar 17, 2016"
1400,2305020.0,24499.0,Baghdad,Al Resafa,Al baladiyat-734,البلديات-734,33.3499679764,44.4643645854,60.0,360.0,12.0,0.0,0.0,0.0,0.0,0.0,0.0,0.0,0.0,0.0,0.0,0.0,24.0,0.0,24.0,0.0,0.0,0.0,0.0,23.0,0.0,0.0,0.0,0.0,0.0,0.0,37.0,0.0,0.0,37.0,0.0,0.0,0.0,0.0,0.0,0.0,0.0,0.0,0.0,0.0,0.0,0.0,31.0,0.0,17.0,31.0,12.0,17.0,0.0,12.0,0.0,0.0,0.0,0.0,0.0,0.0,"Mar 17, 2016"
1401,2305021.0,23731.0,Baghdad,Al Resafa,Al baladiyat-738,البلديات-738,33.3473620813,44.4770458074,78.0,468.0,34.0,0.0,0.0,0.0,0.0,6.0,0.0,0.0,0.0,0.0,0.0,0.0,32.0,0.0,6.0,0.0,0.0,0.0,0.0,45.0,0.0,0.0,0.0,0.0,0.0,0.0,25.0,0.0,0.0,25.0,0.0,0.0,8.0,0.0,0.0,8.0,0.0,0.0,0.0,0.0,20.0,0.0,27.0,20.0,11.0,27.0,20.0,11.0,0.0,20.0,0.0,0.0,0.0,0.0,0.0,0.0,"Mar 17, 2016"
1402,2305022.0,24024.0,Baghdad,Al Resafa,Al Baladiyat-744,البلديات-744,33.3554438642,44.4679781671,66.0,396.0,30.0,0.0,0.0,0.0,0.0,0.0,0.0,0.0,0.0,0.0,0.0,0.0,36.0,0.0,0.0,0.0,0.0,0.0,0.0,22.0,0.0,0.0,0.0,0.0,0.0,10.0,34.0,10.0,0.0,34.0,0.0,0.0,0.0,0.0,0.0,0.0,0.0,0.0,16.0,0.0,0.0,16.0,39.0,0.0,0.0,39.0,11.0,0.0,0.0,11.0,0.0,0.0,0.0,0.0,0.0,0.0,"Mar 17, 2016"
1403,2305023.0,25406.0,Baghdad,Al Resafa,Al Baladiyat-746,البلديات-746,33.35457955,44.47756409,49.0,294.0,19.0,0.0,0.0,0.0,0.0,12.0,0.0,0.0,0.0,0.0,0.0,0.0,0.0,0.0,18.0,0.0,0.0,0.0,0.0,19.0,0.0,0.0,0.0,0.0,0.0,0.0,30.0,0.0,0.0,30.0,0.0,0.0,0.0,0.0,0.0,0.0,0.0,0.0,0.0,0.0,0.0,0.0,17.0,0.0,14.0,17.0,18.0,14.0,0.0,18.0,0.0,0.0,0.0,0.0,0.0,0.0,"Mar 17, 2016"
1404,2305024.0,24931.0,Baghdad,Al Resafa,Al Edreesiy-507,الادريسي-507,33.3498571961,44.4335033624,51.0,306.0,25.0,0.0,0.0,0.0,0.0,2.0,0.0,0.0,0.0,0.0,0.0,0.0,17.0,0.0,7.0,0.0,0.0,0.0,0.0,19.0,0.0,0.0,0.0,0.0,0.0,0.0,32.0,0.0,0.0,32.0,0.0,0.0,0.0,0.0,0.0,0.0,0.0,0.0,0.0,0.0,15.0,0.0,9.0,15.0,10.0,9.0,17.0,10.0,0.0,17.0,0.0,0.0,0.0,0.0,0.0,0.0,"Mar 17, 2016"
1405,2305025.0,21576.0,Baghdad,Al Resafa,Al Fudhiliyah-753,الفضيلية-753,33.3362802877,44.5010384082,177.0,1062.0,37.0,0.0,0.0,0.0,0.0,0.0,0.0,0.0,0.0,0.0,0.0,0.0,100.0,0.0,40.0,0.0,0.0,0.0,0.0,87.0,0.0,0.0,0.0,0.0,0.0,0.0,90.0,0.0,0.0,90.0,0.0,0.0,0.0,0.0,0.0,0.0,0.0,0.0,0.0,0.0,43.0,0.0,61.0,43.0,65.0,61.0,8.0,65.0,0.0,8.0,0.0,0.0,0.0,0.0,0.0,0.0,"Mar 17, 2016"
1406,2305026.0,24941.0,Baghdad,Al Resafa,Al Jumhoriyah-107,الجمهورية-107,33.33787,44.407963,7.0,42.0,6.0,0.0,0.0,0.0,0.0,0.0,0.0,0.0,0.0,0.0,0.0,0.0,1.0,0.0,0.0,0.0,0.0,0.0,0.0,0.0,0.0,0.0,0.0,0.0,0.0,0.0,7.0,0.0,0.0,7.0,0.0,0.0,0.0,0.0,0.0,0.0,0.0,0.0,0.0,0.0,2.0,0.0,0.0,2.0,0.0,0.0,5.0,0.0,0.0,5.0,0.0,0.0,0.0,0.0,0.0,0.0,"Mar 17, 2016"
1407,2305027.0,24942.0,Baghdad,Al Resafa,Al Jumhoriyah-109,الجمهورية-109,33.3297311204,44.4111694737,17.0,102.0,8.0,0.0,0.0,0.0,0.0,2.0,0.0,0.0,0.0,0.0,0.0,0.0,3.0,0.0,4.0,0.0,0.0,0.0,0.0,4.0,0.0,0.0,0.0,0.0,0.0,0.0,13.0,0.0,0.0,13.0,0.0,0.0,0.0,0.0,0.0,0.0,0.0,0.0,2.0,0.0,2.0,2.0,0.0,2.0,11.0,0.0,2.0,11.0,0.0,2.0,0.0,0.0,0.0,0.0,0.0,0.0,"Mar 17, 2016"
1408,2305028.0,24943.0,Baghdad,Al Resafa,Al Jumhoriyah-113,الجمهورية-113,33.33986998,44.40213809,6.0,36.0,3.0,0.0,0.0,0.0,0.0,0.0,0.0,0.0,0.0,0.0,0.0,0.0,3.0,0.0,0.0,0.0,0.0,0.0,0.0,0.0,0.0,0.0,0.0,0.0,0.0,0.0,6.0,0.0,0.0,6.0,0.0,0.0,0.0,0.0,0.0,0.0,0.0,0.0,0.0,0.0,3.0,0.0,0.0,3.0,0.0,0.0,3.0,0.0,0.0,3.0,0.0,0.0,0.0,0.0,0.0,0.0,"Mar 17, 2016"
1409,2305029.0,24944.0,Baghdad,Al Resafa,Al Jumhoriyah-115,الجمهورية-115,33.3442195,44.39531949,7.0,42.0,0.0,0.0,0.0,0.0,0.0,1.0,0.0,0.0,0.0,0.0,0.0,0.0,5.0,0.0,1.0,0.0,0.0,0.0,0.0,2.0,0.0,0.0,0.0,0.0,0.0,0.0,5.0,0.0,0.0,5.0,0.0,0.0,0.0,0.0,0.0,0.0,0.0,0.0,0.0,0.0,5.0,0.0,0.0,5.0,2.0,0.0,0.0,2.0,0.0,0.0,0.0,0.0,0.0,0.0,0.0,0.0,"Mar 17, 2016"
1410,2305030.0,24672.0,Baghdad,Al Resafa,Baghdad Al Jadidia-711,بغداد الجديدة-711,33.2986385863,44.5009126931,20.0,120.0,3.0,0.0,0.0,0.0,0.0,0.0,0.0,0.0,0.0,0.0,0.0,0.0,17.0,0.0,0.0,0.0,0.0,0.0,0.0,12.0,0.0,0.0,0.0,0.0,0.0,0.0,8.0,0.0,0.0,8.0,0.0,0.0,0.0,0.0,0.0,0.0,0.0,0.0,0.0,0.0,0.0,0.0,11.0,0.0,9.0,11.0,0.0,9.0,0.0,0.0,0.0,0.0,0.0,0.0,0.0,0.0,"Mar 17, 2016"
1411,2305031.0,24025.0,Baghdad,Al Resafa,Baghdad Al Jadidia-713,بغداد الجديدة-713,33.3057850663,44.4773009834,49.0,294.0,6.0,0.0,0.0,0.0,0.0,0.0,0.0,0.0,0.0,0.0,0.0,0.0,39.0,0.0,4.0,0.0,0.0,0.0,0.0,27.0,0.0,0.0,0.0,0.0,0.0,0.0,22.0,0.0,0.0,22.0,0.0,0.0,0.0,0.0,0.0,0.0,0.0,0.0,5.0,0.0,8.0,5.0,12.0,8.0,18.0,12.0,6.0,18.0,0.0,6.0,0.0,0.0,0.0,0.0,0.0,0.0,"Mar 17, 2016"
1412,2305032.0,24026.0,Baghdad,Al Resafa,Baghdad Al Jadidia-717,بغداد الجديدة-717,33.3053802152,44.4770992287,55.0,330.0,14.0,0.0,0.0,0.0,0.0,10.0,0.0,0.0,0.0,0.0,0.0,0.0,24.0,0.0,7.0,0.0,0.0,0.0,0.0,32.0,0.0,0.0,0.0,0.0,0.0,0.0,23.0,0.0,0.0,23.0,0.0,0.0,0.0,0.0,0.0,0.0,0.0,0.0,6.0,0.0,12.0,6.0,10.0,12.0,14.0,10.0,13.0,14.0,0.0,13.0,0.0,0.0,0.0,0.0,0.0,0.0,"Mar 17, 2016"
1413,2305033.0,24697.0,Baghdad,Al Resafa,Baghdad Al Jadidia-719,بغداد الجديدة-719,33.30262949,44.47727429,30.0,180.0,0.0,0.0,0.0,0.0,0.0,0.0,0.0,0.0,0.0,0.0,0.0,0.0,30.0,0.0,0.0,0.0,0.0,0.0,0.0,4.0,0.0,0.0,0.0,0.0,0.0,0.0,7.0,0.0,0.0,7.0,0.0,0.0,19.0,0.0,0.0,19.0,0.0,0.0,0.0,0.0,0.0,0.0,19.0,0.0,11.0,19.0,0.0,11.0,0.0,0.0,0.0,0.0,0.0,0.0,0.0,0.0,"Mar 17, 2016"
1414,2305034.0,24698.0,Baghdad,Al Resafa,Baghdad Al Jadidia-723,بغداد الجديدة-723,33.3046131722,44.4927837416,49.0,294.0,12.0,0.0,0.0,0.0,0.0,0.0,0.0,0.0,0.0,0.0,0.0,0.0,29.0,0.0,8.0,0.0,0.0,0.0,0.0,31.0,0.0,0.0,0.0,0.0,0.0,0.0,18.0,0.0,0.0,18.0,0.0,0.0,0.0,0.0,0.0,0.0,0.0,0.0,0.0,0.0,17.0,0.0,0.0,17.0,30.0,0.0,2.0,30.0,0.0,2.0,0.0,0.0,0.0,0.0,0.0,0.0,"Mar 17, 2016"
1415,2305035.0,24027.0,Baghdad,Al Resafa,Baghdad Al Jadidia-725,بغداد الجديدة-725,33.312710097,44.4882265993,46.0,276.0,20.0,0.0,0.0,0.0,0.0,11.0,0.0,0.0,0.0,0.0,0.0,0.0,15.0,0.0,0.0,0.0,0.0,0.0,0.0,30.0,0.0,0.0,0.0,0.0,0.0,0.0,16.0,0.0,0.0,16.0,0.0,0.0,0.0,0.0,0.0,0.0,0.0,0.0,0.0,0.0,0.0,0.0,16.0,0.0,10.0,16.0,20.0,10.0,0.0,20.0,0.0,0.0,0.0,0.0,0.0,0.0,"Mar 17, 2016"
1416,2305036.0,25156.0,Baghdad,Al Resafa,Baghdad Al Jadidia-727,بغداد الجديدة-727,33.311140906,44.4796469503,31.0,186.0,0.0,0.0,0.0,0.0,0.0,0.0,0.0,0.0,0.0,0.0,0.0,0.0,22.0,0.0,9.0,0.0,0.0,0.0,0.0,0.0,0.0,0.0,0.0,0.0,0.0,0.0,22.0,0.0,0.0,22.0,0.0,0.0,9.0,0.0,0.0,9.0,0.0,0.0,0.0,0.0,0.0,0.0,22.0,0.0,9.0,22.0,0.0,9.0,0.0,0.0,0.0,0.0,0.0,0.0,0.0,0.0,"Mar 17, 2016"
1417,2305037.0,24017.0,Baghdad,Al Resafa,Al Jadryiaa Al Jamiaa-911,الجادرية الجامعة-911,33.2885475736,44.3946344413,9.0,54.0,7.0,0.0,0.0,0.0,0.0,0.0,0.0,0.0,0.0,0.0,0.0,0.0,2.0,0.0,0.0,0.0,0.0,0.0,0.0,3.0,0.0,0.0,0.0,0.0,0.0,0.0,6.0,0.0,0.0,6.0,0.0,0.0,0.0,0.0,0.0,0.0,0.0,0.0,5.0,0.0,0.0,5.0,2.0,0.0,2.0,2.0,0.0,2.0,0.0,0.0,0.0,0.0,0.0,0.0,0.0,0.0,"Mar 17, 2016"
1418,2305038.0,24018.0,Baghdad,Al Resafa,Al Jadryiaa Al Jamiaa-919,الجادرية الجامعة-919,33.28296,44.40224,8.0,48.0,5.0,0.0,0.0,0.0,0.0,0.0,0.0,0.0,0.0,0.0,0.0,0.0,3.0,0.0,0.0,0.0,0.0,0.0,0.0,3.0,0.0,0.0,0.0,0.0,0.0,0.0,5.0,0.0,0.0,5.0,0.0,0.0,0.0,0.0,0.0,0.0,0.0,0.0,4.0,0.0,0.0,4.0,2.0,0.0,2.0,2.0,0.0,2.0,0.0,0.0,0.0,0.0,0.0,0.0,0.0,0.0,"Mar 17, 2016"
1419,2305039.0,22772.0,Baghdad,Al Resafa,Al Jumhoriyah 111,الجمهورية-111,33.3488754422,44.3866178624,12.0,72.0,4.0,0.0,0.0,0.0,0.0,4.0,0.0,0.0,0.0,0.0,0.0,0.0,3.0,0.0,1.0,0.0,0.0,0.0,0.0,4.0,0.0,0.0,0.0,0.0,0.0,3.0,5.0,3.0,0.0,5.0,0.0,0.0,0.0,0.0,0.0,0.0,0.0,0.0,8.0,0.0,0.0,8.0,4.0,0.0,0.0,4.0,0.0,0.0,0.0,0.0,0.0,0.0,0.0,0.0,0.0,0.0,"Mar 17, 2016"
1420,2305040.0,21630.0,Baghdad,Al Resafa,Al Jumhoriyah-119,الجمهورية-119,33.3439810209,44.389574378,34.0,204.0,19.0,0.0,0.0,0.0,0.0,2.0,0.0,0.0,0.0,0.0,0.0,0.0,8.0,0.0,5.0,0.0,0.0,0.0,0.0,7.0,0.0,0.0,0.0,0.0,0.0,0.0,27.0,0.0,0.0,27.0,0.0,0.0,0.0,0.0,0.0,0.0,0.0,0.0,0.0,0.0,0.0,0.0,15.0,0.0,14.0,15.0,5.0,14.0,0.0,5.0,0.0,0.0,0.0,0.0,0.0,0.0,"Mar 17, 2016"
1421,2305042.0,22056.0,Baghdad,Al Resafa,Al Kamaliya-757,الكمالية-757,33.3477126571,44.5111364895,67.0,402.0,33.0,0.0,0.0,0.0,0.0,0.0,0.0,0.0,5.0,0.0,0.0,0.0,25.0,0.0,4.0,0.0,0.0,0.0,0.0,23.0,0.0,0.0,0.0,0.0,0.0,0.0,44.0,0.0,0.0,44.0,0.0,0.0,0.0,0.0,0.0,0.0,0.0,0.0,15.0,0.0,0.0,15.0,8.0,0.0,29.0,8.0,15.0,29.0,0.0,15.0,0.0,0.0,0.0,0.0,0.0,0.0,"Mar 17, 2016"
1422,2305043.0,24953.0,Baghdad,Al Resafa,Al Kamaliya-765,الكمالية-765,33.3583545392,44.5238482464,27.0,162.0,3.0,0.0,0.0,0.0,0.0,0.0,0.0,0.0,0.0,0.0,0.0,0.0,24.0,0.0,0.0,0.0,0.0,0.0,0.0,21.0,0.0,0.0,0.0,0.0,0.0,0.0,6.0,0.0,0.0,6.0,0.0,0.0,0.0,0.0,0.0,0.0,0.0,0.0,0.0,0.0,0.0,0.0,0.0,0.0,22.0,0.0,5.0,22.0,0.0,5.0,0.0,0.0,0.0,0.0,0.0,0.0,"Mar 17, 2016"
1423,2305044.0,22145.0,Baghdad,Al Resafa,Al Kamaliya-759,الكمالية-759,33.3497684267,44.5140202703,78.0,468.0,29.0,0.0,0.0,0.0,0.0,21.0,0.0,0.0,0.0,0.0,0.0,0.0,28.0,0.0,0.0,0.0,0.0,0.0,0.0,33.0,0.0,0.0,0.0,0.0,0.0,0.0,45.0,0.0,0.0,45.0,0.0,0.0,0.0,0.0,0.0,0.0,0.0,0.0,8.0,0.0,0.0,8.0,37.0,0.0,23.0,37.0,10.0,23.0,0.0,10.0,0.0,0.0,0.0,0.0,0.0,0.0,"Mar 17, 2016"
1424,2305045.0,22146.0,Baghdad,Al Resafa,Al Kamaliya-767,الكمالية-767,33.3489850882,44.5320842941,21.0,126.0,6.0,0.0,0.0,0.0,0.0,0.0,0.0,0.0,0.0,0.0,0.0,0.0,15.0,0.0,0.0,0.0,0.0,0.0,0.0,6.0,0.0,0.0,0.0,0.0,0.0,0.0,15.0,0.0,0.0,15.0,0.0,0.0,0.0,0.0,0.0,0.0,0.0,0.0,0.0,0.0,0.0,0.0,0.0,0.0,15.0,0.0,6.0,15.0,0.0,6.0,0.0,0.0,0.0,0.0,0.0,0.0,"Mar 17, 2016"
1425,2305047.0,24277.0,Baghdad,Al Resafa,Al Karada-901,الكرادة-901,33.299686897,44.4225495229,94.0,564.0,70.0,0.0,0.0,0.0,0.0,0.0,0.0,0.0,0.0,0.0,0.0,0.0,24.0,0.0,0.0,0.0,0.0,0.0,0.0,34.0,0.0,0.0,0.0,0.0,0.0,0.0,60.0,0.0,0.0,60.0,0.0,0.0,0.0,0.0,0.0,0.0,0.0,0.0,16.0,0.0,2.0,16.0,28.0,2.0,23.0,28.0,25.0,23.0,0.0,25.0,0.0,0.0,0.0,0.0,0.0,0.0,"Mar 17, 2016"
1426,2305048.0,25928.0,Baghdad,Al Resafa,Al Karada-903,الكرادة-903,33.2995898036,44.4248773719,162.0,972.0,102.0,0.0,0.0,0.0,0.0,4.0,0.0,0.0,0.0,0.0,0.0,0.0,56.0,0.0,0.0,0.0,0.0,0.0,0.0,41.0,0.0,0.0,0.0,0.0,0.0,0.0,121.0,0.0,0.0,121.0,0.0,0.0,0.0,0.0,0.0,0.0,0.0,0.0,0.0,0.0,26.0,0.0,39.0,26.0,40.0,39.0,57.0,40.0,0.0,57.0,0.0,0.0,0.0,0.0,0.0,0.0,"Mar 17, 2016"
1427,2305049.0,24019.0,Baghdad,Al Resafa,Al Karada-905,الكرادة-905,33.2952364339,44.4187825207,40.0,240.0,20.0,0.0,0.0,0.0,0.0,0.0,0.0,0.0,0.0,0.0,0.0,0.0,20.0,0.0,0.0,0.0,0.0,0.0,0.0,10.0,0.0,0.0,0.0,0.0,0.0,0.0,30.0,0.0,0.0,30.0,0.0,0.0,0.0,0.0,0.0,0.0,0.0,0.0,10.0,0.0,0.0,10.0,0.0,0.0,18.0,0.0,12.0,18.0,0.0,12.0,0.0,0.0,0.0,0.0,0.0,0.0,"Mar 17, 2016"
1428,2305050.0,21692.0,Baghdad,Al Resafa,Al Maamil-772,المعامل-772,33.3894129358,44.5238276577,24.0,144.0,2.0,0.0,0.0,0.0,0.0,6.0,0.0,0.0,0.0,0.0,0.0,0.0,10.0,0.0,6.0,0.0,0.0,0.0,0.0,11.0,0.0,0.0,0.0,0.0,0.0,0.0,13.0,0.0,0.0,13.0,0.0,0.0,0.0,0.0,0.0,0.0,0.0,0.0,0.0,0.0,5.0,0.0,9.0,5.0,0.0,9.0,10.0,0.0,0.0,10.0,0.0,0.0,0.0,0.0,0.0,0.0,"Mar 17, 2016"
1429,2305051.0,21691.0,Baghdad,Al Resafa,Al Maamil-773,المعامل-773,33.3950520996,44.5258820361,40.0,240.0,13.0,0.0,0.0,0.0,0.0,5.0,0.0,0.0,0.0,0.0,0.0,0.0,22.0,0.0,0.0,0.0,0.0,0.0,0.0,19.0,0.0,0.0,0.0,0.0,0.0,0.0,21.0,0.0,0.0,21.0,0.0,0.0,0.0,0.0,0.0,0.0,0.0,0.0,0.0,0.0,0.0,0.0,21.0,0.0,0.0,21.0,19.0,0.0,0.0,19.0,0.0,0.0,0.0,0.0,0.0,0.0,"Mar 17, 2016"
1430,2305052.0,21693.0,Baghdad,Al Resafa,Al Maamil-774,المعامل-774,33.3949536278,44.5246446783,10.0,60.0,0.0,0.0,0.0,0.0,0.0,0.0,0.0,0.0,0.0,0.0,0.0,0.0,10.0,0.0,0.0,0.0,0.0,0.0,0.0,10.0,0.0,0.0,0.0,0.0,0.0,0.0,0.0,0.0,0.0,0.0,0.0,0.0,0.0,0.0,0.0,0.0,0.0,0.0,0.0,0.0,0.0,0.0,10.0,0.0,0.0,10.0,0.0,0.0,0.0,0.0,0.0,0.0,0.0,0.0,0.0,0.0,"Mar 17, 2016"
1431,2305053.0,21921.0,Baghdad,Al Resafa,Al Maamil-789,المعامل-789,33.39698,44.53352,8.0,48.0,0.0,0.0,0.0,0.0,0.0,8.0,0.0,0.0,0.0,0.0,0.0,0.0,0.0,0.0,0.0,0.0,0.0,0.0,0.0,8.0,0.0,0.0,0.0,0.0,0.0,0.0,0.0,0.0,0.0,0.0,0.0,0.0,0.0,0.0,0.0,0.0,0.0,0.0,0.0,0.0,8.0,0.0,0.0,8.0,0.0,0.0,0.0,0.0,0.0,0.0,0.0,0.0,0.0,0.0,0.0,0.0,"Mar 17, 2016"
1432,2305054.0,23757.0,Baghdad,Al Resafa,Al Mashtal-729,المشتل-729,33.3239957472,44.4889871185,275.0,1650.0,138.0,0.0,0.0,0.0,0.0,28.0,0.0,0.0,0.0,0.0,0.0,0.0,69.0,0.0,40.0,0.0,0.0,0.0,0.0,115.0,0.0,0.0,0.0,0.0,0.0,0.0,160.0,0.0,0.0,160.0,0.0,0.0,0.0,0.0,0.0,0.0,0.0,0.0,11.0,0.0,21.0,11.0,86.0,21.0,87.0,86.0,70.0,87.0,0.0,70.0,0.0,0.0,0.0,0.0,0.0,0.0,"Mar 17, 2016"
1433,2305055.0,25401.0,Baghdad,Al Resafa,Al Mashtal-731,المشتل-731,33.3180277367,44.4939461133,160.0,960.0,57.0,0.0,0.0,0.0,0.0,3.0,0.0,0.0,0.0,0.0,0.0,0.0,50.0,0.0,50.0,0.0,0.0,0.0,0.0,43.0,0.0,0.0,0.0,0.0,0.0,0.0,117.0,0.0,0.0,117.0,0.0,0.0,0.0,0.0,0.0,0.0,0.0,0.0,5.0,0.0,12.0,5.0,55.0,12.0,60.0,55.0,28.0,60.0,0.0,28.0,0.0,0.0,0.0,0.0,0.0,0.0,"Mar 17, 2016"
1434,2305056.0,24023.0,Baghdad,Al Resafa,Al Mashtal-733,المشتل-733,33.3163299584,44.5011545958,208.0,1248.0,59.0,0.0,0.0,0.0,0.0,9.0,0.0,0.0,0.0,0.0,0.0,0.0,65.0,0.0,75.0,0.0,0.0,0.0,0.0,83.0,0.0,0.0,0.0,0.0,0.0,0.0,125.0,0.0,0.0,125.0,0.0,0.0,0.0,0.0,0.0,0.0,0.0,0.0,7.0,0.0,0.0,7.0,59.0,0.0,93.0,59.0,49.0,93.0,0.0,49.0,0.0,0.0,0.0,0.0,0.0,0.0,"Mar 17, 2016"
1435,2305057.0,23210.0,Baghdad,Al Resafa,Al Mashtal-735,المشتل-735,33.3168985753,44.5088718004,200.0,1200.0,73.0,0.0,0.0,0.0,0.0,18.0,0.0,0.0,0.0,0.0,0.0,0.0,55.0,0.0,54.0,0.0,0.0,0.0,0.0,68.0,0.0,0.0,0.0,0.0,0.0,0.0,132.0,0.0,0.0,132.0,0.0,0.0,0.0,0.0,0.0,0.0,0.0,0.0,6.0,0.0,46.0,6.0,65.0,46.0,42.0,65.0,41.0,42.0,0.0,41.0,0.0,0.0,0.0,0.0,0.0,0.0,"Mar 17, 2016"
1436,2305058.0,23323.0,Baghdad,Al Resafa,Al Mashtal-751,المشتل-751,33.3224272119,44.5161799218,219.0,1314.0,105.0,0.0,0.0,0.0,0.0,28.0,0.0,0.0,4.0,0.0,0.0,0.0,69.0,0.0,13.0,0.0,0.0,0.0,0.0,73.0,0.0,0.0,0.0,0.0,0.0,0.0,146.0,0.0,0.0,146.0,0.0,0.0,0.0,0.0,0.0,0.0,0.0,0.0,4.0,0.0,67.0,4.0,33.0,67.0,44.0,33.0,71.0,44.0,0.0,71.0,0.0,0.0,0.0,0.0,0.0,0.0,"Mar 17, 2016"
1437,2305059.0,23752.0,Baghdad,Al Resafa,Al muthana-710,المثنى-710,33.3180867924,44.4638861433,77.0,462.0,34.0,0.0,0.0,0.0,0.0,0.0,0.0,0.0,0.0,0.0,0.0,0.0,38.0,0.0,5.0,0.0,0.0,0.0,0.0,38.0,0.0,0.0,0.0,0.0,0.0,0.0,39.0,0.0,0.0,39.0,0.0,0.0,0.0,0.0,0.0,0.0,0.0,0.0,16.0,0.0,0.0,16.0,27.0,0.0,17.0,27.0,17.0,17.0,0.0,17.0,0.0,0.0,0.0,0.0,0.0,0.0,"Mar 17, 2016"
1438,2305060.0,24471.0,Baghdad,Al Resafa,Al Muthana-712,المثنى-712,33.3203572214,44.4484642101,48.0,288.0,6.0,0.0,0.0,0.0,0.0,0.0,0.0,0.0,0.0,0.0,0.0,0.0,42.0,0.0,0.0,0.0,0.0,0.0,0.0,23.0,0.0,0.0,0.0,0.0,0.0,0.0,25.0,0.0,0.0,25.0,0.0,0.0,0.0,0.0,0.0,0.0,0.0,0.0,0.0,0.0,0.0,0.0,23.0,0.0,19.0,23.0,6.0,19.0,0.0,6.0,0.0,0.0,0.0,0.0,0.0,0.0,"Mar 17, 2016"
1439,2305061.0,24129.0,Baghdad,Al Resafa,Al Muthana-714,المثنى-714,33.3211895391,44.4444596892,100.0,600.0,44.0,0.0,0.0,0.0,0.0,0.0,0.0,0.0,0.0,0.0,0.0,0.0,56.0,0.0,0.0,0.0,0.0,0.0,0.0,43.0,0.0,0.0,0.0,0.0,0.0,0.0,57.0,0.0,0.0,57.0,0.0,0.0,0.0,0.0,0.0,0.0,0.0,0.0,20.0,0.0,0.0,20.0,37.0,0.0,23.0,37.0,20.0,23.0,0.0,20.0,0.0,0.0,0.0,0.0,0.0,0.0,"Mar 17, 2016"
1440,2305062.0,23980.0,Baghdad,Al Resafa,Al Muthana-716,المثنى-716,33.320057707,44.453900964,47.0,282.0,17.0,0.0,0.0,0.0,0.0,0.0,0.0,0.0,0.0,0.0,0.0,0.0,25.0,0.0,5.0,0.0,0.0,0.0,0.0,12.0,0.0,0.0,0.0,0.0,0.0,0.0,35.0,0.0,0.0,35.0,0.0,0.0,0.0,0.0,0.0,0.0,0.0,0.0,7.0,0.0,0.0,7.0,7.0,0.0,16.0,7.0,17.0,16.0,0.0,17.0,0.0,0.0,0.0,0.0,0.0,0.0,"Mar 17, 2016"
1441,2305064.0,24470.0,Baghdad,Al Resafa,Al Muthana-718,المثنى-718,33.3238905014,44.4573975003,51.0,306.0,22.0,0.0,0.0,0.0,0.0,0.0,0.0,0.0,0.0,0.0,0.0,0.0,29.0,0.0,0.0,0.0,0.0,0.0,0.0,29.0,0.0,0.0,0.0,0.0,0.0,0.0,22.0,0.0,0.0,22.0,0.0,0.0,0.0,0.0,0.0,0.0,0.0,0.0,0.0,0.0,0.0,0.0,24.0,0.0,16.0,24.0,11.0,16.0,0.0,11.0,0.0,0.0,0.0,0.0,0.0,0.0,"Mar 17, 2016"
1442,2305065.0,23330.0,Baghdad,Al Resafa,Al Nidhal-103,النضال-103,33.3277478025,44.4295345838,62.0,372.0,12.0,0.0,0.0,0.0,0.0,0.0,0.0,0.0,0.0,0.0,0.0,0.0,50.0,0.0,0.0,0.0,0.0,0.0,0.0,27.0,0.0,0.0,0.0,0.0,0.0,0.0,35.0,0.0,0.0,35.0,0.0,0.0,0.0,0.0,0.0,0.0,0.0,0.0,0.0,0.0,0.0,0.0,0.0,0.0,53.0,0.0,9.0,53.0,0.0,9.0,0.0,0.0,0.0,0.0,0.0,0.0,"Mar 17, 2016"
1443,2305066.0,24749.0,Baghdad,Al Resafa,Al Nile-503,النيل-503,33.3486463369,44.4274496116,33.0,198.0,7.0,0.0,0.0,0.0,0.0,6.0,0.0,0.0,0.0,0.0,0.0,0.0,20.0,0.0,0.0,0.0,0.0,0.0,0.0,0.0,0.0,0.0,0.0,0.0,0.0,0.0,33.0,0.0,0.0,33.0,0.0,0.0,0.0,0.0,0.0,0.0,0.0,0.0,0.0,0.0,0.0,0.0,0.0,0.0,28.0,0.0,5.0,28.0,0.0,5.0,0.0,0.0,0.0,0.0,0.0,0.0,"Mar 17, 2016"
1444,2305067.0,24945.0,Baghdad,Al Resafa,Al Rasheed-104,الرشيد-104,33.327729,44.4052096,24.0,144.0,3.0,0.0,0.0,0.0,0.0,9.0,0.0,0.0,0.0,0.0,0.0,0.0,9.0,0.0,3.0,0.0,0.0,0.0,0.0,8.0,0.0,0.0,0.0,0.0,0.0,0.0,16.0,0.0,0.0,16.0,0.0,0.0,0.0,0.0,0.0,0.0,0.0,0.0,5.0,0.0,8.0,5.0,9.0,8.0,0.0,9.0,2.0,0.0,0.0,2.0,0.0,0.0,0.0,0.0,0.0,0.0,"Mar 17, 2016"
1445,2305068.0,24946.0,Baghdad,Al Resafa,Al Rasheed-108,الرشيد-108,33.3370150853,44.3951837407,15.0,90.0,6.0,0.0,0.0,0.0,0.0,4.0,0.0,0.0,0.0,0.0,0.0,0.0,5.0,0.0,0.0,0.0,0.0,0.0,0.0,5.0,2.0,0.0,0.0,0.0,0.0,0.0,8.0,0.0,0.0,8.0,0.0,0.0,0.0,0.0,0.0,0.0,0.0,0.0,0.0,0.0,3.0,0.0,7.0,3.0,3.0,7.0,2.0,3.0,0.0,2.0,0.0,0.0,0.0,0.0,0.0,0.0,"Mar 17, 2016"
1446,2305069.0,24947.0,Baghdad,Al Resafa,Al Rasheed-112,الرشيد-112,33.3423615601,44.3854675109,22.0,132.0,5.0,0.0,0.0,0.0,0.0,0.0,0.0,0.0,0.0,0.0,0.0,0.0,14.0,0.0,3.0,0.0,0.0,0.0,0.0,10.0,0.0,0.0,0.0,0.0,0.0,0.0,12.0,0.0,0.0,12.0,0.0,0.0,0.0,0.0,0.0,0.0,0.0,0.0,5.0,0.0,13.0,5.0,0.0,13.0,4.0,0.0,0.0,4.0,0.0,0.0,0.0,0.0,0.0,0.0,0.0,0.0,"Mar 17, 2016"
1447,2305070.0,24948.0,Baghdad,Al Resafa,Al Rasheed-114,الرشيد-114,33.34389237,44.386994,4.0,24.0,1.0,0.0,0.0,0.0,0.0,0.0,0.0,0.0,0.0,0.0,0.0,0.0,3.0,0.0,0.0,0.0,0.0,0.0,0.0,0.0,0.0,0.0,0.0,0.0,0.0,0.0,4.0,0.0,0.0,4.0,0.0,0.0,0.0,0.0,0.0,0.0,0.0,0.0,0.0,0.0,2.0,0.0,0.0,2.0,1.0,0.0,1.0,1.0,0.0,1.0,0.0,0.0,0.0,0.0,0.0,0.0,"Mar 17, 2016"
1448,2305071.0,23992.0,Baghdad,Al Resafa,Al Riyadh-908,الرياض-908,33.30584,44.43958,27.0,162.0,19.0,0.0,0.0,0.0,0.0,0.0,0.0,0.0,0.0,0.0,0.0,0.0,8.0,0.0,0.0,0.0,0.0,0.0,0.0,13.0,0.0,0.0,0.0,0.0,0.0,0.0,14.0,0.0,0.0,14.0,0.0,0.0,0.0,0.0,0.0,0.0,0.0,0.0,9.0,0.0,0.0,9.0,0.0,0.0,8.0,0.0,10.0,8.0,0.0,10.0,0.0,0.0,0.0,0.0,0.0,0.0,"Mar 17, 2016"
1449,2305072.0,23988.0,Baghdad,Al Resafa,Al Riyadh-910,الرياض-910,33.3051668286,44.453383217,113.0,678.0,63.0,0.0,0.0,0.0,0.0,7.0,0.0,0.0,0.0,0.0,0.0,0.0,24.0,0.0,19.0,0.0,0.0,0.0,0.0,47.0,0.0,0.0,0.0,0.0,0.0,0.0,66.0,0.0,0.0,66.0,0.0,0.0,0.0,0.0,0.0,0.0,0.0,0.0,7.0,0.0,9.0,7.0,21.0,9.0,30.0,21.0,46.0,30.0,0.0,46.0,0.0,0.0,0.0,0.0,0.0,0.0,"Mar 17, 2016"
1450,2305073.0,24713.0,Baghdad,Al Resafa,Al Saadon-101,السعدون-101,33.3221459033,44.4147932704,516.0,3096.0,142.0,0.0,0.0,0.0,0.0,0.0,0.0,0.0,0.0,0.0,0.0,0.0,354.0,0.0,20.0,0.0,0.0,0.0,0.0,67.0,155.0,0.0,0.0,0.0,0.0,4.0,290.0,4.0,0.0,290.0,0.0,0.0,0.0,0.0,0.0,0.0,0.0,0.0,0.0,0.0,0.0,0.0,0.0,0.0,374.0,0.0,142.0,374.0,0.0,142.0,0.0,0.0,0.0,0.0,0.0,0.0,"Mar 17, 2016"
1451,2305074.0,24949.0,Baghdad,Al Resafa,Al Shaikh Omer-125,الشيخ عمر-125,33.3403173263,44.4045117413,31.0,186.0,15.0,0.0,0.0,0.0,0.0,5.0,0.0,0.0,1.0,0.0,0.0,0.0,0.0,0.0,10.0,0.0,0.0,0.0,0.0,18.0,0.0,0.0,0.0,0.0,0.0,0.0,13.0,0.0,0.0,13.0,0.0,0.0,0.0,0.0,0.0,0.0,0.0,0.0,10.0,0.0,0.0,10.0,5.0,0.0,11.0,5.0,5.0,11.0,0.0,5.0,0.0,0.0,0.0,0.0,0.0,0.0,"Mar 17, 2016"
1452,2305075.0,24950.0,Baghdad,Al Resafa,Al Shaikh Omer-131,الشيخ عمر-131,33.3498390205,44.3952344262,118.0,708.0,72.0,0.0,0.0,0.0,0.0,14.0,0.0,0.0,0.0,0.0,0.0,0.0,8.0,0.0,24.0,0.0,0.0,0.0,0.0,23.0,0.0,0.0,0.0,0.0,0.0,0.0,95.0,0.0,0.0,95.0,0.0,0.0,0.0,0.0,0.0,0.0,0.0,0.0,33.0,0.0,20.0,33.0,23.0,20.0,32.0,23.0,10.0,32.0,0.0,10.0,0.0,0.0,0.0,0.0,0.0,0.0,"Mar 17, 2016"
1453,2305076.0,24951.0,Baghdad,Al Resafa,Al Shaikh Omer-137,الشيخ عمر-137,33.3522882202,44.3994070222,17.0,102.0,10.0,0.0,1.0,0.0,0.0,0.0,0.0,0.0,0.0,0.0,0.0,0.0,0.0,0.0,6.0,0.0,0.0,0.0,0.0,0.0,0.0,0.0,0.0,0.0,0.0,0.0,17.0,0.0,0.0,17.0,0.0,0.0,0.0,0.0,0.0,0.0,0.0,0.0,8.0,0.0,0.0,8.0,2.0,0.0,7.0,2.0,0.0,7.0,0.0,0.0,0.0,0.0,0.0,0.0,0.0,0.0,"Mar 17, 2016"
1454,2305077.0,24952.0,Baghdad,Al Resafa,Al Shaikh Omer-145,الشيخ عمر-145,33.35034022,44.401306,26.0,156.0,23.0,0.0,0.0,0.0,0.0,3.0,0.0,0.0,0.0,0.0,0.0,0.0,0.0,0.0,0.0,0.0,0.0,0.0,0.0,5.0,0.0,0.0,0.0,0.0,0.0,0.0,6.0,0.0,0.0,6.0,0.0,0.0,0.0,0.0,15.0,0.0,0.0,15.0,2.0,0.0,0.0,2.0,0.0,0.0,5.0,0.0,19.0,5.0,0.0,19.0,0.0,0.0,0.0,0.0,0.0,0.0,"Mar 17, 2016"
1455,2305078.0,23995.0,Baghdad,Al Resafa,Al Sindabad-979,السندباد-979,33.2463747136,44.46246553,30.0,180.0,14.0,0.0,0.0,0.0,0.0,0.0,0.0,0.0,1.0,0.0,0.0,0.0,12.0,0.0,3.0,0.0,0.0,0.0,0.0,8.0,0.0,0.0,0.0,0.0,0.0,0.0,10.0,0.0,0.0,10.0,0.0,0.0,12.0,0.0,0.0,12.0,0.0,0.0,5.0,0.0,2.0,5.0,0.0,2.0,9.0,0.0,14.0,9.0,0.0,14.0,0.0,0.0,0.0,0.0,0.0,0.0,"Mar 17, 2016"
1456,2305079.0,23989.0,Baghdad,Al Resafa,Al Sindebad-977,السندباد-977,33.2494891352,44.4741377205,45.0,270.0,25.0,0.0,1.0,0.0,0.0,0.0,0.0,0.0,0.0,0.0,0.0,0.0,13.0,0.0,6.0,0.0,0.0,0.0,0.0,22.0,0.0,0.0,0.0,0.0,0.0,0.0,23.0,0.0,0.0,23.0,0.0,0.0,0.0,0.0,0.0,0.0,0.0,0.0,8.0,0.0,0.0,8.0,8.0,0.0,5.0,8.0,24.0,5.0,0.0,24.0,0.0,0.0,0.0,0.0,0.0,0.0,"Mar 17, 2016"
1457,2305080.0,22880.0,Baghdad,Al Resafa,Al Sindibad-949,السندباد-949,33.2677079602,44.4627351551,89.0,534.0,39.0,0.0,2.0,0.0,0.0,4.0,0.0,0.0,0.0,0.0,0.0,0.0,32.0,0.0,12.0,0.0,0.0,0.0,0.0,45.0,0.0,0.0,0.0,0.0,0.0,0.0,44.0,0.0,0.0,44.0,0.0,0.0,0.0,0.0,0.0,0.0,0.0,0.0,8.0,0.0,0.0,8.0,22.0,0.0,28.0,22.0,31.0,28.0,0.0,31.0,0.0,0.0,0.0,0.0,0.0,0.0,"Mar 17, 2016"
1458,2305081.0,24020.0,Baghdad,Al Resafa,Al Ubaidy-752,العبيدي-752,33.3577281081,44.5087301722,17.0,102.0,3.0,0.0,0.0,0.0,0.0,2.0,0.0,0.0,0.0,0.0,0.0,0.0,9.0,0.0,3.0,0.0,0.0,0.0,0.0,10.0,0.0,0.0,0.0,0.0,0.0,0.0,7.0,0.0,0.0,7.0,0.0,0.0,0.0,0.0,0.0,0.0,0.0,0.0,10.0,0.0,0.0,10.0,7.0,0.0,0.0,7.0,0.0,0.0,0.0,0.0,0.0,0.0,0.0,0.0,0.0,0.0,"Mar 17, 2016"
1459,2305082.0,24021.0,Baghdad,Al Resafa,Al Ubaidy-758,العبيدي-758,33.3835907706,44.4894709873,18.0,108.0,3.0,0.0,0.0,0.0,0.0,0.0,0.0,0.0,0.0,0.0,0.0,0.0,10.0,0.0,5.0,0.0,0.0,0.0,0.0,6.0,0.0,0.0,0.0,0.0,0.0,0.0,12.0,0.0,0.0,12.0,0.0,0.0,0.0,0.0,0.0,0.0,0.0,0.0,5.0,0.0,0.0,5.0,13.0,0.0,0.0,13.0,0.0,0.0,0.0,0.0,0.0,0.0,0.0,0.0,0.0,0.0,"Mar 17, 2016"
1460,2305084.0,24174.0,Baghdad,Al Resafa,Al Ubaidy 760,العبيدي-760,33.37357522,44.49187764,13.0,78.0,0.0,0.0,0.0,0.0,0.0,0.0,0.0,0.0,0.0,0.0,0.0,0.0,13.0,0.0,0.0,0.0,0.0,0.0,0.0,13.0,0.0,0.0,0.0,0.0,0.0,0.0,0.0,0.0,0.0,0.0,0.0,0.0,0.0,0.0,0.0,0.0,0.0,0.0,0.0,0.0,13.0,0.0,0.0,13.0,0.0,0.0,0.0,0.0,0.0,0.0,0.0,0.0,0.0,0.0,0.0,0.0,"Mar 17, 2016"
1461,2305085.0,24472.0,Baghdad,Al Resafa,Al Ubaidy 766,العبيدي-766,33.3810248,44.50448656,18.0,108.0,0.0,0.0,0.0,0.0,0.0,0.0,0.0,0.0,0.0,0.0,0.0,0.0,7.0,0.0,11.0,0.0,0.0,0.0,0.0,9.0,0.0,0.0,0.0,0.0,0.0,0.0,9.0,0.0,0.0,9.0,0.0,0.0,0.0,0.0,0.0,0.0,0.0,0.0,0.0,0.0,0.0,0.0,18.0,0.0,0.0,18.0,0.0,0.0,0.0,0.0,0.0,0.0,0.0,0.0,0.0,0.0,"Mar 17, 2016"
1462,2305086.0,24342.0,Baghdad,Al Resafa,Al Ubaidy 768,العبيدي 768,33.377097,44.52086029,16.0,96.0,0.0,0.0,0.0,0.0,0.0,4.0,0.0,0.0,0.0,0.0,0.0,0.0,6.0,0.0,6.0,0.0,0.0,0.0,0.0,4.0,0.0,0.0,0.0,0.0,0.0,12.0,0.0,12.0,0.0,0.0,0.0,0.0,0.0,0.0,0.0,0.0,0.0,0.0,0.0,0.0,0.0,0.0,16.0,0.0,0.0,16.0,0.0,0.0,0.0,0.0,0.0,0.0,0.0,0.0,0.0,0.0,"Mar 17, 2016"
1463,2305087.0,23601.0,Baghdad,Al Resafa,Al Ubaidy-756,العبيدي-756,33.3606478813,44.511301074,18.0,108.0,0.0,0.0,0.0,0.0,0.0,9.0,0.0,0.0,0.0,0.0,0.0,0.0,6.0,0.0,3.0,0.0,0.0,0.0,0.0,7.0,0.0,0.0,0.0,0.0,0.0,0.0,11.0,0.0,0.0,11.0,0.0,0.0,0.0,0.0,0.0,0.0,0.0,0.0,0.0,0.0,0.0,0.0,18.0,0.0,0.0,18.0,0.0,0.0,0.0,0.0,0.0,0.0,0.0,0.0,0.0,0.0,"Mar 17, 2016"
1464,2305088.0,23036.0,Baghdad,Al Resafa,Al Ubaidy-762,العبيدي-762,33.3690210838,44.5204420139,40.0,240.0,13.0,0.0,0.0,0.0,0.0,13.0,0.0,0.0,0.0,0.0,0.0,0.0,14.0,0.0,0.0,0.0,0.0,0.0,0.0,18.0,0.0,0.0,0.0,0.0,0.0,0.0,22.0,0.0,0.0,22.0,0.0,0.0,0.0,0.0,0.0,0.0,0.0,0.0,15.0,0.0,0.0,15.0,23.0,0.0,0.0,23.0,2.0,0.0,0.0,2.0,0.0,0.0,0.0,0.0,0.0,0.0,"Mar 17, 2016"
1465,2305089.0,23996.0,Baghdad,Al Resafa,Al Wehda-902,الوحدة-902,33.3135038206,44.4325308314,57.0,342.0,24.0,0.0,0.0,0.0,0.0,7.0,0.0,0.0,0.0,0.0,0.0,0.0,26.0,0.0,0.0,0.0,0.0,0.0,0.0,23.0,0.0,0.0,0.0,0.0,0.0,0.0,34.0,0.0,0.0,34.0,0.0,0.0,0.0,0.0,0.0,0.0,0.0,0.0,7.0,0.0,18.0,7.0,17.0,18.0,5.0,17.0,10.0,5.0,0.0,10.0,0.0,0.0,0.0,0.0,0.0,0.0,"Mar 17, 2016"
1466,2305090.0,23997.0,Baghdad,Al Resafa,Al Wehda-904,الوحدة-904,33.3039726787,44.4451066154,59.0,354.0,17.0,0.0,0.0,0.0,0.0,0.0,0.0,0.0,0.0,0.0,0.0,0.0,32.0,0.0,10.0,0.0,0.0,0.0,0.0,20.0,0.0,0.0,0.0,0.0,0.0,0.0,39.0,0.0,0.0,39.0,0.0,0.0,0.0,0.0,0.0,0.0,0.0,0.0,4.0,0.0,7.0,4.0,19.0,7.0,24.0,19.0,5.0,24.0,0.0,5.0,0.0,0.0,0.0,0.0,0.0,0.0,"Mar 17, 2016"
1467,2305091.0,23998.0,Baghdad,Al Resafa,Al Wehda-906,الوحدة-906,33.3076673024,44.4459830738,60.0,360.0,14.0,0.0,0.0,0.0,0.0,7.0,0.0,0.0,0.0,0.0,0.0,0.0,21.0,0.0,18.0,0.0,0.0,0.0,0.0,42.0,0.0,0.0,0.0,0.0,0.0,0.0,18.0,0.0,0.0,18.0,0.0,0.0,0.0,0.0,0.0,0.0,0.0,0.0,10.0,0.0,0.0,10.0,7.0,0.0,39.0,7.0,4.0,39.0,0.0,4.0,0.0,0.0,0.0,0.0,0.0,0.0,"Mar 17, 2016"
1468,2305092.0,24473.0,Baghdad,Al Resafa,Al Zaafaranyah-951,الزعفرانية-951,33.2731067487,44.47449308,146.0,876.0,63.0,0.0,0.0,0.0,0.0,11.0,0.0,0.0,0.0,0.0,0.0,0.0,61.0,0.0,11.0,0.0,0.0,0.0,0.0,27.0,0.0,0.0,0.0,0.0,0.0,6.0,76.0,6.0,0.0,76.0,0.0,0.0,37.0,0.0,0.0,37.0,0.0,0.0,0.0,0.0,0.0,0.0,48.0,0.0,33.0,48.0,65.0,33.0,0.0,65.0,0.0,0.0,0.0,0.0,0.0,0.0,"Mar 17, 2016"
1469,2305093.0,24008.0,Baghdad,Al Resafa,Al Zaafaranyah-953,الزعفرانية-953,33.2648028015,44.476320127,77.0,462.0,30.0,0.0,0.0,0.0,0.0,12.0,0.0,0.0,0.0,0.0,0.0,0.0,24.0,0.0,11.0,0.0,0.0,0.0,0.0,28.0,0.0,0.0,0.0,0.0,0.0,0.0,49.0,0.0,0.0,49.0,0.0,0.0,0.0,0.0,0.0,0.0,0.0,0.0,3.0,0.0,6.0,3.0,12.0,6.0,19.0,12.0,37.0,19.0,0.0,37.0,0.0,0.0,0.0,0.0,0.0,0.0,"Mar 17, 2016"
1470,2305094.0,24009.0,Baghdad,Al Resafa,Al Zaafaranyah-955,الزعفرانية-955,33.2611784422,44.4657846329,59.0,354.0,38.0,0.0,0.0,0.0,0.0,6.0,0.0,0.0,0.0,0.0,0.0,0.0,8.0,0.0,7.0,0.0,0.0,0.0,0.0,27.0,0.0,0.0,0.0,0.0,0.0,0.0,32.0,0.0,0.0,32.0,0.0,0.0,0.0,0.0,0.0,0.0,0.0,0.0,5.0,0.0,7.0,5.0,0.0,7.0,23.0,0.0,24.0,23.0,0.0,24.0,0.0,0.0,0.0,0.0,0.0,0.0,"Mar 17, 2016"
1471,2305095.0,24007.0,Baghdad,Al Resafa,Al Zaafaranyah-959,الزعفرانية-959,33.250827819,44.4768487679,77.0,462.0,29.0,0.0,0.0,0.0,0.0,5.0,0.0,0.0,0.0,0.0,0.0,0.0,24.0,0.0,19.0,0.0,0.0,0.0,0.0,40.0,0.0,0.0,0.0,0.0,0.0,0.0,37.0,0.0,0.0,37.0,0.0,0.0,0.0,0.0,0.0,0.0,0.0,0.0,0.0,0.0,7.0,0.0,22.0,7.0,22.0,22.0,26.0,22.0,0.0,26.0,0.0,0.0,0.0,0.0,0.0,0.0,"Mar 17, 2016"
1472,2305096.0,24011.0,Baghdad,Al Resafa,Al Zaafaranyah-961,الزعفرانية-961,33.2450844638,44.4825247246,133.0,798.0,65.0,0.0,0.0,0.0,0.0,5.0,0.0,0.0,4.0,0.0,0.0,0.0,51.0,0.0,8.0,0.0,0.0,0.0,0.0,37.0,0.0,0.0,0.0,0.0,0.0,0.0,96.0,0.0,0.0,96.0,0.0,0.0,0.0,0.0,0.0,0.0,0.0,0.0,0.0,0.0,4.0,0.0,21.0,4.0,38.0,21.0,70.0,38.0,0.0,70.0,0.0,0.0,0.0,0.0,0.0,0.0,"Mar 17, 2016"
1473,2305097.0,24010.0,Baghdad,Al Resafa,Al Zaafaranyah-965,الزعفرانية-965,33.2458593528,44.489113652,66.0,396.0,35.0,0.0,0.0,0.0,0.0,4.0,0.0,0.0,0.0,0.0,0.0,0.0,23.0,0.0,4.0,0.0,0.0,0.0,0.0,36.0,0.0,0.0,0.0,0.0,0.0,0.0,30.0,0.0,0.0,30.0,0.0,0.0,0.0,0.0,0.0,0.0,0.0,0.0,10.0,0.0,0.0,10.0,20.0,0.0,13.0,20.0,23.0,13.0,0.0,23.0,0.0,0.0,0.0,0.0,0.0,0.0,"Mar 17, 2016"
1474,2305098.0,25457.0,Baghdad,Al Resafa,Al Zaafaranyah-969,الزعفرانية-969,33.2413122019,44.4957620836,71.0,426.0,21.0,0.0,0.0,0.0,0.0,12.0,0.0,0.0,0.0,0.0,0.0,0.0,17.0,0.0,21.0,0.0,0.0,0.0,0.0,31.0,0.0,0.0,0.0,0.0,0.0,0.0,40.0,0.0,0.0,40.0,0.0,0.0,0.0,0.0,0.0,0.0,0.0,0.0,0.0,0.0,3.0,0.0,25.0,3.0,19.0,25.0,24.0,19.0,0.0,24.0,0.0,0.0,0.0,0.0,0.0,0.0,"Mar 17, 2016"
1475,2305099.0,23977.0,Baghdad,Al Resafa,Al Zafaraniyah-957,الزعفرانية-957,33.2521320583,44.4741416901,95.0,570.0,41.0,0.0,0.0,0.0,0.0,8.0,0.0,0.0,0.0,0.0,0.0,0.0,32.0,0.0,14.0,0.0,0.0,0.0,0.0,35.0,0.0,0.0,0.0,0.0,0.0,0.0,60.0,0.0,0.0,60.0,0.0,0.0,0.0,0.0,0.0,0.0,0.0,0.0,0.0,0.0,22.0,0.0,12.0,22.0,20.0,12.0,41.0,20.0,0.0,41.0,0.0,0.0,0.0,0.0,0.0,0.0,"Mar 17, 2016"
1476,2305101.0,21752.0,Baghdad,Al Resafa,Al Ameen-737,الامين-737,33.3101159034,44.5098716112,51.0,306.0,10.0,0.0,0.0,0.0,0.0,3.0,0.0,0.0,0.0,0.0,0.0,0.0,18.0,0.0,20.0,0.0,0.0,0.0,0.0,20.0,0.0,0.0,0.0,0.0,0.0,8.0,23.0,8.0,0.0,23.0,0.0,0.0,0.0,0.0,0.0,0.0,0.0,0.0,3.0,0.0,0.0,3.0,23.0,0.0,11.0,23.0,14.0,11.0,0.0,14.0,0.0,0.0,0.0,0.0,0.0,0.0,"Mar 17, 2016"
1477,2305102.0,21751.0,Baghdad,Al Resafa,Al Ameen-745,الامين-745,33.3043801447,44.5275234916,78.0,468.0,31.0,0.0,0.0,0.0,0.0,0.0,0.0,0.0,0.0,0.0,0.0,0.0,47.0,0.0,0.0,0.0,0.0,0.0,0.0,42.0,0.0,0.0,0.0,0.0,0.0,0.0,36.0,0.0,0.0,36.0,0.0,0.0,0.0,0.0,0.0,0.0,0.0,0.0,10.0,0.0,0.0,10.0,36.0,0.0,11.0,36.0,21.0,11.0,0.0,21.0,0.0,0.0,0.0,0.0,0.0,0.0,"Mar 17, 2016"
1478,2305103.0,23994.0,Baghdad,Al Resafa,Babel-925,بابل-925,33.29936546,44.42551951,28.0,168.0,15.0,0.0,0.0,0.0,0.0,0.0,0.0,0.0,0.0,0.0,0.0,0.0,13.0,0.0,0.0,0.0,0.0,0.0,0.0,15.0,0.0,0.0,0.0,0.0,0.0,0.0,13.0,0.0,0.0,13.0,0.0,0.0,0.0,0.0,0.0,0.0,0.0,0.0,3.0,0.0,5.0,3.0,8.0,5.0,7.0,8.0,5.0,7.0,0.0,5.0,0.0,0.0,0.0,0.0,0.0,0.0,"Mar 17, 2016"
1479,2305104.0,23993.0,Baghdad,Al Resafa,Babel-931,بابل-931,33.29122,44.42374,32.0,192.0,18.0,0.0,0.0,0.0,0.0,0.0,0.0,0.0,0.0,0.0,0.0,0.0,14.0,0.0,0.0,0.0,0.0,0.0,0.0,15.0,0.0,0.0,0.0,0.0,0.0,0.0,17.0,0.0,0.0,17.0,0.0,0.0,0.0,0.0,0.0,0.0,0.0,0.0,7.0,0.0,10.0,7.0,12.0,10.0,3.0,12.0,0.0,3.0,0.0,0.0,0.0,0.0,0.0,0.0,0.0,0.0,"Mar 17, 2016"
1480,2305106.0,23003.0,Baghdad,Al Resafa,Baghdad Al Jadidah-701,بغداد الجديدة-701,33.3031062074,44.4751584649,74.0,444.0,25.0,0.0,0.0,0.0,0.0,0.0,0.0,0.0,11.0,0.0,0.0,0.0,15.0,0.0,23.0,0.0,0.0,0.0,0.0,28.0,0.0,0.0,0.0,0.0,0.0,0.0,46.0,0.0,0.0,46.0,0.0,0.0,0.0,0.0,0.0,0.0,0.0,0.0,5.0,0.0,0.0,5.0,51.0,0.0,18.0,51.0,0.0,18.0,0.0,0.0,0.0,0.0,0.0,0.0,0.0,0.0,"Mar 17, 2016"
1481,2305107.0,23004.0,Baghdad,Al Resafa,Baghdad Al Jadidah-709,بغداد الجديدة-709,33.3020298906,44.4885088369,84.0,504.0,27.0,0.0,0.0,0.0,0.0,11.0,0.0,0.0,0.0,0.0,0.0,0.0,38.0,0.0,8.0,0.0,0.0,0.0,0.0,35.0,0.0,0.0,0.0,0.0,0.0,0.0,34.0,0.0,0.0,34.0,0.0,0.0,15.0,0.0,0.0,15.0,0.0,0.0,5.0,0.0,13.0,5.0,53.0,13.0,4.0,53.0,9.0,4.0,0.0,9.0,0.0,0.0,0.0,0.0,0.0,0.0,"Mar 17, 2016"
1482,2305108.0,23504.0,Baghdad,Al Resafa,Baghdad Al Jadidia-721,بغداد الجديدة-721,33.3040369556,44.4901438808,35.0,210.0,4.0,0.0,0.0,0.0,0.0,5.0,0.0,0.0,2.0,0.0,0.0,0.0,17.0,0.0,7.0,0.0,0.0,0.0,0.0,22.0,0.0,0.0,0.0,0.0,0.0,0.0,0.0,0.0,0.0,0.0,0.0,0.0,13.0,0.0,0.0,13.0,0.0,0.0,0.0,0.0,0.0,0.0,3.0,0.0,25.0,3.0,7.0,25.0,0.0,7.0,0.0,0.0,0.0,0.0,0.0,0.0,"Mar 17, 2016"
1483,2305111.0,24015.0,Baghdad,Al Resafa,Hay Diyala-930,حي ديالى-930,33.271810899,44.5127576456,37.0,222.0,20.0,0.0,0.0,0.0,0.0,0.0,0.0,0.0,0.0,0.0,0.0,0.0,17.0,0.0,0.0,0.0,0.0,0.0,0.0,15.0,0.0,0.0,0.0,0.0,0.0,0.0,22.0,0.0,0.0,22.0,0.0,0.0,0.0,0.0,0.0,0.0,0.0,0.0,6.0,0.0,0.0,6.0,3.0,0.0,14.0,3.0,14.0,14.0,0.0,14.0,0.0,0.0,0.0,0.0,0.0,0.0,"Mar 17, 2016"
1484,2305112.0,25407.0,Baghdad,Al Resafa,Hay Diyala-962,حي ديالى-962,33.2544557907,44.4974612306,50.0,300.0,14.0,0.0,0.0,0.0,0.0,14.0,0.0,0.0,0.0,0.0,0.0,0.0,14.0,0.0,8.0,0.0,0.0,0.0,0.0,12.0,0.0,0.0,0.0,0.0,0.0,0.0,38.0,0.0,0.0,38.0,0.0,0.0,0.0,0.0,0.0,0.0,0.0,0.0,4.0,0.0,6.0,4.0,23.0,6.0,9.0,23.0,8.0,9.0,0.0,8.0,0.0,0.0,0.0,0.0,0.0,0.0,"Mar 17, 2016"
1485,2305113.0,24013.0,Baghdad,Al Resafa,Hay Diyala-964,حي ديالى-964,33.2426275678,44.5035351939,134.0,804.0,45.0,0.0,0.0,0.0,0.0,28.0,0.0,0.0,0.0,0.0,0.0,0.0,39.0,0.0,22.0,0.0,0.0,0.0,0.0,48.0,0.0,0.0,0.0,0.0,0.0,0.0,86.0,0.0,0.0,86.0,0.0,0.0,0.0,0.0,0.0,0.0,0.0,0.0,0.0,0.0,0.0,0.0,19.0,0.0,85.0,19.0,30.0,85.0,0.0,30.0,0.0,0.0,0.0,0.0,0.0,0.0,"Mar 17, 2016"
1486,2305114.0,24012.0,Baghdad,Al Resafa,Hay Diyala-966,حي ديالى-966,33.2426983127,44.5067784269,138.0,828.0,63.0,0.0,0.0,0.0,0.0,16.0,0.0,0.0,0.0,0.0,0.0,0.0,31.0,0.0,28.0,0.0,0.0,0.0,0.0,74.0,0.0,0.0,0.0,0.0,0.0,0.0,64.0,0.0,0.0,64.0,0.0,0.0,0.0,0.0,0.0,0.0,0.0,0.0,18.0,0.0,3.0,18.0,18.0,3.0,63.0,18.0,36.0,63.0,0.0,36.0,0.0,0.0,0.0,0.0,0.0,0.0,"Mar 17, 2016"
1487,2305115.0,24014.0,Baghdad,Al Resafa,Hay Diyala-970,حي ديالى-970,33.2452916682,44.5189046032,19.0,114.0,12.0,0.0,0.0,0.0,0.0,0.0,0.0,0.0,0.0,0.0,0.0,0.0,7.0,0.0,0.0,0.0,0.0,0.0,0.0,7.0,0.0,0.0,0.0,0.0,0.0,0.0,12.0,0.0,0.0,12.0,0.0,0.0,0.0,0.0,0.0,0.0,0.0,0.0,8.0,0.0,0.0,8.0,7.0,0.0,0.0,7.0,4.0,0.0,0.0,4.0,0.0,0.0,0.0,0.0,0.0,0.0,"Mar 17, 2016"
1488,2305116.0,22616.0,Baghdad,Al Resafa,Hay Diyala-950,حي ديالى-950,33.2662902767,44.4903344305,81.0,486.0,29.0,0.0,0.0,0.0,0.0,8.0,0.0,0.0,0.0,0.0,0.0,0.0,29.0,0.0,15.0,0.0,0.0,0.0,0.0,40.0,0.0,0.0,0.0,0.0,0.0,0.0,41.0,0.0,0.0,41.0,0.0,0.0,0.0,0.0,0.0,0.0,0.0,0.0,5.0,0.0,0.0,5.0,9.0,0.0,20.0,9.0,47.0,20.0,0.0,47.0,0.0,0.0,0.0,0.0,0.0,0.0,"Mar 17, 2016"
1489,2305117.0,24623.0,Baghdad,Al Resafa,Hay Diyala-954,حي ديالى-954,33.2648795469,44.4921367684,73.0,438.0,29.0,0.0,0.0,0.0,0.0,0.0,0.0,0.0,0.0,0.0,0.0,0.0,28.0,0.0,16.0,0.0,0.0,0.0,0.0,37.0,0.0,0.0,0.0,0.0,0.0,0.0,36.0,0.0,0.0,36.0,0.0,0.0,0.0,0.0,0.0,0.0,0.0,0.0,0.0,0.0,0.0,0.0,12.0,0.0,38.0,12.0,23.0,38.0,0.0,23.0,0.0,0.0,0.0,0.0,0.0,0.0,"Mar 17, 2016"
1490,2305118.0,22140.0,Baghdad,Al Resafa,Hay Diyala-952,حي ديالى-952,33.2640721331,44.5003861725,58.0,348.0,22.0,0.0,0.0,0.0,0.0,1.0,0.0,0.0,0.0,0.0,0.0,0.0,22.0,0.0,13.0,0.0,0.0,0.0,0.0,25.0,0.0,0.0,0.0,0.0,0.0,15.0,18.0,15.0,0.0,18.0,0.0,0.0,0.0,0.0,0.0,0.0,0.0,0.0,13.0,0.0,0.0,13.0,15.0,0.0,19.0,15.0,11.0,19.0,0.0,11.0,0.0,0.0,0.0,0.0,0.0,0.0,"Mar 17, 2016"
1491,2305119.0,22248.0,Baghdad,Al Resafa,Hay Diyala-958,حي ديالى-958,33.2620980015,44.4931159523,79.0,474.0,32.0,0.0,0.0,0.0,0.0,0.0,0.0,0.0,0.0,0.0,0.0,0.0,33.0,0.0,14.0,0.0,0.0,0.0,0.0,52.0,0.0,0.0,0.0,0.0,0.0,0.0,27.0,0.0,0.0,27.0,0.0,0.0,0.0,0.0,0.0,0.0,0.0,0.0,4.0,0.0,0.0,4.0,30.0,0.0,24.0,30.0,21.0,24.0,0.0,21.0,0.0,0.0,0.0,0.0,0.0,0.0,"Mar 17, 2016"
1492,2305120.0,23991.0,Baghdad,Al Resafa,Hay Sumer-702,حي سومر-702,33.3083342339,44.4627656066,55.0,330.0,7.0,0.0,0.0,0.0,0.0,8.0,0.0,0.0,0.0,0.0,0.0,0.0,35.0,0.0,5.0,0.0,0.0,0.0,0.0,11.0,0.0,0.0,0.0,0.0,0.0,25.0,19.0,25.0,0.0,19.0,0.0,0.0,0.0,0.0,0.0,0.0,0.0,0.0,0.0,0.0,0.0,0.0,48.0,0.0,7.0,48.0,0.0,7.0,0.0,0.0,0.0,0.0,0.0,0.0,0.0,0.0,"Mar 17, 2016"
1493,2305121.0,23990.0,Baghdad,Al Resafa,Hay Sumer-706,حي سومر-706,33.3206336111,44.4714477021,85.0,510.0,40.0,0.0,0.0,0.0,0.0,0.0,0.0,0.0,0.0,0.0,0.0,0.0,40.0,0.0,5.0,0.0,0.0,0.0,0.0,23.0,0.0,0.0,0.0,0.0,0.0,0.0,62.0,0.0,0.0,62.0,0.0,0.0,0.0,0.0,0.0,0.0,0.0,0.0,4.0,0.0,0.0,4.0,45.0,0.0,10.0,45.0,26.0,10.0,0.0,26.0,0.0,0.0,0.0,0.0,0.0,0.0,"Mar 17, 2016"
1494,2305123.0,22816.0,Baghdad,Al Resafa,Al Edreesiy-505,الأدريسي-505,33.356451054,44.4251882022,154.0,924.0,113.0,0.0,0.0,0.0,0.0,5.0,0.0,0.0,0.0,0.0,0.0,0.0,24.0,0.0,12.0,0.0,0.0,0.0,0.0,48.0,0.0,0.0,0.0,0.0,0.0,5.0,101.0,5.0,0.0,101.0,0.0,0.0,0.0,0.0,0.0,0.0,0.0,0.0,15.0,0.0,24.0,15.0,26.0,24.0,41.0,26.0,48.0,41.0,0.0,48.0,0.0,0.0,0.0,0.0,0.0,0.0,"Mar 17, 2016"
1495,2305124.0,21744.0,Baghdad,Al Resafa,Al Jumhoriyah-117,الجمهورية-117,33.3470157218,44.3913128903,87.0,522.0,38.0,0.0,0.0,0.0,0.0,8.0,0.0,0.0,0.0,0.0,0.0,0.0,22.0,0.0,19.0,0.0,0.0,0.0,0.0,32.0,0.0,0.0,0.0,0.0,0.0,0.0,55.0,0.0,0.0,55.0,0.0,0.0,0.0,0.0,0.0,0.0,0.0,0.0,6.0,0.0,19.0,6.0,16.0,19.0,23.0,16.0,23.0,23.0,0.0,23.0,0.0,0.0,0.0,0.0,0.0,0.0,"Mar 17, 2016"
1496,2305125.0,24476.0,Baghdad,Al Resafa,Al Maamil-770,المعامل-770,33.42073,44.53784,23.0,138.0,18.0,0.0,0.0,0.0,0.0,0.0,0.0,0.0,0.0,0.0,0.0,0.0,5.0,0.0,0.0,0.0,0.0,0.0,0.0,23.0,0.0,0.0,0.0,0.0,0.0,0.0,0.0,0.0,0.0,0.0,0.0,0.0,0.0,0.0,0.0,0.0,0.0,0.0,0.0,0.0,10.0,0.0,0.0,10.0,0.0,0.0,13.0,0.0,0.0,13.0,0.0,0.0,0.0,0.0,0.0,0.0,"Mar 17, 2016"
1497,2305126.0,24475.0,Baghdad,Al Resafa,Al Maamil-771,المعامل-771,33.390132167,44.5266933225,32.0,192.0,11.0,0.0,0.0,0.0,0.0,4.0,0.0,0.0,0.0,0.0,0.0,0.0,17.0,0.0,0.0,0.0,0.0,0.0,0.0,17.0,0.0,0.0,0.0,0.0,0.0,0.0,15.0,0.0,0.0,15.0,0.0,0.0,0.0,0.0,0.0,0.0,0.0,0.0,0.0,0.0,10.0,0.0,11.0,10.0,7.0,11.0,4.0,7.0,0.0,4.0,0.0,0.0,0.0,0.0,0.0,0.0,"Mar 17, 2016"
1498,2305127.0,24477.0,Baghdad,Al Resafa,Al Maamil-779,المعامل-779,33.4200526832,44.529177516,53.0,318.0,19.0,0.0,0.0,0.0,0.0,0.0,0.0,0.0,0.0,0.0,0.0,0.0,34.0,0.0,0.0,0.0,0.0,0.0,0.0,29.0,0.0,0.0,0.0,0.0,0.0,0.0,24.0,0.0,0.0,24.0,0.0,0.0,0.0,0.0,0.0,0.0,0.0,0.0,0.0,0.0,34.0,0.0,0.0,34.0,0.0,0.0,19.0,0.0,0.0,19.0,0.0,0.0,0.0,0.0,0.0,0.0,"Mar 17, 2016"
1499,2305128.0,24474.0,Baghdad,Al Resafa,Al Maamil-781,المعامل-781,33.3834940329,44.5273240292,51.0,306.0,17.0,0.0,0.0,0.0,0.0,20.0,0.0,0.0,0.0,0.0,0.0,0.0,9.0,0.0,5.0,0.0,0.0,0.0,0.0,45.0,0.0,0.0,0.0,0.0,0.0,0.0,6.0,0.0,0.0,6.0,0.0,0.0,0.0,0.0,0.0,0.0,0.0,0.0,0.0,0.0,20.0,0.0,0.0,20.0,0.0,0.0,31.0,0.0,0.0,31.0,0.0,0.0,0.0,0.0,0.0,0.0,"Mar 17, 2016"
1500,2305130.0,21753.0,Baghdad,Al Resafa,Al Maamil-799,المعامل-799,33.4479459281,44.5240672106,277.0,1662.0,70.0,0.0,0.0,0.0,0.0,33.0,0.0,0.0,9.0,0.0,0.0,0.0,145.0,0.0,20.0,0.0,0.0,0.0,0.0,141.0,0.0,0.0,0.0,0.0,0.0,0.0,106.0,0.0,0.0,106.0,0.0,0.0,0.0,0.0,30.0,0.0,0.0,30.0,0.0,0.0,69.0,0.0,131.0,69.0,26.0,131.0,51.0,26.0,0.0,51.0,0.0,0.0,0.0,0.0,0.0,0.0,"Mar 17, 2016"
1501,2305131.0,21631.0,Baghdad,Al Resafa,Al Shaikh Omer-127,الشيخ عمر-127,33.3462119006,44.4012192223,52.0,312.0,21.0,0.0,0.0,0.0,0.0,17.0,0.0,0.0,0.0,0.0,0.0,0.0,6.0,0.0,8.0,0.0,0.0,0.0,0.0,10.0,0.0,0.0,0.0,0.0,0.0,0.0,42.0,0.0,0.0,42.0,0.0,0.0,0.0,0.0,0.0,0.0,0.0,0.0,0.0,0.0,6.0,0.0,27.0,6.0,11.0,27.0,8.0,11.0,0.0,8.0,0.0,0.0,0.0,0.0,0.0,0.0,"Mar 17, 2016"
1502,2305132.0,21633.0,Baghdad,Al Resafa,Al Shaikh Omer-129,الشيخ عمر-129,33.3481459147,44.3954441064,120.0,720.0,96.0,0.0,0.0,0.0,0.0,0.0,0.0,0.0,0.0,0.0,0.0,0.0,11.0,0.0,13.0,0.0,0.0,0.0,0.0,26.0,0.0,0.0,0.0,0.0,0.0,0.0,94.0,0.0,0.0,94.0,0.0,0.0,0.0,0.0,0.0,0.0,0.0,0.0,10.0,0.0,11.0,10.0,7.0,11.0,24.0,7.0,68.0,24.0,0.0,68.0,0.0,0.0,0.0,0.0,0.0,0.0,"Mar 17, 2016"
1503,2305134.0,24226.0,Baghdad,Al Resafa,Hay Summer-704,حي سومر-704,33.3167722563,44.4695252283,22.0,132.0,0.0,0.0,0.0,0.0,0.0,0.0,0.0,0.0,0.0,0.0,0.0,0.0,20.0,0.0,2.0,0.0,0.0,0.0,0.0,17.0,0.0,0.0,0.0,0.0,0.0,0.0,5.0,0.0,0.0,5.0,0.0,0.0,0.0,0.0,0.0,0.0,0.0,0.0,0.0,0.0,7.0,0.0,15.0,7.0,0.0,15.0,0.0,0.0,0.0,0.0,0.0,0.0,0.0,0.0,0.0,0.0,"Mar 17, 2016"
1504,2305136.0,25969.0,Baghdad,Al Resafa,Zayona,مخيم زيونة,33.3177567996,44.4469571656,142.0,852.0,0.0,0.0,0.0,0.0,0.0,0.0,0.0,0.0,0.0,0.0,0.0,0.0,142.0,0.0,0.0,0.0,0.0,0.0,142.0,0.0,0.0,0.0,0.0,0.0,0.0,0.0,0.0,0.0,0.0,0.0,0.0,0.0,0.0,0.0,0.0,0.0,0.0,0.0,0.0,0.0,0.0,0.0,142.0,0.0,0.0,142.0,0.0,0.0,0.0,0.0,0.0,0.0,0.0,0.0,0.0,0.0,"Mar 17, 2016"
1505,2305141.0,23286.0,Baghdad,Al Resafa,Al Gilani-123,الكيلاني-123,33.3383700336,44.4084995056,135.0,810.0,135.0,0.0,0.0,0.0,0.0,0.0,0.0,0.0,0.0,0.0,0.0,0.0,0.0,0.0,0.0,0.0,0.0,0.0,0.0,13.0,0.0,0.0,0.0,0.0,0.0,122.0,0.0,122.0,0.0,0.0,0.0,0.0,0.0,0.0,0.0,0.0,0.0,0.0,0.0,0.0,0.0,0.0,0.0,0.0,0.0,0.0,135.0,0.0,0.0,135.0,0.0,0.0,0.0,0.0,0.0,0.0,"Mar 17, 2016"
1506,2305142.0,27248.0,Baghdad,Al Resafa,Al Karada-907,الكرادة-907,33.2946770792,44.4140054813,36.0,216.0,12.0,0.0,0.0,0.0,0.0,0.0,0.0,0.0,0.0,0.0,0.0,0.0,24.0,0.0,0.0,0.0,0.0,0.0,0.0,0.0,0.0,0.0,0.0,0.0,0.0,0.0,36.0,0.0,0.0,36.0,0.0,0.0,0.0,0.0,0.0,0.0,0.0,0.0,0.0,0.0,0.0,0.0,18.0,0.0,0.0,18.0,18.0,0.0,0.0,18.0,0.0,0.0,0.0,0.0,0.0,0.0,"Mar 17, 2016"
1507,2306001.0,23619.0,Baghdad,Kadhimia,Ahmed Al Hamid village,قرية أحمد الحميد,33.4910525726,44.2389858343,91.0,546.0,71.0,0.0,4.0,0.0,0.0,0.0,0.0,0.0,0.0,0.0,0.0,0.0,0.0,0.0,16.0,0.0,0.0,0.0,0.0,47.0,0.0,0.0,0.0,0.0,0.0,0.0,44.0,0.0,0.0,44.0,0.0,0.0,0.0,0.0,0.0,0.0,0.0,0.0,43.0,0.0,0.0,43.0,0.0,0.0,14.0,0.0,34.0,14.0,0.0,34.0,0.0,0.0,0.0,0.0,0.0,0.0,"Mar 17, 2016"
1508,2306003.0,24660.0,Baghdad,Kadhimia,Al Ateefia-407,العطيفية-407,33.3551433832,44.3641391678,40.0,240.0,10.0,0.0,0.0,0.0,0.0,0.0,0.0,0.0,0.0,0.0,0.0,0.0,12.0,0.0,18.0,0.0,0.0,0.0,0.0,28.0,0.0,0.0,0.0,0.0,0.0,0.0,12.0,0.0,0.0,12.0,0.0,0.0,0.0,0.0,0.0,0.0,0.0,0.0,0.0,0.0,0.0,0.0,0.0,0.0,33.0,0.0,7.0,33.0,0.0,7.0,0.0,0.0,0.0,0.0,0.0,0.0,"Mar 17, 2016"
1509,2306004.0,24773.0,Baghdad,Kadhimia,Al Ateefia-409,العطيفية-409,33.3568322866,44.3633839501,16.0,96.0,0.0,0.0,0.0,0.0,0.0,0.0,0.0,0.0,0.0,0.0,0.0,0.0,10.0,0.0,6.0,0.0,0.0,0.0,0.0,0.0,0.0,0.0,0.0,0.0,0.0,0.0,16.0,0.0,0.0,16.0,0.0,0.0,0.0,0.0,0.0,0.0,0.0,0.0,0.0,0.0,0.0,0.0,0.0,0.0,16.0,0.0,0.0,16.0,0.0,0.0,0.0,0.0,0.0,0.0,0.0,0.0,"Mar 17, 2016"
1510,2306005.0,23282.0,Baghdad,Kadhimia,Atiya village,قرية عطية ,33.492,44.237,84.0,504.0,74.0,0.0,0.0,0.0,0.0,0.0,0.0,0.0,0.0,0.0,0.0,0.0,0.0,0.0,10.0,0.0,0.0,0.0,0.0,54.0,0.0,0.0,0.0,0.0,0.0,0.0,30.0,0.0,0.0,30.0,0.0,0.0,0.0,0.0,0.0,0.0,0.0,0.0,0.0,0.0,0.0,0.0,0.0,0.0,37.0,0.0,47.0,37.0,0.0,47.0,0.0,0.0,0.0,0.0,0.0,0.0,"Mar 17, 2016"
1511,2306008.0,22249.0,Baghdad,Kadhimia,Al Huriyah-a 430,الحرية-430,33.3575720395,44.3210160268,48.0,288.0,23.0,0.0,0.0,0.0,0.0,0.0,0.0,0.0,2.0,0.0,0.0,0.0,7.0,0.0,16.0,0.0,0.0,0.0,0.0,7.0,0.0,0.0,0.0,0.0,0.0,0.0,41.0,0.0,0.0,41.0,0.0,0.0,0.0,0.0,0.0,0.0,0.0,0.0,0.0,0.0,11.0,0.0,7.0,11.0,30.0,7.0,0.0,30.0,0.0,0.0,0.0,0.0,0.0,0.0,0.0,0.0,"Mar 17, 2016"
1512,2306009.0,25200.0,Baghdad,Kadhimia,Al Salam-412,السلام-412,33.3558262533,44.3363314567,204.0,1224.0,156.0,0.0,0.0,0.0,0.0,0.0,0.0,0.0,0.0,0.0,0.0,0.0,8.0,0.0,40.0,0.0,0.0,0.0,0.0,52.0,0.0,0.0,0.0,0.0,0.0,0.0,152.0,0.0,0.0,152.0,0.0,0.0,0.0,0.0,0.0,0.0,0.0,0.0,23.0,0.0,5.0,23.0,23.0,5.0,77.0,23.0,76.0,77.0,0.0,76.0,0.0,0.0,0.0,0.0,0.0,0.0,"Mar 17, 2016"
1513,2306010.0,24934.0,Baghdad,Kadhimia,Al Hurriyah-416,الحرية-416,33.3547870681,44.3250751896,49.0,294.0,7.0,0.0,3.0,0.0,0.0,0.0,0.0,0.0,0.0,0.0,0.0,0.0,19.0,0.0,20.0,0.0,0.0,0.0,0.0,13.0,0.0,0.0,0.0,0.0,0.0,0.0,36.0,0.0,0.0,36.0,0.0,0.0,0.0,0.0,0.0,0.0,0.0,0.0,6.0,0.0,6.0,6.0,19.0,6.0,16.0,19.0,2.0,16.0,0.0,2.0,0.0,0.0,0.0,0.0,0.0,0.0,"Mar 17, 2016"
1514,2306011.0,24935.0,Baghdad,Kadhimia,Al Hurriyah-418,الحرية-418,33.3585306684,44.3244281292,38.0,228.0,12.0,0.0,0.0,0.0,0.0,0.0,0.0,0.0,0.0,0.0,0.0,0.0,18.0,0.0,8.0,0.0,0.0,0.0,0.0,12.0,0.0,0.0,0.0,0.0,0.0,0.0,26.0,0.0,0.0,26.0,0.0,0.0,0.0,0.0,0.0,0.0,0.0,0.0,2.0,0.0,23.0,2.0,0.0,23.0,13.0,0.0,0.0,13.0,0.0,0.0,0.0,0.0,0.0,0.0,0.0,0.0,"Mar 17, 2016"
1515,2306012.0,24963.0,Baghdad,Kadhimia,Al Hurriyah-420,الحرية-420,33.361931864,44.3250049359,23.0,138.0,3.0,0.0,0.0,0.0,0.0,0.0,0.0,0.0,0.0,0.0,0.0,0.0,11.0,0.0,9.0,0.0,0.0,0.0,0.0,6.0,0.0,0.0,0.0,0.0,0.0,0.0,17.0,0.0,0.0,17.0,0.0,0.0,0.0,0.0,0.0,0.0,0.0,0.0,0.0,0.0,5.0,0.0,12.0,5.0,3.0,12.0,3.0,3.0,0.0,3.0,0.0,0.0,0.0,0.0,0.0,0.0,"Mar 17, 2016"
1516,2306013.0,24752.0,Baghdad,Kadhimia,Al Hurriyah-424,الحرية-424,33.3469832105,44.3247900024,80.0,480.0,21.0,0.0,0.0,0.0,0.0,9.0,0.0,0.0,0.0,0.0,0.0,0.0,30.0,0.0,20.0,0.0,0.0,0.0,0.0,25.0,0.0,0.0,0.0,0.0,0.0,0.0,55.0,0.0,0.0,55.0,0.0,0.0,0.0,0.0,0.0,0.0,0.0,0.0,0.0,0.0,25.0,0.0,12.0,25.0,31.0,12.0,12.0,31.0,0.0,12.0,0.0,0.0,0.0,0.0,0.0,0.0,"Mar 17, 2016"
1517,2306014.0,24936.0,Baghdad,Kadhimia,Al Hurriyah-426,الحرية-426,33.350762023,44.3105177662,26.0,156.0,11.0,0.0,0.0,0.0,0.0,0.0,0.0,0.0,0.0,0.0,0.0,0.0,5.0,0.0,10.0,0.0,0.0,0.0,0.0,9.0,0.0,0.0,0.0,0.0,0.0,0.0,17.0,0.0,0.0,17.0,0.0,0.0,0.0,0.0,0.0,0.0,0.0,0.0,0.0,0.0,6.0,0.0,0.0,6.0,14.0,0.0,6.0,14.0,0.0,6.0,0.0,0.0,0.0,0.0,0.0,0.0,"Mar 17, 2016"
1518,2306015.0,24732.0,Baghdad,Kadhimia,Al Hurriyah-428,الحرية-428,33.354920131,44.313211705,58.0,348.0,13.0,2.0,0.0,0.0,0.0,2.0,0.0,0.0,1.0,0.0,0.0,0.0,26.0,0.0,14.0,0.0,0.0,0.0,0.0,20.0,0.0,0.0,0.0,0.0,0.0,0.0,38.0,0.0,0.0,38.0,0.0,0.0,0.0,0.0,0.0,0.0,0.0,0.0,4.0,0.0,26.0,4.0,2.0,26.0,15.0,2.0,11.0,15.0,0.0,11.0,0.0,0.0,0.0,0.0,0.0,0.0,"Mar 17, 2016"
1519,2306016.0,24937.0,Baghdad,Kadhimia,Al Hurriyah-432,الحرية-432,33.3615422185,44.3110110535,33.0,198.0,7.0,0.0,0.0,0.0,0.0,0.0,0.0,0.0,0.0,0.0,0.0,0.0,12.0,0.0,14.0,0.0,0.0,0.0,0.0,10.0,0.0,0.0,0.0,0.0,0.0,0.0,23.0,0.0,0.0,23.0,0.0,0.0,0.0,0.0,0.0,0.0,0.0,0.0,0.0,0.0,13.0,0.0,0.0,13.0,17.0,0.0,3.0,17.0,0.0,3.0,0.0,0.0,0.0,0.0,0.0,0.0,"Mar 17, 2016"
1520,2306017.0,24733.0,Baghdad,Kadhimia,Al Hurriyah-436,الحرية-436,33.3670754423,44.3049726063,37.0,222.0,17.0,0.0,2.0,0.0,0.0,3.0,0.0,0.0,2.0,0.0,0.0,0.0,6.0,0.0,7.0,0.0,0.0,0.0,0.0,12.0,0.0,0.0,0.0,0.0,0.0,0.0,25.0,0.0,0.0,25.0,0.0,0.0,0.0,0.0,0.0,0.0,0.0,0.0,4.0,0.0,6.0,4.0,3.0,6.0,18.0,3.0,6.0,18.0,0.0,6.0,0.0,0.0,0.0,0.0,0.0,0.0,"Mar 17, 2016"
1521,2306018.0,25198.0,Baghdad,Kadhimia,Al Malahma(Al Sekak)Village,قرية الملاحمة(دور السكك),33.5177348166,44.2334667695,298.0,1788.0,284.0,0.0,0.0,0.0,0.0,0.0,0.0,0.0,0.0,0.0,0.0,0.0,0.0,0.0,14.0,0.0,0.0,0.0,0.0,138.0,0.0,0.0,0.0,0.0,0.0,0.0,160.0,0.0,0.0,160.0,0.0,0.0,0.0,0.0,0.0,0.0,0.0,0.0,0.0,0.0,0.0,0.0,24.0,0.0,47.0,24.0,227.0,47.0,0.0,227.0,0.0,0.0,0.0,0.0,0.0,0.0,"Mar 17, 2016"
1522,2306020.0,25718.0,Baghdad,Kadhimia,Al Salam-404,السلام-404,33.3447377478,44.3435128789,148.0,888.0,111.0,0.0,0.0,0.0,0.0,3.0,0.0,0.0,0.0,0.0,0.0,0.0,14.0,0.0,20.0,0.0,0.0,0.0,0.0,72.0,0.0,0.0,0.0,0.0,0.0,0.0,76.0,0.0,0.0,76.0,0.0,0.0,0.0,0.0,0.0,0.0,0.0,0.0,18.0,0.0,7.0,18.0,7.0,7.0,45.0,7.0,71.0,45.0,0.0,71.0,0.0,0.0,0.0,0.0,0.0,0.0,"Mar 17, 2016"
1523,2306021.0,25717.0,Baghdad,Kadhimia,Al Salam-406,السلام-406,33.347650564,44.34646942,38.0,228.0,29.0,0.0,0.0,0.0,0.0,0.0,0.0,0.0,0.0,0.0,0.0,0.0,2.0,0.0,7.0,0.0,0.0,0.0,0.0,12.0,0.0,0.0,0.0,0.0,0.0,0.0,26.0,0.0,0.0,26.0,0.0,0.0,0.0,0.0,0.0,0.0,0.0,0.0,8.0,0.0,6.0,8.0,0.0,6.0,11.0,0.0,13.0,11.0,0.0,13.0,0.0,0.0,0.0,0.0,0.0,0.0,"Mar 17, 2016"
1524,2306022.0,25719.0,Baghdad,Kadhimia,Al Salam-410,السلام-410,33.3458523586,44.3356353471,89.0,534.0,73.0,0.0,0.0,0.0,0.0,0.0,0.0,0.0,0.0,0.0,0.0,0.0,1.0,0.0,15.0,0.0,0.0,0.0,0.0,30.0,0.0,0.0,0.0,0.0,0.0,0.0,59.0,0.0,0.0,59.0,0.0,0.0,0.0,0.0,0.0,0.0,0.0,0.0,0.0,0.0,6.0,0.0,11.0,6.0,33.0,11.0,39.0,33.0,0.0,39.0,0.0,0.0,0.0,0.0,0.0,0.0,"Mar 17, 2016"
1525,2306023.0,25199.0,Baghdad,Kadhimia,Al Salehen Village,قرية الصالحين,33.5065943561,44.2372744288,127.0,762.0,120.0,0.0,0.0,0.0,0.0,0.0,0.0,0.0,0.0,0.0,0.0,0.0,0.0,0.0,7.0,0.0,0.0,0.0,0.0,60.0,0.0,0.0,0.0,0.0,0.0,0.0,67.0,0.0,0.0,67.0,0.0,0.0,0.0,0.0,0.0,0.0,0.0,0.0,0.0,0.0,0.0,0.0,0.0,0.0,37.0,0.0,90.0,37.0,0.0,90.0,0.0,0.0,0.0,0.0,0.0,0.0,"Mar 17, 2016"
1526,2306024.0,22244.0,Baghdad,Kadhimia,Hasan Al Askari,حسن العسكري,33.472,44.23,50.0,300.0,50.0,0.0,0.0,0.0,0.0,0.0,0.0,0.0,0.0,0.0,0.0,0.0,0.0,0.0,0.0,0.0,0.0,0.0,0.0,24.0,0.0,0.0,0.0,0.0,0.0,0.0,26.0,0.0,0.0,26.0,0.0,0.0,0.0,0.0,0.0,0.0,0.0,0.0,22.0,0.0,0.0,22.0,0.0,0.0,0.0,0.0,28.0,0.0,0.0,28.0,0.0,0.0,0.0,0.0,0.0,0.0,"Mar 17, 2016"
1527,2306025.0,25193.0,Baghdad,Kadhimia,Ajeel Al Sultan village,قرية عجيل السلطان,33.453,44.237,55.0,330.0,37.0,0.0,0.0,0.0,0.0,0.0,0.0,0.0,0.0,0.0,0.0,0.0,0.0,0.0,18.0,0.0,0.0,0.0,0.0,20.0,0.0,0.0,0.0,0.0,0.0,0.0,35.0,0.0,0.0,35.0,0.0,0.0,0.0,0.0,0.0,0.0,0.0,0.0,0.0,0.0,0.0,0.0,0.0,0.0,18.0,0.0,37.0,18.0,0.0,37.0,0.0,0.0,0.0,0.0,0.0,0.0,"Mar 17, 2016"
1528,2306026.0,25196.0,Baghdad,Kadhimia,Al Batta viilage,قرية البطة,33.474,44.259,70.0,420.0,63.0,0.0,1.0,0.0,0.0,2.0,0.0,0.0,0.0,0.0,0.0,0.0,0.0,0.0,4.0,0.0,0.0,0.0,0.0,52.0,0.0,0.0,0.0,0.0,0.0,0.0,18.0,0.0,0.0,18.0,0.0,0.0,0.0,0.0,0.0,0.0,0.0,0.0,29.0,0.0,1.0,29.0,4.0,1.0,11.0,4.0,25.0,11.0,0.0,25.0,0.0,0.0,0.0,0.0,0.0,0.0,"Mar 17, 2016"
1529,2306027.0,25184.0,Baghdad,Kadhimia,Al Halabsa village,قرية الحلابسة,33.559246366,44.1777590373,31.0,186.0,25.0,0.0,0.0,0.0,0.0,0.0,0.0,0.0,0.0,0.0,0.0,0.0,0.0,0.0,6.0,0.0,0.0,0.0,0.0,21.0,0.0,0.0,0.0,0.0,0.0,0.0,10.0,0.0,0.0,10.0,0.0,0.0,0.0,0.0,0.0,0.0,0.0,0.0,10.0,0.0,0.0,10.0,0.0,0.0,9.0,0.0,12.0,9.0,0.0,12.0,0.0,0.0,0.0,0.0,0.0,0.0,"Mar 17, 2016"
1530,2306028.0,25191.0,Baghdad,Kadhimia,Al Rafedain village,قرية الرافدين,33.471,44.265,45.0,270.0,45.0,0.0,0.0,0.0,0.0,0.0,0.0,0.0,0.0,0.0,0.0,0.0,0.0,0.0,0.0,0.0,0.0,0.0,0.0,45.0,0.0,0.0,0.0,0.0,0.0,0.0,0.0,0.0,0.0,0.0,0.0,0.0,0.0,0.0,0.0,0.0,0.0,0.0,4.0,0.0,0.0,4.0,0.0,0.0,15.0,0.0,26.0,15.0,0.0,26.0,0.0,0.0,0.0,0.0,0.0,0.0,"Mar 17, 2016"
1531,2306029.0,25179.0,Baghdad,Kadhimia,Al Salam village,قرية السلام,33.541,44.268,8.0,48.0,8.0,0.0,0.0,0.0,0.0,0.0,0.0,0.0,0.0,0.0,0.0,0.0,0.0,0.0,0.0,0.0,0.0,0.0,0.0,8.0,0.0,0.0,0.0,0.0,0.0,0.0,0.0,0.0,0.0,0.0,0.0,0.0,0.0,0.0,0.0,0.0,0.0,0.0,8.0,0.0,0.0,8.0,0.0,0.0,0.0,0.0,0.0,0.0,0.0,0.0,0.0,0.0,0.0,0.0,0.0,0.0,"Mar 17, 2016"
1532,2306030.0,25197.0,Baghdad,Kadhimia,Al Suwaed village,قرية السواعد,33.478,44.266,60.0,360.0,43.0,0.0,0.0,0.0,0.0,0.0,0.0,0.0,0.0,0.0,0.0,0.0,0.0,0.0,17.0,0.0,0.0,0.0,0.0,27.0,0.0,0.0,0.0,0.0,0.0,0.0,33.0,0.0,0.0,33.0,0.0,0.0,0.0,0.0,0.0,0.0,0.0,0.0,0.0,0.0,0.0,0.0,0.0,0.0,19.0,0.0,41.0,19.0,0.0,41.0,0.0,0.0,0.0,0.0,0.0,0.0,"Mar 17, 2016"
1533,2306031.0,25192.0,Baghdad,Kadhimia,Albu Aied Village,قرية ألبوعايد,33.4455114842,44.2758327669,62.0,372.0,62.0,0.0,0.0,0.0,0.0,0.0,0.0,0.0,0.0,0.0,0.0,0.0,0.0,0.0,0.0,0.0,0.0,0.0,0.0,36.0,0.0,0.0,0.0,0.0,0.0,0.0,26.0,0.0,0.0,26.0,0.0,0.0,0.0,0.0,0.0,0.0,0.0,0.0,36.0,0.0,0.0,36.0,0.0,0.0,0.0,0.0,26.0,0.0,0.0,26.0,0.0,0.0,0.0,0.0,0.0,0.0,"Mar 17, 2016"
1534,2306032.0,25185.0,Baghdad,Kadhimia,Awad Al Hussain village,قرية عواد الحسين,33.5501052242,44.1933121841,416.0,2496.0,374.0,0.0,0.0,0.0,0.0,0.0,0.0,0.0,0.0,0.0,0.0,0.0,0.0,0.0,42.0,0.0,0.0,0.0,0.0,270.0,0.0,0.0,0.0,0.0,0.0,0.0,146.0,0.0,0.0,146.0,0.0,0.0,0.0,0.0,0.0,0.0,0.0,0.0,130.0,0.0,0.0,130.0,0.0,0.0,98.0,0.0,188.0,98.0,0.0,188.0,0.0,0.0,0.0,0.0,0.0,0.0,"Mar 17, 2016"
1535,2306033.0,25188.0,Baghdad,Kadhimia,Dheeb Al Dhari village,قرية ذيب الضاري,33.5111562471,44.2016485534,96.0,576.0,81.0,0.0,1.0,0.0,0.0,0.0,0.0,0.0,1.0,0.0,0.0,0.0,1.0,0.0,12.0,0.0,0.0,0.0,0.0,67.0,0.0,0.0,0.0,0.0,0.0,0.0,29.0,0.0,0.0,29.0,0.0,0.0,0.0,0.0,0.0,0.0,0.0,0.0,40.0,0.0,2.0,40.0,12.0,2.0,19.0,12.0,23.0,19.0,0.0,23.0,0.0,0.0,0.0,0.0,0.0,0.0,"Mar 17, 2016"
1536,2306034.0,25182.0,Baghdad,Kadhimia,Fahad Al Fadhel village,قرية فهد الفاضل,33.4917371258,44.1738534898,152.0,912.0,147.0,0.0,0.0,0.0,0.0,0.0,0.0,0.0,0.0,0.0,0.0,0.0,0.0,0.0,5.0,0.0,0.0,0.0,0.0,100.0,0.0,0.0,0.0,0.0,0.0,0.0,52.0,0.0,0.0,52.0,0.0,0.0,0.0,0.0,0.0,0.0,0.0,0.0,0.0,0.0,0.0,0.0,0.0,0.0,70.0,0.0,82.0,70.0,0.0,82.0,0.0,0.0,0.0,0.0,0.0,0.0,"Mar 17, 2016"
1537,2306035.0,25195.0,Baghdad,Kadhimia,Faisal Abbas village,قرية فيصل عباس,33.547098715,44.1978701648,140.0,840.0,140.0,0.0,0.0,0.0,0.0,0.0,0.0,0.0,0.0,0.0,0.0,0.0,0.0,0.0,0.0,0.0,0.0,0.0,0.0,140.0,0.0,0.0,0.0,0.0,0.0,0.0,0.0,0.0,0.0,0.0,0.0,0.0,0.0,0.0,0.0,0.0,0.0,0.0,140.0,0.0,0.0,140.0,0.0,0.0,0.0,0.0,0.0,0.0,0.0,0.0,0.0,0.0,0.0,0.0,0.0,0.0,"Mar 17, 2016"
1538,2306036.0,25189.0,Baghdad,Kadhimia,Naif Al Hassan viilage,قرية نايف الحسن,33.5145693406,44.2184138144,21.0,126.0,21.0,0.0,0.0,0.0,0.0,0.0,0.0,0.0,0.0,0.0,0.0,0.0,0.0,0.0,0.0,0.0,0.0,0.0,0.0,21.0,0.0,0.0,0.0,0.0,0.0,0.0,0.0,0.0,0.0,0.0,0.0,0.0,0.0,0.0,0.0,0.0,0.0,0.0,0.0,0.0,0.0,0.0,0.0,0.0,0.0,0.0,21.0,0.0,0.0,21.0,0.0,0.0,0.0,0.0,0.0,0.0,"Mar 17, 2016"
1539,2306037.0,25194.0,Baghdad,Kadhimia,Najah Al Suhail village,قرية نجاح السهيل,33.469,44.198,63.0,378.0,63.0,0.0,0.0,0.0,0.0,0.0,0.0,0.0,0.0,0.0,0.0,0.0,0.0,0.0,0.0,0.0,0.0,0.0,0.0,23.0,0.0,0.0,0.0,0.0,0.0,0.0,40.0,0.0,0.0,40.0,0.0,0.0,0.0,0.0,0.0,0.0,0.0,0.0,40.0,0.0,0.0,40.0,0.0,0.0,10.0,0.0,13.0,10.0,0.0,13.0,0.0,0.0,0.0,0.0,0.0,0.0,"Mar 17, 2016"
1540,2306038.0,25183.0,Baghdad,Kadhimia,Rezaige Al Badaa village,قرية رزيج البداع,33.4997071939,44.1836018947,95.0,570.0,92.0,0.0,0.0,0.0,0.0,0.0,0.0,0.0,0.0,0.0,0.0,0.0,0.0,0.0,3.0,0.0,0.0,0.0,0.0,44.0,0.0,0.0,0.0,0.0,0.0,0.0,51.0,0.0,0.0,51.0,0.0,0.0,0.0,0.0,0.0,0.0,0.0,0.0,0.0,0.0,0.0,0.0,35.0,0.0,9.0,35.0,51.0,9.0,0.0,51.0,0.0,0.0,0.0,0.0,0.0,0.0,"Mar 17, 2016"
1541,2306039.0,25190.0,Baghdad,Kadhimia,Um Najem village,قرية أم نجم,33.5828441048,44.1764850137,39.0,234.0,32.0,0.0,0.0,0.0,0.0,0.0,0.0,0.0,0.0,0.0,0.0,0.0,0.0,0.0,7.0,0.0,0.0,0.0,0.0,32.0,0.0,0.0,0.0,0.0,0.0,0.0,7.0,0.0,0.0,7.0,0.0,0.0,0.0,0.0,0.0,0.0,0.0,0.0,20.0,0.0,0.0,20.0,0.0,0.0,7.0,0.0,12.0,7.0,0.0,12.0,0.0,0.0,0.0,0.0,0.0,0.0,"Mar 17, 2016"
1542,2306040.0,25177.0,Baghdad,Kadhimia,Al Khwather Village,قرية الكوثر,33.458,44.255,60.0,360.0,60.0,0.0,0.0,0.0,0.0,0.0,0.0,0.0,0.0,0.0,0.0,0.0,0.0,0.0,0.0,0.0,0.0,0.0,0.0,21.0,0.0,0.0,0.0,0.0,0.0,0.0,39.0,0.0,0.0,39.0,0.0,0.0,0.0,0.0,0.0,0.0,0.0,0.0,0.0,0.0,0.0,0.0,0.0,0.0,3.0,0.0,57.0,3.0,0.0,57.0,0.0,0.0,0.0,0.0,0.0,0.0,"Mar 17, 2016"
1543,2306041.0,25176.0,Baghdad,Kadhimia,Albu Dawod Village,قرية البو داوود,33.47148111,44.2223793741,73.0,438.0,73.0,0.0,0.0,0.0,0.0,0.0,0.0,0.0,0.0,0.0,0.0,0.0,0.0,0.0,0.0,0.0,0.0,0.0,0.0,73.0,0.0,0.0,0.0,0.0,0.0,0.0,0.0,0.0,0.0,0.0,0.0,0.0,0.0,0.0,0.0,0.0,0.0,0.0,0.0,0.0,0.0,0.0,0.0,0.0,0.0,0.0,73.0,0.0,0.0,73.0,0.0,0.0,0.0,0.0,0.0,0.0,"Mar 17, 2016"
1544,2306042.0,25174.0,Baghdad,Kadhimia,Ali Al Hamad Village,قرية علي الحمد,33.4690697808,44.2117035004,55.0,330.0,49.0,0.0,0.0,0.0,0.0,0.0,0.0,0.0,0.0,0.0,0.0,0.0,0.0,0.0,6.0,0.0,0.0,0.0,0.0,40.0,0.0,0.0,0.0,0.0,0.0,0.0,15.0,0.0,0.0,15.0,0.0,0.0,0.0,0.0,0.0,0.0,0.0,0.0,19.0,0.0,0.0,19.0,0.0,0.0,5.0,0.0,31.0,5.0,0.0,31.0,0.0,0.0,0.0,0.0,0.0,0.0,"Mar 17, 2016"
1545,2306043.0,24501.0,Baghdad,Kadhimia,Al-Shalchiya,الشالجية,33.3511590469,44.3522530752,35.0,210.0,19.0,0.0,0.0,0.0,0.0,0.0,0.0,0.0,0.0,0.0,0.0,0.0,14.0,0.0,2.0,0.0,0.0,0.0,0.0,18.0,0.0,0.0,0.0,0.0,0.0,0.0,17.0,0.0,0.0,17.0,0.0,0.0,0.0,0.0,0.0,0.0,0.0,0.0,0.0,0.0,14.0,0.0,0.0,14.0,16.0,0.0,5.0,16.0,0.0,5.0,0.0,0.0,0.0,0.0,0.0,0.0,"Mar 17, 2016"
1546,2306045.0,23641.0,Baghdad,Kadhimia,Hay Al Shuhada,حي الشهداء,33.4567390367,44.2399955583,76.0,456.0,58.0,0.0,0.0,0.0,0.0,0.0,0.0,0.0,0.0,0.0,0.0,0.0,2.0,0.0,16.0,0.0,0.0,0.0,0.0,12.0,0.0,0.0,0.0,0.0,0.0,0.0,64.0,0.0,0.0,64.0,0.0,0.0,0.0,0.0,0.0,0.0,0.0,0.0,8.0,0.0,2.0,8.0,16.0,2.0,4.0,16.0,46.0,4.0,0.0,46.0,0.0,0.0,0.0,0.0,0.0,0.0,"Mar 17, 2016"
1547,2306046.0,23581.0,Baghdad,Kadhimia,Hay Hasan AlAskari,حي الحسن العسكري,33.474867123,44.2565400763,136.0,816.0,110.0,0.0,0.0,0.0,0.0,3.0,0.0,0.0,2.0,0.0,0.0,0.0,2.0,0.0,19.0,0.0,0.0,0.0,0.0,86.0,0.0,0.0,0.0,0.0,0.0,0.0,50.0,0.0,0.0,50.0,0.0,0.0,0.0,0.0,0.0,0.0,0.0,0.0,0.0,0.0,2.0,0.0,18.0,2.0,8.0,18.0,108.0,8.0,0.0,108.0,0.0,0.0,0.0,0.0,0.0,0.0,"Mar 17, 2016"
1548,2306047.0,21695.0,Baghdad,Kadhimia,Ibrahim Al Juayfis village,قرية أبراهيم جعيفص ,33.488,44.221,39.0,234.0,20.0,0.0,0.0,0.0,0.0,0.0,0.0,0.0,0.0,0.0,0.0,0.0,7.0,0.0,12.0,0.0,0.0,0.0,0.0,19.0,0.0,0.0,0.0,0.0,0.0,0.0,20.0,0.0,0.0,20.0,0.0,0.0,0.0,0.0,0.0,0.0,0.0,0.0,0.0,0.0,0.0,0.0,0.0,0.0,19.0,0.0,20.0,19.0,0.0,20.0,0.0,0.0,0.0,0.0,0.0,0.0,"Mar 17, 2016"
1549,2306048.0,20784.0,Baghdad,Kadhimia,Jurf Al Milah,جرف الملح,33.4919369783,44.251671679,220.0,1320.0,203.0,0.0,0.0,0.0,0.0,0.0,0.0,0.0,0.0,0.0,0.0,0.0,0.0,0.0,17.0,0.0,0.0,0.0,0.0,100.0,0.0,0.0,0.0,0.0,0.0,0.0,120.0,0.0,0.0,120.0,0.0,0.0,0.0,0.0,0.0,0.0,0.0,0.0,0.0,0.0,0.0,0.0,0.0,0.0,100.0,0.0,120.0,100.0,0.0,120.0,0.0,0.0,0.0,0.0,0.0,0.0,"Mar 17, 2016"
1550,2306051.0,25173.0,Baghdad,Kadhimia,Khalaf Jredhi Village,قرية خلف جريدي,33.4629364697,44.2217035975,60.0,360.0,60.0,0.0,0.0,0.0,0.0,0.0,0.0,0.0,0.0,0.0,0.0,0.0,0.0,0.0,0.0,0.0,0.0,0.0,0.0,60.0,0.0,0.0,0.0,0.0,0.0,0.0,0.0,0.0,0.0,0.0,0.0,0.0,0.0,0.0,0.0,0.0,0.0,0.0,0.0,0.0,0.0,0.0,0.0,0.0,0.0,0.0,60.0,0.0,0.0,60.0,0.0,0.0,0.0,0.0,0.0,0.0,"Mar 17, 2016"
1551,2306052.0,7683.0,Baghdad,Kadhimia,Naji al rahal village,ناجي الرحال,33.51067115,44.23303488,196.0,1176.0,136.0,0.0,0.0,0.0,0.0,0.0,0.0,0.0,0.0,0.0,0.0,0.0,0.0,0.0,60.0,0.0,0.0,0.0,0.0,86.0,0.0,0.0,0.0,0.0,0.0,0.0,82.0,0.0,0.0,82.0,0.0,0.0,0.0,0.0,28.0,0.0,0.0,28.0,35.0,0.0,0.0,35.0,0.0,0.0,38.0,0.0,123.0,38.0,0.0,123.0,0.0,0.0,0.0,0.0,0.0,0.0,"Mar 17, 2016"
1552,2306053.0,25172.0,Baghdad,Kadhimia,Mulla Mukhlef Village,قرية ملا مخلف,33.4590341759,44.2304210333,132.0,792.0,105.0,0.0,0.0,0.0,0.0,0.0,0.0,0.0,0.0,0.0,0.0,0.0,0.0,0.0,27.0,0.0,0.0,0.0,0.0,117.0,0.0,0.0,0.0,0.0,0.0,0.0,15.0,0.0,0.0,15.0,0.0,0.0,0.0,0.0,0.0,0.0,0.0,0.0,0.0,0.0,0.0,0.0,27.0,0.0,0.0,27.0,105.0,0.0,0.0,105.0,0.0,0.0,0.0,0.0,0.0,0.0,"Mar 17, 2016"
1553,2306055.0,7642.0,Baghdad,Kadhimia,Naji al rahal village,ناجي الرحال ,33.491,44.267,17.0,102.0,11.0,0.0,0.0,0.0,0.0,0.0,0.0,0.0,0.0,0.0,0.0,0.0,0.0,0.0,6.0,0.0,0.0,0.0,0.0,17.0,0.0,0.0,0.0,0.0,0.0,0.0,0.0,0.0,0.0,0.0,0.0,0.0,0.0,0.0,0.0,0.0,0.0,0.0,0.0,0.0,0.0,0.0,0.0,0.0,9.0,0.0,8.0,9.0,0.0,8.0,0.0,0.0,0.0,0.0,0.0,0.0,"Mar 17, 2016"
1554,2306056.0,25178.0,Baghdad,Kadhimia,Nesaif Al Zegam Village,قرية نصيف الزكم,33.464,44.198,23.0,138.0,23.0,0.0,0.0,0.0,0.0,0.0,0.0,0.0,0.0,0.0,0.0,0.0,0.0,0.0,0.0,0.0,0.0,0.0,0.0,23.0,0.0,0.0,0.0,0.0,0.0,0.0,0.0,0.0,0.0,0.0,0.0,0.0,0.0,0.0,0.0,0.0,0.0,0.0,0.0,0.0,0.0,0.0,0.0,0.0,0.0,0.0,23.0,0.0,0.0,23.0,0.0,0.0,0.0,0.0,0.0,0.0,"Mar 17, 2016"
1555,2306058.0,25180.0,Baghdad,Kadhimia,Rasheed Al Yosif Village,قرية رشيد اليوسف,33.568,44.292,8.0,48.0,8.0,0.0,0.0,0.0,0.0,0.0,0.0,0.0,0.0,0.0,0.0,0.0,0.0,0.0,0.0,0.0,0.0,0.0,0.0,8.0,0.0,0.0,0.0,0.0,0.0,0.0,0.0,0.0,0.0,0.0,0.0,0.0,0.0,0.0,0.0,0.0,0.0,0.0,4.0,0.0,0.0,4.0,0.0,0.0,0.0,0.0,4.0,0.0,0.0,4.0,0.0,0.0,0.0,0.0,0.0,0.0,"Mar 17, 2016"
1556,2306059.0,26043.0,Baghdad,Kadhimia,Sabea Al Buor(Al Basam),سبع البور(مقاطعة البصام),33.4312561009,44.2337822633,125.0,750.0,28.0,0.0,0.0,0.0,0.0,0.0,0.0,0.0,0.0,0.0,0.0,0.0,37.0,0.0,60.0,0.0,0.0,0.0,0.0,120.0,0.0,0.0,0.0,0.0,0.0,0.0,5.0,0.0,0.0,5.0,0.0,0.0,0.0,0.0,0.0,0.0,0.0,0.0,0.0,0.0,0.0,0.0,0.0,0.0,0.0,0.0,125.0,0.0,0.0,125.0,0.0,0.0,0.0,0.0,0.0,0.0,"Mar 17, 2016"
1557,2306060.0,25158.0,Baghdad,Kadhimia,Sabea Al Buor-1000,سبع البور-1000,33.46905636,44.1537299,44.0,264.0,44.0,0.0,0.0,0.0,0.0,0.0,0.0,0.0,0.0,0.0,0.0,0.0,0.0,0.0,0.0,0.0,0.0,0.0,0.0,12.0,0.0,0.0,0.0,0.0,0.0,0.0,32.0,0.0,0.0,32.0,0.0,0.0,0.0,0.0,0.0,0.0,0.0,0.0,20.0,0.0,0.0,20.0,0.0,0.0,0.0,0.0,24.0,0.0,0.0,24.0,0.0,0.0,0.0,0.0,0.0,0.0,"Mar 17, 2016"
1558,2306061.0,25166.0,Baghdad,Kadhimia,Sabea Al Buor-10000,سبع البور-10000,33.46991,44.15591,23.0,138.0,10.0,0.0,0.0,0.0,0.0,0.0,0.0,0.0,0.0,0.0,0.0,0.0,0.0,0.0,13.0,0.0,0.0,0.0,0.0,18.0,0.0,0.0,0.0,0.0,0.0,0.0,5.0,0.0,0.0,5.0,0.0,0.0,0.0,0.0,0.0,0.0,0.0,0.0,0.0,0.0,0.0,0.0,10.0,0.0,3.0,10.0,10.0,3.0,0.0,10.0,0.0,0.0,0.0,0.0,0.0,0.0,"Mar 17, 2016"
1559,2306062.0,25167.0,Baghdad,Kadhimia,Sabea Al Buor-11000,سبع البور-11000,33.4592806813,44.1688442927,23.0,138.0,23.0,0.0,0.0,0.0,0.0,0.0,0.0,0.0,0.0,0.0,0.0,0.0,0.0,0.0,0.0,0.0,0.0,0.0,0.0,16.0,0.0,0.0,0.0,0.0,0.0,0.0,7.0,0.0,0.0,7.0,0.0,0.0,0.0,0.0,0.0,0.0,0.0,0.0,16.0,0.0,0.0,16.0,0.0,0.0,0.0,0.0,7.0,0.0,0.0,7.0,0.0,0.0,0.0,0.0,0.0,0.0,"Mar 17, 2016"
1560,2306063.0,25168.0,Baghdad,Kadhimia,Sabea Al Buor-14000,سبع البور-14000,33.4701397816,44.1661177226,77.0,462.0,70.0,0.0,0.0,0.0,0.0,0.0,0.0,0.0,0.0,0.0,0.0,0.0,0.0,0.0,7.0,0.0,0.0,0.0,0.0,17.0,0.0,0.0,0.0,0.0,0.0,0.0,60.0,0.0,0.0,60.0,0.0,0.0,0.0,0.0,0.0,0.0,0.0,0.0,0.0,0.0,0.0,0.0,0.0,0.0,63.0,0.0,14.0,63.0,0.0,14.0,0.0,0.0,0.0,0.0,0.0,0.0,"Mar 17, 2016"
1561,2306064.0,25169.0,Baghdad,Kadhimia,Sabea Al Buor-15000,سبع البور-15000,33.4573875317,44.1585322694,62.0,372.0,22.0,0.0,0.0,0.0,0.0,0.0,0.0,0.0,0.0,0.0,0.0,0.0,0.0,0.0,40.0,0.0,0.0,0.0,0.0,20.0,0.0,0.0,0.0,0.0,0.0,0.0,42.0,0.0,0.0,42.0,0.0,0.0,0.0,0.0,0.0,0.0,0.0,0.0,0.0,0.0,0.0,0.0,0.0,0.0,40.0,0.0,22.0,40.0,0.0,22.0,0.0,0.0,0.0,0.0,0.0,0.0,"Mar 17, 2016"
1562,2306065.0,25326.0,Baghdad,Kadhimia,Sabea Al Buor-16000,سبع البور-16000,33.4623713635,44.1437278127,70.0,420.0,70.0,0.0,0.0,0.0,0.0,0.0,0.0,0.0,0.0,0.0,0.0,0.0,0.0,0.0,0.0,0.0,0.0,0.0,0.0,15.0,0.0,0.0,0.0,0.0,0.0,0.0,55.0,0.0,0.0,55.0,0.0,0.0,0.0,0.0,0.0,0.0,0.0,0.0,0.0,0.0,0.0,0.0,0.0,0.0,48.0,0.0,22.0,48.0,0.0,22.0,0.0,0.0,0.0,0.0,0.0,0.0,"Mar 17, 2016"
1563,2306066.0,25170.0,Baghdad,Kadhimia,Sabea Al Buor-17000,سبع البور-17000,33.45051,44.1457,47.0,282.0,18.0,0.0,0.0,0.0,0.0,0.0,0.0,0.0,0.0,0.0,0.0,0.0,0.0,0.0,29.0,0.0,0.0,0.0,0.0,18.0,0.0,0.0,0.0,0.0,0.0,0.0,29.0,0.0,0.0,29.0,0.0,0.0,0.0,0.0,0.0,0.0,0.0,0.0,0.0,0.0,0.0,0.0,0.0,0.0,29.0,0.0,18.0,29.0,0.0,18.0,0.0,0.0,0.0,0.0,0.0,0.0,"Mar 17, 2016"
1564,2306067.0,25159.0,Baghdad,Kadhimia,Sabea Al Buor-2000,سبع البور-2000,33.4637111,44.15320251,35.0,210.0,8.0,0.0,0.0,0.0,0.0,0.0,0.0,0.0,0.0,0.0,0.0,0.0,27.0,0.0,0.0,0.0,0.0,0.0,0.0,8.0,0.0,0.0,0.0,0.0,0.0,0.0,27.0,0.0,0.0,27.0,0.0,0.0,0.0,0.0,0.0,0.0,0.0,0.0,0.0,0.0,27.0,0.0,0.0,27.0,0.0,0.0,8.0,0.0,0.0,8.0,0.0,0.0,0.0,0.0,0.0,0.0,"Mar 17, 2016"
1565,2306068.0,25160.0,Baghdad,Kadhimia,Sabea Al Buor-3000,سبع البور-3000,33.4911,44.1505425835,30.0,180.0,30.0,0.0,0.0,0.0,0.0,0.0,0.0,0.0,0.0,0.0,0.0,0.0,0.0,0.0,0.0,0.0,0.0,0.0,0.0,20.0,0.0,0.0,0.0,0.0,0.0,0.0,10.0,0.0,0.0,10.0,0.0,0.0,0.0,0.0,0.0,0.0,0.0,0.0,0.0,0.0,0.0,0.0,10.0,0.0,20.0,10.0,0.0,20.0,0.0,0.0,0.0,0.0,0.0,0.0,0.0,0.0,"Mar 17, 2016"
1566,2306069.0,25161.0,Baghdad,Kadhimia,Sabea Al Buor-4000,سبع البور-4000,33.46104775,44.1460999747,25.0,150.0,15.0,0.0,0.0,0.0,0.0,0.0,0.0,0.0,0.0,0.0,0.0,0.0,0.0,0.0,10.0,0.0,0.0,0.0,0.0,15.0,0.0,0.0,0.0,0.0,0.0,0.0,10.0,0.0,0.0,10.0,0.0,0.0,0.0,0.0,0.0,0.0,0.0,0.0,0.0,0.0,0.0,0.0,0.0,0.0,10.0,0.0,15.0,10.0,0.0,15.0,0.0,0.0,0.0,0.0,0.0,0.0,"Mar 17, 2016"
1567,2306070.0,23329.0,Baghdad,Kadhimia,Sabea Al Buor-5000,سبع البور-5000,33.470881,44.1428396172,34.0,204.0,27.0,0.0,0.0,0.0,0.0,0.0,0.0,0.0,0.0,0.0,0.0,0.0,0.0,0.0,7.0,0.0,0.0,0.0,0.0,26.0,0.0,0.0,0.0,0.0,0.0,0.0,8.0,0.0,0.0,8.0,0.0,0.0,0.0,0.0,0.0,0.0,0.0,0.0,0.0,0.0,0.0,0.0,0.0,0.0,7.0,0.0,27.0,7.0,0.0,27.0,0.0,0.0,0.0,0.0,0.0,0.0,"Mar 17, 2016"
1568,2306071.0,25162.0,Baghdad,Kadhimia,Sabea Al Buor-6000,سبع البور-6000,33.45963732,44.15286337,50.0,300.0,50.0,0.0,0.0,0.0,0.0,0.0,0.0,0.0,0.0,0.0,0.0,0.0,0.0,0.0,0.0,0.0,0.0,0.0,0.0,20.0,0.0,0.0,0.0,0.0,0.0,0.0,30.0,0.0,0.0,30.0,0.0,0.0,0.0,0.0,0.0,0.0,0.0,0.0,0.0,0.0,0.0,0.0,0.0,0.0,28.0,0.0,22.0,28.0,0.0,22.0,0.0,0.0,0.0,0.0,0.0,0.0,"Mar 17, 2016"
1569,2306072.0,25163.0,Baghdad,Kadhimia,Sabea Al Buor-7000,سبع البور-7000,33.45078626,44.1559460766,34.0,204.0,34.0,0.0,0.0,0.0,0.0,0.0,0.0,0.0,0.0,0.0,0.0,0.0,0.0,0.0,0.0,0.0,0.0,0.0,0.0,10.0,0.0,0.0,0.0,0.0,0.0,0.0,24.0,0.0,0.0,24.0,0.0,0.0,0.0,0.0,0.0,0.0,0.0,0.0,19.0,0.0,0.0,19.0,0.0,0.0,0.0,0.0,15.0,0.0,0.0,15.0,0.0,0.0,0.0,0.0,0.0,0.0,"Mar 17, 2016"
1570,2306073.0,25164.0,Baghdad,Kadhimia,Sabea Al Buor-8000,سبع البور-8000,33.4525622622,44.1567673573,41.0,246.0,18.0,0.0,0.0,0.0,0.0,23.0,0.0,0.0,0.0,0.0,0.0,0.0,0.0,0.0,0.0,0.0,0.0,0.0,0.0,18.0,0.0,0.0,0.0,0.0,0.0,0.0,23.0,0.0,0.0,23.0,0.0,0.0,0.0,0.0,0.0,0.0,0.0,0.0,0.0,0.0,0.0,0.0,23.0,0.0,0.0,23.0,18.0,0.0,0.0,18.0,0.0,0.0,0.0,0.0,0.0,0.0,"Mar 17, 2016"
1571,2306074.0,25165.0,Baghdad,Kadhimia,Sabea Al Buor-9000,سبع البور-9000,33.4571487124,44.1566981366,40.0,240.0,40.0,0.0,0.0,0.0,0.0,0.0,0.0,0.0,0.0,0.0,0.0,0.0,0.0,0.0,0.0,0.0,0.0,0.0,0.0,17.0,0.0,0.0,0.0,0.0,0.0,0.0,23.0,0.0,0.0,23.0,0.0,0.0,0.0,0.0,0.0,0.0,0.0,0.0,0.0,0.0,0.0,0.0,0.0,0.0,13.0,0.0,27.0,13.0,0.0,27.0,0.0,0.0,0.0,0.0,0.0,0.0,"Mar 17, 2016"
1572,2306075.0,22611.0,Baghdad,Kadhimia,Sabea Al Buor-13000,سبع البور-13000,33.4650574997,44.1681697141,49.0,294.0,32.0,0.0,0.0,0.0,0.0,0.0,0.0,0.0,0.0,0.0,0.0,0.0,17.0,0.0,0.0,0.0,0.0,0.0,0.0,45.0,0.0,0.0,0.0,0.0,0.0,0.0,4.0,0.0,0.0,4.0,0.0,0.0,0.0,0.0,0.0,0.0,0.0,0.0,0.0,0.0,17.0,0.0,0.0,17.0,0.0,0.0,32.0,0.0,0.0,32.0,0.0,0.0,0.0,0.0,0.0,0.0,"Mar 17, 2016"
1573,2306076.0,22541.0,Baghdad,Kadhimia,Sabea Al Buor-12000,سبع البور-12000,33.4607770605,44.1704438002,36.0,216.0,36.0,0.0,0.0,0.0,0.0,0.0,0.0,0.0,0.0,0.0,0.0,0.0,0.0,0.0,0.0,0.0,0.0,0.0,0.0,6.0,0.0,0.0,0.0,0.0,0.0,0.0,30.0,0.0,0.0,30.0,0.0,0.0,0.0,0.0,0.0,0.0,0.0,0.0,0.0,0.0,0.0,0.0,30.0,0.0,6.0,30.0,0.0,6.0,0.0,0.0,0.0,0.0,0.0,0.0,0.0,0.0,"Mar 17, 2016"
1574,2306077.0,25171.0,Baghdad,Kadhimia,Said Jasim Village,قرية سيد جاسم,33.456,44.254,29.0,174.0,20.0,0.0,0.0,0.0,0.0,0.0,0.0,0.0,2.0,0.0,0.0,0.0,1.0,0.0,6.0,0.0,0.0,0.0,0.0,19.0,0.0,0.0,0.0,0.0,0.0,0.0,10.0,0.0,0.0,10.0,0.0,0.0,0.0,0.0,0.0,0.0,0.0,0.0,4.0,0.0,2.0,4.0,3.0,2.0,10.0,3.0,10.0,10.0,0.0,10.0,0.0,0.0,0.0,0.0,0.0,0.0,"Mar 17, 2016"
1575,2306078.0,23579.0,Baghdad,Kadhimia,Al Salam-408,السلام-408,33.3471836425,44.3394195748,182.0,1092.0,125.0,0.0,0.0,0.0,0.0,4.0,0.0,0.0,0.0,0.0,0.0,0.0,13.0,0.0,40.0,0.0,0.0,0.0,0.0,57.0,0.0,0.0,0.0,0.0,0.0,0.0,125.0,0.0,0.0,125.0,0.0,0.0,0.0,0.0,0.0,0.0,0.0,0.0,20.0,0.0,20.0,20.0,3.0,20.0,28.0,3.0,111.0,28.0,0.0,111.0,0.0,0.0,0.0,0.0,0.0,0.0,"Mar 17, 2016"
1576,2306079.0,25186.0,Baghdad,Kadhimia,Shate Al Taji(Mezurfa)Village,شاطئ التاجي(مزرفة و حصيوة),33.4546132938,44.2851133384,62.0,372.0,45.0,0.0,0.0,0.0,0.0,0.0,0.0,0.0,0.0,0.0,0.0,0.0,0.0,0.0,17.0,0.0,0.0,0.0,0.0,45.0,0.0,0.0,0.0,0.0,0.0,0.0,17.0,0.0,0.0,17.0,0.0,0.0,0.0,0.0,0.0,0.0,0.0,0.0,21.0,0.0,0.0,21.0,0.0,0.0,12.0,0.0,29.0,12.0,0.0,29.0,0.0,0.0,0.0,0.0,0.0,0.0,"Mar 17, 2016"
1577,2306080.0,24068.0,Baghdad,Karkh,Shekh Junid-202,شيخ جنيد-202,33.34886882,44.36157395,5.0,30.0,5.0,0.0,0.0,0.0,0.0,0.0,0.0,0.0,0.0,0.0,0.0,0.0,0.0,0.0,0.0,0.0,0.0,0.0,0.0,5.0,0.0,0.0,0.0,0.0,0.0,0.0,0.0,0.0,0.0,0.0,0.0,0.0,0.0,0.0,0.0,0.0,0.0,0.0,5.0,0.0,0.0,5.0,0.0,0.0,0.0,0.0,0.0,0.0,0.0,0.0,0.0,0.0,0.0,0.0,0.0,0.0,"Mar 17, 2016"
1578,2306082.0,7285.0,Baghdad,Kadhimia,Jakook-425,جكوك-425,33.3803331089,44.3036660089,32.0,192.0,12.0,0.0,0.0,0.0,0.0,0.0,0.0,0.0,1.0,0.0,0.0,0.0,11.0,0.0,8.0,0.0,0.0,0.0,0.0,0.0,5.0,0.0,0.0,0.0,0.0,0.0,27.0,0.0,0.0,27.0,0.0,0.0,0.0,0.0,0.0,0.0,0.0,0.0,0.0,0.0,0.0,0.0,9.0,0.0,16.0,9.0,7.0,16.0,0.0,7.0,0.0,0.0,0.0,0.0,0.0,0.0,"Mar 17, 2016"
1579,2306083.0,25175.0,Baghdad,Kadhimia,Zedan Al Jameel Vilage,قرية زيدان الجميل,33.4645767879,44.2198803207,55.0,330.0,43.0,0.0,1.0,0.0,0.0,0.0,0.0,0.0,0.0,0.0,0.0,0.0,1.0,0.0,10.0,0.0,0.0,0.0,0.0,35.0,0.0,0.0,0.0,0.0,0.0,0.0,20.0,0.0,0.0,20.0,0.0,0.0,0.0,0.0,0.0,0.0,0.0,0.0,35.0,0.0,0.0,35.0,2.0,0.0,10.0,2.0,8.0,10.0,0.0,8.0,0.0,0.0,0.0,0.0,0.0,0.0,"Mar 17, 2016"
1580,2306086.0,23508.0,Baghdad,Kadhimia,Albo Rkeaba Village,قرية البو ركيبة,33.5743955537,44.1823801866,90.0,540.0,67.0,0.0,0.0,0.0,0.0,0.0,0.0,0.0,0.0,0.0,0.0,0.0,0.0,0.0,23.0,0.0,0.0,0.0,0.0,60.0,0.0,0.0,0.0,0.0,0.0,0.0,30.0,0.0,0.0,30.0,0.0,0.0,0.0,0.0,0.0,0.0,0.0,0.0,0.0,0.0,0.0,0.0,0.0,0.0,33.0,0.0,57.0,33.0,0.0,57.0,0.0,0.0,0.0,0.0,0.0,0.0,"Mar 17, 2016"
1581,2306087.0,27249.0,Baghdad,Kadhimia,Al Shehaa Village,قرية الشيحة,33.5590008053,44.1891059099,55.0,330.0,41.0,0.0,0.0,0.0,0.0,0.0,0.0,0.0,0.0,0.0,0.0,0.0,0.0,0.0,14.0,0.0,0.0,0.0,0.0,23.0,0.0,0.0,0.0,0.0,0.0,0.0,32.0,0.0,0.0,32.0,0.0,0.0,0.0,0.0,0.0,0.0,0.0,0.0,0.0,0.0,0.0,0.0,0.0,0.0,25.0,0.0,30.0,25.0,0.0,30.0,0.0,0.0,0.0,0.0,0.0,0.0,"Mar 17, 2016"
1582,2306088.0,27250.0,Baghdad,Kadhimia,Albo Sabah Village,قرية البو صباح,33.5494193245,44.1684130002,85.0,510.0,50.0,0.0,0.0,0.0,0.0,0.0,0.0,0.0,0.0,0.0,0.0,0.0,0.0,0.0,35.0,0.0,0.0,0.0,0.0,56.0,0.0,0.0,0.0,0.0,0.0,0.0,29.0,0.0,0.0,29.0,0.0,0.0,0.0,0.0,0.0,0.0,0.0,0.0,0.0,0.0,0.0,0.0,0.0,0.0,35.0,0.0,50.0,35.0,0.0,50.0,0.0,0.0,0.0,0.0,0.0,0.0,"Mar 17, 2016"
1583,2306089.0,27309.0,Baghdad,Kadhimia,Al Sheik Amir Village,قرية الشيخ عامر,33.5383002527,44.2458414869,30.0,180.0,24.0,0.0,0.0,0.0,0.0,0.0,0.0,0.0,0.0,0.0,0.0,0.0,0.0,0.0,6.0,0.0,0.0,0.0,0.0,24.0,0.0,0.0,0.0,0.0,0.0,0.0,6.0,0.0,0.0,6.0,0.0,0.0,0.0,0.0,0.0,0.0,0.0,0.0,0.0,0.0,0.0,0.0,0.0,0.0,6.0,0.0,24.0,6.0,0.0,24.0,0.0,0.0,0.0,0.0,0.0,0.0,"Mar 17, 2016"
1584,2306090.0,27310.0,Baghdad,Kadhimia,Hay Al Tasneea,حي التصنيع,33.475,44.241,33.0,198.0,33.0,0.0,0.0,0.0,0.0,0.0,0.0,0.0,0.0,0.0,0.0,0.0,0.0,0.0,0.0,0.0,0.0,0.0,0.0,0.0,0.0,0.0,0.0,0.0,0.0,0.0,33.0,0.0,0.0,33.0,0.0,0.0,0.0,0.0,0.0,0.0,0.0,0.0,0.0,0.0,0.0,0.0,0.0,0.0,0.0,0.0,33.0,0.0,0.0,33.0,0.0,0.0,0.0,0.0,0.0,0.0,"Mar 17, 2016"
1585,2306091.0,27311.0,Baghdad,Kadhimia,Shoala-446,الشعلة-446,33.361353061,44.2811950084,28.0,168.0,15.0,0.0,0.0,0.0,0.0,2.0,0.0,0.0,0.0,0.0,0.0,0.0,11.0,0.0,0.0,0.0,0.0,0.0,0.0,28.0,0.0,0.0,0.0,0.0,0.0,0.0,0.0,0.0,0.0,0.0,0.0,0.0,0.0,0.0,0.0,0.0,0.0,0.0,15.0,0.0,0.0,15.0,3.0,0.0,10.0,3.0,0.0,10.0,0.0,0.0,0.0,0.0,0.0,0.0,0.0,0.0,"Mar 17, 2016"
1586,2306092.0,27312.0,Baghdad,Kadhimia,Shoala-448,الشعلة-448,33.3607686333,44.2970041451,37.0,222.0,2.0,0.0,0.0,0.0,0.0,2.0,0.0,0.0,0.0,0.0,0.0,0.0,26.0,0.0,7.0,0.0,0.0,0.0,0.0,12.0,0.0,0.0,0.0,0.0,0.0,0.0,19.0,0.0,0.0,19.0,0.0,0.0,0.0,0.0,6.0,0.0,0.0,6.0,5.0,0.0,0.0,5.0,25.0,0.0,7.0,25.0,0.0,7.0,0.0,0.0,0.0,0.0,0.0,0.0,0.0,0.0,"Mar 17, 2016"
1587,2306093.0,27313.0,Baghdad,Kadhimia,Al bu Ataes Village,قرية البو طعيس,33.52,44.206,71.0,426.0,71.0,0.0,0.0,0.0,0.0,0.0,0.0,0.0,0.0,0.0,0.0,0.0,0.0,0.0,0.0,0.0,0.0,0.0,0.0,30.0,0.0,0.0,0.0,0.0,0.0,0.0,41.0,0.0,0.0,41.0,0.0,0.0,0.0,0.0,0.0,0.0,0.0,0.0,0.0,0.0,0.0,0.0,0.0,0.0,20.0,0.0,51.0,20.0,0.0,51.0,0.0,0.0,0.0,0.0,0.0,0.0,"Mar 17, 2016"
1588,2306094.0,27314.0,Baghdad,Kadhimia,Shoala-450,الشعلة-450,33.3662861109,44.2894871648,65.0,390.0,16.0,0.0,0.0,0.0,0.0,1.0,0.0,0.0,9.0,0.0,0.0,0.0,27.0,0.0,12.0,0.0,0.0,0.0,0.0,24.0,0.0,0.0,0.0,0.0,0.0,0.0,41.0,0.0,0.0,41.0,0.0,0.0,0.0,0.0,0.0,0.0,0.0,0.0,13.0,0.0,0.0,13.0,33.0,0.0,13.0,33.0,6.0,13.0,0.0,6.0,0.0,0.0,0.0,0.0,0.0,0.0,"Mar 17, 2016"
1589,2306095.0,27315.0,Baghdad,Kadhimia,Shoala-454,الشعلة-454,33.3758583678,44.2881956585,75.0,450.0,20.0,0.0,0.0,0.0,0.0,7.0,0.0,0.0,2.0,0.0,0.0,0.0,21.0,0.0,25.0,0.0,0.0,0.0,0.0,20.0,0.0,0.0,0.0,0.0,0.0,0.0,55.0,0.0,0.0,55.0,0.0,0.0,0.0,0.0,0.0,0.0,0.0,0.0,20.0,0.0,0.0,20.0,25.0,0.0,27.0,25.0,3.0,27.0,0.0,3.0,0.0,0.0,0.0,0.0,0.0,0.0,"Mar 17, 2016"
1590,2306096.0,27316.0,Baghdad,Kadhimia,Shoala-458,الشعلة-458,33.3722777163,44.2790609721,92.0,552.0,10.0,0.0,0.0,0.0,0.0,3.0,0.0,0.0,2.0,0.0,0.0,0.0,24.0,0.0,53.0,0.0,0.0,0.0,0.0,22.0,0.0,0.0,0.0,0.0,0.0,0.0,70.0,0.0,0.0,70.0,0.0,0.0,0.0,0.0,0.0,0.0,0.0,0.0,14.0,0.0,0.0,14.0,22.0,0.0,55.0,22.0,1.0,55.0,0.0,1.0,0.0,0.0,0.0,0.0,0.0,0.0,"Mar 17, 2016"
1591,2306097.0,27317.0,Baghdad,Kadhimia,Shoala-460,الشعلة-460,33.3671259786,44.2710782512,70.0,420.0,14.0,0.0,0.0,0.0,0.0,3.0,0.0,0.0,9.0,0.0,0.0,0.0,23.0,0.0,21.0,0.0,0.0,0.0,0.0,19.0,0.0,0.0,0.0,0.0,0.0,0.0,51.0,0.0,0.0,51.0,0.0,0.0,0.0,0.0,0.0,0.0,0.0,0.0,9.0,0.0,0.0,9.0,25.0,0.0,26.0,25.0,10.0,26.0,0.0,10.0,0.0,0.0,0.0,0.0,0.0,0.0,"Mar 17, 2016"
1592,2306098.0,27318.0,Baghdad,Kadhimia,Shoala-464,الشعلة-464,33.3790333425,44.2851230559,34.0,204.0,1.0,0.0,0.0,0.0,0.0,8.0,0.0,0.0,2.0,0.0,0.0,0.0,15.0,0.0,8.0,0.0,0.0,0.0,0.0,6.0,0.0,0.0,0.0,0.0,0.0,0.0,28.0,0.0,0.0,28.0,0.0,0.0,0.0,0.0,0.0,0.0,0.0,0.0,4.0,0.0,0.0,4.0,13.0,0.0,15.0,13.0,2.0,15.0,0.0,2.0,0.0,0.0,0.0,0.0,0.0,0.0,"Mar 17, 2016"
1593,2306099.0,27319.0,Baghdad,Kadhimia,Shoala-Al Doanam,الشعلة-الدوانم,33.3637432107,44.2522541475,145.0,870.0,60.0,0.0,0.0,0.0,0.0,8.0,0.0,0.0,3.0,0.0,0.0,0.0,51.0,0.0,23.0,0.0,0.0,0.0,0.0,51.0,0.0,0.0,0.0,0.0,0.0,0.0,94.0,0.0,0.0,94.0,0.0,0.0,0.0,0.0,0.0,0.0,0.0,0.0,28.0,0.0,0.0,28.0,45.0,0.0,48.0,45.0,24.0,48.0,0.0,24.0,0.0,0.0,0.0,0.0,0.0,0.0,"Mar 17, 2016"
1594,2306100.0,27320.0,Baghdad,Kadhimia,Shoala-Khatib,الشعلة-الخطيب,33.3582459128,44.2946902117,26.0,156.0,11.0,0.0,0.0,0.0,0.0,1.0,0.0,0.0,2.0,0.0,0.0,0.0,6.0,0.0,6.0,0.0,0.0,0.0,0.0,26.0,0.0,0.0,0.0,0.0,0.0,0.0,0.0,0.0,0.0,0.0,0.0,0.0,0.0,0.0,0.0,0.0,0.0,0.0,12.0,0.0,0.0,12.0,10.0,0.0,3.0,10.0,1.0,3.0,0.0,1.0,0.0,0.0,0.0,0.0,0.0,0.0,"Mar 17, 2016"
1595,2306101.0,27376.0,Baghdad,Kadhimia,Al Salyt Village,قرية السلايط,33.494,44.273,27.0,162.0,17.0,0.0,0.0,0.0,0.0,0.0,0.0,0.0,0.0,0.0,0.0,0.0,0.0,0.0,10.0,0.0,0.0,0.0,0.0,12.0,0.0,0.0,0.0,0.0,0.0,0.0,15.0,0.0,0.0,15.0,0.0,0.0,0.0,0.0,0.0,0.0,0.0,0.0,0.0,0.0,0.0,0.0,0.0,0.0,17.0,0.0,10.0,17.0,0.0,10.0,0.0,0.0,0.0,0.0,0.0,0.0,"Mar 17, 2016"
1596,2306102.0,27377.0,Baghdad,Kadhimia,Kasar Al Ali Village,قرية كسار العلي,33.5788109755,44.1959589788,37.0,222.0,20.0,0.0,0.0,0.0,0.0,0.0,0.0,0.0,0.0,0.0,0.0,0.0,0.0,0.0,17.0,0.0,0.0,0.0,0.0,16.0,0.0,0.0,0.0,0.0,0.0,0.0,21.0,0.0,0.0,21.0,0.0,0.0,0.0,0.0,0.0,0.0,0.0,0.0,0.0,0.0,0.0,0.0,0.0,0.0,37.0,0.0,0.0,37.0,0.0,0.0,0.0,0.0,0.0,0.0,0.0,0.0,"Mar 17, 2016"
1597,2306103.0,27378.0,Baghdad,Kadhimia,Salh Al Fayad ,قرية صالح الفياض,33.5713948443,44.1736471506,21.0,126.0,12.0,0.0,0.0,0.0,0.0,0.0,0.0,0.0,0.0,0.0,0.0,0.0,0.0,0.0,9.0,0.0,0.0,0.0,0.0,7.0,0.0,0.0,0.0,0.0,0.0,0.0,14.0,0.0,0.0,14.0,0.0,0.0,0.0,0.0,0.0,0.0,0.0,0.0,0.0,0.0,0.0,0.0,0.0,0.0,17.0,0.0,4.0,17.0,0.0,4.0,0.0,0.0,0.0,0.0,0.0,0.0,"Mar 17, 2016"
1598,2306104.0,27407.0,Baghdad,Kadhimia,Jakook-440,جكوك-440,33.3778684855,44.3098596853,120.0,720.0,30.0,0.0,3.0,0.0,0.0,0.0,0.0,0.0,9.0,0.0,0.0,0.0,22.0,0.0,56.0,0.0,0.0,0.0,0.0,32.0,0.0,0.0,0.0,0.0,0.0,0.0,88.0,0.0,0.0,88.0,0.0,0.0,0.0,0.0,0.0,0.0,0.0,0.0,0.0,0.0,30.0,0.0,0.0,30.0,68.0,0.0,22.0,68.0,0.0,22.0,0.0,0.0,0.0,0.0,0.0,0.0,"Mar 17, 2016"
1599,2306105.0,27408.0,Baghdad,Kadhimia,Jakook-442,جكوك-442,33.3806177328,44.3064543874,31.0,186.0,13.0,0.0,0.0,0.0,0.0,0.0,0.0,0.0,2.0,0.0,0.0,0.0,7.0,0.0,9.0,0.0,0.0,0.0,0.0,10.0,0.0,0.0,0.0,0.0,0.0,0.0,21.0,0.0,0.0,21.0,0.0,0.0,0.0,0.0,0.0,0.0,0.0,0.0,0.0,0.0,7.0,0.0,0.0,7.0,19.0,0.0,5.0,19.0,0.0,5.0,0.0,0.0,0.0,0.0,0.0,0.0,"Mar 17, 2016"
1600,2306106.0,27413.0,Baghdad,Kadhimia,Al Ahnaf-Al Rakia Fadel village,الأحنف-اركية وفاضل,33.4349745642,44.2439240646,226.0,1356.0,146.0,0.0,6.0,0.0,0.0,0.0,0.0,0.0,1.0,0.0,0.0,0.0,0.0,0.0,73.0,0.0,0.0,0.0,0.0,57.0,0.0,0.0,0.0,0.0,0.0,0.0,144.0,0.0,0.0,144.0,0.0,0.0,0.0,0.0,25.0,0.0,0.0,25.0,0.0,0.0,24.0,0.0,73.0,24.0,25.0,73.0,104.0,25.0,0.0,104.0,0.0,0.0,0.0,0.0,0.0,0.0,"Mar 17, 2016"
1601,2306107.0,27414.0,Baghdad,Kadhimia,Al Ahnaf-Al Sabaiyat,الاحنف-الصابيات,33.4349628006,44.256111709,270.0,1620.0,244.0,0.0,2.0,0.0,0.0,0.0,0.0,0.0,0.0,0.0,0.0,0.0,1.0,0.0,23.0,0.0,0.0,0.0,0.0,58.0,0.0,0.0,0.0,0.0,0.0,0.0,137.0,0.0,0.0,137.0,0.0,0.0,0.0,0.0,75.0,0.0,0.0,75.0,67.0,0.0,58.0,67.0,32.0,58.0,17.0,32.0,96.0,17.0,0.0,96.0,0.0,0.0,0.0,0.0,0.0,0.0,"Mar 17, 2016"
1602,2306108.0,27415.0,Baghdad,Kadhimia,Al Ahnaf-Al Salamiat,الاحنف-السلاميات,33.4226793727,44.2781210982,102.0,612.0,43.0,0.0,4.0,0.0,0.0,0.0,0.0,0.0,3.0,0.0,0.0,0.0,0.0,0.0,52.0,0.0,0.0,0.0,0.0,30.0,0.0,0.0,0.0,0.0,0.0,0.0,72.0,0.0,0.0,72.0,0.0,0.0,0.0,0.0,0.0,0.0,0.0,0.0,15.0,0.0,0.0,15.0,0.0,0.0,54.0,0.0,33.0,54.0,0.0,33.0,0.0,0.0,0.0,0.0,0.0,0.0,"Mar 17, 2016"
1603,2306109.0,28405.0,Baghdad,Kadhimia,Hay Al Askreen,حي العسكريين,33.5103879231,44.233838594,38.0,228.0,29.0,0.0,6.0,0.0,0.0,0.0,0.0,0.0,0.0,0.0,0.0,0.0,0.0,0.0,3.0,0.0,0.0,0.0,0.0,12.0,0.0,0.0,0.0,0.0,0.0,0.0,26.0,0.0,0.0,26.0,0.0,0.0,0.0,0.0,0.0,0.0,0.0,0.0,0.0,0.0,0.0,0.0,0.0,0.0,26.0,0.0,12.0,26.0,0.0,12.0,0.0,0.0,0.0,0.0,0.0,0.0,"Mar 17, 2016"
1604,2306110.0,28397.0,Baghdad,Kadhimia,Al Jaefar Village,قرية الجعيفر,33.494,44.257,41.0,246.0,41.0,0.0,0.0,0.0,0.0,0.0,0.0,0.0,0.0,0.0,0.0,0.0,0.0,0.0,0.0,0.0,0.0,0.0,0.0,29.0,0.0,0.0,0.0,0.0,0.0,0.0,12.0,0.0,0.0,12.0,0.0,0.0,0.0,0.0,0.0,0.0,0.0,0.0,0.0,0.0,0.0,0.0,0.0,0.0,17.0,0.0,24.0,17.0,0.0,24.0,0.0,0.0,0.0,0.0,0.0,0.0,"Mar 17, 2016"
1605,2306111.0,28398.0,Baghdad,Kadhimia,Abd Al Hammad village,قرية عبد الحماد,33.4944784003,44.2454035346,24.0,144.0,23.0,0.0,1.0,0.0,0.0,0.0,0.0,0.0,0.0,0.0,0.0,0.0,0.0,0.0,0.0,0.0,0.0,0.0,0.0,20.0,0.0,0.0,0.0,0.0,0.0,0.0,4.0,0.0,0.0,4.0,0.0,0.0,0.0,0.0,0.0,0.0,0.0,0.0,0.0,0.0,0.0,0.0,0.0,0.0,9.0,0.0,15.0,9.0,0.0,15.0,0.0,0.0,0.0,0.0,0.0,0.0,"Mar 17, 2016"
1606,2306112.0,28396.0,Baghdad,Kadhimia,Abaid al abd alla village,قرية عبيد العبد الله,33.496,44.255,30.0,180.0,27.0,0.0,0.0,0.0,0.0,0.0,0.0,0.0,0.0,0.0,0.0,0.0,0.0,0.0,3.0,0.0,0.0,0.0,0.0,30.0,0.0,0.0,0.0,0.0,0.0,0.0,0.0,0.0,0.0,0.0,0.0,0.0,0.0,0.0,0.0,0.0,0.0,0.0,0.0,0.0,0.0,0.0,0.0,0.0,30.0,0.0,0.0,30.0,0.0,0.0,0.0,0.0,0.0,0.0,0.0,0.0,"Mar 17, 2016"
1607,2306113.0,28399.0,Baghdad,Kadhimia,North Al Kadhimia-447,شمال الكاظمية-447,33.4391850847,44.2727301706,72.0,432.0,52.0,0.0,6.0,0.0,0.0,0.0,0.0,0.0,0.0,0.0,0.0,0.0,4.0,0.0,10.0,0.0,0.0,0.0,0.0,26.0,0.0,0.0,0.0,0.0,0.0,0.0,46.0,0.0,0.0,46.0,0.0,0.0,0.0,0.0,0.0,0.0,0.0,0.0,0.0,0.0,10.0,0.0,11.0,10.0,19.0,11.0,32.0,19.0,0.0,32.0,0.0,0.0,0.0,0.0,0.0,0.0,"Mar 17, 2016"
1608,2306114.0,28402.0,Baghdad,Kadhimia,North Al Kadhimia-Al kadraiya,شمال الكاظمية-القادرية,33.4353390746,44.2812695454,98.0,588.0,51.0,0.0,18.0,0.0,0.0,3.0,0.0,0.0,0.0,0.0,0.0,0.0,8.0,0.0,18.0,0.0,0.0,0.0,0.0,31.0,0.0,0.0,0.0,0.0,0.0,0.0,67.0,0.0,0.0,67.0,0.0,0.0,0.0,0.0,0.0,0.0,0.0,0.0,0.0,0.0,5.0,0.0,19.0,5.0,43.0,19.0,31.0,43.0,0.0,31.0,0.0,0.0,0.0,0.0,0.0,0.0,"Mar 17, 2016"
1609,2306115.0,28401.0,Baghdad,Kadhimia,North Al Kadhimia-Tajyat shata Al Taji,شمال الكاظمية-تاجيات شاطئ التاجي,33.4214970743,44.3164265906,211.0,1266.0,91.0,0.0,4.0,0.0,0.0,9.0,0.0,0.0,4.0,0.0,0.0,0.0,17.0,0.0,86.0,0.0,0.0,0.0,0.0,76.0,0.0,0.0,0.0,0.0,0.0,0.0,135.0,0.0,0.0,135.0,0.0,0.0,0.0,0.0,0.0,0.0,0.0,0.0,0.0,0.0,27.0,0.0,8.0,27.0,117.0,8.0,59.0,117.0,0.0,59.0,0.0,0.0,0.0,0.0,0.0,0.0,"Mar 17, 2016"
1610,2306116.0,28400.0,Baghdad,Kadhimia,North Al Kadhimia-Alwan Al Jasim village,شمال الكاظمية-قرية علوان الجاسم,33.4524443654,44.2655086218,120.0,720.0,74.0,0.0,8.0,0.0,0.0,0.0,0.0,0.0,0.0,0.0,0.0,0.0,2.0,0.0,36.0,0.0,0.0,0.0,0.0,26.0,0.0,0.0,0.0,0.0,0.0,0.0,94.0,0.0,0.0,94.0,0.0,0.0,0.0,0.0,0.0,0.0,0.0,0.0,0.0,0.0,0.0,0.0,12.0,0.0,34.0,12.0,74.0,34.0,0.0,74.0,0.0,0.0,0.0,0.0,0.0,0.0,"Mar 17, 2016"
1611,2307001.0,25399.0,Baghdad,Karkh,5 Donam,5 دونم,33.202621,44.468164,23.0,138.0,23.0,0.0,0.0,0.0,0.0,0.0,0.0,0.0,0.0,0.0,0.0,0.0,0.0,0.0,0.0,0.0,0.0,0.0,0.0,18.0,0.0,0.0,0.0,0.0,0.0,0.0,5.0,0.0,0.0,5.0,0.0,0.0,0.0,0.0,0.0,0.0,0.0,0.0,0.0,0.0,0.0,0.0,0.0,0.0,18.0,0.0,5.0,18.0,0.0,5.0,0.0,0.0,0.0,0.0,0.0,0.0,"Mar 17, 2016"
1612,2307002.0,25402.0,Baghdad,Karkh,Abu Dsheer-850,ابو دشير-850,33.2180026783,44.3814343689,90.0,540.0,62.0,0.0,0.0,0.0,0.0,2.0,0.0,0.0,0.0,0.0,0.0,0.0,23.0,0.0,3.0,0.0,0.0,0.0,0.0,50.0,0.0,0.0,0.0,0.0,0.0,0.0,40.0,0.0,0.0,40.0,0.0,0.0,0.0,0.0,0.0,0.0,0.0,0.0,10.0,0.0,21.0,10.0,7.0,21.0,52.0,7.0,0.0,52.0,0.0,0.0,0.0,0.0,0.0,0.0,0.0,0.0,"Mar 17, 2016"
1613,2307003.0,25403.0,Baghdad,Karkh,Abu Dsheer-852,ابو دشير-852,33.208289067,44.3809967802,136.0,816.0,61.0,0.0,11.0,0.0,0.0,0.0,0.0,0.0,1.0,0.0,0.0,0.0,38.0,0.0,25.0,0.0,0.0,0.0,0.0,40.0,0.0,0.0,0.0,0.0,0.0,0.0,96.0,0.0,0.0,96.0,0.0,0.0,0.0,0.0,0.0,0.0,0.0,0.0,22.0,0.0,43.0,22.0,0.0,43.0,67.0,0.0,4.0,67.0,0.0,4.0,0.0,0.0,0.0,0.0,0.0,0.0,"Mar 17, 2016"
1614,2307004.0,25404.0,Baghdad,Karkh,Abu Dsheer-854,ابو دشير-854,33.2181773947,44.3865275714,51.0,306.0,31.0,0.0,0.0,0.0,0.0,0.0,0.0,0.0,2.0,0.0,0.0,0.0,11.0,0.0,7.0,0.0,0.0,0.0,0.0,11.0,0.0,0.0,0.0,0.0,0.0,0.0,40.0,0.0,0.0,40.0,0.0,0.0,0.0,0.0,0.0,0.0,0.0,0.0,8.0,0.0,16.0,8.0,0.0,16.0,16.0,0.0,11.0,16.0,0.0,11.0,0.0,0.0,0.0,0.0,0.0,0.0,"Mar 17, 2016"
1615,2307005.0,24080.0,Baghdad,Karkh,Abu Dsheer-856,ابو دشير-856,33.21430566,44.39265046,113.0,678.0,86.0,0.0,6.0,0.0,0.0,0.0,0.0,0.0,0.0,0.0,0.0,0.0,16.0,0.0,5.0,0.0,0.0,0.0,0.0,76.0,0.0,0.0,0.0,0.0,0.0,0.0,37.0,0.0,0.0,37.0,0.0,0.0,0.0,0.0,0.0,0.0,0.0,0.0,31.0,0.0,10.0,31.0,11.0,10.0,48.0,11.0,13.0,48.0,0.0,13.0,0.0,0.0,0.0,0.0,0.0,0.0,"Mar 17, 2016"
1616,2307006.0,25405.0,Baghdad,Karkh,Abu Dsheer-858,ابو دشير-858,33.2182642498,44.3939067056,30.0,180.0,30.0,0.0,0.0,0.0,0.0,0.0,0.0,0.0,0.0,0.0,0.0,0.0,0.0,0.0,0.0,0.0,0.0,0.0,0.0,20.0,0.0,0.0,0.0,0.0,0.0,0.0,10.0,0.0,0.0,10.0,0.0,0.0,0.0,0.0,0.0,0.0,0.0,0.0,5.0,0.0,0.0,5.0,0.0,0.0,0.0,0.0,25.0,0.0,0.0,25.0,0.0,0.0,0.0,0.0,0.0,0.0,"Mar 17, 2016"
1617,2307007.0,26042.0,Baghdad,Karkh,Al Andulus-611,الاندلس-611,33.3159050258,44.3330578833,143.0,858.0,139.0,0.0,0.0,0.0,0.0,0.0,0.0,0.0,0.0,0.0,0.0,0.0,4.0,0.0,0.0,0.0,0.0,0.0,0.0,123.0,0.0,0.0,0.0,0.0,0.0,0.0,20.0,0.0,0.0,20.0,0.0,0.0,0.0,0.0,0.0,0.0,0.0,0.0,0.0,0.0,0.0,0.0,43.0,0.0,47.0,43.0,53.0,47.0,0.0,53.0,0.0,0.0,0.0,0.0,0.0,0.0,"Mar 17, 2016"
1618,2307008.0,24060.0,Baghdad,Karkh,Al Andulus-617,الاندلس-617,33.3266568349,44.3354214025,224.0,1344.0,224.0,0.0,0.0,0.0,0.0,0.0,0.0,0.0,0.0,0.0,0.0,0.0,0.0,0.0,0.0,0.0,0.0,0.0,0.0,179.0,0.0,0.0,0.0,0.0,0.0,0.0,45.0,0.0,0.0,45.0,0.0,0.0,0.0,0.0,0.0,0.0,0.0,0.0,95.0,0.0,66.0,95.0,0.0,66.0,0.0,0.0,63.0,0.0,0.0,63.0,0.0,0.0,0.0,0.0,0.0,0.0,"Mar 17, 2016"
1619,2307009.0,7515.0,Baghdad,Karkh,Al Bayaa-817,البياع-817,33.2677696713,44.342884726,337.0,2022.0,134.0,0.0,32.0,0.0,0.0,12.0,0.0,0.0,4.0,0.0,0.0,0.0,99.0,0.0,56.0,0.0,0.0,0.0,0.0,110.0,0.0,0.0,0.0,0.0,0.0,0.0,227.0,0.0,0.0,227.0,0.0,0.0,0.0,0.0,0.0,0.0,0.0,0.0,41.0,0.0,71.0,41.0,80.0,71.0,117.0,80.0,28.0,117.0,0.0,28.0,0.0,0.0,0.0,0.0,0.0,0.0,"Mar 17, 2016"
1620,2307010.0,25221.0,Baghdad,Karkh,Al Forat-893,الفرات-893,33.275924219,44.276316133,443.0,2658.0,313.0,0.0,23.0,0.0,0.0,0.0,0.0,0.0,0.0,0.0,0.0,0.0,58.0,0.0,49.0,0.0,0.0,0.0,0.0,261.0,0.0,60.0,0.0,0.0,60.0,0.0,122.0,0.0,0.0,122.0,0.0,0.0,0.0,0.0,0.0,0.0,0.0,0.0,63.0,0.0,55.0,63.0,56.0,55.0,113.0,56.0,156.0,113.0,0.0,156.0,0.0,0.0,0.0,0.0,0.0,0.0,"Mar 17, 2016"
1621,2307011.0,25412.0,Baghdad,Karkh,Al Ghazaliya-649,الغزالية-649,33.3330644952,44.2897862532,305.0,1830.0,275.0,0.0,0.0,0.0,0.0,0.0,0.0,0.0,0.0,0.0,0.0,0.0,0.0,0.0,30.0,0.0,0.0,0.0,0.0,37.0,0.0,0.0,0.0,0.0,0.0,150.0,118.0,150.0,0.0,118.0,0.0,0.0,0.0,0.0,0.0,0.0,0.0,0.0,82.0,0.0,0.0,82.0,20.0,0.0,0.0,20.0,203.0,0.0,0.0,203.0,0.0,0.0,0.0,0.0,0.0,0.0,"Mar 17, 2016"
1622,2307012.0,25413.0,Baghdad,Karkh,Al Ghazaliya-651,الغزالية-651,33.3282715344,44.2811810868,191.0,1146.0,161.0,0.0,0.0,0.0,0.0,0.0,0.0,0.0,0.0,0.0,0.0,0.0,0.0,0.0,30.0,0.0,0.0,0.0,0.0,0.0,0.0,0.0,0.0,0.0,0.0,0.0,191.0,0.0,0.0,191.0,0.0,0.0,0.0,0.0,0.0,0.0,0.0,0.0,59.0,0.0,98.0,59.0,0.0,98.0,29.0,0.0,5.0,29.0,0.0,5.0,0.0,0.0,0.0,0.0,0.0,0.0,"Mar 17, 2016"
1623,2307013.0,25414.0,Baghdad,Karkh,Al Ghazaliya-653,الغزالية-653,33.3378456259,44.2752953312,190.0,1140.0,129.0,0.0,0.0,0.0,0.0,32.0,0.0,0.0,0.0,0.0,0.0,0.0,0.0,0.0,29.0,0.0,0.0,0.0,0.0,14.0,0.0,0.0,0.0,0.0,0.0,0.0,176.0,0.0,0.0,176.0,0.0,0.0,0.0,0.0,0.0,0.0,0.0,0.0,64.0,0.0,42.0,64.0,18.0,42.0,50.0,18.0,16.0,50.0,0.0,16.0,0.0,0.0,0.0,0.0,0.0,0.0,"Mar 17, 2016"
1624,2307014.0,25415.0,Baghdad,Karkh,Al Ghazaliya-655,الغزالية-655,33.3397812423,44.2703382098,496.0,2976.0,280.0,0.0,0.0,0.0,0.0,29.0,0.0,0.0,0.0,0.0,0.0,0.0,63.0,0.0,124.0,0.0,0.0,0.0,0.0,66.0,0.0,0.0,0.0,0.0,0.0,0.0,430.0,0.0,0.0,430.0,0.0,0.0,0.0,0.0,0.0,0.0,0.0,0.0,112.0,0.0,180.0,112.0,60.0,180.0,120.0,60.0,24.0,120.0,0.0,24.0,0.0,0.0,0.0,0.0,0.0,0.0,"Mar 17, 2016"
1625,2307015.0,25411.0,Baghdad,Karkh,Al Ghazaliya-659,الغزالية-659,33.3418839765,44.2840320869,132.0,792.0,109.0,0.0,0.0,0.0,0.0,0.0,0.0,0.0,0.0,0.0,0.0,0.0,0.0,0.0,23.0,0.0,0.0,0.0,0.0,0.0,0.0,0.0,0.0,0.0,0.0,0.0,70.0,0.0,0.0,70.0,0.0,0.0,0.0,0.0,62.0,0.0,0.0,62.0,0.0,0.0,0.0,0.0,0.0,0.0,23.0,0.0,109.0,23.0,0.0,109.0,0.0,0.0,0.0,0.0,0.0,0.0,"Mar 17, 2016"
1626,2307016.0,25410.0,Baghdad,Karkh,Al Ghazaliya-665,الغزالية-665,33.3497179258,44.2695784821,94.0,564.0,86.0,0.0,0.0,0.0,0.0,0.0,0.0,0.0,0.0,0.0,0.0,0.0,0.0,0.0,8.0,0.0,0.0,0.0,0.0,0.0,0.0,0.0,0.0,0.0,0.0,0.0,64.0,0.0,0.0,64.0,0.0,0.0,0.0,0.0,30.0,0.0,0.0,30.0,29.0,0.0,11.0,29.0,0.0,11.0,14.0,0.0,40.0,14.0,0.0,40.0,0.0,0.0,0.0,0.0,0.0,0.0,"Mar 17, 2016"
1627,2307017.0,25409.0,Baghdad,Karkh,Al Ghazaliya-667,الغزالية-667,33.3557805321,44.2726965617,60.0,360.0,60.0,0.0,0.0,0.0,0.0,0.0,0.0,0.0,0.0,0.0,0.0,0.0,0.0,0.0,0.0,0.0,0.0,0.0,0.0,0.0,0.0,0.0,0.0,0.0,0.0,0.0,60.0,0.0,0.0,60.0,0.0,0.0,0.0,0.0,0.0,0.0,0.0,0.0,18.0,0.0,0.0,18.0,0.0,0.0,0.0,0.0,42.0,0.0,0.0,42.0,0.0,0.0,0.0,0.0,0.0,0.0,"Mar 17, 2016"
1628,2307018.0,23734.0,Baghdad,Karkh,Al Ghazaliya-681,الغزالية-681,33.3307527157,44.2774565103,238.0,1428.0,128.0,0.0,86.0,0.0,0.0,24.0,0.0,0.0,0.0,0.0,0.0,0.0,0.0,0.0,0.0,0.0,0.0,0.0,0.0,122.0,0.0,0.0,0.0,0.0,0.0,0.0,101.0,0.0,0.0,101.0,0.0,0.0,0.0,0.0,15.0,0.0,0.0,15.0,132.0,0.0,86.0,132.0,20.0,86.0,0.0,20.0,0.0,0.0,0.0,0.0,0.0,0.0,0.0,0.0,0.0,0.0,"Mar 17, 2016"
1629,2307019.0,25929.0,Baghdad,Karkh,Al Ghazaliyah(sheik Al Janabi)collective center,مجمع(شيخ الجنابي)الغزالية,33.320505,44.257303,375.0,2250.0,375.0,0.0,0.0,0.0,0.0,0.0,0.0,0.0,0.0,0.0,0.0,0.0,0.0,0.0,0.0,0.0,0.0,0.0,0.0,0.0,0.0,375.0,0.0,0.0,375.0,0.0,0.0,0.0,0.0,0.0,0.0,0.0,0.0,0.0,0.0,0.0,0.0,0.0,0.0,0.0,0.0,0.0,0.0,0.0,0.0,0.0,375.0,0.0,0.0,375.0,0.0,0.0,0.0,0.0,0.0,0.0,"Mar 17, 2016"
1630,2307020.0,24065.0,Baghdad,Karkh,Al Ghazaliyah-685,الغزالية-685,33.3317920358,44.2701578363,230.0,1380.0,119.0,0.0,0.0,0.0,0.0,23.0,0.0,0.0,0.0,0.0,0.0,0.0,88.0,0.0,0.0,0.0,0.0,0.0,0.0,111.0,0.0,0.0,0.0,0.0,0.0,0.0,94.0,0.0,0.0,94.0,0.0,0.0,0.0,0.0,25.0,0.0,0.0,25.0,109.0,0.0,111.0,109.0,0.0,111.0,0.0,0.0,10.0,0.0,0.0,10.0,0.0,0.0,0.0,0.0,0.0,0.0,"Mar 17, 2016"
1631,2307025.0,23982.0,Baghdad,Karkh,Al Iskan(Al Masfi)-822,الاسكان-822(المصافي),33.2528837914,44.3820546766,922.0,5532.0,714.0,0.0,0.0,0.0,0.0,0.0,0.0,0.0,0.0,0.0,0.0,0.0,0.0,0.0,208.0,0.0,0.0,0.0,0.0,722.0,0.0,0.0,0.0,0.0,0.0,0.0,200.0,0.0,0.0,200.0,0.0,0.0,0.0,0.0,0.0,0.0,0.0,0.0,114.0,0.0,253.0,114.0,0.0,253.0,172.0,0.0,383.0,172.0,0.0,383.0,0.0,0.0,0.0,0.0,0.0,0.0,"Mar 17, 2016"
1632,2307026.0,23676.0,Baghdad,Karkh,Al Jameah-629,الجامعة-629,33.3208677804,44.3251131443,136.0,816.0,116.0,0.0,0.0,0.0,0.0,0.0,0.0,0.0,0.0,0.0,0.0,0.0,0.0,0.0,20.0,0.0,0.0,0.0,0.0,42.0,0.0,0.0,0.0,0.0,0.0,0.0,94.0,0.0,0.0,94.0,0.0,0.0,0.0,0.0,0.0,0.0,0.0,0.0,0.0,0.0,0.0,0.0,0.0,0.0,35.0,0.0,101.0,35.0,0.0,101.0,0.0,0.0,0.0,0.0,0.0,0.0,"Mar 17, 2016"
1633,2307027.0,23727.0,Baghdad,Karkh,Al Jameah-627,الجامعة-627,33.3101767944,44.3251078431,312.0,1872.0,291.0,0.0,0.0,0.0,0.0,0.0,0.0,0.0,0.0,0.0,0.0,0.0,8.0,0.0,13.0,0.0,0.0,0.0,0.0,94.0,0.0,0.0,0.0,0.0,0.0,0.0,218.0,0.0,0.0,218.0,0.0,0.0,0.0,0.0,0.0,0.0,0.0,0.0,83.0,0.0,8.0,83.0,0.0,8.0,28.0,0.0,193.0,28.0,0.0,193.0,0.0,0.0,0.0,0.0,0.0,0.0,"Mar 17, 2016"
1634,2307028.0,26040.0,Baghdad,Karkh,Al Jameah-631,الجامعة-631,33.3131873896,44.3119284302,649.0,3894.0,606.0,0.0,0.0,0.0,0.0,0.0,0.0,0.0,0.0,0.0,0.0,0.0,25.0,0.0,18.0,0.0,0.0,0.0,0.0,402.0,0.0,0.0,0.0,0.0,0.0,0.0,247.0,0.0,0.0,247.0,0.0,0.0,0.0,0.0,0.0,0.0,0.0,0.0,0.0,0.0,12.0,0.0,0.0,12.0,72.0,0.0,565.0,72.0,0.0,565.0,0.0,0.0,0.0,0.0,0.0,0.0,"Mar 17, 2016"
1635,2307029.0,23730.0,Baghdad,Karkh,Al Jameah-633,الجامعة-633,33.3184209168,44.3195435376,598.0,3588.0,557.0,0.0,12.0,0.0,0.0,21.0,0.0,0.0,0.0,0.0,0.0,0.0,8.0,0.0,0.0,0.0,0.0,0.0,0.0,309.0,0.0,0.0,0.0,0.0,0.0,17.0,272.0,17.0,0.0,272.0,0.0,0.0,0.0,0.0,0.0,0.0,0.0,0.0,98.0,0.0,94.0,98.0,0.0,94.0,223.0,0.0,183.0,223.0,0.0,183.0,0.0,0.0,0.0,0.0,0.0,0.0,"Mar 17, 2016"
1636,2307030.0,26041.0,Baghdad,Karkh,Al Jameah-635,الجامعة 635,33.3269083874,44.3178862737,399.0,2394.0,351.0,0.0,0.0,0.0,0.0,0.0,0.0,0.0,0.0,0.0,0.0,0.0,27.0,0.0,21.0,0.0,0.0,0.0,0.0,108.0,0.0,0.0,0.0,0.0,0.0,0.0,291.0,0.0,0.0,291.0,0.0,0.0,0.0,0.0,0.0,0.0,0.0,0.0,192.0,0.0,0.0,192.0,0.0,0.0,97.0,0.0,110.0,97.0,0.0,110.0,0.0,0.0,0.0,0.0,0.0,0.0,"Mar 17, 2016"
1637,2307031.0,24074.0,Baghdad,Karkh,Al Jamhoriyah(Al Masfi)-838,الجمهورية 838(المصافي),33.2546964603,44.4110503551,506.0,3036.0,468.0,0.0,0.0,0.0,0.0,0.0,0.0,0.0,0.0,0.0,0.0,0.0,0.0,0.0,38.0,0.0,0.0,0.0,0.0,404.0,0.0,0.0,0.0,0.0,0.0,0.0,102.0,0.0,0.0,102.0,0.0,0.0,0.0,0.0,0.0,0.0,0.0,0.0,236.0,0.0,0.0,236.0,42.0,0.0,142.0,42.0,86.0,142.0,0.0,86.0,0.0,0.0,0.0,0.0,0.0,0.0,"Mar 17, 2016"
1638,2307032.0,24076.0,Baghdad,Karkh,Al Jazaer-804,الجزائر-804,33.2577201643,44.3721705094,361.0,2166.0,187.0,0.0,54.0,0.0,0.0,0.0,0.0,0.0,0.0,0.0,0.0,0.0,20.0,0.0,100.0,0.0,0.0,0.0,0.0,185.0,0.0,0.0,0.0,0.0,0.0,0.0,176.0,0.0,0.0,176.0,0.0,0.0,0.0,0.0,0.0,0.0,0.0,0.0,71.0,0.0,59.0,71.0,0.0,59.0,54.0,0.0,177.0,54.0,0.0,177.0,0.0,0.0,0.0,0.0,0.0,0.0,"Mar 17, 2016"
1639,2307033.0,24445.0,Baghdad,Karkh,Al Jazaer-818,الجزائر-818,33.251712442,44.3683068246,217.0,1302.0,74.0,0.0,70.0,0.0,0.0,0.0,0.0,0.0,0.0,0.0,0.0,0.0,0.0,0.0,73.0,0.0,0.0,0.0,0.0,146.0,0.0,0.0,0.0,0.0,0.0,0.0,71.0,0.0,0.0,71.0,0.0,0.0,0.0,0.0,0.0,0.0,0.0,0.0,0.0,0.0,0.0,0.0,29.0,0.0,51.0,29.0,137.0,51.0,0.0,137.0,0.0,0.0,0.0,0.0,0.0,0.0,"Mar 17, 2016"
1640,2307034.0,24446.0,Baghdad,Karkh,Al Jazaer-820,الجزائر-820,33.2526541393,44.3709557583,512.0,3072.0,241.0,0.0,192.0,0.0,0.0,0.0,0.0,0.0,0.0,0.0,0.0,0.0,0.0,0.0,79.0,0.0,0.0,0.0,0.0,365.0,0.0,0.0,0.0,0.0,0.0,0.0,147.0,0.0,0.0,147.0,0.0,0.0,0.0,0.0,0.0,0.0,0.0,0.0,0.0,0.0,0.0,0.0,93.0,0.0,272.0,93.0,147.0,272.0,0.0,147.0,0.0,0.0,0.0,0.0,0.0,0.0,"Mar 17, 2016"
1641,2307035.0,23983.0,Baghdad,Karkh,Al Jazera-808,الجزيرة-808,33.2652011182,44.3962505815,700.0,4200.0,631.0,0.0,14.0,0.0,0.0,13.0,0.0,0.0,0.0,0.0,0.0,0.0,0.0,0.0,42.0,0.0,0.0,0.0,0.0,327.0,0.0,0.0,0.0,0.0,0.0,0.0,373.0,0.0,0.0,373.0,0.0,0.0,0.0,0.0,0.0,0.0,0.0,0.0,160.0,0.0,89.0,160.0,0.0,89.0,86.0,0.0,365.0,86.0,0.0,365.0,0.0,0.0,0.0,0.0,0.0,0.0,"Mar 17, 2016"
1642,2307036.0,25881.0,Baghdad,Karkh,Al Jazera-812,الجزيرة-812,33.2648825341,44.3991232041,75.0,450.0,75.0,0.0,0.0,0.0,0.0,0.0,0.0,0.0,0.0,0.0,0.0,0.0,0.0,0.0,0.0,0.0,0.0,0.0,0.0,20.0,0.0,0.0,0.0,0.0,0.0,0.0,55.0,0.0,0.0,55.0,0.0,0.0,0.0,0.0,0.0,0.0,0.0,0.0,0.0,0.0,0.0,0.0,0.0,0.0,10.0,0.0,65.0,10.0,0.0,65.0,0.0,0.0,0.0,0.0,0.0,0.0,"Mar 17, 2016"
1643,2307037.0,21460.0,Baghdad,Karkh,Al Khadraa-639,الخضراء-639,33.3202050962,44.297554196,397.0,2382.0,346.0,0.0,11.0,0.0,0.0,0.0,0.0,0.0,0.0,0.0,0.0,0.0,0.0,0.0,40.0,0.0,0.0,0.0,0.0,128.0,0.0,0.0,0.0,0.0,0.0,0.0,269.0,0.0,0.0,269.0,0.0,0.0,0.0,0.0,0.0,0.0,0.0,0.0,50.0,0.0,75.0,50.0,0.0,75.0,187.0,0.0,85.0,187.0,0.0,85.0,0.0,0.0,0.0,0.0,0.0,0.0,"Mar 17, 2016"
1644,2307038.0,25206.0,Baghdad,Karkh,Al Khadraa-640,الخضراء-640,33.3234376614,44.2954521371,651.0,3906.0,606.0,0.0,0.0,0.0,0.0,0.0,0.0,0.0,0.0,0.0,0.0,0.0,22.0,0.0,23.0,0.0,0.0,0.0,0.0,133.0,0.0,0.0,0.0,0.0,0.0,0.0,518.0,0.0,0.0,518.0,0.0,0.0,0.0,0.0,0.0,0.0,0.0,0.0,0.0,0.0,22.0,0.0,0.0,22.0,367.0,0.0,262.0,367.0,0.0,262.0,0.0,0.0,0.0,0.0,0.0,0.0,"Mar 17, 2016"
1645,2307039.0,23574.0,Baghdad,Karkh,Al Maalef-843,المعالف-843,33.2235098311,44.3448670102,112.0,672.0,49.0,0.0,0.0,0.0,0.0,14.0,0.0,0.0,0.0,0.0,0.0,0.0,9.0,0.0,40.0,0.0,0.0,0.0,0.0,30.0,0.0,0.0,0.0,0.0,0.0,0.0,82.0,0.0,0.0,82.0,0.0,0.0,0.0,0.0,0.0,0.0,0.0,0.0,0.0,0.0,22.0,0.0,50.0,22.0,0.0,50.0,40.0,0.0,0.0,40.0,0.0,0.0,0.0,0.0,0.0,0.0,"Mar 17, 2016"
1646,2307041.0,23985.0,Baghdad,Karkh,Al Mechanic(Al Hader)-830,الميكانيك-830(الحضر),33.2392502591,44.3928029601,537.0,3222.0,373.0,18.0,0.0,0.0,0.0,0.0,0.0,0.0,0.0,0.0,0.0,0.0,23.0,0.0,123.0,0.0,0.0,0.0,0.0,93.0,0.0,0.0,0.0,0.0,0.0,0.0,444.0,0.0,0.0,444.0,0.0,0.0,0.0,0.0,0.0,0.0,0.0,0.0,167.0,0.0,23.0,167.0,0.0,23.0,251.0,0.0,96.0,251.0,0.0,96.0,0.0,0.0,0.0,0.0,0.0,0.0,"Mar 17, 2016"
1647,2307042.0,24712.0,Baghdad,Karkh,Al Mechanic (Al Hader)-834,الميكانيك-834(الحضر),33.2381723214,44.3998919556,501.0,3006.0,390.0,0.0,83.0,0.0,0.0,0.0,0.0,0.0,0.0,0.0,0.0,0.0,28.0,0.0,0.0,0.0,0.0,0.0,0.0,65.0,0.0,0.0,0.0,0.0,0.0,0.0,436.0,0.0,0.0,436.0,0.0,0.0,0.0,0.0,0.0,0.0,0.0,0.0,0.0,0.0,28.0,0.0,0.0,28.0,414.0,0.0,59.0,414.0,0.0,59.0,0.0,0.0,0.0,0.0,0.0,0.0,"Mar 17, 2016"
1648,2307043.0,25933.0,Baghdad,Karkh,Al Mutanbi-603,المتنبي-603,33.3220432206,44.3581395042,432.0,2592.0,349.0,0.0,12.0,0.0,0.0,0.0,0.0,0.0,0.0,0.0,0.0,0.0,34.0,0.0,37.0,0.0,0.0,0.0,0.0,113.0,0.0,0.0,0.0,0.0,0.0,0.0,319.0,0.0,0.0,319.0,0.0,0.0,0.0,0.0,0.0,0.0,0.0,0.0,0.0,0.0,0.0,0.0,0.0,0.0,138.0,0.0,294.0,138.0,0.0,294.0,0.0,0.0,0.0,0.0,0.0,0.0,"Mar 17, 2016"
1649,2307044.0,25932.0,Baghdad,Karkh,Al Mutanbi-605,المتنبي-605,33.3198152988,44.347270163,189.0,1134.0,138.0,0.0,0.0,0.0,0.0,0.0,0.0,0.0,0.0,0.0,0.0,0.0,29.0,0.0,22.0,0.0,0.0,0.0,0.0,30.0,0.0,0.0,0.0,0.0,0.0,0.0,159.0,0.0,0.0,159.0,0.0,0.0,0.0,0.0,0.0,0.0,0.0,0.0,0.0,0.0,0.0,0.0,22.0,0.0,63.0,22.0,104.0,63.0,0.0,104.0,0.0,0.0,0.0,0.0,0.0,0.0,"Mar 17, 2016"
1650,2307045.0,25934.0,Baghdad,Karkh,Al Mutanbi-607,المتنبي-607,33.3235690591,44.3429266326,157.0,942.0,110.0,0.0,0.0,0.0,0.0,0.0,0.0,0.0,0.0,0.0,0.0,0.0,27.0,0.0,20.0,0.0,0.0,0.0,0.0,38.0,0.0,0.0,0.0,0.0,0.0,0.0,119.0,0.0,0.0,119.0,0.0,0.0,0.0,0.0,0.0,0.0,0.0,0.0,0.0,0.0,0.0,0.0,66.0,0.0,0.0,66.0,91.0,0.0,0.0,91.0,0.0,0.0,0.0,0.0,0.0,0.0,"Mar 17, 2016"
1651,2307046.0,25935.0,Baghdad,Karkh,Al Mutanbi-615,المتنبي-615,33.3269530693,44.3478230661,178.0,1068.0,178.0,0.0,0.0,0.0,0.0,0.0,0.0,0.0,0.0,0.0,0.0,0.0,0.0,0.0,0.0,0.0,0.0,0.0,0.0,67.0,0.0,0.0,0.0,0.0,0.0,0.0,111.0,0.0,0.0,111.0,0.0,0.0,0.0,0.0,0.0,0.0,0.0,0.0,0.0,0.0,0.0,0.0,21.0,0.0,0.0,21.0,157.0,0.0,0.0,157.0,0.0,0.0,0.0,0.0,0.0,0.0,"Mar 17, 2016"
1652,2307047.0,25953.0,Baghdad,Karkh,Al Qadissiya-602,القادسية-602,33.2959295288,44.3545448024,110.0,660.0,77.0,0.0,0.0,0.0,0.0,0.0,0.0,0.0,0.0,0.0,0.0,0.0,12.0,0.0,21.0,0.0,0.0,0.0,0.0,20.0,0.0,0.0,0.0,0.0,0.0,0.0,90.0,0.0,0.0,90.0,0.0,0.0,0.0,0.0,0.0,0.0,0.0,0.0,0.0,0.0,0.0,0.0,12.0,0.0,0.0,12.0,98.0,0.0,0.0,98.0,0.0,0.0,0.0,0.0,0.0,0.0,"Mar 17, 2016"
1653,2307048.0,24064.0,Baghdad,Karkh,Al Qadissiya-604,القادسية-604,33.2872026454,44.3540175531,228.0,1368.0,192.0,0.0,0.0,0.0,0.0,0.0,0.0,0.0,0.0,0.0,0.0,0.0,14.0,0.0,22.0,0.0,0.0,0.0,0.0,47.0,0.0,0.0,0.0,0.0,0.0,0.0,181.0,0.0,0.0,181.0,0.0,0.0,0.0,0.0,0.0,0.0,0.0,0.0,148.0,0.0,0.0,148.0,14.0,0.0,0.0,14.0,66.0,0.0,0.0,66.0,0.0,0.0,0.0,0.0,0.0,0.0,"Mar 17, 2016"
1654,2307049.0,25952.0,Baghdad,Karkh,Al Qadissiya-606,القادسية-606,33.2801239483,44.3543928861,109.0,654.0,74.0,0.0,0.0,0.0,0.0,0.0,0.0,0.0,0.0,0.0,0.0,0.0,17.0,0.0,18.0,0.0,0.0,0.0,0.0,23.0,0.0,0.0,0.0,0.0,0.0,0.0,86.0,0.0,0.0,86.0,0.0,0.0,0.0,0.0,0.0,0.0,0.0,0.0,0.0,0.0,17.0,0.0,0.0,17.0,8.0,0.0,84.0,8.0,0.0,84.0,0.0,0.0,0.0,0.0,0.0,0.0,"Mar 17, 2016"
1655,2307050.0,25951.0,Baghdad,Karkh,Al Raie 861,الري 861,33.2219955373,44.3303134778,359.0,2154.0,113.0,2.0,0.0,0.0,0.0,3.0,0.0,0.0,3.0,0.0,0.0,0.0,90.0,0.0,148.0,0.0,0.0,0.0,0.0,104.0,0.0,0.0,0.0,0.0,0.0,0.0,255.0,0.0,0.0,255.0,0.0,0.0,0.0,0.0,0.0,0.0,0.0,0.0,0.0,0.0,115.0,0.0,0.0,115.0,131.0,0.0,113.0,131.0,0.0,113.0,0.0,0.0,0.0,0.0,0.0,0.0,"Mar 17, 2016"
1656,2307051.0,24447.0,Baghdad,Karkh,Al Resala-851,الرسالة-851,33.2477122238,44.3337405913,133.0,798.0,74.0,0.0,0.0,0.0,0.0,0.0,0.0,0.0,0.0,0.0,0.0,0.0,34.0,0.0,25.0,0.0,0.0,0.0,0.0,35.0,0.0,0.0,0.0,0.0,0.0,0.0,98.0,0.0,0.0,98.0,0.0,0.0,0.0,0.0,0.0,0.0,0.0,0.0,0.0,0.0,31.0,0.0,0.0,31.0,4.0,0.0,98.0,4.0,0.0,98.0,0.0,0.0,0.0,0.0,0.0,0.0,"Mar 17, 2016"
1657,2307053.0,7496.0,Baghdad,Karkh,Al salam-al takia al kasnazania camp,مخيم الكسنزانية,33.2254577,44.36880726,1460.0,8760.0,1050.0,0.0,0.0,0.0,0.0,0.0,0.0,0.0,0.0,0.0,0.0,0.0,0.0,0.0,410.0,0.0,0.0,0.0,0.0,0.0,0.0,1460.0,0.0,0.0,1460.0,0.0,0.0,0.0,0.0,0.0,0.0,0.0,0.0,0.0,0.0,0.0,0.0,0.0,0.0,0.0,0.0,0.0,0.0,0.0,650.0,0.0,810.0,650.0,0.0,810.0,0.0,0.0,0.0,0.0,0.0,0.0,"Mar 17, 2016"
1658,2307054.0,23575.0,Baghdad,Karkh,Al Saydiya-823,السيدية-823,33.2436532546,44.363456639,179.0,1074.0,179.0,0.0,0.0,0.0,0.0,0.0,0.0,0.0,0.0,0.0,0.0,0.0,0.0,0.0,0.0,0.0,0.0,0.0,0.0,19.0,0.0,0.0,0.0,0.0,0.0,30.0,130.0,30.0,0.0,130.0,0.0,0.0,0.0,0.0,0.0,0.0,0.0,0.0,22.0,0.0,0.0,22.0,0.0,0.0,0.0,0.0,157.0,0.0,0.0,157.0,0.0,0.0,0.0,0.0,0.0,0.0,"Mar 17, 2016"
1659,2307055.0,25458.0,Baghdad,Karkh,Al Saydiya-821,السيدية-821,33.2598007622,44.3580880763,429.0,2574.0,327.0,8.0,13.0,0.0,0.0,0.0,0.0,0.0,0.0,0.0,0.0,0.0,50.0,0.0,31.0,0.0,0.0,0.0,0.0,170.0,0.0,0.0,0.0,0.0,0.0,16.0,200.0,16.0,0.0,200.0,0.0,0.0,43.0,0.0,0.0,43.0,0.0,0.0,16.0,0.0,58.0,16.0,5.0,58.0,96.0,5.0,254.0,96.0,0.0,254.0,0.0,0.0,0.0,0.0,0.0,0.0,"Mar 17, 2016"
1660,2307056.0,24081.0,Baghdad,Karkh,Al Saydiya-825,السيدية-825,33.2419278768,44.352992308,272.0,1632.0,185.0,0.0,58.0,0.0,0.0,0.0,0.0,0.0,0.0,0.0,0.0,0.0,29.0,0.0,0.0,0.0,0.0,0.0,0.0,23.0,0.0,0.0,0.0,0.0,0.0,22.0,227.0,22.0,0.0,227.0,0.0,0.0,0.0,0.0,0.0,0.0,0.0,0.0,20.0,0.0,0.0,20.0,29.0,0.0,58.0,29.0,165.0,58.0,0.0,165.0,0.0,0.0,0.0,0.0,0.0,0.0,"Mar 17, 2016"
1661,2307058.0,24120.0,Baghdad,Karkh,Al Shabab-839,الشباب-839,33.232625027,44.3265487103,103.0,618.0,70.0,0.0,4.0,0.0,0.0,6.0,0.0,0.0,2.0,0.0,0.0,0.0,4.0,0.0,17.0,0.0,0.0,0.0,0.0,16.0,0.0,0.0,0.0,0.0,0.0,0.0,87.0,0.0,0.0,87.0,0.0,0.0,0.0,0.0,0.0,0.0,0.0,0.0,23.0,0.0,10.0,23.0,0.0,10.0,0.0,0.0,70.0,0.0,0.0,70.0,0.0,0.0,0.0,0.0,0.0,0.0,"Mar 17, 2016"
1662,2307059.0,23085.0,Baghdad,Karkh,Al Shurta-869,الشرطة-869,33.2421730578,44.3054452317,32.0,192.0,10.0,0.0,0.0,0.0,0.0,0.0,0.0,0.0,0.0,0.0,0.0,0.0,13.0,0.0,9.0,0.0,0.0,0.0,0.0,12.0,0.0,0.0,0.0,0.0,0.0,0.0,20.0,0.0,0.0,20.0,0.0,0.0,0.0,0.0,0.0,0.0,0.0,0.0,2.0,0.0,20.0,2.0,0.0,20.0,10.0,0.0,0.0,10.0,0.0,0.0,0.0,0.0,0.0,0.0,0.0,0.0,"Mar 17, 2016"
1663,2307060.0,23086.0,Baghdad,Karkh,Al Shurta-875,الشرطة-875,33.2507620055,44.3179932234,140.0,840.0,44.0,0.0,3.0,0.0,0.0,0.0,0.0,0.0,2.0,0.0,0.0,0.0,55.0,0.0,36.0,0.0,0.0,0.0,0.0,61.0,0.0,0.0,0.0,0.0,0.0,35.0,44.0,35.0,0.0,44.0,0.0,0.0,0.0,0.0,0.0,0.0,0.0,0.0,7.0,0.0,61.0,7.0,5.0,61.0,35.0,5.0,32.0,35.0,0.0,32.0,0.0,0.0,0.0,0.0,0.0,0.0,"Mar 17, 2016"
1664,2307061.0,24073.0,Baghdad,Karkh,Shurtah Al Hader-846,شرطة الحضر-846,33.2423107799,44.4077187188,182.0,1092.0,27.0,64.0,58.0,0.0,0.0,22.0,0.0,0.0,0.0,0.0,0.0,0.0,0.0,0.0,11.0,0.0,0.0,0.0,0.0,174.0,0.0,0.0,0.0,0.0,0.0,0.0,8.0,0.0,0.0,8.0,0.0,0.0,0.0,0.0,0.0,0.0,0.0,0.0,46.0,0.0,33.0,46.0,89.0,33.0,14.0,89.0,0.0,14.0,0.0,0.0,0.0,0.0,0.0,0.0,0.0,0.0,"Mar 17, 2016"
1665,2307062.0,25459.0,Baghdad,Karkh,Al Shurtah-867,الشرطة-867,33.2415590164,44.3122482265,158.0,948.0,113.0,0.0,4.0,0.0,0.0,2.0,0.0,0.0,0.0,0.0,0.0,0.0,21.0,0.0,18.0,0.0,0.0,0.0,0.0,78.0,0.0,0.0,0.0,0.0,0.0,0.0,80.0,0.0,0.0,80.0,0.0,0.0,0.0,0.0,0.0,0.0,0.0,0.0,32.0,0.0,31.0,32.0,3.0,31.0,52.0,3.0,40.0,52.0,0.0,40.0,0.0,0.0,0.0,0.0,0.0,0.0,"Mar 17, 2016"
1666,2307063.0,23984.0,Baghdad,Karkh,Al Toma(Al Masfi)-826,الطعمة-826(المصافي),33.2492277263,44.3937489793,937.0,5622.0,793.0,0.0,0.0,0.0,0.0,0.0,0.0,0.0,0.0,0.0,0.0,0.0,0.0,0.0,144.0,0.0,0.0,0.0,0.0,237.0,0.0,0.0,0.0,0.0,0.0,0.0,700.0,0.0,0.0,700.0,0.0,0.0,0.0,0.0,0.0,0.0,0.0,0.0,304.0,0.0,98.0,304.0,63.0,98.0,176.0,63.0,296.0,176.0,0.0,296.0,0.0,0.0,0.0,0.0,0.0,0.0,"Mar 17, 2016"
1667,2307064.0,23986.0,Baghdad,Karkh,Al Wadi(Al Masfi)-824,الوادي-824(المصافي),33.2504192941,44.3902503662,1112.0,6672.0,1020.0,0.0,0.0,0.0,0.0,13.0,0.0,0.0,0.0,0.0,0.0,0.0,0.0,0.0,79.0,0.0,0.0,0.0,0.0,644.0,0.0,0.0,0.0,0.0,0.0,0.0,427.0,0.0,0.0,427.0,0.0,0.0,0.0,0.0,41.0,0.0,0.0,41.0,772.0,0.0,88.0,772.0,0.0,88.0,0.0,0.0,252.0,0.0,0.0,252.0,0.0,0.0,0.0,0.0,0.0,0.0,"Mar 17, 2016"
1668,2307066.0,24986.0,Baghdad,Karkh,Al Yarmok-614,اليرموك-614,33.291414059,44.3307052028,290.0,1740.0,270.0,0.0,0.0,0.0,0.0,0.0,0.0,0.0,0.0,0.0,0.0,0.0,20.0,0.0,0.0,0.0,0.0,0.0,0.0,45.0,0.0,0.0,0.0,0.0,0.0,80.0,165.0,80.0,0.0,165.0,0.0,0.0,0.0,0.0,0.0,0.0,0.0,0.0,0.0,0.0,0.0,0.0,20.0,0.0,165.0,20.0,105.0,165.0,0.0,105.0,0.0,0.0,0.0,0.0,0.0,0.0,"Mar 17, 2016"
1669,2307067.0,24987.0,Baghdad,Karkh,Al Yarmouk-608,اليرموك-608,33.3020514485,44.3487832801,264.0,1584.0,202.0,4.0,0.0,0.0,0.0,0.0,0.0,0.0,0.0,0.0,0.0,0.0,31.0,0.0,27.0,0.0,0.0,0.0,0.0,63.0,0.0,0.0,0.0,0.0,0.0,0.0,201.0,0.0,0.0,201.0,0.0,0.0,0.0,0.0,0.0,0.0,0.0,0.0,0.0,0.0,10.0,0.0,22.0,10.0,49.0,22.0,183.0,49.0,0.0,183.0,0.0,0.0,0.0,0.0,0.0,0.0,"Mar 17, 2016"
1670,2307068.0,24062.0,Baghdad,Karkh,Al Yarmouk-610,اليرموك-610,33.2974938145,44.3455989594,244.0,1464.0,212.0,0.0,0.0,0.0,0.0,3.0,0.0,0.0,0.0,0.0,0.0,0.0,15.0,0.0,14.0,0.0,0.0,0.0,0.0,98.0,0.0,0.0,0.0,0.0,0.0,0.0,146.0,0.0,0.0,146.0,0.0,0.0,0.0,0.0,0.0,0.0,0.0,0.0,90.0,0.0,0.0,90.0,20.0,0.0,34.0,20.0,100.0,34.0,0.0,100.0,0.0,0.0,0.0,0.0,0.0,0.0,"Mar 17, 2016"
1671,2307069.0,24072.0,Baghdad,Karkh,Al Yarmouk-612,اليرموك-612,33.2954800363,44.3304061972,286.0,1716.0,217.0,0.0,0.0,0.0,0.0,0.0,0.0,0.0,0.0,0.0,0.0,0.0,35.0,0.0,34.0,0.0,0.0,0.0,0.0,101.0,0.0,0.0,0.0,0.0,0.0,31.0,154.0,31.0,0.0,154.0,0.0,0.0,0.0,0.0,0.0,0.0,0.0,0.0,98.0,0.0,0.0,98.0,35.0,0.0,29.0,35.0,124.0,29.0,0.0,124.0,0.0,0.0,0.0,0.0,0.0,0.0,"Mar 17, 2016"
1672,2307070.0,24059.0,Baghdad,Karkh,Al Yarmouk-616,اليرموك-616,33.2985078006,44.3312781265,252.0,1512.0,191.0,2.0,0.0,0.0,0.0,8.0,0.0,0.0,0.0,0.0,0.0,0.0,33.0,0.0,18.0,0.0,0.0,0.0,0.0,86.0,0.0,0.0,0.0,0.0,0.0,0.0,166.0,0.0,0.0,166.0,0.0,0.0,0.0,0.0,0.0,0.0,0.0,0.0,120.0,0.0,0.0,120.0,12.0,0.0,36.0,12.0,84.0,36.0,0.0,84.0,0.0,0.0,0.0,0.0,0.0,0.0,"Mar 17, 2016"
1673,2307071.0,24077.0,Baghdad,Karkh,Al Jazera-806,الجزيرة-806,33.2576072398,44.3880678466,70.0,420.0,70.0,0.0,0.0,0.0,0.0,0.0,0.0,0.0,0.0,0.0,0.0,0.0,0.0,0.0,0.0,0.0,0.0,0.0,0.0,12.0,0.0,0.0,0.0,0.0,0.0,19.0,39.0,19.0,0.0,39.0,0.0,0.0,0.0,0.0,0.0,0.0,0.0,0.0,21.0,0.0,0.0,21.0,0.0,0.0,30.0,0.0,19.0,30.0,0.0,19.0,0.0,0.0,0.0,0.0,0.0,0.0,"Mar 17, 2016"
1674,2307073.0,7584.0,Baghdad,Karkh,Albo_Aitha,البو عيثا,33.2413404954,44.4359270465,123.0,738.0,62.0,0.0,44.0,0.0,0.0,0.0,0.0,0.0,0.0,0.0,0.0,0.0,7.0,0.0,10.0,0.0,0.0,0.0,0.0,123.0,0.0,0.0,0.0,0.0,0.0,0.0,0.0,0.0,0.0,0.0,0.0,0.0,0.0,0.0,0.0,0.0,0.0,0.0,18.0,0.0,65.0,18.0,0.0,65.0,20.0,0.0,20.0,20.0,0.0,20.0,0.0,0.0,0.0,0.0,0.0,0.0,"Mar 17, 2016"
1675,2307074.0,25201.0,Baghdad,Karkh,Al-Iskan 623,الاسكان-623,33.335925442,44.3333501299,41.0,246.0,22.0,0.0,0.0,0.0,0.0,7.0,0.0,0.0,0.0,0.0,0.0,0.0,0.0,0.0,12.0,0.0,0.0,0.0,0.0,0.0,0.0,0.0,0.0,0.0,0.0,0.0,41.0,0.0,0.0,41.0,0.0,0.0,0.0,0.0,0.0,0.0,0.0,0.0,24.0,0.0,0.0,24.0,7.0,0.0,10.0,7.0,0.0,10.0,0.0,0.0,0.0,0.0,0.0,0.0,0.0,0.0,"Mar 17, 2016"
1676,2307075.0,25202.0,Baghdad,Karkh,Al-Iskan-625,الاسكان-625,33.3399488958,44.3340545313,30.0,180.0,19.0,0.0,0.0,0.0,0.0,0.0,0.0,0.0,0.0,0.0,0.0,0.0,0.0,0.0,11.0,0.0,0.0,0.0,0.0,11.0,0.0,0.0,0.0,0.0,0.0,0.0,19.0,0.0,0.0,19.0,0.0,0.0,0.0,0.0,0.0,0.0,0.0,0.0,0.0,0.0,0.0,0.0,0.0,0.0,11.0,0.0,19.0,11.0,0.0,19.0,0.0,0.0,0.0,0.0,0.0,0.0,"Mar 17, 2016"
1677,2307076.0,25931.0,Baghdad,Karkh,Al-Mansour-601,حي المنصور-601,33.3079466155,44.3531678436,220.0,1320.0,206.0,0.0,0.0,0.0,0.0,0.0,0.0,0.0,0.0,0.0,0.0,0.0,14.0,0.0,0.0,0.0,0.0,0.0,0.0,45.0,0.0,0.0,0.0,0.0,0.0,0.0,175.0,0.0,0.0,175.0,0.0,0.0,0.0,0.0,0.0,0.0,0.0,0.0,0.0,0.0,0.0,0.0,47.0,0.0,8.0,47.0,165.0,8.0,0.0,165.0,0.0,0.0,0.0,0.0,0.0,0.0,"Mar 17, 2016"
1678,2307077.0,25930.0,Baghdad,Karkh,Al-Mansour-609,حي المنصور-609,33.315591643,44.3420545354,193.0,1158.0,181.0,0.0,0.0,0.0,0.0,0.0,0.0,0.0,0.0,0.0,0.0,0.0,12.0,0.0,0.0,0.0,0.0,0.0,0.0,15.0,0.0,0.0,0.0,0.0,0.0,0.0,178.0,0.0,0.0,178.0,0.0,0.0,0.0,0.0,0.0,0.0,0.0,0.0,0.0,0.0,43.0,0.0,12.0,43.0,44.0,12.0,94.0,44.0,0.0,94.0,0.0,0.0,0.0,0.0,0.0,0.0,"Mar 17, 2016"
1679,2307082.0,25773.0,Baghdad,Karkh,Al Jameaa Camp,مخيم الجامعة,33.311239,44.315817,115.0,690.0,115.0,0.0,0.0,0.0,0.0,0.0,0.0,0.0,0.0,0.0,0.0,0.0,0.0,0.0,0.0,0.0,0.0,0.0,115.0,0.0,0.0,0.0,0.0,0.0,0.0,0.0,0.0,0.0,0.0,0.0,0.0,0.0,0.0,0.0,0.0,0.0,0.0,0.0,0.0,0.0,0.0,0.0,0.0,0.0,0.0,0.0,115.0,0.0,0.0,115.0,0.0,0.0,0.0,0.0,0.0,0.0,"Mar 17, 2016"
1680,2307084.0,25774.0,Baghdad,Karkh,Kadhraa Camp,مخيم الخضراء,33.3175163991,44.2911718443,145.0,870.0,145.0,0.0,0.0,0.0,0.0,0.0,0.0,0.0,0.0,0.0,0.0,0.0,0.0,0.0,0.0,0.0,0.0,0.0,145.0,0.0,0.0,0.0,0.0,0.0,0.0,0.0,0.0,0.0,0.0,0.0,0.0,0.0,0.0,0.0,0.0,0.0,0.0,0.0,0.0,0.0,0.0,0.0,0.0,0.0,0.0,0.0,145.0,0.0,0.0,145.0,0.0,0.0,0.0,0.0,0.0,0.0,"Mar 17, 2016"
1681,2307088.0,24755.0,Baghdad,Karkh,Al-Masafi-Mahala 838,المصافي -838 ( المصافي ),33.25364,44.41076,117.0,702.0,90.0,0.0,0.0,0.0,0.0,0.0,0.0,0.0,0.0,0.0,0.0,0.0,15.0,0.0,12.0,0.0,0.0,0.0,0.0,30.0,0.0,0.0,0.0,0.0,0.0,0.0,87.0,0.0,0.0,87.0,0.0,0.0,0.0,0.0,0.0,0.0,0.0,0.0,15.0,0.0,0.0,15.0,0.0,0.0,12.0,0.0,90.0,12.0,0.0,90.0,0.0,0.0,0.0,0.0,0.0,0.0,"Mar 17, 2016"
1682,2307093.0,7587.0,Baghdad,Karkh,Al Radwania,منطقة الرضوانية,33.1460112085,44.2994201253,1177.0,7062.0,1030.0,0.0,147.0,0.0,0.0,0.0,0.0,0.0,0.0,0.0,0.0,0.0,0.0,0.0,0.0,0.0,0.0,0.0,0.0,500.0,0.0,0.0,0.0,0.0,0.0,0.0,677.0,0.0,0.0,677.0,0.0,0.0,0.0,0.0,0.0,0.0,0.0,0.0,0.0,0.0,400.0,0.0,0.0,400.0,0.0,0.0,777.0,0.0,0.0,777.0,0.0,0.0,0.0,0.0,0.0,0.0,"Mar 17, 2016"
1683,2307096.0,25830.0,Baghdad,Karkh,Al Shurta-857,الشرطة-857,33.2436780542,44.3131639696,116.0,696.0,72.0,0.0,0.0,0.0,0.0,6.0,0.0,0.0,0.0,0.0,0.0,0.0,16.0,0.0,22.0,0.0,0.0,0.0,0.0,52.0,0.0,0.0,0.0,0.0,0.0,0.0,64.0,0.0,0.0,64.0,0.0,0.0,0.0,0.0,0.0,0.0,0.0,0.0,15.0,0.0,25.0,15.0,8.0,25.0,21.0,8.0,47.0,21.0,0.0,47.0,0.0,0.0,0.0,0.0,0.0,0.0,"Mar 17, 2016"
1684,2307097.0,21451.0,Baghdad,Karkh,Al Amerya-632,العامرية-632,33.2956175011,44.2963060806,682.0,4092.0,682.0,0.0,0.0,0.0,0.0,0.0,0.0,0.0,0.0,0.0,0.0,0.0,0.0,0.0,0.0,0.0,0.0,0.0,0.0,208.0,0.0,0.0,0.0,0.0,0.0,9.0,465.0,9.0,0.0,465.0,0.0,0.0,0.0,0.0,0.0,0.0,0.0,0.0,0.0,0.0,0.0,0.0,0.0,0.0,0.0,0.0,682.0,0.0,0.0,682.0,0.0,0.0,0.0,0.0,0.0,0.0,"Mar 17, 2016"
1685,2307098.0,21450.0,Baghdad,Karkh,Al Amerya-634,العامرية-634,33.2914412841,44.2951337663,650.0,3900.0,650.0,0.0,0.0,0.0,0.0,0.0,0.0,0.0,0.0,0.0,0.0,0.0,0.0,0.0,0.0,0.0,0.0,0.0,0.0,197.0,0.0,0.0,0.0,0.0,0.0,0.0,453.0,0.0,0.0,453.0,0.0,0.0,0.0,0.0,0.0,0.0,0.0,0.0,0.0,0.0,0.0,0.0,0.0,0.0,12.0,0.0,638.0,12.0,0.0,638.0,0.0,0.0,0.0,0.0,0.0,0.0,"Mar 17, 2016"
1686,2307099.0,21452.0,Baghdad,Karkh,Al Amerya-636,العامرية-636,33.2984479401,44.2799022216,949.0,5694.0,894.0,0.0,0.0,0.0,0.0,0.0,0.0,0.0,0.0,0.0,0.0,0.0,0.0,0.0,55.0,0.0,0.0,0.0,0.0,301.0,0.0,0.0,0.0,0.0,0.0,0.0,648.0,0.0,0.0,648.0,0.0,0.0,0.0,0.0,0.0,0.0,0.0,0.0,272.0,0.0,138.0,272.0,0.0,138.0,0.0,0.0,539.0,0.0,0.0,539.0,0.0,0.0,0.0,0.0,0.0,0.0,"Mar 17, 2016"
1687,2307100.0,21449.0,Baghdad,Karkh,Al Amerya-638,العامرية-638,33.294111887,44.2864785899,859.0,5154.0,835.0,0.0,0.0,0.0,0.0,0.0,0.0,0.0,0.0,0.0,0.0,0.0,24.0,0.0,0.0,0.0,0.0,0.0,0.0,268.0,0.0,0.0,0.0,0.0,0.0,0.0,591.0,0.0,0.0,591.0,0.0,0.0,0.0,0.0,0.0,0.0,0.0,0.0,182.0,0.0,37.0,182.0,0.0,37.0,25.0,0.0,615.0,25.0,0.0,615.0,0.0,0.0,0.0,0.0,0.0,0.0,"Mar 17, 2016"
1688,2307101.0,21446.0,Baghdad,Karkh,Al Amreya-628,العامرية-628,33.2955886966,44.3055589668,570.0,3420.0,491.0,0.0,0.0,0.0,0.0,0.0,0.0,0.0,0.0,0.0,0.0,0.0,21.0,0.0,58.0,0.0,0.0,0.0,0.0,194.0,0.0,0.0,0.0,0.0,0.0,0.0,376.0,0.0,0.0,376.0,0.0,0.0,0.0,0.0,0.0,0.0,0.0,0.0,152.0,0.0,189.0,152.0,0.0,189.0,13.0,0.0,216.0,13.0,0.0,216.0,0.0,0.0,0.0,0.0,0.0,0.0,"Mar 17, 2016"
1689,2307102.0,21448.0,Baghdad,Karkh,Al Amreya-630,العامرية-630,33.3016733065,44.2939972671,674.0,4044.0,627.0,0.0,0.0,0.0,0.0,0.0,0.0,0.0,0.0,0.0,0.0,0.0,0.0,0.0,47.0,0.0,0.0,0.0,0.0,194.0,0.0,0.0,0.0,0.0,0.0,0.0,480.0,0.0,0.0,480.0,0.0,0.0,0.0,0.0,0.0,0.0,0.0,0.0,199.0,0.0,0.0,199.0,0.0,0.0,64.0,0.0,411.0,64.0,0.0,411.0,0.0,0.0,0.0,0.0,0.0,0.0,"Mar 17, 2016"
1690,2307103.0,24078.0,Baghdad,Karkh,Asia(Al Hader)-836,اسيا-836(الحضر),33.2389283811,44.404101853,70.0,420.0,59.0,0.0,0.0,0.0,0.0,11.0,0.0,0.0,0.0,0.0,0.0,0.0,0.0,0.0,0.0,0.0,0.0,0.0,0.0,58.0,0.0,0.0,0.0,0.0,0.0,0.0,12.0,0.0,0.0,12.0,0.0,0.0,0.0,0.0,0.0,0.0,0.0,0.0,54.0,0.0,16.0,54.0,0.0,16.0,0.0,0.0,0.0,0.0,0.0,0.0,0.0,0.0,0.0,0.0,0.0,0.0,"Mar 17, 2016"
1691,2307104.0,25772.0,Baghdad,Karkh,Dora Center(Dora-Asia camp),مخيم الدورة(الامل المنشود),33.24107963,44.40777517,122.0,732.0,121.0,0.0,0.0,0.0,0.0,0.0,0.0,0.0,0.0,0.0,0.0,0.0,1.0,0.0,0.0,0.0,0.0,0.0,122.0,0.0,0.0,0.0,0.0,0.0,0.0,0.0,0.0,0.0,0.0,0.0,0.0,0.0,0.0,0.0,0.0,0.0,0.0,0.0,0.0,0.0,0.0,0.0,1.0,0.0,0.0,1.0,121.0,0.0,0.0,121.0,0.0,0.0,0.0,0.0,0.0,0.0,"Mar 17, 2016"
1692,2307105.0,23733.0,Baghdad,Karkh,Arab jbor,عرب جبور,33.1947439573,44.4708920904,136.0,816.0,58.0,0.0,72.0,0.0,0.0,0.0,0.0,0.0,0.0,0.0,0.0,0.0,0.0,0.0,6.0,0.0,0.0,0.0,0.0,83.0,0.0,0.0,0.0,0.0,0.0,0.0,47.0,0.0,0.0,47.0,0.0,0.0,0.0,0.0,6.0,0.0,0.0,6.0,19.0,0.0,0.0,19.0,6.0,0.0,72.0,6.0,39.0,72.0,0.0,39.0,0.0,0.0,0.0,0.0,0.0,0.0,"Mar 17, 2016"
1693,2307107.0,26039.0,Baghdad,Karkh,Hateen-620,حطين-620,33.3002923599,44.3218758551,297.0,1782.0,229.0,0.0,0.0,0.0,0.0,0.0,0.0,0.0,0.0,0.0,0.0,0.0,0.0,0.0,68.0,0.0,0.0,0.0,0.0,68.0,0.0,0.0,0.0,0.0,0.0,0.0,229.0,0.0,0.0,229.0,0.0,0.0,0.0,0.0,0.0,0.0,0.0,0.0,0.0,0.0,0.0,0.0,111.0,0.0,29.0,111.0,157.0,29.0,0.0,157.0,0.0,0.0,0.0,0.0,0.0,0.0,"Mar 17, 2016"
1694,2307108.0,26038.0,Baghdad,Karkh,Hateen-622,حطين-622,33.3031046247,44.3179630472,260.0,1560.0,223.0,0.0,0.0,0.0,0.0,0.0,0.0,0.0,0.0,0.0,0.0,0.0,4.0,0.0,33.0,0.0,0.0,0.0,0.0,45.0,0.0,0.0,0.0,0.0,0.0,0.0,215.0,0.0,0.0,215.0,0.0,0.0,0.0,0.0,0.0,0.0,0.0,0.0,0.0,0.0,63.0,0.0,0.0,63.0,37.0,0.0,160.0,37.0,0.0,160.0,0.0,0.0,0.0,0.0,0.0,0.0,"Mar 17, 2016"
1695,2307109.0,24066.0,Baghdad,Karkh,Hay Al Adil-647,حي العدل-647,33.3367501756,44.3149413266,302.0,1812.0,229.0,0.0,0.0,0.0,0.0,0.0,0.0,0.0,0.0,0.0,0.0,0.0,37.0,0.0,36.0,0.0,0.0,0.0,0.0,113.0,0.0,0.0,0.0,0.0,0.0,0.0,189.0,0.0,0.0,189.0,0.0,0.0,0.0,0.0,0.0,0.0,0.0,0.0,78.0,0.0,37.0,78.0,36.0,37.0,15.0,36.0,136.0,15.0,0.0,136.0,0.0,0.0,0.0,0.0,0.0,0.0,"Mar 17, 2016"
1696,2307110.0,24067.0,Baghdad,Karkh,Hay Al Adil-657,حي العدل-657,33.3310259448,44.3122030124,317.0,1902.0,275.0,0.0,0.0,0.0,0.0,0.0,0.0,0.0,0.0,0.0,0.0,0.0,42.0,0.0,0.0,0.0,0.0,0.0,0.0,55.0,0.0,0.0,0.0,0.0,0.0,0.0,262.0,0.0,0.0,262.0,0.0,0.0,0.0,0.0,0.0,0.0,0.0,0.0,117.0,0.0,0.0,117.0,0.0,0.0,61.0,0.0,139.0,61.0,0.0,139.0,0.0,0.0,0.0,0.0,0.0,0.0,"Mar 17, 2016"
1697,2307111.0,23506.0,Baghdad,Karkh,Hay Al Amel-805,حي العامل-805,33.2826317141,44.3385534224,90.0,540.0,45.0,0.0,5.0,0.0,0.0,0.0,0.0,0.0,2.0,0.0,0.0,0.0,38.0,0.0,0.0,0.0,0.0,0.0,0.0,6.0,0.0,0.0,0.0,0.0,0.0,0.0,84.0,0.0,0.0,84.0,0.0,0.0,0.0,0.0,0.0,0.0,0.0,0.0,15.0,0.0,42.0,15.0,18.0,42.0,15.0,18.0,0.0,15.0,0.0,0.0,0.0,0.0,0.0,0.0,0.0,0.0,"Mar 17, 2016"
1698,2307112.0,23507.0,Baghdad,Karkh,Hay Al Amel-811,حي العامل-811,33.2728687562,44.3234428566,40.0,240.0,20.0,0.0,0.0,0.0,0.0,0.0,0.0,0.0,0.0,0.0,0.0,0.0,11.0,0.0,9.0,0.0,0.0,0.0,0.0,0.0,0.0,0.0,0.0,0.0,0.0,0.0,40.0,0.0,0.0,40.0,0.0,0.0,0.0,0.0,0.0,0.0,0.0,0.0,12.0,0.0,0.0,12.0,6.0,0.0,22.0,6.0,0.0,22.0,0.0,0.0,0.0,0.0,0.0,0.0,0.0,0.0,"Mar 17, 2016"
1699,2307113.0,23284.0,Baghdad,Karkh,Hay Al Amil-803,حي العامل-803,33.28712403,44.3245319755,122.0,732.0,30.0,0.0,8.0,0.0,0.0,7.0,0.0,0.0,2.0,0.0,0.0,0.0,44.0,0.0,31.0,0.0,0.0,0.0,0.0,38.0,0.0,0.0,0.0,0.0,0.0,0.0,84.0,0.0,0.0,84.0,0.0,0.0,0.0,0.0,0.0,0.0,0.0,0.0,62.0,0.0,60.0,62.0,0.0,60.0,0.0,0.0,0.0,0.0,0.0,0.0,0.0,0.0,0.0,0.0,0.0,0.0,"Mar 17, 2016"
1700,2307114.0,25203.0,Baghdad,Karkh,Hay Al Amil-807,حي العامل-807,33.2813373487,44.3205338521,51.0,306.0,4.0,0.0,9.0,0.0,0.0,0.0,0.0,0.0,0.0,0.0,0.0,0.0,38.0,0.0,0.0,0.0,0.0,0.0,0.0,0.0,0.0,0.0,0.0,0.0,0.0,0.0,51.0,0.0,0.0,51.0,0.0,0.0,0.0,0.0,0.0,0.0,0.0,0.0,4.0,0.0,4.0,4.0,0.0,4.0,43.0,0.0,0.0,43.0,0.0,0.0,0.0,0.0,0.0,0.0,0.0,0.0,"Mar 17, 2016"
1701,2307115.0,25204.0,Baghdad,Karkh,Hay Al Amil-809,حي العامل-809,33.276003292,44.3315159292,98.0,588.0,35.0,0.0,0.0,0.0,0.0,0.0,0.0,0.0,0.0,0.0,0.0,0.0,55.0,0.0,8.0,0.0,0.0,0.0,0.0,11.0,0.0,0.0,0.0,0.0,0.0,0.0,87.0,0.0,0.0,87.0,0.0,0.0,0.0,0.0,0.0,0.0,0.0,0.0,38.0,0.0,0.0,38.0,60.0,0.0,0.0,60.0,0.0,0.0,0.0,0.0,0.0,0.0,0.0,0.0,0.0,0.0,"Mar 17, 2016"
1702,2307116.0,23285.0,Baghdad,Karkh,Hay Al Amil-813,حي العامل-813,33.27245786,44.3324875338,67.0,402.0,38.0,0.0,0.0,0.0,0.0,0.0,0.0,0.0,0.0,0.0,0.0,0.0,19.0,0.0,10.0,0.0,0.0,0.0,0.0,0.0,0.0,0.0,0.0,0.0,0.0,0.0,67.0,0.0,0.0,67.0,0.0,0.0,0.0,0.0,0.0,0.0,0.0,0.0,20.0,0.0,0.0,20.0,0.0,0.0,13.0,0.0,34.0,13.0,0.0,34.0,0.0,0.0,0.0,0.0,0.0,0.0,"Mar 17, 2016"
1703,2307117.0,25205.0,Baghdad,Karkh,Hay Al Amil-815,حي العامل-815,33.2710341458,44.3341590051,28.0,168.0,14.0,0.0,3.0,0.0,0.0,0.0,0.0,0.0,0.0,0.0,0.0,0.0,5.0,0.0,6.0,0.0,0.0,0.0,0.0,0.0,0.0,0.0,0.0,0.0,0.0,0.0,28.0,0.0,0.0,28.0,0.0,0.0,0.0,0.0,0.0,0.0,0.0,0.0,0.0,0.0,0.0,0.0,0.0,0.0,8.0,0.0,20.0,8.0,0.0,20.0,0.0,0.0,0.0,0.0,0.0,0.0,"Mar 17, 2016"
1704,2307118.0,7640.0,Baghdad,Karkh,Hay al jamiyah (Al Masfi)-842,حي الجمعية-842(المصافي),33.2524812721,44.4233382815,308.0,1848.0,238.0,0.0,0.0,0.0,0.0,0.0,0.0,0.0,0.0,0.0,0.0,0.0,0.0,0.0,70.0,0.0,0.0,0.0,0.0,97.0,0.0,0.0,0.0,0.0,0.0,0.0,211.0,0.0,0.0,211.0,0.0,0.0,0.0,0.0,0.0,0.0,0.0,0.0,160.0,0.0,45.0,160.0,0.0,45.0,93.0,0.0,10.0,93.0,0.0,10.0,0.0,0.0,0.0,0.0,0.0,0.0,"Mar 17, 2016"
1705,2307120.0,23325.0,Baghdad,Karkh,Al Shurta-865,الشرطة-865,33.2382902514,44.3143260701,110.0,660.0,48.0,0.0,0.0,0.0,0.0,0.0,0.0,0.0,0.0,0.0,0.0,0.0,34.0,0.0,28.0,0.0,0.0,0.0,0.0,46.0,0.0,0.0,0.0,0.0,0.0,6.0,58.0,6.0,0.0,58.0,0.0,0.0,0.0,0.0,0.0,0.0,0.0,0.0,9.0,0.0,29.0,9.0,20.0,29.0,15.0,20.0,37.0,15.0,0.0,37.0,0.0,0.0,0.0,0.0,0.0,0.0,"Mar 17, 2016"
1706,2307121.0,24079.0,Baghdad,Karkh,Al Zahraa(Al Hader)-848,الزهراء-848(الحضر),33.23861,44.38296,18.0,108.0,18.0,0.0,0.0,0.0,0.0,0.0,0.0,0.0,0.0,0.0,0.0,0.0,0.0,0.0,0.0,0.0,0.0,0.0,0.0,18.0,0.0,0.0,0.0,0.0,0.0,0.0,0.0,0.0,0.0,0.0,0.0,0.0,0.0,0.0,0.0,0.0,0.0,0.0,18.0,0.0,0.0,18.0,0.0,0.0,0.0,0.0,0.0,0.0,0.0,0.0,0.0,0.0,0.0,0.0,0.0,0.0,"Mar 17, 2016"
1707,2307122.0,7583.0,Baghdad,Karkh,Hoor Rajab,هور رجب,33.1938163157,44.414573664,222.0,1332.0,144.0,0.0,53.0,0.0,0.0,4.0,0.0,0.0,0.0,0.0,0.0,0.0,0.0,0.0,21.0,0.0,0.0,0.0,0.0,138.0,0.0,0.0,0.0,0.0,0.0,7.0,17.0,7.0,0.0,17.0,0.0,0.0,0.0,0.0,60.0,0.0,0.0,60.0,8.0,0.0,77.0,8.0,0.0,77.0,53.0,0.0,84.0,53.0,0.0,84.0,0.0,0.0,0.0,0.0,0.0,0.0,"Mar 17, 2016"
1708,2307124.0,21745.0,Baghdad,Karkh,Al Karkh-212,الكرخ-212,33.3390359335,44.3848340864,195.0,1170.0,165.0,0.0,0.0,0.0,0.0,3.0,0.0,0.0,0.0,0.0,0.0,0.0,10.0,0.0,17.0,0.0,0.0,0.0,0.0,32.0,0.0,0.0,0.0,0.0,0.0,15.0,102.0,15.0,0.0,102.0,0.0,0.0,46.0,0.0,0.0,46.0,0.0,0.0,0.0,0.0,0.0,0.0,0.0,0.0,105.0,0.0,90.0,105.0,0.0,90.0,0.0,0.0,0.0,0.0,0.0,0.0,"Mar 17, 2016"
1709,2307125.0,7523.0,Baghdad,Karkh,Al Shurtah-873,الشرطة-873,33.2475391897,44.306008566,95.0,570.0,40.0,0.0,8.0,0.0,0.0,0.0,0.0,0.0,0.0,0.0,0.0,0.0,26.0,0.0,21.0,0.0,0.0,0.0,0.0,53.0,0.0,0.0,0.0,0.0,0.0,0.0,42.0,0.0,0.0,42.0,0.0,0.0,0.0,0.0,0.0,0.0,0.0,0.0,9.0,0.0,18.0,9.0,0.0,18.0,52.0,0.0,16.0,52.0,0.0,16.0,0.0,0.0,0.0,0.0,0.0,0.0,"Mar 17, 2016"
1710,2307128.0,7732.0,Baghdad,Karkh,Al Mowasalat-863,المواصلات-863,33.2351564836,44.3167412287,596.0,3576.0,198.0,0.0,253.0,0.0,0.0,0.0,0.0,0.0,6.0,0.0,0.0,0.0,22.0,0.0,117.0,0.0,0.0,0.0,0.0,160.0,0.0,0.0,0.0,0.0,0.0,0.0,436.0,0.0,0.0,436.0,0.0,0.0,0.0,0.0,0.0,0.0,0.0,0.0,0.0,0.0,103.0,0.0,0.0,103.0,300.0,0.0,193.0,300.0,0.0,193.0,0.0,0.0,0.0,0.0,0.0,0.0,"Mar 17, 2016"
1711,2307129.0,24069.0,Baghdad,Karkh,Sheikh Maaroof-204,شيخ معروف-204,33.3409868597,44.3766178901,24.0,144.0,20.0,0.0,0.0,0.0,0.0,0.0,0.0,0.0,0.0,0.0,0.0,0.0,0.0,0.0,4.0,0.0,0.0,0.0,0.0,9.0,0.0,0.0,0.0,0.0,0.0,0.0,15.0,0.0,0.0,15.0,0.0,0.0,0.0,0.0,0.0,0.0,0.0,0.0,5.0,0.0,5.0,5.0,0.0,5.0,4.0,0.0,10.0,4.0,0.0,10.0,0.0,0.0,0.0,0.0,0.0,0.0,"Mar 17, 2016"
1712,2307130.0,25991.0,Baghdad,Karkh,Sheikh Maaroof-208,شيخ معروف-208,33.3381282002,44.3713889003,89.0,534.0,66.0,0.0,0.0,0.0,0.0,0.0,0.0,0.0,0.0,0.0,0.0,0.0,6.0,0.0,17.0,0.0,0.0,0.0,0.0,12.0,0.0,0.0,0.0,0.0,0.0,46.0,31.0,46.0,0.0,31.0,0.0,0.0,0.0,0.0,0.0,0.0,0.0,0.0,10.0,0.0,6.0,10.0,0.0,6.0,15.0,0.0,58.0,15.0,0.0,58.0,0.0,0.0,0.0,0.0,0.0,0.0,"Mar 17, 2016"
1713,2307131.0,21784.0,Baghdad,Karkh,Sheikh Maaroof-210,شيخ معروف-210,33.3373741602,44.3754181236,282.0,1692.0,191.0,0.0,0.0,0.0,0.0,12.0,0.0,0.0,0.0,0.0,0.0,0.0,40.0,0.0,39.0,0.0,0.0,0.0,0.0,65.0,0.0,0.0,0.0,0.0,0.0,0.0,199.0,0.0,0.0,199.0,0.0,0.0,0.0,0.0,18.0,0.0,0.0,18.0,45.0,0.0,25.0,45.0,67.0,25.0,110.0,67.0,35.0,110.0,0.0,35.0,0.0,0.0,0.0,0.0,0.0,0.0,"Mar 17, 2016"
1714,2307132.0,24075.0,Baghdad,Karkh,Shurta Al Masafi-840,شرطة المصافي 840(المصافي),33.2537055251,44.4028360366,416.0,2496.0,335.0,0.0,0.0,0.0,0.0,0.0,0.0,0.0,0.0,0.0,0.0,0.0,50.0,0.0,31.0,0.0,0.0,0.0,0.0,50.0,0.0,0.0,0.0,0.0,0.0,0.0,366.0,0.0,0.0,366.0,0.0,0.0,0.0,0.0,0.0,0.0,0.0,0.0,50.0,0.0,0.0,50.0,0.0,0.0,81.0,0.0,285.0,81.0,0.0,285.0,0.0,0.0,0.0,0.0,0.0,0.0,"Mar 17, 2016"
1715,2307133.0,25222.0,Baghdad,Karkh,Suwaib-871,سويب-871,33.2329685672,44.3048706429,231.0,1386.0,135.0,0.0,31.0,0.0,0.0,0.0,0.0,0.0,0.0,0.0,0.0,0.0,40.0,0.0,25.0,0.0,0.0,0.0,0.0,81.0,0.0,0.0,0.0,0.0,0.0,0.0,150.0,0.0,0.0,150.0,0.0,0.0,0.0,0.0,0.0,0.0,0.0,0.0,17.0,0.0,39.0,17.0,15.0,39.0,25.0,15.0,135.0,25.0,0.0,135.0,0.0,0.0,0.0,0.0,0.0,0.0,"Mar 17, 2016"
1716,2307135.0,7410.0,Baghdad,Karkh,Uwayrij,عويريج,33.2007091823,44.3832314743,290.0,1740.0,255.0,0.0,7.0,0.0,0.0,0.0,0.0,0.0,0.0,0.0,0.0,0.0,0.0,0.0,28.0,0.0,0.0,0.0,0.0,142.0,0.0,0.0,0.0,0.0,0.0,0.0,123.0,0.0,0.0,123.0,0.0,0.0,0.0,0.0,25.0,0.0,0.0,25.0,49.0,0.0,15.0,49.0,0.0,15.0,23.0,0.0,203.0,23.0,0.0,203.0,0.0,0.0,0.0,0.0,0.0,0.0,"Mar 17, 2016"
1717,2307136.0,24070.0,Baghdad,Karkh,Uwrej-Al Qurtan,عويريج الكرطان,33.20324066,44.3750443,130.0,780.0,97.0,0.0,0.0,0.0,0.0,0.0,0.0,0.0,0.0,0.0,0.0,0.0,23.0,0.0,10.0,0.0,0.0,0.0,0.0,90.0,0.0,0.0,0.0,0.0,0.0,23.0,17.0,23.0,0.0,17.0,0.0,0.0,0.0,0.0,0.0,0.0,0.0,0.0,33.0,0.0,0.0,33.0,0.0,0.0,90.0,0.0,7.0,90.0,0.0,7.0,0.0,0.0,0.0,0.0,0.0,0.0,"Mar 17, 2016"
1718,2307137.0,26099.0,Baghdad,Karkh,Al Jazera-814,الجزيرة-814,33.2653888685,44.4056687902,727.0,4362.0,727.0,0.0,0.0,0.0,0.0,0.0,0.0,0.0,0.0,0.0,0.0,0.0,0.0,0.0,0.0,0.0,0.0,0.0,0.0,82.0,0.0,0.0,0.0,0.0,0.0,0.0,645.0,0.0,0.0,645.0,0.0,0.0,0.0,0.0,0.0,0.0,0.0,0.0,0.0,0.0,0.0,0.0,0.0,0.0,50.0,0.0,677.0,50.0,0.0,677.0,0.0,0.0,0.0,0.0,0.0,0.0,"Mar 17, 2016"
1719,2307140.0,26100.0,Baghdad,Karkh,Hay Al Jehad-881,حي الجهاد-881,33.2811268964,44.2981013065,115.0,690.0,85.0,0.0,0.0,0.0,0.0,20.0,0.0,0.0,0.0,0.0,0.0,0.0,10.0,0.0,0.0,0.0,0.0,0.0,0.0,45.0,0.0,0.0,0.0,0.0,0.0,0.0,70.0,0.0,0.0,70.0,0.0,0.0,0.0,0.0,0.0,0.0,0.0,0.0,60.0,0.0,0.0,60.0,37.0,0.0,0.0,37.0,18.0,0.0,0.0,18.0,0.0,0.0,0.0,0.0,0.0,0.0,"Mar 17, 2016"
1720,2307141.0,21989.0,Baghdad,Karkh,Hay Al Jehad-883,حي الجهاد-883,33.2792674767,44.3088815408,86.0,516.0,38.0,0.0,0.0,0.0,0.0,0.0,0.0,0.0,0.0,0.0,0.0,0.0,0.0,0.0,48.0,0.0,0.0,0.0,0.0,46.0,0.0,0.0,0.0,0.0,0.0,0.0,40.0,0.0,0.0,40.0,0.0,0.0,0.0,0.0,0.0,0.0,0.0,0.0,18.0,0.0,0.0,18.0,0.0,0.0,58.0,0.0,10.0,58.0,0.0,10.0,0.0,0.0,0.0,0.0,0.0,0.0,"Mar 17, 2016"
1721,2307142.0,26101.0,Baghdad,Karkh,Hay Al Jehad-887,حي الجهاد-887,33.2736710604,44.2934007063,97.0,582.0,79.0,0.0,0.0,0.0,0.0,0.0,0.0,0.0,0.0,0.0,0.0,0.0,0.0,0.0,18.0,0.0,0.0,0.0,0.0,35.0,0.0,0.0,0.0,0.0,0.0,0.0,62.0,0.0,0.0,62.0,0.0,0.0,0.0,0.0,0.0,0.0,0.0,0.0,19.0,0.0,0.0,19.0,0.0,0.0,44.0,0.0,34.0,44.0,0.0,34.0,0.0,0.0,0.0,0.0,0.0,0.0,"Mar 17, 2016"
1722,2307143.0,26120.0,Baghdad,Karkh,Uwayrij Camp,مخيم عويريج,33.17167881,44.36383157,255.0,1530.0,220.0,1.0,0.0,0.0,0.0,0.0,0.0,0.0,0.0,0.0,0.0,0.0,34.0,0.0,0.0,0.0,0.0,0.0,255.0,0.0,0.0,0.0,0.0,0.0,0.0,0.0,0.0,0.0,0.0,0.0,0.0,0.0,0.0,0.0,0.0,0.0,0.0,0.0,0.0,0.0,35.0,0.0,0.0,35.0,0.0,0.0,220.0,0.0,0.0,220.0,0.0,0.0,0.0,0.0,0.0,0.0,"Mar 17, 2016"
1723,2307144.0,26121.0,Baghdad,Karkh,Gazaliya Camp,مخيم الغزالية,33.3309620325,44.2925205736,260.0,1560.0,260.0,0.0,0.0,0.0,0.0,0.0,0.0,0.0,0.0,0.0,0.0,0.0,0.0,0.0,0.0,0.0,0.0,0.0,260.0,0.0,0.0,0.0,0.0,0.0,0.0,0.0,0.0,0.0,0.0,0.0,0.0,0.0,0.0,0.0,0.0,0.0,0.0,0.0,0.0,0.0,0.0,0.0,0.0,0.0,0.0,0.0,260.0,0.0,0.0,260.0,0.0,0.0,0.0,0.0,0.0,0.0,"Mar 17, 2016"
1724,2307145.0,27119.0,Baghdad,Karkh,Al Forat-Shaka 6,الفرات-شاخة 6,33.2290430788,44.2966310879,136.0,816.0,67.0,0.0,14.0,0.0,0.0,0.0,0.0,0.0,0.0,0.0,0.0,0.0,32.0,0.0,23.0,0.0,0.0,0.0,0.0,70.0,0.0,0.0,0.0,0.0,0.0,32.0,34.0,32.0,0.0,34.0,0.0,0.0,0.0,0.0,0.0,0.0,0.0,0.0,32.0,0.0,0.0,32.0,32.0,0.0,23.0,32.0,49.0,23.0,0.0,49.0,0.0,0.0,0.0,0.0,0.0,0.0,"Mar 17, 2016"
1725,2307146.0,23324.0,Baghdad,Karkh,Hay Al Amil-801,حي العامل-801,33.2876343519,44.3186891915,67.0,402.0,31.0,1.0,1.0,0.0,0.0,1.0,0.0,0.0,0.0,0.0,0.0,0.0,2.0,0.0,31.0,0.0,0.0,0.0,0.0,10.0,0.0,0.0,0.0,0.0,0.0,0.0,57.0,0.0,0.0,57.0,0.0,0.0,0.0,0.0,0.0,0.0,0.0,0.0,10.0,0.0,20.0,10.0,37.0,20.0,0.0,37.0,0.0,0.0,0.0,0.0,0.0,0.0,0.0,0.0,0.0,0.0,"Mar 17, 2016"
1726,2307147.0,27185.0,Baghdad,Karkh,Al Maalef-837,المعالف-837,33.2298528969,44.3340782195,115.0,690.0,45.0,0.0,2.0,0.0,0.0,5.0,0.0,0.0,2.0,0.0,0.0,0.0,23.0,0.0,38.0,0.0,0.0,0.0,0.0,36.0,0.0,0.0,0.0,0.0,0.0,0.0,79.0,0.0,0.0,79.0,0.0,0.0,0.0,0.0,0.0,0.0,0.0,0.0,0.0,0.0,36.0,0.0,0.0,36.0,0.0,0.0,79.0,0.0,0.0,79.0,0.0,0.0,0.0,0.0,0.0,0.0,"Mar 17, 2016"
1727,2307148.0,27187.0,Baghdad,Karkh,Al Ilam-829,الأعلام-829,33.2427596454,44.3441087033,130.0,780.0,82.0,0.0,3.0,0.0,0.0,5.0,0.0,0.0,2.0,0.0,0.0,0.0,24.0,0.0,14.0,0.0,0.0,0.0,0.0,61.0,0.0,0.0,0.0,0.0,0.0,0.0,69.0,0.0,0.0,69.0,0.0,0.0,0.0,0.0,0.0,0.0,0.0,0.0,0.0,0.0,74.0,0.0,0.0,74.0,7.0,0.0,49.0,7.0,0.0,49.0,0.0,0.0,0.0,0.0,0.0,0.0,"Mar 17, 2016"
1728,2307149.0,27188.0,Baghdad,Karkh,Al Ilam-831,الأعلام-831,33.2375277191,44.3429624516,67.0,402.0,41.0,0.0,2.0,0.0,0.0,2.0,0.0,0.0,0.0,0.0,0.0,0.0,13.0,0.0,9.0,0.0,0.0,0.0,0.0,25.0,0.0,0.0,0.0,0.0,0.0,0.0,42.0,0.0,0.0,42.0,0.0,0.0,0.0,0.0,0.0,0.0,0.0,0.0,0.0,0.0,14.0,0.0,0.0,14.0,3.0,0.0,50.0,3.0,0.0,50.0,0.0,0.0,0.0,0.0,0.0,0.0,"Mar 17, 2016"
1729,2307150.0,27189.0,Baghdad,Karkh,Al Resala-849,الرسالة-849,33.2567510539,44.3375941368,31.0,186.0,15.0,0.0,0.0,0.0,0.0,0.0,0.0,0.0,2.0,0.0,0.0,0.0,12.0,0.0,2.0,0.0,0.0,0.0,0.0,10.0,0.0,0.0,0.0,0.0,0.0,0.0,21.0,0.0,0.0,21.0,0.0,0.0,0.0,0.0,0.0,0.0,0.0,0.0,0.0,0.0,12.0,0.0,0.0,12.0,0.0,0.0,19.0,0.0,0.0,19.0,0.0,0.0,0.0,0.0,0.0,0.0,"Mar 17, 2016"
1730,2307151.0,27190.0,Baghdad,Karkh,Al Resala-853,الرسالة-853,33.2378672801,44.321485952,82.0,492.0,43.0,0.0,2.0,0.0,0.0,6.0,0.0,0.0,0.0,0.0,0.0,0.0,10.0,0.0,21.0,0.0,0.0,0.0,0.0,28.0,0.0,0.0,0.0,0.0,0.0,0.0,54.0,0.0,0.0,54.0,0.0,0.0,0.0,0.0,0.0,0.0,0.0,0.0,0.0,0.0,28.0,0.0,0.0,28.0,0.0,0.0,54.0,0.0,0.0,54.0,0.0,0.0,0.0,0.0,0.0,0.0,"Mar 17, 2016"
1731,2307152.0,27191.0,Baghdad,Karkh,Al Resala-855,الرسالة-855,33.2427164365,44.3223293898,79.0,474.0,32.0,0.0,2.0,0.0,0.0,8.0,0.0,0.0,0.0,0.0,0.0,0.0,10.0,0.0,27.0,0.0,0.0,0.0,0.0,27.0,0.0,0.0,0.0,0.0,0.0,0.0,52.0,0.0,0.0,52.0,0.0,0.0,0.0,0.0,0.0,0.0,0.0,0.0,0.0,0.0,51.0,0.0,0.0,51.0,0.0,0.0,28.0,0.0,0.0,28.0,0.0,0.0,0.0,0.0,0.0,0.0,"Mar 17, 2016"
1732,2307153.0,27186.0,Baghdad,Karkh,Shekh Junid-201,شيخ جنيد-201,33.3262,44.36202,50.0,300.0,20.0,0.0,0.0,0.0,0.0,0.0,0.0,0.0,0.0,0.0,0.0,0.0,15.0,0.0,15.0,0.0,0.0,0.0,0.0,27.0,0.0,0.0,0.0,0.0,0.0,0.0,23.0,0.0,0.0,23.0,0.0,0.0,0.0,0.0,0.0,0.0,0.0,0.0,7.0,0.0,15.0,7.0,0.0,15.0,5.0,0.0,23.0,5.0,0.0,23.0,0.0,0.0,0.0,0.0,0.0,0.0,"Mar 17, 2016"
1733,2307154.0,27193.0,Baghdad,Karkh,Sheikh Maaroof-206,شيخ معروف-206,33.3429514186,44.3682904301,73.0,438.0,40.0,0.0,0.0,0.0,0.0,0.0,0.0,0.0,2.0,0.0,0.0,0.0,10.0,0.0,21.0,0.0,0.0,0.0,0.0,20.0,0.0,0.0,0.0,0.0,0.0,0.0,53.0,0.0,0.0,53.0,0.0,0.0,0.0,0.0,0.0,0.0,0.0,0.0,7.0,0.0,10.0,7.0,0.0,10.0,21.0,0.0,35.0,21.0,0.0,35.0,0.0,0.0,0.0,0.0,0.0,0.0,"Mar 17, 2016"
1734,2307155.0,27194.0,Baghdad,Karkh,Sheikh Maaroof-214,شيخ معروف-214,33.3318314154,44.3831769325,70.0,420.0,50.0,0.0,0.0,0.0,0.0,2.0,0.0,0.0,0.0,0.0,0.0,0.0,7.0,0.0,11.0,0.0,0.0,0.0,0.0,20.0,0.0,0.0,0.0,0.0,0.0,0.0,50.0,0.0,0.0,50.0,0.0,0.0,0.0,0.0,0.0,0.0,0.0,0.0,0.0,0.0,7.0,0.0,0.0,7.0,32.0,0.0,31.0,32.0,0.0,31.0,0.0,0.0,0.0,0.0,0.0,0.0,"Mar 17, 2016"
1735,2307156.0,27195.0,Baghdad,Karkh,Al Karkh-216,الكرخ-216,33.3328501753,44.3864055199,60.0,360.0,43.0,0.0,0.0,0.0,0.0,1.0,0.0,0.0,0.0,0.0,0.0,0.0,1.0,0.0,15.0,0.0,0.0,0.0,0.0,12.0,0.0,0.0,0.0,0.0,0.0,0.0,48.0,0.0,0.0,48.0,0.0,0.0,0.0,0.0,0.0,0.0,0.0,0.0,0.0,0.0,0.0,0.0,0.0,0.0,42.0,0.0,18.0,42.0,0.0,18.0,0.0,0.0,0.0,0.0,0.0,0.0,"Mar 17, 2016"
1736,2307157.0,27289.0,Baghdad,Karkh,Al Salahiya-222,الصالحية-222,33.3254204235,44.3902155334,266.0,1596.0,135.0,0.0,2.0,0.0,0.0,2.0,0.0,0.0,3.0,0.0,0.0,0.0,69.0,0.0,55.0,0.0,0.0,0.0,0.0,83.0,0.0,0.0,0.0,0.0,0.0,0.0,183.0,0.0,0.0,183.0,0.0,0.0,0.0,0.0,0.0,0.0,0.0,0.0,0.0,0.0,49.0,0.0,5.0,49.0,157.0,5.0,55.0,157.0,0.0,55.0,0.0,0.0,0.0,0.0,0.0,0.0,"Mar 17, 2016"
1737,2307158.0,27374.0,Baghdad,Karkh,Al Kandi-Mahalla 211,الكندي-211,33.30896817,44.36379557,20.0,120.0,10.0,0.0,0.0,0.0,0.0,0.0,0.0,0.0,0.0,0.0,0.0,0.0,4.0,0.0,6.0,0.0,0.0,0.0,0.0,5.0,0.0,0.0,0.0,0.0,0.0,0.0,15.0,0.0,0.0,15.0,0.0,0.0,0.0,0.0,0.0,0.0,0.0,0.0,0.0,0.0,0.0,0.0,0.0,0.0,16.0,0.0,4.0,16.0,0.0,4.0,0.0,0.0,0.0,0.0,0.0,0.0,"Mar 17, 2016"
1738,2307159.0,27375.0,Baghdad,Karkh,Al Kandi-Mahalla 213,الكندي-213,33.30573041,44.3676312,71.0,426.0,45.0,0.0,5.0,0.0,0.0,0.0,0.0,0.0,0.0,0.0,0.0,0.0,14.0,0.0,7.0,0.0,0.0,0.0,0.0,6.0,0.0,0.0,0.0,0.0,0.0,0.0,65.0,0.0,0.0,65.0,0.0,0.0,0.0,0.0,0.0,0.0,0.0,0.0,0.0,0.0,0.0,0.0,0.0,0.0,71.0,0.0,0.0,71.0,0.0,0.0,0.0,0.0,0.0,0.0,0.0,0.0,"Mar 17, 2016"
1739,2307160.0,27409.0,Baghdad,Karkh,Al Saydia-835,السيدية-835,33.2327643054,44.3590827341,100.0,600.0,72.0,0.0,12.0,0.0,0.0,0.0,0.0,0.0,0.0,0.0,0.0,0.0,6.0,0.0,10.0,0.0,0.0,0.0,0.0,34.0,0.0,0.0,0.0,0.0,0.0,0.0,66.0,0.0,0.0,66.0,0.0,0.0,0.0,0.0,0.0,0.0,0.0,0.0,0.0,0.0,6.0,0.0,0.0,6.0,74.0,0.0,20.0,74.0,0.0,20.0,0.0,0.0,0.0,0.0,0.0,0.0,"Mar 17, 2016"
1740,2307161.0,27410.0,Baghdad,Karkh,Al Mechanic(Al Hader)-832,الميكانيك-832(الحضر),33.2366647104,44.3970183826,148.0,888.0,60.0,0.0,82.0,0.0,0.0,0.0,0.0,0.0,0.0,0.0,0.0,0.0,6.0,0.0,0.0,0.0,0.0,0.0,0.0,47.0,0.0,0.0,0.0,0.0,0.0,0.0,101.0,0.0,0.0,101.0,0.0,0.0,0.0,0.0,0.0,0.0,0.0,0.0,0.0,0.0,6.0,0.0,0.0,6.0,114.0,0.0,28.0,114.0,0.0,28.0,0.0,0.0,0.0,0.0,0.0,0.0,"Mar 17, 2016"
1741,2307162.0,27411.0,Baghdad,Karkh,Hay Al Jehad-891,حي الجهاد-891,33.262118123,44.2908822324,50.0,300.0,36.0,0.0,6.0,0.0,0.0,0.0,0.0,0.0,0.0,0.0,0.0,0.0,0.0,0.0,8.0,0.0,0.0,0.0,0.0,23.0,0.0,0.0,0.0,0.0,0.0,0.0,27.0,0.0,0.0,27.0,0.0,0.0,0.0,0.0,0.0,0.0,0.0,0.0,0.0,0.0,0.0,0.0,0.0,0.0,26.0,0.0,24.0,26.0,0.0,24.0,0.0,0.0,0.0,0.0,0.0,0.0,"Mar 17, 2016"
1742,2307163.0,27412.0,Baghdad,Karkh,Hay Al Jehad-879,حي الجهاد-879,33.257251219,44.2965940921,100.0,600.0,80.0,0.0,4.0,0.0,0.0,0.0,0.0,0.0,0.0,0.0,0.0,0.0,8.0,0.0,8.0,0.0,0.0,0.0,0.0,32.0,0.0,0.0,0.0,0.0,0.0,0.0,68.0,0.0,0.0,68.0,0.0,0.0,0.0,0.0,0.0,0.0,0.0,0.0,0.0,0.0,0.0,0.0,0.0,0.0,65.0,0.0,35.0,65.0,0.0,35.0,0.0,0.0,0.0,0.0,0.0,0.0,"Mar 17, 2016"
1743,2308001.0,25005.0,Baghdad,Mada'in,9 Nissan,9 نيسان,33.3041542429,44.6187557076,39.0,234.0,0.0,0.0,0.0,0.0,0.0,0.0,0.0,0.0,0.0,0.0,0.0,0.0,39.0,0.0,0.0,0.0,0.0,0.0,0.0,39.0,0.0,0.0,0.0,0.0,0.0,0.0,0.0,0.0,0.0,0.0,0.0,0.0,0.0,0.0,0.0,0.0,0.0,0.0,0.0,0.0,39.0,0.0,0.0,39.0,0.0,0.0,0.0,0.0,0.0,0.0,0.0,0.0,0.0,0.0,0.0,0.0,"Mar 17, 2016"
1744,2308002.0,25140.0,Baghdad,Mada'in,Abu Thaila Village,قرية ابو ثيلة,33.2592584891,44.6031489096,8.0,48.0,0.0,0.0,0.0,0.0,0.0,0.0,0.0,0.0,1.0,0.0,0.0,0.0,4.0,0.0,3.0,0.0,0.0,0.0,0.0,8.0,0.0,0.0,0.0,0.0,0.0,0.0,0.0,0.0,0.0,0.0,0.0,0.0,0.0,0.0,0.0,0.0,0.0,0.0,3.0,0.0,5.0,3.0,0.0,5.0,0.0,0.0,0.0,0.0,0.0,0.0,0.0,0.0,0.0,0.0,0.0,0.0,"Mar 17, 2016"
1745,2308003.0,25010.0,Baghdad,Mada'in,Al Desaim Village,قرية الدسيم,33.276,44.621,15.0,90.0,0.0,0.0,0.0,0.0,0.0,0.0,0.0,0.0,0.0,0.0,0.0,0.0,15.0,0.0,0.0,0.0,0.0,0.0,0.0,15.0,0.0,0.0,0.0,0.0,0.0,0.0,0.0,0.0,0.0,0.0,0.0,0.0,0.0,0.0,0.0,0.0,0.0,0.0,0.0,0.0,15.0,0.0,0.0,15.0,0.0,0.0,0.0,0.0,0.0,0.0,0.0,0.0,0.0,0.0,0.0,0.0,"Mar 17, 2016"
1746,2308004.0,25011.0,Baghdad,Mada'in,Al Ehsan Complex,مجمع الاحسان,33.2166760793,44.6015598874,124.0,744.0,0.0,0.0,3.0,0.0,0.0,0.0,0.0,0.0,2.0,0.0,0.0,0.0,117.0,0.0,2.0,0.0,0.0,0.0,0.0,40.0,0.0,0.0,0.0,0.0,0.0,0.0,72.0,0.0,0.0,72.0,0.0,0.0,0.0,0.0,12.0,0.0,0.0,12.0,34.0,0.0,40.0,34.0,0.0,40.0,45.0,0.0,5.0,45.0,0.0,5.0,0.0,0.0,0.0,0.0,0.0,0.0,"Mar 17, 2016"
1747,2308005.0,25004.0,Baghdad,Mada'in,Al Holandyia Village,القرية الهولندية,33.29698199,44.67281601,6.0,36.0,0.0,0.0,0.0,0.0,0.0,2.0,0.0,0.0,0.0,0.0,0.0,0.0,2.0,0.0,2.0,0.0,0.0,0.0,0.0,2.0,0.0,0.0,0.0,0.0,0.0,0.0,4.0,0.0,0.0,4.0,0.0,0.0,0.0,0.0,0.0,0.0,0.0,0.0,0.0,0.0,3.0,0.0,0.0,3.0,3.0,0.0,0.0,3.0,0.0,0.0,0.0,0.0,0.0,0.0,0.0,0.0,"Mar 17, 2016"
1748,2308006.0,25006.0,Baghdad,Mada'in,Al Imam Al Redha Village,قرية الامام الرضا,33.3262599888,44.6279204308,12.0,72.0,0.0,0.0,0.0,0.0,0.0,0.0,0.0,0.0,0.0,0.0,0.0,0.0,12.0,0.0,0.0,0.0,0.0,0.0,0.0,0.0,0.0,0.0,0.0,0.0,0.0,0.0,12.0,0.0,0.0,12.0,0.0,0.0,0.0,0.0,0.0,0.0,0.0,0.0,0.0,0.0,12.0,0.0,0.0,12.0,0.0,0.0,0.0,0.0,0.0,0.0,0.0,0.0,0.0,0.0,0.0,0.0,"Mar 17, 2016"
1749,2308007.0,25002.0,Baghdad,Mada'in,Al Imam Al Sadeq Village,قرية الامام الصادق,33.301,44.569,10.0,60.0,0.0,0.0,0.0,0.0,0.0,0.0,0.0,0.0,0.0,0.0,0.0,0.0,10.0,0.0,0.0,0.0,0.0,0.0,0.0,10.0,0.0,0.0,0.0,0.0,0.0,0.0,0.0,0.0,0.0,0.0,0.0,0.0,0.0,0.0,0.0,0.0,0.0,0.0,0.0,0.0,10.0,0.0,0.0,10.0,0.0,0.0,0.0,0.0,0.0,0.0,0.0,0.0,0.0,0.0,0.0,0.0,"Mar 17, 2016"
1750,2308008.0,25003.0,Baghdad,Mada'in,Al Imam Al Sajad Village,قرية الامام السجاد,33.299,44.577,5.0,30.0,0.0,0.0,0.0,0.0,0.0,0.0,0.0,0.0,0.0,0.0,0.0,0.0,5.0,0.0,0.0,0.0,0.0,0.0,0.0,5.0,0.0,0.0,0.0,0.0,0.0,0.0,0.0,0.0,0.0,0.0,0.0,0.0,0.0,0.0,0.0,0.0,0.0,0.0,0.0,0.0,5.0,0.0,0.0,5.0,0.0,0.0,0.0,0.0,0.0,0.0,0.0,0.0,0.0,0.0,0.0,0.0,"Mar 17, 2016"
1751,2308009.0,24992.0,Baghdad,Mada'in,Hay Badr,حي بدر,33.371,44.703,11.0,66.0,11.0,0.0,0.0,0.0,0.0,0.0,0.0,0.0,0.0,0.0,0.0,0.0,0.0,0.0,0.0,0.0,0.0,0.0,0.0,11.0,0.0,0.0,0.0,0.0,0.0,0.0,0.0,0.0,0.0,0.0,0.0,0.0,0.0,0.0,0.0,0.0,0.0,0.0,11.0,0.0,0.0,11.0,0.0,0.0,0.0,0.0,0.0,0.0,0.0,0.0,0.0,0.0,0.0,0.0,0.0,0.0,"Mar 17, 2016"
1752,2308010.0,24993.0,Baghdad,Mada'in,Hay Al Sadk,حي الصادق,33.375,44.698,19.0,114.0,0.0,0.0,0.0,0.0,0.0,19.0,0.0,0.0,0.0,0.0,0.0,0.0,0.0,0.0,0.0,0.0,0.0,0.0,0.0,19.0,0.0,0.0,0.0,0.0,0.0,0.0,0.0,0.0,0.0,0.0,0.0,0.0,0.0,0.0,0.0,0.0,0.0,0.0,0.0,0.0,0.0,0.0,0.0,0.0,19.0,0.0,0.0,19.0,0.0,0.0,0.0,0.0,0.0,0.0,0.0,0.0,"Mar 17, 2016"
1753,2308011.0,24994.0,Baghdad,Mada'in,Hay Al Zahraa,حي الزهراء,33.366,44.667,7.0,42.0,7.0,0.0,0.0,0.0,0.0,0.0,0.0,0.0,0.0,0.0,0.0,0.0,0.0,0.0,0.0,0.0,0.0,0.0,0.0,7.0,0.0,0.0,0.0,0.0,0.0,0.0,0.0,0.0,0.0,0.0,0.0,0.0,0.0,0.0,0.0,0.0,0.0,0.0,7.0,0.0,0.0,7.0,0.0,0.0,0.0,0.0,0.0,0.0,0.0,0.0,0.0,0.0,0.0,0.0,0.0,0.0,"Mar 17, 2016"
1754,2308012.0,24995.0,Baghdad,Mada'in,Hay Al Sadreen,حي الصدرين,33.378,44.69,6.0,36.0,0.0,0.0,0.0,0.0,0.0,6.0,0.0,0.0,0.0,0.0,0.0,0.0,0.0,0.0,0.0,0.0,0.0,0.0,0.0,0.0,0.0,0.0,0.0,0.0,0.0,0.0,6.0,0.0,0.0,6.0,0.0,0.0,0.0,0.0,0.0,0.0,0.0,0.0,0.0,0.0,0.0,0.0,6.0,0.0,0.0,6.0,0.0,0.0,0.0,0.0,0.0,0.0,0.0,0.0,0.0,0.0,"Mar 17, 2016"
1755,2308013.0,24996.0,Baghdad,Mada'in,Hay Al Murtha,حي المرتضى,33.3746741967,44.6982706303,8.0,48.0,0.0,0.0,0.0,0.0,0.0,8.0,0.0,0.0,0.0,0.0,0.0,0.0,0.0,0.0,0.0,0.0,0.0,0.0,0.0,0.0,0.0,0.0,0.0,0.0,0.0,0.0,8.0,0.0,0.0,8.0,0.0,0.0,0.0,0.0,0.0,0.0,0.0,0.0,0.0,0.0,0.0,0.0,8.0,0.0,0.0,8.0,0.0,0.0,0.0,0.0,0.0,0.0,0.0,0.0,0.0,0.0,"Mar 17, 2016"
1756,2308014.0,24997.0,Baghdad,Mada'in,Hay Al Taaf,حي الطف,33.3729225279,44.7023442976,10.0,60.0,0.0,0.0,0.0,0.0,0.0,10.0,0.0,0.0,0.0,0.0,0.0,0.0,0.0,0.0,0.0,0.0,0.0,0.0,0.0,0.0,0.0,0.0,0.0,0.0,0.0,0.0,10.0,0.0,0.0,10.0,0.0,0.0,0.0,0.0,0.0,0.0,0.0,0.0,0.0,0.0,0.0,0.0,0.0,0.0,10.0,0.0,0.0,10.0,0.0,0.0,0.0,0.0,0.0,0.0,0.0,0.0,"Mar 17, 2016"
1757,2308015.0,24998.0,Baghdad,Mada'in,Hay Al Mujtaba,حي المجتبى,33.3717336007,44.7030391925,10.0,60.0,0.0,0.0,0.0,0.0,0.0,0.0,0.0,0.0,0.0,0.0,0.0,0.0,10.0,0.0,0.0,0.0,0.0,0.0,0.0,10.0,0.0,0.0,0.0,0.0,0.0,0.0,0.0,0.0,0.0,0.0,0.0,0.0,0.0,0.0,0.0,0.0,0.0,0.0,0.0,0.0,10.0,0.0,0.0,10.0,0.0,0.0,0.0,0.0,0.0,0.0,0.0,0.0,0.0,0.0,0.0,0.0,"Mar 17, 2016"
1758,2308016.0,24999.0,Baghdad,Mada'in,Hay Haethm Al Zaidy,حي هيثم الزيدي,33.3703197813,44.6793010841,15.0,90.0,0.0,0.0,0.0,0.0,0.0,0.0,0.0,0.0,0.0,0.0,0.0,0.0,15.0,0.0,0.0,0.0,0.0,0.0,0.0,15.0,0.0,0.0,0.0,0.0,0.0,0.0,0.0,0.0,0.0,0.0,0.0,0.0,0.0,0.0,0.0,0.0,0.0,0.0,0.0,0.0,15.0,0.0,0.0,15.0,0.0,0.0,0.0,0.0,0.0,0.0,0.0,0.0,0.0,0.0,0.0,0.0,"Mar 17, 2016"
1759,2308018.0,25001.0,Baghdad,Mada'in,Al Rwoad Village,قرية الرواد,33.301,44.666,12.0,72.0,0.0,0.0,0.0,0.0,0.0,0.0,0.0,0.0,0.0,0.0,0.0,0.0,12.0,0.0,0.0,0.0,0.0,0.0,0.0,12.0,0.0,0.0,0.0,0.0,0.0,0.0,0.0,0.0,0.0,0.0,0.0,0.0,0.0,0.0,0.0,0.0,0.0,0.0,0.0,0.0,12.0,0.0,0.0,12.0,0.0,0.0,0.0,0.0,0.0,0.0,0.0,0.0,0.0,0.0,0.0,0.0,"Mar 17, 2016"
1760,2308019.0,25007.0,Baghdad,Mada'in,Al Shaikh Khazaal Village-8,قرية الشيخ خزعل-8,33.36,44.655,11.0,66.0,0.0,0.0,0.0,0.0,0.0,0.0,0.0,0.0,0.0,0.0,0.0,0.0,11.0,0.0,0.0,0.0,0.0,0.0,0.0,0.0,0.0,0.0,0.0,0.0,0.0,0.0,0.0,0.0,0.0,0.0,0.0,0.0,11.0,0.0,0.0,11.0,0.0,0.0,0.0,0.0,11.0,0.0,0.0,11.0,0.0,0.0,0.0,0.0,0.0,0.0,0.0,0.0,0.0,0.0,0.0,0.0,"Mar 17, 2016"
1761,2308020.0,25134.0,Baghdad,Mada'in,Hay Al Salam,حي السلام,33.12659039,44.69063904,36.0,216.0,0.0,0.0,0.0,0.0,0.0,6.0,0.0,0.0,1.0,0.0,0.0,0.0,5.0,0.0,24.0,0.0,0.0,0.0,0.0,0.0,0.0,0.0,0.0,0.0,0.0,0.0,20.0,0.0,0.0,20.0,0.0,0.0,16.0,0.0,0.0,16.0,0.0,0.0,0.0,0.0,11.0,0.0,0.0,11.0,25.0,0.0,0.0,25.0,0.0,0.0,0.0,0.0,0.0,0.0,0.0,0.0,"Mar 17, 2016"
1762,2308021.0,25130.0,Baghdad,Mada'in,Al Wehda-Village 10,الوحده-القرية 10,33.2504537323,44.6082688618,79.0,474.0,6.0,0.0,0.0,0.0,0.0,14.0,0.0,0.0,1.0,0.0,0.0,0.0,53.0,0.0,5.0,0.0,0.0,0.0,0.0,19.0,0.0,0.0,0.0,0.0,0.0,0.0,0.0,0.0,0.0,0.0,0.0,0.0,0.0,0.0,60.0,0.0,0.0,60.0,5.0,0.0,40.0,5.0,0.0,40.0,23.0,0.0,11.0,23.0,0.0,11.0,0.0,0.0,0.0,0.0,0.0,0.0,"Mar 17, 2016"
1763,2308022.0,25139.0,Baghdad,Mada'in,Al-Hurriyaa Village,قرية الحرية,33.14619,44.6594,14.0,84.0,0.0,0.0,0.0,0.0,0.0,4.0,0.0,0.0,0.0,0.0,0.0,0.0,3.0,0.0,7.0,0.0,0.0,0.0,0.0,0.0,0.0,0.0,0.0,0.0,0.0,0.0,14.0,0.0,0.0,14.0,0.0,0.0,0.0,0.0,0.0,0.0,0.0,0.0,0.0,0.0,10.0,0.0,0.0,10.0,4.0,0.0,0.0,4.0,0.0,0.0,0.0,0.0,0.0,0.0,0.0,0.0,"Mar 17, 2016"
1764,2308023.0,25832.0,Baghdad,Mada'in,Al Arefia,العريفية,33.2357045193,44.5244231129,62.0,372.0,12.0,0.0,0.0,0.0,0.0,5.0,0.0,0.0,1.0,0.0,0.0,0.0,0.0,0.0,44.0,0.0,0.0,0.0,0.0,44.0,0.0,0.0,0.0,0.0,0.0,0.0,18.0,0.0,0.0,18.0,0.0,0.0,0.0,0.0,0.0,0.0,0.0,0.0,0.0,0.0,2.0,0.0,42.0,2.0,6.0,42.0,12.0,6.0,0.0,12.0,0.0,0.0,0.0,0.0,0.0,0.0,"Mar 17, 2016"
1765,2308024.0,25834.0,Baghdad,Mada'in,Al Karagolia,الكرغولية,33.2871018851,44.5428884347,198.0,1188.0,9.0,0.0,0.0,0.0,0.0,38.0,0.0,0.0,4.0,0.0,0.0,0.0,62.0,0.0,85.0,0.0,0.0,0.0,0.0,175.0,0.0,0.0,0.0,0.0,0.0,0.0,23.0,0.0,0.0,23.0,0.0,0.0,0.0,0.0,0.0,0.0,0.0,0.0,0.0,0.0,108.0,0.0,87.0,108.0,0.0,87.0,3.0,0.0,0.0,3.0,0.0,0.0,0.0,0.0,0.0,0.0,"Mar 17, 2016"
1766,2308025.0,7546.0,Baghdad,Mada'in,Al Reyad,الرياض,33.2288021799,44.5324258319,180.0,1080.0,37.0,2.0,4.0,0.0,0.0,21.0,0.0,0.0,0.0,0.0,0.0,0.0,54.0,0.0,62.0,0.0,0.0,0.0,0.0,76.0,0.0,0.0,0.0,0.0,0.0,0.0,104.0,0.0,0.0,104.0,0.0,0.0,0.0,0.0,0.0,0.0,0.0,0.0,0.0,0.0,60.0,0.0,28.0,60.0,73.0,28.0,19.0,73.0,0.0,19.0,0.0,0.0,0.0,0.0,0.0,0.0,"Mar 17, 2016"
1767,2308026.0,7668.0,Baghdad,Mada'in,Al Samadia,الصمدية,33.1906445163,44.545932644,17.0,102.0,1.0,0.0,0.0,0.0,0.0,2.0,0.0,0.0,0.0,0.0,0.0,0.0,3.0,0.0,11.0,0.0,0.0,0.0,0.0,17.0,0.0,0.0,0.0,0.0,0.0,0.0,0.0,0.0,0.0,0.0,0.0,0.0,0.0,0.0,0.0,0.0,0.0,0.0,0.0,0.0,3.0,0.0,0.0,3.0,14.0,0.0,0.0,14.0,0.0,0.0,0.0,0.0,0.0,0.0,0.0,0.0,"Mar 17, 2016"
1768,2308027.0,25833.0,Baghdad,Mada'in,Al Tuwetha,التويثة,33.1981747039,44.5446568822,65.0,390.0,44.0,0.0,1.0,0.0,0.0,16.0,0.0,0.0,1.0,0.0,0.0,0.0,0.0,0.0,3.0,0.0,0.0,0.0,0.0,37.0,0.0,0.0,0.0,0.0,0.0,0.0,28.0,0.0,0.0,28.0,0.0,0.0,0.0,0.0,0.0,0.0,0.0,0.0,0.0,0.0,21.0,0.0,0.0,21.0,11.0,0.0,33.0,11.0,0.0,33.0,0.0,0.0,0.0,0.0,0.0,0.0,"Mar 17, 2016"
1769,2308028.0,7547.0,Baghdad,Mada'in,Al Wardia,الوردية,33.1825448322,44.5425695586,94.0,564.0,8.0,0.0,0.0,0.0,0.0,27.0,0.0,0.0,0.0,0.0,0.0,0.0,7.0,0.0,52.0,0.0,0.0,0.0,0.0,54.0,0.0,0.0,0.0,0.0,0.0,0.0,40.0,0.0,0.0,40.0,0.0,0.0,0.0,0.0,0.0,0.0,0.0,0.0,0.0,0.0,7.0,0.0,27.0,7.0,52.0,27.0,8.0,52.0,0.0,8.0,0.0,0.0,0.0,0.0,0.0,0.0,"Mar 17, 2016"
1770,2308029.0,25837.0,Baghdad,Mada'in,Ammar Ben Yaser,عمار بن ياسر,33.224,44.526,39.0,234.0,2.0,0.0,0.0,0.0,0.0,26.0,0.0,0.0,0.0,0.0,0.0,0.0,0.0,0.0,11.0,0.0,0.0,0.0,0.0,37.0,0.0,0.0,0.0,0.0,0.0,0.0,2.0,0.0,0.0,2.0,0.0,0.0,0.0,0.0,0.0,0.0,0.0,0.0,0.0,0.0,0.0,0.0,11.0,0.0,26.0,11.0,2.0,26.0,0.0,2.0,0.0,0.0,0.0,0.0,0.0,0.0,"Mar 17, 2016"
1771,2308030.0,25838.0,Baghdad,Mada'in,Hatef Al Defaay,قرية هاتف الدفاعي,33.269,44.606,26.0,156.0,2.0,0.0,0.0,0.0,0.0,3.0,0.0,0.0,0.0,0.0,0.0,0.0,10.0,0.0,11.0,0.0,0.0,0.0,0.0,26.0,0.0,0.0,0.0,0.0,0.0,0.0,0.0,0.0,0.0,0.0,0.0,0.0,0.0,0.0,0.0,0.0,0.0,0.0,0.0,0.0,12.0,0.0,12.0,12.0,2.0,12.0,0.0,2.0,0.0,0.0,0.0,0.0,0.0,0.0,0.0,0.0,"Mar 17, 2016"
1772,2308031.0,25839.0,Baghdad,Mada'in,Hay Al Salam,حي السلام,33.2247018909,44.5196838211,59.0,354.0,6.0,0.0,0.0,0.0,0.0,10.0,0.0,0.0,1.0,0.0,0.0,0.0,5.0,0.0,37.0,0.0,0.0,0.0,0.0,53.0,0.0,0.0,0.0,0.0,0.0,0.0,6.0,0.0,0.0,6.0,0.0,0.0,0.0,0.0,0.0,0.0,0.0,0.0,0.0,0.0,0.0,0.0,16.0,0.0,37.0,16.0,6.0,37.0,0.0,6.0,0.0,0.0,0.0,0.0,0.0,0.0,"Mar 17, 2016"
1773,2308032.0,25836.0,Baghdad,Mada'in,Juref Al Nadaaf,جرف النداف,33.2725730413,44.5468647695,18.0,108.0,0.0,0.0,0.0,0.0,0.0,2.0,0.0,0.0,0.0,0.0,0.0,0.0,14.0,0.0,2.0,0.0,0.0,0.0,0.0,18.0,0.0,0.0,0.0,0.0,0.0,0.0,0.0,0.0,0.0,0.0,0.0,0.0,0.0,0.0,0.0,0.0,0.0,0.0,0.0,0.0,18.0,0.0,0.0,18.0,0.0,0.0,0.0,0.0,0.0,0.0,0.0,0.0,0.0,0.0,0.0,0.0,"Mar 17, 2016"
1774,2308033.0,25138.0,Baghdad,Mada'in,Al-Murtadha Village,قرية المرتضى,33.246560684,44.6021153495,22.0,132.0,9.0,0.0,0.0,0.0,0.0,3.0,0.0,0.0,0.0,0.0,0.0,0.0,10.0,0.0,0.0,0.0,0.0,0.0,0.0,0.0,0.0,0.0,0.0,0.0,0.0,0.0,7.0,0.0,0.0,7.0,0.0,0.0,0.0,0.0,15.0,0.0,0.0,15.0,9.0,0.0,4.0,9.0,0.0,4.0,9.0,0.0,0.0,9.0,0.0,0.0,0.0,0.0,0.0,0.0,0.0,0.0,"Mar 17, 2016"
1775,2308034.0,24760.0,Baghdad,Mada'in,Al-Nabi Younis,مخيم النبي يونس,33.3634552847,44.6620306978,667.0,4002.0,0.0,0.0,0.0,0.0,0.0,0.0,0.0,0.0,0.0,0.0,0.0,0.0,667.0,0.0,0.0,0.0,0.0,0.0,667.0,0.0,0.0,0.0,0.0,0.0,0.0,0.0,0.0,0.0,0.0,0.0,0.0,0.0,0.0,0.0,0.0,0.0,0.0,0.0,0.0,0.0,667.0,0.0,0.0,667.0,0.0,0.0,0.0,0.0,0.0,0.0,0.0,0.0,0.0,0.0,0.0,0.0,"Mar 17, 2016"
1776,2308035.0,25136.0,Baghdad,Mada'in,Dor Al Zerahaa,دور الزراعة,33.1497,44.66417,14.0,84.0,4.0,0.0,0.0,0.0,0.0,0.0,0.0,0.0,0.0,0.0,0.0,0.0,10.0,0.0,0.0,0.0,0.0,0.0,0.0,14.0,0.0,0.0,0.0,0.0,0.0,0.0,0.0,0.0,0.0,0.0,0.0,0.0,0.0,0.0,0.0,0.0,0.0,0.0,3.0,0.0,2.0,3.0,0.0,2.0,5.0,0.0,4.0,5.0,0.0,4.0,0.0,0.0,0.0,0.0,0.0,0.0,"Mar 17, 2016"
1777,2308036.0,25137.0,Baghdad,Mada'in,Basmaya,بسماية,33.24622,44.59714,5.0,30.0,0.0,0.0,0.0,0.0,0.0,0.0,0.0,0.0,0.0,0.0,0.0,0.0,5.0,0.0,0.0,0.0,0.0,0.0,0.0,0.0,0.0,0.0,0.0,0.0,0.0,0.0,5.0,0.0,0.0,5.0,0.0,0.0,0.0,0.0,0.0,0.0,0.0,0.0,0.0,0.0,3.0,0.0,0.0,3.0,2.0,0.0,0.0,2.0,0.0,0.0,0.0,0.0,0.0,0.0,0.0,0.0,"Mar 17, 2016"
1778,2308037.0,25008.0,Baghdad,Mada'in,Dawood Salman Village,قرية داوود سلمان,33.371,44.679,10.0,60.0,0.0,0.0,0.0,0.0,0.0,0.0,0.0,0.0,0.0,0.0,0.0,0.0,10.0,0.0,0.0,0.0,0.0,0.0,0.0,10.0,0.0,0.0,0.0,0.0,0.0,0.0,0.0,0.0,0.0,0.0,0.0,0.0,0.0,0.0,0.0,0.0,0.0,0.0,0.0,0.0,10.0,0.0,0.0,10.0,0.0,0.0,0.0,0.0,0.0,0.0,0.0,0.0,0.0,0.0,0.0,0.0,"Mar 17, 2016"
1779,2308039.0,23008.0,Baghdad,Mada'in,Hay Aba Thir,حي أبا ذر الغفاري,33.12439,44.67588,5.0,30.0,0.0,0.0,0.0,0.0,0.0,0.0,0.0,0.0,0.0,0.0,0.0,0.0,5.0,0.0,0.0,0.0,0.0,0.0,0.0,0.0,0.0,0.0,0.0,0.0,0.0,0.0,5.0,0.0,0.0,5.0,0.0,0.0,0.0,0.0,0.0,0.0,0.0,0.0,0.0,0.0,5.0,0.0,0.0,5.0,0.0,0.0,0.0,0.0,0.0,0.0,0.0,0.0,0.0,0.0,0.0,0.0,"Mar 17, 2016"
1780,2308040.0,25131.0,Baghdad,Mada'in,Hay Al Khalisa,حي الخالصة,33.24587,44.60805,23.0,138.0,0.0,0.0,0.0,0.0,0.0,17.0,0.0,0.0,0.0,0.0,0.0,0.0,6.0,0.0,0.0,0.0,0.0,0.0,0.0,0.0,0.0,0.0,0.0,0.0,0.0,0.0,12.0,0.0,0.0,12.0,0.0,0.0,0.0,0.0,11.0,0.0,0.0,11.0,0.0,0.0,6.0,0.0,0.0,6.0,17.0,0.0,0.0,17.0,0.0,0.0,0.0,0.0,0.0,0.0,0.0,0.0,"Mar 17, 2016"
1781,2308041.0,22878.0,Baghdad,Mada'in,Hay Al Mustafa,حي المصطفى,33.12636469,44.67863308,8.0,48.0,0.0,0.0,0.0,0.0,0.0,4.0,0.0,0.0,0.0,0.0,0.0,0.0,4.0,0.0,0.0,0.0,0.0,0.0,0.0,0.0,0.0,0.0,0.0,0.0,0.0,0.0,8.0,0.0,0.0,8.0,0.0,0.0,0.0,0.0,0.0,0.0,0.0,0.0,0.0,0.0,0.0,0.0,0.0,0.0,8.0,0.0,0.0,8.0,0.0,0.0,0.0,0.0,0.0,0.0,0.0,0.0,"Mar 17, 2016"
1782,2308042.0,25132.0,Baghdad,Mada'in,Hay Al Rasool,حي الرسول,33.12865437,44.69465626,16.0,96.0,0.0,0.0,0.0,0.0,0.0,0.0,0.0,0.0,0.0,0.0,0.0,0.0,0.0,0.0,16.0,0.0,0.0,0.0,0.0,0.0,0.0,0.0,0.0,0.0,0.0,0.0,16.0,0.0,0.0,16.0,0.0,0.0,0.0,0.0,0.0,0.0,0.0,0.0,0.0,0.0,6.0,0.0,0.0,6.0,10.0,0.0,0.0,10.0,0.0,0.0,0.0,0.0,0.0,0.0,0.0,0.0,"Mar 17, 2016"
1783,2308043.0,23010.0,Baghdad,Mada'in,Hay Al Zahra,حي الزهراء,33.12384224,44.68526625,9.0,54.0,1.0,0.0,0.0,0.0,0.0,0.0,0.0,0.0,0.0,0.0,0.0,0.0,0.0,0.0,8.0,0.0,0.0,0.0,0.0,0.0,0.0,0.0,0.0,0.0,0.0,0.0,9.0,0.0,0.0,9.0,0.0,0.0,0.0,0.0,0.0,0.0,0.0,0.0,1.0,0.0,8.0,1.0,0.0,8.0,0.0,0.0,0.0,0.0,0.0,0.0,0.0,0.0,0.0,0.0,0.0,0.0,"Mar 17, 2016"
1784,2308044.0,25835.0,Baghdad,Mada'in,Hay Ali Al kaaby,حي علي الكعبي,33.2170097083,44.5424117825,13.0,78.0,5.0,0.0,0.0,0.0,0.0,3.0,0.0,0.0,0.0,0.0,0.0,0.0,3.0,0.0,2.0,0.0,0.0,0.0,0.0,13.0,0.0,0.0,0.0,0.0,0.0,0.0,0.0,0.0,0.0,0.0,0.0,0.0,0.0,0.0,0.0,0.0,0.0,0.0,0.0,0.0,3.0,0.0,0.0,3.0,5.0,0.0,5.0,5.0,0.0,5.0,0.0,0.0,0.0,0.0,0.0,0.0,"Mar 17, 2016"
1785,2308045.0,21298.0,Baghdad,Mada'in,Hay Al-Muntathar,حي المنتظر,33.2258128141,44.5304806748,18.0,108.0,0.0,0.0,0.0,0.0,0.0,0.0,0.0,0.0,0.0,0.0,0.0,0.0,10.0,0.0,8.0,0.0,0.0,0.0,0.0,0.0,0.0,0.0,0.0,0.0,0.0,0.0,18.0,0.0,0.0,18.0,0.0,0.0,0.0,0.0,0.0,0.0,0.0,0.0,0.0,0.0,10.0,0.0,8.0,10.0,0.0,8.0,0.0,0.0,0.0,0.0,0.0,0.0,0.0,0.0,0.0,0.0,"Mar 17, 2016"
1786,2308048.0,25135.0,Baghdad,Mada'in,Risiditial Oil Complex,المجمع السكني النفطي,33.27678,44.61966,16.0,96.0,10.0,0.0,0.0,0.0,0.0,0.0,0.0,0.0,0.0,0.0,0.0,0.0,1.0,0.0,5.0,0.0,0.0,0.0,0.0,6.0,0.0,0.0,0.0,0.0,0.0,0.0,10.0,0.0,0.0,10.0,0.0,0.0,0.0,0.0,0.0,0.0,0.0,0.0,0.0,0.0,6.0,0.0,0.0,6.0,0.0,0.0,10.0,0.0,0.0,10.0,0.0,0.0,0.0,0.0,0.0,0.0,"Mar 17, 2016"
1787,2308049.0,25009.0,Baghdad,Mada'in,Um Wahab Village,قرية أم وهب,33.321,44.614,13.0,78.0,0.0,0.0,0.0,0.0,0.0,0.0,0.0,0.0,0.0,0.0,0.0,0.0,13.0,0.0,0.0,0.0,0.0,0.0,0.0,13.0,0.0,0.0,0.0,0.0,0.0,0.0,0.0,0.0,0.0,0.0,0.0,0.0,0.0,0.0,0.0,0.0,0.0,0.0,0.0,0.0,13.0,0.0,0.0,13.0,0.0,0.0,0.0,0.0,0.0,0.0,0.0,0.0,0.0,0.0,0.0,0.0,"Mar 17, 2016"
1788,2308050.0,25133.0,Baghdad,Mada'in,Hay Al Huda,حي الهدى,33.1,44.697,4.0,24.0,0.0,0.0,0.0,0.0,0.0,2.0,0.0,0.0,0.0,0.0,0.0,0.0,2.0,0.0,0.0,0.0,0.0,0.0,0.0,0.0,0.0,0.0,0.0,0.0,0.0,0.0,4.0,0.0,0.0,4.0,0.0,0.0,0.0,0.0,0.0,0.0,0.0,0.0,0.0,0.0,2.0,0.0,0.0,2.0,2.0,0.0,0.0,2.0,0.0,0.0,0.0,0.0,0.0,0.0,0.0,0.0,"Mar 17, 2016"
1789,2308051.0,25438.0,Baghdad,Mada'in,Village 8,القرية 8,33.30245553,44.62579057,8.0,48.0,5.0,0.0,0.0,0.0,0.0,0.0,0.0,0.0,0.0,0.0,0.0,0.0,3.0,0.0,0.0,0.0,0.0,0.0,0.0,0.0,0.0,0.0,0.0,0.0,0.0,3.0,5.0,3.0,0.0,5.0,0.0,0.0,0.0,0.0,0.0,0.0,0.0,0.0,0.0,0.0,3.0,0.0,0.0,3.0,0.0,0.0,5.0,0.0,0.0,5.0,0.0,0.0,0.0,0.0,0.0,0.0,"Mar 17, 2016"
1790,2308052.0,27393.0,Baghdad,Mada'in,Hay Al Farwk,حي الفاروق,33.2214672985,44.5288029075,38.0,228.0,21.0,0.0,0.0,0.0,0.0,7.0,0.0,0.0,0.0,0.0,0.0,0.0,5.0,0.0,5.0,0.0,0.0,0.0,0.0,14.0,0.0,0.0,0.0,0.0,0.0,0.0,24.0,0.0,0.0,24.0,0.0,0.0,0.0,0.0,0.0,0.0,0.0,0.0,0.0,0.0,10.0,0.0,0.0,10.0,28.0,0.0,0.0,28.0,0.0,0.0,0.0,0.0,0.0,0.0,0.0,0.0,"Mar 17, 2016"
1791,2308053.0,7680.0,Baghdad,Mada'in,Hay al Qadsiya ,حي القادسية,33.0990816252,44.5872016915,81.0,486.0,31.0,0.0,3.0,0.0,0.0,7.0,0.0,0.0,0.0,0.0,0.0,0.0,14.0,0.0,26.0,0.0,0.0,0.0,0.0,17.0,0.0,0.0,0.0,0.0,0.0,0.0,64.0,0.0,0.0,64.0,0.0,0.0,0.0,0.0,0.0,0.0,0.0,0.0,0.0,0.0,20.0,0.0,0.0,20.0,46.0,0.0,15.0,46.0,0.0,15.0,0.0,0.0,0.0,0.0,0.0,0.0,"Mar 17, 2016"
1792,2308054.0,27416.0,Baghdad,Mada'in,Jaara,جعارة,33.167482748,44.5653347939,86.0,516.0,30.0,0.0,5.0,0.0,0.0,5.0,0.0,0.0,0.0,0.0,0.0,0.0,18.0,0.0,28.0,0.0,0.0,0.0,0.0,32.0,0.0,0.0,0.0,0.0,0.0,0.0,54.0,0.0,0.0,54.0,0.0,0.0,0.0,0.0,0.0,0.0,0.0,0.0,0.0,0.0,12.0,0.0,0.0,12.0,60.0,0.0,14.0,60.0,0.0,14.0,0.0,0.0,0.0,0.0,0.0,0.0,"Mar 17, 2016"
1793,2308055.0,27417.0,Baghdad,Mada'in,Hay Al Arooba,حي العروبة,33.1187091296,44.5761041587,62.0,372.0,26.0,0.0,6.0,0.0,0.0,3.0,0.0,0.0,0.0,0.0,0.0,0.0,16.0,0.0,11.0,0.0,0.0,0.0,0.0,16.0,0.0,0.0,0.0,0.0,0.0,0.0,46.0,0.0,0.0,46.0,0.0,0.0,0.0,0.0,0.0,0.0,0.0,0.0,0.0,0.0,11.0,0.0,0.0,11.0,35.0,0.0,16.0,35.0,0.0,16.0,0.0,0.0,0.0,0.0,0.0,0.0,"Mar 17, 2016"
1794,2308056.0,27418.0,Baghdad,Mada'in,Hay al Jamaiya,حي الجمعية,33.1052714115,44.5751077523,71.0,426.0,32.0,0.0,9.0,0.0,0.0,7.0,0.0,0.0,0.0,0.0,0.0,0.0,10.0,0.0,13.0,0.0,0.0,0.0,0.0,17.0,0.0,0.0,0.0,0.0,0.0,0.0,54.0,0.0,0.0,54.0,0.0,0.0,0.0,0.0,0.0,0.0,0.0,0.0,0.0,0.0,17.0,0.0,0.0,17.0,34.0,0.0,20.0,34.0,0.0,20.0,0.0,0.0,0.0,0.0,0.0,0.0,"Mar 17, 2016"
1795,2309001.0,23618.0,Baghdad,Mahmoudiya,14 Tamooz,حي 14 تموز,32.962569187,44.3553264027,236.0,1416.0,42.0,101.0,88.0,0.0,0.0,0.0,0.0,0.0,0.0,0.0,0.0,0.0,0.0,0.0,5.0,0.0,0.0,0.0,0.0,100.0,0.0,0.0,0.0,0.0,0.0,0.0,136.0,0.0,0.0,136.0,0.0,0.0,0.0,0.0,0.0,0.0,0.0,0.0,0.0,0.0,0.0,0.0,60.0,0.0,146.0,60.0,30.0,146.0,0.0,30.0,0.0,0.0,0.0,0.0,0.0,0.0,"Mar 17, 2016"
1796,2309002.0,7491.0,Baghdad,Mahmoudiya,Abu Hswa,مقاطعة أبو حصوة,33.09435883,44.30121312,107.0,642.0,107.0,0.0,0.0,0.0,0.0,0.0,0.0,0.0,0.0,0.0,0.0,0.0,0.0,0.0,0.0,0.0,0.0,0.0,0.0,107.0,0.0,0.0,0.0,0.0,0.0,0.0,0.0,0.0,0.0,0.0,0.0,0.0,0.0,0.0,0.0,0.0,0.0,0.0,0.0,0.0,0.0,0.0,0.0,0.0,30.0,0.0,77.0,30.0,0.0,77.0,0.0,0.0,0.0,0.0,0.0,0.0,"Mar 17, 2016"
1797,2309003.0,25147.0,Baghdad,Mahmoudiya,Al Kushek Al Ameri,مقاطعة الكشك الأميري,33.12669229,44.22151685,100.0,600.0,65.0,0.0,35.0,0.0,0.0,0.0,0.0,0.0,0.0,0.0,0.0,0.0,0.0,0.0,0.0,0.0,0.0,0.0,0.0,80.0,0.0,0.0,0.0,0.0,0.0,0.0,20.0,0.0,0.0,20.0,0.0,0.0,0.0,0.0,0.0,0.0,0.0,0.0,35.0,0.0,0.0,35.0,0.0,0.0,0.0,0.0,65.0,0.0,0.0,65.0,0.0,0.0,0.0,0.0,0.0,0.0,"Mar 17, 2016"
1798,2309005.0,25150.0,Baghdad,Mahmoudiya,Al Latefia-Al Qadessia,اللطيفية-حي القادسية,32.9704056974,44.3533154638,595.0,3570.0,54.0,219.0,317.0,0.0,0.0,0.0,0.0,0.0,0.0,0.0,0.0,0.0,0.0,0.0,5.0,0.0,0.0,0.0,0.0,200.0,0.0,32.0,0.0,0.0,32.0,0.0,363.0,0.0,0.0,363.0,0.0,0.0,0.0,0.0,0.0,0.0,0.0,0.0,0.0,0.0,0.0,0.0,240.0,0.0,320.0,240.0,35.0,320.0,0.0,35.0,0.0,0.0,0.0,0.0,0.0,0.0,"Mar 17, 2016"
1799,2309006.0,25149.0,Baghdad,Mahmoudiya,Al Latefia-Al Salam,اللطيفية-السلام,32.9996253435,44.3611122427,332.0,1992.0,26.0,94.0,207.0,0.0,0.0,0.0,0.0,0.0,0.0,0.0,0.0,0.0,0.0,0.0,5.0,0.0,0.0,0.0,0.0,98.0,0.0,0.0,0.0,0.0,0.0,0.0,234.0,0.0,0.0,234.0,0.0,0.0,0.0,0.0,0.0,0.0,0.0,0.0,0.0,0.0,0.0,0.0,98.0,0.0,218.0,98.0,16.0,218.0,0.0,16.0,0.0,0.0,0.0,0.0,0.0,0.0,"Mar 17, 2016"
1800,2309007.0,7615.0,Baghdad,Mahmoudiya,Hay Al-Askary,حي العسكري,33.0071134063,44.3662616747,82.0,492.0,24.0,20.0,34.0,0.0,0.0,0.0,0.0,0.0,0.0,0.0,0.0,0.0,0.0,0.0,4.0,0.0,0.0,0.0,0.0,47.0,0.0,0.0,0.0,0.0,0.0,0.0,35.0,0.0,0.0,35.0,0.0,0.0,0.0,0.0,0.0,0.0,0.0,0.0,0.0,0.0,0.0,0.0,47.0,0.0,21.0,47.0,14.0,21.0,0.0,14.0,0.0,0.0,0.0,0.0,0.0,0.0,"Mar 17, 2016"
1801,2309008.0,25152.0,Baghdad,Mahmoudiya,Kilo 18,كيلو 18,32.9632734078,44.3630610646,340.0,2040.0,37.0,202.0,95.0,0.0,0.0,0.0,0.0,0.0,0.0,0.0,0.0,0.0,0.0,0.0,6.0,0.0,0.0,0.0,0.0,214.0,0.0,0.0,0.0,0.0,0.0,0.0,126.0,0.0,0.0,126.0,0.0,0.0,0.0,0.0,0.0,0.0,0.0,0.0,0.0,0.0,0.0,0.0,214.0,0.0,92.0,214.0,34.0,92.0,0.0,34.0,0.0,0.0,0.0,0.0,0.0,0.0,"Mar 17, 2016"
1802,2309009.0,25154.0,Baghdad,Mahmoudiya,Kilo 25,كيلو 25,32.9482174673,44.3710636391,67.0,402.0,17.0,24.0,26.0,0.0,0.0,0.0,0.0,0.0,0.0,0.0,0.0,0.0,0.0,0.0,0.0,0.0,0.0,0.0,0.0,57.0,0.0,0.0,0.0,0.0,0.0,0.0,10.0,0.0,0.0,10.0,0.0,0.0,0.0,0.0,0.0,0.0,0.0,0.0,0.0,0.0,0.0,0.0,57.0,0.0,10.0,57.0,0.0,10.0,0.0,0.0,0.0,0.0,0.0,0.0,0.0,0.0,"Mar 17, 2016"
1803,2309010.0,25153.0,Baghdad,Mahmoudiya,Kilo 31,كيلو 31,32.9171407669,44.3996682648,14.0,84.0,0.0,4.0,10.0,0.0,0.0,0.0,0.0,0.0,0.0,0.0,0.0,0.0,0.0,0.0,0.0,0.0,0.0,0.0,0.0,14.0,0.0,0.0,0.0,0.0,0.0,0.0,0.0,0.0,0.0,0.0,0.0,0.0,0.0,0.0,0.0,0.0,0.0,0.0,0.0,0.0,0.0,0.0,14.0,0.0,0.0,14.0,0.0,0.0,0.0,0.0,0.0,0.0,0.0,0.0,0.0,0.0,"Mar 17, 2016"
1804,2309011.0,25155.0,Baghdad,Mahmoudiya,Tell Al Sumer village,قرية تل السمر,33.065538931,44.4977181376,35.0,210.0,0.0,11.0,24.0,0.0,0.0,0.0,0.0,0.0,0.0,0.0,0.0,0.0,0.0,0.0,0.0,0.0,0.0,0.0,0.0,35.0,0.0,0.0,0.0,0.0,0.0,0.0,0.0,0.0,0.0,0.0,0.0,0.0,0.0,0.0,0.0,0.0,0.0,0.0,0.0,0.0,0.0,0.0,35.0,0.0,0.0,35.0,0.0,0.0,0.0,0.0,0.0,0.0,0.0,0.0,0.0,0.0,"Mar 17, 2016"
1805,2309012.0,7639.0,Baghdad,Mahmoudiya,Al Mketmat,مقاطعة مكيطيمات,33.15500885,44.24328081,155.0,930.0,98.0,0.0,57.0,0.0,0.0,0.0,0.0,0.0,0.0,0.0,0.0,0.0,0.0,0.0,0.0,0.0,0.0,0.0,0.0,98.0,0.0,0.0,0.0,0.0,0.0,0.0,46.0,0.0,0.0,46.0,0.0,0.0,11.0,0.0,0.0,11.0,0.0,0.0,30.0,0.0,0.0,30.0,0.0,0.0,27.0,0.0,98.0,27.0,0.0,98.0,0.0,0.0,0.0,0.0,0.0,0.0,"Mar 17, 2016"
1806,2309013.0,25141.0,Baghdad,Mahmoudiya,Al Qaser Al Wsat Area-Hai Al Jameia,القصر والوسط-حي الجمعية,33.0820647758,44.257996364,96.0,576.0,96.0,0.0,0.0,0.0,0.0,0.0,0.0,0.0,0.0,0.0,0.0,0.0,0.0,0.0,0.0,0.0,0.0,0.0,0.0,37.0,0.0,0.0,0.0,0.0,0.0,0.0,59.0,0.0,0.0,59.0,0.0,0.0,0.0,0.0,0.0,0.0,0.0,0.0,17.0,0.0,0.0,17.0,0.0,0.0,2.0,0.0,77.0,2.0,0.0,77.0,0.0,0.0,0.0,0.0,0.0,0.0,"Mar 17, 2016"
1807,2309014.0,25146.0,Baghdad,Mahmoudiya,Al Radhwania Al Sharkia,مقاطعة الرضوانية الشرقية,33.21624812,44.17309843,1375.0,8250.0,802.0,95.0,199.0,0.0,0.0,0.0,0.0,0.0,164.0,0.0,0.0,0.0,0.0,0.0,115.0,0.0,0.0,0.0,0.0,375.0,0.0,0.0,0.0,0.0,0.0,0.0,1000.0,0.0,0.0,1000.0,0.0,0.0,0.0,0.0,0.0,0.0,0.0,0.0,89.0,0.0,205.0,89.0,291.0,205.0,685.0,291.0,105.0,685.0,0.0,105.0,0.0,0.0,0.0,0.0,0.0,0.0,"Mar 17, 2016"
1808,2309015.0,25775.0,Baghdad,Mahmoudiya,Al Wahda Camp,مخيم الوحدة,33.11239997,44.37857119,162.0,972.0,162.0,0.0,0.0,0.0,0.0,0.0,0.0,0.0,0.0,0.0,0.0,0.0,0.0,0.0,0.0,0.0,0.0,0.0,162.0,0.0,0.0,0.0,0.0,0.0,0.0,0.0,0.0,0.0,0.0,0.0,0.0,0.0,0.0,0.0,0.0,0.0,0.0,0.0,0.0,0.0,0.0,0.0,0.0,0.0,0.0,0.0,162.0,0.0,0.0,162.0,0.0,0.0,0.0,0.0,0.0,0.0,"Mar 17, 2016"
1809,2309016.0,23578.0,Baghdad,Mahmoudiya,Al Adwaniya,العدوانية,33.1430257621,44.3866620885,270.0,1620.0,176.0,0.0,47.0,0.0,0.0,0.0,0.0,0.0,0.0,0.0,0.0,0.0,0.0,0.0,47.0,0.0,0.0,0.0,0.0,50.0,0.0,15.0,0.0,0.0,15.0,0.0,151.0,0.0,0.0,151.0,0.0,0.0,0.0,0.0,54.0,0.0,0.0,54.0,27.0,0.0,0.0,27.0,0.0,0.0,34.0,0.0,209.0,34.0,0.0,209.0,0.0,0.0,0.0,0.0,0.0,0.0,"Mar 17, 2016"
1810,2309017.0,24121.0,Baghdad,Mahmoudiya,Hay Al Modhafeen-210,حي الموظفين-210,33.0638450598,44.3599770294,69.0,414.0,53.0,0.0,6.0,0.0,0.0,2.0,0.0,0.0,0.0,0.0,0.0,0.0,5.0,0.0,3.0,0.0,0.0,0.0,0.0,14.0,0.0,0.0,0.0,0.0,0.0,0.0,55.0,0.0,0.0,55.0,0.0,0.0,0.0,0.0,0.0,0.0,0.0,0.0,12.0,0.0,16.0,12.0,0.0,16.0,0.0,0.0,41.0,0.0,0.0,41.0,0.0,0.0,0.0,0.0,0.0,0.0,"Mar 17, 2016"
1811,2309018.0,25831.0,Baghdad,Mahmoudiya,-Check Point 75(Al-Rasheed-Khaimat Al Iraq)Camp-,خيمة العراق,33.12936386,44.3585688,63.0,378.0,63.0,0.0,0.0,0.0,0.0,0.0,0.0,0.0,0.0,0.0,0.0,0.0,0.0,0.0,0.0,0.0,0.0,0.0,63.0,0.0,0.0,0.0,0.0,0.0,0.0,0.0,0.0,0.0,0.0,0.0,0.0,0.0,0.0,0.0,0.0,0.0,0.0,0.0,0.0,0.0,0.0,0.0,0.0,0.0,0.0,0.0,63.0,0.0,0.0,63.0,0.0,0.0,0.0,0.0,0.0,0.0,"Mar 17, 2016"
1812,2309019.0,24091.0,Baghdad,Mahmoudiya,Hay Al-Rubaiy-204,حي الربيعي-204,33.052740879,44.3591775005,94.0,564.0,69.0,0.0,25.0,0.0,0.0,0.0,0.0,0.0,0.0,0.0,0.0,0.0,0.0,0.0,0.0,0.0,0.0,0.0,0.0,38.0,0.0,0.0,0.0,0.0,0.0,0.0,56.0,0.0,0.0,56.0,0.0,0.0,0.0,0.0,0.0,0.0,0.0,0.0,13.0,0.0,0.0,13.0,0.0,0.0,37.0,0.0,44.0,37.0,0.0,44.0,0.0,0.0,0.0,0.0,0.0,0.0,"Mar 17, 2016"
1813,2309021.0,7754.0,Baghdad,Mahmoudiya,Biyar Al-Hamam,مقاطعة بير الحمام,33.081422651,44.2563018659,119.0,714.0,69.0,50.0,0.0,0.0,0.0,0.0,0.0,0.0,0.0,0.0,0.0,0.0,0.0,0.0,0.0,0.0,0.0,0.0,0.0,103.0,0.0,0.0,0.0,0.0,0.0,0.0,16.0,0.0,0.0,16.0,0.0,0.0,0.0,0.0,0.0,0.0,0.0,0.0,0.0,0.0,0.0,0.0,50.0,0.0,0.0,50.0,69.0,0.0,0.0,69.0,0.0,0.0,0.0,0.0,0.0,0.0,"Mar 17, 2016"
1814,2309022.0,25145.0,Baghdad,Mahmoudiya,Dereia w Um Mahar,مقاطعة ديرية وأم محار,33.0912533382,44.2836061763,92.0,552.0,92.0,0.0,0.0,0.0,0.0,0.0,0.0,0.0,0.0,0.0,0.0,0.0,0.0,0.0,0.0,0.0,0.0,0.0,0.0,73.0,0.0,0.0,0.0,0.0,0.0,0.0,19.0,0.0,0.0,19.0,0.0,0.0,0.0,0.0,0.0,0.0,0.0,0.0,0.0,0.0,0.0,0.0,0.0,0.0,35.0,0.0,57.0,35.0,0.0,57.0,0.0,0.0,0.0,0.0,0.0,0.0,"Mar 17, 2016"
1815,2309023.0,25143.0,Baghdad,Mahmoudiya,Hay Al Rabee,حي الربيع,33.08241,44.25829,103.0,618.0,93.0,0.0,0.0,0.0,0.0,0.0,0.0,0.0,0.0,0.0,0.0,0.0,0.0,0.0,10.0,0.0,0.0,0.0,0.0,55.0,0.0,0.0,0.0,0.0,0.0,0.0,48.0,0.0,0.0,48.0,0.0,0.0,0.0,0.0,0.0,0.0,0.0,0.0,0.0,0.0,0.0,0.0,0.0,0.0,10.0,0.0,93.0,10.0,0.0,93.0,0.0,0.0,0.0,0.0,0.0,0.0,"Mar 17, 2016"
1816,2309024.0,25144.0,Baghdad,Mahmoudiya,Hay Al Sekalat,حي السكلات,33.0780648,44.25025932,98.0,588.0,79.0,15.0,0.0,0.0,0.0,0.0,0.0,0.0,0.0,0.0,0.0,0.0,0.0,0.0,4.0,0.0,0.0,0.0,0.0,29.0,0.0,0.0,0.0,0.0,0.0,0.0,69.0,0.0,0.0,69.0,0.0,0.0,0.0,0.0,0.0,0.0,0.0,0.0,0.0,0.0,0.0,0.0,15.0,0.0,5.0,15.0,78.0,5.0,0.0,78.0,0.0,0.0,0.0,0.0,0.0,0.0,"Mar 17, 2016"
1817,2309025.0,25142.0,Baghdad,Mahmoudiya,Hay Al Sukur,حي الصقور,33.07505465,44.24704241,82.0,492.0,82.0,0.0,0.0,0.0,0.0,0.0,0.0,0.0,0.0,0.0,0.0,0.0,0.0,0.0,0.0,0.0,0.0,0.0,0.0,35.0,0.0,0.0,0.0,0.0,0.0,0.0,47.0,0.0,0.0,47.0,0.0,0.0,0.0,0.0,0.0,0.0,0.0,0.0,0.0,0.0,0.0,0.0,13.0,0.0,0.0,13.0,69.0,0.0,0.0,69.0,0.0,0.0,0.0,0.0,0.0,0.0,"Mar 17, 2016"
1818,2309027.0,21463.0,Baghdad,Mahmoudiya,Hay Al Mazraa,حي المزرعة ,33.0020125861,44.3659542604,56.0,336.0,17.0,39.0,0.0,0.0,0.0,0.0,0.0,0.0,0.0,0.0,0.0,0.0,0.0,0.0,0.0,0.0,0.0,0.0,0.0,0.0,0.0,0.0,0.0,0.0,0.0,0.0,56.0,0.0,0.0,56.0,0.0,0.0,0.0,0.0,0.0,0.0,0.0,0.0,0.0,0.0,0.0,0.0,39.0,0.0,0.0,39.0,17.0,0.0,0.0,17.0,0.0,0.0,0.0,0.0,0.0,0.0,"Mar 17, 2016"
1819,2309028.0,7616.0,Baghdad,Mahmoudiya,Hay Al-Sajjad,حي السجاد,33.0815855922,44.2526505746,107.0,642.0,92.0,15.0,0.0,0.0,0.0,0.0,0.0,0.0,0.0,0.0,0.0,0.0,0.0,0.0,0.0,0.0,0.0,0.0,0.0,61.0,0.0,0.0,0.0,0.0,0.0,0.0,46.0,0.0,0.0,46.0,0.0,0.0,0.0,0.0,0.0,0.0,0.0,0.0,0.0,0.0,0.0,0.0,15.0,0.0,0.0,15.0,92.0,0.0,0.0,92.0,0.0,0.0,0.0,0.0,0.0,0.0,"Mar 17, 2016"
1820,2309029.0,7618.0,Baghdad,Mahmoudiya,Al shaheed village-(Al Harkawi Southern),قرية الشهيد مصحب-الحركاوي الجنوبية,33.07626,44.1777536799,265.0,1590.0,165.0,100.0,0.0,0.0,0.0,0.0,0.0,0.0,0.0,0.0,0.0,0.0,0.0,0.0,0.0,0.0,0.0,0.0,0.0,184.0,0.0,0.0,0.0,0.0,0.0,0.0,81.0,0.0,0.0,81.0,0.0,0.0,0.0,0.0,0.0,0.0,0.0,0.0,0.0,0.0,0.0,0.0,100.0,0.0,0.0,100.0,165.0,0.0,0.0,165.0,0.0,0.0,0.0,0.0,0.0,0.0,"Mar 17, 2016"
1821,2309030.0,7733.0,Baghdad,Mahmoudiya,Hay Al Zuhoor,حي الزهور,32.9673387036,44.3638803818,193.0,1158.0,36.0,76.0,81.0,0.0,0.0,0.0,0.0,0.0,0.0,0.0,0.0,0.0,0.0,0.0,0.0,0.0,0.0,0.0,0.0,75.0,0.0,0.0,0.0,0.0,0.0,0.0,118.0,0.0,0.0,118.0,0.0,0.0,0.0,0.0,0.0,0.0,0.0,0.0,0.0,0.0,0.0,0.0,51.0,0.0,110.0,51.0,32.0,110.0,0.0,32.0,0.0,0.0,0.0,0.0,0.0,0.0,"Mar 17, 2016"
1822,2309031.0,25936.0,Baghdad,Mahmoudiya,Al Radhwania Al Sharkia-Obaid Al Saher Village,الرضوانية الشرقية-قرية عبيد الساهر,33.2162308953,44.1670154364,22.0,132.0,22.0,0.0,0.0,0.0,0.0,0.0,0.0,0.0,0.0,0.0,0.0,0.0,0.0,0.0,0.0,0.0,0.0,0.0,0.0,6.0,0.0,0.0,0.0,0.0,0.0,0.0,16.0,0.0,0.0,16.0,0.0,0.0,0.0,0.0,0.0,0.0,0.0,0.0,0.0,0.0,0.0,0.0,0.0,0.0,16.0,0.0,6.0,16.0,0.0,6.0,0.0,0.0,0.0,0.0,0.0,0.0,"Mar 17, 2016"
1823,2309034.0,25148.0,Baghdad,Mahmoudiya,Zoya Al Akrad,زوية الأكراد,33.11960225,44.07074346,63.0,378.0,63.0,0.0,0.0,0.0,0.0,0.0,0.0,0.0,0.0,0.0,0.0,0.0,0.0,0.0,0.0,0.0,0.0,0.0,0.0,63.0,0.0,0.0,0.0,0.0,0.0,0.0,0.0,0.0,0.0,0.0,0.0,0.0,0.0,0.0,0.0,0.0,0.0,0.0,0.0,0.0,0.0,0.0,0.0,0.0,0.0,0.0,63.0,0.0,0.0,63.0,0.0,0.0,0.0,0.0,0.0,0.0,"Mar 17, 2016"
1824,2309035.0,26102.0,Baghdad,Mahmoudiya,Al Yusifiya camp,مخيم اليوسفية,33.12455727,44.05057846,493.0,2958.0,493.0,0.0,0.0,0.0,0.0,0.0,0.0,0.0,0.0,0.0,0.0,0.0,0.0,0.0,0.0,0.0,0.0,0.0,493.0,0.0,0.0,0.0,0.0,0.0,0.0,0.0,0.0,0.0,0.0,0.0,0.0,0.0,0.0,0.0,0.0,0.0,0.0,0.0,0.0,0.0,0.0,0.0,0.0,0.0,0.0,0.0,493.0,0.0,0.0,493.0,0.0,0.0,0.0,0.0,0.0,0.0,"Mar 17, 2016"
1825,2309037.0,26104.0,Baghdad,Mahmoudiya,Sader Al Yousifiya Camp,(عبد الكريم العبطان)مخيم صدر اليوسفية,33.10661324,44.08635095,67.0,402.0,67.0,0.0,0.0,0.0,0.0,0.0,0.0,0.0,0.0,0.0,0.0,0.0,0.0,0.0,0.0,0.0,0.0,0.0,0.0,0.0,0.0,67.0,0.0,0.0,67.0,0.0,0.0,0.0,0.0,0.0,0.0,0.0,0.0,0.0,0.0,0.0,0.0,0.0,0.0,0.0,0.0,0.0,0.0,0.0,0.0,0.0,67.0,0.0,0.0,67.0,0.0,0.0,0.0,0.0,0.0,0.0,"Mar 17, 2016"
1826,2309038.0,26106.0,Baghdad,Mahmoudiya,Bezbez brighde collective center,خيم جسر بزيبز,33.13896098,44.03895149,65.0,390.0,65.0,0.0,0.0,0.0,0.0,0.0,0.0,0.0,0.0,0.0,0.0,0.0,0.0,0.0,0.0,0.0,0.0,0.0,0.0,0.0,0.0,65.0,0.0,0.0,65.0,0.0,0.0,0.0,0.0,0.0,0.0,0.0,0.0,0.0,0.0,0.0,0.0,0.0,0.0,0.0,0.0,0.0,0.0,0.0,0.0,0.0,65.0,0.0,0.0,65.0,0.0,0.0,0.0,0.0,0.0,0.0,"Mar 17, 2016"
1827,2309039.0,26103.0,Baghdad,Mahmoudiya,Mohammed Abass Al Nabet Collective Center,خيم محمد عباس النبت,33.13784637,44.04666921,130.0,780.0,130.0,0.0,0.0,0.0,0.0,0.0,0.0,0.0,0.0,0.0,0.0,0.0,0.0,0.0,0.0,0.0,0.0,0.0,0.0,0.0,0.0,130.0,0.0,0.0,130.0,0.0,0.0,0.0,0.0,0.0,0.0,0.0,0.0,0.0,0.0,0.0,0.0,0.0,0.0,0.0,0.0,0.0,0.0,0.0,0.0,0.0,130.0,0.0,0.0,130.0,0.0,0.0,0.0,0.0,0.0,0.0,"Mar 17, 2016"
1828,2309040.0,7456.0,Baghdad,Mahmoudiya,Hay Abu Shamaa,حي ابو شمع,33.0517555566,44.3440747425,73.0,438.0,18.0,0.0,50.0,0.0,0.0,0.0,0.0,0.0,0.0,0.0,0.0,0.0,1.0,0.0,4.0,0.0,0.0,0.0,0.0,34.0,0.0,0.0,0.0,0.0,0.0,0.0,39.0,0.0,0.0,39.0,0.0,0.0,0.0,0.0,0.0,0.0,0.0,0.0,0.0,0.0,25.0,0.0,24.0,25.0,9.0,24.0,15.0,9.0,0.0,15.0,0.0,0.0,0.0,0.0,0.0,0.0,"Mar 17, 2016"
1829,2309041.0,7753.0,Baghdad,Mahmoudiya,Al Zahraa Complex,مجمع الزهراء,33.0748362861,44.343705484,68.0,408.0,56.0,0.0,3.0,0.0,0.0,0.0,0.0,0.0,0.0,0.0,0.0,0.0,2.0,0.0,7.0,0.0,0.0,0.0,0.0,23.0,0.0,0.0,0.0,0.0,0.0,0.0,45.0,0.0,0.0,45.0,0.0,0.0,0.0,0.0,0.0,0.0,0.0,0.0,10.0,0.0,5.0,10.0,0.0,5.0,12.0,0.0,41.0,12.0,0.0,41.0,0.0,0.0,0.0,0.0,0.0,0.0,"Mar 17, 2016"
1830,2309042.0,7758.0,Baghdad,Mahmoudiya,Hay Bader,حي بدر,33.0921367953,44.3697493617,62.0,372.0,23.0,0.0,33.0,0.0,0.0,0.0,0.0,0.0,0.0,0.0,0.0,0.0,0.0,0.0,6.0,0.0,0.0,0.0,0.0,35.0,0.0,0.0,0.0,0.0,0.0,0.0,27.0,0.0,0.0,27.0,0.0,0.0,0.0,0.0,0.0,0.0,0.0,0.0,3.0,0.0,24.0,3.0,9.0,24.0,6.0,9.0,20.0,6.0,0.0,20.0,0.0,0.0,0.0,0.0,0.0,0.0,"Mar 17, 2016"
1831,2309043.0,27251.0,Baghdad,Mahmoudiya,Mustafa complex,مجمع المصطفى,33.0649563511,44.3520977053,70.0,420.0,65.0,0.0,5.0,0.0,0.0,0.0,0.0,0.0,0.0,0.0,0.0,0.0,0.0,0.0,0.0,0.0,0.0,0.0,0.0,10.0,0.0,0.0,0.0,0.0,0.0,0.0,60.0,0.0,0.0,60.0,0.0,0.0,0.0,0.0,0.0,0.0,0.0,0.0,0.0,0.0,0.0,0.0,0.0,0.0,25.0,0.0,45.0,25.0,0.0,45.0,0.0,0.0,0.0,0.0,0.0,0.0,"Mar 17, 2016"
1832,2309044.0,27252.0,Baghdad,Mahmoudiya,Hay Al Rasul,حي الرسول,33.0466755325,44.3582342323,100.0,600.0,42.0,0.0,40.0,0.0,0.0,10.0,0.0,0.0,0.0,0.0,0.0,0.0,0.0,0.0,8.0,0.0,0.0,0.0,0.0,26.0,0.0,0.0,0.0,0.0,0.0,0.0,74.0,0.0,0.0,74.0,0.0,0.0,0.0,0.0,0.0,0.0,0.0,0.0,0.0,0.0,23.0,0.0,35.0,23.0,0.0,35.0,42.0,0.0,0.0,42.0,0.0,0.0,0.0,0.0,0.0,0.0,"Mar 17, 2016"
1833,2309045.0,27253.0,Baghdad,Mahmoudiya,Al sajad Complex,مجمع السجاد,33.0724988589,44.3551557387,50.0,300.0,32.0,0.0,8.0,0.0,0.0,0.0,0.0,0.0,0.0,0.0,0.0,0.0,0.0,0.0,10.0,0.0,0.0,0.0,0.0,16.0,0.0,0.0,0.0,0.0,0.0,0.0,34.0,0.0,0.0,34.0,0.0,0.0,0.0,0.0,0.0,0.0,0.0,0.0,0.0,0.0,0.0,0.0,0.0,0.0,20.0,0.0,30.0,20.0,0.0,30.0,0.0,0.0,0.0,0.0,0.0,0.0,"Mar 17, 2016"
1834,2309046.0,27292.0,Baghdad,Mahmoudiya,Ahmed Abbas Al Nabit collective center,خيم احمد النبت,33.1385921,44.06196865,225.0,1350.0,225.0,0.0,0.0,0.0,0.0,0.0,0.0,0.0,0.0,0.0,0.0,0.0,0.0,0.0,0.0,0.0,0.0,0.0,0.0,0.0,0.0,225.0,0.0,0.0,225.0,0.0,0.0,0.0,0.0,0.0,0.0,0.0,0.0,0.0,0.0,0.0,0.0,0.0,0.0,0.0,0.0,0.0,0.0,0.0,0.0,0.0,225.0,0.0,0.0,225.0,0.0,0.0,0.0,0.0,0.0,0.0,"Mar 17, 2016"
1835,2309047.0,27321.0,Baghdad,Mahmoudiya,Hay Al-Zaahraa,حي الزهراء,33.1152606388,44.3683596789,72.0,432.0,7.0,1.0,54.0,0.0,0.0,0.0,0.0,0.0,0.0,0.0,0.0,0.0,0.0,0.0,10.0,0.0,0.0,0.0,0.0,18.0,0.0,0.0,0.0,0.0,0.0,0.0,54.0,0.0,0.0,54.0,0.0,0.0,0.0,0.0,0.0,0.0,0.0,0.0,18.0,0.0,0.0,18.0,0.0,0.0,0.0,0.0,54.0,0.0,0.0,54.0,0.0,0.0,0.0,0.0,0.0,0.0,"Mar 17, 2016"
1836,2309048.0,27322.0,Baghdad,Mahmoudiya,Hay Al-Zayton,حي الزيتون,33.1249150774,44.3656374187,87.0,522.0,15.0,1.0,68.0,0.0,0.0,0.0,0.0,0.0,0.0,0.0,0.0,0.0,0.0,0.0,3.0,0.0,0.0,0.0,0.0,40.0,0.0,0.0,0.0,0.0,0.0,0.0,47.0,0.0,0.0,47.0,0.0,0.0,0.0,0.0,0.0,0.0,0.0,0.0,10.0,0.0,0.0,10.0,20.0,0.0,47.0,20.0,10.0,47.0,0.0,10.0,0.0,0.0,0.0,0.0,0.0,0.0,"Mar 17, 2016"
1837,2309049.0,27323.0,Baghdad,Mahmoudiya,Al-Zanbrania,الزنبرانية,33.106951,44.499209,110.0,660.0,61.0,1.0,44.0,0.0,0.0,0.0,0.0,0.0,0.0,0.0,0.0,0.0,0.0,0.0,4.0,0.0,0.0,0.0,0.0,60.0,0.0,0.0,0.0,0.0,0.0,0.0,50.0,0.0,0.0,50.0,0.0,0.0,0.0,0.0,0.0,0.0,0.0,0.0,20.0,0.0,30.0,20.0,20.0,30.0,20.0,20.0,20.0,20.0,0.0,20.0,0.0,0.0,0.0,0.0,0.0,0.0,"Mar 17, 2016"
1838,2309050.0,27324.0,Baghdad,Mahmoudiya,Kuwaresh,كويريش,33.1790614401,44.3656843587,168.0,1008.0,100.0,0.0,30.0,0.0,0.0,0.0,0.0,0.0,0.0,0.0,0.0,0.0,0.0,0.0,38.0,0.0,0.0,0.0,0.0,68.0,0.0,0.0,0.0,0.0,0.0,0.0,100.0,0.0,0.0,100.0,0.0,0.0,0.0,0.0,0.0,0.0,0.0,0.0,0.0,0.0,30.0,0.0,26.0,30.0,60.0,26.0,52.0,60.0,0.0,52.0,0.0,0.0,0.0,0.0,0.0,0.0,"Mar 17, 2016"
1839,2309051.0,7752.0,Baghdad,Mahmoudiya,Hay Al-Salam,حي السلام,33.1640307,44.36094823,32.0,192.0,9.0,0.0,20.0,0.0,0.0,0.0,0.0,0.0,0.0,0.0,0.0,0.0,0.0,0.0,3.0,0.0,0.0,0.0,0.0,9.0,0.0,0.0,0.0,0.0,0.0,0.0,23.0,0.0,0.0,23.0,0.0,0.0,0.0,0.0,0.0,0.0,0.0,0.0,10.0,0.0,0.0,10.0,12.0,0.0,10.0,12.0,0.0,10.0,0.0,0.0,0.0,0.0,0.0,0.0,0.0,0.0,"Mar 17, 2016"
1840,2309052.0,7364.0,Baghdad,Mahmoudiya,Sader Al Yousfiya,صدر اليوسفية,33.111884291,44.1809879489,220.0,1320.0,220.0,0.0,0.0,0.0,0.0,0.0,0.0,0.0,0.0,0.0,0.0,0.0,0.0,0.0,0.0,0.0,0.0,0.0,0.0,0.0,0.0,161.0,0.0,0.0,161.0,0.0,0.0,0.0,0.0,0.0,0.0,0.0,0.0,0.0,59.0,0.0,0.0,59.0,0.0,0.0,0.0,0.0,0.0,0.0,0.0,0.0,220.0,0.0,0.0,220.0,0.0,0.0,0.0,0.0,0.0,0.0,"Mar 17, 2016"
1841,2309053.0,28404.0,Baghdad,Mahmoudiya,Al Alkhmysaat,الرشيد-الخميسات,33.12867098,44.37854965,101.0,606.0,37.0,0.0,46.0,0.0,0.0,0.0,0.0,0.0,0.0,0.0,0.0,0.0,0.0,0.0,18.0,0.0,0.0,0.0,0.0,41.0,0.0,0.0,0.0,0.0,0.0,0.0,60.0,0.0,0.0,60.0,0.0,0.0,0.0,0.0,0.0,0.0,0.0,0.0,0.0,0.0,0.0,0.0,0.0,0.0,69.0,0.0,32.0,69.0,0.0,32.0,0.0,0.0,0.0,0.0,0.0,0.0,"Mar 17, 2016"
1842,2309054.0,28403.0,Baghdad,Mahmoudiya,Al-Rasheed-14 Tamoz,الرشيد-14 تموز,33.1199528326,44.3694980249,86.0,516.0,12.0,0.0,69.0,0.0,0.0,0.0,0.0,0.0,0.0,0.0,0.0,0.0,0.0,0.0,5.0,0.0,0.0,0.0,0.0,33.0,0.0,0.0,0.0,0.0,0.0,0.0,53.0,0.0,0.0,53.0,0.0,0.0,0.0,0.0,0.0,0.0,0.0,0.0,0.0,0.0,0.0,0.0,24.0,0.0,53.0,24.0,9.0,53.0,0.0,9.0,0.0,0.0,0.0,0.0,0.0,0.0,"Mar 17, 2016"
1843,2310001.0,25427.0,Baghdad,Tarmia,Abu Sreweel Village,قرية أبو سريويل,33.7027772628,44.4229673907,120.0,720.0,0.0,0.0,0.0,0.0,0.0,0.0,0.0,0.0,0.0,0.0,0.0,0.0,0.0,0.0,120.0,0.0,0.0,0.0,0.0,92.0,0.0,0.0,0.0,0.0,0.0,0.0,28.0,0.0,0.0,28.0,0.0,0.0,0.0,0.0,0.0,0.0,0.0,0.0,0.0,0.0,0.0,0.0,30.0,0.0,90.0,30.0,0.0,90.0,0.0,0.0,0.0,0.0,0.0,0.0,0.0,0.0,"Mar 17, 2016"
1844,2310002.0,25416.0,Baghdad,Tarmia,Al Farook Quarter-1,حي الفاروق-1,33.659107698,44.3886697418,100.0,600.0,45.0,0.0,0.0,0.0,0.0,0.0,0.0,0.0,0.0,0.0,0.0,0.0,0.0,0.0,55.0,0.0,0.0,0.0,0.0,65.0,0.0,0.0,0.0,0.0,0.0,0.0,35.0,0.0,0.0,35.0,0.0,0.0,0.0,0.0,0.0,0.0,0.0,0.0,0.0,0.0,0.0,0.0,80.0,0.0,20.0,80.0,0.0,20.0,0.0,0.0,0.0,0.0,0.0,0.0,0.0,0.0,"Mar 17, 2016"
1845,2310003.0,25417.0,Baghdad,Tarmia,Al Farook Quarter-2,حي الفاروق-2,33.6618727217,44.3940843493,135.0,810.0,88.0,0.0,0.0,0.0,0.0,0.0,0.0,0.0,0.0,0.0,0.0,0.0,0.0,0.0,47.0,0.0,0.0,0.0,0.0,45.0,0.0,0.0,0.0,0.0,0.0,0.0,90.0,0.0,0.0,90.0,0.0,0.0,0.0,0.0,0.0,0.0,0.0,0.0,63.0,0.0,0.0,63.0,25.0,0.0,47.0,25.0,0.0,47.0,0.0,0.0,0.0,0.0,0.0,0.0,0.0,0.0,"Mar 17, 2016"
1846,2310004.0,21685.0,Baghdad,Tarmia,Al Khadraa village,قرية الخضراء,33.6763077707,44.3729867367,120.0,720.0,120.0,0.0,0.0,0.0,0.0,0.0,0.0,0.0,0.0,0.0,0.0,0.0,0.0,0.0,0.0,0.0,0.0,0.0,0.0,120.0,0.0,0.0,0.0,0.0,0.0,0.0,0.0,0.0,0.0,0.0,0.0,0.0,0.0,0.0,0.0,0.0,0.0,0.0,55.0,0.0,30.0,55.0,35.0,30.0,0.0,35.0,0.0,0.0,0.0,0.0,0.0,0.0,0.0,0.0,0.0,0.0,"Mar 17, 2016"
1847,2310005.0,23738.0,Baghdad,Tarmia,Al Rawad,الرواد,33.7313635097,44.2596759882,101.0,606.0,101.0,0.0,0.0,0.0,0.0,0.0,0.0,0.0,0.0,0.0,0.0,0.0,0.0,0.0,0.0,0.0,0.0,0.0,0.0,90.0,0.0,11.0,0.0,0.0,11.0,0.0,0.0,0.0,0.0,0.0,0.0,0.0,0.0,0.0,0.0,0.0,0.0,0.0,101.0,0.0,0.0,101.0,0.0,0.0,0.0,0.0,0.0,0.0,0.0,0.0,0.0,0.0,0.0,0.0,0.0,0.0,"Mar 17, 2016"
1848,2310006.0,24061.0,Baghdad,Tarmia,Al Tarmiya Center,مركز الطارمية,33.6637211133,44.3988496518,100.0,600.0,100.0,0.0,0.0,0.0,0.0,0.0,0.0,0.0,0.0,0.0,0.0,0.0,0.0,0.0,0.0,0.0,0.0,0.0,0.0,80.0,0.0,0.0,0.0,0.0,0.0,0.0,20.0,0.0,0.0,20.0,0.0,0.0,0.0,0.0,0.0,0.0,0.0,0.0,100.0,0.0,0.0,100.0,0.0,0.0,0.0,0.0,0.0,0.0,0.0,0.0,0.0,0.0,0.0,0.0,0.0,0.0,"Mar 17, 2016"
1849,2310007.0,24063.0,Baghdad,Tarmia,Al-Abayechi-1,العبايجي-1,33.7348716687,44.3927079262,42.0,252.0,42.0,0.0,0.0,0.0,0.0,0.0,0.0,0.0,0.0,0.0,0.0,0.0,0.0,0.0,0.0,0.0,0.0,0.0,0.0,20.0,0.0,0.0,0.0,0.0,0.0,0.0,15.0,0.0,0.0,15.0,0.0,0.0,0.0,0.0,0.0,0.0,7.0,0.0,42.0,7.0,0.0,42.0,0.0,0.0,0.0,0.0,0.0,0.0,0.0,0.0,0.0,0.0,0.0,0.0,0.0,0.0,"Mar 17, 2016"
1850,2310008.0,24071.0,Baghdad,Tarmia,Al-Abayechi-10,العبايجي-10,33.7711739838,44.3781218596,30.0,180.0,30.0,0.0,0.0,0.0,0.0,0.0,0.0,0.0,0.0,0.0,0.0,0.0,0.0,0.0,0.0,0.0,0.0,0.0,0.0,21.0,0.0,0.0,0.0,0.0,0.0,0.0,9.0,0.0,0.0,9.0,0.0,0.0,0.0,0.0,0.0,0.0,0.0,0.0,30.0,0.0,0.0,30.0,0.0,0.0,0.0,0.0,0.0,0.0,0.0,0.0,0.0,0.0,0.0,0.0,0.0,0.0,"Mar 17, 2016"
1851,2310009.0,25419.0,Baghdad,Tarmia,Hai Al Hukem Al Mahali,حي الحكم المحلي,33.6645732127,44.3814989438,170.0,1020.0,131.0,0.0,0.0,0.0,0.0,22.0,0.0,0.0,0.0,0.0,0.0,0.0,0.0,0.0,17.0,0.0,0.0,0.0,0.0,60.0,0.0,0.0,0.0,0.0,0.0,0.0,110.0,0.0,0.0,110.0,0.0,0.0,0.0,0.0,0.0,0.0,0.0,0.0,88.0,0.0,0.0,88.0,82.0,0.0,0.0,82.0,0.0,0.0,0.0,0.0,0.0,0.0,0.0,0.0,0.0,0.0,"Mar 17, 2016"
1852,2310010.0,25423.0,Baghdad,Tarmia,Hai Al Qadessia-1,حي القادسية-1,33.6716716711,44.3792465793,195.0,1170.0,141.0,0.0,0.0,0.0,0.0,0.0,0.0,0.0,0.0,0.0,0.0,0.0,0.0,0.0,54.0,0.0,0.0,0.0,0.0,75.0,0.0,0.0,0.0,0.0,0.0,0.0,120.0,0.0,0.0,120.0,0.0,0.0,0.0,0.0,0.0,0.0,0.0,0.0,0.0,0.0,0.0,0.0,116.0,0.0,79.0,116.0,0.0,79.0,0.0,0.0,0.0,0.0,0.0,0.0,0.0,0.0,"Mar 17, 2016"
1853,2310011.0,25424.0,Baghdad,Tarmia,Hai Al Qadessia-2,حي القادسية-2,33.6715319172,44.3719024779,185.0,1110.0,90.0,0.0,0.0,0.0,0.0,0.0,0.0,0.0,0.0,0.0,0.0,0.0,0.0,0.0,95.0,0.0,0.0,0.0,0.0,55.0,0.0,0.0,0.0,0.0,0.0,0.0,130.0,0.0,0.0,130.0,0.0,0.0,0.0,0.0,0.0,0.0,0.0,0.0,68.0,0.0,0.0,68.0,95.0,0.0,22.0,95.0,0.0,22.0,0.0,0.0,0.0,0.0,0.0,0.0,0.0,0.0,"Mar 17, 2016"
1854,2310012.0,25418.0,Baghdad,Tarmia,Hai Al Resala,حي الرسالة,33.6656353193,44.393639303,149.0,894.0,102.0,0.0,0.0,0.0,0.0,0.0,0.0,0.0,0.0,0.0,0.0,0.0,0.0,0.0,47.0,0.0,0.0,0.0,0.0,64.0,0.0,0.0,0.0,0.0,0.0,0.0,85.0,0.0,0.0,85.0,0.0,0.0,0.0,0.0,0.0,0.0,0.0,0.0,55.0,0.0,0.0,55.0,0.0,0.0,94.0,0.0,0.0,94.0,0.0,0.0,0.0,0.0,0.0,0.0,0.0,0.0,"Mar 17, 2016"
1855,2310013.0,25420.0,Baghdad,Tarmia,Hai Al Sedeq,حي الصديق,33.663912703,44.3756232648,171.0,1026.0,118.0,0.0,0.0,0.0,0.0,0.0,0.0,0.0,0.0,0.0,0.0,0.0,0.0,0.0,53.0,0.0,0.0,0.0,0.0,35.0,0.0,0.0,0.0,0.0,0.0,0.0,136.0,0.0,0.0,136.0,0.0,0.0,0.0,0.0,0.0,0.0,0.0,0.0,0.0,0.0,0.0,0.0,53.0,0.0,118.0,53.0,0.0,118.0,0.0,0.0,0.0,0.0,0.0,0.0,0.0,0.0,"Mar 17, 2016"
1856,2310014.0,25422.0,Baghdad,Tarmia,Hai Al Turba,حي التربة,33.6639000452,44.3682005491,155.0,930.0,103.0,0.0,0.0,0.0,0.0,20.0,0.0,0.0,0.0,0.0,0.0,0.0,0.0,0.0,32.0,0.0,0.0,0.0,0.0,60.0,0.0,0.0,0.0,0.0,0.0,0.0,95.0,0.0,0.0,95.0,0.0,0.0,0.0,0.0,0.0,0.0,0.0,0.0,63.0,0.0,72.0,63.0,0.0,72.0,20.0,0.0,0.0,20.0,0.0,0.0,0.0,0.0,0.0,0.0,0.0,0.0,"Mar 17, 2016"
1857,2310015.0,25421.0,Baghdad,Tarmia,Hai Al Wehda,حي الوحدة,33.6683204919,44.3844468781,180.0,1080.0,105.0,0.0,0.0,0.0,0.0,0.0,0.0,0.0,0.0,0.0,0.0,0.0,0.0,0.0,75.0,0.0,0.0,0.0,0.0,45.0,0.0,0.0,0.0,0.0,0.0,0.0,135.0,0.0,0.0,135.0,0.0,0.0,0.0,0.0,0.0,0.0,0.0,0.0,0.0,0.0,0.0,0.0,45.0,0.0,135.0,45.0,0.0,135.0,0.0,0.0,0.0,0.0,0.0,0.0,0.0,0.0,"Mar 17, 2016"
1858,2310016.0,25428.0,Baghdad,Tarmia,Hamadi Al Khalil Village,قرية حمادي الخليل,33.7255493413,44.3935643454,80.0,480.0,0.0,0.0,0.0,0.0,0.0,0.0,0.0,0.0,0.0,0.0,0.0,0.0,0.0,0.0,80.0,0.0,0.0,0.0,0.0,58.0,0.0,0.0,0.0,0.0,0.0,0.0,22.0,0.0,0.0,22.0,0.0,0.0,0.0,0.0,0.0,0.0,0.0,0.0,0.0,0.0,0.0,0.0,21.0,0.0,59.0,21.0,0.0,59.0,0.0,0.0,0.0,0.0,0.0,0.0,0.0,0.0,"Mar 17, 2016"
1859,2310017.0,25425.0,Baghdad,Tarmia,Nadeem-1 Village,قرية نديم-1,33.5865850858,44.237565699,95.0,570.0,43.0,0.0,0.0,0.0,0.0,0.0,0.0,0.0,0.0,0.0,0.0,0.0,0.0,0.0,52.0,0.0,0.0,0.0,0.0,95.0,0.0,0.0,0.0,0.0,0.0,0.0,0.0,0.0,0.0,0.0,0.0,0.0,0.0,0.0,0.0,0.0,0.0,0.0,0.0,0.0,43.0,0.0,30.0,43.0,22.0,30.0,0.0,22.0,0.0,0.0,0.0,0.0,0.0,0.0,0.0,0.0,"Mar 17, 2016"
1860,2310018.0,25426.0,Baghdad,Tarmia,Nadeem-2 Village,قرية نديم-2,33.5903119745,44.2388343475,85.0,510.0,0.0,0.0,0.0,0.0,0.0,65.0,0.0,0.0,0.0,0.0,0.0,0.0,0.0,0.0,20.0,0.0,0.0,0.0,0.0,85.0,0.0,0.0,0.0,0.0,0.0,0.0,0.0,0.0,0.0,0.0,0.0,0.0,0.0,0.0,0.0,0.0,0.0,0.0,0.0,0.0,0.0,0.0,35.0,0.0,50.0,35.0,0.0,50.0,0.0,0.0,0.0,0.0,0.0,0.0,0.0,0.0,"Mar 17, 2016"
1861,2401003.0,24094.0,Diyala,Al-Khalis,Al Dojama,الدوجمة,33.97457192,44.41410297,67.0,402.0,67.0,0.0,0.0,0.0,0.0,0.0,0.0,0.0,0.0,0.0,0.0,0.0,0.0,0.0,0.0,0.0,0.0,0.0,0.0,67.0,0.0,0.0,0.0,0.0,0.0,0.0,0.0,0.0,0.0,0.0,0.0,0.0,0.0,0.0,0.0,0.0,0.0,0.0,25.0,0.0,0.0,25.0,0.0,0.0,0.0,0.0,42.0,0.0,0.0,42.0,0.0,0.0,0.0,0.0,0.0,0.0,"Mar 17, 2016"
1862,2401004.0,11195.0,Diyala,Al-Khalis,Al Ghalbiya,الغالبية,33.7315822136,44.4798689014,67.0,402.0,10.0,0.0,0.0,0.0,0.0,50.0,0.0,0.0,0.0,0.0,0.0,0.0,0.0,0.0,7.0,0.0,0.0,0.0,0.0,7.0,0.0,0.0,0.0,0.0,0.0,0.0,30.0,0.0,0.0,30.0,0.0,0.0,0.0,0.0,30.0,0.0,0.0,30.0,0.0,0.0,0.0,0.0,0.0,0.0,57.0,0.0,10.0,57.0,0.0,10.0,0.0,0.0,0.0,0.0,0.0,0.0,"Mar 17, 2016"
1863,2401005.0,25022.0,Diyala,Al-Khalis,Al Gserin Village,قرية كصيرين,33.6920507284,44.4351627778,35.0,210.0,0.0,0.0,0.0,0.0,0.0,0.0,0.0,0.0,0.0,0.0,0.0,0.0,30.0,0.0,5.0,0.0,0.0,0.0,0.0,0.0,0.0,0.0,0.0,0.0,0.0,0.0,35.0,0.0,0.0,35.0,0.0,0.0,0.0,0.0,0.0,0.0,0.0,0.0,0.0,0.0,30.0,0.0,5.0,30.0,0.0,5.0,0.0,0.0,0.0,0.0,0.0,0.0,0.0,0.0,0.0,0.0,"Mar 17, 2016"
1864,2401006.0,23966.0,Diyala,Al-Khalis,Al Hadid,الحديد,33.7686499926,44.5628627001,181.0,1086.0,6.0,0.0,0.0,0.0,0.0,168.0,0.0,0.0,0.0,0.0,0.0,0.0,0.0,0.0,7.0,0.0,0.0,0.0,0.0,99.0,0.0,0.0,0.0,0.0,0.0,0.0,32.0,0.0,0.0,32.0,0.0,0.0,0.0,0.0,50.0,0.0,0.0,50.0,6.0,0.0,0.0,6.0,10.0,0.0,158.0,10.0,7.0,158.0,0.0,7.0,0.0,0.0,0.0,0.0,0.0,0.0,"Mar 17, 2016"
1865,2401007.0,25814.0,Diyala,Al-Khalis,Al Hadid Old,الحديد القديمة,33.7691761145,44.5598097449,39.0,234.0,25.0,0.0,0.0,0.0,0.0,10.0,0.0,0.0,0.0,0.0,0.0,0.0,0.0,0.0,4.0,0.0,0.0,0.0,0.0,39.0,0.0,0.0,0.0,0.0,0.0,0.0,0.0,0.0,0.0,0.0,0.0,0.0,0.0,0.0,0.0,0.0,0.0,0.0,0.0,0.0,0.0,0.0,0.0,0.0,10.0,0.0,29.0,10.0,0.0,29.0,0.0,0.0,0.0,0.0,0.0,0.0,"Mar 17, 2016"
1866,2401008.0,25815.0,Diyala,Al-Khalis,Al Hadid-Al Benook Qtr,الحديد-حي البنوك,33.7601712735,44.5501300595,35.0,210.0,35.0,0.0,0.0,0.0,0.0,0.0,0.0,0.0,0.0,0.0,0.0,0.0,0.0,0.0,0.0,0.0,0.0,0.0,0.0,35.0,0.0,0.0,0.0,0.0,0.0,0.0,0.0,0.0,0.0,0.0,0.0,0.0,0.0,0.0,0.0,0.0,0.0,0.0,0.0,0.0,0.0,0.0,0.0,0.0,0.0,0.0,35.0,0.0,0.0,35.0,0.0,0.0,0.0,0.0,0.0,0.0,"Mar 17, 2016"
1867,2401009.0,11081.0,Diyala,Al-Khalis,Markaz Al Khalis,مركز الخالص,33.8581486794,44.5153555694,162.0,972.0,0.0,0.0,0.0,0.0,0.0,162.0,0.0,0.0,0.0,0.0,0.0,0.0,0.0,0.0,0.0,0.0,0.0,0.0,0.0,112.0,0.0,0.0,0.0,0.0,0.0,0.0,50.0,0.0,0.0,50.0,0.0,0.0,0.0,0.0,0.0,0.0,0.0,0.0,0.0,0.0,0.0,0.0,0.0,0.0,162.0,0.0,0.0,162.0,0.0,0.0,0.0,0.0,0.0,0.0,0.0,0.0,"Mar 17, 2016"
1868,2401010.0,25026.0,Diyala,Al-Khalis,Al Mohandseen Alzraeen Village,قرية المهندسين الزراعيين,33.7318110578,44.4836191447,47.0,282.0,0.0,0.0,0.0,0.0,0.0,47.0,0.0,0.0,0.0,0.0,0.0,0.0,0.0,0.0,0.0,0.0,0.0,0.0,0.0,0.0,0.0,0.0,0.0,0.0,0.0,0.0,47.0,0.0,0.0,47.0,0.0,0.0,0.0,0.0,0.0,0.0,0.0,0.0,0.0,0.0,0.0,0.0,0.0,0.0,47.0,0.0,0.0,47.0,0.0,0.0,0.0,0.0,0.0,0.0,0.0,0.0,"Mar 17, 2016"
1869,2401011.0,26057.0,Diyala,Al-Khalis,Al Rmelat Village,قرية الرميلات,34.07924516,44.8634238191,9.0,54.0,0.0,0.0,0.0,0.0,0.0,9.0,0.0,0.0,0.0,0.0,0.0,0.0,0.0,0.0,0.0,0.0,0.0,0.0,0.0,9.0,0.0,0.0,0.0,0.0,0.0,0.0,0.0,0.0,0.0,0.0,0.0,0.0,0.0,0.0,0.0,0.0,0.0,0.0,0.0,0.0,0.0,0.0,0.0,0.0,9.0,0.0,0.0,9.0,0.0,0.0,0.0,0.0,0.0,0.0,0.0,0.0,"Mar 17, 2016"
1870,2401012.0,25031.0,Diyala,Al-Khalis,Al Sadah Al Neeam Village,قرية السادة النعيم,33.7677799236,44.4930857961,10.0,60.0,0.0,0.0,0.0,0.0,0.0,10.0,0.0,0.0,0.0,0.0,0.0,0.0,0.0,0.0,0.0,0.0,0.0,0.0,0.0,0.0,0.0,0.0,0.0,0.0,0.0,0.0,10.0,0.0,0.0,10.0,0.0,0.0,0.0,0.0,0.0,0.0,0.0,0.0,0.0,0.0,0.0,0.0,0.0,0.0,10.0,0.0,0.0,10.0,0.0,0.0,0.0,0.0,0.0,0.0,0.0,0.0,"Mar 17, 2016"
1871,2401013.0,24483.0,Diyala,Al-Khalis,Al Salam,ناحية السلام-مركز الناحية,33.9367396817,44.724589595,30.0,180.0,0.0,0.0,0.0,0.0,0.0,30.0,0.0,0.0,0.0,0.0,0.0,0.0,0.0,0.0,0.0,0.0,0.0,0.0,0.0,30.0,0.0,0.0,0.0,0.0,0.0,0.0,0.0,0.0,0.0,0.0,0.0,0.0,0.0,0.0,0.0,0.0,0.0,0.0,0.0,0.0,0.0,0.0,30.0,0.0,0.0,30.0,0.0,0.0,0.0,0.0,0.0,0.0,0.0,0.0,0.0,0.0,"Mar 17, 2016"
1872,2401014.0,24912.0,Diyala,Al-Khalis,Al Sindiyah village,قرية السندية,33.8781536102,44.4443865022,32.0,192.0,0.0,0.0,0.0,0.0,0.0,0.0,0.0,0.0,0.0,0.0,0.0,0.0,0.0,0.0,32.0,0.0,0.0,0.0,0.0,32.0,0.0,0.0,0.0,0.0,0.0,0.0,0.0,0.0,0.0,0.0,0.0,0.0,0.0,0.0,0.0,0.0,0.0,0.0,0.0,0.0,0.0,0.0,0.0,0.0,32.0,0.0,0.0,32.0,0.0,0.0,0.0,0.0,0.0,0.0,0.0,0.0,"Mar 17, 2016"
1873,2401016.0,11484.0,Diyala,Al-Khalis,Albu Bali,البوبالي,33.90985954,44.61705374,15.0,90.0,15.0,0.0,0.0,0.0,0.0,0.0,0.0,0.0,0.0,0.0,0.0,0.0,0.0,0.0,0.0,0.0,0.0,0.0,0.0,15.0,0.0,0.0,0.0,0.0,0.0,0.0,0.0,0.0,0.0,0.0,0.0,0.0,0.0,0.0,0.0,0.0,0.0,0.0,15.0,0.0,0.0,15.0,0.0,0.0,0.0,0.0,0.0,0.0,0.0,0.0,0.0,0.0,0.0,0.0,0.0,0.0,"Mar 17, 2016"
1874,2401017.0,25681.0,Diyala,Al-Khalis,Ali Abdulla village,قرية علي العبد الله,34.12538413,44.8414714059,1.0,6.0,0.0,0.0,0.0,0.0,0.0,1.0,0.0,0.0,0.0,0.0,0.0,0.0,0.0,0.0,0.0,0.0,0.0,0.0,0.0,1.0,0.0,0.0,0.0,0.0,0.0,0.0,0.0,0.0,0.0,0.0,0.0,0.0,0.0,0.0,0.0,0.0,0.0,0.0,0.0,0.0,0.0,0.0,0.0,0.0,1.0,0.0,0.0,1.0,0.0,0.0,0.0,0.0,0.0,0.0,0.0,0.0,"Mar 17, 2016"
1875,2401019.0,25667.0,Diyala,Al-Khalis,Al-Makareen Village,قرية المكاريين,34.0872047481,44.9287902566,23.0,138.0,0.0,0.0,0.0,0.0,0.0,23.0,0.0,0.0,0.0,0.0,0.0,0.0,0.0,0.0,0.0,0.0,0.0,0.0,0.0,23.0,0.0,0.0,0.0,0.0,0.0,0.0,0.0,0.0,0.0,0.0,0.0,0.0,0.0,0.0,0.0,0.0,0.0,0.0,0.0,0.0,0.0,0.0,0.0,0.0,23.0,0.0,0.0,23.0,0.0,0.0,0.0,0.0,0.0,0.0,0.0,0.0,"Mar 17, 2016"
1876,2401020.0,25666.0,Diyala,Al-Khalis,Al-Mashroo Village,قرية المشروع,34.0674633,44.7784592551,5.0,30.0,0.0,0.0,0.0,0.0,0.0,5.0,0.0,0.0,0.0,0.0,0.0,0.0,0.0,0.0,0.0,0.0,0.0,0.0,0.0,0.0,0.0,0.0,0.0,0.0,0.0,0.0,0.0,0.0,0.0,0.0,0.0,0.0,0.0,0.0,5.0,0.0,0.0,5.0,0.0,0.0,0.0,0.0,0.0,0.0,5.0,0.0,0.0,5.0,0.0,0.0,0.0,0.0,0.0,0.0,0.0,0.0,"Mar 17, 2016"
1877,2401021.0,25661.0,Diyala,Al-Khalis,Al-Sadah Village,قرية السادة,34.0858611805,44.7265957676,23.0,138.0,0.0,0.0,0.0,0.0,0.0,23.0,0.0,0.0,0.0,0.0,0.0,0.0,0.0,0.0,0.0,0.0,0.0,0.0,0.0,23.0,0.0,0.0,0.0,0.0,0.0,0.0,0.0,0.0,0.0,0.0,0.0,0.0,0.0,0.0,0.0,0.0,0.0,0.0,0.0,0.0,0.0,0.0,0.0,0.0,23.0,0.0,0.0,23.0,0.0,0.0,0.0,0.0,0.0,0.0,0.0,0.0,"Mar 17, 2016"
1878,2401023.0,26056.0,Diyala,Al-Khalis,Arab Hafedh Village,قرية عرب حافظ,34.1182342268,44.8409555081,15.0,90.0,0.0,0.0,0.0,0.0,0.0,15.0,0.0,0.0,0.0,0.0,0.0,0.0,0.0,0.0,0.0,0.0,0.0,0.0,0.0,0.0,0.0,0.0,0.0,0.0,0.0,0.0,0.0,0.0,0.0,0.0,0.0,0.0,0.0,0.0,15.0,0.0,0.0,15.0,0.0,0.0,0.0,0.0,0.0,0.0,15.0,0.0,0.0,15.0,0.0,0.0,0.0,0.0,0.0,0.0,0.0,0.0,"Mar 17, 2016"
1879,2401024.0,26055.0,Diyala,Al-Khalis,Arab Hamdan Village,قرية عرب حمدان,34.1332381774,44.8597715269,12.0,72.0,0.0,0.0,0.0,0.0,0.0,12.0,0.0,0.0,0.0,0.0,0.0,0.0,0.0,0.0,0.0,0.0,0.0,0.0,0.0,12.0,0.0,0.0,0.0,0.0,0.0,0.0,0.0,0.0,0.0,0.0,0.0,0.0,0.0,0.0,0.0,0.0,0.0,0.0,0.0,0.0,0.0,0.0,0.0,0.0,12.0,0.0,0.0,12.0,0.0,0.0,0.0,0.0,0.0,0.0,0.0,0.0,"Mar 17, 2016"
1880,2401025.0,23965.0,Diyala,Al-Khalis,Arab Shanon,عرب شعنون,33.8137840141,44.562805613,75.0,450.0,33.0,0.0,0.0,0.0,0.0,30.0,0.0,0.0,0.0,0.0,0.0,0.0,5.0,0.0,7.0,0.0,0.0,0.0,0.0,35.0,0.0,0.0,0.0,0.0,0.0,0.0,13.0,0.0,0.0,13.0,0.0,0.0,0.0,0.0,27.0,0.0,0.0,27.0,0.0,0.0,0.0,0.0,0.0,0.0,42.0,0.0,33.0,42.0,0.0,33.0,0.0,0.0,0.0,0.0,0.0,0.0,"Mar 17, 2016"
1881,2401026.0,24913.0,Diyala,Al-Khalis,Arab Tetn village,قرية عرب تتن,33.756833108,44.5428492387,23.0,138.0,10.0,0.0,0.0,0.0,0.0,0.0,0.0,0.0,0.0,0.0,0.0,0.0,0.0,0.0,13.0,0.0,0.0,0.0,0.0,23.0,0.0,0.0,0.0,0.0,0.0,0.0,0.0,0.0,0.0,0.0,0.0,0.0,0.0,0.0,0.0,0.0,0.0,0.0,0.0,0.0,0.0,0.0,0.0,0.0,10.0,0.0,13.0,10.0,0.0,13.0,0.0,0.0,0.0,0.0,0.0,0.0,"Mar 17, 2016"
1882,2401027.0,26058.0,Diyala,Al-Khalis,Dalli Abass-Al-Shuhada Qtr,دلي عباس-حي الشهداء,34.0676524024,44.8655022195,26.0,156.0,0.0,0.0,0.0,0.0,0.0,26.0,0.0,0.0,0.0,0.0,0.0,0.0,0.0,0.0,0.0,0.0,0.0,0.0,0.0,20.0,0.0,0.0,0.0,0.0,0.0,0.0,0.0,0.0,0.0,0.0,0.0,0.0,0.0,0.0,6.0,0.0,0.0,6.0,0.0,0.0,0.0,0.0,6.0,0.0,20.0,6.0,0.0,20.0,0.0,0.0,0.0,0.0,0.0,0.0,0.0,0.0,"Mar 17, 2016"
1883,2401061.0,24194.0,Diyala,Al-Khalis,Dalli Abass-Al-Dhobat Qtr,دلي عباس-حي الضباط,34.0734513278,44.8548661137,34.0,204.0,0.0,0.0,0.0,0.0,0.0,30.0,0.0,0.0,0.0,0.0,0.0,0.0,0.0,0.0,4.0,0.0,0.0,0.0,0.0,30.0,0.0,0.0,0.0,0.0,0.0,0.0,4.0,0.0,0.0,4.0,0.0,0.0,0.0,0.0,0.0,0.0,0.0,0.0,0.0,0.0,0.0,0.0,4.0,0.0,30.0,4.0,0.0,30.0,0.0,0.0,0.0,0.0,0.0,0.0,0.0,0.0,"Mar 17, 2016"
1884,2401029.0,25678.0,Diyala,Al-Khalis,Dawod Al-Salom village,قرية داوود السلوم,34.125489027,44.8441084558,33.0,198.0,0.0,0.0,0.0,0.0,0.0,33.0,0.0,0.0,0.0,0.0,0.0,0.0,0.0,0.0,0.0,0.0,0.0,0.0,0.0,25.0,0.0,0.0,0.0,0.0,0.0,0.0,8.0,0.0,0.0,8.0,0.0,0.0,0.0,0.0,0.0,0.0,0.0,0.0,0.0,0.0,0.0,0.0,0.0,0.0,33.0,0.0,0.0,33.0,0.0,0.0,0.0,0.0,0.0,0.0,0.0,0.0,"Mar 17, 2016"
1885,2401030.0,11206.0,Diyala,Al-Khalis,Hawaish Village,قرية الحويش,33.6838819145,44.4237242522,22.0,132.0,0.0,0.0,0.0,0.0,0.0,10.0,0.0,0.0,0.0,0.0,0.0,0.0,0.0,0.0,12.0,0.0,0.0,0.0,0.0,22.0,0.0,0.0,0.0,0.0,0.0,0.0,0.0,0.0,0.0,0.0,0.0,0.0,0.0,0.0,0.0,0.0,0.0,0.0,0.0,0.0,12.0,0.0,0.0,12.0,10.0,0.0,0.0,10.0,0.0,0.0,0.0,0.0,0.0,0.0,0.0,0.0,"Mar 17, 2016"
1886,2401031.0,22041.0,Diyala,Al-Khalis,Al Qadissiya Qtr,حي القادسية,33.7847967709,44.5017384941,40.0,240.0,0.0,0.0,0.0,0.0,0.0,40.0,0.0,0.0,0.0,0.0,0.0,0.0,0.0,0.0,0.0,0.0,0.0,0.0,0.0,0.0,0.0,0.0,0.0,0.0,0.0,0.0,40.0,0.0,0.0,40.0,0.0,0.0,0.0,0.0,0.0,0.0,0.0,0.0,0.0,0.0,0.0,0.0,0.0,0.0,40.0,0.0,0.0,40.0,0.0,0.0,0.0,0.0,0.0,0.0,0.0,0.0,"Mar 17, 2016"
1887,2401032.0,10445.0,Diyala,Al-Khalis,Markaz Hibhib,مركز هبهب,33.7838538241,44.5147000046,121.0,726.0,0.0,0.0,0.0,0.0,0.0,121.0,0.0,0.0,0.0,0.0,0.0,0.0,0.0,0.0,0.0,0.0,0.0,0.0,0.0,79.0,0.0,0.0,0.0,0.0,0.0,0.0,42.0,0.0,0.0,42.0,0.0,0.0,0.0,0.0,0.0,0.0,0.0,0.0,0.0,0.0,0.0,0.0,46.0,0.0,75.0,46.0,0.0,75.0,0.0,0.0,0.0,0.0,0.0,0.0,0.0,0.0,"Mar 17, 2016"
1888,2401033.0,25029.0,Diyala,Al-Khalis,Hibhib-Abo Khurda Village,هبهب-قرية ابو خردة,33.8049788447,44.520150247,15.0,90.0,0.0,0.0,0.0,0.0,0.0,15.0,0.0,0.0,0.0,0.0,0.0,0.0,0.0,0.0,0.0,0.0,0.0,0.0,0.0,5.0,0.0,0.0,0.0,0.0,0.0,0.0,0.0,0.0,0.0,0.0,0.0,0.0,0.0,0.0,10.0,0.0,0.0,10.0,0.0,0.0,0.0,0.0,0.0,0.0,15.0,0.0,0.0,15.0,0.0,0.0,0.0,0.0,0.0,0.0,0.0,0.0,"Mar 17, 2016"
1889,2401035.0,11487.0,Diyala,Al-Khalis,Al Askary Qtr,الحي العسكري,34.0664713836,44.8604759576,23.0,138.0,0.0,0.0,0.0,0.0,0.0,23.0,0.0,0.0,0.0,0.0,0.0,0.0,0.0,0.0,0.0,0.0,0.0,0.0,0.0,0.0,0.0,0.0,0.0,0.0,0.0,0.0,23.0,0.0,0.0,23.0,0.0,0.0,0.0,0.0,0.0,0.0,0.0,0.0,0.0,0.0,0.0,0.0,0.0,0.0,23.0,0.0,0.0,23.0,0.0,0.0,0.0,0.0,0.0,0.0,0.0,0.0,"Mar 17, 2016"
1890,2401036.0,25027.0,Diyala,Al-Khalis,Hibhib-Al Asry Qtr,الحي العصري,33.7809349054,44.5143199184,4.0,24.0,0.0,0.0,0.0,0.0,0.0,4.0,0.0,0.0,0.0,0.0,0.0,0.0,0.0,0.0,0.0,0.0,0.0,0.0,0.0,0.0,0.0,0.0,0.0,0.0,0.0,0.0,4.0,0.0,0.0,4.0,0.0,0.0,0.0,0.0,0.0,0.0,0.0,0.0,0.0,0.0,0.0,0.0,0.0,0.0,4.0,0.0,0.0,4.0,0.0,0.0,0.0,0.0,0.0,0.0,0.0,0.0,"Mar 17, 2016"
1891,2401037.0,25034.0,Diyala,Al-Khalis,Hibhib-Al Hashmya Village,هبهب-قرية الهاشمية,33.7457410213,44.5353883255,38.0,228.0,0.0,0.0,0.0,0.0,0.0,33.0,0.0,0.0,0.0,0.0,0.0,0.0,0.0,0.0,5.0,0.0,0.0,0.0,0.0,18.0,0.0,0.0,0.0,0.0,0.0,0.0,20.0,0.0,0.0,20.0,0.0,0.0,0.0,0.0,0.0,0.0,0.0,0.0,0.0,0.0,5.0,0.0,0.0,5.0,33.0,0.0,0.0,33.0,0.0,0.0,0.0,0.0,0.0,0.0,0.0,0.0,"Mar 17, 2016"
1892,2401038.0,25028.0,Diyala,Al-Khalis,Hibhib-Al Lokmanya Village,هبهب-قرية اللقمانية,33.762192899,44.4969924681,23.0,138.0,19.0,0.0,0.0,0.0,0.0,4.0,0.0,0.0,0.0,0.0,0.0,0.0,0.0,0.0,0.0,0.0,0.0,0.0,0.0,23.0,0.0,0.0,0.0,0.0,0.0,0.0,0.0,0.0,0.0,0.0,0.0,0.0,0.0,0.0,0.0,0.0,0.0,0.0,0.0,0.0,0.0,0.0,0.0,0.0,4.0,0.0,19.0,4.0,0.0,19.0,0.0,0.0,0.0,0.0,0.0,0.0,"Mar 17, 2016"
1893,2401039.0,25035.0,Diyala,Al-Khalis,Hibhib-Al Raga Village,هبهب-قرية الركة,33.81551,44.615551,11.0,66.0,0.0,0.0,0.0,0.0,0.0,10.0,0.0,0.0,0.0,0.0,0.0,0.0,1.0,0.0,0.0,0.0,0.0,0.0,0.0,11.0,0.0,0.0,0.0,0.0,0.0,0.0,0.0,0.0,0.0,0.0,0.0,0.0,0.0,0.0,0.0,0.0,0.0,0.0,0.0,0.0,1.0,0.0,0.0,1.0,10.0,0.0,0.0,10.0,0.0,0.0,0.0,0.0,0.0,0.0,0.0,0.0,"Mar 17, 2016"
1894,2401040.0,25036.0,Diyala,Al-Khalis,Hibhib-Al Shohadaa Qtr,هبهب-حي الشهداء,33.7802464921,44.5143520265,15.0,90.0,0.0,0.0,0.0,0.0,0.0,15.0,0.0,0.0,0.0,0.0,0.0,0.0,0.0,0.0,0.0,0.0,0.0,0.0,0.0,0.0,0.0,0.0,0.0,0.0,0.0,0.0,15.0,0.0,0.0,15.0,0.0,0.0,0.0,0.0,0.0,0.0,0.0,0.0,0.0,0.0,0.0,0.0,0.0,0.0,15.0,0.0,0.0,15.0,0.0,0.0,0.0,0.0,0.0,0.0,0.0,0.0,"Mar 17, 2016"
1895,2401041.0,25025.0,Diyala,Al-Khalis,Hibhib-Al Yarmook Qtr,هبهب-حي اليرموك,33.7834391994,44.5079450129,17.0,102.0,0.0,0.0,0.0,0.0,0.0,17.0,0.0,0.0,0.0,0.0,0.0,0.0,0.0,0.0,0.0,0.0,0.0,0.0,0.0,0.0,0.0,0.0,0.0,0.0,0.0,0.0,17.0,0.0,0.0,17.0,0.0,0.0,0.0,0.0,0.0,0.0,0.0,0.0,0.0,0.0,0.0,0.0,0.0,0.0,17.0,0.0,0.0,17.0,0.0,0.0,0.0,0.0,0.0,0.0,0.0,0.0,"Mar 17, 2016"
1896,2401042.0,25024.0,Diyala,Al-Khalis,Hibhib-Hay Al Resala,هبهب-حي الرسالة,33.7864495504,44.5101881556,8.0,48.0,0.0,0.0,0.0,0.0,0.0,8.0,0.0,0.0,0.0,0.0,0.0,0.0,0.0,0.0,0.0,0.0,0.0,0.0,0.0,0.0,0.0,0.0,0.0,0.0,0.0,0.0,8.0,0.0,0.0,8.0,0.0,0.0,0.0,0.0,0.0,0.0,0.0,0.0,0.0,0.0,0.0,0.0,0.0,0.0,8.0,0.0,0.0,8.0,0.0,0.0,0.0,0.0,0.0,0.0,0.0,0.0,"Mar 17, 2016"
1897,2401043.0,11425.0,Diyala,Al-Khalis,Jadidat Al Shat village,قرية جديدة الشط,33.6419951028,44.4223636172,72.0,432.0,0.0,0.0,0.0,0.0,0.0,51.0,0.0,0.0,0.0,0.0,0.0,0.0,5.0,0.0,16.0,0.0,0.0,0.0,0.0,67.0,0.0,0.0,0.0,0.0,0.0,0.0,5.0,0.0,0.0,5.0,0.0,0.0,0.0,0.0,0.0,0.0,0.0,0.0,0.0,0.0,21.0,0.0,26.0,21.0,25.0,26.0,0.0,25.0,0.0,0.0,0.0,0.0,0.0,0.0,0.0,0.0,"Mar 17, 2016"
1898,2401044.0,25033.0,Diyala,Al-Khalis,Mansouryat Alshat Village,قرية منصورية الشط,33.75303058,44.39510026,11.0,66.0,0.0,0.0,0.0,0.0,0.0,7.0,0.0,0.0,0.0,0.0,0.0,0.0,0.0,0.0,4.0,0.0,0.0,0.0,0.0,11.0,0.0,0.0,0.0,0.0,0.0,0.0,0.0,0.0,0.0,0.0,0.0,0.0,0.0,0.0,0.0,0.0,0.0,0.0,0.0,0.0,0.0,0.0,0.0,0.0,7.0,0.0,4.0,7.0,0.0,4.0,0.0,0.0,0.0,0.0,0.0,0.0,"Mar 17, 2016"
1899,2401045.0,11392.0,Diyala,Al-Khalis,Mujadad village,قرية المجدد,33.8439865798,44.6198083269,25.0,150.0,0.0,0.0,0.0,0.0,0.0,25.0,0.0,0.0,0.0,0.0,0.0,0.0,0.0,0.0,0.0,0.0,0.0,0.0,0.0,25.0,0.0,0.0,0.0,0.0,0.0,0.0,0.0,0.0,0.0,0.0,0.0,0.0,0.0,0.0,0.0,0.0,0.0,0.0,0.0,0.0,25.0,0.0,0.0,25.0,0.0,0.0,0.0,0.0,0.0,0.0,0.0,0.0,0.0,0.0,0.0,0.0,"Mar 17, 2016"
1900,2401046.0,25023.0,Diyala,Al-Khalis,Saif Saad Qtr,حي سيف سعد,33.7409985058,44.4945472459,57.0,342.0,9.0,0.0,0.0,0.0,0.0,48.0,0.0,0.0,0.0,0.0,0.0,0.0,0.0,0.0,0.0,0.0,0.0,0.0,0.0,26.0,0.0,0.0,0.0,0.0,0.0,0.0,31.0,0.0,0.0,31.0,0.0,0.0,0.0,0.0,0.0,0.0,0.0,0.0,0.0,0.0,0.0,0.0,0.0,0.0,48.0,0.0,9.0,48.0,0.0,9.0,0.0,0.0,0.0,0.0,0.0,0.0,"Mar 17, 2016"
1901,2402002.0,25624.0,Diyala,Al-Muqdadiya,Al Abaraa Village,قرية العبارة,34.0149357216,45.0160774079,55.0,330.0,0.0,0.0,0.0,0.0,0.0,55.0,0.0,0.0,0.0,0.0,0.0,0.0,0.0,0.0,0.0,0.0,0.0,0.0,0.0,0.0,0.0,0.0,0.0,0.0,0.0,0.0,0.0,0.0,0.0,0.0,0.0,0.0,0.0,0.0,55.0,0.0,0.0,55.0,0.0,0.0,55.0,0.0,0.0,55.0,0.0,0.0,0.0,0.0,0.0,0.0,0.0,0.0,0.0,0.0,0.0,0.0,"Mar 17, 2016"
1902,2403001.0,11193.0,Diyala,Ba'quba,Markaz Al Abara,مركز ناحية العبارة,33.8141919118,44.6574316709,86.0,516.0,0.0,0.0,0.0,0.0,0.0,86.0,0.0,0.0,0.0,0.0,0.0,0.0,0.0,0.0,0.0,0.0,0.0,0.0,0.0,86.0,0.0,0.0,0.0,0.0,0.0,0.0,0.0,0.0,0.0,0.0,0.0,0.0,0.0,0.0,0.0,0.0,0.0,0.0,0.0,0.0,0.0,0.0,86.0,0.0,0.0,86.0,0.0,0.0,0.0,0.0,0.0,0.0,0.0,0.0,0.0,0.0,"Mar 17, 2016"
1903,2403002.0,11250.0,Diyala,Ba'quba,Al Dawasir Qtr,حي الدواسر,33.7012486997,44.658034447,30.0,180.0,0.0,0.0,0.0,0.0,0.0,30.0,0.0,0.0,0.0,0.0,0.0,0.0,0.0,0.0,0.0,0.0,0.0,0.0,0.0,30.0,0.0,0.0,0.0,0.0,0.0,0.0,0.0,0.0,0.0,0.0,0.0,0.0,0.0,0.0,0.0,0.0,0.0,0.0,0.0,0.0,0.0,0.0,0.0,0.0,30.0,0.0,0.0,30.0,0.0,0.0,0.0,0.0,0.0,0.0,0.0,0.0,"Mar 17, 2016"
1904,2403003.0,23155.0,Diyala,Ba'quba,Al Doryeen Village,قرية الدوريين,33.8358371409,44.6380209947,4.0,24.0,0.0,0.0,0.0,0.0,0.0,4.0,0.0,0.0,0.0,0.0,0.0,0.0,0.0,0.0,0.0,0.0,0.0,0.0,0.0,0.0,0.0,0.0,0.0,0.0,0.0,0.0,4.0,0.0,0.0,4.0,0.0,0.0,0.0,0.0,0.0,0.0,0.0,0.0,0.0,0.0,0.0,0.0,0.0,0.0,4.0,0.0,0.0,4.0,0.0,0.0,0.0,0.0,0.0,0.0,0.0,0.0,"Mar 17, 2016"
1905,2403004.0,11177.0,Diyala,Ba'quba,Al Gatoon-Al Mujama Qtr,الكاطون-حي المجمع,33.7576709222,44.5820589422,127.0,762.0,0.0,0.0,0.0,0.0,0.0,127.0,0.0,0.0,0.0,0.0,0.0,0.0,0.0,0.0,0.0,0.0,0.0,0.0,0.0,0.0,0.0,0.0,0.0,0.0,0.0,0.0,127.0,0.0,0.0,127.0,0.0,0.0,0.0,0.0,0.0,0.0,0.0,0.0,0.0,0.0,0.0,0.0,0.0,0.0,127.0,0.0,0.0,127.0,0.0,0.0,0.0,0.0,0.0,0.0,0.0,0.0,"Mar 17, 2016"
1906,2403005.0,24915.0,Diyala,Ba'quba,Al Gatoon-Al rahma,الكاطون-الرحمة,33.7571418836,44.6014808731,540.0,3240.0,9.0,0.0,0.0,0.0,0.0,531.0,0.0,0.0,0.0,0.0,0.0,0.0,0.0,0.0,0.0,0.0,0.0,0.0,0.0,0.0,0.0,0.0,0.0,0.0,0.0,0.0,540.0,0.0,0.0,540.0,0.0,0.0,0.0,0.0,0.0,0.0,0.0,0.0,0.0,0.0,0.0,0.0,0.0,0.0,540.0,0.0,0.0,540.0,0.0,0.0,0.0,0.0,0.0,0.0,0.0,0.0,"Mar 17, 2016"
1907,2403006.0,24805.0,Diyala,Ba'quba,Al Gatoon-Al Yarmook Qtr,الكاطون-حي اليرموك,33.7241930333,44.6079515038,915.0,5490.0,7.0,0.0,0.0,0.0,0.0,908.0,0.0,0.0,0.0,0.0,0.0,0.0,0.0,0.0,0.0,0.0,0.0,0.0,0.0,351.0,0.0,0.0,0.0,0.0,0.0,0.0,564.0,0.0,0.0,564.0,0.0,0.0,0.0,0.0,0.0,0.0,0.0,0.0,0.0,0.0,0.0,0.0,0.0,0.0,908.0,0.0,7.0,908.0,0.0,7.0,0.0,0.0,0.0,0.0,0.0,0.0,"Mar 17, 2016"
1908,2403007.0,23740.0,Diyala,Ba'quba,Al Hawidar,الهويدر,33.7725878469,44.625927383,31.0,186.0,5.0,0.0,0.0,0.0,0.0,26.0,0.0,0.0,0.0,0.0,0.0,0.0,0.0,0.0,0.0,0.0,0.0,0.0,0.0,25.0,0.0,0.0,0.0,0.0,0.0,0.0,6.0,0.0,0.0,6.0,0.0,0.0,0.0,0.0,0.0,0.0,0.0,0.0,5.0,0.0,0.0,5.0,6.0,0.0,20.0,6.0,0.0,20.0,0.0,0.0,0.0,0.0,0.0,0.0,0.0,0.0,"Mar 17, 2016"
1909,2403008.0,11189.0,Diyala,Ba'quba,Al Mafraq,المفرق,33.7431955687,44.610447296,300.0,1800.0,0.0,0.0,0.0,0.0,0.0,300.0,0.0,0.0,0.0,0.0,0.0,0.0,0.0,0.0,0.0,0.0,0.0,0.0,0.0,17.0,0.0,0.0,0.0,0.0,0.0,0.0,213.0,0.0,0.0,213.0,0.0,0.0,0.0,0.0,70.0,0.0,0.0,70.0,0.0,0.0,0.0,0.0,0.0,0.0,300.0,0.0,0.0,300.0,0.0,0.0,0.0,0.0,0.0,0.0,0.0,0.0,"Mar 17, 2016"
1910,2403009.0,24964.0,Diyala,Ba'quba,Al-Mustafa Qtr,حي المصطفى,33.7402562846,44.6215812152,160.0,960.0,0.0,0.0,0.0,0.0,0.0,160.0,0.0,0.0,0.0,0.0,0.0,0.0,0.0,0.0,0.0,0.0,0.0,0.0,0.0,160.0,0.0,0.0,0.0,0.0,0.0,0.0,0.0,0.0,0.0,0.0,0.0,0.0,0.0,0.0,0.0,0.0,0.0,0.0,0.0,0.0,0.0,0.0,0.0,0.0,160.0,0.0,0.0,160.0,0.0,0.0,0.0,0.0,0.0,0.0,0.0,0.0,"Mar 17, 2016"
1911,2403010.0,11410.0,Diyala,Ba'quba,Al Rasool Qtr,حي الرسول,33.5782351033,44.5467599906,118.0,708.0,0.0,0.0,0.0,0.0,0.0,89.0,0.0,0.0,0.0,0.0,0.0,0.0,0.0,0.0,29.0,0.0,0.0,0.0,0.0,65.0,0.0,0.0,0.0,0.0,0.0,0.0,33.0,0.0,0.0,33.0,0.0,0.0,0.0,0.0,20.0,0.0,0.0,20.0,0.0,0.0,0.0,0.0,10.0,0.0,108.0,10.0,0.0,108.0,0.0,0.0,0.0,0.0,0.0,0.0,0.0,0.0,"Mar 17, 2016"
1912,2403011.0,11411.0,Diyala,Ba'quba,Al Sabtiyah village,قرية السبتية,33.7834222522,44.6230176246,38.0,228.0,0.0,0.0,0.0,0.0,0.0,38.0,0.0,0.0,0.0,0.0,0.0,0.0,0.0,0.0,0.0,0.0,0.0,0.0,0.0,0.0,0.0,0.0,0.0,0.0,0.0,0.0,38.0,0.0,0.0,38.0,0.0,0.0,0.0,0.0,0.0,0.0,0.0,0.0,0.0,0.0,0.0,0.0,0.0,0.0,38.0,0.0,0.0,38.0,0.0,0.0,0.0,0.0,0.0,0.0,0.0,0.0,"Mar 17, 2016"
1913,2403012.0,11408.0,Diyala,Ba'quba,Al Sadah village,قرية السادة ,33.7944268649,44.6769988546,46.0,276.0,15.0,0.0,0.0,0.0,0.0,31.0,0.0,0.0,0.0,0.0,0.0,0.0,0.0,0.0,0.0,0.0,0.0,0.0,0.0,31.0,0.0,0.0,0.0,0.0,0.0,0.0,15.0,0.0,0.0,15.0,0.0,0.0,0.0,0.0,0.0,0.0,0.0,0.0,0.0,0.0,0.0,0.0,0.0,0.0,31.0,0.0,15.0,31.0,0.0,15.0,0.0,0.0,0.0,0.0,0.0,0.0,"Mar 17, 2016"
1914,2403013.0,24917.0,Diyala,Ba'quba,Al Sadah Village,قرية السعادة,33.481430742,44.5253763631,13.0,78.0,0.0,0.0,0.0,0.0,0.0,0.0,0.0,0.0,0.0,0.0,0.0,0.0,0.0,0.0,13.0,0.0,0.0,0.0,0.0,13.0,0.0,0.0,0.0,0.0,0.0,0.0,0.0,0.0,0.0,0.0,0.0,0.0,0.0,0.0,0.0,0.0,0.0,0.0,0.0,0.0,0.0,0.0,0.0,0.0,13.0,0.0,0.0,13.0,0.0,0.0,0.0,0.0,0.0,0.0,0.0,0.0,"Mar 17, 2016"
1915,2403014.0,11420.0,Diyala,Ba'quba,Al Shikh village,قرية الشيخ ,33.565151431,44.5580679411,23.0,138.0,0.0,0.0,0.0,0.0,0.0,0.0,0.0,0.0,0.0,0.0,0.0,0.0,0.0,0.0,23.0,0.0,0.0,0.0,0.0,23.0,0.0,0.0,0.0,0.0,0.0,0.0,0.0,0.0,0.0,0.0,0.0,0.0,0.0,0.0,0.0,0.0,0.0,0.0,0.0,0.0,0.0,0.0,0.0,0.0,23.0,0.0,0.0,23.0,0.0,0.0,0.0,0.0,0.0,0.0,0.0,0.0,"Mar 17, 2016"
1916,2403015.0,11178.0,Diyala,Ba'quba,Al Tahreer,التحرير,33.7385655505,44.6496810755,715.0,4290.0,0.0,0.0,0.0,0.0,0.0,715.0,0.0,0.0,0.0,0.0,0.0,0.0,0.0,0.0,0.0,0.0,0.0,0.0,0.0,200.0,0.0,0.0,0.0,0.0,0.0,0.0,515.0,0.0,0.0,515.0,0.0,0.0,0.0,0.0,0.0,0.0,0.0,0.0,0.0,0.0,225.0,0.0,250.0,225.0,240.0,250.0,0.0,240.0,0.0,0.0,0.0,0.0,0.0,0.0,0.0,0.0,"Mar 17, 2016"
1917,2403016.0,11213.0,Diyala,Ba'quba,Al Takiya,التكية ,33.7494919374,44.6478663043,70.0,420.0,7.0,0.0,0.0,0.0,0.0,58.0,0.0,0.0,0.0,0.0,0.0,0.0,0.0,0.0,5.0,0.0,0.0,0.0,0.0,28.0,0.0,0.0,0.0,0.0,0.0,0.0,42.0,0.0,0.0,42.0,0.0,0.0,0.0,0.0,0.0,0.0,0.0,0.0,0.0,0.0,0.0,0.0,0.0,0.0,63.0,0.0,7.0,63.0,0.0,7.0,0.0,0.0,0.0,0.0,0.0,0.0,"Mar 17, 2016"
1918,2403017.0,11426.0,Diyala,Ba'quba,Nahr Al-Hajiyah Qtr,حي نهر الحجية,33.75059447,44.61593065,103.0,618.0,0.0,0.0,0.0,0.0,0.0,103.0,0.0,0.0,0.0,0.0,0.0,0.0,0.0,0.0,0.0,0.0,0.0,0.0,0.0,73.0,0.0,0.0,0.0,0.0,0.0,0.0,30.0,0.0,0.0,30.0,0.0,0.0,0.0,0.0,0.0,0.0,0.0,0.0,0.0,0.0,0.0,0.0,0.0,0.0,103.0,0.0,0.0,103.0,0.0,0.0,0.0,0.0,0.0,0.0,0.0,0.0,"Mar 17, 2016"
1919,2403018.0,25465.0,Diyala,Ba'quba,Al-Manjara Qtr,حي المنجرة,33.7549459773,44.6405782444,20.0,120.0,0.0,0.0,0.0,0.0,0.0,20.0,0.0,0.0,0.0,0.0,0.0,0.0,0.0,0.0,0.0,0.0,0.0,0.0,0.0,0.0,0.0,0.0,0.0,0.0,0.0,0.0,20.0,0.0,0.0,20.0,0.0,0.0,0.0,0.0,0.0,0.0,0.0,0.0,0.0,0.0,20.0,0.0,0.0,20.0,0.0,0.0,0.0,0.0,0.0,0.0,0.0,0.0,0.0,0.0,0.0,0.0,"Mar 17, 2016"
1920,2403019.0,11328.0,Diyala,Ba'quba,Al-Mualmeen Qtr,حي المعلمين ,33.7320081701,44.6111029542,175.0,1050.0,10.0,0.0,0.0,0.0,0.0,165.0,0.0,0.0,0.0,0.0,0.0,0.0,0.0,0.0,0.0,0.0,0.0,0.0,0.0,0.0,0.0,0.0,0.0,0.0,0.0,0.0,175.0,0.0,0.0,175.0,0.0,0.0,0.0,0.0,0.0,0.0,0.0,0.0,0.0,0.0,130.0,0.0,0.0,130.0,35.0,0.0,10.0,35.0,0.0,10.0,0.0,0.0,0.0,0.0,0.0,0.0,"Mar 17, 2016"
1921,2403020.0,21273.0,Diyala,Ba'quba,Al-Qatoon-Al Raazi Qtr,الكاطون-حي الرازي,33.7384030268,44.5964721358,75.0,450.0,0.0,0.0,0.0,0.0,0.0,75.0,0.0,0.0,0.0,0.0,0.0,0.0,0.0,0.0,0.0,0.0,0.0,0.0,0.0,15.0,0.0,0.0,0.0,0.0,0.0,0.0,60.0,0.0,0.0,60.0,0.0,0.0,0.0,0.0,0.0,0.0,0.0,0.0,0.0,0.0,0.0,0.0,0.0,0.0,75.0,0.0,0.0,75.0,0.0,0.0,0.0,0.0,0.0,0.0,0.0,0.0,"Mar 17, 2016"
1922,2403021.0,25464.0,Diyala,Ba'quba,Al-Sumud Qtr,حي الصمود,33.7580135678,44.6387772959,10.0,60.0,0.0,0.0,0.0,0.0,0.0,10.0,0.0,0.0,0.0,0.0,0.0,0.0,0.0,0.0,0.0,0.0,0.0,0.0,0.0,0.0,0.0,0.0,0.0,0.0,0.0,0.0,10.0,0.0,0.0,10.0,0.0,0.0,0.0,0.0,0.0,0.0,0.0,0.0,0.0,0.0,10.0,0.0,0.0,10.0,0.0,0.0,0.0,0.0,0.0,0.0,0.0,0.0,0.0,0.0,0.0,0.0,"Mar 17, 2016"
1923,2403022.0,11432.0,Diyala,Ba'quba,Al-Swamra village,قرية السوامرة,33.7615206837,44.6527180196,85.0,510.0,0.0,0.0,0.0,0.0,0.0,72.0,0.0,0.0,0.0,0.0,0.0,0.0,0.0,0.0,13.0,0.0,0.0,0.0,0.0,7.0,0.0,0.0,0.0,0.0,0.0,0.0,65.0,0.0,0.0,65.0,0.0,0.0,13.0,0.0,0.0,13.0,0.0,0.0,0.0,0.0,0.0,0.0,0.0,0.0,85.0,0.0,0.0,85.0,0.0,0.0,0.0,0.0,0.0,0.0,0.0,0.0,"Mar 17, 2016"
1924,2403023.0,24916.0,Diyala,Ba'quba,Bane Saad-Al-Askari Qtr,الحي العسكري,33.5736500956,44.5436076761,25.0,150.0,12.0,0.0,0.0,0.0,0.0,11.0,0.0,0.0,0.0,0.0,0.0,0.0,0.0,0.0,2.0,0.0,0.0,0.0,0.0,2.0,0.0,0.0,0.0,0.0,0.0,0.0,23.0,0.0,0.0,23.0,0.0,0.0,0.0,0.0,0.0,0.0,0.0,0.0,0.0,0.0,0.0,0.0,11.0,0.0,14.0,11.0,0.0,14.0,0.0,0.0,0.0,0.0,0.0,0.0,0.0,0.0,"Mar 17, 2016"
1925,2403024.0,24575.0,Diyala,Ba'quba,Bani Saad-Ali Al Hady Qtr,بني سعد-حي علي الهادي,33.56864638,44.54960916,18.0,108.0,0.0,0.0,0.0,0.0,0.0,18.0,0.0,0.0,0.0,0.0,0.0,0.0,0.0,0.0,0.0,0.0,0.0,0.0,0.0,18.0,0.0,0.0,0.0,0.0,0.0,0.0,0.0,0.0,0.0,0.0,0.0,0.0,0.0,0.0,0.0,0.0,0.0,0.0,0.0,0.0,0.0,0.0,18.0,0.0,0.0,18.0,0.0,0.0,0.0,0.0,0.0,0.0,0.0,0.0,0.0,0.0,"Mar 17, 2016"
1926,2403025.0,24576.0,Diyala,Ba'quba,Bani Saad-Zahraa Qtr,بني سعد-حي زهراء,33.5716067899,44.5454868344,8.0,48.0,0.0,0.0,0.0,0.0,0.0,8.0,0.0,0.0,0.0,0.0,0.0,0.0,0.0,0.0,0.0,0.0,0.0,0.0,0.0,8.0,0.0,0.0,0.0,0.0,0.0,0.0,0.0,0.0,0.0,0.0,0.0,0.0,0.0,0.0,0.0,0.0,0.0,0.0,0.0,0.0,0.0,0.0,8.0,0.0,0.0,8.0,0.0,0.0,0.0,0.0,0.0,0.0,0.0,0.0,0.0,0.0,"Mar 17, 2016"
1927,2403026.0,24574.0,Diyala,Ba'quba,Bani Saad-Al Salam Qtr,بني سعد-حي السلام,33.5727865255,44.5277936251,30.0,180.0,0.0,0.0,0.0,0.0,0.0,30.0,0.0,0.0,0.0,0.0,0.0,0.0,0.0,0.0,0.0,0.0,0.0,0.0,0.0,30.0,0.0,0.0,0.0,0.0,0.0,0.0,0.0,0.0,0.0,0.0,0.0,0.0,0.0,0.0,0.0,0.0,0.0,0.0,0.0,0.0,0.0,0.0,30.0,0.0,0.0,30.0,0.0,0.0,0.0,0.0,0.0,0.0,0.0,0.0,0.0,0.0,"Mar 17, 2016"
1928,2403027.0,25039.0,Diyala,Ba'quba,Buhriz-Abdulah Jasim village,قرية عبد الله جاسم,33.6885138877,44.6608990211,15.0,90.0,0.0,0.0,0.0,0.0,0.0,0.0,0.0,0.0,0.0,0.0,0.0,0.0,0.0,0.0,15.0,0.0,0.0,0.0,0.0,15.0,0.0,0.0,0.0,0.0,0.0,0.0,0.0,0.0,0.0,0.0,0.0,0.0,0.0,0.0,0.0,0.0,0.0,0.0,0.0,0.0,0.0,0.0,15.0,0.0,0.0,15.0,0.0,0.0,0.0,0.0,0.0,0.0,0.0,0.0,0.0,0.0,"Mar 17, 2016"
1929,2403028.0,25038.0,Diyala,Ba'quba,Buhriz-Al Bwadish village,قرية البواديش,33.6836621383,44.6433901706,10.0,60.0,0.0,0.0,0.0,0.0,0.0,0.0,0.0,0.0,0.0,0.0,0.0,0.0,0.0,0.0,10.0,0.0,0.0,0.0,0.0,10.0,0.0,0.0,0.0,0.0,0.0,0.0,0.0,0.0,0.0,0.0,0.0,0.0,0.0,0.0,0.0,0.0,0.0,0.0,0.0,0.0,0.0,0.0,10.0,0.0,0.0,10.0,0.0,0.0,0.0,0.0,0.0,0.0,0.0,0.0,0.0,0.0,"Mar 17, 2016"
1930,2403029.0,24918.0,Diyala,Ba'quba,Buhriz-Al-Asri Qtr,بهرز-الحي العصري,33.706500026,44.6472570439,15.0,90.0,0.0,0.0,0.0,0.0,0.0,15.0,0.0,0.0,0.0,0.0,0.0,0.0,0.0,0.0,0.0,0.0,0.0,0.0,0.0,15.0,0.0,0.0,0.0,0.0,0.0,0.0,0.0,0.0,0.0,0.0,0.0,0.0,0.0,0.0,0.0,0.0,0.0,0.0,0.0,0.0,0.0,0.0,0.0,0.0,15.0,0.0,0.0,15.0,0.0,0.0,0.0,0.0,0.0,0.0,0.0,0.0,"Mar 17, 2016"
1931,2403030.0,11376.0,Diyala,Ba'quba,Buhriz-Al-Mustafa Qtr,بهرز-حي المصطفى,33.7136359915,44.6503807778,22.0,132.0,0.0,0.0,0.0,0.0,0.0,22.0,0.0,0.0,0.0,0.0,0.0,0.0,0.0,0.0,0.0,0.0,0.0,0.0,0.0,0.0,0.0,0.0,0.0,0.0,0.0,0.0,22.0,0.0,0.0,22.0,0.0,0.0,0.0,0.0,0.0,0.0,0.0,0.0,0.0,0.0,0.0,0.0,0.0,0.0,22.0,0.0,0.0,22.0,0.0,0.0,0.0,0.0,0.0,0.0,0.0,0.0,"Mar 17, 2016"
1932,2403031.0,11368.0,Diyala,Ba'quba,Buhriz-Borgha Qtr,بهرز-حي برغة,33.7277788943,44.6585419087,5.0,30.0,0.0,0.0,0.0,0.0,0.0,5.0,0.0,0.0,0.0,0.0,0.0,0.0,0.0,0.0,0.0,0.0,0.0,0.0,0.0,5.0,0.0,0.0,0.0,0.0,0.0,0.0,0.0,0.0,0.0,0.0,0.0,0.0,0.0,0.0,0.0,0.0,0.0,0.0,0.0,0.0,0.0,0.0,0.0,0.0,5.0,0.0,0.0,5.0,0.0,0.0,0.0,0.0,0.0,0.0,0.0,0.0,"Mar 17, 2016"
1933,2403032.0,25037.0,Diyala,Ba'quba,Buhriz-Shatib village,قرية شطب,33.69806492,44.68220412,11.0,66.0,0.0,0.0,0.0,0.0,0.0,0.0,0.0,0.0,0.0,0.0,0.0,0.0,0.0,0.0,11.0,0.0,0.0,0.0,0.0,11.0,0.0,0.0,0.0,0.0,0.0,0.0,0.0,0.0,0.0,0.0,0.0,0.0,0.0,0.0,0.0,0.0,0.0,0.0,0.0,0.0,0.0,0.0,11.0,0.0,0.0,11.0,0.0,0.0,0.0,0.0,0.0,0.0,0.0,0.0,0.0,0.0,"Mar 17, 2016"
1934,2403033.0,11496.0,Diyala,Ba'quba,Ejbainat village,قرية جبينات,33.769738911,44.6442569297,25.0,150.0,0.0,0.0,0.0,0.0,0.0,25.0,0.0,0.0,0.0,0.0,0.0,0.0,0.0,0.0,0.0,0.0,0.0,0.0,0.0,0.0,0.0,0.0,0.0,0.0,0.0,0.0,25.0,0.0,0.0,25.0,0.0,0.0,0.0,0.0,0.0,0.0,0.0,0.0,0.0,0.0,25.0,0.0,0.0,25.0,0.0,0.0,0.0,0.0,0.0,0.0,0.0,0.0,0.0,0.0,0.0,0.0,"Mar 17, 2016"
1935,2403034.0,11553.0,Diyala,Ba'quba,Had Al-Akhdhar village,قرية الحد الاخضر ,33.828640713,44.6736540906,14.0,84.0,0.0,0.0,0.0,0.0,0.0,14.0,0.0,0.0,0.0,0.0,0.0,0.0,0.0,0.0,0.0,0.0,0.0,0.0,0.0,14.0,0.0,0.0,0.0,0.0,0.0,0.0,0.0,0.0,0.0,0.0,0.0,0.0,0.0,0.0,0.0,0.0,0.0,0.0,0.0,0.0,0.0,0.0,0.0,0.0,14.0,0.0,0.0,14.0,0.0,0.0,0.0,0.0,0.0,0.0,0.0,0.0,"Mar 17, 2016"
1936,2403035.0,11463.0,Diyala,Ba'quba,Had Mekser,حد مكسر,33.8436572124,44.644396961,44.0,264.0,0.0,0.0,0.0,0.0,0.0,19.0,0.0,0.0,0.0,0.0,0.0,0.0,0.0,0.0,25.0,0.0,0.0,0.0,0.0,22.0,0.0,0.0,0.0,0.0,0.0,0.0,22.0,0.0,0.0,22.0,0.0,0.0,0.0,0.0,0.0,0.0,0.0,0.0,0.0,0.0,0.0,0.0,0.0,0.0,44.0,0.0,0.0,44.0,0.0,0.0,0.0,0.0,0.0,0.0,0.0,0.0,"Mar 17, 2016"
1937,2403036.0,23694.0,Diyala,Ba'quba,Al Intesar-1 Qtr,حي الانتصار 1,33.5842200577,44.5542886818,55.0,330.0,18.0,0.0,0.0,0.0,0.0,23.0,0.0,0.0,0.0,0.0,0.0,0.0,0.0,0.0,14.0,0.0,0.0,0.0,0.0,28.0,0.0,0.0,0.0,0.0,0.0,0.0,27.0,0.0,0.0,27.0,0.0,0.0,0.0,0.0,0.0,0.0,0.0,0.0,8.0,0.0,0.0,8.0,25.0,0.0,9.0,25.0,13.0,9.0,0.0,13.0,0.0,0.0,0.0,0.0,0.0,0.0,"Mar 17, 2016"
1938,2403037.0,11220.0,Diyala,Ba'quba,Al Karama village,قرية الكرامة ,33.4813098414,44.5262937987,8.0,48.0,0.0,0.0,0.0,0.0,0.0,8.0,0.0,0.0,0.0,0.0,0.0,0.0,0.0,0.0,0.0,0.0,0.0,0.0,0.0,8.0,0.0,0.0,0.0,0.0,0.0,0.0,0.0,0.0,0.0,0.0,0.0,0.0,0.0,0.0,0.0,0.0,0.0,0.0,0.0,0.0,0.0,0.0,0.0,0.0,8.0,0.0,0.0,8.0,0.0,0.0,0.0,0.0,0.0,0.0,0.0,0.0,"Mar 17, 2016"
1939,2403038.0,11268.0,Diyala,Ba'quba,Al Qadisiya Qtr,حي القادسية,33.7204670191,44.6525422311,53.0,318.0,0.0,0.0,0.0,0.0,0.0,53.0,0.0,0.0,0.0,0.0,0.0,0.0,0.0,0.0,0.0,0.0,0.0,0.0,0.0,53.0,0.0,0.0,0.0,0.0,0.0,0.0,0.0,0.0,0.0,0.0,0.0,0.0,0.0,0.0,0.0,0.0,0.0,0.0,0.0,0.0,0.0,0.0,0.0,0.0,53.0,0.0,0.0,53.0,0.0,0.0,0.0,0.0,0.0,0.0,0.0,0.0,"Mar 17, 2016"
1940,2403039.0,11251.0,Diyala,Ba'quba,Al Salam Qtr,حي السلام,33.7142629611,44.6535524566,36.0,216.0,0.0,0.0,0.0,0.0,0.0,36.0,0.0,0.0,0.0,0.0,0.0,0.0,0.0,0.0,0.0,0.0,0.0,0.0,0.0,36.0,0.0,0.0,0.0,0.0,0.0,0.0,0.0,0.0,0.0,0.0,0.0,0.0,0.0,0.0,0.0,0.0,0.0,0.0,0.0,0.0,0.0,0.0,0.0,0.0,36.0,0.0,0.0,36.0,0.0,0.0,0.0,0.0,0.0,0.0,0.0,0.0,"Mar 17, 2016"
1941,2403040.0,21413.0,Diyala,Ba'quba,Al-Mualimeen-Shahid wadah Qtr,حي المعلمين-الشهيد وضاح,33.728401607,44.611321933,130.0,780.0,6.0,0.0,0.0,0.0,0.0,90.0,0.0,0.0,0.0,0.0,0.0,0.0,10.0,0.0,24.0,0.0,0.0,0.0,0.0,20.0,0.0,0.0,0.0,0.0,0.0,0.0,75.0,0.0,0.0,75.0,0.0,0.0,0.0,0.0,35.0,0.0,0.0,35.0,6.0,0.0,0.0,6.0,0.0,0.0,124.0,0.0,0.0,124.0,0.0,0.0,0.0,0.0,0.0,0.0,0.0,0.0,"Mar 17, 2016"
1942,2403042.0,21271.0,Diyala,Ba'quba,Al-Shuhada Qtr,حي الشهداء,33.7295158581,44.6524893157,15.0,90.0,0.0,0.0,0.0,0.0,0.0,15.0,0.0,0.0,0.0,0.0,0.0,0.0,0.0,0.0,0.0,0.0,0.0,0.0,0.0,15.0,0.0,0.0,0.0,0.0,0.0,0.0,0.0,0.0,0.0,0.0,0.0,0.0,0.0,0.0,0.0,0.0,0.0,0.0,0.0,0.0,0.0,0.0,15.0,0.0,0.0,15.0,0.0,0.0,0.0,0.0,0.0,0.0,0.0,0.0,0.0,0.0,"Mar 17, 2016"
1943,2403043.0,11217.0,Diyala,Ba'quba,Jorf Al Milih Qtr,حي جرف الملح,33.7547943956,44.6585572816,49.0,294.0,0.0,0.0,0.0,0.0,0.0,49.0,0.0,0.0,0.0,0.0,0.0,0.0,0.0,0.0,0.0,0.0,0.0,0.0,0.0,0.0,0.0,0.0,0.0,0.0,0.0,0.0,49.0,0.0,0.0,49.0,0.0,0.0,0.0,0.0,0.0,0.0,0.0,0.0,0.0,0.0,49.0,0.0,0.0,49.0,0.0,0.0,0.0,0.0,0.0,0.0,0.0,0.0,0.0,0.0,0.0,0.0,"Mar 17, 2016"
1944,2403044.0,11363.0,Diyala,Ba'quba,Markaz Kanaan,مركز ناحية كنعان ,33.6909072794,44.7984165527,40.0,240.0,0.0,0.0,0.0,0.0,0.0,40.0,0.0,0.0,0.0,0.0,0.0,0.0,0.0,0.0,0.0,0.0,0.0,0.0,0.0,40.0,0.0,0.0,0.0,0.0,0.0,0.0,0.0,0.0,0.0,0.0,0.0,0.0,0.0,0.0,0.0,0.0,0.0,0.0,0.0,0.0,0.0,0.0,40.0,0.0,0.0,40.0,0.0,0.0,0.0,0.0,0.0,0.0,0.0,0.0,0.0,0.0,"Mar 17, 2016"
1945,2403045.0,25040.0,Diyala,Ba'quba,Al Asri Qtr,حي العصري,33.6898693387,44.7994201254,90.0,540.0,0.0,0.0,0.0,0.0,0.0,90.0,0.0,0.0,0.0,0.0,0.0,0.0,0.0,0.0,0.0,0.0,0.0,0.0,0.0,0.0,0.0,0.0,0.0,0.0,0.0,0.0,60.0,0.0,0.0,60.0,0.0,0.0,0.0,0.0,30.0,0.0,0.0,30.0,0.0,0.0,0.0,0.0,0.0,0.0,90.0,0.0,0.0,90.0,0.0,0.0,0.0,0.0,0.0,0.0,0.0,0.0,"Mar 17, 2016"
1946,2403046.0,25052.0,Diyala,Ba'quba,Al Badaa Village,قرية البدعة,33.6670399054,44.7708691511,19.0,114.0,0.0,0.0,0.0,0.0,0.0,19.0,0.0,0.0,0.0,0.0,0.0,0.0,0.0,0.0,0.0,0.0,0.0,0.0,0.0,0.0,0.0,0.0,0.0,0.0,0.0,0.0,19.0,0.0,0.0,19.0,0.0,0.0,0.0,0.0,0.0,0.0,0.0,0.0,0.0,0.0,0.0,0.0,0.0,0.0,19.0,0.0,0.0,19.0,0.0,0.0,0.0,0.0,0.0,0.0,0.0,0.0,"Mar 17, 2016"
1947,2403047.0,25047.0,Diyala,Ba'quba,Al Khadra Qtr,حي الخضراء,33.6945491053,44.8016870836,61.0,366.0,0.0,0.0,0.0,0.0,0.0,43.0,0.0,0.0,0.0,0.0,0.0,0.0,0.0,0.0,18.0,0.0,0.0,0.0,0.0,0.0,0.0,0.0,0.0,0.0,0.0,0.0,61.0,0.0,0.0,61.0,0.0,0.0,0.0,0.0,0.0,0.0,0.0,0.0,0.0,0.0,0.0,0.0,0.0,0.0,61.0,0.0,0.0,61.0,0.0,0.0,0.0,0.0,0.0,0.0,0.0,0.0,"Mar 17, 2016"
1948,2403048.0,25054.0,Diyala,Ba'quba,Al Mashtl Qtr,حي المشتل,33.6944540483,44.8019422718,20.0,120.0,0.0,0.0,0.0,0.0,0.0,15.0,0.0,0.0,0.0,0.0,0.0,0.0,5.0,0.0,0.0,0.0,0.0,0.0,0.0,0.0,0.0,0.0,0.0,0.0,0.0,0.0,20.0,0.0,0.0,20.0,0.0,0.0,0.0,0.0,0.0,0.0,0.0,0.0,0.0,0.0,0.0,0.0,0.0,0.0,20.0,0.0,0.0,20.0,0.0,0.0,0.0,0.0,0.0,0.0,0.0,0.0,"Mar 17, 2016"
1949,2403049.0,25049.0,Diyala,Ba'quba,Al Nasr Qtr,حي النصر,33.6910373499,44.804466811,15.0,90.0,0.0,0.0,0.0,0.0,0.0,15.0,0.0,0.0,0.0,0.0,0.0,0.0,0.0,0.0,0.0,0.0,0.0,0.0,0.0,0.0,0.0,0.0,0.0,0.0,0.0,0.0,15.0,0.0,0.0,15.0,0.0,0.0,0.0,0.0,0.0,0.0,0.0,0.0,0.0,0.0,0.0,0.0,0.0,0.0,15.0,0.0,0.0,15.0,0.0,0.0,0.0,0.0,0.0,0.0,0.0,0.0,"Mar 17, 2016"
1950,2403050.0,25044.0,Diyala,Ba'quba,Al Oroba Qtr,حي العروبة,33.6932001049,44.8014447209,50.0,300.0,0.0,0.0,0.0,0.0,0.0,35.0,0.0,0.0,0.0,0.0,0.0,0.0,0.0,0.0,15.0,0.0,0.0,0.0,0.0,0.0,0.0,0.0,0.0,0.0,0.0,0.0,50.0,0.0,0.0,50.0,0.0,0.0,0.0,0.0,0.0,0.0,0.0,0.0,0.0,0.0,0.0,0.0,15.0,0.0,35.0,15.0,0.0,35.0,0.0,0.0,0.0,0.0,0.0,0.0,0.0,0.0,"Mar 17, 2016"
1951,2403051.0,25041.0,Diyala,Ba'quba,Al Resala Qtr,حي الرسالة,33.6927385557,44.7906374496,50.0,300.0,0.0,0.0,0.0,0.0,0.0,50.0,0.0,0.0,0.0,0.0,0.0,0.0,0.0,0.0,0.0,0.0,0.0,0.0,0.0,0.0,0.0,0.0,0.0,0.0,0.0,0.0,30.0,0.0,0.0,30.0,0.0,0.0,0.0,0.0,20.0,0.0,0.0,20.0,0.0,0.0,0.0,0.0,0.0,0.0,50.0,0.0,0.0,50.0,0.0,0.0,0.0,0.0,0.0,0.0,0.0,0.0,"Mar 17, 2016"
1952,2403052.0,25046.0,Diyala,Ba'quba,Al Sadiq Qtr,حي الصديق,33.6974999845,44.7897947394,20.0,120.0,0.0,0.0,0.0,0.0,0.0,20.0,0.0,0.0,0.0,0.0,0.0,0.0,0.0,0.0,0.0,0.0,0.0,0.0,0.0,0.0,0.0,0.0,0.0,0.0,0.0,0.0,20.0,0.0,0.0,20.0,0.0,0.0,0.0,0.0,0.0,0.0,0.0,0.0,0.0,0.0,0.0,0.0,0.0,0.0,20.0,0.0,0.0,20.0,0.0,0.0,0.0,0.0,0.0,0.0,0.0,0.0,"Mar 17, 2016"
1953,2403053.0,25055.0,Diyala,Ba'quba,Al Shrika Qtr,حي الشركة,33.6893753569,44.7938685597,15.0,90.0,0.0,0.0,0.0,0.0,0.0,15.0,0.0,0.0,0.0,0.0,0.0,0.0,0.0,0.0,0.0,0.0,0.0,0.0,0.0,0.0,0.0,0.0,0.0,0.0,0.0,0.0,15.0,0.0,0.0,15.0,0.0,0.0,0.0,0.0,0.0,0.0,0.0,0.0,0.0,0.0,0.0,0.0,0.0,0.0,15.0,0.0,0.0,15.0,0.0,0.0,0.0,0.0,0.0,0.0,0.0,0.0,"Mar 17, 2016"
1954,2403054.0,25045.0,Diyala,Ba'quba,Dor Mindli Qtr,حي دور مندلي,33.700701424,44.7942550439,18.0,108.0,0.0,0.0,0.0,0.0,0.0,18.0,0.0,0.0,0.0,0.0,0.0,0.0,0.0,0.0,0.0,0.0,0.0,0.0,0.0,0.0,0.0,0.0,0.0,0.0,0.0,0.0,18.0,0.0,0.0,18.0,0.0,0.0,0.0,0.0,0.0,0.0,0.0,0.0,0.0,0.0,0.0,0.0,0.0,0.0,18.0,0.0,0.0,18.0,0.0,0.0,0.0,0.0,0.0,0.0,0.0,0.0,"Mar 17, 2016"
1955,2403055.0,25050.0,Diyala,Ba'quba,Fars Tarish Village,قرية فارس طارش,33.7196045616,44.7744963832,16.0,96.0,0.0,0.0,0.0,0.0,0.0,16.0,0.0,0.0,0.0,0.0,0.0,0.0,0.0,0.0,0.0,0.0,0.0,0.0,0.0,0.0,0.0,0.0,0.0,0.0,0.0,0.0,16.0,0.0,0.0,16.0,0.0,0.0,0.0,0.0,0.0,0.0,0.0,0.0,0.0,0.0,0.0,0.0,0.0,0.0,16.0,0.0,0.0,16.0,0.0,0.0,0.0,0.0,0.0,0.0,0.0,0.0,"Mar 17, 2016"
1956,2403056.0,25048.0,Diyala,Ba'quba,Kanbar Village,قرية قنبر,33.6717278862,44.8131911469,10.0,60.0,0.0,0.0,0.0,0.0,0.0,10.0,0.0,0.0,0.0,0.0,0.0,0.0,0.0,0.0,0.0,0.0,0.0,0.0,0.0,0.0,0.0,0.0,0.0,0.0,0.0,0.0,0.0,0.0,0.0,0.0,0.0,0.0,0.0,0.0,10.0,0.0,0.0,10.0,0.0,0.0,0.0,0.0,0.0,0.0,10.0,0.0,0.0,10.0,0.0,0.0,0.0,0.0,0.0,0.0,0.0,0.0,"Mar 17, 2016"
1957,2403057.0,25051.0,Diyala,Ba'quba,Khamis Village,قرية خميس,33.67805022,44.83827236,16.0,96.0,0.0,0.0,0.0,0.0,0.0,16.0,0.0,0.0,0.0,0.0,0.0,0.0,0.0,0.0,0.0,0.0,0.0,0.0,0.0,10.0,0.0,0.0,0.0,0.0,0.0,0.0,0.0,0.0,0.0,0.0,0.0,0.0,0.0,0.0,6.0,0.0,0.0,6.0,0.0,0.0,0.0,0.0,0.0,0.0,16.0,0.0,0.0,16.0,0.0,0.0,0.0,0.0,0.0,0.0,0.0,0.0,"Mar 17, 2016"
1958,2403058.0,25043.0,Diyala,Ba'quba,Nahr Ibraheem Village,قرية نهر ابراهيم,33.7194480104,44.7740070462,20.0,120.0,0.0,0.0,0.0,0.0,0.0,20.0,0.0,0.0,0.0,0.0,0.0,0.0,0.0,0.0,0.0,0.0,0.0,0.0,0.0,0.0,0.0,0.0,0.0,0.0,0.0,0.0,20.0,0.0,0.0,20.0,0.0,0.0,0.0,0.0,0.0,0.0,0.0,0.0,0.0,0.0,0.0,0.0,0.0,0.0,20.0,0.0,0.0,20.0,0.0,0.0,0.0,0.0,0.0,0.0,0.0,0.0,"Mar 17, 2016"
1959,2403059.0,25053.0,Diyala,Ba'quba,Nahr Shekh Tamem Village,قرية نهر شيخ تميم,33.740612754,44.8098038066,11.0,66.0,0.0,0.0,0.0,0.0,0.0,11.0,0.0,0.0,0.0,0.0,0.0,0.0,0.0,0.0,0.0,0.0,0.0,0.0,0.0,0.0,0.0,0.0,0.0,0.0,0.0,0.0,11.0,0.0,0.0,11.0,0.0,0.0,0.0,0.0,0.0,0.0,0.0,0.0,0.0,0.0,0.0,0.0,0.0,0.0,11.0,0.0,0.0,11.0,0.0,0.0,0.0,0.0,0.0,0.0,0.0,0.0,"Mar 17, 2016"
1960,2403060.0,25042.0,Diyala,Ba'quba,Sesbana Village,قرية سيسبانه,33.6887723866,44.8286456112,20.0,120.0,0.0,0.0,0.0,0.0,0.0,20.0,0.0,0.0,0.0,0.0,0.0,0.0,0.0,0.0,0.0,0.0,0.0,0.0,0.0,0.0,0.0,0.0,0.0,0.0,0.0,0.0,20.0,0.0,0.0,20.0,0.0,0.0,0.0,0.0,0.0,0.0,0.0,0.0,0.0,0.0,0.0,0.0,0.0,0.0,20.0,0.0,0.0,20.0,0.0,0.0,0.0,0.0,0.0,0.0,0.0,0.0,"Mar 17, 2016"
1961,2403061.0,11200.0,Diyala,Ba'quba,Khirnabat village,قرية خرنابات ,33.8040175957,44.6340130597,40.0,240.0,0.0,0.0,0.0,0.0,0.0,40.0,0.0,0.0,0.0,0.0,0.0,0.0,0.0,0.0,0.0,0.0,0.0,0.0,0.0,20.0,0.0,0.0,0.0,0.0,0.0,0.0,20.0,0.0,0.0,20.0,0.0,0.0,0.0,0.0,0.0,0.0,0.0,0.0,0.0,0.0,0.0,0.0,0.0,0.0,40.0,0.0,0.0,40.0,0.0,0.0,0.0,0.0,0.0,0.0,0.0,0.0,"Mar 17, 2016"
1962,2403062.0,23709.0,Diyala,Ba'quba,Mohamed sakran,محمد سكران,33.5645406992,44.4322712142,79.0,474.0,73.0,0.0,0.0,0.0,0.0,0.0,0.0,0.0,0.0,0.0,0.0,0.0,0.0,0.0,6.0,0.0,0.0,0.0,0.0,79.0,0.0,0.0,0.0,0.0,0.0,0.0,0.0,0.0,0.0,0.0,0.0,0.0,0.0,0.0,0.0,0.0,0.0,0.0,44.0,0.0,0.0,44.0,0.0,0.0,6.0,0.0,29.0,6.0,0.0,29.0,0.0,0.0,0.0,0.0,0.0,0.0,"Mar 17, 2016"
1963,2403063.0,24776.0,Diyala,Ba'quba,Muskar Saad Camp,مخيم معسكر سعد,33.7493875643,44.6631924575,250.0,1500.0,0.0,0.0,0.0,0.0,0.0,250.0,0.0,0.0,0.0,0.0,0.0,0.0,0.0,0.0,0.0,0.0,0.0,0.0,250.0,0.0,0.0,0.0,0.0,0.0,0.0,0.0,0.0,0.0,0.0,0.0,0.0,0.0,0.0,0.0,0.0,0.0,0.0,0.0,0.0,0.0,0.0,0.0,0.0,0.0,250.0,0.0,0.0,250.0,0.0,0.0,0.0,0.0,0.0,0.0,0.0,0.0,"Mar 17, 2016"
1964,2403064.0,11208.0,Diyala,Ba'quba,Muskar Saad Qtr,حي معسكر سعد ,33.7523396127,44.6664973517,70.0,420.0,0.0,0.0,0.0,0.0,0.0,70.0,0.0,0.0,0.0,0.0,0.0,0.0,0.0,0.0,0.0,0.0,0.0,0.0,0.0,70.0,0.0,0.0,0.0,0.0,0.0,0.0,0.0,0.0,0.0,0.0,0.0,0.0,0.0,0.0,0.0,0.0,0.0,0.0,0.0,0.0,0.0,0.0,0.0,0.0,70.0,0.0,0.0,70.0,0.0,0.0,0.0,0.0,0.0,0.0,0.0,0.0,"Mar 17, 2016"
1965,2403065.0,24919.0,Diyala,Ba'quba,Nahr Alshikh Village,قرية نهر الشيخ,33.78675323,44.64398154,18.0,108.0,0.0,0.0,0.0,0.0,0.0,18.0,0.0,0.0,0.0,0.0,0.0,0.0,0.0,0.0,0.0,0.0,0.0,0.0,0.0,18.0,0.0,0.0,0.0,0.0,0.0,0.0,0.0,0.0,0.0,0.0,0.0,0.0,0.0,0.0,0.0,0.0,0.0,0.0,0.0,0.0,0.0,0.0,0.0,0.0,18.0,0.0,0.0,18.0,0.0,0.0,0.0,0.0,0.0,0.0,0.0,0.0,"Mar 17, 2016"
1966,2403066.0,25466.0,Diyala,Ba'quba,New Baquba Qtr,حي بعقوبة الجديدة,33.7469608518,44.6293962209,53.0,318.0,0.0,0.0,0.0,0.0,0.0,53.0,0.0,0.0,0.0,0.0,0.0,0.0,0.0,0.0,0.0,0.0,0.0,0.0,0.0,0.0,0.0,0.0,0.0,0.0,0.0,0.0,53.0,0.0,0.0,53.0,0.0,0.0,0.0,0.0,0.0,0.0,0.0,0.0,0.0,0.0,53.0,0.0,0.0,53.0,0.0,0.0,0.0,0.0,0.0,0.0,0.0,0.0,0.0,0.0,0.0,0.0,"Mar 17, 2016"
1967,2403067.0,11212.0,Diyala,Ba'quba,Shiftah Village,قرية شفته ,33.7402506441,44.6342930429,8.0,48.0,0.0,0.0,0.0,0.0,0.0,8.0,0.0,0.0,0.0,0.0,0.0,0.0,0.0,0.0,0.0,0.0,0.0,0.0,0.0,0.0,0.0,0.0,0.0,0.0,0.0,0.0,8.0,0.0,0.0,8.0,0.0,0.0,0.0,0.0,0.0,0.0,0.0,0.0,0.0,0.0,0.0,0.0,0.0,0.0,8.0,0.0,0.0,8.0,0.0,0.0,0.0,0.0,0.0,0.0,0.0,0.0,"Mar 17, 2016"
1968,2403068.0,24914.0,Diyala,Ba'quba,Um Al Edam Village,قرية ام العظام,33.7189583297,44.6223111575,60.0,360.0,0.0,0.0,0.0,0.0,0.0,60.0,0.0,0.0,0.0,0.0,0.0,0.0,0.0,0.0,0.0,0.0,0.0,0.0,0.0,23.0,0.0,0.0,0.0,0.0,0.0,0.0,37.0,0.0,0.0,37.0,0.0,0.0,0.0,0.0,0.0,0.0,0.0,0.0,0.0,0.0,0.0,0.0,0.0,0.0,60.0,0.0,0.0,60.0,0.0,0.0,0.0,0.0,0.0,0.0,0.0,0.0,"Mar 17, 2016"
1969,2403069.0,11214.0,Diyala,Ba'quba,Zahrah Village,قرية زهرة ,33.8121662005,44.6761615534,55.0,330.0,0.0,0.0,0.0,0.0,0.0,55.0,0.0,0.0,0.0,0.0,0.0,0.0,0.0,0.0,0.0,0.0,0.0,0.0,0.0,55.0,0.0,0.0,0.0,0.0,0.0,0.0,0.0,0.0,0.0,0.0,0.0,0.0,0.0,0.0,0.0,0.0,0.0,0.0,0.0,0.0,0.0,0.0,0.0,0.0,55.0,0.0,0.0,55.0,0.0,0.0,0.0,0.0,0.0,0.0,0.0,0.0,"Mar 17, 2016"
1970,2404001.0,11230.0,Diyala,Baladrooz,Al Bazaniya village,قرية البزانية,33.6950318674,45.0797503167,8.0,48.0,0.0,0.0,0.0,0.0,0.0,8.0,0.0,0.0,0.0,0.0,0.0,0.0,0.0,0.0,0.0,0.0,0.0,0.0,0.0,8.0,0.0,0.0,0.0,0.0,0.0,0.0,0.0,0.0,0.0,0.0,0.0,0.0,0.0,0.0,0.0,0.0,0.0,0.0,0.0,0.0,8.0,0.0,0.0,8.0,0.0,0.0,0.0,0.0,0.0,0.0,0.0,0.0,0.0,0.0,0.0,0.0,"Mar 17, 2016"
1971,2404002.0,11338.0,Diyala,Baladrooz,Al-Asri Qtr,حي العصري,33.6923492204,45.0648730184,28.0,168.0,8.0,0.0,0.0,0.0,0.0,20.0,0.0,0.0,0.0,0.0,0.0,0.0,0.0,0.0,0.0,0.0,0.0,0.0,0.0,0.0,0.0,0.0,0.0,0.0,0.0,0.0,28.0,0.0,0.0,28.0,0.0,0.0,0.0,0.0,0.0,0.0,0.0,0.0,0.0,0.0,20.0,0.0,0.0,20.0,0.0,0.0,8.0,0.0,0.0,8.0,0.0,0.0,0.0,0.0,0.0,0.0,"Mar 17, 2016"
1972,2404003.0,25242.0,Diyala,Baladrooz,Al-Awadl Village,قرية العوادل,33.69725717,45.07752473,8.0,48.0,0.0,0.0,0.0,0.0,0.0,8.0,0.0,0.0,0.0,0.0,0.0,0.0,0.0,0.0,0.0,0.0,0.0,0.0,0.0,8.0,0.0,0.0,0.0,0.0,0.0,0.0,0.0,0.0,0.0,0.0,0.0,0.0,0.0,0.0,0.0,0.0,0.0,0.0,0.0,0.0,8.0,0.0,0.0,8.0,0.0,0.0,0.0,0.0,0.0,0.0,0.0,0.0,0.0,0.0,0.0,0.0,"Mar 17, 2016"
1973,2404004.0,25245.0,Diyala,Baladrooz,Al-Fadua Village,قرية الفضوة,33.69557298,45.07751006,5.0,30.0,0.0,0.0,0.0,0.0,0.0,5.0,0.0,0.0,0.0,0.0,0.0,0.0,0.0,0.0,0.0,0.0,0.0,0.0,0.0,0.0,0.0,0.0,0.0,0.0,0.0,0.0,5.0,0.0,0.0,5.0,0.0,0.0,0.0,0.0,0.0,0.0,0.0,0.0,0.0,0.0,5.0,0.0,0.0,5.0,0.0,0.0,0.0,0.0,0.0,0.0,0.0,0.0,0.0,0.0,0.0,0.0,"Mar 17, 2016"
1974,2404005.0,25233.0,Diyala,Baladrooz,Al-Fath Qtr,حي الفتح,33.70061521,45.05943482,16.0,96.0,0.0,0.0,0.0,0.0,0.0,10.0,0.0,0.0,0.0,0.0,0.0,0.0,0.0,0.0,6.0,0.0,0.0,0.0,0.0,0.0,0.0,0.0,0.0,0.0,0.0,0.0,16.0,0.0,0.0,16.0,0.0,0.0,0.0,0.0,0.0,0.0,0.0,0.0,0.0,0.0,16.0,0.0,0.0,16.0,0.0,0.0,0.0,0.0,0.0,0.0,0.0,0.0,0.0,0.0,0.0,0.0,"Mar 17, 2016"
1975,2404006.0,25234.0,Diyala,Baladrooz,Al-Gadir1 Qtr,حي الغدير1,34.418572,44.9202944,10.0,60.0,0.0,0.0,0.0,0.0,0.0,10.0,0.0,0.0,0.0,0.0,0.0,0.0,0.0,0.0,0.0,0.0,0.0,0.0,0.0,0.0,0.0,0.0,0.0,0.0,0.0,0.0,10.0,0.0,0.0,10.0,0.0,0.0,0.0,0.0,0.0,0.0,0.0,0.0,0.0,0.0,10.0,0.0,0.0,10.0,0.0,0.0,0.0,0.0,0.0,0.0,0.0,0.0,0.0,0.0,0.0,0.0,"Mar 17, 2016"
1976,2404007.0,25235.0,Diyala,Baladrooz,Al-Gadir2 Qtr,حي الغدير 2,34.41857422,44.92111488,15.0,90.0,0.0,0.0,0.0,0.0,0.0,15.0,0.0,0.0,0.0,0.0,0.0,0.0,0.0,0.0,0.0,0.0,0.0,0.0,0.0,0.0,0.0,0.0,0.0,0.0,0.0,0.0,15.0,0.0,0.0,15.0,0.0,0.0,0.0,0.0,0.0,0.0,0.0,0.0,0.0,0.0,15.0,0.0,0.0,15.0,0.0,0.0,0.0,0.0,0.0,0.0,0.0,0.0,0.0,0.0,0.0,0.0,"Mar 17, 2016"
1977,2404008.0,23028.0,Diyala,Baladrooz,Al-Huria Qtr,حي الحرية,33.695754,45.07951392,15.0,90.0,0.0,0.0,0.0,0.0,0.0,15.0,0.0,0.0,0.0,0.0,0.0,0.0,0.0,0.0,0.0,0.0,0.0,0.0,0.0,0.0,0.0,0.0,0.0,0.0,0.0,0.0,15.0,0.0,0.0,15.0,0.0,0.0,0.0,0.0,0.0,0.0,0.0,0.0,0.0,0.0,15.0,0.0,0.0,15.0,0.0,0.0,0.0,0.0,0.0,0.0,0.0,0.0,0.0,0.0,0.0,0.0,"Mar 17, 2016"
1978,2404009.0,25237.0,Diyala,Baladrooz,Al-Rafah Village,قرية الرفاه,33.69465553,45.08008528,7.0,42.0,0.0,0.0,0.0,0.0,0.0,7.0,0.0,0.0,0.0,0.0,0.0,0.0,0.0,0.0,0.0,0.0,0.0,0.0,0.0,7.0,0.0,0.0,0.0,0.0,0.0,0.0,0.0,0.0,0.0,0.0,0.0,0.0,0.0,0.0,0.0,0.0,0.0,0.0,0.0,0.0,7.0,0.0,0.0,7.0,0.0,0.0,0.0,0.0,0.0,0.0,0.0,0.0,0.0,0.0,0.0,0.0,"Mar 17, 2016"
1979,2404010.0,25238.0,Diyala,Baladrooz,Al-Ramaila Village,قرية رميلة,33.6953051522,45.0773893038,8.0,48.0,0.0,0.0,0.0,0.0,0.0,8.0,0.0,0.0,0.0,0.0,0.0,0.0,0.0,0.0,0.0,0.0,0.0,0.0,0.0,8.0,0.0,0.0,0.0,0.0,0.0,0.0,0.0,0.0,0.0,0.0,0.0,0.0,0.0,0.0,0.0,0.0,0.0,0.0,0.0,0.0,8.0,0.0,0.0,8.0,0.0,0.0,0.0,0.0,0.0,0.0,0.0,0.0,0.0,0.0,0.0,0.0,"Mar 17, 2016"
1980,2404011.0,11231.0,Diyala,Baladrooz,Al-Sadrania village,قرية الصدرانية,33.6989644796,45.078145426,7.0,42.0,0.0,0.0,0.0,0.0,0.0,7.0,0.0,0.0,0.0,0.0,0.0,0.0,0.0,0.0,0.0,0.0,0.0,0.0,0.0,0.0,0.0,0.0,0.0,0.0,0.0,0.0,7.0,0.0,0.0,7.0,0.0,0.0,0.0,0.0,0.0,0.0,0.0,0.0,0.0,0.0,7.0,0.0,0.0,7.0,0.0,0.0,0.0,0.0,0.0,0.0,0.0,0.0,0.0,0.0,0.0,0.0,"Mar 17, 2016"
1981,2404012.0,25241.0,Diyala,Baladrooz,Al-Sawad Village,قرية السواعد,33.69830901,45.08738427,10.0,60.0,0.0,0.0,0.0,0.0,0.0,10.0,0.0,0.0,0.0,0.0,0.0,0.0,0.0,0.0,0.0,0.0,0.0,0.0,0.0,0.0,0.0,0.0,0.0,0.0,0.0,0.0,0.0,0.0,0.0,0.0,0.0,0.0,0.0,0.0,10.0,0.0,0.0,10.0,0.0,0.0,10.0,0.0,0.0,10.0,0.0,0.0,0.0,0.0,0.0,0.0,0.0,0.0,0.0,0.0,0.0,0.0,"Mar 17, 2016"
1982,2404013.0,25236.0,Diyala,Baladrooz,Al-Wasiti Village,قرية الوسيطي,33.69623314,45.07829637,7.0,42.0,0.0,0.0,0.0,0.0,0.0,7.0,0.0,0.0,0.0,0.0,0.0,0.0,0.0,0.0,0.0,0.0,0.0,0.0,0.0,7.0,0.0,0.0,0.0,0.0,0.0,0.0,0.0,0.0,0.0,0.0,0.0,0.0,0.0,0.0,0.0,0.0,0.0,0.0,0.0,0.0,7.0,0.0,0.0,7.0,0.0,0.0,0.0,0.0,0.0,0.0,0.0,0.0,0.0,0.0,0.0,0.0,"Mar 17, 2016"
1983,2404015.0,11226.0,Diyala,Baladrooz,Dur Mandiliy Qtr,حي دور مندلي,33.6867906889,45.0659595696,17.0,102.0,10.0,0.0,0.0,0.0,0.0,7.0,0.0,0.0,0.0,0.0,0.0,0.0,0.0,0.0,0.0,0.0,0.0,0.0,0.0,5.0,0.0,0.0,0.0,0.0,0.0,0.0,12.0,0.0,0.0,12.0,0.0,0.0,0.0,0.0,0.0,0.0,0.0,0.0,0.0,0.0,16.0,0.0,0.0,16.0,0.0,0.0,1.0,0.0,0.0,1.0,0.0,0.0,0.0,0.0,0.0,0.0,"Mar 17, 2016"
1984,2404016.0,11257.0,Diyala,Baladrooz,Hay Al Bakir,حي البكر,33.7430758352,45.5340675264,85.0,510.0,0.0,0.0,0.0,0.0,0.0,85.0,0.0,0.0,0.0,0.0,0.0,0.0,0.0,0.0,0.0,0.0,0.0,0.0,0.0,0.0,0.0,0.0,0.0,0.0,0.0,0.0,85.0,0.0,0.0,85.0,0.0,0.0,0.0,0.0,0.0,0.0,0.0,0.0,0.0,0.0,0.0,0.0,0.0,0.0,85.0,0.0,0.0,85.0,0.0,0.0,0.0,0.0,0.0,0.0,0.0,0.0,"Mar 17, 2016"
1985,2404017.0,11236.0,Diyala,Baladrooz,Imam Askar Village,قرية امام عسكر,33.44915644,45.08621259,9.0,54.0,0.0,0.0,0.0,0.0,0.0,9.0,0.0,0.0,0.0,0.0,0.0,0.0,0.0,0.0,0.0,0.0,0.0,0.0,0.0,9.0,0.0,0.0,0.0,0.0,0.0,0.0,0.0,0.0,0.0,0.0,0.0,0.0,0.0,0.0,0.0,0.0,0.0,0.0,0.0,0.0,9.0,0.0,0.0,9.0,0.0,0.0,0.0,0.0,0.0,0.0,0.0,0.0,0.0,0.0,0.0,0.0,"Mar 17, 2016"
1986,2404018.0,11224.0,Diyala,Baladrooz,Itba Village,قرية عتبة,33.68271305,45.02697469,6.0,36.0,0.0,0.0,0.0,0.0,0.0,6.0,0.0,0.0,0.0,0.0,0.0,0.0,0.0,0.0,0.0,0.0,0.0,0.0,0.0,0.0,0.0,0.0,0.0,0.0,0.0,0.0,0.0,0.0,0.0,0.0,0.0,0.0,0.0,0.0,6.0,0.0,0.0,6.0,0.0,0.0,6.0,0.0,0.0,6.0,0.0,0.0,0.0,0.0,0.0,0.0,0.0,0.0,0.0,0.0,0.0,0.0,"Mar 17, 2016"
1987,2404019.0,25240.0,Diyala,Baladrooz,Jame Al-Rhman Village,قرية جامع الرحمان,33.69200165,45.07405276,9.0,54.0,0.0,0.0,0.0,0.0,0.0,9.0,0.0,0.0,0.0,0.0,0.0,0.0,0.0,0.0,0.0,0.0,0.0,0.0,0.0,9.0,0.0,0.0,0.0,0.0,0.0,0.0,0.0,0.0,0.0,0.0,0.0,0.0,0.0,0.0,0.0,0.0,0.0,0.0,0.0,0.0,9.0,0.0,0.0,9.0,0.0,0.0,0.0,0.0,0.0,0.0,0.0,0.0,0.0,0.0,0.0,0.0,"Mar 17, 2016"
1988,2404020.0,10894.0,Diyala,Baladrooz,Markaz Mandali,مركز مندلي,33.7464420246,45.5503109681,210.0,1260.0,0.0,0.0,0.0,0.0,0.0,210.0,0.0,0.0,0.0,0.0,0.0,0.0,0.0,0.0,0.0,0.0,0.0,0.0,0.0,110.0,0.0,0.0,0.0,0.0,0.0,0.0,100.0,0.0,0.0,100.0,0.0,0.0,0.0,0.0,0.0,0.0,0.0,0.0,0.0,0.0,0.0,0.0,210.0,0.0,0.0,210.0,0.0,0.0,0.0,0.0,0.0,0.0,0.0,0.0,0.0,0.0,"Mar 17, 2016"
1989,2404021.0,25243.0,Diyala,Baladrooz,Matar Abuss Village,قرية مطرعبوس,33.7061506,45.08337929,6.0,36.0,0.0,0.0,0.0,0.0,0.0,6.0,0.0,0.0,0.0,0.0,0.0,0.0,0.0,0.0,0.0,0.0,0.0,0.0,0.0,6.0,0.0,0.0,0.0,0.0,0.0,0.0,0.0,0.0,0.0,0.0,0.0,0.0,0.0,0.0,0.0,0.0,0.0,0.0,0.0,0.0,6.0,0.0,0.0,6.0,0.0,0.0,0.0,0.0,0.0,0.0,0.0,0.0,0.0,0.0,0.0,0.0,"Mar 17, 2016"
1990,2404022.0,25239.0,Diyala,Baladrooz,Naif Ahmad Village,قرية نايف احمد,33.69198,45.08104,10.0,60.0,0.0,0.0,0.0,0.0,0.0,10.0,0.0,0.0,0.0,0.0,0.0,0.0,0.0,0.0,0.0,0.0,0.0,0.0,0.0,0.0,0.0,0.0,0.0,0.0,0.0,0.0,0.0,0.0,0.0,0.0,0.0,0.0,0.0,0.0,10.0,0.0,0.0,10.0,0.0,0.0,10.0,0.0,0.0,10.0,0.0,0.0,0.0,0.0,0.0,0.0,0.0,0.0,0.0,0.0,0.0,0.0,"Mar 17, 2016"
1991,2404023.0,20834.0,Diyala,Baladrooz,Dabbat village,قرية دبات,33.71410751,45.06828013,7.0,42.0,0.0,0.0,0.0,0.0,0.0,0.0,0.0,0.0,0.0,0.0,0.0,0.0,0.0,0.0,7.0,0.0,0.0,0.0,0.0,0.0,0.0,0.0,0.0,0.0,0.0,0.0,0.0,0.0,0.0,0.0,0.0,0.0,0.0,0.0,7.0,0.0,0.0,7.0,0.0,0.0,7.0,0.0,0.0,7.0,0.0,0.0,0.0,0.0,0.0,0.0,0.0,0.0,0.0,0.0,0.0,0.0,"Mar 17, 2016"
1992,2404024.0,11547.0,Diyala,Baladrooz,Eksairat village,قرية كسيرات,33.6975582099,45.0631184674,4.0,24.0,0.0,0.0,0.0,0.0,0.0,4.0,0.0,0.0,0.0,0.0,0.0,0.0,0.0,0.0,0.0,0.0,0.0,0.0,0.0,4.0,0.0,0.0,0.0,0.0,0.0,0.0,0.0,0.0,0.0,0.0,0.0,0.0,0.0,0.0,0.0,0.0,0.0,0.0,0.0,0.0,4.0,0.0,0.0,4.0,0.0,0.0,0.0,0.0,0.0,0.0,0.0,0.0,0.0,0.0,0.0,0.0,"Mar 17, 2016"
1993,2404026.0,25246.0,Diyala,Baladrooz,Shah Ali Village,قرية شاه علي,33.65236664,45.15809376,5.0,30.0,0.0,0.0,0.0,0.0,0.0,5.0,0.0,0.0,0.0,0.0,0.0,0.0,0.0,0.0,0.0,0.0,0.0,0.0,0.0,5.0,0.0,0.0,0.0,0.0,0.0,0.0,0.0,0.0,0.0,0.0,0.0,0.0,0.0,0.0,0.0,0.0,0.0,0.0,0.0,0.0,5.0,0.0,0.0,5.0,0.0,0.0,0.0,0.0,0.0,0.0,0.0,0.0,0.0,0.0,0.0,0.0,"Mar 17, 2016"
1994,2404027.0,25244.0,Diyala,Baladrooz,Zain Al-din Village,قرية زين الدين,33.67373726,45.09501015,10.0,60.0,0.0,0.0,0.0,0.0,0.0,10.0,0.0,0.0,0.0,0.0,0.0,0.0,0.0,0.0,0.0,0.0,0.0,0.0,0.0,10.0,0.0,0.0,0.0,0.0,0.0,0.0,0.0,0.0,0.0,0.0,0.0,0.0,0.0,0.0,0.0,0.0,0.0,0.0,0.0,0.0,10.0,0.0,0.0,10.0,0.0,0.0,0.0,0.0,0.0,0.0,0.0,0.0,0.0,0.0,0.0,0.0,"Mar 17, 2016"
1995,2405001.0,11145.0,Diyala,Khanaqin,Ahmed Hilal village,قرية احمد هلال,34.3768290977,45.3277819656,28.0,168.0,0.0,0.0,0.0,0.0,0.0,28.0,0.0,0.0,0.0,0.0,0.0,0.0,0.0,0.0,0.0,0.0,0.0,0.0,0.0,10.0,0.0,0.0,0.0,0.0,0.0,0.0,8.0,0.0,0.0,8.0,0.0,0.0,0.0,0.0,10.0,0.0,0.0,10.0,0.0,0.0,25.0,0.0,3.0,25.0,0.0,3.0,0.0,0.0,0.0,0.0,0.0,0.0,0.0,0.0,0.0,0.0,"Mar 17, 2016"
1996,2405002.0,24388.0,Diyala,Khanaqin,Ahmed Taher Village,قرية احمد طاهر,34.3166626664,45.3211390283,35.0,210.0,0.0,0.0,0.0,0.0,0.0,35.0,0.0,0.0,0.0,0.0,0.0,0.0,0.0,0.0,0.0,0.0,0.0,0.0,0.0,0.0,0.0,0.0,0.0,0.0,0.0,0.0,25.0,0.0,0.0,25.0,0.0,0.0,0.0,0.0,10.0,0.0,0.0,10.0,0.0,0.0,35.0,0.0,0.0,35.0,0.0,0.0,0.0,0.0,0.0,0.0,0.0,0.0,0.0,0.0,0.0,0.0,"Mar 17, 2016"
1997,2405004.0,24510.0,Diyala,Khanaqin,Al Ukhwah village,قرية الاخوة,34.3253327088,45.2779816812,225.0,1350.0,0.0,0.0,0.0,0.0,0.0,225.0,0.0,0.0,0.0,0.0,0.0,0.0,0.0,0.0,0.0,0.0,0.0,0.0,0.0,25.0,0.0,0.0,0.0,0.0,0.0,0.0,27.0,0.0,0.0,27.0,0.0,0.0,0.0,0.0,173.0,0.0,0.0,173.0,0.0,0.0,215.0,0.0,10.0,215.0,0.0,10.0,0.0,0.0,0.0,0.0,0.0,0.0,0.0,0.0,0.0,0.0,"Mar 17, 2016"
1998,2405005.0,25255.0,Diyala,Kifri,Albishir village,قرية البشر,34.4532123883,45.0348189642,120.0,720.0,0.0,0.0,0.0,0.0,0.0,120.0,0.0,0.0,0.0,0.0,0.0,0.0,0.0,0.0,0.0,0.0,0.0,0.0,0.0,100.0,0.0,0.0,0.0,0.0,0.0,5.0,0.0,5.0,0.0,0.0,0.0,0.0,2.0,0.0,13.0,2.0,0.0,13.0,0.0,0.0,120.0,0.0,0.0,120.0,0.0,0.0,0.0,0.0,0.0,0.0,0.0,0.0,0.0,0.0,0.0,0.0,"Mar 17, 2016"
1999,2405006.0,24405.0,Diyala,Khanaqin,aldarawsha village,قرية الدراوشة,34.360143746,45.2206341126,210.0,1260.0,0.0,0.0,0.0,0.0,0.0,210.0,0.0,0.0,0.0,0.0,0.0,0.0,0.0,0.0,0.0,0.0,0.0,0.0,0.0,88.0,0.0,0.0,0.0,0.0,0.0,0.0,0.0,0.0,0.0,0.0,0.0,0.0,12.0,0.0,110.0,12.0,0.0,110.0,0.0,0.0,125.0,0.0,70.0,125.0,15.0,70.0,0.0,15.0,0.0,0.0,0.0,0.0,0.0,0.0,0.0,0.0,"Mar 17, 2016"
2000,2405007.0,24401.0,Diyala,Khanaqin,Elean village,قرية عليان,34.3653295815,45.2382007562,180.0,1080.0,0.0,0.0,0.0,0.0,0.0,180.0,0.0,0.0,0.0,0.0,0.0,0.0,0.0,0.0,0.0,0.0,0.0,0.0,0.0,80.0,0.0,0.0,0.0,0.0,0.0,0.0,0.0,0.0,0.0,0.0,0.0,0.0,0.0,0.0,100.0,0.0,0.0,100.0,0.0,0.0,123.0,0.0,0.0,123.0,57.0,0.0,0.0,57.0,0.0,0.0,0.0,0.0,0.0,0.0,0.0,0.0,"Mar 17, 2016"
2001,2405008.0,25627.0,Diyala,Khanaqin,Ali Beck village,قرية علي بيك,34.3518033714,45.2399026669,50.0,300.0,0.0,0.0,0.0,0.0,0.0,50.0,0.0,0.0,0.0,0.0,0.0,0.0,0.0,0.0,0.0,0.0,0.0,0.0,0.0,30.0,0.0,0.0,0.0,0.0,0.0,0.0,0.0,0.0,0.0,0.0,0.0,0.0,0.0,0.0,20.0,0.0,0.0,20.0,0.0,0.0,50.0,0.0,0.0,50.0,0.0,0.0,0.0,0.0,0.0,0.0,0.0,0.0,0.0,0.0,0.0,0.0,"Mar 17, 2016"
2002,2405009.0,25341.0,Diyala,Khanaqin,Ali Murad village,قرية علي مراد,34.3592594776,45.3827324102,100.0,600.0,0.0,0.0,2.0,0.0,0.0,98.0,0.0,0.0,0.0,0.0,0.0,0.0,0.0,0.0,0.0,0.0,0.0,0.0,0.0,33.0,0.0,0.0,0.0,0.0,0.0,0.0,52.0,0.0,0.0,52.0,0.0,0.0,0.0,0.0,15.0,0.0,0.0,15.0,0.0,0.0,98.0,0.0,2.0,98.0,0.0,2.0,0.0,0.0,0.0,0.0,0.0,0.0,0.0,0.0,0.0,0.0,"Mar 17, 2016"
2003,2405010.0,24386.0,Diyala,Khanaqin,Ali Saadoun village,قرية علي سعدون,34.3846765269,45.2926556192,74.0,444.0,0.0,0.0,0.0,0.0,0.0,74.0,0.0,0.0,0.0,0.0,0.0,0.0,0.0,0.0,0.0,0.0,0.0,0.0,0.0,34.0,0.0,0.0,0.0,0.0,0.0,0.0,0.0,0.0,0.0,0.0,0.0,0.0,0.0,0.0,40.0,0.0,0.0,40.0,0.0,0.0,54.0,0.0,20.0,54.0,0.0,20.0,0.0,0.0,0.0,0.0,0.0,0.0,0.0,0.0,0.0,0.0,"Mar 17, 2016"
2004,2405012.0,24404.0,Diyala,Khanaqin,alkalah village,قرية القلعة,34.366800297,45.2440490699,80.0,480.0,0.0,0.0,0.0,0.0,0.0,80.0,0.0,0.0,0.0,0.0,0.0,0.0,0.0,0.0,0.0,0.0,0.0,0.0,0.0,40.0,0.0,0.0,0.0,0.0,0.0,0.0,0.0,0.0,0.0,0.0,0.0,0.0,0.0,0.0,40.0,0.0,0.0,40.0,0.0,0.0,35.0,0.0,25.0,35.0,20.0,25.0,0.0,20.0,0.0,0.0,0.0,0.0,0.0,0.0,0.0,0.0,"Mar 17, 2016"
2005,2405013.0,24407.0,Diyala,Khanaqin,alkubeah small village,قرية الكبية الصغيرة,34.3994973149,45.2335821421,100.0,600.0,0.0,0.0,0.0,0.0,0.0,100.0,0.0,0.0,0.0,0.0,0.0,0.0,0.0,0.0,0.0,0.0,0.0,0.0,0.0,10.0,0.0,0.0,0.0,0.0,0.0,0.0,0.0,0.0,0.0,0.0,0.0,0.0,0.0,0.0,90.0,0.0,0.0,90.0,0.0,0.0,90.0,0.0,10.0,90.0,0.0,10.0,0.0,0.0,0.0,0.0,0.0,0.0,0.0,0.0,0.0,0.0,"Mar 17, 2016"
2006,2405014.0,10676.0,Diyala,Khanaqin,Arkawazi Qtr,حي اركوازي,34.3311820058,45.4011356063,200.0,1200.0,0.0,0.0,0.0,0.0,0.0,200.0,0.0,0.0,0.0,0.0,0.0,0.0,0.0,0.0,0.0,0.0,0.0,0.0,0.0,10.0,0.0,0.0,0.0,0.0,0.0,0.0,60.0,0.0,0.0,60.0,0.0,0.0,0.0,0.0,130.0,0.0,0.0,130.0,0.0,0.0,200.0,0.0,0.0,200.0,0.0,0.0,0.0,0.0,0.0,0.0,0.0,0.0,0.0,0.0,0.0,0.0,"Mar 17, 2016"
2007,2405015.0,24412.0,Diyala,Khanaqin,bab lawi village,قرية باب لاوي,34.4177002933,45.3145801175,15.0,90.0,0.0,0.0,0.0,0.0,0.0,15.0,0.0,0.0,0.0,0.0,0.0,0.0,0.0,0.0,0.0,0.0,0.0,0.0,0.0,10.0,0.0,0.0,0.0,0.0,0.0,0.0,0.0,0.0,0.0,0.0,0.0,0.0,0.0,0.0,5.0,0.0,0.0,5.0,0.0,0.0,15.0,0.0,0.0,15.0,0.0,0.0,0.0,0.0,0.0,0.0,0.0,0.0,0.0,0.0,0.0,0.0,"Mar 17, 2016"
2008,2405016.0,24352.0,Diyala,Khanaqin,Bahari Taza Area,منطقة بهار تازة,34.3056540722,45.3503987228,100.0,600.0,0.0,0.0,0.0,0.0,0.0,100.0,0.0,0.0,0.0,0.0,0.0,0.0,0.0,0.0,0.0,0.0,0.0,0.0,0.0,10.0,0.0,0.0,0.0,0.0,0.0,0.0,50.0,0.0,0.0,50.0,0.0,0.0,0.0,0.0,40.0,0.0,0.0,40.0,0.0,0.0,100.0,0.0,0.0,100.0,0.0,0.0,0.0,0.0,0.0,0.0,0.0,0.0,0.0,0.0,0.0,0.0,"Mar 17, 2016"
2009,2405019.0,25251.0,Diyala,Kifri,Bakaly village,قرية بكالي(البجاجيل),34.4212660003,45.0963012903,250.0,1500.0,0.0,0.0,0.0,0.0,0.0,250.0,0.0,0.0,0.0,0.0,0.0,0.0,0.0,0.0,0.0,0.0,0.0,0.0,0.0,90.0,0.0,0.0,0.0,0.0,0.0,0.0,0.0,0.0,0.0,0.0,0.0,0.0,0.0,0.0,160.0,0.0,0.0,160.0,0.0,0.0,225.0,0.0,25.0,225.0,0.0,25.0,0.0,0.0,0.0,0.0,0.0,0.0,0.0,0.0,0.0,0.0,"Mar 17, 2016"
2010,2405020.0,25257.0,Diyala,Khanaqin,Bakhtiari Qtr,حي بختياري,34.3144272644,45.3565178418,500.0,3000.0,0.0,0.0,0.0,0.0,0.0,500.0,0.0,0.0,0.0,0.0,0.0,0.0,0.0,0.0,0.0,0.0,0.0,0.0,0.0,15.0,0.0,0.0,0.0,0.0,0.0,0.0,260.0,0.0,0.0,260.0,0.0,0.0,0.0,0.0,225.0,0.0,0.0,225.0,0.0,0.0,475.0,0.0,25.0,475.0,0.0,25.0,0.0,0.0,0.0,0.0,0.0,0.0,0.0,0.0,0.0,0.0,"Mar 17, 2016"
2011,2405021.0,24387.0,Diyala,Khanaqin,Clay Hussein village,قرية كلاي حسين,34.3761951065,45.2754965549,68.0,408.0,0.0,0.0,0.0,0.0,0.0,68.0,0.0,0.0,0.0,0.0,0.0,0.0,0.0,0.0,0.0,0.0,0.0,0.0,0.0,18.0,0.0,0.0,0.0,0.0,0.0,0.0,0.0,0.0,0.0,0.0,0.0,0.0,0.0,0.0,50.0,0.0,0.0,50.0,0.0,0.0,0.0,0.0,68.0,0.0,0.0,68.0,0.0,0.0,0.0,0.0,0.0,0.0,0.0,0.0,0.0,0.0,"Mar 17, 2016"
2012,2405022.0,24400.0,Diyala,Khanaqin,bani arkab village,قرية بني اركاب,34.3583633475,45.2359515984,50.0,300.0,0.0,0.0,0.0,0.0,0.0,50.0,0.0,0.0,0.0,0.0,0.0,0.0,0.0,0.0,0.0,0.0,0.0,0.0,0.0,25.0,0.0,0.0,0.0,0.0,0.0,0.0,0.0,0.0,0.0,0.0,0.0,0.0,0.0,0.0,25.0,0.0,0.0,25.0,0.0,0.0,25.0,0.0,25.0,25.0,0.0,25.0,0.0,0.0,0.0,0.0,0.0,0.0,0.0,0.0,0.0,0.0,"Mar 17, 2016"
2013,2405023.0,25467.0,Diyala,Khanaqin,Dara Konarh Qtr,حي دارة كونارة,34.3393165691,45.3908512422,100.0,600.0,0.0,0.0,0.0,0.0,0.0,100.0,0.0,0.0,0.0,0.0,0.0,0.0,0.0,0.0,0.0,0.0,0.0,0.0,0.0,0.0,0.0,0.0,0.0,0.0,0.0,0.0,75.0,0.0,0.0,75.0,0.0,0.0,0.0,0.0,25.0,0.0,0.0,25.0,0.0,0.0,80.0,0.0,20.0,80.0,0.0,20.0,0.0,0.0,0.0,0.0,0.0,0.0,0.0,0.0,0.0,0.0,"Mar 17, 2016"
2014,2405024.0,24403.0,Diyala,Khanaqin,darwish village,قرية درويش,34.3917327502,45.30702866,50.0,300.0,0.0,0.0,0.0,0.0,0.0,50.0,0.0,0.0,0.0,0.0,0.0,0.0,0.0,0.0,0.0,0.0,0.0,0.0,0.0,12.0,0.0,0.0,0.0,0.0,0.0,0.0,0.0,0.0,0.0,0.0,0.0,0.0,0.0,0.0,38.0,0.0,0.0,38.0,0.0,0.0,24.0,0.0,26.0,24.0,0.0,26.0,0.0,0.0,0.0,0.0,0.0,0.0,0.0,0.0,0.0,0.0,"Mar 17, 2016"
2015,2405025.0,25254.0,Diyala,Kifri,Dora village,قرية دورة,34.4432797546,45.0584311968,60.0,360.0,0.0,0.0,0.0,0.0,0.0,60.0,0.0,0.0,0.0,0.0,0.0,0.0,0.0,0.0,0.0,0.0,0.0,0.0,0.0,40.0,0.0,0.0,0.0,0.0,0.0,0.0,0.0,0.0,0.0,0.0,0.0,0.0,0.0,0.0,20.0,0.0,0.0,20.0,0.0,0.0,60.0,0.0,0.0,60.0,0.0,0.0,0.0,0.0,0.0,0.0,0.0,0.0,0.0,0.0,0.0,0.0,"Mar 17, 2016"
2016,2405027.0,24394.0,Diyala,Khanaqin,habib Abdullah village,قرية حبيب عبد الله,34.3128827995,45.3242915,35.0,210.0,0.0,0.0,0.0,0.0,0.0,35.0,0.0,0.0,0.0,0.0,0.0,0.0,0.0,0.0,0.0,0.0,0.0,0.0,0.0,20.0,0.0,0.0,0.0,0.0,0.0,0.0,0.0,0.0,0.0,0.0,0.0,0.0,0.0,0.0,15.0,0.0,0.0,15.0,0.0,0.0,35.0,0.0,0.0,35.0,0.0,0.0,0.0,0.0,0.0,0.0,0.0,0.0,0.0,0.0,0.0,0.0,"Mar 17, 2016"
2017,2405028.0,25626.0,Diyala,Khanaqin,Hassan Garad Village,قرية حسن جراد,34.381731909,45.2568096619,15.0,90.0,0.0,0.0,0.0,0.0,0.0,15.0,0.0,0.0,0.0,0.0,0.0,0.0,0.0,0.0,0.0,0.0,0.0,0.0,0.0,0.0,0.0,0.0,0.0,0.0,0.0,0.0,0.0,0.0,0.0,0.0,0.0,0.0,0.0,0.0,15.0,0.0,0.0,15.0,0.0,0.0,15.0,0.0,0.0,15.0,0.0,0.0,0.0,0.0,0.0,0.0,0.0,0.0,0.0,0.0,0.0,0.0,"Mar 17, 2016"
2018,2405029.0,24354.0,Diyala,Khanaqin,Al Askari Qtr,حي عسكري,34.3402497244,45.4002443104,125.0,750.0,0.0,0.0,0.0,0.0,0.0,125.0,0.0,0.0,0.0,0.0,0.0,0.0,0.0,0.0,0.0,0.0,0.0,0.0,0.0,10.0,0.0,0.0,0.0,0.0,0.0,0.0,100.0,0.0,0.0,100.0,0.0,0.0,0.0,0.0,15.0,0.0,0.0,15.0,0.0,0.0,107.0,0.0,18.0,107.0,0.0,18.0,0.0,0.0,0.0,0.0,0.0,0.0,0.0,0.0,0.0,0.0,"Mar 17, 2016"
2019,2405030.0,24395.0,Diyala,Khanaqin,Alshortah Qtr,حي الشرطة,34.3472971524,45.4071636959,80.0,480.0,0.0,0.0,0.0,0.0,0.0,80.0,0.0,0.0,0.0,0.0,0.0,0.0,0.0,0.0,0.0,0.0,0.0,0.0,0.0,0.0,0.0,0.0,0.0,0.0,0.0,0.0,30.0,0.0,0.0,30.0,0.0,0.0,0.0,0.0,50.0,0.0,0.0,50.0,0.0,0.0,55.0,0.0,25.0,55.0,0.0,25.0,0.0,0.0,0.0,0.0,0.0,0.0,0.0,0.0,0.0,0.0,"Mar 17, 2016"
2020,2405031.0,24312.0,Diyala,Khanaqin,Imam Abass Qtr,حي إمام عباس,34.3423005061,45.3606339171,200.0,1200.0,2.0,0.0,0.0,0.0,0.0,196.0,0.0,0.0,0.0,0.0,0.0,0.0,2.0,0.0,0.0,0.0,0.0,0.0,0.0,4.0,0.0,0.0,0.0,0.0,0.0,0.0,100.0,0.0,0.0,100.0,0.0,0.0,0.0,0.0,96.0,0.0,0.0,96.0,2.0,0.0,198.0,2.0,0.0,198.0,0.0,0.0,0.0,0.0,0.0,0.0,0.0,0.0,0.0,0.0,0.0,0.0,"Mar 17, 2016"
2021,2405032.0,24410.0,Diyala,Khanaqin,Ibrahim bek village,قرية ابراهيم بيك,34.4374194134,45.2566269153,20.0,120.0,0.0,0.0,0.0,0.0,0.0,20.0,0.0,0.0,0.0,0.0,0.0,0.0,0.0,0.0,0.0,0.0,0.0,0.0,0.0,5.0,0.0,0.0,0.0,0.0,0.0,0.0,15.0,0.0,0.0,15.0,0.0,0.0,0.0,0.0,0.0,0.0,0.0,0.0,0.0,0.0,17.0,0.0,3.0,17.0,0.0,3.0,0.0,0.0,0.0,0.0,0.0,0.0,0.0,0.0,0.0,0.0,"Mar 17, 2016"
2022,2405034.0,25429.0,Diyala,Kifri,Markaz Jabara,جبارة,34.5915319305,44.935440448,410.0,2460.0,0.0,0.0,0.0,0.0,0.0,410.0,0.0,0.0,0.0,0.0,0.0,0.0,0.0,0.0,0.0,0.0,0.0,0.0,0.0,190.0,0.0,0.0,0.0,0.0,0.0,0.0,100.0,0.0,0.0,100.0,0.0,0.0,0.0,0.0,120.0,0.0,0.0,120.0,0.0,0.0,410.0,0.0,0.0,410.0,0.0,0.0,0.0,0.0,0.0,0.0,0.0,0.0,0.0,0.0,0.0,0.0,"Mar 17, 2016"
2023,2405035.0,10666.0,Diyala,Khanaqin,Jibraoh village,قرية جبراوة,34.3069084587,45.3884228997,100.0,600.0,0.0,0.0,0.0,0.0,0.0,100.0,0.0,0.0,0.0,0.0,0.0,0.0,0.0,0.0,0.0,0.0,0.0,0.0,0.0,10.0,0.0,0.0,0.0,0.0,0.0,0.0,15.0,0.0,0.0,15.0,0.0,0.0,0.0,0.0,75.0,0.0,0.0,75.0,0.0,0.0,100.0,0.0,0.0,100.0,0.0,0.0,0.0,0.0,0.0,0.0,0.0,0.0,0.0,0.0,0.0,0.0,"Mar 17, 2016"
2024,2405036.0,24409.0,Diyala,Khanaqin,kader bek village,قرية قادر بيك,34.4728885684,45.213676601,43.0,258.0,0.0,0.0,0.0,0.0,0.0,43.0,0.0,0.0,0.0,0.0,0.0,0.0,0.0,0.0,0.0,0.0,0.0,0.0,0.0,18.0,0.0,0.0,0.0,0.0,0.0,0.0,5.0,0.0,0.0,5.0,0.0,0.0,0.0,0.0,20.0,0.0,0.0,20.0,0.0,0.0,35.0,0.0,8.0,35.0,0.0,8.0,0.0,0.0,0.0,0.0,0.0,0.0,0.0,0.0,0.0,0.0,"Mar 17, 2016"
2025,2405037.0,25343.0,Diyala,Khanaqin,Kahriaz Sofla Area,منطقة كهريز السفلى,34.3313364583,45.3782597868,52.0,312.0,0.0,0.0,0.0,0.0,0.0,52.0,0.0,0.0,0.0,0.0,0.0,0.0,0.0,0.0,0.0,0.0,0.0,0.0,0.0,0.0,0.0,0.0,0.0,0.0,0.0,0.0,37.0,0.0,0.0,37.0,0.0,0.0,0.0,0.0,15.0,0.0,0.0,15.0,0.0,0.0,52.0,0.0,0.0,52.0,0.0,0.0,0.0,0.0,0.0,0.0,0.0,0.0,0.0,0.0,0.0,0.0,"Mar 17, 2016"
2026,2405038.0,24777.0,Diyala,Khanaqin,Al Wand 1,كلات(مخيم الوند 1),34.3267074421,45.45054761,880.0,5280.0,0.0,0.0,0.0,0.0,0.0,880.0,0.0,0.0,0.0,0.0,0.0,0.0,0.0,0.0,0.0,0.0,0.0,0.0,880.0,0.0,0.0,0.0,0.0,0.0,0.0,0.0,0.0,0.0,0.0,0.0,0.0,0.0,0.0,0.0,0.0,0.0,0.0,0.0,0.0,0.0,680.0,0.0,200.0,680.0,0.0,200.0,0.0,0.0,0.0,0.0,0.0,0.0,0.0,0.0,0.0,0.0,"Mar 17, 2016"
2027,2405039.0,24398.0,Diyala,Khanaqin,Karim alDaoud village,قرية كريم الداود,34.3603936404,45.2624170944,130.0,780.0,0.0,0.0,0.0,0.0,0.0,130.0,0.0,0.0,0.0,0.0,0.0,0.0,0.0,0.0,0.0,0.0,0.0,0.0,0.0,41.0,0.0,0.0,0.0,0.0,0.0,0.0,15.0,0.0,0.0,15.0,0.0,0.0,0.0,0.0,74.0,0.0,0.0,74.0,0.0,0.0,123.0,0.0,7.0,123.0,0.0,7.0,0.0,0.0,0.0,0.0,0.0,0.0,0.0,0.0,0.0,0.0,"Mar 17, 2016"
2028,2405040.0,25253.0,Diyala,Kifri,Khdran village,قرية خضران,34.4585319198,45.0214505921,51.0,306.0,0.0,0.0,0.0,0.0,0.0,51.0,0.0,0.0,0.0,0.0,0.0,0.0,0.0,0.0,0.0,0.0,0.0,0.0,0.0,33.0,0.0,0.0,0.0,0.0,0.0,0.0,0.0,0.0,0.0,0.0,0.0,0.0,0.0,0.0,18.0,0.0,0.0,18.0,0.0,0.0,36.0,0.0,10.0,36.0,5.0,10.0,0.0,5.0,0.0,0.0,0.0,0.0,0.0,0.0,0.0,0.0,"Mar 17, 2016"
2029,2405041.0,25252.0,Diyala,Kifri,Khozifah village,قرية خزيفة,34.4367796318,45.0599580894,250.0,1500.0,0.0,0.0,0.0,0.0,0.0,250.0,0.0,0.0,0.0,0.0,0.0,0.0,0.0,0.0,0.0,0.0,0.0,0.0,0.0,200.0,0.0,0.0,0.0,0.0,0.0,0.0,5.0,0.0,0.0,5.0,0.0,0.0,0.0,0.0,45.0,0.0,0.0,45.0,0.0,0.0,250.0,0.0,0.0,250.0,0.0,0.0,0.0,0.0,0.0,0.0,0.0,0.0,0.0,0.0,0.0,0.0,"Mar 17, 2016"
2030,2405042.0,24351.0,Diyala,Khanaqin,Mazrah Qtr,حي مزرعة,34.3441594324,45.388889099,145.0,870.0,0.0,0.0,0.0,0.0,0.0,145.0,0.0,0.0,0.0,0.0,0.0,0.0,0.0,0.0,0.0,0.0,0.0,0.0,0.0,5.0,0.0,0.0,0.0,0.0,0.0,0.0,125.0,0.0,0.0,125.0,0.0,0.0,0.0,0.0,15.0,0.0,0.0,15.0,0.0,0.0,145.0,0.0,0.0,145.0,0.0,0.0,0.0,0.0,0.0,0.0,0.0,0.0,0.0,0.0,0.0,0.0,"Mar 17, 2016"
2031,2405043.0,10528.0,Diyala,Khanaqin,Mekhas Village,قرية ميخاس(ملا رحمن),34.3945094757,45.3563535013,20.0,120.0,0.0,0.0,0.0,0.0,0.0,20.0,0.0,0.0,0.0,0.0,0.0,0.0,0.0,0.0,0.0,0.0,0.0,0.0,0.0,8.0,0.0,0.0,0.0,0.0,0.0,0.0,12.0,0.0,0.0,12.0,0.0,0.0,0.0,0.0,0.0,0.0,0.0,0.0,0.0,0.0,20.0,0.0,0.0,20.0,0.0,0.0,0.0,0.0,0.0,0.0,0.0,0.0,0.0,0.0,0.0,0.0,"Mar 17, 2016"
2032,2405044.0,25628.0,Diyala,Khanaqin,Mohammed Abbas village,قرية محمد عباس,34.37901551,45.32954921,18.0,108.0,0.0,0.0,0.0,0.0,0.0,18.0,0.0,0.0,0.0,0.0,0.0,0.0,0.0,0.0,0.0,0.0,0.0,0.0,0.0,8.0,0.0,0.0,0.0,0.0,0.0,0.0,0.0,0.0,0.0,0.0,0.0,0.0,0.0,0.0,10.0,0.0,0.0,10.0,0.0,0.0,15.0,0.0,3.0,15.0,0.0,3.0,0.0,0.0,0.0,0.0,0.0,0.0,0.0,0.0,0.0,0.0,"Mar 17, 2016"
2033,2405045.0,24402.0,Diyala,Khanaqin,mohammed humeli village,قرية محمد هميلي,34.3748590186,45.2489711528,120.0,720.0,0.0,0.0,0.0,0.0,0.0,120.0,0.0,0.0,0.0,0.0,0.0,0.0,0.0,0.0,0.0,0.0,0.0,0.0,0.0,50.0,0.0,0.0,0.0,0.0,0.0,0.0,0.0,0.0,0.0,0.0,0.0,0.0,0.0,0.0,70.0,0.0,0.0,70.0,0.0,0.0,90.0,0.0,30.0,90.0,0.0,30.0,0.0,0.0,0.0,0.0,0.0,0.0,0.0,0.0,0.0,0.0,"Mar 17, 2016"
2034,2405046.0,10924.0,Diyala,Khanaqin,Mullah Aziz village,قرية ملا عزيز,34.3218725862,45.4174882648,100.0,600.0,0.0,0.0,0.0,0.0,0.0,100.0,0.0,0.0,0.0,0.0,0.0,0.0,0.0,0.0,0.0,0.0,0.0,0.0,0.0,0.0,0.0,0.0,0.0,0.0,0.0,0.0,50.0,0.0,0.0,50.0,0.0,0.0,0.0,0.0,50.0,0.0,0.0,50.0,0.0,0.0,100.0,0.0,0.0,100.0,0.0,0.0,0.0,0.0,0.0,0.0,0.0,0.0,0.0,0.0,0.0,0.0,"Mar 17, 2016"
2035,2405047.0,25256.0,Diyala,Kifri,Nargis village,قرية نرجس,34.4593313511,45.0262989011,60.0,360.0,0.0,0.0,0.0,0.0,0.0,60.0,0.0,0.0,0.0,0.0,0.0,0.0,0.0,0.0,0.0,0.0,0.0,0.0,0.0,30.0,0.0,0.0,0.0,0.0,0.0,0.0,0.0,0.0,0.0,0.0,0.0,0.0,0.0,0.0,30.0,0.0,0.0,30.0,0.0,0.0,60.0,0.0,0.0,60.0,0.0,0.0,0.0,0.0,0.0,0.0,0.0,0.0,0.0,0.0,0.0,0.0,"Mar 17, 2016"
2036,2405049.0,25249.0,Diyala,Khanaqin,Obara-1 Qtr,حي اوبارا-1,34.3586388243,45.3922607414,55.0,330.0,0.0,0.0,0.0,0.0,0.0,55.0,0.0,0.0,0.0,0.0,0.0,0.0,0.0,0.0,0.0,0.0,0.0,0.0,0.0,15.0,0.0,0.0,0.0,0.0,0.0,0.0,25.0,0.0,0.0,25.0,0.0,0.0,0.0,0.0,15.0,0.0,0.0,15.0,0.0,0.0,55.0,0.0,0.0,55.0,0.0,0.0,0.0,0.0,0.0,0.0,0.0,0.0,0.0,0.0,0.0,0.0,"Mar 17, 2016"
2037,2405050.0,25250.0,Diyala,Khanaqin,Obara-2 Qtr,حي اوبارا-2,34.3613335488,45.3902156325,50.0,300.0,0.0,0.0,0.0,0.0,0.0,50.0,0.0,0.0,0.0,0.0,0.0,0.0,0.0,0.0,0.0,0.0,0.0,0.0,0.0,0.0,0.0,0.0,0.0,0.0,0.0,0.0,33.0,0.0,0.0,33.0,0.0,0.0,0.0,0.0,17.0,0.0,0.0,17.0,0.0,0.0,50.0,0.0,0.0,50.0,0.0,0.0,0.0,0.0,0.0,0.0,0.0,0.0,0.0,0.0,0.0,0.0,"Mar 17, 2016"
2038,2405051.0,25818.0,Diyala,Khanaqin,Qoratu,قوارتو كامب,34.5437155,45.3898012,485.0,2910.0,272.0,0.0,3.0,0.0,0.0,210.0,0.0,0.0,0.0,0.0,0.0,0.0,0.0,0.0,0.0,0.0,0.0,0.0,485.0,0.0,0.0,0.0,0.0,0.0,0.0,0.0,0.0,0.0,0.0,0.0,0.0,0.0,0.0,0.0,0.0,0.0,0.0,0.0,30.0,0.0,224.0,30.0,0.0,224.0,59.0,0.0,172.0,59.0,0.0,172.0,0.0,0.0,0.0,0.0,0.0,0.0,"Mar 17, 2016"
2039,2405052.0,24411.0,Diyala,Khanaqin,Quramin village,قرية قرامين,34.4191926357,45.2927298849,77.0,462.0,0.0,0.0,0.0,0.0,0.0,77.0,0.0,0.0,0.0,0.0,0.0,0.0,0.0,0.0,0.0,0.0,0.0,0.0,0.0,17.0,0.0,0.0,0.0,0.0,0.0,0.0,0.0,0.0,0.0,0.0,0.0,0.0,0.0,0.0,60.0,0.0,0.0,60.0,0.0,0.0,77.0,0.0,0.0,77.0,0.0,0.0,0.0,0.0,0.0,0.0,0.0,0.0,0.0,0.0,0.0,0.0,"Mar 17, 2016"
2040,2405053.0,10511.0,Diyala,Khanaqin,Rahamalla Village,قرية الرحاملة,34.3732420716,45.2777317356,27.0,162.0,0.0,0.0,0.0,0.0,0.0,27.0,0.0,0.0,0.0,0.0,0.0,0.0,0.0,0.0,0.0,0.0,0.0,0.0,0.0,10.0,0.0,0.0,0.0,0.0,0.0,0.0,0.0,0.0,0.0,0.0,0.0,0.0,0.0,0.0,17.0,0.0,0.0,17.0,0.0,0.0,12.0,0.0,15.0,12.0,0.0,15.0,0.0,0.0,0.0,0.0,0.0,0.0,0.0,0.0,0.0,0.0,"Mar 17, 2016"
2041,2405054.0,25247.0,Diyala,Khanaqin,Rapren-1 Qtr,حي رابرين-1,34.3201199719,45.3820411125,80.0,480.0,0.0,0.0,0.0,0.0,0.0,80.0,0.0,0.0,0.0,0.0,0.0,0.0,0.0,0.0,0.0,0.0,0.0,0.0,0.0,8.0,0.0,0.0,0.0,0.0,0.0,0.0,30.0,0.0,0.0,30.0,0.0,0.0,0.0,0.0,42.0,0.0,0.0,42.0,0.0,0.0,75.0,0.0,5.0,75.0,0.0,5.0,0.0,0.0,0.0,0.0,0.0,0.0,0.0,0.0,0.0,0.0,"Mar 17, 2016"
2042,2405055.0,25248.0,Diyala,Khanaqin,Rapren-2 Qtr,حي رابرين-2,34.3179832068,45.3846825423,100.0,600.0,0.0,0.0,0.0,0.0,0.0,100.0,0.0,0.0,0.0,0.0,0.0,0.0,0.0,0.0,0.0,0.0,0.0,0.0,0.0,10.0,0.0,0.0,0.0,0.0,0.0,0.0,19.0,0.0,0.0,19.0,0.0,0.0,0.0,0.0,71.0,0.0,0.0,71.0,0.0,0.0,100.0,0.0,0.0,100.0,0.0,0.0,0.0,0.0,0.0,0.0,0.0,0.0,0.0,0.0,0.0,0.0,"Mar 17, 2016"
2043,2405056.0,24399.0,Diyala,Khanaqin,Rizgari village,قرية رزكاري,34.3599857185,45.2483623391,35.0,210.0,0.0,0.0,0.0,0.0,0.0,35.0,0.0,0.0,0.0,0.0,0.0,0.0,0.0,0.0,0.0,0.0,0.0,0.0,0.0,18.0,0.0,0.0,0.0,0.0,0.0,0.0,7.0,0.0,0.0,7.0,0.0,0.0,0.0,0.0,10.0,0.0,0.0,10.0,0.0,0.0,28.0,0.0,7.0,28.0,0.0,7.0,0.0,0.0,0.0,0.0,0.0,0.0,0.0,0.0,0.0,0.0,"Mar 17, 2016"
2044,2405057.0,10403.0,Diyala,Khanaqin,Salih Agha village,قرية صالح اغا,34.5746093,45.3412701,236.0,1416.0,31.0,0.0,3.0,0.0,0.0,202.0,0.0,0.0,0.0,0.0,0.0,0.0,0.0,0.0,0.0,0.0,0.0,0.0,0.0,0.0,0.0,0.0,0.0,0.0,0.0,0.0,236.0,0.0,0.0,236.0,0.0,0.0,0.0,0.0,0.0,0.0,0.0,0.0,15.0,0.0,133.0,15.0,30.0,133.0,46.0,30.0,12.0,46.0,0.0,12.0,0.0,0.0,0.0,0.0,0.0,0.0,"Mar 17, 2016"
2045,2405058.0,24509.0,Diyala,Khanaqin,Shafiq village,قرية شفيق,34.3477233884,45.2873250576,55.0,330.0,0.0,0.0,0.0,0.0,0.0,55.0,0.0,0.0,0.0,0.0,0.0,0.0,0.0,0.0,0.0,0.0,0.0,0.0,0.0,0.0,0.0,0.0,0.0,0.0,0.0,0.0,10.0,0.0,0.0,10.0,0.0,0.0,0.0,0.0,45.0,0.0,0.0,45.0,0.0,0.0,30.0,0.0,25.0,30.0,0.0,25.0,0.0,0.0,0.0,0.0,0.0,0.0,0.0,0.0,0.0,0.0,"Mar 17, 2016"
2046,2405059.0,24385.0,Diyala,Khanaqin,Shaikh Mahdi village,قرية شيخ مهدي,34.3880729734,45.3005507466,27.0,162.0,0.0,0.0,0.0,0.0,0.0,27.0,0.0,0.0,0.0,0.0,0.0,0.0,0.0,0.0,0.0,0.0,0.0,0.0,0.0,19.0,0.0,0.0,0.0,0.0,0.0,0.0,0.0,0.0,0.0,0.0,0.0,0.0,0.0,0.0,8.0,0.0,0.0,8.0,0.0,0.0,17.0,0.0,10.0,17.0,0.0,10.0,0.0,0.0,0.0,0.0,0.0,0.0,0.0,0.0,0.0,0.0,"Mar 17, 2016"
2047,2405060.0,24392.0,Diyala,Khanaqin,Shakir village,قرية شاكر,34.3547202421,45.3455918505,60.0,360.0,0.0,0.0,0.0,0.0,0.0,60.0,0.0,0.0,0.0,0.0,0.0,0.0,0.0,0.0,0.0,0.0,0.0,0.0,0.0,0.0,0.0,0.0,0.0,0.0,0.0,0.0,0.0,0.0,0.0,0.0,0.0,0.0,0.0,0.0,0.0,0.0,60.0,0.0,0.0,60.0,60.0,0.0,0.0,60.0,0.0,0.0,0.0,0.0,0.0,0.0,0.0,0.0,0.0,0.0,0.0,0.0,"Mar 17, 2016"
2048,2405061.0,24408.0,Diyala,Khanaqin,sheark village,قرية شيرك,34.387689749,45.2189280635,12.0,72.0,0.0,0.0,0.0,0.0,0.0,12.0,0.0,0.0,0.0,0.0,0.0,0.0,0.0,0.0,0.0,0.0,0.0,0.0,0.0,12.0,0.0,0.0,0.0,0.0,0.0,0.0,0.0,0.0,0.0,0.0,0.0,0.0,0.0,0.0,0.0,0.0,0.0,0.0,0.0,0.0,12.0,0.0,0.0,12.0,0.0,0.0,0.0,0.0,0.0,0.0,0.0,0.0,0.0,0.0,0.0,0.0,"Mar 17, 2016"
2049,2405062.0,25342.0,Diyala,Khanaqin,Sirwan Qtr,حي سيروان,34.3523053985,45.4225947373,100.0,600.0,0.0,0.0,0.0,0.0,0.0,100.0,0.0,0.0,0.0,0.0,0.0,0.0,0.0,0.0,0.0,0.0,0.0,0.0,0.0,0.0,0.0,0.0,0.0,0.0,0.0,0.0,20.0,0.0,0.0,20.0,0.0,0.0,0.0,0.0,80.0,0.0,0.0,80.0,0.0,0.0,100.0,0.0,0.0,100.0,0.0,0.0,0.0,0.0,0.0,0.0,0.0,0.0,0.0,0.0,0.0,0.0,"Mar 17, 2016"
2050,2405063.0,25468.0,Diyala,Khanaqin,Sparta Qtr,حي سبارتا,34.3468393476,45.3868102766,50.0,300.0,0.0,0.0,0.0,0.0,0.0,50.0,0.0,0.0,0.0,0.0,0.0,0.0,0.0,0.0,0.0,0.0,0.0,0.0,0.0,0.0,0.0,0.0,0.0,0.0,0.0,0.0,30.0,0.0,0.0,30.0,0.0,0.0,0.0,0.0,20.0,0.0,0.0,20.0,0.0,0.0,40.0,0.0,10.0,40.0,0.0,10.0,0.0,0.0,0.0,0.0,0.0,0.0,0.0,0.0,0.0,0.0,"Mar 17, 2016"
2051,2405064.0,24406.0,Diyala,Khanaqin,tal abbas village,قرية تل عباس(القاية),34.3532585109,45.2023902942,165.0,990.0,0.0,0.0,0.0,0.0,0.0,165.0,0.0,0.0,0.0,0.0,0.0,0.0,0.0,0.0,0.0,0.0,0.0,0.0,0.0,100.0,0.0,0.0,0.0,0.0,0.0,0.0,5.0,0.0,0.0,5.0,0.0,0.0,0.0,0.0,60.0,0.0,0.0,60.0,0.0,0.0,120.0,0.0,40.0,120.0,5.0,40.0,0.0,5.0,0.0,0.0,0.0,0.0,0.0,0.0,0.0,0.0,"Mar 17, 2016"
2052,2405065.0,10497.0,Diyala,Khanaqin,Tal Manjal village,قرية تل منجل,34.3711907691,45.2162776246,44.0,264.0,0.0,0.0,0.0,0.0,0.0,44.0,0.0,0.0,0.0,0.0,0.0,0.0,0.0,0.0,0.0,0.0,0.0,0.0,0.0,25.0,0.0,0.0,0.0,0.0,0.0,0.0,0.0,0.0,0.0,0.0,0.0,0.0,0.0,0.0,19.0,0.0,0.0,19.0,0.0,0.0,20.0,0.0,24.0,20.0,0.0,24.0,0.0,0.0,0.0,0.0,0.0,0.0,0.0,0.0,0.0,0.0,"Mar 17, 2016"
2053,2405067.0,24389.0,Diyala,Khanaqin,Totk Village,قرية توتك,34.3136273273,45.3046507489,10.0,60.0,0.0,0.0,0.0,0.0,0.0,10.0,0.0,0.0,0.0,0.0,0.0,0.0,0.0,0.0,0.0,0.0,0.0,0.0,0.0,0.0,0.0,0.0,0.0,0.0,0.0,0.0,0.0,0.0,0.0,0.0,0.0,0.0,0.0,0.0,0.0,0.0,10.0,0.0,0.0,10.0,10.0,0.0,0.0,10.0,0.0,0.0,0.0,0.0,0.0,0.0,0.0,0.0,0.0,0.0,0.0,0.0,"Mar 17, 2016"
2054,2405068.0,11047.0,Diyala,Khanaqin,Tula Frosh Qtr,حي تولا فروش,34.3578876346,45.3763183352,200.0,1200.0,0.0,0.0,0.0,0.0,0.0,200.0,0.0,0.0,0.0,0.0,0.0,0.0,0.0,0.0,0.0,0.0,0.0,0.0,0.0,10.0,0.0,0.0,0.0,0.0,0.0,0.0,130.0,0.0,0.0,130.0,0.0,0.0,0.0,0.0,60.0,0.0,0.0,60.0,0.0,0.0,175.0,0.0,20.0,175.0,5.0,20.0,0.0,5.0,0.0,0.0,0.0,0.0,0.0,0.0,0.0,0.0,"Mar 17, 2016"
2055,2405069.0,25625.0,Diyala,Khanaqin,Yosif Algaeed Village,قرية يوسف الجايد,34.387723026,45.2566978977,40.0,240.0,0.0,0.0,0.0,0.0,0.0,40.0,0.0,0.0,0.0,0.0,0.0,0.0,0.0,0.0,0.0,0.0,0.0,0.0,0.0,20.0,0.0,0.0,0.0,0.0,0.0,0.0,0.0,0.0,0.0,0.0,0.0,0.0,0.0,0.0,20.0,0.0,0.0,20.0,0.0,0.0,30.0,0.0,10.0,30.0,0.0,10.0,0.0,0.0,0.0,0.0,0.0,0.0,0.0,0.0,0.0,0.0,"Mar 17, 2016"
2056,2405070.0,24393.0,Diyala,Khanaqin,Zurab village,قرية زوراب,34.3520512314,45.3472971066,70.0,420.0,0.0,0.0,0.0,0.0,0.0,70.0,0.0,0.0,0.0,0.0,0.0,0.0,0.0,0.0,0.0,0.0,0.0,0.0,0.0,0.0,0.0,0.0,0.0,0.0,0.0,0.0,0.0,0.0,0.0,0.0,0.0,0.0,0.0,0.0,0.0,0.0,70.0,0.0,0.0,70.0,70.0,0.0,0.0,70.0,0.0,0.0,0.0,0.0,0.0,0.0,0.0,0.0,0.0,0.0,0.0,0.0,"Mar 17, 2016"
2057,2405076.0,27296.0,Diyala,Khanaqin,Banmil-1 Qtr,حي بانميل-1,34.3159361348,45.4037759377,105.0,630.0,0.0,0.0,0.0,0.0,0.0,105.0,0.0,0.0,0.0,0.0,0.0,0.0,0.0,0.0,0.0,0.0,0.0,0.0,0.0,10.0,0.0,0.0,0.0,0.0,0.0,0.0,70.0,0.0,0.0,70.0,0.0,0.0,0.0,0.0,25.0,0.0,0.0,25.0,0.0,0.0,65.0,0.0,40.0,65.0,0.0,40.0,0.0,0.0,0.0,0.0,0.0,0.0,0.0,0.0,0.0,0.0,"Mar 17, 2016"
2058,2405077.0,27297.0,Diyala,Khanaqin,Banmil-2 Qtr,حي بانميل-2,34.3174753928,45.4026154142,130.0,780.0,0.0,0.0,0.0,0.0,0.0,130.0,0.0,0.0,0.0,0.0,0.0,0.0,0.0,0.0,0.0,0.0,0.0,0.0,0.0,15.0,0.0,0.0,0.0,0.0,0.0,0.0,80.0,0.0,0.0,80.0,0.0,0.0,0.0,0.0,35.0,0.0,0.0,35.0,0.0,0.0,70.0,0.0,60.0,70.0,0.0,60.0,0.0,0.0,0.0,0.0,0.0,0.0,0.0,0.0,0.0,0.0,"Mar 17, 2016"
2059,2405078.0,27298.0,Diyala,Khanaqin,Banmil-3 Qtr,حي بانميل-3,34.3197323805,45.3966648797,50.0,300.0,0.0,0.0,0.0,0.0,0.0,50.0,0.0,0.0,0.0,0.0,0.0,0.0,0.0,0.0,0.0,0.0,0.0,0.0,0.0,0.0,0.0,0.0,0.0,0.0,0.0,0.0,50.0,0.0,0.0,50.0,0.0,0.0,0.0,0.0,0.0,0.0,0.0,0.0,0.0,0.0,25.0,0.0,25.0,25.0,0.0,25.0,0.0,0.0,0.0,0.0,0.0,0.0,0.0,0.0,0.0,0.0,"Mar 17, 2016"
2060,2405079.0,10530.0,Diyala,Khanaqin,Malik Shah Qtr,حي ملك شاه,34.3301933832,45.3639523523,70.0,420.0,0.0,0.0,0.0,0.0,0.0,70.0,0.0,0.0,0.0,0.0,0.0,0.0,0.0,0.0,0.0,0.0,0.0,0.0,0.0,10.0,0.0,0.0,0.0,0.0,0.0,0.0,49.0,0.0,0.0,49.0,0.0,0.0,0.0,0.0,11.0,0.0,0.0,11.0,0.0,0.0,55.0,0.0,15.0,55.0,0.0,15.0,0.0,0.0,0.0,0.0,0.0,0.0,0.0,0.0,0.0,0.0,"Mar 17, 2016"
2061,2405080.0,10419.0,Diyala,Khanaqin,Agha and Khalifa,أغا وخليفة,34.3396863344,45.3777030067,70.0,420.0,0.0,0.0,0.0,0.0,0.0,70.0,0.0,0.0,0.0,0.0,0.0,0.0,0.0,0.0,0.0,0.0,0.0,0.0,0.0,0.0,0.0,0.0,0.0,0.0,0.0,0.0,70.0,0.0,0.0,70.0,0.0,0.0,0.0,0.0,0.0,0.0,0.0,0.0,0.0,0.0,55.0,0.0,15.0,55.0,0.0,15.0,0.0,0.0,0.0,0.0,0.0,0.0,0.0,0.0,0.0,0.0,"Mar 17, 2016"
2062,2405081.0,27299.0,Diyala,Khanaqin,Basha Kobry Qtr,حي باشا كوبري,34.3467263346,45.3908373238,22.0,132.0,0.0,0.0,0.0,0.0,0.0,22.0,0.0,0.0,0.0,0.0,0.0,0.0,0.0,0.0,0.0,0.0,0.0,0.0,0.0,0.0,0.0,0.0,0.0,0.0,0.0,0.0,22.0,0.0,0.0,22.0,0.0,0.0,0.0,0.0,0.0,0.0,0.0,0.0,0.0,0.0,15.0,0.0,7.0,15.0,0.0,7.0,0.0,0.0,0.0,0.0,0.0,0.0,0.0,0.0,0.0,0.0,"Mar 17, 2016"
2063,2405082.0,27286.0,Diyala,Khanaqin,Al Wand 2,مخيم الوند 2,34.3237593348,45.4541405748,433.0,2598.0,0.0,0.0,0.0,0.0,0.0,433.0,0.0,0.0,0.0,0.0,0.0,0.0,0.0,0.0,0.0,0.0,0.0,0.0,433.0,0.0,0.0,0.0,0.0,0.0,0.0,0.0,0.0,0.0,0.0,0.0,0.0,0.0,0.0,0.0,0.0,0.0,0.0,0.0,0.0,0.0,428.0,0.0,5.0,428.0,0.0,5.0,0.0,0.0,0.0,0.0,0.0,0.0,0.0,0.0,0.0,0.0,"Mar 17, 2016"
2064,2406002.0,10592.0,Diyala,Kifri,Qaratappa,قره تبه,34.4303163093,44.9289786032,450.0,2700.0,0.0,0.0,0.0,0.0,0.0,450.0,0.0,0.0,0.0,0.0,0.0,0.0,0.0,0.0,0.0,0.0,0.0,0.0,0.0,100.0,0.0,0.0,0.0,0.0,0.0,0.0,350.0,0.0,0.0,350.0,0.0,0.0,0.0,0.0,0.0,0.0,0.0,0.0,0.0,0.0,450.0,0.0,0.0,450.0,0.0,0.0,0.0,0.0,0.0,0.0,0.0,0.0,0.0,0.0,0.0,0.0,"Mar 17, 2016"
2065,2406004.0,28422.0,Diyala,Kifri,awbrey,اوبري,34.7036343,44.968331,117.0,702.0,11.0,13.0,0.0,0.0,0.0,57.0,0.0,0.0,0.0,0.0,0.0,0.0,0.0,0.0,36.0,0.0,0.0,0.0,0.0,0.0,0.0,0.0,0.0,0.0,0.0,0.0,116.0,0.0,0.0,116.0,0.0,0.0,0.0,0.0,1.0,0.0,0.0,1.0,9.0,0.0,66.0,9.0,14.0,66.0,25.0,14.0,3.0,25.0,0.0,3.0,0.0,0.0,0.0,0.0,0.0,0.0,"Mar 17, 2016"
2066,2406005.0,28423.0,Diyala,Kifri,bawa shaswar,باوة شاسوار,34.699881,44.9638983,38.0,228.0,8.0,0.0,7.0,0.0,0.0,22.0,0.0,0.0,0.0,0.0,0.0,0.0,0.0,0.0,1.0,0.0,0.0,0.0,0.0,0.0,0.0,0.0,0.0,0.0,0.0,0.0,27.0,0.0,0.0,27.0,0.0,0.0,0.0,0.0,11.0,0.0,0.0,11.0,1.0,0.0,20.0,1.0,3.0,20.0,9.0,3.0,5.0,9.0,0.0,5.0,0.0,0.0,0.0,0.0,0.0,0.0,"Mar 17, 2016"
2067,2406006.0,28424.0,Diyala,Kifri,mamostayan,ماموستايان,34.6897689,44.9563149,18.0,108.0,3.0,6.0,0.0,0.0,0.0,9.0,0.0,0.0,0.0,0.0,0.0,0.0,0.0,0.0,0.0,0.0,0.0,0.0,0.0,0.0,0.0,0.0,0.0,0.0,0.0,0.0,18.0,0.0,0.0,18.0,0.0,0.0,0.0,0.0,0.0,0.0,0.0,0.0,6.0,0.0,6.0,6.0,2.0,6.0,4.0,2.0,0.0,4.0,0.0,0.0,0.0,0.0,0.0,0.0,0.0,0.0,"Mar 17, 2016"
2068,2406007.0,28425.0,Diyala,Kifri,emam mohammed,امام محمد,34.6920197,44.9686574,56.0,336.0,17.0,2.0,0.0,0.0,0.0,30.0,0.0,0.0,0.0,0.0,0.0,0.0,0.0,0.0,7.0,0.0,0.0,0.0,0.0,0.0,0.0,0.0,0.0,0.0,0.0,0.0,56.0,0.0,0.0,56.0,0.0,0.0,0.0,0.0,0.0,0.0,0.0,0.0,12.0,0.0,23.0,12.0,6.0,23.0,7.0,6.0,8.0,7.0,0.0,8.0,0.0,0.0,0.0,0.0,0.0,0.0,"Mar 17, 2016"
2069,2406008.0,28426.0,Diyala,Kifri,anfalakan,انفالكان,34.6793618,44.9602235,52.0,312.0,4.0,4.0,0.0,0.0,0.0,29.0,0.0,0.0,0.0,0.0,0.0,0.0,0.0,0.0,15.0,0.0,0.0,0.0,0.0,0.0,0.0,0.0,0.0,0.0,0.0,0.0,43.0,0.0,0.0,43.0,0.0,0.0,0.0,0.0,9.0,0.0,0.0,9.0,8.0,0.0,24.0,8.0,4.0,24.0,16.0,4.0,0.0,16.0,0.0,0.0,0.0,0.0,0.0,0.0,0.0,0.0,"Mar 17, 2016"
2070,2406009.0,28427.0,Diyala,Kifri,Hawari new ,هواري نوي,34.6906938,44.9505876,101.0,606.0,5.0,8.0,2.0,0.0,0.0,70.0,0.0,0.0,0.0,0.0,0.0,0.0,0.0,0.0,16.0,0.0,0.0,0.0,0.0,0.0,0.0,0.0,0.0,0.0,0.0,0.0,91.0,0.0,0.0,91.0,0.0,0.0,0.0,0.0,10.0,0.0,0.0,10.0,9.0,0.0,68.0,9.0,7.0,68.0,16.0,7.0,1.0,16.0,0.0,1.0,0.0,0.0,0.0,0.0,0.0,0.0,"Mar 17, 2016"
2071,2406010.0,28428.0,Diyala,Kifri,rezgari,رزكاري,34.6936463,44.9614081,69.0,414.0,3.0,12.0,0.0,0.0,0.0,43.0,0.0,0.0,0.0,0.0,0.0,0.0,0.0,0.0,11.0,0.0,0.0,0.0,0.0,0.0,0.0,0.0,0.0,0.0,0.0,0.0,60.0,0.0,0.0,60.0,0.0,0.0,0.0,0.0,9.0,0.0,0.0,9.0,11.0,0.0,41.0,11.0,7.0,41.0,8.0,7.0,2.0,8.0,0.0,2.0,0.0,0.0,0.0,0.0,0.0,0.0,"Mar 17, 2016"
2072,2406011.0,28429.0,Diyala,Kifri,shoresh,شورش,34.6865702,44.9527278,81.0,486.0,26.0,2.0,2.0,0.0,0.0,26.0,0.0,0.0,0.0,0.0,0.0,0.0,0.0,0.0,25.0,0.0,0.0,0.0,0.0,0.0,0.0,0.0,0.0,0.0,0.0,0.0,81.0,0.0,0.0,81.0,0.0,0.0,0.0,0.0,0.0,0.0,0.0,0.0,9.0,0.0,32.0,9.0,9.0,32.0,18.0,9.0,13.0,18.0,0.0,13.0,0.0,0.0,0.0,0.0,0.0,0.0,"Mar 17, 2016"
2073,2406012.0,28430.0,Diyala,Kifri,raparin,رابرين,34.6795417,44.9548963,96.0,576.0,16.0,12.0,4.0,0.0,0.0,47.0,0.0,0.0,0.0,0.0,0.0,0.0,0.0,0.0,17.0,0.0,0.0,0.0,0.0,0.0,0.0,0.0,0.0,0.0,0.0,0.0,94.0,0.0,0.0,94.0,0.0,0.0,0.0,0.0,2.0,0.0,0.0,2.0,11.0,0.0,56.0,11.0,4.0,56.0,25.0,4.0,0.0,25.0,0.0,0.0,0.0,0.0,0.0,0.0,0.0,0.0,"Mar 17, 2016"
2074,2406013.0,28431.0,Diyala,Kifri,azadi,ازدي,34.6832676,44.9623784,69.0,414.0,21.0,1.0,0.0,0.0,0.0,31.0,0.0,0.0,0.0,0.0,0.0,0.0,0.0,0.0,16.0,0.0,0.0,0.0,0.0,0.0,0.0,0.0,0.0,0.0,0.0,0.0,69.0,0.0,0.0,69.0,0.0,0.0,0.0,0.0,0.0,0.0,0.0,0.0,2.0,0.0,33.0,2.0,1.0,33.0,24.0,1.0,9.0,24.0,0.0,9.0,0.0,0.0,0.0,0.0,0.0,0.0,"Mar 17, 2016"
2075,2406014.0,28432.0,Diyala,Kifri,nawrooz,نوروز,34.6882393,44.9637433,112.0,672.0,14.0,16.0,0.0,0.0,0.0,54.0,0.0,0.0,0.0,0.0,0.0,0.0,0.0,0.0,28.0,0.0,0.0,0.0,0.0,0.0,0.0,0.0,0.0,0.0,0.0,0.0,112.0,0.0,0.0,112.0,0.0,0.0,0.0,0.0,0.0,0.0,0.0,0.0,15.0,0.0,65.0,15.0,11.0,65.0,21.0,11.0,0.0,21.0,0.0,0.0,0.0,0.0,0.0,0.0,0.0,0.0,"Mar 17, 2016"
2076,2501001.0,25841.0,Kerbala,Ain Al-Tamur,Aen Al Seab,عين السيب,32.56327,43.49129,5.0,30.0,5.0,0.0,0.0,0.0,0.0,0.0,0.0,0.0,0.0,0.0,0.0,0.0,0.0,0.0,0.0,0.0,0.0,0.0,0.0,0.0,0.0,0.0,0.0,0.0,0.0,0.0,5.0,0.0,0.0,5.0,0.0,0.0,0.0,0.0,0.0,0.0,0.0,0.0,5.0,0.0,0.0,5.0,0.0,0.0,0.0,0.0,0.0,0.0,0.0,0.0,0.0,0.0,0.0,0.0,0.0,0.0,"Mar 17, 2016"
2077,2501002.0,25842.0,Kerbala,Ain Al-Tamur,Al Athy,العذي,32.59208,43.49333,8.0,48.0,8.0,0.0,0.0,0.0,0.0,0.0,0.0,0.0,0.0,0.0,0.0,0.0,0.0,0.0,0.0,0.0,0.0,0.0,0.0,0.0,0.0,0.0,0.0,0.0,0.0,0.0,8.0,0.0,0.0,8.0,0.0,0.0,0.0,0.0,0.0,0.0,0.0,0.0,8.0,0.0,0.0,8.0,0.0,0.0,0.0,0.0,0.0,0.0,0.0,0.0,0.0,0.0,0.0,0.0,0.0,0.0,"Mar 17, 2016"
2078,2501003.0,25843.0,Kerbala,Ain Al-Tamur,Al Hasawen,الحساوين,32.58174,43.51264,13.0,78.0,13.0,0.0,0.0,0.0,0.0,0.0,0.0,0.0,0.0,0.0,0.0,0.0,0.0,0.0,0.0,0.0,0.0,0.0,0.0,0.0,0.0,0.0,0.0,0.0,0.0,0.0,13.0,0.0,0.0,13.0,0.0,0.0,0.0,0.0,0.0,0.0,0.0,0.0,13.0,0.0,0.0,13.0,0.0,0.0,0.0,0.0,0.0,0.0,0.0,0.0,0.0,0.0,0.0,0.0,0.0,0.0,"Mar 17, 2016"
2079,2501004.0,23706.0,Kerbala,Ain Al-Tamur,Al Zakareet,الزكاريط ,32.4759388037,43.7317989,26.0,156.0,26.0,0.0,0.0,0.0,0.0,0.0,0.0,0.0,0.0,0.0,0.0,0.0,0.0,0.0,0.0,0.0,0.0,0.0,0.0,7.0,0.0,0.0,0.0,0.0,0.0,0.0,19.0,0.0,0.0,19.0,0.0,0.0,0.0,0.0,0.0,0.0,0.0,0.0,8.0,0.0,0.0,8.0,0.0,0.0,18.0,0.0,0.0,18.0,0.0,0.0,0.0,0.0,0.0,0.0,0.0,0.0,"Mar 17, 2016"
2080,2501005.0,13994.0,Kerbala,Ain Al-Tamur,Albo Hardan,البو حردان,32.5656352027,43.4899213,37.0,222.0,32.0,0.0,0.0,0.0,0.0,0.0,0.0,0.0,0.0,0.0,0.0,0.0,5.0,0.0,0.0,0.0,0.0,0.0,0.0,0.0,0.0,0.0,0.0,0.0,0.0,0.0,37.0,0.0,0.0,37.0,0.0,0.0,0.0,0.0,0.0,0.0,0.0,0.0,0.0,0.0,37.0,0.0,0.0,37.0,0.0,0.0,0.0,0.0,0.0,0.0,0.0,0.0,0.0,0.0,0.0,0.0,"Mar 17, 2016"
2081,2501006.0,25844.0,Kerbala,Ain Al-Tamur,Albo Zain Al-den,البو زين الدين,32.58382,43.51396,9.0,54.0,9.0,0.0,0.0,0.0,0.0,0.0,0.0,0.0,0.0,0.0,0.0,0.0,0.0,0.0,0.0,0.0,0.0,0.0,0.0,9.0,0.0,0.0,0.0,0.0,0.0,0.0,0.0,0.0,0.0,0.0,0.0,0.0,0.0,0.0,0.0,0.0,0.0,0.0,9.0,0.0,0.0,9.0,0.0,0.0,0.0,0.0,0.0,0.0,0.0,0.0,0.0,0.0,0.0,0.0,0.0,0.0,"Mar 17, 2016"
2082,2501007.0,14313.0,Kerbala,Ain Al-Tamur,Albu Hassan,البو حسان ,32.5916,43.49012,16.0,96.0,16.0,0.0,0.0,0.0,0.0,0.0,0.0,0.0,0.0,0.0,0.0,0.0,0.0,0.0,0.0,0.0,0.0,0.0,0.0,0.0,0.0,0.0,0.0,0.0,0.0,0.0,16.0,0.0,0.0,16.0,0.0,0.0,0.0,0.0,0.0,0.0,0.0,0.0,16.0,0.0,0.0,16.0,0.0,0.0,0.0,0.0,0.0,0.0,0.0,0.0,0.0,0.0,0.0,0.0,0.0,0.0,"Mar 17, 2016"
2083,2501008.0,14029.0,Kerbala,Ain Al-Tamur,Albu Hawa-102,البو هوى-102,32.56906,43.49162,23.0,138.0,23.0,0.0,0.0,0.0,0.0,0.0,0.0,0.0,0.0,0.0,0.0,0.0,0.0,0.0,0.0,0.0,0.0,0.0,0.0,11.0,0.0,0.0,0.0,0.0,0.0,0.0,12.0,0.0,0.0,12.0,0.0,0.0,0.0,0.0,0.0,0.0,0.0,0.0,23.0,0.0,0.0,23.0,0.0,0.0,0.0,0.0,0.0,0.0,0.0,0.0,0.0,0.0,0.0,0.0,0.0,0.0,"Mar 17, 2016"
2084,2501009.0,14055.0,Kerbala,Ain Al-Tamur,Al-Darwashah,الدراوشة,32.59253,43.5047,5.0,30.0,5.0,0.0,0.0,0.0,0.0,0.0,0.0,0.0,0.0,0.0,0.0,0.0,0.0,0.0,0.0,0.0,0.0,0.0,0.0,1.0,0.0,0.0,0.0,0.0,0.0,0.0,4.0,0.0,0.0,4.0,0.0,0.0,0.0,0.0,0.0,0.0,0.0,0.0,1.0,0.0,0.0,1.0,0.0,0.0,0.0,0.0,4.0,0.0,0.0,4.0,0.0,0.0,0.0,0.0,0.0,0.0,"Mar 17, 2016"
2085,2501010.0,23744.0,Kerbala,Ain Al-Tamur,Ain Al-Tamur-Hay Al Hussein,حي الحسين-عين التمر,32.5710818596,43.4794677,102.0,612.0,102.0,0.0,0.0,0.0,0.0,0.0,0.0,0.0,0.0,0.0,0.0,0.0,0.0,0.0,0.0,0.0,0.0,0.0,0.0,0.0,0.0,0.0,0.0,0.0,0.0,0.0,102.0,0.0,0.0,102.0,0.0,0.0,0.0,0.0,0.0,0.0,0.0,0.0,42.0,0.0,0.0,42.0,43.0,0.0,0.0,43.0,17.0,0.0,0.0,17.0,0.0,0.0,0.0,0.0,0.0,0.0,"Mar 17, 2016"
2086,2501011.0,23938.0,Kerbala,Ain Al-Tamur,Hay Al Zahraa,حي الزهراء-عين التمر,32.5705396105,43.4855055,26.0,156.0,26.0,0.0,0.0,0.0,0.0,0.0,0.0,0.0,0.0,0.0,0.0,0.0,0.0,0.0,0.0,0.0,0.0,0.0,0.0,0.0,0.0,0.0,0.0,0.0,0.0,0.0,26.0,0.0,0.0,26.0,0.0,0.0,0.0,0.0,0.0,0.0,0.0,0.0,26.0,0.0,0.0,26.0,0.0,0.0,0.0,0.0,0.0,0.0,0.0,0.0,0.0,0.0,0.0,0.0,0.0,0.0,"Mar 17, 2016"
2087,2501012.0,14020.0,Kerbala,Ain Al-Tamur,Hay Um Al-Rumilah,ام رميلة,32.58111,43.48123,32.0,192.0,32.0,0.0,0.0,0.0,0.0,0.0,0.0,0.0,0.0,0.0,0.0,0.0,0.0,0.0,0.0,0.0,0.0,0.0,0.0,0.0,0.0,0.0,0.0,0.0,0.0,0.0,32.0,0.0,0.0,32.0,0.0,0.0,0.0,0.0,0.0,0.0,0.0,0.0,0.0,0.0,32.0,0.0,0.0,32.0,0.0,0.0,0.0,0.0,0.0,0.0,0.0,0.0,0.0,0.0,0.0,0.0,"Mar 17, 2016"
2088,2501013.0,25734.0,Kerbala,Ain Al-Tamur,Al-Ain,العين,32.56547,43.48765,10.0,60.0,10.0,0.0,0.0,0.0,0.0,0.0,0.0,0.0,0.0,0.0,0.0,0.0,0.0,0.0,0.0,0.0,0.0,0.0,0.0,0.0,0.0,0.0,0.0,0.0,0.0,0.0,10.0,0.0,0.0,10.0,0.0,0.0,0.0,0.0,0.0,0.0,0.0,0.0,3.0,0.0,7.0,3.0,0.0,7.0,0.0,0.0,0.0,0.0,0.0,0.0,0.0,0.0,0.0,0.0,0.0,0.0,"Mar 17, 2016"
2089,2501014.0,25737.0,Kerbala,Ain Al-Tamur,Hay al jihad,حي الجهاد,32.56327,43.47434,25.0,150.0,25.0,0.0,0.0,0.0,0.0,0.0,0.0,0.0,0.0,0.0,0.0,0.0,0.0,0.0,0.0,0.0,0.0,0.0,0.0,0.0,0.0,0.0,0.0,0.0,0.0,0.0,25.0,0.0,0.0,25.0,0.0,0.0,0.0,0.0,0.0,0.0,0.0,0.0,0.0,0.0,25.0,0.0,0.0,25.0,0.0,0.0,0.0,0.0,0.0,0.0,0.0,0.0,0.0,0.0,0.0,0.0,"Mar 17, 2016"
2090,2501015.0,25736.0,Kerbala,Ain Al-Tamur,Qasur thamer,قصر ثامر,32.56867,43.4883,25.0,150.0,25.0,0.0,0.0,0.0,0.0,0.0,0.0,0.0,0.0,0.0,0.0,0.0,0.0,0.0,0.0,0.0,0.0,0.0,0.0,0.0,0.0,0.0,0.0,0.0,0.0,0.0,25.0,0.0,0.0,25.0,0.0,0.0,0.0,0.0,0.0,0.0,0.0,0.0,10.0,0.0,15.0,10.0,0.0,15.0,0.0,0.0,0.0,0.0,0.0,0.0,0.0,0.0,0.0,0.0,0.0,0.0,"Mar 17, 2016"
2091,2502001.0,24198.0,Kerbala,Al-Hindiya,Al Jamyah,الجمعية ,32.5551133149,44.2232131215,75.0,450.0,6.0,0.0,0.0,0.0,0.0,0.0,0.0,0.0,0.0,0.0,0.0,0.0,66.0,0.0,3.0,0.0,0.0,0.0,0.0,0.0,0.0,0.0,0.0,0.0,0.0,0.0,62.0,0.0,0.0,62.0,0.0,0.0,0.0,0.0,13.0,0.0,0.0,13.0,6.0,0.0,69.0,6.0,0.0,69.0,0.0,0.0,0.0,0.0,0.0,0.0,0.0,0.0,0.0,0.0,0.0,0.0,"Mar 17, 2016"
2092,2502003.0,25494.0,Kerbala,Al-Hindiya,Al Rejeba,الرجيبة(الديران),32.5035455728,44.2007276173,45.0,270.0,0.0,0.0,0.0,0.0,0.0,0.0,0.0,0.0,0.0,0.0,0.0,0.0,45.0,0.0,0.0,0.0,0.0,0.0,0.0,0.0,0.0,0.0,0.0,0.0,0.0,0.0,45.0,0.0,0.0,45.0,0.0,0.0,0.0,0.0,0.0,0.0,0.0,0.0,0.0,0.0,45.0,0.0,0.0,45.0,0.0,0.0,0.0,0.0,0.0,0.0,0.0,0.0,0.0,0.0,0.0,0.0,"Mar 17, 2016"
2093,2502005.0,25485.0,Kerbala,Al-Hindiya,Albo Saho,البو صحو,32.57096,44.20046,20.0,120.0,0.0,0.0,0.0,0.0,0.0,0.0,0.0,0.0,0.0,0.0,0.0,0.0,20.0,0.0,0.0,0.0,0.0,0.0,0.0,3.0,0.0,0.0,0.0,0.0,0.0,0.0,17.0,0.0,0.0,17.0,0.0,0.0,0.0,0.0,0.0,0.0,0.0,0.0,0.0,0.0,20.0,0.0,0.0,20.0,0.0,0.0,0.0,0.0,0.0,0.0,0.0,0.0,0.0,0.0,0.0,0.0,"Mar 17, 2016"
2094,2502006.0,22785.0,Kerbala,Al-Hindiya,Albu Aziz,البو عزيز,32.5383491749,44.2386780348,28.0,168.0,0.0,0.0,0.0,0.0,0.0,0.0,0.0,0.0,0.0,0.0,0.0,0.0,28.0,0.0,0.0,0.0,0.0,0.0,0.0,0.0,0.0,0.0,0.0,0.0,0.0,14.0,14.0,14.0,0.0,14.0,0.0,0.0,0.0,0.0,0.0,0.0,0.0,0.0,0.0,0.0,28.0,0.0,0.0,28.0,0.0,0.0,0.0,0.0,0.0,0.0,0.0,0.0,0.0,0.0,0.0,0.0,"Mar 17, 2016"
2095,2502007.0,23743.0,Kerbala,Al-Hindiya,Albu Kredah,البو كريده ,32.58525,44.22912,9.0,54.0,2.0,0.0,0.0,0.0,0.0,0.0,0.0,0.0,0.0,0.0,0.0,0.0,7.0,0.0,0.0,0.0,0.0,0.0,0.0,2.0,0.0,0.0,0.0,0.0,0.0,0.0,7.0,0.0,0.0,7.0,0.0,0.0,0.0,0.0,0.0,0.0,0.0,0.0,0.0,0.0,9.0,0.0,0.0,9.0,0.0,0.0,0.0,0.0,0.0,0.0,0.0,0.0,0.0,0.0,0.0,0.0,"Mar 17, 2016"
2096,2502008.0,25845.0,Kerbala,Al-Hindiya,Al Riyadh,الرياض,32.5524021969,44.2226683248,23.0,138.0,0.0,0.0,0.0,0.0,0.0,0.0,0.0,0.0,0.0,0.0,0.0,0.0,23.0,0.0,0.0,0.0,0.0,0.0,0.0,0.0,0.0,0.0,0.0,0.0,0.0,4.0,19.0,4.0,0.0,19.0,0.0,0.0,0.0,0.0,0.0,0.0,0.0,0.0,0.0,0.0,23.0,0.0,0.0,23.0,0.0,0.0,0.0,0.0,0.0,0.0,0.0,0.0,0.0,0.0,0.0,0.0,"Mar 17, 2016"
2097,2502010.0,21235.0,Kerbala,Al-Hindiya,Al-Kas Al Jonoby,الكص الجنوبي,32.54612,44.22265,7.0,42.0,0.0,0.0,0.0,0.0,0.0,0.0,0.0,0.0,0.0,0.0,0.0,0.0,7.0,0.0,0.0,0.0,0.0,0.0,0.0,0.0,0.0,0.0,0.0,0.0,0.0,0.0,7.0,0.0,0.0,7.0,0.0,0.0,0.0,0.0,0.0,0.0,0.0,0.0,0.0,0.0,7.0,0.0,0.0,7.0,0.0,0.0,0.0,0.0,0.0,0.0,0.0,0.0,0.0,0.0,0.0,0.0,"Mar 17, 2016"
2098,2502011.0,13807.0,Kerbala,Al-Hindiya,Al-Kas Al-Shimaly,الكص الشمالي,32.54414,44.21767,7.0,42.0,0.0,0.0,0.0,0.0,0.0,0.0,0.0,0.0,0.0,0.0,0.0,0.0,7.0,0.0,0.0,0.0,0.0,0.0,0.0,0.0,0.0,0.0,0.0,0.0,0.0,0.0,5.0,0.0,0.0,5.0,0.0,0.0,0.0,0.0,2.0,0.0,0.0,2.0,0.0,0.0,7.0,0.0,0.0,7.0,0.0,0.0,0.0,0.0,0.0,0.0,0.0,0.0,0.0,0.0,0.0,0.0,"Mar 17, 2016"
2099,2502012.0,14298.0,Kerbala,Al-Hindiya,Al-Sakbaniyah,الصكبانية,32.5508917759,44.2491307479,31.0,186.0,0.0,0.0,15.0,0.0,0.0,0.0,0.0,0.0,0.0,0.0,0.0,0.0,16.0,0.0,0.0,0.0,0.0,0.0,0.0,0.0,0.0,0.0,0.0,0.0,0.0,0.0,31.0,0.0,0.0,31.0,0.0,0.0,0.0,0.0,0.0,0.0,0.0,0.0,0.0,0.0,16.0,0.0,15.0,16.0,0.0,15.0,0.0,0.0,0.0,0.0,0.0,0.0,0.0,0.0,0.0,0.0,"Mar 17, 2016"
2100,2502013.0,24522.0,Kerbala,Al-Hindiya,Al-Tanbi,الطنبي,32.54667,44.22711,27.0,162.0,0.0,0.0,0.0,0.0,0.0,0.0,0.0,0.0,0.0,0.0,0.0,0.0,27.0,0.0,0.0,0.0,0.0,0.0,0.0,0.0,0.0,0.0,0.0,0.0,0.0,0.0,27.0,0.0,0.0,27.0,0.0,0.0,0.0,0.0,0.0,0.0,0.0,0.0,0.0,0.0,27.0,0.0,0.0,27.0,0.0,0.0,0.0,0.0,0.0,0.0,0.0,0.0,0.0,0.0,0.0,0.0,"Mar 17, 2016"
2101,2502014.0,25553.0,Kerbala,Al-Hindiya,Al-Hindiya-Door Al Hajar,الهندية-دور الحجر,32.549979,44.24541,2.0,12.0,0.0,0.0,0.0,0.0,0.0,0.0,0.0,0.0,0.0,0.0,0.0,0.0,2.0,0.0,0.0,0.0,0.0,0.0,0.0,0.0,0.0,0.0,0.0,0.0,0.0,0.0,2.0,0.0,0.0,2.0,0.0,0.0,0.0,0.0,0.0,0.0,0.0,0.0,0.0,0.0,2.0,0.0,0.0,2.0,0.0,0.0,0.0,0.0,0.0,0.0,0.0,0.0,0.0,0.0,0.0,0.0,"Mar 17, 2016"
2102,2502015.0,25486.0,Kerbala,Al-Hindiya,emlbege(hay al salam),املبيج(حي السلام),32.5527284614,44.2074784189,25.0,150.0,1.0,0.0,0.0,0.0,0.0,0.0,0.0,0.0,0.0,0.0,0.0,0.0,24.0,0.0,0.0,0.0,0.0,0.0,0.0,0.0,0.0,0.0,0.0,0.0,0.0,15.0,10.0,15.0,0.0,10.0,0.0,0.0,0.0,0.0,0.0,0.0,0.0,0.0,1.0,0.0,24.0,1.0,0.0,24.0,0.0,0.0,0.0,0.0,0.0,0.0,0.0,0.0,0.0,0.0,0.0,0.0,"Mar 17, 2016"
2103,2502016.0,22285.0,Kerbala,Al-Hindiya,Hay Al Askari-Mahalla 113,حي العسكري-محله 113,32.54577,44.2567,2.0,12.0,0.0,0.0,0.0,0.0,0.0,0.0,0.0,0.0,0.0,0.0,0.0,0.0,2.0,0.0,0.0,0.0,0.0,0.0,0.0,0.0,0.0,0.0,0.0,0.0,0.0,0.0,2.0,0.0,0.0,2.0,0.0,0.0,0.0,0.0,0.0,0.0,0.0,0.0,0.0,0.0,2.0,0.0,0.0,2.0,0.0,0.0,0.0,0.0,0.0,0.0,0.0,0.0,0.0,0.0,0.0,0.0,"Mar 17, 2016"
2104,2502017.0,25489.0,Kerbala,Al-Hindiya,Hay Al Zeraa,حي الزراعة,32.55362,44.20775,40.0,240.0,0.0,0.0,0.0,0.0,0.0,0.0,0.0,0.0,0.0,0.0,0.0,0.0,40.0,0.0,0.0,0.0,0.0,0.0,0.0,0.0,0.0,0.0,0.0,0.0,0.0,40.0,0.0,40.0,0.0,0.0,0.0,0.0,0.0,0.0,0.0,0.0,0.0,0.0,0.0,0.0,40.0,0.0,0.0,40.0,0.0,0.0,0.0,0.0,0.0,0.0,0.0,0.0,0.0,0.0,0.0,0.0,"Mar 17, 2016"
2105,2502018.0,14323.0,Kerbala,Al-Hindiya,Al-Hindiya-Hay Al-Amel,الهندية-حي العامل,32.5417361343,44.2195618082,60.0,360.0,0.0,0.0,0.0,0.0,0.0,0.0,0.0,0.0,0.0,0.0,0.0,0.0,60.0,0.0,0.0,0.0,0.0,0.0,0.0,0.0,0.0,0.0,0.0,0.0,0.0,10.0,50.0,10.0,0.0,50.0,0.0,0.0,0.0,0.0,0.0,0.0,0.0,0.0,0.0,0.0,60.0,0.0,0.0,60.0,0.0,0.0,0.0,0.0,0.0,0.0,0.0,0.0,0.0,0.0,0.0,0.0,"Mar 17, 2016"
2106,2502019.0,25545.0,Kerbala,Al-Hindiya,Shatt Mula,شط مله,32.50026,44.24784,11.0,66.0,0.0,0.0,0.0,0.0,0.0,0.0,0.0,0.0,0.0,0.0,0.0,0.0,11.0,0.0,0.0,0.0,0.0,0.0,0.0,0.0,0.0,0.0,0.0,0.0,0.0,0.0,11.0,0.0,0.0,11.0,0.0,0.0,0.0,0.0,0.0,0.0,0.0,0.0,0.0,0.0,11.0,0.0,0.0,11.0,0.0,0.0,0.0,0.0,0.0,0.0,0.0,0.0,0.0,0.0,0.0,0.0,"Mar 17, 2016"
2107,2502020.0,13802.0,Kerbala,Al-Hindiya,Shaykh hamza,شيخ حمزه,32.5418862162,44.2213841008,30.0,180.0,0.0,0.0,0.0,0.0,0.0,0.0,0.0,0.0,0.0,0.0,0.0,0.0,30.0,0.0,0.0,0.0,0.0,0.0,0.0,0.0,0.0,0.0,0.0,0.0,0.0,8.0,22.0,8.0,0.0,22.0,0.0,0.0,0.0,0.0,0.0,0.0,0.0,0.0,0.0,0.0,0.0,0.0,30.0,0.0,0.0,30.0,0.0,0.0,0.0,0.0,0.0,0.0,0.0,0.0,0.0,0.0,"Mar 17, 2016"
2108,2502023.0,27335.0,Kerbala,Al-Hindiya,Kareat al jubur,قرية الجبور,32.474457293,44.1561389322,135.0,810.0,0.0,0.0,0.0,0.0,0.0,0.0,0.0,0.0,0.0,0.0,0.0,0.0,135.0,0.0,0.0,0.0,0.0,0.0,0.0,0.0,0.0,0.0,0.0,0.0,0.0,135.0,0.0,135.0,0.0,0.0,0.0,0.0,0.0,0.0,0.0,0.0,0.0,0.0,0.0,0.0,135.0,0.0,0.0,135.0,0.0,0.0,0.0,0.0,0.0,0.0,0.0,0.0,0.0,0.0,0.0,0.0,"Mar 17, 2016"
2109,2502024.0,13985.0,Kerbala,Al-Hindiya,Mantakat Al hnedea,منطقة الهندية,32.560357912,44.0676033036,150.0,900.0,0.0,0.0,0.0,0.0,0.0,0.0,0.0,0.0,0.0,0.0,0.0,0.0,150.0,0.0,0.0,0.0,0.0,0.0,0.0,0.0,0.0,0.0,0.0,0.0,0.0,150.0,0.0,150.0,0.0,0.0,0.0,0.0,0.0,0.0,0.0,0.0,0.0,0.0,0.0,0.0,150.0,0.0,0.0,150.0,0.0,0.0,0.0,0.0,0.0,0.0,0.0,0.0,0.0,0.0,0.0,0.0,"Mar 17, 2016"
2110,2502025.0,13947.0,Kerbala,Al-Hindiya,Al beash,البياش,32.50944,44.20272,20.0,120.0,0.0,0.0,0.0,0.0,0.0,0.0,0.0,0.0,0.0,0.0,0.0,0.0,20.0,0.0,0.0,0.0,0.0,0.0,0.0,20.0,0.0,0.0,0.0,0.0,0.0,0.0,0.0,0.0,0.0,0.0,0.0,0.0,0.0,0.0,0.0,0.0,0.0,0.0,0.0,0.0,20.0,0.0,0.0,20.0,0.0,0.0,0.0,0.0,0.0,0.0,0.0,0.0,0.0,0.0,0.0,0.0,"Mar 17, 2016"
2111,2502026.0,27334.0,Kerbala,Al-Hindiya,Al Jazra walwasab,الجزرة والوساب,32.4943,44.19609,10.0,60.0,1.0,0.0,0.0,0.0,0.0,0.0,0.0,0.0,0.0,0.0,0.0,0.0,9.0,0.0,0.0,0.0,0.0,0.0,0.0,0.0,0.0,0.0,0.0,0.0,0.0,0.0,10.0,0.0,0.0,10.0,0.0,0.0,0.0,0.0,0.0,0.0,0.0,0.0,1.0,0.0,9.0,1.0,0.0,9.0,0.0,0.0,0.0,0.0,0.0,0.0,0.0,0.0,0.0,0.0,0.0,0.0,"Mar 17, 2016"
2112,2502027.0,27336.0,Kerbala,Al-Hindiya,Al abodea,العبودية,32.4988482702,44.1299493773,46.0,276.0,0.0,0.0,0.0,0.0,0.0,0.0,0.0,0.0,0.0,0.0,0.0,0.0,46.0,0.0,0.0,0.0,0.0,0.0,0.0,0.0,0.0,0.0,0.0,0.0,0.0,46.0,0.0,46.0,0.0,0.0,0.0,0.0,0.0,0.0,0.0,0.0,0.0,0.0,0.0,0.0,46.0,0.0,0.0,46.0,0.0,0.0,0.0,0.0,0.0,0.0,0.0,0.0,0.0,0.0,0.0,0.0,"Mar 17, 2016"
2113,2503001.0,25265.0,Kerbala,Kerbala,Abo Akab,ابو عكب,32.6067898,44.0516005031,75.0,450.0,1.0,0.0,0.0,0.0,0.0,1.0,0.0,0.0,0.0,0.0,0.0,0.0,73.0,0.0,0.0,0.0,0.0,0.0,0.0,7.0,0.0,0.0,0.0,0.0,0.0,21.0,47.0,21.0,0.0,47.0,0.0,0.0,0.0,0.0,0.0,0.0,0.0,0.0,1.0,0.0,73.0,1.0,1.0,73.0,0.0,1.0,0.0,0.0,0.0,0.0,0.0,0.0,0.0,0.0,0.0,0.0,"Mar 17, 2016"
2114,2502028.0,26004.0,Kerbala,Al-Hindiya,Abo Hussien,ابو حسين(هور حسين),32.4916,44.14545,7.0,42.0,0.0,0.0,0.0,0.0,0.0,0.0,0.0,0.0,0.0,0.0,0.0,0.0,7.0,0.0,0.0,0.0,0.0,0.0,0.0,0.0,0.0,0.0,0.0,0.0,0.0,7.0,0.0,7.0,0.0,0.0,0.0,0.0,0.0,0.0,0.0,0.0,0.0,0.0,0.0,0.0,7.0,0.0,0.0,7.0,0.0,0.0,0.0,0.0,0.0,0.0,0.0,0.0,0.0,0.0,0.0,0.0,"Mar 17, 2016"
2115,2502029.0,26001.0,Kerbala,Al-Hindiya,Abo Hussien Al Sharkea,ابو حسين الشرقية,32.52045,44.12015,43.0,258.0,0.0,0.0,0.0,0.0,0.0,0.0,0.0,0.0,0.0,0.0,0.0,0.0,43.0,0.0,0.0,0.0,0.0,0.0,0.0,0.0,0.0,0.0,0.0,0.0,0.0,43.0,0.0,43.0,0.0,0.0,0.0,0.0,0.0,0.0,0.0,0.0,0.0,0.0,0.0,0.0,43.0,0.0,0.0,43.0,0.0,0.0,0.0,0.0,0.0,0.0,0.0,0.0,0.0,0.0,0.0,0.0,"Mar 17, 2016"
2116,2503004.0,25903.0,Kerbala,Kerbala,Abo Zarnt Al Shamaly,ابو زرنت الشمالية,32.7059143082,44.1675407019,23.0,138.0,3.0,5.0,0.0,0.0,0.0,0.0,0.0,0.0,0.0,0.0,0.0,0.0,15.0,0.0,0.0,0.0,0.0,0.0,0.0,8.0,0.0,0.0,0.0,0.0,0.0,15.0,0.0,15.0,0.0,0.0,0.0,0.0,0.0,0.0,0.0,0.0,0.0,0.0,8.0,0.0,15.0,8.0,0.0,15.0,0.0,0.0,0.0,0.0,0.0,0.0,0.0,0.0,0.0,0.0,0.0,0.0,"Mar 17, 2016"
2117,2503005.0,25354.0,Kerbala,Kerbala,Abu Theen,ابو طحين,32.64130941,44.07733108,6.0,36.0,0.0,0.0,0.0,0.0,0.0,0.0,0.0,0.0,0.0,0.0,0.0,0.0,6.0,0.0,0.0,0.0,0.0,0.0,0.0,0.0,0.0,0.0,0.0,0.0,0.0,6.0,0.0,6.0,0.0,0.0,0.0,0.0,0.0,0.0,0.0,0.0,0.0,0.0,0.0,0.0,6.0,0.0,0.0,6.0,0.0,0.0,0.0,0.0,0.0,0.0,0.0,0.0,0.0,0.0,0.0,0.0,"Mar 17, 2016"
2118,2503006.0,26059.0,Kerbala,Kerbala,Abu Theen 2,ابو طحين2,32.65605105,44.06146091,30.0,180.0,0.0,0.0,0.0,0.0,0.0,0.0,0.0,0.0,0.0,0.0,0.0,0.0,30.0,0.0,0.0,0.0,0.0,0.0,0.0,2.0,0.0,0.0,0.0,0.0,0.0,0.0,28.0,0.0,0.0,28.0,0.0,0.0,0.0,0.0,0.0,0.0,0.0,0.0,0.0,0.0,30.0,0.0,0.0,30.0,0.0,0.0,0.0,0.0,0.0,0.0,0.0,0.0,0.0,0.0,0.0,0.0,"Mar 17, 2016"
2119,2503007.0,24743.0,Kerbala,Kerbala,Ahmad Al Waely St,شارع احمد الوائلي,32.6305765,44.0392547197,60.0,360.0,0.0,0.0,0.0,0.0,0.0,0.0,0.0,0.0,0.0,0.0,0.0,0.0,60.0,0.0,0.0,0.0,0.0,0.0,0.0,0.0,10.0,0.0,0.0,0.0,0.0,15.0,35.0,15.0,0.0,35.0,0.0,0.0,0.0,0.0,0.0,0.0,0.0,0.0,0.0,0.0,60.0,0.0,0.0,60.0,0.0,0.0,0.0,0.0,0.0,0.0,0.0,0.0,0.0,0.0,0.0,0.0,"Mar 17, 2016"
2120,2502030.0,25999.0,Kerbala,Al-Hindiya,Al Abd Awenat,العبد عوينات,32.522177,44.21228,35.0,210.0,0.0,0.0,0.0,0.0,0.0,0.0,0.0,0.0,0.0,0.0,0.0,0.0,35.0,0.0,0.0,0.0,0.0,0.0,0.0,0.0,0.0,0.0,0.0,0.0,0.0,0.0,35.0,0.0,0.0,35.0,0.0,0.0,0.0,0.0,0.0,0.0,0.0,0.0,0.0,0.0,35.0,0.0,0.0,35.0,0.0,0.0,0.0,0.0,0.0,0.0,0.0,0.0,0.0,0.0,0.0,0.0,"Mar 17, 2016"
2121,2503009.0,25955.0,Kerbala,Kerbala,Al Abeater Al Westa,الابيتر الوسطى,32.6411755587,44.1423393449,6.0,36.0,0.0,5.0,0.0,0.0,0.0,0.0,0.0,0.0,0.0,0.0,0.0,0.0,1.0,0.0,0.0,0.0,0.0,0.0,0.0,6.0,0.0,0.0,0.0,0.0,0.0,0.0,0.0,0.0,0.0,0.0,0.0,0.0,0.0,0.0,0.0,0.0,0.0,0.0,0.0,0.0,6.0,0.0,0.0,6.0,0.0,0.0,0.0,0.0,0.0,0.0,0.0,0.0,0.0,0.0,0.0,0.0,"Mar 17, 2016"
2122,2503010.0,25270.0,Kerbala,Kerbala,Al Amam Ali,الامام علي,32.5809681,44.0239422231,32.0,192.0,14.0,0.0,0.0,0.0,0.0,0.0,0.0,0.0,0.0,0.0,0.0,0.0,18.0,0.0,0.0,0.0,0.0,0.0,0.0,0.0,0.0,0.0,0.0,0.0,0.0,0.0,32.0,0.0,0.0,32.0,0.0,0.0,0.0,0.0,0.0,0.0,0.0,0.0,10.0,0.0,18.0,10.0,0.0,18.0,0.0,0.0,4.0,0.0,0.0,4.0,0.0,0.0,0.0,0.0,0.0,0.0,"Mar 17, 2016"
2123,2503011.0,13769.0,Kerbala,Kerbala,Al Amam Aon,الامام عون,32.6871234882,44.1090922988,93.0,558.0,16.0,0.0,0.0,0.0,0.0,0.0,0.0,0.0,0.0,0.0,0.0,0.0,77.0,0.0,0.0,0.0,0.0,0.0,0.0,0.0,0.0,0.0,0.0,0.0,0.0,60.0,33.0,60.0,0.0,33.0,0.0,0.0,0.0,0.0,0.0,0.0,0.0,0.0,12.0,0.0,77.0,12.0,0.0,77.0,0.0,0.0,4.0,0.0,0.0,4.0,0.0,0.0,0.0,0.0,0.0,0.0,"Mar 17, 2016"
2124,2503012.0,25885.0,Kerbala,Kerbala,Al Amen 1,الامين1,32.6413477555,43.9917653916,7.0,42.0,3.0,0.0,0.0,0.0,0.0,0.0,0.0,0.0,0.0,0.0,0.0,0.0,4.0,0.0,0.0,0.0,0.0,0.0,0.0,0.0,0.0,0.0,0.0,0.0,0.0,0.0,7.0,0.0,0.0,7.0,0.0,0.0,0.0,0.0,0.0,0.0,0.0,0.0,0.0,0.0,4.0,0.0,3.0,4.0,0.0,3.0,0.0,0.0,0.0,0.0,0.0,0.0,0.0,0.0,0.0,0.0,"Mar 17, 2016"
2125,2503013.0,26060.0,Kerbala,Kerbala,Al Ameshea 2,العميشية 2,32.6580348785,44.0585271395,26.0,156.0,0.0,0.0,0.0,0.0,0.0,0.0,0.0,0.0,0.0,0.0,0.0,0.0,26.0,0.0,0.0,0.0,0.0,0.0,0.0,0.0,0.0,0.0,0.0,0.0,0.0,4.0,22.0,4.0,0.0,22.0,0.0,0.0,0.0,0.0,0.0,0.0,0.0,0.0,0.0,0.0,26.0,0.0,0.0,26.0,0.0,0.0,0.0,0.0,0.0,0.0,0.0,0.0,0.0,0.0,0.0,0.0,"Mar 17, 2016"
2126,2503014.0,25356.0,Kerbala,Kerbala,Al Ameshea 1,العميشية 1,32.657621,44.061569,5.0,30.0,0.0,0.0,0.0,0.0,0.0,0.0,0.0,0.0,0.0,0.0,0.0,0.0,5.0,0.0,0.0,0.0,0.0,0.0,0.0,0.0,0.0,0.0,0.0,0.0,0.0,1.0,4.0,1.0,0.0,4.0,0.0,0.0,0.0,0.0,0.0,0.0,0.0,0.0,0.0,0.0,5.0,0.0,0.0,5.0,0.0,0.0,0.0,0.0,0.0,0.0,0.0,0.0,0.0,0.0,0.0,0.0,"Mar 17, 2016"
2127,2503015.0,24679.0,Kerbala,Kerbala,Al Amin,الامين,32.6009654,44.0364638906,11.0,66.0,0.0,0.0,0.0,0.0,0.0,0.0,0.0,0.0,0.0,0.0,0.0,0.0,11.0,0.0,0.0,0.0,0.0,0.0,0.0,0.0,0.0,0.0,0.0,0.0,0.0,2.0,9.0,2.0,0.0,9.0,0.0,0.0,0.0,0.0,0.0,0.0,0.0,0.0,0.0,0.0,11.0,0.0,0.0,11.0,0.0,0.0,0.0,0.0,0.0,0.0,0.0,0.0,0.0,0.0,0.0,0.0,"Mar 17, 2016"
2128,2503016.0,25852.0,Kerbala,Kerbala,Al Asafeat Al Sharqy,العسافيات الشرقي,32.6678307331,44.1600507753,5.0,30.0,1.0,0.0,0.0,0.0,0.0,0.0,0.0,0.0,0.0,0.0,0.0,0.0,4.0,0.0,0.0,0.0,0.0,0.0,0.0,5.0,0.0,0.0,0.0,0.0,0.0,0.0,0.0,0.0,0.0,0.0,0.0,0.0,0.0,0.0,0.0,0.0,0.0,0.0,1.0,0.0,4.0,1.0,0.0,4.0,0.0,0.0,0.0,0.0,0.0,0.0,0.0,0.0,0.0,0.0,0.0,0.0,"Mar 17, 2016"
2129,2503017.0,25484.0,Kerbala,Kerbala,Al Askary-Al haidery,العسكري-مجمع الحيدري,32.6467644,43.9701619,131.0,786.0,11.0,0.0,0.0,0.0,0.0,0.0,0.0,0.0,1.0,0.0,0.0,0.0,118.0,0.0,1.0,0.0,0.0,0.0,0.0,0.0,0.0,0.0,0.0,0.0,0.0,0.0,131.0,0.0,0.0,131.0,0.0,0.0,0.0,0.0,0.0,0.0,0.0,0.0,0.0,0.0,120.0,0.0,11.0,120.0,0.0,11.0,0.0,0.0,0.0,0.0,0.0,0.0,0.0,0.0,0.0,0.0,"Mar 17, 2016"
2130,2503018.0,25490.0,Kerbala,Kerbala,Al Askary 1,العسكري 1(الحر),32.6522166,43.979705,24.0,144.0,0.0,0.0,0.0,0.0,0.0,0.0,0.0,0.0,0.0,0.0,0.0,0.0,24.0,0.0,0.0,0.0,0.0,0.0,0.0,0.0,0.0,0.0,0.0,0.0,0.0,0.0,24.0,0.0,0.0,24.0,0.0,0.0,0.0,0.0,0.0,0.0,0.0,0.0,0.0,0.0,24.0,0.0,0.0,24.0,0.0,0.0,0.0,0.0,0.0,0.0,0.0,0.0,0.0,0.0,0.0,0.0,"Mar 17, 2016"
2131,2503019.0,25477.0,Kerbala,Kerbala,Al askary 11,العسكري11(العابد),32.6217682678,43.9792246,9.0,54.0,0.0,0.0,0.0,0.0,0.0,0.0,0.0,0.0,0.0,0.0,0.0,0.0,9.0,0.0,0.0,0.0,0.0,0.0,0.0,0.0,0.0,0.0,0.0,0.0,0.0,2.0,7.0,2.0,0.0,7.0,0.0,0.0,0.0,0.0,0.0,0.0,0.0,0.0,0.0,0.0,9.0,0.0,0.0,9.0,0.0,0.0,0.0,0.0,0.0,0.0,0.0,0.0,0.0,0.0,0.0,0.0,"Mar 17, 2016"
2132,2503020.0,25476.0,Kerbala,Kerbala,Al askary 12,العسكري12(العابد),32.6230507538,43.9779157,19.0,114.0,1.0,0.0,0.0,0.0,0.0,0.0,0.0,0.0,0.0,0.0,0.0,0.0,18.0,0.0,0.0,0.0,0.0,0.0,0.0,0.0,0.0,0.0,0.0,0.0,0.0,0.0,19.0,0.0,0.0,19.0,0.0,0.0,0.0,0.0,0.0,0.0,0.0,0.0,0.0,0.0,18.0,0.0,0.0,18.0,0.0,0.0,1.0,0.0,0.0,1.0,0.0,0.0,0.0,0.0,0.0,0.0,"Mar 17, 2016"
2133,2503021.0,25475.0,Kerbala,Kerbala,Al askary 14,العسكري14(العابد),32.6206309113,43.9788039,10.0,60.0,2.0,0.0,0.0,0.0,0.0,0.0,0.0,0.0,0.0,0.0,0.0,0.0,8.0,0.0,0.0,0.0,0.0,0.0,0.0,0.0,0.0,0.0,0.0,0.0,0.0,0.0,10.0,0.0,0.0,10.0,0.0,0.0,0.0,0.0,0.0,0.0,0.0,0.0,0.0,0.0,10.0,0.0,0.0,10.0,0.0,0.0,0.0,0.0,0.0,0.0,0.0,0.0,0.0,0.0,0.0,0.0,"Mar 17, 2016"
2134,2503022.0,25474.0,Kerbala,Kerbala,Al Askary 17,العسكري17(العابد),32.6141040657,43.9758595,7.0,42.0,1.0,0.0,0.0,0.0,0.0,0.0,0.0,0.0,0.0,0.0,0.0,0.0,3.0,0.0,3.0,0.0,0.0,0.0,0.0,0.0,0.0,0.0,0.0,0.0,0.0,0.0,7.0,0.0,0.0,7.0,0.0,0.0,0.0,0.0,0.0,0.0,0.0,0.0,3.0,0.0,4.0,3.0,0.0,4.0,0.0,0.0,0.0,0.0,0.0,0.0,0.0,0.0,0.0,0.0,0.0,0.0,"Mar 17, 2016"
2135,2503023.0,25478.0,Kerbala,Kerbala,Al askary 19,العسكري 19(العابد),32.62787582,43.96953976,2.0,12.0,1.0,0.0,0.0,0.0,0.0,0.0,0.0,0.0,0.0,0.0,0.0,0.0,1.0,0.0,0.0,0.0,0.0,0.0,0.0,0.0,0.0,0.0,0.0,0.0,0.0,0.0,2.0,0.0,0.0,2.0,0.0,0.0,0.0,0.0,0.0,0.0,0.0,0.0,0.0,0.0,1.0,0.0,0.0,1.0,0.0,0.0,1.0,0.0,0.0,1.0,0.0,0.0,0.0,0.0,0.0,0.0,"Mar 17, 2016"
2136,2503024.0,25491.0,Kerbala,Kerbala,Al Askary 2,العسكري2(الحر),32.6515591,43.9786882,27.0,162.0,3.0,0.0,0.0,0.0,0.0,0.0,0.0,0.0,0.0,0.0,0.0,0.0,24.0,0.0,0.0,0.0,0.0,0.0,0.0,0.0,0.0,0.0,0.0,0.0,0.0,7.0,20.0,7.0,0.0,20.0,0.0,0.0,0.0,0.0,0.0,0.0,0.0,0.0,1.0,0.0,24.0,1.0,0.0,24.0,0.0,0.0,2.0,0.0,0.0,2.0,0.0,0.0,0.0,0.0,0.0,0.0,"Mar 17, 2016"
2137,2503025.0,25492.0,Kerbala,Kerbala,Al Askary 4,العسكري4(الحر),32.6479335,43.9750048,5.0,30.0,2.0,0.0,0.0,0.0,0.0,0.0,0.0,0.0,0.0,0.0,0.0,0.0,3.0,0.0,0.0,0.0,0.0,0.0,0.0,0.0,0.0,0.0,0.0,0.0,0.0,0.0,5.0,0.0,0.0,5.0,0.0,0.0,0.0,0.0,0.0,0.0,0.0,0.0,0.0,0.0,3.0,0.0,0.0,3.0,0.0,0.0,2.0,0.0,0.0,2.0,0.0,0.0,0.0,0.0,0.0,0.0,"Mar 17, 2016"
2138,2503026.0,22500.0,Kerbala,Kerbala,Al Askary-107,حي العسكري-محله 107,32.61971628,43.97138081,2.0,12.0,0.0,0.0,0.0,0.0,0.0,0.0,0.0,0.0,0.0,0.0,0.0,0.0,2.0,0.0,0.0,0.0,0.0,0.0,0.0,0.0,0.0,0.0,0.0,0.0,0.0,0.0,2.0,0.0,0.0,2.0,0.0,0.0,0.0,0.0,0.0,0.0,0.0,0.0,0.0,0.0,2.0,0.0,0.0,2.0,0.0,0.0,0.0,0.0,0.0,0.0,0.0,0.0,0.0,0.0,0.0,0.0,"Mar 17, 2016"
2139,2503027.0,25360.0,Kerbala,Kerbala,Al Askary-15,العسكري 15,32.6259414,43.696645161,15.0,90.0,3.0,0.0,0.0,0.0,0.0,0.0,0.0,0.0,2.0,0.0,0.0,0.0,10.0,0.0,0.0,0.0,0.0,0.0,0.0,0.0,0.0,0.0,0.0,0.0,0.0,0.0,15.0,0.0,0.0,15.0,0.0,0.0,0.0,0.0,0.0,0.0,0.0,0.0,0.0,0.0,12.0,0.0,3.0,12.0,0.0,3.0,0.0,0.0,0.0,0.0,0.0,0.0,0.0,0.0,0.0,0.0,"Mar 17, 2016"
2140,2502031.0,26003.0,Kerbala,Al-Hindiya,Al Asra,العسرة,32.53852,44.10225,34.0,204.0,0.0,0.0,0.0,0.0,0.0,0.0,0.0,0.0,0.0,0.0,0.0,0.0,34.0,0.0,0.0,0.0,0.0,0.0,0.0,0.0,0.0,0.0,0.0,0.0,0.0,34.0,0.0,34.0,0.0,0.0,0.0,0.0,0.0,0.0,0.0,0.0,0.0,0.0,0.0,0.0,34.0,0.0,0.0,34.0,0.0,0.0,0.0,0.0,0.0,0.0,0.0,0.0,0.0,0.0,0.0,0.0,"Mar 17, 2016"
2141,2503031.0,25355.0,Kerbala,Kerbala,Al Dafteer Dar,الدفتر دار,32.63037341,44.06233418,11.0,66.0,0.0,0.0,0.0,0.0,0.0,0.0,0.0,0.0,0.0,0.0,0.0,0.0,11.0,0.0,0.0,0.0,0.0,0.0,0.0,0.0,0.0,0.0,0.0,0.0,0.0,9.0,2.0,9.0,0.0,2.0,0.0,0.0,0.0,0.0,0.0,0.0,0.0,0.0,0.0,0.0,11.0,0.0,0.0,11.0,0.0,0.0,0.0,0.0,0.0,0.0,0.0,0.0,0.0,0.0,0.0,0.0,"Mar 17, 2016"
2142,2503032.0,25482.0,Kerbala,Kerbala,Al Dalya 2,الدالية 2,32.645865294,44.0238168,13.0,78.0,0.0,0.0,0.0,0.0,0.0,0.0,0.0,0.0,0.0,0.0,0.0,0.0,13.0,0.0,0.0,0.0,0.0,0.0,0.0,4.0,0.0,0.0,0.0,0.0,0.0,0.0,9.0,0.0,0.0,9.0,0.0,0.0,0.0,0.0,0.0,0.0,0.0,0.0,0.0,0.0,13.0,0.0,0.0,13.0,0.0,0.0,0.0,0.0,0.0,0.0,0.0,0.0,0.0,0.0,0.0,0.0,"Mar 17, 2016"
2143,2503033.0,25483.0,Kerbala,Kerbala,Al Dalya1,الدالية 1,32.6304489579,44.0183094,50.0,300.0,0.0,0.0,0.0,0.0,0.0,0.0,0.0,0.0,0.0,0.0,0.0,0.0,50.0,0.0,0.0,0.0,0.0,0.0,0.0,0.0,0.0,0.0,0.0,0.0,0.0,0.0,50.0,0.0,0.0,50.0,0.0,0.0,0.0,0.0,0.0,0.0,0.0,0.0,0.0,0.0,50.0,0.0,0.0,50.0,0.0,0.0,0.0,0.0,0.0,0.0,0.0,0.0,0.0,0.0,0.0,0.0,"Mar 17, 2016"
2144,2502032.0,26013.0,Kerbala,Al-Hindiya,Al Dawajin,الدواجن,32.52534,44.114268,30.0,180.0,0.0,0.0,0.0,0.0,0.0,0.0,0.0,0.0,0.0,0.0,0.0,0.0,30.0,0.0,0.0,0.0,0.0,0.0,0.0,0.0,0.0,0.0,0.0,0.0,0.0,30.0,0.0,30.0,0.0,0.0,0.0,0.0,0.0,0.0,0.0,0.0,0.0,0.0,0.0,0.0,0.0,0.0,30.0,0.0,0.0,30.0,0.0,0.0,0.0,0.0,0.0,0.0,0.0,0.0,0.0,0.0,"Mar 17, 2016"
2145,2502033.0,26008.0,Kerbala,Al-Hindiya,Al Dokanea Al Gharbya,الدخانية الغربية,32.59288,44.12263,17.0,102.0,0.0,0.0,0.0,0.0,0.0,0.0,0.0,0.0,0.0,0.0,0.0,0.0,17.0,0.0,0.0,0.0,0.0,0.0,0.0,0.0,0.0,0.0,0.0,0.0,0.0,0.0,17.0,0.0,0.0,17.0,0.0,0.0,0.0,0.0,0.0,0.0,0.0,0.0,0.0,0.0,17.0,0.0,0.0,17.0,0.0,0.0,0.0,0.0,0.0,0.0,0.0,0.0,0.0,0.0,0.0,0.0,"Mar 17, 2016"
2146,2503036.0,25904.0,Kerbala,Kerbala,Al Eman2,الايمان2(دور البيض),32.58657293,44.01476118,4.0,24.0,0.0,0.0,0.0,0.0,0.0,0.0,0.0,0.0,0.0,0.0,0.0,0.0,4.0,0.0,0.0,0.0,0.0,0.0,0.0,0.0,0.0,0.0,0.0,0.0,0.0,0.0,4.0,0.0,0.0,4.0,0.0,0.0,0.0,0.0,0.0,0.0,0.0,0.0,0.0,0.0,4.0,0.0,0.0,4.0,0.0,0.0,0.0,0.0,0.0,0.0,0.0,0.0,0.0,0.0,0.0,0.0,"Mar 17, 2016"
2147,2503037.0,25887.0,Kerbala,Kerbala,Al Fadha,الفيضة,32.6846100843,44.1113461,77.0,462.0,3.0,9.0,0.0,0.0,0.0,0.0,0.0,0.0,0.0,0.0,0.0,0.0,65.0,0.0,0.0,0.0,0.0,0.0,0.0,3.0,0.0,0.0,0.0,0.0,0.0,33.0,41.0,33.0,0.0,41.0,0.0,0.0,0.0,0.0,0.0,0.0,0.0,0.0,0.0,0.0,77.0,0.0,0.0,77.0,0.0,0.0,0.0,0.0,0.0,0.0,0.0,0.0,0.0,0.0,0.0,0.0,"Mar 17, 2016"
2148,2503038.0,14137.0,Kerbala,Kerbala,Al Farashea,الفراشية,32.637731,44.076967,13.0,78.0,0.0,0.0,0.0,0.0,0.0,0.0,0.0,0.0,0.0,0.0,0.0,0.0,13.0,0.0,0.0,0.0,0.0,0.0,0.0,13.0,0.0,0.0,0.0,0.0,0.0,0.0,0.0,0.0,0.0,0.0,0.0,0.0,0.0,0.0,0.0,0.0,0.0,0.0,0.0,0.0,13.0,0.0,0.0,13.0,0.0,0.0,0.0,0.0,0.0,0.0,0.0,0.0,0.0,0.0,0.0,0.0,"Mar 17, 2016"
2149,2503039.0,25480.0,Kerbala,Kerbala,Al Forat 1,الفرات 1,32.6486187,43.9712316,18.0,108.0,3.0,0.0,0.0,0.0,0.0,0.0,0.0,0.0,3.0,0.0,0.0,0.0,12.0,0.0,0.0,0.0,0.0,0.0,0.0,0.0,0.0,0.0,0.0,0.0,0.0,0.0,18.0,0.0,0.0,18.0,0.0,0.0,0.0,0.0,0.0,0.0,0.0,0.0,6.0,0.0,12.0,6.0,0.0,12.0,0.0,0.0,0.0,0.0,0.0,0.0,0.0,0.0,0.0,0.0,0.0,0.0,"Mar 17, 2016"
2150,2503040.0,25481.0,Kerbala,Kerbala,Al forat 2,الفرات 2,32.6469712,43.9691727,33.0,198.0,8.0,0.0,2.0,0.0,0.0,0.0,0.0,0.0,8.0,0.0,0.0,0.0,15.0,0.0,0.0,0.0,0.0,0.0,0.0,0.0,0.0,0.0,0.0,0.0,0.0,0.0,33.0,0.0,0.0,33.0,0.0,0.0,0.0,0.0,0.0,0.0,0.0,0.0,3.0,0.0,23.0,3.0,0.0,23.0,0.0,0.0,7.0,0.0,0.0,7.0,0.0,0.0,0.0,0.0,0.0,0.0,"Mar 17, 2016"
2151,2503041.0,25264.0,Kerbala,Kerbala,Al Fadaein,الفدين,32.6058356,44.0640015,119.0,714.0,0.0,0.0,0.0,0.0,0.0,0.0,0.0,0.0,0.0,0.0,0.0,0.0,119.0,0.0,0.0,0.0,0.0,0.0,0.0,0.0,0.0,0.0,0.0,0.0,0.0,44.0,75.0,44.0,0.0,75.0,0.0,0.0,0.0,0.0,0.0,0.0,0.0,0.0,0.0,0.0,119.0,0.0,0.0,119.0,0.0,0.0,0.0,0.0,0.0,0.0,0.0,0.0,0.0,0.0,0.0,0.0,"Mar 17, 2016"
2152,2503042.0,25956.0,Kerbala,Kerbala,Al Furat(Elegal),الفرات(تجاوز),32.58281751,44.01112066,6.0,36.0,0.0,0.0,0.0,0.0,0.0,4.0,0.0,0.0,0.0,0.0,0.0,0.0,2.0,0.0,0.0,0.0,0.0,0.0,0.0,0.0,0.0,0.0,0.0,0.0,0.0,0.0,6.0,0.0,0.0,6.0,0.0,0.0,0.0,0.0,0.0,0.0,0.0,0.0,0.0,0.0,6.0,0.0,0.0,6.0,0.0,0.0,0.0,0.0,0.0,0.0,0.0,0.0,0.0,0.0,0.0,0.0,"Mar 17, 2016"
2153,2503043.0,25902.0,Kerbala,Kerbala,Al Ghaltawiyah Al Gharbiyah,الغلطاوية الغربية,32.63765758,44.06134034,8.0,48.0,0.0,0.0,0.0,0.0,0.0,0.0,0.0,0.0,0.0,0.0,0.0,0.0,8.0,0.0,0.0,0.0,0.0,0.0,0.0,0.0,0.0,0.0,0.0,0.0,0.0,0.0,8.0,0.0,0.0,8.0,0.0,0.0,0.0,0.0,0.0,0.0,0.0,0.0,0.0,0.0,8.0,0.0,0.0,8.0,0.0,0.0,0.0,0.0,0.0,0.0,0.0,0.0,0.0,0.0,0.0,0.0,"Mar 17, 2016"
2154,2502034.0,26012.0,Kerbala,Al-Hindiya,Al Hakem,الحكيم,32.46531,44.15959,10.0,60.0,0.0,0.0,0.0,0.0,0.0,0.0,0.0,0.0,0.0,0.0,0.0,0.0,10.0,0.0,0.0,0.0,0.0,0.0,0.0,0.0,0.0,0.0,0.0,0.0,0.0,10.0,0.0,10.0,0.0,0.0,0.0,0.0,0.0,0.0,0.0,0.0,0.0,0.0,0.0,0.0,0.0,0.0,10.0,0.0,0.0,10.0,0.0,0.0,0.0,0.0,0.0,0.0,0.0,0.0,0.0,0.0,"Mar 17, 2016"
2155,2503045.0,23265.0,Kerbala,Kerbala,Al Hawra,حي الحوراء ,32.6492675503,44.0497929,43.0,258.0,0.0,0.0,0.0,0.0,0.0,0.0,0.0,0.0,0.0,0.0,0.0,0.0,43.0,0.0,0.0,0.0,0.0,0.0,0.0,0.0,0.0,0.0,0.0,0.0,0.0,0.0,43.0,0.0,0.0,43.0,0.0,0.0,0.0,0.0,0.0,0.0,0.0,0.0,0.0,0.0,43.0,0.0,0.0,43.0,0.0,0.0,0.0,0.0,0.0,0.0,0.0,0.0,0.0,0.0,0.0,0.0,"Mar 17, 2016"
2156,2503048.0,24630.0,Kerbala,Kerbala,Sumer 1,حي سومر1,32.6462041,43.9881351,21.0,126.0,2.0,0.0,0.0,0.0,0.0,0.0,0.0,0.0,0.0,0.0,0.0,0.0,14.0,0.0,5.0,0.0,0.0,0.0,0.0,0.0,0.0,0.0,0.0,0.0,0.0,0.0,21.0,0.0,0.0,21.0,0.0,0.0,0.0,0.0,0.0,0.0,0.0,0.0,0.0,0.0,19.0,0.0,0.0,19.0,0.0,0.0,2.0,0.0,0.0,2.0,0.0,0.0,0.0,0.0,0.0,0.0,"Mar 17, 2016"
2157,2503049.0,25550.0,Kerbala,Kerbala,Al Amam Al Montadar,الامام المنتظر,32.6349564,43.9848728,17.0,102.0,2.0,0.0,0.0,0.0,0.0,0.0,0.0,0.0,0.0,0.0,0.0,0.0,15.0,0.0,0.0,0.0,0.0,0.0,0.0,0.0,0.0,0.0,0.0,0.0,0.0,0.0,17.0,0.0,0.0,17.0,0.0,0.0,0.0,0.0,0.0,0.0,0.0,0.0,0.0,0.0,17.0,0.0,0.0,17.0,0.0,0.0,0.0,0.0,0.0,0.0,0.0,0.0,0.0,0.0,0.0,0.0,"Mar 17, 2016"
2158,2503051.0,25546.0,Kerbala,Kerbala,Al Walaa1,الولاء1,32.6127513,43.98150095,10.0,60.0,1.0,0.0,0.0,0.0,0.0,0.0,0.0,0.0,0.0,0.0,0.0,0.0,9.0,0.0,0.0,0.0,0.0,0.0,0.0,0.0,0.0,0.0,0.0,0.0,0.0,0.0,10.0,0.0,0.0,10.0,0.0,0.0,0.0,0.0,0.0,0.0,0.0,0.0,0.0,0.0,9.0,0.0,0.0,9.0,0.0,0.0,1.0,0.0,0.0,1.0,0.0,0.0,0.0,0.0,0.0,0.0,"Mar 17, 2016"
2159,2503052.0,25555.0,Kerbala,Kerbala,Hay Al Rafdean 2,الرافدين 2,32.6078771311,43.9650182,19.0,114.0,3.0,0.0,0.0,0.0,0.0,0.0,0.0,0.0,6.0,0.0,0.0,0.0,6.0,0.0,4.0,0.0,0.0,0.0,0.0,0.0,0.0,0.0,0.0,0.0,0.0,0.0,19.0,0.0,0.0,19.0,0.0,0.0,0.0,0.0,0.0,0.0,0.0,0.0,0.0,0.0,16.0,0.0,3.0,16.0,0.0,3.0,0.0,0.0,0.0,0.0,0.0,0.0,0.0,0.0,0.0,0.0,"Mar 17, 2016"
2160,2503053.0,25552.0,Kerbala,Kerbala,Hay Al-Jawad,حي الجواد,32.62205785,43.98634678,7.0,42.0,0.0,3.0,0.0,0.0,0.0,0.0,0.0,0.0,0.0,0.0,0.0,0.0,3.0,0.0,1.0,0.0,0.0,0.0,0.0,0.0,0.0,0.0,0.0,0.0,0.0,0.0,7.0,0.0,0.0,7.0,0.0,0.0,0.0,0.0,0.0,0.0,0.0,0.0,1.0,0.0,3.0,1.0,3.0,3.0,0.0,3.0,0.0,0.0,0.0,0.0,0.0,0.0,0.0,0.0,0.0,0.0,"Mar 17, 2016"
2161,2503054.0,14288.0,Kerbala,Kerbala,Hay Al-Momnean,حي المؤمنين,32.64838981,43.97942291,21.0,126.0,9.0,0.0,0.0,0.0,0.0,0.0,0.0,0.0,0.0,0.0,0.0,0.0,12.0,0.0,0.0,0.0,0.0,0.0,0.0,0.0,0.0,0.0,0.0,0.0,0.0,0.0,21.0,0.0,0.0,21.0,0.0,0.0,0.0,0.0,0.0,0.0,0.0,0.0,0.0,0.0,12.0,0.0,9.0,12.0,0.0,9.0,0.0,0.0,0.0,0.0,0.0,0.0,0.0,0.0,0.0,0.0,"Mar 17, 2016"
2162,2503055.0,25548.0,Kerbala,Kerbala,Mulhak Hay Al Mualmen,ملحق حي المعلمين,32.6409417,43.976397,11.0,66.0,4.0,0.0,1.0,0.0,0.0,0.0,0.0,0.0,0.0,0.0,0.0,0.0,2.0,0.0,4.0,0.0,0.0,0.0,0.0,0.0,0.0,0.0,0.0,0.0,0.0,0.0,11.0,0.0,0.0,11.0,0.0,0.0,0.0,0.0,0.0,0.0,0.0,0.0,0.0,0.0,7.0,0.0,0.0,7.0,0.0,0.0,4.0,0.0,0.0,4.0,0.0,0.0,0.0,0.0,0.0,0.0,"Mar 17, 2016"
2163,2503057.0,24716.0,Kerbala,Kerbala,Al Iman,الايمان,32.58915,44.01479,11.0,66.0,0.0,0.0,0.0,0.0,0.0,0.0,0.0,0.0,0.0,0.0,0.0,0.0,11.0,0.0,0.0,0.0,0.0,0.0,0.0,0.0,0.0,0.0,0.0,0.0,0.0,7.0,4.0,7.0,0.0,4.0,0.0,0.0,0.0,0.0,0.0,0.0,0.0,0.0,0.0,0.0,11.0,0.0,0.0,11.0,0.0,0.0,0.0,0.0,0.0,0.0,0.0,0.0,0.0,0.0,0.0,0.0,"Mar 17, 2016"
2164,2503058.0,22533.0,Kerbala,Kerbala,Al Intefadha Al Shabaniya,الانتفاضه الشعبانية,32.5919543422,44.0127889647,7.0,42.0,0.0,0.0,0.0,0.0,0.0,2.0,0.0,0.0,0.0,0.0,0.0,0.0,3.0,0.0,2.0,0.0,0.0,0.0,0.0,0.0,0.0,0.0,0.0,0.0,0.0,3.0,4.0,3.0,0.0,4.0,0.0,0.0,0.0,0.0,0.0,0.0,0.0,0.0,0.0,0.0,7.0,0.0,0.0,7.0,0.0,0.0,0.0,0.0,0.0,0.0,0.0,0.0,0.0,0.0,0.0,0.0,"Mar 17, 2016"
2165,2503060.0,24717.0,Kerbala,Kerbala,Al Jamaliyah,الجماليه,32.65140403,43.97106967,2.0,12.0,2.0,0.0,0.0,0.0,0.0,0.0,0.0,0.0,0.0,0.0,0.0,0.0,0.0,0.0,0.0,0.0,0.0,0.0,0.0,0.0,0.0,0.0,0.0,0.0,0.0,0.0,2.0,0.0,0.0,2.0,0.0,0.0,0.0,0.0,0.0,0.0,0.0,0.0,0.0,0.0,0.0,0.0,2.0,0.0,0.0,2.0,0.0,0.0,0.0,0.0,0.0,0.0,0.0,0.0,0.0,0.0,"Mar 17, 2016"
2166,2503061.0,25260.0,Kerbala,Kerbala,Al Jamaliyah-Al Hasua,الجمالية-الحصوه,32.6595156,43.9860038,3.0,18.0,3.0,0.0,0.0,0.0,0.0,0.0,0.0,0.0,0.0,0.0,0.0,0.0,0.0,0.0,0.0,0.0,0.0,0.0,0.0,0.0,0.0,0.0,0.0,0.0,0.0,0.0,3.0,0.0,0.0,3.0,0.0,0.0,0.0,0.0,0.0,0.0,0.0,0.0,0.0,0.0,0.0,0.0,3.0,0.0,0.0,3.0,0.0,0.0,0.0,0.0,0.0,0.0,0.0,0.0,0.0,0.0,"Mar 17, 2016"
2167,2503062.0,25487.0,Kerbala,Kerbala,Al Jarya,الجرية,32.6482378553,44.1076618293,11.0,66.0,3.0,1.0,1.0,0.0,0.0,1.0,0.0,0.0,0.0,0.0,0.0,0.0,5.0,0.0,0.0,0.0,0.0,0.0,0.0,0.0,0.0,0.0,0.0,0.0,0.0,0.0,11.0,0.0,0.0,11.0,0.0,0.0,0.0,0.0,0.0,0.0,0.0,0.0,0.0,0.0,11.0,0.0,0.0,11.0,0.0,0.0,0.0,0.0,0.0,0.0,0.0,0.0,0.0,0.0,0.0,0.0,"Mar 17, 2016"
2168,2502036.0,25995.0,Kerbala,Al-Hindiya,Al Jedar Al Gharbi,الجدار الغربي,32.5102609923,44.1397468699,200.0,1200.0,0.0,0.0,0.0,0.0,0.0,0.0,0.0,0.0,0.0,0.0,0.0,0.0,200.0,0.0,0.0,0.0,0.0,0.0,0.0,0.0,0.0,0.0,0.0,0.0,0.0,200.0,0.0,200.0,0.0,0.0,0.0,0.0,0.0,0.0,0.0,0.0,0.0,0.0,0.0,0.0,200.0,0.0,0.0,200.0,0.0,0.0,0.0,0.0,0.0,0.0,0.0,0.0,0.0,0.0,0.0,0.0,"Mar 17, 2016"
2169,2503064.0,24197.0,Kerbala,Kerbala,Al Kaim,القائم,32.5978574374,44.0000131961,20.0,120.0,0.0,0.0,0.0,0.0,0.0,0.0,0.0,0.0,17.0,0.0,0.0,0.0,3.0,0.0,0.0,0.0,0.0,0.0,0.0,0.0,0.0,0.0,0.0,0.0,0.0,0.0,20.0,0.0,0.0,20.0,0.0,0.0,0.0,0.0,0.0,0.0,0.0,0.0,0.0,0.0,20.0,0.0,0.0,20.0,0.0,0.0,0.0,0.0,0.0,0.0,0.0,0.0,0.0,0.0,0.0,0.0,"Mar 17, 2016"
2170,2502037.0,25058.0,Kerbala,Al-Hindiya,Al Kreat,الكريط,32.42948,44.18368,304.0,1824.0,0.0,0.0,0.0,0.0,0.0,0.0,0.0,0.0,0.0,0.0,0.0,0.0,304.0,0.0,0.0,0.0,0.0,0.0,0.0,0.0,0.0,0.0,0.0,0.0,0.0,304.0,0.0,304.0,0.0,0.0,0.0,0.0,0.0,0.0,0.0,0.0,0.0,0.0,0.0,0.0,304.0,0.0,0.0,304.0,0.0,0.0,0.0,0.0,0.0,0.0,0.0,0.0,0.0,0.0,0.0,0.0,"Mar 17, 2016"
2171,2503067.0,25493.0,Kerbala,Kerbala,Al Makalaa,المقالع,32.6492763,43.9838384,26.0,156.0,7.0,0.0,0.0,0.0,0.0,0.0,0.0,0.0,0.0,0.0,0.0,0.0,19.0,0.0,0.0,0.0,0.0,0.0,0.0,0.0,0.0,0.0,0.0,0.0,0.0,7.0,19.0,7.0,0.0,19.0,0.0,0.0,0.0,0.0,0.0,0.0,0.0,0.0,2.0,0.0,19.0,2.0,0.0,19.0,0.0,0.0,5.0,0.0,0.0,5.0,0.0,0.0,0.0,0.0,0.0,0.0,"Mar 17, 2016"
2172,2503068.0,22091.0,Kerbala,Kerbala,Al Makrama,المكرمه,32.56181,44.03747,5.0,30.0,2.0,0.0,0.0,0.0,0.0,0.0,0.0,0.0,0.0,0.0,0.0,0.0,3.0,0.0,0.0,0.0,0.0,0.0,0.0,0.0,0.0,0.0,0.0,0.0,0.0,0.0,5.0,0.0,0.0,5.0,0.0,0.0,0.0,0.0,0.0,0.0,0.0,0.0,0.0,0.0,3.0,0.0,0.0,3.0,0.0,0.0,2.0,0.0,0.0,2.0,0.0,0.0,0.0,0.0,0.0,0.0,"Mar 17, 2016"
2173,2502038.0,26011.0,Kerbala,Al-Hindiya,Al Matar,المطار,32.3532444708,44.2361991273,23.0,138.0,0.0,0.0,0.0,0.0,0.0,0.0,0.0,0.0,0.0,0.0,0.0,0.0,23.0,0.0,0.0,0.0,0.0,0.0,0.0,0.0,0.0,0.0,0.0,0.0,0.0,23.0,0.0,23.0,0.0,0.0,0.0,0.0,0.0,0.0,0.0,0.0,0.0,0.0,0.0,0.0,0.0,0.0,23.0,0.0,0.0,23.0,0.0,0.0,0.0,0.0,0.0,0.0,0.0,0.0,0.0,0.0,"Mar 17, 2016"
2174,2503070.0,25884.0,Kerbala,Kerbala,Al Motlak Al Gharby,المطلق الغربي,32.6289172006,44.0528323865,25.0,150.0,0.0,0.0,0.0,0.0,0.0,0.0,0.0,0.0,0.0,0.0,0.0,0.0,25.0,0.0,0.0,0.0,0.0,0.0,0.0,0.0,0.0,0.0,0.0,0.0,0.0,1.0,24.0,1.0,0.0,24.0,0.0,0.0,0.0,0.0,0.0,0.0,0.0,0.0,0.0,0.0,25.0,0.0,0.0,25.0,0.0,0.0,0.0,0.0,0.0,0.0,0.0,0.0,0.0,0.0,0.0,0.0,"Mar 17, 2016"
2175,2503071.0,25357.0,Kerbala,Kerbala,Al Motlak Al Sharky,المطلق الشرقي,32.6277077264,44.0597838629,15.0,90.0,0.0,0.0,0.0,0.0,0.0,3.0,0.0,0.0,0.0,0.0,0.0,0.0,12.0,0.0,0.0,0.0,0.0,0.0,0.0,2.0,0.0,0.0,0.0,0.0,0.0,5.0,8.0,5.0,0.0,8.0,0.0,0.0,0.0,0.0,0.0,0.0,0.0,0.0,0.0,0.0,15.0,0.0,0.0,15.0,0.0,0.0,0.0,0.0,0.0,0.0,0.0,0.0,0.0,0.0,0.0,0.0,"Mar 17, 2016"
2176,2503072.0,25886.0,Kerbala,Kerbala,Al Mustjadat,المستجدات,32.6234065104,44.0492402486,30.0,180.0,2.0,0.0,0.0,0.0,0.0,0.0,0.0,0.0,0.0,0.0,0.0,0.0,28.0,0.0,0.0,0.0,0.0,0.0,0.0,9.0,0.0,0.0,0.0,0.0,0.0,17.0,4.0,17.0,0.0,4.0,0.0,0.0,0.0,0.0,0.0,0.0,0.0,0.0,2.0,0.0,28.0,2.0,0.0,28.0,0.0,0.0,0.0,0.0,0.0,0.0,0.0,0.0,0.0,0.0,0.0,0.0,"Mar 17, 2016"
2177,2503073.0,25273.0,Kerbala,Kerbala,Al Qadissiya 1,القادسية 1,32.6408618,43.9844632,13.0,78.0,5.0,0.0,0.0,0.0,0.0,0.0,0.0,0.0,0.0,0.0,0.0,0.0,8.0,0.0,0.0,0.0,0.0,0.0,0.0,0.0,0.0,0.0,0.0,0.0,0.0,0.0,13.0,0.0,0.0,13.0,0.0,0.0,0.0,0.0,0.0,0.0,0.0,0.0,0.0,0.0,8.0,0.0,5.0,8.0,0.0,5.0,0.0,0.0,0.0,0.0,0.0,0.0,0.0,0.0,0.0,0.0,"Mar 17, 2016"
2178,2503074.0,22532.0,Kerbala,Kerbala,Al Qadissiya 2,القادسية 2,32.6421869,43.9830919,18.0,108.0,8.0,0.0,0.0,0.0,0.0,0.0,0.0,0.0,0.0,0.0,0.0,0.0,8.0,0.0,2.0,0.0,0.0,0.0,0.0,0.0,0.0,0.0,0.0,0.0,0.0,0.0,18.0,0.0,0.0,18.0,0.0,0.0,0.0,0.0,0.0,0.0,0.0,0.0,0.0,0.0,10.0,0.0,8.0,10.0,0.0,8.0,0.0,0.0,0.0,0.0,0.0,0.0,0.0,0.0,0.0,0.0,"Mar 17, 2016"
2179,2503075.0,24681.0,Kerbala,Kerbala,Al Qazwiniyah,القزوينيه,32.61447,44.02629,26.0,156.0,0.0,0.0,0.0,0.0,0.0,0.0,0.0,0.0,0.0,0.0,0.0,0.0,26.0,0.0,0.0,0.0,0.0,0.0,0.0,1.0,0.0,0.0,0.0,0.0,0.0,0.0,25.0,0.0,0.0,25.0,0.0,0.0,0.0,0.0,0.0,0.0,0.0,0.0,0.0,0.0,26.0,0.0,0.0,26.0,0.0,0.0,0.0,0.0,0.0,0.0,0.0,0.0,0.0,0.0,0.0,0.0,"Mar 17, 2016"
2180,2503076.0,22786.0,Kerbala,Kerbala,Al Rawdhatain,الروضتين ,32.6201625,44.0183933514,89.0,534.0,0.0,0.0,0.0,0.0,0.0,0.0,0.0,0.0,1.0,0.0,0.0,0.0,88.0,0.0,0.0,0.0,0.0,0.0,0.0,15.0,0.0,25.0,0.0,0.0,25.0,26.0,23.0,26.0,0.0,23.0,0.0,0.0,0.0,0.0,0.0,0.0,0.0,0.0,1.0,0.0,88.0,1.0,0.0,88.0,0.0,0.0,0.0,0.0,0.0,0.0,0.0,0.0,0.0,0.0,0.0,0.0,"Mar 17, 2016"
2181,2503077.0,25848.0,Kerbala,Kerbala,Al Sahrawy Al Mazarea,الصحراوية المزارع,32.5450305,44.0912482,120.0,720.0,0.0,0.0,0.0,0.0,0.0,0.0,0.0,0.0,0.0,0.0,0.0,0.0,120.0,0.0,0.0,0.0,0.0,0.0,0.0,0.0,0.0,0.0,0.0,0.0,0.0,64.0,56.0,64.0,0.0,56.0,0.0,0.0,0.0,0.0,0.0,0.0,0.0,0.0,0.0,0.0,120.0,0.0,0.0,120.0,0.0,0.0,0.0,0.0,0.0,0.0,0.0,0.0,0.0,0.0,0.0,0.0,"Mar 17, 2016"
2182,2503078.0,25358.0,Kerbala,Kerbala,Al Salam-1,السلام1,32.5876564,44.0007174584,17.0,102.0,3.0,0.0,0.0,0.0,0.0,3.0,0.0,0.0,0.0,0.0,0.0,0.0,11.0,0.0,0.0,0.0,0.0,0.0,0.0,0.0,0.0,0.0,0.0,0.0,0.0,0.0,17.0,0.0,0.0,17.0,0.0,0.0,0.0,0.0,0.0,0.0,0.0,0.0,0.0,0.0,14.0,0.0,3.0,14.0,0.0,3.0,0.0,0.0,0.0,0.0,0.0,0.0,0.0,0.0,0.0,0.0,"Mar 17, 2016"
2183,2503079.0,25359.0,Kerbala,Kerbala,Al Salam-2,السلام 2,32.5859744,43.9894069076,16.0,96.0,1.0,0.0,0.0,0.0,0.0,0.0,0.0,0.0,0.0,0.0,0.0,0.0,13.0,0.0,2.0,0.0,0.0,0.0,0.0,0.0,0.0,0.0,0.0,0.0,0.0,8.0,8.0,8.0,0.0,8.0,0.0,0.0,0.0,0.0,0.0,0.0,0.0,0.0,0.0,0.0,16.0,0.0,0.0,16.0,0.0,0.0,0.0,0.0,0.0,0.0,0.0,0.0,0.0,0.0,0.0,0.0,"Mar 17, 2016"
2184,2503080.0,25065.0,Kerbala,Kerbala,Al Salamea,الصلامية,32.66699625,44.16943654,17.0,102.0,1.0,0.0,0.0,0.0,0.0,0.0,0.0,0.0,0.0,0.0,0.0,0.0,16.0,0.0,0.0,0.0,0.0,0.0,0.0,0.0,0.0,0.0,0.0,0.0,0.0,0.0,17.0,0.0,0.0,17.0,0.0,0.0,0.0,0.0,0.0,0.0,0.0,0.0,1.0,0.0,16.0,1.0,0.0,16.0,0.0,0.0,0.0,0.0,0.0,0.0,0.0,0.0,0.0,0.0,0.0,0.0,"Mar 17, 2016"
2185,2503081.0,24196.0,Kerbala,Kerbala,Al Shita Wa Salhiya,الشيطة والصالحية ,32.68348,44.11553,3.0,18.0,1.0,1.0,1.0,0.0,0.0,0.0,0.0,0.0,0.0,0.0,0.0,0.0,0.0,0.0,0.0,0.0,0.0,0.0,0.0,3.0,0.0,0.0,0.0,0.0,0.0,0.0,0.0,0.0,0.0,0.0,0.0,0.0,0.0,0.0,0.0,0.0,0.0,0.0,0.0,0.0,3.0,0.0,0.0,3.0,0.0,0.0,0.0,0.0,0.0,0.0,0.0,0.0,0.0,0.0,0.0,0.0,"Mar 17, 2016"
2186,2503082.0,25361.0,Kerbala,Kerbala,Al Shrawea Al Wady,الصحراوية الوادي,32.5495776,44.091208435,30.0,180.0,0.0,0.0,0.0,0.0,0.0,0.0,0.0,0.0,0.0,0.0,0.0,0.0,30.0,0.0,0.0,0.0,0.0,0.0,0.0,0.0,0.0,4.0,0.0,0.0,4.0,25.0,1.0,25.0,0.0,1.0,0.0,0.0,0.0,0.0,0.0,0.0,0.0,0.0,0.0,0.0,30.0,0.0,0.0,30.0,0.0,0.0,0.0,0.0,0.0,0.0,0.0,0.0,0.0,0.0,0.0,0.0,"Mar 17, 2016"
2187,2503084.0,25551.0,Kerbala,Kerbala,Al Somod-Al Uwlaa,الصمود الاولى,32.5893078,44.0060855,7.0,42.0,4.0,0.0,0.0,0.0,0.0,0.0,0.0,0.0,0.0,0.0,0.0,0.0,3.0,0.0,0.0,0.0,0.0,0.0,0.0,0.0,0.0,0.0,0.0,0.0,0.0,0.0,7.0,0.0,0.0,7.0,0.0,0.0,0.0,0.0,0.0,0.0,0.0,0.0,0.0,0.0,3.0,0.0,4.0,3.0,0.0,4.0,0.0,0.0,0.0,0.0,0.0,0.0,0.0,0.0,0.0,0.0,"Mar 17, 2016"
2188,2503086.0,25941.0,Kerbala,Kerbala,Al Wand Al Hmodea 1,الوند الحمودية1,32.71834274,44.20907565,26.0,156.0,1.0,0.0,0.0,0.0,0.0,0.0,0.0,0.0,0.0,0.0,0.0,0.0,25.0,0.0,0.0,0.0,0.0,0.0,0.0,0.0,0.0,0.0,0.0,0.0,0.0,9.0,17.0,9.0,0.0,17.0,0.0,0.0,0.0,0.0,0.0,0.0,0.0,0.0,0.0,0.0,25.0,0.0,0.0,25.0,0.0,0.0,1.0,0.0,0.0,1.0,0.0,0.0,0.0,0.0,0.0,0.0,"Mar 17, 2016"
2189,2503087.0,25942.0,Kerbala,Kerbala,Al Wand Al Hmodea 2,الوند الحمودية2,32.71953247,44.21438903,12.0,72.0,1.0,1.0,0.0,0.0,0.0,0.0,0.0,0.0,0.0,0.0,0.0,0.0,10.0,0.0,0.0,0.0,0.0,0.0,0.0,0.0,0.0,0.0,0.0,0.0,0.0,10.0,2.0,10.0,0.0,2.0,0.0,0.0,0.0,0.0,0.0,0.0,0.0,0.0,0.0,0.0,12.0,0.0,0.0,12.0,0.0,0.0,0.0,0.0,0.0,0.0,0.0,0.0,0.0,0.0,0.0,0.0,"Mar 17, 2016"
2190,2503088.0,25940.0,Kerbala,Kerbala,Al Wand Al Hmodea Al Sharqea,الوند الحمودية الشرقية,32.72405427,44.22848361,50.0,300.0,0.0,1.0,0.0,0.0,0.0,0.0,0.0,0.0,0.0,0.0,0.0,0.0,49.0,0.0,0.0,0.0,0.0,0.0,0.0,0.0,0.0,0.0,0.0,0.0,0.0,49.0,1.0,49.0,0.0,1.0,0.0,0.0,0.0,0.0,0.0,0.0,0.0,0.0,0.0,0.0,50.0,0.0,0.0,50.0,0.0,0.0,0.0,0.0,0.0,0.0,0.0,0.0,0.0,0.0,0.0,0.0,"Mar 17, 2016"
2191,2503089.0,25938.0,Kerbala,Kerbala,Al Wand Al Mustajad,الوند المستجد,32.7230437274,44.1949910085,40.0,240.0,0.0,4.0,0.0,0.0,0.0,0.0,0.0,0.0,0.0,0.0,0.0,0.0,36.0,0.0,0.0,0.0,0.0,0.0,0.0,4.0,0.0,0.0,0.0,0.0,0.0,36.0,0.0,36.0,0.0,0.0,0.0,0.0,0.0,0.0,0.0,0.0,0.0,0.0,0.0,0.0,40.0,0.0,0.0,40.0,0.0,0.0,0.0,0.0,0.0,0.0,0.0,0.0,0.0,0.0,0.0,0.0,"Mar 17, 2016"
2192,2503090.0,25939.0,Kerbala,Kerbala,Al Wand Al Zehafat,الوند الزحيفات,32.71405678,44.19485492,5.0,30.0,0.0,3.0,0.0,0.0,0.0,0.0,0.0,0.0,0.0,0.0,0.0,0.0,2.0,0.0,0.0,0.0,0.0,0.0,0.0,0.0,0.0,0.0,0.0,0.0,0.0,5.0,0.0,5.0,0.0,0.0,0.0,0.0,0.0,0.0,0.0,0.0,0.0,0.0,0.0,0.0,5.0,0.0,0.0,5.0,0.0,0.0,0.0,0.0,0.0,0.0,0.0,0.0,0.0,0.0,0.0,0.0,"Mar 17, 2016"
2193,2503091.0,25362.0,Kerbala,Kerbala,Al Yarmook 4,اليرموك 4,32.62592426,43.9807967,26.0,156.0,2.0,0.0,0.0,0.0,0.0,0.0,0.0,0.0,0.0,0.0,0.0,0.0,24.0,0.0,0.0,0.0,0.0,0.0,0.0,0.0,0.0,0.0,0.0,0.0,0.0,0.0,26.0,0.0,0.0,26.0,0.0,0.0,0.0,0.0,0.0,0.0,0.0,0.0,0.0,0.0,26.0,0.0,0.0,26.0,0.0,0.0,0.0,0.0,0.0,0.0,0.0,0.0,0.0,0.0,0.0,0.0,"Mar 17, 2016"
2194,2503092.0,23707.0,Kerbala,Kerbala,Al Zareen city,مدينه الزائرين الزهراء,32.67477,44.07323,85.0,510.0,0.0,0.0,0.0,0.0,0.0,0.0,0.0,0.0,0.0,0.0,0.0,0.0,85.0,0.0,0.0,0.0,0.0,0.0,0.0,0.0,0.0,0.0,0.0,0.0,0.0,85.0,0.0,85.0,0.0,0.0,0.0,0.0,0.0,0.0,0.0,0.0,0.0,0.0,0.0,0.0,85.0,0.0,0.0,85.0,0.0,0.0,0.0,0.0,0.0,0.0,0.0,0.0,0.0,0.0,0.0,0.0,"Mar 17, 2016"
2195,2503093.0,25262.0,Kerbala,Kerbala,Al Zohor,الزهور,32.59325,44.05294,20.0,120.0,10.0,0.0,0.0,0.0,0.0,0.0,0.0,0.0,0.0,0.0,0.0,0.0,6.0,0.0,4.0,0.0,0.0,0.0,0.0,0.0,0.0,0.0,0.0,0.0,0.0,0.0,20.0,0.0,0.0,20.0,0.0,0.0,0.0,0.0,0.0,0.0,0.0,0.0,0.0,0.0,16.0,0.0,0.0,16.0,0.0,0.0,4.0,0.0,0.0,4.0,0.0,0.0,0.0,0.0,0.0,0.0,"Mar 17, 2016"
2196,2503094.0,14309.0,Kerbala,Kerbala,AL_Saadiya,السعدية ,32.61662,44.02808,10.0,60.0,0.0,0.0,0.0,0.0,0.0,0.0,0.0,0.0,0.0,0.0,0.0,0.0,10.0,0.0,0.0,0.0,0.0,0.0,0.0,0.0,0.0,0.0,0.0,0.0,0.0,1.0,9.0,1.0,0.0,9.0,0.0,0.0,0.0,0.0,0.0,0.0,0.0,0.0,0.0,0.0,10.0,0.0,0.0,10.0,0.0,0.0,0.0,0.0,0.0,0.0,0.0,0.0,0.0,0.0,0.0,0.0,"Mar 17, 2016"
2197,2503095.0,14085.0,Kerbala,Kerbala,Al-Abasiah Al-Sharkeiah,العباسيه الشرقيه,32.608633,44.033036,35.0,210.0,0.0,0.0,0.0,0.0,0.0,0.0,0.0,0.0,0.0,0.0,0.0,0.0,35.0,0.0,0.0,0.0,0.0,0.0,0.0,0.0,0.0,0.0,0.0,0.0,0.0,0.0,35.0,0.0,0.0,35.0,0.0,0.0,0.0,0.0,0.0,0.0,0.0,0.0,0.0,0.0,0.0,0.0,35.0,0.0,0.0,35.0,0.0,0.0,0.0,0.0,0.0,0.0,0.0,0.0,0.0,0.0,"Mar 17, 2016"
2198,2503096.0,14167.0,Kerbala,Kerbala,Al-Abrahmeiah (Al hafed),الابراهيمية (الحافظ),32.6601784305,44.1402887232,4.0,24.0,0.0,0.0,0.0,0.0,0.0,0.0,0.0,0.0,0.0,0.0,0.0,0.0,4.0,0.0,0.0,0.0,0.0,0.0,0.0,4.0,0.0,0.0,0.0,0.0,0.0,0.0,0.0,0.0,0.0,0.0,0.0,0.0,0.0,0.0,0.0,0.0,0.0,0.0,0.0,0.0,4.0,0.0,0.0,4.0,0.0,0.0,0.0,0.0,0.0,0.0,0.0,0.0,0.0,0.0,0.0,0.0,"Mar 17, 2016"
2199,2503097.0,14302.0,Kerbala,Kerbala,Al-Askari 13,العسكري13(العابد),32.6229669167,43.9753799,9.0,54.0,3.0,0.0,0.0,0.0,0.0,0.0,0.0,0.0,0.0,0.0,0.0,0.0,5.0,0.0,1.0,0.0,0.0,0.0,0.0,0.0,0.0,0.0,0.0,0.0,0.0,0.0,4.0,0.0,0.0,4.0,0.0,0.0,0.0,0.0,5.0,0.0,0.0,5.0,0.0,0.0,6.0,0.0,0.0,6.0,0.0,0.0,3.0,0.0,0.0,3.0,0.0,0.0,0.0,0.0,0.0,0.0,"Mar 17, 2016"
2200,2503098.0,14282.0,Kerbala,Kerbala,AL-Askeriy 16,العسكري 16   ,32.6174347753,43.9755486,20.0,120.0,13.0,0.0,0.0,0.0,0.0,1.0,0.0,0.0,0.0,0.0,0.0,0.0,6.0,0.0,0.0,0.0,0.0,0.0,0.0,0.0,0.0,0.0,0.0,0.0,0.0,0.0,20.0,0.0,0.0,20.0,0.0,0.0,0.0,0.0,0.0,0.0,0.0,0.0,12.0,0.0,8.0,12.0,0.0,8.0,0.0,0.0,0.0,0.0,0.0,0.0,0.0,0.0,0.0,0.0,0.0,0.0,"Mar 17, 2016"
2201,2503099.0,26067.0,Kerbala,Kerbala,Albo Hamed 1,البو حميد1,32.646752,44.108598,19.0,114.0,0.0,0.0,0.0,0.0,0.0,0.0,0.0,0.0,0.0,0.0,0.0,0.0,19.0,0.0,0.0,0.0,0.0,0.0,0.0,0.0,0.0,0.0,0.0,0.0,0.0,0.0,19.0,0.0,0.0,19.0,0.0,0.0,0.0,0.0,0.0,0.0,0.0,0.0,0.0,0.0,19.0,0.0,0.0,19.0,0.0,0.0,0.0,0.0,0.0,0.0,0.0,0.0,0.0,0.0,0.0,0.0,"Mar 17, 2016"
2202,2502039.0,26007.0,Kerbala,Al-Hindiya,Albo Mosa,البو موسى,32.54415,44.09416,16.0,96.0,0.0,0.0,0.0,0.0,0.0,0.0,0.0,0.0,0.0,0.0,0.0,0.0,16.0,0.0,0.0,0.0,0.0,0.0,0.0,0.0,0.0,0.0,0.0,0.0,0.0,0.0,16.0,0.0,0.0,16.0,0.0,0.0,0.0,0.0,0.0,0.0,0.0,0.0,0.0,0.0,16.0,0.0,0.0,16.0,0.0,0.0,0.0,0.0,0.0,0.0,0.0,0.0,0.0,0.0,0.0,0.0,"Mar 17, 2016"
2203,2502040.0,26000.0,Kerbala,Al-Hindiya,Albo Safn,البو سفن,32.34255,44.12015,18.0,108.0,0.0,0.0,0.0,0.0,0.0,0.0,0.0,0.0,0.0,0.0,0.0,0.0,18.0,0.0,0.0,0.0,0.0,0.0,0.0,0.0,0.0,0.0,0.0,0.0,0.0,0.0,18.0,0.0,0.0,18.0,0.0,0.0,0.0,0.0,0.0,0.0,0.0,0.0,0.0,0.0,18.0,0.0,0.0,18.0,0.0,0.0,0.0,0.0,0.0,0.0,0.0,0.0,0.0,0.0,0.0,0.0,"Mar 17, 2016"
2204,2502041.0,25996.0,Kerbala,Al-Hindiya,Albo Soof,البو سوف,32.4658889681,44.1623930405,64.0,384.0,0.0,0.0,0.0,0.0,0.0,0.0,0.0,0.0,0.0,0.0,0.0,0.0,64.0,0.0,0.0,0.0,0.0,0.0,0.0,0.0,0.0,0.0,0.0,0.0,0.0,64.0,0.0,64.0,0.0,0.0,0.0,0.0,0.0,0.0,0.0,0.0,0.0,0.0,0.0,0.0,64.0,0.0,0.0,64.0,0.0,0.0,0.0,0.0,0.0,0.0,0.0,0.0,0.0,0.0,0.0,0.0,"Mar 17, 2016"
2205,2502042.0,26002.0,Kerbala,Al-Hindiya,Albo Soof Al Gharbi,ابو سوف الغربي,32.53372,44.10777,40.0,240.0,0.0,0.0,0.0,0.0,0.0,0.0,0.0,0.0,0.0,0.0,0.0,0.0,40.0,0.0,0.0,0.0,0.0,0.0,0.0,0.0,0.0,0.0,0.0,0.0,0.0,40.0,0.0,40.0,0.0,0.0,0.0,0.0,0.0,0.0,0.0,0.0,0.0,0.0,0.0,0.0,40.0,0.0,0.0,40.0,0.0,0.0,0.0,0.0,0.0,0.0,0.0,0.0,0.0,0.0,0.0,0.0,"Mar 17, 2016"
2206,2503104.0,14287.0,Kerbala,Kerbala,Al-Bobyat-Al Wadde,البوبيات-الودي,32.6252558,44.0261152,170.0,1020.0,6.0,0.0,0.0,0.0,0.0,0.0,0.0,0.0,0.0,0.0,0.0,0.0,164.0,0.0,0.0,0.0,0.0,0.0,0.0,0.0,0.0,0.0,0.0,0.0,0.0,148.0,22.0,148.0,0.0,22.0,0.0,0.0,0.0,0.0,0.0,0.0,0.0,0.0,6.0,0.0,16.0,6.0,148.0,16.0,0.0,148.0,0.0,0.0,0.0,0.0,0.0,0.0,0.0,0.0,0.0,0.0,"Mar 17, 2016"
2207,2502043.0,25994.0,Kerbala,Al-Hindiya,Albu Zagam,البوزكم,32.482397162,44.1313557341,330.0,1980.0,0.0,0.0,0.0,0.0,0.0,0.0,0.0,0.0,0.0,0.0,0.0,0.0,330.0,0.0,0.0,0.0,0.0,0.0,0.0,0.0,0.0,8.0,0.0,0.0,8.0,322.0,0.0,322.0,0.0,0.0,0.0,0.0,0.0,0.0,0.0,0.0,0.0,0.0,0.0,0.0,330.0,0.0,0.0,330.0,0.0,0.0,0.0,0.0,0.0,0.0,0.0,0.0,0.0,0.0,0.0,0.0,"Mar 17, 2016"
2208,2502044.0,14098.0,Kerbala,Al-Hindiya,Al-Dikhaniyah Al-Sharqiyah,الدخانية الشرقية,32.58163,44.17554,21.0,126.0,0.0,0.0,0.0,0.0,0.0,0.0,0.0,0.0,0.0,0.0,0.0,0.0,21.0,0.0,0.0,0.0,0.0,0.0,0.0,0.0,0.0,0.0,0.0,0.0,0.0,0.0,21.0,0.0,0.0,21.0,0.0,0.0,0.0,0.0,0.0,0.0,0.0,0.0,0.0,0.0,21.0,0.0,0.0,21.0,0.0,0.0,0.0,0.0,0.0,0.0,0.0,0.0,0.0,0.0,0.0,0.0,"Mar 17, 2016"
2209,2502045.0,14106.0,Kerbala,Al-Hindiya,Al-Dikhaniyah Al-Wista,الدخانية الوسطى,32.5902,44.13511,27.0,162.0,0.0,0.0,0.0,0.0,0.0,0.0,0.0,0.0,0.0,0.0,0.0,0.0,27.0,0.0,0.0,0.0,0.0,0.0,0.0,0.0,0.0,0.0,0.0,0.0,0.0,0.0,27.0,0.0,0.0,27.0,0.0,0.0,0.0,0.0,0.0,0.0,0.0,0.0,0.0,0.0,27.0,0.0,0.0,27.0,0.0,0.0,0.0,0.0,0.0,0.0,0.0,0.0,0.0,0.0,0.0,0.0,"Mar 17, 2016"
2210,2503108.0,13781.0,Kerbala,Kerbala,Al-Faris,الفارس,32.565796,43.9998979,2.0,12.0,0.0,0.0,0.0,0.0,0.0,0.0,0.0,0.0,0.0,0.0,0.0,0.0,2.0,0.0,0.0,0.0,0.0,0.0,0.0,0.0,0.0,0.0,0.0,0.0,0.0,0.0,2.0,0.0,0.0,2.0,0.0,0.0,0.0,0.0,0.0,0.0,0.0,0.0,0.0,0.0,2.0,0.0,0.0,2.0,0.0,0.0,0.0,0.0,0.0,0.0,0.0,0.0,0.0,0.0,0.0,0.0,"Mar 17, 2016"
2211,2503109.0,14252.0,Kerbala,Kerbala,Al-Haswah,الحصوة,32.67845352,44.00984427,7.0,42.0,7.0,0.0,0.0,0.0,0.0,0.0,0.0,0.0,0.0,0.0,0.0,0.0,0.0,0.0,0.0,0.0,0.0,0.0,0.0,0.0,0.0,0.0,0.0,0.0,0.0,0.0,7.0,0.0,0.0,7.0,0.0,0.0,0.0,0.0,0.0,0.0,0.0,0.0,0.0,0.0,0.0,0.0,7.0,0.0,0.0,7.0,0.0,0.0,0.0,0.0,0.0,0.0,0.0,0.0,0.0,0.0,"Mar 17, 2016"
2212,2503110.0,25543.0,Kerbala,Kerbala,Al Furat 4(door al halal),الفرات 4(دور الهلال),32.61421472,43.96092957,4.0,24.0,2.0,0.0,0.0,0.0,0.0,0.0,0.0,0.0,0.0,0.0,0.0,0.0,2.0,0.0,0.0,0.0,0.0,0.0,0.0,0.0,0.0,0.0,0.0,0.0,0.0,0.0,4.0,0.0,0.0,4.0,0.0,0.0,0.0,0.0,0.0,0.0,0.0,0.0,0.0,0.0,2.0,0.0,2.0,2.0,0.0,2.0,0.0,0.0,0.0,0.0,0.0,0.0,0.0,0.0,0.0,0.0,"Mar 17, 2016"
2213,2503111.0,25060.0,Kerbala,Kerbala,Al-hurr-Al Amen 2,الامين 2,32.6431041992,43.9918203,13.0,78.0,2.0,0.0,0.0,0.0,0.0,0.0,0.0,0.0,0.0,0.0,0.0,0.0,11.0,0.0,0.0,0.0,0.0,0.0,0.0,0.0,0.0,0.0,0.0,0.0,0.0,3.0,10.0,3.0,0.0,10.0,0.0,0.0,0.0,0.0,0.0,0.0,0.0,0.0,0.0,0.0,11.0,0.0,2.0,11.0,0.0,2.0,0.0,0.0,0.0,0.0,0.0,0.0,0.0,0.0,0.0,0.0,"Mar 17, 2016"
2214,2503112.0,25783.0,Kerbala,Kerbala,Al Anwar,الانوار,32.6908448,43.917633,13.0,78.0,3.0,0.0,0.0,0.0,0.0,0.0,0.0,0.0,0.0,0.0,0.0,0.0,10.0,0.0,0.0,0.0,0.0,0.0,0.0,0.0,0.0,0.0,0.0,0.0,0.0,0.0,13.0,0.0,0.0,13.0,0.0,0.0,0.0,0.0,0.0,0.0,0.0,0.0,0.0,0.0,10.0,0.0,0.0,10.0,0.0,0.0,3.0,0.0,0.0,3.0,0.0,0.0,0.0,0.0,0.0,0.0,"Mar 17, 2016"
2215,2503113.0,25061.0,Kerbala,Kerbala,Al Hurr Al Sager,الحر الصغير,32.6524887,43.9948325,120.0,720.0,26.0,2.0,1.0,0.0,0.0,0.0,0.0,0.0,0.0,0.0,0.0,0.0,90.0,0.0,1.0,0.0,0.0,0.0,0.0,1.0,0.0,0.0,0.0,0.0,0.0,2.0,117.0,2.0,0.0,117.0,0.0,0.0,0.0,0.0,0.0,0.0,0.0,0.0,29.0,0.0,91.0,29.0,0.0,91.0,0.0,0.0,0.0,0.0,0.0,0.0,0.0,0.0,0.0,0.0,0.0,0.0,"Mar 17, 2016"
2216,2503114.0,25062.0,Kerbala,Kerbala,Hay Al Noor,حي النور,32.6497935,43.9874314,17.0,102.0,1.0,0.0,0.0,0.0,0.0,0.0,0.0,0.0,0.0,0.0,0.0,0.0,16.0,0.0,0.0,0.0,0.0,0.0,0.0,0.0,0.0,0.0,0.0,0.0,0.0,0.0,17.0,0.0,0.0,17.0,0.0,0.0,0.0,0.0,0.0,0.0,0.0,0.0,0.0,0.0,17.0,0.0,0.0,17.0,0.0,0.0,0.0,0.0,0.0,0.0,0.0,0.0,0.0,0.0,0.0,0.0,"Mar 17, 2016"
2217,2503115.0,25259.0,Kerbala,Kerbala,Sumer 2,حي سومر 2,32.647769,43.9876817,2.0,12.0,1.0,0.0,0.0,0.0,0.0,0.0,0.0,0.0,0.0,0.0,0.0,0.0,1.0,0.0,0.0,0.0,0.0,0.0,0.0,1.0,0.0,0.0,0.0,0.0,0.0,0.0,1.0,0.0,0.0,1.0,0.0,0.0,0.0,0.0,0.0,0.0,0.0,0.0,1.0,0.0,1.0,1.0,0.0,1.0,0.0,0.0,0.0,0.0,0.0,0.0,0.0,0.0,0.0,0.0,0.0,0.0,"Mar 17, 2016"
2218,2503116.0,25064.0,Kerbala,Kerbala,Al Ateshy,العطيشي,32.6736473523,44.1636764203,36.0,216.0,10.0,12.0,0.0,0.0,0.0,0.0,0.0,0.0,0.0,0.0,0.0,0.0,14.0,0.0,0.0,0.0,0.0,0.0,0.0,0.0,0.0,0.0,0.0,0.0,0.0,2.0,34.0,2.0,0.0,34.0,0.0,0.0,0.0,0.0,0.0,0.0,0.0,0.0,11.0,0.0,25.0,11.0,0.0,25.0,0.0,0.0,0.0,0.0,0.0,0.0,0.0,0.0,0.0,0.0,0.0,0.0,"Mar 17, 2016"
2219,2503117.0,14120.0,Kerbala,Kerbala,Al-hussainyh-Hay Al-Abas,الحسينية-حي العباس,32.6845317588,44.1660875514,22.0,132.0,5.0,5.0,0.0,0.0,0.0,1.0,0.0,0.0,0.0,0.0,0.0,0.0,10.0,0.0,1.0,0.0,0.0,0.0,0.0,5.0,0.0,0.0,0.0,0.0,0.0,0.0,17.0,0.0,0.0,17.0,0.0,0.0,0.0,0.0,0.0,0.0,0.0,0.0,11.0,0.0,10.0,11.0,1.0,10.0,0.0,1.0,0.0,0.0,0.0,0.0,0.0,0.0,0.0,0.0,0.0,0.0,"Mar 17, 2016"
2220,2503118.0,24140.0,Kerbala,Kerbala,Al-hussainya-hay al-hussain,الحسينية-حي الحسين,32.6789597719,44.1651664694,41.0,246.0,10.0,10.0,0.0,0.0,0.0,0.0,0.0,0.0,0.0,0.0,0.0,0.0,21.0,0.0,0.0,0.0,0.0,0.0,0.0,0.0,0.0,0.0,0.0,0.0,0.0,1.0,40.0,1.0,0.0,40.0,0.0,0.0,0.0,0.0,0.0,0.0,0.0,0.0,10.0,0.0,21.0,10.0,10.0,21.0,0.0,10.0,0.0,0.0,0.0,0.0,0.0,0.0,0.0,0.0,0.0,0.0,"Mar 17, 2016"
2221,2502046.0,14097.0,Kerbala,Al-Hindiya,Al-Jadwal Al-Ghrabi-Al Askary,العسكري,32.4943746604,44.1943415191,30.0,180.0,4.0,0.0,1.0,0.0,0.0,0.0,0.0,0.0,1.0,0.0,0.0,0.0,24.0,0.0,0.0,0.0,0.0,0.0,0.0,0.0,0.0,0.0,0.0,0.0,0.0,0.0,30.0,0.0,0.0,30.0,0.0,0.0,0.0,0.0,0.0,0.0,0.0,0.0,0.0,0.0,30.0,0.0,0.0,30.0,0.0,0.0,0.0,0.0,0.0,0.0,0.0,0.0,0.0,0.0,0.0,0.0,"Mar 17, 2016"
2222,2503121.0,25479.0,Kerbala,Kerbala,Al-kakaeiah Al-karbea,الكعكاعية الغربية,32.66158008,44.13514168,10.0,60.0,0.0,0.0,0.0,0.0,0.0,0.0,0.0,0.0,0.0,0.0,0.0,0.0,10.0,0.0,0.0,0.0,0.0,0.0,0.0,4.0,0.0,0.0,0.0,0.0,0.0,0.0,6.0,0.0,0.0,6.0,0.0,0.0,0.0,0.0,0.0,0.0,0.0,0.0,0.0,0.0,10.0,0.0,0.0,10.0,0.0,0.0,0.0,0.0,0.0,0.0,0.0,0.0,0.0,0.0,0.0,0.0,"Mar 17, 2016"
2223,2503122.0,14191.0,Kerbala,Kerbala,Al-kakaeiah Al-Sharkeiah,كعكاعية الشرقيه,32.6977041603,44.1431724189,155.0,930.0,2.0,11.0,0.0,0.0,0.0,0.0,0.0,0.0,0.0,0.0,0.0,0.0,142.0,0.0,0.0,0.0,0.0,0.0,0.0,0.0,0.0,0.0,0.0,0.0,0.0,142.0,13.0,142.0,0.0,13.0,0.0,0.0,0.0,0.0,0.0,0.0,0.0,0.0,0.0,0.0,11.0,0.0,142.0,11.0,0.0,142.0,2.0,0.0,0.0,2.0,0.0,0.0,0.0,0.0,0.0,0.0,"Mar 17, 2016"
2224,2502047.0,26009.0,Kerbala,Al-Hindiya,Al-Khayrat,الخيرات,32.3545901956,44.2387874049,1540.0,9240.0,0.0,0.0,0.0,0.0,0.0,0.0,0.0,0.0,0.0,0.0,0.0,0.0,1540.0,0.0,0.0,0.0,0.0,0.0,0.0,32.0,0.0,0.0,0.0,0.0,0.0,1508.0,0.0,1508.0,0.0,0.0,0.0,0.0,0.0,0.0,0.0,0.0,0.0,0.0,0.0,0.0,0.0,0.0,1540.0,0.0,0.0,1540.0,0.0,0.0,0.0,0.0,0.0,0.0,0.0,0.0,0.0,0.0,"Mar 17, 2016"
2225,2503124.0,14050.0,Kerbala,Kerbala,Al-muhandesein,المهندسين,32.575406,44.021672,4.0,24.0,0.0,0.0,0.0,0.0,0.0,0.0,0.0,0.0,0.0,0.0,0.0,0.0,3.0,0.0,1.0,0.0,0.0,0.0,0.0,0.0,0.0,0.0,0.0,0.0,0.0,0.0,4.0,0.0,0.0,4.0,0.0,0.0,0.0,0.0,0.0,0.0,0.0,0.0,0.0,0.0,4.0,0.0,0.0,4.0,0.0,0.0,0.0,0.0,0.0,0.0,0.0,0.0,0.0,0.0,0.0,0.0,"Mar 17, 2016"
2226,2503126.0,14286.0,Kerbala,Kerbala,Al-Rafedeen,الرافدين,32.6051463766,43.9671995,10.0,60.0,0.0,0.0,0.0,0.0,0.0,2.0,0.0,0.0,0.0,0.0,0.0,0.0,8.0,0.0,0.0,0.0,0.0,0.0,0.0,0.0,0.0,0.0,0.0,0.0,0.0,0.0,10.0,0.0,0.0,10.0,0.0,0.0,0.0,0.0,0.0,0.0,0.0,0.0,0.0,0.0,10.0,0.0,0.0,10.0,0.0,0.0,0.0,0.0,0.0,0.0,0.0,0.0,0.0,0.0,0.0,0.0,"Mar 17, 2016"
2227,2503127.0,24285.0,Kerbala,Kerbala,Al-Safiya 2,الصافية 2,32.6570236454,44.0509545,500.0,3000.0,0.0,0.0,0.0,0.0,0.0,0.0,0.0,0.0,0.0,0.0,0.0,0.0,500.0,0.0,0.0,0.0,0.0,0.0,0.0,0.0,0.0,0.0,0.0,0.0,0.0,0.0,500.0,0.0,0.0,500.0,0.0,0.0,0.0,0.0,0.0,0.0,0.0,0.0,0.0,0.0,500.0,0.0,0.0,500.0,0.0,0.0,0.0,0.0,0.0,0.0,0.0,0.0,0.0,0.0,0.0,0.0,"Mar 17, 2016"
2228,2503128.0,14212.0,Kerbala,Kerbala,Al-Shareiah,الشريعة,32.69149605,43.92905379,8.0,48.0,8.0,0.0,0.0,0.0,0.0,0.0,0.0,0.0,0.0,0.0,0.0,0.0,0.0,0.0,0.0,0.0,0.0,0.0,0.0,0.0,0.0,0.0,0.0,0.0,0.0,0.0,8.0,0.0,0.0,8.0,0.0,0.0,0.0,0.0,0.0,0.0,0.0,0.0,0.0,0.0,0.0,0.0,3.0,0.0,0.0,3.0,5.0,0.0,0.0,5.0,0.0,0.0,0.0,0.0,0.0,0.0,"Mar 17, 2016"
2229,2503129.0,14072.0,Kerbala,Kerbala,Al-Shebanat,ألشبانات ,32.59061,44.07348,8.0,48.0,0.0,0.0,0.0,0.0,0.0,0.0,0.0,0.0,0.0,0.0,0.0,0.0,8.0,0.0,0.0,0.0,0.0,0.0,0.0,0.0,0.0,0.0,0.0,0.0,0.0,0.0,8.0,0.0,0.0,8.0,0.0,0.0,0.0,0.0,0.0,0.0,0.0,0.0,0.0,0.0,8.0,0.0,0.0,8.0,0.0,0.0,0.0,0.0,0.0,0.0,0.0,0.0,0.0,0.0,0.0,0.0,"Mar 17, 2016"
2230,2503130.0,21683.0,Kerbala,Kerbala,Al-Shebanat 2,الشبانات 2,32.5965223,44.0545301,4.0,24.0,0.0,0.0,0.0,0.0,0.0,0.0,0.0,0.0,0.0,0.0,0.0,0.0,4.0,0.0,0.0,0.0,0.0,0.0,0.0,0.0,0.0,0.0,0.0,0.0,0.0,1.0,3.0,1.0,0.0,3.0,0.0,0.0,0.0,0.0,0.0,0.0,0.0,0.0,0.0,0.0,4.0,0.0,0.0,4.0,0.0,0.0,0.0,0.0,0.0,0.0,0.0,0.0,0.0,0.0,0.0,0.0,"Mar 17, 2016"
2231,2503131.0,14186.0,Kerbala,Kerbala,Al-Swadah 1,السواده 1,32.6612065,43.9865974,38.0,228.0,21.0,2.0,4.0,0.0,0.0,0.0,0.0,0.0,0.0,0.0,0.0,0.0,11.0,0.0,0.0,0.0,0.0,0.0,0.0,2.0,0.0,0.0,0.0,0.0,0.0,0.0,36.0,0.0,0.0,36.0,0.0,0.0,0.0,0.0,0.0,0.0,0.0,0.0,21.0,0.0,17.0,21.0,0.0,17.0,0.0,0.0,0.0,0.0,0.0,0.0,0.0,0.0,0.0,0.0,0.0,0.0,"Mar 17, 2016"
2232,2503132.0,21142.0,Kerbala,Kerbala,Al-Taaleb,التعليب,32.6094424463,44.0080023,8.0,48.0,6.0,0.0,0.0,0.0,0.0,0.0,0.0,0.0,0.0,0.0,0.0,0.0,2.0,0.0,0.0,0.0,0.0,0.0,0.0,0.0,0.0,0.0,0.0,0.0,0.0,0.0,8.0,0.0,0.0,8.0,0.0,0.0,0.0,0.0,0.0,0.0,0.0,0.0,6.0,0.0,2.0,6.0,0.0,2.0,0.0,0.0,0.0,0.0,0.0,0.0,0.0,0.0,0.0,0.0,0.0,0.0,"Mar 17, 2016"
2233,2503133.0,21111.0,Kerbala,Kerbala,Al-Taqa 18,الطاقه 18,32.6365141,43.9688001,7.0,42.0,4.0,0.0,0.0,0.0,0.0,0.0,0.0,0.0,3.0,0.0,0.0,0.0,0.0,0.0,0.0,0.0,0.0,0.0,0.0,0.0,0.0,0.0,0.0,0.0,0.0,0.0,7.0,0.0,0.0,7.0,0.0,0.0,0.0,0.0,0.0,0.0,0.0,0.0,0.0,0.0,3.0,0.0,0.0,3.0,0.0,0.0,4.0,0.0,0.0,4.0,0.0,0.0,0.0,0.0,0.0,0.0,"Mar 17, 2016"
2234,2503134.0,14037.0,Kerbala,Kerbala,Al-zabaylah,الزبيليه ,32.6006941572,44.1040391956,61.0,366.0,0.0,0.0,0.0,0.0,0.0,0.0,0.0,0.0,0.0,0.0,0.0,0.0,61.0,0.0,0.0,0.0,0.0,0.0,0.0,0.0,0.0,0.0,0.0,0.0,0.0,9.0,52.0,9.0,0.0,52.0,0.0,0.0,0.0,0.0,0.0,0.0,0.0,0.0,0.0,0.0,61.0,0.0,0.0,61.0,0.0,0.0,0.0,0.0,0.0,0.0,0.0,0.0,0.0,0.0,0.0,0.0,"Mar 17, 2016"
2235,2503135.0,13785.0,Kerbala,Kerbala,Al-Zahraa,حي الزهراء,32.6432198,44.0498528,59.0,354.0,0.0,0.0,0.0,0.0,0.0,0.0,0.0,0.0,0.0,0.0,0.0,0.0,59.0,0.0,0.0,0.0,0.0,0.0,0.0,0.0,0.0,0.0,0.0,0.0,0.0,25.0,34.0,25.0,0.0,34.0,0.0,0.0,0.0,0.0,0.0,0.0,0.0,0.0,0.0,0.0,59.0,0.0,0.0,59.0,0.0,0.0,0.0,0.0,0.0,0.0,0.0,0.0,0.0,0.0,0.0,0.0,"Mar 17, 2016"
2236,2503137.0,26068.0,Kerbala,Kerbala,Badat Aesha,بدعة عيشه,32.6568216843,44.0641331313,50.0,300.0,0.0,0.0,0.0,0.0,0.0,0.0,0.0,0.0,0.0,0.0,0.0,0.0,50.0,0.0,0.0,0.0,0.0,0.0,0.0,3.0,0.0,0.0,0.0,0.0,0.0,4.0,43.0,4.0,0.0,43.0,0.0,0.0,0.0,0.0,0.0,0.0,0.0,0.0,0.0,0.0,50.0,0.0,0.0,50.0,0.0,0.0,0.0,0.0,0.0,0.0,0.0,0.0,0.0,0.0,0.0,0.0,"Mar 17, 2016"
2237,2503138.0,26065.0,Kerbala,Kerbala,Badat Aswad,بدعة اسود,32.6827925145,44.0768801565,42.0,252.0,0.0,4.0,0.0,0.0,0.0,0.0,0.0,0.0,0.0,0.0,0.0,0.0,38.0,0.0,0.0,0.0,0.0,0.0,0.0,0.0,0.0,0.0,0.0,0.0,0.0,27.0,15.0,27.0,0.0,15.0,0.0,0.0,0.0,0.0,0.0,0.0,0.0,0.0,0.0,0.0,42.0,0.0,0.0,42.0,0.0,0.0,0.0,0.0,0.0,0.0,0.0,0.0,0.0,0.0,0.0,0.0,"Mar 17, 2016"
2238,2503139.0,25901.0,Kerbala,Kerbala,Badat Shareef,بدعة شريف,32.658011447,44.0645107409,15.0,90.0,0.0,11.0,0.0,0.0,0.0,0.0,0.0,0.0,0.0,0.0,0.0,0.0,4.0,0.0,0.0,0.0,0.0,0.0,0.0,11.0,0.0,0.0,0.0,0.0,0.0,0.0,4.0,0.0,0.0,4.0,0.0,0.0,0.0,0.0,0.0,0.0,0.0,0.0,0.0,0.0,15.0,0.0,0.0,15.0,0.0,0.0,0.0,0.0,0.0,0.0,0.0,0.0,0.0,0.0,0.0,0.0,"Mar 17, 2016"
2239,2503140.0,26061.0,Kerbala,Kerbala,Badat Shareef Al Gharbiyah,بدعة شريف الغربية,32.6691283001,44.0710444417,90.0,540.0,0.0,0.0,0.0,0.0,0.0,0.0,0.0,0.0,0.0,0.0,0.0,0.0,90.0,0.0,0.0,0.0,0.0,0.0,0.0,0.0,0.0,0.0,0.0,0.0,0.0,89.0,1.0,89.0,0.0,1.0,0.0,0.0,0.0,0.0,0.0,0.0,0.0,0.0,0.0,0.0,90.0,0.0,0.0,90.0,0.0,0.0,0.0,0.0,0.0,0.0,0.0,0.0,0.0,0.0,0.0,0.0,"Mar 17, 2016"
2240,2503142.0,14133.0,Kerbala,Kerbala,Basatein Bab Al-Slalmah,بساتين باب السلامة,32.6215489,44.0310981,45.0,270.0,0.0,0.0,0.0,0.0,0.0,0.0,0.0,0.0,0.0,0.0,0.0,0.0,45.0,0.0,0.0,0.0,0.0,0.0,0.0,0.0,0.0,0.0,0.0,0.0,0.0,0.0,45.0,0.0,0.0,45.0,0.0,0.0,0.0,0.0,0.0,0.0,0.0,0.0,0.0,0.0,45.0,0.0,0.0,45.0,0.0,0.0,0.0,0.0,0.0,0.0,0.0,0.0,0.0,0.0,0.0,0.0,"Mar 17, 2016"
2241,2503143.0,25850.0,Kerbala,Kerbala,Basaten Al Naqeeb,بساتين النقيب,32.6071940478,44.0201521,12.0,72.0,2.0,0.0,0.0,0.0,0.0,0.0,0.0,0.0,0.0,0.0,0.0,0.0,10.0,0.0,0.0,0.0,0.0,0.0,0.0,2.0,0.0,0.0,0.0,0.0,0.0,1.0,9.0,1.0,0.0,9.0,0.0,0.0,0.0,0.0,0.0,0.0,0.0,0.0,0.0,0.0,10.0,0.0,2.0,10.0,0.0,2.0,0.0,0.0,0.0,0.0,0.0,0.0,0.0,0.0,0.0,0.0,"Mar 17, 2016"
2242,2503144.0,13740.0,Kerbala,Kerbala,Darawish,دراويش,32.65137,44.113202,5.0,30.0,1.0,1.0,0.0,0.0,0.0,0.0,0.0,0.0,0.0,0.0,0.0,0.0,3.0,0.0,0.0,0.0,0.0,0.0,0.0,0.0,0.0,0.0,0.0,0.0,0.0,0.0,5.0,0.0,0.0,5.0,0.0,0.0,0.0,0.0,0.0,0.0,0.0,0.0,0.0,0.0,5.0,0.0,0.0,5.0,0.0,0.0,0.0,0.0,0.0,0.0,0.0,0.0,0.0,0.0,0.0,0.0,"Mar 17, 2016"
2243,2503145.0,25268.0,Kerbala,Kerbala,Door al hajar,دور الحجر,32.61073,44.0116,1.0,6.0,0.0,0.0,0.0,0.0,0.0,0.0,0.0,0.0,0.0,0.0,0.0,0.0,1.0,0.0,0.0,0.0,0.0,0.0,0.0,0.0,0.0,0.0,0.0,0.0,0.0,0.0,1.0,0.0,0.0,1.0,0.0,0.0,0.0,0.0,0.0,0.0,0.0,0.0,0.0,0.0,1.0,0.0,0.0,1.0,0.0,0.0,0.0,0.0,0.0,0.0,0.0,0.0,0.0,0.0,0.0,0.0,"Mar 17, 2016"
2244,2503146.0,26062.0,Kerbala,Kerbala,Freaha Al Maamell,فريحة المعامل,32.60684545,44.07300468,18.0,108.0,2.0,0.0,0.0,0.0,0.0,0.0,0.0,0.0,0.0,0.0,0.0,0.0,16.0,0.0,0.0,0.0,0.0,0.0,0.0,0.0,0.0,0.0,0.0,0.0,0.0,3.0,15.0,3.0,0.0,15.0,0.0,0.0,0.0,0.0,0.0,0.0,0.0,0.0,0.0,0.0,18.0,0.0,0.0,18.0,0.0,0.0,0.0,0.0,0.0,0.0,0.0,0.0,0.0,0.0,0.0,0.0,"Mar 17, 2016"
2245,2503148.0,25549.0,Kerbala,Kerbala,Haidrayat-Al Hurr,حيدريات-الحر,32.65087815,44.00834332,8.0,48.0,0.0,0.0,0.0,0.0,0.0,0.0,0.0,0.0,0.0,0.0,0.0,0.0,8.0,0.0,0.0,0.0,0.0,0.0,0.0,0.0,0.0,0.0,0.0,0.0,0.0,0.0,8.0,0.0,0.0,8.0,0.0,0.0,0.0,0.0,0.0,0.0,0.0,0.0,0.0,0.0,8.0,0.0,0.0,8.0,0.0,0.0,0.0,0.0,0.0,0.0,0.0,0.0,0.0,0.0,0.0,0.0,"Mar 17, 2016"
2246,2503149.0,26063.0,Kerbala,Kerbala,Haswat Al Sood,حصوة السعود,32.67543578,44.12639095,6.0,36.0,1.0,0.0,0.0,0.0,0.0,0.0,0.0,0.0,0.0,0.0,0.0,0.0,0.0,0.0,5.0,0.0,0.0,0.0,0.0,0.0,0.0,0.0,0.0,0.0,0.0,0.0,6.0,0.0,0.0,6.0,0.0,0.0,0.0,0.0,0.0,0.0,0.0,0.0,1.0,0.0,5.0,1.0,0.0,5.0,0.0,0.0,0.0,0.0,0.0,0.0,0.0,0.0,0.0,0.0,0.0,0.0,"Mar 17, 2016"
2247,2503150.0,22396.0,Kerbala,Kerbala,Hay Al Ameer-1,حي الامير 1,32.6115183,43.9878771,13.0,78.0,3.0,0.0,0.0,0.0,0.0,0.0,0.0,0.0,0.0,0.0,0.0,0.0,10.0,0.0,0.0,0.0,0.0,0.0,0.0,0.0,0.0,0.0,0.0,0.0,0.0,0.0,13.0,0.0,0.0,13.0,0.0,0.0,0.0,0.0,0.0,0.0,0.0,0.0,0.0,0.0,10.0,0.0,0.0,10.0,0.0,0.0,3.0,0.0,0.0,3.0,0.0,0.0,0.0,0.0,0.0,0.0,"Mar 17, 2016"
2248,2503152.0,25349.0,Kerbala,Kerbala,Hay Al Amel-4,حي العامل 4,32.622006,43.98962,10.0,60.0,6.0,0.0,0.0,0.0,0.0,0.0,0.0,0.0,0.0,0.0,0.0,0.0,4.0,0.0,0.0,0.0,0.0,0.0,0.0,0.0,0.0,0.0,0.0,0.0,0.0,0.0,10.0,0.0,0.0,10.0,0.0,0.0,0.0,0.0,0.0,0.0,0.0,0.0,6.0,0.0,4.0,6.0,0.0,4.0,0.0,0.0,0.0,0.0,0.0,0.0,0.0,0.0,0.0,0.0,0.0,0.0,"Mar 17, 2016"
2249,2503153.0,25350.0,Kerbala,Kerbala,Hay Al Amel-6,حي العامل 6,32.62509,43.99036,5.0,30.0,2.0,0.0,0.0,0.0,0.0,0.0,0.0,0.0,0.0,0.0,0.0,0.0,2.0,0.0,1.0,0.0,0.0,0.0,0.0,0.0,0.0,0.0,0.0,0.0,0.0,0.0,5.0,0.0,0.0,5.0,0.0,0.0,0.0,0.0,0.0,0.0,0.0,0.0,0.0,0.0,3.0,0.0,0.0,3.0,2.0,0.0,0.0,2.0,0.0,0.0,0.0,0.0,0.0,0.0,0.0,0.0,"Mar 17, 2016"
2250,2503154.0,25351.0,Kerbala,Kerbala,Hay Al Amel-7,حي العامل 7,32.6245171,43.9892948998,11.0,66.0,1.0,0.0,0.0,0.0,0.0,0.0,0.0,0.0,0.0,0.0,0.0,0.0,10.0,0.0,0.0,0.0,0.0,0.0,0.0,0.0,0.0,0.0,0.0,0.0,0.0,0.0,11.0,0.0,0.0,11.0,0.0,0.0,0.0,0.0,0.0,0.0,0.0,0.0,0.0,0.0,10.0,0.0,0.0,10.0,1.0,0.0,0.0,1.0,0.0,0.0,0.0,0.0,0.0,0.0,0.0,0.0,"Mar 17, 2016"
2251,2503155.0,25352.0,Kerbala,Kerbala,Hay Al Amel-8,حي العامل 8,32.62936,43.98379,1.0,6.0,1.0,0.0,0.0,0.0,0.0,0.0,0.0,0.0,0.0,0.0,0.0,0.0,0.0,0.0,0.0,0.0,0.0,0.0,0.0,0.0,0.0,0.0,0.0,0.0,0.0,0.0,1.0,0.0,0.0,1.0,0.0,0.0,0.0,0.0,0.0,0.0,0.0,0.0,1.0,0.0,0.0,1.0,0.0,0.0,0.0,0.0,0.0,0.0,0.0,0.0,0.0,0.0,0.0,0.0,0.0,0.0,"Mar 17, 2016"
2252,2503156.0,25353.0,Kerbala,Kerbala,Hay Al Amel-9,حي العامل 9,32.6293546,43.9854716,7.0,42.0,4.0,0.0,0.0,0.0,0.0,0.0,0.0,0.0,0.0,0.0,0.0,0.0,3.0,0.0,0.0,0.0,0.0,0.0,0.0,0.0,0.0,0.0,0.0,0.0,0.0,0.0,7.0,0.0,0.0,7.0,0.0,0.0,0.0,0.0,0.0,0.0,0.0,0.0,0.0,0.0,3.0,0.0,4.0,3.0,0.0,4.0,0.0,0.0,0.0,0.0,0.0,0.0,0.0,0.0,0.0,0.0,"Mar 17, 2016"
2253,2503157.0,23495.0,Kerbala,Kerbala,Hay Al Amil-5,حي العامل5,32.62262,43.98945,2.0,12.0,2.0,0.0,0.0,0.0,0.0,0.0,0.0,0.0,0.0,0.0,0.0,0.0,0.0,0.0,0.0,0.0,0.0,0.0,0.0,0.0,0.0,0.0,0.0,0.0,0.0,0.0,2.0,0.0,0.0,2.0,0.0,0.0,0.0,0.0,0.0,0.0,0.0,0.0,2.0,0.0,0.0,2.0,0.0,0.0,0.0,0.0,0.0,0.0,0.0,0.0,0.0,0.0,0.0,0.0,0.0,0.0,"Mar 17, 2016"
2254,2503158.0,23594.0,Kerbala,Kerbala,Hay Al Atebba-354,حي الاطباء-محله 354,32.581438442,44.000284725,11.0,66.0,1.0,0.0,0.0,0.0,0.0,1.0,0.0,0.0,0.0,0.0,0.0,0.0,9.0,0.0,0.0,0.0,0.0,0.0,0.0,0.0,0.0,0.0,0.0,0.0,0.0,0.0,11.0,0.0,0.0,11.0,0.0,0.0,0.0,0.0,0.0,0.0,0.0,0.0,0.0,0.0,11.0,0.0,0.0,11.0,0.0,0.0,0.0,0.0,0.0,0.0,0.0,0.0,0.0,0.0,0.0,0.0,"Mar 17, 2016"
2255,2503159.0,25063.0,Kerbala,Kerbala,Hay Al Husain,حي الحسين,32.5963090678,44.0143907683,12.0,72.0,0.0,0.0,0.0,0.0,0.0,0.0,0.0,0.0,0.0,0.0,0.0,0.0,12.0,0.0,0.0,0.0,0.0,0.0,0.0,0.0,0.0,0.0,0.0,0.0,0.0,0.0,12.0,0.0,0.0,12.0,0.0,0.0,0.0,0.0,0.0,0.0,0.0,0.0,0.0,0.0,12.0,0.0,0.0,12.0,0.0,0.0,0.0,0.0,0.0,0.0,0.0,0.0,0.0,0.0,0.0,0.0,"Mar 17, 2016"
2256,2503160.0,25266.0,Kerbala,Kerbala,Hay Al Karrar,حي الكرار,32.6201303057,44.0483781449,70.0,420.0,0.0,0.0,0.0,0.0,0.0,0.0,0.0,0.0,0.0,0.0,0.0,0.0,70.0,0.0,0.0,0.0,0.0,0.0,0.0,0.0,0.0,0.0,0.0,0.0,0.0,3.0,67.0,3.0,0.0,67.0,0.0,0.0,0.0,0.0,0.0,0.0,0.0,0.0,0.0,0.0,70.0,0.0,0.0,70.0,0.0,0.0,0.0,0.0,0.0,0.0,0.0,0.0,0.0,0.0,0.0,0.0,"Mar 17, 2016"
2257,2503162.0,22716.0,Kerbala,Kerbala,Hay Al Mujtaba,حي المجتبى,32.63719792,43.99174523,11.0,66.0,1.0,0.0,0.0,0.0,0.0,0.0,0.0,0.0,0.0,0.0,0.0,0.0,10.0,0.0,0.0,0.0,0.0,0.0,0.0,1.0,0.0,0.0,0.0,0.0,0.0,0.0,10.0,0.0,0.0,10.0,0.0,0.0,0.0,0.0,0.0,0.0,0.0,0.0,0.0,0.0,10.0,0.0,0.0,10.0,0.0,0.0,1.0,0.0,0.0,1.0,0.0,0.0,0.0,0.0,0.0,0.0,"Mar 17, 2016"
2258,2503163.0,25888.0,Kerbala,Kerbala,Hay Al Nidhal 1,حي النضال1,32.60316,43.980155,8.0,48.0,4.0,0.0,0.0,0.0,0.0,0.0,0.0,0.0,1.0,0.0,0.0,0.0,2.0,0.0,1.0,0.0,0.0,0.0,0.0,0.0,0.0,0.0,0.0,0.0,0.0,0.0,8.0,0.0,0.0,8.0,0.0,0.0,0.0,0.0,0.0,0.0,0.0,0.0,0.0,0.0,4.0,0.0,0.0,4.0,0.0,0.0,4.0,0.0,0.0,4.0,0.0,0.0,0.0,0.0,0.0,0.0,"Mar 17, 2016"
2259,2503164.0,25889.0,Kerbala,Kerbala,Hay Al Nidhal 2,حي النضال2,32.60091731,43.97582078,5.0,30.0,0.0,0.0,0.0,0.0,0.0,0.0,0.0,0.0,0.0,0.0,0.0,0.0,5.0,0.0,0.0,0.0,0.0,0.0,0.0,0.0,0.0,0.0,0.0,0.0,0.0,0.0,5.0,0.0,0.0,5.0,0.0,0.0,0.0,0.0,0.0,0.0,0.0,0.0,0.0,0.0,5.0,0.0,0.0,5.0,0.0,0.0,0.0,0.0,0.0,0.0,0.0,0.0,0.0,0.0,0.0,0.0,"Mar 17, 2016"
2260,2503165.0,25267.0,Kerbala,Kerbala,Hay Al Rada,حي الرضا,32.61094,44.045818,37.0,222.0,7.0,0.0,0.0,0.0,0.0,0.0,0.0,0.0,0.0,0.0,0.0,0.0,30.0,0.0,0.0,0.0,0.0,0.0,0.0,0.0,0.0,0.0,0.0,0.0,0.0,5.0,32.0,5.0,0.0,32.0,0.0,0.0,0.0,0.0,0.0,0.0,0.0,0.0,0.0,0.0,32.0,0.0,0.0,32.0,0.0,0.0,5.0,0.0,0.0,5.0,0.0,0.0,0.0,0.0,0.0,0.0,"Mar 17, 2016"
2261,2503166.0,21587.0,Kerbala,Kerbala,Al-hussainya-Hay Al Rasool,الحسينيه-حي الرسول,32.6796086164,44.1639425101,125.0,750.0,35.0,58.0,1.0,0.0,0.0,0.0,0.0,0.0,0.0,0.0,0.0,0.0,31.0,0.0,0.0,0.0,0.0,0.0,0.0,0.0,0.0,0.0,0.0,0.0,0.0,0.0,125.0,0.0,0.0,125.0,0.0,0.0,0.0,0.0,0.0,0.0,0.0,0.0,0.0,0.0,115.0,0.0,0.0,115.0,7.0,0.0,3.0,7.0,0.0,3.0,0.0,0.0,0.0,0.0,0.0,0.0,"Mar 17, 2016"
2262,2503167.0,25261.0,Kerbala,Kerbala,Hay Al Shorta,حي الشرطة,32.60106,44.04534,1.0,6.0,0.0,0.0,0.0,0.0,0.0,0.0,0.0,0.0,0.0,0.0,0.0,0.0,1.0,0.0,0.0,0.0,0.0,0.0,0.0,0.0,0.0,0.0,0.0,0.0,0.0,0.0,1.0,0.0,0.0,1.0,0.0,0.0,0.0,0.0,0.0,0.0,0.0,0.0,0.0,0.0,1.0,0.0,0.0,1.0,0.0,0.0,0.0,0.0,0.0,0.0,0.0,0.0,0.0,0.0,0.0,0.0,"Mar 17, 2016"
2263,2503168.0,21682.0,Kerbala,Kerbala,Al-hussainya-Hay Al Zahraa,الحسينيه-حي الزهراء,32.6840366588,44.1667964427,95.0,570.0,14.0,60.0,0.0,0.0,0.0,0.0,0.0,0.0,0.0,0.0,0.0,0.0,21.0,0.0,0.0,0.0,0.0,0.0,0.0,0.0,9.0,0.0,0.0,0.0,0.0,0.0,86.0,0.0,0.0,86.0,0.0,0.0,0.0,0.0,0.0,0.0,0.0,0.0,66.0,0.0,21.0,66.0,0.0,21.0,0.0,0.0,8.0,0.0,0.0,8.0,0.0,0.0,0.0,0.0,0.0,0.0,"Mar 17, 2016"
2264,2503169.0,14093.0,Kerbala,Kerbala,Al-Abbasya al-gharbya,العباسية الغربية,32.609985,44.031112,47.0,282.0,1.0,0.0,0.0,0.0,0.0,0.0,0.0,0.0,0.0,0.0,0.0,0.0,44.0,0.0,2.0,0.0,0.0,0.0,0.0,0.0,0.0,0.0,0.0,0.0,0.0,0.0,47.0,0.0,0.0,47.0,0.0,0.0,0.0,0.0,0.0,0.0,0.0,0.0,1.0,0.0,46.0,1.0,0.0,46.0,0.0,0.0,0.0,0.0,0.0,0.0,0.0,0.0,0.0,0.0,0.0,0.0,"Mar 17, 2016"
2265,2503170.0,14134.0,Kerbala,Kerbala,Hay Al-Abbas,حي العباس,32.6370344,44.0476716,60.0,360.0,1.0,0.0,0.0,0.0,0.0,0.0,0.0,0.0,0.0,0.0,0.0,0.0,49.0,0.0,10.0,0.0,0.0,0.0,0.0,0.0,0.0,0.0,0.0,0.0,0.0,0.0,60.0,0.0,0.0,60.0,0.0,0.0,0.0,0.0,0.0,0.0,0.0,0.0,1.0,0.0,31.0,1.0,28.0,31.0,0.0,28.0,0.0,0.0,0.0,0.0,0.0,0.0,0.0,0.0,0.0,0.0,"Mar 17, 2016"
2266,2503171.0,14138.0,Kerbala,Kerbala,Hay al-amein al-dakheily,الامن الداخلي,32.6128189116,43.9743075,11.0,66.0,6.0,0.0,0.0,0.0,0.0,0.0,0.0,0.0,3.0,0.0,0.0,0.0,2.0,0.0,0.0,0.0,0.0,0.0,0.0,0.0,0.0,0.0,0.0,0.0,0.0,0.0,11.0,0.0,0.0,11.0,0.0,0.0,0.0,0.0,0.0,0.0,0.0,0.0,0.0,0.0,5.0,0.0,0.0,5.0,0.0,0.0,6.0,0.0,0.0,6.0,0.0,0.0,0.0,0.0,0.0,0.0,"Mar 17, 2016"
2267,2503172.0,14104.0,Kerbala,Kerbala,Hay al-Amel-1,حي العامل 1,32.61099,43.99699,17.0,102.0,0.0,0.0,0.0,0.0,0.0,0.0,0.0,0.0,0.0,0.0,0.0,0.0,17.0,0.0,0.0,0.0,0.0,0.0,0.0,0.0,0.0,0.0,0.0,0.0,0.0,0.0,17.0,0.0,0.0,17.0,0.0,0.0,0.0,0.0,0.0,0.0,0.0,0.0,0.0,0.0,17.0,0.0,0.0,17.0,0.0,0.0,0.0,0.0,0.0,0.0,0.0,0.0,0.0,0.0,0.0,0.0,"Mar 17, 2016"
2268,2503173.0,14060.0,Kerbala,Kerbala,Hay al-askan,حي الاسكان,32.59151,44.02167,13.0,78.0,0.0,0.0,0.0,0.0,0.0,0.0,0.0,0.0,1.0,0.0,0.0,0.0,11.0,0.0,1.0,0.0,0.0,0.0,0.0,1.0,0.0,0.0,0.0,0.0,0.0,0.0,12.0,0.0,0.0,12.0,0.0,0.0,0.0,0.0,0.0,0.0,0.0,0.0,0.0,0.0,10.0,0.0,3.0,10.0,0.0,3.0,0.0,0.0,0.0,0.0,0.0,0.0,0.0,0.0,0.0,0.0,"Mar 17, 2016"
2269,2503175.0,14073.0,Kerbala,Kerbala,Hay al-baldya,البلديه,32.6045,44.02955,35.0,210.0,0.0,0.0,0.0,0.0,0.0,0.0,0.0,0.0,0.0,0.0,0.0,0.0,35.0,0.0,0.0,0.0,0.0,0.0,0.0,0.0,0.0,0.0,0.0,0.0,0.0,0.0,35.0,0.0,0.0,35.0,0.0,0.0,0.0,0.0,0.0,0.0,0.0,0.0,0.0,0.0,35.0,0.0,0.0,35.0,0.0,0.0,0.0,0.0,0.0,0.0,0.0,0.0,0.0,0.0,0.0,0.0,"Mar 17, 2016"
2270,2503176.0,24138.0,Kerbala,Kerbala,Hay Al-Ghadeer,حي الغدير,32.6039675,43.9950197,7.0,42.0,0.0,0.0,0.0,0.0,0.0,0.0,0.0,0.0,0.0,0.0,0.0,0.0,7.0,0.0,0.0,0.0,0.0,0.0,0.0,0.0,0.0,0.0,0.0,0.0,0.0,0.0,7.0,0.0,0.0,7.0,0.0,0.0,0.0,0.0,0.0,0.0,0.0,0.0,0.0,0.0,7.0,0.0,0.0,7.0,0.0,0.0,0.0,0.0,0.0,0.0,0.0,0.0,0.0,0.0,0.0,0.0,"Mar 17, 2016"
2271,2503177.0,25344.0,Kerbala,Kerbala,Hay Al-Ghadeer 4,حي الغدير4,32.6047793,43.9878141672,12.0,72.0,0.0,0.0,0.0,0.0,0.0,0.0,0.0,0.0,0.0,0.0,0.0,0.0,11.0,0.0,1.0,0.0,0.0,0.0,0.0,0.0,0.0,0.0,0.0,0.0,0.0,0.0,12.0,0.0,0.0,12.0,0.0,0.0,0.0,0.0,0.0,0.0,0.0,0.0,0.0,0.0,11.0,0.0,1.0,11.0,0.0,1.0,0.0,0.0,0.0,0.0,0.0,0.0,0.0,0.0,0.0,0.0,"Mar 17, 2016"
2272,2503178.0,25345.0,Kerbala,Kerbala,Hay Al-Ghadeer 5,حي الغدير 5,32.6072893,43.9878097272,9.0,54.0,0.0,0.0,1.0,0.0,0.0,0.0,0.0,0.0,3.0,0.0,0.0,0.0,3.0,0.0,2.0,0.0,0.0,0.0,0.0,0.0,0.0,0.0,0.0,0.0,0.0,0.0,9.0,0.0,0.0,9.0,0.0,0.0,0.0,0.0,0.0,0.0,0.0,0.0,2.0,0.0,3.0,2.0,4.0,3.0,0.0,4.0,0.0,0.0,0.0,0.0,0.0,0.0,0.0,0.0,0.0,0.0,"Mar 17, 2016"
2273,2503180.0,25347.0,Kerbala,Kerbala,Hay Al-Ghadeer 7,حي الغدير 7,32.60422,43.98239,6.0,36.0,1.0,0.0,0.0,0.0,0.0,0.0,0.0,0.0,0.0,0.0,0.0,0.0,5.0,0.0,0.0,0.0,0.0,0.0,0.0,0.0,0.0,0.0,0.0,0.0,0.0,0.0,6.0,0.0,0.0,6.0,0.0,0.0,0.0,0.0,0.0,0.0,0.0,0.0,1.0,0.0,5.0,1.0,0.0,5.0,0.0,0.0,0.0,0.0,0.0,0.0,0.0,0.0,0.0,0.0,0.0,0.0,"Mar 17, 2016"
2274,2503181.0,25348.0,Kerbala,Kerbala,Hay Al-Ghadeer 8,حي الغدير 8,32.610732,43.9901,6.0,36.0,2.0,0.0,0.0,0.0,0.0,0.0,0.0,0.0,0.0,0.0,0.0,0.0,4.0,0.0,0.0,0.0,0.0,0.0,0.0,0.0,0.0,0.0,0.0,0.0,0.0,0.0,6.0,0.0,0.0,6.0,0.0,0.0,0.0,0.0,0.0,0.0,0.0,0.0,2.0,0.0,4.0,2.0,0.0,4.0,0.0,0.0,0.0,0.0,0.0,0.0,0.0,0.0,0.0,0.0,0.0,0.0,"Mar 17, 2016"
2275,2503182.0,13988.0,Kerbala,Kerbala,Hay al-milad,حي الميلاد,32.55971,44.02838,10.0,60.0,0.0,0.0,0.0,0.0,0.0,0.0,0.0,0.0,0.0,0.0,0.0,0.0,10.0,0.0,0.0,0.0,0.0,0.0,0.0,0.0,0.0,0.0,0.0,0.0,0.0,1.0,9.0,1.0,0.0,9.0,0.0,0.0,0.0,0.0,0.0,0.0,0.0,0.0,0.0,0.0,10.0,0.0,0.0,10.0,0.0,0.0,0.0,0.0,0.0,0.0,0.0,0.0,0.0,0.0,0.0,0.0,"Mar 17, 2016"
2276,2503183.0,25554.0,Kerbala,Kerbala,Hay Almohandsen Alzerain 24,حي المهندسين الزراعين 24,32.62459607,43.96437343,3.0,18.0,1.0,0.0,0.0,0.0,0.0,0.0,0.0,0.0,0.0,0.0,0.0,0.0,2.0,0.0,0.0,0.0,0.0,0.0,0.0,0.0,0.0,0.0,0.0,0.0,0.0,0.0,3.0,0.0,0.0,3.0,0.0,0.0,0.0,0.0,0.0,0.0,0.0,0.0,0.0,0.0,2.0,0.0,1.0,2.0,0.0,1.0,0.0,0.0,0.0,0.0,0.0,0.0,0.0,0.0,0.0,0.0,"Mar 17, 2016"
2277,2503184.0,14077.0,Kerbala,Kerbala,Hay al-muadhafein,حي الموظفين,32.60366,44.011605,9.0,54.0,2.0,0.0,0.0,0.0,0.0,0.0,0.0,0.0,0.0,0.0,0.0,0.0,7.0,0.0,0.0,0.0,0.0,0.0,0.0,0.0,0.0,0.0,0.0,0.0,0.0,4.0,5.0,4.0,0.0,5.0,0.0,0.0,0.0,0.0,0.0,0.0,0.0,0.0,1.0,0.0,8.0,1.0,0.0,8.0,0.0,0.0,0.0,0.0,0.0,0.0,0.0,0.0,0.0,0.0,0.0,0.0,"Mar 17, 2016"
2278,2503185.0,14099.0,Kerbala,Kerbala,Hay al-mualmein,حي المعلمين,32.614955,44.00396,7.0,42.0,1.0,0.0,0.0,0.0,0.0,0.0,0.0,0.0,0.0,0.0,0.0,0.0,6.0,0.0,0.0,0.0,0.0,0.0,0.0,0.0,0.0,0.0,0.0,0.0,0.0,2.0,5.0,2.0,0.0,5.0,0.0,0.0,0.0,0.0,0.0,0.0,0.0,0.0,0.0,0.0,7.0,0.0,0.0,7.0,0.0,0.0,0.0,0.0,0.0,0.0,0.0,0.0,0.0,0.0,0.0,0.0,"Mar 17, 2016"
2279,2503186.0,14013.0,Kerbala,Kerbala,Hay al-muhandseen al-zeraeien,حي المهندسين الزراعين,32.65361598,43.98380738,2.0,12.0,2.0,0.0,0.0,0.0,0.0,0.0,0.0,0.0,0.0,0.0,0.0,0.0,0.0,0.0,0.0,0.0,0.0,0.0,0.0,0.0,0.0,0.0,0.0,0.0,0.0,0.0,2.0,0.0,0.0,2.0,0.0,0.0,0.0,0.0,0.0,0.0,0.0,0.0,0.0,0.0,2.0,0.0,0.0,2.0,0.0,0.0,0.0,0.0,0.0,0.0,0.0,0.0,0.0,0.0,0.0,0.0,"Mar 17, 2016"
2280,2503187.0,14018.0,Kerbala,Kerbala,Hay Al-Naser,حي النصر ,32.5777732836,44.0022594,41.0,246.0,0.0,0.0,0.0,0.0,0.0,0.0,0.0,0.0,0.0,0.0,0.0,0.0,41.0,0.0,0.0,0.0,0.0,0.0,0.0,0.0,0.0,0.0,0.0,0.0,0.0,0.0,41.0,0.0,0.0,41.0,0.0,0.0,0.0,0.0,0.0,0.0,0.0,0.0,0.0,0.0,41.0,0.0,0.0,41.0,0.0,0.0,0.0,0.0,0.0,0.0,0.0,0.0,0.0,0.0,0.0,0.0,"Mar 17, 2016"
2281,2503189.0,14273.0,Kerbala,Kerbala,Hay Al-Rasool,حي الرسول,32.5753973416,44.0163881,32.0,192.0,0.0,0.0,0.0,0.0,0.0,0.0,0.0,0.0,0.0,0.0,0.0,0.0,32.0,0.0,0.0,0.0,0.0,0.0,0.0,0.0,0.0,0.0,0.0,0.0,0.0,0.0,28.0,0.0,0.0,28.0,0.0,0.0,0.0,0.0,4.0,0.0,0.0,4.0,0.0,0.0,32.0,0.0,0.0,32.0,0.0,0.0,0.0,0.0,0.0,0.0,0.0,0.0,0.0,0.0,0.0,0.0,"Mar 17, 2016"
2282,2503190.0,14004.0,Kerbala,Kerbala,Hay al-resalah,حي الرساله,32.56581,44.01556,20.0,120.0,2.0,0.0,0.0,0.0,0.0,4.0,0.0,0.0,0.0,0.0,0.0,0.0,13.0,0.0,1.0,0.0,0.0,0.0,0.0,0.0,0.0,0.0,0.0,0.0,0.0,0.0,20.0,0.0,0.0,20.0,0.0,0.0,0.0,0.0,0.0,0.0,0.0,0.0,3.0,0.0,13.0,3.0,4.0,13.0,0.0,4.0,0.0,0.0,0.0,0.0,0.0,0.0,0.0,0.0,0.0,0.0,"Mar 17, 2016"
2283,2503192.0,14079.0,Kerbala,Kerbala,Hay al-sahah,العنك,32.64783736,44.00303372,8.0,48.0,3.0,0.0,3.0,0.0,0.0,0.0,0.0,0.0,0.0,0.0,0.0,0.0,2.0,0.0,0.0,0.0,0.0,0.0,0.0,0.0,0.0,0.0,0.0,0.0,0.0,0.0,8.0,0.0,0.0,8.0,0.0,0.0,0.0,0.0,0.0,0.0,0.0,0.0,0.0,0.0,2.0,0.0,5.0,2.0,0.0,5.0,1.0,0.0,0.0,1.0,0.0,0.0,0.0,0.0,0.0,0.0,"Mar 17, 2016"
2284,2503195.0,14023.0,Kerbala,Kerbala,al-taawen,التعاون,32.5812779,44.0191467,6.0,36.0,1.0,0.0,0.0,0.0,0.0,0.0,0.0,0.0,0.0,0.0,0.0,0.0,5.0,0.0,0.0,0.0,0.0,0.0,0.0,0.0,0.0,0.0,0.0,0.0,0.0,0.0,6.0,0.0,0.0,6.0,0.0,0.0,0.0,0.0,0.0,0.0,0.0,0.0,1.0,0.0,5.0,1.0,0.0,5.0,0.0,0.0,0.0,0.0,0.0,0.0,0.0,0.0,0.0,0.0,0.0,0.0,"Mar 17, 2016"
2285,2503196.0,14067.0,Kerbala,Kerbala,Hay al-tahady,حي التحدي,32.5979946658,44.0049484,9.0,54.0,0.0,0.0,0.0,0.0,0.0,0.0,0.0,0.0,0.0,0.0,0.0,0.0,9.0,0.0,0.0,0.0,0.0,0.0,0.0,0.0,0.0,0.0,0.0,0.0,0.0,0.0,9.0,0.0,0.0,9.0,0.0,0.0,0.0,0.0,0.0,0.0,0.0,0.0,0.0,0.0,9.0,0.0,0.0,9.0,0.0,0.0,0.0,0.0,0.0,0.0,0.0,0.0,0.0,0.0,0.0,0.0,"Mar 17, 2016"
2286,2503197.0,14043.0,Kerbala,Kerbala,Hay al-Usrah,حي الاسرة,32.58306,44.03713,13.0,78.0,0.0,0.0,0.0,0.0,0.0,0.0,0.0,0.0,0.0,0.0,0.0,0.0,13.0,0.0,0.0,0.0,0.0,0.0,0.0,0.0,0.0,0.0,0.0,0.0,0.0,0.0,13.0,0.0,0.0,13.0,0.0,0.0,0.0,0.0,0.0,0.0,0.0,0.0,0.0,0.0,13.0,0.0,0.0,13.0,0.0,0.0,0.0,0.0,0.0,0.0,0.0,0.0,0.0,0.0,0.0,0.0,"Mar 17, 2016"
2287,2503198.0,14005.0,Kerbala,Kerbala,Hay Al-Wafaa-333,حي الوفاء-محله 333,32.5672019713,44.0269374,68.0,408.0,27.0,0.0,0.0,0.0,0.0,3.0,0.0,0.0,4.0,0.0,0.0,0.0,30.0,0.0,4.0,0.0,0.0,0.0,0.0,0.0,0.0,0.0,0.0,0.0,0.0,0.0,68.0,0.0,0.0,68.0,0.0,0.0,0.0,0.0,0.0,0.0,0.0,0.0,0.0,0.0,41.0,0.0,0.0,41.0,17.0,0.0,10.0,17.0,0.0,10.0,0.0,0.0,0.0,0.0,0.0,0.0,"Mar 17, 2016"
2288,2503199.0,25272.0,Kerbala,Kerbala,Hay El Al Iman-3,حي الايمان 3,32.5890353825,44.0130968312,16.0,96.0,0.0,0.0,0.0,0.0,0.0,0.0,0.0,0.0,0.0,0.0,0.0,0.0,16.0,0.0,0.0,0.0,0.0,0.0,0.0,0.0,0.0,0.0,0.0,0.0,0.0,13.0,3.0,13.0,0.0,3.0,0.0,0.0,0.0,0.0,0.0,0.0,0.0,0.0,0.0,0.0,16.0,0.0,0.0,16.0,0.0,0.0,0.0,0.0,0.0,0.0,0.0,0.0,0.0,0.0,0.0,0.0,"Mar 17, 2016"
2289,2503200.0,14274.0,Kerbala,Kerbala,Hay Ramadan,حي رمضان,32.60744,44.01328,9.0,54.0,0.0,0.0,0.0,0.0,0.0,0.0,0.0,0.0,0.0,0.0,0.0,0.0,9.0,0.0,0.0,0.0,0.0,0.0,0.0,0.0,0.0,0.0,0.0,0.0,0.0,2.0,7.0,2.0,0.0,7.0,0.0,0.0,0.0,0.0,0.0,0.0,0.0,0.0,0.0,0.0,9.0,0.0,0.0,9.0,0.0,0.0,0.0,0.0,0.0,0.0,0.0,0.0,0.0,0.0,0.0,0.0,"Mar 17, 2016"
2290,2503201.0,14272.0,Kerbala,Kerbala,Hay Ramadan 2,حي رمضان 2,32.60393,44.0133,10.0,60.0,1.0,0.0,0.0,0.0,0.0,1.0,0.0,0.0,0.0,0.0,0.0,0.0,8.0,0.0,0.0,0.0,0.0,0.0,0.0,0.0,0.0,0.0,0.0,0.0,0.0,0.0,10.0,0.0,0.0,10.0,0.0,0.0,0.0,0.0,0.0,0.0,0.0,0.0,1.0,0.0,9.0,1.0,0.0,9.0,0.0,0.0,0.0,0.0,0.0,0.0,0.0,0.0,0.0,0.0,0.0,0.0,"Mar 17, 2016"
2291,2503203.0,25263.0,Kerbala,Kerbala,Kantraat Al Salam,كنطرة السلام,32.6045284,44.0616160896,212.0,1272.0,10.0,0.0,0.0,0.0,0.0,5.0,0.0,0.0,0.0,0.0,0.0,0.0,185.0,0.0,12.0,0.0,0.0,0.0,0.0,0.0,0.0,3.0,0.0,0.0,3.0,137.0,70.0,137.0,0.0,70.0,0.0,0.0,0.0,0.0,2.0,0.0,0.0,2.0,10.0,0.0,185.0,10.0,17.0,185.0,0.0,17.0,0.0,0.0,0.0,0.0,0.0,0.0,0.0,0.0,0.0,0.0,"Mar 17, 2016"
2292,2503205.0,25847.0,Kerbala,Kerbala,Kerbala1,كربلاء 1,32.6001445,44.046995,22.0,132.0,0.0,0.0,0.0,0.0,0.0,0.0,0.0,0.0,0.0,0.0,0.0,0.0,22.0,0.0,0.0,0.0,0.0,0.0,0.0,0.0,0.0,0.0,0.0,0.0,0.0,14.0,8.0,14.0,0.0,8.0,0.0,0.0,0.0,0.0,0.0,0.0,0.0,0.0,0.0,0.0,22.0,0.0,0.0,22.0,0.0,0.0,0.0,0.0,0.0,0.0,0.0,0.0,0.0,0.0,0.0,0.0,"Mar 17, 2016"
2293,2503206.0,25782.0,Kerbala,Kerbala,Al thawra 2,الثورة2,32.6341112161,43.9918512963,25.0,150.0,15.0,0.0,0.0,0.0,0.0,2.0,0.0,0.0,0.0,0.0,0.0,0.0,8.0,0.0,0.0,0.0,0.0,0.0,0.0,0.0,0.0,0.0,0.0,0.0,0.0,0.0,25.0,0.0,0.0,25.0,0.0,0.0,0.0,0.0,0.0,0.0,0.0,0.0,6.0,0.0,10.0,6.0,0.0,10.0,0.0,0.0,9.0,0.0,0.0,9.0,0.0,0.0,0.0,0.0,0.0,0.0,"Mar 17, 2016"
2294,2503207.0,25781.0,Kerbala,Kerbala,Al thawra-1,الثورة1,32.6296408218,43.9940460905,6.0,36.0,6.0,0.0,0.0,0.0,0.0,0.0,0.0,0.0,0.0,0.0,0.0,0.0,0.0,0.0,0.0,0.0,0.0,0.0,0.0,0.0,0.0,0.0,0.0,0.0,0.0,0.0,6.0,0.0,0.0,6.0,0.0,0.0,0.0,0.0,0.0,0.0,0.0,0.0,0.0,0.0,0.0,0.0,0.0,0.0,0.0,0.0,6.0,0.0,0.0,6.0,0.0,0.0,0.0,0.0,0.0,0.0,"Mar 17, 2016"
2295,2503208.0,14319.0,Kerbala,Kerbala,Al-Mulhak,الملحق,32.5861447731,44.0355004041,4.0,24.0,0.0,0.0,0.0,0.0,0.0,0.0,0.0,0.0,0.0,0.0,0.0,0.0,4.0,0.0,0.0,0.0,0.0,0.0,0.0,0.0,0.0,0.0,0.0,0.0,0.0,0.0,4.0,0.0,0.0,4.0,0.0,0.0,0.0,0.0,0.0,0.0,0.0,0.0,0.0,0.0,4.0,0.0,0.0,4.0,0.0,0.0,0.0,0.0,0.0,0.0,0.0,0.0,0.0,0.0,0.0,0.0,"Mar 17, 2016"
2296,2503209.0,25780.0,Kerbala,Kerbala,Hay Al-Naser14,حي النصر14,32.5771676,44.0058704946,10.0,60.0,0.0,0.0,0.0,0.0,0.0,0.0,0.0,0.0,0.0,0.0,0.0,0.0,9.0,0.0,1.0,0.0,0.0,0.0,0.0,0.0,0.0,0.0,0.0,0.0,0.0,0.0,10.0,0.0,0.0,10.0,0.0,0.0,0.0,0.0,0.0,0.0,0.0,0.0,0.0,0.0,10.0,0.0,0.0,10.0,0.0,0.0,0.0,0.0,0.0,0.0,0.0,0.0,0.0,0.0,0.0,0.0,"Mar 17, 2016"
2297,2503210.0,25854.0,Kerbala,Kerbala,Khair Al-den Al Janouby,خير الدين الجنوبي,32.654209,44.118456,13.0,78.0,7.0,0.0,0.0,0.0,0.0,1.0,0.0,0.0,0.0,0.0,0.0,0.0,5.0,0.0,0.0,0.0,0.0,0.0,0.0,2.0,0.0,0.0,0.0,0.0,0.0,5.0,6.0,5.0,0.0,6.0,0.0,0.0,0.0,0.0,0.0,0.0,0.0,0.0,5.0,0.0,5.0,5.0,0.0,5.0,0.0,0.0,3.0,0.0,0.0,3.0,0.0,0.0,0.0,0.0,0.0,0.0,"Mar 17, 2016"
2298,2503211.0,25853.0,Kerbala,Kerbala,Khair Al-den Al Shamaly,خير الدين الشمالي,32.65824401,44.12630545,2.0,12.0,0.0,0.0,0.0,0.0,0.0,0.0,0.0,0.0,0.0,0.0,0.0,0.0,2.0,0.0,0.0,0.0,0.0,0.0,0.0,0.0,0.0,0.0,0.0,0.0,0.0,2.0,0.0,2.0,0.0,0.0,0.0,0.0,0.0,0.0,0.0,0.0,0.0,0.0,0.0,0.0,2.0,0.0,0.0,2.0,0.0,0.0,0.0,0.0,0.0,0.0,0.0,0.0,0.0,0.0,0.0,0.0,"Mar 17, 2016"
2299,2503212.0,14102.0,Kerbala,Kerbala,Mahlat al-mukheim,المخيم,32.614148,44.03073,113.0,678.0,0.0,0.0,0.0,0.0,0.0,0.0,0.0,0.0,0.0,0.0,0.0,0.0,113.0,0.0,0.0,0.0,0.0,0.0,0.0,50.0,0.0,0.0,0.0,0.0,0.0,0.0,63.0,0.0,0.0,63.0,0.0,0.0,0.0,0.0,0.0,0.0,0.0,0.0,0.0,0.0,113.0,0.0,0.0,113.0,0.0,0.0,0.0,0.0,0.0,0.0,0.0,0.0,0.0,0.0,0.0,0.0,"Mar 17, 2016"
2300,2503213.0,14121.0,Kerbala,Kerbala,Mahlat bab al-khan,محلة باب الخان,32.61721,44.04011,96.0,576.0,1.0,0.0,0.0,0.0,0.0,0.0,0.0,0.0,0.0,0.0,0.0,0.0,95.0,0.0,0.0,0.0,0.0,0.0,0.0,0.0,0.0,0.0,0.0,0.0,0.0,0.0,96.0,0.0,0.0,96.0,0.0,0.0,0.0,0.0,0.0,0.0,0.0,0.0,1.0,0.0,95.0,1.0,0.0,95.0,0.0,0.0,0.0,0.0,0.0,0.0,0.0,0.0,0.0,0.0,0.0,0.0,"Mar 17, 2016"
2301,2503214.0,14114.0,Kerbala,Kerbala,Mahlat bab al-taak,باب الطاق,32.617776,44.031277,42.0,252.0,0.0,0.0,0.0,0.0,0.0,0.0,0.0,0.0,0.0,0.0,0.0,0.0,42.0,0.0,0.0,0.0,0.0,0.0,0.0,0.0,0.0,0.0,0.0,0.0,0.0,0.0,42.0,0.0,0.0,42.0,0.0,0.0,0.0,0.0,0.0,0.0,0.0,0.0,0.0,0.0,42.0,0.0,0.0,42.0,0.0,0.0,0.0,0.0,0.0,0.0,0.0,0.0,0.0,0.0,0.0,0.0,"Mar 17, 2016"
2302,2503215.0,14117.0,Kerbala,Kerbala,Mahlat bab baghdad,باب بغداد ,32.61867,44.03655,13.0,78.0,0.0,0.0,0.0,0.0,0.0,0.0,0.0,0.0,0.0,0.0,0.0,0.0,13.0,0.0,0.0,0.0,0.0,0.0,0.0,1.0,0.0,0.0,0.0,0.0,0.0,0.0,12.0,0.0,0.0,12.0,0.0,0.0,0.0,0.0,0.0,0.0,0.0,0.0,0.0,0.0,13.0,0.0,0.0,13.0,0.0,0.0,0.0,0.0,0.0,0.0,0.0,0.0,0.0,0.0,0.0,0.0,"Mar 17, 2016"
2303,2502048.0,25997.0,Kerbala,Al-Hindiya,Mahoor Karbala-Hindiya,محور كربلاء هندية,32.54216,44.21385,22.0,132.0,0.0,0.0,0.0,0.0,0.0,0.0,0.0,0.0,0.0,0.0,0.0,0.0,22.0,0.0,0.0,0.0,0.0,0.0,0.0,0.0,0.0,0.0,0.0,0.0,0.0,0.0,22.0,0.0,0.0,22.0,0.0,0.0,0.0,0.0,0.0,0.0,0.0,0.0,0.0,0.0,22.0,0.0,0.0,22.0,0.0,0.0,0.0,0.0,0.0,0.0,0.0,0.0,0.0,0.0,0.0,0.0,"Mar 17, 2016"
2304,2503217.0,24137.0,Kerbala,Kerbala,Maitham Al Tammar,ميثم التمار ,32.6180031,44.0434423224,144.0,864.0,0.0,0.0,0.0,0.0,0.0,0.0,0.0,0.0,0.0,0.0,0.0,0.0,144.0,0.0,0.0,0.0,0.0,0.0,0.0,0.0,0.0,0.0,0.0,0.0,0.0,44.0,100.0,44.0,0.0,100.0,0.0,0.0,0.0,0.0,0.0,0.0,0.0,0.0,0.0,0.0,144.0,0.0,0.0,144.0,0.0,0.0,0.0,0.0,0.0,0.0,0.0,0.0,0.0,0.0,0.0,0.0,"Mar 17, 2016"
2305,2503218.0,24578.0,Kerbala,Kerbala,Malhak Dubbat Al-Mudfeen,ملحق ضباط الموظفين,32.6046416144,43.9996337533,15.0,90.0,5.0,0.0,0.0,0.0,0.0,0.0,0.0,0.0,0.0,0.0,0.0,0.0,10.0,0.0,0.0,0.0,0.0,0.0,0.0,0.0,0.0,0.0,0.0,0.0,0.0,0.0,15.0,0.0,0.0,15.0,0.0,0.0,0.0,0.0,0.0,0.0,0.0,0.0,5.0,0.0,3.0,5.0,7.0,3.0,0.0,7.0,0.0,0.0,0.0,0.0,0.0,0.0,0.0,0.0,0.0,0.0,"Mar 17, 2016"
2306,2503219.0,25846.0,Kerbala,Kerbala,Mamel Al Jobor,معامل الجبور,32.6056595,44.0705493,90.0,540.0,0.0,0.0,0.0,0.0,0.0,0.0,0.0,0.0,0.0,0.0,0.0,0.0,90.0,0.0,0.0,0.0,0.0,0.0,0.0,0.0,0.0,0.0,0.0,0.0,0.0,74.0,16.0,74.0,0.0,16.0,0.0,0.0,0.0,0.0,0.0,0.0,0.0,0.0,0.0,0.0,90.0,0.0,0.0,90.0,0.0,0.0,0.0,0.0,0.0,0.0,0.0,0.0,0.0,0.0,0.0,0.0,"Mar 17, 2016"
2307,2503220.0,25735.0,Kerbala,Kerbala,Al-hadi,الهادي,32.6006572,44.0404201289,60.0,360.0,2.0,0.0,0.0,0.0,0.0,0.0,0.0,0.0,0.0,0.0,0.0,0.0,53.0,0.0,5.0,0.0,0.0,0.0,0.0,0.0,0.0,0.0,0.0,0.0,0.0,20.0,40.0,20.0,0.0,40.0,0.0,0.0,0.0,0.0,0.0,0.0,0.0,0.0,0.0,0.0,58.0,0.0,2.0,58.0,0.0,2.0,0.0,0.0,0.0,0.0,0.0,0.0,0.0,0.0,0.0,0.0,"Mar 17, 2016"
2308,2503221.0,25057.0,Kerbala,Kerbala,Mentaqa Al Shukur,منطقة الشكر,32.59099,44.06345,1.0,6.0,0.0,0.0,0.0,0.0,0.0,0.0,0.0,0.0,0.0,0.0,0.0,0.0,1.0,0.0,0.0,0.0,0.0,0.0,0.0,1.0,0.0,0.0,0.0,0.0,0.0,0.0,0.0,0.0,0.0,0.0,0.0,0.0,0.0,0.0,0.0,0.0,0.0,0.0,0.0,0.0,1.0,0.0,0.0,1.0,0.0,0.0,0.0,0.0,0.0,0.0,0.0,0.0,0.0,0.0,0.0,0.0,"Mar 17, 2016"
2309,2502049.0,25975.0,Kerbala,Al-Hindiya,Al-Kawthar Camp,مخيم وزارة الهجرة والمهجرين,32.5251688271,44.104280552,1100.0,6600.0,0.0,0.0,0.0,0.0,0.0,0.0,0.0,0.0,0.0,0.0,0.0,0.0,1100.0,0.0,0.0,0.0,0.0,0.0,1100.0,0.0,0.0,0.0,0.0,0.0,0.0,0.0,0.0,0.0,0.0,0.0,0.0,0.0,0.0,0.0,0.0,0.0,0.0,0.0,0.0,0.0,1100.0,0.0,0.0,1100.0,0.0,0.0,0.0,0.0,0.0,0.0,0.0,0.0,0.0,0.0,0.0,0.0,"Mar 17, 2016"
2310,2503223.0,25363.0,Kerbala,Kerbala,Molahak Al Atbaa,ملحق الاطباء,32.5794278,43.998512553,10.0,60.0,4.0,0.0,0.0,0.0,0.0,0.0,0.0,0.0,0.0,0.0,0.0,0.0,6.0,0.0,0.0,0.0,0.0,0.0,0.0,0.0,0.0,0.0,0.0,0.0,0.0,0.0,10.0,0.0,0.0,10.0,0.0,0.0,0.0,0.0,0.0,0.0,0.0,0.0,0.0,0.0,6.0,0.0,4.0,6.0,0.0,4.0,0.0,0.0,0.0,0.0,0.0,0.0,0.0,0.0,0.0,0.0,"Mar 17, 2016"
2311,2503224.0,14280.0,Kerbala,Kerbala,Molhak al fares,ملحق الفارس,32.5800710705,43.9919312,14.0,84.0,5.0,0.0,0.0,0.0,0.0,0.0,0.0,0.0,2.0,0.0,0.0,0.0,7.0,0.0,0.0,0.0,0.0,0.0,0.0,0.0,0.0,0.0,0.0,0.0,0.0,0.0,14.0,0.0,0.0,14.0,0.0,0.0,0.0,0.0,0.0,0.0,0.0,0.0,0.0,0.0,14.0,0.0,0.0,14.0,0.0,0.0,0.0,0.0,0.0,0.0,0.0,0.0,0.0,0.0,0.0,0.0,"Mar 17, 2016"
2312,2502050.0,25998.0,Kerbala,Al-Hindiya,Msaeda,مسعيدة,32.556399,44.16887,9.0,54.0,0.0,0.0,0.0,0.0,0.0,0.0,0.0,0.0,0.0,0.0,0.0,0.0,9.0,0.0,0.0,0.0,0.0,0.0,0.0,0.0,0.0,0.0,0.0,0.0,0.0,0.0,9.0,0.0,0.0,9.0,0.0,0.0,0.0,0.0,0.0,0.0,0.0,0.0,0.0,0.0,9.0,0.0,0.0,9.0,0.0,0.0,0.0,0.0,0.0,0.0,0.0,0.0,0.0,0.0,0.0,0.0,"Mar 17, 2016"
2313,2503226.0,25056.0,Kerbala,Kerbala,Mulhak Al Shebanat,ملحق الشبانات,32.5914826,44.0707843133,16.0,96.0,0.0,0.0,0.0,0.0,0.0,3.0,0.0,0.0,0.0,0.0,0.0,0.0,13.0,0.0,0.0,0.0,0.0,0.0,0.0,0.0,0.0,0.0,0.0,0.0,0.0,13.0,3.0,13.0,0.0,3.0,0.0,0.0,0.0,0.0,0.0,0.0,0.0,0.0,0.0,0.0,16.0,0.0,0.0,16.0,0.0,0.0,0.0,0.0,0.0,0.0,0.0,0.0,0.0,0.0,0.0,0.0,"Mar 17, 2016"
2314,2503227.0,14281.0,Kerbala,Kerbala,Mulhaq Al-Intisar,ملحق الانتصار,32.6069421,44.0414644,120.0,720.0,1.0,0.0,0.0,0.0,0.0,0.0,0.0,0.0,1.0,0.0,0.0,0.0,118.0,0.0,0.0,0.0,0.0,0.0,0.0,0.0,0.0,0.0,0.0,0.0,0.0,17.0,103.0,17.0,0.0,103.0,0.0,0.0,0.0,0.0,0.0,0.0,0.0,0.0,1.0,0.0,119.0,1.0,0.0,119.0,0.0,0.0,0.0,0.0,0.0,0.0,0.0,0.0,0.0,0.0,0.0,0.0,"Mar 17, 2016"
2315,2503228.0,14293.0,Kerbala,Kerbala,Mulhaq Al-Mudaraa,ملحق المدراء,32.6140303301,43.9840543769,9.0,54.0,0.0,0.0,0.0,0.0,0.0,0.0,0.0,0.0,4.0,0.0,0.0,0.0,5.0,0.0,0.0,0.0,0.0,0.0,0.0,0.0,0.0,0.0,0.0,0.0,0.0,0.0,9.0,0.0,0.0,9.0,0.0,0.0,0.0,0.0,0.0,0.0,0.0,0.0,0.0,0.0,9.0,0.0,0.0,9.0,0.0,0.0,0.0,0.0,0.0,0.0,0.0,0.0,0.0,0.0,0.0,0.0,"Mar 17, 2016"
2316,2503230.0,25849.0,Kerbala,Kerbala,Om Al Baneen Al Shrawy 2,ام البنين الصحراويه 2,32.5610115,44.065455,16.0,96.0,0.0,0.0,0.0,0.0,0.0,0.0,0.0,0.0,0.0,0.0,0.0,0.0,16.0,0.0,0.0,0.0,0.0,0.0,0.0,0.0,0.0,0.0,0.0,0.0,0.0,16.0,0.0,16.0,0.0,0.0,0.0,0.0,0.0,0.0,0.0,0.0,0.0,0.0,0.0,0.0,16.0,0.0,0.0,16.0,0.0,0.0,0.0,0.0,0.0,0.0,0.0,0.0,0.0,0.0,0.0,0.0,"Mar 17, 2016"
2317,2502052.0,26005.0,Kerbala,Al-Hindiya,Shat Alaa,شط الله,32.50547,44.241168,14.0,84.0,4.0,0.0,0.0,0.0,0.0,0.0,0.0,0.0,0.0,0.0,0.0,0.0,10.0,0.0,0.0,0.0,0.0,0.0,0.0,0.0,0.0,0.0,0.0,0.0,0.0,0.0,14.0,0.0,0.0,14.0,0.0,0.0,0.0,0.0,0.0,0.0,0.0,0.0,0.0,0.0,14.0,0.0,0.0,14.0,0.0,0.0,0.0,0.0,0.0,0.0,0.0,0.0,0.0,0.0,0.0,0.0,"Mar 17, 2016"
2318,2503233.0,14315.0,Kerbala,Kerbala,Shuhadaa AL Muwadhayn,شهداء الموظفين,32.60318,44.00143,8.0,48.0,7.0,0.0,0.0,0.0,0.0,0.0,0.0,0.0,0.0,0.0,0.0,0.0,1.0,0.0,0.0,0.0,0.0,0.0,0.0,0.0,0.0,0.0,0.0,0.0,0.0,0.0,8.0,0.0,0.0,8.0,0.0,0.0,0.0,0.0,0.0,0.0,0.0,0.0,7.0,0.0,1.0,7.0,0.0,1.0,0.0,0.0,0.0,0.0,0.0,0.0,0.0,0.0,0.0,0.0,0.0,0.0,"Mar 17, 2016"
2319,2503234.0,25733.0,Kerbala,Kerbala,Shuhadaa Al Muwadhafen 2,شهداء الموظفين 2,32.6026880718,43.9963640945,12.0,72.0,3.0,0.0,0.0,0.0,0.0,0.0,0.0,0.0,0.0,0.0,0.0,0.0,9.0,0.0,0.0,0.0,0.0,0.0,0.0,0.0,0.0,0.0,0.0,0.0,0.0,0.0,12.0,0.0,0.0,12.0,0.0,0.0,0.0,0.0,0.0,0.0,0.0,0.0,0.0,0.0,12.0,0.0,0.0,12.0,0.0,0.0,0.0,0.0,0.0,0.0,0.0,0.0,0.0,0.0,0.0,0.0,"Mar 17, 2016"
2320,2503235.0,25271.0,Kerbala,Kerbala,Shuihadaa Al Amam Ali,شهداء الامام علي,32.5703420985,44.0208274694,10.0,60.0,4.0,0.0,0.0,0.0,0.0,3.0,0.0,0.0,0.0,0.0,0.0,0.0,3.0,0.0,0.0,0.0,0.0,0.0,0.0,0.0,0.0,0.0,0.0,0.0,0.0,0.0,10.0,0.0,0.0,10.0,0.0,0.0,0.0,0.0,0.0,0.0,0.0,0.0,0.0,0.0,10.0,0.0,0.0,10.0,0.0,0.0,0.0,0.0,0.0,0.0,0.0,0.0,0.0,0.0,0.0,0.0,"Mar 17, 2016"
2321,2503236.0,25536.0,Kerbala,Kerbala,Molhak Al Atbaa(Elegal),تجاوز ملحق الاطباء,32.5781237,43.9974296641,5.0,30.0,1.0,0.0,0.0,0.0,0.0,0.0,0.0,0.0,1.0,0.0,0.0,0.0,3.0,0.0,0.0,0.0,0.0,0.0,0.0,0.0,0.0,0.0,0.0,0.0,0.0,0.0,5.0,0.0,0.0,5.0,0.0,0.0,0.0,0.0,0.0,0.0,0.0,0.0,0.0,0.0,4.0,0.0,0.0,4.0,1.0,0.0,0.0,1.0,0.0,0.0,0.0,0.0,0.0,0.0,0.0,0.0,"Mar 17, 2016"
2322,2503237.0,25906.0,Kerbala,Kerbala,Al Ahrar(Elegal),تجاوز الاحرار,32.58918391,44.00977434,4.0,24.0,1.0,0.0,0.0,0.0,0.0,0.0,0.0,0.0,0.0,0.0,0.0,0.0,3.0,0.0,0.0,0.0,0.0,0.0,0.0,4.0,0.0,0.0,0.0,0.0,0.0,0.0,0.0,0.0,0.0,0.0,0.0,0.0,0.0,0.0,0.0,0.0,0.0,0.0,0.0,0.0,4.0,0.0,0.0,4.0,0.0,0.0,0.0,0.0,0.0,0.0,0.0,0.0,0.0,0.0,0.0,0.0,"Mar 17, 2016"
2323,2503238.0,25905.0,Kerbala,Kerbala,Al Nasser(Elegal),تجاوز النصر,32.5763657,44.0019075,5.0,30.0,0.0,0.0,0.0,0.0,0.0,2.0,0.0,0.0,2.0,0.0,0.0,0.0,1.0,0.0,0.0,0.0,0.0,0.0,0.0,0.0,0.0,0.0,0.0,0.0,0.0,0.0,5.0,0.0,0.0,5.0,0.0,0.0,0.0,0.0,0.0,0.0,0.0,0.0,0.0,0.0,5.0,0.0,0.0,5.0,0.0,0.0,0.0,0.0,0.0,0.0,0.0,0.0,0.0,0.0,0.0,0.0,"Mar 17, 2016"
2324,2503240.0,23679.0,Kerbala,Kerbala,Um Al Baneen city,مدينة الزائرين ام البنين ,32.55732,44.073,225.0,1350.0,0.0,0.0,0.0,0.0,0.0,0.0,0.0,0.0,0.0,0.0,0.0,0.0,225.0,0.0,0.0,0.0,0.0,0.0,0.0,0.0,0.0,0.0,0.0,0.0,0.0,225.0,0.0,225.0,0.0,0.0,0.0,0.0,0.0,0.0,0.0,0.0,0.0,0.0,0.0,0.0,225.0,0.0,0.0,225.0,0.0,0.0,0.0,0.0,0.0,0.0,0.0,0.0,0.0,0.0,0.0,0.0,"Mar 17, 2016"
2325,2503241.0,26010.0,Kerbala,Kerbala,Um Al Banen Village,قرية ام البنين,32.5615083,44.0831715,145.0,870.0,0.0,0.0,0.0,0.0,0.0,0.0,0.0,0.0,0.0,0.0,0.0,0.0,145.0,0.0,0.0,0.0,0.0,0.0,0.0,0.0,0.0,0.0,0.0,0.0,0.0,75.0,70.0,75.0,0.0,70.0,0.0,0.0,0.0,0.0,0.0,0.0,0.0,0.0,0.0,0.0,0.0,0.0,145.0,0.0,0.0,145.0,0.0,0.0,0.0,0.0,0.0,0.0,0.0,0.0,0.0,0.0,"Mar 17, 2016"
2326,2503242.0,21802.0,Kerbala,Kerbala,Um Gharagher,ام غراغير,32.68348,44.10817,8.0,48.0,0.0,0.0,0.0,0.0,0.0,0.0,0.0,0.0,0.0,0.0,0.0,0.0,8.0,0.0,0.0,0.0,0.0,0.0,0.0,0.0,0.0,0.0,0.0,0.0,0.0,8.0,0.0,8.0,0.0,0.0,0.0,0.0,0.0,0.0,0.0,0.0,0.0,0.0,0.0,0.0,8.0,0.0,0.0,8.0,0.0,0.0,0.0,0.0,0.0,0.0,0.0,0.0,0.0,0.0,0.0,0.0,"Mar 17, 2016"
2327,2503243.0,26066.0,Kerbala,Kerbala,Um Hamam,ام حمام,32.648509,44.233983,6.0,36.0,0.0,0.0,0.0,0.0,0.0,0.0,0.0,0.0,0.0,0.0,0.0,0.0,6.0,0.0,0.0,0.0,0.0,0.0,0.0,0.0,0.0,0.0,0.0,0.0,0.0,0.0,0.0,0.0,0.0,0.0,0.0,0.0,6.0,0.0,0.0,6.0,0.0,0.0,0.0,0.0,6.0,0.0,0.0,6.0,0.0,0.0,0.0,0.0,0.0,0.0,0.0,0.0,0.0,0.0,0.0,0.0,"Mar 17, 2016"
2328,2502053.0,26006.0,Kerbala,Al-Hindiya,Zeran Tah,زرن طاح,32.51915,44.21012,4.0,24.0,0.0,0.0,0.0,0.0,0.0,0.0,0.0,0.0,0.0,0.0,0.0,0.0,4.0,0.0,0.0,0.0,0.0,0.0,0.0,0.0,0.0,0.0,0.0,0.0,0.0,0.0,4.0,0.0,0.0,4.0,0.0,0.0,0.0,0.0,0.0,0.0,0.0,0.0,0.0,0.0,4.0,0.0,0.0,4.0,0.0,0.0,0.0,0.0,0.0,0.0,0.0,0.0,0.0,0.0,0.0,0.0,"Mar 17, 2016"
2329,2503247.0,26112.0,Kerbala,Kerbala,Hay Al-Noab,حي النواب,32.586393,44.0509513796,7.0,42.0,0.0,0.0,0.0,0.0,0.0,0.0,0.0,0.0,0.0,0.0,0.0,0.0,7.0,0.0,0.0,0.0,0.0,0.0,0.0,0.0,0.0,0.0,0.0,0.0,0.0,0.0,7.0,0.0,0.0,7.0,0.0,0.0,0.0,0.0,0.0,0.0,0.0,0.0,0.0,0.0,7.0,0.0,0.0,7.0,0.0,0.0,0.0,0.0,0.0,0.0,0.0,0.0,0.0,0.0,0.0,0.0,"Mar 17, 2016"
2330,2503249.0,27265.0,Kerbala,Kerbala,Shuihadaa Al Amam Ali,شهداء الامام علي 2,32.5719858,44.0210812,18.0,108.0,9.0,0.0,0.0,0.0,0.0,0.0,0.0,0.0,0.0,0.0,0.0,0.0,9.0,0.0,0.0,0.0,0.0,0.0,0.0,0.0,0.0,0.0,0.0,0.0,0.0,0.0,18.0,0.0,0.0,18.0,0.0,0.0,0.0,0.0,0.0,0.0,0.0,0.0,0.0,0.0,18.0,0.0,0.0,18.0,0.0,0.0,0.0,0.0,0.0,0.0,0.0,0.0,0.0,0.0,0.0,0.0,"Mar 17, 2016"
2331,2503250.0,27266.0,Kerbala,Kerbala,Hay El Al Iman-4,حي الايمان 4,32.5910708246,44.0137481096,22.0,132.0,1.0,0.0,0.0,0.0,0.0,1.0,0.0,0.0,2.0,0.0,0.0,0.0,18.0,0.0,0.0,0.0,0.0,0.0,0.0,0.0,0.0,0.0,0.0,0.0,0.0,0.0,22.0,0.0,0.0,22.0,0.0,0.0,0.0,0.0,0.0,0.0,0.0,0.0,1.0,0.0,18.0,1.0,3.0,18.0,0.0,3.0,0.0,0.0,0.0,0.0,0.0,0.0,0.0,0.0,0.0,0.0,"Mar 17, 2016"
2332,2503251.0,28409.0,Kerbala,Kerbala,Mosa al Kadum,موسى الكاظم,32.56074306,44.0335789,9.0,54.0,0.0,0.0,0.0,0.0,0.0,0.0,0.0,0.0,0.0,0.0,0.0,0.0,9.0,0.0,0.0,0.0,0.0,0.0,0.0,0.0,0.0,0.0,0.0,0.0,0.0,0.0,9.0,0.0,0.0,9.0,0.0,0.0,0.0,0.0,0.0,0.0,0.0,0.0,0.0,0.0,9.0,0.0,0.0,9.0,0.0,0.0,0.0,0.0,0.0,0.0,0.0,0.0,0.0,0.0,0.0,0.0,"Mar 17, 2016"
2333,2503252.0,22087.0,Kerbala,Kerbala,Hay al mostafa,حي المصطفى,32.5901658,44.0450969379,20.0,120.0,1.0,0.0,0.0,0.0,0.0,0.0,0.0,0.0,0.0,0.0,0.0,0.0,19.0,0.0,0.0,0.0,0.0,0.0,0.0,0.0,0.0,0.0,0.0,0.0,0.0,1.0,19.0,1.0,0.0,19.0,0.0,0.0,0.0,0.0,0.0,0.0,0.0,0.0,0.0,0.0,20.0,0.0,0.0,20.0,0.0,0.0,0.0,0.0,0.0,0.0,0.0,0.0,0.0,0.0,0.0,0.0,"Mar 17, 2016"
2334,2601001.0,15614.0,Kirkuk,Al-Hawiga,8 Shabahit,حي 8 شباط,35.32708,43.78052,200.0,1200.0,0.0,0.0,0.0,0.0,0.0,0.0,0.0,0.0,0.0,0.0,0.0,0.0,0.0,0.0,200.0,0.0,0.0,0.0,0.0,200.0,0.0,0.0,0.0,0.0,0.0,0.0,0.0,0.0,0.0,0.0,0.0,0.0,0.0,0.0,0.0,0.0,0.0,0.0,0.0,0.0,200.0,0.0,0.0,200.0,0.0,0.0,0.0,0.0,0.0,0.0,0.0,0.0,0.0,0.0,0.0,0.0,"Mar 17, 2016"
2335,2601002.0,15005.0,Kirkuk,Al-Hawiga,Abas-Al-Namla,قرية نملة,35.3072,43.5925,25.0,150.0,0.0,0.0,0.0,0.0,0.0,0.0,0.0,0.0,0.0,0.0,0.0,0.0,0.0,0.0,25.0,0.0,0.0,0.0,0.0,25.0,0.0,0.0,0.0,0.0,0.0,0.0,0.0,0.0,0.0,0.0,0.0,0.0,0.0,0.0,0.0,0.0,0.0,0.0,0.0,0.0,25.0,0.0,0.0,25.0,0.0,0.0,0.0,0.0,0.0,0.0,0.0,0.0,0.0,0.0,0.0,0.0,"Mar 17, 2016"
2336,2601003.0,14836.0,Kirkuk,Al-Hawiga,Abu-Al-Jaise,قرية أبو الجيس,35.2968793793,43.8448801126,18.0,108.0,18.0,0.0,0.0,0.0,0.0,0.0,0.0,0.0,0.0,0.0,0.0,0.0,0.0,0.0,0.0,0.0,0.0,0.0,0.0,18.0,0.0,0.0,0.0,0.0,0.0,0.0,0.0,0.0,0.0,0.0,0.0,0.0,0.0,0.0,0.0,0.0,0.0,0.0,18.0,0.0,0.0,18.0,0.0,0.0,0.0,0.0,0.0,0.0,0.0,0.0,0.0,0.0,0.0,0.0,0.0,0.0,"Mar 17, 2016"
2337,2601004.0,24365.0,Kirkuk,Al-Hawiga,Al Anadiyah Village,قرية العنادية,35.402192,43.7893,80.0,480.0,0.0,0.0,0.0,0.0,0.0,0.0,0.0,0.0,0.0,0.0,0.0,0.0,0.0,0.0,80.0,0.0,0.0,0.0,0.0,80.0,0.0,0.0,0.0,0.0,0.0,0.0,0.0,0.0,0.0,0.0,0.0,0.0,0.0,0.0,0.0,0.0,0.0,0.0,0.0,0.0,80.0,0.0,0.0,80.0,0.0,0.0,0.0,0.0,0.0,0.0,0.0,0.0,0.0,0.0,0.0,0.0,"Mar 17, 2016"
2338,2601005.0,15594.0,Kirkuk,Al-Hawiga,Al Askary,حي العسكري,35.32528,43.7654489797,400.0,2400.0,0.0,0.0,0.0,0.0,0.0,0.0,0.0,0.0,0.0,0.0,0.0,0.0,0.0,0.0,400.0,0.0,0.0,0.0,0.0,150.0,0.0,0.0,0.0,0.0,0.0,0.0,0.0,0.0,0.0,0.0,0.0,0.0,0.0,0.0,0.0,0.0,250.0,0.0,0.0,250.0,0.0,0.0,400.0,0.0,0.0,400.0,0.0,0.0,0.0,0.0,0.0,0.0,0.0,0.0,0.0,0.0,"Mar 17, 2016"
2339,2601006.0,23072.0,Kirkuk,Al-Hawiga,Al Mahmodiya,قرية المحمودية,35.392802,43.9689138185,50.0,300.0,0.0,0.0,0.0,0.0,0.0,0.0,0.0,0.0,0.0,0.0,0.0,0.0,0.0,0.0,50.0,0.0,0.0,0.0,0.0,0.0,0.0,0.0,0.0,0.0,0.0,0.0,0.0,0.0,0.0,0.0,0.0,0.0,0.0,0.0,0.0,0.0,50.0,0.0,0.0,50.0,0.0,0.0,50.0,0.0,0.0,50.0,0.0,0.0,0.0,0.0,0.0,0.0,0.0,0.0,0.0,0.0,"Mar 17, 2016"
2340,2601007.0,24366.0,Kirkuk,Al-Hawiga,Tal Al-Ghazal villag Village,قرية تل الغزال,35.402192,43.883961,100.0,600.0,0.0,0.0,0.0,0.0,0.0,0.0,0.0,0.0,0.0,0.0,0.0,0.0,0.0,0.0,100.0,0.0,0.0,0.0,0.0,100.0,0.0,0.0,0.0,0.0,0.0,0.0,0.0,0.0,0.0,0.0,0.0,0.0,0.0,0.0,0.0,0.0,0.0,0.0,0.0,0.0,100.0,0.0,0.0,100.0,0.0,0.0,0.0,0.0,0.0,0.0,0.0,0.0,0.0,0.0,0.0,0.0,"Mar 17, 2016"
2341,2601008.0,15268.0,Kirkuk,Al-Hawiga,Al-Hawiga-Al Hawija cenetr,مركز الحويجة,35.32507,43.76794,3200.0,19200.0,1400.0,0.0,0.0,0.0,0.0,0.0,0.0,0.0,1200.0,0.0,0.0,0.0,600.0,0.0,0.0,0.0,0.0,0.0,0.0,0.0,0.0,0.0,0.0,0.0,0.0,0.0,0.0,0.0,0.0,0.0,0.0,0.0,0.0,0.0,0.0,0.0,3200.0,0.0,1400.0,3200.0,600.0,1400.0,0.0,600.0,1200.0,0.0,0.0,1200.0,0.0,0.0,0.0,0.0,0.0,0.0,0.0,0.0,"Mar 17, 2016"
2342,2601009.0,14998.0,Kirkuk,Al-Hawiga,Al-Khaldia,قرية الخالدية,35.343151,43.7256837725,30.0,180.0,0.0,0.0,0.0,0.0,0.0,0.0,0.0,0.0,0.0,0.0,0.0,0.0,0.0,0.0,30.0,0.0,0.0,0.0,0.0,20.0,0.0,0.0,0.0,0.0,0.0,0.0,0.0,0.0,0.0,0.0,0.0,0.0,0.0,0.0,10.0,0.0,0.0,10.0,0.0,0.0,30.0,0.0,0.0,30.0,0.0,0.0,0.0,0.0,0.0,0.0,0.0,0.0,0.0,0.0,0.0,0.0,"Mar 17, 2016"
2343,2601010.0,15202.0,Kirkuk,Al-Hawiga,Al-riyadh center,مركز الرياض,35.270389,43.9115406,1500.0,9000.0,500.0,0.0,0.0,0.0,0.0,0.0,0.0,0.0,500.0,0.0,0.0,0.0,0.0,0.0,500.0,0.0,0.0,0.0,0.0,0.0,0.0,0.0,0.0,0.0,0.0,0.0,0.0,0.0,0.0,0.0,0.0,0.0,0.0,0.0,0.0,0.0,1500.0,0.0,500.0,1500.0,0.0,500.0,0.0,0.0,1000.0,0.0,0.0,1000.0,0.0,0.0,0.0,0.0,0.0,0.0,0.0,0.0,"Mar 17, 2016"
2344,2601011.0,15191.0,Kirkuk,Al-Hawiga,Al-zab,مركز ناحية الزاب,35.26433,43.4475612851,2500.0,15000.0,0.0,0.0,0.0,0.0,0.0,0.0,0.0,0.0,0.0,0.0,0.0,0.0,0.0,0.0,2500.0,0.0,0.0,0.0,0.0,0.0,0.0,0.0,0.0,0.0,0.0,0.0,0.0,0.0,0.0,0.0,0.0,0.0,0.0,0.0,0.0,0.0,2500.0,0.0,0.0,2500.0,0.0,0.0,2500.0,0.0,0.0,2500.0,0.0,0.0,0.0,0.0,0.0,0.0,0.0,0.0,0.0,0.0,"Mar 17, 2016"
2345,2601012.0,15346.0,Kirkuk,Al-Hawiga,Ash shareaa,قرية الشريعة,35.3833,43.6194936406,100.0,600.0,0.0,0.0,0.0,0.0,0.0,0.0,0.0,0.0,0.0,0.0,0.0,0.0,0.0,0.0,100.0,0.0,0.0,0.0,0.0,100.0,0.0,0.0,0.0,0.0,0.0,0.0,0.0,0.0,0.0,0.0,0.0,0.0,0.0,0.0,0.0,0.0,0.0,0.0,0.0,0.0,100.0,0.0,0.0,100.0,0.0,0.0,0.0,0.0,0.0,0.0,0.0,0.0,0.0,0.0,0.0,0.0,"Mar 17, 2016"
2346,2601013.0,24364.0,Kirkuk,Al-Hawiga,Atira Village,قرية عتيرة,35.5092,43.8129703421,200.0,1200.0,0.0,0.0,0.0,0.0,0.0,0.0,0.0,0.0,0.0,0.0,0.0,0.0,0.0,0.0,200.0,0.0,0.0,0.0,0.0,200.0,0.0,0.0,0.0,0.0,0.0,0.0,0.0,0.0,0.0,0.0,0.0,0.0,0.0,0.0,0.0,0.0,0.0,0.0,0.0,0.0,200.0,0.0,0.0,200.0,0.0,0.0,0.0,0.0,0.0,0.0,0.0,0.0,0.0,0.0,0.0,0.0,"Mar 17, 2016"
2347,2601014.0,24236.0,Kirkuk,Al-Hawiga,Hay Al Latifiyah,حي اللطيفية,35.31836,43.5976,100.0,600.0,0.0,0.0,0.0,0.0,0.0,0.0,0.0,0.0,0.0,0.0,0.0,0.0,0.0,0.0,100.0,0.0,0.0,0.0,0.0,100.0,0.0,0.0,0.0,0.0,0.0,0.0,0.0,0.0,0.0,0.0,0.0,0.0,0.0,0.0,0.0,0.0,0.0,0.0,0.0,0.0,100.0,0.0,0.0,100.0,0.0,0.0,0.0,0.0,0.0,0.0,0.0,0.0,0.0,0.0,0.0,0.0,"Mar 17, 2016"
2348,2601015.0,24237.0,Kirkuk,Al-Hawiga,Hay Al Motajawizeen,حي المتجاوزين,35.32493,43.78945,200.0,1200.0,0.0,0.0,0.0,0.0,0.0,0.0,0.0,0.0,0.0,0.0,0.0,0.0,0.0,0.0,200.0,0.0,0.0,0.0,0.0,200.0,0.0,0.0,0.0,0.0,0.0,0.0,0.0,0.0,0.0,0.0,0.0,0.0,0.0,0.0,0.0,0.0,0.0,0.0,0.0,0.0,200.0,0.0,0.0,200.0,0.0,0.0,0.0,0.0,0.0,0.0,0.0,0.0,0.0,0.0,0.0,0.0,"Mar 17, 2016"
2349,2601016.0,23660.0,Kirkuk,Al-Hawiga,Hay Al Salam,حي دور البستنة-حي السلام-,35.32347,43.774153292,50.0,300.0,20.0,0.0,0.0,0.0,0.0,0.0,0.0,0.0,0.0,0.0,0.0,0.0,0.0,0.0,30.0,0.0,0.0,0.0,0.0,30.0,0.0,0.0,0.0,0.0,0.0,0.0,0.0,0.0,0.0,0.0,0.0,0.0,0.0,0.0,0.0,0.0,20.0,0.0,20.0,20.0,30.0,20.0,0.0,30.0,0.0,0.0,0.0,0.0,0.0,0.0,0.0,0.0,0.0,0.0,0.0,0.0,"Mar 17, 2016"
2350,2601017.0,22084.0,Kirkuk,Al-Hawiga,Hay Al Saray,حي السراي,35.32311,43.7660691047,150.0,900.0,0.0,0.0,0.0,0.0,0.0,0.0,0.0,0.0,0.0,0.0,0.0,0.0,0.0,0.0,150.0,0.0,0.0,0.0,0.0,150.0,0.0,0.0,0.0,0.0,0.0,0.0,0.0,0.0,0.0,0.0,0.0,0.0,0.0,0.0,0.0,0.0,0.0,0.0,0.0,0.0,150.0,0.0,0.0,150.0,0.0,0.0,0.0,0.0,0.0,0.0,0.0,0.0,0.0,0.0,0.0,0.0,"Mar 17, 2016"
2351,2601018.0,24361.0,Kirkuk,Al-Hawiga,Hay Al Shab,حي الشعب,35.32285,43.4596,500.0,3000.0,0.0,0.0,0.0,0.0,0.0,0.0,0.0,0.0,0.0,0.0,0.0,0.0,0.0,0.0,500.0,0.0,0.0,0.0,0.0,300.0,0.0,0.0,0.0,0.0,0.0,0.0,0.0,0.0,0.0,0.0,0.0,0.0,0.0,0.0,0.0,0.0,200.0,0.0,0.0,200.0,500.0,0.0,0.0,500.0,0.0,0.0,0.0,0.0,0.0,0.0,0.0,0.0,0.0,0.0,0.0,0.0,"Mar 17, 2016"
2352,2601019.0,15554.0,Kirkuk,Al-Hawiga,Hay Al-askary 1,حي العسكري 1,35.32864,43.76433,50.0,300.0,50.0,0.0,0.0,0.0,0.0,0.0,0.0,0.0,0.0,0.0,0.0,0.0,0.0,0.0,0.0,0.0,0.0,0.0,0.0,50.0,0.0,0.0,0.0,0.0,0.0,0.0,0.0,0.0,0.0,0.0,0.0,0.0,0.0,0.0,0.0,0.0,0.0,0.0,50.0,0.0,0.0,50.0,0.0,0.0,0.0,0.0,0.0,0.0,0.0,0.0,0.0,0.0,0.0,0.0,0.0,0.0,"Mar 17, 2016"
2353,2601020.0,15690.0,Kirkuk,Al-Hawiga,Hay Al-Zuhoor,حي الزهور,35.31959,43.58467,500.0,3000.0,0.0,0.0,0.0,0.0,0.0,0.0,0.0,0.0,0.0,0.0,0.0,0.0,0.0,0.0,500.0,0.0,0.0,0.0,0.0,250.0,0.0,0.0,0.0,0.0,0.0,0.0,0.0,0.0,0.0,0.0,0.0,0.0,0.0,0.0,200.0,0.0,50.0,200.0,0.0,50.0,500.0,0.0,0.0,500.0,0.0,0.0,0.0,0.0,0.0,0.0,0.0,0.0,0.0,0.0,0.0,0.0,"Mar 17, 2016"
2354,2601021.0,24235.0,Kirkuk,Al-Hawiga,Hay Jbor,حي الجبور,35.32219,43.6007,300.0,1800.0,0.0,0.0,0.0,0.0,0.0,0.0,0.0,0.0,0.0,0.0,0.0,0.0,0.0,0.0,300.0,0.0,0.0,0.0,0.0,300.0,0.0,0.0,0.0,0.0,0.0,0.0,0.0,0.0,0.0,0.0,0.0,0.0,0.0,0.0,0.0,0.0,0.0,0.0,0.0,0.0,300.0,0.0,0.0,300.0,0.0,0.0,0.0,0.0,0.0,0.0,0.0,0.0,0.0,0.0,0.0,0.0,"Mar 17, 2016"
2355,2601022.0,14934.0,Kirkuk,Al-Hawiga,Helwa Olia,قرية حلوة عليا,35.491102,43.7942513076,120.0,720.0,0.0,0.0,0.0,0.0,0.0,0.0,0.0,0.0,0.0,0.0,0.0,0.0,0.0,0.0,120.0,0.0,0.0,0.0,0.0,120.0,0.0,0.0,0.0,0.0,0.0,0.0,0.0,0.0,0.0,0.0,0.0,0.0,0.0,0.0,0.0,0.0,0.0,0.0,0.0,0.0,120.0,0.0,0.0,120.0,0.0,0.0,0.0,0.0,0.0,0.0,0.0,0.0,0.0,0.0,0.0,0.0,"Mar 17, 2016"
2356,2601023.0,15408.0,Kirkuk,Al-Hawiga,Hilwa lower,قرية حلوة سفلى,35.4484480498,43.7419160962,150.0,900.0,0.0,0.0,0.0,0.0,0.0,0.0,0.0,0.0,0.0,0.0,0.0,0.0,0.0,0.0,150.0,0.0,0.0,0.0,0.0,150.0,0.0,0.0,0.0,0.0,0.0,0.0,0.0,0.0,0.0,0.0,0.0,0.0,0.0,0.0,0.0,0.0,0.0,0.0,0.0,0.0,150.0,0.0,0.0,150.0,0.0,0.0,0.0,0.0,0.0,0.0,0.0,0.0,0.0,0.0,0.0,0.0,"Mar 17, 2016"
2357,2601024.0,15416.0,Kirkuk,Al-Hawiga,Hilwa middle,قرية حلوة وسطى,35.472569,43.7606551423,250.0,1500.0,0.0,0.0,0.0,0.0,0.0,0.0,0.0,0.0,0.0,0.0,0.0,0.0,250.0,0.0,0.0,0.0,0.0,0.0,0.0,150.0,0.0,0.0,0.0,0.0,0.0,0.0,0.0,0.0,0.0,0.0,0.0,0.0,0.0,0.0,50.0,0.0,50.0,50.0,0.0,50.0,250.0,0.0,0.0,250.0,0.0,0.0,0.0,0.0,0.0,0.0,0.0,0.0,0.0,0.0,0.0,0.0,"Mar 17, 2016"
2358,2601025.0,15281.0,Kirkuk,Al-Hawiga,Imam ismail,قرية امام اسماعيل,35.333,43.6524293223,22.0,132.0,0.0,0.0,0.0,0.0,0.0,0.0,0.0,0.0,0.0,0.0,0.0,0.0,0.0,0.0,22.0,0.0,0.0,0.0,0.0,22.0,0.0,0.0,0.0,0.0,0.0,0.0,0.0,0.0,0.0,0.0,0.0,0.0,0.0,0.0,0.0,0.0,0.0,0.0,0.0,0.0,22.0,0.0,0.0,22.0,0.0,0.0,0.0,0.0,0.0,0.0,0.0,0.0,0.0,0.0,0.0,0.0,"Mar 17, 2016"
2359,2601026.0,24367.0,Kirkuk,Al-Hawiga,Jamos Village,قرية جاموس,35.37495,43.77771,250.0,1500.0,0.0,0.0,0.0,0.0,0.0,0.0,0.0,0.0,0.0,0.0,0.0,0.0,250.0,0.0,0.0,0.0,0.0,0.0,0.0,150.0,0.0,0.0,0.0,0.0,0.0,0.0,0.0,0.0,0.0,0.0,0.0,0.0,0.0,0.0,100.0,0.0,0.0,100.0,0.0,0.0,250.0,0.0,0.0,250.0,0.0,0.0,0.0,0.0,0.0,0.0,0.0,0.0,0.0,0.0,0.0,0.0,"Mar 17, 2016"
2360,2601027.0,24496.0,Kirkuk,Al-Hawiga,Khazifi Village,قرية خزيفي,35.246887,44.00808,50.0,300.0,0.0,0.0,0.0,0.0,0.0,0.0,0.0,0.0,50.0,0.0,0.0,0.0,0.0,0.0,0.0,0.0,0.0,0.0,0.0,50.0,0.0,0.0,0.0,0.0,0.0,0.0,0.0,0.0,0.0,0.0,0.0,0.0,0.0,0.0,0.0,0.0,0.0,0.0,0.0,0.0,0.0,0.0,50.0,0.0,0.0,50.0,0.0,0.0,0.0,0.0,0.0,0.0,0.0,0.0,0.0,0.0,"Mar 17, 2016"
2361,2601028.0,15353.0,Kirkuk,Al-Hawiga,Lazaga,قرية لزاكة,35.386972,43.6957432192,15.0,90.0,15.0,0.0,0.0,0.0,0.0,0.0,0.0,0.0,0.0,0.0,0.0,0.0,0.0,0.0,0.0,0.0,0.0,0.0,0.0,15.0,0.0,0.0,0.0,0.0,0.0,0.0,0.0,0.0,0.0,0.0,0.0,0.0,0.0,0.0,0.0,0.0,0.0,0.0,15.0,0.0,0.0,15.0,0.0,0.0,0.0,0.0,0.0,0.0,0.0,0.0,0.0,0.0,0.0,0.0,0.0,0.0,"Mar 17, 2016"
2362,2601029.0,24363.0,Kirkuk,Al-Hawiga,Namisa Village,قرية نميصة,35.51115,43.548085,175.0,1050.0,0.0,0.0,0.0,0.0,0.0,0.0,0.0,0.0,0.0,0.0,0.0,0.0,0.0,0.0,175.0,0.0,0.0,0.0,0.0,150.0,0.0,0.0,0.0,0.0,0.0,0.0,0.0,0.0,0.0,0.0,0.0,0.0,0.0,0.0,25.0,0.0,0.0,25.0,0.0,0.0,175.0,0.0,0.0,175.0,0.0,0.0,0.0,0.0,0.0,0.0,0.0,0.0,0.0,0.0,0.0,0.0,"Mar 17, 2016"
2363,2601030.0,24085.0,Kirkuk,Al-Hawiga,Qadissiya-101,حي القادسية 101,35.325724,43.7735808807,286.0,1716.0,36.0,0.0,0.0,0.0,0.0,0.0,0.0,0.0,0.0,0.0,0.0,0.0,0.0,0.0,250.0,0.0,0.0,0.0,0.0,46.0,0.0,0.0,0.0,0.0,0.0,0.0,16.0,0.0,0.0,16.0,0.0,0.0,4.0,0.0,0.0,4.0,220.0,0.0,36.0,220.0,0.0,36.0,250.0,0.0,0.0,250.0,0.0,0.0,0.0,0.0,0.0,0.0,0.0,0.0,0.0,0.0,"Mar 17, 2016"
2364,2601031.0,14661.0,Kirkuk,Al-Hawiga,Ranjiya,قرية رنجية,35.4115,43.6798005675,90.0,540.0,0.0,0.0,0.0,0.0,0.0,0.0,0.0,0.0,0.0,0.0,0.0,0.0,0.0,0.0,90.0,0.0,0.0,0.0,0.0,90.0,0.0,0.0,0.0,0.0,0.0,0.0,0.0,0.0,0.0,0.0,0.0,0.0,0.0,0.0,0.0,0.0,0.0,0.0,0.0,0.0,90.0,0.0,0.0,90.0,0.0,0.0,0.0,0.0,0.0,0.0,0.0,0.0,0.0,0.0,0.0,0.0,"Mar 17, 2016"
2365,2601032.0,24495.0,Kirkuk,Al-Hawiga,Hawd Sabah village,قرية حوض سبعة,35.279111,43.67566,50.0,300.0,0.0,0.0,0.0,0.0,0.0,0.0,0.0,0.0,0.0,0.0,0.0,0.0,0.0,0.0,50.0,0.0,0.0,0.0,0.0,0.0,0.0,0.0,0.0,0.0,0.0,0.0,0.0,0.0,0.0,0.0,0.0,0.0,0.0,0.0,0.0,0.0,50.0,0.0,0.0,50.0,0.0,0.0,50.0,0.0,0.0,50.0,0.0,0.0,0.0,0.0,0.0,0.0,0.0,0.0,0.0,0.0,"Mar 17, 2016"
2366,2601033.0,14664.0,Kirkuk,Al-Hawiga,Sabbaghiya,قرية صباغية,35.27,43.4818540802,120.0,720.0,0.0,0.0,0.0,0.0,0.0,0.0,0.0,0.0,0.0,0.0,0.0,0.0,0.0,0.0,120.0,0.0,0.0,0.0,0.0,120.0,0.0,0.0,0.0,0.0,0.0,0.0,0.0,0.0,0.0,0.0,0.0,0.0,0.0,0.0,0.0,0.0,0.0,0.0,0.0,0.0,120.0,0.0,0.0,120.0,0.0,0.0,0.0,0.0,0.0,0.0,0.0,0.0,0.0,0.0,0.0,0.0,"Mar 17, 2016"
2367,2601034.0,24362.0,Kirkuk,Al-Hawiga,Shamitt Village,قرية شميط,35.2977,43.5300452125,200.0,1200.0,0.0,0.0,0.0,0.0,0.0,0.0,0.0,0.0,0.0,0.0,0.0,0.0,0.0,0.0,200.0,0.0,0.0,0.0,0.0,200.0,0.0,0.0,0.0,0.0,0.0,0.0,0.0,0.0,0.0,0.0,0.0,0.0,0.0,0.0,0.0,0.0,0.0,0.0,0.0,0.0,200.0,0.0,0.0,200.0,0.0,0.0,0.0,0.0,0.0,0.0,0.0,0.0,0.0,0.0,0.0,0.0,"Mar 17, 2016"
2368,2601035.0,14889.0,Kirkuk,Al-Hawiga,Shawook,قرية شاووك,35.3523,43.6347501595,30.0,180.0,0.0,0.0,0.0,0.0,0.0,0.0,0.0,0.0,0.0,0.0,0.0,0.0,0.0,0.0,30.0,0.0,0.0,0.0,0.0,20.0,0.0,0.0,0.0,0.0,0.0,0.0,0.0,0.0,0.0,0.0,0.0,0.0,10.0,0.0,0.0,10.0,0.0,0.0,0.0,0.0,30.0,0.0,0.0,30.0,0.0,0.0,0.0,0.0,0.0,0.0,0.0,0.0,0.0,0.0,0.0,0.0,"Mar 17, 2016"
2369,2601036.0,15313.0,Kirkuk,Al-Hawiga,Tal ali Village,قرية تل علي,35.358718,43.6529789788,80.0,480.0,0.0,0.0,0.0,0.0,0.0,0.0,0.0,0.0,0.0,0.0,0.0,0.0,0.0,0.0,80.0,0.0,0.0,0.0,0.0,0.0,0.0,0.0,0.0,0.0,0.0,0.0,0.0,0.0,0.0,0.0,0.0,0.0,0.0,0.0,0.0,0.0,80.0,0.0,0.0,80.0,0.0,0.0,80.0,0.0,0.0,80.0,0.0,0.0,0.0,0.0,0.0,0.0,0.0,0.0,0.0,0.0,"Mar 17, 2016"
2370,2601037.0,15178.0,Kirkuk,Al-Hawiga,Tariqiya,قرية الطارقية,35.2465,43.5724,20.0,120.0,0.0,0.0,0.0,0.0,0.0,0.0,0.0,0.0,0.0,0.0,0.0,0.0,0.0,0.0,20.0,0.0,0.0,0.0,0.0,20.0,0.0,0.0,0.0,0.0,0.0,0.0,0.0,0.0,0.0,0.0,0.0,0.0,0.0,0.0,0.0,0.0,0.0,0.0,0.0,0.0,20.0,0.0,0.0,20.0,0.0,0.0,0.0,0.0,0.0,0.0,0.0,0.0,0.0,0.0,0.0,0.0,"Mar 17, 2016"
2371,2601038.0,14718.0,Kirkuk,Al-Hawiga,Zrariya,قرية زرارية,35.33,43.5678089959,120.0,720.0,0.0,0.0,0.0,0.0,0.0,0.0,0.0,0.0,0.0,0.0,0.0,0.0,0.0,0.0,120.0,0.0,0.0,0.0,0.0,120.0,0.0,0.0,0.0,0.0,0.0,0.0,0.0,0.0,0.0,0.0,0.0,0.0,0.0,0.0,0.0,0.0,0.0,0.0,0.0,0.0,120.0,0.0,0.0,120.0,0.0,0.0,0.0,0.0,0.0,0.0,0.0,0.0,0.0,0.0,0.0,0.0,"Mar 17, 2016"
2372,2602001.0,24546.0,Kirkuk,Daquq,Al Qaragul,قرية كراغول,35.2216,43.9914,100.0,600.0,0.0,0.0,0.0,0.0,0.0,0.0,0.0,0.0,0.0,0.0,0.0,0.0,0.0,0.0,100.0,0.0,0.0,0.0,0.0,0.0,0.0,0.0,0.0,0.0,0.0,0.0,0.0,0.0,0.0,0.0,0.0,0.0,0.0,0.0,0.0,0.0,100.0,0.0,0.0,100.0,0.0,0.0,100.0,0.0,0.0,100.0,0.0,0.0,0.0,0.0,0.0,0.0,0.0,0.0,0.0,0.0,"Mar 17, 2016"
2373,2602002.0,14864.0,Kirkuk,Daquq,Albu Mahammad,قرية البو محمد,35.05,44.3698271609,120.0,720.0,0.0,0.0,0.0,0.0,0.0,0.0,0.0,0.0,0.0,0.0,0.0,0.0,0.0,0.0,120.0,0.0,0.0,0.0,0.0,50.0,0.0,0.0,0.0,0.0,0.0,0.0,0.0,0.0,0.0,0.0,0.0,0.0,0.0,0.0,0.0,0.0,70.0,0.0,0.0,70.0,0.0,0.0,120.0,0.0,0.0,120.0,0.0,0.0,0.0,0.0,0.0,0.0,0.0,0.0,0.0,0.0,"Mar 17, 2016"
2374,2602003.0,24116.0,Kirkuk,Daquq,Al-Qadissiyah-Taza,تازة-قرية القادسية,35.318707,44.269216,67.0,402.0,22.0,0.0,0.0,0.0,0.0,0.0,0.0,0.0,0.0,0.0,0.0,0.0,0.0,0.0,45.0,0.0,0.0,0.0,0.0,22.0,0.0,0.0,0.0,0.0,0.0,0.0,0.0,0.0,0.0,0.0,0.0,0.0,0.0,0.0,45.0,0.0,0.0,45.0,22.0,0.0,0.0,22.0,45.0,0.0,0.0,45.0,0.0,0.0,0.0,0.0,0.0,0.0,0.0,0.0,0.0,0.0,"Mar 17, 2016"
2375,2602004.0,26069.0,Kirkuk,Daquq,Badawa,بداوة,35.2391848403,44.6079881747,355.0,2130.0,140.0,0.0,0.0,0.0,0.0,0.0,0.0,0.0,75.0,0.0,0.0,0.0,20.0,0.0,120.0,0.0,0.0,0.0,0.0,0.0,0.0,0.0,0.0,0.0,0.0,0.0,355.0,0.0,0.0,355.0,0.0,0.0,0.0,0.0,0.0,0.0,0.0,0.0,0.0,0.0,190.0,0.0,0.0,190.0,70.0,0.0,95.0,70.0,0.0,95.0,0.0,0.0,0.0,0.0,0.0,0.0,"Mar 17, 2016"
2376,2602005.0,14786.0,Kirkuk,Daquq,Fareeq Awa,حي فريق اوه,35.134636043,44.4372189735,460.0,2760.0,140.0,0.0,0.0,0.0,0.0,75.0,0.0,0.0,35.0,0.0,0.0,0.0,0.0,0.0,210.0,0.0,0.0,0.0,0.0,5.0,0.0,0.0,0.0,0.0,0.0,0.0,455.0,0.0,0.0,455.0,0.0,0.0,0.0,0.0,0.0,0.0,0.0,0.0,0.0,0.0,20.0,0.0,250.0,20.0,75.0,250.0,115.0,75.0,0.0,115.0,0.0,0.0,0.0,0.0,0.0,0.0,"Mar 17, 2016"
2377,2602006.0,24238.0,Kirkuk,Daquq,Hay Al Motajawizeen,حي منطقة متجاوزين,35.1470456,44.4522298,420.0,2520.0,135.0,0.0,8.0,0.0,0.0,57.0,0.0,0.0,50.0,0.0,0.0,0.0,0.0,0.0,170.0,0.0,0.0,0.0,0.0,80.0,0.0,0.0,0.0,0.0,0.0,0.0,340.0,0.0,0.0,340.0,0.0,0.0,0.0,0.0,0.0,0.0,0.0,0.0,0.0,0.0,40.0,0.0,90.0,40.0,140.0,90.0,150.0,140.0,0.0,150.0,0.0,0.0,0.0,0.0,0.0,0.0,"Mar 17, 2016"
2378,2602007.0,21453.0,Kirkuk,Daquq,Hay Ashti,حي آشتي,35.1492204074,44.4405085793,435.0,2610.0,40.0,0.0,0.0,0.0,0.0,60.0,0.0,0.0,40.0,0.0,0.0,0.0,45.0,0.0,250.0,0.0,0.0,0.0,0.0,50.0,0.0,0.0,0.0,0.0,0.0,0.0,385.0,0.0,0.0,385.0,0.0,0.0,0.0,0.0,0.0,0.0,0.0,0.0,0.0,0.0,0.0,0.0,220.0,0.0,135.0,220.0,80.0,135.0,0.0,80.0,0.0,0.0,0.0,0.0,0.0,0.0,"Mar 17, 2016"
2379,2602008.0,25557.0,Kirkuk,Daquq,Khala Bazyani,خاله بازياني,35.4180713406,44.6294771468,645.0,3870.0,240.0,0.0,0.0,0.0,0.0,0.0,0.0,0.0,200.0,0.0,0.0,0.0,0.0,0.0,205.0,0.0,0.0,0.0,0.0,0.0,0.0,0.0,0.0,0.0,0.0,0.0,645.0,0.0,0.0,645.0,0.0,0.0,0.0,0.0,0.0,0.0,0.0,0.0,130.0,0.0,110.0,130.0,150.0,110.0,80.0,150.0,175.0,80.0,0.0,175.0,0.0,0.0,0.0,0.0,0.0,0.0,"Mar 17, 2016"
2380,2602009.0,14536.0,Kirkuk,Daquq,Laylan IDP,مخيم ليلان,35.3279844157,44.5283576215,1850.0,11100.0,427.0,0.0,2.0,0.0,0.0,256.0,0.0,0.0,47.0,0.0,0.0,0.0,104.0,0.0,1014.0,0.0,0.0,0.0,1850.0,0.0,0.0,0.0,0.0,0.0,0.0,0.0,0.0,0.0,0.0,0.0,0.0,0.0,0.0,0.0,0.0,0.0,0.0,0.0,202.0,0.0,550.0,202.0,380.0,550.0,567.0,380.0,151.0,567.0,0.0,151.0,0.0,0.0,0.0,0.0,0.0,0.0,"Mar 17, 2016"
2381,2602010.0,25738.0,Kirkuk,Daquq,Laylan-Al Abadat village,قرية العبادات,35.2798405472,44.3604802035,185.0,1110.0,0.0,0.0,0.0,0.0,0.0,0.0,0.0,0.0,175.0,0.0,0.0,0.0,0.0,0.0,10.0,0.0,0.0,0.0,0.0,0.0,0.0,185.0,0.0,0.0,185.0,0.0,0.0,0.0,0.0,0.0,0.0,0.0,0.0,0.0,0.0,0.0,0.0,0.0,0.0,0.0,0.0,0.0,10.0,0.0,175.0,10.0,0.0,175.0,0.0,0.0,0.0,0.0,0.0,0.0,0.0,0.0,"Mar 17, 2016"
2382,2602011.0,25739.0,Kirkuk,Daquq,Laylan-Bash Bulaq village,قرية باش بولاق,35.2525517587,44.3947030887,170.0,1020.0,0.0,0.0,0.0,0.0,0.0,0.0,0.0,0.0,170.0,0.0,0.0,0.0,0.0,0.0,0.0,0.0,0.0,0.0,0.0,50.0,0.0,120.0,0.0,0.0,120.0,0.0,0.0,0.0,0.0,0.0,0.0,0.0,0.0,0.0,0.0,0.0,0.0,0.0,0.0,0.0,0.0,0.0,0.0,0.0,170.0,0.0,0.0,170.0,0.0,0.0,0.0,0.0,0.0,0.0,0.0,0.0,"Mar 17, 2016"
2383,2602012.0,21711.0,Kirkuk,Daquq,Nawroz,حي نوروز,35.3157379358,44.5138656896,350.0,2100.0,60.0,0.0,0.0,0.0,0.0,10.0,0.0,0.0,65.0,0.0,0.0,0.0,170.0,0.0,45.0,0.0,0.0,0.0,0.0,0.0,0.0,0.0,0.0,0.0,0.0,0.0,350.0,0.0,0.0,350.0,0.0,0.0,0.0,0.0,0.0,0.0,0.0,0.0,60.0,0.0,75.0,60.0,35.0,75.0,125.0,35.0,55.0,125.0,0.0,55.0,0.0,0.0,0.0,0.0,0.0,0.0,"Mar 17, 2016"
2384,2602013.0,14960.0,Kirkuk,Daquq,Taza-Omer Bin Khattab,قرية عمر بن الخطاب,35.2389270086,44.3895371908,735.0,4410.0,0.0,0.0,0.0,0.0,0.0,0.0,0.0,0.0,650.0,0.0,0.0,0.0,70.0,0.0,15.0,0.0,0.0,0.0,0.0,0.0,0.0,735.0,0.0,0.0,735.0,0.0,0.0,0.0,0.0,0.0,0.0,0.0,0.0,0.0,0.0,0.0,0.0,0.0,0.0,0.0,55.0,0.0,45.0,55.0,635.0,45.0,0.0,635.0,0.0,0.0,0.0,0.0,0.0,0.0,0.0,0.0,"Mar 17, 2016"
2385,2602014.0,24778.0,Kirkuk,Daquq,Yahyawa,مخيم يحياوة,35.3273006112,44.495974022,483.0,2898.0,0.0,0.0,0.0,0.0,0.0,0.0,0.0,0.0,0.0,0.0,0.0,0.0,483.0,0.0,0.0,0.0,0.0,0.0,483.0,0.0,0.0,0.0,0.0,0.0,0.0,0.0,0.0,0.0,0.0,0.0,0.0,0.0,0.0,0.0,0.0,0.0,0.0,0.0,0.0,0.0,260.0,0.0,0.0,260.0,223.0,0.0,0.0,223.0,0.0,0.0,0.0,0.0,0.0,0.0,0.0,0.0,"Mar 17, 2016"
2386,2602016.0,27337.0,Kirkuk,Daquq,Nazrawa camp,مخيم نزراوة,35.29272,44.57643,463.0,2778.0,0.0,0.0,0.0,0.0,0.0,0.0,0.0,0.0,423.0,0.0,0.0,0.0,5.0,0.0,35.0,0.0,0.0,0.0,463.0,0.0,0.0,0.0,0.0,0.0,0.0,0.0,0.0,0.0,0.0,0.0,0.0,0.0,0.0,0.0,0.0,0.0,0.0,0.0,0.0,0.0,0.0,0.0,0.0,0.0,0.0,0.0,463.0,0.0,0.0,463.0,0.0,0.0,0.0,0.0,0.0,0.0,"Mar 17, 2016"
2387,2602017.0,14545.0,Kirkuk,Daquq,Furqan village,قرية الفرقان,35.3146029389,44.5624205939,356.0,2136.0,130.0,0.0,0.0,0.0,0.0,0.0,0.0,0.0,20.0,0.0,0.0,0.0,6.0,0.0,200.0,0.0,0.0,0.0,0.0,0.0,0.0,0.0,0.0,0.0,0.0,0.0,0.0,0.0,0.0,0.0,0.0,0.0,0.0,0.0,356.0,0.0,0.0,356.0,30.0,0.0,236.0,30.0,0.0,236.0,90.0,0.0,0.0,90.0,0.0,0.0,0.0,0.0,0.0,0.0,0.0,0.0,"Mar 17, 2016"
2388,2602018.0,28476.0,Kirkuk,Daquq,Yarmjia Village,قرية يارمجة,35.3123689457,44.440336901,200.0,1200.0,90.0,0.0,0.0,0.0,0.0,10.0,0.0,0.0,55.0,0.0,0.0,0.0,5.0,0.0,40.0,0.0,0.0,0.0,0.0,50.0,0.0,0.0,0.0,0.0,0.0,0.0,100.0,0.0,0.0,100.0,0.0,0.0,0.0,0.0,50.0,0.0,0.0,50.0,90.0,0.0,50.0,90.0,10.0,50.0,30.0,10.0,20.0,30.0,0.0,20.0,0.0,0.0,0.0,0.0,0.0,0.0,"Mar 17, 2016"
2389,2603001.0,22289.0,Kirkuk,Kirkuk,Al Faylaq-Mahala 5,حي الفيلق-5,35.4761735203,44.3620571151,590.0,3540.0,56.0,0.0,0.0,0.0,0.0,0.0,0.0,0.0,184.0,0.0,0.0,0.0,105.0,0.0,245.0,0.0,0.0,0.0,0.0,0.0,0.0,0.0,0.0,0.0,0.0,0.0,590.0,0.0,0.0,590.0,0.0,0.0,0.0,0.0,0.0,0.0,0.0,0.0,0.0,0.0,36.0,0.0,140.0,36.0,195.0,140.0,219.0,195.0,0.0,219.0,0.0,0.0,0.0,0.0,0.0,0.0,"Mar 17, 2016"
2390,2603002.0,24359.0,Kirkuk,Kirkuk,Al Hurriyah,حي الحرية,35.439308783,44.4133502712,960.0,5760.0,440.0,0.0,0.0,0.0,0.0,0.0,0.0,0.0,90.0,0.0,0.0,0.0,50.0,0.0,380.0,0.0,0.0,0.0,0.0,0.0,0.0,0.0,0.0,0.0,0.0,0.0,960.0,0.0,0.0,960.0,0.0,0.0,0.0,0.0,0.0,0.0,0.0,0.0,180.0,0.0,230.0,180.0,0.0,230.0,320.0,0.0,230.0,320.0,0.0,230.0,0.0,0.0,0.0,0.0,0.0,0.0,"Mar 17, 2016"
2391,2603005.0,14984.0,Kirkuk,Kirkuk,Al Taakhi,حي التأخي,35.4223311983,44.3524947993,1585.0,9510.0,720.0,0.0,50.0,0.0,0.0,25.0,0.0,0.0,575.0,0.0,0.0,0.0,110.0,0.0,105.0,0.0,0.0,0.0,0.0,30.0,0.0,0.0,0.0,0.0,0.0,0.0,1440.0,0.0,0.0,1440.0,0.0,0.0,0.0,0.0,115.0,0.0,0.0,115.0,660.0,0.0,490.0,660.0,0.0,490.0,300.0,0.0,135.0,300.0,0.0,135.0,0.0,0.0,0.0,0.0,0.0,0.0,"Mar 17, 2016"
2392,2603006.0,24084.0,Kirkuk,Kirkuk,Al Tadamon(Hawkari),حي التضامن-هاوكاري-,35.4101237217,44.3873049404,1760.0,10560.0,530.0,0.0,0.0,0.0,0.0,60.0,0.0,0.0,630.0,0.0,0.0,0.0,130.0,0.0,410.0,0.0,0.0,0.0,0.0,60.0,0.0,0.0,0.0,0.0,0.0,0.0,1700.0,0.0,0.0,1700.0,0.0,0.0,0.0,0.0,0.0,0.0,0.0,0.0,500.0,0.0,475.0,500.0,10.0,475.0,610.0,10.0,165.0,610.0,0.0,165.0,0.0,0.0,0.0,0.0,0.0,0.0,"Mar 17, 2016"
2393,2603007.0,24453.0,Kirkuk,Kirkuk,Al Takhi Village,قرية تأخي,35.3767013412,44.3493209875,100.0,600.0,10.0,0.0,0.0,0.0,0.0,0.0,0.0,0.0,60.0,0.0,0.0,0.0,0.0,0.0,30.0,0.0,0.0,0.0,0.0,0.0,0.0,0.0,0.0,0.0,0.0,0.0,60.0,0.0,0.0,60.0,0.0,0.0,0.0,0.0,40.0,0.0,0.0,40.0,0.0,0.0,0.0,0.0,25.0,0.0,45.0,25.0,30.0,45.0,0.0,30.0,0.0,0.0,0.0,0.0,0.0,0.0,"Mar 17, 2016"
2394,2603008.0,14813.0,Kirkuk,Kirkuk,Al-Qadisssiya(Rabareen),حي الانتفاضة-رابرين-(القادسية سابقا),35.4214474,44.4193476,2630.0,15780.0,1280.0,0.0,0.0,0.0,0.0,35.0,0.0,0.0,500.0,0.0,0.0,0.0,600.0,0.0,215.0,0.0,0.0,0.0,0.0,80.0,0.0,0.0,0.0,0.0,0.0,0.0,2300.0,0.0,0.0,2300.0,0.0,0.0,0.0,0.0,250.0,0.0,0.0,250.0,1200.0,0.0,110.0,1200.0,0.0,110.0,1145.0,0.0,175.0,1145.0,0.0,175.0,0.0,0.0,0.0,0.0,0.0,0.0,"Mar 17, 2016"
2395,2603009.0,15433.0,Kirkuk,Kirkuk,Amal al shaabi,حي العمل الشعبي,35.5024861156,44.3346104014,1500.0,9000.0,247.0,0.0,25.0,0.0,0.0,0.0,0.0,0.0,848.0,0.0,0.0,0.0,230.0,0.0,150.0,0.0,0.0,0.0,0.0,0.0,0.0,0.0,0.0,0.0,0.0,0.0,1500.0,0.0,0.0,1500.0,0.0,0.0,0.0,0.0,0.0,0.0,0.0,0.0,225.0,0.0,97.0,225.0,340.0,97.0,315.0,340.0,523.0,315.0,0.0,523.0,0.0,0.0,0.0,0.0,0.0,0.0,"Mar 17, 2016"
2396,2603010.0,24807.0,Kirkuk,Kirkuk,Baglar,حي بكلر,35.4735412424,44.387761656,175.0,1050.0,110.0,0.0,0.0,0.0,0.0,0.0,0.0,0.0,40.0,0.0,0.0,0.0,0.0,0.0,25.0,0.0,0.0,0.0,0.0,0.0,0.0,0.0,0.0,0.0,0.0,0.0,175.0,0.0,0.0,175.0,0.0,0.0,0.0,0.0,0.0,0.0,0.0,0.0,0.0,0.0,0.0,0.0,25.0,0.0,50.0,25.0,100.0,50.0,0.0,100.0,0.0,0.0,0.0,0.0,0.0,0.0,"Mar 17, 2016"
2397,2603011.0,15449.0,Kirkuk,Kirkuk,Bajwan,قرية باجوان,35.5411040921,44.2818801579,413.0,2478.0,185.0,0.0,0.0,0.0,0.0,0.0,0.0,0.0,140.0,0.0,0.0,0.0,55.0,0.0,33.0,0.0,0.0,0.0,0.0,50.0,0.0,0.0,0.0,0.0,0.0,0.0,280.0,0.0,0.0,280.0,0.0,0.0,0.0,0.0,83.0,0.0,0.0,83.0,85.0,0.0,0.0,85.0,85.0,0.0,228.0,85.0,15.0,228.0,0.0,15.0,0.0,0.0,0.0,0.0,0.0,0.0,"Mar 17, 2016"
2398,2603012.0,25556.0,Kirkuk,Kirkuk,Darwaza,دروازة,35.4733986619,44.4162548227,495.0,2970.0,80.0,0.0,0.0,0.0,0.0,0.0,0.0,0.0,95.0,0.0,0.0,0.0,0.0,0.0,320.0,0.0,0.0,0.0,0.0,0.0,0.0,0.0,0.0,0.0,0.0,0.0,495.0,0.0,0.0,495.0,0.0,0.0,0.0,0.0,0.0,0.0,0.0,0.0,50.0,0.0,320.0,50.0,0.0,320.0,10.0,0.0,115.0,10.0,0.0,115.0,0.0,0.0,0.0,0.0,0.0,0.0,"Mar 17, 2016"
2399,2603013.0,15603.0,Kirkuk,Kirkuk,Hay 1 Athar,حي 1 اذار,35.3979694296,44.3643386341,390.0,2340.0,198.0,0.0,0.0,0.0,0.0,0.0,0.0,0.0,172.0,0.0,0.0,0.0,0.0,0.0,20.0,0.0,0.0,0.0,0.0,30.0,0.0,0.0,0.0,0.0,0.0,0.0,360.0,0.0,0.0,360.0,0.0,0.0,0.0,0.0,0.0,0.0,0.0,0.0,0.0,0.0,210.0,0.0,0.0,210.0,20.0,0.0,160.0,20.0,0.0,160.0,0.0,0.0,0.0,0.0,0.0,0.0,"Mar 17, 2016"
2400,2603014.0,15624.0,Kirkuk,Kirkuk,Hay Adan,حي عدن,35.408876466,44.3770405801,305.0,1830.0,95.0,0.0,0.0,0.0,0.0,0.0,0.0,0.0,175.0,0.0,0.0,0.0,0.0,0.0,35.0,0.0,0.0,0.0,0.0,0.0,0.0,0.0,0.0,0.0,0.0,0.0,305.0,0.0,0.0,305.0,0.0,0.0,0.0,0.0,0.0,0.0,0.0,0.0,0.0,0.0,50.0,0.0,45.0,50.0,80.0,45.0,130.0,80.0,0.0,130.0,0.0,0.0,0.0,0.0,0.0,0.0,"Mar 17, 2016"
2401,2603015.0,24779.0,Kirkuk,Kirkuk,Hay Al Hamzali,حي الحمزلي,35.4550989037,44.3668239389,175.0,1050.0,70.0,0.0,0.0,0.0,0.0,0.0,0.0,0.0,0.0,0.0,0.0,0.0,60.0,0.0,45.0,0.0,0.0,0.0,0.0,10.0,0.0,0.0,0.0,0.0,0.0,0.0,130.0,0.0,0.0,130.0,0.0,0.0,0.0,0.0,35.0,0.0,0.0,35.0,0.0,0.0,65.0,0.0,100.0,65.0,0.0,100.0,10.0,0.0,0.0,10.0,0.0,0.0,0.0,0.0,0.0,0.0,"Mar 17, 2016"
2402,2603016.0,22296.0,Kirkuk,Kirkuk,Hay Al Jamia-Mahalla 622,حي الجامعة-622,35.4079381819,44.3267362641,6335.0,38010.0,3150.0,0.0,0.0,0.0,0.0,500.0,0.0,0.0,1905.0,0.0,0.0,0.0,480.0,0.0,300.0,0.0,0.0,0.0,0.0,115.0,0.0,200.0,0.0,0.0,200.0,0.0,5410.0,0.0,0.0,5410.0,0.0,0.0,0.0,0.0,610.0,0.0,0.0,610.0,1900.0,0.0,2120.0,1900.0,670.0,2120.0,1030.0,670.0,615.0,1030.0,0.0,615.0,0.0,0.0,0.0,0.0,0.0,0.0,"Mar 17, 2016"
2403,2603017.0,24089.0,Kirkuk,Kirkuk,Hay Al Mansour,حي المنصور,35.4389935523,44.3691155294,355.0,2130.0,115.0,0.0,20.0,0.0,0.0,0.0,0.0,0.0,110.0,0.0,0.0,0.0,55.0,0.0,55.0,0.0,0.0,0.0,0.0,0.0,0.0,0.0,0.0,0.0,0.0,0.0,355.0,0.0,0.0,355.0,0.0,0.0,0.0,0.0,0.0,0.0,0.0,0.0,85.0,0.0,130.0,85.0,75.0,130.0,0.0,75.0,65.0,0.0,0.0,65.0,0.0,0.0,0.0,0.0,0.0,0.0,"Mar 17, 2016"
2404,2603018.0,15582.0,Kirkuk,Kirkuk,Hay Al mas,حي الماس,35.4802878935,44.3859447464,350.0,2100.0,85.0,0.0,0.0,0.0,0.0,0.0,0.0,0.0,190.0,0.0,0.0,0.0,30.0,0.0,45.0,0.0,0.0,0.0,0.0,0.0,0.0,0.0,0.0,0.0,0.0,0.0,350.0,0.0,0.0,350.0,0.0,0.0,0.0,0.0,0.0,0.0,0.0,0.0,0.0,0.0,110.0,0.0,145.0,110.0,0.0,145.0,95.0,0.0,0.0,95.0,0.0,0.0,0.0,0.0,0.0,0.0,"Mar 17, 2016"
2405,2603019.0,21016.0,Kirkuk,Kirkuk,Hay Al Nassir,حي النصر,35.4278453307,44.4071895955,1450.0,8700.0,980.0,0.0,0.0,0.0,0.0,25.0,0.0,0.0,330.0,0.0,0.0,0.0,90.0,0.0,25.0,0.0,0.0,0.0,0.0,50.0,0.0,0.0,0.0,0.0,0.0,0.0,1370.0,0.0,0.0,1370.0,0.0,0.0,0.0,0.0,30.0,0.0,0.0,30.0,950.0,0.0,0.0,950.0,55.0,0.0,285.0,55.0,160.0,285.0,0.0,160.0,0.0,0.0,0.0,0.0,0.0,0.0,"Mar 17, 2016"
2406,2603020.0,24780.0,Kirkuk,Kirkuk,Hay Al Sekak,حي السكك,35.4214561414,44.3361168118,1140.0,6840.0,320.0,0.0,15.0,0.0,0.0,20.0,0.0,0.0,515.0,0.0,0.0,0.0,120.0,0.0,150.0,0.0,0.0,0.0,0.0,0.0,0.0,0.0,0.0,0.0,0.0,0.0,1130.0,0.0,0.0,1130.0,0.0,0.0,0.0,0.0,10.0,0.0,0.0,10.0,135.0,0.0,100.0,135.0,210.0,100.0,295.0,210.0,400.0,295.0,0.0,400.0,0.0,0.0,0.0,0.0,0.0,0.0,"Mar 17, 2016"
2407,2603021.0,23746.0,Kirkuk,Kirkuk,Hay Al-Askary,حي العسكري,35.4122557,44.401134,3125.0,18750.0,1890.0,30.0,0.0,0.0,0.0,80.0,0.0,0.0,388.0,0.0,0.0,0.0,180.0,0.0,557.0,0.0,0.0,0.0,0.0,90.0,0.0,0.0,0.0,0.0,0.0,0.0,2155.0,0.0,0.0,2155.0,0.0,0.0,0.0,0.0,880.0,0.0,0.0,880.0,1830.0,0.0,505.0,1830.0,77.0,505.0,485.0,77.0,228.0,485.0,0.0,228.0,0.0,0.0,0.0,0.0,0.0,0.0,"Mar 17, 2016"
2408,2603022.0,15578.0,Kirkuk,Kirkuk,Hay Al-Khadraa,حي الخضراء,35.4343247685,44.353204455,1490.0,8940.0,815.0,0.0,0.0,0.0,0.0,0.0,0.0,0.0,235.0,0.0,0.0,0.0,250.0,0.0,190.0,0.0,0.0,0.0,0.0,40.0,0.0,0.0,0.0,0.0,0.0,0.0,1330.0,0.0,0.0,1330.0,0.0,0.0,0.0,0.0,120.0,0.0,0.0,120.0,750.0,0.0,160.0,750.0,285.0,160.0,100.0,285.0,195.0,100.0,0.0,195.0,0.0,0.0,0.0,0.0,0.0,0.0,"Mar 17, 2016"
2409,2603023.0,15650.0,Kirkuk,Kirkuk,Hay Al-Nasir 2,حي النصر 2,35.4163487125,44.39534,1222.0,7332.0,680.0,0.0,45.0,0.0,0.0,0.0,0.0,0.0,217.0,0.0,0.0,0.0,75.0,0.0,205.0,0.0,0.0,0.0,0.0,0.0,0.0,0.0,0.0,0.0,0.0,0.0,1222.0,0.0,0.0,1222.0,0.0,0.0,0.0,0.0,0.0,0.0,0.0,0.0,0.0,0.0,575.0,0.0,305.0,575.0,140.0,305.0,202.0,140.0,0.0,202.0,0.0,0.0,0.0,0.0,0.0,0.0,"Mar 17, 2016"
2410,2603024.0,15639.0,Kirkuk,Kirkuk,Hay Al-Nedaa,حي النداء,35.397851,44.3756889982,1180.0,7080.0,560.0,0.0,0.0,0.0,0.0,25.0,0.0,0.0,500.0,0.0,0.0,0.0,0.0,0.0,95.0,0.0,0.0,0.0,0.0,35.0,0.0,125.0,0.0,0.0,125.0,5.0,955.0,5.0,0.0,955.0,0.0,0.0,0.0,0.0,60.0,0.0,0.0,60.0,500.0,0.0,95.0,500.0,157.0,95.0,64.0,157.0,364.0,64.0,0.0,364.0,0.0,0.0,0.0,0.0,0.0,0.0,"Mar 17, 2016"
2411,2603025.0,15658.0,Kirkuk,Kirkuk,Hay Al-Sinay,حي الصناعي,35.3560290252,44.3016781198,110.0,660.0,10.0,0.0,0.0,0.0,0.0,5.0,0.0,0.0,80.0,0.0,0.0,0.0,0.0,0.0,15.0,0.0,0.0,0.0,0.0,0.0,0.0,25.0,0.0,0.0,25.0,0.0,50.0,0.0,0.0,50.0,0.0,0.0,0.0,0.0,35.0,0.0,0.0,35.0,15.0,0.0,15.0,15.0,40.0,15.0,10.0,40.0,30.0,10.0,0.0,30.0,0.0,0.0,0.0,0.0,0.0,0.0,"Mar 17, 2016"
2412,2603026.0,15550.0,Kirkuk,Kirkuk,Hay Al-Urooba,حي العروبة,35.4296511042,44.3918360517,1735.0,10410.0,550.0,0.0,0.0,0.0,0.0,0.0,0.0,0.0,1020.0,0.0,0.0,0.0,60.0,0.0,105.0,0.0,0.0,0.0,0.0,0.0,0.0,0.0,0.0,0.0,0.0,0.0,1735.0,0.0,0.0,1735.0,0.0,0.0,0.0,0.0,0.0,0.0,0.0,0.0,400.0,0.0,120.0,400.0,0.0,120.0,370.0,0.0,845.0,370.0,0.0,845.0,0.0,0.0,0.0,0.0,0.0,0.0,"Mar 17, 2016"
2413,2603027.0,23899.0,Kirkuk,Kirkuk,Hay Al-Zawraa,حي الزوراء,35.3899777491,44.3916803076,1200.0,7200.0,520.0,0.0,0.0,0.0,0.0,30.0,0.0,0.0,490.0,0.0,0.0,0.0,100.0,0.0,60.0,0.0,0.0,0.0,0.0,115.0,0.0,0.0,0.0,0.0,0.0,0.0,915.0,0.0,0.0,915.0,0.0,0.0,0.0,0.0,170.0,0.0,0.0,170.0,25.0,0.0,100.0,25.0,100.0,100.0,670.0,100.0,305.0,670.0,0.0,305.0,0.0,0.0,0.0,0.0,0.0,0.0,"Mar 17, 2016"
2414,2603028.0,24142.0,Kirkuk,Kirkuk,Hay Arafah 201,عرفة,35.4887730693,44.3711684031,92.0,552.0,27.0,0.0,0.0,0.0,0.0,0.0,0.0,0.0,0.0,0.0,0.0,0.0,40.0,0.0,25.0,0.0,0.0,0.0,0.0,0.0,0.0,0.0,0.0,0.0,0.0,0.0,92.0,0.0,0.0,92.0,0.0,0.0,0.0,0.0,0.0,0.0,0.0,0.0,0.0,0.0,65.0,0.0,25.0,65.0,0.0,25.0,2.0,0.0,0.0,2.0,0.0,0.0,0.0,0.0,0.0,0.0,"Mar 17, 2016"
2415,2603029.0,21702.0,Kirkuk,Kirkuk,Hay Azadi,حي ازادي,35.4814452737,44.4186038802,510.0,3060.0,250.0,0.0,0.0,0.0,0.0,25.0,0.0,0.0,120.0,0.0,0.0,0.0,50.0,0.0,65.0,0.0,0.0,0.0,0.0,0.0,0.0,0.0,0.0,0.0,0.0,0.0,510.0,0.0,0.0,510.0,0.0,0.0,0.0,0.0,0.0,0.0,0.0,0.0,0.0,0.0,330.0,0.0,0.0,330.0,115.0,0.0,65.0,115.0,0.0,65.0,0.0,0.0,0.0,0.0,0.0,0.0,"Mar 17, 2016"
2416,2603030.0,15584.0,Kirkuk,Kirkuk,Hay Ghurnata,حي غرناطة,35.435250627,44.3814867022,985.0,5910.0,422.0,0.0,0.0,0.0,0.0,0.0,0.0,0.0,403.0,0.0,0.0,0.0,80.0,0.0,80.0,0.0,0.0,0.0,0.0,40.0,0.0,0.0,0.0,0.0,0.0,0.0,945.0,0.0,0.0,945.0,0.0,0.0,0.0,0.0,0.0,0.0,0.0,0.0,335.0,0.0,30.0,335.0,215.0,30.0,80.0,215.0,325.0,80.0,0.0,325.0,0.0,0.0,0.0,0.0,0.0,0.0,"Mar 17, 2016"
2417,2603031.0,15694.0,Kirkuk,Kirkuk,Hay Musalla,حي المصلى,35.4631820131,44.3957085963,920.0,5520.0,435.0,0.0,80.0,0.0,0.0,0.0,0.0,0.0,293.0,0.0,0.0,0.0,112.0,0.0,0.0,0.0,0.0,0.0,0.0,0.0,0.0,0.0,0.0,0.0,0.0,0.0,920.0,0.0,0.0,920.0,0.0,0.0,0.0,0.0,0.0,0.0,0.0,0.0,0.0,0.0,350.0,0.0,312.0,350.0,80.0,312.0,178.0,80.0,0.0,178.0,0.0,0.0,0.0,0.0,0.0,0.0,"Mar 17, 2016"
2418,2603032.0,15679.0,Kirkuk,Kirkuk,Hay Rasheed(Domiz),حي الرشيد-دوميز-,35.3910756237,44.38154581,1630.0,9780.0,560.0,0.0,0.0,0.0,0.0,30.0,0.0,0.0,410.0,0.0,0.0,0.0,150.0,0.0,480.0,0.0,0.0,0.0,0.0,240.0,0.0,0.0,0.0,0.0,0.0,0.0,1390.0,0.0,0.0,1390.0,0.0,0.0,0.0,0.0,0.0,0.0,0.0,0.0,428.0,0.0,610.0,428.0,0.0,610.0,225.0,0.0,367.0,225.0,0.0,367.0,0.0,0.0,0.0,0.0,0.0,0.0,"Mar 17, 2016"
2419,2603038.0,14530.0,Kirkuk,Kirkuk,Panja Ali,بنجه علي,35.4369200075,44.4276313888,1140.0,6840.0,455.0,0.0,0.0,0.0,0.0,0.0,0.0,0.0,415.0,0.0,0.0,0.0,0.0,0.0,270.0,0.0,0.0,0.0,0.0,0.0,0.0,0.0,0.0,0.0,0.0,0.0,1045.0,0.0,0.0,1045.0,0.0,0.0,0.0,0.0,95.0,0.0,0.0,95.0,200.0,0.0,0.0,200.0,0.0,0.0,670.0,0.0,270.0,670.0,0.0,270.0,0.0,0.0,0.0,0.0,0.0,0.0,"Mar 17, 2016"
2420,2603039.0,15430.0,Kirkuk,Kirkuk,Qara tappa,قرية قره تبه,35.4679,44.2671,122.0,732.0,20.0,0.0,0.0,0.0,0.0,50.0,0.0,0.0,0.0,0.0,0.0,0.0,0.0,0.0,52.0,0.0,0.0,0.0,0.0,0.0,0.0,0.0,0.0,0.0,0.0,0.0,80.0,0.0,0.0,80.0,0.0,0.0,0.0,0.0,42.0,0.0,0.0,42.0,0.0,0.0,0.0,0.0,37.0,0.0,65.0,37.0,20.0,65.0,0.0,20.0,0.0,0.0,0.0,0.0,0.0,0.0,"Mar 17, 2016"
2421,2603040.0,22199.0,Kirkuk,Kirkuk,Qaryat Kamptelar,قرية كمبتلر,35.5075219569,44.2702509227,123.0,738.0,65.0,0.0,0.0,0.0,0.0,0.0,0.0,0.0,58.0,0.0,0.0,0.0,0.0,0.0,0.0,0.0,0.0,0.0,0.0,0.0,0.0,0.0,0.0,0.0,0.0,0.0,50.0,0.0,0.0,50.0,0.0,0.0,0.0,0.0,73.0,0.0,0.0,73.0,20.0,0.0,45.0,20.0,0.0,45.0,58.0,0.0,0.0,58.0,0.0,0.0,0.0,0.0,0.0,0.0,0.0,0.0,"Mar 17, 2016"
2422,2603041.0,22495.0,Kirkuk,Kirkuk,Qaryat Tobzawa,قرية طوبزاوة,35.3958484253,44.274991164,375.0,2250.0,175.0,0.0,0.0,0.0,0.0,60.0,0.0,0.0,15.0,0.0,0.0,0.0,0.0,0.0,125.0,0.0,0.0,0.0,0.0,0.0,0.0,0.0,0.0,0.0,0.0,0.0,275.0,0.0,0.0,275.0,0.0,0.0,0.0,0.0,100.0,0.0,0.0,100.0,0.0,0.0,125.0,0.0,0.0,125.0,230.0,0.0,20.0,230.0,0.0,20.0,0.0,0.0,0.0,0.0,0.0,0.0,"Mar 17, 2016"
2423,2603042.0,14474.0,Kirkuk,Kirkuk,Qizil Yar,قرية قزليار,35.4695824277,44.248788025,40.0,240.0,15.0,0.0,0.0,0.0,0.0,0.0,0.0,0.0,5.0,0.0,0.0,0.0,20.0,0.0,0.0,0.0,0.0,0.0,0.0,15.0,0.0,0.0,0.0,0.0,0.0,0.0,0.0,0.0,0.0,0.0,0.0,0.0,0.0,0.0,25.0,0.0,0.0,25.0,15.0,0.0,0.0,15.0,0.0,0.0,25.0,0.0,0.0,25.0,0.0,0.0,0.0,0.0,0.0,0.0,0.0,0.0,"Mar 17, 2016"
2424,2603043.0,23632.0,Kirkuk,Kirkuk,Quriya,حي القورية,35.471389,44.384444,370.0,2220.0,230.0,0.0,0.0,0.0,0.0,0.0,0.0,0.0,20.0,0.0,0.0,0.0,55.0,0.0,65.0,0.0,0.0,0.0,0.0,0.0,0.0,0.0,0.0,0.0,0.0,0.0,370.0,0.0,0.0,370.0,0.0,0.0,0.0,0.0,0.0,0.0,0.0,0.0,0.0,0.0,350.0,0.0,0.0,350.0,20.0,0.0,0.0,20.0,0.0,0.0,0.0,0.0,0.0,0.0,0.0,0.0,"Mar 17, 2016"
2425,2603044.0,14763.0,Kirkuk,Kirkuk,Rahim Awa,رحيم اوه,35.4974935968,44.3956196906,1140.0,6840.0,360.0,0.0,0.0,0.0,0.0,0.0,0.0,0.0,285.0,0.0,0.0,0.0,150.0,0.0,345.0,0.0,0.0,0.0,0.0,0.0,0.0,0.0,0.0,0.0,0.0,0.0,1140.0,0.0,0.0,1140.0,0.0,0.0,0.0,0.0,0.0,0.0,0.0,0.0,0.0,0.0,450.0,0.0,90.0,450.0,110.0,90.0,490.0,110.0,0.0,490.0,0.0,0.0,0.0,0.0,0.0,0.0,"Mar 17, 2016"
2426,2603045.0,23634.0,Kirkuk,Kirkuk,Runaki,حي روناكي,35.4456806353,44.4053745369,400.0,2400.0,175.0,0.0,0.0,0.0,0.0,0.0,0.0,0.0,30.0,0.0,0.0,0.0,30.0,0.0,165.0,0.0,0.0,0.0,0.0,0.0,0.0,0.0,0.0,0.0,0.0,0.0,400.0,0.0,0.0,400.0,0.0,0.0,0.0,0.0,0.0,0.0,0.0,0.0,0.0,0.0,225.0,0.0,90.0,225.0,30.0,90.0,55.0,30.0,0.0,55.0,0.0,0.0,0.0,0.0,0.0,0.0,"Mar 17, 2016"
2427,2603046.0,24806.0,Kirkuk,Kirkuk,Sary Kahya,حي صاري كهيه,35.4662918306,44.3772091904,535.0,3210.0,285.0,0.0,0.0,0.0,0.0,0.0,0.0,0.0,44.0,0.0,0.0,0.0,70.0,0.0,136.0,0.0,0.0,0.0,0.0,0.0,0.0,0.0,0.0,0.0,0.0,0.0,460.0,0.0,0.0,460.0,0.0,0.0,0.0,0.0,75.0,0.0,0.0,75.0,285.0,0.0,86.0,285.0,60.0,86.0,60.0,60.0,44.0,60.0,0.0,44.0,0.0,0.0,0.0,0.0,0.0,0.0,"Mar 17, 2016"
2428,2603047.0,24422.0,Kirkuk,Kirkuk,Sayada village,قرية صيادة,35.3610924208,44.3314596647,115.0,690.0,25.0,0.0,0.0,0.0,0.0,20.0,0.0,0.0,0.0,0.0,0.0,0.0,0.0,0.0,70.0,0.0,0.0,0.0,0.0,0.0,0.0,0.0,0.0,0.0,0.0,0.0,0.0,0.0,0.0,0.0,0.0,0.0,0.0,0.0,115.0,0.0,0.0,115.0,0.0,0.0,90.0,0.0,0.0,90.0,15.0,0.0,10.0,15.0,0.0,10.0,0.0,0.0,0.0,0.0,0.0,0.0,"Mar 17, 2016"
2429,2603048.0,15522.0,Kirkuk,Kirkuk,Shwan Center,مركز ناحية شوان,35.7351842292,44.4870318524,135.0,810.0,40.0,0.0,0.0,0.0,0.0,0.0,0.0,0.0,0.0,0.0,0.0,0.0,40.0,0.0,55.0,0.0,0.0,0.0,0.0,0.0,0.0,0.0,0.0,0.0,0.0,0.0,135.0,0.0,0.0,135.0,0.0,0.0,0.0,0.0,0.0,0.0,0.0,0.0,0.0,0.0,70.0,0.0,65.0,70.0,0.0,65.0,0.0,0.0,0.0,0.0,0.0,0.0,0.0,0.0,0.0,0.0,"Mar 17, 2016"
2430,2603050.0,14703.0,Kirkuk,Kirkuk,Tiseen,حي تسن,35.445333511,44.3711164081,765.0,4590.0,165.0,0.0,0.0,0.0,0.0,0.0,0.0,0.0,330.0,0.0,0.0,0.0,30.0,0.0,240.0,0.0,0.0,0.0,0.0,40.0,0.0,0.0,0.0,0.0,0.0,0.0,645.0,0.0,0.0,645.0,0.0,0.0,0.0,0.0,80.0,0.0,0.0,80.0,80.0,0.0,200.0,80.0,30.0,200.0,300.0,30.0,155.0,300.0,0.0,155.0,0.0,0.0,0.0,0.0,0.0,0.0,"Mar 17, 2016"
2431,2603051.0,14464.0,Kirkuk,Kirkuk,Yaychi-101,حي يايجي-101,35.4385383531,44.2376825469,648.0,3888.0,398.0,0.0,0.0,0.0,0.0,0.0,0.0,0.0,125.0,0.0,0.0,0.0,0.0,0.0,125.0,0.0,0.0,0.0,0.0,70.0,0.0,0.0,0.0,0.0,0.0,0.0,430.0,0.0,0.0,430.0,0.0,0.0,0.0,0.0,148.0,0.0,0.0,148.0,230.0,0.0,0.0,230.0,40.0,0.0,293.0,40.0,85.0,293.0,0.0,85.0,0.0,0.0,0.0,0.0,0.0,0.0,"Mar 17, 2016"
2432,2603052.0,23901.0,Kirkuk,Kirkuk,Yaychi-Qaryat Dibak Taba,قرية ديبك تبة,35.44244293,44.2845542687,25.0,150.0,5.0,0.0,0.0,0.0,0.0,0.0,0.0,0.0,20.0,0.0,0.0,0.0,0.0,0.0,0.0,0.0,0.0,0.0,0.0,5.0,0.0,0.0,0.0,0.0,0.0,0.0,0.0,0.0,0.0,0.0,0.0,0.0,0.0,0.0,20.0,0.0,0.0,20.0,5.0,0.0,0.0,5.0,0.0,0.0,20.0,0.0,0.0,20.0,0.0,0.0,0.0,0.0,0.0,0.0,0.0,0.0,"Mar 17, 2016"
2433,2603053.0,23900.0,Kirkuk,Kirkuk,Yaychi-Qaryat Turklan,قرية تركلان,35.3881488299,44.2759519887,481.0,2886.0,140.0,0.0,0.0,0.0,0.0,0.0,0.0,0.0,186.0,0.0,0.0,0.0,30.0,0.0,125.0,0.0,0.0,0.0,0.0,80.0,0.0,0.0,0.0,0.0,0.0,0.0,301.0,0.0,0.0,301.0,0.0,0.0,0.0,0.0,100.0,0.0,0.0,100.0,40.0,0.0,0.0,40.0,90.0,0.0,325.0,90.0,26.0,325.0,0.0,26.0,0.0,0.0,0.0,0.0,0.0,0.0,"Mar 17, 2016"
2434,2603059.0,28410.0,Kirkuk,Kirkuk,Sekanyan,سيكانيان,35.5541193934,44.360257535,43.0,258.0,0.0,0.0,0.0,0.0,0.0,0.0,0.0,0.0,0.0,0.0,0.0,0.0,43.0,0.0,0.0,0.0,0.0,0.0,0.0,0.0,0.0,0.0,0.0,0.0,0.0,0.0,43.0,0.0,0.0,43.0,0.0,0.0,0.0,0.0,0.0,0.0,0.0,0.0,0.0,0.0,0.0,0.0,43.0,0.0,0.0,43.0,0.0,0.0,0.0,0.0,0.0,0.0,0.0,0.0,0.0,0.0,"Mar 17, 2016"
2435,2603060.0,15442.0,Kirkuk,Kirkuk,Shorawo,شوراو,35.5250152249,44.3848430318,59.0,354.0,0.0,0.0,0.0,0.0,0.0,0.0,0.0,0.0,59.0,0.0,0.0,0.0,0.0,0.0,0.0,0.0,0.0,0.0,0.0,0.0,0.0,0.0,0.0,0.0,0.0,0.0,59.0,0.0,0.0,59.0,0.0,0.0,0.0,0.0,0.0,0.0,0.0,0.0,0.0,0.0,0.0,0.0,0.0,0.0,0.0,0.0,59.0,0.0,0.0,59.0,0.0,0.0,0.0,0.0,0.0,0.0,"Mar 17, 2016"
2436,2603061.0,22847.0,Kirkuk,Kirkuk,chardaghli village,قرية جرداغلوا,35.3556783563,44.3127887632,188.0,1128.0,18.0,0.0,0.0,0.0,0.0,10.0,0.0,0.0,120.0,0.0,0.0,0.0,0.0,0.0,40.0,0.0,0.0,0.0,0.0,0.0,5.0,0.0,0.0,0.0,0.0,0.0,83.0,0.0,0.0,83.0,0.0,0.0,0.0,0.0,100.0,0.0,0.0,100.0,28.0,0.0,30.0,28.0,60.0,30.0,0.0,60.0,70.0,0.0,0.0,70.0,0.0,0.0,0.0,0.0,0.0,0.0,"Mar 17, 2016"
2437,2603062.0,14611.0,Kirkuk,Kirkuk,Jadida Village,قرية الجديدة,35.4277,44.2258,164.0,984.0,13.0,0.0,0.0,0.0,0.0,49.0,0.0,0.0,55.0,0.0,0.0,0.0,1.0,0.0,46.0,0.0,0.0,0.0,0.0,0.0,0.0,0.0,0.0,0.0,0.0,0.0,0.0,0.0,0.0,0.0,0.0,0.0,0.0,0.0,164.0,0.0,0.0,164.0,30.0,0.0,40.0,30.0,44.0,40.0,20.0,44.0,30.0,20.0,0.0,30.0,0.0,0.0,0.0,0.0,0.0,0.0,"Mar 17, 2016"
2438,2604001.0,14375.0,Kirkuk,Dabes,Altun Kupri Center,مركز ناحية التون كوبري,35.7562662504,44.1387131723,690.0,4140.0,80.0,0.0,20.0,0.0,0.0,15.0,0.0,0.0,0.0,0.0,0.0,0.0,500.0,0.0,75.0,0.0,0.0,0.0,0.0,0.0,0.0,0.0,0.0,0.0,0.0,0.0,690.0,0.0,0.0,690.0,0.0,0.0,0.0,0.0,0.0,0.0,0.0,0.0,80.0,0.0,345.0,80.0,65.0,345.0,200.0,65.0,0.0,200.0,0.0,0.0,0.0,0.0,0.0,0.0,0.0,0.0,"Mar 17, 2016"
2439,2604002.0,14424.0,Kirkuk,Dabes,Bay Hasan,قرية باي حسن,35.63,44.01,90.0,540.0,0.0,0.0,0.0,0.0,0.0,0.0,0.0,0.0,90.0,0.0,0.0,0.0,0.0,0.0,0.0,0.0,0.0,0.0,0.0,70.0,0.0,0.0,0.0,0.0,0.0,0.0,0.0,0.0,0.0,0.0,0.0,0.0,0.0,0.0,20.0,0.0,0.0,20.0,0.0,0.0,0.0,0.0,0.0,0.0,90.0,0.0,0.0,90.0,0.0,0.0,0.0,0.0,0.0,0.0,0.0,0.0,"Mar 17, 2016"
2440,2604005.0,24632.0,Kirkuk,Dabes,Hay Al Muaasker,حي المعسكر,35.667296708,44.074888401,90.0,540.0,0.0,0.0,0.0,0.0,0.0,0.0,0.0,0.0,90.0,0.0,0.0,0.0,0.0,0.0,0.0,0.0,0.0,0.0,0.0,0.0,0.0,0.0,0.0,0.0,0.0,0.0,90.0,0.0,0.0,90.0,0.0,0.0,0.0,0.0,0.0,0.0,0.0,0.0,0.0,0.0,0.0,0.0,0.0,0.0,70.0,0.0,20.0,70.0,0.0,20.0,0.0,0.0,0.0,0.0,0.0,0.0,"Mar 17, 2016"
2441,2604006.0,24631.0,Kirkuk,Dabes,Hay Al Tanak,حي التنك,35.6605481038,44.0899282922,50.0,300.0,0.0,0.0,0.0,0.0,0.0,0.0,0.0,0.0,50.0,0.0,0.0,0.0,0.0,0.0,0.0,0.0,0.0,0.0,0.0,0.0,0.0,0.0,0.0,0.0,0.0,0.0,50.0,0.0,0.0,50.0,0.0,0.0,0.0,0.0,0.0,0.0,0.0,0.0,0.0,0.0,0.0,0.0,0.0,0.0,40.0,0.0,10.0,40.0,0.0,10.0,0.0,0.0,0.0,0.0,0.0,0.0,"Mar 17, 2016"
2442,2604007.0,15674.0,Kirkuk,Dabes,Hay Al-Shuhadaa,حي الشهداء,35.6705348992,44.069217917,60.0,360.0,0.0,0.0,0.0,0.0,0.0,0.0,0.0,0.0,60.0,0.0,0.0,0.0,0.0,0.0,0.0,0.0,0.0,0.0,0.0,0.0,0.0,0.0,0.0,0.0,0.0,0.0,60.0,0.0,0.0,60.0,0.0,0.0,0.0,0.0,0.0,0.0,0.0,0.0,0.0,0.0,0.0,0.0,0.0,0.0,60.0,0.0,0.0,60.0,0.0,0.0,0.0,0.0,0.0,0.0,0.0,0.0,"Mar 17, 2016"
2443,2604009.0,15413.0,Kirkuk,Dabes,Rubaidha asriya,ربيضة عصرية,35.483285,43.957607,500.0,3000.0,0.0,0.0,0.0,0.0,0.0,0.0,0.0,0.0,500.0,0.0,0.0,0.0,0.0,0.0,0.0,0.0,0.0,0.0,0.0,0.0,0.0,0.0,0.0,0.0,0.0,0.0,0.0,0.0,0.0,0.0,0.0,0.0,0.0,0.0,200.0,0.0,300.0,200.0,0.0,300.0,0.0,0.0,0.0,0.0,500.0,0.0,0.0,500.0,0.0,0.0,0.0,0.0,0.0,0.0,0.0,0.0,"Mar 17, 2016"
2444,2701001.0,17734.0,Ninewa,Akre,Akre,عقرة,36.7361641121,43.8703676367,2259.0,13554.0,0.0,0.0,0.0,0.0,0.0,0.0,0.0,0.0,0.0,0.0,0.0,0.0,2259.0,0.0,0.0,0.0,0.0,0.0,0.0,218.0,0.0,0.0,0.0,0.0,0.0,0.0,1741.0,0.0,0.0,1741.0,0.0,0.0,0.0,0.0,300.0,0.0,0.0,300.0,0.0,0.0,1136.0,0.0,1123.0,1136.0,0.0,1123.0,0.0,0.0,0.0,0.0,0.0,0.0,0.0,0.0,0.0,0.0,"Mar 17, 2016"
2445,2701002.0,17295.0,Ninewa,Akre,Amiyanook,آميانوك,36.5368014067,43.6040783128,48.0,288.0,0.0,0.0,0.0,0.0,0.0,0.0,0.0,0.0,0.0,0.0,0.0,0.0,48.0,0.0,0.0,0.0,0.0,0.0,0.0,2.0,0.0,0.0,0.0,0.0,0.0,0.0,34.0,0.0,0.0,34.0,0.0,0.0,0.0,0.0,12.0,0.0,0.0,12.0,0.0,0.0,0.0,0.0,48.0,0.0,0.0,48.0,0.0,0.0,0.0,0.0,0.0,0.0,0.0,0.0,0.0,0.0,"Mar 17, 2016"
2446,2701003.0,8789.0,Ninewa,Akre,Amyan,اميان,36.5374827537,43.5984455004,71.0,426.0,0.0,0.0,0.0,0.0,0.0,0.0,0.0,0.0,0.0,0.0,0.0,0.0,71.0,0.0,0.0,0.0,0.0,0.0,0.0,43.0,0.0,0.0,0.0,0.0,0.0,0.0,7.0,0.0,0.0,7.0,0.0,0.0,0.0,0.0,21.0,0.0,0.0,21.0,0.0,0.0,0.0,0.0,71.0,0.0,0.0,71.0,0.0,0.0,0.0,0.0,0.0,0.0,0.0,0.0,0.0,0.0,"Mar 17, 2016"
2447,2701004.0,18256.0,Ninewa,Akre,Banasur,بانسور,36.7093970407,43.972810898,91.0,546.0,0.0,0.0,0.0,0.0,0.0,0.0,0.0,0.0,0.0,0.0,0.0,0.0,91.0,0.0,0.0,0.0,0.0,0.0,0.0,16.0,0.0,0.0,0.0,0.0,0.0,0.0,65.0,0.0,0.0,65.0,0.0,0.0,0.0,0.0,10.0,0.0,0.0,10.0,0.0,0.0,0.0,0.0,91.0,0.0,0.0,91.0,0.0,0.0,0.0,0.0,0.0,0.0,0.0,0.0,0.0,0.0,"Mar 17, 2016"
2448,2701005.0,8783.0,Ninewa,Akre,Bardarash,بردرش,36.5050524563,43.5955985834,1200.0,7200.0,0.0,0.0,0.0,0.0,0.0,0.0,0.0,0.0,0.0,0.0,0.0,0.0,1200.0,0.0,0.0,0.0,0.0,0.0,0.0,127.0,0.0,0.0,0.0,0.0,0.0,0.0,997.0,0.0,0.0,997.0,0.0,0.0,0.0,0.0,76.0,0.0,0.0,76.0,0.0,0.0,580.0,0.0,620.0,580.0,0.0,620.0,0.0,0.0,0.0,0.0,0.0,0.0,0.0,0.0,0.0,0.0,"Mar 17, 2016"
2449,2701006.0,24907.0,Ninewa,Akre,Bardarash Camp,مخيم بردرش,36.494357,43.566421,2240.0,13440.0,0.0,0.0,0.0,0.0,0.0,0.0,0.0,0.0,0.0,0.0,0.0,0.0,2240.0,0.0,0.0,0.0,0.0,0.0,2240.0,0.0,0.0,0.0,0.0,0.0,0.0,0.0,0.0,0.0,0.0,0.0,0.0,0.0,0.0,0.0,0.0,0.0,0.0,0.0,0.0,0.0,0.0,0.0,2235.0,0.0,0.0,2235.0,5.0,0.0,0.0,5.0,0.0,0.0,0.0,0.0,0.0,0.0,"Mar 17, 2016"
2450,2701007.0,25816.0,Ninewa,Akre,Bishryan,بشريان,36.3098006982,43.6742682321,182.0,1092.0,0.0,0.0,0.0,0.0,0.0,0.0,0.0,0.0,0.0,0.0,0.0,0.0,182.0,0.0,0.0,0.0,0.0,0.0,0.0,17.0,0.0,0.0,0.0,0.0,0.0,0.0,132.0,0.0,0.0,132.0,0.0,0.0,0.0,0.0,33.0,0.0,0.0,33.0,0.0,0.0,134.0,0.0,48.0,134.0,0.0,48.0,0.0,0.0,0.0,0.0,0.0,0.0,0.0,0.0,0.0,0.0,"Mar 17, 2016"
2451,2701008.0,17776.0,Ninewa,Akre,Bjil,بجيل,36.727823778,44.0160862863,176.0,1056.0,0.0,0.0,0.0,0.0,0.0,0.0,0.0,0.0,0.0,0.0,0.0,0.0,176.0,0.0,0.0,0.0,0.0,0.0,0.0,13.0,0.0,0.0,0.0,0.0,0.0,0.0,82.0,0.0,0.0,82.0,0.0,0.0,0.0,0.0,81.0,0.0,0.0,81.0,0.0,0.0,0.0,0.0,176.0,0.0,0.0,176.0,0.0,0.0,0.0,0.0,0.0,0.0,0.0,0.0,0.0,0.0,"Mar 17, 2016"
2452,2701009.0,8776.0,Ninewa,Akre,Daratu,دارتو,36.4778018104,43.7260191611,650.0,3900.0,0.0,0.0,0.0,0.0,0.0,0.0,0.0,0.0,0.0,0.0,0.0,0.0,650.0,0.0,0.0,0.0,0.0,0.0,0.0,350.0,0.0,0.0,0.0,0.0,0.0,0.0,63.0,0.0,0.0,63.0,0.0,0.0,0.0,0.0,237.0,0.0,0.0,237.0,0.0,0.0,199.0,0.0,451.0,199.0,0.0,451.0,0.0,0.0,0.0,0.0,0.0,0.0,0.0,0.0,0.0,0.0,"Mar 17, 2016"
2453,2701010.0,16953.0,Ninewa,Akre,Dinarta,دينارته,36.7929916712,43.9795982543,165.0,990.0,0.0,0.0,0.0,0.0,0.0,0.0,0.0,0.0,0.0,0.0,0.0,0.0,165.0,0.0,0.0,0.0,0.0,0.0,0.0,82.0,0.0,0.0,0.0,0.0,0.0,0.0,40.0,0.0,0.0,40.0,0.0,0.0,0.0,0.0,43.0,0.0,0.0,43.0,0.0,0.0,40.0,0.0,125.0,40.0,0.0,125.0,0.0,0.0,0.0,0.0,0.0,0.0,0.0,0.0,0.0,0.0,"Mar 17, 2016"
2454,2701011.0,17802.0,Ninewa,Akre,Grdasin,كردسين,36.6545756067,43.8070683168,393.0,2358.0,0.0,0.0,0.0,0.0,0.0,0.0,0.0,0.0,0.0,0.0,0.0,0.0,393.0,0.0,0.0,0.0,0.0,0.0,0.0,183.0,0.0,0.0,0.0,0.0,0.0,0.0,42.0,0.0,0.0,42.0,0.0,0.0,0.0,0.0,168.0,0.0,0.0,168.0,0.0,0.0,97.0,0.0,296.0,97.0,0.0,296.0,0.0,0.0,0.0,0.0,0.0,0.0,0.0,0.0,0.0,0.0,"Mar 17, 2016"
2455,2701012.0,24581.0,Ninewa,Akre,Kalak,كلكك,36.2712232125,43.6367033223,825.0,4950.0,0.0,0.0,0.0,0.0,0.0,0.0,0.0,0.0,0.0,0.0,0.0,0.0,825.0,0.0,0.0,0.0,0.0,0.0,0.0,70.0,0.0,0.0,0.0,0.0,0.0,0.0,688.0,0.0,0.0,688.0,0.0,0.0,0.0,0.0,67.0,0.0,0.0,67.0,0.0,0.0,134.0,0.0,691.0,134.0,0.0,691.0,0.0,0.0,0.0,0.0,0.0,0.0,0.0,0.0,0.0,0.0,"Mar 17, 2016"
2456,2701013.0,17142.0,Ninewa,Akre,Kani Lan,كاني لان,36.4939261958,43.5288413727,75.0,450.0,0.0,0.0,0.0,0.0,0.0,0.0,0.0,0.0,0.0,0.0,0.0,0.0,75.0,0.0,0.0,0.0,0.0,0.0,0.0,7.0,0.0,0.0,0.0,0.0,0.0,0.0,46.0,0.0,0.0,46.0,0.0,0.0,0.0,0.0,22.0,0.0,0.0,22.0,0.0,0.0,0.0,0.0,75.0,0.0,0.0,75.0,0.0,0.0,0.0,0.0,0.0,0.0,0.0,0.0,0.0,0.0,"Mar 17, 2016"
2457,2701014.0,17012.0,Ninewa,Akre,Khalilkan,خليلكان,36.6869242848,43.6264887082,34.0,204.0,0.0,0.0,0.0,0.0,0.0,0.0,0.0,0.0,0.0,0.0,0.0,0.0,34.0,0.0,0.0,0.0,0.0,0.0,0.0,31.0,0.0,0.0,0.0,0.0,0.0,0.0,0.0,0.0,0.0,0.0,0.0,0.0,0.0,0.0,3.0,0.0,0.0,3.0,0.0,0.0,0.0,0.0,34.0,0.0,0.0,34.0,0.0,0.0,0.0,0.0,0.0,0.0,0.0,0.0,0.0,0.0,"Mar 17, 2016"
2458,2701015.0,17272.0,Ninewa,Akre,Mamilian,مخيم مامليان,36.6893367648,43.7995407716,2213.0,13278.0,0.0,0.0,0.0,0.0,0.0,0.0,0.0,0.0,0.0,0.0,0.0,0.0,2213.0,0.0,0.0,0.0,0.0,0.0,2213.0,0.0,0.0,0.0,0.0,0.0,0.0,0.0,0.0,0.0,0.0,0.0,0.0,0.0,0.0,0.0,0.0,0.0,0.0,0.0,0.0,0.0,0.0,0.0,2213.0,0.0,0.0,2213.0,0.0,0.0,0.0,0.0,0.0,0.0,0.0,0.0,0.0,0.0,"Mar 17, 2016"
2459,2701016.0,17293.0,Ninewa,Akre,Mam Wa Zina,مم و زينا,36.5449209105,43.619582556,57.0,342.0,0.0,0.0,0.0,0.0,0.0,0.0,0.0,0.0,0.0,0.0,0.0,0.0,57.0,0.0,0.0,0.0,0.0,0.0,0.0,53.0,0.0,0.0,0.0,0.0,0.0,0.0,4.0,0.0,0.0,4.0,0.0,0.0,0.0,0.0,0.0,0.0,0.0,0.0,0.0,0.0,0.0,0.0,57.0,0.0,0.0,57.0,0.0,0.0,0.0,0.0,0.0,0.0,0.0,0.0,0.0,0.0,"Mar 17, 2016"
2460,2701017.0,24580.0,Ninewa,Akre,Roviya,روفيا,36.6180422219,43.7012026489,1270.0,7620.0,0.0,0.0,0.0,0.0,0.0,0.0,0.0,0.0,0.0,0.0,0.0,0.0,1270.0,0.0,0.0,0.0,0.0,0.0,0.0,576.0,0.0,0.0,0.0,0.0,0.0,0.0,660.0,0.0,0.0,660.0,0.0,0.0,0.0,0.0,34.0,0.0,0.0,34.0,0.0,0.0,590.0,0.0,680.0,590.0,0.0,680.0,0.0,0.0,0.0,0.0,0.0,0.0,0.0,0.0,0.0,0.0,"Mar 17, 2016"
2461,2701018.0,18162.0,Ninewa,Akre,Zawi Rash,زوي رش,36.5132553389,43.5718517771,47.0,282.0,0.0,0.0,0.0,0.0,0.0,0.0,0.0,0.0,0.0,0.0,0.0,0.0,47.0,0.0,0.0,0.0,0.0,0.0,0.0,10.0,0.0,0.0,0.0,0.0,0.0,0.0,28.0,0.0,0.0,28.0,0.0,0.0,0.0,0.0,9.0,0.0,0.0,9.0,0.0,0.0,20.0,0.0,27.0,20.0,0.0,27.0,0.0,0.0,0.0,0.0,0.0,0.0,0.0,0.0,0.0,0.0,"Mar 17, 2016"
2462,2701019.0,17147.0,Ninewa,Akre,Zimzimuk,زمزموك,36.4950190687,43.6226714588,26.0,156.0,0.0,0.0,0.0,0.0,0.0,0.0,0.0,0.0,0.0,0.0,0.0,0.0,26.0,0.0,0.0,0.0,0.0,0.0,0.0,20.0,0.0,0.0,0.0,0.0,0.0,0.0,0.0,0.0,0.0,0.0,0.0,0.0,0.0,0.0,6.0,0.0,0.0,6.0,0.0,0.0,0.0,0.0,26.0,0.0,0.0,26.0,0.0,0.0,0.0,0.0,0.0,0.0,0.0,0.0,0.0,0.0,"Mar 17, 2016"
2463,2703001.0,17976.0,Ninewa,Al-Hamdaniya,Yarimjah,يارمجة,36.3025,43.1765,33.0,198.0,0.0,0.0,0.0,0.0,0.0,0.0,0.0,0.0,0.0,0.0,0.0,0.0,33.0,0.0,0.0,0.0,0.0,0.0,0.0,0.0,0.0,0.0,0.0,0.0,0.0,13.0,0.0,13.0,0.0,0.0,0.0,0.0,0.0,0.0,20.0,0.0,0.0,20.0,0.0,0.0,0.0,0.0,0.0,0.0,33.0,0.0,0.0,33.0,0.0,0.0,0.0,0.0,0.0,0.0,0.0,0.0,"Mar 17, 2016"
2464,2704001.0,17338.0,Ninewa,Al-Shikhan,Atrush,أتروش,36.8377966022,43.3337338667,344.0,2064.0,0.0,0.0,0.0,0.0,0.0,0.0,0.0,0.0,0.0,0.0,0.0,0.0,344.0,0.0,0.0,0.0,0.0,0.0,0.0,329.0,0.0,0.0,0.0,0.0,0.0,0.0,0.0,0.0,0.0,0.0,0.0,0.0,0.0,0.0,15.0,0.0,0.0,15.0,0.0,0.0,80.0,0.0,264.0,80.0,0.0,264.0,0.0,0.0,0.0,0.0,0.0,0.0,0.0,0.0,0.0,0.0,"Mar 17, 2016"
2465,2704002.0,17752.0,Ninewa,Al-Shikhan,Baadre,باعدري,36.7234298377,43.2520512595,1263.0,7578.0,0.0,0.0,0.0,0.0,0.0,0.0,0.0,0.0,0.0,0.0,0.0,0.0,1263.0,0.0,0.0,0.0,0.0,0.0,0.0,119.0,0.0,0.0,0.0,0.0,0.0,0.0,185.0,0.0,0.0,185.0,0.0,0.0,0.0,0.0,959.0,0.0,0.0,959.0,0.0,0.0,0.0,0.0,1258.0,0.0,0.0,1258.0,5.0,0.0,0.0,5.0,0.0,0.0,0.0,0.0,0.0,0.0,"Mar 17, 2016"
2466,2704003.0,26071.0,Ninewa,Al-Shikhan,Bajle,باجلى,36.69363094,43.54998926,108.0,648.0,0.0,0.0,0.0,0.0,0.0,0.0,0.0,0.0,0.0,0.0,0.0,0.0,108.0,0.0,0.0,0.0,0.0,0.0,0.0,108.0,0.0,0.0,0.0,0.0,0.0,0.0,0.0,0.0,0.0,0.0,0.0,0.0,0.0,0.0,0.0,0.0,0.0,0.0,0.0,0.0,5.0,0.0,103.0,5.0,0.0,103.0,0.0,0.0,0.0,0.0,0.0,0.0,0.0,0.0,0.0,0.0,"Mar 17, 2016"
2467,2704004.0,18294.0,Ninewa,Al-Shikhan,Berstik,بيرستيك,36.7044151264,43.3211574844,155.0,930.0,0.0,0.0,0.0,0.0,0.0,0.0,0.0,0.0,0.0,0.0,0.0,0.0,155.0,0.0,0.0,0.0,0.0,0.0,0.0,36.0,0.0,0.0,0.0,0.0,0.0,0.0,7.0,0.0,0.0,7.0,0.0,0.0,0.0,0.0,112.0,0.0,0.0,112.0,0.0,0.0,0.0,0.0,155.0,0.0,0.0,155.0,0.0,0.0,0.0,0.0,0.0,0.0,0.0,0.0,0.0,0.0,"Mar 17, 2016"
2468,2704005.0,18265.0,Ninewa,Al-Shikhan,Betnar,بيتنار,36.6500200434,43.3812984365,114.0,684.0,0.0,0.0,0.0,0.0,0.0,0.0,0.0,0.0,0.0,0.0,0.0,0.0,114.0,0.0,0.0,0.0,0.0,0.0,0.0,45.0,0.0,0.0,0.0,0.0,0.0,11.0,9.0,11.0,0.0,9.0,0.0,0.0,0.0,0.0,49.0,0.0,0.0,49.0,0.0,0.0,0.0,0.0,114.0,0.0,0.0,114.0,0.0,0.0,0.0,0.0,0.0,0.0,0.0,0.0,0.0,0.0,"Mar 17, 2016"
2469,2704006.0,21008.0,Ninewa,Al-Shikhan,Chira,جرة,36.6406650692,43.5248635281,297.0,1782.0,0.0,0.0,0.0,0.0,0.0,0.0,0.0,0.0,0.0,0.0,0.0,0.0,297.0,0.0,0.0,0.0,0.0,0.0,0.0,86.0,0.0,0.0,0.0,0.0,0.0,0.0,151.0,0.0,0.0,151.0,0.0,0.0,0.0,0.0,60.0,0.0,0.0,60.0,0.0,0.0,151.0,0.0,146.0,151.0,0.0,146.0,0.0,0.0,0.0,0.0,0.0,0.0,0.0,0.0,0.0,0.0,"Mar 17, 2016"
2470,2704007.0,25945.0,Ninewa,Al-Shikhan,Esiyan Village,قرية ايسيان,36.7148436018,43.2944862132,290.0,1740.0,0.0,0.0,0.0,0.0,0.0,0.0,0.0,0.0,0.0,0.0,0.0,0.0,290.0,0.0,0.0,0.0,0.0,0.0,0.0,30.0,0.0,0.0,0.0,0.0,0.0,0.0,0.0,0.0,0.0,0.0,0.0,0.0,0.0,0.0,260.0,0.0,0.0,260.0,0.0,0.0,0.0,0.0,290.0,0.0,0.0,290.0,0.0,0.0,0.0,0.0,0.0,0.0,0.0,0.0,0.0,0.0,"Mar 17, 2016"
2471,2704008.0,24796.0,Ninewa,Al-Shikhan,Essian,مخيم ايسيان,36.7224078231,43.2672863797,2668.0,16008.0,0.0,0.0,0.0,0.0,0.0,0.0,0.0,0.0,0.0,0.0,0.0,0.0,2668.0,0.0,0.0,0.0,0.0,0.0,2668.0,0.0,0.0,0.0,0.0,0.0,0.0,0.0,0.0,0.0,0.0,0.0,0.0,0.0,0.0,0.0,0.0,0.0,0.0,0.0,0.0,0.0,0.0,0.0,2668.0,0.0,0.0,2668.0,0.0,0.0,0.0,0.0,0.0,0.0,0.0,0.0,0.0,0.0,"Mar 17, 2016"
2472,2704009.0,18213.0,Ninewa,Al-Shikhan,Lalish,لالش,36.7721760605,43.3041989708,19.0,114.0,0.0,0.0,0.0,0.0,0.0,0.0,0.0,0.0,0.0,0.0,0.0,0.0,19.0,0.0,0.0,0.0,0.0,0.0,0.0,0.0,0.0,0.0,0.0,0.0,0.0,19.0,0.0,19.0,0.0,0.0,0.0,0.0,0.0,0.0,0.0,0.0,0.0,0.0,0.0,0.0,0.0,0.0,19.0,0.0,0.0,19.0,0.0,0.0,0.0,0.0,0.0,0.0,0.0,0.0,0.0,0.0,"Mar 17, 2016"
2473,2704011.0,18058.0,Ninewa,Al-Shikhan,Kalakchi,كلكجي,36.5880967912,43.5262760124,1053.0,6318.0,0.0,0.0,0.0,0.0,0.0,0.0,0.0,0.0,0.0,0.0,0.0,0.0,1053.0,0.0,0.0,0.0,0.0,0.0,0.0,197.0,0.0,0.0,0.0,0.0,0.0,0.0,643.0,0.0,0.0,643.0,0.0,0.0,0.0,0.0,213.0,0.0,0.0,213.0,0.0,0.0,478.0,0.0,575.0,478.0,0.0,575.0,0.0,0.0,0.0,0.0,0.0,0.0,0.0,0.0,0.0,0.0,"Mar 17, 2016"
2474,2704012.0,17535.0,Ninewa,Al-Shikhan,Mahad,مهد,36.6466696159,43.414726435,745.0,4470.0,0.0,0.0,0.0,0.0,0.0,0.0,0.0,0.0,0.0,0.0,0.0,0.0,745.0,0.0,0.0,0.0,0.0,0.0,0.0,427.0,0.0,0.0,0.0,0.0,0.0,52.0,45.0,52.0,0.0,45.0,0.0,0.0,0.0,0.0,221.0,0.0,0.0,221.0,0.0,0.0,0.0,0.0,745.0,0.0,0.0,745.0,0.0,0.0,0.0,0.0,0.0,0.0,0.0,0.0,0.0,0.0,"Mar 17, 2016"
2475,2704013.0,17532.0,Ninewa,Al-Shikhan,Mamrashan,مام رشان,36.6662661912,43.4244916337,98.0,588.0,0.0,0.0,0.0,0.0,0.0,0.0,0.0,0.0,0.0,0.0,0.0,0.0,98.0,0.0,0.0,0.0,0.0,0.0,0.0,43.0,0.0,0.0,0.0,0.0,0.0,0.0,0.0,0.0,0.0,0.0,0.0,0.0,0.0,0.0,55.0,0.0,0.0,55.0,0.0,0.0,0.0,0.0,98.0,0.0,0.0,98.0,0.0,0.0,0.0,0.0,0.0,0.0,0.0,0.0,0.0,0.0,"Mar 17, 2016"
2476,2704014.0,24191.0,Ninewa,Al-Shikhan,Mula Barwan,ملا بروان,36.64706062,43.56789309,112.0,672.0,0.0,0.0,0.0,0.0,0.0,0.0,0.0,0.0,0.0,0.0,0.0,0.0,112.0,0.0,0.0,0.0,0.0,0.0,0.0,45.0,0.0,0.0,0.0,0.0,0.0,0.0,48.0,0.0,0.0,48.0,0.0,0.0,0.0,0.0,19.0,0.0,0.0,19.0,0.0,0.0,35.0,0.0,77.0,35.0,0.0,77.0,0.0,0.0,0.0,0.0,0.0,0.0,0.0,0.0,0.0,0.0,"Mar 17, 2016"
2477,2704015.0,18199.0,Ninewa,Al-Shikhan,Qasrok,قسروك,36.6997388584,43.5970093704,1020.0,6120.0,0.0,0.0,0.0,0.0,0.0,0.0,0.0,0.0,0.0,0.0,0.0,0.0,1020.0,0.0,0.0,0.0,0.0,0.0,0.0,515.0,0.0,0.0,0.0,0.0,0.0,0.0,232.0,0.0,0.0,232.0,0.0,0.0,0.0,0.0,273.0,0.0,0.0,273.0,0.0,0.0,280.0,0.0,740.0,280.0,0.0,740.0,0.0,0.0,0.0,0.0,0.0,0.0,0.0,0.0,0.0,0.0,"Mar 17, 2016"
2478,2704016.0,17333.0,Ninewa,Al-Shikhan,Shekhan,شيخان,36.6858503241,43.3471432572,2365.0,14190.0,0.0,0.0,0.0,0.0,0.0,0.0,0.0,0.0,0.0,0.0,0.0,0.0,2365.0,0.0,0.0,0.0,0.0,0.0,0.0,486.0,0.0,0.0,0.0,0.0,0.0,3.0,1424.0,3.0,0.0,1424.0,0.0,0.0,0.0,0.0,452.0,0.0,0.0,452.0,0.0,0.0,615.0,0.0,1750.0,615.0,0.0,1750.0,0.0,0.0,0.0,0.0,0.0,0.0,0.0,0.0,0.0,0.0,"Mar 17, 2016"
2479,2704017.0,25817.0,Ninewa,Al-Shikhan,Sheikhan,مخيم شيخان,36.6702454552,43.3421409459,1005.0,6030.0,0.0,0.0,0.0,0.0,0.0,0.0,0.0,0.0,0.0,0.0,0.0,0.0,1005.0,0.0,0.0,0.0,0.0,0.0,1005.0,0.0,0.0,0.0,0.0,0.0,0.0,0.0,0.0,0.0,0.0,0.0,0.0,0.0,0.0,0.0,0.0,0.0,0.0,0.0,0.0,0.0,0.0,0.0,1005.0,0.0,0.0,1005.0,0.0,0.0,0.0,0.0,0.0,0.0,0.0,0.0,0.0,0.0,"Mar 17, 2016"
2480,2704018.0,17981.0,Ninewa,Al-Shikhan,Zelkan,زيلكان,36.5727011714,43.3696493816,408.0,2448.0,0.0,0.0,0.0,0.0,0.0,0.0,0.0,0.0,0.0,0.0,0.0,0.0,408.0,0.0,0.0,0.0,0.0,0.0,0.0,175.0,0.0,0.0,0.0,0.0,0.0,1.0,4.0,1.0,0.0,4.0,0.0,0.0,0.0,0.0,228.0,0.0,0.0,228.0,0.0,0.0,89.0,0.0,306.0,89.0,0.0,306.0,13.0,0.0,0.0,13.0,0.0,0.0,0.0,0.0,0.0,0.0,"Mar 17, 2016"
2481,2704019.0,26070.0,Ninewa,Al-Shikhan,Zinava,زينافا,36.63912543,43.478445147,119.0,714.0,0.0,0.0,0.0,0.0,0.0,0.0,0.0,0.0,0.0,0.0,0.0,0.0,119.0,0.0,0.0,0.0,0.0,0.0,0.0,5.0,0.0,0.0,0.0,0.0,0.0,0.0,8.0,0.0,0.0,8.0,0.0,0.0,0.0,0.0,106.0,0.0,0.0,106.0,0.0,0.0,0.0,0.0,119.0,0.0,0.0,119.0,0.0,0.0,0.0,0.0,0.0,0.0,0.0,0.0,0.0,0.0,"Mar 17, 2016"
2482,2704024.0,27230.0,Ninewa,Al-Shikhan,Mamrashan,مخيم مام رشان,36.6712959652,43.4350329328,656.0,3936.0,0.0,0.0,0.0,0.0,0.0,0.0,0.0,0.0,0.0,0.0,0.0,0.0,656.0,0.0,0.0,0.0,0.0,0.0,656.0,0.0,0.0,0.0,0.0,0.0,0.0,0.0,0.0,0.0,0.0,0.0,0.0,0.0,0.0,0.0,0.0,0.0,0.0,0.0,0.0,0.0,0.0,0.0,656.0,0.0,0.0,656.0,0.0,0.0,0.0,0.0,0.0,0.0,0.0,0.0,0.0,0.0,"Mar 17, 2016"
2483,2705001.0,27271.0,Ninewa,Hatra,Tal abta,تل عبطة,35.94547,42.562155,240.0,1440.0,0.0,0.0,0.0,0.0,0.0,0.0,0.0,0.0,0.0,0.0,0.0,0.0,240.0,0.0,0.0,0.0,0.0,0.0,0.0,0.0,0.0,60.0,0.0,0.0,60.0,0.0,0.0,0.0,0.0,0.0,0.0,0.0,0.0,0.0,0.0,0.0,180.0,0.0,0.0,180.0,0.0,0.0,0.0,0.0,0.0,0.0,240.0,0.0,0.0,240.0,0.0,0.0,0.0,0.0,0.0,0.0,"Mar 17, 2016"
2484,2706001.0,23930.0,Ninewa,Mosul,Ajhalah village,قرية اجحلة,35.71132,43.30064,10.0,60.0,10.0,0.0,0.0,0.0,0.0,0.0,0.0,0.0,0.0,0.0,0.0,0.0,0.0,0.0,0.0,0.0,0.0,0.0,0.0,7.0,0.0,0.0,0.0,0.0,0.0,0.0,3.0,0.0,0.0,3.0,0.0,0.0,0.0,0.0,0.0,0.0,0.0,0.0,10.0,0.0,0.0,10.0,0.0,0.0,0.0,0.0,0.0,0.0,0.0,0.0,0.0,0.0,0.0,0.0,0.0,0.0,"Mar 17, 2016"
2485,2706003.0,24549.0,Ninewa,Mosul,Al Harmaat,الهرمات,36.3624,43.0716,590.0,3540.0,0.0,0.0,0.0,0.0,0.0,0.0,0.0,0.0,0.0,0.0,0.0,0.0,583.0,0.0,7.0,0.0,0.0,0.0,30.0,17.0,0.0,81.0,0.0,0.0,81.0,25.0,289.0,25.0,0.0,289.0,0.0,0.0,31.0,0.0,107.0,31.0,10.0,107.0,0.0,10.0,0.0,0.0,37.0,0.0,243.0,37.0,310.0,243.0,0.0,310.0,0.0,0.0,0.0,0.0,0.0,0.0,"Mar 17, 2016"
2486,2706004.0,18361.0,Ninewa,Mosul,Al jazaer,حي الجزائر,36.3564398714,43.1670732938,57.0,342.0,32.0,0.0,0.0,0.0,0.0,0.0,0.0,0.0,0.0,0.0,0.0,0.0,25.0,0.0,0.0,0.0,0.0,0.0,0.0,19.0,0.0,0.0,0.0,0.0,0.0,0.0,25.0,0.0,0.0,25.0,0.0,0.0,0.0,0.0,13.0,0.0,0.0,13.0,4.0,0.0,0.0,4.0,0.0,0.0,25.0,0.0,28.0,25.0,0.0,28.0,0.0,0.0,0.0,0.0,0.0,0.0,"Mar 17, 2016"
2487,2706005.0,20798.0,Ninewa,Mosul,Al Mazaraa,المزارع,36.3229,43.1798,200.0,1200.0,0.0,0.0,0.0,0.0,0.0,0.0,0.0,0.0,0.0,0.0,0.0,0.0,200.0,0.0,0.0,0.0,0.0,0.0,0.0,200.0,0.0,0.0,0.0,0.0,0.0,0.0,0.0,0.0,0.0,0.0,0.0,0.0,0.0,0.0,0.0,0.0,0.0,0.0,0.0,0.0,200.0,0.0,0.0,200.0,0.0,0.0,0.0,0.0,0.0,0.0,0.0,0.0,0.0,0.0,0.0,0.0,"Mar 17, 2016"
2488,2706006.0,18377.0,Ninewa,Mosul,Al rasheediya,الرشيدية,36.403236683,43.0935171026,405.0,2430.0,5.0,0.0,0.0,0.0,0.0,0.0,0.0,0.0,0.0,0.0,0.0,0.0,400.0,0.0,0.0,0.0,0.0,0.0,0.0,87.0,0.0,0.0,0.0,0.0,0.0,0.0,263.0,0.0,0.0,263.0,0.0,0.0,0.0,0.0,55.0,0.0,0.0,55.0,0.0,0.0,0.0,0.0,0.0,0.0,275.0,0.0,130.0,275.0,0.0,130.0,0.0,0.0,0.0,0.0,0.0,0.0,"Mar 17, 2016"
2489,2706007.0,24617.0,Ninewa,Mosul,Al Sahiroon,الساهرون,36.3020506,43.2049866,93.0,558.0,0.0,0.0,0.0,0.0,0.0,0.0,0.0,0.0,12.0,0.0,0.0,0.0,56.0,0.0,25.0,0.0,0.0,0.0,0.0,21.0,0.0,0.0,0.0,0.0,0.0,0.0,43.0,0.0,0.0,43.0,0.0,0.0,0.0,0.0,9.0,0.0,20.0,9.0,0.0,20.0,0.0,0.0,0.0,0.0,26.0,0.0,67.0,26.0,0.0,67.0,0.0,0.0,0.0,0.0,0.0,0.0,"Mar 17, 2016"
2490,2706009.0,24616.0,Ninewa,Mosul,Shamsiat Village,قرية الشمسيات,36.2572,43.1912,8.0,48.0,0.0,0.0,0.0,0.0,0.0,0.0,0.0,0.0,0.0,0.0,0.0,0.0,8.0,0.0,0.0,0.0,0.0,0.0,0.0,0.0,0.0,0.0,0.0,0.0,0.0,8.0,0.0,8.0,0.0,0.0,0.0,0.0,0.0,0.0,0.0,0.0,0.0,0.0,0.0,0.0,0.0,0.0,0.0,0.0,8.0,0.0,0.0,8.0,0.0,0.0,0.0,0.0,0.0,0.0,0.0,0.0,"Mar 17, 2016"
2491,2706010.0,18356.0,Ninewa,Mosul,Al tahreer,التحرير,36.3909444123,43.2044680959,195.0,1170.0,10.0,0.0,0.0,0.0,0.0,0.0,0.0,0.0,0.0,0.0,0.0,0.0,175.0,0.0,10.0,0.0,0.0,0.0,0.0,59.0,0.0,0.0,0.0,0.0,0.0,0.0,33.0,0.0,0.0,33.0,0.0,0.0,55.0,0.0,48.0,55.0,0.0,48.0,10.0,0.0,0.0,10.0,110.0,0.0,0.0,110.0,75.0,0.0,0.0,75.0,0.0,0.0,0.0,0.0,0.0,0.0,"Mar 17, 2016"
2492,2706011.0,25066.0,Ninewa,Mosul,Al Tanak,التنك,36.341839,43.052996,144.0,864.0,7.0,0.0,0.0,0.0,0.0,0.0,0.0,0.0,0.0,0.0,0.0,0.0,127.0,0.0,10.0,0.0,0.0,0.0,0.0,14.0,0.0,17.0,0.0,0.0,17.0,0.0,30.0,0.0,0.0,30.0,0.0,0.0,0.0,0.0,64.0,0.0,19.0,64.0,0.0,19.0,0.0,0.0,0.0,0.0,53.0,0.0,91.0,53.0,0.0,91.0,0.0,0.0,0.0,0.0,0.0,0.0,"Mar 17, 2016"
2493,2706012.0,18328.0,Ninewa,Mosul,Al-Akhaa,الاخاء,36.3573743315,43.2034105618,31.0,186.0,16.0,0.0,0.0,0.0,0.0,0.0,0.0,0.0,0.0,0.0,0.0,0.0,15.0,0.0,0.0,0.0,0.0,0.0,0.0,2.0,0.0,0.0,0.0,0.0,0.0,0.0,4.0,0.0,0.0,4.0,0.0,0.0,0.0,0.0,10.0,0.0,15.0,10.0,6.0,15.0,0.0,6.0,0.0,0.0,0.0,0.0,25.0,0.0,0.0,25.0,0.0,0.0,0.0,0.0,0.0,0.0,"Mar 17, 2016"
2494,2706013.0,18337.0,Ninewa,Mosul,Al-Bareed,حي البريد,36.386359622,43.1781717746,17.0,102.0,0.0,0.0,0.0,0.0,0.0,0.0,0.0,0.0,0.0,0.0,0.0,0.0,17.0,0.0,0.0,0.0,0.0,0.0,0.0,11.0,0.0,0.0,0.0,0.0,0.0,0.0,0.0,0.0,0.0,0.0,0.0,0.0,0.0,0.0,6.0,0.0,0.0,6.0,0.0,0.0,0.0,0.0,0.0,0.0,0.0,0.0,17.0,0.0,0.0,17.0,0.0,0.0,0.0,0.0,0.0,0.0,"Mar 17, 2016"
2495,2706014.0,25741.0,Ninewa,Mosul,Aldernaj,الدرناج,36.3085669782,42.9234698911,45.0,270.0,0.0,0.0,0.0,0.0,0.0,0.0,0.0,0.0,0.0,0.0,0.0,0.0,45.0,0.0,0.0,0.0,0.0,0.0,0.0,30.0,0.0,0.0,0.0,0.0,0.0,0.0,0.0,0.0,0.0,0.0,0.0,0.0,0.0,0.0,0.0,0.0,15.0,0.0,0.0,15.0,0.0,0.0,0.0,0.0,30.0,0.0,15.0,30.0,0.0,15.0,0.0,0.0,0.0,0.0,0.0,0.0,"Mar 17, 2016"
2496,2706015.0,18331.0,Ninewa,Mosul,Al-Hadbaa,الحدباء,36.3944150409,43.1514378427,97.0,582.0,9.0,0.0,0.0,0.0,0.0,0.0,0.0,0.0,0.0,0.0,0.0,0.0,47.0,0.0,41.0,0.0,0.0,0.0,0.0,22.0,0.0,12.0,0.0,0.0,12.0,0.0,34.0,0.0,0.0,34.0,0.0,0.0,6.0,0.0,23.0,6.0,0.0,23.0,7.0,0.0,0.0,7.0,0.0,0.0,15.0,0.0,75.0,15.0,0.0,75.0,0.0,0.0,0.0,0.0,0.0,0.0,"Mar 17, 2016"
2497,2706016.0,24738.0,Ninewa,Mosul,Al-Harmat 2,الهرمات الثانية,36.3666,43.0753,135.0,810.0,0.0,0.0,0.0,0.0,0.0,0.0,0.0,0.0,0.0,0.0,0.0,0.0,135.0,0.0,0.0,0.0,0.0,0.0,0.0,15.0,0.0,0.0,0.0,0.0,0.0,0.0,0.0,0.0,0.0,0.0,0.0,0.0,0.0,0.0,100.0,0.0,20.0,100.0,0.0,20.0,0.0,0.0,0.0,0.0,100.0,0.0,35.0,100.0,0.0,35.0,0.0,0.0,0.0,0.0,0.0,0.0,"Mar 17, 2016"
2498,2706017.0,18339.0,Ninewa,Mosul,Al-Karamah,الكرامة,36.3443403167,43.2139333382,246.0,1476.0,95.0,0.0,0.0,0.0,0.0,0.0,0.0,0.0,42.0,0.0,0.0,0.0,78.0,0.0,31.0,0.0,0.0,0.0,0.0,60.0,0.0,0.0,0.0,15.0,0.0,0.0,41.0,0.0,0.0,41.0,0.0,0.0,10.0,0.0,59.0,10.0,61.0,59.0,2.0,61.0,0.0,2.0,0.0,0.0,78.0,0.0,166.0,78.0,0.0,166.0,0.0,0.0,0.0,0.0,0.0,0.0,"Mar 17, 2016"
2499,2706018.0,18369.0,Ninewa,Mosul,Al-Khadraa,الخضراء,36.3568907866,43.2227368037,28.0,168.0,8.0,0.0,0.0,0.0,0.0,0.0,0.0,0.0,0.0,0.0,0.0,0.0,0.0,0.0,20.0,0.0,0.0,0.0,0.0,6.0,0.0,0.0,0.0,0.0,0.0,0.0,2.0,0.0,0.0,2.0,0.0,0.0,0.0,0.0,0.0,0.0,20.0,0.0,8.0,20.0,0.0,8.0,0.0,0.0,0.0,0.0,20.0,0.0,0.0,20.0,0.0,0.0,0.0,0.0,0.0,0.0,"Mar 17, 2016"
2500,2706019.0,20993.0,Ninewa,Mosul,Al-Khazraj,خزرج,36.3407,43.125131,18.0,108.0,0.0,0.0,0.0,0.0,0.0,0.0,0.0,0.0,0.0,0.0,0.0,0.0,18.0,0.0,0.0,0.0,0.0,0.0,0.0,0.0,0.0,0.0,0.0,0.0,0.0,0.0,15.0,0.0,0.0,15.0,0.0,0.0,3.0,0.0,0.0,3.0,0.0,0.0,0.0,0.0,0.0,0.0,0.0,0.0,3.0,0.0,15.0,3.0,0.0,15.0,0.0,0.0,0.0,0.0,0.0,0.0,"Mar 17, 2016"
2501,2706020.0,18346.0,Ninewa,Mosul,Al-Maamon,المامون,36.3088201342,43.1085432806,192.0,1152.0,0.0,0.0,0.0,0.0,0.0,0.0,0.0,0.0,0.0,0.0,0.0,0.0,60.0,0.0,132.0,0.0,0.0,0.0,0.0,46.0,0.0,0.0,0.0,0.0,0.0,0.0,23.0,0.0,0.0,23.0,0.0,0.0,15.0,0.0,95.0,15.0,13.0,95.0,0.0,13.0,0.0,0.0,0.0,0.0,0.0,0.0,192.0,0.0,0.0,192.0,0.0,0.0,0.0,0.0,0.0,0.0,"Mar 17, 2016"
2502,2706021.0,18375.0,Ninewa,Mosul,Al-Mansour,المنصور,36.3208689806,43.1141897485,151.0,906.0,0.0,0.0,0.0,0.0,0.0,0.0,0.0,0.0,17.0,0.0,0.0,0.0,76.0,0.0,58.0,0.0,0.0,0.0,0.0,55.0,0.0,0.0,0.0,0.0,0.0,10.0,0.0,10.0,0.0,0.0,0.0,0.0,10.0,0.0,51.0,10.0,25.0,51.0,0.0,25.0,0.0,0.0,22.0,0.0,36.0,22.0,93.0,36.0,0.0,93.0,0.0,0.0,0.0,0.0,0.0,0.0,"Mar 17, 2016"
2503,2706022.0,24550.0,Ninewa,Mosul,Al-Methaq,الميثاق,36.3297002093,43.1959016453,72.0,432.0,15.0,0.0,0.0,0.0,0.0,0.0,0.0,0.0,24.0,0.0,0.0,0.0,29.0,0.0,4.0,0.0,0.0,0.0,0.0,20.0,0.0,0.0,0.0,0.0,0.0,0.0,7.0,0.0,0.0,7.0,0.0,0.0,9.0,0.0,36.0,9.0,0.0,36.0,0.0,0.0,0.0,0.0,13.0,0.0,16.0,13.0,43.0,16.0,0.0,43.0,0.0,0.0,0.0,0.0,0.0,0.0,"Mar 17, 2016"
2504,2706023.0,18393.0,Ninewa,Mosul,Al-Muhandiseen,المهندسين,36.3685749149,43.1372377867,52.0,312.0,3.0,0.0,0.0,0.0,0.0,0.0,0.0,0.0,0.0,0.0,0.0,0.0,34.0,0.0,15.0,0.0,0.0,0.0,0.0,21.0,0.0,0.0,0.0,0.0,0.0,0.0,16.0,0.0,0.0,16.0,0.0,0.0,0.0,0.0,0.0,0.0,15.0,0.0,3.0,15.0,0.0,3.0,0.0,0.0,0.0,0.0,49.0,0.0,0.0,49.0,0.0,0.0,0.0,0.0,0.0,0.0,"Mar 17, 2016"
2505,2706024.0,20782.0,Ninewa,Mosul,Al-Muharibeen,المحاربين,36.3836623144,43.1934310423,103.0,618.0,5.0,0.0,0.0,0.0,0.0,0.0,0.0,0.0,0.0,0.0,0.0,0.0,98.0,0.0,0.0,0.0,0.0,0.0,0.0,23.0,0.0,0.0,0.0,0.0,0.0,0.0,80.0,0.0,0.0,80.0,0.0,0.0,0.0,0.0,0.0,0.0,0.0,0.0,5.0,0.0,0.0,5.0,0.0,0.0,0.0,0.0,98.0,0.0,0.0,98.0,0.0,0.0,0.0,0.0,0.0,0.0,"Mar 17, 2016"
2506,2706025.0,18244.0,Ninewa,Mosul,Al-Nabi Sheet,النبي شيت,36.3331287058,43.1348878879,17.0,102.0,2.0,0.0,0.0,0.0,0.0,0.0,0.0,0.0,0.0,0.0,0.0,0.0,15.0,0.0,0.0,0.0,0.0,0.0,0.0,15.0,0.0,0.0,0.0,0.0,0.0,0.0,2.0,0.0,0.0,2.0,0.0,0.0,0.0,0.0,0.0,0.0,0.0,0.0,2.0,0.0,0.0,2.0,0.0,0.0,0.0,0.0,15.0,0.0,0.0,15.0,0.0,0.0,0.0,0.0,0.0,0.0,"Mar 17, 2016"
2507,2706026.0,18336.0,Ninewa,Mosul,Al-Noor,النور,36.3584701203,43.1860369276,77.0,462.0,19.0,0.0,0.0,0.0,0.0,0.0,0.0,0.0,0.0,0.0,0.0,0.0,48.0,0.0,10.0,0.0,0.0,0.0,0.0,48.0,0.0,0.0,0.0,0.0,0.0,0.0,10.0,0.0,0.0,10.0,0.0,0.0,0.0,0.0,9.0,0.0,10.0,9.0,10.0,10.0,0.0,10.0,10.0,0.0,40.0,10.0,17.0,40.0,0.0,17.0,0.0,0.0,0.0,0.0,0.0,0.0,"Mar 17, 2016"
2508,2706027.0,18348.0,Ninewa,Mosul,Al-Numaniyah,النعمانية,36.35292,43.15684,12.0,72.0,2.0,0.0,0.0,0.0,0.0,0.0,0.0,0.0,0.0,0.0,0.0,0.0,10.0,0.0,0.0,0.0,0.0,0.0,0.0,10.0,0.0,0.0,0.0,0.0,0.0,0.0,2.0,0.0,0.0,2.0,0.0,0.0,0.0,0.0,0.0,0.0,0.0,0.0,2.0,0.0,0.0,2.0,0.0,0.0,0.0,0.0,10.0,0.0,0.0,10.0,0.0,0.0,0.0,0.0,0.0,0.0,"Mar 17, 2016"
2509,2706028.0,18366.0,Ninewa,Mosul,Al-Qahira,القاهرة,36.397396752,43.1919094034,276.0,1656.0,15.0,0.0,0.0,0.0,0.0,0.0,0.0,0.0,0.0,0.0,0.0,0.0,251.0,0.0,10.0,0.0,0.0,0.0,0.0,82.0,0.0,8.0,0.0,0.0,8.0,30.0,29.0,30.0,0.0,29.0,0.0,0.0,63.0,0.0,54.0,63.0,10.0,54.0,15.0,10.0,0.0,15.0,192.0,0.0,0.0,192.0,69.0,0.0,0.0,69.0,0.0,0.0,0.0,0.0,0.0,0.0,"Mar 17, 2016"
2510,2706029.0,18338.0,Ninewa,Mosul,Al-Quds Complex,مجمع القدس,36.3981,43.1832,39.0,234.0,21.0,0.0,0.0,0.0,0.0,0.0,0.0,0.0,0.0,0.0,0.0,0.0,18.0,0.0,0.0,0.0,0.0,0.0,0.0,4.0,0.0,0.0,0.0,0.0,0.0,0.0,17.0,0.0,0.0,17.0,0.0,0.0,0.0,0.0,18.0,0.0,0.0,18.0,21.0,0.0,0.0,21.0,0.0,0.0,18.0,0.0,0.0,18.0,0.0,0.0,0.0,0.0,0.0,0.0,0.0,0.0,"Mar 17, 2016"
2511,2706030.0,18344.0,Ninewa,Mosul,Al-Risalah,الرسالة,36.3302823388,43.0897934832,67.0,402.0,15.0,0.0,0.0,0.0,0.0,0.0,0.0,0.0,0.0,0.0,0.0,0.0,37.0,0.0,15.0,0.0,0.0,0.0,0.0,42.0,0.0,0.0,0.0,0.0,0.0,0.0,5.0,0.0,0.0,5.0,0.0,0.0,1.0,0.0,4.0,1.0,15.0,4.0,15.0,15.0,0.0,15.0,0.0,0.0,0.0,0.0,52.0,0.0,0.0,52.0,0.0,0.0,0.0,0.0,0.0,0.0,"Mar 17, 2016"
2512,2706031.0,23875.0,Ninewa,Mosul,Al-Quds,القدس,36.3489956208,43.2255534768,60.0,360.0,0.0,0.0,0.0,0.0,0.0,0.0,0.0,0.0,3.0,0.0,0.0,0.0,54.0,0.0,3.0,0.0,0.0,0.0,0.0,26.0,0.0,0.0,0.0,0.0,0.0,0.0,15.0,0.0,0.0,15.0,0.0,0.0,5.0,0.0,14.0,5.0,0.0,14.0,0.0,0.0,0.0,0.0,0.0,0.0,23.0,0.0,37.0,23.0,0.0,37.0,0.0,0.0,0.0,0.0,0.0,0.0,"Mar 17, 2016"
2513,2706032.0,18322.0,Ninewa,Mosul,Al-Salam,السلام,36.3026395,43.2115335,62.0,372.0,0.0,0.0,0.0,0.0,0.0,0.0,0.0,0.0,0.0,0.0,0.0,0.0,62.0,0.0,0.0,0.0,0.0,0.0,0.0,0.0,0.0,0.0,0.0,0.0,0.0,0.0,27.0,0.0,0.0,27.0,0.0,0.0,0.0,0.0,35.0,0.0,0.0,35.0,0.0,0.0,0.0,0.0,35.0,0.0,0.0,35.0,27.0,0.0,0.0,27.0,0.0,0.0,0.0,0.0,0.0,0.0,"Mar 17, 2016"
2514,2706033.0,18372.0,Ninewa,Mosul,Al-Wahda,الوحدة,36.3249804896,43.1898108107,57.0,342.0,20.0,0.0,0.0,0.0,0.0,0.0,0.0,0.0,0.0,0.0,0.0,0.0,17.0,0.0,20.0,0.0,0.0,0.0,0.0,37.0,0.0,0.0,0.0,0.0,0.0,0.0,5.0,0.0,0.0,5.0,0.0,0.0,0.0,0.0,15.0,0.0,0.0,15.0,0.0,0.0,0.0,0.0,0.0,0.0,0.0,0.0,57.0,0.0,0.0,57.0,0.0,0.0,0.0,0.0,0.0,0.0,"Mar 17, 2016"
2515,2706034.0,18367.0,Ninewa,Mosul,Al-Yarmuk,اليرموك,36.3380867888,43.0833271753,576.0,3456.0,22.0,0.0,0.0,0.0,0.0,0.0,0.0,0.0,0.0,0.0,0.0,0.0,464.0,0.0,90.0,0.0,0.0,0.0,0.0,47.0,0.0,0.0,0.0,0.0,0.0,32.0,72.0,32.0,0.0,72.0,0.0,0.0,30.0,0.0,15.0,30.0,380.0,15.0,7.0,380.0,0.0,7.0,82.0,0.0,78.0,82.0,409.0,78.0,0.0,409.0,0.0,0.0,0.0,0.0,0.0,0.0,"Mar 17, 2016"
2516,2706035.0,18327.0,Ninewa,Mosul,Al-Zuhor,الزهور,36.3765144298,43.1833020956,64.0,384.0,7.0,0.0,0.0,0.0,0.0,0.0,0.0,0.0,0.0,0.0,0.0,0.0,45.0,0.0,12.0,0.0,0.0,0.0,0.0,0.0,0.0,0.0,0.0,0.0,0.0,0.0,48.0,0.0,0.0,48.0,0.0,0.0,12.0,0.0,4.0,12.0,0.0,4.0,7.0,0.0,0.0,7.0,0.0,0.0,7.0,0.0,50.0,7.0,0.0,50.0,0.0,0.0,0.0,0.0,0.0,0.0,"Mar 17, 2016"
2517,2706036.0,18245.0,Ninewa,Mosul,Bab Jadeed,باب الجديد,36.3336629217,43.1298155684,46.0,276.0,6.0,0.0,0.0,0.0,0.0,0.0,0.0,0.0,0.0,0.0,0.0,0.0,40.0,0.0,0.0,0.0,0.0,0.0,0.0,0.0,0.0,0.0,0.0,0.0,0.0,0.0,46.0,0.0,0.0,46.0,0.0,0.0,0.0,0.0,0.0,0.0,0.0,0.0,6.0,0.0,0.0,6.0,0.0,0.0,40.0,0.0,0.0,40.0,0.0,0.0,0.0,0.0,0.0,0.0,0.0,0.0,"Mar 17, 2016"
2518,2706039.0,18247.0,Ninewa,Mosul,Hay 17 July,حي 17 تموز,36.3680734938,43.0837793828,665.0,3990.0,8.0,0.0,0.0,0.0,0.0,0.0,0.0,0.0,0.0,0.0,0.0,0.0,657.0,0.0,0.0,0.0,0.0,0.0,0.0,117.0,0.0,0.0,0.0,0.0,0.0,0.0,502.0,0.0,0.0,502.0,0.0,0.0,4.0,0.0,42.0,4.0,0.0,42.0,8.0,0.0,0.0,8.0,0.0,0.0,38.0,0.0,619.0,38.0,0.0,619.0,0.0,0.0,0.0,0.0,0.0,0.0,"Mar 17, 2016"
2519,2706040.0,24636.0,Ninewa,Mosul,Hay 30 July,حي 30 تموز,36.3731056992,43.0807892652,82.0,492.0,0.0,0.0,0.0,0.0,0.0,0.0,0.0,0.0,0.0,0.0,0.0,0.0,82.0,0.0,0.0,0.0,0.0,0.0,0.0,16.0,0.0,0.0,0.0,0.0,0.0,0.0,61.0,0.0,0.0,61.0,0.0,0.0,0.0,0.0,5.0,0.0,0.0,5.0,0.0,0.0,0.0,0.0,0.0,0.0,5.0,0.0,77.0,5.0,0.0,77.0,0.0,0.0,0.0,0.0,0.0,0.0,"Mar 17, 2016"
2520,2706041.0,18306.0,Ninewa,Mosul,Hay Al Arabi,حي العربي,36.4010603632,43.1174401406,102.0,612.0,1.0,0.0,0.0,0.0,0.0,0.0,0.0,0.0,0.0,0.0,0.0,0.0,59.0,0.0,42.0,0.0,0.0,0.0,0.0,32.0,0.0,0.0,0.0,0.0,0.0,0.0,55.0,0.0,0.0,55.0,0.0,0.0,0.0,0.0,0.0,0.0,15.0,0.0,1.0,15.0,0.0,1.0,0.0,0.0,0.0,0.0,101.0,0.0,0.0,101.0,0.0,0.0,0.0,0.0,0.0,0.0,"Mar 17, 2016"
2521,2706042.0,23789.0,Ninewa,Mosul,Hay Al Farouq,حي الفاروق,36.340687,43.128489,110.0,660.0,8.0,0.0,0.0,0.0,0.0,0.0,0.0,0.0,0.0,0.0,0.0,0.0,95.0,0.0,7.0,0.0,0.0,0.0,0.0,22.0,0.0,0.0,0.0,0.0,0.0,0.0,53.0,0.0,0.0,53.0,0.0,0.0,25.0,0.0,10.0,25.0,0.0,10.0,8.0,0.0,0.0,8.0,50.0,0.0,0.0,50.0,52.0,0.0,0.0,52.0,0.0,0.0,0.0,0.0,0.0,0.0,"Mar 17, 2016"
2522,2706043.0,18314.0,Ninewa,Mosul,Hay Al Intisar,الانتصار,36.321603521,43.2184224035,213.0,1278.0,62.0,0.0,0.0,0.0,0.0,0.0,0.0,0.0,0.0,0.0,0.0,0.0,151.0,0.0,0.0,0.0,0.0,0.0,0.0,27.0,0.0,0.0,0.0,0.0,0.0,0.0,15.0,0.0,0.0,15.0,0.0,0.0,0.0,0.0,171.0,0.0,0.0,171.0,0.0,0.0,0.0,0.0,46.0,0.0,72.0,46.0,95.0,72.0,0.0,95.0,0.0,0.0,0.0,0.0,0.0,0.0,"Mar 17, 2016"
2523,2706044.0,18313.0,Ninewa,Mosul,Hay Al Islah Al Zirai,حي الاصلاح الزراعي,36.3502431463,43.085158739,240.0,1440.0,4.0,0.0,0.0,0.0,0.0,0.0,0.0,0.0,0.0,0.0,0.0,0.0,236.0,0.0,0.0,0.0,0.0,0.0,0.0,75.0,0.0,0.0,0.0,0.0,0.0,0.0,139.0,0.0,0.0,139.0,0.0,0.0,0.0,0.0,26.0,0.0,0.0,26.0,4.0,0.0,0.0,4.0,21.0,0.0,67.0,21.0,148.0,67.0,0.0,148.0,0.0,0.0,0.0,0.0,0.0,0.0,"Mar 17, 2016"
2524,2706045.0,23929.0,Ninewa,Mosul,Hay Al Kafaat,حي الكفاءات,36.3802,43.1539,7.0,42.0,3.0,0.0,0.0,0.0,0.0,0.0,0.0,0.0,0.0,0.0,0.0,0.0,1.0,0.0,3.0,0.0,0.0,0.0,0.0,0.0,0.0,0.0,0.0,0.0,0.0,0.0,7.0,0.0,0.0,7.0,0.0,0.0,0.0,0.0,0.0,0.0,0.0,0.0,3.0,0.0,0.0,3.0,0.0,0.0,0.0,0.0,4.0,0.0,0.0,4.0,0.0,0.0,0.0,0.0,0.0,0.0,"Mar 17, 2016"
2525,2706046.0,23934.0,Ninewa,Mosul,Hay Al Nahrawan,حي النهروان,36.331523,43.066661,98.0,588.0,10.0,0.0,0.0,0.0,0.0,0.0,0.0,0.0,0.0,0.0,0.0,0.0,88.0,0.0,0.0,0.0,0.0,0.0,0.0,41.0,0.0,0.0,0.0,0.0,0.0,0.0,27.0,0.0,0.0,27.0,0.0,0.0,0.0,0.0,17.0,0.0,13.0,17.0,10.0,13.0,0.0,10.0,0.0,0.0,57.0,0.0,31.0,57.0,0.0,31.0,0.0,0.0,0.0,0.0,0.0,0.0,"Mar 17, 2016"
2526,2706047.0,23933.0,Ninewa,Mosul,Hay Al Samah,حي السماح,36.3659922249,43.220835604,53.0,318.0,15.0,0.0,0.0,0.0,0.0,0.0,0.0,0.0,0.0,0.0,0.0,0.0,38.0,0.0,0.0,0.0,0.0,0.0,0.0,11.0,0.0,0.0,0.0,0.0,0.0,0.0,4.0,0.0,0.0,4.0,0.0,0.0,0.0,0.0,38.0,0.0,0.0,38.0,15.0,0.0,0.0,15.0,0.0,0.0,38.0,0.0,0.0,38.0,0.0,0.0,0.0,0.0,0.0,0.0,0.0,0.0,"Mar 17, 2016"
2527,2706048.0,18370.0,Ninewa,Mosul,Hay Al Tammem,التاميم,36.3555135035,43.1919572672,590.0,3540.0,3.0,0.0,0.0,0.0,0.0,0.0,0.0,0.0,59.0,0.0,0.0,0.0,491.0,0.0,37.0,0.0,0.0,0.0,0.0,177.0,0.0,0.0,0.0,0.0,0.0,0.0,3.0,0.0,0.0,3.0,0.0,0.0,115.0,0.0,272.0,115.0,23.0,272.0,3.0,23.0,0.0,3.0,400.0,0.0,65.0,400.0,122.0,65.0,0.0,122.0,0.0,0.0,0.0,0.0,0.0,0.0,"Mar 17, 2016"
2528,2706050.0,21647.0,Ninewa,Mosul,Hay Al Zahraa,حي الزهراء,36.383555315,43.2083959115,540.0,3240.0,50.0,0.0,0.0,0.0,0.0,0.0,0.0,0.0,0.0,0.0,0.0,0.0,490.0,0.0,0.0,0.0,0.0,0.0,0.0,49.0,0.0,0.0,0.0,0.0,0.0,0.0,49.0,0.0,0.0,49.0,0.0,0.0,0.0,0.0,374.0,0.0,68.0,374.0,50.0,68.0,0.0,50.0,220.0,0.0,194.0,220.0,76.0,194.0,0.0,76.0,0.0,0.0,0.0,0.0,0.0,0.0,"Mar 17, 2016"
2529,2706051.0,18362.0,Ninewa,Mosul,Hay Al-Baker,حي البكر,36.3670746317,43.2056211578,70.0,420.0,16.0,0.0,0.0,0.0,0.0,0.0,0.0,0.0,0.0,0.0,0.0,0.0,14.0,0.0,40.0,0.0,0.0,0.0,0.0,9.0,0.0,0.0,0.0,0.0,0.0,0.0,4.0,0.0,0.0,4.0,0.0,0.0,0.0,0.0,57.0,0.0,0.0,57.0,4.0,0.0,0.0,4.0,0.0,0.0,20.0,0.0,46.0,20.0,0.0,46.0,0.0,0.0,0.0,0.0,0.0,0.0,"Mar 17, 2016"
2530,2706052.0,20970.0,Ninewa,Mosul,Hay Al-Shifaa,حي الشفاء,36.3521980176,43.118589401,4.0,24.0,4.0,0.0,0.0,0.0,0.0,0.0,0.0,0.0,0.0,0.0,0.0,0.0,0.0,0.0,0.0,0.0,0.0,0.0,0.0,4.0,0.0,0.0,0.0,0.0,0.0,0.0,0.0,0.0,0.0,0.0,0.0,0.0,0.0,0.0,0.0,0.0,0.0,0.0,4.0,0.0,0.0,4.0,0.0,0.0,0.0,0.0,0.0,0.0,0.0,0.0,0.0,0.0,0.0,0.0,0.0,0.0,"Mar 17, 2016"
2531,2706053.0,24635.0,Ninewa,Mosul,Hay Nablus,حي نابلس,36.3262496377,43.0826786855,25.0,150.0,0.0,0.0,0.0,0.0,0.0,0.0,0.0,0.0,0.0,0.0,0.0,0.0,15.0,0.0,10.0,0.0,0.0,0.0,0.0,10.0,0.0,0.0,0.0,0.0,0.0,0.0,0.0,0.0,0.0,0.0,0.0,0.0,0.0,0.0,15.0,0.0,0.0,15.0,0.0,0.0,0.0,0.0,0.0,0.0,15.0,0.0,10.0,15.0,0.0,10.0,0.0,0.0,0.0,0.0,0.0,0.0,"Mar 17, 2016"
2532,2706054.0,21336.0,Ninewa,Mosul,HAY-SUMMER,حي سومر,36.2989213451,43.1924594445,394.0,2364.0,62.0,0.0,0.0,0.0,0.0,0.0,0.0,0.0,18.0,0.0,0.0,0.0,305.0,0.0,9.0,0.0,0.0,0.0,0.0,48.0,0.0,0.0,0.0,0.0,0.0,0.0,342.0,0.0,0.0,342.0,0.0,0.0,0.0,0.0,4.0,0.0,0.0,4.0,62.0,0.0,0.0,62.0,0.0,0.0,85.0,0.0,247.0,85.0,0.0,247.0,0.0,0.0,0.0,0.0,0.0,0.0,"Mar 17, 2016"
2533,2706055.0,21332.0,Ninewa,Mosul,HAY-FALISTINE,حي فلسطين,36.3075092256,43.1910329019,101.0,606.0,33.0,0.0,0.0,0.0,0.0,0.0,0.0,0.0,0.0,0.0,0.0,0.0,68.0,0.0,0.0,0.0,0.0,0.0,0.0,15.0,0.0,0.0,0.0,0.0,0.0,0.0,86.0,0.0,0.0,86.0,0.0,0.0,0.0,0.0,0.0,0.0,0.0,0.0,33.0,0.0,0.0,33.0,0.0,0.0,29.0,0.0,39.0,29.0,0.0,39.0,0.0,0.0,0.0,0.0,0.0,0.0,"Mar 17, 2016"
2534,2706057.0,17990.0,Ninewa,Mosul,Mosul,موصل,36.340054,43.130055,778.0,4668.0,133.0,0.0,0.0,0.0,0.0,0.0,0.0,0.0,70.0,0.0,0.0,0.0,565.0,0.0,10.0,0.0,0.0,0.0,0.0,0.0,0.0,0.0,0.0,0.0,0.0,0.0,0.0,0.0,0.0,0.0,0.0,0.0,0.0,0.0,0.0,0.0,778.0,0.0,0.0,778.0,0.0,0.0,0.0,0.0,0.0,0.0,778.0,0.0,0.0,778.0,0.0,0.0,0.0,0.0,0.0,0.0,"Mar 17, 2016"
2535,2706058.0,17471.0,Ninewa,Mosul,Mosul Jadida,موصل الجديدة,36.332143,43.099938,100.0,600.0,18.0,0.0,0.0,0.0,0.0,0.0,0.0,0.0,9.0,0.0,0.0,0.0,73.0,0.0,0.0,0.0,0.0,0.0,0.0,30.0,0.0,0.0,0.0,0.0,0.0,0.0,61.0,0.0,0.0,61.0,0.0,0.0,5.0,0.0,4.0,5.0,0.0,4.0,5.0,0.0,0.0,5.0,0.0,0.0,23.0,0.0,72.0,23.0,0.0,72.0,0.0,0.0,0.0,0.0,0.0,0.0,"Mar 17, 2016"
2536,2706059.0,17414.0,Ninewa,Mosul,Muwali,الموالي,36.3246969357,42.840522297,11.0,66.0,0.0,0.0,0.0,0.0,0.0,0.0,0.0,0.0,0.0,0.0,0.0,0.0,11.0,0.0,0.0,0.0,0.0,0.0,0.0,11.0,0.0,0.0,0.0,0.0,0.0,0.0,0.0,0.0,0.0,0.0,0.0,0.0,0.0,0.0,0.0,0.0,0.0,0.0,0.0,0.0,0.0,0.0,0.0,0.0,11.0,0.0,0.0,11.0,0.0,0.0,0.0,0.0,0.0,0.0,0.0,0.0,"Mar 17, 2016"
2537,2706061.0,17411.0,Ninewa,Mosul,Rihaniya,الريحانية,36.3867829887,42.8897586889,15.0,90.0,0.0,0.0,0.0,0.0,0.0,0.0,0.0,0.0,0.0,0.0,0.0,0.0,15.0,0.0,0.0,0.0,0.0,0.0,0.0,5.0,0.0,0.0,0.0,0.0,0.0,0.0,0.0,0.0,0.0,0.0,0.0,0.0,0.0,0.0,10.0,0.0,0.0,10.0,0.0,0.0,0.0,0.0,0.0,0.0,15.0,0.0,0.0,15.0,0.0,0.0,0.0,0.0,0.0,0.0,0.0,0.0,"Mar 17, 2016"
2538,2706062.0,17410.0,Ninewa,Mosul,Sahaji,السحاجي,36.2809972284,42.9428163966,30.0,180.0,0.0,0.0,0.0,0.0,0.0,0.0,0.0,0.0,0.0,0.0,0.0,0.0,30.0,0.0,0.0,0.0,0.0,0.0,0.0,0.0,0.0,0.0,0.0,0.0,0.0,0.0,0.0,0.0,0.0,0.0,0.0,0.0,0.0,0.0,15.0,0.0,15.0,15.0,0.0,15.0,0.0,0.0,0.0,0.0,15.0,0.0,15.0,15.0,0.0,15.0,0.0,0.0,0.0,0.0,0.0,0.0,"Mar 17, 2016"
2539,2706063.0,21258.0,Ninewa,Mosul,Tal Al-Rumman,تل الرمان,36.3156163755,43.089962639,91.0,546.0,0.0,0.0,0.0,0.0,0.0,0.0,0.0,0.0,0.0,0.0,0.0,0.0,78.0,0.0,13.0,0.0,0.0,0.0,0.0,20.0,0.0,0.0,0.0,0.0,0.0,7.0,33.0,7.0,0.0,33.0,0.0,0.0,11.0,0.0,20.0,11.0,0.0,20.0,0.0,0.0,0.0,0.0,0.0,0.0,38.0,0.0,53.0,38.0,0.0,53.0,0.0,0.0,0.0,0.0,0.0,0.0,"Mar 17, 2016"
2540,2706064.0,18368.0,Ninewa,Mosul,Wadi Hajar,وادي حجر,36.3211254849,43.1254966435,255.0,1530.0,26.0,0.0,0.0,0.0,0.0,0.0,0.0,0.0,0.0,0.0,0.0,0.0,205.0,0.0,24.0,0.0,0.0,0.0,0.0,50.0,0.0,0.0,0.0,0.0,0.0,0.0,30.0,0.0,0.0,30.0,0.0,0.0,106.0,0.0,29.0,106.0,40.0,29.0,0.0,40.0,14.0,0.0,31.0,14.0,134.0,31.0,76.0,134.0,0.0,76.0,0.0,0.0,0.0,0.0,0.0,0.0,"Mar 17, 2016"
2541,2706065.0,21007.0,Ninewa,Mosul,Zanjili,الزنجيلي,36.3497575113,43.1104930274,92.0,552.0,3.0,0.0,0.0,0.0,0.0,0.0,0.0,0.0,0.0,0.0,0.0,0.0,59.0,0.0,30.0,0.0,0.0,0.0,0.0,28.0,0.0,0.0,0.0,0.0,0.0,0.0,3.0,0.0,0.0,3.0,0.0,0.0,10.0,0.0,51.0,10.0,0.0,51.0,3.0,0.0,0.0,3.0,0.0,0.0,59.0,0.0,30.0,59.0,0.0,30.0,0.0,0.0,0.0,0.0,0.0,0.0,"Mar 17, 2016"
2542,2706066.0,17751.0,Ninewa,Mosul,Badosh,بادوش,36.425,42.9632,90.0,540.0,0.0,0.0,0.0,0.0,0.0,0.0,0.0,0.0,0.0,0.0,0.0,0.0,90.0,0.0,0.0,0.0,0.0,0.0,0.0,0.0,0.0,0.0,0.0,0.0,0.0,0.0,0.0,0.0,0.0,0.0,0.0,0.0,0.0,0.0,0.0,0.0,90.0,0.0,0.0,90.0,0.0,0.0,0.0,0.0,0.0,0.0,90.0,0.0,0.0,90.0,0.0,0.0,0.0,0.0,0.0,0.0,"Mar 17, 2016"
2543,2706082.0,18365.0,Ninewa,Mosul,Al-Amil,العامل,36.3228077238,43.0921699732,85.0,510.0,0.0,0.0,0.0,0.0,0.0,0.0,0.0,0.0,0.0,0.0,0.0,0.0,36.0,0.0,49.0,0.0,0.0,0.0,0.0,60.0,0.0,0.0,0.0,0.0,0.0,0.0,0.0,0.0,0.0,0.0,0.0,0.0,0.0,0.0,25.0,0.0,0.0,25.0,0.0,0.0,0.0,0.0,0.0,0.0,0.0,0.0,85.0,0.0,0.0,85.0,0.0,0.0,0.0,0.0,0.0,0.0,"Mar 17, 2016"
2544,2706083.0,17416.0,Ninewa,Mosul,Rajim hadeed ,رجم حديد,36.326645,43.073414,250.0,1500.0,0.0,0.0,0.0,0.0,0.0,0.0,0.0,0.0,0.0,0.0,0.0,0.0,250.0,0.0,0.0,0.0,0.0,0.0,0.0,0.0,0.0,0.0,0.0,0.0,0.0,0.0,0.0,0.0,0.0,0.0,0.0,0.0,0.0,0.0,0.0,0.0,250.0,0.0,0.0,250.0,0.0,0.0,0.0,0.0,0.0,0.0,250.0,0.0,0.0,250.0,0.0,0.0,0.0,0.0,0.0,0.0,"Mar 17, 2016"
2545,2706084.0,21491.0,Ninewa,Mosul,Hay Almeshraq,حي المشراق,36.369689,43.187331,22.0,132.0,0.0,0.0,0.0,0.0,0.0,0.0,0.0,0.0,3.0,0.0,0.0,0.0,14.0,0.0,5.0,0.0,0.0,0.0,0.0,0.0,0.0,0.0,0.0,0.0,0.0,0.0,0.0,0.0,0.0,0.0,0.0,0.0,7.0,0.0,15.0,7.0,0.0,15.0,0.0,0.0,0.0,0.0,0.0,0.0,0.0,0.0,22.0,0.0,0.0,22.0,0.0,0.0,0.0,0.0,0.0,0.0,"Mar 17, 2016"
2546,2706085.0,22450.0,Ninewa,Mosul,Muhalabya center,مركز المحلبية,36.266653677,42.7092623863,210.0,1260.0,0.0,0.0,0.0,0.0,0.0,0.0,0.0,0.0,0.0,0.0,0.0,0.0,210.0,0.0,0.0,0.0,0.0,0.0,0.0,0.0,0.0,0.0,0.0,0.0,0.0,0.0,0.0,0.0,0.0,0.0,0.0,0.0,0.0,0.0,0.0,0.0,210.0,0.0,0.0,210.0,0.0,0.0,0.0,0.0,0.0,0.0,210.0,0.0,0.0,210.0,0.0,0.0,0.0,0.0,0.0,0.0,"Mar 17, 2016"
2547,2706086.0,27269.0,Ninewa,Mosul,Hay Alqadisya Alawla,حي القادسية الاولى,36.3724838885,43.189232136,14.0,84.0,0.0,0.0,0.0,0.0,0.0,0.0,0.0,0.0,0.0,0.0,0.0,0.0,11.0,0.0,3.0,0.0,0.0,0.0,0.0,0.0,0.0,0.0,0.0,0.0,0.0,0.0,0.0,0.0,0.0,0.0,0.0,0.0,0.0,0.0,8.0,0.0,6.0,8.0,0.0,6.0,0.0,0.0,0.0,0.0,0.0,0.0,14.0,0.0,0.0,14.0,0.0,0.0,0.0,0.0,0.0,0.0,"Mar 17, 2016"
2548,2706087.0,17128.0,Ninewa,Mosul,Hamam Alaleel Center,مركز حمام العليل,36.1675881128,43.2549478849,154.0,924.0,0.0,0.0,0.0,0.0,0.0,0.0,0.0,0.0,30.0,0.0,0.0,0.0,20.0,0.0,104.0,0.0,0.0,0.0,0.0,62.0,0.0,0.0,0.0,0.0,0.0,0.0,0.0,0.0,0.0,0.0,0.0,0.0,0.0,0.0,12.0,0.0,80.0,12.0,0.0,80.0,0.0,0.0,0.0,0.0,0.0,0.0,154.0,0.0,0.0,154.0,0.0,0.0,0.0,0.0,0.0,0.0,"Mar 17, 2016"
2549,2706088.0,17428.0,Ninewa,Mosul,Aldlawya Sufla,الدلاوية سفلى,36.0252,42.9373,12.0,72.0,0.0,0.0,0.0,0.0,0.0,0.0,0.0,0.0,0.0,0.0,0.0,0.0,0.0,0.0,12.0,0.0,0.0,0.0,0.0,0.0,0.0,0.0,0.0,0.0,0.0,0.0,0.0,0.0,0.0,0.0,0.0,0.0,0.0,0.0,0.0,0.0,12.0,0.0,0.0,12.0,0.0,0.0,0.0,0.0,0.0,0.0,12.0,0.0,0.0,12.0,0.0,0.0,0.0,0.0,0.0,0.0,"Mar 17, 2016"
2550,2706089.0,27302.0,Ninewa,Mosul,Sananik,سنانك,36.1535024009,43.0933281515,18.0,108.0,0.0,0.0,0.0,0.0,0.0,0.0,0.0,0.0,0.0,0.0,0.0,0.0,0.0,0.0,18.0,0.0,0.0,0.0,0.0,0.0,0.0,0.0,0.0,0.0,0.0,0.0,0.0,0.0,0.0,0.0,0.0,0.0,0.0,0.0,0.0,0.0,18.0,0.0,0.0,18.0,0.0,0.0,0.0,0.0,0.0,0.0,18.0,0.0,0.0,18.0,0.0,0.0,0.0,0.0,0.0,0.0,"Mar 17, 2016"
2551,2706090.0,17127.0,Ninewa,Mosul,Al-Qayyarah Center,مركز القيارة,35.8013429285,43.2947405629,50.0,300.0,0.0,0.0,0.0,0.0,0.0,0.0,0.0,0.0,50.0,0.0,0.0,0.0,0.0,0.0,0.0,0.0,0.0,0.0,0.0,0.0,0.0,0.0,0.0,0.0,0.0,0.0,0.0,0.0,0.0,0.0,0.0,0.0,0.0,0.0,0.0,0.0,50.0,0.0,0.0,50.0,0.0,0.0,0.0,0.0,0.0,0.0,50.0,0.0,0.0,50.0,0.0,0.0,0.0,0.0,0.0,0.0,"Mar 17, 2016"
2552,2706091.0,18332.0,Ninewa,Mosul,Nabi Younis,حي النبي يونس,36.3475343671,43.1618041914,45.0,270.0,0.0,0.0,0.0,0.0,0.0,0.0,0.0,0.0,0.0,0.0,0.0,0.0,45.0,0.0,0.0,0.0,0.0,0.0,0.0,15.0,0.0,0.0,0.0,0.0,0.0,0.0,30.0,0.0,0.0,30.0,0.0,0.0,0.0,0.0,0.0,0.0,0.0,0.0,0.0,0.0,0.0,0.0,0.0,0.0,0.0,0.0,45.0,0.0,0.0,45.0,0.0,0.0,0.0,0.0,0.0,0.0,"Mar 17, 2016"
2553,2706092.0,27303.0,Ninewa,Mosul,Hay Alnasr,حي النصر,36.3513282878,43.1447388487,35.0,210.0,0.0,0.0,0.0,0.0,0.0,0.0,0.0,0.0,0.0,0.0,0.0,0.0,30.0,0.0,5.0,0.0,0.0,0.0,0.0,0.0,0.0,0.0,0.0,0.0,0.0,0.0,0.0,0.0,0.0,0.0,0.0,0.0,0.0,0.0,15.0,0.0,20.0,15.0,0.0,20.0,0.0,0.0,0.0,0.0,0.0,0.0,35.0,0.0,0.0,35.0,0.0,0.0,0.0,0.0,0.0,0.0,"Mar 17, 2016"
2554,2706093.0,18383.0,Ninewa,Mosul,Hay Adan,حي عدن,36.353585,43.213329,44.0,264.0,15.0,0.0,0.0,0.0,0.0,0.0,0.0,0.0,0.0,0.0,0.0,0.0,29.0,0.0,0.0,0.0,0.0,0.0,0.0,22.0,0.0,0.0,0.0,0.0,0.0,0.0,12.0,0.0,0.0,12.0,0.0,0.0,0.0,0.0,10.0,0.0,0.0,10.0,0.0,0.0,0.0,0.0,0.0,0.0,0.0,0.0,44.0,0.0,0.0,44.0,0.0,0.0,0.0,0.0,0.0,0.0,"Mar 17, 2016"
2555,2706094.0,20998.0,Ninewa,Mosul,Hay Alalam,حي الاعلام,36.3611094409,43.1930089679,47.0,282.0,0.0,0.0,0.0,0.0,0.0,0.0,0.0,0.0,0.0,0.0,0.0,0.0,47.0,0.0,0.0,0.0,0.0,0.0,0.0,10.0,0.0,0.0,0.0,0.0,0.0,0.0,27.0,0.0,0.0,27.0,0.0,0.0,0.0,0.0,0.0,0.0,10.0,0.0,0.0,10.0,0.0,0.0,0.0,0.0,0.0,0.0,47.0,0.0,0.0,47.0,0.0,0.0,0.0,0.0,0.0,0.0,"Mar 17, 2016"
2556,2706095.0,18342.0,Ninewa,Mosul,Hay Alqadsya,حي القادسية,36.376466,43.182335,23.0,138.0,15.0,0.0,0.0,0.0,0.0,0.0,0.0,0.0,0.0,0.0,0.0,0.0,8.0,0.0,0.0,0.0,0.0,0.0,0.0,0.0,0.0,0.0,0.0,0.0,0.0,0.0,0.0,0.0,0.0,0.0,0.0,0.0,0.0,0.0,23.0,0.0,0.0,23.0,0.0,0.0,0.0,0.0,0.0,0.0,0.0,0.0,23.0,0.0,0.0,23.0,0.0,0.0,0.0,0.0,0.0,0.0,"Mar 17, 2016"
2557,2706096.0,18001.0,Ninewa,Mosul,Abu Arayis Village,قرية أبوعرايس,36.0847161092,43.024217694,40.0,240.0,0.0,0.0,0.0,0.0,0.0,0.0,0.0,0.0,0.0,0.0,0.0,0.0,0.0,0.0,40.0,0.0,0.0,0.0,0.0,20.0,0.0,0.0,0.0,0.0,0.0,0.0,0.0,0.0,0.0,0.0,0.0,0.0,0.0,0.0,0.0,0.0,20.0,0.0,0.0,20.0,0.0,0.0,0.0,0.0,0.0,0.0,40.0,0.0,0.0,40.0,0.0,0.0,0.0,0.0,0.0,0.0,"Mar 17, 2016"
2558,2706097.0,20796.0,Ninewa,Mosul,Bysan,بيسان,36.4085196439,43.1046160096,96.0,576.0,0.0,0.0,0.0,0.0,0.0,0.0,0.0,0.0,0.0,0.0,0.0,0.0,96.0,0.0,0.0,0.0,0.0,0.0,0.0,0.0,0.0,0.0,0.0,0.0,0.0,0.0,12.0,0.0,0.0,12.0,0.0,0.0,0.0,0.0,84.0,0.0,0.0,84.0,0.0,0.0,0.0,0.0,0.0,0.0,0.0,0.0,96.0,0.0,0.0,96.0,0.0,0.0,0.0,0.0,0.0,0.0,"Mar 17, 2016"
2559,2706098.0,27381.0,Ninewa,Mosul,Sherekhan sufle,شريخان سفلى,36.4039,43.073461,84.0,504.0,0.0,5.0,0.0,0.0,0.0,0.0,0.0,0.0,0.0,0.0,0.0,0.0,79.0,0.0,0.0,0.0,0.0,0.0,0.0,0.0,0.0,0.0,0.0,0.0,0.0,0.0,42.0,0.0,0.0,42.0,0.0,0.0,0.0,0.0,42.0,0.0,0.0,42.0,0.0,0.0,0.0,0.0,0.0,0.0,0.0,0.0,84.0,0.0,0.0,84.0,0.0,0.0,0.0,0.0,0.0,0.0,"Mar 17, 2016"
2560,2706099.0,18384.0,Ninewa,Mosul,Alshuhadaa,حي الشهداء,36.3188062857,43.1001554391,93.0,558.0,12.0,0.0,0.0,0.0,0.0,0.0,0.0,0.0,0.0,0.0,0.0,0.0,65.0,0.0,16.0,0.0,0.0,0.0,0.0,32.0,0.0,0.0,0.0,0.0,0.0,0.0,33.0,0.0,0.0,33.0,0.0,0.0,0.0,0.0,28.0,0.0,0.0,28.0,0.0,0.0,0.0,0.0,0.0,0.0,0.0,0.0,93.0,0.0,0.0,93.0,0.0,0.0,0.0,0.0,0.0,0.0,"Mar 17, 2016"
2561,2706100.0,17922.0,Ninewa,Mosul,Shura Center,الشورى,35.9945661452,43.2232952532,70.0,420.0,0.0,0.0,0.0,0.0,0.0,0.0,0.0,0.0,70.0,0.0,0.0,0.0,0.0,0.0,0.0,0.0,0.0,0.0,0.0,0.0,0.0,0.0,0.0,0.0,0.0,0.0,0.0,0.0,0.0,0.0,0.0,0.0,0.0,0.0,0.0,0.0,70.0,0.0,0.0,70.0,0.0,0.0,0.0,0.0,0.0,0.0,70.0,0.0,0.0,70.0,0.0,0.0,0.0,0.0,0.0,0.0,"Mar 17, 2016"
2562,2706101.0,28434.0,Ninewa,Mosul,Alzanazil Village,قرية الزنازل,36.434406092,42.8004153592,30.0,180.0,0.0,0.0,0.0,0.0,0.0,0.0,0.0,0.0,0.0,0.0,0.0,0.0,30.0,0.0,0.0,0.0,0.0,0.0,0.0,30.0,0.0,0.0,0.0,0.0,0.0,0.0,0.0,0.0,0.0,0.0,0.0,0.0,0.0,0.0,0.0,0.0,0.0,0.0,0.0,0.0,0.0,0.0,0.0,0.0,0.0,0.0,30.0,0.0,0.0,30.0,0.0,0.0,0.0,0.0,0.0,0.0,"Mar 17, 2016"
2563,2706102.0,28435.0,Ninewa,Mosul,Albweer Village,قرية البوير,36.4216071047,42.7667954252,20.0,120.0,0.0,0.0,0.0,0.0,0.0,0.0,0.0,0.0,0.0,0.0,0.0,0.0,20.0,0.0,0.0,0.0,0.0,0.0,0.0,20.0,0.0,0.0,0.0,0.0,0.0,0.0,0.0,0.0,0.0,0.0,0.0,0.0,0.0,0.0,0.0,0.0,0.0,0.0,0.0,0.0,0.0,0.0,0.0,0.0,0.0,0.0,20.0,0.0,0.0,20.0,0.0,0.0,0.0,0.0,0.0,0.0,"Mar 17, 2016"
2564,2706103.0,28436.0,Ninewa,Mosul,Kulega,كليجة,36.4197599653,43.4676491011,20.0,120.0,0.0,0.0,0.0,0.0,0.0,0.0,0.0,0.0,0.0,0.0,0.0,0.0,20.0,0.0,0.0,0.0,0.0,0.0,0.0,20.0,0.0,0.0,0.0,0.0,0.0,0.0,0.0,0.0,0.0,0.0,0.0,0.0,0.0,0.0,0.0,0.0,0.0,0.0,0.0,0.0,20.0,0.0,0.0,20.0,0.0,0.0,0.0,0.0,0.0,0.0,0.0,0.0,0.0,0.0,0.0,0.0,"Mar 17, 2016"
2565,2706104.0,17574.0,Ninewa,Mosul,Aski Mosul Village ,قريه اسكي موصل ,36.5156443249,42.7333623282,143.0,858.0,0.0,0.0,0.0,0.0,0.0,0.0,0.0,0.0,0.0,0.0,0.0,0.0,143.0,0.0,0.0,0.0,0.0,0.0,0.0,143.0,0.0,0.0,0.0,0.0,0.0,0.0,0.0,0.0,0.0,0.0,0.0,0.0,0.0,0.0,0.0,0.0,0.0,0.0,0.0,0.0,0.0,0.0,0.0,0.0,143.0,0.0,0.0,143.0,0.0,0.0,0.0,0.0,0.0,0.0,0.0,0.0,"Mar 17, 2016"
2566,2706105.0,17382.0,Ninewa,Mosul,Bazwaya,بازوايا,36.368700776,43.2932685274,33.0,198.0,0.0,0.0,0.0,0.0,0.0,0.0,0.0,0.0,0.0,0.0,0.0,0.0,0.0,0.0,33.0,0.0,0.0,0.0,0.0,0.0,0.0,0.0,0.0,0.0,0.0,0.0,0.0,0.0,0.0,0.0,0.0,0.0,0.0,0.0,33.0,0.0,0.0,33.0,0.0,0.0,0.0,0.0,0.0,0.0,0.0,0.0,33.0,0.0,0.0,33.0,0.0,0.0,0.0,0.0,0.0,0.0,"Mar 17, 2016"
2567,2706106.0,18363.0,Ninewa,Mosul,Hay alsedeeq,حي الصديق,36.3894319679,43.1586934346,7.0,42.0,7.0,0.0,0.0,0.0,0.0,0.0,0.0,0.0,0.0,0.0,0.0,0.0,0.0,0.0,0.0,0.0,0.0,0.0,0.0,7.0,0.0,0.0,0.0,0.0,0.0,0.0,0.0,0.0,0.0,0.0,0.0,0.0,0.0,0.0,0.0,0.0,0.0,0.0,0.0,0.0,0.0,0.0,0.0,0.0,0.0,0.0,7.0,0.0,0.0,7.0,0.0,0.0,0.0,0.0,0.0,0.0,"Mar 17, 2016"
2568,2707001.0,22490.0,Ninewa,Sinjar,Hay Al Naser,حي النصر,36.3205132417,41.8468825936,1.0,6.0,1.0,0.0,0.0,0.0,0.0,0.0,0.0,0.0,0.0,0.0,0.0,0.0,0.0,0.0,0.0,0.0,0.0,0.0,0.0,0.0,0.0,0.0,0.0,0.0,0.0,0.0,1.0,0.0,0.0,1.0,0.0,0.0,0.0,0.0,0.0,0.0,0.0,0.0,1.0,0.0,0.0,1.0,0.0,0.0,0.0,0.0,0.0,0.0,0.0,0.0,0.0,0.0,0.0,0.0,0.0,0.0,"Mar 17, 2016"
2569,2707003.0,27272.0,Ninewa,Hatra,Alsadahya,السداحية,36.127522,42.299418,80.0,480.0,0.0,0.0,0.0,0.0,0.0,0.0,0.0,0.0,0.0,0.0,0.0,0.0,80.0,0.0,0.0,0.0,0.0,0.0,0.0,0.0,0.0,0.0,0.0,0.0,0.0,0.0,0.0,0.0,0.0,0.0,0.0,0.0,0.0,0.0,0.0,0.0,80.0,0.0,0.0,80.0,0.0,0.0,0.0,0.0,0.0,0.0,80.0,0.0,0.0,80.0,0.0,0.0,0.0,0.0,0.0,0.0,"Mar 17, 2016"
2570,2707004.0,17845.0,Ninewa,Sinjar,Khana sor,خانصور,36.4647407537,41.6275786136,6.0,36.0,0.0,0.0,0.0,0.0,0.0,0.0,0.0,0.0,0.0,0.0,0.0,0.0,6.0,0.0,0.0,0.0,0.0,0.0,0.0,6.0,0.0,0.0,0.0,0.0,0.0,0.0,0.0,0.0,0.0,0.0,0.0,0.0,0.0,0.0,0.0,0.0,0.0,0.0,0.0,0.0,0.0,0.0,6.0,0.0,0.0,6.0,0.0,0.0,0.0,0.0,0.0,0.0,0.0,0.0,0.0,0.0,"Mar 17, 2016"
2571,2707005.0,17928.0,Ninewa,Sinjar,Sinuni center,مركز سنوني,36.4659398405,41.7133853273,44.0,264.0,0.0,0.0,0.0,0.0,0.0,0.0,0.0,0.0,0.0,0.0,0.0,0.0,44.0,0.0,0.0,0.0,0.0,0.0,0.0,44.0,0.0,0.0,0.0,0.0,0.0,0.0,0.0,0.0,0.0,0.0,0.0,0.0,0.0,0.0,0.0,0.0,0.0,0.0,0.0,0.0,0.0,0.0,44.0,0.0,0.0,44.0,0.0,0.0,0.0,0.0,0.0,0.0,0.0,0.0,0.0,0.0,"Mar 17, 2016"
2572,2707008.0,27285.0,Ninewa,Sinjar,Borek,بورك,36.4943673864,41.8682061344,3.0,18.0,0.0,0.0,0.0,0.0,0.0,0.0,0.0,0.0,0.0,0.0,0.0,0.0,3.0,0.0,0.0,0.0,0.0,0.0,0.0,3.0,0.0,0.0,0.0,0.0,0.0,0.0,0.0,0.0,0.0,0.0,0.0,0.0,0.0,0.0,0.0,0.0,0.0,0.0,0.0,0.0,0.0,0.0,3.0,0.0,0.0,3.0,0.0,0.0,0.0,0.0,0.0,0.0,0.0,0.0,0.0,0.0,"Mar 17, 2016"
2573,2707016.0,27361.0,Ninewa,Sinjar,Wary Bahdo,واري بهدو,36.3811689593,41.7919379924,120.0,720.0,0.0,0.0,0.0,0.0,0.0,0.0,0.0,0.0,0.0,0.0,0.0,0.0,120.0,0.0,0.0,0.0,0.0,0.0,0.0,120.0,0.0,0.0,0.0,0.0,0.0,0.0,0.0,0.0,0.0,0.0,0.0,0.0,0.0,0.0,0.0,0.0,0.0,0.0,0.0,0.0,0.0,0.0,120.0,0.0,0.0,120.0,0.0,0.0,0.0,0.0,0.0,0.0,0.0,0.0,0.0,0.0,"Mar 17, 2016"
2574,2707017.0,27362.0,Ninewa,Sinjar,Sardashty,سردشتي,36.3738235832,41.7492235827,284.0,1704.0,0.0,0.0,0.0,0.0,0.0,0.0,0.0,0.0,0.0,0.0,0.0,0.0,284.0,0.0,0.0,0.0,0.0,0.0,0.0,284.0,0.0,0.0,0.0,0.0,0.0,0.0,0.0,0.0,0.0,0.0,0.0,0.0,0.0,0.0,0.0,0.0,0.0,0.0,0.0,0.0,0.0,0.0,284.0,0.0,0.0,284.0,0.0,0.0,0.0,0.0,0.0,0.0,0.0,0.0,0.0,0.0,"Mar 17, 2016"
2575,2707018.0,27363.0,Ninewa,Sinjar,Osiva,اوسفا,36.4172227527,41.8842852281,25.0,150.0,0.0,0.0,0.0,0.0,0.0,0.0,0.0,0.0,0.0,0.0,0.0,0.0,25.0,0.0,0.0,0.0,0.0,0.0,0.0,25.0,0.0,0.0,0.0,0.0,0.0,0.0,0.0,0.0,0.0,0.0,0.0,0.0,0.0,0.0,0.0,0.0,0.0,0.0,0.0,0.0,0.0,0.0,25.0,0.0,0.0,25.0,0.0,0.0,0.0,0.0,0.0,0.0,0.0,0.0,0.0,0.0,"Mar 17, 2016"
2576,2707021.0,27366.0,Ninewa,Sinjar,Balif,بليف,36.4286986037,41.6989191402,2.0,12.0,0.0,0.0,0.0,0.0,0.0,0.0,0.0,0.0,0.0,0.0,0.0,0.0,2.0,0.0,0.0,0.0,0.0,0.0,0.0,2.0,0.0,0.0,0.0,0.0,0.0,0.0,0.0,0.0,0.0,0.0,0.0,0.0,0.0,0.0,0.0,0.0,0.0,0.0,0.0,0.0,0.0,0.0,2.0,0.0,0.0,2.0,0.0,0.0,0.0,0.0,0.0,0.0,0.0,0.0,0.0,0.0,"Mar 17, 2016"
2577,2707024.0,27398.0,Ninewa,Sinjar,Cheyl mira,جيل ميرا,36.3924186694,41.8329721345,50.0,300.0,0.0,0.0,0.0,0.0,0.0,0.0,0.0,0.0,0.0,0.0,0.0,0.0,50.0,0.0,0.0,0.0,0.0,0.0,0.0,50.0,0.0,0.0,0.0,0.0,0.0,0.0,0.0,0.0,0.0,0.0,0.0,0.0,0.0,0.0,0.0,0.0,0.0,0.0,0.0,0.0,0.0,0.0,50.0,0.0,0.0,50.0,0.0,0.0,0.0,0.0,0.0,0.0,0.0,0.0,0.0,0.0,"Mar 17, 2016"
2578,2707031.0,28415.0,Ninewa,Sinjar,Bakera ,بكرا,36.4291887697,41.9119082005,30.0,180.0,0.0,0.0,0.0,0.0,0.0,0.0,0.0,0.0,0.0,0.0,0.0,0.0,30.0,0.0,0.0,0.0,0.0,0.0,0.0,30.0,0.0,0.0,0.0,0.0,0.0,0.0,0.0,0.0,0.0,0.0,0.0,0.0,0.0,0.0,0.0,0.0,0.0,0.0,0.0,0.0,0.0,0.0,30.0,0.0,0.0,30.0,0.0,0.0,0.0,0.0,0.0,0.0,0.0,0.0,0.0,0.0,"Mar 17, 2016"
2579,2707034.0,28418.0,Ninewa,Sinjar,Darki Qawala,داركي قوالا,36.375829245,41.7631585184,1.0,6.0,0.0,0.0,0.0,0.0,0.0,0.0,0.0,0.0,0.0,0.0,0.0,0.0,1.0,0.0,0.0,0.0,0.0,0.0,0.0,1.0,0.0,0.0,0.0,0.0,0.0,0.0,0.0,0.0,0.0,0.0,0.0,0.0,0.0,0.0,0.0,0.0,0.0,0.0,0.0,0.0,0.0,0.0,1.0,0.0,0.0,1.0,0.0,0.0,0.0,0.0,0.0,0.0,0.0,0.0,0.0,0.0,"Mar 17, 2016"
2580,2708001.0,17486.0,Ninewa,Telafar,Abu Mariya,قرية ابو ماريا,36.4266737,42.6011278,163.0,978.0,0.0,0.0,0.0,0.0,0.0,0.0,0.0,0.0,0.0,0.0,0.0,0.0,163.0,0.0,0.0,0.0,0.0,0.0,0.0,155.0,0.0,0.0,0.0,0.0,0.0,0.0,8.0,0.0,0.0,8.0,0.0,0.0,0.0,0.0,0.0,0.0,0.0,0.0,0.0,0.0,0.0,0.0,0.0,0.0,155.0,0.0,8.0,155.0,0.0,8.0,0.0,0.0,0.0,0.0,0.0,0.0,"Mar 17, 2016"
2581,2708002.0,24809.0,Ninewa,Telafar,Al Hay Al Askare,الحي العسكري,36.3920374,42.4765978,20.0,120.0,0.0,0.0,0.0,0.0,0.0,0.0,0.0,0.0,0.0,0.0,0.0,0.0,20.0,0.0,0.0,0.0,0.0,0.0,0.0,0.0,0.0,0.0,0.0,0.0,0.0,0.0,0.0,0.0,0.0,0.0,0.0,0.0,0.0,0.0,20.0,0.0,0.0,20.0,0.0,0.0,0.0,0.0,0.0,0.0,20.0,0.0,0.0,20.0,0.0,0.0,0.0,0.0,0.0,0.0,0.0,0.0,"Mar 17, 2016"
2582,2708003.0,23168.0,Ninewa,Telafar,Al Muthalatha village,المثلثة,36.628500078,42.2875761162,265.0,1590.0,0.0,0.0,0.0,0.0,0.0,0.0,0.0,0.0,0.0,0.0,0.0,0.0,265.0,0.0,0.0,0.0,0.0,0.0,0.0,150.0,0.0,0.0,0.0,0.0,0.0,0.0,60.0,0.0,0.0,60.0,0.0,0.0,0.0,0.0,55.0,0.0,0.0,55.0,0.0,0.0,0.0,0.0,0.0,0.0,160.0,0.0,105.0,160.0,0.0,105.0,0.0,0.0,0.0,0.0,0.0,0.0,"Mar 17, 2016"
2583,2708006.0,18305.0,Ninewa,Telafar,Hay Al Muthana,حي المثنى,36.380954,42.454283,34.0,204.0,0.0,0.0,0.0,0.0,0.0,0.0,0.0,0.0,0.0,0.0,0.0,0.0,34.0,0.0,0.0,0.0,0.0,0.0,0.0,10.0,0.0,0.0,0.0,0.0,0.0,0.0,24.0,0.0,0.0,24.0,0.0,0.0,0.0,0.0,0.0,0.0,0.0,0.0,0.0,0.0,0.0,0.0,0.0,0.0,24.0,0.0,10.0,24.0,0.0,10.0,0.0,0.0,0.0,0.0,0.0,0.0,"Mar 17, 2016"
2584,2708007.0,18309.0,Ninewa,Telafar,Hay Al Uroba,حي العروبة,36.3773714,42.4572373,59.0,354.0,0.0,0.0,0.0,0.0,0.0,0.0,0.0,0.0,0.0,0.0,0.0,0.0,59.0,0.0,0.0,0.0,0.0,0.0,0.0,23.0,0.0,0.0,0.0,0.0,0.0,0.0,36.0,0.0,0.0,36.0,0.0,0.0,0.0,0.0,0.0,0.0,0.0,0.0,0.0,0.0,0.0,0.0,0.0,0.0,36.0,0.0,23.0,36.0,0.0,23.0,0.0,0.0,0.0,0.0,0.0,0.0,"Mar 17, 2016"
2585,2708009.0,22923.0,Ninewa,Telafar,Kakhirta,كاخرتة,36.5574058895,42.3490522567,115.0,690.0,0.0,0.0,0.0,0.0,0.0,0.0,0.0,0.0,0.0,0.0,0.0,0.0,115.0,0.0,0.0,0.0,0.0,0.0,0.0,85.0,0.0,0.0,0.0,0.0,0.0,0.0,15.0,0.0,0.0,15.0,0.0,0.0,0.0,0.0,15.0,0.0,0.0,15.0,0.0,0.0,0.0,0.0,0.0,0.0,75.0,0.0,40.0,75.0,0.0,40.0,0.0,0.0,0.0,0.0,0.0,0.0,"Mar 17, 2016"
2586,2708011.0,25944.0,Ninewa,Telafar,Qasabat Zummar,قصبة زمار,36.6559975704,42.5980133829,1500.0,9000.0,0.0,0.0,0.0,0.0,0.0,0.0,0.0,0.0,0.0,0.0,0.0,0.0,1500.0,0.0,0.0,0.0,0.0,0.0,0.0,500.0,0.0,0.0,0.0,0.0,0.0,0.0,1000.0,0.0,0.0,1000.0,0.0,0.0,0.0,0.0,0.0,0.0,0.0,0.0,0.0,0.0,0.0,0.0,0.0,0.0,0.0,0.0,1500.0,0.0,0.0,1500.0,0.0,0.0,0.0,0.0,0.0,0.0,"Mar 17, 2016"
2587,2708012.0,17649.0,Ninewa,Telafar,Rabea center,مركز ربيعة,36.8056314526,42.0895292481,450.0,2700.0,0.0,0.0,0.0,0.0,0.0,0.0,0.0,0.0,0.0,0.0,0.0,0.0,450.0,0.0,0.0,0.0,0.0,0.0,0.0,250.0,0.0,0.0,0.0,0.0,0.0,0.0,150.0,0.0,0.0,150.0,0.0,0.0,0.0,0.0,50.0,0.0,0.0,50.0,0.0,0.0,0.0,0.0,0.0,0.0,0.0,0.0,450.0,0.0,0.0,450.0,0.0,0.0,0.0,0.0,0.0,0.0,"Mar 17, 2016"
2588,2708013.0,17942.0,Ninewa,Telafar,Tal Khidr,تل خضر,36.5462080234,42.6571944793,30.0,180.0,0.0,0.0,0.0,0.0,0.0,0.0,0.0,0.0,0.0,0.0,0.0,0.0,30.0,0.0,0.0,0.0,0.0,0.0,0.0,0.0,0.0,0.0,0.0,0.0,0.0,0.0,0.0,0.0,0.0,0.0,0.0,0.0,0.0,0.0,30.0,0.0,0.0,30.0,0.0,0.0,0.0,0.0,0.0,0.0,30.0,0.0,0.0,30.0,0.0,0.0,0.0,0.0,0.0,0.0,0.0,0.0,"Mar 17, 2016"
2589,2708014.0,25819.0,Ninewa,Telafar,Telafar-Al Noor,حي النور,36.383069,42.470675,11.0,66.0,0.0,0.0,0.0,0.0,0.0,0.0,0.0,0.0,0.0,0.0,0.0,0.0,11.0,0.0,0.0,0.0,0.0,0.0,0.0,11.0,0.0,0.0,0.0,0.0,0.0,0.0,0.0,0.0,0.0,0.0,0.0,0.0,0.0,0.0,0.0,0.0,0.0,0.0,0.0,0.0,0.0,0.0,0.0,0.0,0.0,0.0,11.0,0.0,0.0,11.0,0.0,0.0,0.0,0.0,0.0,0.0,"Mar 17, 2016"
2590,2708015.0,25856.0,Ninewa,Telafar,Telafar-Hay Al Salam,حي السلام,36.3885364,42.4615367,20.0,120.0,0.0,0.0,0.0,0.0,0.0,0.0,0.0,0.0,0.0,0.0,0.0,0.0,20.0,0.0,0.0,0.0,0.0,0.0,0.0,0.0,0.0,0.0,0.0,0.0,0.0,0.0,20.0,0.0,0.0,20.0,0.0,0.0,0.0,0.0,0.0,0.0,0.0,0.0,0.0,0.0,0.0,0.0,0.0,0.0,20.0,0.0,0.0,20.0,0.0,0.0,0.0,0.0,0.0,0.0,0.0,0.0,"Mar 17, 2016"
2591,2708016.0,25740.0,Ninewa,Mosul,Twayem,تويم,36.3627,42.691377597,80.0,480.0,0.0,0.0,0.0,0.0,0.0,0.0,0.0,0.0,0.0,0.0,0.0,0.0,80.0,0.0,0.0,0.0,0.0,0.0,0.0,33.0,0.0,0.0,0.0,0.0,0.0,0.0,0.0,0.0,0.0,0.0,0.0,0.0,15.0,0.0,15.0,15.0,17.0,15.0,0.0,17.0,0.0,0.0,0.0,0.0,80.0,0.0,0.0,80.0,0.0,0.0,0.0,0.0,0.0,0.0,0.0,0.0,"Mar 17, 2016"
2592,2708090.0,28450.0,Ninewa,Telafar,Ewaynat vilage,قرية عوينات,36.6809312231,42.4021966735,52.0,312.0,0.0,0.0,0.0,0.0,0.0,0.0,0.0,0.0,0.0,0.0,0.0,0.0,52.0,0.0,0.0,0.0,0.0,0.0,0.0,52.0,0.0,0.0,0.0,0.0,0.0,0.0,0.0,0.0,0.0,0.0,0.0,0.0,0.0,0.0,0.0,0.0,0.0,0.0,0.0,0.0,0.0,0.0,0.0,0.0,42.0,0.0,10.0,42.0,0.0,10.0,0.0,0.0,0.0,0.0,0.0,0.0,"Mar 17, 2016"
2593,2708025.0,25980.0,Ninewa,Telafar,Gilbarat Village,قرية جلبارات,36.8275066556,42.1395246963,15.0,90.0,0.0,0.0,0.0,0.0,0.0,0.0,0.0,0.0,0.0,0.0,0.0,0.0,15.0,0.0,0.0,0.0,0.0,0.0,0.0,15.0,0.0,0.0,0.0,0.0,0.0,0.0,0.0,0.0,0.0,0.0,0.0,0.0,0.0,0.0,0.0,0.0,0.0,0.0,0.0,0.0,0.0,0.0,0.0,0.0,15.0,0.0,0.0,15.0,0.0,0.0,0.0,0.0,0.0,0.0,0.0,0.0,"Mar 17, 2016"
2594,2708047.0,17614.0,Ninewa,Telafar,Tal Ismair,قرية تل سمير,36.7503097006,42.1712018441,70.0,420.0,0.0,0.0,0.0,0.0,0.0,0.0,0.0,0.0,0.0,0.0,0.0,0.0,70.0,0.0,0.0,0.0,0.0,0.0,0.0,70.0,0.0,0.0,0.0,0.0,0.0,0.0,0.0,0.0,0.0,0.0,0.0,0.0,0.0,0.0,0.0,0.0,0.0,0.0,0.0,0.0,0.0,0.0,0.0,0.0,45.0,0.0,25.0,45.0,0.0,25.0,0.0,0.0,0.0,0.0,0.0,0.0,"Mar 17, 2016"
2595,2708054.0,17951.0,Ninewa,Telafar,Markaz Talafar,مركز تلعفر,36.375092,42.4531152,250.0,1500.0,0.0,0.0,0.0,0.0,0.0,0.0,0.0,0.0,0.0,0.0,0.0,0.0,250.0,0.0,0.0,0.0,0.0,0.0,0.0,95.0,0.0,0.0,0.0,0.0,0.0,0.0,0.0,0.0,0.0,0.0,0.0,0.0,0.0,0.0,55.0,0.0,100.0,55.0,0.0,100.0,0.0,0.0,0.0,0.0,0.0,0.0,250.0,0.0,0.0,250.0,0.0,0.0,0.0,0.0,0.0,0.0,"Mar 17, 2016"
2596,2708056.0,27304.0,Ninewa,Telafar,Kharabat Ashiq,قرية خرابت عاشق,36.7587486423,42.4589467795,180.0,1080.0,0.0,0.0,0.0,0.0,0.0,0.0,0.0,0.0,0.0,0.0,0.0,0.0,180.0,0.0,0.0,0.0,0.0,0.0,0.0,0.0,0.0,0.0,0.0,0.0,0.0,0.0,0.0,0.0,0.0,0.0,0.0,0.0,0.0,0.0,180.0,0.0,0.0,180.0,0.0,0.0,0.0,0.0,0.0,0.0,0.0,0.0,180.0,0.0,0.0,180.0,0.0,0.0,0.0,0.0,0.0,0.0,"Mar 17, 2016"
2597,2708057.0,17655.0,Ninewa,Telafar,Khrmer,قرية خرمر,36.6234315351,42.3784940874,105.0,630.0,0.0,0.0,0.0,0.0,0.0,0.0,0.0,0.0,0.0,0.0,0.0,0.0,105.0,0.0,0.0,0.0,0.0,0.0,0.0,60.0,0.0,0.0,0.0,0.0,0.0,0.0,0.0,0.0,0.0,0.0,0.0,0.0,0.0,0.0,45.0,0.0,0.0,45.0,0.0,0.0,0.0,0.0,0.0,0.0,0.0,0.0,105.0,0.0,0.0,105.0,0.0,0.0,0.0,0.0,0.0,0.0,"Mar 17, 2016"
2598,2708058.0,27382.0,Ninewa,Telafar,abu wni,قرية أبو وني,36.6242533465,42.4649090942,185.0,1110.0,0.0,0.0,0.0,0.0,0.0,0.0,0.0,0.0,0.0,0.0,0.0,0.0,185.0,0.0,0.0,0.0,0.0,0.0,0.0,150.0,0.0,0.0,0.0,0.0,0.0,0.0,0.0,0.0,0.0,0.0,0.0,0.0,0.0,0.0,35.0,0.0,0.0,35.0,0.0,0.0,0.0,0.0,0.0,0.0,0.0,0.0,185.0,0.0,0.0,185.0,0.0,0.0,0.0,0.0,0.0,0.0,"Mar 17, 2016"
2599,2708059.0,17654.0,Ninewa,Telafar,amla,قرية عمله,36.6432179789,42.444310029,350.0,2100.0,0.0,0.0,0.0,0.0,0.0,0.0,0.0,0.0,0.0,0.0,0.0,0.0,350.0,0.0,0.0,0.0,0.0,0.0,0.0,300.0,0.0,0.0,0.0,0.0,0.0,0.0,0.0,0.0,0.0,0.0,0.0,0.0,0.0,0.0,50.0,0.0,0.0,50.0,0.0,0.0,0.0,0.0,0.0,0.0,0.0,0.0,350.0,0.0,0.0,350.0,0.0,0.0,0.0,0.0,0.0,0.0,"Mar 17, 2016"
2600,2708060.0,18031.0,Ninewa,Telafar,Bayr alhulu,قرية بئر الحلو,36.5514285468,42.2846428295,90.0,540.0,0.0,0.0,0.0,0.0,0.0,0.0,0.0,0.0,0.0,0.0,0.0,0.0,90.0,0.0,0.0,0.0,0.0,0.0,0.0,75.0,0.0,0.0,0.0,0.0,0.0,0.0,0.0,0.0,0.0,0.0,0.0,0.0,0.0,0.0,15.0,0.0,0.0,15.0,0.0,0.0,0.0,0.0,0.0,0.0,0.0,0.0,90.0,0.0,0.0,90.0,0.0,0.0,0.0,0.0,0.0,0.0,"Mar 17, 2016"
2601,2708061.0,17775.0,Ninewa,Telafar,Albughuh,قرية البوغه,36.5920129012,42.3889765972,41.0,246.0,0.0,0.0,0.0,0.0,0.0,0.0,0.0,0.0,0.0,0.0,0.0,0.0,41.0,0.0,0.0,0.0,0.0,0.0,0.0,30.0,0.0,0.0,0.0,0.0,0.0,0.0,0.0,0.0,0.0,0.0,0.0,0.0,0.0,0.0,11.0,0.0,0.0,11.0,0.0,0.0,0.0,0.0,0.0,0.0,22.0,0.0,19.0,22.0,0.0,19.0,0.0,0.0,0.0,0.0,0.0,0.0,"Mar 17, 2016"
2602,2708062.0,17674.0,Ninewa,Telafar,Albarghlih,قرية البرغليه,36.5912467704,42.3644174346,80.0,480.0,0.0,0.0,0.0,0.0,0.0,0.0,0.0,0.0,0.0,0.0,0.0,0.0,80.0,0.0,0.0,0.0,0.0,0.0,0.0,60.0,0.0,0.0,0.0,0.0,0.0,0.0,0.0,0.0,0.0,0.0,0.0,0.0,0.0,0.0,20.0,0.0,0.0,20.0,0.0,0.0,0.0,0.0,0.0,0.0,35.0,0.0,45.0,35.0,0.0,45.0,0.0,0.0,0.0,0.0,0.0,0.0,"Mar 17, 2016"
2603,2708063.0,18238.0,Ninewa,Telafar,Sahal albawghuh,قرية سحل البوغه,36.5765032933,42.379985685,40.0,240.0,0.0,0.0,0.0,0.0,0.0,0.0,0.0,0.0,0.0,0.0,0.0,0.0,40.0,0.0,0.0,0.0,0.0,0.0,0.0,25.0,0.0,0.0,0.0,0.0,0.0,0.0,0.0,0.0,0.0,0.0,0.0,0.0,0.0,0.0,15.0,0.0,0.0,15.0,0.0,0.0,0.0,0.0,0.0,0.0,20.0,0.0,20.0,20.0,0.0,20.0,0.0,0.0,0.0,0.0,0.0,0.0,"Mar 17, 2016"
2604,2708064.0,17637.0,Ninewa,Telafar,am Kahayef ,ام كهيف,36.584,42.3237,38.0,228.0,0.0,0.0,0.0,0.0,0.0,0.0,0.0,0.0,0.0,0.0,0.0,0.0,38.0,0.0,0.0,0.0,0.0,0.0,0.0,25.0,0.0,0.0,0.0,0.0,0.0,0.0,0.0,0.0,0.0,0.0,0.0,0.0,0.0,0.0,13.0,0.0,0.0,13.0,0.0,0.0,0.0,0.0,0.0,0.0,13.0,0.0,25.0,13.0,0.0,25.0,0.0,0.0,0.0,0.0,0.0,0.0,"Mar 17, 2016"
2605,2708065.0,17814.0,Ninewa,Telafar,Tal alhuaa,قرية تل الهوى,36.7491011216,42.3041719196,53.0,318.0,0.0,0.0,0.0,0.0,0.0,0.0,0.0,0.0,0.0,0.0,0.0,0.0,50.0,0.0,3.0,0.0,0.0,0.0,0.0,53.0,0.0,0.0,0.0,0.0,0.0,0.0,0.0,0.0,0.0,0.0,0.0,0.0,0.0,0.0,0.0,0.0,0.0,0.0,0.0,0.0,3.0,0.0,0.0,3.0,35.0,0.0,15.0,35.0,0.0,15.0,0.0,0.0,0.0,0.0,0.0,0.0,"Mar 17, 2016"
2606,2708066.0,18262.0,Ninewa,Telafar,abu khushub,قرية ابوخشب,36.7414438534,42.1217734426,6.0,36.0,0.0,0.0,0.0,0.0,0.0,0.0,0.0,0.0,0.0,0.0,0.0,0.0,6.0,0.0,0.0,0.0,0.0,0.0,0.0,6.0,0.0,0.0,0.0,0.0,0.0,0.0,0.0,0.0,0.0,0.0,0.0,0.0,0.0,0.0,0.0,0.0,0.0,0.0,0.0,0.0,0.0,0.0,0.0,0.0,6.0,0.0,0.0,6.0,0.0,0.0,0.0,0.0,0.0,0.0,0.0,0.0,"Mar 17, 2016"
2607,2708077.0,28433.0,Ninewa,Telafar,Tal Alsimn Village,قرية تل السمن,36.4279568,42.6751302,50.0,300.0,0.0,0.0,0.0,0.0,0.0,0.0,0.0,0.0,0.0,0.0,0.0,0.0,50.0,0.0,0.0,0.0,0.0,0.0,0.0,50.0,0.0,0.0,0.0,0.0,0.0,0.0,0.0,0.0,0.0,0.0,0.0,0.0,0.0,0.0,0.0,0.0,0.0,0.0,0.0,0.0,0.0,0.0,0.0,0.0,0.0,0.0,50.0,0.0,0.0,50.0,0.0,0.0,0.0,0.0,0.0,0.0,"Mar 17, 2016"
2608,2708078.0,28437.0,Ninewa,Telafar,Almawmi vilage,قرية المومي,36.6268624861,42.047201629,51.0,306.0,0.0,0.0,0.0,0.0,0.0,0.0,0.0,0.0,0.0,0.0,0.0,0.0,51.0,0.0,0.0,0.0,0.0,0.0,0.0,51.0,0.0,0.0,0.0,0.0,0.0,0.0,0.0,0.0,0.0,0.0,0.0,0.0,0.0,0.0,0.0,0.0,0.0,0.0,0.0,0.0,0.0,0.0,0.0,0.0,15.0,0.0,36.0,15.0,0.0,36.0,0.0,0.0,0.0,0.0,0.0,0.0,"Mar 17, 2016"
2609,2708079.0,17657.0,Ninewa,Telafar,Abu Hajira vilage,قرية ابو حجيرة,36.762904624,42.2119050924,25.0,150.0,0.0,0.0,0.0,0.0,0.0,0.0,0.0,0.0,0.0,0.0,0.0,0.0,25.0,0.0,0.0,0.0,0.0,0.0,0.0,25.0,0.0,0.0,0.0,0.0,0.0,0.0,0.0,0.0,0.0,0.0,0.0,0.0,0.0,0.0,0.0,0.0,0.0,0.0,0.0,0.0,0.0,0.0,0.0,0.0,25.0,0.0,0.0,25.0,0.0,0.0,0.0,0.0,0.0,0.0,0.0,0.0,"Mar 17, 2016"
2610,2708080.0,28438.0,Ninewa,Telafar,Tal Hial vilage,قرية تل حيال,36.7939514849,42.1772325194,40.0,240.0,0.0,0.0,0.0,0.0,0.0,0.0,0.0,0.0,0.0,0.0,0.0,0.0,40.0,0.0,0.0,0.0,0.0,0.0,0.0,40.0,0.0,0.0,0.0,0.0,0.0,0.0,0.0,0.0,0.0,0.0,0.0,0.0,0.0,0.0,0.0,0.0,0.0,0.0,0.0,0.0,0.0,0.0,0.0,0.0,40.0,0.0,0.0,40.0,0.0,0.0,0.0,0.0,0.0,0.0,0.0,0.0,"Mar 17, 2016"
2611,2708081.0,28439.0,Ninewa,Telafar,Tal Talab vilage,قرية تل طلب,36.7458497146,42.2024575332,23.0,138.0,0.0,0.0,0.0,0.0,0.0,0.0,0.0,0.0,0.0,0.0,0.0,0.0,23.0,0.0,0.0,0.0,0.0,0.0,0.0,23.0,0.0,0.0,0.0,0.0,0.0,0.0,0.0,0.0,0.0,0.0,0.0,0.0,0.0,0.0,0.0,0.0,0.0,0.0,0.0,0.0,0.0,0.0,0.0,0.0,23.0,0.0,0.0,23.0,0.0,0.0,0.0,0.0,0.0,0.0,0.0,0.0,"Mar 17, 2016"
2612,2708082.0,28440.0,Ninewa,Telafar,Biir eakla vilage,قرية بئر عكلة,36.7971291634,42.2166009583,7.0,42.0,0.0,0.0,0.0,0.0,0.0,0.0,0.0,0.0,0.0,0.0,0.0,0.0,7.0,0.0,0.0,0.0,0.0,0.0,0.0,7.0,0.0,0.0,0.0,0.0,0.0,0.0,0.0,0.0,0.0,0.0,0.0,0.0,0.0,0.0,0.0,0.0,0.0,0.0,0.0,0.0,0.0,0.0,0.0,0.0,7.0,0.0,0.0,7.0,0.0,0.0,0.0,0.0,0.0,0.0,0.0,0.0,"Mar 17, 2016"
2613,2708083.0,28441.0,Ninewa,Telafar,Rajm hassn vilage,قرية رجم حسن,36.7151229878,42.075256351,13.0,78.0,0.0,0.0,0.0,0.0,0.0,0.0,0.0,0.0,0.0,0.0,0.0,0.0,13.0,0.0,0.0,0.0,0.0,0.0,0.0,13.0,0.0,0.0,0.0,0.0,0.0,0.0,0.0,0.0,0.0,0.0,0.0,0.0,0.0,0.0,0.0,0.0,0.0,0.0,0.0,0.0,0.0,0.0,0.0,0.0,13.0,0.0,0.0,13.0,0.0,0.0,0.0,0.0,0.0,0.0,0.0,0.0,"Mar 17, 2016"
2614,2708084.0,28442.0,Ninewa,Telafar,Mushah vilage,قرية موشة,36.7158319957,42.326310595,76.0,456.0,0.0,0.0,0.0,0.0,0.0,0.0,0.0,0.0,0.0,0.0,0.0,0.0,76.0,0.0,0.0,0.0,0.0,0.0,0.0,76.0,0.0,0.0,0.0,0.0,0.0,0.0,0.0,0.0,0.0,0.0,0.0,0.0,0.0,0.0,0.0,0.0,0.0,0.0,0.0,0.0,0.0,0.0,0.0,0.0,56.0,0.0,20.0,56.0,0.0,20.0,0.0,0.0,0.0,0.0,0.0,0.0,"Mar 17, 2016"
2615,2708089.0,28451.0,Ninewa,Telafar,Karsur vilage,قرية كرصور,36.732131762,42.389666318,80.0,480.0,0.0,0.0,0.0,0.0,0.0,0.0,0.0,0.0,0.0,0.0,0.0,0.0,80.0,0.0,0.0,0.0,0.0,0.0,0.0,80.0,0.0,0.0,0.0,0.0,0.0,0.0,0.0,0.0,0.0,0.0,0.0,0.0,0.0,0.0,0.0,0.0,0.0,0.0,0.0,0.0,0.0,0.0,0.0,0.0,66.0,0.0,14.0,66.0,0.0,14.0,0.0,0.0,0.0,0.0,0.0,0.0,"Mar 17, 2016"
2616,2708086.0,28444.0,Ninewa,Telafar,Tal wardan vilage,قرية تل وردان,36.7163660008,42.3521438271,11.0,66.0,0.0,0.0,0.0,0.0,0.0,0.0,0.0,0.0,0.0,0.0,0.0,0.0,11.0,0.0,0.0,0.0,0.0,0.0,0.0,11.0,0.0,0.0,0.0,0.0,0.0,0.0,0.0,0.0,0.0,0.0,0.0,0.0,0.0,0.0,0.0,0.0,0.0,0.0,0.0,0.0,0.0,0.0,0.0,0.0,11.0,0.0,0.0,11.0,0.0,0.0,0.0,0.0,0.0,0.0,0.0,0.0,"Mar 17, 2016"
2617,2709001.0,17590.0,Ninewa,Tilkaif,Ain Baqara,عين بقرة,36.6754750738,43.1946144544,22.0,132.0,0.0,0.0,0.0,0.0,0.0,0.0,0.0,0.0,0.0,0.0,0.0,0.0,22.0,0.0,0.0,0.0,0.0,0.0,0.0,22.0,0.0,0.0,0.0,0.0,0.0,0.0,0.0,0.0,0.0,0.0,0.0,0.0,0.0,0.0,0.0,0.0,0.0,0.0,0.0,0.0,0.0,0.0,22.0,0.0,0.0,22.0,0.0,0.0,0.0,0.0,0.0,0.0,0.0,0.0,0.0,0.0,"Mar 17, 2016"
2618,2709003.0,24600.0,Ninewa,Tilkaif,Al Qawsiyat,القوسيات,36.4444211569,43.0949080358,28.0,168.0,0.0,0.0,0.0,0.0,0.0,0.0,0.0,0.0,0.0,0.0,0.0,0.0,28.0,0.0,0.0,0.0,0.0,0.0,0.0,0.0,0.0,0.0,0.0,0.0,0.0,0.0,0.0,0.0,0.0,0.0,0.0,0.0,13.0,0.0,15.0,13.0,0.0,15.0,0.0,0.0,0.0,0.0,0.0,0.0,28.0,0.0,0.0,28.0,0.0,0.0,0.0,0.0,0.0,0.0,0.0,0.0,"Mar 17, 2016"
2619,2709004.0,24682.0,Ninewa,Tilkaif,Al Quba,القبة,36.4020888397,43.0439659223,217.0,1302.0,0.0,0.0,0.0,0.0,0.0,0.0,0.0,0.0,12.0,0.0,0.0,0.0,117.0,0.0,88.0,0.0,0.0,0.0,0.0,0.0,0.0,0.0,0.0,0.0,0.0,10.0,0.0,10.0,0.0,0.0,0.0,0.0,15.0,0.0,142.0,15.0,50.0,142.0,0.0,50.0,0.0,0.0,45.0,0.0,30.0,45.0,142.0,30.0,0.0,142.0,0.0,0.0,0.0,0.0,0.0,0.0,"Mar 17, 2016"
2620,2709005.0,17134.0,Ninewa,Tilkaif,Alqosh,القوش,36.731975,43.095524,560.0,3360.0,0.0,0.0,0.0,0.0,0.0,0.0,0.0,0.0,0.0,0.0,0.0,0.0,560.0,0.0,0.0,0.0,0.0,0.0,0.0,50.0,0.0,0.0,0.0,0.0,0.0,13.0,450.0,13.0,0.0,450.0,0.0,0.0,0.0,0.0,47.0,0.0,0.0,47.0,0.0,0.0,122.0,0.0,438.0,122.0,0.0,438.0,0.0,0.0,0.0,0.0,0.0,0.0,0.0,0.0,0.0,0.0,"Mar 17, 2016"
2621,2709006.0,16978.0,Ninewa,Tilkaif,Tafteyan,قرية تفتيان,36.698412,43.219862,25.0,150.0,0.0,0.0,0.0,0.0,0.0,0.0,0.0,0.0,0.0,0.0,0.0,0.0,25.0,0.0,0.0,0.0,0.0,0.0,0.0,18.0,0.0,0.0,0.0,4.0,0.0,0.0,0.0,0.0,0.0,0.0,0.0,0.0,0.0,0.0,3.0,0.0,0.0,3.0,0.0,0.0,0.0,0.0,25.0,0.0,0.0,25.0,0.0,0.0,0.0,0.0,0.0,0.0,0.0,0.0,0.0,0.0,"Mar 17, 2016"
2622,2709007.0,17077.0,Ninewa,Tilkaif,Bahindawa,بندوايا,36.7359180973,43.0402946235,35.0,210.0,0.0,0.0,0.0,0.0,0.0,0.0,0.0,0.0,0.0,0.0,0.0,0.0,35.0,0.0,0.0,0.0,0.0,0.0,0.0,35.0,0.0,0.0,0.0,0.0,0.0,0.0,0.0,0.0,0.0,0.0,0.0,0.0,0.0,0.0,0.0,0.0,0.0,0.0,0.0,0.0,4.0,0.0,31.0,4.0,0.0,31.0,0.0,0.0,0.0,0.0,0.0,0.0,0.0,0.0,0.0,0.0,"Mar 17, 2016"
2623,2709008.0,17569.0,Ninewa,Tilkaif,Beban,قرية بيبان,36.7005736607,43.1531024819,154.0,924.0,0.0,0.0,0.0,0.0,0.0,0.0,0.0,0.0,0.0,0.0,0.0,0.0,154.0,0.0,0.0,0.0,0.0,0.0,0.0,80.0,0.0,0.0,0.0,7.0,0.0,2.0,0.0,2.0,0.0,0.0,0.0,0.0,0.0,0.0,65.0,0.0,0.0,65.0,0.0,0.0,0.0,0.0,0.0,0.0,154.0,0.0,0.0,154.0,0.0,0.0,0.0,0.0,0.0,0.0,0.0,0.0,"Mar 17, 2016"
2624,2709009.0,24684.0,Ninewa,Tilkaif,Beerzwa,بيروزواة,36.6612278826,43.2422497229,30.0,180.0,0.0,0.0,0.0,0.0,0.0,0.0,0.0,0.0,0.0,0.0,0.0,0.0,30.0,0.0,0.0,0.0,0.0,0.0,0.0,29.0,0.0,0.0,0.0,0.0,0.0,1.0,0.0,1.0,0.0,0.0,0.0,0.0,0.0,0.0,0.0,0.0,0.0,0.0,0.0,0.0,4.0,0.0,22.0,4.0,4.0,22.0,0.0,4.0,0.0,0.0,0.0,0.0,0.0,0.0,0.0,0.0,"Mar 17, 2016"
2625,2709010.0,21603.0,Ninewa,Tilkaif,Baawiza,بعويزة,36.4335603196,43.1557870291,194.0,1164.0,0.0,0.0,0.0,0.0,0.0,0.0,0.0,0.0,0.0,0.0,0.0,0.0,50.0,0.0,144.0,0.0,0.0,0.0,0.0,10.0,0.0,5.0,0.0,0.0,5.0,0.0,0.0,0.0,0.0,0.0,0.0,0.0,21.0,0.0,131.0,21.0,27.0,131.0,0.0,27.0,0.0,0.0,0.0,0.0,33.0,0.0,161.0,33.0,0.0,161.0,0.0,0.0,0.0,0.0,0.0,0.0,"Mar 17, 2016"
2626,2709011.0,17570.0,Ninewa,Tilkaif,Bozan,قرية بوزان,36.7332446181,43.1276245722,441.0,2646.0,0.0,0.0,0.0,0.0,0.0,0.0,0.0,0.0,0.0,0.0,0.0,0.0,441.0,0.0,0.0,0.0,0.0,0.0,0.0,290.0,0.0,0.0,0.0,0.0,0.0,7.0,3.0,7.0,0.0,3.0,0.0,0.0,4.0,0.0,137.0,4.0,0.0,137.0,0.0,0.0,0.0,0.0,0.0,0.0,410.0,0.0,31.0,410.0,0.0,31.0,0.0,0.0,0.0,0.0,0.0,0.0,"Mar 17, 2016"
2627,2709012.0,17080.0,Ninewa,Tilkaif,Dahkan,دهكان كبير ,36.7414222277,43.0049481682,15.0,90.0,0.0,0.0,0.0,0.0,0.0,0.0,0.0,0.0,0.0,0.0,0.0,0.0,15.0,0.0,0.0,0.0,0.0,0.0,0.0,5.0,0.0,0.0,0.0,0.0,0.0,0.0,0.0,0.0,0.0,0.0,0.0,0.0,0.0,0.0,10.0,0.0,0.0,10.0,0.0,0.0,0.0,0.0,0.0,0.0,15.0,0.0,0.0,15.0,0.0,0.0,0.0,0.0,0.0,0.0,0.0,0.0,"Mar 17, 2016"
2628,2709013.0,25500.0,Ninewa,Tilkaif,Dahkan Sageer,دهكان صغير,36.7447357808,42.9617006539,28.0,168.0,0.0,0.0,0.0,0.0,0.0,0.0,0.0,0.0,0.0,0.0,0.0,0.0,28.0,0.0,0.0,0.0,0.0,0.0,0.0,18.0,0.0,0.0,0.0,0.0,0.0,0.0,0.0,0.0,0.0,0.0,0.0,0.0,0.0,0.0,10.0,0.0,0.0,10.0,0.0,0.0,0.0,0.0,0.0,0.0,28.0,0.0,0.0,28.0,0.0,0.0,0.0,0.0,0.0,0.0,0.0,0.0,"Mar 17, 2016"
2629,2709014.0,24683.0,Ninewa,Tilkaif,Dashqutan,داشقوتان,36.6567844968,43.2181061505,18.0,108.0,0.0,0.0,0.0,0.0,0.0,0.0,0.0,0.0,0.0,0.0,0.0,0.0,18.0,0.0,0.0,0.0,0.0,0.0,0.0,17.0,0.0,0.0,0.0,0.0,0.0,0.0,1.0,0.0,0.0,1.0,0.0,0.0,0.0,0.0,0.0,0.0,0.0,0.0,0.0,0.0,0.0,0.0,18.0,0.0,0.0,18.0,0.0,0.0,0.0,0.0,0.0,0.0,0.0,0.0,0.0,0.0,"Mar 17, 2016"
2630,2709017.0,21604.0,Ninewa,Tilkaif,Doghat,قرية دوغات,36.643557,43.113388,14.0,84.0,0.0,0.0,0.0,0.0,0.0,0.0,0.0,0.0,0.0,0.0,0.0,0.0,14.0,0.0,0.0,0.0,0.0,0.0,0.0,14.0,0.0,0.0,0.0,0.0,0.0,0.0,0.0,0.0,0.0,0.0,0.0,0.0,0.0,0.0,0.0,0.0,0.0,0.0,0.0,0.0,0.0,0.0,14.0,0.0,0.0,14.0,0.0,0.0,0.0,0.0,0.0,0.0,0.0,0.0,0.0,0.0,"Mar 17, 2016"
2631,2709018.0,24797.0,Ninewa,Tilkaif,Garmawa,مخيم كرماوه,36.646940274,43.2381587753,1058.0,6348.0,0.0,0.0,0.0,0.0,0.0,0.0,0.0,0.0,0.0,0.0,0.0,0.0,1058.0,0.0,0.0,0.0,0.0,0.0,1058.0,0.0,0.0,0.0,0.0,0.0,0.0,0.0,0.0,0.0,0.0,0.0,0.0,0.0,0.0,0.0,0.0,0.0,0.0,0.0,0.0,0.0,50.0,0.0,116.0,50.0,0.0,116.0,892.0,0.0,0.0,892.0,0.0,0.0,0.0,0.0,0.0,0.0,"Mar 17, 2016"
2632,2709020.0,23606.0,Ninewa,Tilkaif,Jabir Ben Hayan,جابر بن حيان,36.460661,42.985285,95.0,570.0,0.0,0.0,0.0,0.0,0.0,0.0,0.0,0.0,0.0,0.0,0.0,0.0,95.0,0.0,0.0,0.0,0.0,0.0,0.0,0.0,0.0,0.0,0.0,0.0,0.0,0.0,0.0,0.0,0.0,0.0,0.0,0.0,0.0,0.0,95.0,0.0,0.0,95.0,0.0,0.0,0.0,0.0,0.0,0.0,95.0,0.0,0.0,95.0,0.0,0.0,0.0,0.0,0.0,0.0,0.0,0.0,"Mar 17, 2016"
2633,2709021.0,24703.0,Ninewa,Tilkaif,Jambour Village,قرية جمبور,36.712698,42.952601,100.0,600.0,0.0,0.0,0.0,0.0,0.0,0.0,0.0,0.0,0.0,0.0,0.0,0.0,100.0,0.0,0.0,0.0,0.0,0.0,0.0,80.0,0.0,0.0,0.0,0.0,0.0,0.0,10.0,0.0,0.0,10.0,0.0,0.0,0.0,0.0,10.0,0.0,0.0,10.0,0.0,0.0,4.0,0.0,96.0,4.0,0.0,96.0,0.0,0.0,0.0,0.0,0.0,0.0,0.0,0.0,0.0,0.0,"Mar 17, 2016"
2634,2709022.0,17830.0,Ninewa,Tilkaif,Jarahiya,الجراحية,36.7017795993,43.2130272227,48.0,288.0,0.0,0.0,0.0,0.0,0.0,0.0,0.0,0.0,0.0,0.0,0.0,0.0,48.0,0.0,0.0,0.0,0.0,0.0,0.0,34.0,0.0,0.0,0.0,0.0,0.0,0.0,0.0,0.0,0.0,0.0,0.0,0.0,0.0,0.0,14.0,0.0,0.0,14.0,0.0,0.0,0.0,0.0,48.0,0.0,0.0,48.0,0.0,0.0,0.0,0.0,0.0,0.0,0.0,0.0,0.0,0.0,"Mar 17, 2016"
2635,2709023.0,26019.0,Ninewa,Tilkaif,Jarghan,جرغان,36.6297134787,43.2547998478,60.0,360.0,0.0,0.0,0.0,0.0,0.0,0.0,0.0,0.0,0.0,0.0,0.0,0.0,60.0,0.0,0.0,0.0,0.0,0.0,0.0,20.0,0.0,0.0,0.0,0.0,0.0,0.0,0.0,0.0,0.0,0.0,0.0,0.0,0.0,0.0,40.0,0.0,0.0,40.0,0.0,0.0,0.0,0.0,33.0,0.0,0.0,33.0,27.0,0.0,0.0,27.0,0.0,0.0,0.0,0.0,0.0,0.0,"Mar 17, 2016"
2636,2709024.0,25278.0,Ninewa,Tilkaif,Kabara,قرية كابارة,36.6978394865,43.2225241158,14.0,84.0,0.0,0.0,0.0,0.0,0.0,0.0,0.0,0.0,0.0,0.0,0.0,0.0,14.0,0.0,0.0,0.0,0.0,0.0,0.0,12.0,0.0,0.0,0.0,0.0,0.0,0.0,0.0,0.0,0.0,0.0,0.0,0.0,0.0,0.0,2.0,0.0,0.0,2.0,0.0,0.0,0.0,0.0,14.0,0.0,0.0,14.0,0.0,0.0,0.0,0.0,0.0,0.0,0.0,0.0,0.0,0.0,"Mar 17, 2016"
2637,2709025.0,24637.0,Ninewa,Tilkaif,Kalata Farhan village,قرية كلاتة فرحان(طماشة),36.5957309352,43.2103379875,191.0,1146.0,0.0,0.0,0.0,0.0,0.0,0.0,0.0,0.0,0.0,0.0,0.0,0.0,191.0,0.0,0.0,0.0,0.0,0.0,0.0,141.0,0.0,0.0,0.0,0.0,0.0,0.0,0.0,0.0,0.0,0.0,0.0,0.0,0.0,0.0,50.0,0.0,0.0,50.0,0.0,0.0,0.0,0.0,60.0,0.0,80.0,60.0,51.0,80.0,0.0,51.0,0.0,0.0,0.0,0.0,0.0,0.0,"Mar 17, 2016"
2638,2709026.0,17602.0,Ninewa,Tilkaif,Kany-Sheren,كاني شيرين,36.564261,43.032031,25.0,150.0,0.0,0.0,0.0,0.0,0.0,0.0,0.0,0.0,0.0,0.0,0.0,0.0,25.0,0.0,0.0,0.0,0.0,0.0,0.0,19.0,0.0,0.0,0.0,0.0,0.0,0.0,2.0,0.0,0.0,2.0,0.0,0.0,0.0,0.0,4.0,0.0,0.0,4.0,0.0,0.0,17.0,0.0,8.0,17.0,0.0,8.0,0.0,0.0,0.0,0.0,0.0,0.0,0.0,0.0,0.0,0.0,"Mar 17, 2016"
2639,2709027.0,18379.0,Ninewa,Tilkaif,Karanjik,كرنجوك,36.6733593055,43.2156826683,8.0,48.0,0.0,0.0,0.0,0.0,0.0,0.0,0.0,0.0,0.0,0.0,0.0,0.0,8.0,0.0,0.0,0.0,0.0,0.0,0.0,8.0,0.0,0.0,0.0,0.0,0.0,0.0,0.0,0.0,0.0,0.0,0.0,0.0,0.0,0.0,0.0,0.0,0.0,0.0,0.0,0.0,0.0,0.0,8.0,0.0,0.0,8.0,0.0,0.0,0.0,0.0,0.0,0.0,0.0,0.0,0.0,0.0,"Mar 17, 2016"
2640,2709028.0,24685.0,Ninewa,Tilkaif,Karmawa,كرماوة,36.6428513327,43.2340965343,15.0,90.0,0.0,0.0,0.0,0.0,0.0,0.0,0.0,0.0,0.0,0.0,0.0,0.0,15.0,0.0,0.0,0.0,0.0,0.0,0.0,12.0,0.0,0.0,0.0,0.0,0.0,0.0,3.0,0.0,0.0,3.0,0.0,0.0,0.0,0.0,0.0,0.0,0.0,0.0,0.0,0.0,0.0,0.0,15.0,0.0,0.0,15.0,0.0,0.0,0.0,0.0,0.0,0.0,0.0,0.0,0.0,0.0,"Mar 17, 2016"
2641,2709029.0,17564.0,Ninewa,Tilkaif,Khorazan,قرية خورازان,36.695143,43.220559,12.0,72.0,0.0,0.0,0.0,0.0,0.0,0.0,0.0,0.0,0.0,0.0,0.0,0.0,12.0,0.0,0.0,0.0,0.0,0.0,0.0,12.0,0.0,0.0,0.0,0.0,0.0,0.0,0.0,0.0,0.0,0.0,0.0,0.0,0.0,0.0,0.0,0.0,0.0,0.0,0.0,0.0,0.0,0.0,12.0,0.0,0.0,12.0,0.0,0.0,0.0,0.0,0.0,0.0,0.0,0.0,0.0,0.0,"Mar 17, 2016"
2642,2709030.0,17849.0,Ninewa,Tilkaif,Khoshaba,قرية خوشابا ,36.6274218154,43.1753764289,1.0,6.0,0.0,0.0,0.0,0.0,0.0,0.0,0.0,0.0,0.0,0.0,0.0,0.0,1.0,0.0,0.0,0.0,0.0,0.0,0.0,1.0,0.0,0.0,0.0,0.0,0.0,0.0,0.0,0.0,0.0,0.0,0.0,0.0,0.0,0.0,0.0,0.0,0.0,0.0,0.0,0.0,0.0,0.0,0.0,0.0,1.0,0.0,0.0,1.0,0.0,0.0,0.0,0.0,0.0,0.0,0.0,0.0,"Mar 17, 2016"
2643,2709031.0,18380.0,Ninewa,Tilkaif,Nasiriah,النصيرية,36.6990905022,43.2192923013,56.0,336.0,0.0,0.0,0.0,0.0,0.0,0.0,0.0,0.0,0.0,0.0,0.0,0.0,56.0,0.0,0.0,0.0,0.0,0.0,0.0,20.0,0.0,0.0,0.0,0.0,0.0,0.0,0.0,0.0,0.0,0.0,0.0,0.0,0.0,0.0,36.0,0.0,0.0,36.0,0.0,0.0,0.0,0.0,56.0,0.0,0.0,56.0,0.0,0.0,0.0,0.0,0.0,0.0,0.0,0.0,0.0,0.0,"Mar 17, 2016"
2644,2709032.0,25368.0,Ninewa,Tilkaif,Pabera Complex,مجمع بابيرة,36.6324847988,42.9845914829,45.0,270.0,0.0,0.0,0.0,0.0,0.0,0.0,0.0,0.0,0.0,0.0,0.0,0.0,45.0,0.0,0.0,0.0,0.0,0.0,0.0,45.0,0.0,0.0,0.0,0.0,0.0,0.0,0.0,0.0,0.0,0.0,0.0,0.0,0.0,0.0,0.0,0.0,0.0,0.0,0.0,0.0,0.0,0.0,45.0,0.0,0.0,45.0,0.0,0.0,0.0,0.0,0.0,0.0,0.0,0.0,0.0,0.0,"Mar 17, 2016"
2645,2709033.0,18055.0,Ninewa,Tilkaif,Hatara,حتارة,36.6597502928,43.0487589401,185.0,1110.0,0.0,0.0,0.0,0.0,0.0,0.0,0.0,0.0,0.0,0.0,0.0,0.0,185.0,0.0,0.0,0.0,0.0,0.0,0.0,75.0,0.0,0.0,0.0,0.0,0.0,0.0,0.0,0.0,0.0,0.0,0.0,0.0,0.0,0.0,110.0,0.0,0.0,110.0,0.0,0.0,0.0,0.0,185.0,0.0,0.0,185.0,0.0,0.0,0.0,0.0,0.0,0.0,0.0,0.0,0.0,0.0,"Mar 17, 2016"
2646,2709034.0,17551.0,Ninewa,Tilkaif,Sarishka,قرية سريشكا,36.63567,43.147485,16.0,96.0,0.0,0.0,0.0,0.0,0.0,0.0,0.0,0.0,0.0,0.0,0.0,0.0,16.0,0.0,0.0,0.0,0.0,0.0,0.0,16.0,0.0,0.0,0.0,0.0,0.0,0.0,0.0,0.0,0.0,0.0,0.0,0.0,0.0,0.0,0.0,0.0,0.0,0.0,0.0,0.0,0.0,0.0,16.0,0.0,0.0,16.0,0.0,0.0,0.0,0.0,0.0,0.0,0.0,0.0,0.0,0.0,"Mar 17, 2016"
2647,2709035.0,26017.0,Ninewa,Tilkaif,Sendank Olya,سندانك عليا,36.6242647053,43.2220044379,45.0,270.0,0.0,0.0,0.0,0.0,0.0,0.0,0.0,0.0,0.0,0.0,0.0,0.0,45.0,0.0,0.0,0.0,0.0,0.0,0.0,40.0,0.0,0.0,0.0,0.0,0.0,0.0,0.0,0.0,0.0,0.0,0.0,0.0,0.0,0.0,5.0,0.0,0.0,5.0,0.0,0.0,4.0,0.0,26.0,4.0,0.0,26.0,15.0,0.0,0.0,15.0,0.0,0.0,0.0,0.0,0.0,0.0,"Mar 17, 2016"
2648,2709036.0,26018.0,Ninewa,Tilkaif,Sendank Sofla,سندانك سفلى,36.6128033919,43.2219420845,50.0,300.0,0.0,0.0,0.0,0.0,0.0,0.0,0.0,0.0,0.0,0.0,0.0,0.0,50.0,0.0,0.0,0.0,0.0,0.0,0.0,18.0,0.0,0.0,0.0,0.0,0.0,0.0,0.0,0.0,0.0,0.0,0.0,0.0,5.0,0.0,27.0,5.0,0.0,27.0,0.0,0.0,0.0,0.0,30.0,0.0,0.0,30.0,20.0,0.0,0.0,20.0,0.0,0.0,0.0,0.0,0.0,0.0,"Mar 17, 2016"
2649,2709037.0,25277.0,Ninewa,Tilkaif,Sharafiya,قرية الشرفية,36.6894575348,43.0927627108,81.0,486.0,0.0,0.0,0.0,0.0,0.0,0.0,0.0,0.0,0.0,0.0,0.0,0.0,81.0,0.0,0.0,0.0,0.0,0.0,0.0,0.0,0.0,0.0,0.0,0.0,0.0,3.0,78.0,3.0,0.0,78.0,0.0,0.0,0.0,0.0,0.0,0.0,0.0,0.0,0.0,0.0,2.0,0.0,79.0,2.0,0.0,79.0,0.0,0.0,0.0,0.0,0.0,0.0,0.0,0.0,0.0,0.0,"Mar 17, 2016"
2650,2709038.0,22365.0,Ninewa,Tilkaif,Shaykhaka,قرية شيخكة,36.6900263957,43.1628015763,255.0,1530.0,0.0,0.0,0.0,0.0,0.0,0.0,0.0,0.0,0.0,0.0,0.0,0.0,255.0,0.0,0.0,0.0,0.0,0.0,0.0,130.0,0.0,0.0,0.0,0.0,0.0,0.0,20.0,0.0,0.0,20.0,0.0,0.0,1.0,0.0,104.0,1.0,0.0,104.0,0.0,0.0,0.0,0.0,30.0,0.0,225.0,30.0,0.0,225.0,0.0,0.0,0.0,0.0,0.0,0.0,0.0,0.0,"Mar 17, 2016"
2651,2709040.0,17133.0,Ninewa,Tilkaif,wanna center,مركز وانة,36.535585072,42.7599794164,75.0,450.0,0.0,0.0,0.0,0.0,0.0,0.0,0.0,0.0,0.0,0.0,0.0,0.0,75.0,0.0,0.0,0.0,0.0,0.0,0.0,63.0,0.0,0.0,0.0,0.0,0.0,0.0,12.0,0.0,0.0,12.0,0.0,0.0,0.0,0.0,0.0,0.0,0.0,0.0,0.0,0.0,0.0,0.0,0.0,0.0,0.0,0.0,75.0,0.0,0.0,75.0,0.0,0.0,0.0,0.0,0.0,0.0,"Mar 17, 2016"
2652,2709041.0,18046.0,Ninewa,Tilkaif,Manara,منارة,36.6154239989,42.9899302446,150.0,900.0,0.0,0.0,0.0,0.0,0.0,0.0,0.0,0.0,0.0,0.0,0.0,0.0,150.0,0.0,0.0,0.0,0.0,0.0,0.0,135.0,0.0,0.0,0.0,0.0,0.0,0.0,0.0,0.0,0.0,0.0,0.0,0.0,0.0,0.0,15.0,0.0,0.0,15.0,0.0,0.0,0.0,0.0,150.0,0.0,0.0,150.0,0.0,0.0,0.0,0.0,0.0,0.0,0.0,0.0,0.0,0.0,"Mar 17, 2016"
2653,2709042.0,17931.0,Ninewa,Tilkaif,Tal Adas,تل عدس,36.60841,42.98357,84.0,504.0,0.0,0.0,0.0,0.0,0.0,0.0,0.0,0.0,0.0,0.0,0.0,0.0,84.0,0.0,0.0,0.0,0.0,0.0,0.0,19.0,0.0,0.0,0.0,0.0,0.0,0.0,40.0,0.0,0.0,40.0,0.0,0.0,0.0,0.0,25.0,0.0,0.0,25.0,0.0,0.0,0.0,0.0,84.0,0.0,0.0,84.0,0.0,0.0,0.0,0.0,0.0,0.0,0.0,0.0,0.0,0.0,"Mar 17, 2016"
2654,2709053.0,17949.0,Ninewa,Tilkaif,Derston,دير ستون ,36.678912,43.014885,75.0,450.0,0.0,0.0,0.0,0.0,0.0,0.0,0.0,0.0,0.0,0.0,0.0,0.0,75.0,0.0,0.0,0.0,0.0,0.0,0.0,30.0,0.0,0.0,0.0,0.0,0.0,0.0,0.0,0.0,0.0,0.0,0.0,0.0,15.0,0.0,30.0,15.0,0.0,30.0,0.0,0.0,0.0,0.0,75.0,0.0,0.0,75.0,0.0,0.0,0.0,0.0,0.0,0.0,0.0,0.0,0.0,0.0,"Mar 17, 2016"
2655,2802001.0,21001.0,Salah al-Din,Al-Shirqat,Al Draat village,قرية الدرعات,35.40649,43.117045,60.0,360.0,0.0,0.0,0.0,0.0,0.0,0.0,0.0,0.0,0.0,0.0,0.0,0.0,0.0,0.0,60.0,0.0,0.0,0.0,0.0,7.0,0.0,12.0,0.0,0.0,12.0,7.0,0.0,7.0,0.0,0.0,0.0,0.0,10.0,0.0,24.0,10.0,0.0,24.0,0.0,0.0,0.0,0.0,0.0,0.0,60.0,0.0,0.0,60.0,0.0,0.0,0.0,0.0,0.0,0.0,0.0,0.0,"Mar 17, 2016"
2656,2802002.0,20868.0,Salah al-Din,Al-Shirqat,Al Ean Al Bedha Village,قرية عين البيضاء,35.2724596811,43.23723807,400.0,2400.0,0.0,0.0,0.0,0.0,0.0,0.0,0.0,0.0,0.0,0.0,0.0,0.0,0.0,0.0,400.0,0.0,0.0,0.0,0.0,225.0,0.0,10.0,0.0,0.0,10.0,10.0,35.0,10.0,0.0,35.0,0.0,0.0,80.0,0.0,40.0,80.0,0.0,40.0,0.0,0.0,400.0,0.0,0.0,400.0,0.0,0.0,0.0,0.0,0.0,0.0,0.0,0.0,0.0,0.0,0.0,0.0,"Mar 17, 2016"
2657,2802003.0,23300.0,Salah al-Din,Al-Shirqat,Al Fajir village(Al Tasni),قرية الفجر,35.4394603427,43.2197617887,87.0,522.0,7.0,0.0,0.0,0.0,0.0,0.0,0.0,0.0,0.0,0.0,0.0,0.0,0.0,0.0,80.0,0.0,0.0,0.0,0.0,30.0,0.0,0.0,0.0,0.0,0.0,0.0,27.0,0.0,0.0,27.0,0.0,0.0,30.0,0.0,0.0,30.0,0.0,0.0,7.0,0.0,80.0,7.0,0.0,80.0,0.0,0.0,0.0,0.0,0.0,0.0,0.0,0.0,0.0,0.0,0.0,0.0,"Mar 17, 2016"
2658,2802004.0,23562.0,Salah al-Din,Al-Shirqat,Al Hamzan village,قرية الهمزان,35.305209,43.20328,40.0,240.0,0.0,0.0,0.0,0.0,0.0,0.0,0.0,0.0,0.0,0.0,0.0,0.0,0.0,0.0,40.0,0.0,0.0,0.0,0.0,7.0,0.0,8.0,0.0,0.0,8.0,3.0,0.0,3.0,0.0,0.0,0.0,0.0,5.0,0.0,17.0,5.0,0.0,17.0,0.0,0.0,0.0,0.0,0.0,0.0,40.0,0.0,0.0,40.0,0.0,0.0,0.0,0.0,0.0,0.0,0.0,0.0,"Mar 17, 2016"
2659,2802005.0,24667.0,Salah al-Din,Al-Shirqat,Al Khasim Al-Jaded village-Al qlisat,قرية الخصم الجديدة(القليصات),35.4728990654,43.2399348489,15.0,90.0,0.0,0.0,0.0,0.0,0.0,0.0,15.0,0.0,0.0,0.0,0.0,0.0,0.0,0.0,0.0,0.0,0.0,0.0,0.0,7.0,0.0,0.0,0.0,0.0,0.0,0.0,3.0,0.0,0.0,3.0,0.0,0.0,0.0,0.0,5.0,0.0,0.0,5.0,0.0,0.0,0.0,0.0,0.0,0.0,15.0,0.0,0.0,15.0,0.0,0.0,0.0,0.0,0.0,0.0,0.0,0.0,"Mar 17, 2016"
2660,2802006.0,23560.0,Salah al-Din,Al-Shirqat,Al Jibariya village,قرية الجبيرية,35.315266,43.198077,157.0,942.0,0.0,0.0,0.0,0.0,0.0,0.0,0.0,0.0,0.0,0.0,0.0,0.0,0.0,0.0,157.0,0.0,0.0,0.0,0.0,0.0,0.0,0.0,0.0,0.0,0.0,0.0,0.0,0.0,0.0,0.0,0.0,0.0,0.0,0.0,157.0,0.0,0.0,157.0,0.0,0.0,0.0,0.0,0.0,0.0,157.0,0.0,0.0,157.0,0.0,0.0,0.0,0.0,0.0,0.0,0.0,0.0,"Mar 17, 2016"
2661,2802007.0,21005.0,Salah al-Din,Al-Shirqat,Hay Al Jumiala,حي الجميلة,35.4924684204,43.2399480804,180.0,1080.0,40.0,0.0,0.0,0.0,0.0,0.0,0.0,0.0,0.0,0.0,0.0,0.0,0.0,0.0,140.0,0.0,0.0,0.0,0.0,75.0,0.0,0.0,0.0,0.0,0.0,0.0,40.0,0.0,0.0,40.0,0.0,0.0,50.0,0.0,15.0,50.0,0.0,15.0,40.0,0.0,140.0,40.0,0.0,140.0,0.0,0.0,0.0,0.0,0.0,0.0,0.0,0.0,0.0,0.0,0.0,0.0,"Mar 17, 2016"
2662,2802008.0,20392.0,Salah al-Din,Al-Shirqat,Al Khadraniyah,قرية الخضرانية,35.6081209565,43.2419127654,8.0,48.0,8.0,0.0,0.0,0.0,0.0,0.0,0.0,0.0,0.0,0.0,0.0,0.0,0.0,0.0,0.0,0.0,0.0,0.0,0.0,0.0,0.0,0.0,0.0,0.0,0.0,0.0,8.0,0.0,0.0,8.0,0.0,0.0,0.0,0.0,0.0,0.0,0.0,0.0,8.0,0.0,0.0,8.0,0.0,0.0,0.0,0.0,0.0,0.0,0.0,0.0,0.0,0.0,0.0,0.0,0.0,0.0,"Mar 17, 2016"
2663,2802009.0,21002.0,Salah al-Din,Al-Shirqat,Al Khanuga village,قرية الخانوكة,35.394071457,43.2562212044,100.0,600.0,0.0,0.0,0.0,0.0,0.0,0.0,0.0,0.0,0.0,0.0,0.0,0.0,0.0,0.0,100.0,0.0,0.0,0.0,0.0,55.0,0.0,0.0,0.0,0.0,0.0,0.0,15.0,0.0,0.0,15.0,0.0,0.0,30.0,0.0,0.0,30.0,0.0,0.0,0.0,0.0,100.0,0.0,0.0,100.0,0.0,0.0,0.0,0.0,0.0,0.0,0.0,0.0,0.0,0.0,0.0,0.0,"Mar 17, 2016"
2664,2802010.0,23559.0,Salah al-Din,Al-Shirqat,Albu Omera village,قرية البو عميرة,35.289743,43.200397,35.0,210.0,0.0,0.0,0.0,0.0,0.0,0.0,0.0,0.0,0.0,0.0,0.0,0.0,0.0,0.0,35.0,0.0,0.0,0.0,0.0,5.0,0.0,0.0,0.0,0.0,0.0,0.0,10.0,0.0,0.0,10.0,0.0,0.0,8.0,0.0,12.0,8.0,0.0,12.0,0.0,0.0,0.0,0.0,0.0,0.0,35.0,0.0,0.0,35.0,0.0,0.0,0.0,0.0,0.0,0.0,0.0,0.0,"Mar 17, 2016"
2665,2802011.0,22305.0,Salah al-Din,Al-Shirqat,Ali Al Nada complex,مجمع علي الندا,35.3033961542,43.1954342499,25.0,150.0,0.0,0.0,0.0,0.0,0.0,0.0,0.0,0.0,0.0,0.0,0.0,0.0,0.0,0.0,25.0,0.0,0.0,0.0,0.0,7.0,0.0,5.0,0.0,0.0,5.0,0.0,0.0,0.0,0.0,0.0,0.0,0.0,8.0,0.0,5.0,8.0,0.0,5.0,0.0,0.0,0.0,0.0,0.0,0.0,25.0,0.0,0.0,25.0,0.0,0.0,0.0,0.0,0.0,0.0,0.0,0.0,"Mar 17, 2016"
2666,2802012.0,22306.0,Salah al-Din,Al-Shirqat,Awad Al Tawee complex,مجمع عواد الطاوي,35.3216396179,43.1798556447,50.0,300.0,0.0,0.0,0.0,0.0,0.0,0.0,0.0,0.0,0.0,0.0,0.0,0.0,0.0,0.0,50.0,0.0,0.0,0.0,0.0,15.0,0.0,9.0,0.0,0.0,9.0,0.0,0.0,0.0,0.0,0.0,0.0,0.0,6.0,0.0,20.0,6.0,0.0,20.0,0.0,0.0,0.0,0.0,0.0,0.0,50.0,0.0,0.0,50.0,0.0,0.0,0.0,0.0,0.0,0.0,0.0,0.0,"Mar 17, 2016"
2667,2802013.0,20395.0,Salah al-Din,Al-Shirqat,Baaja,حاوي بعاجه حاوي-حضر,35.5443241121,43.2248358708,204.0,1224.0,4.0,0.0,0.0,0.0,0.0,0.0,0.0,0.0,0.0,0.0,0.0,0.0,0.0,0.0,200.0,0.0,0.0,0.0,0.0,50.0,0.0,0.0,0.0,0.0,0.0,0.0,54.0,0.0,0.0,54.0,0.0,0.0,50.0,0.0,50.0,50.0,0.0,50.0,4.0,0.0,200.0,4.0,0.0,200.0,0.0,0.0,0.0,0.0,0.0,0.0,0.0,0.0,0.0,0.0,0.0,0.0,"Mar 17, 2016"
2668,2802014.0,22102.0,Salah al-Din,Al-Shirqat,Farhan Al Bustan complex,مجمع فرحان البستان,35.328261,43.183711,35.0,210.0,0.0,0.0,0.0,0.0,0.0,0.0,0.0,0.0,0.0,0.0,0.0,0.0,0.0,0.0,35.0,0.0,0.0,0.0,0.0,10.0,0.0,0.0,0.0,0.0,0.0,3.0,0.0,3.0,0.0,0.0,0.0,0.0,5.0,0.0,17.0,5.0,0.0,17.0,0.0,0.0,0.0,0.0,0.0,0.0,35.0,0.0,0.0,35.0,0.0,0.0,0.0,0.0,0.0,0.0,0.0,0.0,"Mar 17, 2016"
2669,2802015.0,21004.0,Salah al-Din,Al-Shirqat,Hay Al Askari,الحي العسكري,35.5158826802,43.2401432688,300.0,1800.0,0.0,0.0,0.0,0.0,0.0,0.0,0.0,0.0,0.0,0.0,0.0,0.0,0.0,0.0,300.0,0.0,0.0,0.0,0.0,110.0,0.0,0.0,0.0,0.0,0.0,0.0,100.0,0.0,0.0,100.0,0.0,0.0,50.0,0.0,40.0,50.0,0.0,40.0,0.0,0.0,300.0,0.0,0.0,300.0,0.0,0.0,0.0,0.0,0.0,0.0,0.0,0.0,0.0,0.0,0.0,0.0,"Mar 17, 2016"
2670,2802016.0,24210.0,Salah al-Din,Al-Shirqat,Hay Al Qasbah,حي القصبة,35.5229680287,43.2359055988,390.0,2340.0,0.0,0.0,0.0,0.0,0.0,0.0,0.0,0.0,0.0,0.0,0.0,0.0,0.0,0.0,390.0,0.0,0.0,0.0,0.0,215.0,0.0,0.0,0.0,0.0,0.0,0.0,120.0,0.0,0.0,120.0,0.0,0.0,25.0,0.0,30.0,25.0,0.0,30.0,0.0,0.0,300.0,0.0,0.0,300.0,90.0,0.0,0.0,90.0,0.0,0.0,0.0,0.0,0.0,0.0,0.0,0.0,"Mar 17, 2016"
2671,2802017.0,24246.0,Salah al-Din,Al-Shirqat,Hay Al Ziraa,حي الزراعه,35.5039812578,43.246247219,200.0,1200.0,0.0,0.0,0.0,0.0,0.0,0.0,0.0,0.0,0.0,0.0,0.0,0.0,0.0,0.0,200.0,0.0,0.0,0.0,0.0,50.0,0.0,0.0,0.0,0.0,0.0,0.0,50.0,0.0,0.0,50.0,0.0,0.0,50.0,0.0,50.0,50.0,0.0,50.0,0.0,0.0,200.0,0.0,0.0,200.0,0.0,0.0,0.0,0.0,0.0,0.0,0.0,0.0,0.0,0.0,0.0,0.0,"Mar 17, 2016"
2672,2802018.0,20403.0,Salah al-Din,Al-Shirqat,Huriyah al jazerah-Al-Aboud,قرية العبود,35.5739769805,43.230924717,20.0,120.0,20.0,0.0,0.0,0.0,0.0,0.0,0.0,0.0,0.0,0.0,0.0,0.0,0.0,0.0,0.0,0.0,0.0,0.0,0.0,0.0,0.0,0.0,0.0,0.0,0.0,0.0,10.0,0.0,0.0,10.0,0.0,0.0,0.0,0.0,10.0,0.0,0.0,10.0,20.0,0.0,0.0,20.0,0.0,0.0,0.0,0.0,0.0,0.0,0.0,0.0,0.0,0.0,0.0,0.0,0.0,0.0,"Mar 17, 2016"
2673,2802019.0,23558.0,Salah al-Din,Al-Shirqat,Ibrahim Al Shikh Salih village,قرية ابراهيم الشيخ صالح,35.301854,43.176849,20.0,120.0,0.0,0.0,0.0,0.0,0.0,0.0,0.0,0.0,0.0,0.0,0.0,0.0,0.0,0.0,20.0,0.0,0.0,0.0,0.0,9.0,0.0,0.0,0.0,0.0,0.0,0.0,4.0,0.0,0.0,4.0,0.0,0.0,3.0,0.0,4.0,3.0,0.0,4.0,0.0,0.0,0.0,0.0,0.0,0.0,20.0,0.0,0.0,20.0,0.0,0.0,0.0,0.0,0.0,0.0,0.0,0.0,"Mar 17, 2016"
2674,2802020.0,24747.0,Salah al-Din,Al-Shirqat,Kamel Al Shallal village,قرية مجمع كامل شلال,35.326433,43.187682,60.0,360.0,0.0,0.0,0.0,0.0,0.0,0.0,0.0,0.0,0.0,0.0,0.0,0.0,0.0,0.0,60.0,0.0,0.0,0.0,0.0,20.0,0.0,11.0,0.0,0.0,11.0,0.0,5.0,0.0,0.0,5.0,0.0,0.0,9.0,0.0,15.0,9.0,0.0,15.0,0.0,0.0,0.0,0.0,0.0,0.0,60.0,0.0,0.0,60.0,0.0,0.0,0.0,0.0,0.0,0.0,0.0,0.0,"Mar 17, 2016"
2675,2802021.0,23563.0,Salah al-Din,Al-Shirqat,Khalaf Al Diejan,قرية خلف الدعيجان,35.312593,43.167524,50.0,300.0,0.0,0.0,0.0,0.0,0.0,0.0,0.0,0.0,0.0,0.0,0.0,0.0,0.0,0.0,50.0,0.0,0.0,0.0,0.0,13.0,0.0,7.0,0.0,0.0,7.0,6.0,5.0,6.0,0.0,5.0,0.0,0.0,15.0,0.0,4.0,15.0,0.0,4.0,0.0,0.0,0.0,0.0,0.0,0.0,50.0,0.0,0.0,50.0,0.0,0.0,0.0,0.0,0.0,0.0,0.0,0.0,"Mar 17, 2016"
2676,2802022.0,23586.0,Salah al-Din,Al-Shirqat,Khalaf Misser village,قرية خلف مسير,35.274767,43.18546,30.0,180.0,0.0,0.0,0.0,0.0,0.0,0.0,0.0,0.0,0.0,0.0,0.0,0.0,0.0,0.0,30.0,0.0,0.0,0.0,0.0,7.0,0.0,4.0,0.0,0.0,4.0,2.0,0.0,2.0,0.0,0.0,0.0,0.0,9.0,0.0,8.0,9.0,0.0,8.0,0.0,0.0,0.0,0.0,0.0,0.0,30.0,0.0,0.0,30.0,0.0,0.0,0.0,0.0,0.0,0.0,0.0,0.0,"Mar 17, 2016"
2677,2802023.0,21957.0,Salah al-Din,Al-Shirqat,Mojama Hassan Al Sulayib village,قرية مجمع حسن الصليب,35.319695,43.187933,40.0,240.0,0.0,0.0,0.0,0.0,0.0,0.0,0.0,0.0,0.0,0.0,0.0,0.0,0.0,0.0,40.0,0.0,0.0,0.0,0.0,18.0,0.0,0.0,0.0,0.0,0.0,0.0,0.0,0.0,0.0,0.0,0.0,0.0,6.0,0.0,16.0,6.0,0.0,16.0,0.0,0.0,0.0,0.0,0.0,0.0,40.0,0.0,0.0,40.0,0.0,0.0,0.0,0.0,0.0,0.0,0.0,0.0,"Mar 17, 2016"
2678,2802024.0,22307.0,Salah al-Din,Al-Shirqat,Nazeheen Al Jazera complex,مجمع نازحين الجزيرة,35.329844,43.180691,30.0,180.0,0.0,0.0,0.0,0.0,0.0,0.0,0.0,0.0,0.0,0.0,0.0,0.0,0.0,0.0,30.0,0.0,0.0,0.0,0.0,10.0,0.0,9.0,0.0,0.0,9.0,0.0,0.0,0.0,0.0,0.0,0.0,0.0,4.0,0.0,7.0,4.0,0.0,7.0,0.0,0.0,0.0,0.0,0.0,0.0,30.0,0.0,0.0,30.0,0.0,0.0,0.0,0.0,0.0,0.0,0.0,0.0,"Mar 17, 2016"
2679,2802025.0,20991.0,Salah al-Din,Al-Shirqat,Qaryat Al Sabkha,قرية الصبخة,35.4707442457,43.2463239457,16.0,96.0,16.0,0.0,0.0,0.0,0.0,0.0,0.0,0.0,0.0,0.0,0.0,0.0,0.0,0.0,0.0,0.0,0.0,0.0,0.0,6.0,0.0,0.0,0.0,0.0,0.0,0.0,10.0,0.0,0.0,10.0,0.0,0.0,0.0,0.0,0.0,0.0,0.0,0.0,16.0,0.0,0.0,16.0,0.0,0.0,0.0,0.0,0.0,0.0,0.0,0.0,0.0,0.0,0.0,0.0,0.0,0.0,"Mar 17, 2016"
2680,2802026.0,22513.0,Salah al-Din,Al-Shirqat,Qaryat Mujamma Al Waleed,قرية مجمع الوليد,35.3245359007,43.1756394636,40.0,240.0,0.0,0.0,0.0,0.0,0.0,0.0,0.0,0.0,0.0,0.0,0.0,0.0,0.0,0.0,40.0,0.0,0.0,0.0,0.0,15.0,0.0,0.0,0.0,0.0,0.0,0.0,5.0,0.0,0.0,5.0,0.0,0.0,8.0,0.0,12.0,8.0,0.0,12.0,0.0,0.0,0.0,0.0,0.0,0.0,40.0,0.0,0.0,40.0,0.0,0.0,0.0,0.0,0.0,0.0,0.0,0.0,"Mar 17, 2016"
2681,2802027.0,22334.0,Salah al-Din,Al-Shirqat,Qaryat Um Ghorba,قرية ام غربة,35.385374,43.090839,25.0,150.0,0.0,0.0,0.0,0.0,0.0,0.0,0.0,0.0,0.0,0.0,0.0,0.0,0.0,0.0,25.0,0.0,0.0,0.0,0.0,5.0,0.0,0.0,0.0,0.0,0.0,0.0,0.0,0.0,0.0,0.0,0.0,0.0,10.0,0.0,10.0,10.0,0.0,10.0,0.0,0.0,0.0,0.0,0.0,0.0,25.0,0.0,0.0,25.0,0.0,0.0,0.0,0.0,0.0,0.0,0.0,0.0,"Mar 17, 2016"
2682,2802028.0,21006.0,Salah al-Din,Al-Shirqat,Tal Al Jumiala area,تل بعاجة 1 وتل اجميلة ,35.5109178275,43.2337180374,50.0,300.0,10.0,0.0,0.0,0.0,0.0,0.0,0.0,0.0,0.0,0.0,0.0,0.0,0.0,0.0,40.0,0.0,0.0,0.0,0.0,10.0,0.0,0.0,0.0,0.0,0.0,0.0,20.0,0.0,0.0,20.0,0.0,0.0,10.0,0.0,10.0,10.0,0.0,10.0,10.0,0.0,0.0,10.0,0.0,0.0,40.0,0.0,0.0,40.0,0.0,0.0,0.0,0.0,0.0,0.0,0.0,0.0,"Mar 17, 2016"
2683,2802029.0,20532.0,Salah al-Din,Al-Shirqat,Tulul Baq,قريه تلول الباج,35.4220239725,43.1180240214,120.0,720.0,0.0,0.0,0.0,0.0,0.0,0.0,0.0,0.0,0.0,0.0,0.0,0.0,0.0,0.0,120.0,0.0,0.0,0.0,0.0,27.0,0.0,0.0,0.0,0.0,0.0,10.0,15.0,10.0,0.0,15.0,0.0,0.0,37.0,0.0,31.0,37.0,0.0,31.0,0.0,0.0,0.0,0.0,0.0,0.0,120.0,0.0,0.0,120.0,0.0,0.0,0.0,0.0,0.0,0.0,0.0,0.0,"Mar 17, 2016"
2684,2803001.0,24304.0,Salah al-Din,Baiji,Al Mushhaq Village,قرية المسحك,35.185783,43.413113425,150.0,900.0,0.0,0.0,0.0,0.0,0.0,0.0,0.0,0.0,0.0,0.0,0.0,0.0,0.0,0.0,150.0,0.0,0.0,0.0,0.0,70.0,0.0,0.0,0.0,0.0,0.0,10.0,10.0,10.0,0.0,10.0,0.0,0.0,30.0,0.0,30.0,30.0,0.0,30.0,0.0,0.0,150.0,0.0,0.0,150.0,0.0,0.0,0.0,0.0,0.0,0.0,0.0,0.0,0.0,0.0,0.0,0.0,"Mar 17, 2016"
2685,2803002.0,24305.0,Salah al-Din,Baiji,Al Namel Village,قرية النمل,34.333402,43.349432021,100.0,600.0,0.0,0.0,0.0,0.0,0.0,0.0,0.0,0.0,0.0,0.0,0.0,0.0,0.0,0.0,100.0,0.0,0.0,0.0,0.0,30.0,0.0,0.0,0.0,0.0,0.0,15.0,10.0,15.0,0.0,10.0,0.0,0.0,10.0,0.0,35.0,10.0,0.0,35.0,0.0,0.0,100.0,0.0,0.0,100.0,0.0,0.0,0.0,0.0,0.0,0.0,0.0,0.0,0.0,0.0,0.0,0.0,"Mar 17, 2016"
2686,2803008.0,22958.0,Salah al-Din,Baiji,Maslakha Al Sufla(Shikh Abdula village),قرية الشيخ عبدالله,34.081697,43.522957,100.0,600.0,0.0,0.0,0.0,0.0,0.0,0.0,0.0,0.0,0.0,0.0,0.0,0.0,0.0,0.0,100.0,0.0,0.0,0.0,0.0,55.0,0.0,0.0,0.0,0.0,0.0,10.0,5.0,10.0,0.0,5.0,0.0,0.0,10.0,0.0,20.0,10.0,0.0,20.0,0.0,0.0,100.0,0.0,0.0,100.0,0.0,0.0,0.0,0.0,0.0,0.0,0.0,0.0,0.0,0.0,0.0,0.0,"Mar 17, 2016"
2687,2803009.0,22959.0,Salah al-Din,Baiji,Maslakha Al Ulya,قرية المصلخة عليا,35.090911,43.51989,40.0,240.0,0.0,0.0,0.0,0.0,0.0,0.0,0.0,0.0,0.0,0.0,0.0,0.0,0.0,0.0,40.0,0.0,0.0,0.0,0.0,15.0,0.0,0.0,0.0,0.0,0.0,0.0,5.0,0.0,0.0,5.0,0.0,0.0,5.0,0.0,15.0,5.0,0.0,15.0,0.0,0.0,40.0,0.0,0.0,40.0,0.0,0.0,0.0,0.0,0.0,0.0,0.0,0.0,0.0,0.0,0.0,0.0,"Mar 17, 2016"
2688,2803010.0,22813.0,Salah al-Din,Baiji,Qaryat Al Sareen,مقاطعة 13 الحجاج والجيسات قرية الصرين,34.862259693,43.4955863149,450.0,2700.0,0.0,0.0,0.0,0.0,0.0,0.0,0.0,0.0,0.0,0.0,0.0,0.0,0.0,0.0,450.0,0.0,0.0,0.0,0.0,450.0,0.0,0.0,0.0,0.0,0.0,0.0,0.0,0.0,0.0,0.0,0.0,0.0,0.0,0.0,0.0,0.0,0.0,0.0,0.0,0.0,0.0,0.0,0.0,0.0,0.0,0.0,450.0,0.0,0.0,450.0,0.0,0.0,0.0,0.0,0.0,0.0,"Mar 17, 2016"
2689,2803015.0,25706.0,Salah al-Din,Baiji,Albu Tuama Village,قرية البوطعمة,34.8214578596,43.5192379742,265.0,1590.0,0.0,0.0,0.0,0.0,0.0,0.0,0.0,0.0,0.0,0.0,0.0,0.0,0.0,0.0,265.0,0.0,0.0,0.0,0.0,265.0,0.0,0.0,0.0,0.0,0.0,0.0,0.0,0.0,0.0,0.0,0.0,0.0,0.0,0.0,0.0,0.0,0.0,0.0,0.0,0.0,0.0,0.0,0.0,0.0,0.0,0.0,265.0,0.0,0.0,265.0,0.0,0.0,0.0,0.0,0.0,0.0,"Mar 17, 2016"
2690,2803018.0,20655.0,Salah al-Din,Baiji,Al Mazraa Village,قرية المزرعة,34.886529,43.4907899561,45.0,270.0,0.0,0.0,0.0,0.0,0.0,0.0,0.0,0.0,0.0,0.0,0.0,0.0,0.0,0.0,45.0,0.0,0.0,0.0,0.0,45.0,0.0,0.0,0.0,0.0,0.0,0.0,0.0,0.0,0.0,0.0,0.0,0.0,0.0,0.0,0.0,0.0,0.0,0.0,0.0,0.0,0.0,0.0,0.0,0.0,0.0,0.0,45.0,0.0,0.0,45.0,0.0,0.0,0.0,0.0,0.0,0.0,"Mar 17, 2016"
2691,2804001.0,23140.0,Salah al-Din,Balad,Al Hardaniyah,قرية الحردانية ,34.0724020833,44.1567057163,650.0,3900.0,53.0,0.0,12.0,0.0,0.0,35.0,0.0,0.0,84.0,0.0,0.0,0.0,16.0,0.0,450.0,0.0,0.0,0.0,0.0,75.0,0.0,300.0,0.0,0.0,300.0,25.0,100.0,25.0,0.0,100.0,0.0,0.0,50.0,0.0,100.0,50.0,0.0,100.0,70.0,0.0,100.0,70.0,100.0,100.0,330.0,100.0,50.0,330.0,0.0,50.0,0.0,0.0,0.0,0.0,0.0,0.0,"Mar 17, 2016"
2692,2804002.0,26020.0,Salah al-Din,Balad,Al Mashrooa Village,قرية المشروع,34.0568443614,44.2580746477,75.0,450.0,0.0,0.0,0.0,0.0,0.0,0.0,0.0,0.0,0.0,0.0,0.0,0.0,0.0,0.0,75.0,0.0,0.0,0.0,0.0,20.0,0.0,0.0,0.0,0.0,0.0,0.0,30.0,0.0,0.0,30.0,0.0,0.0,0.0,0.0,25.0,0.0,0.0,25.0,0.0,0.0,0.0,0.0,0.0,0.0,75.0,0.0,0.0,75.0,0.0,0.0,0.0,0.0,0.0,0.0,0.0,0.0,"Mar 17, 2016"
2693,2804004.0,20771.0,Salah al-Din,Balad,Albu Farraj Village,قرية البو فراج,34.0861281075,44.1909774285,300.0,1800.0,0.0,0.0,0.0,0.0,0.0,0.0,0.0,0.0,0.0,0.0,0.0,0.0,0.0,0.0,300.0,0.0,0.0,0.0,0.0,50.0,0.0,63.0,0.0,0.0,63.0,32.0,60.0,32.0,0.0,60.0,0.0,0.0,0.0,0.0,75.0,0.0,20.0,75.0,0.0,20.0,0.0,0.0,100.0,0.0,150.0,100.0,50.0,150.0,0.0,50.0,0.0,0.0,0.0,0.0,0.0,0.0,"Mar 17, 2016"
2694,2804005.0,20767.0,Salah al-Din,Balad,Albu Jewari,محلة البو جواري,34.0600252537,44.2180074159,435.0,2610.0,0.0,0.0,0.0,0.0,0.0,0.0,0.0,0.0,0.0,0.0,0.0,0.0,0.0,0.0,435.0,0.0,0.0,0.0,0.0,75.0,0.0,25.0,0.0,0.0,25.0,0.0,100.0,0.0,0.0,100.0,0.0,0.0,50.0,0.0,150.0,50.0,35.0,150.0,0.0,35.0,100.0,0.0,100.0,100.0,235.0,100.0,0.0,235.0,0.0,0.0,0.0,0.0,0.0,0.0,0.0,0.0,"Mar 17, 2016"
2695,2804006.0,25742.0,Salah al-Din,Balad,Al-Duloeyah-Hay Al Jubor,محلة الجبور الاولى,34.0325560855,44.2311162399,1055.0,6330.0,0.0,0.0,0.0,0.0,0.0,0.0,0.0,0.0,55.0,0.0,0.0,0.0,0.0,0.0,1000.0,0.0,0.0,0.0,0.0,168.0,0.0,182.0,0.0,0.0,182.0,0.0,300.0,0.0,0.0,300.0,0.0,0.0,0.0,0.0,405.0,0.0,0.0,405.0,0.0,0.0,250.0,0.0,500.0,250.0,250.0,500.0,55.0,250.0,0.0,55.0,0.0,0.0,0.0,0.0,0.0,0.0,"Mar 17, 2016"
2696,2804007.0,20770.0,Salah al-Din,Balad,Al-Duloeyah-Hay khazraj,محلة خزرج,34.0480818869,44.218840531,240.0,1440.0,0.0,0.0,0.0,0.0,0.0,0.0,0.0,0.0,0.0,0.0,0.0,0.0,0.0,0.0,240.0,0.0,0.0,0.0,0.0,50.0,0.0,0.0,0.0,0.0,0.0,0.0,75.0,0.0,0.0,75.0,0.0,0.0,0.0,0.0,75.0,0.0,40.0,75.0,0.0,40.0,0.0,0.0,0.0,0.0,200.0,0.0,40.0,200.0,0.0,40.0,0.0,0.0,0.0,0.0,0.0,0.0,"Mar 17, 2016"
2697,2804008.0,25862.0,Salah al-Din,Balad,Bani Saad 208,حي بني سعد محلة 208,34.0180916837,44.2041234967,73.0,438.0,0.0,0.0,0.0,0.0,0.0,0.0,0.0,0.0,0.0,0.0,0.0,0.0,0.0,0.0,73.0,0.0,0.0,0.0,0.0,0.0,0.0,0.0,0.0,0.0,0.0,0.0,73.0,0.0,0.0,73.0,0.0,0.0,0.0,0.0,0.0,0.0,0.0,0.0,0.0,0.0,0.0,0.0,32.0,0.0,41.0,32.0,0.0,41.0,0.0,0.0,0.0,0.0,0.0,0.0,0.0,0.0,"Mar 17, 2016"
2698,2804009.0,20773.0,Salah al-Din,Balad,Beshakan village,قرية بيشكان,34.0344334928,44.282596919,150.0,900.0,0.0,0.0,0.0,0.0,0.0,0.0,0.0,0.0,0.0,0.0,0.0,0.0,0.0,0.0,150.0,0.0,0.0,0.0,0.0,25.0,0.0,10.0,0.0,0.0,10.0,0.0,50.0,0.0,0.0,50.0,0.0,0.0,0.0,0.0,65.0,0.0,0.0,65.0,0.0,0.0,0.0,0.0,0.0,0.0,150.0,0.0,0.0,150.0,0.0,0.0,0.0,0.0,0.0,0.0,0.0,0.0,"Mar 17, 2016"
2699,2804010.0,26021.0,Salah al-Din,Balad,Gbeabah Village,قرية كبيبه,34.0755817919,44.2853381244,150.0,900.0,0.0,0.0,0.0,0.0,0.0,0.0,0.0,0.0,0.0,0.0,0.0,0.0,0.0,0.0,150.0,0.0,0.0,0.0,0.0,30.0,0.0,20.0,0.0,0.0,20.0,0.0,40.0,0.0,0.0,40.0,0.0,0.0,0.0,0.0,60.0,0.0,0.0,60.0,0.0,0.0,0.0,0.0,0.0,0.0,150.0,0.0,0.0,150.0,0.0,0.0,0.0,0.0,0.0,0.0,0.0,0.0,"Mar 17, 2016"
2700,2804011.0,25918.0,Salah al-Din,Balad,Hallub,هلوب,34.03935539,44.05185784,170.0,1020.0,0.0,0.0,0.0,0.0,0.0,0.0,0.0,0.0,0.0,0.0,0.0,0.0,0.0,0.0,170.0,0.0,0.0,0.0,0.0,0.0,0.0,73.0,0.0,7.0,73.0,0.0,75.0,0.0,0.0,75.0,0.0,0.0,0.0,0.0,15.0,0.0,0.0,15.0,0.0,0.0,0.0,0.0,0.0,0.0,85.0,0.0,85.0,85.0,0.0,85.0,0.0,0.0,0.0,0.0,0.0,0.0,"Mar 17, 2016"
2701,2804012.0,25863.0,Salah al-Din,Balad,Hay Al Imam 206,حي الامام محلة 206,34.012214,44.139149,19.0,114.0,0.0,0.0,0.0,0.0,0.0,0.0,0.0,0.0,0.0,0.0,0.0,0.0,0.0,0.0,19.0,0.0,0.0,0.0,0.0,0.0,0.0,19.0,0.0,0.0,19.0,0.0,0.0,0.0,0.0,0.0,0.0,0.0,0.0,0.0,0.0,0.0,0.0,0.0,0.0,0.0,19.0,0.0,0.0,19.0,0.0,0.0,0.0,0.0,0.0,0.0,0.0,0.0,0.0,0.0,0.0,0.0,"Mar 17, 2016"
2702,2804013.0,22065.0,Salah al-Din,Balad,Mahalla-Abu Sefa-1,محلة ابو صفة م(15)محلة ابو صفة-1,34.0292271236,44.0429888536,1327.0,7962.0,0.0,0.0,0.0,0.0,0.0,0.0,0.0,0.0,0.0,0.0,0.0,0.0,0.0,0.0,1327.0,0.0,0.0,0.0,0.0,0.0,0.0,262.0,0.0,0.0,262.0,0.0,375.0,0.0,0.0,375.0,0.0,0.0,310.0,0.0,380.0,310.0,0.0,380.0,27.0,0.0,0.0,27.0,0.0,0.0,290.0,0.0,1010.0,290.0,0.0,1010.0,0.0,0.0,0.0,0.0,0.0,0.0,"Mar 17, 2016"
2703,2804016.0,20921.0,Salah al-Din,Balad,Al-Juboor Village,قرية الجبور والحويجة ا,34.0325276543,44.2065177974,150.0,900.0,0.0,0.0,0.0,0.0,0.0,0.0,0.0,0.0,0.0,0.0,0.0,0.0,0.0,0.0,150.0,0.0,0.0,0.0,0.0,20.0,0.0,0.0,0.0,0.0,0.0,0.0,130.0,0.0,0.0,130.0,0.0,0.0,0.0,0.0,0.0,0.0,0.0,0.0,0.0,0.0,0.0,0.0,60.0,0.0,90.0,60.0,0.0,90.0,0.0,0.0,0.0,0.0,0.0,0.0,0.0,0.0,"Mar 17, 2016"
2704,2805001.0,20981.0,Salah al-Din,Al-Fares,14 Ramadhan,قرية 14 رمضان,33.740893,44.267094,350.0,2100.0,170.0,0.0,0.0,0.0,0.0,0.0,0.0,0.0,0.0,0.0,0.0,0.0,25.0,0.0,155.0,0.0,0.0,0.0,0.0,25.0,0.0,50.0,0.0,0.0,50.0,0.0,150.0,0.0,0.0,150.0,0.0,0.0,0.0,0.0,125.0,0.0,0.0,125.0,0.0,0.0,0.0,0.0,100.0,0.0,125.0,100.0,125.0,125.0,0.0,125.0,0.0,0.0,0.0,0.0,0.0,0.0,"Mar 17, 2016"
2705,2805002.0,25915.0,Salah al-Din,Al-Fares,Al Imam Shaikh Ibrahim Village,قرية الامام شيخ ابراهيم,33.761592,44.257456,200.0,1200.0,100.0,0.0,0.0,0.0,0.0,0.0,0.0,0.0,0.0,0.0,0.0,0.0,5.0,0.0,95.0,0.0,0.0,0.0,0.0,25.0,0.0,50.0,0.0,0.0,50.0,0.0,25.0,0.0,0.0,25.0,0.0,0.0,0.0,0.0,50.0,0.0,50.0,50.0,0.0,50.0,0.0,0.0,50.0,0.0,100.0,50.0,50.0,100.0,0.0,50.0,0.0,0.0,0.0,0.0,0.0,0.0,"Mar 17, 2016"
2706,2805003.0,21379.0,Salah al-Din,Al-Fares,Al Mustaqbal Village,قرية المستقبل,33.74725,44.259757,200.0,1200.0,100.0,0.0,0.0,0.0,0.0,0.0,0.0,0.0,0.0,0.0,0.0,0.0,0.0,0.0,100.0,0.0,0.0,0.0,0.0,35.0,0.0,0.0,0.0,0.0,0.0,0.0,100.0,0.0,0.0,100.0,0.0,0.0,0.0,0.0,65.0,0.0,0.0,65.0,0.0,0.0,0.0,0.0,25.0,0.0,100.0,25.0,75.0,100.0,0.0,75.0,0.0,0.0,0.0,0.0,0.0,0.0,"Mar 17, 2016"
2707,2805004.0,25916.0,Salah al-Din,Al-Fares,Al Sejla village,قرية السجلة,33.90931473,44.1980154,200.0,1200.0,75.0,0.0,0.0,0.0,0.0,0.0,0.0,0.0,0.0,0.0,0.0,0.0,0.0,0.0,125.0,0.0,0.0,0.0,0.0,20.0,0.0,50.0,0.0,0.0,50.0,0.0,75.0,0.0,0.0,75.0,0.0,0.0,0.0,0.0,55.0,0.0,0.0,55.0,60.0,0.0,0.0,60.0,35.0,0.0,105.0,35.0,0.0,105.0,0.0,0.0,0.0,0.0,0.0,0.0,0.0,0.0,"Mar 17, 2016"
2708,2805005.0,25917.0,Salah al-Din,Al-Fares,Al Zuheari Village,قرية الزهيري,33.7703370793,44.2919568847,105.0,630.0,45.0,0.0,0.0,0.0,0.0,0.0,0.0,0.0,0.0,0.0,0.0,0.0,0.0,0.0,60.0,0.0,0.0,0.0,0.0,0.0,0.0,0.0,0.0,0.0,0.0,0.0,65.0,0.0,0.0,65.0,0.0,0.0,0.0,0.0,0.0,0.0,40.0,0.0,0.0,40.0,0.0,0.0,40.0,0.0,65.0,40.0,0.0,65.0,0.0,0.0,0.0,0.0,0.0,0.0,0.0,0.0,"Mar 17, 2016"
2709,2805006.0,25946.0,Salah al-Din,Al-Fares,Albu Mejwel Village,قرية البو مجول,33.80071055,44.25564674,150.0,900.0,0.0,0.0,0.0,0.0,0.0,0.0,0.0,0.0,0.0,0.0,0.0,0.0,0.0,0.0,150.0,0.0,0.0,0.0,0.0,10.0,0.0,30.0,0.0,0.0,30.0,0.0,40.0,0.0,0.0,40.0,0.0,0.0,0.0,0.0,70.0,0.0,0.0,70.0,0.0,0.0,0.0,0.0,30.0,0.0,120.0,30.0,0.0,120.0,0.0,0.0,0.0,0.0,0.0,0.0,0.0,0.0,"Mar 17, 2016"
2710,2805008.0,25947.0,Salah al-Din,Al-Fares,Bezna Village,قرية بزنة,33.90924349,44.18353,175.0,1050.0,0.0,0.0,0.0,0.0,0.0,0.0,0.0,0.0,0.0,0.0,0.0,0.0,0.0,0.0,175.0,0.0,0.0,0.0,0.0,20.0,0.0,25.0,0.0,0.0,25.0,0.0,75.0,0.0,0.0,75.0,0.0,0.0,0.0,0.0,35.0,0.0,20.0,35.0,0.0,20.0,0.0,0.0,55.0,0.0,120.0,55.0,0.0,120.0,0.0,0.0,0.0,0.0,0.0,0.0,0.0,0.0,"Mar 17, 2016"
2711,2805009.0,25979.0,Salah al-Din,Al-Fares,Fadhlan Village,قرية فضلان,33.88596985,44.22256098,100.0,600.0,0.0,0.0,0.0,0.0,0.0,0.0,0.0,0.0,0.0,0.0,0.0,0.0,0.0,0.0,100.0,0.0,0.0,0.0,0.0,10.0,0.0,0.0,0.0,0.0,0.0,0.0,50.0,0.0,0.0,50.0,0.0,0.0,0.0,0.0,30.0,0.0,10.0,30.0,0.0,10.0,0.0,0.0,55.0,0.0,45.0,55.0,0.0,45.0,0.0,0.0,0.0,0.0,0.0,0.0,0.0,0.0,"Mar 17, 2016"
2712,2805010.0,23920.0,Salah al-Din,Al-Fares,Hay Al Hussien,حي الحسين,33.8429637242,44.2416826132,200.0,1200.0,0.0,0.0,0.0,0.0,0.0,0.0,0.0,0.0,0.0,0.0,0.0,0.0,0.0,0.0,200.0,0.0,0.0,0.0,0.0,15.0,0.0,15.0,0.0,0.0,15.0,0.0,125.0,0.0,0.0,125.0,0.0,0.0,0.0,0.0,45.0,0.0,0.0,45.0,0.0,0.0,0.0,0.0,65.0,0.0,135.0,65.0,0.0,135.0,0.0,0.0,0.0,0.0,0.0,0.0,0.0,0.0,"Mar 17, 2016"
2713,2805011.0,23912.0,Salah al-Din,Al-Fares,Hay Al Jamyah 207,حي الجمعية م(9-تل مسكين)محلة 207,33.850046,44.233267,150.0,900.0,0.0,0.0,0.0,0.0,0.0,0.0,0.0,0.0,0.0,0.0,0.0,0.0,0.0,0.0,150.0,0.0,0.0,0.0,0.0,0.0,0.0,0.0,0.0,40.0,0.0,0.0,65.0,0.0,0.0,65.0,0.0,0.0,0.0,0.0,45.0,0.0,0.0,45.0,0.0,0.0,0.0,0.0,0.0,0.0,150.0,0.0,0.0,150.0,0.0,0.0,0.0,0.0,0.0,0.0,0.0,0.0,"Mar 17, 2016"
2714,2805012.0,23919.0,Salah al-Din,Al-Fares,Hay Al Sadrayn,حي الصدريين,33.848992,44.229843,100.0,600.0,0.0,0.0,0.0,0.0,0.0,0.0,0.0,0.0,0.0,0.0,0.0,0.0,0.0,0.0,100.0,0.0,0.0,0.0,0.0,25.0,0.0,0.0,0.0,0.0,0.0,0.0,25.0,0.0,0.0,25.0,0.0,0.0,0.0,0.0,35.0,0.0,15.0,35.0,0.0,15.0,0.0,0.0,65.0,0.0,35.0,65.0,0.0,35.0,0.0,0.0,0.0,0.0,0.0,0.0,0.0,0.0,"Mar 17, 2016"
2715,2805013.0,25743.0,Salah al-Din,Al-Fares,Hay Al Wihda Mahala 102,محلة 102,33.8519141288,44.2261033464,125.0,750.0,0.0,0.0,0.0,0.0,0.0,0.0,0.0,0.0,0.0,0.0,0.0,0.0,0.0,0.0,125.0,0.0,0.0,0.0,0.0,20.0,0.0,25.0,0.0,0.0,25.0,0.0,45.0,0.0,0.0,45.0,0.0,0.0,0.0,0.0,35.0,0.0,0.0,35.0,0.0,0.0,55.0,0.0,70.0,55.0,0.0,70.0,0.0,0.0,0.0,0.0,0.0,0.0,0.0,0.0,0.0,0.0,"Mar 17, 2016"
2716,2805014.0,23913.0,Salah al-Din,Al-Fares,Hay al Zahraa 204,حي الزهراء م(9-تل مسكين)محلة 204,33.8385149134,44.2476823233,300.0,1800.0,0.0,0.0,0.0,0.0,0.0,0.0,0.0,0.0,0.0,0.0,0.0,0.0,0.0,0.0,300.0,0.0,0.0,0.0,0.0,45.0,0.0,30.0,0.0,0.0,30.0,0.0,125.0,0.0,0.0,125.0,0.0,0.0,0.0,0.0,100.0,0.0,0.0,100.0,0.0,0.0,0.0,0.0,125.0,0.0,175.0,125.0,0.0,175.0,0.0,0.0,0.0,0.0,0.0,0.0,0.0,0.0,"Mar 17, 2016"
2717,2805015.0,25978.0,Salah al-Din,Al-Fares,Hlees Village,قرية حليس,33.88248524,44.2067107,200.0,1200.0,0.0,0.0,0.0,0.0,0.0,0.0,0.0,0.0,0.0,0.0,0.0,0.0,0.0,0.0,200.0,0.0,0.0,0.0,0.0,25.0,0.0,25.0,0.0,0.0,25.0,0.0,50.0,0.0,0.0,50.0,0.0,0.0,0.0,0.0,75.0,0.0,25.0,75.0,0.0,25.0,0.0,0.0,125.0,0.0,75.0,125.0,0.0,75.0,0.0,0.0,0.0,0.0,0.0,0.0,0.0,0.0,"Mar 17, 2016"
2718,2805016.0,25747.0,Salah al-Din,Al-Fares,Markaz Al-Dujeel-Al Shabab village,قرية الشباب,33.7731058076,44.3054492293,350.0,2100.0,0.0,0.0,0.0,0.0,0.0,0.0,0.0,0.0,0.0,0.0,0.0,0.0,0.0,0.0,350.0,0.0,0.0,0.0,0.0,25.0,0.0,75.0,0.0,0.0,75.0,0.0,150.0,0.0,0.0,150.0,0.0,0.0,0.0,0.0,75.0,0.0,25.0,75.0,0.0,25.0,0.0,0.0,150.0,0.0,200.0,150.0,0.0,200.0,0.0,0.0,0.0,0.0,0.0,0.0,0.0,0.0,"Mar 17, 2016"
2719,2805017.0,25744.0,Salah al-Din,Al-Fares,Markaz Al-Dujeel-Hay Al Askari,محلة 209,33.81935878,44.26208986,300.0,1800.0,0.0,0.0,0.0,0.0,0.0,0.0,0.0,0.0,0.0,0.0,0.0,0.0,0.0,0.0,300.0,0.0,0.0,0.0,0.0,25.0,0.0,50.0,0.0,0.0,50.0,0.0,150.0,0.0,0.0,150.0,0.0,0.0,0.0,0.0,75.0,0.0,0.0,75.0,0.0,0.0,0.0,0.0,125.0,0.0,175.0,125.0,0.0,175.0,0.0,0.0,0.0,0.0,0.0,0.0,0.0,0.0,"Mar 17, 2016"
2720,2805018.0,25746.0,Salah al-Din,Al-Fares,Markaz Al-Dujeel-Hay Al Wihda Mahala 101,محلة 101,33.8488707066,44.2324681278,200.0,1200.0,0.0,0.0,0.0,0.0,0.0,0.0,0.0,0.0,0.0,0.0,0.0,0.0,0.0,0.0,200.0,0.0,0.0,0.0,0.0,35.0,0.0,0.0,0.0,15.0,0.0,0.0,75.0,0.0,0.0,75.0,0.0,0.0,0.0,0.0,75.0,0.0,0.0,75.0,0.0,0.0,0.0,0.0,125.0,0.0,75.0,125.0,0.0,75.0,0.0,0.0,0.0,0.0,0.0,0.0,0.0,0.0,"Mar 17, 2016"
2721,2805019.0,25745.0,Salah al-Din,Al-Fares,Markaz Al-Dujeel-Hay Al Wihda Mahala 103,محلة 103,33.850661717,44.231288881,250.0,1500.0,0.0,0.0,0.0,0.0,0.0,0.0,0.0,0.0,0.0,0.0,0.0,0.0,0.0,0.0,250.0,0.0,0.0,0.0,0.0,25.0,0.0,50.0,0.0,0.0,50.0,0.0,100.0,0.0,0.0,100.0,0.0,0.0,0.0,0.0,75.0,0.0,0.0,75.0,0.0,0.0,25.0,0.0,125.0,25.0,100.0,125.0,0.0,100.0,0.0,0.0,0.0,0.0,0.0,0.0,0.0,0.0,"Mar 17, 2016"
2722,2806001.0,21589.0,Salah al-Din,Samarra,Al Armushia(Mahala 332),حي الشرطة م(25-عرموشية)محلة 332,34.199031,43.8958270848,133.0,798.0,3.0,0.0,0.0,0.0,0.0,0.0,0.0,0.0,0.0,0.0,0.0,0.0,0.0,0.0,130.0,0.0,0.0,0.0,0.0,1.0,0.0,0.0,0.0,3.0,0.0,4.0,76.0,4.0,0.0,76.0,0.0,0.0,3.0,0.0,46.0,3.0,0.0,46.0,0.0,0.0,0.0,0.0,0.0,0.0,50.0,0.0,83.0,50.0,0.0,83.0,0.0,0.0,0.0,0.0,0.0,0.0,"Mar 17, 2016"
2723,2806002.0,23876.0,Salah al-Din,Samarra,Al Jibariya Mahala 316,حي الواثق(22-جبيرية)محلة 316,34.1844526492,43.9031853061,215.0,1290.0,0.0,0.0,0.0,0.0,0.0,0.0,0.0,0.0,0.0,0.0,0.0,0.0,0.0,0.0,215.0,0.0,0.0,0.0,0.0,0.0,0.0,0.0,0.0,0.0,0.0,19.0,164.0,19.0,0.0,164.0,0.0,0.0,32.0,0.0,0.0,32.0,0.0,0.0,0.0,0.0,20.0,0.0,180.0,20.0,15.0,180.0,0.0,15.0,0.0,0.0,0.0,0.0,0.0,0.0,0.0,0.0,"Mar 17, 2016"
2724,2806003.0,21588.0,Salah al-Din,Samarra,Al Jubairiyah Al Thalitha,حي الواثق(22-جبيرية)الجبيرية الثالثة,34.1815107269,43.9093785267,761.0,4566.0,0.0,0.0,0.0,0.0,0.0,0.0,0.0,0.0,0.0,0.0,0.0,0.0,0.0,0.0,761.0,0.0,0.0,0.0,0.0,62.0,0.0,41.0,0.0,18.0,41.0,0.0,221.0,0.0,0.0,221.0,0.0,0.0,0.0,0.0,419.0,0.0,0.0,419.0,21.0,0.0,188.0,21.0,158.0,188.0,181.0,158.0,213.0,181.0,0.0,213.0,0.0,0.0,0.0,0.0,0.0,0.0,"Mar 17, 2016"
2725,2806004.0,25518.0,Salah al-Din,Samarra,Al Mahalla Al Gharbiah,المحلة الغربية,34.193541524,43.8703848235,75.0,450.0,0.0,0.0,0.0,0.0,0.0,0.0,0.0,0.0,0.0,0.0,0.0,0.0,0.0,0.0,75.0,0.0,0.0,0.0,0.0,6.0,0.0,0.0,0.0,0.0,0.0,0.0,69.0,0.0,0.0,69.0,0.0,0.0,0.0,0.0,0.0,0.0,0.0,0.0,2.0,0.0,11.0,2.0,37.0,11.0,8.0,37.0,17.0,8.0,0.0,17.0,0.0,0.0,0.0,0.0,0.0,0.0,"Mar 17, 2016"
2726,2806005.0,21723.0,Salah al-Din,Samarra,Al Qala-Mahal 201,مقاطعة 4 القلعة محلة 201,34.1820562631,43.8558614999,232.0,1392.0,10.0,0.0,0.0,0.0,0.0,0.0,0.0,0.0,0.0,0.0,0.0,0.0,0.0,0.0,222.0,0.0,0.0,0.0,0.0,11.0,0.0,3.0,0.0,43.0,3.0,0.0,175.0,0.0,0.0,175.0,0.0,0.0,0.0,0.0,0.0,0.0,0.0,0.0,10.0,0.0,69.0,10.0,8.0,69.0,0.0,8.0,145.0,0.0,0.0,145.0,0.0,0.0,0.0,0.0,0.0,0.0,"Mar 17, 2016"
2727,2806006.0,23781.0,Salah al-Din,Samarra,Al Sayoya-Mahala 1,محلة الصعيوية-1,34.0822534868,44.055491779,49.0,294.0,0.0,0.0,0.0,0.0,0.0,0.0,0.0,0.0,0.0,0.0,0.0,0.0,0.0,0.0,49.0,0.0,0.0,0.0,0.0,4.0,0.0,3.0,0.0,0.0,3.0,0.0,26.0,0.0,0.0,26.0,0.0,0.0,0.0,0.0,16.0,0.0,0.0,16.0,0.0,0.0,0.0,0.0,0.0,0.0,37.0,0.0,12.0,37.0,0.0,12.0,0.0,0.0,0.0,0.0,0.0,0.0,"Mar 17, 2016"
2728,2806007.0,20752.0,Salah al-Din,Samarra,Al_Jazera,مقاطعة 9 الجزيرة(الجزءالجنوبي),34.2462022137,43.660999,9.0,54.0,0.0,0.0,0.0,0.0,0.0,0.0,0.0,0.0,0.0,0.0,0.0,0.0,0.0,0.0,9.0,0.0,0.0,0.0,0.0,5.0,0.0,0.0,0.0,0.0,0.0,0.0,0.0,0.0,0.0,0.0,0.0,0.0,0.0,0.0,4.0,0.0,0.0,4.0,0.0,0.0,0.0,0.0,0.0,0.0,0.0,0.0,9.0,0.0,0.0,9.0,0.0,0.0,0.0,0.0,0.0,0.0,"Mar 17, 2016"
2729,2806008.0,20695.0,Salah al-Din,Samarra,Al-Abasiya Village,قرية العباسية,34.3009239295,43.7803131435,2008.0,12048.0,0.0,0.0,0.0,0.0,0.0,0.0,0.0,0.0,0.0,0.0,0.0,0.0,0.0,0.0,2008.0,0.0,0.0,0.0,0.0,164.0,0.0,1683.0,0.0,0.0,1683.0,0.0,111.0,0.0,0.0,111.0,0.0,0.0,0.0,0.0,50.0,0.0,0.0,50.0,0.0,0.0,0.0,0.0,0.0,0.0,0.0,0.0,2008.0,0.0,0.0,2008.0,0.0,0.0,0.0,0.0,0.0,0.0,"Mar 17, 2016"
2730,2806009.0,20675.0,Salah al-Din,Samarra,Al-Efraz area,حي الافراز,34.2058912106,43.9098703768,430.0,2580.0,5.0,0.0,0.0,0.0,0.0,0.0,0.0,0.0,0.0,0.0,0.0,0.0,8.0,0.0,417.0,0.0,0.0,0.0,0.0,20.0,0.0,171.0,0.0,0.0,171.0,0.0,182.0,0.0,0.0,182.0,0.0,0.0,0.0,0.0,57.0,0.0,0.0,57.0,10.0,0.0,135.0,10.0,27.0,135.0,143.0,27.0,115.0,143.0,0.0,115.0,0.0,0.0,0.0,0.0,0.0,0.0,"Mar 17, 2016"
2731,2806010.0,20674.0,Salah al-Din,Samarra,Al-Hewaish area,قرية الحويش,34.1951516457,43.8074836694,575.0,3450.0,0.0,0.0,0.0,0.0,0.0,0.0,0.0,0.0,0.0,0.0,0.0,0.0,0.0,0.0,575.0,0.0,0.0,0.0,0.0,125.0,0.0,0.0,0.0,0.0,0.0,0.0,280.0,0.0,0.0,280.0,0.0,0.0,0.0,0.0,170.0,0.0,0.0,170.0,0.0,0.0,0.0,0.0,0.0,0.0,97.0,0.0,478.0,97.0,0.0,478.0,0.0,0.0,0.0,0.0,0.0,0.0,"Mar 17, 2016"
2732,2806011.0,20643.0,Salah al-Din,Samarra,Al-Jamiaa Area,حي الجامعة,34.2125670612,43.8995375857,372.0,2232.0,0.0,0.0,0.0,0.0,0.0,0.0,0.0,0.0,0.0,0.0,0.0,0.0,0.0,0.0,372.0,0.0,0.0,0.0,0.0,20.0,0.0,0.0,0.0,0.0,0.0,0.0,297.0,0.0,0.0,297.0,0.0,0.0,0.0,0.0,55.0,0.0,0.0,55.0,30.0,0.0,210.0,30.0,0.0,210.0,52.0,0.0,80.0,52.0,0.0,80.0,0.0,0.0,0.0,0.0,0.0,0.0,"Mar 17, 2016"
2733,2806012.0,20633.0,Salah al-Din,Samarra,Al-Shuhadaa-Mahalla 324,حي الشهداءم(25-عرموشية)محلة 324,34.1902190633,43.9040939044,415.0,2490.0,0.0,0.0,0.0,0.0,0.0,0.0,0.0,0.0,0.0,0.0,0.0,0.0,0.0,0.0,415.0,0.0,0.0,0.0,0.0,31.0,0.0,4.0,0.0,0.0,4.0,0.0,337.0,0.0,0.0,337.0,0.0,0.0,40.0,0.0,3.0,40.0,0.0,3.0,0.0,0.0,40.0,0.0,0.0,40.0,197.0,0.0,178.0,197.0,0.0,178.0,0.0,0.0,0.0,0.0,0.0,0.0,"Mar 17, 2016"
2734,2806013.0,20649.0,Salah al-Din,Samarra,Al-Sikak-111,حي السكك(الشرقية)محلة 111,34.1911437549,43.8847661577,249.0,1494.0,6.0,0.0,0.0,0.0,0.0,0.0,0.0,0.0,0.0,0.0,0.0,0.0,0.0,0.0,243.0,0.0,0.0,0.0,0.0,12.0,0.0,0.0,0.0,0.0,0.0,0.0,230.0,0.0,0.0,230.0,0.0,0.0,0.0,0.0,4.0,0.0,3.0,4.0,0.0,3.0,0.0,0.0,162.0,0.0,0.0,162.0,87.0,0.0,0.0,87.0,0.0,0.0,0.0,0.0,0.0,0.0,"Mar 17, 2016"
2735,2806014.0,22580.0,Salah al-Din,Samarra,Hay Al Baladiya-104,م ق سامراء حي ابن سينا محلة 104,34.2042941647,43.8887085021,326.0,1956.0,5.0,0.0,0.0,0.0,0.0,0.0,0.0,0.0,0.0,0.0,0.0,0.0,5.0,0.0,316.0,0.0,0.0,0.0,0.0,5.0,0.0,0.0,0.0,0.0,0.0,0.0,305.0,0.0,0.0,305.0,0.0,0.0,16.0,0.0,0.0,16.0,0.0,0.0,5.0,0.0,110.0,5.0,200.0,110.0,11.0,200.0,0.0,11.0,0.0,0.0,0.0,0.0,0.0,0.0,0.0,0.0,"Mar 17, 2016"
2736,2806015.0,22474.0,Salah al-Din,Samarra,Hay Al Dhubbat-Mahalla 334,حي الضباط م(25-عرموشية)محلة 334,34.1930698743,43.8913850952,83.0,498.0,0.0,0.0,0.0,0.0,0.0,0.0,0.0,0.0,0.0,0.0,0.0,0.0,0.0,0.0,83.0,0.0,0.0,0.0,0.0,0.0,0.0,0.0,0.0,0.0,0.0,0.0,0.0,0.0,0.0,0.0,0.0,0.0,83.0,0.0,0.0,83.0,0.0,0.0,0.0,0.0,40.0,0.0,43.0,40.0,0.0,43.0,0.0,0.0,0.0,0.0,0.0,0.0,0.0,0.0,0.0,0.0,"Mar 17, 2016"
2737,2806016.0,22584.0,Salah al-Din,Samarra,Hay Al Dubhat-Mahalla 336,حي الضباط م(25-عرموشية)محلة 336,34.192828266,43.8985854015,119.0,714.0,0.0,0.0,0.0,0.0,0.0,0.0,0.0,0.0,0.0,0.0,0.0,0.0,0.0,0.0,119.0,0.0,0.0,0.0,0.0,0.0,0.0,0.0,0.0,0.0,0.0,0.0,87.0,0.0,0.0,87.0,0.0,0.0,32.0,0.0,0.0,32.0,0.0,0.0,0.0,0.0,80.0,0.0,30.0,80.0,9.0,30.0,0.0,9.0,0.0,0.0,0.0,0.0,0.0,0.0,0.0,0.0,"Mar 17, 2016"
2738,2806017.0,25519.0,Salah al-Din,Samarra,Hay Al Gatol-Albu Nisan,حي القاطول-البو نيسان,34.1947211092,43.8682232145,19.0,114.0,0.0,0.0,0.0,0.0,0.0,0.0,0.0,0.0,0.0,0.0,0.0,0.0,0.0,0.0,19.0,0.0,0.0,0.0,0.0,4.0,0.0,0.0,0.0,0.0,0.0,0.0,15.0,0.0,0.0,15.0,0.0,0.0,0.0,0.0,0.0,0.0,0.0,0.0,0.0,0.0,0.0,0.0,6.0,0.0,8.0,6.0,5.0,8.0,0.0,5.0,0.0,0.0,0.0,0.0,0.0,0.0,"Mar 17, 2016"
2739,2806018.0,20680.0,Salah al-Din,Samarra,Hay Al Hady 101,حي الهادي(غربية)محلة 101,34.2024712684,43.8773283083,54.0,324.0,0.0,0.0,0.0,0.0,0.0,0.0,0.0,0.0,0.0,0.0,0.0,0.0,0.0,0.0,54.0,0.0,0.0,0.0,0.0,0.0,0.0,0.0,0.0,0.0,0.0,0.0,54.0,0.0,0.0,54.0,0.0,0.0,0.0,0.0,0.0,0.0,0.0,0.0,0.0,0.0,9.0,0.0,0.0,9.0,40.0,0.0,5.0,40.0,0.0,5.0,0.0,0.0,0.0,0.0,0.0,0.0,"Mar 17, 2016"
2740,2806019.0,22903.0,Salah al-Din,Samarra,Hay Al imam-103,حي الامام محلة 103,34.1956538055,43.871750487,20.0,120.0,0.0,0.0,0.0,0.0,0.0,0.0,0.0,0.0,0.0,0.0,0.0,0.0,0.0,0.0,20.0,0.0,0.0,0.0,0.0,0.0,0.0,0.0,0.0,0.0,0.0,0.0,20.0,0.0,0.0,20.0,0.0,0.0,0.0,0.0,0.0,0.0,0.0,0.0,0.0,0.0,0.0,0.0,20.0,0.0,0.0,20.0,0.0,0.0,0.0,0.0,0.0,0.0,0.0,0.0,0.0,0.0,"Mar 17, 2016"
2741,2806020.0,24122.0,Salah al-Din,Samarra,Hay Al Mulmeen-109,حي المعلمين-109,34.1965586739,43.8878161646,80.0,480.0,3.0,0.0,0.0,0.0,0.0,0.0,0.0,0.0,0.0,0.0,0.0,0.0,2.0,0.0,75.0,0.0,0.0,0.0,0.0,0.0,0.0,0.0,0.0,0.0,0.0,0.0,67.0,0.0,0.0,67.0,0.0,0.0,0.0,0.0,13.0,0.0,0.0,13.0,0.0,0.0,0.0,0.0,0.0,0.0,27.0,0.0,53.0,27.0,0.0,53.0,0.0,0.0,0.0,0.0,0.0,0.0,"Mar 17, 2016"
2742,2806021.0,21724.0,Salah al-Din,Samarra,Hay Al Mutasim-mahala 105,محلة 105,34.1942101484,43.8782435283,65.0,390.0,2.0,0.0,0.0,0.0,0.0,0.0,0.0,0.0,0.0,0.0,0.0,0.0,0.0,0.0,63.0,0.0,0.0,0.0,0.0,0.0,0.0,0.0,0.0,0.0,0.0,0.0,65.0,0.0,0.0,65.0,0.0,0.0,0.0,0.0,0.0,0.0,0.0,0.0,0.0,0.0,0.0,0.0,30.0,0.0,35.0,30.0,0.0,35.0,0.0,0.0,0.0,0.0,0.0,0.0,0.0,0.0,"Mar 17, 2016"
2743,2806022.0,22473.0,Salah al-Din,Samarra,Hay Al Muthanna-Mahalla 312,حي المثنى-محلة 312,34.1932340758,43.9168047253,645.0,3870.0,11.0,0.0,0.0,0.0,0.0,0.0,0.0,0.0,0.0,0.0,0.0,0.0,0.0,0.0,634.0,0.0,0.0,0.0,0.0,0.0,0.0,49.0,0.0,0.0,49.0,0.0,440.0,0.0,0.0,440.0,0.0,0.0,61.0,0.0,95.0,61.0,0.0,95.0,11.0,0.0,260.0,11.0,234.0,260.0,101.0,234.0,39.0,101.0,0.0,39.0,0.0,0.0,0.0,0.0,0.0,0.0,"Mar 17, 2016"
2744,2806023.0,22810.0,Salah al-Din,Samarra,Hay Al Rasheed-Mahalla 326,حي الرشيد م(22-جبيرية)محلة 326,34.1881947918,43.9047412388,50.0,300.0,0.0,0.0,0.0,0.0,0.0,0.0,0.0,0.0,0.0,0.0,0.0,0.0,0.0,0.0,50.0,0.0,0.0,0.0,0.0,11.0,0.0,0.0,0.0,0.0,0.0,0.0,39.0,0.0,0.0,39.0,0.0,0.0,0.0,0.0,0.0,0.0,0.0,0.0,0.0,0.0,0.0,0.0,21.0,0.0,29.0,21.0,0.0,29.0,0.0,0.0,0.0,0.0,0.0,0.0,0.0,0.0,"Mar 17, 2016"
2745,2806024.0,21725.0,Salah al-Din,Samarra,Hay Al Wathiq-Mahala 314,حي الواثق(22-جبيرية)محلة 314,34.1860535508,43.894180879,512.0,3072.0,7.0,0.0,0.0,0.0,0.0,0.0,0.0,0.0,0.0,0.0,0.0,0.0,2.0,0.0,503.0,0.0,0.0,0.0,0.0,8.0,0.0,0.0,0.0,0.0,0.0,0.0,425.0,0.0,0.0,425.0,0.0,0.0,27.0,0.0,52.0,27.0,0.0,52.0,7.0,0.0,225.0,7.0,100.0,225.0,180.0,100.0,0.0,180.0,0.0,0.0,0.0,0.0,0.0,0.0,0.0,0.0,"Mar 17, 2016"
2746,2806025.0,21594.0,Salah al-Din,Samarra,Hay Al Zuhoor(Al qala 4)Mahala 202,حي الزهور(4-القلعة)محلة 202,34.179837741,43.8551255688,127.0,762.0,3.0,0.0,0.0,0.0,0.0,0.0,0.0,0.0,0.0,0.0,0.0,0.0,0.0,0.0,124.0,0.0,0.0,0.0,0.0,23.0,0.0,4.0,0.0,4.0,4.0,0.0,79.0,0.0,0.0,79.0,0.0,0.0,3.0,0.0,14.0,3.0,0.0,14.0,6.0,0.0,0.0,6.0,15.0,0.0,0.0,15.0,106.0,0.0,0.0,106.0,0.0,0.0,0.0,0.0,0.0,0.0,"Mar 17, 2016"
2747,2806026.0,25517.0,Salah al-Din,Samarra,Hay Albu Rahman,حي البو رحمن,34.1945575364,43.8730937708,20.0,120.0,0.0,0.0,0.0,0.0,0.0,0.0,0.0,0.0,0.0,0.0,0.0,0.0,0.0,0.0,20.0,0.0,0.0,0.0,0.0,0.0,0.0,0.0,0.0,0.0,0.0,0.0,20.0,0.0,0.0,20.0,0.0,0.0,0.0,0.0,0.0,0.0,0.0,0.0,0.0,0.0,18.0,0.0,0.0,18.0,2.0,0.0,0.0,2.0,0.0,0.0,0.0,0.0,0.0,0.0,0.0,0.0,"Mar 17, 2016"
2748,2806027.0,20569.0,Salah al-Din,Samarra,Hay Al-Khathraa Mahala 322,حي الخضراء م(25-عرموشية)محلة 322,34.1977385106,43.9074379485,394.0,2364.0,9.0,0.0,0.0,0.0,0.0,0.0,0.0,0.0,0.0,0.0,0.0,0.0,6.0,0.0,379.0,0.0,0.0,0.0,0.0,28.0,0.0,65.0,0.0,0.0,65.0,17.0,223.0,17.0,0.0,223.0,0.0,0.0,0.0,0.0,61.0,0.0,0.0,61.0,0.0,0.0,125.0,0.0,45.0,125.0,101.0,45.0,123.0,101.0,0.0,123.0,0.0,0.0,0.0,0.0,0.0,0.0,"Mar 17, 2016"
2749,2806028.0,23693.0,Salah al-Din,Samarra,Hay Alqadisiya-320,حي القادسية م(25-عرموشية)محلة 320,34.2094273679,43.8999202196,185.0,1110.0,0.0,0.0,0.0,0.0,0.0,0.0,0.0,0.0,0.0,0.0,0.0,0.0,0.0,0.0,185.0,0.0,0.0,0.0,0.0,4.0,0.0,0.0,0.0,0.0,0.0,0.0,181.0,0.0,0.0,181.0,0.0,0.0,0.0,0.0,0.0,0.0,0.0,0.0,0.0,0.0,100.0,0.0,85.0,100.0,0.0,85.0,0.0,0.0,0.0,0.0,0.0,0.0,0.0,0.0,0.0,0.0,"Mar 17, 2016"
2750,2806029.0,23877.0,Salah al-Din,Samarra,Hay Al-Ziraa(Sharqiyah)113,حي الزراعة(شرقية)محلة 113,34.188255854,43.8730756659,75.0,450.0,0.0,0.0,0.0,0.0,0.0,0.0,0.0,0.0,0.0,0.0,0.0,0.0,0.0,0.0,75.0,0.0,0.0,0.0,0.0,8.0,0.0,0.0,0.0,6.0,0.0,0.0,61.0,0.0,0.0,61.0,0.0,0.0,0.0,0.0,0.0,0.0,0.0,0.0,3.0,0.0,9.0,3.0,29.0,9.0,11.0,29.0,23.0,11.0,0.0,23.0,0.0,0.0,0.0,0.0,0.0,0.0,"Mar 17, 2016"
2751,2806030.0,21590.0,Salah al-Din,Samarra,Hay Salah Al-Din(Mahala 302),حي صلاح الدين محلة 302,34.204720594,43.9126189705,460.0,2760.0,0.0,0.0,0.0,0.0,0.0,0.0,0.0,0.0,0.0,0.0,0.0,0.0,0.0,0.0,460.0,0.0,0.0,0.0,0.0,38.0,0.0,58.0,0.0,4.0,58.0,0.0,264.0,0.0,0.0,264.0,0.0,0.0,0.0,0.0,96.0,0.0,0.0,96.0,0.0,0.0,0.0,0.0,118.0,0.0,250.0,118.0,92.0,250.0,0.0,92.0,0.0,0.0,0.0,0.0,0.0,0.0,"Mar 17, 2016"
2752,2808001.0,23145.0,Salah al-Din,Tikrit,Al Ahad Al Jadid village,قرية العهد الجديد,34.7201651082,43.6989630329,50.0,300.0,0.0,0.0,0.0,0.0,0.0,0.0,0.0,0.0,22.0,0.0,0.0,0.0,0.0,0.0,28.0,0.0,0.0,0.0,0.0,0.0,0.0,0.0,0.0,0.0,0.0,0.0,50.0,0.0,0.0,50.0,0.0,0.0,0.0,0.0,0.0,0.0,0.0,0.0,0.0,0.0,0.0,0.0,0.0,0.0,0.0,0.0,50.0,0.0,0.0,50.0,0.0,0.0,0.0,0.0,0.0,0.0,"Mar 17, 2016"
2753,2808002.0,23244.0,Salah al-Din,Tikrit,Hay Al Askari,الحي العسكري,34.6888668163,43.7172710479,300.0,1800.0,0.0,0.0,0.0,0.0,0.0,0.0,0.0,0.0,34.0,0.0,0.0,0.0,0.0,0.0,266.0,0.0,0.0,0.0,0.0,0.0,0.0,0.0,0.0,0.0,0.0,0.0,300.0,0.0,0.0,300.0,0.0,0.0,0.0,0.0,0.0,0.0,0.0,0.0,0.0,0.0,0.0,0.0,0.0,0.0,0.0,0.0,300.0,0.0,0.0,300.0,0.0,0.0,0.0,0.0,0.0,0.0,"Mar 17, 2016"
2754,2808004.0,25569.0,Salah al-Din,Tikrit,Al Haweja village-AlAbady,قرية الحويجة-العبادي,34.704490884,43.679389427,120.0,720.0,0.0,0.0,0.0,0.0,0.0,0.0,0.0,0.0,55.0,0.0,0.0,0.0,0.0,0.0,65.0,0.0,0.0,0.0,0.0,0.0,0.0,10.0,0.0,0.0,10.0,0.0,65.0,0.0,0.0,65.0,0.0,0.0,0.0,0.0,45.0,0.0,0.0,45.0,0.0,0.0,0.0,0.0,0.0,0.0,0.0,0.0,120.0,0.0,0.0,120.0,0.0,0.0,0.0,0.0,0.0,0.0,"Mar 17, 2016"
2755,2808005.0,24212.0,Salah al-Din,Tikrit,Al khuzamiya Village,قرية الخزامية,34.7685449972,43.6508570495,60.0,360.0,0.0,0.0,0.0,0.0,0.0,0.0,0.0,0.0,21.0,0.0,0.0,0.0,0.0,0.0,39.0,0.0,0.0,0.0,0.0,0.0,0.0,0.0,0.0,0.0,0.0,0.0,60.0,0.0,0.0,60.0,0.0,0.0,0.0,0.0,0.0,0.0,0.0,0.0,0.0,0.0,0.0,0.0,0.0,0.0,0.0,0.0,60.0,0.0,0.0,60.0,0.0,0.0,0.0,0.0,0.0,0.0,"Mar 17, 2016"
2756,2808011.0,24248.0,Salah al-Din,Tikrit,Awajealah Quarter,حي عويجيلية-م(27-الخرجة والعالي),34.6747398535,43.7152989723,300.0,1800.0,0.0,0.0,0.0,0.0,0.0,0.0,0.0,0.0,34.0,0.0,0.0,0.0,0.0,0.0,266.0,0.0,0.0,0.0,0.0,0.0,0.0,0.0,0.0,0.0,0.0,0.0,300.0,0.0,0.0,300.0,0.0,0.0,0.0,0.0,0.0,0.0,0.0,0.0,0.0,0.0,0.0,0.0,0.0,0.0,0.0,0.0,300.0,0.0,0.0,300.0,0.0,0.0,0.0,0.0,0.0,0.0,"Mar 17, 2016"
2757,2808013.0,23206.0,Salah al-Din,Tikrit,Hay Al Asry Al Jadid-404,حي العصري-محلة 404,34.6053898567,43.6761703435,191.0,1146.0,0.0,0.0,0.0,0.0,0.0,0.0,0.0,0.0,0.0,0.0,0.0,0.0,0.0,0.0,191.0,0.0,0.0,0.0,0.0,93.0,0.0,0.0,0.0,0.0,0.0,0.0,98.0,0.0,0.0,98.0,0.0,0.0,0.0,0.0,0.0,0.0,0.0,0.0,0.0,0.0,0.0,0.0,0.0,0.0,0.0,0.0,191.0,0.0,0.0,191.0,0.0,0.0,0.0,0.0,0.0,0.0,"Mar 17, 2016"
2758,2808014.0,24247.0,Salah al-Din,Tikrit,Hay Al baladiyah,حي البلدية-م(27-الخرجة والعالي),34.687550089,43.7176952396,30.0,180.0,0.0,0.0,0.0,0.0,0.0,0.0,0.0,0.0,5.0,0.0,0.0,0.0,0.0,0.0,25.0,0.0,0.0,0.0,0.0,0.0,0.0,5.0,0.0,0.0,5.0,0.0,25.0,0.0,0.0,25.0,0.0,0.0,0.0,0.0,0.0,0.0,0.0,0.0,0.0,0.0,0.0,0.0,0.0,0.0,0.0,0.0,30.0,0.0,0.0,30.0,0.0,0.0,0.0,0.0,0.0,0.0,"Mar 17, 2016"
2759,2808015.0,20608.0,Salah al-Din,Tikrit,Hay Al Jamiyah,حي الجمعية-2,34.6946263051,43.7152207043,125.0,750.0,0.0,0.0,0.0,0.0,0.0,0.0,0.0,0.0,50.0,0.0,0.0,0.0,0.0,0.0,75.0,0.0,0.0,0.0,0.0,0.0,0.0,10.0,0.0,0.0,10.0,0.0,37.0,0.0,0.0,37.0,0.0,0.0,0.0,0.0,78.0,0.0,0.0,78.0,0.0,0.0,0.0,0.0,0.0,0.0,0.0,0.0,125.0,0.0,0.0,125.0,0.0,0.0,0.0,0.0,0.0,0.0,"Mar 17, 2016"
2760,2808016.0,21592.0,Salah al-Din,Tikrit,Hay Al sinay-Al samad,حي الصناعي-م(51-المجرة وتل رجيم)قرية الصمد,34.7132682538,43.7066910747,356.0,2136.0,16.0,0.0,0.0,0.0,0.0,40.0,0.0,0.0,180.0,0.0,0.0,0.0,0.0,0.0,120.0,0.0,0.0,0.0,0.0,32.0,0.0,45.0,0.0,0.0,45.0,0.0,66.0,0.0,0.0,66.0,0.0,0.0,9.0,0.0,204.0,9.0,0.0,204.0,0.0,0.0,0.0,0.0,0.0,0.0,0.0,0.0,356.0,0.0,0.0,356.0,0.0,0.0,0.0,0.0,0.0,0.0,"Mar 17, 2016"
2761,2808017.0,23439.0,Salah al-Din,Tikrit,Hay Uwainat-1,العوينات- محلة 1,34.475435,43.728655,89.0,534.0,0.0,0.0,0.0,0.0,0.0,0.0,0.0,0.0,0.0,0.0,0.0,0.0,0.0,0.0,89.0,0.0,0.0,0.0,0.0,80.0,0.0,0.0,0.0,0.0,0.0,0.0,9.0,0.0,0.0,9.0,0.0,0.0,0.0,0.0,0.0,0.0,0.0,0.0,0.0,0.0,0.0,0.0,0.0,0.0,0.0,0.0,89.0,0.0,0.0,89.0,0.0,0.0,0.0,0.0,0.0,0.0,"Mar 17, 2016"
2762,2808018.0,22585.0,Salah al-Din,Tikrit,Mahalla Al Aed-3,العلم حي العائد(27-الخرجة والعالي) محلة العائد 3,34.700858,43.713857,210.0,1260.0,0.0,0.0,0.0,0.0,0.0,0.0,0.0,0.0,110.0,0.0,0.0,0.0,0.0,0.0,100.0,0.0,0.0,0.0,0.0,0.0,0.0,0.0,0.0,0.0,0.0,0.0,210.0,0.0,0.0,210.0,0.0,0.0,0.0,0.0,0.0,0.0,0.0,0.0,0.0,0.0,0.0,0.0,0.0,0.0,0.0,0.0,210.0,0.0,0.0,210.0,0.0,0.0,0.0,0.0,0.0,0.0,"Mar 17, 2016"
2763,2808019.0,22470.0,Salah al-Din,Tikrit,Mahalla Al muwadafeen,حي الموظفين(27الخرجة والعالي)محلة الموظفين,34.6905558572,43.7144303777,205.0,1230.0,0.0,0.0,0.0,0.0,0.0,0.0,0.0,0.0,70.0,0.0,0.0,0.0,0.0,0.0,135.0,0.0,0.0,0.0,0.0,37.0,0.0,30.0,0.0,0.0,30.0,0.0,35.0,0.0,0.0,35.0,0.0,0.0,8.0,0.0,95.0,8.0,0.0,95.0,0.0,0.0,0.0,0.0,0.0,0.0,0.0,0.0,205.0,0.0,0.0,205.0,0.0,0.0,0.0,0.0,0.0,0.0,"Mar 17, 2016"
2764,2808020.0,22182.0,Salah al-Din,Tikrit,Mahallat Awayjelya,العلم حي عويجيلية (27-الخرجة والعالي) محلة عويجل,35.557912,43.271648,45.0,270.0,0.0,0.0,0.0,0.0,0.0,0.0,0.0,0.0,30.0,0.0,0.0,0.0,0.0,0.0,15.0,0.0,0.0,0.0,0.0,0.0,0.0,0.0,0.0,0.0,0.0,0.0,45.0,0.0,0.0,45.0,0.0,0.0,0.0,0.0,0.0,0.0,0.0,0.0,0.0,0.0,0.0,0.0,0.0,0.0,0.0,0.0,45.0,0.0,0.0,45.0,0.0,0.0,0.0,0.0,0.0,0.0,"Mar 17, 2016"
2765,2808021.0,23921.0,Salah al-Din,Tikrit,Qaryat Albu Ubaid (Al-janoby)-Mahalla 428,م ق تكريت حي الفردوس(البو عبيد)مقاطعة -5 محلة ,34.588019,43.665976,95.0,570.0,0.0,0.0,0.0,0.0,0.0,0.0,0.0,0.0,12.0,0.0,0.0,0.0,0.0,0.0,83.0,0.0,0.0,0.0,0.0,0.0,0.0,50.0,0.0,0.0,50.0,0.0,45.0,0.0,0.0,45.0,0.0,0.0,0.0,0.0,0.0,0.0,0.0,0.0,0.0,0.0,0.0,0.0,0.0,0.0,0.0,0.0,95.0,0.0,0.0,95.0,0.0,0.0,0.0,0.0,0.0,0.0,"Mar 17, 2016"
2766,2808023.0,22059.0,Salah al-Din,Tikrit,Qaryat Erbaidha,قرية أربيضة,34.7932755465,43.6042593887,390.0,2340.0,0.0,0.0,0.0,0.0,0.0,0.0,0.0,0.0,93.0,0.0,0.0,0.0,0.0,0.0,297.0,0.0,0.0,0.0,0.0,0.0,0.0,0.0,0.0,0.0,0.0,0.0,390.0,0.0,0.0,390.0,0.0,0.0,0.0,0.0,0.0,0.0,0.0,0.0,0.0,0.0,0.0,0.0,0.0,0.0,0.0,0.0,390.0,0.0,0.0,390.0,0.0,0.0,0.0,0.0,0.0,0.0,"Mar 17, 2016"
2767,2808028.0,23702.0,Salah al-Din,Tikrit,Qadisya 2 500 Area,حي المطاردة(قادسية2)مقاطعة 7 محله 218 – قطعه 500,34.6508521597,43.6484036824,507.0,3042.0,0.0,0.0,0.0,0.0,0.0,0.0,0.0,0.0,23.0,0.0,0.0,0.0,0.0,0.0,484.0,0.0,0.0,0.0,0.0,197.0,0.0,0.0,0.0,0.0,0.0,0.0,310.0,0.0,0.0,310.0,0.0,0.0,0.0,0.0,0.0,0.0,0.0,0.0,0.0,0.0,0.0,0.0,0.0,0.0,0.0,0.0,507.0,0.0,0.0,507.0,0.0,0.0,0.0,0.0,0.0,0.0,"Mar 17, 2016"
2768,2808032.0,20630.0,Salah al-Din,Tikrit,Al-Shahama Village,قرية الشهامة,34.6956270355,43.6248264661,80.0,480.0,10.0,0.0,0.0,0.0,0.0,0.0,0.0,0.0,30.0,0.0,0.0,0.0,0.0,0.0,40.0,0.0,0.0,0.0,0.0,0.0,0.0,0.0,0.0,0.0,0.0,0.0,80.0,0.0,0.0,80.0,0.0,0.0,0.0,0.0,0.0,0.0,0.0,0.0,0.0,0.0,0.0,0.0,30.0,0.0,30.0,30.0,20.0,30.0,0.0,20.0,0.0,0.0,0.0,0.0,0.0,0.0,"Mar 17, 2016"
2769,2808034.0,20618.0,Salah al-Din,Tikrit,Hammad Shihab,قرية حماد شهاب,34.6986952464,43.6182605224,116.0,696.0,0.0,0.0,0.0,0.0,0.0,0.0,0.0,0.0,0.0,0.0,0.0,0.0,0.0,0.0,116.0,0.0,0.0,0.0,0.0,108.0,0.0,0.0,0.0,0.0,0.0,0.0,8.0,0.0,0.0,8.0,0.0,0.0,0.0,0.0,0.0,0.0,0.0,0.0,0.0,0.0,0.0,0.0,0.0,0.0,0.0,0.0,116.0,0.0,0.0,116.0,0.0,0.0,0.0,0.0,0.0,0.0,"Mar 17, 2016"
2770,2808037.0,22966.0,Salah al-Din,Tikrit,Hay Sheshen Mahal 408,حي شيشين-مقاطعة 5-وادي شيشين محلة 408,34.5929545071,43.6818062514,139.0,834.0,8.0,0.0,0.0,0.0,0.0,0.0,0.0,0.0,0.0,0.0,0.0,0.0,0.0,0.0,131.0,0.0,0.0,0.0,0.0,86.0,0.0,0.0,0.0,0.0,0.0,0.0,53.0,0.0,0.0,53.0,0.0,0.0,0.0,0.0,0.0,0.0,0.0,0.0,0.0,0.0,0.0,0.0,0.0,0.0,0.0,0.0,139.0,0.0,0.0,139.0,0.0,0.0,0.0,0.0,0.0,0.0,"Mar 17, 2016"
2771,2808043.0,20642.0,Salah al-Din,Tikrit,Al Karama Village,قرية الكرامة,34.6912611446,43.6255140504,171.0,1026.0,0.0,0.0,0.0,0.0,0.0,0.0,0.0,0.0,0.0,0.0,0.0,0.0,0.0,0.0,171.0,0.0,0.0,0.0,0.0,167.0,0.0,0.0,0.0,0.0,0.0,0.0,4.0,0.0,0.0,4.0,0.0,0.0,0.0,0.0,0.0,0.0,0.0,0.0,0.0,0.0,0.0,0.0,0.0,0.0,0.0,0.0,171.0,0.0,0.0,171.0,0.0,0.0,0.0,0.0,0.0,0.0,"Mar 17, 2016"
2772,2808044.0,26034.0,Salah al-Din,Tikrit,Al Mahzam village,قرية المحزم,34.7285134911,43.6406543147,52.0,312.0,0.0,0.0,0.0,0.0,0.0,0.0,0.0,0.0,0.0,0.0,0.0,0.0,0.0,0.0,52.0,0.0,0.0,0.0,0.0,32.0,0.0,0.0,0.0,0.0,0.0,0.0,20.0,0.0,0.0,20.0,0.0,0.0,0.0,0.0,0.0,0.0,0.0,0.0,0.0,0.0,0.0,0.0,20.0,0.0,0.0,20.0,32.0,0.0,0.0,32.0,0.0,0.0,0.0,0.0,0.0,0.0,"Mar 17, 2016"
2773,2808046.0,20631.0,Salah al-Din,Tikrit,Al Safiya village,قرية الصافية,34.6936732021,43.6143404311,3.0,18.0,0.0,0.0,0.0,0.0,0.0,0.0,0.0,0.0,0.0,0.0,0.0,0.0,0.0,0.0,3.0,0.0,0.0,0.0,0.0,0.0,0.0,0.0,0.0,0.0,0.0,0.0,3.0,0.0,0.0,3.0,0.0,0.0,0.0,0.0,0.0,0.0,0.0,0.0,0.0,0.0,0.0,0.0,0.0,0.0,0.0,0.0,3.0,0.0,0.0,3.0,0.0,0.0,0.0,0.0,0.0,0.0,"Mar 17, 2016"
2774,2808047.0,21357.0,Salah al-Din,Tikrit,Al Zallayah village,قرية الزلاية,34.45798508,43.72672328,152.0,912.0,0.0,0.0,0.0,0.0,0.0,0.0,0.0,0.0,0.0,0.0,0.0,0.0,0.0,0.0,152.0,0.0,0.0,0.0,0.0,152.0,0.0,0.0,0.0,0.0,0.0,0.0,0.0,0.0,0.0,0.0,0.0,0.0,0.0,0.0,0.0,0.0,0.0,0.0,0.0,0.0,0.0,0.0,0.0,0.0,0.0,0.0,152.0,0.0,0.0,152.0,0.0,0.0,0.0,0.0,0.0,0.0,"Mar 17, 2016"
2775,2808048.0,23301.0,Salah al-Din,Tikrit,Hay Al Anwaa Mahala 420,حي الانواء-محلة 420,34.5750390046,43.6820188772,199.0,1194.0,0.0,0.0,0.0,0.0,0.0,0.0,0.0,0.0,0.0,0.0,0.0,0.0,0.0,0.0,199.0,0.0,0.0,0.0,0.0,80.0,0.0,0.0,0.0,0.0,0.0,0.0,116.0,0.0,0.0,116.0,0.0,0.0,0.0,0.0,3.0,0.0,0.0,3.0,0.0,0.0,0.0,0.0,0.0,0.0,0.0,0.0,199.0,0.0,0.0,199.0,0.0,0.0,0.0,0.0,0.0,0.0,"Mar 17, 2016"
2776,2808049.0,25961.0,Salah al-Din,Tikrit,Hay Alarbaen,حي الاربعين-محله 414,34.5948121464,43.6768271495,90.0,540.0,0.0,0.0,0.0,0.0,0.0,0.0,0.0,0.0,11.0,0.0,0.0,0.0,0.0,0.0,79.0,0.0,0.0,0.0,0.0,0.0,0.0,0.0,0.0,0.0,0.0,0.0,90.0,0.0,0.0,90.0,0.0,0.0,0.0,0.0,0.0,0.0,0.0,0.0,0.0,0.0,0.0,0.0,0.0,0.0,0.0,0.0,90.0,0.0,0.0,90.0,0.0,0.0,0.0,0.0,0.0,0.0,"Mar 17, 2016"
2777,2808050.0,22331.0,Salah al-Din,Tikrit,Al Baladiyat-402,البلديات-402,34.6112426883,43.6740902904,157.0,942.0,0.0,0.0,0.0,0.0,0.0,0.0,0.0,0.0,14.0,0.0,0.0,0.0,0.0,0.0,143.0,0.0,0.0,0.0,0.0,0.0,0.0,0.0,0.0,0.0,0.0,0.0,157.0,0.0,0.0,157.0,0.0,0.0,0.0,0.0,0.0,0.0,0.0,0.0,0.0,0.0,0.0,0.0,0.0,0.0,0.0,0.0,157.0,0.0,0.0,157.0,0.0,0.0,0.0,0.0,0.0,0.0,"Mar 17, 2016"
2778,2808053.0,25960.0,Salah al-Din,Tikrit,Hay Aljamiyaa,حي الجمعية-محله 418,34.5929969189,43.6741052732,325.0,1950.0,0.0,0.0,0.0,0.0,0.0,0.0,0.0,0.0,0.0,0.0,0.0,0.0,0.0,0.0,325.0,0.0,0.0,0.0,0.0,64.0,0.0,0.0,0.0,0.0,0.0,0.0,261.0,0.0,0.0,261.0,0.0,0.0,0.0,0.0,0.0,0.0,0.0,0.0,0.0,0.0,0.0,0.0,0.0,0.0,0.0,0.0,325.0,0.0,0.0,325.0,0.0,0.0,0.0,0.0,0.0,0.0,"Mar 17, 2016"
2779,2808055.0,22812.0,Salah al-Din,Tikrit,Hay Al Mualimeen-406,حي المعلمين محلة-406,34.6036512824,43.6747349426,237.0,1422.0,0.0,0.0,0.0,0.0,0.0,0.0,0.0,0.0,0.0,0.0,0.0,0.0,0.0,0.0,237.0,0.0,0.0,0.0,0.0,12.0,0.0,0.0,0.0,0.0,0.0,0.0,225.0,0.0,0.0,225.0,0.0,0.0,0.0,0.0,0.0,0.0,0.0,0.0,0.0,0.0,0.0,0.0,0.0,0.0,0.0,0.0,237.0,0.0,0.0,237.0,0.0,0.0,0.0,0.0,0.0,0.0,"Mar 17, 2016"
2780,2808056.0,20622.0,Salah al-Din,Tikrit,Hay AL Suqour,حي الصقور,34.7009644488,43.6106373538,40.0,240.0,0.0,0.0,0.0,0.0,0.0,0.0,0.0,0.0,0.0,0.0,0.0,0.0,0.0,0.0,40.0,0.0,0.0,0.0,0.0,24.0,0.0,0.0,0.0,0.0,0.0,0.0,16.0,0.0,0.0,16.0,0.0,0.0,0.0,0.0,0.0,0.0,0.0,0.0,0.0,0.0,0.0,0.0,0.0,0.0,0.0,0.0,40.0,0.0,0.0,40.0,0.0,0.0,0.0,0.0,0.0,0.0,"Mar 17, 2016"
2781,2808057.0,22468.0,Salah al-Din,Tikrit,Hay Al Zuhour-422,حي الزهور محلة-422,34.5906041222,43.6723785909,387.0,2322.0,0.0,0.0,0.0,0.0,0.0,0.0,0.0,0.0,14.0,0.0,0.0,0.0,0.0,0.0,373.0,0.0,0.0,0.0,0.0,172.0,0.0,0.0,0.0,0.0,0.0,0.0,215.0,0.0,0.0,215.0,0.0,0.0,0.0,0.0,0.0,0.0,0.0,0.0,0.0,0.0,0.0,0.0,0.0,0.0,0.0,0.0,387.0,0.0,0.0,387.0,0.0,0.0,0.0,0.0,0.0,0.0,"Mar 17, 2016"
2782,2808058.0,25962.0,Salah al-Din,Tikrit,Hay Salma Altaghlubia,حي سلمى التغلبيه-محله 401,34.6097445069,43.6808217131,20.0,120.0,0.0,0.0,0.0,0.0,0.0,0.0,0.0,0.0,10.0,0.0,0.0,0.0,0.0,0.0,10.0,0.0,0.0,0.0,0.0,0.0,0.0,0.0,0.0,0.0,0.0,0.0,20.0,0.0,0.0,20.0,0.0,0.0,0.0,0.0,0.0,0.0,0.0,0.0,0.0,0.0,0.0,0.0,0.0,0.0,0.0,0.0,20.0,0.0,0.0,20.0,0.0,0.0,0.0,0.0,0.0,0.0,"Mar 17, 2016"
2783,2808061.0,25922.0,Salah al-Din,Tikrit,Qadisya 1 Mahala 214,حي المطاردة(قادسية1)مقاطعة 7-محله 214,34.6457808852,43.6660867266,348.0,2088.0,0.0,0.0,0.0,0.0,0.0,0.0,0.0,0.0,28.0,0.0,0.0,0.0,0.0,0.0,320.0,0.0,0.0,0.0,0.0,23.0,0.0,0.0,0.0,0.0,0.0,0.0,305.0,0.0,0.0,305.0,0.0,0.0,0.0,0.0,20.0,0.0,0.0,20.0,0.0,0.0,0.0,0.0,0.0,0.0,0.0,0.0,348.0,0.0,0.0,348.0,0.0,0.0,0.0,0.0,0.0,0.0,"Mar 17, 2016"
2784,2808062.0,25923.0,Salah al-Din,Tikrit,Qadisya 2 Mahala 216,حي المطاردة(قادسية2)مقاطعة 7-محله 216,34.6490426651,43.6629112169,759.0,4554.0,0.0,0.0,0.0,0.0,0.0,0.0,0.0,0.0,329.0,0.0,0.0,0.0,0.0,0.0,430.0,0.0,0.0,0.0,0.0,80.0,0.0,0.0,0.0,0.0,0.0,0.0,649.0,0.0,0.0,649.0,0.0,0.0,0.0,0.0,30.0,0.0,0.0,30.0,0.0,0.0,0.0,0.0,0.0,0.0,0.0,0.0,759.0,0.0,0.0,759.0,0.0,0.0,0.0,0.0,0.0,0.0,"Mar 17, 2016"
2785,2808066.0,27231.0,Salah al-Din,Tikrit,Al Shaheed Abdulla village,قرية الشهيد عبدالله جباره,34.6681781168,43.7329189855,50.0,300.0,0.0,0.0,0.0,0.0,0.0,0.0,0.0,0.0,15.0,0.0,0.0,0.0,0.0,0.0,35.0,0.0,0.0,0.0,0.0,0.0,0.0,0.0,0.0,0.0,0.0,0.0,20.0,0.0,0.0,20.0,0.0,0.0,0.0,0.0,30.0,0.0,0.0,30.0,0.0,0.0,0.0,0.0,0.0,0.0,0.0,0.0,50.0,0.0,0.0,50.0,0.0,0.0,0.0,0.0,0.0,0.0,"Mar 17, 2016"
2786,2808067.0,25963.0,Salah al-Din,Tikrit,Hay Al Shuhdaa Mahala 204,م ق تكريت حي الشهداء مقاطعة 7-المطاردة محلة 204,34.621799,43.67411,318.0,1908.0,0.0,0.0,0.0,0.0,0.0,0.0,0.0,0.0,100.0,0.0,0.0,0.0,0.0,0.0,218.0,0.0,0.0,0.0,0.0,5.0,0.0,0.0,0.0,0.0,0.0,0.0,293.0,0.0,0.0,293.0,0.0,0.0,0.0,0.0,20.0,0.0,0.0,20.0,0.0,0.0,0.0,0.0,0.0,0.0,0.0,0.0,318.0,0.0,0.0,318.0,0.0,0.0,0.0,0.0,0.0,0.0,"Mar 17, 2016"
2787,2808068.0,22058.0,Salah al-Din,Tikrit,Hay Aldiuom,حي الديوم-مقاطعة 211-ديوم تكريت,34.5961806178,43.6552203633,20.0,120.0,0.0,0.0,0.0,0.0,0.0,0.0,0.0,0.0,0.0,0.0,0.0,0.0,0.0,0.0,20.0,0.0,0.0,0.0,0.0,0.0,0.0,0.0,0.0,0.0,0.0,0.0,20.0,0.0,0.0,20.0,0.0,0.0,0.0,0.0,0.0,0.0,0.0,0.0,0.0,0.0,0.0,0.0,0.0,0.0,0.0,0.0,20.0,0.0,0.0,20.0,0.0,0.0,0.0,0.0,0.0,0.0,"Mar 17, 2016"
2788,2808069.0,27367.0,Salah al-Din,Tikrit,Hay Alziraa,حي الزراعة,34.5846342109,43.6825517379,40.0,240.0,0.0,0.0,0.0,0.0,0.0,0.0,0.0,0.0,0.0,0.0,0.0,0.0,0.0,0.0,40.0,0.0,0.0,0.0,0.0,0.0,0.0,0.0,0.0,0.0,0.0,0.0,40.0,0.0,0.0,40.0,0.0,0.0,0.0,0.0,0.0,0.0,0.0,0.0,0.0,0.0,0.0,0.0,0.0,0.0,0.0,0.0,40.0,0.0,0.0,40.0,0.0,0.0,0.0,0.0,0.0,0.0,"Mar 17, 2016"
2789,2808070.0,20624.0,Salah al-Din,Tikrit,Hay 100 dar,حي 100 دار,34.5836836612,43.6883329879,46.0,276.0,0.0,0.0,0.0,0.0,0.0,0.0,0.0,0.0,0.0,0.0,0.0,0.0,0.0,0.0,46.0,0.0,0.0,0.0,0.0,40.0,0.0,0.0,0.0,0.0,0.0,0.0,6.0,0.0,0.0,6.0,0.0,0.0,0.0,0.0,0.0,0.0,0.0,0.0,0.0,0.0,0.0,0.0,0.0,0.0,0.0,0.0,46.0,0.0,0.0,46.0,0.0,0.0,0.0,0.0,0.0,0.0,"Mar 17, 2016"
2790,2808071.0,22965.0,Salah al-Din,Tikrit,Hay Alqalaa,حي القلعة(6-تكريت)محلة 405,34.603648684,43.6899681296,30.0,180.0,0.0,0.0,0.0,0.0,0.0,0.0,0.0,0.0,7.0,0.0,0.0,0.0,0.0,0.0,23.0,0.0,0.0,0.0,0.0,0.0,0.0,0.0,0.0,0.0,0.0,0.0,30.0,0.0,0.0,30.0,0.0,0.0,0.0,0.0,0.0,0.0,0.0,0.0,0.0,0.0,0.0,0.0,0.0,0.0,0.0,0.0,30.0,0.0,0.0,30.0,0.0,0.0,0.0,0.0,0.0,0.0,"Mar 17, 2016"
2791,2808072.0,27368.0,Salah al-Din,Tikrit,Hay Alkahrbaa,حي الكهرباء,34.6040726826,43.6643316597,8.0,48.0,0.0,0.0,0.0,0.0,0.0,0.0,0.0,0.0,0.0,0.0,0.0,0.0,0.0,0.0,8.0,0.0,0.0,0.0,0.0,0.0,0.0,0.0,0.0,0.0,0.0,0.0,8.0,0.0,0.0,8.0,0.0,0.0,0.0,0.0,0.0,0.0,0.0,0.0,0.0,0.0,0.0,0.0,0.0,0.0,0.0,0.0,8.0,0.0,0.0,8.0,0.0,0.0,0.0,0.0,0.0,0.0,"Mar 17, 2016"
2792,2808074.0,20663.0,Salah al-Din,Tikrit,Hay Al-Tajneed,حي التجنيد,34.580094656,43.6815059278,105.0,630.0,0.0,0.0,0.0,0.0,0.0,0.0,0.0,0.0,0.0,0.0,0.0,0.0,0.0,0.0,105.0,0.0,0.0,0.0,0.0,25.0,0.0,0.0,0.0,0.0,0.0,0.0,80.0,0.0,0.0,80.0,0.0,0.0,0.0,0.0,0.0,0.0,0.0,0.0,0.0,0.0,0.0,0.0,0.0,0.0,0.0,0.0,105.0,0.0,0.0,105.0,0.0,0.0,0.0,0.0,0.0,0.0,"Mar 17, 2016"
2793,2808075.0,28412.0,Salah al-Din,Tikrit,Hay Al-Quthat,حي القضاة,34.6012128323,43.6725341066,64.0,384.0,0.0,0.0,0.0,0.0,0.0,0.0,0.0,0.0,0.0,0.0,0.0,0.0,0.0,0.0,64.0,0.0,0.0,0.0,0.0,0.0,0.0,0.0,0.0,0.0,0.0,0.0,64.0,0.0,0.0,64.0,0.0,0.0,0.0,0.0,0.0,0.0,0.0,0.0,0.0,0.0,0.0,0.0,0.0,0.0,0.0,0.0,64.0,0.0,0.0,64.0,0.0,0.0,0.0,0.0,0.0,0.0,"Mar 17, 2016"
2794,2808076.0,28413.0,Salah al-Din,Tikrit,Hay Al-Wihda,حي الوحدة,34.6045283647,43.6700681504,33.0,198.0,0.0,0.0,0.0,0.0,0.0,0.0,0.0,0.0,0.0,0.0,0.0,0.0,0.0,0.0,33.0,0.0,0.0,0.0,0.0,0.0,0.0,0.0,0.0,0.0,0.0,0.0,33.0,0.0,0.0,33.0,0.0,0.0,0.0,0.0,0.0,0.0,0.0,0.0,0.0,0.0,0.0,0.0,0.0,0.0,0.0,0.0,33.0,0.0,0.0,33.0,0.0,0.0,0.0,0.0,0.0,0.0,"Mar 17, 2016"
2795,2808079.0,20678.0,Salah al-Din,Tikrit,Albo-Ubed,قرية البو عبيد,34.5877777778,43.6630555556,500.0,3000.0,0.0,0.0,0.0,0.0,0.0,0.0,0.0,0.0,12.0,0.0,0.0,0.0,0.0,0.0,488.0,0.0,0.0,0.0,0.0,380.0,0.0,50.0,0.0,0.0,50.0,0.0,70.0,0.0,0.0,70.0,0.0,0.0,0.0,0.0,0.0,0.0,0.0,0.0,0.0,0.0,0.0,0.0,0.0,0.0,0.0,0.0,500.0,0.0,0.0,500.0,0.0,0.0,0.0,0.0,0.0,0.0,"Mar 17, 2016"
2796,2808081.0,20638.0,Salah al-Din,Tikrit,Hay Al Dhubbat,حي الضباط,34.6346683931,43.6702753012,10.0,60.0,0.0,0.0,0.0,0.0,0.0,0.0,0.0,0.0,0.0,0.0,0.0,0.0,0.0,0.0,10.0,0.0,0.0,0.0,0.0,0.0,0.0,0.0,0.0,0.0,0.0,0.0,10.0,0.0,0.0,10.0,0.0,0.0,0.0,0.0,0.0,0.0,0.0,0.0,0.0,0.0,0.0,0.0,0.0,0.0,0.0,0.0,10.0,0.0,0.0,10.0,0.0,0.0,0.0,0.0,0.0,0.0,"Mar 17, 2016"
2797,2808082.0,28478.0,Salah al-Din,Tikrit,Hay Al-Sikak,حي السكك,34.5968288729,43.6751378321,36.0,216.0,0.0,0.0,0.0,0.0,0.0,0.0,0.0,0.0,0.0,0.0,0.0,0.0,0.0,0.0,36.0,0.0,0.0,0.0,0.0,0.0,0.0,0.0,0.0,0.0,0.0,0.0,36.0,0.0,0.0,36.0,0.0,0.0,0.0,0.0,0.0,0.0,0.0,0.0,0.0,0.0,0.0,0.0,0.0,0.0,0.0,0.0,36.0,0.0,0.0,36.0,0.0,0.0,0.0,0.0,0.0,0.0,"Mar 17, 2016"
2798,2808083.0,28479.0,Salah al-Din,Tikrit,Al Hamra village,مقاطعة 10 الحمرة 301 قرية الحمرة,34.824231,43.528092,13.0,78.0,0.0,0.0,0.0,0.0,0.0,0.0,0.0,0.0,0.0,0.0,0.0,0.0,0.0,0.0,13.0,0.0,0.0,0.0,0.0,0.0,0.0,0.0,0.0,0.0,0.0,0.0,13.0,0.0,0.0,13.0,0.0,0.0,0.0,0.0,0.0,0.0,0.0,0.0,0.0,0.0,0.0,0.0,0.0,0.0,0.0,0.0,13.0,0.0,0.0,13.0,0.0,0.0,0.0,0.0,0.0,0.0,"Mar 17, 2016"
2799,2808084.0,20594.0,Salah al-Din,Tikrit,Al Auja village ,قرية العوجة,34.5719279171,43.6918819559,70.0,420.0,0.0,0.0,0.0,0.0,0.0,0.0,0.0,0.0,0.0,0.0,0.0,0.0,0.0,0.0,70.0,0.0,0.0,0.0,0.0,0.0,0.0,70.0,0.0,0.0,70.0,0.0,0.0,0.0,0.0,0.0,0.0,0.0,0.0,0.0,0.0,0.0,0.0,0.0,0.0,0.0,0.0,0.0,0.0,0.0,0.0,0.0,70.0,0.0,0.0,70.0,0.0,0.0,0.0,0.0,0.0,0.0,"Mar 17, 2016"
2800,2809001.0,21846.0,Salah al-Din,Tuz Khurmatu,Hay Al Sideeq Mahalla 105,محلة 105,34.8860602603,44.6130530013,181.0,1086.0,10.0,0.0,0.0,0.0,0.0,12.0,0.0,0.0,0.0,0.0,0.0,0.0,4.0,0.0,155.0,0.0,0.0,0.0,0.0,32.0,0.0,0.0,0.0,0.0,0.0,0.0,149.0,0.0,0.0,149.0,0.0,0.0,0.0,0.0,0.0,0.0,0.0,0.0,9.0,0.0,150.0,9.0,12.0,150.0,0.0,12.0,10.0,0.0,0.0,10.0,0.0,0.0,0.0,0.0,0.0,0.0,"Mar 17, 2016"
2801,2809003.0,25864.0,Salah al-Din,Tuz Khurmatu,Hay Aqsu,حي اقصو,34.88223604,44.6369824557,35.0,210.0,0.0,0.0,0.0,0.0,0.0,0.0,0.0,0.0,0.0,0.0,0.0,0.0,0.0,0.0,35.0,0.0,0.0,0.0,0.0,0.0,0.0,0.0,0.0,0.0,0.0,0.0,35.0,0.0,0.0,35.0,0.0,0.0,0.0,0.0,0.0,0.0,0.0,0.0,0.0,0.0,35.0,0.0,0.0,35.0,0.0,0.0,0.0,0.0,0.0,0.0,0.0,0.0,0.0,0.0,0.0,0.0,"Mar 17, 2016"
2802,2809004.0,25865.0,Salah al-Din,Tuz Khurmatu,Hay Garmian,حي كرميان,34.8996644014,44.6261417359,140.0,840.0,0.0,0.0,0.0,0.0,0.0,20.0,0.0,0.0,0.0,0.0,0.0,0.0,0.0,0.0,120.0,0.0,0.0,0.0,0.0,0.0,0.0,90.0,0.0,0.0,90.0,0.0,50.0,0.0,0.0,50.0,0.0,0.0,0.0,0.0,0.0,0.0,0.0,0.0,15.0,0.0,25.0,15.0,100.0,25.0,0.0,100.0,0.0,0.0,0.0,0.0,0.0,0.0,0.0,0.0,0.0,0.0,"Mar 17, 2016"
2803,2809005.0,25866.0,Salah al-Din,Tuz Khurmatu,Hay Komari-120,حي كوماري م(5-الطوز)محلة 120,34.8963111574,44.6261856196,1040.0,6240.0,90.0,0.0,0.0,0.0,0.0,110.0,0.0,0.0,0.0,0.0,0.0,0.0,0.0,0.0,840.0,0.0,0.0,0.0,0.0,40.0,0.0,100.0,0.0,0.0,100.0,0.0,900.0,0.0,0.0,900.0,0.0,0.0,0.0,0.0,0.0,0.0,0.0,0.0,0.0,0.0,180.0,0.0,725.0,180.0,0.0,725.0,135.0,0.0,0.0,135.0,0.0,0.0,0.0,0.0,0.0,0.0,"Mar 17, 2016"
2804,2809006.0,25867.0,Salah al-Din,Tuz Khurmatu,Hay Mula Safar-102,حي ملا صفر م(5-الطوز)محلة 102,34.88232614,44.62729951,8.0,48.0,0.0,0.0,0.0,0.0,0.0,0.0,0.0,0.0,0.0,0.0,0.0,0.0,0.0,0.0,8.0,0.0,0.0,0.0,0.0,0.0,0.0,0.0,0.0,0.0,0.0,0.0,8.0,0.0,0.0,8.0,0.0,0.0,0.0,0.0,0.0,0.0,0.0,0.0,0.0,0.0,0.0,0.0,5.0,0.0,0.0,5.0,3.0,0.0,0.0,3.0,0.0,0.0,0.0,0.0,0.0,0.0,"Mar 17, 2016"
2805,2809007.0,25868.0,Salah al-Din,Tuz Khurmatu,Hay Rizgari-114,حي رزكاري م(5-الطوز)محلة 114,34.8867014915,44.6411486719,355.0,2130.0,7.0,0.0,0.0,0.0,0.0,33.0,0.0,0.0,0.0,0.0,0.0,0.0,0.0,0.0,315.0,0.0,0.0,0.0,0.0,15.0,0.0,0.0,0.0,0.0,0.0,0.0,340.0,0.0,0.0,340.0,0.0,0.0,0.0,0.0,0.0,0.0,0.0,0.0,0.0,0.0,35.0,0.0,275.0,35.0,45.0,275.0,0.0,45.0,0.0,0.0,0.0,0.0,0.0,0.0,0.0,0.0,"Mar 17, 2016"
2806,2809008.0,25869.0,Salah al-Din,Tuz Khurmatu,Hay Shoraw-1,مقاطعة 1 شوراو,35.0732398297,44.5028073771,90.0,540.0,0.0,0.0,0.0,0.0,0.0,65.0,0.0,0.0,0.0,0.0,0.0,0.0,0.0,0.0,25.0,0.0,0.0,0.0,0.0,0.0,0.0,90.0,0.0,0.0,90.0,0.0,0.0,0.0,0.0,0.0,0.0,0.0,0.0,0.0,0.0,0.0,0.0,0.0,0.0,0.0,20.0,0.0,70.0,20.0,0.0,70.0,0.0,0.0,0.0,0.0,0.0,0.0,0.0,0.0,0.0,0.0,"Mar 17, 2016"
2807,2809009.0,25749.0,Salah al-Din,Tuz Khurmatu,Markaz Tooz-Barbara village,قرية بربارة,34.96371302,44.4619925,9.0,54.0,0.0,0.0,0.0,0.0,0.0,2.0,0.0,0.0,0.0,0.0,0.0,0.0,0.0,0.0,7.0,0.0,0.0,0.0,0.0,6.0,0.0,3.0,0.0,0.0,3.0,0.0,0.0,0.0,0.0,0.0,0.0,0.0,0.0,0.0,0.0,0.0,0.0,0.0,0.0,0.0,0.0,0.0,7.0,0.0,0.0,7.0,2.0,0.0,0.0,2.0,0.0,0.0,0.0,0.0,0.0,0.0,"Mar 17, 2016"
2808,2809010.0,25754.0,Salah al-Din,Tuz Khurmatu,Markaz Tooz-Hay Al Askari,حي العسكري,34.8789338333,44.6156447403,1150.0,6900.0,60.0,0.0,0.0,0.0,0.0,22.0,0.0,0.0,5.0,0.0,0.0,0.0,0.0,0.0,1063.0,0.0,0.0,0.0,0.0,40.0,0.0,40.0,0.0,0.0,40.0,0.0,1070.0,0.0,0.0,1070.0,0.0,0.0,0.0,0.0,0.0,0.0,0.0,0.0,0.0,0.0,120.0,0.0,965.0,120.0,5.0,965.0,60.0,5.0,0.0,60.0,0.0,0.0,0.0,0.0,0.0,0.0,"Mar 17, 2016"
2809,2809011.0,25751.0,Salah al-Din,Tuz Khurmatu,Markaz Tooz-Hay Al Hussien 124,محلة 124 الحسين,34.8838157585,44.6315143244,10.0,60.0,0.0,0.0,0.0,0.0,0.0,0.0,0.0,0.0,0.0,0.0,0.0,0.0,0.0,0.0,10.0,0.0,0.0,0.0,0.0,0.0,0.0,0.0,0.0,0.0,0.0,0.0,10.0,0.0,0.0,10.0,0.0,0.0,0.0,0.0,0.0,0.0,0.0,0.0,0.0,0.0,10.0,0.0,0.0,10.0,0.0,0.0,0.0,0.0,0.0,0.0,0.0,0.0,0.0,0.0,0.0,0.0,"Mar 17, 2016"
2810,2809012.0,25752.0,Salah al-Din,Tuz Khurmatu,Markaz Tooz-Hay Al Taiyar 122,محلة 122,34.9021581202,44.6204883214,735.0,4410.0,0.0,0.0,0.0,0.0,0.0,60.0,0.0,0.0,0.0,0.0,0.0,0.0,0.0,0.0,675.0,0.0,0.0,0.0,0.0,175.0,0.0,0.0,0.0,0.0,0.0,0.0,560.0,0.0,0.0,560.0,0.0,0.0,0.0,0.0,0.0,0.0,0.0,0.0,0.0,0.0,125.0,0.0,610.0,125.0,0.0,610.0,0.0,0.0,0.0,0.0,0.0,0.0,0.0,0.0,0.0,0.0,"Mar 17, 2016"
2811,2809014.0,25756.0,Salah al-Din,Tuz Khurmatu,Markaz Tooz-Hay Aurtah,حي أورطة,34.8897898106,44.634121243,20.0,120.0,0.0,0.0,0.0,0.0,0.0,0.0,0.0,0.0,0.0,0.0,0.0,0.0,0.0,0.0,20.0,0.0,0.0,0.0,0.0,0.0,0.0,0.0,0.0,0.0,0.0,0.0,20.0,0.0,0.0,20.0,0.0,0.0,0.0,0.0,0.0,0.0,0.0,0.0,0.0,0.0,20.0,0.0,0.0,20.0,0.0,0.0,0.0,0.0,0.0,0.0,0.0,0.0,0.0,0.0,0.0,0.0,"Mar 17, 2016"
2812,2809015.0,25750.0,Salah al-Din,Tuz Khurmatu,Markaz Tooz-Hay Brayati,محلة برايتي,34.9050825079,44.6092061477,305.0,1830.0,17.0,0.0,0.0,0.0,0.0,23.0,0.0,0.0,10.0,0.0,0.0,0.0,2.0,0.0,253.0,0.0,0.0,0.0,0.0,20.0,0.0,15.0,0.0,0.0,15.0,0.0,270.0,0.0,0.0,270.0,0.0,0.0,0.0,0.0,0.0,0.0,0.0,0.0,5.0,0.0,25.0,5.0,255.0,25.0,5.0,255.0,15.0,5.0,0.0,15.0,0.0,0.0,0.0,0.0,0.0,0.0,"Mar 17, 2016"
2813,2809016.0,25755.0,Salah al-Din,Tuz Khurmatu,Markaz Tooz-Hay Imam Ahmed,حي امام احمد,34.88186876,44.6243641833,12.0,72.0,0.0,0.0,0.0,0.0,0.0,0.0,0.0,0.0,0.0,0.0,0.0,0.0,0.0,0.0,12.0,0.0,0.0,0.0,0.0,2.0,0.0,0.0,0.0,0.0,0.0,0.0,10.0,0.0,0.0,10.0,0.0,0.0,0.0,0.0,0.0,0.0,0.0,0.0,0.0,0.0,10.0,0.0,0.0,10.0,0.0,0.0,2.0,0.0,0.0,2.0,0.0,0.0,0.0,0.0,0.0,0.0,"Mar 17, 2016"
2814,2809017.0,25748.0,Salah al-Din,Tuz Khurmatu,Markaz Tooz-Jesir Dara,جسر دارا,34.9510712127,44.5945517295,12.0,72.0,0.0,0.0,0.0,0.0,0.0,12.0,0.0,0.0,0.0,0.0,0.0,0.0,0.0,0.0,0.0,0.0,0.0,0.0,0.0,2.0,0.0,10.0,0.0,0.0,10.0,0.0,0.0,0.0,0.0,0.0,0.0,0.0,0.0,0.0,0.0,0.0,0.0,0.0,0.0,0.0,12.0,0.0,0.0,12.0,0.0,0.0,0.0,0.0,0.0,0.0,0.0,0.0,0.0,0.0,0.0,0.0,"Mar 17, 2016"
2815,2809018.0,20405.0,Salah al-Din,Tuz Khurmatu,Sankur,سنكور,35.008807295,44.5383274353,342.0,2052.0,5.0,0.0,0.0,0.0,0.0,45.0,0.0,0.0,12.0,0.0,0.0,0.0,0.0,0.0,280.0,0.0,0.0,0.0,0.0,252.0,0.0,90.0,0.0,0.0,90.0,0.0,0.0,0.0,0.0,0.0,0.0,0.0,0.0,0.0,0.0,0.0,0.0,0.0,0.0,0.0,280.0,0.0,45.0,280.0,12.0,45.0,5.0,12.0,0.0,5.0,0.0,0.0,0.0,0.0,0.0,0.0,"Mar 17, 2016"
2816,2809019.0,25871.0,Salah al-Din,Tuz Khurmatu,Shaikh Abd village,قرية شيخ عبد,34.79865,44.7232650563,400.0,2400.0,0.0,0.0,0.0,0.0,0.0,0.0,0.0,0.0,0.0,0.0,0.0,0.0,0.0,0.0,400.0,0.0,0.0,0.0,0.0,100.0,0.0,300.0,0.0,0.0,300.0,0.0,0.0,0.0,0.0,0.0,0.0,0.0,0.0,0.0,0.0,0.0,0.0,0.0,0.0,0.0,20.0,0.0,285.0,20.0,0.0,285.0,95.0,0.0,0.0,95.0,0.0,0.0,0.0,0.0,0.0,0.0,"Mar 17, 2016"
2817,2809020.0,25870.0,Salah al-Din,Tuz Khurmatu,Tal Al Naqqar,تل النقار,34.732738,44.800704,380.0,2280.0,0.0,0.0,0.0,0.0,0.0,30.0,0.0,0.0,0.0,0.0,0.0,0.0,0.0,0.0,350.0,0.0,0.0,0.0,0.0,160.0,0.0,220.0,0.0,0.0,220.0,0.0,0.0,0.0,0.0,0.0,0.0,0.0,0.0,0.0,0.0,0.0,0.0,0.0,0.0,0.0,35.0,0.0,345.0,35.0,0.0,345.0,0.0,0.0,0.0,0.0,0.0,0.0,0.0,0.0,0.0,0.0,"Mar 17, 2016"
2818,2809021.0,20992.0,Salah al-Din,Tuz Khurmatu,Tooz-Hay Al Teen,حي الطين,34.8726647959,44.6202448173,310.0,1860.0,15.0,0.0,0.0,0.0,0.0,30.0,0.0,0.0,5.0,0.0,0.0,0.0,0.0,0.0,260.0,0.0,0.0,0.0,0.0,10.0,0.0,45.0,0.0,0.0,45.0,0.0,255.0,0.0,0.0,255.0,0.0,0.0,0.0,0.0,0.0,0.0,0.0,0.0,85.0,0.0,180.0,85.0,25.0,180.0,5.0,25.0,15.0,5.0,0.0,15.0,0.0,0.0,0.0,0.0,0.0,0.0,"Mar 17, 2016"
2819,2809022.0,25872.0,Salah al-Din,Tuz Khurmatu,Unformal Shelter,سكن غير رسمي,34.9051509006,44.6358183762,500.0,3000.0,0.0,0.0,0.0,0.0,0.0,0.0,0.0,0.0,0.0,0.0,0.0,0.0,0.0,0.0,500.0,0.0,0.0,0.0,0.0,10.0,0.0,190.0,0.0,0.0,190.0,0.0,300.0,0.0,0.0,300.0,0.0,0.0,0.0,0.0,0.0,0.0,0.0,0.0,0.0,0.0,410.0,0.0,80.0,410.0,0.0,80.0,10.0,0.0,0.0,10.0,0.0,0.0,0.0,0.0,0.0,0.0,"Mar 17, 2016"
2820,2901001.0,19509.0,Wassit,Al-Hai,Al Bashaer sub-district,ناحية البشائر ,32.1243089772,46.116103253,13.0,78.0,0.0,0.0,0.0,0.0,0.0,0.0,0.0,0.0,0.0,0.0,0.0,0.0,13.0,0.0,0.0,0.0,0.0,0.0,0.0,3.0,0.0,0.0,0.0,0.0,0.0,0.0,8.0,0.0,0.0,8.0,0.0,0.0,0.0,0.0,2.0,0.0,0.0,2.0,0.0,0.0,0.0,0.0,0.0,0.0,13.0,0.0,0.0,13.0,0.0,0.0,0.0,0.0,0.0,0.0,0.0,0.0,"Mar 17, 2016"
2821,2901002.0,25323.0,Wassit,Al-Hai,Al Bashaer-Al-Muntadhar Village,ناحية البشائر-قرية المنتظر,32.1234253,46.1137552,2.0,12.0,0.0,0.0,0.0,0.0,0.0,0.0,0.0,0.0,0.0,0.0,0.0,0.0,2.0,0.0,0.0,0.0,0.0,0.0,0.0,2.0,0.0,0.0,0.0,0.0,0.0,0.0,0.0,0.0,0.0,0.0,0.0,0.0,0.0,0.0,0.0,0.0,0.0,0.0,0.0,0.0,2.0,0.0,0.0,2.0,0.0,0.0,0.0,0.0,0.0,0.0,0.0,0.0,0.0,0.0,0.0,0.0,"Mar 17, 2016"
2822,2901003.0,25324.0,Wassit,Al-Hai,Al Bashaer-Al-Qudis 1,ناحية البشائر-القدس الأولى,32.1263752266,46.1168290734,6.0,36.0,0.0,0.0,0.0,0.0,0.0,0.0,0.0,0.0,0.0,0.0,0.0,0.0,6.0,0.0,0.0,0.0,0.0,0.0,0.0,6.0,0.0,0.0,0.0,0.0,0.0,0.0,0.0,0.0,0.0,0.0,0.0,0.0,0.0,0.0,0.0,0.0,0.0,0.0,0.0,0.0,6.0,0.0,0.0,6.0,0.0,0.0,0.0,0.0,0.0,0.0,0.0,0.0,0.0,0.0,0.0,0.0,"Mar 17, 2016"
2823,2901004.0,25325.0,Wassit,Al-Hai,Al Bashaer-Al-Qudis 2,ناحية البشائر-القدس الثانيه,32.1243835749,46.1201123357,14.0,84.0,0.0,0.0,0.0,0.0,0.0,0.0,0.0,0.0,0.0,0.0,0.0,0.0,14.0,0.0,0.0,0.0,0.0,0.0,0.0,14.0,0.0,0.0,0.0,0.0,0.0,0.0,0.0,0.0,0.0,0.0,0.0,0.0,0.0,0.0,0.0,0.0,0.0,0.0,0.0,0.0,14.0,0.0,0.0,14.0,0.0,0.0,0.0,0.0,0.0,0.0,0.0,0.0,0.0,0.0,0.0,0.0,"Mar 17, 2016"
2824,2901005.0,25578.0,Wassit,Al-Hai,Hay-Al-Rabee,حي الربيع,32.171518,46.045941,1.0,6.0,0.0,0.0,0.0,0.0,0.0,0.0,0.0,0.0,1.0,0.0,0.0,0.0,0.0,0.0,0.0,0.0,0.0,0.0,0.0,1.0,0.0,0.0,0.0,0.0,0.0,0.0,0.0,0.0,0.0,0.0,0.0,0.0,0.0,0.0,0.0,0.0,0.0,0.0,0.0,0.0,0.0,0.0,1.0,0.0,0.0,1.0,0.0,0.0,0.0,0.0,0.0,0.0,0.0,0.0,0.0,0.0,"Mar 17, 2016"
2825,2901007.0,18593.0,Wassit,Al-Hai,Al Muwaffaqiyah,الموفقية,32.2703462847,45.9281241922,35.0,210.0,0.0,0.0,0.0,0.0,0.0,0.0,0.0,0.0,0.0,0.0,0.0,0.0,35.0,0.0,0.0,0.0,0.0,0.0,0.0,0.0,0.0,0.0,0.0,0.0,0.0,0.0,0.0,0.0,0.0,0.0,0.0,0.0,0.0,0.0,35.0,0.0,0.0,35.0,0.0,0.0,35.0,0.0,0.0,35.0,0.0,0.0,0.0,0.0,0.0,0.0,0.0,0.0,0.0,0.0,0.0,0.0,"Mar 17, 2016"
2826,2901008.0,25579.0,Wassit,Al-Hai,Al-Askari Al-Thania,حي العسكري الثانية,32.18357076,46.0389907801,4.0,24.0,1.0,0.0,0.0,0.0,0.0,0.0,0.0,0.0,0.0,0.0,0.0,0.0,0.0,0.0,3.0,0.0,0.0,0.0,0.0,4.0,0.0,0.0,0.0,0.0,0.0,0.0,0.0,0.0,0.0,0.0,0.0,0.0,0.0,0.0,0.0,0.0,0.0,0.0,0.0,0.0,0.0,0.0,3.0,0.0,0.0,3.0,1.0,0.0,0.0,1.0,0.0,0.0,0.0,0.0,0.0,0.0,"Mar 17, 2016"
2827,2901009.0,25580.0,Wassit,Al-Hai,Al-Askari Al-Uwla,حي العسكري الاولى,32.1846574115,46.0394045688,14.0,84.0,2.0,0.0,0.0,0.0,0.0,0.0,0.0,0.0,0.0,0.0,0.0,0.0,12.0,0.0,0.0,0.0,0.0,0.0,0.0,0.0,0.0,0.0,0.0,0.0,0.0,0.0,14.0,0.0,0.0,14.0,0.0,0.0,0.0,0.0,0.0,0.0,0.0,0.0,0.0,0.0,12.0,0.0,0.0,12.0,0.0,0.0,2.0,0.0,0.0,2.0,0.0,0.0,0.0,0.0,0.0,0.0,"Mar 17, 2016"
2828,2901010.0,25584.0,Wassit,Al-Hai,Hay Al-Imam Al-Sadiq,حي الأمام الصادق,32.1658614777,46.0435712335,7.0,42.0,0.0,0.0,0.0,0.0,0.0,0.0,0.0,0.0,0.0,0.0,0.0,0.0,7.0,0.0,0.0,0.0,0.0,0.0,0.0,0.0,0.0,0.0,0.0,0.0,0.0,0.0,7.0,0.0,0.0,7.0,0.0,0.0,0.0,0.0,0.0,0.0,0.0,0.0,0.0,0.0,7.0,0.0,0.0,7.0,0.0,0.0,0.0,0.0,0.0,0.0,0.0,0.0,0.0,0.0,0.0,0.0,"Mar 17, 2016"
2829,2901011.0,18722.0,Wassit,Al-Hai,Hay Al-Saray,حي السراي,32.1736219586,46.0453062739,37.0,222.0,0.0,0.0,0.0,0.0,0.0,0.0,0.0,0.0,0.0,0.0,0.0,0.0,37.0,0.0,0.0,0.0,0.0,0.0,0.0,0.0,0.0,0.0,0.0,0.0,0.0,0.0,37.0,0.0,0.0,37.0,0.0,0.0,0.0,0.0,0.0,0.0,0.0,0.0,0.0,0.0,37.0,0.0,0.0,37.0,0.0,0.0,0.0,0.0,0.0,0.0,0.0,0.0,0.0,0.0,0.0,0.0,"Mar 17, 2016"
2830,2901012.0,25585.0,Wassit,Al-Hai,Al-hai-Basher Village,قرية بشير,32.2017467736,45.9953221387,6.0,36.0,1.0,0.0,0.0,0.0,0.0,0.0,0.0,0.0,0.0,0.0,0.0,0.0,2.0,0.0,3.0,0.0,0.0,0.0,0.0,4.0,0.0,0.0,0.0,0.0,0.0,0.0,2.0,0.0,0.0,2.0,0.0,0.0,0.0,0.0,0.0,0.0,0.0,0.0,0.0,0.0,2.0,0.0,3.0,2.0,0.0,3.0,1.0,0.0,0.0,1.0,0.0,0.0,0.0,0.0,0.0,0.0,"Mar 17, 2016"
2831,2901013.0,25581.0,Wassit,Al-Hai,Hay Saed Al-Thania,حي سعيد الثانية,32.1666615037,46.0558181215,20.0,120.0,0.0,0.0,0.0,0.0,0.0,0.0,0.0,0.0,0.0,0.0,0.0,0.0,20.0,0.0,0.0,0.0,0.0,0.0,0.0,0.0,0.0,0.0,0.0,0.0,0.0,0.0,20.0,0.0,0.0,20.0,0.0,0.0,0.0,0.0,0.0,0.0,0.0,0.0,0.0,0.0,20.0,0.0,0.0,20.0,0.0,0.0,0.0,0.0,0.0,0.0,0.0,0.0,0.0,0.0,0.0,0.0,"Mar 17, 2016"
2832,2901014.0,25582.0,Wassit,Al-Hai,Insar & Ziwya Village,قرية أنصار وزوية,32.149734,46.0177871243,4.0,24.0,0.0,0.0,0.0,0.0,0.0,0.0,0.0,0.0,0.0,0.0,0.0,0.0,4.0,0.0,0.0,0.0,0.0,0.0,0.0,4.0,0.0,0.0,0.0,0.0,0.0,0.0,0.0,0.0,0.0,0.0,0.0,0.0,0.0,0.0,0.0,0.0,0.0,0.0,0.0,0.0,4.0,0.0,0.0,4.0,0.0,0.0,0.0,0.0,0.0,0.0,0.0,0.0,0.0,0.0,0.0,0.0,"Mar 17, 2016"
2833,2901015.0,18733.0,Wassit,Al-Hai,Al-hay al-asri,الحي العصري,32.1778075568,46.0441819224,18.0,108.0,3.0,0.0,0.0,0.0,0.0,0.0,0.0,0.0,0.0,0.0,0.0,0.0,15.0,0.0,0.0,0.0,0.0,0.0,0.0,15.0,0.0,0.0,0.0,0.0,0.0,0.0,3.0,0.0,0.0,3.0,0.0,0.0,0.0,0.0,0.0,0.0,0.0,0.0,0.0,0.0,15.0,0.0,0.0,15.0,0.0,0.0,3.0,0.0,0.0,3.0,0.0,0.0,0.0,0.0,0.0,0.0,"Mar 17, 2016"
2834,2901016.0,25576.0,Wassit,Al-Hai,Al-Hay Al-Asri Al-Thalitha,الحي العصري الثالثة,32.180892262,46.0408434203,5.0,30.0,1.0,0.0,0.0,0.0,0.0,0.0,0.0,0.0,0.0,0.0,0.0,0.0,4.0,0.0,0.0,0.0,0.0,0.0,0.0,5.0,0.0,0.0,0.0,0.0,0.0,0.0,0.0,0.0,0.0,0.0,0.0,0.0,0.0,0.0,0.0,0.0,0.0,0.0,0.0,0.0,4.0,0.0,0.0,4.0,0.0,0.0,1.0,0.0,0.0,1.0,0.0,0.0,0.0,0.0,0.0,0.0,"Mar 17, 2016"
2835,2901017.0,25577.0,Wassit,Al-Hai,Al-Hurria Al-Thania,حي الحرية الثانية,32.18181347,46.03414995,7.0,42.0,0.0,0.0,0.0,0.0,0.0,0.0,0.0,0.0,0.0,0.0,0.0,0.0,7.0,0.0,0.0,0.0,0.0,0.0,0.0,7.0,0.0,0.0,0.0,0.0,0.0,0.0,0.0,0.0,0.0,0.0,0.0,0.0,0.0,0.0,0.0,0.0,0.0,0.0,0.0,0.0,7.0,0.0,0.0,7.0,0.0,0.0,0.0,0.0,0.0,0.0,0.0,0.0,0.0,0.0,0.0,0.0,"Mar 17, 2016"
2836,2901018.0,25583.0,Wassit,Al-Hai,Al-Zaiton Neighborhood,حي الزيتون,32.1736000122,46.0453097383,4.0,24.0,0.0,0.0,0.0,0.0,0.0,0.0,0.0,0.0,0.0,0.0,0.0,0.0,4.0,0.0,0.0,0.0,0.0,0.0,0.0,4.0,0.0,0.0,0.0,0.0,0.0,0.0,0.0,0.0,0.0,0.0,0.0,0.0,0.0,0.0,0.0,0.0,0.0,0.0,0.0,0.0,4.0,0.0,0.0,4.0,0.0,0.0,0.0,0.0,0.0,0.0,0.0,0.0,0.0,0.0,0.0,0.0,"Mar 17, 2016"
2837,2901019.0,24876.0,Wassit,Al-Hai,Hay Al Ghadeer,حي الغدير,32.2731485129,45.9272292661,6.0,36.0,0.0,0.0,0.0,0.0,0.0,2.0,0.0,0.0,0.0,0.0,0.0,0.0,4.0,0.0,0.0,0.0,0.0,0.0,0.0,0.0,0.0,0.0,0.0,0.0,0.0,0.0,6.0,0.0,0.0,6.0,0.0,0.0,0.0,0.0,0.0,0.0,0.0,0.0,0.0,0.0,4.0,0.0,2.0,4.0,0.0,2.0,0.0,0.0,0.0,0.0,0.0,0.0,0.0,0.0,0.0,0.0,"Mar 17, 2016"
2838,2901020.0,18718.0,Wassit,Al-Hai,Bashaeer-Al-Imam Al-Sadiq Village,ناحية البشائر-قرية الأمام الصادق,32.1457948177,46.0435444401,15.0,90.0,0.0,0.0,0.0,0.0,0.0,0.0,0.0,0.0,0.0,0.0,0.0,0.0,15.0,0.0,0.0,0.0,0.0,0.0,0.0,15.0,0.0,0.0,0.0,0.0,0.0,0.0,0.0,0.0,0.0,0.0,0.0,0.0,0.0,0.0,0.0,0.0,0.0,0.0,0.0,0.0,15.0,0.0,0.0,15.0,0.0,0.0,0.0,0.0,0.0,0.0,0.0,0.0,0.0,0.0,0.0,0.0,"Mar 17, 2016"
2839,2901021.0,18732.0,Wassit,Al-Hai,Hay al-muaalimen al-thaniyah,حي المعلمين الثانية,32.1802037857,46.0342994689,18.0,108.0,2.0,0.0,0.0,0.0,0.0,0.0,0.0,0.0,0.0,0.0,0.0,0.0,16.0,0.0,0.0,0.0,0.0,0.0,0.0,0.0,0.0,0.0,0.0,0.0,0.0,18.0,0.0,18.0,0.0,0.0,0.0,0.0,0.0,0.0,0.0,0.0,0.0,0.0,0.0,0.0,16.0,0.0,0.0,16.0,0.0,0.0,2.0,0.0,0.0,2.0,0.0,0.0,0.0,0.0,0.0,0.0,"Mar 17, 2016"
2840,2901022.0,18686.0,Wassit,Al-Hai,Hay Al-Rasol,حي الرسول,32.2648546333,45.9271141983,28.0,168.0,0.0,0.0,0.0,0.0,0.0,0.0,0.0,0.0,0.0,0.0,0.0,0.0,28.0,0.0,0.0,0.0,0.0,0.0,0.0,28.0,0.0,0.0,0.0,0.0,0.0,0.0,0.0,0.0,0.0,0.0,0.0,0.0,0.0,0.0,0.0,0.0,0.0,0.0,0.0,0.0,28.0,0.0,0.0,28.0,0.0,0.0,0.0,0.0,0.0,0.0,0.0,0.0,0.0,0.0,0.0,0.0,"Mar 17, 2016"
2841,2901023.0,18717.0,Wassit,Al-Hai,Hay Al-Shuhadaa,حي الشهداء,32.165278,46.062778,3.0,18.0,0.0,0.0,0.0,0.0,0.0,0.0,0.0,0.0,0.0,0.0,0.0,0.0,3.0,0.0,0.0,0.0,0.0,0.0,0.0,3.0,0.0,0.0,0.0,0.0,0.0,0.0,0.0,0.0,0.0,0.0,0.0,0.0,0.0,0.0,0.0,0.0,0.0,0.0,0.0,0.0,3.0,0.0,0.0,3.0,0.0,0.0,0.0,0.0,0.0,0.0,0.0,0.0,0.0,0.0,0.0,0.0,"Mar 17, 2016"
2842,2901024.0,24105.0,Wassit,Al-Hai,Hay Al-Wehda(Mahala al-arab),حي الوحدة-محلة العرب,32.1686528248,46.0420213616,15.0,90.0,0.0,0.0,0.0,0.0,0.0,0.0,0.0,0.0,0.0,0.0,0.0,0.0,15.0,0.0,0.0,0.0,0.0,0.0,0.0,15.0,0.0,0.0,0.0,0.0,0.0,0.0,0.0,0.0,0.0,0.0,0.0,0.0,0.0,0.0,0.0,0.0,0.0,0.0,0.0,0.0,15.0,0.0,0.0,15.0,0.0,0.0,0.0,0.0,0.0,0.0,0.0,0.0,0.0,0.0,0.0,0.0,"Mar 17, 2016"
2843,2901025.0,18725.0,Wassit,Al-Hai,Hay Al-Zahraa,حي الزهراء,32.171944,46.053056,3.0,18.0,0.0,0.0,0.0,0.0,0.0,1.0,0.0,0.0,0.0,0.0,0.0,0.0,2.0,0.0,0.0,0.0,0.0,0.0,0.0,0.0,0.0,0.0,0.0,0.0,0.0,0.0,3.0,0.0,0.0,3.0,0.0,0.0,0.0,0.0,0.0,0.0,0.0,0.0,0.0,0.0,2.0,0.0,1.0,2.0,0.0,1.0,0.0,0.0,0.0,0.0,0.0,0.0,0.0,0.0,0.0,0.0,"Mar 17, 2016"
2844,2901026.0,24879.0,Wassit,Al-Hai,Hay Emam Ali,حي الامام علي,32.26831648,45.92534493,4.0,24.0,0.0,0.0,0.0,0.0,0.0,0.0,0.0,0.0,0.0,0.0,0.0,0.0,4.0,0.0,0.0,0.0,0.0,0.0,0.0,0.0,0.0,0.0,0.0,0.0,0.0,0.0,4.0,0.0,0.0,4.0,0.0,0.0,0.0,0.0,0.0,0.0,0.0,0.0,0.0,0.0,4.0,0.0,0.0,4.0,0.0,0.0,0.0,0.0,0.0,0.0,0.0,0.0,0.0,0.0,0.0,0.0,"Mar 17, 2016"
2845,2901027.0,24878.0,Wassit,Al-Hai,Hay Ghilan,حي غيلان,32.269994,45.921627,2.0,12.0,0.0,0.0,0.0,0.0,0.0,0.0,0.0,0.0,0.0,0.0,0.0,0.0,0.0,0.0,2.0,0.0,0.0,0.0,0.0,2.0,0.0,0.0,0.0,0.0,0.0,0.0,0.0,0.0,0.0,0.0,0.0,0.0,0.0,0.0,0.0,0.0,0.0,0.0,0.0,0.0,0.0,0.0,2.0,0.0,0.0,2.0,0.0,0.0,0.0,0.0,0.0,0.0,0.0,0.0,0.0,0.0,"Mar 17, 2016"
2846,2902002.0,25799.0,Wassit,Al-Na'maniya,Al-Magharba,المغاربه,32.49503731,45.62941412,3.0,18.0,3.0,0.0,0.0,0.0,0.0,0.0,0.0,0.0,0.0,0.0,0.0,0.0,0.0,0.0,0.0,0.0,0.0,0.0,0.0,3.0,0.0,0.0,0.0,0.0,0.0,0.0,0.0,0.0,0.0,0.0,0.0,0.0,0.0,0.0,0.0,0.0,0.0,0.0,0.0,0.0,0.0,0.0,0.0,0.0,0.0,0.0,3.0,0.0,0.0,3.0,0.0,0.0,0.0,0.0,0.0,0.0,"Mar 17, 2016"
2847,2902003.0,25101.0,Wassit,Al-Na'maniya,Al-Jameiah-1,الجمعية الاولى,32.5421943467,45.4151827766,4.0,24.0,0.0,0.0,0.0,0.0,0.0,0.0,0.0,0.0,0.0,0.0,0.0,0.0,4.0,0.0,0.0,0.0,0.0,0.0,0.0,4.0,0.0,0.0,0.0,0.0,0.0,0.0,0.0,0.0,0.0,0.0,0.0,0.0,0.0,0.0,0.0,0.0,0.0,0.0,0.0,0.0,4.0,0.0,0.0,4.0,0.0,0.0,0.0,0.0,0.0,0.0,0.0,0.0,0.0,0.0,0.0,0.0,"Mar 17, 2016"
2848,2902004.0,25096.0,Wassit,Al-Na'maniya,Al-Hakeem villge,قرية الحكيم,32.543523517,45.3853146776,111.0,666.0,0.0,0.0,0.0,0.0,0.0,0.0,0.0,0.0,0.0,0.0,0.0,0.0,111.0,0.0,0.0,0.0,0.0,0.0,0.0,31.0,0.0,0.0,0.0,0.0,0.0,80.0,0.0,80.0,0.0,0.0,0.0,0.0,0.0,0.0,0.0,0.0,0.0,0.0,0.0,0.0,111.0,0.0,0.0,111.0,0.0,0.0,0.0,0.0,0.0,0.0,0.0,0.0,0.0,0.0,0.0,0.0,"Mar 17, 2016"
2849,2902005.0,19539.0,Wassit,Al-Na'maniya,Al-Baqaratain Village,قرية البقرتين,32.5312243955,45.3458673255,28.0,168.0,0.0,0.0,0.0,0.0,0.0,0.0,0.0,0.0,0.0,0.0,0.0,0.0,28.0,0.0,0.0,0.0,0.0,0.0,0.0,0.0,0.0,0.0,0.0,0.0,0.0,28.0,0.0,28.0,0.0,0.0,0.0,0.0,0.0,0.0,0.0,0.0,0.0,0.0,0.0,0.0,28.0,0.0,0.0,28.0,0.0,0.0,0.0,0.0,0.0,0.0,0.0,0.0,0.0,0.0,0.0,0.0,"Mar 17, 2016"
2850,2902006.0,25798.0,Wassit,Al-Na'maniya,Hay Al-Hussein,حي الحسين,32.452045,45.377808,3.0,18.0,3.0,0.0,0.0,0.0,0.0,0.0,0.0,0.0,0.0,0.0,0.0,0.0,0.0,0.0,0.0,0.0,0.0,0.0,0.0,3.0,0.0,0.0,0.0,0.0,0.0,0.0,0.0,0.0,0.0,0.0,0.0,0.0,0.0,0.0,0.0,0.0,0.0,0.0,0.0,0.0,0.0,0.0,0.0,0.0,0.0,0.0,3.0,0.0,0.0,3.0,0.0,0.0,0.0,0.0,0.0,0.0,"Mar 17, 2016"
2851,2902007.0,25797.0,Wassit,Al-Na'maniya,Hay Al-Khateeb,حي الخطيب,32.438921,45.48706,1.0,6.0,1.0,0.0,0.0,0.0,0.0,0.0,0.0,0.0,0.0,0.0,0.0,0.0,0.0,0.0,0.0,0.0,0.0,0.0,0.0,1.0,0.0,0.0,0.0,0.0,0.0,0.0,0.0,0.0,0.0,0.0,0.0,0.0,0.0,0.0,0.0,0.0,0.0,0.0,0.0,0.0,0.0,0.0,0.0,0.0,0.0,0.0,1.0,0.0,0.0,1.0,0.0,0.0,0.0,0.0,0.0,0.0,"Mar 17, 2016"
2852,2902008.0,25095.0,Wassit,Al-Na'maniya,Hay Al-Sadrain,حي الصدرين,32.5414876618,45.3732444251,4.0,24.0,0.0,0.0,0.0,0.0,0.0,0.0,0.0,0.0,0.0,0.0,0.0,0.0,4.0,0.0,0.0,0.0,0.0,0.0,0.0,4.0,0.0,0.0,0.0,0.0,0.0,0.0,0.0,0.0,0.0,0.0,0.0,0.0,0.0,0.0,0.0,0.0,0.0,0.0,0.0,0.0,4.0,0.0,0.0,4.0,0.0,0.0,0.0,0.0,0.0,0.0,0.0,0.0,0.0,0.0,0.0,0.0,"Mar 17, 2016"
2853,2902009.0,25796.0,Wassit,Al-Na'maniya,Imam Rudha,حي الأمام الرضا,32.5428670913,45.4167027411,23.0,138.0,11.0,0.0,0.0,0.0,0.0,1.0,0.0,0.0,5.0,0.0,0.0,0.0,6.0,0.0,0.0,0.0,0.0,0.0,0.0,0.0,0.0,0.0,0.0,0.0,0.0,0.0,23.0,0.0,0.0,23.0,0.0,0.0,0.0,0.0,0.0,0.0,0.0,0.0,0.0,0.0,5.0,0.0,8.0,5.0,0.0,8.0,10.0,0.0,0.0,10.0,0.0,0.0,0.0,0.0,0.0,0.0,"Mar 17, 2016"
2854,2902010.0,25310.0,Wassit,Al-Na'maniya,Al-Shomali Road-Ichlach Vilage,طريق الشوملي-قرية جلاج,32.542672,45.359433,2.0,12.0,0.0,0.0,0.0,0.0,0.0,0.0,0.0,0.0,0.0,0.0,0.0,0.0,2.0,0.0,0.0,0.0,0.0,0.0,0.0,0.0,0.0,0.0,0.0,0.0,0.0,2.0,0.0,2.0,0.0,0.0,0.0,0.0,0.0,0.0,0.0,0.0,0.0,0.0,0.0,0.0,2.0,0.0,0.0,2.0,0.0,0.0,0.0,0.0,0.0,0.0,0.0,0.0,0.0,0.0,0.0,0.0,"Mar 17, 2016"
2855,2902011.0,25307.0,Wassit,Al-Na'maniya,Said Obais,سيد عبيس,32.525751,45.287406,1.0,6.0,0.0,0.0,0.0,0.0,0.0,0.0,0.0,0.0,0.0,0.0,0.0,0.0,1.0,0.0,0.0,0.0,0.0,0.0,0.0,0.0,0.0,0.0,0.0,0.0,0.0,1.0,0.0,1.0,0.0,0.0,0.0,0.0,0.0,0.0,0.0,0.0,0.0,0.0,0.0,0.0,1.0,0.0,0.0,1.0,0.0,0.0,0.0,0.0,0.0,0.0,0.0,0.0,0.0,0.0,0.0,0.0,"Mar 17, 2016"
2856,2902012.0,25308.0,Wassit,Al-Na'maniya,Shadhi Al-Gherbi,شاذي الغربي,32.5962456,45.53715122,8.0,48.0,0.0,0.0,0.0,0.0,0.0,0.0,0.0,0.0,0.0,0.0,0.0,0.0,8.0,0.0,0.0,0.0,0.0,0.0,0.0,0.0,0.0,0.0,0.0,0.0,0.0,8.0,0.0,8.0,0.0,0.0,0.0,0.0,0.0,0.0,0.0,0.0,0.0,0.0,0.0,0.0,8.0,0.0,0.0,8.0,0.0,0.0,0.0,0.0,0.0,0.0,0.0,0.0,0.0,0.0,0.0,0.0,"Mar 17, 2016"
2857,2902013.0,25309.0,Wassit,Al-Na'maniya,Shadhi Al-Sharki,شاذي الشرقي,32.5961818691,45.5284463823,10.0,60.0,0.0,0.0,0.0,0.0,0.0,0.0,0.0,0.0,0.0,0.0,0.0,0.0,10.0,0.0,0.0,0.0,0.0,0.0,0.0,0.0,0.0,0.0,0.0,0.0,0.0,0.0,10.0,0.0,0.0,10.0,0.0,0.0,0.0,0.0,0.0,0.0,0.0,0.0,0.0,0.0,10.0,0.0,0.0,10.0,0.0,0.0,0.0,0.0,0.0,0.0,0.0,0.0,0.0,0.0,0.0,0.0,"Mar 17, 2016"
2858,2902014.0,26024.0,Wassit,Al-Na'maniya,Hay Al-Shraqia,حي الشرقية,32.5695141885,45.3952872006,7.0,42.0,0.0,0.0,0.0,0.0,0.0,0.0,0.0,0.0,0.0,0.0,0.0,0.0,7.0,0.0,0.0,0.0,0.0,0.0,0.0,0.0,0.0,0.0,0.0,0.0,0.0,0.0,7.0,0.0,0.0,7.0,0.0,0.0,0.0,0.0,0.0,0.0,0.0,0.0,0.0,0.0,0.0,0.0,7.0,0.0,0.0,7.0,0.0,0.0,0.0,0.0,0.0,0.0,0.0,0.0,0.0,0.0,"Mar 17, 2016"
2859,2902017.0,25100.0,Wassit,Al-Na'maniya,Hai Al-Karada,حي الكرادة,32.537594,45.447003,2.0,12.0,0.0,0.0,0.0,0.0,0.0,0.0,0.0,0.0,0.0,0.0,0.0,0.0,2.0,0.0,0.0,0.0,0.0,0.0,0.0,2.0,0.0,0.0,0.0,0.0,0.0,0.0,0.0,0.0,0.0,0.0,0.0,0.0,0.0,0.0,0.0,0.0,0.0,0.0,0.0,0.0,2.0,0.0,0.0,2.0,0.0,0.0,0.0,0.0,0.0,0.0,0.0,0.0,0.0,0.0,0.0,0.0,"Mar 17, 2016"
2860,2902018.0,21342.0,Wassit,Al-Na'maniya,Hay Al-Rabee,حي الربيع,32.545102,45.419955,2.0,12.0,0.0,0.0,0.0,0.0,0.0,0.0,0.0,0.0,0.0,0.0,0.0,0.0,2.0,0.0,0.0,0.0,0.0,0.0,0.0,2.0,0.0,0.0,0.0,0.0,0.0,0.0,0.0,0.0,0.0,0.0,0.0,0.0,0.0,0.0,0.0,0.0,0.0,0.0,0.0,0.0,2.0,0.0,0.0,2.0,0.0,0.0,0.0,0.0,0.0,0.0,0.0,0.0,0.0,0.0,0.0,0.0,"Mar 17, 2016"
2861,2902019.0,26025.0,Wassit,Al-Na'maniya,Misarhad village,قرية مسرهد,32.5083335857,45.2601333363,15.0,90.0,0.0,0.0,0.0,0.0,0.0,0.0,0.0,0.0,0.0,0.0,0.0,0.0,15.0,0.0,0.0,0.0,0.0,0.0,0.0,15.0,0.0,0.0,0.0,0.0,0.0,0.0,0.0,0.0,0.0,0.0,0.0,0.0,0.0,0.0,0.0,0.0,0.0,0.0,0.0,0.0,15.0,0.0,0.0,15.0,0.0,0.0,0.0,0.0,0.0,0.0,0.0,0.0,0.0,0.0,0.0,0.0,"Mar 17, 2016"
2862,2902020.0,25098.0,Wassit,Al-Na'maniya,Said Habeeb Village,قرية سيد حبيب,32.5195636801,45.2988343503,212.0,1272.0,0.0,0.0,0.0,0.0,0.0,0.0,0.0,0.0,0.0,0.0,0.0,0.0,212.0,0.0,0.0,0.0,0.0,0.0,0.0,70.0,0.0,0.0,0.0,0.0,0.0,142.0,0.0,142.0,0.0,0.0,0.0,0.0,0.0,0.0,0.0,0.0,0.0,0.0,0.0,0.0,212.0,0.0,0.0,212.0,0.0,0.0,0.0,0.0,0.0,0.0,0.0,0.0,0.0,0.0,0.0,0.0,"Mar 17, 2016"
2863,2902021.0,25097.0,Wassit,Al-Na'maniya,Said malik village,قرية سيد مالك,32.5136268038,45.2807206086,132.0,792.0,0.0,0.0,0.0,0.0,0.0,0.0,0.0,0.0,0.0,0.0,0.0,0.0,132.0,0.0,0.0,0.0,0.0,0.0,0.0,42.0,0.0,0.0,0.0,0.0,0.0,90.0,0.0,90.0,0.0,0.0,0.0,0.0,0.0,0.0,0.0,0.0,0.0,0.0,0.0,0.0,132.0,0.0,0.0,132.0,0.0,0.0,0.0,0.0,0.0,0.0,0.0,0.0,0.0,0.0,0.0,0.0,"Mar 17, 2016"
2864,2903002.0,21392.0,Wassit,Al-Suwaira,Al Shihaimiya city center,مركز الشحيمية,32.689894,44.975801,11.0,66.0,0.0,0.0,0.0,0.0,0.0,0.0,0.0,0.0,0.0,0.0,0.0,0.0,11.0,0.0,0.0,0.0,0.0,0.0,0.0,0.0,0.0,0.0,0.0,0.0,0.0,3.0,8.0,3.0,0.0,8.0,0.0,0.0,0.0,0.0,0.0,0.0,0.0,0.0,0.0,0.0,11.0,0.0,0.0,11.0,0.0,0.0,0.0,0.0,0.0,0.0,0.0,0.0,0.0,0.0,0.0,0.0,"Mar 17, 2016"
2865,2903003.0,23970.0,Wassit,Al-Suwaira,Al Sodor Village,قرية الصدور,32.758498,45.111772,2.0,12.0,2.0,0.0,0.0,0.0,0.0,0.0,0.0,0.0,0.0,0.0,0.0,0.0,0.0,0.0,0.0,0.0,0.0,0.0,0.0,2.0,0.0,0.0,0.0,0.0,0.0,0.0,0.0,0.0,0.0,0.0,0.0,0.0,0.0,0.0,0.0,0.0,0.0,0.0,2.0,0.0,0.0,2.0,0.0,0.0,0.0,0.0,0.0,0.0,0.0,0.0,0.0,0.0,0.0,0.0,0.0,0.0,"Mar 17, 2016"
2866,2903004.0,19328.0,Wassit,Al-Suwaira,Al-Firdos Village,قرية الفردوس,32.77396792,45.15985707,9.0,54.0,0.0,0.0,0.0,0.0,0.0,4.0,0.0,0.0,0.0,0.0,0.0,0.0,5.0,0.0,0.0,0.0,0.0,0.0,0.0,9.0,0.0,0.0,0.0,0.0,0.0,0.0,0.0,0.0,0.0,0.0,0.0,0.0,0.0,0.0,0.0,0.0,0.0,0.0,0.0,0.0,5.0,0.0,4.0,5.0,0.0,4.0,0.0,0.0,0.0,0.0,0.0,0.0,0.0,0.0,0.0,0.0,"Mar 17, 2016"
2867,2903005.0,25387.0,Wassit,Al-Suwaira,Hay Al-Jihad,حي الجهاد,32.9319066617,44.7739866154,35.0,210.0,25.0,0.0,0.0,0.0,0.0,0.0,0.0,0.0,0.0,0.0,0.0,0.0,0.0,0.0,10.0,0.0,0.0,0.0,0.0,10.0,0.0,0.0,0.0,0.0,0.0,0.0,25.0,0.0,0.0,25.0,0.0,0.0,0.0,0.0,0.0,0.0,0.0,0.0,0.0,0.0,0.0,0.0,10.0,0.0,0.0,10.0,25.0,0.0,0.0,25.0,0.0,0.0,0.0,0.0,0.0,0.0,"Mar 17, 2016"
2868,2903006.0,18774.0,Wassit,Al-Suwaira,Al-Jisir village,قرية الجسر,32.977708943,44.7765162552,55.0,330.0,15.0,0.0,0.0,0.0,0.0,0.0,0.0,0.0,0.0,0.0,0.0,0.0,40.0,0.0,0.0,0.0,0.0,0.0,0.0,0.0,0.0,0.0,0.0,0.0,0.0,4.0,51.0,4.0,0.0,51.0,0.0,0.0,0.0,0.0,0.0,0.0,0.0,0.0,0.0,0.0,40.0,0.0,0.0,40.0,0.0,0.0,15.0,0.0,0.0,15.0,0.0,0.0,0.0,0.0,0.0,0.0,"Mar 17, 2016"
2869,2903007.0,25386.0,Wassit,Al-Suwaira,Hay Al-Maghrib,حي المغرب,32.9263602921,44.768489147,36.0,216.0,25.0,0.0,4.0,0.0,0.0,0.0,0.0,0.0,0.0,0.0,0.0,0.0,2.0,0.0,5.0,0.0,0.0,0.0,0.0,16.0,0.0,0.0,0.0,0.0,0.0,0.0,20.0,0.0,0.0,20.0,0.0,0.0,0.0,0.0,0.0,0.0,0.0,0.0,9.0,0.0,2.0,9.0,5.0,2.0,0.0,5.0,20.0,0.0,0.0,20.0,0.0,0.0,0.0,0.0,0.0,0.0,"Mar 17, 2016"
2870,2903008.0,24217.0,Wassit,Al-Suwaira,Al-Suwaira City Center,مركز الصويره,32.9277720575,44.789159727,175.0,1050.0,175.0,0.0,0.0,0.0,0.0,0.0,0.0,0.0,0.0,0.0,0.0,0.0,0.0,0.0,0.0,0.0,0.0,0.0,0.0,0.0,0.0,0.0,0.0,0.0,0.0,0.0,175.0,0.0,0.0,175.0,0.0,0.0,0.0,0.0,0.0,0.0,0.0,0.0,0.0,0.0,0.0,0.0,0.0,0.0,0.0,0.0,175.0,0.0,0.0,175.0,0.0,0.0,0.0,0.0,0.0,0.0,"Mar 17, 2016"
2871,2903009.0,19397.0,Wassit,Al-Suwaira,Hay Al-askary,حي العسكري,32.9329350849,44.7715631157,47.0,282.0,0.0,0.0,0.0,0.0,0.0,0.0,0.0,0.0,0.0,0.0,0.0,0.0,47.0,0.0,0.0,0.0,0.0,0.0,0.0,20.0,0.0,0.0,0.0,0.0,0.0,0.0,27.0,0.0,0.0,27.0,0.0,0.0,0.0,0.0,0.0,0.0,0.0,0.0,0.0,0.0,47.0,0.0,0.0,47.0,0.0,0.0,0.0,0.0,0.0,0.0,0.0,0.0,0.0,0.0,0.0,0.0,"Mar 17, 2016"
2872,2903010.0,25391.0,Wassit,Al-Suwaira,Hay Al-Salam,حي السلام,32.7633556453,45.1755457185,3.0,18.0,0.0,0.0,0.0,0.0,0.0,0.0,0.0,0.0,0.0,0.0,0.0,0.0,3.0,0.0,0.0,0.0,0.0,0.0,0.0,3.0,0.0,0.0,0.0,0.0,0.0,0.0,0.0,0.0,0.0,0.0,0.0,0.0,0.0,0.0,0.0,0.0,0.0,0.0,0.0,0.0,3.0,0.0,0.0,3.0,0.0,0.0,0.0,0.0,0.0,0.0,0.0,0.0,0.0,0.0,0.0,0.0,"Mar 17, 2016"
2873,2903011.0,25390.0,Wassit,Al-Suwaira,Al-Sudor Village,قرية الصدور,32.754119,45.167689,6.0,36.0,0.0,0.0,0.0,0.0,0.0,0.0,0.0,0.0,0.0,0.0,0.0,0.0,6.0,0.0,0.0,0.0,0.0,0.0,0.0,6.0,0.0,0.0,0.0,0.0,0.0,0.0,0.0,0.0,0.0,0.0,0.0,0.0,0.0,0.0,0.0,0.0,0.0,0.0,0.0,0.0,6.0,0.0,0.0,6.0,0.0,0.0,0.0,0.0,0.0,0.0,0.0,0.0,0.0,0.0,0.0,0.0,"Mar 17, 2016"
2874,2903012.0,25385.0,Wassit,Al-Suwaira,Hai Al-Askari-5 Dunam,حي العسكري-5 دونم,32.9194335049,44.7694341459,45.0,270.0,25.0,0.0,0.0,0.0,0.0,0.0,0.0,0.0,0.0,0.0,0.0,0.0,6.0,0.0,14.0,0.0,0.0,0.0,0.0,24.0,0.0,0.0,0.0,0.0,0.0,0.0,21.0,0.0,0.0,21.0,0.0,0.0,0.0,0.0,0.0,0.0,0.0,0.0,0.0,0.0,6.0,0.0,14.0,6.0,0.0,14.0,25.0,0.0,0.0,25.0,0.0,0.0,0.0,0.0,0.0,0.0,"Mar 17, 2016"
2875,2903013.0,25311.0,Wassit,Al-Suwaira,Hai Al-Tasamuh,حي التسامح,32.935552,44.778811,5.0,30.0,3.0,0.0,0.0,0.0,0.0,0.0,0.0,0.0,0.0,0.0,0.0,0.0,2.0,0.0,0.0,0.0,0.0,0.0,0.0,5.0,0.0,0.0,0.0,0.0,0.0,0.0,0.0,0.0,0.0,0.0,0.0,0.0,0.0,0.0,0.0,0.0,0.0,0.0,3.0,0.0,2.0,3.0,0.0,2.0,0.0,0.0,0.0,0.0,0.0,0.0,0.0,0.0,0.0,0.0,0.0,0.0,"Mar 17, 2016"
2876,2903014.0,19402.0,Wassit,Al-Suwaira,Hay Al-Furat,حي الفرات,32.9213263851,44.775121695,35.0,210.0,20.0,0.0,0.0,0.0,0.0,0.0,0.0,0.0,0.0,0.0,0.0,0.0,15.0,0.0,0.0,0.0,0.0,0.0,0.0,15.0,0.0,0.0,0.0,0.0,0.0,0.0,20.0,0.0,0.0,20.0,0.0,0.0,0.0,0.0,0.0,0.0,0.0,0.0,0.0,0.0,15.0,0.0,0.0,15.0,0.0,0.0,20.0,0.0,0.0,20.0,0.0,0.0,0.0,0.0,0.0,0.0,"Mar 17, 2016"
2877,2903015.0,19413.0,Wassit,Al-Suwaira,Hay Al-Shuhadaa,حي الشهداء,32.93684629,44.77323665,5.0,30.0,0.0,0.0,0.0,0.0,0.0,0.0,0.0,0.0,0.0,0.0,0.0,0.0,5.0,0.0,0.0,0.0,0.0,0.0,0.0,5.0,0.0,0.0,0.0,0.0,0.0,0.0,0.0,0.0,0.0,0.0,0.0,0.0,0.0,0.0,0.0,0.0,0.0,0.0,0.0,0.0,5.0,0.0,0.0,5.0,0.0,0.0,0.0,0.0,0.0,0.0,0.0,0.0,0.0,0.0,0.0,0.0,"Mar 17, 2016"
2878,2903016.0,25312.0,Wassit,Al-Suwaira,Jwemisa Al-Sharkia Village,قرية جويميسه الشرقية,32.93527824,44.76431405,15.0,90.0,8.0,0.0,0.0,0.0,0.0,0.0,0.0,0.0,0.0,0.0,0.0,0.0,0.0,0.0,7.0,0.0,0.0,0.0,0.0,15.0,0.0,0.0,0.0,0.0,0.0,0.0,0.0,0.0,0.0,0.0,0.0,0.0,0.0,0.0,0.0,0.0,0.0,0.0,15.0,0.0,0.0,15.0,0.0,0.0,0.0,0.0,0.0,0.0,0.0,0.0,0.0,0.0,0.0,0.0,0.0,0.0,"Mar 17, 2016"
2879,2903017.0,25761.0,Wassit,Al-Suwaira,Al-Suwaira City Center,مركز الصويرة,32.9279449,44.78164611,53.0,318.0,53.0,0.0,0.0,0.0,0.0,0.0,0.0,0.0,0.0,0.0,0.0,0.0,0.0,0.0,0.0,0.0,0.0,0.0,0.0,33.0,0.0,0.0,0.0,0.0,0.0,0.0,20.0,0.0,0.0,20.0,0.0,0.0,0.0,0.0,0.0,0.0,0.0,0.0,0.0,0.0,0.0,0.0,0.0,0.0,0.0,0.0,53.0,0.0,0.0,53.0,0.0,0.0,0.0,0.0,0.0,0.0,"Mar 17, 2016"
2880,2903018.0,25392.0,Wassit,Al-Suwaira,Osama Bin Zaid Village,قرية اسامة بن زيد,32.75432836,45.19360117,10.0,60.0,0.0,0.0,0.0,0.0,0.0,0.0,0.0,0.0,0.0,0.0,0.0,0.0,10.0,0.0,0.0,0.0,0.0,0.0,0.0,10.0,0.0,0.0,0.0,0.0,0.0,0.0,0.0,0.0,0.0,0.0,0.0,0.0,0.0,0.0,0.0,0.0,0.0,0.0,0.0,0.0,10.0,0.0,0.0,10.0,0.0,0.0,0.0,0.0,0.0,0.0,0.0,0.0,0.0,0.0,0.0,0.0,"Mar 17, 2016"
2881,2903022.0,24155.0,Wassit,Al-Suwaira,Hay Al-Jameya,حي الجمعية,32.7650973125,45.1676896,38.0,228.0,15.0,0.0,0.0,0.0,0.0,0.0,0.0,0.0,0.0,0.0,0.0,0.0,23.0,0.0,0.0,0.0,0.0,0.0,0.0,0.0,0.0,0.0,0.0,0.0,0.0,0.0,38.0,0.0,0.0,38.0,0.0,0.0,0.0,0.0,0.0,0.0,0.0,0.0,0.0,0.0,23.0,0.0,0.0,23.0,0.0,0.0,15.0,0.0,0.0,15.0,0.0,0.0,0.0,0.0,0.0,0.0,"Mar 17, 2016"
2882,2903023.0,25389.0,Wassit,Al-Suwaira,Hay Al-Jadida,حي الجديده,32.7574424,46.17542158,7.0,42.0,0.0,0.0,0.0,0.0,0.0,0.0,0.0,0.0,2.0,0.0,0.0,0.0,2.0,0.0,3.0,0.0,0.0,0.0,0.0,7.0,0.0,0.0,0.0,0.0,0.0,0.0,0.0,0.0,0.0,0.0,0.0,0.0,0.0,0.0,0.0,0.0,0.0,0.0,0.0,0.0,0.0,0.0,7.0,0.0,0.0,7.0,0.0,0.0,0.0,0.0,0.0,0.0,0.0,0.0,0.0,0.0,"Mar 17, 2016"
2883,2903024.0,18537.0,Wassit,Al-Suwaira,Al-Rujaibia Village,قرية الرجيبية,32.7555189,45.18694495,6.0,36.0,0.0,0.0,0.0,0.0,0.0,0.0,0.0,0.0,0.0,0.0,0.0,0.0,6.0,0.0,0.0,0.0,0.0,0.0,0.0,0.0,0.0,0.0,0.0,0.0,0.0,3.0,3.0,3.0,0.0,3.0,0.0,0.0,0.0,0.0,0.0,0.0,0.0,0.0,0.0,0.0,6.0,0.0,0.0,6.0,0.0,0.0,0.0,0.0,0.0,0.0,0.0,0.0,0.0,0.0,0.0,0.0,"Mar 17, 2016"
2884,2903025.0,25110.0,Wassit,Al-Suwaira,Hay Al-Zahraa,حي الزهراء,32.7632504404,45.1694968811,22.0,132.0,0.0,0.0,0.0,0.0,0.0,0.0,0.0,0.0,0.0,0.0,0.0,0.0,22.0,0.0,0.0,0.0,0.0,0.0,0.0,22.0,0.0,0.0,0.0,0.0,0.0,0.0,0.0,0.0,0.0,0.0,0.0,0.0,0.0,0.0,0.0,0.0,0.0,0.0,0.0,0.0,22.0,0.0,0.0,22.0,0.0,0.0,0.0,0.0,0.0,0.0,0.0,0.0,0.0,0.0,0.0,0.0,"Mar 17, 2016"
2885,2903026.0,25112.0,Wassit,Al-Suwaira,Hay Al-Amer,حي الامير,32.7674584901,45.1672362,35.0,210.0,18.0,0.0,0.0,0.0,0.0,0.0,0.0,0.0,0.0,0.0,0.0,0.0,17.0,0.0,0.0,0.0,0.0,0.0,0.0,5.0,0.0,0.0,0.0,0.0,0.0,0.0,30.0,0.0,0.0,30.0,0.0,0.0,0.0,0.0,0.0,0.0,0.0,0.0,0.0,0.0,17.0,0.0,0.0,17.0,0.0,0.0,18.0,0.0,0.0,18.0,0.0,0.0,0.0,0.0,0.0,0.0,"Mar 17, 2016"
2886,2903027.0,25111.0,Wassit,Al-Suwaira,Qatae Dejla,قطاع دجلة,32.7660703955,45.1717036836,36.0,216.0,13.0,0.0,0.0,0.0,0.0,0.0,0.0,0.0,0.0,0.0,0.0,0.0,23.0,0.0,0.0,0.0,0.0,0.0,0.0,0.0,0.0,0.0,0.0,0.0,0.0,1.0,35.0,1.0,0.0,35.0,0.0,0.0,0.0,0.0,0.0,0.0,0.0,0.0,0.0,0.0,23.0,0.0,0.0,23.0,0.0,0.0,13.0,0.0,0.0,13.0,0.0,0.0,0.0,0.0,0.0,0.0,"Mar 17, 2016"
2887,2903028.0,18436.0,Wassit,Al-Suwaira,Al-Zubaidiya city center,مركز الزبيدية,32.7631419334,45.1728522144,20.0,120.0,13.0,0.0,0.0,0.0,0.0,3.0,0.0,0.0,0.0,0.0,0.0,0.0,4.0,0.0,0.0,0.0,0.0,0.0,0.0,16.0,0.0,0.0,0.0,0.0,0.0,4.0,0.0,4.0,0.0,0.0,0.0,0.0,0.0,0.0,0.0,0.0,0.0,0.0,0.0,0.0,7.0,0.0,0.0,7.0,0.0,0.0,13.0,0.0,0.0,13.0,0.0,0.0,0.0,0.0,0.0,0.0,"Mar 17, 2016"
2888,2904001.0,25088.0,Wassit,Al-Azezia,Abhath Nakhel village,قرية ابحاث النخيل,32.93501187,44.95886025,3.0,18.0,0.0,0.0,0.0,0.0,0.0,2.0,0.0,0.0,0.0,0.0,0.0,0.0,1.0,0.0,0.0,0.0,0.0,0.0,0.0,3.0,0.0,0.0,0.0,0.0,0.0,0.0,0.0,0.0,0.0,0.0,0.0,0.0,0.0,0.0,0.0,0.0,0.0,0.0,2.0,0.0,1.0,2.0,0.0,1.0,0.0,0.0,0.0,0.0,0.0,0.0,0.0,0.0,0.0,0.0,0.0,0.0,"Mar 17, 2016"
2889,2904002.0,18443.0,Wassit,Al-Azezia,City Center,المركز,32.908171206,45.0600879915,67.0,402.0,36.0,0.0,0.0,0.0,0.0,0.0,0.0,0.0,0.0,0.0,0.0,0.0,31.0,0.0,0.0,0.0,0.0,0.0,0.0,9.0,0.0,0.0,0.0,0.0,0.0,0.0,58.0,0.0,0.0,58.0,0.0,0.0,0.0,0.0,0.0,0.0,0.0,0.0,0.0,0.0,0.0,0.0,31.0,0.0,0.0,31.0,36.0,0.0,0.0,36.0,0.0,0.0,0.0,0.0,0.0,0.0,"Mar 17, 2016"
2890,2904003.0,25083.0,Wassit,Al-Azezia,Al Dakhel Al Mahdod 2,الدخل المحدود الثانية,32.906449,45.060401,2.0,12.0,0.0,0.0,0.0,0.0,0.0,0.0,0.0,0.0,0.0,0.0,0.0,0.0,2.0,0.0,0.0,0.0,0.0,0.0,0.0,2.0,0.0,0.0,0.0,0.0,0.0,0.0,0.0,0.0,0.0,0.0,0.0,0.0,0.0,0.0,0.0,0.0,0.0,0.0,0.0,0.0,2.0,0.0,0.0,2.0,0.0,0.0,0.0,0.0,0.0,0.0,0.0,0.0,0.0,0.0,0.0,0.0,"Mar 17, 2016"
2891,2904006.0,24850.0,Wassit,Al-Azezia,Al Dawar Al Gharbi,الدوار الغربي,32.98535623,44.84934995,4.0,24.0,3.0,0.0,1.0,0.0,0.0,0.0,0.0,0.0,0.0,0.0,0.0,0.0,0.0,0.0,0.0,0.0,0.0,0.0,0.0,1.0,0.0,0.0,0.0,0.0,0.0,0.0,3.0,0.0,0.0,3.0,0.0,0.0,0.0,0.0,0.0,0.0,0.0,0.0,0.0,0.0,0.0,0.0,1.0,0.0,0.0,1.0,3.0,0.0,0.0,3.0,0.0,0.0,0.0,0.0,0.0,0.0,"Mar 17, 2016"
2892,2904008.0,22690.0,Wassit,Al-Azezia,Al Murtadha village,قرية المرتضى,32.93040576,44.97012633,14.0,84.0,1.0,0.0,0.0,0.0,0.0,0.0,0.0,0.0,0.0,0.0,0.0,0.0,13.0,0.0,0.0,0.0,0.0,0.0,0.0,0.0,0.0,0.0,0.0,0.0,0.0,0.0,14.0,0.0,0.0,14.0,0.0,0.0,0.0,0.0,0.0,0.0,0.0,0.0,0.0,0.0,13.0,0.0,0.0,13.0,0.0,0.0,1.0,0.0,0.0,1.0,0.0,0.0,0.0,0.0,0.0,0.0,"Mar 17, 2016"
2893,2904009.0,22360.0,Wassit,Al-Azezia,Hay Al Quds,حي القدس,32.9179846419,45.0548027,60.0,360.0,0.0,0.0,0.0,0.0,0.0,0.0,0.0,0.0,0.0,0.0,0.0,0.0,60.0,0.0,0.0,0.0,0.0,0.0,0.0,0.0,0.0,0.0,0.0,0.0,0.0,0.0,60.0,0.0,0.0,60.0,0.0,0.0,0.0,0.0,0.0,0.0,0.0,0.0,0.0,0.0,60.0,0.0,0.0,60.0,0.0,0.0,0.0,0.0,0.0,0.0,0.0,0.0,0.0,0.0,0.0,0.0,"Mar 17, 2016"
2894,2904010.0,24844.0,Wassit,Al-Azezia,Al Sadoniyah,السعدونية,32.9184804602,45.0252698295,31.0,186.0,4.0,0.0,0.0,0.0,0.0,0.0,0.0,0.0,0.0,0.0,0.0,0.0,27.0,0.0,0.0,0.0,0.0,0.0,0.0,0.0,0.0,0.0,0.0,0.0,0.0,0.0,31.0,0.0,0.0,31.0,0.0,0.0,0.0,0.0,0.0,0.0,0.0,0.0,0.0,0.0,27.0,0.0,0.0,27.0,0.0,0.0,4.0,0.0,0.0,4.0,0.0,0.0,0.0,0.0,0.0,0.0,"Mar 17, 2016"
2895,2904011.0,24858.0,Wassit,Al-Azezia,Al-Azezia 150 area,العزيزية 150,32.9061597707,45.0569343,19.0,114.0,0.0,0.0,0.0,0.0,0.0,0.0,0.0,0.0,0.0,0.0,0.0,0.0,19.0,0.0,0.0,0.0,0.0,0.0,0.0,19.0,0.0,0.0,0.0,0.0,0.0,0.0,0.0,0.0,0.0,0.0,0.0,0.0,0.0,0.0,0.0,0.0,0.0,0.0,0.0,0.0,19.0,0.0,0.0,19.0,0.0,0.0,0.0,0.0,0.0,0.0,0.0,0.0,0.0,0.0,0.0,0.0,"Mar 17, 2016"
2896,2904012.0,21043.0,Wassit,Al-Azezia,Al-Debooni City Center,مركز الدبوني ,32.7463361571,45.301434,55.0,330.0,0.0,0.0,0.0,0.0,0.0,0.0,0.0,0.0,0.0,0.0,0.0,0.0,55.0,0.0,0.0,0.0,0.0,0.0,0.0,0.0,0.0,0.0,0.0,0.0,0.0,4.0,48.0,4.0,0.0,48.0,0.0,0.0,0.0,0.0,3.0,0.0,0.0,3.0,0.0,0.0,5.0,0.0,50.0,5.0,0.0,50.0,0.0,0.0,0.0,0.0,0.0,0.0,0.0,0.0,0.0,0.0,"Mar 17, 2016"
2897,2904013.0,19363.0,Wassit,Al-Azezia,Al-Dair al-Aala,الدير الاعلى,32.88968866,45.08582714,13.0,78.0,4.0,0.0,1.0,0.0,0.0,0.0,0.0,0.0,0.0,0.0,0.0,0.0,8.0,0.0,0.0,0.0,0.0,0.0,0.0,7.0,0.0,0.0,0.0,0.0,0.0,0.0,6.0,0.0,0.0,6.0,0.0,0.0,0.0,0.0,0.0,0.0,0.0,0.0,0.0,0.0,6.0,0.0,3.0,6.0,0.0,3.0,4.0,0.0,0.0,4.0,0.0,0.0,0.0,0.0,0.0,0.0,"Mar 17, 2016"
2898,2904014.0,24851.0,Wassit,Al-Azezia,Al-Dawar Al-Sharqi,الدوار الشرقي,33.0071916453,44.8259047936,2.0,12.0,0.0,0.0,0.0,0.0,0.0,0.0,0.0,0.0,0.0,0.0,0.0,0.0,2.0,0.0,0.0,0.0,0.0,0.0,0.0,2.0,0.0,0.0,0.0,0.0,0.0,0.0,0.0,0.0,0.0,0.0,0.0,0.0,0.0,0.0,0.0,0.0,0.0,0.0,0.0,0.0,2.0,0.0,0.0,2.0,0.0,0.0,0.0,0.0,0.0,0.0,0.0,0.0,0.0,0.0,0.0,0.0,"Mar 17, 2016"
2899,2904015.0,25094.0,Wassit,Al-Azezia,Al-Dir Al Aala 2,الدير الاعلى الثانية,32.88938133,45.0876445919,31.0,186.0,0.0,0.0,0.0,0.0,0.0,0.0,0.0,0.0,0.0,0.0,0.0,0.0,31.0,0.0,0.0,0.0,0.0,0.0,0.0,0.0,0.0,0.0,0.0,0.0,0.0,0.0,31.0,0.0,0.0,31.0,0.0,0.0,0.0,0.0,0.0,0.0,0.0,0.0,0.0,0.0,31.0,0.0,0.0,31.0,0.0,0.0,0.0,0.0,0.0,0.0,0.0,0.0,0.0,0.0,0.0,0.0,"Mar 17, 2016"
2900,2904016.0,25093.0,Wassit,Al-Azezia,Al-Dir Al-Awsat,الدير الاوسط,32.873459,45.046627,4.0,24.0,0.0,0.0,0.0,0.0,0.0,0.0,0.0,0.0,0.0,0.0,0.0,0.0,4.0,0.0,0.0,0.0,0.0,0.0,0.0,4.0,0.0,0.0,0.0,0.0,0.0,0.0,0.0,0.0,0.0,0.0,0.0,0.0,0.0,0.0,0.0,0.0,0.0,0.0,0.0,0.0,4.0,0.0,0.0,4.0,0.0,0.0,0.0,0.0,0.0,0.0,0.0,0.0,0.0,0.0,0.0,0.0,"Mar 17, 2016"
2901,2904017.0,24852.0,Wassit,Al-Azezia,Bader Al-Kubra,قرية الحردان,32.93406496,44.97175338,15.0,90.0,0.0,0.0,0.0,0.0,0.0,0.0,0.0,0.0,0.0,0.0,0.0,0.0,15.0,0.0,0.0,0.0,0.0,0.0,0.0,15.0,0.0,0.0,0.0,0.0,0.0,0.0,0.0,0.0,0.0,0.0,0.0,0.0,0.0,0.0,0.0,0.0,0.0,0.0,0.0,0.0,15.0,0.0,0.0,15.0,0.0,0.0,0.0,0.0,0.0,0.0,0.0,0.0,0.0,0.0,0.0,0.0,"Mar 17, 2016"
2902,2904018.0,24860.0,Wassit,Al-Azezia,Al-Jadida,الجديدة,32.92719435,44.98700385,7.0,42.0,0.0,0.0,0.0,0.0,0.0,0.0,0.0,0.0,0.0,0.0,0.0,0.0,7.0,0.0,0.0,0.0,0.0,0.0,0.0,0.0,0.0,7.0,0.0,0.0,7.0,0.0,0.0,0.0,0.0,0.0,0.0,0.0,0.0,0.0,0.0,0.0,0.0,0.0,0.0,0.0,7.0,0.0,0.0,7.0,0.0,0.0,0.0,0.0,0.0,0.0,0.0,0.0,0.0,0.0,0.0,0.0,"Mar 17, 2016"
2903,2904019.0,24863.0,Wassit,Al-Azezia,Al-Khadhra village,قرية الخضراء,32.901089,45.078903,1.0,6.0,0.0,0.0,0.0,0.0,0.0,0.0,0.0,0.0,0.0,0.0,0.0,0.0,1.0,0.0,0.0,0.0,0.0,0.0,0.0,1.0,0.0,0.0,0.0,0.0,0.0,0.0,0.0,0.0,0.0,0.0,0.0,0.0,0.0,0.0,0.0,0.0,0.0,0.0,0.0,0.0,0.0,0.0,1.0,0.0,0.0,1.0,0.0,0.0,0.0,0.0,0.0,0.0,0.0,0.0,0.0,0.0,"Mar 17, 2016"
2904,2904020.0,24856.0,Wassit,Al-Azezia,Al-Khamas 2,الخماس الثانية,32.9182926413,45.0723574399,73.0,438.0,0.0,0.0,0.0,0.0,0.0,0.0,0.0,0.0,0.0,0.0,0.0,0.0,73.0,0.0,0.0,0.0,0.0,0.0,0.0,35.0,0.0,38.0,0.0,0.0,38.0,0.0,0.0,0.0,0.0,0.0,0.0,0.0,0.0,0.0,0.0,0.0,0.0,0.0,0.0,0.0,73.0,0.0,0.0,73.0,0.0,0.0,0.0,0.0,0.0,0.0,0.0,0.0,0.0,0.0,0.0,0.0,"Mar 17, 2016"
2905,2904021.0,24857.0,Wassit,Al-Azezia,Al-Khamas 3,الخماس الثالثة,32.9219217549,45.0725817555,19.0,114.0,0.0,0.0,0.0,0.0,0.0,0.0,0.0,0.0,0.0,0.0,0.0,0.0,19.0,0.0,0.0,0.0,0.0,0.0,0.0,11.0,0.0,0.0,0.0,0.0,0.0,0.0,8.0,0.0,0.0,8.0,0.0,0.0,0.0,0.0,0.0,0.0,0.0,0.0,0.0,0.0,19.0,0.0,0.0,19.0,0.0,0.0,0.0,0.0,0.0,0.0,0.0,0.0,0.0,0.0,0.0,0.0,"Mar 17, 2016"
2906,2904022.0,24855.0,Wassit,Al-Azezia,Al-Khamas1,الخماس الاولى,32.9168755126,45.0721917081,8.0,48.0,0.0,0.0,0.0,0.0,0.0,0.0,0.0,0.0,0.0,0.0,0.0,0.0,8.0,0.0,0.0,0.0,0.0,0.0,0.0,8.0,0.0,0.0,0.0,0.0,0.0,0.0,0.0,0.0,0.0,0.0,0.0,0.0,0.0,0.0,0.0,0.0,0.0,0.0,0.0,0.0,8.0,0.0,0.0,8.0,0.0,0.0,0.0,0.0,0.0,0.0,0.0,0.0,0.0,0.0,0.0,0.0,"Mar 17, 2016"
2907,2904023.0,25090.0,Wassit,Al-Azezia,Al-Karama village,قرية الكرامة,32.9282804678,44.9699393262,11.0,66.0,0.0,0.0,0.0,0.0,0.0,0.0,0.0,0.0,0.0,0.0,0.0,0.0,11.0,0.0,0.0,0.0,0.0,0.0,0.0,11.0,0.0,0.0,0.0,0.0,0.0,0.0,0.0,0.0,0.0,0.0,0.0,0.0,0.0,0.0,0.0,0.0,0.0,0.0,0.0,0.0,11.0,0.0,0.0,11.0,0.0,0.0,0.0,0.0,0.0,0.0,0.0,0.0,0.0,0.0,0.0,0.0,"Mar 17, 2016"
2908,2904024.0,25089.0,Wassit,Al-Azezia,Al-Manseya,المنسية,32.760062309,45.2848969199,3.0,18.0,0.0,0.0,0.0,0.0,0.0,0.0,0.0,0.0,0.0,0.0,0.0,0.0,3.0,0.0,0.0,0.0,0.0,0.0,0.0,3.0,0.0,0.0,0.0,0.0,0.0,0.0,0.0,0.0,0.0,0.0,0.0,0.0,0.0,0.0,0.0,0.0,0.0,0.0,3.0,0.0,0.0,3.0,0.0,0.0,0.0,0.0,0.0,0.0,0.0,0.0,0.0,0.0,0.0,0.0,0.0,0.0,"Mar 17, 2016"
2909,2904025.0,24853.0,Wassit,Al-Azezia,Bader Al-Kubra,المزرعة,33.0054956432,44.8257683206,6.0,36.0,4.0,0.0,0.0,0.0,0.0,0.0,0.0,0.0,0.0,0.0,0.0,0.0,2.0,0.0,0.0,0.0,0.0,0.0,0.0,0.0,0.0,0.0,0.0,0.0,0.0,0.0,6.0,0.0,0.0,6.0,0.0,0.0,0.0,0.0,0.0,0.0,0.0,0.0,0.0,0.0,2.0,0.0,0.0,2.0,0.0,0.0,4.0,0.0,0.0,4.0,0.0,0.0,0.0,0.0,0.0,0.0,"Mar 17, 2016"
2910,2904026.0,24854.0,Wassit,Al-Azezia,Al-Nedhal village,قرية النضال,32.9338284956,44.9716243822,35.0,210.0,0.0,0.0,0.0,0.0,0.0,0.0,0.0,0.0,0.0,0.0,0.0,0.0,35.0,0.0,0.0,0.0,0.0,0.0,0.0,35.0,0.0,0.0,0.0,0.0,0.0,0.0,0.0,0.0,0.0,0.0,0.0,0.0,0.0,0.0,0.0,0.0,0.0,0.0,0.0,0.0,35.0,0.0,0.0,35.0,0.0,0.0,0.0,0.0,0.0,0.0,0.0,0.0,0.0,0.0,0.0,0.0,"Mar 17, 2016"
2911,2904027.0,24848.0,Wassit,Al-Azezia,Al-Qutneya Al-Garbeya,القطنية الغربية,32.94122793,44.9396542,4.0,24.0,1.0,0.0,0.0,0.0,0.0,0.0,0.0,0.0,0.0,0.0,0.0,0.0,3.0,0.0,0.0,0.0,0.0,0.0,0.0,4.0,0.0,0.0,0.0,0.0,0.0,0.0,0.0,0.0,0.0,0.0,0.0,0.0,0.0,0.0,0.0,0.0,0.0,0.0,0.0,0.0,3.0,0.0,0.0,3.0,0.0,0.0,1.0,0.0,0.0,1.0,0.0,0.0,0.0,0.0,0.0,0.0,"Mar 17, 2016"
2912,2904028.0,21340.0,Wassit,Al-Azezia,Al-Qutniya al Sharqiya,القطنية الشرقية,32.93833385,44.95007348,17.0,102.0,0.0,0.0,0.0,0.0,0.0,0.0,0.0,0.0,0.0,0.0,0.0,0.0,17.0,0.0,0.0,0.0,0.0,0.0,0.0,17.0,0.0,0.0,0.0,0.0,0.0,0.0,0.0,0.0,0.0,0.0,0.0,0.0,0.0,0.0,0.0,0.0,0.0,0.0,0.0,0.0,17.0,0.0,0.0,17.0,0.0,0.0,0.0,0.0,0.0,0.0,0.0,0.0,0.0,0.0,0.0,0.0,"Mar 17, 2016"
2913,2904029.0,24841.0,Wassit,Al-Azezia,Al-Rafidain,الرافدين,32.9453869941,44.9141208414,7.0,42.0,0.0,0.0,0.0,0.0,0.0,0.0,0.0,0.0,0.0,0.0,0.0,0.0,7.0,0.0,0.0,0.0,0.0,0.0,0.0,7.0,0.0,0.0,0.0,0.0,0.0,0.0,0.0,0.0,0.0,0.0,0.0,0.0,0.0,0.0,0.0,0.0,0.0,0.0,0.0,0.0,7.0,0.0,0.0,7.0,0.0,0.0,0.0,0.0,0.0,0.0,0.0,0.0,0.0,0.0,0.0,0.0,"Mar 17, 2016"
2914,2904031.0,24859.0,Wassit,Al-Azezia,Al-Sarai,السراي,32.9112280604,45.0634395359,42.0,252.0,10.0,0.0,0.0,0.0,0.0,0.0,0.0,0.0,0.0,0.0,0.0,0.0,32.0,0.0,0.0,0.0,0.0,0.0,0.0,32.0,0.0,0.0,0.0,0.0,0.0,0.0,10.0,0.0,0.0,10.0,0.0,0.0,0.0,0.0,0.0,0.0,0.0,0.0,10.0,0.0,32.0,10.0,0.0,32.0,0.0,0.0,0.0,0.0,0.0,0.0,0.0,0.0,0.0,0.0,0.0,0.0,"Mar 17, 2016"
2915,2904032.0,24842.0,Wassit,Al-Azezia,Al-Shabab 2,الشباب الثانية,32.91180333,45.05101701,9.0,54.0,5.0,0.0,0.0,0.0,0.0,0.0,0.0,0.0,0.0,0.0,0.0,0.0,4.0,0.0,0.0,0.0,0.0,0.0,0.0,9.0,0.0,0.0,0.0,0.0,0.0,0.0,0.0,0.0,0.0,0.0,0.0,0.0,0.0,0.0,0.0,0.0,0.0,0.0,0.0,0.0,4.0,0.0,0.0,4.0,0.0,0.0,5.0,0.0,0.0,5.0,0.0,0.0,0.0,0.0,0.0,0.0,"Mar 17, 2016"
2916,2904033.0,25084.0,Wassit,Al-Azezia,Al-Sharif Alradhi,الشريف الرضي,32.91792667,44.95836857,16.0,96.0,0.0,0.0,0.0,0.0,0.0,0.0,0.0,0.0,0.0,0.0,0.0,0.0,16.0,0.0,0.0,0.0,0.0,0.0,0.0,0.0,0.0,0.0,0.0,0.0,0.0,0.0,16.0,0.0,0.0,16.0,0.0,0.0,0.0,0.0,0.0,0.0,0.0,0.0,0.0,0.0,16.0,0.0,0.0,16.0,0.0,0.0,0.0,0.0,0.0,0.0,0.0,0.0,0.0,0.0,0.0,0.0,"Mar 17, 2016"
2917,2904035.0,19454.0,Wassit,Al-Azezia,Al-Tanmeya,التنمية,32.9513826383,44.9108842815,5.0,30.0,0.0,0.0,1.0,0.0,0.0,0.0,0.0,0.0,4.0,0.0,0.0,0.0,0.0,0.0,0.0,0.0,0.0,0.0,0.0,0.0,0.0,0.0,0.0,0.0,0.0,0.0,5.0,0.0,0.0,5.0,0.0,0.0,0.0,0.0,0.0,0.0,0.0,0.0,1.0,0.0,0.0,1.0,4.0,0.0,0.0,4.0,0.0,0.0,0.0,0.0,0.0,0.0,0.0,0.0,0.0,0.0,"Mar 17, 2016"
2918,2904037.0,24838.0,Wassit,Al-Azezia,Al-Za lja3,الزلجة الثالثة,32.900907,45.036269,3.0,18.0,0.0,0.0,0.0,0.0,0.0,0.0,0.0,0.0,0.0,0.0,0.0,0.0,3.0,0.0,0.0,0.0,0.0,0.0,0.0,3.0,0.0,0.0,0.0,0.0,0.0,0.0,0.0,0.0,0.0,0.0,0.0,0.0,0.0,0.0,0.0,0.0,0.0,0.0,0.0,0.0,3.0,0.0,0.0,3.0,0.0,0.0,0.0,0.0,0.0,0.0,0.0,0.0,0.0,0.0,0.0,0.0,"Mar 17, 2016"
2919,2904038.0,24837.0,Wassit,Al-Azezia,Al-Zalja 1,الزلجة الاولى,32.62220221,45.01423926,3.0,18.0,0.0,0.0,0.0,0.0,0.0,0.0,0.0,0.0,0.0,0.0,0.0,0.0,3.0,0.0,0.0,0.0,0.0,0.0,0.0,3.0,0.0,0.0,0.0,0.0,0.0,0.0,0.0,0.0,0.0,0.0,0.0,0.0,0.0,0.0,0.0,0.0,0.0,0.0,0.0,0.0,3.0,0.0,0.0,3.0,0.0,0.0,0.0,0.0,0.0,0.0,0.0,0.0,0.0,0.0,0.0,0.0,"Mar 17, 2016"
2920,2904039.0,24849.0,Wassit,Al-Azezia,Bader Al-Kubra,بدر الكبرى,32.9719295238,44.8633109082,11.0,66.0,0.0,0.0,0.0,0.0,0.0,0.0,0.0,0.0,6.0,0.0,0.0,0.0,5.0,0.0,0.0,0.0,0.0,0.0,0.0,0.0,0.0,0.0,0.0,0.0,0.0,0.0,11.0,0.0,0.0,11.0,0.0,0.0,0.0,0.0,0.0,0.0,0.0,0.0,0.0,0.0,5.0,0.0,6.0,5.0,0.0,6.0,0.0,0.0,0.0,0.0,0.0,0.0,0.0,0.0,0.0,0.0,"Mar 17, 2016"
2921,2904041.0,25086.0,Wassit,Al-Azezia,Brinig 3,برينج الثالثة,32.884896,45.065506,1.0,6.0,0.0,0.0,0.0,0.0,0.0,0.0,0.0,0.0,0.0,0.0,0.0,0.0,1.0,0.0,0.0,0.0,0.0,0.0,0.0,1.0,0.0,0.0,0.0,0.0,0.0,0.0,0.0,0.0,0.0,0.0,0.0,0.0,0.0,0.0,0.0,0.0,0.0,0.0,0.0,0.0,1.0,0.0,0.0,1.0,0.0,0.0,0.0,0.0,0.0,0.0,0.0,0.0,0.0,0.0,0.0,0.0,"Mar 17, 2016"
2922,2904043.0,19367.0,Wassit,Al-Azezia,Harbi Wa-hmoor village,قرية حربي وحمور,32.92012706,45.01975791,2.0,12.0,0.0,0.0,0.0,0.0,0.0,0.0,0.0,0.0,0.0,0.0,0.0,0.0,2.0,0.0,0.0,0.0,0.0,0.0,0.0,2.0,0.0,0.0,0.0,0.0,0.0,0.0,0.0,0.0,0.0,0.0,0.0,0.0,0.0,0.0,0.0,0.0,0.0,0.0,0.0,0.0,2.0,0.0,0.0,2.0,0.0,0.0,0.0,0.0,0.0,0.0,0.0,0.0,0.0,0.0,0.0,0.0,"Mar 17, 2016"
2923,2904044.0,22361.0,Wassit,Al-Azezia,Al Shabab 1,الشباب الاولى,32.9102026847,45.0449234,8.0,48.0,0.0,0.0,0.0,0.0,0.0,0.0,0.0,0.0,0.0,0.0,0.0,0.0,8.0,0.0,0.0,0.0,0.0,0.0,0.0,2.0,0.0,0.0,0.0,0.0,0.0,0.0,6.0,0.0,0.0,6.0,0.0,0.0,0.0,0.0,0.0,0.0,0.0,0.0,0.0,0.0,8.0,0.0,0.0,8.0,0.0,0.0,0.0,0.0,0.0,0.0,0.0,0.0,0.0,0.0,0.0,0.0,"Mar 17, 2016"
2924,2904045.0,24845.0,Wassit,Al-Azezia,Hay Al-Askari 1,الحي العسكري الاولى,32.9081616908,45.049369184,42.0,252.0,0.0,0.0,0.0,0.0,0.0,0.0,0.0,0.0,0.0,0.0,0.0,0.0,42.0,0.0,0.0,0.0,0.0,0.0,0.0,0.0,0.0,0.0,0.0,0.0,0.0,0.0,42.0,0.0,0.0,42.0,0.0,0.0,0.0,0.0,0.0,0.0,0.0,0.0,0.0,0.0,42.0,0.0,0.0,42.0,0.0,0.0,0.0,0.0,0.0,0.0,0.0,0.0,0.0,0.0,0.0,0.0,"Mar 17, 2016"
2925,2904046.0,24846.0,Wassit,Al-Azezia,Hay Al-Askari 3,الحي العسكري الثالثة,32.9054560584,45.0545747175,7.0,42.0,0.0,0.0,0.0,0.0,0.0,0.0,0.0,0.0,0.0,0.0,0.0,0.0,7.0,0.0,0.0,0.0,0.0,0.0,0.0,0.0,0.0,0.0,0.0,0.0,0.0,0.0,7.0,0.0,0.0,7.0,0.0,0.0,0.0,0.0,0.0,0.0,0.0,0.0,0.0,0.0,7.0,0.0,0.0,7.0,0.0,0.0,0.0,0.0,0.0,0.0,0.0,0.0,0.0,0.0,0.0,0.0,"Mar 17, 2016"
2926,2904047.0,24847.0,Wassit,Al-Azezia,Hay Al-Askari 4,الحي العسكري الرابعة,32.907559,45.073309,2.0,12.0,0.0,0.0,0.0,0.0,0.0,0.0,0.0,0.0,0.0,0.0,0.0,0.0,2.0,0.0,0.0,0.0,0.0,0.0,0.0,2.0,0.0,0.0,0.0,0.0,0.0,0.0,0.0,0.0,0.0,0.0,0.0,0.0,0.0,0.0,0.0,0.0,0.0,0.0,0.0,0.0,2.0,0.0,0.0,2.0,0.0,0.0,0.0,0.0,0.0,0.0,0.0,0.0,0.0,0.0,0.0,0.0,"Mar 17, 2016"
2927,2904048.0,24757.0,Wassit,Al-Azezia,Hay Al-Hashimy,حي الهاشمي,32.90940874,45.0462563,4.0,24.0,0.0,0.0,0.0,0.0,0.0,0.0,0.0,0.0,0.0,0.0,0.0,0.0,4.0,0.0,0.0,0.0,0.0,0.0,0.0,4.0,0.0,0.0,0.0,0.0,0.0,0.0,0.0,0.0,0.0,0.0,0.0,0.0,0.0,0.0,0.0,0.0,0.0,0.0,0.0,0.0,4.0,0.0,0.0,4.0,0.0,0.0,0.0,0.0,0.0,0.0,0.0,0.0,0.0,0.0,0.0,0.0,"Mar 17, 2016"
2928,2904049.0,24840.0,Wassit,Al-Azezia,Hay Al-Oroba 1,حي العروبة الاولى,32.90927534,45.05154413,45.0,270.0,0.0,0.0,0.0,0.0,0.0,0.0,0.0,0.0,0.0,0.0,0.0,0.0,45.0,0.0,0.0,0.0,0.0,0.0,0.0,0.0,0.0,0.0,0.0,0.0,0.0,0.0,45.0,0.0,0.0,45.0,0.0,0.0,0.0,0.0,0.0,0.0,0.0,0.0,0.0,0.0,45.0,0.0,0.0,45.0,0.0,0.0,0.0,0.0,0.0,0.0,0.0,0.0,0.0,0.0,0.0,0.0,"Mar 17, 2016"
2929,2904050.0,24839.0,Wassit,Al-Azezia,Hay Al-Oroba 2,حي العروبة الثانية,32.9083672569,45.0465851067,23.0,138.0,0.0,0.0,1.0,0.0,0.0,0.0,0.0,0.0,0.0,0.0,0.0,0.0,21.0,0.0,1.0,0.0,0.0,0.0,0.0,0.0,0.0,0.0,0.0,0.0,0.0,0.0,23.0,0.0,0.0,23.0,0.0,0.0,0.0,0.0,0.0,0.0,0.0,0.0,1.0,0.0,21.0,1.0,1.0,21.0,0.0,1.0,0.0,0.0,0.0,0.0,0.0,0.0,0.0,0.0,0.0,0.0,"Mar 17, 2016"
2930,2904052.0,24861.0,Wassit,Al-Azezia,Hay Emam Mahdi,حي الامام المهدي,32.747014,45.30415,6.0,36.0,0.0,0.0,0.0,0.0,0.0,0.0,0.0,0.0,0.0,0.0,0.0,0.0,6.0,0.0,0.0,0.0,0.0,0.0,0.0,0.0,0.0,0.0,0.0,0.0,0.0,0.0,6.0,0.0,0.0,6.0,0.0,0.0,0.0,0.0,0.0,0.0,0.0,0.0,0.0,0.0,0.0,0.0,6.0,0.0,0.0,6.0,0.0,0.0,0.0,0.0,0.0,0.0,0.0,0.0,0.0,0.0,"Mar 17, 2016"
2931,2904053.0,24843.0,Wassit,Al-Azezia,Hay Fadek,حي فدك,32.916999143,45.0430681393,22.0,132.0,2.0,0.0,0.0,0.0,0.0,1.0,0.0,0.0,0.0,0.0,0.0,0.0,19.0,0.0,0.0,0.0,0.0,0.0,0.0,0.0,0.0,0.0,0.0,0.0,0.0,0.0,22.0,0.0,0.0,22.0,0.0,0.0,0.0,0.0,0.0,0.0,0.0,0.0,0.0,0.0,19.0,0.0,1.0,19.0,0.0,1.0,2.0,0.0,0.0,2.0,0.0,0.0,0.0,0.0,0.0,0.0,"Mar 17, 2016"
2932,2904057.0,24864.0,Wassit,Al-Azezia,Saloomi village,قرية سلومي,32.77246865,45.20701362,8.0,48.0,0.0,0.0,0.0,0.0,0.0,0.0,0.0,0.0,0.0,0.0,0.0,0.0,8.0,0.0,0.0,0.0,0.0,0.0,0.0,8.0,0.0,0.0,0.0,0.0,0.0,0.0,0.0,0.0,0.0,0.0,0.0,0.0,0.0,0.0,0.0,0.0,0.0,0.0,0.0,0.0,0.0,0.0,8.0,0.0,0.0,8.0,0.0,0.0,0.0,0.0,0.0,0.0,0.0,0.0,0.0,0.0,"Mar 17, 2016"
2933,2904058.0,24874.0,Wassit,Al-Azezia,Tabaruk village,قرية تبارك,32.75242308,45.29575633,4.0,24.0,0.0,0.0,0.0,0.0,0.0,0.0,0.0,0.0,0.0,0.0,0.0,0.0,4.0,0.0,0.0,0.0,0.0,0.0,0.0,4.0,0.0,0.0,0.0,0.0,0.0,0.0,0.0,0.0,0.0,0.0,0.0,0.0,0.0,0.0,0.0,0.0,0.0,0.0,0.0,0.0,0.0,0.0,4.0,0.0,0.0,4.0,0.0,0.0,0.0,0.0,0.0,0.0,0.0,0.0,0.0,0.0,"Mar 17, 2016"
2934,2904059.0,19442.0,Wassit,Al-Azezia,Taj al-dien,تاج الدين,32.9853927391,44.8474813479,47.0,282.0,45.0,0.0,0.0,0.0,0.0,0.0,0.0,0.0,0.0,0.0,0.0,0.0,2.0,0.0,0.0,0.0,0.0,0.0,0.0,7.0,0.0,0.0,0.0,0.0,0.0,0.0,40.0,0.0,0.0,40.0,0.0,0.0,0.0,0.0,0.0,0.0,0.0,0.0,0.0,0.0,2.0,0.0,0.0,2.0,0.0,0.0,45.0,0.0,0.0,45.0,0.0,0.0,0.0,0.0,0.0,0.0,"Mar 17, 2016"
2935,2904060.0,24967.0,Wassit,Al-Azezia,Taj al-dien center 1,مركز تاج الدين 1,32.9892205611,44.8401012135,10.0,60.0,0.0,0.0,0.0,0.0,0.0,0.0,0.0,0.0,0.0,0.0,0.0,0.0,10.0,0.0,0.0,0.0,0.0,0.0,0.0,10.0,0.0,0.0,0.0,0.0,0.0,0.0,0.0,0.0,0.0,0.0,0.0,0.0,0.0,0.0,0.0,0.0,0.0,0.0,0.0,0.0,10.0,0.0,0.0,10.0,0.0,0.0,0.0,0.0,0.0,0.0,0.0,0.0,0.0,0.0,0.0,0.0,"Mar 17, 2016"
2936,2904061.0,19464.0,Wassit,Al-Azezia,Tuliha,طليحة,32.9405801784,44.9516408317,6.0,36.0,0.0,0.0,0.0,0.0,0.0,0.0,0.0,0.0,0.0,0.0,0.0,0.0,6.0,0.0,0.0,0.0,0.0,0.0,0.0,6.0,0.0,0.0,0.0,0.0,0.0,0.0,0.0,0.0,0.0,0.0,0.0,0.0,0.0,0.0,0.0,0.0,0.0,0.0,0.0,0.0,6.0,0.0,0.0,6.0,0.0,0.0,0.0,0.0,0.0,0.0,0.0,0.0,0.0,0.0,0.0,0.0,"Mar 17, 2016"
2937,2904062.0,24865.0,Wassit,Al-Azezia,Utba Al-Kawaled Village,قرية عتبة الخوالد,32.93986874,44.95115095,5.0,30.0,0.0,0.0,0.0,0.0,0.0,0.0,0.0,0.0,0.0,0.0,0.0,0.0,5.0,0.0,0.0,0.0,0.0,0.0,0.0,5.0,0.0,0.0,0.0,0.0,0.0,0.0,0.0,0.0,0.0,0.0,0.0,0.0,0.0,0.0,0.0,0.0,0.0,0.0,0.0,0.0,0.0,0.0,5.0,0.0,0.0,5.0,0.0,0.0,0.0,0.0,0.0,0.0,0.0,0.0,0.0,0.0,"Mar 17, 2016"
2938,2904063.0,25091.0,Wassit,Al-Azezia,Zewyat Al-Zaree village,قرية زوية الزرع,32.88569,45.085351,2.0,12.0,0.0,0.0,0.0,0.0,0.0,0.0,0.0,0.0,0.0,0.0,0.0,0.0,2.0,0.0,0.0,0.0,0.0,0.0,0.0,2.0,0.0,0.0,0.0,0.0,0.0,0.0,0.0,0.0,0.0,0.0,0.0,0.0,0.0,0.0,0.0,0.0,0.0,0.0,0.0,0.0,2.0,0.0,0.0,2.0,0.0,0.0,0.0,0.0,0.0,0.0,0.0,0.0,0.0,0.0,0.0,0.0,"Mar 17, 2016"
2939,2905001.0,25316.0,Wassit,Badra,Al-Akar Wil-Atriba village,قرية العقر والأتربة,33.09814554,45.9593846748,19.0,114.0,0.0,0.0,0.0,0.0,0.0,0.0,0.0,0.0,0.0,0.0,0.0,0.0,19.0,0.0,0.0,0.0,0.0,0.0,0.0,19.0,0.0,0.0,0.0,0.0,0.0,0.0,0.0,0.0,0.0,0.0,0.0,0.0,0.0,0.0,0.0,0.0,0.0,0.0,0.0,0.0,19.0,0.0,0.0,19.0,0.0,0.0,0.0,0.0,0.0,0.0,0.0,0.0,0.0,0.0,0.0,0.0,"Mar 17, 2016"
2940,2905002.0,18459.0,Wassit,Badra,Hay Al-Imam Al-Hussein,حي الأمام الحسين,33.1161964349,45.9325561727,3.0,18.0,0.0,0.0,0.0,0.0,0.0,0.0,0.0,0.0,0.0,0.0,0.0,0.0,3.0,0.0,0.0,0.0,0.0,0.0,0.0,0.0,0.0,0.0,0.0,0.0,0.0,0.0,3.0,0.0,0.0,3.0,0.0,0.0,0.0,0.0,0.0,0.0,0.0,0.0,0.0,0.0,3.0,0.0,0.0,3.0,0.0,0.0,0.0,0.0,0.0,0.0,0.0,0.0,0.0,0.0,0.0,0.0,"Mar 17, 2016"
2941,2905003.0,25313.0,Wassit,Badra,Hay Al-Rasool,حي الرسول,33.1177598541,45.9380007912,5.0,30.0,1.0,0.0,0.0,0.0,0.0,0.0,0.0,0.0,0.0,0.0,0.0,0.0,4.0,0.0,0.0,0.0,0.0,0.0,0.0,0.0,0.0,0.0,0.0,0.0,0.0,0.0,5.0,0.0,0.0,5.0,0.0,0.0,0.0,0.0,0.0,0.0,0.0,0.0,0.0,0.0,0.0,0.0,4.0,0.0,0.0,4.0,1.0,0.0,0.0,1.0,0.0,0.0,0.0,0.0,0.0,0.0,"Mar 17, 2016"
2942,2905004.0,25315.0,Wassit,Badra,Al-Shuhadaa Village,قرية الشهداء,33.0963248255,45.9584260451,6.0,36.0,0.0,0.0,0.0,0.0,0.0,0.0,0.0,0.0,0.0,0.0,0.0,0.0,6.0,0.0,0.0,0.0,0.0,0.0,0.0,6.0,0.0,0.0,0.0,0.0,0.0,0.0,0.0,0.0,0.0,0.0,0.0,0.0,0.0,0.0,0.0,0.0,0.0,0.0,0.0,0.0,6.0,0.0,0.0,6.0,0.0,0.0,0.0,0.0,0.0,0.0,0.0,0.0,0.0,0.0,0.0,0.0,"Mar 17, 2016"
2943,2905005.0,25314.0,Wassit,Badra,Hay Al-Zahraa,حي الزهراء,33.1085645997,45.9278037698,14.0,84.0,0.0,0.0,0.0,0.0,0.0,0.0,0.0,0.0,4.0,0.0,0.0,0.0,10.0,0.0,0.0,0.0,0.0,0.0,0.0,0.0,0.0,0.0,0.0,0.0,0.0,0.0,0.0,0.0,0.0,0.0,0.0,0.0,0.0,0.0,14.0,0.0,0.0,14.0,0.0,0.0,10.0,0.0,4.0,10.0,0.0,4.0,0.0,0.0,0.0,0.0,0.0,0.0,0.0,0.0,0.0,0.0,"Mar 17, 2016"
2944,2905007.0,19492.0,Wassit,Badra,Dahnok,دهنوك,33.115891657,45.9485307888,8.0,48.0,0.0,0.0,0.0,0.0,0.0,0.0,0.0,0.0,0.0,0.0,0.0,0.0,8.0,0.0,0.0,0.0,0.0,0.0,0.0,0.0,0.0,0.0,0.0,0.0,0.0,8.0,0.0,8.0,0.0,0.0,0.0,0.0,0.0,0.0,0.0,0.0,0.0,0.0,0.0,0.0,8.0,0.0,0.0,8.0,0.0,0.0,0.0,0.0,0.0,0.0,0.0,0.0,0.0,0.0,0.0,0.0,"Mar 17, 2016"
2945,2905008.0,18438.0,Wassit,Badra,Jassan center,مركز جصان,32.9672874259,45.8710675031,30.0,180.0,0.0,0.0,0.0,0.0,0.0,0.0,0.0,0.0,0.0,0.0,0.0,0.0,30.0,0.0,0.0,0.0,0.0,0.0,0.0,18.0,0.0,0.0,0.0,0.0,0.0,6.0,6.0,6.0,0.0,6.0,0.0,0.0,0.0,0.0,0.0,0.0,0.0,0.0,0.0,0.0,30.0,0.0,0.0,30.0,0.0,0.0,0.0,0.0,0.0,0.0,0.0,0.0,0.0,0.0,0.0,0.0,"Mar 17, 2016"
2946,2905009.0,27274.0,Wassit,Badra,Hay Al-Imam Al-Hassan ,حي الأمام الحسن,33.115344,45.936048,2.0,12.0,1.0,0.0,0.0,0.0,0.0,1.0,0.0,0.0,0.0,0.0,0.0,0.0,0.0,0.0,0.0,0.0,0.0,0.0,0.0,0.0,0.0,0.0,0.0,0.0,0.0,0.0,2.0,0.0,0.0,2.0,0.0,0.0,0.0,0.0,0.0,0.0,0.0,0.0,0.0,0.0,0.0,0.0,1.0,0.0,0.0,1.0,1.0,0.0,0.0,1.0,0.0,0.0,0.0,0.0,0.0,0.0,"Mar 17, 2016"
2947,2906001.0,19548.0,Wassit,Kut,Al Batar village,قرية البتار,32.5665956931,45.649405147,18.0,108.0,0.0,0.0,0.0,0.0,0.0,4.0,0.0,0.0,0.0,0.0,0.0,0.0,14.0,0.0,0.0,0.0,0.0,0.0,0.0,0.0,0.0,0.0,0.0,0.0,0.0,0.0,18.0,0.0,0.0,18.0,0.0,0.0,0.0,0.0,0.0,0.0,0.0,0.0,0.0,0.0,18.0,0.0,0.0,18.0,0.0,0.0,0.0,0.0,0.0,0.0,0.0,0.0,0.0,0.0,0.0,0.0,"Mar 17, 2016"
2948,2906002.0,19524.0,Wassit,Kut,Al Gardhia,الكارضية,32.5252610619,45.8699387349,15.0,90.0,0.0,0.0,0.0,0.0,0.0,0.0,0.0,0.0,0.0,0.0,0.0,0.0,13.0,0.0,2.0,0.0,0.0,0.0,0.0,0.0,0.0,0.0,0.0,0.0,0.0,15.0,0.0,15.0,0.0,0.0,0.0,0.0,0.0,0.0,0.0,0.0,0.0,0.0,0.0,0.0,15.0,0.0,0.0,15.0,0.0,0.0,0.0,0.0,0.0,0.0,0.0,0.0,0.0,0.0,0.0,0.0,"Mar 17, 2016"
2949,2906003.0,24786.0,Wassit,Kut,Al Hakeem Al-Khdhra,الحكيم الخضراء,32.5452502646,45.8518435325,16.0,96.0,5.0,0.0,0.0,0.0,0.0,0.0,0.0,0.0,0.0,0.0,0.0,0.0,5.0,0.0,6.0,0.0,0.0,0.0,0.0,0.0,0.0,0.0,0.0,0.0,0.0,1.0,15.0,1.0,0.0,15.0,0.0,0.0,0.0,0.0,0.0,0.0,0.0,0.0,0.0,0.0,11.0,0.0,0.0,11.0,5.0,0.0,0.0,5.0,0.0,0.0,0.0,0.0,0.0,0.0,0.0,0.0,"Mar 17, 2016"
2950,2906004.0,23256.0,Wassit,Kut,Al Hasan Al Askari,الحسن العسكري,32.5307509798,45.7473125,61.0,366.0,0.0,0.0,0.0,0.0,0.0,0.0,0.0,0.0,35.0,0.0,0.0,0.0,26.0,0.0,0.0,0.0,0.0,0.0,0.0,10.0,0.0,0.0,0.0,0.0,0.0,3.0,48.0,3.0,0.0,48.0,0.0,0.0,0.0,0.0,0.0,0.0,0.0,0.0,0.0,0.0,26.0,0.0,35.0,26.0,0.0,35.0,0.0,0.0,0.0,0.0,0.0,0.0,0.0,0.0,0.0,0.0,"Mar 17, 2016"
2951,2906005.0,23395.0,Wassit,Kut,Al Hindiyah,الهندية,32.4012172323,46.2305007508,13.0,78.0,0.0,0.0,0.0,0.0,0.0,0.0,0.0,0.0,0.0,0.0,0.0,0.0,13.0,0.0,0.0,0.0,0.0,0.0,0.0,13.0,0.0,0.0,0.0,0.0,0.0,0.0,0.0,0.0,0.0,0.0,0.0,0.0,0.0,0.0,0.0,0.0,0.0,0.0,0.0,0.0,13.0,0.0,0.0,13.0,0.0,0.0,0.0,0.0,0.0,0.0,0.0,0.0,0.0,0.0,0.0,0.0,"Mar 17, 2016"
2952,2906006.0,19540.0,Wassit,Kut,Al Khjia Al Ula,الخاجية الأولى,32.52859055,45.80514186,2.0,12.0,0.0,0.0,0.0,0.0,0.0,0.0,0.0,0.0,0.0,0.0,0.0,0.0,2.0,0.0,0.0,0.0,0.0,0.0,0.0,0.0,0.0,0.0,0.0,0.0,0.0,0.0,2.0,0.0,0.0,2.0,0.0,0.0,0.0,0.0,0.0,0.0,0.0,0.0,0.0,0.0,2.0,0.0,0.0,2.0,0.0,0.0,0.0,0.0,0.0,0.0,0.0,0.0,0.0,0.0,0.0,0.0,"Mar 17, 2016"
2953,2906007.0,19546.0,Wassit,Kut,Al Maimoon,الميمون,32.5286669876,45.8043173114,19.0,114.0,7.0,0.0,0.0,0.0,0.0,1.0,0.0,0.0,0.0,0.0,0.0,0.0,10.0,0.0,1.0,0.0,0.0,0.0,0.0,0.0,0.0,0.0,0.0,0.0,0.0,0.0,19.0,0.0,0.0,19.0,0.0,0.0,0.0,0.0,0.0,0.0,0.0,0.0,0.0,0.0,19.0,0.0,0.0,19.0,0.0,0.0,0.0,0.0,0.0,0.0,0.0,0.0,0.0,0.0,0.0,0.0,"Mar 17, 2016"
2954,2906008.0,24869.0,Wassit,Kut,Al Mantaqa Al qadima,المنطقة القديمة,32.5617764885,46.2734114081,4.0,24.0,0.0,0.0,0.0,0.0,0.0,0.0,0.0,0.0,0.0,0.0,0.0,0.0,4.0,0.0,0.0,0.0,0.0,0.0,0.0,0.0,0.0,0.0,0.0,0.0,0.0,4.0,0.0,4.0,0.0,0.0,0.0,0.0,0.0,0.0,0.0,0.0,0.0,0.0,0.0,0.0,4.0,0.0,0.0,4.0,0.0,0.0,0.0,0.0,0.0,0.0,0.0,0.0,0.0,0.0,0.0,0.0,"Mar 17, 2016"
2955,2906009.0,23967.0,Wassit,Kut,Al Muhandseen-Al Amarat Al Sakaniyah,المهندسين-العمارات السكنية,32.5177041216,45.8089374711,35.0,210.0,7.0,0.0,0.0,0.0,0.0,0.0,0.0,0.0,0.0,0.0,0.0,0.0,28.0,0.0,0.0,0.0,0.0,0.0,0.0,0.0,0.0,0.0,0.0,0.0,0.0,4.0,31.0,4.0,0.0,31.0,0.0,0.0,0.0,0.0,0.0,0.0,0.0,0.0,0.0,0.0,20.0,0.0,15.0,20.0,0.0,15.0,0.0,0.0,0.0,0.0,0.0,0.0,0.0,0.0,0.0,0.0,"Mar 17, 2016"
2956,2906010.0,24868.0,Wassit,Kut,Al Nahalat,النحالات,32.5747244789,46.2681743787,6.0,36.0,0.0,0.0,0.0,0.0,0.0,0.0,0.0,0.0,0.0,0.0,0.0,0.0,6.0,0.0,0.0,0.0,0.0,0.0,0.0,6.0,0.0,0.0,0.0,0.0,0.0,0.0,0.0,0.0,0.0,0.0,0.0,0.0,0.0,0.0,0.0,0.0,0.0,0.0,0.0,0.0,6.0,0.0,0.0,6.0,0.0,0.0,0.0,0.0,0.0,0.0,0.0,0.0,0.0,0.0,0.0,0.0,"Mar 17, 2016"
2957,2906011.0,24883.0,Wassit,Kut,Al Uroba 1,العروبة الاولى,32.4556186355,46.071892184,15.0,90.0,9.0,0.0,0.0,0.0,0.0,0.0,0.0,0.0,0.0,0.0,0.0,0.0,6.0,0.0,0.0,0.0,0.0,0.0,0.0,15.0,0.0,0.0,0.0,0.0,0.0,0.0,0.0,0.0,0.0,0.0,0.0,0.0,0.0,0.0,0.0,0.0,0.0,0.0,9.0,0.0,6.0,9.0,0.0,6.0,0.0,0.0,0.0,0.0,0.0,0.0,0.0,0.0,0.0,0.0,0.0,0.0,"Mar 17, 2016"
2958,2906012.0,22112.0,Wassit,Kut,Al-Jihad-Al Shaheed Dawood,الجهاد-الشهيد داود,32.471803737,45.8229616166,55.0,330.0,9.0,0.0,3.0,0.0,0.0,1.0,0.0,0.0,0.0,0.0,0.0,0.0,35.0,0.0,7.0,0.0,0.0,0.0,0.0,0.0,0.0,0.0,0.0,0.0,0.0,0.0,55.0,0.0,0.0,55.0,0.0,0.0,0.0,0.0,0.0,0.0,0.0,0.0,0.0,0.0,43.0,0.0,9.0,43.0,0.0,9.0,3.0,0.0,0.0,3.0,0.0,0.0,0.0,0.0,0.0,0.0,"Mar 17, 2016"
2959,2906013.0,24220.0,Wassit,Kut,Al Dujily-Al zahraa,الدجيلي-الزهراء,32.461983941,46.0729472952,15.0,90.0,0.0,0.0,0.0,0.0,0.0,0.0,0.0,0.0,0.0,0.0,0.0,0.0,15.0,0.0,0.0,0.0,0.0,0.0,0.0,8.0,0.0,0.0,0.0,0.0,0.0,3.0,4.0,3.0,0.0,4.0,0.0,0.0,0.0,0.0,0.0,0.0,0.0,0.0,0.0,0.0,13.0,0.0,2.0,13.0,0.0,2.0,0.0,0.0,0.0,0.0,0.0,0.0,0.0,0.0,0.0,0.0,"Mar 17, 2016"
2960,2906014.0,25587.0,Wassit,Kut,Hay Al-Abassya,حي العباسية,32.5014669284,45.8266226816,9.0,54.0,0.0,0.0,0.0,0.0,0.0,0.0,0.0,0.0,0.0,0.0,0.0,0.0,9.0,0.0,0.0,0.0,0.0,0.0,0.0,0.0,0.0,0.0,0.0,0.0,0.0,0.0,9.0,0.0,0.0,9.0,0.0,0.0,0.0,0.0,0.0,0.0,0.0,0.0,0.0,0.0,9.0,0.0,0.0,9.0,0.0,0.0,0.0,0.0,0.0,0.0,0.0,0.0,0.0,0.0,0.0,0.0,"Mar 17, 2016"
2961,2906015.0,19049.0,Wassit,Al-Na'maniya,Al-Ahrar city center,الاحرار المركز,32.5178688267,45.6079345325,165.0,990.0,32.0,0.0,0.0,0.0,0.0,0.0,0.0,0.0,0.0,0.0,0.0,0.0,133.0,0.0,0.0,0.0,0.0,0.0,0.0,18.0,0.0,0.0,0.0,0.0,0.0,70.0,77.0,70.0,0.0,77.0,0.0,0.0,0.0,0.0,0.0,0.0,0.0,0.0,0.0,0.0,0.0,0.0,133.0,0.0,0.0,133.0,32.0,0.0,0.0,32.0,0.0,0.0,0.0,0.0,0.0,0.0,"Mar 17, 2016"
2962,2906016.0,25586.0,Wassit,Kut,Al-Ansar Village,قرية الأنصار,32.5335479403,45.7645835512,9.0,54.0,0.0,0.0,0.0,0.0,0.0,0.0,0.0,0.0,5.0,0.0,0.0,0.0,4.0,0.0,0.0,0.0,0.0,0.0,0.0,1.0,0.0,0.0,0.0,0.0,0.0,0.0,8.0,0.0,0.0,8.0,0.0,0.0,0.0,0.0,0.0,0.0,0.0,0.0,0.0,0.0,5.0,0.0,4.0,5.0,0.0,4.0,0.0,0.0,0.0,0.0,0.0,0.0,0.0,0.0,0.0,0.0,"Mar 17, 2016"
2963,2906017.0,24867.0,Wassit,Kut,Al-Badreya village,قرية البدرية,32.4582794103,45.8004440096,17.0,102.0,0.0,0.0,0.0,0.0,0.0,0.0,0.0,0.0,0.0,0.0,0.0,0.0,17.0,0.0,0.0,0.0,0.0,0.0,0.0,14.0,0.0,0.0,0.0,0.0,0.0,3.0,0.0,3.0,0.0,0.0,0.0,0.0,0.0,0.0,0.0,0.0,0.0,0.0,0.0,0.0,17.0,0.0,0.0,17.0,0.0,0.0,0.0,0.0,0.0,0.0,0.0,0.0,0.0,0.0,0.0,0.0,"Mar 17, 2016"
2964,2906018.0,25321.0,Wassit,Kut,Al-Dujaily-36 Area,الدجيلي-منطقة 36,32.42049026,46.16604732,3.0,18.0,0.0,0.0,0.0,0.0,0.0,0.0,0.0,0.0,0.0,0.0,0.0,0.0,3.0,0.0,0.0,0.0,0.0,0.0,0.0,0.0,0.0,0.0,0.0,0.0,0.0,0.0,3.0,0.0,0.0,3.0,0.0,0.0,0.0,0.0,0.0,0.0,0.0,0.0,0.0,0.0,3.0,0.0,0.0,3.0,0.0,0.0,0.0,0.0,0.0,0.0,0.0,0.0,0.0,0.0,0.0,0.0,"Mar 17, 2016"
2965,2906019.0,25319.0,Wassit,Kut,Al-Dujaily-Al-Zahra 1,الدجيلي-الزهراء الأولى,32.46038996,46.07549358,7.0,42.0,0.0,0.0,0.0,0.0,0.0,0.0,0.0,0.0,0.0,0.0,0.0,0.0,7.0,0.0,0.0,0.0,0.0,0.0,0.0,0.0,0.0,0.0,0.0,0.0,0.0,0.0,7.0,0.0,0.0,7.0,0.0,0.0,0.0,0.0,0.0,0.0,0.0,0.0,0.0,0.0,7.0,0.0,0.0,7.0,0.0,0.0,0.0,0.0,0.0,0.0,0.0,0.0,0.0,0.0,0.0,0.0,"Mar 17, 2016"
2966,2906020.0,25320.0,Wassit,Kut,Al-Dujaily-Hai Al-Hussein,الدجيلي-حي الحسين,32.45184667,46.07483445,37.0,222.0,0.0,0.0,0.0,0.0,0.0,0.0,0.0,0.0,0.0,0.0,0.0,0.0,37.0,0.0,0.0,0.0,0.0,0.0,0.0,0.0,0.0,0.0,0.0,0.0,0.0,0.0,37.0,0.0,0.0,37.0,0.0,0.0,0.0,0.0,0.0,0.0,0.0,0.0,0.0,0.0,37.0,0.0,0.0,37.0,0.0,0.0,0.0,0.0,0.0,0.0,0.0,0.0,0.0,0.0,0.0,0.0,"Mar 17, 2016"
2967,2906021.0,25109.0,Wassit,Kut,Al-Eza Al-Jadida,العزة الجديدة,32.4833084031,45.8250216594,15.0,90.0,3.0,0.0,0.0,0.0,0.0,0.0,0.0,0.0,0.0,0.0,0.0,0.0,10.0,0.0,2.0,0.0,0.0,0.0,0.0,0.0,0.0,0.0,0.0,0.0,0.0,0.0,15.0,0.0,0.0,15.0,0.0,0.0,0.0,0.0,0.0,0.0,0.0,0.0,0.0,0.0,10.0,0.0,5.0,10.0,0.0,5.0,0.0,0.0,0.0,0.0,0.0,0.0,0.0,0.0,0.0,0.0,"Mar 17, 2016"
2968,2906022.0,25108.0,Wassit,Kut,Al-Eza Al-Qadima,العزة القديمة,32.4928596996,45.8155863283,20.0,120.0,12.0,0.0,0.0,0.0,0.0,0.0,0.0,0.0,0.0,0.0,0.0,0.0,8.0,0.0,0.0,0.0,0.0,0.0,0.0,3.0,0.0,0.0,0.0,0.0,0.0,0.0,17.0,0.0,0.0,17.0,0.0,0.0,0.0,0.0,0.0,0.0,0.0,0.0,0.0,0.0,8.0,0.0,10.0,8.0,0.0,10.0,2.0,0.0,0.0,2.0,0.0,0.0,0.0,0.0,0.0,0.0,"Mar 17, 2016"
2969,2906023.0,24261.0,Wassit,Kut,Hay Al-Hawaraa 3,حي الحوراء الثالثة,32.4870263336,45.8452815381,303.0,1818.0,11.0,0.0,3.0,0.0,0.0,0.0,0.0,0.0,21.0,0.0,0.0,0.0,268.0,0.0,0.0,0.0,0.0,0.0,0.0,2.0,0.0,0.0,0.0,0.0,0.0,13.0,258.0,13.0,0.0,258.0,0.0,0.0,0.0,0.0,30.0,0.0,0.0,30.0,0.0,0.0,281.0,0.0,0.0,281.0,13.0,0.0,9.0,13.0,0.0,9.0,0.0,0.0,0.0,0.0,0.0,0.0,"Mar 17, 2016"
2970,2906024.0,19214.0,Wassit,Kut,Al-chabab,قرية الجباب,32.6369235391,46.1799549298,6.0,36.0,0.0,0.0,0.0,0.0,0.0,0.0,0.0,0.0,0.0,0.0,0.0,0.0,6.0,0.0,0.0,0.0,0.0,0.0,0.0,0.0,0.0,0.0,0.0,0.0,0.0,6.0,0.0,6.0,0.0,0.0,0.0,0.0,0.0,0.0,0.0,0.0,0.0,0.0,0.0,0.0,6.0,0.0,0.0,6.0,0.0,0.0,0.0,0.0,0.0,0.0,0.0,0.0,0.0,0.0,0.0,0.0,"Mar 17, 2016"
2971,2906025.0,25103.0,Wassit,Kut,Al-Jihad Al-Zahraa,الجهاد الزهراء,32.478340628,45.8128393005,20.0,120.0,0.0,0.0,0.0,0.0,0.0,0.0,0.0,0.0,0.0,0.0,0.0,0.0,19.0,0.0,1.0,0.0,0.0,0.0,0.0,0.0,0.0,0.0,0.0,0.0,0.0,0.0,20.0,0.0,0.0,20.0,0.0,0.0,0.0,0.0,0.0,0.0,0.0,0.0,0.0,0.0,19.0,0.0,1.0,19.0,0.0,1.0,0.0,0.0,0.0,0.0,0.0,0.0,0.0,0.0,0.0,0.0,"Mar 17, 2016"
2972,2906026.0,25106.0,Wassit,Kut,Al-Jihad-Al-Sajad,الجهاد-السجاد,32.4737596981,45.8208688196,35.0,210.0,0.0,0.0,0.0,0.0,0.0,0.0,0.0,0.0,13.0,0.0,0.0,0.0,20.0,0.0,2.0,0.0,0.0,0.0,0.0,35.0,0.0,0.0,0.0,0.0,0.0,0.0,0.0,0.0,0.0,0.0,0.0,0.0,0.0,0.0,0.0,0.0,0.0,0.0,0.0,0.0,22.0,0.0,13.0,22.0,0.0,13.0,0.0,0.0,0.0,0.0,0.0,0.0,0.0,0.0,0.0,0.0,"Mar 17, 2016"
2973,2906027.0,24866.0,Wassit,Kut,Hay Al-Kadhraa,حي الخضراء,32.53390113,45.7848185,11.0,66.0,0.0,0.0,0.0,0.0,0.0,0.0,0.0,0.0,2.0,0.0,0.0,0.0,8.0,0.0,1.0,0.0,0.0,0.0,0.0,0.0,0.0,0.0,0.0,0.0,0.0,0.0,11.0,0.0,0.0,11.0,0.0,0.0,0.0,0.0,0.0,0.0,0.0,0.0,0.0,0.0,11.0,0.0,0.0,11.0,0.0,0.0,0.0,0.0,0.0,0.0,0.0,0.0,0.0,0.0,0.0,0.0,"Mar 17, 2016"
2974,2906028.0,19170.0,Wassit,Kut,Hay Al-khawarnaq,حي الخورنق,32.55653865,45.68901993,15.0,90.0,0.0,0.0,0.0,0.0,0.0,0.0,0.0,0.0,0.0,0.0,0.0,0.0,15.0,0.0,0.0,0.0,0.0,0.0,0.0,0.0,0.0,0.0,0.0,0.0,0.0,15.0,0.0,15.0,0.0,0.0,0.0,0.0,0.0,0.0,0.0,0.0,0.0,0.0,0.0,0.0,15.0,0.0,0.0,15.0,0.0,0.0,0.0,0.0,0.0,0.0,0.0,0.0,0.0,0.0,0.0,0.0,"Mar 17, 2016"
2975,2906029.0,24871.0,Wassit,Kut,Al-Oroba 2,العروبة الثانية,32.456975,46.067745,6.0,36.0,0.0,0.0,0.0,0.0,0.0,0.0,0.0,0.0,0.0,0.0,0.0,0.0,6.0,0.0,0.0,0.0,0.0,0.0,0.0,0.0,0.0,0.0,0.0,0.0,0.0,0.0,6.0,0.0,0.0,6.0,0.0,0.0,0.0,0.0,0.0,0.0,0.0,0.0,0.0,0.0,6.0,0.0,0.0,6.0,0.0,0.0,0.0,0.0,0.0,0.0,0.0,0.0,0.0,0.0,0.0,0.0,"Mar 17, 2016"
2976,2906030.0,24881.0,Wassit,Kut,Al-Oroba-Hay Al-Ansar,العروبة حي الانصار,32.45442656,46.06594682,6.0,36.0,0.0,0.0,0.0,0.0,0.0,0.0,0.0,0.0,0.0,0.0,0.0,0.0,6.0,0.0,0.0,0.0,0.0,0.0,0.0,0.0,0.0,0.0,0.0,0.0,0.0,0.0,6.0,0.0,0.0,6.0,0.0,0.0,0.0,0.0,0.0,0.0,0.0,0.0,0.0,0.0,6.0,0.0,0.0,6.0,0.0,0.0,0.0,0.0,0.0,0.0,0.0,0.0,0.0,0.0,0.0,0.0,"Mar 17, 2016"
2977,2906031.0,24784.0,Wassit,Kut,Al-Sebtain W Al-Maamel,السبطين والمعامل,32.5805673196,45.6133312214,9.0,54.0,0.0,0.0,0.0,0.0,0.0,0.0,0.0,0.0,0.0,0.0,0.0,0.0,9.0,0.0,0.0,0.0,0.0,0.0,0.0,0.0,0.0,0.0,0.0,0.0,0.0,9.0,0.0,9.0,0.0,0.0,0.0,0.0,0.0,0.0,0.0,0.0,0.0,0.0,0.0,0.0,9.0,0.0,0.0,9.0,0.0,0.0,0.0,0.0,0.0,0.0,0.0,0.0,0.0,0.0,0.0,0.0,"Mar 17, 2016"
2978,2906032.0,25104.0,Wassit,Kut,Al-Shuhadaa 3,الشهداء الثالثة,32.5424609346,45.8230237141,24.0,144.0,18.0,0.0,0.0,0.0,0.0,0.0,0.0,0.0,1.0,0.0,0.0,0.0,1.0,0.0,4.0,0.0,0.0,0.0,0.0,0.0,0.0,0.0,0.0,0.0,0.0,0.0,24.0,0.0,0.0,24.0,0.0,0.0,0.0,0.0,0.0,0.0,0.0,0.0,0.0,0.0,6.0,0.0,0.0,6.0,10.0,0.0,8.0,10.0,0.0,8.0,0.0,0.0,0.0,0.0,0.0,0.0,"Mar 17, 2016"
2979,2906033.0,25105.0,Wassit,Kut,Al-Shuhadaa 4,الشهداء الرابعة,32.5462294265,45.8312631219,29.0,174.0,20.0,0.0,0.0,0.0,0.0,0.0,0.0,0.0,1.0,0.0,0.0,0.0,5.0,0.0,3.0,0.0,0.0,0.0,0.0,9.0,0.0,0.0,0.0,0.0,0.0,0.0,20.0,0.0,0.0,20.0,0.0,0.0,0.0,0.0,0.0,0.0,0.0,0.0,12.0,0.0,9.0,12.0,0.0,9.0,0.0,0.0,8.0,0.0,0.0,8.0,0.0,0.0,0.0,0.0,0.0,0.0,"Mar 17, 2016"
2980,2906034.0,24785.0,Wassit,Kut,Al-Wafdin Al-Sadrain,الوافدين الصدرين,32.4828975876,45.9077467372,23.0,138.0,0.0,0.0,0.0,0.0,0.0,2.0,0.0,0.0,0.0,0.0,0.0,0.0,21.0,0.0,0.0,0.0,0.0,0.0,0.0,4.0,0.0,0.0,0.0,0.0,0.0,4.0,15.0,4.0,0.0,15.0,0.0,0.0,0.0,0.0,0.0,0.0,0.0,0.0,0.0,0.0,23.0,0.0,0.0,23.0,0.0,0.0,0.0,0.0,0.0,0.0,0.0,0.0,0.0,0.0,0.0,0.0,"Mar 17, 2016"
2981,2906035.0,24872.0,Wassit,Kut,Al-Zahra 2,الزهراء الثانية,32.46448233,46.08122471,9.0,54.0,0.0,0.0,0.0,0.0,0.0,0.0,0.0,0.0,0.0,0.0,0.0,0.0,9.0,0.0,0.0,0.0,0.0,0.0,0.0,0.0,0.0,0.0,0.0,0.0,0.0,0.0,9.0,0.0,0.0,9.0,0.0,0.0,0.0,0.0,0.0,0.0,0.0,0.0,0.0,0.0,9.0,0.0,0.0,9.0,0.0,0.0,0.0,0.0,0.0,0.0,0.0,0.0,0.0,0.0,0.0,0.0,"Mar 17, 2016"
2982,2906036.0,24880.0,Wassit,Kut,Al-Zahra-Al-Jihad,الزهراء الجهاد,32.46105927,46.07679246,7.0,42.0,0.0,0.0,0.0,0.0,0.0,0.0,0.0,0.0,0.0,0.0,0.0,0.0,7.0,0.0,0.0,0.0,0.0,0.0,0.0,0.0,0.0,0.0,0.0,0.0,0.0,0.0,7.0,0.0,0.0,7.0,0.0,0.0,0.0,0.0,0.0,0.0,0.0,0.0,0.0,0.0,7.0,0.0,0.0,7.0,0.0,0.0,0.0,0.0,0.0,0.0,0.0,0.0,0.0,0.0,0.0,0.0,"Mar 17, 2016"
2983,2906037.0,24882.0,Wassit,Kut,Al-Zahra Al-Karavanat,الزهراء الكرفانات,32.46263131,46.0792003323,8.0,48.0,0.0,0.0,0.0,0.0,0.0,0.0,0.0,0.0,0.0,0.0,0.0,0.0,8.0,0.0,0.0,0.0,0.0,0.0,0.0,8.0,0.0,0.0,0.0,0.0,0.0,0.0,0.0,0.0,0.0,0.0,0.0,0.0,0.0,0.0,0.0,0.0,0.0,0.0,0.0,0.0,8.0,0.0,0.0,8.0,0.0,0.0,0.0,0.0,0.0,0.0,0.0,0.0,0.0,0.0,0.0,0.0,"Mar 17, 2016"
2984,2906038.0,21868.0,Wassit,Kut,Anwar Al Sadur,انوار الصدر,32.5235158988,45.8475112038,34.0,204.0,8.0,0.0,0.0,0.0,0.0,0.0,0.0,0.0,5.0,0.0,0.0,0.0,13.0,0.0,8.0,0.0,0.0,0.0,0.0,0.0,0.0,0.0,0.0,0.0,0.0,0.0,34.0,0.0,0.0,34.0,0.0,0.0,0.0,0.0,0.0,0.0,0.0,0.0,0.0,0.0,13.0,0.0,21.0,13.0,0.0,21.0,0.0,0.0,0.0,0.0,0.0,0.0,0.0,0.0,0.0,0.0,"Mar 17, 2016"
2985,2906039.0,25322.0,Wassit,Kut,Anwar Al Sadur-Al-Ghader,انوار الصدر-الغدير,32.5131732965,45.8401989914,16.0,96.0,0.0,0.0,0.0,0.0,0.0,0.0,0.0,0.0,0.0,0.0,0.0,0.0,13.0,0.0,3.0,0.0,0.0,0.0,0.0,0.0,0.0,0.0,0.0,0.0,0.0,0.0,16.0,0.0,0.0,16.0,0.0,0.0,0.0,0.0,0.0,0.0,0.0,0.0,0.0,0.0,10.0,0.0,3.0,10.0,3.0,3.0,0.0,3.0,0.0,0.0,0.0,0.0,0.0,0.0,0.0,0.0,"Mar 17, 2016"
2986,2906040.0,19555.0,Wassit,Kut,Damook 150,داموك 150,32.5316125328,45.821034634,86.0,516.0,4.0,0.0,0.0,0.0,0.0,0.0,0.0,0.0,6.0,0.0,0.0,0.0,76.0,0.0,0.0,0.0,0.0,0.0,0.0,20.0,0.0,0.0,0.0,0.0,0.0,13.0,53.0,13.0,0.0,53.0,0.0,0.0,0.0,0.0,0.0,0.0,0.0,0.0,0.0,0.0,86.0,0.0,0.0,86.0,0.0,0.0,0.0,0.0,0.0,0.0,0.0,0.0,0.0,0.0,0.0,0.0,"Mar 17, 2016"
2987,2906041.0,24758.0,Wassit,Kut,Damook Al-Dhbat,داموك الضباط,32.5327328961,45.8316635014,55.0,330.0,10.0,0.0,0.0,0.0,0.0,0.0,0.0,0.0,0.0,0.0,0.0,0.0,45.0,0.0,0.0,0.0,0.0,0.0,0.0,0.0,0.0,0.0,0.0,0.0,0.0,0.0,55.0,0.0,0.0,55.0,0.0,0.0,0.0,0.0,0.0,0.0,0.0,0.0,0.0,0.0,45.0,0.0,0.0,45.0,0.0,0.0,10.0,0.0,0.0,10.0,0.0,0.0,0.0,0.0,0.0,0.0,"Mar 17, 2016"
2988,2906042.0,19554.0,Wassit,Kut,Damook-Al-Hurriya,داموك الحرية,32.5375538407,45.8245379981,22.0,132.0,8.0,0.0,0.0,0.0,0.0,0.0,0.0,0.0,2.0,0.0,0.0,0.0,12.0,0.0,0.0,0.0,0.0,0.0,0.0,0.0,0.0,0.0,0.0,0.0,0.0,6.0,16.0,6.0,0.0,16.0,0.0,0.0,0.0,0.0,0.0,0.0,0.0,0.0,0.0,0.0,14.0,0.0,0.0,14.0,0.0,0.0,8.0,0.0,0.0,8.0,0.0,0.0,0.0,0.0,0.0,0.0,"Mar 17, 2016"
2989,2906043.0,19064.0,Wassit,Kut,Door al-Umal,دور العمال,32.5288961024,45.8222148821,24.0,144.0,3.0,0.0,0.0,0.0,0.0,0.0,0.0,0.0,0.0,0.0,0.0,0.0,21.0,0.0,0.0,0.0,0.0,0.0,0.0,0.0,0.0,0.0,0.0,0.0,0.0,14.0,10.0,14.0,0.0,10.0,0.0,0.0,0.0,0.0,0.0,0.0,0.0,0.0,3.0,0.0,21.0,3.0,0.0,21.0,0.0,0.0,0.0,0.0,0.0,0.0,0.0,0.0,0.0,0.0,0.0,0.0,"Mar 17, 2016"
2990,2906044.0,18621.0,Wassit,Kut,Hai Al-Emam Ali,حي الامام علي ,32.51229675,45.81618357,2.0,12.0,0.0,0.0,0.0,0.0,0.0,0.0,0.0,0.0,0.0,0.0,0.0,0.0,0.0,0.0,2.0,0.0,0.0,0.0,0.0,2.0,0.0,0.0,0.0,0.0,0.0,0.0,0.0,0.0,0.0,0.0,0.0,0.0,0.0,0.0,0.0,0.0,0.0,0.0,0.0,0.0,0.0,0.0,2.0,0.0,0.0,2.0,0.0,0.0,0.0,0.0,0.0,0.0,0.0,0.0,0.0,0.0,"Mar 17, 2016"
2991,2906045.0,25317.0,Wassit,Kut,Hay Al-Emam Ali-2,حي الامام علي الثانيه,32.5133543321,45.813947639,5.0,30.0,1.0,0.0,0.0,0.0,0.0,2.0,0.0,0.0,1.0,0.0,0.0,0.0,1.0,0.0,0.0,0.0,0.0,0.0,0.0,0.0,0.0,0.0,0.0,0.0,0.0,0.0,5.0,0.0,0.0,5.0,0.0,0.0,0.0,0.0,0.0,0.0,0.0,0.0,0.0,0.0,3.0,0.0,2.0,3.0,0.0,2.0,0.0,0.0,0.0,0.0,0.0,0.0,0.0,0.0,0.0,0.0,"Mar 17, 2016"
2992,2906046.0,25318.0,Wassit,Kut,Hay Al-Emam Ali-3,حي الامام علي الثالثه,32.50702861,45.8207964,1.0,6.0,0.0,0.0,0.0,0.0,0.0,0.0,0.0,0.0,0.0,0.0,0.0,0.0,1.0,0.0,0.0,0.0,0.0,0.0,0.0,1.0,0.0,0.0,0.0,0.0,0.0,0.0,0.0,0.0,0.0,0.0,0.0,0.0,0.0,0.0,0.0,0.0,0.0,0.0,0.0,0.0,1.0,0.0,0.0,1.0,0.0,0.0,0.0,0.0,0.0,0.0,0.0,0.0,0.0,0.0,0.0,0.0,"Mar 17, 2016"
2993,2906048.0,23703.0,Wassit,Kut,Al Hoqoqein,الحقوقيين,32.5390864197,45.826404023,25.0,150.0,10.0,0.0,0.0,0.0,0.0,0.0,0.0,0.0,0.0,0.0,0.0,0.0,15.0,0.0,0.0,0.0,0.0,0.0,0.0,16.0,0.0,0.0,0.0,0.0,0.0,4.0,5.0,4.0,0.0,5.0,0.0,0.0,0.0,0.0,0.0,0.0,0.0,0.0,0.0,0.0,0.0,0.0,15.0,0.0,0.0,15.0,10.0,0.0,0.0,10.0,0.0,0.0,0.0,0.0,0.0,0.0,"Mar 17, 2016"
2994,2906049.0,19553.0,Wassit,Kut,Hay Al Hussein,حي الحسين,32.56196555,46.27768183,1.0,6.0,0.0,0.0,0.0,0.0,0.0,0.0,0.0,0.0,0.0,0.0,0.0,0.0,1.0,0.0,0.0,0.0,0.0,0.0,0.0,1.0,0.0,0.0,0.0,0.0,0.0,0.0,0.0,0.0,0.0,0.0,0.0,0.0,0.0,0.0,0.0,0.0,0.0,0.0,0.0,0.0,1.0,0.0,0.0,1.0,0.0,0.0,0.0,0.0,0.0,0.0,0.0,0.0,0.0,0.0,0.0,0.0,"Mar 17, 2016"
2995,2906050.0,24262.0,Wassit,Kut,Hay Al Jawadeen Al-Ula,حي الجوادين الاولى,32.517205503,45.8444548128,17.0,102.0,4.0,0.0,0.0,0.0,0.0,0.0,0.0,0.0,0.0,0.0,0.0,0.0,13.0,0.0,0.0,0.0,0.0,0.0,0.0,6.0,0.0,0.0,0.0,0.0,0.0,0.0,8.0,0.0,0.0,8.0,0.0,0.0,0.0,0.0,3.0,0.0,0.0,3.0,0.0,0.0,13.0,0.0,0.0,13.0,0.0,0.0,4.0,0.0,0.0,4.0,0.0,0.0,0.0,0.0,0.0,0.0,"Mar 17, 2016"
2996,2906051.0,22693.0,Wassit,Kut,Al-Jihad-Al Thaqalain,الجهاد-الثقلين,32.4807578385,45.814300292,11.0,66.0,2.0,0.0,0.0,0.0,0.0,0.0,0.0,0.0,0.0,0.0,0.0,0.0,9.0,0.0,0.0,0.0,0.0,0.0,0.0,0.0,0.0,0.0,0.0,0.0,0.0,9.0,0.0,9.0,0.0,0.0,0.0,0.0,0.0,0.0,0.0,0.0,2.0,0.0,0.0,2.0,9.0,0.0,2.0,9.0,0.0,2.0,0.0,0.0,0.0,0.0,0.0,0.0,0.0,0.0,0.0,0.0,"Mar 17, 2016"
2997,2906052.0,23968.0,Wassit,Kut,Hay Al Wehda,حي الوحدة,32.5040388764,45.8319275842,18.0,108.0,2.0,0.0,0.0,0.0,0.0,0.0,0.0,0.0,0.0,0.0,0.0,0.0,16.0,0.0,0.0,0.0,0.0,0.0,0.0,0.0,0.0,0.0,0.0,0.0,0.0,18.0,0.0,18.0,0.0,0.0,0.0,0.0,0.0,0.0,0.0,0.0,0.0,0.0,2.0,0.0,0.0,2.0,16.0,0.0,0.0,16.0,0.0,0.0,0.0,0.0,0.0,0.0,0.0,0.0,0.0,0.0,"Mar 17, 2016"
2998,2906053.0,24825.0,Wassit,Kut,Hay Al Zahraa 1,الزهراء الاولى,32.46201532,46.07485922,15.0,90.0,0.0,0.0,0.0,0.0,0.0,0.0,0.0,0.0,0.0,0.0,0.0,0.0,15.0,0.0,0.0,0.0,0.0,0.0,0.0,0.0,0.0,0.0,0.0,0.0,0.0,4.0,11.0,4.0,0.0,11.0,0.0,0.0,0.0,0.0,0.0,0.0,0.0,0.0,0.0,0.0,15.0,0.0,0.0,15.0,0.0,0.0,0.0,0.0,0.0,0.0,0.0,0.0,0.0,0.0,0.0,0.0,"Mar 17, 2016"
2999,2906054.0,19037.0,Wassit,Kut,Al-haidariyah,الحيدرية,32.507915083,45.8150072895,3.0,18.0,0.0,0.0,0.0,0.0,0.0,1.0,0.0,0.0,0.0,0.0,0.0,0.0,2.0,0.0,0.0,0.0,0.0,0.0,0.0,0.0,0.0,0.0,0.0,0.0,0.0,0.0,3.0,0.0,0.0,3.0,0.0,0.0,0.0,0.0,0.0,0.0,0.0,0.0,0.0,0.0,3.0,0.0,0.0,3.0,0.0,0.0,0.0,0.0,0.0,0.0,0.0,0.0,0.0,0.0,0.0,0.0,"Mar 17, 2016"
3000,2906055.0,20872.0,Wassit,Kut,Hay Al-Hakeem,حي الحكيم,32.5390314701,45.8555222628,70.0,420.0,5.0,0.0,0.0,0.0,0.0,6.0,0.0,0.0,0.0,0.0,0.0,0.0,56.0,0.0,3.0,0.0,0.0,0.0,0.0,6.0,0.0,0.0,0.0,0.0,0.0,14.0,50.0,14.0,0.0,50.0,0.0,0.0,0.0,0.0,0.0,0.0,0.0,0.0,2.0,0.0,3.0,2.0,62.0,3.0,0.0,62.0,3.0,0.0,0.0,3.0,0.0,0.0,0.0,0.0,0.0,0.0,"Mar 17, 2016"
3001,2906056.0,24826.0,Wassit,Kut,Hay Al-Karar,حي الكرار,32.5268316355,45.8211332611,37.0,222.0,3.0,0.0,0.0,0.0,0.0,0.0,0.0,0.0,0.0,0.0,0.0,0.0,34.0,0.0,0.0,0.0,0.0,0.0,0.0,0.0,0.0,0.0,0.0,0.0,0.0,0.0,37.0,0.0,0.0,37.0,0.0,0.0,0.0,0.0,0.0,0.0,0.0,0.0,0.0,0.0,34.0,0.0,0.0,34.0,0.0,0.0,3.0,0.0,0.0,3.0,0.0,0.0,0.0,0.0,0.0,0.0,"Mar 17, 2016"
3002,2906057.0,19033.0,Wassit,Kut,Hay al-mualimen,حي المعلمين,32.505946,45.814111,45.0,270.0,0.0,0.0,0.0,0.0,0.0,0.0,0.0,0.0,0.0,0.0,0.0,0.0,44.0,0.0,1.0,0.0,0.0,0.0,0.0,0.0,45.0,0.0,0.0,0.0,0.0,0.0,0.0,0.0,0.0,0.0,0.0,0.0,0.0,0.0,0.0,0.0,0.0,0.0,0.0,0.0,40.0,0.0,5.0,40.0,0.0,5.0,0.0,0.0,0.0,0.0,0.0,0.0,0.0,0.0,0.0,0.0,"Mar 17, 2016"
3003,2906058.0,19531.0,Wassit,Kut,Hay Al-Shuhadaa,حي الشهداء,32.5433752031,45.8269253866,19.0,114.0,3.0,0.0,0.0,0.0,0.0,0.0,0.0,0.0,0.0,0.0,0.0,0.0,16.0,0.0,0.0,0.0,0.0,0.0,0.0,3.0,0.0,0.0,0.0,0.0,0.0,16.0,0.0,16.0,0.0,0.0,0.0,0.0,0.0,0.0,0.0,0.0,0.0,0.0,3.0,0.0,0.0,3.0,0.0,0.0,16.0,0.0,0.0,16.0,0.0,0.0,0.0,0.0,0.0,0.0,0.0,0.0,"Mar 17, 2016"
3004,2906059.0,19070.0,Wassit,Kut,Hay al-zahraa,حي الزهراء,32.5229187399,45.8187023097,96.0,576.0,12.0,0.0,0.0,0.0,0.0,0.0,0.0,0.0,0.0,0.0,0.0,0.0,82.0,0.0,2.0,0.0,0.0,0.0,0.0,57.0,0.0,0.0,0.0,0.0,0.0,10.0,29.0,10.0,0.0,29.0,0.0,0.0,0.0,0.0,0.0,0.0,0.0,0.0,12.0,0.0,26.0,12.0,58.0,26.0,0.0,58.0,0.0,0.0,0.0,0.0,0.0,0.0,0.0,0.0,0.0,0.0,"Mar 17, 2016"
3005,2906060.0,24824.0,Wassit,Kut,Hay Askari-1,حي العسكري الاولى,32.5136670593,45.8610752289,42.0,252.0,0.0,0.0,0.0,0.0,0.0,0.0,0.0,0.0,0.0,0.0,0.0,0.0,42.0,0.0,0.0,0.0,0.0,0.0,0.0,0.0,0.0,0.0,0.0,0.0,0.0,0.0,42.0,0.0,0.0,42.0,0.0,0.0,0.0,0.0,0.0,0.0,0.0,0.0,0.0,0.0,42.0,0.0,0.0,42.0,0.0,0.0,0.0,0.0,0.0,0.0,0.0,0.0,0.0,0.0,0.0,0.0,"Mar 17, 2016"
3006,2906061.0,24640.0,Wassit,Kut,Al-Jihad-Al-Zanabra,الجهاد-الزنابرة,32.4722262469,45.8122114661,6.0,36.0,0.0,0.0,0.0,0.0,0.0,0.0,0.0,0.0,0.0,0.0,0.0,0.0,6.0,0.0,0.0,0.0,0.0,0.0,0.0,0.0,0.0,0.0,0.0,0.0,0.0,0.0,6.0,0.0,0.0,6.0,0.0,0.0,0.0,0.0,0.0,0.0,0.0,0.0,0.0,0.0,6.0,0.0,0.0,6.0,0.0,0.0,0.0,0.0,0.0,0.0,0.0,0.0,0.0,0.0,0.0,0.0,"Mar 17, 2016"
3007,2906062.0,19541.0,Wassit,Kut,Khajia –Hay Al Rassol,الخاجية حي الرسول,32.5305209887,45.7968794059,30.0,180.0,24.0,0.0,2.0,0.0,0.0,1.0,0.0,0.0,1.0,0.0,0.0,0.0,0.0,0.0,2.0,0.0,0.0,0.0,0.0,0.0,0.0,0.0,0.0,0.0,0.0,0.0,30.0,0.0,0.0,30.0,0.0,0.0,0.0,0.0,0.0,0.0,0.0,0.0,0.0,0.0,6.0,0.0,10.0,6.0,10.0,10.0,4.0,10.0,0.0,4.0,0.0,0.0,0.0,0.0,0.0,0.0,"Mar 17, 2016"
3008,2906063.0,24870.0,Wassit,Kut,Said Naji village,قرية سيد ناجي,32.547466,45.717297,14.0,84.0,0.0,0.0,0.0,0.0,0.0,0.0,0.0,0.0,0.0,0.0,0.0,0.0,14.0,0.0,0.0,0.0,0.0,0.0,0.0,14.0,0.0,0.0,0.0,0.0,0.0,0.0,0.0,0.0,0.0,0.0,0.0,0.0,0.0,0.0,0.0,0.0,0.0,0.0,0.0,0.0,14.0,0.0,0.0,14.0,0.0,0.0,0.0,0.0,0.0,0.0,0.0,0.0,0.0,0.0,0.0,0.0,"Mar 17, 2016"
3009,2906064.0,24787.0,Wassit,Kut,Sewada Said Shati,سوادة وسيد شاطي,32.5946979347,45.9477029755,29.0,174.0,0.0,0.0,0.0,0.0,0.0,0.0,0.0,0.0,0.0,0.0,0.0,0.0,29.0,0.0,0.0,0.0,0.0,0.0,0.0,14.0,0.0,0.0,0.0,0.0,0.0,3.0,12.0,3.0,0.0,12.0,0.0,0.0,0.0,0.0,0.0,0.0,0.0,0.0,0.0,0.0,29.0,0.0,0.0,29.0,0.0,0.0,0.0,0.0,0.0,0.0,0.0,0.0,0.0,0.0,0.0,0.0,"Mar 17, 2016"
3010,2906065.0,25107.0,Wassit,Kut,Sewada-Al-Baydhaa village,السوادة-قرية البيضاء,32.6529979722,46.0773995466,12.0,72.0,0.0,0.0,0.0,0.0,0.0,0.0,0.0,0.0,0.0,0.0,0.0,0.0,12.0,0.0,0.0,0.0,0.0,0.0,0.0,0.0,0.0,0.0,0.0,0.0,0.0,4.0,8.0,4.0,0.0,8.0,0.0,0.0,0.0,0.0,0.0,0.0,0.0,0.0,0.0,0.0,12.0,0.0,0.0,12.0,0.0,0.0,0.0,0.0,0.0,0.0,0.0,0.0,0.0,0.0,0.0,0.0,"Mar 17, 2016"
3011,2906066.0,24873.0,Wassit,Kut,Shakha 9,شاخة 9,32.40639737,46.18051099,4.0,24.0,0.0,0.0,0.0,0.0,0.0,0.0,0.0,0.0,0.0,0.0,0.0,0.0,4.0,0.0,0.0,0.0,0.0,0.0,0.0,0.0,0.0,0.0,0.0,0.0,0.0,0.0,4.0,0.0,0.0,4.0,0.0,0.0,0.0,0.0,0.0,0.0,0.0,0.0,0.0,0.0,4.0,0.0,0.0,4.0,0.0,0.0,0.0,0.0,0.0,0.0,0.0,0.0,0.0,0.0,0.0,0.0,"Mar 17, 2016"
3012,2906067.0,18435.0,Wassit,Kut,Shaikh Saad,شيخ سعد,32.5659209372,46.2745914235,10.0,60.0,0.0,0.0,0.0,0.0,0.0,0.0,0.0,0.0,0.0,0.0,0.0,0.0,10.0,0.0,0.0,0.0,0.0,0.0,0.0,6.0,0.0,0.0,0.0,0.0,0.0,4.0,0.0,4.0,0.0,0.0,0.0,0.0,0.0,0.0,0.0,0.0,0.0,0.0,0.0,0.0,0.0,0.0,10.0,0.0,0.0,10.0,0.0,0.0,0.0,0.0,0.0,0.0,0.0,0.0,0.0,0.0,"Mar 17, 2016"
3013,2906068.0,19551.0,Wassit,Kut,Technical Institute,معهد فني ,32.4506221244,45.9028489203,35.0,210.0,4.0,0.0,0.0,0.0,0.0,0.0,0.0,0.0,0.0,0.0,0.0,0.0,25.0,0.0,6.0,0.0,0.0,0.0,0.0,0.0,0.0,0.0,0.0,0.0,0.0,12.0,23.0,12.0,0.0,23.0,0.0,0.0,0.0,0.0,0.0,0.0,0.0,0.0,0.0,0.0,25.0,0.0,6.0,25.0,0.0,6.0,4.0,0.0,0.0,4.0,0.0,0.0,0.0,0.0,0.0,0.0,"Mar 17, 2016"
3014,2906069.0,20948.0,Wassit,Kut,Um Hulail Village,ام هليل,32.5315482091,45.7644747378,20.0,120.0,0.0,0.0,0.0,0.0,0.0,0.0,0.0,0.0,0.0,0.0,0.0,0.0,20.0,0.0,0.0,0.0,0.0,0.0,0.0,0.0,0.0,0.0,0.0,0.0,0.0,20.0,0.0,20.0,0.0,0.0,0.0,0.0,0.0,0.0,0.0,0.0,0.0,0.0,0.0,0.0,0.0,0.0,0.0,0.0,20.0,0.0,0.0,20.0,0.0,0.0,0.0,0.0,0.0,0.0,0.0,0.0,"Mar 17, 2016"
3015,2906070.0,27275.0,Wassit,Kut,Al-Hassan Al-Askari Al-Thania,الحسن العسكري الثانيه,32.5324789235,45.7912212,37.0,222.0,0.0,0.0,0.0,0.0,0.0,0.0,0.0,0.0,0.0,0.0,0.0,0.0,37.0,0.0,0.0,0.0,0.0,0.0,0.0,0.0,0.0,0.0,0.0,0.0,0.0,12.0,25.0,12.0,0.0,25.0,0.0,0.0,0.0,0.0,0.0,0.0,0.0,0.0,0.0,0.0,37.0,0.0,0.0,37.0,0.0,0.0,0.0,0.0,0.0,0.0,0.0,0.0,0.0,0.0,0.0,0.0,"Mar 17, 2016"
3016,2906071.0,27276.0,Wassit,Kut,Al-Umarat-Al-Mutamaizeen,العمارات المتميزين,32.5177429718,45.8017850636,67.0,402.0,21.0,0.0,5.0,0.0,0.0,0.0,0.0,0.0,0.0,0.0,0.0,0.0,38.0,0.0,3.0,0.0,0.0,0.0,0.0,0.0,0.0,0.0,0.0,0.0,0.0,0.0,67.0,0.0,0.0,67.0,0.0,0.0,0.0,0.0,0.0,0.0,0.0,0.0,3.0,0.0,36.0,3.0,7.0,36.0,0.0,7.0,21.0,0.0,0.0,21.0,0.0,0.0,0.0,0.0,0.0,0.0,"Mar 17, 2016"
3017,2906072.0,27277.0,Wassit,Kut,Al Hakeem Al-Ula,الحكيم الأولى,32.529881711,45.8396483069,4.0,24.0,0.0,0.0,0.0,0.0,0.0,0.0,0.0,0.0,0.0,0.0,0.0,0.0,4.0,0.0,0.0,0.0,0.0,0.0,0.0,0.0,0.0,0.0,0.0,0.0,0.0,0.0,4.0,0.0,0.0,4.0,0.0,0.0,0.0,0.0,0.0,0.0,0.0,0.0,0.0,0.0,4.0,0.0,0.0,4.0,0.0,0.0,0.0,0.0,0.0,0.0,0.0,0.0,0.0,0.0,0.0,0.0,"Mar 17, 2016"
3018,2906073.0,27278.0,Wassit,Kut,Al Hakeem Al-Thania,الحكيم الثانيه,32.5358911059,45.8570799654,2.0,12.0,0.0,0.0,0.0,0.0,0.0,0.0,0.0,0.0,0.0,0.0,0.0,0.0,2.0,0.0,0.0,0.0,0.0,0.0,0.0,0.0,0.0,0.0,0.0,0.0,0.0,0.0,2.0,0.0,0.0,2.0,0.0,0.0,0.0,0.0,0.0,0.0,0.0,0.0,0.0,0.0,2.0,0.0,0.0,2.0,0.0,0.0,0.0,0.0,0.0,0.0,0.0,0.0,0.0,0.0,0.0,0.0,"Mar 17, 2016"
3019,2906074.0,27383.0,Wassit,Kut,Hay Al Jawadeen Al-Thalitha,حي الجوادين الثالثه,32.5110396113,45.8569685935,35.0,210.0,10.0,0.0,0.0,0.0,0.0,8.0,0.0,0.0,7.0,0.0,0.0,0.0,10.0,0.0,0.0,0.0,0.0,0.0,0.0,6.0,0.0,0.0,0.0,0.0,0.0,0.0,29.0,0.0,0.0,29.0,0.0,0.0,0.0,0.0,0.0,0.0,0.0,0.0,8.0,0.0,10.0,8.0,7.0,10.0,0.0,7.0,10.0,0.0,0.0,10.0,0.0,0.0,0.0,0.0,0.0,0.0,"Mar 17, 2016"
3020,3101001.0,24228.0,Basrah,Abu Al-Khaseeb,Abo Jawzy,البصرة-ابو الخصيب-ابو الجوزي,30.48193639,47.8625267013,5.0,30.0,2.0,0.0,0.0,0.0,0.0,0.0,0.0,0.0,3.0,0.0,0.0,0.0,0.0,0.0,0.0,0.0,0.0,0.0,0.0,1.0,0.0,0.0,0.0,0.0,0.0,0.0,4.0,0.0,0.0,4.0,0.0,0.0,0.0,0.0,0.0,0.0,0.0,0.0,0.0,0.0,3.0,0.0,1.0,3.0,1.0,1.0,0.0,1.0,0.0,0.0,0.0,0.0,0.0,0.0,0.0,0.0,"Mar 17, 2016"
3021,3101002.0,792.0,Basrah,Abu Al-Khaseeb,Abu flos,البصرة-ابو الخصيب-ابو فلوس,30.4411107787,48.0137107922,2.0,12.0,2.0,0.0,0.0,0.0,0.0,0.0,0.0,0.0,0.0,0.0,0.0,0.0,0.0,0.0,0.0,0.0,0.0,0.0,0.0,1.0,0.0,0.0,0.0,0.0,0.0,0.0,1.0,0.0,0.0,1.0,0.0,0.0,0.0,0.0,0.0,0.0,0.0,0.0,2.0,0.0,0.0,2.0,0.0,0.0,0.0,0.0,0.0,0.0,0.0,0.0,0.0,0.0,0.0,0.0,0.0,0.0,"Mar 17, 2016"
3022,3101003.0,25540.0,Basrah,Abu Al-Khaseeb,Abu Kusra,ابو كوصره,30.4417453525,47.9594889265,4.0,24.0,2.0,0.0,1.0,0.0,0.0,0.0,0.0,0.0,0.0,0.0,0.0,0.0,0.0,0.0,1.0,0.0,0.0,0.0,0.0,2.0,0.0,0.0,0.0,0.0,0.0,0.0,2.0,0.0,0.0,2.0,0.0,0.0,0.0,0.0,0.0,0.0,0.0,0.0,0.0,0.0,1.0,0.0,0.0,1.0,3.0,0.0,0.0,3.0,0.0,0.0,0.0,0.0,0.0,0.0,0.0,0.0,"Mar 17, 2016"
3023,3101004.0,601.0,Basrah,Abu Al-Khaseeb,Abu magheera,ابو مغيره,30.4606054712,47.9612413976,5.0,30.0,1.0,0.0,0.0,0.0,0.0,0.0,0.0,0.0,0.0,0.0,0.0,0.0,0.0,0.0,4.0,0.0,0.0,0.0,0.0,4.0,0.0,0.0,0.0,0.0,0.0,0.0,1.0,0.0,0.0,1.0,0.0,0.0,0.0,0.0,0.0,0.0,0.0,0.0,0.0,0.0,4.0,0.0,0.0,4.0,1.0,0.0,0.0,1.0,0.0,0.0,0.0,0.0,0.0,0.0,0.0,0.0,"Mar 17, 2016"
3024,3101005.0,25970.0,Basrah,Abu Al-Khaseeb,Al Ibraheem,ال ابراهيم,30.4496837503,47.986187425,6.0,36.0,2.0,0.0,0.0,0.0,0.0,0.0,0.0,0.0,1.0,0.0,0.0,0.0,1.0,0.0,2.0,0.0,0.0,0.0,0.0,0.0,0.0,0.0,0.0,0.0,0.0,0.0,6.0,0.0,0.0,6.0,0.0,0.0,0.0,0.0,0.0,0.0,0.0,0.0,0.0,0.0,3.0,0.0,0.0,3.0,2.0,0.0,1.0,2.0,0.0,1.0,0.0,0.0,0.0,0.0,0.0,0.0,"Mar 17, 2016"
3025,3101007.0,23896.0,Basrah,Abu Al-Khaseeb,Al-Abdaliyan,البصرة-ابو الخصيب-العبدليان,30.4763338647,47.8662181397,4.0,24.0,4.0,0.0,0.0,0.0,0.0,0.0,0.0,0.0,0.0,0.0,0.0,0.0,0.0,0.0,0.0,0.0,0.0,0.0,0.0,1.0,0.0,0.0,0.0,0.0,0.0,0.0,3.0,0.0,0.0,3.0,0.0,0.0,0.0,0.0,0.0,0.0,0.0,0.0,2.0,0.0,0.0,2.0,0.0,0.0,1.0,0.0,1.0,1.0,0.0,1.0,0.0,0.0,0.0,0.0,0.0,0.0,"Mar 17, 2016"
3026,3101008.0,23895.0,Basrah,Abu Al-Khaseeb,Al-Awjah,البصرة-ابو الخصيب-العوجه,30.433843588,47.9649323977,11.0,66.0,3.0,0.0,0.0,0.0,0.0,0.0,0.0,0.0,0.0,0.0,0.0,0.0,3.0,0.0,5.0,0.0,0.0,0.0,0.0,3.0,0.0,0.0,0.0,0.0,0.0,0.0,8.0,0.0,0.0,8.0,0.0,0.0,0.0,0.0,0.0,0.0,0.0,0.0,0.0,0.0,5.0,0.0,4.0,5.0,2.0,4.0,0.0,2.0,0.0,0.0,0.0,0.0,0.0,0.0,0.0,0.0,"Mar 17, 2016"
3027,3101009.0,587.0,Basrah,Abu Al-Khaseeb,Al-bahadria,البهادرية ,30.4722638405,47.867014551,4.0,24.0,0.0,0.0,0.0,0.0,0.0,1.0,0.0,0.0,1.0,0.0,0.0,0.0,1.0,0.0,1.0,0.0,0.0,0.0,0.0,0.0,0.0,0.0,0.0,0.0,0.0,0.0,4.0,0.0,0.0,4.0,0.0,0.0,0.0,0.0,0.0,0.0,0.0,0.0,0.0,0.0,2.0,0.0,1.0,2.0,1.0,1.0,0.0,1.0,0.0,0.0,0.0,0.0,0.0,0.0,0.0,0.0,"Mar 17, 2016"
3028,3101010.0,780.0,Basrah,Abu Al-Khaseeb,Al-Dhaheeria,ظاهرية,30.4327220587,47.9703892242,5.0,30.0,5.0,0.0,0.0,0.0,0.0,0.0,0.0,0.0,0.0,0.0,0.0,0.0,0.0,0.0,0.0,0.0,0.0,0.0,0.0,1.0,0.0,0.0,0.0,0.0,0.0,0.0,4.0,0.0,0.0,4.0,0.0,0.0,0.0,0.0,0.0,0.0,0.0,0.0,0.0,0.0,4.0,0.0,0.0,4.0,1.0,0.0,0.0,1.0,0.0,0.0,0.0,0.0,0.0,0.0,0.0,0.0,"Mar 17, 2016"
3029,3101011.0,820.0,Basrah,Abu Al-Khaseeb,Al-jadida,البصرة-ابو الخصيب-الجُديدا,30.4507608144,47.9042637662,3.0,18.0,1.0,0.0,0.0,0.0,0.0,0.0,0.0,0.0,0.0,0.0,0.0,0.0,2.0,0.0,0.0,0.0,0.0,0.0,0.0,1.0,0.0,0.0,0.0,0.0,0.0,0.0,2.0,0.0,0.0,2.0,0.0,0.0,0.0,0.0,0.0,0.0,0.0,0.0,0.0,0.0,0.0,0.0,0.0,0.0,3.0,0.0,0.0,3.0,0.0,0.0,0.0,0.0,0.0,0.0,0.0,0.0,"Mar 17, 2016"
3030,3101012.0,607.0,Basrah,Abu Al-Khaseeb,Al-Sankar,الصنكر,30.4642247367,47.9412580586,4.0,24.0,1.0,0.0,0.0,0.0,0.0,0.0,0.0,0.0,0.0,0.0,0.0,0.0,2.0,0.0,1.0,0.0,0.0,0.0,0.0,0.0,0.0,0.0,0.0,0.0,0.0,0.0,4.0,0.0,0.0,4.0,0.0,0.0,0.0,0.0,0.0,0.0,0.0,0.0,0.0,0.0,0.0,0.0,1.0,0.0,3.0,1.0,0.0,3.0,0.0,0.0,0.0,0.0,0.0,0.0,0.0,0.0,"Mar 17, 2016"
3031,3101013.0,1307.0,Basrah,Abu Al-Khaseeb,Al-Sibiliat,السيبيليات,30.457114598,47.9506490704,8.0,48.0,7.0,0.0,0.0,0.0,0.0,1.0,0.0,0.0,0.0,0.0,0.0,0.0,0.0,0.0,0.0,0.0,0.0,0.0,0.0,4.0,0.0,0.0,0.0,0.0,0.0,0.0,4.0,0.0,0.0,4.0,0.0,0.0,0.0,0.0,0.0,0.0,0.0,0.0,0.0,0.0,1.0,0.0,0.0,1.0,6.0,0.0,1.0,6.0,0.0,1.0,0.0,0.0,0.0,0.0,0.0,0.0,"Mar 17, 2016"
3032,3101014.0,841.0,Basrah,Abu Al-Khaseeb,Awaisian,عويسيان,30.4846945568,47.8570778808,11.0,66.0,6.0,0.0,0.0,0.0,0.0,2.0,0.0,0.0,3.0,0.0,0.0,0.0,0.0,0.0,0.0,0.0,0.0,0.0,0.0,8.0,0.0,0.0,0.0,0.0,0.0,0.0,3.0,0.0,0.0,3.0,0.0,0.0,0.0,0.0,0.0,0.0,0.0,0.0,1.0,0.0,4.0,1.0,1.0,4.0,3.0,1.0,2.0,3.0,0.0,2.0,0.0,0.0,0.0,0.0,0.0,0.0,"Mar 17, 2016"
3033,3101015.0,809.0,Basrah,Abu Al-Khaseeb,Bab al-dabagh,باب دباغ,30.4451049014,47.995388753,5.0,30.0,2.0,0.0,0.0,0.0,0.0,0.0,0.0,0.0,2.0,0.0,0.0,0.0,1.0,0.0,0.0,0.0,0.0,0.0,0.0,0.0,4.0,0.0,0.0,0.0,0.0,0.0,1.0,0.0,0.0,1.0,0.0,0.0,0.0,0.0,0.0,0.0,0.0,0.0,0.0,0.0,4.0,0.0,0.0,4.0,0.0,0.0,1.0,0.0,0.0,1.0,0.0,0.0,0.0,0.0,0.0,0.0,"Mar 17, 2016"
3034,3101016.0,512.0,Basrah,Abu Al-Khaseeb,Bab midan,باب ميدان ,30.4567426685,47.9940957242,8.0,48.0,1.0,0.0,0.0,0.0,0.0,0.0,0.0,0.0,0.0,0.0,0.0,0.0,1.0,0.0,6.0,0.0,0.0,0.0,0.0,1.0,0.0,0.0,0.0,0.0,0.0,0.0,7.0,0.0,0.0,7.0,0.0,0.0,0.0,0.0,0.0,0.0,0.0,0.0,0.0,0.0,3.0,0.0,0.0,3.0,5.0,0.0,0.0,5.0,0.0,0.0,0.0,0.0,0.0,0.0,0.0,0.0,"Mar 17, 2016"
3035,3101017.0,811.0,Basrah,Abu Al-Khaseeb,Bab sulaiman,باب سليمان,30.4492257884,47.997116688,16.0,96.0,3.0,0.0,0.0,0.0,0.0,0.0,0.0,0.0,0.0,0.0,0.0,0.0,0.0,0.0,13.0,0.0,0.0,0.0,0.0,7.0,0.0,0.0,0.0,0.0,0.0,0.0,9.0,0.0,0.0,9.0,0.0,0.0,0.0,0.0,0.0,0.0,0.0,0.0,1.0,0.0,4.0,1.0,5.0,4.0,4.0,5.0,2.0,4.0,0.0,2.0,0.0,0.0,0.0,0.0,0.0,0.0,"Mar 17, 2016"
3036,3101018.0,797.0,Basrah,Abu Al-Khaseeb,Bab taweel,البصرة-ابو الخصيب-باب طويل,30.4386312772,47.9870524852,4.0,24.0,0.0,0.0,0.0,0.0,0.0,0.0,0.0,0.0,1.0,0.0,0.0,0.0,0.0,0.0,3.0,0.0,0.0,0.0,0.0,3.0,0.0,0.0,0.0,0.0,0.0,0.0,1.0,0.0,0.0,1.0,0.0,0.0,0.0,0.0,0.0,0.0,0.0,0.0,0.0,0.0,0.0,0.0,0.0,0.0,4.0,0.0,0.0,4.0,0.0,0.0,0.0,0.0,0.0,0.0,0.0,0.0,"Mar 17, 2016"
3037,3101019.0,20783.0,Basrah,Abu Al-Khaseeb,Balad Sultan,ابو الخصيب-بلد سلطان,30.4535116554,47.9894297577,6.0,36.0,1.0,0.0,0.0,0.0,0.0,0.0,0.0,0.0,0.0,0.0,0.0,0.0,5.0,0.0,0.0,0.0,0.0,0.0,0.0,1.0,0.0,0.0,0.0,0.0,0.0,0.0,5.0,0.0,0.0,5.0,0.0,0.0,0.0,0.0,0.0,0.0,0.0,0.0,0.0,0.0,5.0,0.0,0.0,5.0,0.0,0.0,1.0,0.0,0.0,1.0,0.0,0.0,0.0,0.0,0.0,0.0,"Mar 17, 2016"
3038,3101020.0,592.0,Basrah,Abu Al-Khaseeb,Darb Al-lebany,البصرة-ابو الخصيب-درب اللباني,30.4548816196,47.9791184982,2.0,12.0,2.0,0.0,0.0,0.0,0.0,0.0,0.0,0.0,0.0,0.0,0.0,0.0,0.0,0.0,0.0,0.0,0.0,0.0,0.0,0.0,0.0,0.0,0.0,0.0,0.0,0.0,2.0,0.0,0.0,2.0,0.0,0.0,0.0,0.0,0.0,0.0,0.0,0.0,0.0,0.0,2.0,0.0,0.0,2.0,0.0,0.0,0.0,0.0,0.0,0.0,0.0,0.0,0.0,0.0,0.0,0.0,"Mar 17, 2016"
3039,3101021.0,24480.0,Basrah,Abu Al-Khaseeb,Door Alasmeadh,البصرة-ابو الخصيب-دور الاسمدة,30.4445509462,48.0251211868,7.0,42.0,0.0,0.0,0.0,0.0,0.0,0.0,0.0,0.0,0.0,0.0,0.0,0.0,5.0,0.0,2.0,0.0,0.0,0.0,0.0,0.0,0.0,0.0,0.0,0.0,0.0,0.0,7.0,0.0,0.0,7.0,0.0,0.0,0.0,0.0,0.0,0.0,0.0,0.0,0.0,0.0,2.0,0.0,5.0,2.0,0.0,5.0,0.0,0.0,0.0,0.0,0.0,0.0,0.0,0.0,0.0,0.0,"Mar 17, 2016"
3040,3101022.0,381.0,Basrah,Abu Al-Khaseeb,Hamdan,البصرة-ابو الخصيب-حمدن,30.4567786411,47.8918025769,43.0,258.0,15.0,0.0,0.0,0.0,0.0,0.0,0.0,0.0,0.0,0.0,0.0,0.0,16.0,0.0,12.0,0.0,0.0,0.0,0.0,12.0,0.0,0.0,0.0,0.0,0.0,0.0,31.0,0.0,0.0,31.0,0.0,0.0,0.0,0.0,0.0,0.0,0.0,0.0,0.0,0.0,25.0,0.0,6.0,25.0,12.0,6.0,0.0,12.0,0.0,0.0,0.0,0.0,0.0,0.0,0.0,0.0,"Mar 17, 2016"
3041,3101023.0,505.0,Basrah,Abu Al-Khaseeb,Hay Al Askarye,الحي العسكري ,30.4403138728,47.9424084771,11.0,66.0,4.0,0.0,0.0,0.0,0.0,0.0,0.0,0.0,2.0,0.0,0.0,0.0,2.0,0.0,3.0,0.0,0.0,0.0,0.0,6.0,0.0,0.0,0.0,0.0,0.0,0.0,5.0,0.0,0.0,5.0,0.0,0.0,0.0,0.0,0.0,0.0,0.0,0.0,0.0,0.0,8.0,0.0,2.0,8.0,1.0,2.0,0.0,1.0,0.0,0.0,0.0,0.0,0.0,0.0,0.0,0.0,"Mar 17, 2016"
3042,3101024.0,24158.0,Basrah,Abu Al-Khaseeb,Kut Al Solhy,ابو الخصيب-كوت الصلحي,30.4477764913,47.9098156768,13.0,78.0,2.0,0.0,0.0,0.0,0.0,0.0,0.0,0.0,0.0,0.0,0.0,0.0,7.0,0.0,4.0,0.0,0.0,0.0,0.0,6.0,0.0,0.0,0.0,0.0,0.0,0.0,7.0,0.0,0.0,7.0,0.0,0.0,0.0,0.0,0.0,0.0,0.0,0.0,0.0,0.0,2.0,0.0,5.0,2.0,5.0,5.0,1.0,5.0,0.0,1.0,0.0,0.0,0.0,0.0,0.0,0.0,"Mar 17, 2016"
3043,3101025.0,813.0,Basrah,Abu Al-Khaseeb,Kut thewainy,كوت ثويني,30.4645974832,47.8908986936,3.0,18.0,0.0,0.0,0.0,0.0,0.0,0.0,0.0,0.0,1.0,0.0,0.0,0.0,0.0,0.0,2.0,0.0,0.0,0.0,0.0,3.0,0.0,0.0,0.0,0.0,0.0,0.0,0.0,0.0,0.0,0.0,0.0,0.0,0.0,0.0,0.0,0.0,0.0,0.0,0.0,0.0,2.0,0.0,1.0,2.0,0.0,1.0,0.0,0.0,0.0,0.0,0.0,0.0,0.0,0.0,0.0,0.0,"Mar 17, 2016"
3044,3101026.0,583.0,Basrah,Abu Al-Khaseeb,Mehila,محيلة,30.4608373133,47.9294944504,7.0,42.0,4.0,0.0,0.0,0.0,0.0,0.0,0.0,0.0,3.0,0.0,0.0,0.0,0.0,0.0,0.0,0.0,0.0,0.0,0.0,4.0,0.0,0.0,0.0,0.0,0.0,0.0,3.0,0.0,0.0,3.0,0.0,0.0,0.0,0.0,0.0,0.0,0.0,0.0,0.0,0.0,1.0,0.0,3.0,1.0,2.0,3.0,1.0,2.0,0.0,1.0,0.0,0.0,0.0,0.0,0.0,0.0,"Mar 17, 2016"
3045,3101027.0,24526.0,Basrah,Abu Al-Khaseeb,Mhjeran,مهيجران,30.46856738,47.8794947933,14.0,84.0,6.0,0.0,0.0,0.0,0.0,0.0,0.0,0.0,2.0,0.0,0.0,0.0,3.0,0.0,3.0,0.0,0.0,0.0,0.0,3.0,0.0,0.0,0.0,0.0,0.0,0.0,11.0,0.0,0.0,11.0,0.0,0.0,0.0,0.0,0.0,0.0,0.0,0.0,0.0,0.0,6.0,0.0,2.0,6.0,5.0,2.0,1.0,5.0,0.0,1.0,0.0,0.0,0.0,0.0,0.0,0.0,"Mar 17, 2016"
3046,3101028.0,599.0,Basrah,Abu Al-Khaseeb,Nahir khuz,نهر خوز,30.4570987869,47.969832475,4.0,24.0,1.0,0.0,0.0,0.0,0.0,0.0,0.0,0.0,0.0,0.0,0.0,0.0,0.0,0.0,3.0,0.0,0.0,0.0,0.0,2.0,0.0,0.0,0.0,0.0,0.0,0.0,2.0,0.0,0.0,2.0,0.0,0.0,0.0,0.0,0.0,0.0,0.0,0.0,1.0,0.0,0.0,1.0,0.0,0.0,3.0,0.0,0.0,3.0,0.0,0.0,0.0,0.0,0.0,0.0,0.0,0.0,"Mar 17, 2016"
3047,3101029.0,20943.0,Basrah,Abu Al-Khaseeb,Shaikh Ibraheem,شيخ ابراهيم,30.4475806456,47.9753472548,8.0,48.0,0.0,0.0,0.0,0.0,0.0,0.0,0.0,0.0,0.0,0.0,0.0,0.0,7.0,0.0,1.0,0.0,0.0,0.0,0.0,0.0,0.0,0.0,0.0,0.0,0.0,0.0,8.0,0.0,0.0,8.0,0.0,0.0,0.0,0.0,0.0,0.0,0.0,0.0,0.0,0.0,6.0,0.0,0.0,6.0,2.0,0.0,0.0,2.0,0.0,0.0,0.0,0.0,0.0,0.0,0.0,0.0,"Mar 17, 2016"
3048,3101030.0,622.0,Basrah,Abu Al-Khaseeb,Yousifan,البصرة-ابو الخصيب-يوسفان,30.4710742651,47.8973959119,9.0,54.0,4.0,0.0,0.0,0.0,0.0,0.0,0.0,0.0,0.0,0.0,0.0,0.0,0.0,0.0,5.0,0.0,0.0,0.0,0.0,2.0,0.0,0.0,0.0,0.0,0.0,0.0,3.0,0.0,0.0,3.0,0.0,0.0,4.0,0.0,0.0,4.0,0.0,0.0,2.0,0.0,0.0,2.0,0.0,0.0,7.0,0.0,0.0,7.0,0.0,0.0,0.0,0.0,0.0,0.0,0.0,0.0,"Mar 17, 2016"
3049,3101032.0,834.0,Basrah,Abu Al-Khaseeb,Al-romia,الرومية,30.4570548101,47.9166111352,7.0,42.0,3.0,0.0,0.0,0.0,0.0,0.0,0.0,0.0,0.0,0.0,0.0,0.0,1.0,0.0,3.0,0.0,0.0,0.0,0.0,1.0,0.0,0.0,0.0,0.0,0.0,0.0,6.0,0.0,0.0,6.0,0.0,0.0,0.0,0.0,0.0,0.0,0.0,0.0,0.0,0.0,1.0,0.0,0.0,1.0,6.0,0.0,0.0,6.0,0.0,0.0,0.0,0.0,0.0,0.0,0.0,0.0,"Mar 17, 2016"
3050,3101033.0,27197.0,Basrah,Abu Al-Khaseeb,Muhoelat al zuhair,محولة الزهير ,30.4845064343,47.8721660627,6.0,36.0,5.0,0.0,0.0,0.0,0.0,0.0,0.0,0.0,0.0,0.0,0.0,0.0,0.0,0.0,1.0,0.0,0.0,0.0,0.0,5.0,0.0,0.0,0.0,0.0,0.0,0.0,1.0,0.0,0.0,1.0,0.0,0.0,0.0,0.0,0.0,0.0,0.0,0.0,0.0,0.0,1.0,0.0,0.0,1.0,1.0,0.0,4.0,1.0,0.0,4.0,0.0,0.0,0.0,0.0,0.0,0.0,"Mar 17, 2016"
3051,3101034.0,793.0,Basrah,Abu Al-Khaseeb,Al-Nizelah,النزيلة ,30.4371809627,47.9773122655,3.0,18.0,0.0,0.0,0.0,0.0,0.0,0.0,0.0,0.0,0.0,0.0,0.0,0.0,2.0,0.0,1.0,0.0,0.0,0.0,0.0,1.0,0.0,0.0,0.0,0.0,0.0,0.0,2.0,0.0,0.0,2.0,0.0,0.0,0.0,0.0,0.0,0.0,0.0,0.0,0.0,0.0,0.0,0.0,0.0,0.0,0.0,0.0,3.0,0.0,0.0,3.0,0.0,0.0,0.0,0.0,0.0,0.0,"Mar 17, 2016"
3052,3102001.0,1168.0,Basrah,Al-Midaina,Abo Shaoui,ابو شاوي,30.9429956,47.2590658729,33.0,198.0,0.0,0.0,0.0,0.0,0.0,0.0,0.0,0.0,0.0,0.0,0.0,0.0,27.0,0.0,6.0,0.0,0.0,0.0,0.0,4.0,0.0,0.0,0.0,0.0,0.0,2.0,27.0,2.0,0.0,27.0,0.0,0.0,0.0,0.0,0.0,0.0,0.0,0.0,6.0,0.0,0.0,6.0,22.0,0.0,5.0,22.0,0.0,5.0,0.0,0.0,0.0,0.0,0.0,0.0,0.0,0.0,"Mar 17, 2016"
3053,3102003.0,24921.0,Basrah,Al-Midaina,Al Khas,الخاص,30.9668686,47.300004883,5.0,30.0,0.0,0.0,0.0,0.0,0.0,0.0,0.0,0.0,0.0,0.0,0.0,0.0,0.0,0.0,5.0,0.0,0.0,0.0,0.0,1.0,0.0,0.0,0.0,0.0,0.0,0.0,4.0,0.0,0.0,4.0,0.0,0.0,0.0,0.0,0.0,0.0,0.0,0.0,4.0,0.0,1.0,4.0,0.0,1.0,0.0,0.0,0.0,0.0,0.0,0.0,0.0,0.0,0.0,0.0,0.0,0.0,"Mar 17, 2016"
3054,3102004.0,1202.0,Basrah,Al-Midaina,Al-a_wijah,العويجة,30.9777101,47.3256065,4.0,24.0,1.0,0.0,0.0,0.0,0.0,0.0,0.0,0.0,0.0,0.0,0.0,0.0,3.0,0.0,0.0,0.0,0.0,0.0,0.0,2.0,0.0,0.0,0.0,0.0,0.0,0.0,2.0,0.0,0.0,2.0,0.0,0.0,0.0,0.0,0.0,0.0,0.0,0.0,1.0,0.0,0.0,1.0,2.0,0.0,0.0,2.0,1.0,0.0,0.0,1.0,0.0,0.0,0.0,0.0,0.0,0.0,"Mar 17, 2016"
3055,3102005.0,1120.0,Basrah,Al-Midaina,Al-rahmaniyah,الرحمانية ,30.9278035,47.2966460109,2.0,12.0,1.0,0.0,1.0,0.0,0.0,0.0,0.0,0.0,0.0,0.0,0.0,0.0,0.0,0.0,0.0,0.0,0.0,0.0,0.0,1.0,0.0,0.0,0.0,0.0,0.0,0.0,1.0,0.0,0.0,1.0,0.0,0.0,0.0,0.0,0.0,0.0,0.0,0.0,1.0,0.0,0.0,1.0,0.0,0.0,0.0,0.0,1.0,0.0,0.0,1.0,0.0,0.0,0.0,0.0,0.0,0.0,"Mar 17, 2016"
3056,3102006.0,354.0,Basrah,Al-Midaina,Badran,البصرة-المدينة-البدران,30.9384589,47.2608006,1.0,6.0,0.0,0.0,0.0,0.0,0.0,0.0,0.0,0.0,0.0,0.0,0.0,0.0,1.0,0.0,0.0,0.0,0.0,0.0,0.0,0.0,0.0,0.0,0.0,0.0,0.0,0.0,1.0,0.0,0.0,1.0,0.0,0.0,0.0,0.0,0.0,0.0,0.0,0.0,0.0,0.0,1.0,0.0,0.0,1.0,0.0,0.0,0.0,0.0,0.0,0.0,0.0,0.0,0.0,0.0,0.0,0.0,"Mar 17, 2016"
3057,3102009.0,1210.0,Basrah,Al-Midaina,Shalhat al-hajaj,شلهة الحجاج,30.98808692,47.34655126,2.0,12.0,0.0,0.0,0.0,0.0,0.0,0.0,0.0,0.0,0.0,0.0,0.0,0.0,2.0,0.0,0.0,0.0,0.0,0.0,0.0,2.0,0.0,0.0,0.0,0.0,0.0,0.0,0.0,0.0,0.0,0.0,0.0,0.0,0.0,0.0,0.0,0.0,0.0,0.0,0.0,0.0,2.0,0.0,0.0,2.0,0.0,0.0,0.0,0.0,0.0,0.0,0.0,0.0,0.0,0.0,0.0,0.0,"Mar 17, 2016"
3058,3102010.0,491.0,Basrah,Al-Midaina,Shuwayj,ام الشويج,31.0012726,47.2628657939,3.0,18.0,0.0,0.0,0.0,0.0,0.0,0.0,0.0,0.0,0.0,0.0,0.0,0.0,0.0,0.0,3.0,0.0,0.0,0.0,0.0,0.0,0.0,0.0,0.0,0.0,0.0,0.0,3.0,0.0,0.0,3.0,0.0,0.0,0.0,0.0,0.0,0.0,0.0,0.0,2.0,0.0,1.0,2.0,0.0,1.0,0.0,0.0,0.0,0.0,0.0,0.0,0.0,0.0,0.0,0.0,0.0,0.0,"Mar 17, 2016"
3059,3102011.0,1129.0,Basrah,Al-Midaina,Alwan,مدينة-العلوان,30.9322847,47.2757481,4.0,24.0,4.0,0.0,0.0,0.0,0.0,0.0,0.0,0.0,0.0,0.0,0.0,0.0,0.0,0.0,0.0,0.0,0.0,0.0,0.0,0.0,0.0,0.0,0.0,0.0,0.0,0.0,4.0,0.0,0.0,4.0,0.0,0.0,0.0,0.0,0.0,0.0,0.0,0.0,4.0,0.0,0.0,4.0,0.0,0.0,0.0,0.0,0.0,0.0,0.0,0.0,0.0,0.0,0.0,0.0,0.0,0.0,"Mar 17, 2016"
3060,3102012.0,1149.0,Basrah,Al-Midaina,Alfaraj,المدينة-الفرج,30.94106952,47.27997791,2.0,12.0,0.0,0.0,0.0,0.0,0.0,0.0,0.0,0.0,0.0,0.0,0.0,0.0,2.0,0.0,0.0,0.0,0.0,0.0,0.0,0.0,0.0,0.0,0.0,0.0,0.0,0.0,2.0,0.0,0.0,2.0,0.0,0.0,0.0,0.0,0.0,0.0,0.0,0.0,0.0,0.0,2.0,0.0,0.0,2.0,0.0,0.0,0.0,0.0,0.0,0.0,0.0,0.0,0.0,0.0,0.0,0.0,"Mar 17, 2016"
3061,3102013.0,1166.0,Basrah,Al-Midaina,Al-Sooq,السوق ,30.95331967,47.26636386,7.0,42.0,0.0,0.0,0.0,0.0,0.0,0.0,0.0,0.0,0.0,0.0,0.0,0.0,1.0,0.0,6.0,0.0,0.0,0.0,0.0,1.0,0.0,0.0,0.0,0.0,0.0,0.0,6.0,0.0,0.0,6.0,0.0,0.0,0.0,0.0,0.0,0.0,0.0,0.0,0.0,0.0,0.0,0.0,1.0,0.0,6.0,1.0,0.0,6.0,0.0,0.0,0.0,0.0,0.0,0.0,0.0,0.0,"Mar 17, 2016"
3062,3103001.0,24626.0,Basrah,Al-Qurna,Al Dair Al-Shaffi,الدير-الشافي,30.85496344,47.53654344,2.0,12.0,0.0,0.0,0.0,0.0,0.0,0.0,0.0,0.0,2.0,0.0,0.0,0.0,0.0,0.0,0.0,0.0,0.0,0.0,0.0,0.0,0.0,0.0,0.0,0.0,0.0,0.0,2.0,0.0,0.0,2.0,0.0,0.0,0.0,0.0,0.0,0.0,0.0,0.0,0.0,0.0,0.0,0.0,2.0,0.0,0.0,2.0,0.0,0.0,0.0,0.0,0.0,0.0,0.0,0.0,0.0,0.0,"Mar 17, 2016"
3063,3103002.0,25014.0,Basrah,Al-Qurna,Al Dair-Al Zahra,الدير-حي الزهراء,30.7991975,47.5786108,3.0,18.0,0.0,0.0,0.0,0.0,0.0,0.0,0.0,0.0,0.0,0.0,0.0,0.0,3.0,0.0,0.0,0.0,0.0,0.0,0.0,0.0,0.0,0.0,0.0,0.0,0.0,0.0,3.0,0.0,0.0,3.0,0.0,0.0,0.0,0.0,0.0,0.0,0.0,0.0,3.0,0.0,0.0,3.0,0.0,0.0,0.0,0.0,0.0,0.0,0.0,0.0,0.0,0.0,0.0,0.0,0.0,0.0,"Mar 17, 2016"
3064,3103003.0,25012.0,Basrah,Al-Qurna,Al Jelaa,البصره-القرنه-الجلعه,30.9743946,47.4509208572,7.0,42.0,1.0,0.0,0.0,0.0,0.0,0.0,0.0,0.0,0.0,0.0,0.0,0.0,0.0,0.0,6.0,0.0,0.0,0.0,0.0,7.0,0.0,0.0,0.0,0.0,0.0,0.0,0.0,0.0,0.0,0.0,0.0,0.0,0.0,0.0,0.0,0.0,0.0,0.0,0.0,0.0,3.0,0.0,4.0,3.0,0.0,4.0,0.0,0.0,0.0,0.0,0.0,0.0,0.0,0.0,0.0,0.0,"Mar 17, 2016"
3065,3103005.0,24625.0,Basrah,Al-Qurna,Al Sharsh Al Hamdawy,القرنة-الشرش-الحمداوي,30.99360377,47.43325593,5.0,30.0,0.0,0.0,0.0,0.0,0.0,0.0,0.0,0.0,0.0,0.0,0.0,0.0,5.0,0.0,0.0,0.0,0.0,0.0,0.0,5.0,0.0,0.0,0.0,0.0,0.0,0.0,0.0,0.0,0.0,0.0,0.0,0.0,0.0,0.0,0.0,0.0,0.0,0.0,0.0,0.0,0.0,0.0,5.0,0.0,0.0,5.0,0.0,0.0,0.0,0.0,0.0,0.0,0.0,0.0,0.0,0.0,"Mar 17, 2016"
3066,3103008.0,1251.0,Basrah,Al-Qurna,Al Thagar-Al-Nekhelat,الثغر-النخيلات,31.1018199,47.4256345,4.0,24.0,0.0,4.0,0.0,0.0,0.0,0.0,0.0,0.0,0.0,0.0,0.0,0.0,0.0,0.0,0.0,0.0,0.0,0.0,0.0,0.0,0.0,4.0,0.0,0.0,4.0,0.0,0.0,0.0,0.0,0.0,0.0,0.0,0.0,0.0,0.0,0.0,0.0,0.0,0.0,0.0,0.0,0.0,4.0,0.0,0.0,4.0,0.0,0.0,0.0,0.0,0.0,0.0,0.0,0.0,0.0,0.0,"Mar 17, 2016"
3067,3103009.0,25013.0,Basrah,Al-Qurna,Al-Dair Al Imam Al Abas,الدير-حي الامام العباس,30.7975698,47.5787076,4.0,24.0,0.0,0.0,0.0,0.0,0.0,0.0,0.0,0.0,0.0,0.0,0.0,0.0,4.0,0.0,0.0,0.0,0.0,0.0,0.0,0.0,0.0,0.0,0.0,0.0,0.0,0.0,4.0,0.0,0.0,4.0,0.0,0.0,0.0,0.0,0.0,0.0,0.0,0.0,0.0,0.0,0.0,0.0,0.0,0.0,3.0,0.0,1.0,3.0,0.0,1.0,0.0,0.0,0.0,0.0,0.0,0.0,"Mar 17, 2016"
3068,3103010.0,1239.0,Basrah,Al-Qurna,Al-mezearah,القرنة-المزيرعة ,31.0064472,47.451953,5.0,30.0,0.0,0.0,0.0,0.0,0.0,0.0,0.0,0.0,4.0,0.0,0.0,0.0,0.0,0.0,1.0,0.0,0.0,0.0,0.0,2.0,0.0,0.0,0.0,0.0,0.0,0.0,3.0,0.0,0.0,3.0,0.0,0.0,0.0,0.0,0.0,0.0,0.0,0.0,3.0,0.0,2.0,3.0,0.0,2.0,0.0,0.0,0.0,0.0,0.0,0.0,0.0,0.0,0.0,0.0,0.0,0.0,"Mar 17, 2016"
3069,3103011.0,1241.0,Basrah,Al-Qurna,Al-nehairat,النهيرات,31.0214896,47.4327203636,3.0,18.0,0.0,0.0,0.0,0.0,0.0,0.0,0.0,0.0,2.0,0.0,0.0,0.0,1.0,0.0,0.0,0.0,0.0,0.0,0.0,0.0,0.0,0.0,0.0,0.0,0.0,0.0,3.0,0.0,0.0,3.0,0.0,0.0,0.0,0.0,0.0,0.0,0.0,0.0,0.0,0.0,0.0,0.0,0.0,0.0,2.0,0.0,1.0,2.0,0.0,1.0,0.0,0.0,0.0,0.0,0.0,0.0,"Mar 17, 2016"
3070,3103012.0,1236.0,Basrah,Al-Qurna,Al-nesaer,النصير,31.0116643,47.4257633,4.0,24.0,4.0,0.0,0.0,0.0,0.0,0.0,0.0,0.0,0.0,0.0,0.0,0.0,0.0,0.0,0.0,0.0,0.0,0.0,0.0,0.0,0.0,0.0,0.0,0.0,0.0,0.0,4.0,0.0,0.0,4.0,0.0,0.0,0.0,0.0,0.0,0.0,0.0,0.0,2.0,0.0,0.0,2.0,0.0,0.0,2.0,0.0,0.0,2.0,0.0,0.0,0.0,0.0,0.0,0.0,0.0,0.0,"Mar 17, 2016"
3071,3103013.0,1110.0,Basrah,Al-Qurna,Al-shannanh,الشنانه,30.9052966,47.4983116,3.0,18.0,0.0,0.0,0.0,0.0,0.0,0.0,0.0,0.0,0.0,0.0,0.0,0.0,3.0,0.0,0.0,0.0,0.0,0.0,0.0,3.0,0.0,0.0,0.0,0.0,0.0,0.0,0.0,0.0,0.0,0.0,0.0,0.0,0.0,0.0,0.0,0.0,0.0,0.0,3.0,0.0,0.0,3.0,0.0,0.0,0.0,0.0,0.0,0.0,0.0,0.0,0.0,0.0,0.0,0.0,0.0,0.0,"Mar 17, 2016"
3072,3103014.0,1292.0,Basrah,Al-Qurna,Al-Souq,السوق,31.01311805,47.43100128,2.0,12.0,0.0,0.0,1.0,0.0,0.0,0.0,0.0,0.0,0.0,0.0,0.0,0.0,1.0,0.0,0.0,0.0,0.0,0.0,0.0,0.0,0.0,0.0,0.0,0.0,0.0,0.0,2.0,0.0,0.0,2.0,0.0,0.0,0.0,0.0,0.0,0.0,0.0,0.0,0.0,0.0,1.0,0.0,0.0,1.0,1.0,0.0,0.0,1.0,0.0,0.0,0.0,0.0,0.0,0.0,0.0,0.0,"Mar 17, 2016"
3073,3103016.0,23518.0,Basrah,Al-Qurna,Hay Al Hakeem,حي الحكيم ,30.79755721,47.5719543,10.0,60.0,0.0,0.0,0.0,0.0,0.0,0.0,0.0,0.0,0.0,0.0,0.0,0.0,10.0,0.0,0.0,0.0,0.0,0.0,0.0,0.0,0.0,0.0,0.0,0.0,0.0,0.0,10.0,0.0,0.0,10.0,0.0,0.0,0.0,0.0,0.0,0.0,0.0,0.0,3.0,0.0,2.0,3.0,0.0,2.0,5.0,0.0,0.0,5.0,0.0,0.0,0.0,0.0,0.0,0.0,0.0,0.0,"Mar 17, 2016"
3074,3103018.0,1240.0,Basrah,Al-Qurna,Hay al-juma_a,البصرة-القرنة-حي جمعة,31.0228364,47.4257866828,12.0,72.0,1.0,0.0,0.0,0.0,0.0,0.0,0.0,0.0,2.0,0.0,0.0,0.0,8.0,0.0,1.0,0.0,0.0,0.0,0.0,4.0,0.0,0.0,0.0,0.0,0.0,0.0,8.0,0.0,0.0,8.0,0.0,0.0,0.0,0.0,0.0,0.0,0.0,0.0,1.0,0.0,4.0,1.0,0.0,4.0,7.0,0.0,0.0,7.0,0.0,0.0,0.0,0.0,0.0,0.0,0.0,0.0,"Mar 17, 2016"
3075,3103021.0,27257.0,Basrah,Al-Qurna,Dair-AlJarah,الدير-الجراح,30.7313204,47.70517694,6.0,36.0,0.0,0.0,0.0,0.0,0.0,0.0,0.0,0.0,0.0,0.0,0.0,0.0,6.0,0.0,0.0,0.0,0.0,0.0,0.0,6.0,0.0,0.0,0.0,0.0,0.0,0.0,0.0,0.0,0.0,0.0,0.0,0.0,0.0,0.0,0.0,0.0,0.0,0.0,0.0,0.0,0.0,0.0,0.0,0.0,6.0,0.0,0.0,6.0,0.0,0.0,0.0,0.0,0.0,0.0,0.0,0.0,"Mar 17, 2016"
3076,3103022.0,1243.0,Basrah,Al-Qurna,Muza,موزه,31.05044665,47.43054338,1.0,6.0,0.0,0.0,0.0,0.0,0.0,0.0,0.0,0.0,0.0,0.0,0.0,0.0,1.0,0.0,0.0,0.0,0.0,0.0,0.0,0.0,0.0,0.0,0.0,0.0,0.0,0.0,1.0,0.0,0.0,1.0,0.0,0.0,0.0,0.0,0.0,0.0,0.0,0.0,0.0,0.0,0.0,0.0,0.0,0.0,0.0,0.0,1.0,0.0,0.0,1.0,0.0,0.0,0.0,0.0,0.0,0.0,"Mar 17, 2016"
3077,3103023.0,28406.0,Basrah,Al-Qurna,Al Dair-Hay Al-Amil,الدير-حي العامل,30.7193883,47.7179978433,5.0,30.0,2.0,0.0,0.0,0.0,0.0,0.0,0.0,0.0,2.0,0.0,0.0,0.0,1.0,0.0,0.0,0.0,0.0,0.0,0.0,2.0,0.0,0.0,0.0,0.0,0.0,0.0,3.0,0.0,0.0,3.0,0.0,0.0,0.0,0.0,0.0,0.0,0.0,0.0,4.0,0.0,0.0,4.0,0.0,0.0,0.0,0.0,1.0,0.0,0.0,1.0,0.0,0.0,0.0,0.0,0.0,0.0,"Mar 17, 2016"
3078,3103024.0,28407.0,Basrah,Al-Qurna,Al Sharsh Shalhat Al-Hassan,الشرش-شلهة الحسن,30.9527657,47.4561057836,11.0,66.0,0.0,0.0,0.0,0.0,0.0,0.0,0.0,0.0,0.0,0.0,0.0,0.0,7.0,0.0,4.0,0.0,0.0,0.0,0.0,3.0,0.0,0.0,0.0,0.0,0.0,0.0,8.0,0.0,0.0,8.0,0.0,0.0,0.0,0.0,0.0,0.0,0.0,0.0,2.0,0.0,3.0,2.0,6.0,3.0,0.0,6.0,0.0,0.0,0.0,0.0,0.0,0.0,0.0,0.0,0.0,0.0,"Mar 17, 2016"
3079,3104001.0,24279.0,Basrah,Al-Zubair,Al Dawajin,الزبير-الدواجن,30.3453171197,47.7561507141,3.0,18.0,0.0,0.0,0.0,0.0,0.0,0.0,0.0,0.0,0.0,0.0,0.0,0.0,1.0,0.0,2.0,0.0,0.0,0.0,0.0,0.0,0.0,0.0,0.0,0.0,0.0,0.0,3.0,0.0,0.0,3.0,0.0,0.0,0.0,0.0,0.0,0.0,0.0,0.0,0.0,0.0,2.0,0.0,0.0,2.0,1.0,0.0,0.0,1.0,0.0,0.0,0.0,0.0,0.0,0.0,0.0,0.0,"Mar 17, 2016"
3080,3104002.0,367.0,Basrah,Al-Zubair,Al Dirhamiyah 1,البصرة-الزبير-الدرهمية 1,30.3770593534,47.7183281407,7.0,42.0,2.0,2.0,0.0,0.0,0.0,0.0,0.0,0.0,0.0,0.0,0.0,0.0,3.0,0.0,0.0,0.0,0.0,0.0,0.0,0.0,0.0,0.0,0.0,0.0,0.0,0.0,7.0,0.0,0.0,7.0,0.0,0.0,0.0,0.0,0.0,0.0,0.0,0.0,0.0,0.0,3.0,0.0,0.0,3.0,4.0,0.0,0.0,4.0,0.0,0.0,0.0,0.0,0.0,0.0,0.0,0.0,"Mar 17, 2016"
3081,3104003.0,24924.0,Basrah,Al-Zubair,Al Mushroaa,المشروع,30.0373213,47.9269568,1.0,6.0,0.0,0.0,0.0,0.0,0.0,0.0,0.0,0.0,1.0,0.0,0.0,0.0,0.0,0.0,0.0,0.0,0.0,0.0,0.0,0.0,0.0,0.0,0.0,0.0,0.0,0.0,1.0,0.0,0.0,1.0,0.0,0.0,0.0,0.0,0.0,0.0,0.0,0.0,0.0,0.0,0.0,0.0,0.0,0.0,1.0,0.0,0.0,1.0,0.0,0.0,0.0,0.0,0.0,0.0,0.0,0.0,"Mar 17, 2016"
3082,3104004.0,24677.0,Basrah,Al-Zubair,Al Petro,الزبير-البيترو,30.3218638019,47.7218414955,4.0,24.0,0.0,0.0,0.0,0.0,0.0,0.0,0.0,0.0,0.0,0.0,0.0,0.0,2.0,0.0,2.0,0.0,0.0,0.0,0.0,3.0,0.0,0.0,0.0,0.0,0.0,0.0,1.0,0.0,0.0,1.0,0.0,0.0,0.0,0.0,0.0,0.0,0.0,0.0,0.0,0.0,2.0,0.0,2.0,2.0,0.0,2.0,0.0,0.0,0.0,0.0,0.0,0.0,0.0,0.0,0.0,0.0,"Mar 17, 2016"
3083,3104005.0,24676.0,Basrah,Al-Zubair,Al Rumilah Al Shamaliyah,البصرة-الزبير-الرميلة الشمالية,30.5600157237,47.3733710769,1.0,6.0,0.0,0.0,0.0,0.0,0.0,0.0,0.0,0.0,0.0,0.0,0.0,0.0,1.0,0.0,0.0,0.0,0.0,0.0,0.0,0.0,0.0,0.0,0.0,0.0,0.0,0.0,1.0,0.0,0.0,1.0,0.0,0.0,0.0,0.0,0.0,0.0,0.0,0.0,0.0,0.0,1.0,0.0,0.0,1.0,0.0,0.0,0.0,0.0,0.0,0.0,0.0,0.0,0.0,0.0,0.0,0.0,"Mar 17, 2016"
3084,3104006.0,509.0,Basrah,Al-Zubair,Al-Shemal Area,البصرة-الزبير-محلة الشمال,30.3983482897,47.7088830036,60.0,360.0,3.0,0.0,0.0,0.0,0.0,0.0,0.0,0.0,0.0,0.0,0.0,0.0,2.0,0.0,55.0,0.0,0.0,0.0,0.0,5.0,0.0,0.0,0.0,0.0,0.0,0.0,55.0,0.0,0.0,55.0,0.0,0.0,0.0,0.0,0.0,0.0,0.0,0.0,5.0,0.0,9.0,5.0,1.0,9.0,33.0,1.0,12.0,33.0,0.0,12.0,0.0,0.0,0.0,0.0,0.0,0.0,"Mar 17, 2016"
3085,3104009.0,1281.0,Basrah,Al-Zubair,Al-Dur Al-Jahiza,البصرة-الزبير-دور الجاهزة,30.3881063449,47.7147770511,10.0,60.0,1.0,0.0,0.0,0.0,0.0,0.0,0.0,0.0,0.0,0.0,0.0,0.0,1.0,0.0,8.0,0.0,0.0,0.0,0.0,0.0,0.0,0.0,0.0,0.0,0.0,0.0,10.0,0.0,0.0,10.0,0.0,0.0,0.0,0.0,0.0,0.0,0.0,0.0,0.0,0.0,8.0,0.0,1.0,8.0,1.0,1.0,0.0,1.0,0.0,0.0,0.0,0.0,0.0,0.0,0.0,0.0,"Mar 17, 2016"
3086,3104010.0,767.0,Basrah,Al-Zubair,Al-jamhoriyah al-olah,البصرة-الزبير-الجمهورية 1,30.390720319,47.7087281719,11.0,66.0,3.0,0.0,0.0,0.0,0.0,0.0,0.0,0.0,1.0,0.0,0.0,0.0,0.0,0.0,7.0,0.0,0.0,0.0,0.0,1.0,0.0,0.0,0.0,0.0,0.0,0.0,10.0,0.0,0.0,10.0,0.0,0.0,0.0,0.0,0.0,0.0,0.0,0.0,0.0,0.0,3.0,0.0,2.0,3.0,5.0,2.0,1.0,5.0,0.0,1.0,0.0,0.0,0.0,0.0,0.0,0.0,"Mar 17, 2016"
3087,3104011.0,760.0,Basrah,Al-Zubair,Al-jamhoriyah al-thaniyah,الجمهورية 2,30.3891039485,47.713629582,18.0,108.0,12.0,0.0,0.0,0.0,0.0,0.0,0.0,0.0,0.0,0.0,0.0,0.0,0.0,0.0,6.0,0.0,0.0,0.0,0.0,5.0,0.0,0.0,0.0,0.0,0.0,0.0,13.0,0.0,0.0,13.0,0.0,0.0,0.0,0.0,0.0,0.0,0.0,0.0,1.0,0.0,1.0,1.0,5.0,1.0,5.0,5.0,6.0,5.0,0.0,6.0,0.0,0.0,0.0,0.0,0.0,0.0,"Mar 17, 2016"
3088,3104012.0,757.0,Basrah,Al-Zubair,Al-marbed al-kadeem,المربد القديم ,30.386522723,47.6871562835,3.0,18.0,1.0,0.0,0.0,0.0,0.0,0.0,0.0,0.0,0.0,0.0,0.0,0.0,0.0,0.0,2.0,0.0,0.0,0.0,0.0,0.0,0.0,0.0,0.0,0.0,0.0,0.0,3.0,0.0,0.0,3.0,0.0,0.0,0.0,0.0,0.0,0.0,0.0,0.0,0.0,0.0,0.0,0.0,1.0,0.0,1.0,1.0,1.0,1.0,0.0,1.0,0.0,0.0,0.0,0.0,0.0,0.0,"Mar 17, 2016"
3089,3104013.0,779.0,Basrah,Al-Zubair,Al-Rasheidiyah Alolh,البصرة-الزبير-الرشيدية 1,30.3974488358,47.7009666147,10.0,60.0,3.0,0.0,0.0,0.0,0.0,0.0,0.0,0.0,0.0,0.0,0.0,0.0,3.0,0.0,4.0,0.0,0.0,0.0,0.0,4.0,0.0,0.0,0.0,0.0,0.0,0.0,6.0,0.0,0.0,6.0,0.0,0.0,0.0,0.0,0.0,0.0,0.0,0.0,0.0,0.0,1.0,0.0,0.0,1.0,2.0,0.0,7.0,2.0,0.0,7.0,0.0,0.0,0.0,0.0,0.0,0.0,"Mar 17, 2016"
3090,3104014.0,764.0,Basrah,Al-Zubair,Al-rasheidiyah al-thaniyah,البصرة-الزبير-الرشيدية 2,30.3923478708,47.7017321739,9.0,54.0,1.0,0.0,0.0,0.0,0.0,2.0,0.0,0.0,0.0,0.0,0.0,0.0,3.0,0.0,3.0,0.0,0.0,0.0,0.0,1.0,0.0,0.0,0.0,0.0,0.0,0.0,8.0,0.0,0.0,8.0,0.0,0.0,0.0,0.0,0.0,0.0,0.0,0.0,1.0,0.0,3.0,1.0,1.0,3.0,4.0,1.0,0.0,4.0,0.0,0.0,0.0,0.0,0.0,0.0,0.0,0.0,"Mar 17, 2016"
3091,3104015.0,25463.0,Basrah,Al-Zubair,Al-Shuaiba Hay Al-Murtadh,الشعيبة حي المرتضى,30.4294773,47.6791937908,8.0,48.0,0.0,0.0,0.0,0.0,0.0,0.0,0.0,0.0,0.0,0.0,0.0,0.0,8.0,0.0,0.0,0.0,0.0,0.0,0.0,0.0,0.0,0.0,0.0,0.0,0.0,0.0,8.0,0.0,0.0,8.0,0.0,0.0,0.0,0.0,0.0,0.0,0.0,0.0,0.0,0.0,5.0,0.0,0.0,5.0,3.0,0.0,0.0,3.0,0.0,0.0,0.0,0.0,0.0,0.0,0.0,0.0,"Mar 17, 2016"
3092,3104016.0,1312.0,Basrah,Al-Zubair,Al-Zubair Hay AlAthar,البصرة-الزبير-حي الاثار,30.3973449783,47.7196949006,4.0,24.0,2.0,0.0,0.0,0.0,0.0,0.0,0.0,0.0,0.0,0.0,0.0,0.0,0.0,0.0,2.0,0.0,0.0,0.0,0.0,0.0,0.0,0.0,0.0,0.0,0.0,0.0,4.0,0.0,0.0,4.0,0.0,0.0,0.0,0.0,0.0,0.0,0.0,0.0,0.0,0.0,2.0,0.0,0.0,2.0,2.0,0.0,0.0,2.0,0.0,0.0,0.0,0.0,0.0,0.0,0.0,0.0,"Mar 17, 2016"
3093,3104017.0,25542.0,Basrah,Al-Zubair,Al-Zubair-Al-barjsia,البرجسية,30.35900225,47.61941666,3.0,18.0,0.0,0.0,0.0,0.0,0.0,0.0,0.0,0.0,0.0,0.0,0.0,0.0,0.0,0.0,3.0,0.0,0.0,0.0,0.0,0.0,0.0,0.0,0.0,0.0,0.0,0.0,3.0,0.0,0.0,3.0,0.0,0.0,0.0,0.0,0.0,0.0,0.0,0.0,0.0,0.0,3.0,0.0,0.0,3.0,0.0,0.0,0.0,0.0,0.0,0.0,0.0,0.0,0.0,0.0,0.0,0.0,"Mar 17, 2016"
3094,3104018.0,25971.0,Basrah,Al-Zubair,Door Al Dubbat,دور الضباط,30.3750714388,47.7078350788,3.0,18.0,1.0,0.0,0.0,0.0,0.0,1.0,0.0,0.0,0.0,0.0,0.0,0.0,0.0,0.0,1.0,0.0,0.0,0.0,0.0,0.0,0.0,0.0,0.0,0.0,0.0,0.0,3.0,0.0,0.0,3.0,0.0,0.0,0.0,0.0,0.0,0.0,0.0,0.0,0.0,0.0,0.0,0.0,0.0,0.0,3.0,0.0,0.0,3.0,0.0,0.0,0.0,0.0,0.0,0.0,0.0,0.0,"Mar 17, 2016"
3095,3104019.0,652.0,Basrah,Al-Zubair,Door al hindiyah ash shemaliyah,دور الهندية الشمالية ,30.0376813,47.912456,3.0,18.0,3.0,0.0,0.0,0.0,0.0,0.0,0.0,0.0,0.0,0.0,0.0,0.0,0.0,0.0,0.0,0.0,0.0,0.0,0.0,0.0,0.0,0.0,0.0,0.0,0.0,0.0,3.0,0.0,0.0,3.0,0.0,0.0,0.0,0.0,0.0,0.0,0.0,0.0,0.0,0.0,0.0,0.0,0.0,0.0,0.0,0.0,3.0,0.0,0.0,3.0,0.0,0.0,0.0,0.0,0.0,0.0,"Mar 17, 2016"
3096,3104021.0,651.0,Basrah,Al-Zubair,Door al-farook,حي الفاروق ,30.0371919,47.9160836,5.0,30.0,4.0,0.0,0.0,0.0,0.0,0.0,0.0,0.0,0.0,0.0,0.0,0.0,0.0,0.0,1.0,0.0,0.0,0.0,0.0,0.0,0.0,0.0,0.0,0.0,0.0,0.0,5.0,0.0,0.0,5.0,0.0,0.0,0.0,0.0,0.0,0.0,0.0,0.0,0.0,0.0,5.0,0.0,0.0,5.0,0.0,0.0,0.0,0.0,0.0,0.0,0.0,0.0,0.0,0.0,0.0,0.0,"Mar 17, 2016"
3097,3104024.0,22858.0,Basrah,Al-Zubair,Hay Al Dirhamiyah 3,البصرة-الزبير-الدرهمية 3,30.3798472162,47.7248827144,3.0,18.0,0.0,0.0,0.0,0.0,0.0,0.0,0.0,0.0,0.0,0.0,0.0,0.0,3.0,0.0,0.0,0.0,0.0,0.0,0.0,0.0,0.0,0.0,0.0,0.0,0.0,0.0,3.0,0.0,0.0,3.0,0.0,0.0,0.0,0.0,0.0,0.0,0.0,0.0,0.0,0.0,2.0,0.0,0.0,2.0,1.0,0.0,0.0,1.0,0.0,0.0,0.0,0.0,0.0,0.0,0.0,0.0,"Mar 17, 2016"
3098,3104025.0,1277.0,Basrah,Al-Zubair,Hay Al Hussain,البصرة-الزبير-حي الحسين,30.3769432809,47.7290953663,12.0,72.0,11.0,0.0,0.0,0.0,0.0,0.0,0.0,0.0,0.0,0.0,0.0,0.0,0.0,0.0,1.0,0.0,0.0,0.0,0.0,1.0,0.0,0.0,0.0,0.0,0.0,0.0,11.0,0.0,0.0,11.0,0.0,0.0,0.0,0.0,0.0,0.0,0.0,0.0,0.0,0.0,1.0,0.0,1.0,1.0,6.0,1.0,4.0,6.0,0.0,4.0,0.0,0.0,0.0,0.0,0.0,0.0,"Mar 17, 2016"
3099,3104026.0,1311.0,Basrah,Al-Zubair,Hay Al Sajad,حي السجاد,30.3839072462,47.7196110695,6.0,36.0,4.0,0.0,0.0,0.0,0.0,0.0,0.0,0.0,0.0,0.0,0.0,0.0,0.0,0.0,2.0,0.0,0.0,0.0,0.0,4.0,0.0,0.0,0.0,0.0,0.0,0.0,2.0,0.0,0.0,2.0,0.0,0.0,0.0,0.0,0.0,0.0,0.0,0.0,3.0,0.0,0.0,3.0,0.0,0.0,3.0,0.0,0.0,3.0,0.0,0.0,0.0,0.0,0.0,0.0,0.0,0.0,"Mar 17, 2016"
3100,3104027.0,1301.0,Basrah,Al-Zubair,Hay Al Shuhadaa,البصرة-الزبير-حي الشهداء,30.35338512,47.72751949,2.0,12.0,0.0,0.0,0.0,0.0,0.0,0.0,0.0,0.0,1.0,0.0,0.0,0.0,1.0,0.0,0.0,0.0,0.0,0.0,0.0,0.0,0.0,0.0,0.0,0.0,0.0,0.0,2.0,0.0,0.0,2.0,0.0,0.0,0.0,0.0,0.0,0.0,0.0,0.0,0.0,0.0,0.0,0.0,0.0,0.0,2.0,0.0,0.0,2.0,0.0,0.0,0.0,0.0,0.0,0.0,0.0,0.0,"Mar 17, 2016"
3101,3104029.0,25225.0,Basrah,Al-Zubair,Hay Alansar 1,البصرة-الزبير-حي الانصار 1,30.3636322929,47.7194306159,1.0,6.0,0.0,0.0,0.0,0.0,0.0,0.0,0.0,0.0,1.0,0.0,0.0,0.0,0.0,0.0,0.0,0.0,0.0,0.0,0.0,1.0,0.0,0.0,0.0,0.0,0.0,0.0,0.0,0.0,0.0,0.0,0.0,0.0,0.0,0.0,0.0,0.0,0.0,0.0,0.0,0.0,1.0,0.0,0.0,1.0,0.0,0.0,0.0,0.0,0.0,0.0,0.0,0.0,0.0,0.0,0.0,0.0,"Mar 17, 2016"
3102,3104030.0,25226.0,Basrah,Al-Zubair,Hay Alansar 2,البصرة-الزبير-حي الانصار2,30.3589680436,47.7189997039,5.0,30.0,2.0,0.0,0.0,0.0,0.0,0.0,0.0,0.0,0.0,0.0,0.0,0.0,0.0,0.0,3.0,0.0,0.0,0.0,0.0,1.0,0.0,0.0,0.0,0.0,0.0,0.0,4.0,0.0,0.0,4.0,0.0,0.0,0.0,0.0,0.0,0.0,0.0,0.0,2.0,0.0,0.0,2.0,0.0,0.0,2.0,0.0,1.0,2.0,0.0,1.0,0.0,0.0,0.0,0.0,0.0,0.0,"Mar 17, 2016"
3103,3104031.0,25227.0,Basrah,Al-Zubair,Hay Alansar 3,البصرة-الزبير-حي الانصار3,30.361554168,47.7240083222,8.0,48.0,5.0,0.0,0.0,0.0,0.0,0.0,0.0,0.0,0.0,0.0,0.0,0.0,3.0,0.0,0.0,0.0,0.0,0.0,0.0,0.0,0.0,0.0,0.0,0.0,0.0,0.0,8.0,0.0,0.0,8.0,0.0,0.0,0.0,0.0,0.0,0.0,0.0,0.0,0.0,0.0,5.0,0.0,0.0,5.0,3.0,0.0,0.0,3.0,0.0,0.0,0.0,0.0,0.0,0.0,0.0,0.0,"Mar 17, 2016"
3104,3104032.0,759.0,Basrah,Al-Zubair,Hay al-baladiyat,حي البلديات,30.38304637,47.71895528,1.0,6.0,0.0,0.0,0.0,0.0,0.0,1.0,0.0,0.0,0.0,0.0,0.0,0.0,0.0,0.0,0.0,0.0,0.0,0.0,0.0,0.0,0.0,0.0,0.0,0.0,0.0,0.0,1.0,0.0,0.0,1.0,0.0,0.0,0.0,0.0,0.0,0.0,0.0,0.0,0.0,0.0,1.0,0.0,0.0,1.0,0.0,0.0,0.0,0.0,0.0,0.0,0.0,0.0,0.0,0.0,0.0,0.0,"Mar 17, 2016"
3105,3104034.0,755.0,Basrah,Al-Zubair,Hay al-mualmein,حي المعلمين,30.38082529,47.71605656,2.0,12.0,0.0,0.0,0.0,0.0,0.0,0.0,0.0,0.0,0.0,0.0,0.0,0.0,1.0,0.0,1.0,0.0,0.0,0.0,0.0,0.0,0.0,0.0,0.0,0.0,0.0,0.0,2.0,0.0,0.0,2.0,0.0,0.0,0.0,0.0,0.0,0.0,0.0,0.0,0.0,0.0,0.0,0.0,0.0,0.0,1.0,0.0,1.0,1.0,0.0,1.0,0.0,0.0,0.0,0.0,0.0,0.0,"Mar 17, 2016"
3106,3104036.0,657.0,Basrah,Al-Zubair,Hay door al-senaah,دور الصناعة ,30.045495,47.9102532,2.0,12.0,1.0,0.0,0.0,0.0,0.0,0.0,0.0,0.0,0.0,0.0,0.0,0.0,1.0,0.0,0.0,0.0,0.0,0.0,0.0,0.0,0.0,0.0,0.0,0.0,0.0,0.0,2.0,0.0,0.0,2.0,0.0,0.0,0.0,0.0,0.0,0.0,0.0,0.0,0.0,0.0,0.0,0.0,1.0,0.0,1.0,1.0,0.0,1.0,0.0,0.0,0.0,0.0,0.0,0.0,0.0,0.0,"Mar 17, 2016"
3107,3104038.0,23898.0,Basrah,Al-Zubair,khor Al Zubair-Hay AL Hasan,البصرة-الزبير-خور الزبير-حي الحسن,30.2338733,47.7625214,2.0,12.0,2.0,0.0,0.0,0.0,0.0,0.0,0.0,0.0,0.0,0.0,0.0,0.0,0.0,0.0,0.0,0.0,0.0,0.0,0.0,0.0,0.0,0.0,0.0,0.0,0.0,0.0,2.0,0.0,0.0,2.0,0.0,0.0,0.0,0.0,0.0,0.0,0.0,0.0,0.0,0.0,0.0,0.0,0.0,0.0,2.0,0.0,0.0,2.0,0.0,0.0,0.0,0.0,0.0,0.0,0.0,0.0,"Mar 17, 2016"
3108,3104040.0,23976.0,Basrah,Al-Zubair,Mahalat Al-Arab,البصرة-الزبير-محلة العرب,30.3952927531,47.6892921928,36.0,216.0,25.0,0.0,0.0,0.0,0.0,0.0,0.0,0.0,5.0,0.0,0.0,0.0,4.0,0.0,2.0,0.0,0.0,0.0,0.0,2.0,0.0,0.0,0.0,0.0,0.0,0.0,34.0,0.0,0.0,34.0,0.0,0.0,0.0,0.0,0.0,0.0,0.0,0.0,1.0,0.0,8.0,1.0,3.0,8.0,11.0,3.0,13.0,11.0,0.0,13.0,0.0,0.0,0.0,0.0,0.0,0.0,"Mar 17, 2016"
3109,3104042.0,25016.0,Basrah,Al-Zubair,Safwan-Hay Al Hakim,سفوان-حي الحكيم,30.12148988,47.71940514,5.0,30.0,5.0,0.0,0.0,0.0,0.0,0.0,0.0,0.0,0.0,0.0,0.0,0.0,0.0,0.0,0.0,0.0,0.0,0.0,0.0,0.0,0.0,0.0,0.0,0.0,0.0,0.0,5.0,0.0,0.0,5.0,0.0,0.0,0.0,0.0,0.0,0.0,0.0,0.0,0.0,0.0,2.0,0.0,0.0,2.0,3.0,0.0,0.0,3.0,0.0,0.0,0.0,0.0,0.0,0.0,0.0,0.0,"Mar 17, 2016"
3110,3104043.0,25017.0,Basrah,Al-Zubair,Safwan-Hay Al Imam Al Sadiq,سفوان-حي الامام الصادق,30.12724099,47.71679526,2.0,12.0,2.0,0.0,0.0,0.0,0.0,0.0,0.0,0.0,0.0,0.0,0.0,0.0,0.0,0.0,0.0,0.0,0.0,0.0,0.0,0.0,0.0,0.0,0.0,0.0,0.0,0.0,2.0,0.0,0.0,2.0,0.0,0.0,0.0,0.0,0.0,0.0,0.0,0.0,0.0,0.0,0.0,0.0,0.0,0.0,2.0,0.0,0.0,2.0,0.0,0.0,0.0,0.0,0.0,0.0,0.0,0.0,"Mar 17, 2016"
3111,3104044.0,25018.0,Basrah,Al-Zubair,Safwan-Hay Al Risala,سفوان-حي الرساله,30.1163053,47.7170565,10.0,60.0,3.0,0.0,0.0,0.0,0.0,0.0,0.0,0.0,0.0,0.0,0.0,0.0,5.0,0.0,2.0,0.0,0.0,0.0,0.0,0.0,0.0,0.0,0.0,0.0,0.0,0.0,10.0,0.0,0.0,10.0,0.0,0.0,0.0,0.0,0.0,0.0,0.0,0.0,2.0,0.0,2.0,2.0,5.0,2.0,1.0,5.0,0.0,1.0,0.0,0.0,0.0,0.0,0.0,0.0,0.0,0.0,"Mar 17, 2016"
3112,3104045.0,25015.0,Basrah,Al-Zubair,Safwan-Hay Al Tahreer,سفوان-حي التحرير,30.1139633,47.7147295,1.0,6.0,0.0,0.0,0.0,0.0,0.0,0.0,0.0,0.0,0.0,0.0,0.0,0.0,0.0,0.0,1.0,0.0,0.0,0.0,0.0,1.0,0.0,0.0,0.0,0.0,0.0,0.0,0.0,0.0,0.0,0.0,0.0,0.0,0.0,0.0,0.0,0.0,0.0,0.0,0.0,0.0,0.0,0.0,1.0,0.0,0.0,1.0,0.0,0.0,0.0,0.0,0.0,0.0,0.0,0.0,0.0,0.0,"Mar 17, 2016"
3113,3104047.0,24925.0,Basrah,Al-Zubair,Umm Qasr-Door Al-Moaneaa 1-Street 10,دور الموانئ 1-أم قصير-شارع 10,30.038732,47.9203704,1.0,6.0,1.0,0.0,0.0,0.0,0.0,0.0,0.0,0.0,0.0,0.0,0.0,0.0,0.0,0.0,0.0,0.0,0.0,0.0,0.0,0.0,0.0,0.0,0.0,0.0,0.0,0.0,1.0,0.0,0.0,1.0,0.0,0.0,0.0,0.0,0.0,0.0,0.0,0.0,0.0,0.0,0.0,0.0,0.0,0.0,0.0,0.0,1.0,0.0,0.0,1.0,0.0,0.0,0.0,0.0,0.0,0.0,"Mar 17, 2016"
3114,3104048.0,24923.0,Basrah,Al-Zubair,Umm Qasr-Door Al-Moaneaa 1-Street 11,دور الموانئ 1-أم قصير-شارع 11,30.0383613,47.9209151,1.0,6.0,0.0,0.0,0.0,0.0,0.0,1.0,0.0,0.0,0.0,0.0,0.0,0.0,0.0,0.0,0.0,0.0,0.0,0.0,0.0,0.0,0.0,0.0,0.0,0.0,0.0,0.0,1.0,0.0,0.0,1.0,0.0,0.0,0.0,0.0,0.0,0.0,0.0,0.0,0.0,0.0,1.0,0.0,0.0,1.0,0.0,0.0,0.0,0.0,0.0,0.0,0.0,0.0,0.0,0.0,0.0,0.0,"Mar 17, 2016"
3115,3104051.0,24922.0,Basrah,Al-Zubair,Umm Qasr-Door Al-Moaneaa 1-Street 6,دور الموانئ 1-أم قصير-شارع 6,30.03856913,47.91678504,2.0,12.0,2.0,0.0,0.0,0.0,0.0,0.0,0.0,0.0,0.0,0.0,0.0,0.0,0.0,0.0,0.0,0.0,0.0,0.0,0.0,1.0,0.0,0.0,0.0,0.0,0.0,0.0,1.0,0.0,0.0,1.0,0.0,0.0,0.0,0.0,0.0,0.0,0.0,0.0,0.0,0.0,2.0,0.0,0.0,2.0,0.0,0.0,0.0,0.0,0.0,0.0,0.0,0.0,0.0,0.0,0.0,0.0,"Mar 17, 2016"
3116,3104052.0,25462.0,Basrah,Al-Zubair,Village Al-Nakheel Al-Asria,قرية النخيل العصرية,30.355550105,47.7158248796,8.0,48.0,0.0,0.0,0.0,0.0,0.0,0.0,0.0,0.0,0.0,0.0,0.0,0.0,1.0,0.0,7.0,0.0,0.0,0.0,0.0,0.0,0.0,8.0,0.0,0.0,8.0,0.0,0.0,0.0,0.0,0.0,0.0,0.0,0.0,0.0,0.0,0.0,0.0,0.0,3.0,0.0,0.0,3.0,0.0,0.0,5.0,0.0,0.0,5.0,0.0,0.0,0.0,0.0,0.0,0.0,0.0,0.0,"Mar 17, 2016"
3117,3104056.0,26111.0,Basrah,Al-Zubair,Khor Al Zubir-Al Shuqaq,خور الزبير-الشقق,30.2260548,47.7810015588,4.0,24.0,0.0,0.0,0.0,0.0,0.0,0.0,0.0,0.0,0.0,0.0,0.0,0.0,0.0,0.0,4.0,0.0,0.0,0.0,0.0,0.0,0.0,0.0,0.0,0.0,0.0,0.0,4.0,0.0,0.0,4.0,0.0,0.0,0.0,0.0,0.0,0.0,0.0,0.0,4.0,0.0,0.0,4.0,0.0,0.0,0.0,0.0,0.0,0.0,0.0,0.0,0.0,0.0,0.0,0.0,0.0,0.0,"Mar 17, 2016"
3118,3104057.0,26107.0,Basrah,Al-Zubair,Khor Al zubir-Hay Al Zahra,خور الزبير-حي الزهراء,30.2353794,47.7601865,11.0,66.0,5.0,0.0,0.0,0.0,0.0,0.0,0.0,0.0,0.0,0.0,0.0,0.0,0.0,0.0,6.0,0.0,0.0,0.0,0.0,0.0,0.0,0.0,0.0,0.0,0.0,0.0,11.0,0.0,0.0,11.0,0.0,0.0,0.0,0.0,0.0,0.0,0.0,0.0,1.0,0.0,0.0,1.0,0.0,0.0,9.0,0.0,1.0,9.0,0.0,1.0,0.0,0.0,0.0,0.0,0.0,0.0,"Mar 17, 2016"
3119,3104058.0,26108.0,Basrah,Al-Zubair,Khor Al zubir-Hay Al-Ansar,خور الزبير-حي الانصار,30.24025704,47.77092174,10.0,60.0,3.0,0.0,0.0,0.0,0.0,0.0,0.0,0.0,0.0,0.0,0.0,0.0,0.0,0.0,7.0,0.0,0.0,0.0,0.0,0.0,0.0,0.0,0.0,0.0,0.0,0.0,10.0,0.0,0.0,10.0,0.0,0.0,0.0,0.0,0.0,0.0,0.0,0.0,0.0,0.0,0.0,0.0,0.0,0.0,4.0,0.0,6.0,4.0,0.0,6.0,0.0,0.0,0.0,0.0,0.0,0.0,"Mar 17, 2016"
3120,3104061.0,1303.0,Basrah,Al-Zubair,Khor Al zubir-Hay Al-Salam,خور الزبير-حي السلام,30.24195869,47.77428254,13.0,78.0,0.0,0.0,0.0,0.0,0.0,0.0,0.0,0.0,0.0,0.0,0.0,0.0,0.0,0.0,13.0,0.0,0.0,0.0,0.0,0.0,0.0,0.0,0.0,0.0,0.0,0.0,13.0,0.0,0.0,13.0,0.0,0.0,0.0,0.0,0.0,0.0,0.0,0.0,0.0,0.0,1.0,0.0,0.0,1.0,12.0,0.0,0.0,12.0,0.0,0.0,0.0,0.0,0.0,0.0,0.0,0.0,"Mar 17, 2016"
3121,3104062.0,27196.0,Basrah,Al-Zubair,khor Al Zubair-Hay Al Baqer Al Ula,خور الزبير-الباقر الاولى,30.227041,47.767224,6.0,36.0,5.0,0.0,0.0,0.0,0.0,1.0,0.0,0.0,0.0,0.0,0.0,0.0,0.0,0.0,0.0,0.0,0.0,0.0,0.0,0.0,0.0,0.0,0.0,0.0,0.0,0.0,6.0,0.0,0.0,6.0,0.0,0.0,0.0,0.0,0.0,0.0,0.0,0.0,0.0,0.0,1.0,0.0,0.0,1.0,5.0,0.0,0.0,5.0,0.0,0.0,0.0,0.0,0.0,0.0,0.0,0.0,"Mar 17, 2016"
3122,3104063.0,27258.0,Basrah,Al-Zubair,Safwan-Hay Al Ghadeer,سفوان-حي الغدير,30.12029156,47.71343739,9.0,54.0,9.0,0.0,0.0,0.0,0.0,0.0,0.0,0.0,0.0,0.0,0.0,0.0,0.0,0.0,0.0,0.0,0.0,0.0,0.0,0.0,0.0,0.0,0.0,0.0,0.0,0.0,9.0,0.0,0.0,9.0,0.0,0.0,0.0,0.0,0.0,0.0,0.0,0.0,2.0,0.0,3.0,2.0,3.0,3.0,0.0,3.0,1.0,0.0,0.0,1.0,0.0,0.0,0.0,0.0,0.0,0.0,"Mar 17, 2016"
3123,3104064.0,27293.0,Basrah,Al-Zubair,Umm Qasr-Door Al-Moaneaa 2,ام قصير-دور الموانئ 2,30.03480088,47.92188308,5.0,30.0,0.0,1.0,0.0,0.0,0.0,0.0,0.0,0.0,0.0,0.0,0.0,0.0,1.0,0.0,3.0,0.0,0.0,0.0,0.0,1.0,0.0,1.0,0.0,1.0,1.0,0.0,2.0,0.0,0.0,2.0,0.0,0.0,0.0,0.0,0.0,0.0,0.0,0.0,2.0,0.0,2.0,2.0,1.0,2.0,0.0,1.0,0.0,0.0,0.0,0.0,0.0,0.0,0.0,0.0,0.0,0.0,"Mar 17, 2016"
3124,3104065.0,27294.0,Basrah,Al-Zubair,Umm Qasr-Hay Al-Qaeda,ام قصير-حي القاعدة,30.0175146,47.9373494,2.0,12.0,1.0,0.0,0.0,0.0,0.0,1.0,0.0,0.0,0.0,0.0,0.0,0.0,0.0,0.0,0.0,0.0,0.0,0.0,0.0,0.0,0.0,0.0,0.0,0.0,0.0,0.0,2.0,0.0,0.0,2.0,0.0,0.0,0.0,0.0,0.0,0.0,0.0,0.0,0.0,0.0,1.0,0.0,1.0,1.0,0.0,1.0,0.0,0.0,0.0,0.0,0.0,0.0,0.0,0.0,0.0,0.0,"Mar 17, 2016"
3125,3104066.0,27295.0,Basrah,Al-Zubair,Umm Qasr-Al-hindiyah Al-Janobia,ام قصير-الهندية الجنوبية,30.0309122,47.9191197,1.0,6.0,0.0,0.0,0.0,0.0,0.0,0.0,0.0,0.0,0.0,0.0,0.0,0.0,1.0,0.0,0.0,0.0,0.0,0.0,0.0,0.0,0.0,0.0,0.0,0.0,0.0,0.0,1.0,0.0,0.0,1.0,0.0,0.0,0.0,0.0,0.0,0.0,0.0,0.0,0.0,0.0,0.0,0.0,1.0,0.0,0.0,1.0,0.0,0.0,0.0,0.0,0.0,0.0,0.0,0.0,0.0,0.0,"Mar 17, 2016"
3126,3104067.0,27327.0,Basrah,Al-Zubair,Al-Shuaiba Door Al Masfa,الشعيبة دور المصفى ,30.44536297,47.65906407,2.0,12.0,0.0,0.0,0.0,0.0,0.0,0.0,0.0,0.0,0.0,0.0,0.0,0.0,2.0,0.0,0.0,0.0,0.0,0.0,0.0,2.0,0.0,0.0,0.0,0.0,0.0,0.0,0.0,0.0,0.0,0.0,0.0,0.0,0.0,0.0,0.0,0.0,0.0,0.0,0.0,0.0,0.0,0.0,0.0,0.0,2.0,0.0,0.0,2.0,0.0,0.0,0.0,0.0,0.0,0.0,0.0,0.0,"Mar 17, 2016"
3127,3104068.0,28408.0,Basrah,Al-Zubair,khor Al Zubair-Hay Al Baqer Al Thaniyah,خور الزبير-الباقر الثانية,30.2269461,47.7646423469,16.0,96.0,11.0,0.0,0.0,0.0,0.0,0.0,0.0,0.0,1.0,0.0,0.0,0.0,0.0,0.0,4.0,0.0,0.0,0.0,0.0,0.0,0.0,0.0,0.0,0.0,0.0,0.0,16.0,0.0,0.0,16.0,0.0,0.0,0.0,0.0,0.0,0.0,0.0,0.0,0.0,0.0,2.0,0.0,0.0,2.0,14.0,0.0,0.0,14.0,0.0,0.0,0.0,0.0,0.0,0.0,0.0,0.0,"Mar 17, 2016"
3128,3104069.0,28459.0,Basrah,Al-Zubair,Safwan-Hay Al Zahra,سفوان-حي الزهراء,30.11098484,47.71865185,3.0,18.0,3.0,0.0,0.0,0.0,0.0,0.0,0.0,0.0,0.0,0.0,0.0,0.0,0.0,0.0,0.0,0.0,0.0,0.0,0.0,0.0,0.0,0.0,0.0,0.0,0.0,0.0,3.0,0.0,0.0,3.0,0.0,0.0,0.0,0.0,0.0,0.0,0.0,0.0,0.0,0.0,0.0,0.0,0.0,0.0,0.0,0.0,3.0,0.0,0.0,3.0,0.0,0.0,0.0,0.0,0.0,0.0,"Mar 17, 2016"
3129,3105002.0,24799.0,Basrah,Basrah,5 Miles(Al Hady Al Thaniyah),5ميل الهادي الثانية,30.5475191,47.7636609,3.0,18.0,1.0,0.0,0.0,0.0,0.0,0.0,0.0,0.0,2.0,0.0,0.0,0.0,0.0,0.0,0.0,0.0,0.0,0.0,0.0,1.0,0.0,0.0,0.0,0.0,0.0,0.0,2.0,0.0,0.0,2.0,0.0,0.0,0.0,0.0,0.0,0.0,0.0,0.0,1.0,0.0,0.0,1.0,0.0,0.0,2.0,0.0,0.0,2.0,0.0,0.0,0.0,0.0,0.0,0.0,0.0,0.0,"Mar 17, 2016"
3130,3105003.0,24929.0,Basrah,Basrah,5 Miles Al Bidhan,5ميل البيضان,30.5423982,47.7683696,4.0,24.0,0.0,0.0,0.0,0.0,0.0,0.0,0.0,0.0,0.0,0.0,0.0,0.0,0.0,0.0,4.0,0.0,0.0,0.0,0.0,0.0,0.0,0.0,0.0,0.0,0.0,0.0,4.0,0.0,0.0,4.0,0.0,0.0,0.0,0.0,0.0,0.0,0.0,0.0,0.0,0.0,4.0,0.0,0.0,4.0,0.0,0.0,0.0,0.0,0.0,0.0,0.0,0.0,0.0,0.0,0.0,0.0,"Mar 17, 2016"
3131,3105007.0,21192.0,Basrah,Basrah,Abu Hilwa,الهارثة-ابو حلوه,30.5829645,47.7498766,4.0,24.0,0.0,0.0,0.0,0.0,0.0,0.0,0.0,0.0,0.0,0.0,0.0,0.0,3.0,0.0,1.0,0.0,0.0,0.0,0.0,4.0,0.0,0.0,0.0,0.0,0.0,0.0,0.0,0.0,0.0,0.0,0.0,0.0,0.0,0.0,0.0,0.0,0.0,0.0,0.0,0.0,4.0,0.0,0.0,4.0,0.0,0.0,0.0,0.0,0.0,0.0,0.0,0.0,0.0,0.0,0.0,0.0,"Mar 17, 2016"
3132,3105008.0,1003.0,Basrah,Basrah,Abu sukhair,ابو صخير,30.5600967,47.7360294,2.0,12.0,0.0,0.0,0.0,0.0,0.0,2.0,0.0,0.0,0.0,0.0,0.0,0.0,0.0,0.0,0.0,0.0,0.0,0.0,0.0,0.0,0.0,0.0,0.0,0.0,0.0,0.0,2.0,0.0,0.0,2.0,0.0,0.0,0.0,0.0,0.0,0.0,0.0,0.0,0.0,0.0,0.0,0.0,2.0,0.0,0.0,2.0,0.0,0.0,0.0,0.0,0.0,0.0,0.0,0.0,0.0,0.0,"Mar 17, 2016"
3133,3105009.0,24179.0,Basrah,Basrah,Al Ablah,البصرة-المعقل-الابله,30.5487276,47.7733794,5.0,30.0,2.0,0.0,0.0,0.0,0.0,1.0,0.0,0.0,1.0,0.0,0.0,0.0,0.0,0.0,1.0,0.0,0.0,0.0,0.0,3.0,0.0,0.0,0.0,0.0,0.0,0.0,2.0,0.0,0.0,2.0,0.0,0.0,0.0,0.0,0.0,0.0,0.0,0.0,3.0,0.0,1.0,3.0,0.0,1.0,0.0,0.0,1.0,0.0,0.0,1.0,0.0,0.0,0.0,0.0,0.0,0.0,"Mar 17, 2016"
3134,3105010.0,1269.0,Basrah,Basrah,Al Amn Al Dakhly,البصرة-الامن الداخلي ,30.465855,47.7781414349,13.0,78.0,0.0,0.0,0.0,0.0,0.0,0.0,0.0,0.0,5.0,0.0,0.0,0.0,8.0,0.0,0.0,0.0,0.0,0.0,0.0,2.0,0.0,0.0,0.0,0.0,0.0,0.0,11.0,0.0,0.0,11.0,0.0,0.0,0.0,0.0,0.0,0.0,0.0,0.0,6.0,0.0,2.0,6.0,3.0,2.0,2.0,3.0,0.0,2.0,0.0,0.0,0.0,0.0,0.0,0.0,0.0,0.0,"Mar 17, 2016"
3135,3105011.0,968.0,Basrah,Basrah,Al Andolous,الاندلس,30.5435607923,47.7947877004,8.0,48.0,1.0,2.0,0.0,0.0,0.0,0.0,0.0,0.0,0.0,0.0,0.0,0.0,5.0,0.0,0.0,0.0,0.0,0.0,0.0,3.0,0.0,0.0,0.0,0.0,0.0,0.0,5.0,0.0,0.0,5.0,0.0,0.0,0.0,0.0,0.0,0.0,0.0,0.0,0.0,0.0,4.0,0.0,3.0,4.0,0.0,3.0,1.0,0.0,0.0,1.0,0.0,0.0,0.0,0.0,0.0,0.0,"Mar 17, 2016"
3136,3105012.0,475.0,Basrah,Basrah,Al Ashar,البصرة-العشار-العطيرية,30.5245368324,47.8304448952,2.0,12.0,2.0,0.0,0.0,0.0,0.0,0.0,0.0,0.0,0.0,0.0,0.0,0.0,0.0,0.0,0.0,0.0,0.0,0.0,0.0,0.0,0.0,0.0,0.0,0.0,0.0,0.0,2.0,0.0,0.0,2.0,0.0,0.0,0.0,0.0,0.0,0.0,0.0,0.0,0.0,0.0,2.0,0.0,0.0,2.0,0.0,0.0,0.0,0.0,0.0,0.0,0.0,0.0,0.0,0.0,0.0,0.0,"Mar 17, 2016"
3137,3105013.0,24346.0,Basrah,Basrah,Al Ashar Center,مركز العشار,30.5185264,47.8327375979,69.0,414.0,1.0,0.0,3.0,0.0,0.0,6.0,0.0,0.0,3.0,0.0,0.0,0.0,43.0,0.0,13.0,0.0,0.0,0.0,0.0,0.0,69.0,0.0,0.0,0.0,0.0,0.0,0.0,0.0,0.0,0.0,0.0,0.0,0.0,0.0,0.0,0.0,0.0,0.0,10.0,0.0,6.0,10.0,21.0,6.0,25.0,21.0,7.0,25.0,0.0,7.0,0.0,0.0,0.0,0.0,0.0,0.0,"Mar 17, 2016"
3138,3105014.0,24798.0,Basrah,Basrah,collective Al Assry(5 Miles Markets),مجمع العصري(سوق 5ميل),30.5484516,47.7591121314,90.0,540.0,25.0,0.0,0.0,0.0,0.0,0.0,0.0,0.0,1.0,0.0,0.0,0.0,12.0,0.0,52.0,0.0,0.0,0.0,90.0,0.0,0.0,0.0,0.0,0.0,0.0,0.0,0.0,0.0,0.0,0.0,0.0,0.0,0.0,0.0,0.0,0.0,0.0,0.0,4.0,0.0,13.0,4.0,4.0,13.0,42.0,4.0,27.0,42.0,0.0,27.0,0.0,0.0,0.0,0.0,0.0,0.0,"Mar 17, 2016"
3139,3105015.0,334.0,Basrah,Basrah,Markaz Al Harthah,البصرة-مركز الهارثة,30.5808118,47.7645586,4.0,24.0,1.0,0.0,0.0,0.0,0.0,0.0,0.0,0.0,1.0,0.0,0.0,0.0,0.0,0.0,2.0,0.0,0.0,0.0,0.0,2.0,0.0,0.0,0.0,0.0,0.0,0.0,2.0,0.0,0.0,2.0,0.0,0.0,0.0,0.0,0.0,0.0,0.0,0.0,0.0,0.0,1.0,0.0,1.0,1.0,2.0,1.0,0.0,2.0,0.0,0.0,0.0,0.0,0.0,0.0,0.0,0.0,"Mar 17, 2016"
3140,3105016.0,25228.0,Basrah,Basrah,Al Harthah-Allatief-1,الهارثة-اللطيف-1,30.59024584,47.75538722,1.0,6.0,0.0,0.0,0.0,0.0,0.0,0.0,0.0,0.0,0.0,0.0,0.0,0.0,1.0,0.0,0.0,0.0,0.0,0.0,0.0,0.0,0.0,1.0,0.0,0.0,1.0,0.0,0.0,0.0,0.0,0.0,0.0,0.0,0.0,0.0,0.0,0.0,0.0,0.0,0.0,0.0,0.0,0.0,0.0,0.0,1.0,0.0,0.0,1.0,0.0,0.0,0.0,0.0,0.0,0.0,0.0,0.0,"Mar 17, 2016"
3141,3105018.0,871.0,Basrah,Basrah,Al Harthah-Hay Al Risalah,الهارثة-حي الرسالة,30.5970753,47.753338,3.0,18.0,0.0,0.0,0.0,0.0,0.0,0.0,0.0,0.0,2.0,0.0,0.0,0.0,1.0,0.0,0.0,0.0,0.0,0.0,0.0,1.0,0.0,0.0,0.0,0.0,0.0,0.0,2.0,0.0,0.0,2.0,0.0,0.0,0.0,0.0,0.0,0.0,0.0,0.0,0.0,0.0,2.0,0.0,0.0,2.0,1.0,0.0,0.0,1.0,0.0,0.0,0.0,0.0,0.0,0.0,0.0,0.0,"Mar 17, 2016"
3142,3105020.0,24675.0,Basrah,Basrah,Al Harthah Hai Al Intesar,الهارثة-حي الانتصار,30.66282034,47.7422292,2.0,12.0,0.0,0.0,0.0,0.0,0.0,0.0,0.0,0.0,0.0,0.0,0.0,0.0,2.0,0.0,0.0,0.0,0.0,0.0,0.0,0.0,0.0,0.0,0.0,0.0,0.0,0.0,2.0,0.0,0.0,2.0,0.0,0.0,0.0,0.0,0.0,0.0,0.0,0.0,0.0,0.0,0.0,0.0,0.0,0.0,2.0,0.0,0.0,2.0,0.0,0.0,0.0,0.0,0.0,0.0,0.0,0.0,"Mar 17, 2016"
3143,3105023.0,894.0,Basrah,Basrah,Al Jazair-Al-Forsey,الجزائر-الفرسي,30.5026469,47.8267893,5.0,30.0,2.0,0.0,0.0,0.0,0.0,0.0,0.0,0.0,0.0,0.0,0.0,0.0,3.0,0.0,0.0,0.0,0.0,0.0,0.0,3.0,0.0,0.0,0.0,0.0,0.0,0.0,2.0,0.0,0.0,2.0,0.0,0.0,0.0,0.0,0.0,0.0,0.0,0.0,1.0,0.0,1.0,1.0,0.0,1.0,2.0,0.0,1.0,2.0,0.0,1.0,0.0,0.0,0.0,0.0,0.0,0.0,"Mar 17, 2016"
3144,3105025.0,927.0,Basrah,Basrah,Al Jumhuriya,البصرة-الجمهورية,30.52243352,47.7976710252,30.0,180.0,5.0,0.0,0.0,0.0,0.0,3.0,0.0,0.0,14.0,0.0,0.0,0.0,4.0,0.0,4.0,0.0,0.0,0.0,0.0,9.0,0.0,0.0,0.0,0.0,0.0,0.0,21.0,0.0,0.0,21.0,0.0,0.0,0.0,0.0,0.0,0.0,0.0,0.0,5.0,0.0,15.0,5.0,8.0,15.0,2.0,8.0,0.0,2.0,0.0,0.0,0.0,0.0,0.0,0.0,0.0,0.0,"Mar 17, 2016"
3145,3105026.0,24344.0,Basrah,Basrah,Al Kaim 1,القائم 1,30.4683519085,47.8132201924,14.0,84.0,11.0,0.0,0.0,0.0,0.0,0.0,0.0,0.0,0.0,0.0,0.0,0.0,2.0,0.0,1.0,0.0,0.0,0.0,0.0,0.0,0.0,0.0,0.0,0.0,0.0,0.0,14.0,0.0,0.0,14.0,0.0,0.0,0.0,0.0,0.0,0.0,0.0,0.0,14.0,0.0,0.0,14.0,0.0,0.0,0.0,0.0,0.0,0.0,0.0,0.0,0.0,0.0,0.0,0.0,0.0,0.0,"Mar 17, 2016"
3146,3105027.0,511.0,Basrah,Basrah,Al Khaleej4,البصرة-الجمعيات-حي الخليج 4,30.5057997,47.7818161348,8.0,48.0,7.0,0.0,0.0,0.0,0.0,1.0,0.0,0.0,0.0,0.0,0.0,0.0,0.0,0.0,0.0,0.0,0.0,0.0,0.0,0.0,0.0,0.0,0.0,0.0,0.0,0.0,8.0,0.0,0.0,8.0,0.0,0.0,0.0,0.0,0.0,0.0,0.0,0.0,4.0,0.0,0.0,4.0,0.0,0.0,1.0,0.0,3.0,1.0,0.0,3.0,0.0,0.0,0.0,0.0,0.0,0.0,"Mar 17, 2016"
3147,3105028.0,996.0,Basrah,Basrah,Al Maqil,البصرة-المعقل-حي جنادين,30.5557866,47.7892011,1.0,6.0,0.0,0.0,0.0,0.0,0.0,0.0,0.0,0.0,1.0,0.0,0.0,0.0,0.0,0.0,0.0,0.0,0.0,0.0,0.0,0.0,0.0,0.0,0.0,0.0,0.0,0.0,1.0,0.0,0.0,1.0,0.0,0.0,0.0,0.0,0.0,0.0,0.0,0.0,0.0,0.0,0.0,0.0,1.0,0.0,0.0,1.0,0.0,0.0,0.0,0.0,0.0,0.0,0.0,0.0,0.0,0.0,"Mar 17, 2016"
3148,3105029.0,989.0,Basrah,Basrah,Al Maqil-Al-kindi,البصرة-المعقل-الكندي,30.5530340428,47.7696660936,1.0,6.0,0.0,0.0,0.0,0.0,0.0,1.0,0.0,0.0,0.0,0.0,0.0,0.0,0.0,0.0,0.0,0.0,0.0,0.0,0.0,0.0,0.0,0.0,0.0,0.0,0.0,0.0,1.0,0.0,0.0,1.0,0.0,0.0,0.0,0.0,0.0,0.0,0.0,0.0,0.0,0.0,1.0,0.0,0.0,1.0,0.0,0.0,0.0,0.0,0.0,0.0,0.0,0.0,0.0,0.0,0.0,0.0,"Mar 17, 2016"
3149,3105030.0,963.0,Basrah,Basrah,AL Mowafaqiah,البصرة-الموفقية,30.5218062,47.7854393953,30.0,180.0,8.0,0.0,0.0,0.0,0.0,0.0,0.0,0.0,4.0,0.0,0.0,0.0,13.0,0.0,5.0,0.0,0.0,0.0,0.0,1.0,0.0,4.0,0.0,0.0,4.0,0.0,25.0,0.0,0.0,25.0,0.0,0.0,0.0,0.0,0.0,0.0,0.0,0.0,14.0,0.0,4.0,14.0,9.0,4.0,3.0,9.0,0.0,3.0,0.0,0.0,0.0,0.0,0.0,0.0,0.0,0.0,"Mar 17, 2016"
3150,3105031.0,24481.0,Basrah,Basrah,Al Muhallab,البصرة-حي المهلب,30.4881768768,47.8083180169,2.0,12.0,1.0,0.0,0.0,0.0,0.0,0.0,0.0,0.0,0.0,0.0,0.0,0.0,0.0,0.0,1.0,0.0,0.0,0.0,0.0,0.0,0.0,0.0,0.0,0.0,0.0,0.0,2.0,0.0,0.0,2.0,0.0,0.0,0.0,0.0,0.0,0.0,0.0,0.0,1.0,0.0,1.0,1.0,0.0,1.0,0.0,0.0,0.0,0.0,0.0,0.0,0.0,0.0,0.0,0.0,0.0,0.0,"Mar 17, 2016"
3151,3105032.0,1310.0,Basrah,Basrah,Al Qabla-Hay Al Baladiyat,البصرة-القبلة-حي البلديات,30.4648808,47.8041595,9.0,54.0,4.0,0.0,0.0,0.0,0.0,0.0,0.0,0.0,0.0,0.0,0.0,0.0,2.0,0.0,3.0,0.0,0.0,0.0,0.0,4.0,0.0,0.0,0.0,0.0,0.0,0.0,5.0,0.0,0.0,5.0,0.0,0.0,0.0,0.0,0.0,0.0,0.0,0.0,3.0,0.0,3.0,3.0,2.0,3.0,1.0,2.0,0.0,1.0,0.0,0.0,0.0,0.0,0.0,0.0,0.0,0.0,"Mar 17, 2016"
3152,3105034.0,24627.0,Basrah,Basrah,Al Qibla-Al Shahid Al Sadir,القبلة-الشهيد الصدر,30.4696812926,47.8221196533,5.0,30.0,0.0,0.0,0.0,0.0,0.0,5.0,0.0,0.0,0.0,0.0,0.0,0.0,0.0,0.0,0.0,0.0,0.0,0.0,0.0,4.0,0.0,0.0,0.0,0.0,0.0,0.0,1.0,0.0,0.0,1.0,0.0,0.0,0.0,0.0,0.0,0.0,0.0,0.0,2.0,0.0,1.0,2.0,2.0,1.0,0.0,2.0,0.0,0.0,0.0,0.0,0.0,0.0,0.0,0.0,0.0,0.0,"Mar 17, 2016"
3153,3105035.0,21641.0,Basrah,Basrah,AL Qiziza,الكزيزه,30.53992,47.752913995,9.0,54.0,1.0,0.0,1.0,0.0,0.0,1.0,0.0,0.0,3.0,0.0,0.0,0.0,1.0,0.0,2.0,0.0,0.0,0.0,0.0,7.0,0.0,0.0,0.0,0.0,0.0,0.0,2.0,0.0,0.0,2.0,0.0,0.0,0.0,0.0,0.0,0.0,0.0,0.0,0.0,0.0,1.0,0.0,3.0,1.0,5.0,3.0,0.0,5.0,0.0,0.0,0.0,0.0,0.0,0.0,0.0,0.0,"Mar 17, 2016"
3154,3105036.0,24180.0,Basrah,Basrah,Al Sholah,الشعله,30.5120957585,47.7679699692,10.0,60.0,2.0,0.0,1.0,0.0,0.0,1.0,0.0,0.0,1.0,0.0,0.0,0.0,4.0,0.0,1.0,0.0,0.0,0.0,0.0,2.0,0.0,0.0,0.0,0.0,0.0,0.0,8.0,0.0,0.0,8.0,0.0,0.0,0.0,0.0,0.0,0.0,0.0,0.0,0.0,0.0,4.0,0.0,0.0,4.0,6.0,0.0,0.0,6.0,0.0,0.0,0.0,0.0,0.0,0.0,0.0,0.0,"Mar 17, 2016"
3155,3105038.0,1296.0,Basrah,Basrah,Al Tameemiya,البصرة-التميمية,30.5242808546,47.8274366323,2.0,12.0,0.0,0.0,0.0,0.0,0.0,0.0,0.0,0.0,1.0,0.0,0.0,0.0,0.0,0.0,1.0,0.0,0.0,0.0,0.0,2.0,0.0,0.0,0.0,0.0,0.0,0.0,0.0,0.0,0.0,0.0,0.0,0.0,0.0,0.0,0.0,0.0,0.0,0.0,0.0,0.0,0.0,0.0,0.0,0.0,2.0,0.0,0.0,2.0,0.0,0.0,0.0,0.0,0.0,0.0,0.0,0.0,"Mar 17, 2016"
3156,3105039.0,24281.0,Basrah,Basrah,Al Tuba Wa Al Nakhilah,البصرة-كرمة علي-الطوبة والنخيله,30.55338081,47.74002168,4.0,24.0,0.0,0.0,0.0,0.0,0.0,1.0,0.0,0.0,0.0,0.0,0.0,0.0,1.0,0.0,2.0,0.0,0.0,0.0,0.0,2.0,0.0,0.0,0.0,0.0,0.0,0.0,2.0,0.0,0.0,2.0,0.0,0.0,0.0,0.0,0.0,0.0,0.0,0.0,0.0,0.0,4.0,0.0,0.0,4.0,0.0,0.0,0.0,0.0,0.0,0.0,0.0,0.0,0.0,0.0,0.0,0.0,"Mar 17, 2016"
3157,3105040.0,920.0,Basrah,Basrah,Al Tuwaysa,البصرة-الطويسه,30.5188284685,47.8175637989,8.0,48.0,4.0,1.0,0.0,0.0,0.0,0.0,0.0,0.0,0.0,0.0,0.0,0.0,3.0,0.0,0.0,0.0,0.0,0.0,0.0,0.0,0.0,0.0,0.0,0.0,0.0,0.0,8.0,0.0,0.0,8.0,0.0,0.0,0.0,0.0,0.0,0.0,0.0,0.0,1.0,0.0,6.0,1.0,0.0,6.0,1.0,0.0,0.0,1.0,0.0,0.0,0.0,0.0,0.0,0.0,0.0,0.0,"Mar 17, 2016"
3158,3105042.0,905.0,Basrah,Basrah,Al-asma_i al-jadeed,الاصمعي الجديد,30.5082534387,47.7919037027,14.0,84.0,2.0,0.0,1.0,0.0,0.0,1.0,0.0,0.0,0.0,0.0,0.0,0.0,5.0,0.0,5.0,0.0,0.0,0.0,0.0,8.0,0.0,0.0,0.0,0.0,0.0,0.0,6.0,0.0,0.0,6.0,0.0,0.0,0.0,0.0,0.0,0.0,0.0,0.0,1.0,0.0,10.0,1.0,0.0,10.0,3.0,0.0,0.0,3.0,0.0,0.0,0.0,0.0,0.0,0.0,0.0,0.0,"Mar 17, 2016"
3159,3105043.0,1030.0,Basrah,Basrah,Al-badran,البصرة-الهارثة-البدران,30.5852998,47.757152,8.0,48.0,2.0,0.0,0.0,0.0,0.0,0.0,0.0,0.0,0.0,0.0,0.0,0.0,6.0,0.0,0.0,0.0,0.0,0.0,0.0,5.0,0.0,2.0,0.0,0.0,2.0,0.0,1.0,0.0,0.0,1.0,0.0,0.0,0.0,0.0,0.0,0.0,0.0,0.0,2.0,0.0,6.0,2.0,0.0,6.0,0.0,0.0,0.0,0.0,0.0,0.0,0.0,0.0,0.0,0.0,0.0,0.0,"Mar 17, 2016"
3160,3105044.0,1308.0,Basrah,Basrah,Al-Baker & Al-Ahrar,البكر والاحرار,30.4999937,47.8125471306,19.0,114.0,5.0,0.0,0.0,0.0,0.0,0.0,0.0,0.0,1.0,0.0,0.0,0.0,7.0,0.0,6.0,0.0,0.0,0.0,0.0,4.0,0.0,0.0,0.0,0.0,0.0,0.0,15.0,0.0,0.0,15.0,0.0,0.0,0.0,0.0,0.0,0.0,0.0,0.0,3.0,0.0,3.0,3.0,4.0,3.0,9.0,4.0,0.0,9.0,0.0,0.0,0.0,0.0,0.0,0.0,0.0,0.0,"Mar 17, 2016"
3161,3105045.0,872.0,Basrah,Basrah,Al-bradhia,البصرة-البراضعية,30.5043407,47.8521891547,11.0,66.0,1.0,0.0,0.0,0.0,0.0,0.0,0.0,0.0,2.0,0.0,0.0,0.0,3.0,0.0,5.0,0.0,0.0,0.0,0.0,8.0,0.0,0.0,0.0,0.0,0.0,0.0,3.0,0.0,0.0,3.0,0.0,0.0,0.0,0.0,0.0,0.0,0.0,0.0,0.0,0.0,5.0,0.0,0.0,5.0,6.0,0.0,0.0,6.0,0.0,0.0,0.0,0.0,0.0,0.0,0.0,0.0,"Mar 17, 2016"
3162,3105046.0,998.0,Basrah,Basrah,Al-hakeem,البصرة-القبلة-حي الحكيم,30.4567041,47.8011762832,12.0,72.0,0.0,2.0,0.0,0.0,0.0,0.0,0.0,0.0,0.0,0.0,0.0,0.0,5.0,0.0,5.0,0.0,0.0,0.0,0.0,1.0,0.0,0.0,0.0,0.0,0.0,0.0,11.0,0.0,0.0,11.0,0.0,0.0,0.0,0.0,0.0,0.0,0.0,0.0,4.0,0.0,0.0,4.0,0.0,0.0,8.0,0.0,0.0,8.0,0.0,0.0,0.0,0.0,0.0,0.0,0.0,0.0,"Mar 17, 2016"
3163,3105047.0,951.0,Basrah,Basrah,Al-hakemia,البصرة-الحكيمية,30.5269103,47.8152058939,10.0,60.0,1.0,0.0,0.0,0.0,0.0,0.0,0.0,0.0,0.0,0.0,0.0,0.0,4.0,0.0,5.0,0.0,0.0,0.0,0.0,4.0,0.0,0.0,0.0,0.0,0.0,0.0,6.0,0.0,0.0,6.0,0.0,0.0,0.0,0.0,0.0,0.0,0.0,0.0,1.0,0.0,4.0,1.0,4.0,4.0,0.0,4.0,1.0,0.0,0.0,1.0,0.0,0.0,0.0,0.0,0.0,0.0,"Mar 17, 2016"
3164,3105048.0,1022.0,Basrah,Basrah,Al-Hartha-Al-Ali,العلي,30.5768202,47.7592218,5.0,30.0,0.0,0.0,0.0,0.0,0.0,0.0,0.0,0.0,0.0,0.0,0.0,0.0,5.0,0.0,0.0,0.0,0.0,0.0,0.0,5.0,0.0,0.0,0.0,0.0,0.0,0.0,0.0,0.0,0.0,0.0,0.0,0.0,0.0,0.0,0.0,0.0,0.0,0.0,0.0,0.0,0.0,0.0,5.0,0.0,0.0,5.0,0.0,0.0,0.0,0.0,0.0,0.0,0.0,0.0,0.0,0.0,"Mar 17, 2016"
3165,3105049.0,1275.0,Basrah,Basrah,Al-Jnaina,الجنينة ,30.5412488497,47.7954450296,12.0,72.0,5.0,0.0,0.0,0.0,0.0,1.0,0.0,0.0,0.0,0.0,0.0,0.0,4.0,0.0,2.0,0.0,0.0,0.0,0.0,6.0,0.0,0.0,0.0,0.0,0.0,0.0,6.0,0.0,0.0,6.0,0.0,0.0,0.0,0.0,0.0,0.0,0.0,0.0,1.0,0.0,2.0,1.0,3.0,2.0,6.0,3.0,0.0,6.0,0.0,0.0,0.0,0.0,0.0,0.0,0.0,0.0,"Mar 17, 2016"
3166,3105050.0,986.0,Basrah,Basrah,Al-jubaila_,الجبيله,30.5460512743,47.8099870378,10.0,60.0,3.0,0.0,0.0,0.0,0.0,1.0,0.0,0.0,0.0,0.0,0.0,0.0,3.0,0.0,3.0,0.0,0.0,0.0,0.0,4.0,0.0,0.0,0.0,0.0,0.0,0.0,6.0,0.0,0.0,6.0,0.0,0.0,0.0,0.0,0.0,0.0,0.0,0.0,2.0,0.0,2.0,2.0,0.0,2.0,3.0,0.0,3.0,3.0,0.0,3.0,0.0,0.0,0.0,0.0,0.0,0.0,"Mar 17, 2016"
3167,3105051.0,862.0,Basrah,Basrah,Al-khaleeliya-2,الخليلية 2,30.49481821,47.82242396,5.0,30.0,0.0,0.0,0.0,0.0,0.0,0.0,0.0,0.0,0.0,0.0,0.0,0.0,5.0,0.0,0.0,0.0,0.0,0.0,0.0,0.0,0.0,0.0,0.0,0.0,0.0,0.0,5.0,0.0,0.0,5.0,0.0,0.0,0.0,0.0,0.0,0.0,0.0,0.0,0.0,0.0,0.0,0.0,3.0,0.0,2.0,3.0,0.0,2.0,0.0,0.0,0.0,0.0,0.0,0.0,0.0,0.0,"Mar 17, 2016"
3168,3105052.0,847.0,Basrah,Basrah,Al-meshraq al-qadeem,البصرة-المشراق القديم,30.4908240585,47.8161600456,14.0,84.0,4.0,0.0,0.0,0.0,0.0,0.0,0.0,0.0,0.0,0.0,0.0,0.0,5.0,0.0,5.0,0.0,0.0,0.0,0.0,6.0,0.0,0.0,0.0,0.0,0.0,0.0,8.0,0.0,0.0,8.0,0.0,0.0,0.0,0.0,0.0,0.0,0.0,0.0,0.0,0.0,8.0,0.0,2.0,8.0,3.0,2.0,1.0,3.0,0.0,1.0,0.0,0.0,0.0,0.0,0.0,0.0,"Mar 17, 2016"
3169,3105053.0,1306.0,Basrah,Basrah,Al-Mishraq Al-Jadeed,البصرة-المشراق-المشراق الجديد,30.484874393,47.8122007951,19.0,114.0,4.0,0.0,0.0,0.0,0.0,1.0,0.0,0.0,0.0,0.0,0.0,0.0,11.0,0.0,3.0,0.0,0.0,0.0,0.0,3.0,0.0,0.0,0.0,0.0,0.0,0.0,16.0,0.0,0.0,16.0,0.0,0.0,0.0,0.0,0.0,0.0,0.0,0.0,2.0,0.0,5.0,2.0,2.0,5.0,4.0,2.0,6.0,4.0,0.0,6.0,0.0,0.0,0.0,0.0,0.0,0.0,"Mar 17, 2016"
3170,3105054.0,849.0,Basrah,Basrah,Al-mutaiha,المطيحة ,30.4843211,47.8297065509,17.0,102.0,4.0,1.0,0.0,0.0,0.0,0.0,0.0,0.0,0.0,0.0,0.0,0.0,8.0,0.0,4.0,0.0,0.0,0.0,0.0,8.0,0.0,0.0,0.0,0.0,0.0,0.0,9.0,0.0,0.0,9.0,0.0,0.0,0.0,0.0,0.0,0.0,0.0,0.0,7.0,0.0,2.0,7.0,4.0,2.0,2.0,4.0,2.0,2.0,0.0,2.0,0.0,0.0,0.0,0.0,0.0,0.0,"Mar 17, 2016"
3171,3105055.0,935.0,Basrah,Basrah,Al-qeshla,القشلة ,30.5233363,47.8324533,1.0,6.0,1.0,0.0,0.0,0.0,0.0,0.0,0.0,0.0,0.0,0.0,0.0,0.0,0.0,0.0,0.0,0.0,0.0,0.0,0.0,1.0,0.0,0.0,0.0,0.0,0.0,0.0,0.0,0.0,0.0,0.0,0.0,0.0,0.0,0.0,0.0,0.0,0.0,0.0,0.0,0.0,1.0,0.0,0.0,1.0,0.0,0.0,0.0,0.0,0.0,0.0,0.0,0.0,0.0,0.0,0.0,0.0,"Mar 17, 2016"
3172,3105059.0,896.0,Basrah,Basrah,Al-tahseeniya al-qadeema,التحسينية القديمة,30.5055609,47.8192261,1.0,6.0,1.0,0.0,0.0,0.0,0.0,0.0,0.0,0.0,0.0,0.0,0.0,0.0,0.0,0.0,0.0,0.0,0.0,0.0,0.0,1.0,0.0,0.0,0.0,0.0,0.0,0.0,0.0,0.0,0.0,0.0,0.0,0.0,0.0,0.0,0.0,0.0,0.0,0.0,0.0,0.0,0.0,0.0,0.0,0.0,1.0,0.0,0.0,1.0,0.0,0.0,0.0,0.0,0.0,0.0,0.0,0.0,"Mar 17, 2016"
3173,3105060.0,926.0,Basrah,Basrah,Ar-rafedain,حي الرافدين,30.51916944,47.80117789,2.0,12.0,0.0,0.0,0.0,0.0,0.0,0.0,0.0,0.0,2.0,0.0,0.0,0.0,0.0,0.0,0.0,0.0,0.0,0.0,0.0,2.0,0.0,0.0,0.0,0.0,0.0,0.0,0.0,0.0,0.0,0.0,0.0,0.0,0.0,0.0,0.0,0.0,0.0,0.0,0.0,0.0,2.0,0.0,0.0,2.0,0.0,0.0,0.0,0.0,0.0,0.0,0.0,0.0,0.0,0.0,0.0,0.0,"Mar 17, 2016"
3174,3105061.0,918.0,Basrah,Basrah,As-sa_ii,الساعي,30.5113981,47.8266545,1.0,6.0,0.0,0.0,0.0,0.0,0.0,1.0,0.0,0.0,0.0,0.0,0.0,0.0,0.0,0.0,0.0,0.0,0.0,0.0,0.0,1.0,0.0,0.0,0.0,0.0,0.0,0.0,0.0,0.0,0.0,0.0,0.0,0.0,0.0,0.0,0.0,0.0,0.0,0.0,0.0,0.0,1.0,0.0,0.0,1.0,0.0,0.0,0.0,0.0,0.0,0.0,0.0,0.0,0.0,0.0,0.0,0.0,"Mar 17, 2016"
3175,3105062.0,857.0,Basrah,Basrah,As-safat-Al Qadima,البصرة القديمة-الصفاة,30.495005,47.8175249151,11.0,66.0,7.0,0.0,0.0,0.0,0.0,0.0,0.0,0.0,0.0,0.0,0.0,0.0,0.0,0.0,4.0,0.0,0.0,0.0,0.0,6.0,0.0,0.0,0.0,0.0,0.0,0.0,5.0,0.0,0.0,5.0,0.0,0.0,0.0,0.0,0.0,0.0,0.0,0.0,7.0,0.0,0.0,7.0,0.0,0.0,4.0,0.0,0.0,4.0,0.0,0.0,0.0,0.0,0.0,0.0,0.0,0.0,"Mar 17, 2016"
3176,3105063.0,880.0,Basrah,Basrah,As-saimar,السيمر,30.50097972,47.82039499,5.0,30.0,0.0,0.0,0.0,0.0,0.0,0.0,0.0,0.0,0.0,0.0,0.0,0.0,1.0,0.0,4.0,0.0,0.0,0.0,0.0,3.0,0.0,0.0,0.0,0.0,0.0,0.0,2.0,0.0,0.0,2.0,0.0,0.0,0.0,0.0,0.0,0.0,0.0,0.0,0.0,0.0,2.0,0.0,2.0,2.0,1.0,2.0,0.0,1.0,0.0,0.0,0.0,0.0,0.0,0.0,0.0,0.0,"Mar 17, 2016"
3177,3105064.0,903.0,Basrah,Basrah,At-tahseeniya al-jadeda,البصرة-التحسينية-التحسينية الجديده,30.5077442,47.8222275,3.0,18.0,1.0,0.0,0.0,0.0,0.0,0.0,0.0,0.0,0.0,0.0,0.0,0.0,2.0,0.0,0.0,0.0,0.0,0.0,0.0,0.0,0.0,0.0,0.0,0.0,0.0,0.0,3.0,0.0,0.0,3.0,0.0,0.0,0.0,0.0,0.0,0.0,0.0,0.0,0.0,0.0,0.0,0.0,2.0,0.0,1.0,2.0,0.0,1.0,0.0,0.0,0.0,0.0,0.0,0.0,0.0,0.0,"Mar 17, 2016"
3178,3105066.0,24624.0,Basrah,Basrah,Basra al qadima-Al Sadoniyah,البصرة القديمة-السعدونية,30.4965284477,47.8046161031,6.0,36.0,1.0,0.0,0.0,0.0,0.0,3.0,0.0,0.0,1.0,0.0,0.0,0.0,1.0,0.0,0.0,0.0,0.0,0.0,0.0,2.0,0.0,0.0,0.0,0.0,0.0,0.0,4.0,0.0,0.0,4.0,0.0,0.0,0.0,0.0,0.0,0.0,0.0,0.0,3.0,0.0,1.0,3.0,2.0,1.0,0.0,2.0,0.0,0.0,0.0,0.0,0.0,0.0,0.0,0.0,0.0,0.0,"Mar 17, 2016"
3179,3105068.0,907.0,Basrah,Basrah,Braiha,بريهة ,30.5131295184,47.8382103793,31.0,186.0,6.0,0.0,0.0,0.0,0.0,0.0,0.0,0.0,0.0,0.0,0.0,0.0,24.0,0.0,1.0,0.0,0.0,0.0,0.0,16.0,0.0,0.0,0.0,0.0,0.0,0.0,15.0,0.0,0.0,15.0,0.0,0.0,0.0,0.0,0.0,0.0,0.0,0.0,4.0,0.0,4.0,4.0,15.0,4.0,4.0,15.0,4.0,4.0,0.0,4.0,0.0,0.0,0.0,0.0,0.0,0.0,"Mar 17, 2016"
3180,3105069.0,24182.0,Basrah,Basrah,Casino Lebnan,البصرة-كازينو لبنان,30.5077651,47.8081170511,53.0,318.0,0.0,0.0,2.0,0.0,0.0,5.0,0.0,0.0,0.0,0.0,0.0,0.0,44.0,0.0,2.0,0.0,0.0,0.0,0.0,0.0,0.0,0.0,0.0,0.0,0.0,0.0,53.0,0.0,0.0,53.0,0.0,0.0,0.0,0.0,0.0,0.0,0.0,0.0,0.0,0.0,51.0,0.0,2.0,51.0,0.0,2.0,0.0,0.0,0.0,0.0,0.0,0.0,0.0,0.0,0.0,0.0,"Mar 17, 2016"
3181,3105070.0,1295.0,Basrah,Basrah,Door Al Dubbat,دور الضباط,30.5341191591,47.7887255493,12.0,72.0,4.0,0.0,0.0,0.0,0.0,0.0,0.0,0.0,0.0,0.0,0.0,0.0,3.0,0.0,5.0,0.0,0.0,0.0,0.0,2.0,0.0,0.0,0.0,0.0,0.0,0.0,10.0,0.0,0.0,10.0,0.0,0.0,0.0,0.0,0.0,0.0,0.0,0.0,1.0,0.0,7.0,1.0,1.0,7.0,1.0,1.0,2.0,1.0,0.0,2.0,0.0,0.0,0.0,0.0,0.0,0.0,"Mar 17, 2016"
3182,3105072.0,1284.0,Basrah,Basrah,Door Al-Shooen,دور الشؤون,30.4947758,47.8109357,6.0,36.0,5.0,0.0,0.0,0.0,0.0,1.0,0.0,0.0,0.0,0.0,0.0,0.0,0.0,0.0,0.0,0.0,0.0,0.0,0.0,0.0,0.0,0.0,0.0,0.0,0.0,0.0,6.0,0.0,0.0,6.0,0.0,0.0,0.0,0.0,0.0,0.0,0.0,0.0,0.0,0.0,0.0,0.0,1.0,0.0,5.0,1.0,0.0,5.0,0.0,0.0,0.0,0.0,0.0,0.0,0.0,0.0,"Mar 17, 2016"
3183,3105073.0,966.0,Basrah,Basrah,Door as-sailo_,دور السايلو,30.5375143909,47.809472561,6.0,36.0,1.0,0.0,0.0,0.0,0.0,1.0,0.0,0.0,0.0,0.0,0.0,0.0,4.0,0.0,0.0,0.0,0.0,0.0,0.0,6.0,0.0,0.0,0.0,0.0,0.0,0.0,0.0,0.0,0.0,0.0,0.0,0.0,0.0,0.0,0.0,0.0,0.0,0.0,0.0,0.0,2.0,0.0,2.0,2.0,1.0,2.0,1.0,1.0,0.0,1.0,0.0,0.0,0.0,0.0,0.0,0.0,"Mar 17, 2016"
3184,3105076.0,934.0,Basrah,Basrah,Durr Al Naaft,البصرة-دور النفط,30.5272782877,47.7869949799,8.0,48.0,3.0,0.0,0.0,0.0,0.0,0.0,0.0,0.0,0.0,0.0,0.0,0.0,4.0,0.0,1.0,0.0,0.0,0.0,0.0,1.0,0.0,0.0,0.0,0.0,0.0,0.0,7.0,0.0,0.0,7.0,0.0,0.0,0.0,0.0,0.0,0.0,0.0,0.0,0.0,0.0,8.0,0.0,0.0,8.0,0.0,0.0,0.0,0.0,0.0,0.0,0.0,0.0,0.0,0.0,0.0,0.0,"Mar 17, 2016"
3185,3105077.0,987.0,Basrah,Basrah,Eskan al-mawanie,اسكان المواني,30.53820587,47.76594071,5.0,30.0,4.0,0.0,0.0,0.0,0.0,0.0,0.0,0.0,0.0,0.0,0.0,0.0,0.0,0.0,1.0,0.0,0.0,0.0,0.0,0.0,0.0,0.0,0.0,0.0,0.0,0.0,5.0,0.0,0.0,5.0,0.0,0.0,0.0,0.0,0.0,0.0,0.0,0.0,0.0,0.0,2.0,0.0,0.0,2.0,2.0,0.0,1.0,2.0,0.0,1.0,0.0,0.0,0.0,0.0,0.0,0.0,"Mar 17, 2016"
3186,3105079.0,954.0,Basrah,Basrah,Hai al-bato_l,حي البتول,30.5377253103,47.7803027587,2.0,12.0,0.0,0.0,0.0,0.0,0.0,0.0,0.0,0.0,0.0,0.0,0.0,0.0,1.0,0.0,1.0,0.0,0.0,0.0,0.0,2.0,0.0,0.0,0.0,0.0,0.0,0.0,0.0,0.0,0.0,0.0,0.0,0.0,0.0,0.0,0.0,0.0,0.0,0.0,0.0,0.0,1.0,0.0,0.0,1.0,0.0,0.0,1.0,0.0,0.0,1.0,0.0,0.0,0.0,0.0,0.0,0.0,"Mar 17, 2016"
3187,3105080.0,869.0,Basrah,Basrah,Hai al-hussain-2,الحيانية-حي الحسين 2,30.4968692,47.7728658,7.0,42.0,4.0,0.0,0.0,0.0,0.0,0.0,0.0,0.0,2.0,0.0,0.0,0.0,0.0,0.0,1.0,0.0,0.0,0.0,0.0,1.0,0.0,0.0,0.0,0.0,0.0,0.0,6.0,0.0,0.0,6.0,0.0,0.0,0.0,0.0,0.0,0.0,0.0,0.0,0.0,0.0,6.0,0.0,0.0,6.0,0.0,0.0,1.0,0.0,0.0,1.0,0.0,0.0,0.0,0.0,0.0,0.0,"Mar 17, 2016"
3188,3105081.0,854.0,Basrah,Basrah,Hai al-kafa_at,البصرة-حي الكفاءات,30.4915877,47.7995977218,6.0,36.0,0.0,0.0,0.0,0.0,0.0,0.0,0.0,0.0,0.0,0.0,0.0,0.0,5.0,0.0,1.0,0.0,0.0,0.0,0.0,2.0,0.0,0.0,0.0,0.0,0.0,0.0,4.0,0.0,0.0,4.0,0.0,0.0,0.0,0.0,0.0,0.0,0.0,0.0,0.0,0.0,4.0,0.0,0.0,4.0,2.0,0.0,0.0,2.0,0.0,0.0,0.0,0.0,0.0,0.0,0.0,0.0,"Mar 17, 2016"
3189,3105082.0,933.0,Basrah,Basrah,Hai Al-Khadhraa,حي الخضراء,30.5224816084,47.8092186461,2.0,12.0,0.0,0.0,0.0,0.0,0.0,0.0,0.0,0.0,0.0,0.0,0.0,0.0,1.0,0.0,1.0,0.0,0.0,0.0,0.0,1.0,0.0,0.0,0.0,0.0,0.0,0.0,1.0,0.0,0.0,1.0,0.0,0.0,0.0,0.0,0.0,0.0,0.0,0.0,0.0,0.0,2.0,0.0,0.0,2.0,0.0,0.0,0.0,0.0,0.0,0.0,0.0,0.0,0.0,0.0,0.0,0.0,"Mar 17, 2016"
3190,3105083.0,852.0,Basrah,Basrah,Hai al-khaleej-3,البصرة-الجمعيات-حي الخليج 3,30.5017773,47.7855969,1.0,6.0,1.0,0.0,0.0,0.0,0.0,0.0,0.0,0.0,0.0,0.0,0.0,0.0,0.0,0.0,0.0,0.0,0.0,0.0,0.0,1.0,0.0,0.0,0.0,0.0,0.0,0.0,0.0,0.0,0.0,0.0,0.0,0.0,0.0,0.0,0.0,0.0,0.0,0.0,1.0,0.0,0.0,1.0,0.0,0.0,0.0,0.0,0.0,0.0,0.0,0.0,0.0,0.0,0.0,0.0,0.0,0.0,"Mar 17, 2016"
3191,3105084.0,602.0,Basrah,Basrah,Hai al-mohandesin,البصرة-حي المهندسين,30.4646421,47.7885523952,73.0,438.0,10.0,0.0,0.0,0.0,0.0,0.0,0.0,0.0,4.0,0.0,0.0,0.0,52.0,0.0,7.0,0.0,0.0,0.0,0.0,11.0,0.0,0.0,0.0,0.0,0.0,0.0,62.0,0.0,0.0,62.0,0.0,0.0,0.0,0.0,0.0,0.0,0.0,0.0,0.0,0.0,60.0,0.0,1.0,60.0,12.0,1.0,0.0,12.0,0.0,0.0,0.0,0.0,0.0,0.0,0.0,0.0,"Mar 17, 2016"
3192,3105085.0,874.0,Basrah,Basrah,Hai al-mu_alemin,البصرة القديمة-حي المعلمين,30.4965123,47.8079573,1.0,6.0,0.0,0.0,0.0,0.0,0.0,0.0,0.0,0.0,0.0,0.0,0.0,0.0,0.0,0.0,1.0,0.0,0.0,0.0,0.0,0.0,0.0,0.0,0.0,0.0,0.0,0.0,1.0,0.0,0.0,1.0,0.0,0.0,0.0,0.0,0.0,0.0,0.0,0.0,0.0,0.0,1.0,0.0,0.0,1.0,0.0,0.0,0.0,0.0,0.0,0.0,0.0,0.0,0.0,0.0,0.0,0.0,"Mar 17, 2016"
3193,3105087.0,937.0,Basrah,Basrah,Hai az-zahra_a,البصرة-حي الزهراء,30.5243843,47.8059834,2.0,12.0,0.0,0.0,0.0,0.0,0.0,0.0,0.0,0.0,0.0,0.0,0.0,0.0,0.0,0.0,2.0,0.0,0.0,0.0,0.0,1.0,0.0,0.0,0.0,0.0,0.0,0.0,1.0,0.0,0.0,1.0,0.0,0.0,0.0,0.0,0.0,0.0,0.0,0.0,0.0,0.0,2.0,0.0,0.0,2.0,0.0,0.0,0.0,0.0,0.0,0.0,0.0,0.0,0.0,0.0,0.0,0.0,"Mar 17, 2016"
3194,3105089.0,21099.0,Basrah,Basrah,Hay Al Hussain 4,البصرة-الحيانية-حي الحسين 4,30.4822814,47.7891097,5.0,30.0,1.0,0.0,0.0,0.0,0.0,0.0,0.0,0.0,3.0,0.0,0.0,0.0,0.0,0.0,1.0,0.0,0.0,0.0,0.0,3.0,0.0,0.0,0.0,0.0,0.0,0.0,2.0,0.0,0.0,2.0,0.0,0.0,0.0,0.0,0.0,0.0,0.0,0.0,0.0,0.0,2.0,0.0,2.0,2.0,1.0,2.0,0.0,1.0,0.0,0.0,0.0,0.0,0.0,0.0,0.0,0.0,"Mar 17, 2016"
3195,3105090.0,23897.0,Basrah,Basrah,Hay AL Hussainyia,البصرة-حي الحسينية,30.4789195,47.8298608,7.0,42.0,7.0,0.0,0.0,0.0,0.0,0.0,0.0,0.0,0.0,0.0,0.0,0.0,0.0,0.0,0.0,0.0,0.0,0.0,0.0,0.0,0.0,0.0,0.0,0.0,0.0,0.0,7.0,0.0,0.0,7.0,0.0,0.0,0.0,0.0,0.0,0.0,0.0,0.0,1.0,0.0,6.0,1.0,0.0,6.0,0.0,0.0,0.0,0.0,0.0,0.0,0.0,0.0,0.0,0.0,0.0,0.0,"Mar 17, 2016"
3196,3105091.0,24126.0,Basrah,Basrah,Hay Al Jamiah,البصرة-القبلة-حي الجامعة,30.4735456,47.804901131,16.0,96.0,2.0,0.0,0.0,0.0,0.0,0.0,0.0,0.0,0.0,0.0,0.0,0.0,10.0,0.0,4.0,0.0,0.0,0.0,0.0,0.0,0.0,0.0,0.0,0.0,0.0,0.0,16.0,0.0,0.0,16.0,0.0,0.0,0.0,0.0,0.0,0.0,0.0,0.0,5.0,0.0,1.0,5.0,1.0,1.0,8.0,1.0,1.0,8.0,0.0,1.0,0.0,0.0,0.0,0.0,0.0,0.0,"Mar 17, 2016"
3197,3105092.0,21096.0,Basrah,Basrah,Hay Al Qaim 2,البصرة-القبلة-القائم 2,30.4768988996,47.8151532439,6.0,36.0,4.0,0.0,0.0,0.0,0.0,0.0,0.0,0.0,1.0,0.0,0.0,0.0,1.0,0.0,0.0,0.0,0.0,0.0,0.0,1.0,0.0,3.0,0.0,0.0,3.0,0.0,2.0,0.0,0.0,2.0,0.0,0.0,0.0,0.0,0.0,0.0,0.0,0.0,2.0,0.0,0.0,2.0,2.0,0.0,0.0,2.0,2.0,0.0,0.0,2.0,0.0,0.0,0.0,0.0,0.0,0.0,"Mar 17, 2016"
3198,3105093.0,22095.0,Basrah,Basrah,Hay Al Rasheed,البصرة-القبلة-حي الرشيد,30.4605229472,47.811367332,3.0,18.0,0.0,0.0,0.0,0.0,0.0,1.0,0.0,0.0,1.0,0.0,0.0,0.0,0.0,0.0,1.0,0.0,0.0,0.0,0.0,2.0,0.0,1.0,0.0,0.0,1.0,0.0,0.0,0.0,0.0,0.0,0.0,0.0,0.0,0.0,0.0,0.0,0.0,0.0,1.0,0.0,1.0,1.0,1.0,1.0,0.0,1.0,0.0,0.0,0.0,0.0,0.0,0.0,0.0,0.0,0.0,0.0,"Mar 17, 2016"
3199,3105094.0,860.0,Basrah,Basrah,Hay Al Risalah,البصرة-حي الرسالة,30.4988958,47.8059327148,45.0,270.0,0.0,0.0,1.0,0.0,0.0,0.0,0.0,0.0,0.0,0.0,0.0,0.0,37.0,0.0,7.0,0.0,0.0,0.0,0.0,2.0,0.0,0.0,0.0,0.0,0.0,0.0,43.0,0.0,0.0,43.0,0.0,0.0,0.0,0.0,0.0,0.0,0.0,0.0,0.0,0.0,41.0,0.0,0.0,41.0,4.0,0.0,0.0,4.0,0.0,0.0,0.0,0.0,0.0,0.0,0.0,0.0,"Mar 17, 2016"
3200,3105095.0,24479.0,Basrah,Basrah,Hay Al Shuhadaa,القبلة-حي الشهداء,30.4507384772,47.8079305237,7.0,42.0,0.0,0.0,0.0,0.0,0.0,0.0,0.0,0.0,0.0,0.0,0.0,0.0,7.0,0.0,0.0,0.0,0.0,0.0,0.0,0.0,0.0,0.0,0.0,0.0,0.0,0.0,7.0,0.0,0.0,7.0,0.0,0.0,0.0,0.0,0.0,0.0,0.0,0.0,4.0,0.0,2.0,4.0,0.0,2.0,1.0,0.0,0.0,1.0,0.0,0.0,0.0,0.0,0.0,0.0,0.0,0.0,"Mar 17, 2016"
3201,3105096.0,24482.0,Basrah,Basrah,Hay Al Tamim,الحيانية-حي التاميم,30.50589267,47.77446997,5.0,30.0,1.0,0.0,0.0,0.0,0.0,0.0,0.0,0.0,3.0,0.0,0.0,0.0,1.0,0.0,0.0,0.0,0.0,0.0,0.0,0.0,0.0,0.0,0.0,0.0,0.0,1.0,4.0,1.0,0.0,4.0,0.0,0.0,0.0,0.0,0.0,0.0,0.0,0.0,0.0,0.0,5.0,0.0,0.0,5.0,0.0,0.0,0.0,0.0,0.0,0.0,0.0,0.0,0.0,0.0,0.0,0.0,"Mar 17, 2016"
3202,3105097.0,24595.0,Basrah,Basrah,Hay Al Zaiton,حي الزيتون,30.4746484,47.8260349,2.0,12.0,1.0,0.0,0.0,0.0,0.0,1.0,0.0,0.0,0.0,0.0,0.0,0.0,0.0,0.0,0.0,0.0,0.0,0.0,0.0,0.0,0.0,1.0,0.0,0.0,1.0,0.0,1.0,0.0,0.0,1.0,0.0,0.0,0.0,0.0,0.0,0.0,0.0,0.0,0.0,0.0,1.0,0.0,0.0,1.0,0.0,0.0,1.0,0.0,0.0,1.0,0.0,0.0,0.0,0.0,0.0,0.0,"Mar 17, 2016"
3203,3105098.0,1272.0,Basrah,Basrah,Hay Al-Asdiqaa,حي الاصدقاء,30.5150483,47.7766533579,11.0,66.0,1.0,0.0,0.0,0.0,0.0,0.0,0.0,0.0,4.0,0.0,0.0,0.0,6.0,0.0,0.0,0.0,0.0,0.0,0.0,1.0,0.0,2.0,0.0,0.0,2.0,0.0,8.0,0.0,0.0,8.0,0.0,0.0,0.0,0.0,0.0,0.0,0.0,0.0,5.0,0.0,1.0,5.0,4.0,1.0,0.0,4.0,1.0,0.0,0.0,1.0,0.0,0.0,0.0,0.0,0.0,0.0,"Mar 17, 2016"
3204,3105099.0,21311.0,Basrah,Basrah,Hay Al-Asmae Al-Qadeem,حي الاصمعي القديم ,30.5033731634,47.7940556079,4.0,24.0,1.0,0.0,0.0,0.0,0.0,0.0,0.0,0.0,1.0,0.0,0.0,0.0,0.0,0.0,2.0,0.0,0.0,0.0,0.0,4.0,0.0,0.0,0.0,0.0,0.0,0.0,0.0,0.0,0.0,0.0,0.0,0.0,0.0,0.0,0.0,0.0,0.0,0.0,0.0,0.0,3.0,0.0,0.0,3.0,1.0,0.0,0.0,1.0,0.0,0.0,0.0,0.0,0.0,0.0,0.0,0.0,"Mar 17, 2016"
3205,3105100.0,1271.0,Basrah,Basrah,Hay Al-Husain 3,البصرة-الحيانية-حي الحسين 3,30.4895169,47.7852075538,10.0,60.0,0.0,3.0,0.0,0.0,0.0,0.0,0.0,0.0,6.0,0.0,0.0,0.0,1.0,0.0,0.0,0.0,0.0,0.0,0.0,9.0,0.0,0.0,0.0,0.0,0.0,0.0,1.0,0.0,0.0,1.0,0.0,0.0,0.0,0.0,0.0,0.0,0.0,0.0,0.0,0.0,3.0,0.0,6.0,3.0,1.0,6.0,0.0,1.0,0.0,0.0,0.0,0.0,0.0,0.0,0.0,0.0,"Mar 17, 2016"
3206,3105102.0,911.0,Basrah,Basrah,Hay Al-Zohoor,البصرة-العشار-حي الزهور,30.5156069133,47.8426548287,11.0,66.0,0.0,0.0,0.0,0.0,0.0,0.0,0.0,0.0,0.0,0.0,0.0,0.0,9.0,0.0,2.0,0.0,0.0,0.0,0.0,3.0,5.0,0.0,0.0,0.0,0.0,3.0,0.0,3.0,0.0,0.0,0.0,0.0,0.0,0.0,0.0,0.0,0.0,0.0,0.0,0.0,5.0,0.0,0.0,5.0,1.0,0.0,5.0,1.0,0.0,5.0,0.0,0.0,0.0,0.0,0.0,0.0,"Mar 17, 2016"
3207,3105103.0,1282.0,Basrah,Basrah,Hay Tariq,البصرة-المعقل-حي طارق,30.551937,47.7613871,1.0,6.0,0.0,0.0,0.0,0.0,0.0,0.0,0.0,0.0,0.0,0.0,0.0,0.0,1.0,0.0,0.0,0.0,0.0,0.0,0.0,0.0,0.0,0.0,0.0,0.0,0.0,0.0,1.0,0.0,0.0,1.0,0.0,0.0,0.0,0.0,0.0,0.0,0.0,0.0,0.0,0.0,1.0,0.0,0.0,1.0,0.0,0.0,0.0,0.0,0.0,0.0,0.0,0.0,0.0,0.0,0.0,0.0,"Mar 17, 2016"
3208,3105105.0,24230.0,Basrah,Basrah,Ibn Ghazwan,البصرة-منطقة ابن غزوان(العالية),30.51201662,47.7968442,8.0,48.0,0.0,0.0,0.0,0.0,0.0,2.0,0.0,0.0,4.0,0.0,0.0,0.0,2.0,0.0,0.0,0.0,0.0,0.0,0.0,2.0,0.0,0.0,0.0,0.0,0.0,0.0,6.0,0.0,0.0,6.0,0.0,0.0,0.0,0.0,0.0,0.0,0.0,0.0,0.0,0.0,4.0,0.0,0.0,4.0,4.0,0.0,0.0,4.0,0.0,0.0,0.0,0.0,0.0,0.0,0.0,0.0,"Mar 17, 2016"
3209,3105106.0,24571.0,Basrah,Basrah,Karma Ali-Bani Malik Al Shamaliyah,كرمة علي-بني مالك الشمالية,30.5656917,47.7303958,6.0,36.0,6.0,0.0,0.0,0.0,0.0,0.0,0.0,0.0,0.0,0.0,0.0,0.0,0.0,0.0,0.0,0.0,0.0,0.0,0.0,0.0,0.0,0.0,0.0,0.0,0.0,0.0,6.0,0.0,0.0,6.0,0.0,0.0,0.0,0.0,0.0,0.0,0.0,0.0,0.0,0.0,2.0,0.0,4.0,2.0,0.0,4.0,0.0,0.0,0.0,0.0,0.0,0.0,0.0,0.0,0.0,0.0,"Mar 17, 2016"
3210,3105108.0,393.0,Basrah,Basrah,Karmat Ali,كرمة علي(الكرمة مركز),30.5733104,47.7437518,13.0,78.0,0.0,0.0,0.0,0.0,0.0,0.0,0.0,0.0,0.0,0.0,0.0,0.0,13.0,0.0,0.0,0.0,0.0,0.0,0.0,0.0,0.0,0.0,0.0,0.0,0.0,0.0,13.0,0.0,0.0,13.0,0.0,0.0,0.0,0.0,0.0,0.0,0.0,0.0,0.0,0.0,13.0,0.0,0.0,13.0,0.0,0.0,0.0,0.0,0.0,0.0,0.0,0.0,0.0,0.0,0.0,0.0,"Mar 17, 2016"
3211,3105109.0,893.0,Basrah,Basrah,Kut al-hejaj,البصرة-كوت الحجاج,30.5044163426,47.8008912996,3.0,18.0,2.0,0.0,0.0,0.0,0.0,0.0,0.0,0.0,0.0,0.0,0.0,0.0,1.0,0.0,0.0,0.0,0.0,0.0,0.0,2.0,0.0,0.0,0.0,0.0,0.0,0.0,1.0,0.0,0.0,1.0,0.0,0.0,0.0,0.0,0.0,0.0,0.0,0.0,0.0,0.0,2.0,0.0,0.0,2.0,1.0,0.0,0.0,1.0,0.0,0.0,0.0,0.0,0.0,0.0,0.0,0.0,"Mar 17, 2016"
3212,3105111.0,21097.0,Basrah,Basrah,Manawi Lajim Quarter,مناوي لجم ,30.495666389,47.8385616537,10.0,60.0,1.0,0.0,0.0,0.0,0.0,0.0,0.0,0.0,0.0,0.0,0.0,0.0,2.0,0.0,7.0,0.0,0.0,0.0,0.0,3.0,0.0,0.0,0.0,0.0,0.0,0.0,7.0,0.0,0.0,7.0,0.0,0.0,0.0,0.0,0.0,0.0,0.0,0.0,1.0,0.0,1.0,1.0,3.0,1.0,5.0,3.0,0.0,5.0,0.0,0.0,0.0,0.0,0.0,0.0,0.0,0.0,"Mar 17, 2016"
3213,3105112.0,891.0,Basrah,Basrah,Manawi pasha,مناوي باشا,30.5084310501,47.8410613812,15.0,90.0,5.0,0.0,0.0,0.0,0.0,0.0,0.0,0.0,1.0,0.0,0.0,0.0,8.0,0.0,1.0,0.0,0.0,0.0,0.0,10.0,0.0,0.0,0.0,0.0,0.0,2.0,3.0,2.0,0.0,3.0,0.0,0.0,0.0,0.0,0.0,0.0,0.0,0.0,0.0,0.0,9.0,0.0,0.0,9.0,5.0,0.0,1.0,5.0,0.0,1.0,0.0,0.0,0.0,0.0,0.0,0.0,"Mar 17, 2016"
3214,3104073.0,25725.0,Basrah,Al-Zubair,Hey Al khatoa,حي الخطوة,30.3910713331,47.7324575615,1.0,6.0,0.0,0.0,0.0,0.0,0.0,0.0,0.0,0.0,0.0,0.0,0.0,0.0,0.0,0.0,1.0,0.0,0.0,0.0,0.0,0.0,0.0,0.0,0.0,0.0,0.0,0.0,1.0,0.0,0.0,1.0,0.0,0.0,0.0,0.0,0.0,0.0,0.0,0.0,0.0,0.0,0.0,0.0,0.0,0.0,1.0,0.0,0.0,1.0,0.0,0.0,0.0,0.0,0.0,0.0,0.0,0.0,"Mar 17, 2016"
3215,3105114.0,23974.0,Basrah,Basrah,Mosa Kadhim,البصرة-القبلة-موسى الكاظم,30.4510794,47.7988895893,2.0,12.0,0.0,0.0,0.0,0.0,0.0,0.0,0.0,0.0,1.0,0.0,0.0,0.0,1.0,0.0,0.0,0.0,0.0,0.0,0.0,0.0,0.0,0.0,0.0,0.0,0.0,0.0,2.0,0.0,0.0,2.0,0.0,0.0,0.0,0.0,0.0,0.0,0.0,0.0,0.0,0.0,2.0,0.0,0.0,2.0,0.0,0.0,0.0,0.0,0.0,0.0,0.0,0.0,0.0,0.0,0.0,0.0,"Mar 17, 2016"
3216,3105115.0,889.0,Basrah,Basrah,Nadhran,البصرة-نظران,30.5036258756,47.8127466604,13.0,78.0,0.0,0.0,0.0,0.0,0.0,0.0,0.0,0.0,1.0,0.0,0.0,0.0,7.0,0.0,5.0,0.0,0.0,0.0,0.0,4.0,0.0,0.0,0.0,0.0,0.0,0.0,9.0,0.0,0.0,9.0,0.0,0.0,0.0,0.0,0.0,0.0,0.0,0.0,0.0,0.0,9.0,0.0,2.0,9.0,2.0,2.0,0.0,2.0,0.0,0.0,0.0,0.0,0.0,0.0,0.0,0.0,"Mar 17, 2016"
3217,3105116.0,1025.0,Basrah,Basrah,Najibiah,نجيبية ,30.5748214175,47.769548473,5.0,30.0,2.0,0.0,0.0,0.0,0.0,0.0,0.0,0.0,0.0,0.0,0.0,0.0,1.0,0.0,2.0,0.0,0.0,0.0,0.0,2.0,0.0,0.0,0.0,0.0,0.0,0.0,3.0,0.0,0.0,3.0,0.0,0.0,0.0,0.0,0.0,0.0,0.0,0.0,1.0,0.0,2.0,1.0,1.0,2.0,0.0,1.0,1.0,0.0,0.0,1.0,0.0,0.0,0.0,0.0,0.0,0.0,"Mar 17, 2016"
3218,3105117.0,899.0,Basrah,Basrah,Sabkhat al-arab,صبخة العرب,30.5070869056,47.8027312839,8.0,48.0,6.0,0.0,0.0,0.0,0.0,0.0,0.0,0.0,2.0,0.0,0.0,0.0,0.0,0.0,0.0,0.0,0.0,0.0,0.0,4.0,0.0,0.0,0.0,0.0,0.0,0.0,4.0,0.0,0.0,4.0,0.0,0.0,0.0,0.0,0.0,0.0,0.0,0.0,0.0,0.0,3.0,0.0,2.0,3.0,3.0,2.0,0.0,3.0,0.0,0.0,0.0,0.0,0.0,0.0,0.0,0.0,"Mar 17, 2016"
3219,3105118.0,897.0,Basrah,Basrah,Shuqaq al-faw,البصرة-شقق الفاو,30.5064157357,47.7943967476,5.0,30.0,2.0,0.0,0.0,0.0,0.0,0.0,0.0,0.0,0.0,0.0,0.0,0.0,3.0,0.0,0.0,0.0,0.0,0.0,0.0,2.0,0.0,0.0,0.0,0.0,0.0,0.0,3.0,0.0,0.0,3.0,0.0,0.0,0.0,0.0,0.0,0.0,0.0,0.0,2.0,0.0,1.0,2.0,0.0,1.0,1.0,0.0,1.0,1.0,0.0,1.0,0.0,0.0,0.0,0.0,0.0,0.0,"Mar 17, 2016"
3220,3105119.0,23975.0,Basrah,Basrah,Um Al Neajj,البصرة-منطقة ام النعاج,30.4788051,47.8369367775,11.0,66.0,8.0,0.0,0.0,0.0,0.0,0.0,0.0,0.0,0.0,0.0,0.0,0.0,2.0,0.0,1.0,0.0,0.0,0.0,0.0,8.0,0.0,0.0,0.0,0.0,0.0,0.0,3.0,0.0,0.0,3.0,0.0,0.0,0.0,0.0,0.0,0.0,0.0,0.0,0.0,0.0,2.0,0.0,0.0,2.0,2.0,0.0,7.0,2.0,0.0,7.0,0.0,0.0,0.0,0.0,0.0,0.0,"Mar 17, 2016"
3221,3105121.0,885.0,Basrah,Basrah,Al Khaleej2,البصرة-الجمعيات-حي الخليج 2,30.4940009,47.7888570087,3.0,18.0,1.0,0.0,0.0,0.0,0.0,0.0,0.0,0.0,0.0,0.0,0.0,0.0,2.0,0.0,0.0,0.0,0.0,0.0,0.0,2.0,0.0,0.0,0.0,0.0,0.0,0.0,1.0,0.0,0.0,1.0,0.0,0.0,0.0,0.0,0.0,0.0,0.0,0.0,0.0,0.0,0.0,0.0,1.0,0.0,2.0,1.0,0.0,2.0,0.0,0.0,0.0,0.0,0.0,0.0,0.0,0.0,"Mar 17, 2016"
3222,3105122.0,858.0,Basrah,Basrah,Hmrenan,الهارثة-حمرينان,30.6522529,47.74738896,10.0,60.0,0.0,0.0,0.0,0.0,0.0,0.0,0.0,0.0,0.0,0.0,0.0,0.0,10.0,0.0,0.0,0.0,0.0,0.0,0.0,0.0,0.0,10.0,0.0,0.0,10.0,0.0,0.0,0.0,0.0,0.0,0.0,0.0,0.0,0.0,0.0,0.0,0.0,0.0,0.0,0.0,10.0,0.0,0.0,10.0,0.0,0.0,0.0,0.0,0.0,0.0,0.0,0.0,0.0,0.0,0.0,0.0,"Mar 17, 2016"
3223,3105123.0,898.0,Basrah,Basrah,Al Khaleej1,البصرة-الجمعيات-حي الخليج 1,30.4881858,47.7944062527,6.0,36.0,1.0,0.0,0.0,0.0,0.0,1.0,0.0,0.0,0.0,0.0,0.0,0.0,4.0,0.0,0.0,0.0,0.0,0.0,0.0,3.0,0.0,0.0,0.0,0.0,0.0,0.0,3.0,0.0,0.0,3.0,0.0,0.0,0.0,0.0,0.0,0.0,0.0,0.0,4.0,0.0,1.0,4.0,0.0,1.0,1.0,0.0,0.0,1.0,0.0,0.0,0.0,0.0,0.0,0.0,0.0,0.0,"Mar 17, 2016"
3224,3105124.0,27259.0,Basrah,Basrah,Karma Ali-Twela,الطويله,30.57774947,47.73166333,4.0,24.0,0.0,0.0,0.0,0.0,0.0,0.0,0.0,0.0,0.0,0.0,0.0,0.0,4.0,0.0,0.0,0.0,0.0,0.0,0.0,0.0,0.0,0.0,0.0,0.0,0.0,0.0,4.0,0.0,0.0,4.0,0.0,0.0,0.0,0.0,0.0,0.0,0.0,0.0,0.0,0.0,0.0,0.0,0.0,0.0,4.0,0.0,0.0,4.0,0.0,0.0,0.0,0.0,0.0,0.0,0.0,0.0,"Mar 17, 2016"
3225,3105125.0,27328.0,Basrah,Basrah,Kut al-hejaj-al-jadeed,البصرة-كوت الحجاج الجديد,30.5104171509,47.8150974222,3.0,18.0,0.0,0.0,0.0,0.0,0.0,0.0,0.0,0.0,0.0,0.0,0.0,0.0,3.0,0.0,0.0,0.0,0.0,0.0,0.0,0.0,0.0,0.0,0.0,0.0,0.0,0.0,3.0,0.0,0.0,3.0,0.0,0.0,0.0,0.0,0.0,0.0,0.0,0.0,0.0,0.0,0.0,0.0,0.0,0.0,0.0,0.0,3.0,0.0,0.0,3.0,0.0,0.0,0.0,0.0,0.0,0.0,"Mar 17, 2016"
3226,3105126.0,959.0,Basrah,Basrah,AL Qiziza Hay AlSalam,الكزيزه-حي السلام,30.5354478233,47.7600837608,1.0,6.0,1.0,0.0,0.0,0.0,0.0,0.0,0.0,0.0,0.0,0.0,0.0,0.0,0.0,0.0,0.0,0.0,0.0,0.0,0.0,0.0,0.0,1.0,0.0,0.0,1.0,0.0,0.0,0.0,0.0,0.0,0.0,0.0,0.0,0.0,0.0,0.0,0.0,0.0,1.0,0.0,0.0,1.0,0.0,0.0,0.0,0.0,0.0,0.0,0.0,0.0,0.0,0.0,0.0,0.0,0.0,0.0,"Mar 17, 2016"
3227,3105127.0,28457.0,Basrah,Basrah,Al-Sabkha Al-Sagera,الصبخة الصغيرة ,30.503172,47.8160531,1.0,6.0,0.0,0.0,0.0,0.0,0.0,0.0,0.0,0.0,1.0,0.0,0.0,0.0,0.0,0.0,0.0,0.0,0.0,0.0,0.0,0.0,0.0,0.0,0.0,0.0,0.0,0.0,1.0,0.0,0.0,1.0,0.0,0.0,0.0,0.0,0.0,0.0,0.0,0.0,0.0,0.0,0.0,0.0,0.0,0.0,0.0,0.0,1.0,0.0,0.0,1.0,0.0,0.0,0.0,0.0,0.0,0.0,"Mar 17, 2016"
3228,3105128.0,1313.0,Basrah,Basrah,Al-Sabkha Al-Kabeera,الصبخة الكبيرة ,30.5053916,47.81649,2.0,12.0,1.0,0.0,0.0,0.0,0.0,0.0,0.0,0.0,0.0,0.0,0.0,0.0,0.0,0.0,1.0,0.0,0.0,0.0,0.0,0.0,0.0,0.0,0.0,0.0,0.0,0.0,2.0,0.0,0.0,2.0,0.0,0.0,0.0,0.0,0.0,0.0,0.0,0.0,0.0,0.0,1.0,0.0,0.0,1.0,1.0,0.0,0.0,1.0,0.0,0.0,0.0,0.0,0.0,0.0,0.0,0.0,"Mar 17, 2016"
3229,3105129.0,28473.0,Basrah,Basrah,Dwaed ,دويد ,30.4836252,47.8221471,1.0,6.0,1.0,0.0,0.0,0.0,0.0,0.0,0.0,0.0,0.0,0.0,0.0,0.0,0.0,0.0,0.0,0.0,0.0,0.0,0.0,0.0,0.0,0.0,0.0,0.0,0.0,0.0,1.0,0.0,0.0,1.0,0.0,0.0,0.0,0.0,0.0,0.0,0.0,0.0,0.0,0.0,0.0,0.0,0.0,0.0,1.0,0.0,0.0,1.0,0.0,0.0,0.0,0.0,0.0,0.0,0.0,0.0,"Mar 17, 2016"
3230,3106001.0,25333.0,Basrah,Fao,Al-Shamaliya-Hay Al Sadir,حي الصدر,29.981,48.468,1.0,6.0,0.0,0.0,0.0,0.0,0.0,0.0,0.0,0.0,0.0,0.0,0.0,0.0,1.0,0.0,0.0,0.0,0.0,0.0,0.0,0.0,0.0,0.0,0.0,0.0,0.0,0.0,1.0,0.0,0.0,1.0,0.0,0.0,0.0,0.0,0.0,0.0,0.0,0.0,0.0,0.0,0.0,0.0,0.0,0.0,1.0,0.0,0.0,1.0,0.0,0.0,0.0,0.0,0.0,0.0,0.0,0.0,"Mar 17, 2016"
3231,3106002.0,25338.0,Basrah,Fao,FAO Al Shamaliya-Hay Al Salam,حي السلام,29.9796562945,48.4607789616,1.0,6.0,0.0,0.0,0.0,0.0,0.0,0.0,0.0,0.0,0.0,0.0,0.0,0.0,0.0,0.0,1.0,0.0,0.0,0.0,0.0,0.0,0.0,0.0,0.0,0.0,0.0,0.0,1.0,0.0,0.0,1.0,0.0,0.0,0.0,0.0,0.0,0.0,0.0,0.0,0.0,0.0,0.0,0.0,0.0,0.0,1.0,0.0,0.0,1.0,0.0,0.0,0.0,0.0,0.0,0.0,0.0,0.0,"Mar 17, 2016"
3232,3106003.0,25335.0,Basrah,Fao,FAO Aljanubia-Hay Al Hussain,حي الحسين,29.9736040886,48.4702247057,1.0,6.0,0.0,0.0,0.0,0.0,0.0,0.0,0.0,0.0,1.0,0.0,0.0,0.0,0.0,0.0,0.0,0.0,0.0,0.0,0.0,0.0,0.0,0.0,0.0,0.0,0.0,0.0,1.0,0.0,0.0,1.0,0.0,0.0,0.0,0.0,0.0,0.0,0.0,0.0,0.0,0.0,0.0,0.0,1.0,0.0,0.0,1.0,0.0,0.0,0.0,0.0,0.0,0.0,0.0,0.0,0.0,0.0,"Mar 17, 2016"
3233,3106004.0,25334.0,Basrah,Fao,FAO Aljanubia-Hay Al Karar,حي الكرار,29.9680501289,48.4805273658,2.0,12.0,0.0,0.0,0.0,0.0,0.0,0.0,0.0,0.0,0.0,0.0,0.0,0.0,1.0,0.0,1.0,0.0,0.0,0.0,0.0,2.0,0.0,0.0,0.0,0.0,0.0,0.0,0.0,0.0,0.0,0.0,0.0,0.0,0.0,0.0,0.0,0.0,0.0,0.0,1.0,0.0,1.0,1.0,0.0,1.0,0.0,0.0,0.0,0.0,0.0,0.0,0.0,0.0,0.0,0.0,0.0,0.0,"Mar 17, 2016"
3234,3106006.0,25337.0,Basrah,Fao,FAO Aljanubia-Hay Al Zahra,حي الزهراء,29.9624361369,48.4767056079,2.0,12.0,0.0,0.0,0.0,0.0,0.0,0.0,0.0,0.0,0.0,0.0,0.0,0.0,2.0,0.0,0.0,0.0,0.0,0.0,0.0,0.0,0.0,0.0,0.0,0.0,0.0,0.0,2.0,0.0,0.0,2.0,0.0,0.0,0.0,0.0,0.0,0.0,0.0,0.0,2.0,0.0,0.0,2.0,0.0,0.0,0.0,0.0,0.0,0.0,0.0,0.0,0.0,0.0,0.0,0.0,0.0,0.0,"Mar 17, 2016"
3235,3106009.0,25340.0,Basrah,Fao,FAO Al-Shamaliya-Hay Al-Madaina,حي المدينة,29.9787803659,48.4704447006,10.0,60.0,8.0,0.0,0.0,0.0,0.0,0.0,0.0,0.0,0.0,0.0,0.0,0.0,0.0,0.0,2.0,0.0,0.0,0.0,0.0,0.0,0.0,0.0,0.0,0.0,0.0,0.0,10.0,0.0,0.0,10.0,0.0,0.0,0.0,0.0,0.0,0.0,0.0,0.0,5.0,0.0,2.0,5.0,2.0,2.0,1.0,2.0,0.0,1.0,0.0,0.0,0.0,0.0,0.0,0.0,0.0,0.0,"Mar 17, 2016"
3236,3107001.0,23517.0,Basrah,Shatt Al-Arab,Al Hota,الحوطة ,30.6419249,47.7734263312,22.0,132.0,12.0,0.0,0.0,0.0,0.0,0.0,0.0,0.0,1.0,0.0,0.0,0.0,9.0,0.0,0.0,0.0,0.0,0.0,0.0,7.0,0.0,4.0,0.0,0.0,4.0,6.0,5.0,6.0,0.0,5.0,0.0,0.0,0.0,0.0,0.0,0.0,0.0,0.0,0.0,0.0,5.0,0.0,4.0,5.0,7.0,4.0,6.0,7.0,0.0,6.0,0.0,0.0,0.0,0.0,0.0,0.0,"Mar 17, 2016"
3237,3107002.0,21640.0,Basrah,Shatt Al-Arab,AL Jazira 3,البصرة-شط العرب-الجزيرة 3,30.5873529,47.7927341,2.0,12.0,0.0,0.0,0.0,0.0,0.0,0.0,0.0,0.0,0.0,0.0,0.0,0.0,2.0,0.0,0.0,0.0,0.0,0.0,0.0,0.0,0.0,0.0,0.0,0.0,0.0,0.0,2.0,0.0,0.0,2.0,0.0,0.0,0.0,0.0,0.0,0.0,0.0,0.0,0.0,0.0,0.0,0.0,2.0,0.0,0.0,2.0,0.0,0.0,0.0,0.0,0.0,0.0,0.0,0.0,0.0,0.0,"Mar 17, 2016"
3238,3107007.0,25021.0,Basrah,Shatt Al-Arab,Al Nashwa-Mayah Aldhawaen,النشوة-مياح الضواعن,30.8945768,47.5228608,13.0,78.0,0.0,0.0,0.0,0.0,0.0,0.0,0.0,0.0,0.0,0.0,0.0,0.0,13.0,0.0,0.0,0.0,0.0,0.0,0.0,0.0,0.0,0.0,0.0,0.0,0.0,9.0,4.0,9.0,0.0,4.0,0.0,0.0,0.0,0.0,0.0,0.0,0.0,0.0,0.0,0.0,5.0,0.0,4.0,5.0,4.0,4.0,0.0,4.0,0.0,0.0,0.0,0.0,0.0,0.0,0.0,0.0,"Mar 17, 2016"
3239,3107011.0,1013.0,Basrah,Shatt Al-Arab,Al-Kibasi Kabeer,البصرة-شط العرب-الكباسي الكبير,30.5827683,47.8102885,6.0,36.0,3.0,0.0,0.0,0.0,0.0,0.0,0.0,0.0,2.0,0.0,0.0,0.0,1.0,0.0,0.0,0.0,0.0,0.0,0.0,1.0,0.0,3.0,0.0,0.0,3.0,0.0,2.0,0.0,0.0,2.0,0.0,0.0,0.0,0.0,0.0,0.0,0.0,0.0,0.0,0.0,2.0,0.0,1.0,2.0,3.0,1.0,0.0,3.0,0.0,0.0,0.0,0.0,0.0,0.0,0.0,0.0,"Mar 17, 2016"
3240,3107012.0,1000.0,Basrah,Shatt Al-Arab,Al-Kibasi Saghir,البصرة-شط العرب-الكباسي الصغير,30.598042,47.8039782,5.0,30.0,0.0,0.0,0.0,0.0,0.0,0.0,0.0,0.0,1.0,0.0,0.0,0.0,4.0,0.0,0.0,0.0,0.0,0.0,0.0,1.0,0.0,0.0,0.0,0.0,0.0,0.0,4.0,0.0,0.0,4.0,0.0,0.0,0.0,0.0,0.0,0.0,0.0,0.0,0.0,0.0,1.0,0.0,4.0,1.0,0.0,4.0,0.0,0.0,0.0,0.0,0.0,0.0,0.0,0.0,0.0,0.0,"Mar 17, 2016"
3241,3107013.0,645.0,Basrah,Shatt Al-Arab,As salehiyah,الصالحية ,30.5143639264,47.8734271104,11.0,66.0,0.0,0.0,10.0,0.0,0.0,1.0,0.0,0.0,0.0,0.0,0.0,0.0,0.0,0.0,0.0,0.0,0.0,0.0,0.0,0.0,0.0,10.0,0.0,0.0,10.0,0.0,1.0,0.0,0.0,1.0,0.0,0.0,0.0,0.0,0.0,0.0,0.0,0.0,0.0,0.0,1.0,0.0,0.0,1.0,10.0,0.0,0.0,10.0,0.0,0.0,0.0,0.0,0.0,0.0,0.0,0.0,"Mar 17, 2016"
3242,3107014.0,925.0,Basrah,Shatt Al-Arab,Bait zair,شط العرب-بيت زعير,30.52029169,47.86344521,1.0,6.0,1.0,0.0,0.0,0.0,0.0,0.0,0.0,0.0,0.0,0.0,0.0,0.0,0.0,0.0,0.0,0.0,0.0,0.0,0.0,1.0,0.0,0.0,0.0,0.0,0.0,0.0,0.0,0.0,0.0,0.0,0.0,0.0,0.0,0.0,0.0,0.0,0.0,0.0,0.0,0.0,1.0,0.0,0.0,1.0,0.0,0.0,0.0,0.0,0.0,0.0,0.0,0.0,0.0,0.0,0.0,0.0,"Mar 17, 2016"
3243,3107017.0,24774.0,Basrah,Shatt Al-Arab,Hay Al Jawadin,شط العرب التنومه-حي الجوادين,30.5433,47.8656,3.0,18.0,0.0,0.0,0.0,0.0,0.0,0.0,0.0,0.0,3.0,0.0,0.0,0.0,0.0,0.0,0.0,0.0,0.0,0.0,0.0,0.0,0.0,0.0,0.0,0.0,0.0,0.0,3.0,0.0,0.0,3.0,0.0,0.0,0.0,0.0,0.0,0.0,0.0,0.0,0.0,0.0,0.0,0.0,3.0,0.0,0.0,3.0,0.0,0.0,0.0,0.0,0.0,0.0,0.0,0.0,0.0,0.0,"Mar 17, 2016"
3244,3107018.0,960.0,Basrah,Shatt Al-Arab,Hay al-jami_a,البصرة-شط العرب-حي الجامعة,30.5412141294,47.8570832066,19.0,114.0,8.0,0.0,0.0,0.0,0.0,1.0,0.0,0.0,1.0,0.0,0.0,0.0,4.0,0.0,5.0,0.0,0.0,0.0,0.0,8.0,0.0,5.0,0.0,0.0,5.0,0.0,6.0,0.0,0.0,6.0,0.0,0.0,0.0,0.0,0.0,0.0,0.0,0.0,0.0,0.0,8.0,0.0,1.0,8.0,10.0,1.0,0.0,10.0,0.0,0.0,0.0,0.0,0.0,0.0,0.0,0.0,"Mar 17, 2016"
3245,3107019.0,25724.0,Basrah,Shatt Al-Arab,Markaz Shat Al-Arab-Al Jazira 1,البصرة-شط العرب-الجزيرة 1,30.5942,47.8032,7.0,42.0,7.0,0.0,0.0,0.0,0.0,0.0,0.0,0.0,0.0,0.0,0.0,0.0,0.0,0.0,0.0,0.0,0.0,0.0,0.0,0.0,0.0,0.0,0.0,0.0,0.0,0.0,7.0,0.0,0.0,7.0,0.0,0.0,0.0,0.0,0.0,0.0,0.0,0.0,0.0,0.0,0.0,0.0,0.0,0.0,5.0,0.0,2.0,5.0,0.0,2.0,0.0,0.0,0.0,0.0,0.0,0.0,"Mar 17, 2016"
3246,3107020.0,25723.0,Basrah,Shatt Al-Arab,Markaz Shat Al-Arab-Al Jazira 4,البصرة-شط العرب-الجزيرة 4,30.61308816,47.77763296,5.0,30.0,0.0,0.0,0.0,0.0,0.0,2.0,0.0,0.0,0.0,0.0,0.0,0.0,3.0,0.0,0.0,0.0,0.0,0.0,0.0,0.0,0.0,0.0,0.0,0.0,0.0,0.0,5.0,0.0,0.0,5.0,0.0,0.0,0.0,0.0,0.0,0.0,0.0,0.0,0.0,0.0,2.0,0.0,3.0,2.0,0.0,3.0,0.0,0.0,0.0,0.0,0.0,0.0,0.0,0.0,0.0,0.0,"Mar 17, 2016"
3247,3107021.0,24232.0,Basrah,Shatt Al-Arab,Shat Al Arab St 13,البصرة-شط العرب-شارع 13,30.52832625,47.85424962,1.0,6.0,0.0,0.0,0.0,0.0,0.0,0.0,0.0,0.0,1.0,0.0,0.0,0.0,0.0,0.0,0.0,0.0,0.0,0.0,0.0,1.0,0.0,0.0,0.0,0.0,0.0,0.0,0.0,0.0,0.0,0.0,0.0,0.0,0.0,0.0,0.0,0.0,0.0,0.0,0.0,0.0,1.0,0.0,0.0,1.0,0.0,0.0,0.0,0.0,0.0,0.0,0.0,0.0,0.0,0.0,0.0,0.0,"Mar 17, 2016"
3248,3107022.0,24531.0,Basrah,Shatt Al-Arab,Shatt Al-Arab-Tanoma-36 St,شط العرب التنومه-شارع 36,30.5317323,47.8525786,1.0,6.0,0.0,0.0,0.0,0.0,0.0,0.0,0.0,0.0,1.0,0.0,0.0,0.0,0.0,0.0,0.0,0.0,0.0,0.0,0.0,0.0,0.0,0.0,0.0,0.0,0.0,0.0,1.0,0.0,0.0,1.0,0.0,0.0,0.0,0.0,0.0,0.0,0.0,0.0,0.0,0.0,1.0,0.0,0.0,1.0,0.0,0.0,0.0,0.0,0.0,0.0,0.0,0.0,0.0,0.0,0.0,0.0,"Mar 17, 2016"
3249,3107023.0,25460.0,Basrah,Shatt Al-Arab,Shatt Al-Arab-Tanoma-39,التنومه شارع 39,30.5288,47.8505,1.0,6.0,0.0,0.0,0.0,0.0,0.0,0.0,0.0,0.0,0.0,0.0,0.0,0.0,0.0,0.0,1.0,0.0,0.0,0.0,0.0,0.0,0.0,0.0,0.0,0.0,0.0,0.0,1.0,0.0,0.0,1.0,0.0,0.0,0.0,0.0,0.0,0.0,0.0,0.0,0.0,0.0,1.0,0.0,0.0,1.0,0.0,0.0,0.0,0.0,0.0,0.0,0.0,0.0,0.0,0.0,0.0,0.0,"Mar 17, 2016"
3250,3107024.0,25461.0,Basrah,Shatt Al-Arab,Shatt Al-Arab-Tanoma-17 St,التنومه شارع 17,30.531169,47.8564193,3.0,18.0,0.0,3.0,0.0,0.0,0.0,0.0,0.0,0.0,0.0,0.0,0.0,0.0,0.0,0.0,0.0,0.0,0.0,0.0,0.0,0.0,0.0,0.0,0.0,0.0,0.0,0.0,3.0,0.0,0.0,3.0,0.0,0.0,0.0,0.0,0.0,0.0,0.0,0.0,0.0,0.0,3.0,0.0,0.0,3.0,0.0,0.0,0.0,0.0,0.0,0.0,0.0,0.0,0.0,0.0,0.0,0.0,"Mar 17, 2016"
3251,3107026.0,25954.0,Basrah,Shatt Al-Arab,Tanuma-Street 32,شط العرب التنومه-شارع 32,30.5339503,47.85984862,1.0,6.0,0.0,0.0,0.0,0.0,0.0,0.0,0.0,0.0,0.0,0.0,0.0,0.0,1.0,0.0,0.0,0.0,0.0,0.0,0.0,0.0,0.0,0.0,0.0,0.0,0.0,0.0,1.0,0.0,0.0,1.0,0.0,0.0,0.0,0.0,0.0,0.0,0.0,0.0,0.0,0.0,1.0,0.0,0.0,1.0,0.0,0.0,0.0,0.0,0.0,0.0,0.0,0.0,0.0,0.0,0.0,0.0,"Mar 17, 2016"
3252,3107027.0,28458.0,Basrah,Shatt Al-Arab,Street 29,شارع 29 ,30.53611282,47.85779019,1.0,6.0,1.0,0.0,0.0,0.0,0.0,0.0,0.0,0.0,0.0,0.0,0.0,0.0,0.0,0.0,0.0,0.0,0.0,0.0,0.0,0.0,0.0,1.0,0.0,0.0,1.0,0.0,0.0,0.0,0.0,0.0,0.0,0.0,0.0,0.0,0.0,0.0,0.0,0.0,0.0,0.0,0.0,0.0,0.0,0.0,1.0,0.0,0.0,1.0,0.0,0.0,0.0,0.0,0.0,0.0,0.0,0.0,"Mar 17, 2016"
3253,3201001.0,25274.0,Missan,Al-Kahla,Al Malfood village-Al Musharh,ناحية المشرح-قرية الملفود,31.8201638802,47.3852177296,1.0,6.0,0.0,0.0,0.0,0.0,0.0,0.0,0.0,0.0,0.0,0.0,0.0,0.0,0.0,0.0,1.0,0.0,0.0,0.0,0.0,0.0,0.0,1.0,0.0,0.0,1.0,0.0,0.0,0.0,0.0,0.0,0.0,0.0,0.0,0.0,0.0,0.0,0.0,0.0,0.0,0.0,0.0,0.0,0.0,0.0,1.0,0.0,0.0,1.0,0.0,0.0,0.0,0.0,0.0,0.0,0.0,0.0,"Mar 17, 2016"
3254,3201002.0,23871.0,Missan,Al-Kahla,Al Sader Al karima,ناحية المشرح-قرية صدر الكريمه,31.854462465,47.3402122557,3.0,18.0,0.0,0.0,3.0,0.0,0.0,0.0,0.0,0.0,0.0,0.0,0.0,0.0,0.0,0.0,0.0,0.0,0.0,0.0,0.0,0.0,0.0,3.0,0.0,0.0,3.0,0.0,0.0,0.0,0.0,0.0,0.0,0.0,0.0,0.0,0.0,0.0,0.0,0.0,0.0,0.0,0.0,0.0,3.0,0.0,0.0,3.0,0.0,0.0,0.0,0.0,0.0,0.0,0.0,0.0,0.0,0.0,"Mar 17, 2016"
3255,3201005.0,16292.0,Missan,Al-Kahla,Hay Al Nahdha,حي النهضه,31.6764868174,47.2935188152,4.0,24.0,0.0,0.0,0.0,0.0,0.0,0.0,0.0,0.0,4.0,0.0,0.0,0.0,0.0,0.0,0.0,0.0,0.0,0.0,0.0,3.0,0.0,0.0,0.0,0.0,0.0,0.0,1.0,0.0,0.0,1.0,0.0,0.0,0.0,0.0,0.0,0.0,0.0,0.0,0.0,0.0,0.0,0.0,4.0,0.0,0.0,4.0,0.0,0.0,0.0,0.0,0.0,0.0,0.0,0.0,0.0,0.0,"Mar 17, 2016"
3256,3201010.0,27379.0,Missan,Al-Kahla,Al Kharaba Village,قرية الخرابه,31.8450940759,47.3551006224,1.0,6.0,0.0,0.0,1.0,0.0,0.0,0.0,0.0,0.0,0.0,0.0,0.0,0.0,0.0,0.0,0.0,0.0,0.0,0.0,0.0,0.0,0.0,0.0,0.0,0.0,0.0,0.0,1.0,0.0,0.0,1.0,0.0,0.0,0.0,0.0,0.0,0.0,0.0,0.0,0.0,0.0,0.0,0.0,0.0,0.0,1.0,0.0,0.0,1.0,0.0,0.0,0.0,0.0,0.0,0.0,0.0,0.0,"Mar 17, 2016"
3257,3202001.0,16170.0,Missan,Al-Maimouna,Al turkiyah,ناحية السلام-التركيه,31.5444711796,46.9757301301,1.0,6.0,0.0,0.0,0.0,0.0,0.0,0.0,0.0,0.0,0.0,0.0,0.0,0.0,0.0,0.0,1.0,0.0,0.0,0.0,0.0,1.0,0.0,0.0,0.0,0.0,0.0,0.0,0.0,0.0,0.0,0.0,0.0,0.0,0.0,0.0,0.0,0.0,0.0,0.0,0.0,0.0,1.0,0.0,0.0,1.0,0.0,0.0,0.0,0.0,0.0,0.0,0.0,0.0,0.0,0.0,0.0,0.0,"Mar 17, 2016"
3258,3202002.0,16156.0,Missan,Al-Maimouna,Hay al markaz,ناحية السلام-حي المركز,31.5381491825,46.9779913103,1.0,6.0,0.0,0.0,0.0,0.0,0.0,0.0,0.0,0.0,0.0,0.0,0.0,0.0,1.0,0.0,0.0,0.0,0.0,0.0,0.0,1.0,0.0,0.0,0.0,0.0,0.0,0.0,0.0,0.0,0.0,0.0,0.0,0.0,0.0,0.0,0.0,0.0,0.0,0.0,0.0,0.0,0.0,0.0,1.0,0.0,0.0,1.0,0.0,0.0,0.0,0.0,0.0,0.0,0.0,0.0,0.0,0.0,"Mar 17, 2016"
3259,3202004.0,24579.0,Missan,Al-Maimouna,Sayyed Ahmad Rifae-Um Ubaida Village,ناحية سيد احمد الرفاعي-قرية ام عبيده,31.7207978385,46.7274681339,1.0,6.0,0.0,0.0,0.0,0.0,0.0,0.0,0.0,0.0,0.0,0.0,0.0,0.0,1.0,0.0,0.0,0.0,0.0,0.0,0.0,1.0,0.0,0.0,0.0,0.0,0.0,0.0,0.0,0.0,0.0,0.0,0.0,0.0,0.0,0.0,0.0,0.0,0.0,0.0,0.0,0.0,1.0,0.0,0.0,1.0,0.0,0.0,0.0,0.0,0.0,0.0,0.0,0.0,0.0,0.0,0.0,0.0,"Mar 17, 2016"
3260,3202005.0,27267.0,Missan,Al-Maimouna,Hay Al-Qasim,حي القاسم,31.6796467813,46.9623074319,2.0,12.0,0.0,0.0,1.0,0.0,0.0,1.0,0.0,0.0,0.0,0.0,0.0,0.0,0.0,0.0,0.0,0.0,0.0,0.0,0.0,1.0,0.0,1.0,0.0,0.0,1.0,0.0,0.0,0.0,0.0,0.0,0.0,0.0,0.0,0.0,0.0,0.0,0.0,0.0,0.0,0.0,1.0,0.0,1.0,1.0,0.0,1.0,0.0,0.0,0.0,0.0,0.0,0.0,0.0,0.0,0.0,0.0,"Mar 17, 2016"
3261,3203001.0,24537.0,Missan,Al-Mejar Al-Kabir,Abu AlAla Village,قرية ابو العلا,31.5527718434,47.1532012885,4.0,24.0,0.0,0.0,0.0,0.0,0.0,0.0,0.0,0.0,0.0,0.0,0.0,0.0,4.0,0.0,0.0,0.0,0.0,0.0,0.0,4.0,0.0,0.0,0.0,0.0,0.0,0.0,0.0,0.0,0.0,0.0,0.0,0.0,0.0,0.0,0.0,0.0,0.0,0.0,0.0,0.0,0.0,0.0,4.0,0.0,0.0,4.0,0.0,0.0,0.0,0.0,0.0,0.0,0.0,0.0,0.0,0.0,"Mar 17, 2016"
3262,3203002.0,24719.0,Missan,Al-Mejar Al-Kabir,Al Wadia Village,قرية الواديه,31.5595373714,47.1663394254,1.0,6.0,0.0,0.0,0.0,0.0,0.0,0.0,0.0,0.0,1.0,0.0,0.0,0.0,0.0,0.0,0.0,0.0,0.0,0.0,0.0,1.0,0.0,0.0,0.0,0.0,0.0,0.0,0.0,0.0,0.0,0.0,0.0,0.0,0.0,0.0,0.0,0.0,0.0,0.0,0.0,0.0,0.0,0.0,1.0,0.0,0.0,1.0,0.0,0.0,0.0,0.0,0.0,0.0,0.0,0.0,0.0,0.0,"Mar 17, 2016"
3263,3203003.0,24551.0,Missan,Al-Mejar Al-Kabir,Al Mabrukah Village,قرية المبروكه,31.6267515594,47.1941722734,1.0,6.0,0.0,0.0,0.0,0.0,0.0,0.0,0.0,0.0,0.0,0.0,0.0,0.0,1.0,0.0,0.0,0.0,0.0,0.0,0.0,0.0,0.0,0.0,0.0,0.0,0.0,0.0,1.0,0.0,0.0,1.0,0.0,0.0,0.0,0.0,0.0,0.0,0.0,0.0,0.0,0.0,0.0,0.0,1.0,0.0,0.0,1.0,0.0,0.0,0.0,0.0,0.0,0.0,0.0,0.0,0.0,0.0,"Mar 17, 2016"
3264,3203004.0,25276.0,Missan,Al-Mejar Al-Kabir,Al-Mejar Al-Kabir-Hay Al Zahra,حي الزهراء,31.5759381592,47.1638498787,7.0,42.0,0.0,0.0,3.0,0.0,0.0,0.0,0.0,0.0,4.0,0.0,0.0,0.0,0.0,0.0,0.0,0.0,0.0,0.0,0.0,3.0,0.0,0.0,0.0,0.0,0.0,0.0,4.0,0.0,0.0,4.0,0.0,0.0,0.0,0.0,0.0,0.0,0.0,0.0,0.0,0.0,6.0,0.0,1.0,6.0,0.0,1.0,0.0,0.0,0.0,0.0,0.0,0.0,0.0,0.0,0.0,0.0,"Mar 17, 2016"
3265,3203005.0,16214.0,Missan,Al-Mejar Al-Kabir,Hay al badrawi 1,حي البدراوي 1,31.5717659227,47.1682477994,14.0,84.0,0.0,0.0,0.0,0.0,0.0,0.0,0.0,0.0,3.0,0.0,0.0,0.0,10.0,0.0,1.0,0.0,0.0,0.0,0.0,4.0,0.0,0.0,0.0,0.0,0.0,0.0,2.0,0.0,0.0,2.0,0.0,0.0,8.0,0.0,0.0,8.0,0.0,0.0,0.0,0.0,0.0,0.0,12.0,0.0,2.0,12.0,0.0,2.0,0.0,0.0,0.0,0.0,0.0,0.0,0.0,0.0,"Mar 17, 2016"
3266,3203009.0,24372.0,Missan,Al-Mejar Al-Kabir,Hay Al Mulmin Al Jadid,حي المعلمين الجديد,31.5784954855,47.1653935528,6.0,36.0,1.0,0.0,0.0,0.0,0.0,0.0,0.0,0.0,0.0,0.0,0.0,0.0,4.0,0.0,1.0,0.0,0.0,0.0,0.0,3.0,0.0,0.0,0.0,0.0,0.0,0.0,0.0,0.0,0.0,0.0,0.0,0.0,3.0,0.0,0.0,3.0,0.0,0.0,0.0,0.0,3.0,0.0,2.0,3.0,1.0,2.0,0.0,1.0,0.0,0.0,0.0,0.0,0.0,0.0,0.0,0.0,"Mar 17, 2016"
3267,3203011.0,16870.0,Missan,Al-Mejar Al-Kabir,Hay Al Qudis,حي القدس,31.5756713368,47.1814311137,8.0,48.0,0.0,0.0,0.0,0.0,0.0,0.0,0.0,0.0,1.0,0.0,0.0,0.0,7.0,0.0,0.0,0.0,0.0,0.0,0.0,4.0,0.0,0.0,0.0,0.0,0.0,0.0,4.0,0.0,0.0,4.0,0.0,0.0,0.0,0.0,0.0,0.0,0.0,0.0,0.0,0.0,0.0,0.0,8.0,0.0,0.0,8.0,0.0,0.0,0.0,0.0,0.0,0.0,0.0,0.0,0.0,0.0,"Mar 17, 2016"
3268,3203013.0,16186.0,Missan,Al-Mejar Al-Kabir,Hay al saray,حي السراي,31.5765975918,47.1677317711,17.0,102.0,0.0,0.0,0.0,0.0,0.0,0.0,0.0,0.0,2.0,0.0,0.0,0.0,15.0,0.0,0.0,0.0,0.0,0.0,0.0,15.0,0.0,0.0,0.0,0.0,0.0,0.0,2.0,0.0,0.0,2.0,0.0,0.0,0.0,0.0,0.0,0.0,0.0,0.0,0.0,0.0,1.0,0.0,11.0,1.0,5.0,11.0,0.0,5.0,0.0,0.0,0.0,0.0,0.0,0.0,0.0,0.0,"Mar 17, 2016"
3269,3203015.0,16868.0,Missan,Al-Mejar Al-Kabir,Hay Al-Hadi,حي الهادي,31.5876086416,47.171810069,1.0,6.0,0.0,0.0,0.0,0.0,0.0,0.0,0.0,0.0,0.0,0.0,0.0,0.0,1.0,0.0,0.0,0.0,0.0,0.0,0.0,0.0,0.0,0.0,0.0,0.0,0.0,0.0,1.0,0.0,0.0,1.0,0.0,0.0,0.0,0.0,0.0,0.0,0.0,0.0,0.0,0.0,0.0,0.0,0.0,0.0,1.0,0.0,0.0,1.0,0.0,0.0,0.0,0.0,0.0,0.0,0.0,0.0,"Mar 17, 2016"
3270,3203016.0,16864.0,Missan,Al-Mejar Al-Kabir,Hay Al-Hasan Al-Askarey,حي الحسن العسكري,31.5890060807,47.1591255213,1.0,6.0,0.0,0.0,0.0,0.0,0.0,0.0,0.0,0.0,0.0,0.0,0.0,0.0,1.0,0.0,0.0,0.0,0.0,0.0,0.0,1.0,0.0,0.0,0.0,0.0,0.0,0.0,0.0,0.0,0.0,0.0,0.0,0.0,0.0,0.0,0.0,0.0,0.0,0.0,0.0,0.0,1.0,0.0,0.0,1.0,0.0,0.0,0.0,0.0,0.0,0.0,0.0,0.0,0.0,0.0,0.0,0.0,"Mar 17, 2016"
3271,3203017.0,15997.0,Missan,Al-Mejar Al-Kabir,Hay Al-Hussain,حي الحسين,31.5841076605,47.1745878792,3.0,18.0,0.0,0.0,1.0,0.0,0.0,0.0,0.0,0.0,2.0,0.0,0.0,0.0,0.0,0.0,0.0,0.0,0.0,0.0,0.0,2.0,0.0,0.0,0.0,0.0,0.0,0.0,1.0,0.0,0.0,1.0,0.0,0.0,0.0,0.0,0.0,0.0,0.0,0.0,0.0,0.0,0.0,0.0,3.0,0.0,0.0,3.0,0.0,0.0,0.0,0.0,0.0,0.0,0.0,0.0,0.0,0.0,"Mar 17, 2016"
3272,3203018.0,24536.0,Missan,Al-Mejar Al-Kabir,Hay Al-Hussain-Al Adil,ناحية العدل-حي الحسين,31.4879969436,47.1147961873,6.0,36.0,0.0,0.0,0.0,0.0,0.0,0.0,0.0,0.0,0.0,0.0,0.0,0.0,6.0,0.0,0.0,0.0,0.0,0.0,0.0,2.0,0.0,0.0,0.0,3.0,0.0,0.0,1.0,0.0,0.0,1.0,0.0,0.0,0.0,0.0,0.0,0.0,0.0,0.0,0.0,0.0,0.0,0.0,6.0,0.0,0.0,6.0,0.0,0.0,0.0,0.0,0.0,0.0,0.0,0.0,0.0,0.0,"Mar 17, 2016"
3273,3203020.0,16210.0,Missan,Al-Mejar Al-Kabir,Hay al-sinaah,حي الصناعه,31.5758556732,47.1591282974,9.0,54.0,0.0,0.0,0.0,0.0,0.0,0.0,0.0,0.0,3.0,0.0,0.0,0.0,6.0,0.0,0.0,0.0,0.0,0.0,0.0,4.0,0.0,3.0,0.0,0.0,3.0,0.0,2.0,0.0,0.0,2.0,0.0,0.0,0.0,0.0,0.0,0.0,0.0,0.0,0.0,0.0,0.0,0.0,3.0,0.0,6.0,3.0,0.0,6.0,0.0,0.0,0.0,0.0,0.0,0.0,0.0,0.0,"Mar 17, 2016"
3274,3203021.0,16198.0,Missan,Al-Mejar Al-Kabir,Hay alyarmouk,حي اليرموك,31.5868876577,47.1634639361,1.0,6.0,1.0,0.0,0.0,0.0,0.0,0.0,0.0,0.0,0.0,0.0,0.0,0.0,0.0,0.0,0.0,0.0,0.0,0.0,0.0,0.0,0.0,0.0,0.0,0.0,0.0,0.0,1.0,0.0,0.0,1.0,0.0,0.0,0.0,0.0,0.0,0.0,0.0,0.0,0.0,0.0,0.0,0.0,1.0,0.0,0.0,1.0,0.0,0.0,0.0,0.0,0.0,0.0,0.0,0.0,0.0,0.0,"Mar 17, 2016"
3275,3203022.0,24535.0,Missan,Al-Mejar Al-Kabir,Hay Door Al Waraq,حي دور الورق,31.6452762163,47.1919475504,3.0,18.0,0.0,0.0,0.0,0.0,0.0,0.0,0.0,0.0,3.0,0.0,0.0,0.0,0.0,0.0,0.0,0.0,0.0,0.0,0.0,3.0,0.0,0.0,0.0,0.0,0.0,0.0,0.0,0.0,0.0,0.0,0.0,0.0,0.0,0.0,0.0,0.0,0.0,0.0,0.0,0.0,0.0,0.0,3.0,0.0,0.0,3.0,0.0,0.0,0.0,0.0,0.0,0.0,0.0,0.0,0.0,0.0,"Mar 17, 2016"
3276,3203023.0,16202.0,Missan,Al-Mejar Al-Kabir,Hay intesar,حي الانتصار,31.5682953903,47.1666518044,1.0,6.0,0.0,0.0,0.0,0.0,0.0,0.0,0.0,0.0,1.0,0.0,0.0,0.0,0.0,0.0,0.0,0.0,0.0,0.0,0.0,1.0,0.0,0.0,0.0,0.0,0.0,0.0,0.0,0.0,0.0,0.0,0.0,0.0,0.0,0.0,0.0,0.0,0.0,0.0,0.0,0.0,1.0,0.0,0.0,1.0,0.0,0.0,0.0,0.0,0.0,0.0,0.0,0.0,0.0,0.0,0.0,0.0,"Mar 17, 2016"
3277,3204002.0,16773.0,Missan,Ali Al-Gharbi,Al-fakhriyah,الفخريه,32.4612861845,46.68892476,9.0,54.0,2.0,0.0,0.0,0.0,0.0,0.0,0.0,0.0,0.0,0.0,0.0,0.0,6.0,0.0,1.0,0.0,0.0,0.0,0.0,2.0,0.0,3.0,0.0,0.0,3.0,0.0,4.0,0.0,0.0,4.0,0.0,0.0,0.0,0.0,0.0,0.0,0.0,0.0,0.0,0.0,1.0,0.0,5.0,1.0,3.0,5.0,0.0,3.0,0.0,0.0,0.0,0.0,0.0,0.0,0.0,0.0,"Mar 17, 2016"
3278,3204003.0,16881.0,Missan,Ali Al-Gharbi,Hay Al Batool,حي البتول,32.4760191213,46.6927463388,21.0,126.0,9.0,0.0,0.0,0.0,0.0,0.0,0.0,0.0,0.0,0.0,0.0,0.0,10.0,0.0,2.0,0.0,0.0,0.0,0.0,13.0,0.0,0.0,0.0,0.0,0.0,0.0,8.0,0.0,0.0,8.0,0.0,0.0,0.0,0.0,0.0,0.0,0.0,0.0,0.0,0.0,1.0,0.0,9.0,1.0,1.0,9.0,10.0,1.0,0.0,10.0,0.0,0.0,0.0,0.0,0.0,0.0,"Mar 17, 2016"
3279,3204004.0,22047.0,Missan,Ali Al-Gharbi,Hay Al Hurria-Ali Al Sharqi,ناحية علي الشرقي-حي الحريه,32.1180353216,46.7332537701,3.0,18.0,0.0,0.0,0.0,0.0,0.0,0.0,0.0,0.0,1.0,0.0,0.0,0.0,0.0,0.0,2.0,0.0,0.0,0.0,0.0,2.0,0.0,0.0,0.0,0.0,0.0,0.0,1.0,0.0,0.0,1.0,0.0,0.0,0.0,0.0,0.0,0.0,0.0,0.0,0.0,0.0,2.0,0.0,1.0,2.0,0.0,1.0,0.0,0.0,0.0,0.0,0.0,0.0,0.0,0.0,0.0,0.0,"Mar 17, 2016"
3280,3204005.0,16883.0,Missan,Ali Al-Gharbi,Hay Al Sadir,حي الصدر,32.4630846629,46.6786714732,2.0,12.0,0.0,0.0,0.0,0.0,0.0,0.0,0.0,0.0,0.0,0.0,0.0,0.0,2.0,0.0,0.0,0.0,0.0,0.0,0.0,1.0,0.0,1.0,0.0,0.0,1.0,0.0,0.0,0.0,0.0,0.0,0.0,0.0,0.0,0.0,0.0,0.0,0.0,0.0,0.0,0.0,0.0,0.0,1.0,0.0,1.0,1.0,0.0,1.0,0.0,0.0,0.0,0.0,0.0,0.0,0.0,0.0,"Mar 17, 2016"
3281,3204006.0,22504.0,Missan,Ali Al-Gharbi,Hay Al Salam,ناحية علي الشرقي-حي السلام,32.1203880809,46.7304774912,3.0,18.0,0.0,0.0,1.0,0.0,0.0,0.0,0.0,0.0,0.0,0.0,0.0,0.0,0.0,0.0,2.0,0.0,0.0,0.0,0.0,1.0,0.0,0.0,0.0,0.0,0.0,0.0,1.0,0.0,0.0,1.0,0.0,0.0,1.0,0.0,0.0,1.0,0.0,0.0,0.0,0.0,3.0,0.0,0.0,3.0,0.0,0.0,0.0,0.0,0.0,0.0,0.0,0.0,0.0,0.0,0.0,0.0,"Mar 17, 2016"
3282,3204007.0,16833.0,Missan,Ali Al-Gharbi,Hay Al-Mualmin-Ali Al Sharqi,ناحية علي الشرقي-حي المعلمين,32.1189818443,46.7335791338,3.0,18.0,0.0,0.0,0.0,0.0,0.0,0.0,0.0,0.0,0.0,0.0,0.0,0.0,0.0,0.0,3.0,0.0,0.0,0.0,0.0,2.0,0.0,0.0,0.0,0.0,0.0,0.0,1.0,0.0,0.0,1.0,0.0,0.0,0.0,0.0,0.0,0.0,0.0,0.0,0.0,0.0,3.0,0.0,0.0,3.0,0.0,0.0,0.0,0.0,0.0,0.0,0.0,0.0,0.0,0.0,0.0,0.0,"Mar 17, 2016"
3283,3204008.0,16772.0,Missan,Ali Al-Gharbi,Hay al-qalah,حي القلعه,32.461364829,46.6921706041,1.0,6.0,0.0,0.0,0.0,0.0,0.0,0.0,0.0,0.0,0.0,0.0,0.0,0.0,1.0,0.0,0.0,0.0,0.0,0.0,0.0,0.0,0.0,0.0,0.0,0.0,0.0,0.0,1.0,0.0,0.0,1.0,0.0,0.0,0.0,0.0,0.0,0.0,0.0,0.0,0.0,0.0,0.0,0.0,1.0,0.0,0.0,1.0,0.0,0.0,0.0,0.0,0.0,0.0,0.0,0.0,0.0,0.0,"Mar 17, 2016"
3284,3204009.0,24239.0,Missan,Ali Al-Gharbi,Hay Al-Quds,ناحية علي الشرقي-حي القدس,32.1208244711,46.7387409975,6.0,36.0,0.0,0.0,1.0,0.0,0.0,0.0,0.0,0.0,0.0,0.0,0.0,0.0,3.0,0.0,2.0,0.0,0.0,0.0,0.0,2.0,0.0,1.0,0.0,0.0,1.0,0.0,3.0,0.0,0.0,3.0,0.0,0.0,0.0,0.0,0.0,0.0,0.0,0.0,0.0,0.0,3.0,0.0,3.0,3.0,0.0,3.0,0.0,0.0,0.0,0.0,0.0,0.0,0.0,0.0,0.0,0.0,"Mar 17, 2016"
3285,3204010.0,16779.0,Missan,Ali Al-Gharbi,Hay Al-Zahraa,حي الزهراء,32.4703658129,46.6876218721,6.0,36.0,3.0,0.0,0.0,0.0,0.0,0.0,0.0,0.0,0.0,0.0,0.0,0.0,2.0,0.0,1.0,0.0,0.0,0.0,0.0,6.0,0.0,0.0,0.0,0.0,0.0,0.0,0.0,0.0,0.0,0.0,0.0,0.0,0.0,0.0,0.0,0.0,0.0,0.0,0.0,0.0,0.0,0.0,0.0,0.0,3.0,0.0,3.0,3.0,0.0,3.0,0.0,0.0,0.0,0.0,0.0,0.0,"Mar 17, 2016"
3286,3204011.0,16834.0,Missan,Ali Al-Gharbi,Hay Ramadhan-Ali Al Sharqi,ناحية علي الشرقي-حي رمضان,32.1240153119,46.7347364104,3.0,18.0,0.0,0.0,0.0,0.0,0.0,0.0,0.0,0.0,0.0,0.0,0.0,0.0,0.0,0.0,3.0,0.0,0.0,0.0,0.0,2.0,0.0,0.0,0.0,0.0,0.0,0.0,1.0,0.0,0.0,1.0,0.0,0.0,0.0,0.0,0.0,0.0,0.0,0.0,0.0,0.0,3.0,0.0,0.0,3.0,0.0,0.0,0.0,0.0,0.0,0.0,0.0,0.0,0.0,0.0,0.0,0.0,"Mar 17, 2016"
3287,3204012.0,15808.0,Missan,Ali Al-Gharbi,Najadiya,حي النجيديه,32.4782765212,46.6844933275,5.0,30.0,0.0,0.0,0.0,0.0,0.0,0.0,0.0,0.0,0.0,0.0,0.0,0.0,1.0,0.0,4.0,0.0,0.0,0.0,0.0,4.0,0.0,0.0,0.0,0.0,0.0,0.0,1.0,0.0,0.0,1.0,0.0,0.0,0.0,0.0,0.0,0.0,0.0,0.0,0.0,0.0,4.0,0.0,0.0,4.0,0.0,0.0,1.0,0.0,0.0,1.0,0.0,0.0,0.0,0.0,0.0,0.0,"Mar 17, 2016"
3288,3205001.0,24808.0,Missan,Amara,Eye of Missan,عيون ميسان,31.884478787,47.1678702906,96.0,576.0,0.0,0.0,0.0,0.0,0.0,1.0,0.0,0.0,1.0,0.0,0.0,0.0,94.0,0.0,0.0,0.0,0.0,0.0,96.0,0.0,0.0,0.0,0.0,0.0,0.0,0.0,0.0,0.0,0.0,0.0,0.0,0.0,0.0,0.0,0.0,0.0,0.0,0.0,0.0,0.0,18.0,0.0,65.0,18.0,13.0,65.0,0.0,13.0,0.0,0.0,0.0,0.0,0.0,0.0,0.0,0.0,"Mar 17, 2016"
3289,3205002.0,24532.0,Missan,Amara,Al Hay Al JameI,الحي الجامعي,31.8070592126,47.1783002623,369.0,2214.0,98.0,1.0,1.0,0.0,0.0,1.0,0.0,0.0,15.0,0.0,0.0,0.0,227.0,0.0,26.0,0.0,0.0,0.0,0.0,129.0,0.0,0.0,0.0,0.0,0.0,0.0,226.0,0.0,0.0,226.0,0.0,0.0,14.0,0.0,0.0,14.0,0.0,0.0,2.0,0.0,68.0,2.0,144.0,68.0,89.0,144.0,66.0,89.0,0.0,66.0,0.0,0.0,0.0,0.0,0.0,0.0,"Mar 17, 2016"
3290,3205005.0,24291.0,Missan,Amara,Al Rahma 2,حي الرحمه 2,31.8863477489,47.1658789459,6.0,36.0,0.0,0.0,0.0,0.0,0.0,0.0,0.0,0.0,0.0,0.0,0.0,0.0,6.0,0.0,0.0,0.0,0.0,0.0,0.0,3.0,0.0,0.0,0.0,0.0,0.0,0.0,3.0,0.0,0.0,3.0,0.0,0.0,0.0,0.0,0.0,0.0,0.0,0.0,0.0,0.0,3.0,0.0,0.0,3.0,3.0,0.0,0.0,3.0,0.0,0.0,0.0,0.0,0.0,0.0,0.0,0.0,"Mar 17, 2016"
3291,3205006.0,22208.0,Missan,Amara,Al Salam,حي السلام,31.8781183893,47.1473461086,24.0,144.0,0.0,1.0,1.0,0.0,0.0,1.0,0.0,0.0,21.0,0.0,0.0,0.0,0.0,0.0,0.0,0.0,0.0,0.0,0.0,15.0,0.0,1.0,0.0,0.0,1.0,0.0,8.0,0.0,0.0,8.0,0.0,0.0,0.0,0.0,0.0,0.0,0.0,0.0,0.0,0.0,6.0,0.0,10.0,6.0,8.0,10.0,0.0,8.0,0.0,0.0,0.0,0.0,0.0,0.0,0.0,0.0,"Mar 17, 2016"
3292,3205007.0,22740.0,Missan,Amara,Al-Amara-Albu Ali,ناحية كميت-قرية البو علي,32.0014043362,46.8955877956,2.0,12.0,0.0,0.0,0.0,0.0,0.0,0.0,0.0,0.0,0.0,0.0,0.0,0.0,2.0,0.0,0.0,0.0,0.0,0.0,0.0,2.0,0.0,0.0,0.0,0.0,0.0,0.0,0.0,0.0,0.0,0.0,0.0,0.0,0.0,0.0,0.0,0.0,0.0,0.0,0.0,0.0,0.0,0.0,0.0,0.0,2.0,0.0,0.0,2.0,0.0,0.0,0.0,0.0,0.0,0.0,0.0,0.0,"Mar 17, 2016"
3293,3205008.0,24416.0,Missan,Amara,Al-Imarat Al Jadeda,العمارات الجديده,31.8438911811,47.125409916,7.0,42.0,4.0,0.0,0.0,0.0,0.0,0.0,0.0,0.0,0.0,0.0,0.0,0.0,1.0,0.0,2.0,0.0,0.0,0.0,0.0,2.0,0.0,0.0,0.0,0.0,0.0,0.0,5.0,0.0,0.0,5.0,0.0,0.0,0.0,0.0,0.0,0.0,0.0,0.0,0.0,0.0,2.0,0.0,0.0,2.0,0.0,0.0,5.0,0.0,0.0,5.0,0.0,0.0,0.0,0.0,0.0,0.0,"Mar 17, 2016"
3294,3205009.0,24290.0,Missan,Amara,Al-Rahma 1,حي الرحمه 1,31.8901408229,47.1269619025,5.0,30.0,0.0,0.0,1.0,0.0,0.0,0.0,0.0,0.0,1.0,0.0,0.0,0.0,2.0,0.0,1.0,0.0,0.0,0.0,0.0,3.0,0.0,0.0,0.0,0.0,0.0,0.0,2.0,0.0,0.0,2.0,0.0,0.0,0.0,0.0,0.0,0.0,0.0,0.0,0.0,0.0,0.0,0.0,2.0,0.0,3.0,2.0,0.0,3.0,0.0,0.0,0.0,0.0,0.0,0.0,0.0,0.0,"Mar 17, 2016"
3295,3205010.0,16835.0,Missan,Amara,Hay 15 Sahaban,حي 15 شعبان,31.8449049303,47.1328791225,28.0,168.0,2.0,0.0,0.0,0.0,0.0,0.0,0.0,0.0,1.0,0.0,0.0,0.0,17.0,0.0,8.0,0.0,0.0,0.0,0.0,17.0,0.0,0.0,0.0,0.0,0.0,0.0,11.0,0.0,0.0,11.0,0.0,0.0,0.0,0.0,0.0,0.0,0.0,0.0,1.0,0.0,10.0,1.0,12.0,10.0,3.0,12.0,2.0,3.0,0.0,2.0,0.0,0.0,0.0,0.0,0.0,0.0,"Mar 17, 2016"
3296,3205011.0,24289.0,Missan,Amara,Hay 17 Rabe Al Awal,حي 17 ربيع الاول,31.8434987823,47.1377398632,3.0,18.0,0.0,0.0,0.0,0.0,0.0,1.0,0.0,0.0,0.0,0.0,0.0,0.0,0.0,0.0,2.0,0.0,0.0,0.0,0.0,3.0,0.0,0.0,0.0,0.0,0.0,0.0,0.0,0.0,0.0,0.0,0.0,0.0,0.0,0.0,0.0,0.0,0.0,0.0,0.0,0.0,1.0,0.0,1.0,1.0,1.0,1.0,0.0,1.0,0.0,0.0,0.0,0.0,0.0,0.0,0.0,0.0,"Mar 17, 2016"
3297,3205012.0,24370.0,Missan,Amara,Hay Al Baqer,حي الباقر,31.8325571297,47.1156913508,8.0,48.0,2.0,0.0,0.0,0.0,0.0,1.0,0.0,0.0,1.0,0.0,0.0,0.0,4.0,0.0,0.0,0.0,0.0,0.0,0.0,3.0,0.0,0.0,0.0,0.0,0.0,0.0,5.0,0.0,0.0,5.0,0.0,0.0,0.0,0.0,0.0,0.0,0.0,0.0,0.0,0.0,2.0,0.0,5.0,2.0,1.0,5.0,0.0,1.0,0.0,0.0,0.0,0.0,0.0,0.0,0.0,0.0,"Mar 17, 2016"
3298,3205013.0,16889.0,Missan,Amara,Hay Al Hussain-Al Kumayt,ناحية كميت-حي الحسين,32.034983394,46.8756388477,34.0,204.0,7.0,0.0,0.0,0.0,0.0,0.0,0.0,0.0,4.0,0.0,0.0,0.0,23.0,0.0,0.0,0.0,0.0,0.0,0.0,5.0,0.0,0.0,0.0,0.0,0.0,0.0,7.0,0.0,0.0,7.0,0.0,0.0,22.0,0.0,0.0,22.0,0.0,0.0,0.0,0.0,2.0,0.0,25.0,2.0,0.0,25.0,7.0,0.0,0.0,7.0,0.0,0.0,0.0,0.0,0.0,0.0,"Mar 17, 2016"
3299,3205014.0,24369.0,Missan,Amara,Hay Al Jamaiat,حي الجمعيات,31.8720394559,47.1212240774,2.0,12.0,0.0,0.0,0.0,0.0,0.0,0.0,0.0,0.0,0.0,0.0,0.0,0.0,2.0,0.0,0.0,0.0,0.0,0.0,0.0,0.0,0.0,0.0,0.0,0.0,0.0,0.0,2.0,0.0,0.0,2.0,0.0,0.0,0.0,0.0,0.0,0.0,0.0,0.0,0.0,0.0,0.0,0.0,1.0,0.0,1.0,1.0,0.0,1.0,0.0,0.0,0.0,0.0,0.0,0.0,0.0,0.0,"Mar 17, 2016"
3300,3205015.0,20842.0,Missan,Amara,Hay Al Jawadain,حي الجوادين,31.8258444825,47.1677457355,5.0,30.0,3.0,0.0,0.0,0.0,0.0,0.0,0.0,0.0,0.0,0.0,0.0,0.0,1.0,0.0,1.0,0.0,0.0,0.0,0.0,2.0,0.0,0.0,0.0,0.0,0.0,0.0,3.0,0.0,0.0,3.0,0.0,0.0,0.0,0.0,0.0,0.0,0.0,0.0,0.0,0.0,1.0,0.0,1.0,1.0,3.0,1.0,0.0,3.0,0.0,0.0,0.0,0.0,0.0,0.0,0.0,0.0,"Mar 17, 2016"
3301,3205016.0,16505.0,Missan,Amara,Hay al jidedah,حي الجديده,31.8433001273,47.1524492375,1.0,6.0,0.0,0.0,0.0,0.0,0.0,0.0,0.0,0.0,0.0,0.0,0.0,0.0,0.0,0.0,1.0,0.0,0.0,0.0,0.0,0.0,0.0,0.0,0.0,0.0,0.0,0.0,1.0,0.0,0.0,1.0,0.0,0.0,0.0,0.0,0.0,0.0,0.0,0.0,0.0,0.0,0.0,0.0,0.0,0.0,1.0,0.0,0.0,1.0,0.0,0.0,0.0,0.0,0.0,0.0,0.0,0.0,"Mar 17, 2016"
3302,3205018.0,16568.0,Missan,Amara,Hay al karamah,حي الكرامه,31.8602720448,47.1590430879,9.0,54.0,6.0,0.0,0.0,0.0,0.0,0.0,0.0,0.0,0.0,0.0,0.0,0.0,3.0,0.0,0.0,0.0,0.0,0.0,0.0,5.0,0.0,0.0,0.0,0.0,0.0,0.0,3.0,0.0,0.0,3.0,0.0,0.0,0.0,0.0,1.0,0.0,0.0,1.0,1.0,0.0,0.0,1.0,2.0,0.0,1.0,2.0,5.0,1.0,0.0,5.0,0.0,0.0,0.0,0.0,0.0,0.0,"Mar 17, 2016"
3303,3205019.0,20844.0,Missan,Amara,Hay Al Karar,حي الكرار,31.8498908635,47.1203487964,14.0,84.0,0.0,0.0,2.0,0.0,0.0,0.0,0.0,0.0,7.0,0.0,0.0,0.0,5.0,0.0,0.0,0.0,0.0,0.0,0.0,7.0,0.0,2.0,0.0,0.0,2.0,0.0,5.0,0.0,0.0,5.0,0.0,0.0,0.0,0.0,0.0,0.0,0.0,0.0,0.0,0.0,9.0,0.0,3.0,9.0,2.0,3.0,0.0,2.0,0.0,0.0,0.0,0.0,0.0,0.0,0.0,0.0,"Mar 17, 2016"
3304,3205020.0,24781.0,Missan,Amara,Hay Al Khalij,حي الخليج,31.8351626024,47.1211537533,8.0,48.0,0.0,0.0,0.0,0.0,0.0,0.0,0.0,0.0,1.0,0.0,0.0,0.0,7.0,0.0,0.0,0.0,0.0,0.0,0.0,5.0,0.0,0.0,0.0,0.0,0.0,0.0,3.0,0.0,0.0,3.0,0.0,0.0,0.0,0.0,0.0,0.0,0.0,0.0,0.0,0.0,1.0,0.0,6.0,1.0,1.0,6.0,0.0,1.0,0.0,0.0,0.0,0.0,0.0,0.0,0.0,0.0,"Mar 17, 2016"
3305,3205021.0,16499.0,Missan,Amara,Hay al moaalimen al-qadem,حي المعلمين القديم,31.8359041074,47.1360644884,6.0,36.0,1.0,0.0,2.0,0.0,0.0,0.0,0.0,0.0,0.0,0.0,0.0,0.0,3.0,0.0,0.0,0.0,0.0,0.0,0.0,3.0,0.0,0.0,0.0,0.0,0.0,0.0,3.0,0.0,0.0,3.0,0.0,0.0,0.0,0.0,0.0,0.0,0.0,0.0,0.0,0.0,0.0,0.0,3.0,0.0,3.0,3.0,0.0,3.0,0.0,0.0,0.0,0.0,0.0,0.0,0.0,0.0,"Mar 17, 2016"
3306,3205022.0,24292.0,Missan,Amara,Hay Al Mulmin Al Jadid,حي المعلمين الجديد,31.8643097486,47.1416946128,2.0,12.0,0.0,0.0,0.0,0.0,0.0,0.0,0.0,0.0,0.0,0.0,0.0,0.0,0.0,0.0,2.0,0.0,0.0,0.0,0.0,1.0,0.0,1.0,0.0,0.0,1.0,0.0,0.0,0.0,0.0,0.0,0.0,0.0,0.0,0.0,0.0,0.0,0.0,0.0,0.0,0.0,1.0,0.0,0.0,1.0,1.0,0.0,0.0,1.0,0.0,0.0,0.0,0.0,0.0,0.0,0.0,0.0,"Mar 17, 2016"
3307,3205023.0,24633.0,Missan,Amara,Hay Al Nour-Kamit area,ناحية كميت-حي النور,32.0291872698,46.8752024923,13.0,78.0,2.0,0.0,0.0,0.0,0.0,0.0,0.0,0.0,0.0,0.0,0.0,0.0,11.0,0.0,0.0,0.0,0.0,0.0,0.0,0.0,0.0,0.0,0.0,0.0,0.0,0.0,2.0,0.0,0.0,2.0,0.0,0.0,11.0,0.0,0.0,11.0,0.0,0.0,0.0,0.0,0.0,0.0,11.0,0.0,0.0,11.0,2.0,0.0,0.0,2.0,0.0,0.0,0.0,0.0,0.0,0.0,"Mar 17, 2016"
3308,3205024.0,16487.0,Missan,Amara,Hay al-qaherah,حي القاهره,31.83032264,47.1451597754,18.0,108.0,0.0,0.0,0.0,0.0,0.0,0.0,0.0,0.0,0.0,0.0,0.0,0.0,18.0,0.0,0.0,0.0,0.0,0.0,0.0,0.0,0.0,1.0,0.0,0.0,1.0,0.0,3.0,0.0,0.0,3.0,0.0,0.0,14.0,0.0,0.0,14.0,0.0,0.0,1.0,0.0,0.0,1.0,16.0,0.0,0.0,16.0,1.0,0.0,0.0,1.0,0.0,0.0,0.0,0.0,0.0,0.0,"Mar 17, 2016"
3309,3205026.0,15991.0,Missan,Amara,Hay Al Rasool,حي الرسول,31.8191876588,47.1199329147,18.0,108.0,0.0,0.0,0.0,0.0,0.0,0.0,0.0,0.0,2.0,0.0,0.0,0.0,16.0,0.0,0.0,0.0,0.0,0.0,0.0,8.0,0.0,0.0,0.0,0.0,0.0,0.0,10.0,0.0,0.0,10.0,0.0,0.0,0.0,0.0,0.0,0.0,0.0,0.0,0.0,0.0,4.0,0.0,7.0,4.0,7.0,7.0,0.0,7.0,0.0,0.0,0.0,0.0,0.0,0.0,0.0,0.0,"Mar 17, 2016"
3310,3205027.0,22897.0,Missan,Amara,Hay Al Shuhada-Al Komait,ناحية كميت-حي الشهداء,32.0315726924,46.8754316708,3.0,18.0,3.0,0.0,0.0,0.0,0.0,0.0,0.0,0.0,0.0,0.0,0.0,0.0,0.0,0.0,0.0,0.0,0.0,0.0,0.0,0.0,0.0,0.0,0.0,0.0,0.0,0.0,3.0,0.0,0.0,3.0,0.0,0.0,0.0,0.0,0.0,0.0,0.0,0.0,0.0,0.0,0.0,0.0,0.0,0.0,2.0,0.0,1.0,2.0,0.0,1.0,0.0,0.0,0.0,0.0,0.0,0.0,"Mar 17, 2016"
3311,3205028.0,22887.0,Missan,Amara,Hay Al Shurta,حي الشرطه,31.8465041975,47.1163397748,1.0,6.0,1.0,0.0,0.0,0.0,0.0,0.0,0.0,0.0,0.0,0.0,0.0,0.0,0.0,0.0,0.0,0.0,0.0,0.0,0.0,0.0,0.0,1.0,0.0,0.0,1.0,0.0,0.0,0.0,0.0,0.0,0.0,0.0,0.0,0.0,0.0,0.0,0.0,0.0,0.0,0.0,0.0,0.0,0.0,0.0,1.0,0.0,0.0,1.0,0.0,0.0,0.0,0.0,0.0,0.0,0.0,0.0,"Mar 17, 2016"
3312,3205029.0,16859.0,Missan,Amara,Hay Al Urooba,حي العروبه,31.8498836551,47.1624499653,10.0,60.0,0.0,0.0,0.0,0.0,0.0,0.0,0.0,0.0,0.0,0.0,0.0,0.0,10.0,0.0,0.0,0.0,0.0,0.0,0.0,3.0,0.0,0.0,0.0,0.0,0.0,3.0,4.0,3.0,0.0,4.0,0.0,0.0,0.0,0.0,0.0,0.0,0.0,0.0,0.0,0.0,1.0,0.0,9.0,1.0,0.0,9.0,0.0,0.0,0.0,0.0,0.0,0.0,0.0,0.0,0.0,0.0,"Mar 17, 2016"
3313,3205030.0,16473.0,Missan,Amara,Hay al-wehdah,حي الوحده,31.8188527599,47.1308543812,1.0,6.0,0.0,0.0,0.0,0.0,0.0,0.0,0.0,0.0,0.0,0.0,0.0,0.0,1.0,0.0,0.0,0.0,0.0,0.0,0.0,1.0,0.0,0.0,0.0,0.0,0.0,0.0,0.0,0.0,0.0,0.0,0.0,0.0,0.0,0.0,0.0,0.0,0.0,0.0,0.0,0.0,1.0,0.0,0.0,1.0,0.0,0.0,0.0,0.0,0.0,0.0,0.0,0.0,0.0,0.0,0.0,0.0,"Mar 17, 2016"
3314,3205031.0,16825.0,Missan,Amara,Hay Al-Ameer,حي الامير,31.8275145348,47.1200443085,14.0,84.0,6.0,0.0,4.0,0.0,0.0,0.0,0.0,0.0,3.0,0.0,0.0,0.0,1.0,0.0,0.0,0.0,0.0,0.0,0.0,9.0,0.0,0.0,0.0,0.0,0.0,0.0,5.0,0.0,0.0,5.0,0.0,0.0,0.0,0.0,0.0,0.0,0.0,0.0,0.0,0.0,3.0,0.0,2.0,3.0,6.0,2.0,3.0,6.0,0.0,3.0,0.0,0.0,0.0,0.0,0.0,0.0,"Mar 17, 2016"
3315,3205034.0,16846.0,Missan,Amara,Hay Al-Amil,حي العامل,31.8281291491,47.1642180285,4.0,24.0,1.0,1.0,0.0,0.0,0.0,0.0,0.0,0.0,0.0,0.0,0.0,0.0,2.0,0.0,0.0,0.0,0.0,0.0,0.0,1.0,0.0,0.0,0.0,0.0,0.0,0.0,3.0,0.0,0.0,3.0,0.0,0.0,0.0,0.0,0.0,0.0,0.0,0.0,0.0,0.0,0.0,0.0,3.0,0.0,0.0,3.0,1.0,0.0,0.0,1.0,0.0,0.0,0.0,0.0,0.0,0.0,"Mar 17, 2016"
3316,3205035.0,16822.0,Missan,Amara,Hay Al-Dafas,قرية الدفاس,31.8552482827,47.1193944274,5.0,30.0,0.0,0.0,5.0,0.0,0.0,0.0,0.0,0.0,0.0,0.0,0.0,0.0,0.0,0.0,0.0,0.0,0.0,0.0,0.0,0.0,0.0,5.0,0.0,0.0,5.0,0.0,0.0,0.0,0.0,0.0,0.0,0.0,0.0,0.0,0.0,0.0,0.0,0.0,0.0,0.0,5.0,0.0,0.0,5.0,0.0,0.0,0.0,0.0,0.0,0.0,0.0,0.0,0.0,0.0,0.0,0.0,"Mar 17, 2016"
3317,3205036.0,23872.0,Missan,Amara,Hay Al-Dawanim,حي الدوانم,31.8406441156,47.1099835262,6.0,36.0,0.0,0.0,0.0,0.0,0.0,1.0,0.0,0.0,1.0,0.0,0.0,0.0,4.0,0.0,0.0,0.0,0.0,0.0,0.0,4.0,0.0,0.0,0.0,0.0,0.0,0.0,2.0,0.0,0.0,2.0,0.0,0.0,0.0,0.0,0.0,0.0,0.0,0.0,0.0,0.0,0.0,0.0,2.0,0.0,4.0,2.0,0.0,4.0,0.0,0.0,0.0,0.0,0.0,0.0,0.0,0.0,"Mar 17, 2016"
3318,3205037.0,16497.0,Missan,Amara,Hay aleskan,حي الاسكان,31.8360005831,47.1450232342,4.0,24.0,0.0,0.0,0.0,0.0,0.0,1.0,0.0,0.0,1.0,0.0,0.0,0.0,2.0,0.0,0.0,0.0,0.0,0.0,0.0,2.0,0.0,0.0,0.0,0.0,0.0,0.0,2.0,0.0,0.0,2.0,0.0,0.0,0.0,0.0,0.0,0.0,0.0,0.0,0.0,0.0,1.0,0.0,2.0,1.0,1.0,2.0,0.0,1.0,0.0,0.0,0.0,0.0,0.0,0.0,0.0,0.0,"Mar 17, 2016"
3319,3205038.0,16824.0,Missan,Amara,Hay Al-Fattmia,حي الفاطميه,31.852863254,47.1248344146,4.0,24.0,4.0,0.0,0.0,0.0,0.0,0.0,0.0,0.0,0.0,0.0,0.0,0.0,0.0,0.0,0.0,0.0,0.0,0.0,0.0,2.0,0.0,0.0,0.0,0.0,0.0,0.0,2.0,0.0,0.0,2.0,0.0,0.0,0.0,0.0,0.0,0.0,0.0,0.0,0.0,0.0,0.0,0.0,0.0,0.0,0.0,0.0,4.0,0.0,0.0,4.0,0.0,0.0,0.0,0.0,0.0,0.0,"Mar 17, 2016"
3320,3205039.0,16816.0,Missan,Amara,Hay Al-Ghader,حي الغدير,31.8648203345,47.1536490434,8.0,48.0,0.0,0.0,1.0,0.0,0.0,0.0,0.0,0.0,7.0,0.0,0.0,0.0,0.0,0.0,0.0,0.0,0.0,0.0,0.0,5.0,0.0,2.0,0.0,0.0,2.0,0.0,1.0,0.0,0.0,1.0,0.0,0.0,0.0,0.0,0.0,0.0,0.0,0.0,0.0,0.0,3.0,0.0,4.0,3.0,1.0,4.0,0.0,1.0,0.0,0.0,0.0,0.0,0.0,0.0,0.0,0.0,"Mar 17, 2016"
3321,3205040.0,24547.0,Missan,Amara,Hay Al-Hadi,حي الهادي,31.8305884302,47.1346074622,6.0,36.0,0.0,0.0,0.0,0.0,0.0,0.0,0.0,0.0,1.0,0.0,0.0,0.0,4.0,0.0,1.0,0.0,0.0,0.0,0.0,3.0,0.0,0.0,0.0,0.0,0.0,0.0,3.0,0.0,0.0,3.0,0.0,0.0,0.0,0.0,0.0,0.0,0.0,0.0,0.0,0.0,2.0,0.0,3.0,2.0,1.0,3.0,0.0,1.0,0.0,0.0,0.0,0.0,0.0,0.0,0.0,0.0,"Mar 17, 2016"
3322,3205041.0,16808.0,Missan,Amara,Hay Al-Hasan Al-Askry,حي الحسن العسكري,31.8214932238,47.1706801095,8.0,48.0,1.0,0.0,0.0,0.0,0.0,1.0,0.0,0.0,1.0,0.0,0.0,0.0,2.0,0.0,3.0,0.0,0.0,0.0,0.0,4.0,0.0,4.0,0.0,0.0,4.0,0.0,0.0,0.0,0.0,0.0,0.0,0.0,0.0,0.0,0.0,0.0,0.0,0.0,0.0,0.0,3.0,0.0,4.0,3.0,0.0,4.0,1.0,0.0,0.0,1.0,0.0,0.0,0.0,0.0,0.0,0.0,"Mar 17, 2016"
3323,3205042.0,16552.0,Missan,Amara,Hay al-hussain al-jaded,حي الحسين الجديد,31.8371354625,47.1716920698,10.0,60.0,0.0,0.0,1.0,0.0,0.0,0.0,0.0,0.0,6.0,0.0,0.0,0.0,3.0,0.0,0.0,0.0,0.0,0.0,0.0,4.0,0.0,0.0,0.0,0.0,0.0,0.0,6.0,0.0,0.0,6.0,0.0,0.0,0.0,0.0,0.0,0.0,0.0,0.0,0.0,0.0,8.0,0.0,1.0,8.0,1.0,1.0,0.0,1.0,0.0,0.0,0.0,0.0,0.0,0.0,0.0,0.0,"Mar 17, 2016"
3324,3205043.0,16532.0,Missan,Amara,Hay Al-hussan Al-qadem,حي الحسين القديم,31.836854741,47.1609145682,3.0,18.0,0.0,0.0,0.0,0.0,0.0,0.0,0.0,0.0,1.0,0.0,0.0,0.0,2.0,0.0,0.0,0.0,0.0,0.0,0.0,2.0,0.0,0.0,0.0,1.0,0.0,0.0,0.0,0.0,0.0,0.0,0.0,0.0,0.0,0.0,0.0,0.0,0.0,0.0,0.0,0.0,1.0,0.0,2.0,1.0,0.0,2.0,0.0,0.0,0.0,0.0,0.0,0.0,0.0,0.0,0.0,0.0,"Mar 17, 2016"
3325,3205045.0,16852.0,Missan,Amara,Hay Al-Kafat,حي الكفاءات,31.8475930486,47.1405719407,6.0,36.0,0.0,0.0,0.0,0.0,0.0,0.0,0.0,0.0,1.0,0.0,0.0,0.0,5.0,0.0,0.0,0.0,0.0,0.0,0.0,5.0,0.0,0.0,0.0,0.0,0.0,0.0,1.0,0.0,0.0,1.0,0.0,0.0,0.0,0.0,0.0,0.0,0.0,0.0,0.0,0.0,2.0,0.0,4.0,2.0,0.0,4.0,0.0,0.0,0.0,0.0,0.0,0.0,0.0,0.0,0.0,0.0,"Mar 17, 2016"
3326,3205046.0,16836.0,Missan,Amara,Hay Al-Khadhraa,حي الخضراء,31.8420063425,47.1269977,2.0,12.0,0.0,0.0,0.0,0.0,0.0,1.0,0.0,0.0,0.0,0.0,0.0,0.0,0.0,0.0,1.0,0.0,0.0,0.0,0.0,2.0,0.0,0.0,0.0,0.0,0.0,0.0,0.0,0.0,0.0,0.0,0.0,0.0,0.0,0.0,0.0,0.0,0.0,0.0,0.0,0.0,0.0,0.0,2.0,0.0,0.0,2.0,0.0,0.0,0.0,0.0,0.0,0.0,0.0,0.0,0.0,0.0,"Mar 17, 2016"
3327,3205047.0,16807.0,Missan,Amara,Hay Al-Mahmoudia,حي المحموديه,31.8466202182,47.1543487434,24.0,144.0,10.0,0.0,0.0,0.0,0.0,0.0,0.0,0.0,2.0,0.0,0.0,0.0,5.0,0.0,7.0,0.0,0.0,0.0,0.0,7.0,0.0,0.0,0.0,0.0,0.0,1.0,16.0,1.0,0.0,16.0,0.0,0.0,0.0,0.0,0.0,0.0,0.0,0.0,0.0,0.0,3.0,0.0,7.0,3.0,8.0,7.0,6.0,8.0,0.0,6.0,0.0,0.0,0.0,0.0,0.0,0.0,"Mar 17, 2016"
3328,3205048.0,16850.0,Missan,Amara,Hay Al-Montadhar,حي المنتظر,31.8248253688,47.1267929481,8.0,48.0,1.0,1.0,0.0,0.0,0.0,0.0,0.0,0.0,1.0,0.0,0.0,0.0,5.0,0.0,0.0,0.0,0.0,0.0,0.0,3.0,0.0,0.0,0.0,0.0,0.0,0.0,4.0,0.0,0.0,4.0,0.0,0.0,1.0,0.0,0.0,1.0,0.0,0.0,1.0,0.0,1.0,1.0,6.0,1.0,0.0,6.0,0.0,0.0,0.0,0.0,0.0,0.0,0.0,0.0,0.0,0.0,"Mar 17, 2016"
3329,3205049.0,16845.0,Missan,Amara,Hay Al-Nafot,حي النفط,31.8231898686,47.1551228905,3.0,18.0,0.0,0.0,0.0,0.0,0.0,0.0,0.0,0.0,0.0,0.0,0.0,0.0,0.0,0.0,3.0,0.0,0.0,0.0,0.0,2.0,0.0,0.0,0.0,0.0,0.0,0.0,1.0,0.0,0.0,1.0,0.0,0.0,0.0,0.0,0.0,0.0,0.0,0.0,0.0,0.0,3.0,0.0,0.0,3.0,0.0,0.0,0.0,0.0,0.0,0.0,0.0,0.0,0.0,0.0,0.0,0.0,"Mar 17, 2016"
3330,3205050.0,16851.0,Missan,Amara,Hay Al-Rafidain,حي الرافدين,31.8527225638,47.152801808,3.0,18.0,0.0,0.0,0.0,0.0,0.0,0.0,0.0,0.0,3.0,0.0,0.0,0.0,0.0,0.0,0.0,0.0,0.0,0.0,0.0,2.0,0.0,0.0,0.0,0.0,0.0,0.0,1.0,0.0,0.0,1.0,0.0,0.0,0.0,0.0,0.0,0.0,0.0,0.0,0.0,0.0,1.0,0.0,1.0,1.0,1.0,1.0,0.0,1.0,0.0,0.0,0.0,0.0,0.0,0.0,0.0,0.0,"Mar 17, 2016"
3331,3205051.0,16809.0,Missan,Amara,Hay Al-Risala,حي الرسالة,31.8261021841,47.137989644,4.0,24.0,0.0,0.0,0.0,0.0,0.0,0.0,0.0,0.0,2.0,0.0,0.0,0.0,2.0,0.0,0.0,0.0,0.0,0.0,0.0,1.0,0.0,0.0,0.0,0.0,0.0,0.0,1.0,0.0,0.0,1.0,0.0,0.0,2.0,0.0,0.0,2.0,0.0,0.0,0.0,0.0,0.0,0.0,3.0,0.0,1.0,3.0,0.0,1.0,0.0,0.0,0.0,0.0,0.0,0.0,0.0,0.0,"Mar 17, 2016"
3332,3205052.0,16817.0,Missan,Amara,Hay Al-Sadiq,حي الصادق,31.8609316264,47.168568878,11.0,66.0,2.0,0.0,1.0,0.0,0.0,0.0,0.0,0.0,3.0,0.0,0.0,0.0,5.0,0.0,0.0,0.0,0.0,0.0,0.0,7.0,0.0,1.0,0.0,0.0,1.0,0.0,3.0,0.0,0.0,3.0,0.0,0.0,0.0,0.0,0.0,0.0,0.0,0.0,0.0,0.0,2.0,0.0,5.0,2.0,3.0,5.0,1.0,3.0,0.0,1.0,0.0,0.0,0.0,0.0,0.0,0.0,"Mar 17, 2016"
3333,3205054.0,16848.0,Missan,Amara,Hay Al-Shahedain,حي الشهيدين,31.8455808889,47.1217170171,5.0,30.0,1.0,0.0,1.0,0.0,0.0,0.0,0.0,0.0,1.0,0.0,0.0,0.0,1.0,0.0,1.0,0.0,0.0,0.0,0.0,3.0,0.0,0.0,0.0,0.0,0.0,0.0,2.0,0.0,0.0,2.0,0.0,0.0,0.0,0.0,0.0,0.0,0.0,0.0,0.0,0.0,3.0,0.0,1.0,3.0,1.0,1.0,0.0,1.0,0.0,0.0,0.0,0.0,0.0,0.0,0.0,0.0,"Mar 17, 2016"
3334,3205055.0,16593.0,Missan,Amara,Hay Al-Shuhadaa,حي الشهداء,31.8692535876,47.1288836884,15.0,90.0,1.0,0.0,0.0,0.0,0.0,1.0,0.0,0.0,2.0,0.0,0.0,0.0,10.0,0.0,1.0,0.0,0.0,0.0,0.0,7.0,0.0,0.0,0.0,0.0,0.0,0.0,8.0,0.0,0.0,8.0,0.0,0.0,0.0,0.0,0.0,0.0,0.0,0.0,0.0,0.0,2.0,0.0,1.0,2.0,11.0,1.0,1.0,11.0,0.0,1.0,0.0,0.0,0.0,0.0,0.0,0.0,"Mar 17, 2016"
3335,3205057.0,16457.0,Missan,Amara,Hay al-yarmok,حي اليرموك,31.8466974003,47.1526435576,2.0,12.0,1.0,0.0,0.0,0.0,0.0,0.0,0.0,0.0,0.0,0.0,0.0,0.0,1.0,0.0,0.0,0.0,0.0,0.0,0.0,1.0,0.0,0.0,0.0,0.0,0.0,0.0,1.0,0.0,0.0,1.0,0.0,0.0,0.0,0.0,0.0,0.0,0.0,0.0,0.0,0.0,1.0,0.0,0.0,1.0,0.0,0.0,1.0,0.0,0.0,1.0,0.0,0.0,0.0,0.0,0.0,0.0,"Mar 17, 2016"
3336,3205058.0,16838.0,Missan,Amara,Hay Al-Zahraa,حي الزهراء,31.8745274622,47.1442000192,12.0,72.0,0.0,0.0,0.0,0.0,0.0,0.0,0.0,0.0,4.0,0.0,0.0,0.0,7.0,0.0,1.0,0.0,0.0,0.0,0.0,5.0,0.0,0.0,0.0,1.0,0.0,0.0,5.0,0.0,0.0,5.0,0.0,0.0,1.0,0.0,0.0,1.0,0.0,0.0,0.0,0.0,0.0,0.0,10.0,0.0,2.0,10.0,0.0,2.0,0.0,0.0,0.0,0.0,0.0,0.0,0.0,0.0,"Mar 17, 2016"
3337,3205059.0,24486.0,Missan,Amara,Hay Al-Zahraa-Al Kumayt,ناحية كميت-حي الزهراء,32.0330089763,46.8848531741,23.0,138.0,0.0,0.0,0.0,0.0,0.0,2.0,0.0,0.0,0.0,0.0,0.0,0.0,21.0,0.0,0.0,0.0,0.0,0.0,0.0,8.0,0.0,0.0,0.0,0.0,0.0,0.0,8.0,0.0,0.0,8.0,0.0,0.0,0.0,0.0,7.0,0.0,0.0,7.0,0.0,0.0,2.0,0.0,20.0,2.0,0.0,20.0,1.0,0.0,0.0,1.0,0.0,0.0,0.0,0.0,0.0,0.0,"Mar 17, 2016"
3338,3205060.0,16844.0,Missan,Amara,Hay Awasha,حي عواشه,31.8318130943,47.1525942453,11.0,66.0,4.0,0.0,0.0,0.0,0.0,0.0,0.0,0.0,0.0,0.0,0.0,0.0,2.0,0.0,5.0,0.0,0.0,0.0,0.0,6.0,0.0,0.0,0.0,0.0,0.0,0.0,5.0,0.0,0.0,5.0,0.0,0.0,0.0,0.0,0.0,0.0,0.0,0.0,1.0,0.0,3.0,1.0,1.0,3.0,6.0,1.0,0.0,6.0,0.0,0.0,0.0,0.0,0.0,0.0,0.0,0.0,"Mar 17, 2016"
3339,3205061.0,16860.0,Missan,Amara,Hay Dijlah,حي دجله,31.8310613791,47.1766199917,1.0,6.0,0.0,0.0,0.0,0.0,0.0,0.0,0.0,0.0,0.0,0.0,0.0,0.0,1.0,0.0,0.0,0.0,0.0,0.0,0.0,1.0,0.0,0.0,0.0,0.0,0.0,0.0,0.0,0.0,0.0,0.0,0.0,0.0,0.0,0.0,0.0,0.0,0.0,0.0,0.0,0.0,0.0,0.0,0.0,0.0,1.0,0.0,0.0,1.0,0.0,0.0,0.0,0.0,0.0,0.0,0.0,0.0,"Mar 17, 2016"
3340,3205062.0,16847.0,Missan,Amara,Hay Dijlah-Al Kumayt,ناحية كميت-حي دجله,32.0363499778,46.8781182002,1.0,6.0,0.0,0.0,1.0,0.0,0.0,0.0,0.0,0.0,0.0,0.0,0.0,0.0,0.0,0.0,0.0,0.0,0.0,0.0,0.0,0.0,0.0,0.0,0.0,0.0,0.0,0.0,1.0,0.0,0.0,1.0,0.0,0.0,0.0,0.0,0.0,0.0,0.0,0.0,0.0,0.0,0.0,0.0,1.0,0.0,0.0,1.0,0.0,0.0,0.0,0.0,0.0,0.0,0.0,0.0,0.0,0.0,"Mar 17, 2016"
3341,3205063.0,16813.0,Missan,Amara,Hay Nahawnd,حي نهاوند,31.8750447873,47.1381201288,7.0,42.0,0.0,0.0,0.0,0.0,0.0,1.0,0.0,0.0,3.0,0.0,0.0,0.0,3.0,0.0,0.0,0.0,0.0,0.0,0.0,4.0,0.0,1.0,0.0,0.0,1.0,0.0,2.0,0.0,0.0,2.0,0.0,0.0,0.0,0.0,0.0,0.0,0.0,0.0,0.0,0.0,2.0,0.0,4.0,2.0,1.0,4.0,0.0,1.0,0.0,0.0,0.0,0.0,0.0,0.0,0.0,0.0,"Mar 17, 2016"
3342,3205064.0,16814.0,Missan,Amara,Hay Sayed Ashur,حي سيد عاشور,31.8488391861,47.1711751912,11.0,66.0,1.0,1.0,0.0,0.0,0.0,0.0,0.0,0.0,1.0,0.0,0.0,0.0,8.0,0.0,0.0,0.0,0.0,0.0,0.0,3.0,0.0,0.0,0.0,0.0,0.0,0.0,8.0,0.0,0.0,8.0,0.0,0.0,0.0,0.0,0.0,0.0,0.0,0.0,0.0,0.0,1.0,0.0,8.0,1.0,2.0,8.0,0.0,2.0,0.0,0.0,0.0,0.0,0.0,0.0,0.0,0.0,"Mar 17, 2016"
3343,3205065.0,22826.0,Missan,Amara,Hay Sayed Jamil,حي سيد جميل,31.8518373091,47.1738935262,7.0,42.0,0.0,0.0,0.0,0.0,0.0,1.0,0.0,0.0,0.0,0.0,0.0,0.0,6.0,0.0,0.0,0.0,0.0,0.0,0.0,3.0,0.0,0.0,0.0,0.0,0.0,0.0,4.0,0.0,0.0,4.0,0.0,0.0,0.0,0.0,0.0,0.0,0.0,0.0,0.0,0.0,1.0,0.0,6.0,1.0,0.0,6.0,0.0,0.0,0.0,0.0,0.0,0.0,0.0,0.0,0.0,0.0,"Mar 17, 2016"
3344,3205066.0,24199.0,Missan,Amara,Hay Shabanah,حي الشبانه,31.8448530044,47.1453401539,4.0,24.0,0.0,0.0,0.0,0.0,0.0,0.0,0.0,0.0,2.0,0.0,0.0,0.0,2.0,0.0,0.0,0.0,0.0,0.0,0.0,1.0,0.0,1.0,0.0,0.0,1.0,0.0,2.0,0.0,0.0,2.0,0.0,0.0,0.0,0.0,0.0,0.0,0.0,0.0,0.0,0.0,2.0,0.0,0.0,2.0,2.0,0.0,0.0,2.0,0.0,0.0,0.0,0.0,0.0,0.0,0.0,0.0,"Mar 17, 2016"
3345,3205067.0,25631.0,Missan,Amara,Khalf Al Alwan Village,ناحية كميت-قرية خلف العلوان,32.0519070769,46.8895747985,2.0,12.0,0.0,0.0,0.0,0.0,0.0,0.0,0.0,0.0,0.0,0.0,0.0,0.0,2.0,0.0,0.0,0.0,0.0,0.0,0.0,2.0,0.0,0.0,0.0,0.0,0.0,0.0,0.0,0.0,0.0,0.0,0.0,0.0,0.0,0.0,0.0,0.0,0.0,0.0,0.0,0.0,0.0,0.0,2.0,0.0,0.0,2.0,0.0,0.0,0.0,0.0,0.0,0.0,0.0,0.0,0.0,0.0,"Mar 17, 2016"
3346,3205068.0,22889.0,Missan,Amara,Kusiba 1 village,قرية كصيبه 1,31.811079039,47.1544461389,2.0,12.0,0.0,0.0,0.0,0.0,0.0,0.0,0.0,0.0,0.0,0.0,0.0,0.0,0.0,0.0,2.0,0.0,0.0,0.0,0.0,2.0,0.0,0.0,0.0,0.0,0.0,0.0,0.0,0.0,0.0,0.0,0.0,0.0,0.0,0.0,0.0,0.0,0.0,0.0,0.0,0.0,0.0,0.0,1.0,0.0,1.0,1.0,0.0,1.0,0.0,0.0,0.0,0.0,0.0,0.0,0.0,0.0,"Mar 17, 2016"
3347,3205069.0,16616.0,Missan,Amara,Nahar saad,نهر سعد,31.9538381897,46.9319354303,2.0,12.0,0.0,0.0,0.0,0.0,0.0,2.0,0.0,0.0,0.0,0.0,0.0,0.0,0.0,0.0,0.0,0.0,0.0,0.0,0.0,1.0,0.0,0.0,0.0,0.0,0.0,0.0,1.0,0.0,0.0,1.0,0.0,0.0,0.0,0.0,0.0,0.0,0.0,0.0,1.0,0.0,1.0,1.0,0.0,1.0,0.0,0.0,0.0,0.0,0.0,0.0,0.0,0.0,0.0,0.0,0.0,0.0,"Mar 17, 2016"
3348,3205070.0,27422.0,Missan,Amara,Great Al Sharqi Village,قرية جريت الشرقي,31.8563636625,47.1756762732,2.0,12.0,0.0,0.0,0.0,0.0,0.0,0.0,0.0,0.0,0.0,0.0,0.0,0.0,2.0,0.0,0.0,0.0,0.0,0.0,0.0,0.0,0.0,0.0,0.0,0.0,0.0,2.0,0.0,2.0,0.0,0.0,0.0,0.0,0.0,0.0,0.0,0.0,0.0,0.0,0.0,0.0,2.0,0.0,0.0,2.0,0.0,0.0,0.0,0.0,0.0,0.0,0.0,0.0,0.0,0.0,0.0,0.0,"Mar 17, 2016"
3349,3205071.0,28411.0,Missan,Amara,Hay Al-Sadiq,حي الصادق,32.0377307954,46.872166067,1.0,6.0,1.0,0.0,0.0,0.0,0.0,0.0,0.0,0.0,0.0,0.0,0.0,0.0,0.0,0.0,0.0,0.0,0.0,0.0,0.0,0.0,0.0,0.0,0.0,0.0,0.0,0.0,1.0,0.0,0.0,1.0,0.0,0.0,0.0,0.0,0.0,0.0,0.0,0.0,0.0,0.0,0.0,0.0,0.0,0.0,0.0,0.0,1.0,0.0,0.0,1.0,0.0,0.0,0.0,0.0,0.0,0.0,"Mar 17, 2016"
3350,3206001.0,16014.0,Missan,Qal'at Saleh,Al Kasarah Village,ناحية العزير-قرية الكساره,31.3491080117,47.4542630195,1.0,6.0,0.0,0.0,0.0,0.0,0.0,0.0,0.0,0.0,0.0,0.0,0.0,0.0,1.0,0.0,0.0,0.0,0.0,0.0,0.0,0.0,0.0,0.0,0.0,0.0,0.0,0.0,1.0,0.0,0.0,1.0,0.0,0.0,0.0,0.0,0.0,0.0,0.0,0.0,0.0,0.0,0.0,0.0,1.0,0.0,0.0,1.0,0.0,0.0,0.0,0.0,0.0,0.0,0.0,0.0,0.0,0.0,"Mar 17, 2016"
3351,3206004.0,21369.0,Missan,Qal'at Saleh,Hay Al Hurria,حي الحريه,31.5186842532,47.2894357249,3.0,18.0,0.0,0.0,0.0,0.0,0.0,1.0,0.0,0.0,1.0,0.0,0.0,0.0,1.0,0.0,0.0,0.0,0.0,0.0,0.0,0.0,0.0,0.0,0.0,0.0,0.0,0.0,3.0,0.0,0.0,3.0,0.0,0.0,0.0,0.0,0.0,0.0,0.0,0.0,0.0,0.0,2.0,0.0,1.0,2.0,0.0,1.0,0.0,0.0,0.0,0.0,0.0,0.0,0.0,0.0,0.0,0.0,"Mar 17, 2016"
3352,3206005.0,15777.0,Missan,Qal'at Saleh,Hay Al Husayniyah,حي الحسينيه,31.5186434932,47.2955179175,3.0,18.0,0.0,0.0,0.0,0.0,0.0,0.0,0.0,0.0,0.0,0.0,0.0,0.0,3.0,0.0,0.0,0.0,0.0,0.0,0.0,0.0,0.0,0.0,0.0,0.0,0.0,0.0,3.0,0.0,0.0,3.0,0.0,0.0,0.0,0.0,0.0,0.0,0.0,0.0,0.0,0.0,0.0,0.0,3.0,0.0,0.0,3.0,0.0,0.0,0.0,0.0,0.0,0.0,0.0,0.0,0.0,0.0,"Mar 17, 2016"
3353,3206006.0,21370.0,Missan,Qal'at Saleh,Hay Al Sadir,حي الصدر,31.5204271502,47.2897831379,4.0,24.0,0.0,0.0,0.0,0.0,0.0,0.0,0.0,0.0,0.0,0.0,0.0,0.0,4.0,0.0,0.0,0.0,0.0,0.0,0.0,0.0,0.0,0.0,0.0,0.0,0.0,0.0,4.0,0.0,0.0,4.0,0.0,0.0,0.0,0.0,0.0,0.0,0.0,0.0,0.0,0.0,0.0,0.0,1.0,0.0,3.0,1.0,0.0,3.0,0.0,0.0,0.0,0.0,0.0,0.0,0.0,0.0,"Mar 17, 2016"
3354,3206007.0,23622.0,Missan,Qal'at Saleh,Hay Al-Ameer,حي الامير,31.5313461668,47.2892422731,14.0,84.0,0.0,0.0,0.0,0.0,0.0,0.0,0.0,0.0,3.0,0.0,0.0,0.0,11.0,0.0,0.0,0.0,0.0,0.0,0.0,6.0,0.0,0.0,0.0,0.0,0.0,0.0,8.0,0.0,0.0,8.0,0.0,0.0,0.0,0.0,0.0,0.0,0.0,0.0,0.0,0.0,8.0,0.0,4.0,8.0,0.0,4.0,2.0,0.0,0.0,2.0,0.0,0.0,0.0,0.0,0.0,0.0,"Mar 17, 2016"
3355,3206008.0,16180.0,Missan,Qal'at Saleh,Hay al-karamah,حي الكرامه,31.5231001159,47.3001817134,1.0,6.0,0.0,0.0,0.0,0.0,0.0,0.0,0.0,0.0,0.0,0.0,0.0,0.0,1.0,0.0,0.0,0.0,0.0,0.0,0.0,0.0,0.0,0.0,0.0,0.0,0.0,0.0,1.0,0.0,0.0,1.0,0.0,0.0,0.0,0.0,0.0,0.0,0.0,0.0,0.0,0.0,0.0,0.0,1.0,0.0,0.0,1.0,0.0,0.0,0.0,0.0,0.0,0.0,0.0,0.0,0.0,0.0,"Mar 17, 2016"
3356,3206009.0,24548.0,Missan,Qal'at Saleh,Hay Al-Shuhadaa,حي الشهداء,31.5232698036,47.2981963648,2.0,12.0,0.0,0.0,0.0,0.0,0.0,0.0,0.0,0.0,0.0,0.0,0.0,0.0,1.0,0.0,1.0,0.0,0.0,0.0,0.0,2.0,0.0,0.0,0.0,0.0,0.0,0.0,0.0,0.0,0.0,0.0,0.0,0.0,0.0,0.0,0.0,0.0,0.0,0.0,0.0,0.0,0.0,0.0,1.0,0.0,1.0,1.0,0.0,1.0,0.0,0.0,0.0,0.0,0.0,0.0,0.0,0.0,"Mar 17, 2016"
3357,3206010.0,16136.0,Missan,Qal'at Saleh,Hay Al-Uroba,حي العروبه,31.516615742,47.2906005887,7.0,42.0,0.0,0.0,0.0,0.0,0.0,0.0,0.0,0.0,0.0,0.0,0.0,0.0,5.0,0.0,2.0,0.0,0.0,0.0,0.0,5.0,0.0,0.0,0.0,0.0,0.0,0.0,2.0,0.0,0.0,2.0,0.0,0.0,0.0,0.0,0.0,0.0,0.0,0.0,0.0,0.0,0.0,0.0,0.0,0.0,7.0,0.0,0.0,7.0,0.0,0.0,0.0,0.0,0.0,0.0,0.0,0.0,"Mar 17, 2016"
3358,3206011.0,21371.0,Missan,Qal'at Saleh,Hay Al-Zahraa-Qalat Saleh,حي الزهراء-قلعة صالح,31.5254807874,47.291432273,1.0,6.0,1.0,0.0,0.0,0.0,0.0,0.0,0.0,0.0,0.0,0.0,0.0,0.0,0.0,0.0,0.0,0.0,0.0,0.0,0.0,0.0,0.0,0.0,0.0,0.0,0.0,0.0,1.0,0.0,0.0,1.0,0.0,0.0,0.0,0.0,0.0,0.0,0.0,0.0,0.0,0.0,0.0,0.0,0.0,0.0,0.0,0.0,1.0,0.0,0.0,1.0,0.0,0.0,0.0,0.0,0.0,0.0,"Mar 17, 2016"
3359,3301001.0,1450.0,Muthanna,Al-Khidhir,Al-hay al-askary,حي العسكري,31.2004484329,45.5334423389,25.0,150.0,15.0,0.0,0.0,0.0,0.0,2.0,0.0,0.0,5.0,0.0,0.0,0.0,1.0,0.0,2.0,0.0,0.0,0.0,0.0,0.0,0.0,0.0,0.0,0.0,0.0,0.0,25.0,0.0,0.0,25.0,0.0,0.0,0.0,0.0,0.0,0.0,0.0,0.0,12.0,0.0,9.0,12.0,0.0,9.0,2.0,0.0,2.0,2.0,0.0,2.0,0.0,0.0,0.0,0.0,0.0,0.0,"Mar 17, 2016"
3360,3301002.0,25633.0,Muthanna,Al-Khidhir,Hay Al Jwadain,حي الجوادين,31.1926526763,45.5322721414,18.0,108.0,5.0,0.0,0.0,0.0,0.0,0.0,0.0,0.0,0.0,0.0,0.0,0.0,13.0,0.0,0.0,0.0,0.0,0.0,0.0,0.0,0.0,0.0,0.0,0.0,0.0,0.0,18.0,0.0,0.0,18.0,0.0,0.0,0.0,0.0,0.0,0.0,0.0,0.0,0.0,0.0,3.0,0.0,8.0,3.0,2.0,8.0,5.0,2.0,0.0,5.0,0.0,0.0,0.0,0.0,0.0,0.0,"Mar 17, 2016"
3361,3301003.0,1527.0,Muthanna,Al-Khidhir,Hay Al Ansar,حي الانصار,31.2020780845,45.5505345482,20.0,120.0,6.0,0.0,0.0,0.0,0.0,0.0,0.0,0.0,0.0,0.0,0.0,0.0,14.0,0.0,0.0,0.0,0.0,0.0,0.0,1.0,0.0,0.0,0.0,0.0,0.0,0.0,19.0,0.0,0.0,19.0,0.0,0.0,0.0,0.0,0.0,0.0,0.0,0.0,4.0,0.0,8.0,4.0,4.0,8.0,2.0,4.0,2.0,2.0,0.0,2.0,0.0,0.0,0.0,0.0,0.0,0.0,"Mar 17, 2016"
3362,3301004.0,27229.0,Muthanna,Al-Khidhir,Albo Resha,البو ريشة,31.1848940095,45.5550998356,57.0,342.0,18.0,0.0,0.0,0.0,0.0,7.0,0.0,0.0,2.0,0.0,0.0,0.0,30.0,0.0,0.0,0.0,0.0,0.0,0.0,10.0,0.0,0.0,0.0,0.0,0.0,0.0,47.0,0.0,0.0,47.0,0.0,0.0,0.0,0.0,0.0,0.0,0.0,0.0,15.0,0.0,18.0,15.0,7.0,18.0,10.0,7.0,7.0,10.0,0.0,7.0,0.0,0.0,0.0,0.0,0.0,0.0,"Mar 17, 2016"
3363,3301005.0,27300.0,Muthanna,Al-Khidhir,Hay Al Zahra,حي الزهراء,31.1968094716,45.5264918972,18.0,108.0,8.0,0.0,0.0,0.0,0.0,0.0,0.0,0.0,0.0,0.0,0.0,0.0,10.0,0.0,0.0,0.0,0.0,0.0,0.0,2.0,0.0,0.0,0.0,0.0,0.0,0.0,16.0,0.0,0.0,16.0,0.0,0.0,0.0,0.0,0.0,0.0,0.0,0.0,0.0,0.0,10.0,0.0,0.0,10.0,4.0,0.0,4.0,4.0,0.0,4.0,0.0,0.0,0.0,0.0,0.0,0.0,"Mar 17, 2016"
3364,3301006.0,27301.0,Muthanna,Al-Khidhir,Hay Al Riyadh,حي الرياض,31.1843688414,45.5374086555,10.0,60.0,2.0,0.0,0.0,0.0,0.0,0.0,0.0,0.0,0.0,0.0,0.0,0.0,8.0,0.0,0.0,0.0,0.0,0.0,0.0,0.0,0.0,0.0,0.0,0.0,0.0,0.0,10.0,0.0,0.0,10.0,0.0,0.0,0.0,0.0,0.0,0.0,0.0,0.0,1.0,0.0,7.0,1.0,0.0,7.0,0.0,0.0,2.0,0.0,0.0,2.0,0.0,0.0,0.0,0.0,0.0,0.0,"Mar 17, 2016"
3365,3302001.0,1394.0,Muthanna,Al-Rumaitha,Al Hilal,الهلال,31.4111045608,45.1664402206,11.0,66.0,3.0,0.0,0.0,0.0,0.0,0.0,0.0,0.0,0.0,0.0,0.0,0.0,6.0,0.0,2.0,0.0,0.0,0.0,0.0,1.0,0.0,0.0,0.0,0.0,0.0,0.0,10.0,0.0,0.0,10.0,0.0,0.0,0.0,0.0,0.0,0.0,0.0,0.0,0.0,0.0,6.0,0.0,5.0,6.0,0.0,5.0,0.0,0.0,0.0,0.0,0.0,0.0,0.0,0.0,0.0,0.0,"Mar 17, 2016"
3366,3302002.0,1393.0,Muthanna,Al-Rumaitha,Al Majd,المجد,31.4004670875,45.200087009,16.0,96.0,13.0,0.0,0.0,0.0,0.0,0.0,0.0,0.0,0.0,0.0,0.0,0.0,3.0,0.0,0.0,0.0,0.0,0.0,0.0,2.0,0.0,0.0,0.0,0.0,0.0,0.0,14.0,0.0,0.0,14.0,0.0,0.0,0.0,0.0,0.0,0.0,0.0,0.0,0.0,0.0,1.0,0.0,4.0,1.0,3.0,4.0,8.0,3.0,0.0,8.0,0.0,0.0,0.0,0.0,0.0,0.0,"Mar 17, 2016"
3367,3302004.0,25498.0,Muthanna,Al-Rumaitha,Al Zahra,الزهراء,31.5352246631,45.207632985,30.0,180.0,10.0,0.0,0.0,0.0,0.0,0.0,0.0,0.0,0.0,0.0,0.0,0.0,20.0,0.0,0.0,0.0,0.0,0.0,0.0,0.0,0.0,0.0,0.0,0.0,0.0,0.0,30.0,0.0,0.0,30.0,0.0,0.0,0.0,0.0,0.0,0.0,0.0,0.0,0.0,0.0,12.0,0.0,10.0,12.0,8.0,10.0,0.0,8.0,0.0,0.0,0.0,0.0,0.0,0.0,0.0,0.0,"Mar 17, 2016"
3368,3302005.0,25976.0,Muthanna,Al-Rumaitha,Al-Warka-Al-Shuhada,حي الشهداء,31.4740041224,45.2846957944,28.0,168.0,6.0,0.0,0.0,0.0,0.0,0.0,0.0,0.0,0.0,0.0,0.0,0.0,22.0,0.0,0.0,0.0,0.0,0.0,0.0,0.0,0.0,0.0,0.0,0.0,0.0,0.0,28.0,0.0,0.0,28.0,0.0,0.0,0.0,0.0,0.0,0.0,0.0,0.0,0.0,0.0,10.0,0.0,16.0,10.0,1.0,16.0,1.0,1.0,0.0,1.0,0.0,0.0,0.0,0.0,0.0,0.0,"Mar 17, 2016"
3369,3302006.0,1885.0,Muthanna,Al-Rumaitha,Hay al-hussain,حي الحسين,31.5280914539,45.2034770697,32.0,192.0,15.0,0.0,0.0,0.0,0.0,2.0,0.0,0.0,0.0,0.0,0.0,0.0,15.0,0.0,0.0,0.0,0.0,0.0,0.0,4.0,0.0,0.0,0.0,0.0,0.0,0.0,28.0,0.0,0.0,28.0,0.0,0.0,0.0,0.0,0.0,0.0,0.0,0.0,5.0,0.0,7.0,5.0,7.0,7.0,11.0,7.0,2.0,11.0,0.0,2.0,0.0,0.0,0.0,0.0,0.0,0.0,"Mar 17, 2016"
3370,3302007.0,27228.0,Muthanna,Al-Rumaitha,Al Warkaa-Hay Al Zahra,حي الزهراء-الوركاء,31.4611658966,45.2855598911,49.0,294.0,20.0,0.0,0.0,0.0,0.0,0.0,0.0,0.0,4.0,0.0,0.0,0.0,23.0,0.0,2.0,0.0,0.0,0.0,0.0,19.0,0.0,0.0,0.0,0.0,0.0,0.0,30.0,0.0,0.0,30.0,0.0,0.0,0.0,0.0,0.0,0.0,0.0,0.0,10.0,0.0,15.0,10.0,5.0,15.0,6.0,5.0,13.0,6.0,0.0,13.0,0.0,0.0,0.0,0.0,0.0,0.0,"Mar 17, 2016"
3371,3302008.0,1888.0,Muthanna,Al-Rumaitha,Al-hay al-askary,حي العسكري,31.5330013214,45.2009215951,28.0,168.0,8.0,0.0,0.0,0.0,0.0,0.0,0.0,0.0,1.0,0.0,0.0,0.0,14.0,0.0,5.0,0.0,0.0,0.0,0.0,6.0,0.0,0.0,0.0,0.0,0.0,0.0,22.0,0.0,0.0,22.0,0.0,0.0,0.0,0.0,0.0,0.0,0.0,0.0,8.0,0.0,11.0,8.0,3.0,11.0,0.0,3.0,6.0,0.0,0.0,6.0,0.0,0.0,0.0,0.0,0.0,0.0,"Mar 17, 2016"
3372,3302009.0,2006.0,Muthanna,Al-Rumaitha,Al Halaichia,الهلايجية,31.5438008169,45.1996604539,48.0,288.0,10.0,0.0,0.0,0.0,0.0,0.0,0.0,0.0,0.0,0.0,0.0,0.0,38.0,0.0,0.0,0.0,0.0,0.0,0.0,0.0,0.0,0.0,0.0,0.0,0.0,0.0,48.0,0.0,0.0,48.0,0.0,0.0,0.0,0.0,0.0,0.0,0.0,0.0,12.0,0.0,22.0,12.0,10.0,22.0,4.0,10.0,0.0,4.0,0.0,0.0,0.0,0.0,0.0,0.0,0.0,0.0,"Mar 17, 2016"
3373,3302010.0,2050.0,Muthanna,Al-Rumaitha,Al Warkaa-Al hymamra,الوركاء-الحمامرة,31.4639907656,45.2990466077,18.0,108.0,10.0,0.0,0.0,0.0,0.0,0.0,0.0,0.0,0.0,0.0,0.0,0.0,8.0,0.0,0.0,0.0,0.0,0.0,0.0,3.0,0.0,0.0,0.0,0.0,0.0,0.0,15.0,0.0,0.0,15.0,0.0,0.0,0.0,0.0,0.0,0.0,0.0,0.0,0.0,0.0,8.0,0.0,0.0,8.0,0.0,0.0,10.0,0.0,0.0,10.0,0.0,0.0,0.0,0.0,0.0,0.0,"Mar 17, 2016"
3374,3304001.0,25497.0,Muthanna,Al-Samawa,Al Mahdi,المهدي,31.3088535145,45.2241097111,30.0,180.0,10.0,0.0,0.0,0.0,0.0,0.0,0.0,0.0,0.0,0.0,0.0,0.0,18.0,0.0,2.0,0.0,0.0,0.0,0.0,1.0,0.0,0.0,0.0,0.0,0.0,0.0,15.0,0.0,0.0,15.0,0.0,0.0,0.0,0.0,14.0,0.0,0.0,14.0,11.0,0.0,4.0,11.0,14.0,4.0,1.0,14.0,0.0,1.0,0.0,0.0,0.0,0.0,0.0,0.0,0.0,0.0,"Mar 17, 2016"
3375,3304002.0,26083.0,Muthanna,Al-Samawa,Al Mamlaha,المملحة,31.2638196861,45.0641841721,15.0,90.0,5.0,0.0,0.0,0.0,0.0,0.0,0.0,0.0,0.0,0.0,0.0,0.0,9.0,0.0,1.0,0.0,0.0,0.0,0.0,1.0,0.0,0.0,0.0,0.0,0.0,0.0,14.0,0.0,0.0,14.0,0.0,0.0,0.0,0.0,0.0,0.0,0.0,0.0,5.0,0.0,1.0,5.0,2.0,1.0,1.0,2.0,6.0,1.0,0.0,6.0,0.0,0.0,0.0,0.0,0.0,0.0,"Mar 17, 2016"
3376,3304003.0,25496.0,Muthanna,Al-Samawa,Al Maredh,المعارض,31.2827080954,45.3010622878,15.0,90.0,2.0,0.0,0.0,0.0,0.0,0.0,0.0,0.0,0.0,0.0,0.0,0.0,13.0,0.0,0.0,0.0,0.0,0.0,0.0,0.0,0.0,0.0,0.0,0.0,0.0,15.0,0.0,15.0,0.0,0.0,0.0,0.0,0.0,0.0,0.0,0.0,0.0,0.0,0.0,0.0,0.0,0.0,15.0,0.0,0.0,15.0,0.0,0.0,0.0,0.0,0.0,0.0,0.0,0.0,0.0,0.0,"Mar 17, 2016"
3377,3304004.0,25495.0,Muthanna,Al-Samawa,Al Sailo,السايلو,31.2697652215,45.3312985785,35.0,210.0,10.0,0.0,0.0,0.0,0.0,3.0,0.0,0.0,1.0,0.0,0.0,0.0,19.0,0.0,2.0,0.0,0.0,0.0,0.0,0.0,0.0,0.0,0.0,0.0,0.0,35.0,0.0,35.0,0.0,0.0,0.0,0.0,0.0,0.0,0.0,0.0,0.0,0.0,11.0,0.0,14.0,11.0,5.0,14.0,5.0,5.0,0.0,5.0,0.0,0.0,0.0,0.0,0.0,0.0,0.0,0.0,"Mar 17, 2016"
3378,3304005.0,25430.0,Muthanna,Al-Samawa,Al Zahra,الزهراء,31.3499329705,45.2925217586,22.0,132.0,6.0,0.0,2.0,0.0,0.0,1.0,0.0,0.0,1.0,0.0,0.0,0.0,10.0,0.0,2.0,0.0,0.0,0.0,0.0,4.0,0.0,0.0,0.0,0.0,0.0,0.0,18.0,0.0,0.0,18.0,0.0,0.0,0.0,0.0,0.0,0.0,0.0,0.0,7.0,0.0,5.0,7.0,5.0,5.0,3.0,5.0,2.0,3.0,0.0,2.0,0.0,0.0,0.0,0.0,0.0,0.0,"Mar 17, 2016"
3379,3304006.0,1492.0,Muthanna,Al-Samawa,Al-haydariyah,الحيدريه,31.3044929132,45.2826445643,28.0,168.0,9.0,0.0,3.0,0.0,0.0,1.0,0.0,0.0,1.0,0.0,0.0,0.0,14.0,0.0,0.0,0.0,0.0,0.0,0.0,1.0,0.0,0.0,0.0,13.0,0.0,0.0,14.0,0.0,0.0,14.0,0.0,0.0,0.0,0.0,0.0,0.0,0.0,0.0,5.0,0.0,14.0,5.0,1.0,14.0,4.0,1.0,4.0,4.0,0.0,4.0,0.0,0.0,0.0,0.0,0.0,0.0,"Mar 17, 2016"
3380,3304007.0,1596.0,Muthanna,Al-Samawa,Al-Qushlah,القشله,31.3175732922,45.2923361398,27.0,162.0,9.0,0.0,5.0,0.0,0.0,1.0,0.0,0.0,0.0,0.0,0.0,0.0,10.0,0.0,2.0,0.0,0.0,0.0,0.0,1.0,0.0,0.0,0.0,0.0,0.0,0.0,26.0,0.0,0.0,26.0,0.0,0.0,0.0,0.0,0.0,0.0,0.0,0.0,10.0,0.0,7.0,10.0,3.0,7.0,2.0,3.0,5.0,2.0,0.0,5.0,0.0,0.0,0.0,0.0,0.0,0.0,"Mar 17, 2016"
3381,3304008.0,2033.0,Muthanna,Al-Samawa,Al-Samawa-Al Maaly,ال معالي,31.2756489404,45.2687121401,18.0,108.0,6.0,0.0,0.0,0.0,0.0,0.0,0.0,0.0,1.0,0.0,0.0,0.0,9.0,0.0,2.0,0.0,0.0,0.0,0.0,3.0,0.0,0.0,0.0,0.0,0.0,0.0,15.0,0.0,0.0,15.0,0.0,0.0,0.0,0.0,0.0,0.0,0.0,0.0,2.0,0.0,3.0,2.0,4.0,3.0,3.0,4.0,6.0,3.0,0.0,6.0,0.0,0.0,0.0,0.0,0.0,0.0,"Mar 17, 2016"
3382,3304009.0,1480.0,Muthanna,Al-Samawa,Al-Samawa-Al-Hay Al-Askary,حي العسكري,31.2974922638,45.2588020307,12.0,72.0,8.0,0.0,1.0,0.0,0.0,0.0,0.0,0.0,1.0,0.0,0.0,0.0,2.0,0.0,0.0,0.0,0.0,0.0,0.0,2.0,0.0,0.0,0.0,0.0,0.0,0.0,10.0,0.0,0.0,10.0,0.0,0.0,0.0,0.0,0.0,0.0,0.0,0.0,2.0,0.0,3.0,2.0,2.0,3.0,0.0,2.0,5.0,0.0,0.0,5.0,0.0,0.0,0.0,0.0,0.0,0.0,"Mar 17, 2016"
3383,3304010.0,25784.0,Muthanna,Al-Samawa,Al-Samawa-Hay Al-Hakim,حي الحكيم,31.2974679144,45.2755135609,35.0,210.0,10.0,0.0,3.0,0.0,0.0,3.0,0.0,0.0,4.0,0.0,0.0,0.0,15.0,0.0,0.0,0.0,0.0,0.0,0.0,0.0,0.0,0.0,0.0,0.0,0.0,0.0,35.0,0.0,0.0,35.0,0.0,0.0,0.0,0.0,0.0,0.0,0.0,0.0,5.0,0.0,8.0,5.0,8.0,8.0,10.0,8.0,4.0,10.0,0.0,4.0,0.0,0.0,0.0,0.0,0.0,0.0,"Mar 17, 2016"
3384,3304011.0,21433.0,Muthanna,Al-Samawa,Al-Shuhada,حي الشهداء,31.3048471324,45.3034662176,29.0,174.0,7.0,0.0,2.0,0.0,0.0,2.0,0.0,0.0,5.0,0.0,0.0,0.0,12.0,0.0,1.0,0.0,0.0,0.0,0.0,2.0,0.0,0.0,0.0,0.0,0.0,0.0,27.0,0.0,0.0,27.0,0.0,0.0,0.0,0.0,0.0,0.0,0.0,0.0,6.0,0.0,8.0,6.0,4.0,8.0,4.0,4.0,7.0,4.0,0.0,7.0,0.0,0.0,0.0,0.0,0.0,0.0,"Mar 17, 2016"
3385,3304013.0,2045.0,Muthanna,Al-Samawa,Hay 9 Nissan,حي 9 نيسان,31.3085472817,45.3072568495,22.0,132.0,10.0,0.0,1.0,0.0,0.0,0.0,0.0,0.0,1.0,0.0,0.0,0.0,8.0,0.0,2.0,0.0,0.0,0.0,0.0,2.0,0.0,0.0,0.0,0.0,0.0,0.0,20.0,0.0,0.0,20.0,0.0,0.0,0.0,0.0,0.0,0.0,0.0,0.0,4.0,0.0,4.0,4.0,3.0,4.0,7.0,3.0,4.0,7.0,0.0,4.0,0.0,0.0,0.0,0.0,0.0,0.0,"Mar 17, 2016"
3386,3304014.0,1679.0,Muthanna,Al-Samawa,Hay al-resalah,الرساله,31.3434322597,45.2936992049,22.0,132.0,8.0,0.0,2.0,0.0,0.0,3.0,0.0,0.0,5.0,0.0,0.0,0.0,3.0,0.0,1.0,0.0,0.0,0.0,0.0,0.0,0.0,0.0,0.0,0.0,0.0,0.0,22.0,0.0,0.0,22.0,0.0,0.0,0.0,0.0,0.0,0.0,0.0,0.0,5.0,0.0,8.0,5.0,2.0,8.0,2.0,2.0,5.0,2.0,0.0,5.0,0.0,0.0,0.0,0.0,0.0,0.0,"Mar 17, 2016"
3387,3304015.0,1485.0,Muthanna,Al-Samawa,Hay Al-Sadir,حي الصدر,31.3067668816,45.2618992701,18.0,108.0,5.0,0.0,0.0,0.0,0.0,2.0,0.0,0.0,1.0,0.0,0.0,0.0,7.0,0.0,3.0,0.0,0.0,0.0,0.0,2.0,0.0,0.0,0.0,0.0,0.0,0.0,16.0,0.0,0.0,16.0,0.0,0.0,0.0,0.0,0.0,0.0,0.0,0.0,4.0,0.0,3.0,4.0,4.0,3.0,1.0,4.0,6.0,1.0,0.0,6.0,0.0,0.0,0.0,0.0,0.0,0.0,"Mar 17, 2016"
3388,3304017.0,27232.0,Muthanna,Al-Samawa,Hay Al Kawthar,حي الكوثر,31.327997027,45.4142754804,48.0,288.0,21.0,0.0,0.0,0.0,0.0,0.0,0.0,0.0,4.0,0.0,0.0,0.0,12.0,0.0,11.0,0.0,0.0,0.0,0.0,0.0,0.0,0.0,0.0,23.0,0.0,0.0,25.0,0.0,0.0,25.0,0.0,0.0,0.0,0.0,0.0,0.0,0.0,0.0,10.0,0.0,8.0,10.0,18.0,8.0,5.0,18.0,7.0,5.0,0.0,7.0,0.0,0.0,0.0,0.0,0.0,0.0,"Mar 17, 2016"
3389,3304018.0,27233.0,Muthanna,Al-Samawa,Hay Al Zahra,حي الزهراء,31.3307781843,45.4146097507,43.0,258.0,15.0,0.0,0.0,0.0,0.0,10.0,0.0,0.0,0.0,0.0,0.0,0.0,13.0,0.0,5.0,0.0,0.0,0.0,0.0,0.0,0.0,0.0,0.0,0.0,0.0,0.0,43.0,0.0,0.0,43.0,0.0,0.0,0.0,0.0,0.0,0.0,0.0,0.0,3.0,0.0,7.0,3.0,10.0,7.0,10.0,10.0,13.0,10.0,0.0,13.0,0.0,0.0,0.0,0.0,0.0,0.0,"Mar 17, 2016"
3390,3304019.0,2060.0,Muthanna,Al-Samawa,Hay Al Gharbi ,حي الغربي,31.3194831507,45.2780954437,15.0,90.0,3.0,0.0,1.0,0.0,0.0,0.0,0.0,0.0,0.0,0.0,0.0,0.0,11.0,0.0,0.0,0.0,0.0,0.0,0.0,0.0,0.0,0.0,0.0,0.0,0.0,0.0,15.0,0.0,0.0,15.0,0.0,0.0,0.0,0.0,0.0,0.0,0.0,0.0,3.0,0.0,7.0,3.0,5.0,7.0,0.0,5.0,0.0,0.0,0.0,0.0,0.0,0.0,0.0,0.0,0.0,0.0,"Mar 17, 2016"
3391,3304020.0,1586.0,Muthanna,Al-Samawa,Hay Al Mualmeen,حي المعلمين,31.3164926134,45.2751221415,16.0,96.0,2.0,0.0,2.0,0.0,0.0,0.0,0.0,0.0,0.0,0.0,0.0,0.0,12.0,0.0,0.0,0.0,0.0,0.0,0.0,2.0,0.0,0.0,0.0,0.0,0.0,0.0,14.0,0.0,0.0,14.0,0.0,0.0,0.0,0.0,0.0,0.0,0.0,0.0,2.0,0.0,8.0,2.0,2.0,8.0,0.0,2.0,4.0,0.0,0.0,4.0,0.0,0.0,0.0,0.0,0.0,0.0,"Mar 17, 2016"
3392,3304021.0,1587.0,Muthanna,Al-Samawa,Al Basasteen Al Shirqia,البساتين الشرقية,31.3106507203,45.3190097027,22.0,132.0,5.0,0.0,0.0,0.0,0.0,2.0,0.0,0.0,0.0,0.0,0.0,0.0,13.0,0.0,2.0,0.0,0.0,0.0,0.0,5.0,0.0,0.0,0.0,0.0,0.0,0.0,17.0,0.0,0.0,17.0,0.0,0.0,0.0,0.0,0.0,0.0,0.0,0.0,5.0,0.0,11.0,5.0,0.0,11.0,0.0,0.0,6.0,0.0,0.0,6.0,0.0,0.0,0.0,0.0,0.0,0.0,"Mar 17, 2016"
3393,3304022.0,27268.0,Muthanna,Al-Samawa,Hay Al Mualmeen 2,حي المعلمين 2,31.3113343483,45.2667979058,27.0,162.0,1.0,0.0,0.0,0.0,0.0,3.0,0.0,0.0,0.0,0.0,0.0,0.0,18.0,0.0,5.0,0.0,0.0,0.0,0.0,7.0,0.0,0.0,0.0,0.0,0.0,0.0,20.0,0.0,0.0,20.0,0.0,0.0,0.0,0.0,0.0,0.0,0.0,0.0,0.0,0.0,7.0,0.0,10.0,7.0,0.0,10.0,10.0,0.0,0.0,10.0,0.0,0.0,0.0,0.0,0.0,0.0,"Mar 17, 2016"
3394,3304023.0,1562.0,Muthanna,Al-Samawa,Hay 270 Dar,270 حي دار,31.2974207243,45.2637618128,23.0,138.0,1.0,0.0,0.0,0.0,0.0,2.0,0.0,0.0,0.0,0.0,0.0,0.0,20.0,0.0,0.0,0.0,0.0,0.0,0.0,5.0,0.0,0.0,0.0,0.0,0.0,0.0,18.0,0.0,0.0,18.0,0.0,0.0,0.0,0.0,0.0,0.0,0.0,0.0,0.0,0.0,13.0,0.0,2.0,13.0,0.0,2.0,8.0,0.0,0.0,8.0,0.0,0.0,0.0,0.0,0.0,0.0,"Mar 17, 2016"
3395,3304024.0,1570.0,Muthanna,Al-Samawa,Hay Al Bani,حي ال باني,31.3094498869,45.2753586788,13.0,78.0,2.0,0.0,0.0,0.0,0.0,0.0,0.0,0.0,1.0,0.0,0.0,0.0,10.0,0.0,0.0,0.0,0.0,0.0,0.0,3.0,0.0,0.0,0.0,0.0,0.0,0.0,10.0,0.0,0.0,10.0,0.0,0.0,0.0,0.0,0.0,0.0,0.0,0.0,3.0,0.0,0.0,3.0,10.0,0.0,0.0,10.0,0.0,0.0,0.0,0.0,0.0,0.0,0.0,0.0,0.0,0.0,"Mar 17, 2016"
3396,3304025.0,1611.0,Muthanna,Al-Samawa,Hay Al Tamiem,حي التاميم,31.3302066643,45.2928289957,25.0,150.0,6.0,0.0,0.0,0.0,0.0,3.0,0.0,0.0,3.0,0.0,0.0,0.0,13.0,0.0,0.0,0.0,0.0,0.0,0.0,6.0,0.0,0.0,0.0,0.0,0.0,0.0,19.0,0.0,0.0,19.0,0.0,0.0,0.0,0.0,0.0,0.0,0.0,0.0,0.0,0.0,12.0,0.0,3.0,12.0,4.0,3.0,6.0,4.0,0.0,6.0,0.0,0.0,0.0,0.0,0.0,0.0,"Mar 17, 2016"
3397,3304026.0,2010.0,Muthanna,Al-Samawa,Hay Al Jarboaia,الجربوعية,31.3571784133,45.2668469665,31.0,186.0,11.0,0.0,0.0,0.0,0.0,2.0,0.0,0.0,0.0,0.0,0.0,0.0,18.0,0.0,0.0,0.0,0.0,0.0,0.0,4.0,0.0,0.0,0.0,0.0,0.0,0.0,27.0,0.0,0.0,27.0,0.0,0.0,0.0,0.0,0.0,0.0,0.0,0.0,0.0,0.0,20.0,0.0,3.0,20.0,3.0,3.0,5.0,3.0,0.0,5.0,0.0,0.0,0.0,0.0,0.0,0.0,"Mar 17, 2016"
3398,3304027.0,27380.0,Muthanna,Al-Samawa,Hay Al Jadhan,حي ال جضعان,31.3094202988,45.2682993561,26.0,156.0,6.0,0.0,0.0,0.0,0.0,2.0,0.0,0.0,2.0,0.0,0.0,0.0,12.0,0.0,4.0,0.0,0.0,0.0,0.0,6.0,0.0,0.0,0.0,0.0,0.0,0.0,20.0,0.0,0.0,20.0,0.0,0.0,0.0,0.0,0.0,0.0,0.0,0.0,3.0,0.0,18.0,3.0,0.0,18.0,0.0,0.0,5.0,0.0,0.0,5.0,0.0,0.0,0.0,0.0,0.0,0.0,"Mar 17, 2016"
3399,3304028.0,21434.0,Muthanna,Al-Samawa,Al Sharagia,الشراكية,31.2698439276,45.2554403432,16.0,96.0,4.0,0.0,0.0,0.0,0.0,1.0,0.0,0.0,0.0,0.0,0.0,0.0,11.0,0.0,0.0,0.0,0.0,0.0,0.0,1.0,0.0,0.0,0.0,0.0,0.0,0.0,15.0,0.0,0.0,15.0,0.0,0.0,0.0,0.0,0.0,0.0,0.0,0.0,0.0,0.0,11.0,0.0,2.0,11.0,2.0,2.0,1.0,2.0,0.0,1.0,0.0,0.0,0.0,0.0,0.0,0.0,"Mar 17, 2016"
3400,3304029.0,28421.0,Muthanna,Al-Samawa,Al Dahra,الداحرة,31.3782748673,45.2622931357,12.0,72.0,8.0,0.0,0.0,0.0,0.0,0.0,0.0,0.0,0.0,0.0,0.0,0.0,4.0,0.0,0.0,0.0,0.0,0.0,0.0,2.0,0.0,0.0,0.0,0.0,0.0,0.0,10.0,0.0,0.0,10.0,0.0,0.0,0.0,0.0,0.0,0.0,0.0,0.0,0.0,0.0,4.0,0.0,2.0,4.0,0.0,2.0,6.0,0.0,0.0,6.0,0.0,0.0,0.0,0.0,0.0,0.0,"Mar 17, 2016"
3401,3401001.0,19905.0,Najaf,Al-Manathera,Al Jumhooriya,حي الجمهورية,31.9096697779,44.4856153721,21.0,126.0,1.0,0.0,0.0,0.0,0.0,0.0,0.0,0.0,0.0,0.0,0.0,0.0,20.0,0.0,0.0,0.0,0.0,0.0,0.0,0.0,0.0,0.0,0.0,0.0,0.0,2.0,19.0,2.0,0.0,19.0,0.0,0.0,0.0,0.0,0.0,0.0,0.0,0.0,0.0,0.0,20.0,0.0,0.0,20.0,0.0,0.0,1.0,0.0,0.0,1.0,0.0,0.0,0.0,0.0,0.0,0.0,"Mar 17, 2016"
3402,3401002.0,19588.0,Najaf,Al-Manathera,Al Mishkhab,المشخاب,31.8054389485,44.490823878,115.0,690.0,0.0,0.0,6.0,0.0,0.0,0.0,0.0,0.0,0.0,0.0,0.0,0.0,109.0,0.0,0.0,0.0,0.0,0.0,0.0,0.0,0.0,0.0,0.0,0.0,0.0,60.0,55.0,60.0,0.0,55.0,0.0,0.0,0.0,0.0,0.0,0.0,0.0,0.0,6.0,0.0,39.0,6.0,0.0,39.0,70.0,0.0,0.0,70.0,0.0,0.0,0.0,0.0,0.0,0.0,0.0,0.0,"Mar 17, 2016"
3403,3401003.0,24525.0,Najaf,Al-Manathera,Al Shahid Al Sader,الشهيد الصدر,31.8015190558,44.4881175593,38.0,228.0,7.0,0.0,0.0,0.0,0.0,0.0,0.0,0.0,0.0,0.0,0.0,0.0,31.0,0.0,0.0,0.0,0.0,0.0,0.0,0.0,0.0,0.0,0.0,0.0,0.0,0.0,38.0,0.0,0.0,38.0,0.0,0.0,0.0,0.0,0.0,0.0,0.0,0.0,0.0,0.0,31.0,0.0,0.0,31.0,0.0,0.0,7.0,0.0,0.0,7.0,0.0,0.0,0.0,0.0,0.0,0.0,"Mar 17, 2016"
3404,3401004.0,25907.0,Najaf,Al-Manathera,Al-Muhajeer,المحاجير,31.9051746884,44.5011034732,11.0,66.0,5.0,0.0,0.0,0.0,0.0,0.0,0.0,0.0,0.0,0.0,0.0,0.0,6.0,0.0,0.0,0.0,0.0,0.0,0.0,0.0,0.0,0.0,0.0,0.0,0.0,0.0,11.0,0.0,0.0,11.0,0.0,0.0,0.0,0.0,0.0,0.0,0.0,0.0,0.0,0.0,0.0,0.0,6.0,0.0,0.0,6.0,5.0,0.0,0.0,5.0,0.0,0.0,0.0,0.0,0.0,0.0,"Mar 17, 2016"
3405,3401005.0,25433.0,Najaf,Al-Manathera,Hay 9 Nissan,حي 9 نيسان,31.7023735076,44.4770539748,18.0,108.0,10.0,0.0,0.0,0.0,0.0,0.0,0.0,0.0,0.0,0.0,0.0,0.0,8.0,0.0,0.0,0.0,0.0,0.0,0.0,0.0,0.0,0.0,0.0,0.0,0.0,0.0,18.0,0.0,0.0,18.0,0.0,0.0,0.0,0.0,0.0,0.0,0.0,0.0,0.0,0.0,0.0,0.0,8.0,0.0,0.0,8.0,10.0,0.0,0.0,10.0,0.0,0.0,0.0,0.0,0.0,0.0,"Mar 17, 2016"
3406,3401006.0,23120.0,Najaf,Al-Manathera,Hay Al Ghadeer,حي الغدير,31.6981015093,44.4715751166,1.0,6.0,0.0,0.0,0.0,0.0,0.0,0.0,0.0,0.0,0.0,0.0,0.0,0.0,1.0,0.0,0.0,0.0,0.0,0.0,0.0,0.0,0.0,0.0,0.0,0.0,0.0,0.0,1.0,0.0,0.0,1.0,0.0,0.0,0.0,0.0,0.0,0.0,0.0,0.0,0.0,0.0,0.0,0.0,0.0,0.0,1.0,0.0,0.0,1.0,0.0,0.0,0.0,0.0,0.0,0.0,0.0,0.0,"Mar 17, 2016"
3407,3401008.0,25366.0,Najaf,Al-Manathera,Hay Al Noaman,حي النعمان,31.8902444374,44.4795371799,15.0,90.0,8.0,0.0,0.0,0.0,0.0,3.0,0.0,0.0,0.0,0.0,0.0,0.0,4.0,0.0,0.0,0.0,0.0,0.0,0.0,0.0,0.0,0.0,0.0,0.0,0.0,0.0,15.0,0.0,0.0,15.0,0.0,0.0,0.0,0.0,0.0,0.0,0.0,0.0,4.0,0.0,3.0,4.0,0.0,3.0,8.0,0.0,0.0,8.0,0.0,0.0,0.0,0.0,0.0,0.0,0.0,0.0,"Mar 17, 2016"
3408,3401009.0,19911.0,Najaf,Al-Manathera,Hay almatat,حي المطاط,31.9143829846,44.4806146141,129.0,774.0,18.0,0.0,0.0,0.0,0.0,5.0,0.0,0.0,0.0,0.0,0.0,0.0,106.0,0.0,0.0,0.0,0.0,0.0,0.0,0.0,0.0,0.0,0.0,0.0,0.0,69.0,60.0,69.0,0.0,60.0,0.0,0.0,0.0,0.0,0.0,0.0,0.0,0.0,0.0,0.0,106.0,0.0,0.0,106.0,5.0,0.0,18.0,5.0,0.0,18.0,0.0,0.0,0.0,0.0,0.0,0.0,"Mar 17, 2016"
3409,3401010.0,19816.0,Najaf,Al-Manathera,Hay alsaray,حي السراي,31.9043413569,44.4903824386,12.0,72.0,0.0,0.0,0.0,0.0,0.0,0.0,0.0,0.0,0.0,0.0,0.0,0.0,12.0,0.0,0.0,0.0,0.0,0.0,0.0,0.0,0.0,0.0,0.0,0.0,0.0,0.0,12.0,0.0,0.0,12.0,0.0,0.0,0.0,0.0,0.0,0.0,0.0,0.0,0.0,0.0,12.0,0.0,0.0,12.0,0.0,0.0,0.0,0.0,0.0,0.0,0.0,0.0,0.0,0.0,0.0,0.0,"Mar 17, 2016"
3410,3401011.0,19847.0,Najaf,Al-Manathera,Leshan,حي الليشان,31.8896118549,44.4733180374,46.0,276.0,18.0,0.0,3.0,0.0,0.0,1.0,0.0,0.0,0.0,0.0,0.0,0.0,18.0,0.0,6.0,0.0,0.0,0.0,0.0,0.0,0.0,0.0,0.0,0.0,0.0,18.0,28.0,18.0,0.0,28.0,0.0,0.0,0.0,0.0,0.0,0.0,0.0,0.0,1.0,0.0,3.0,1.0,18.0,3.0,24.0,18.0,0.0,24.0,0.0,0.0,0.0,0.0,0.0,0.0,0.0,0.0,"Mar 17, 2016"
3411,3401012.0,27146.0,Najaf,Al-Manathera,Suq Shaalan,سوق شعلان,31.7605184613,44.5169831411,32.0,192.0,0.0,0.0,0.0,0.0,0.0,5.0,0.0,0.0,0.0,0.0,0.0,0.0,27.0,0.0,0.0,0.0,0.0,0.0,0.0,0.0,0.0,0.0,0.0,0.0,0.0,22.0,10.0,22.0,0.0,10.0,0.0,0.0,0.0,0.0,0.0,0.0,0.0,0.0,5.0,0.0,27.0,5.0,0.0,27.0,0.0,0.0,0.0,0.0,0.0,0.0,0.0,0.0,0.0,0.0,0.0,0.0,"Mar 17, 2016"
3412,3402001.0,24720.0,Najaf,Kufa,Al Abasiyah-Al wahaby,العباسية-الوهابي,32.1363598815,44.4031218057,39.0,234.0,0.0,0.0,0.0,0.0,0.0,0.0,0.0,0.0,0.0,0.0,0.0,0.0,39.0,0.0,0.0,0.0,0.0,0.0,0.0,0.0,0.0,0.0,0.0,0.0,0.0,39.0,0.0,39.0,0.0,0.0,0.0,0.0,0.0,0.0,0.0,0.0,0.0,0.0,0.0,0.0,17.0,0.0,0.0,17.0,22.0,0.0,0.0,22.0,0.0,0.0,0.0,0.0,0.0,0.0,0.0,0.0,"Mar 17, 2016"
3413,3402002.0,24614.0,Najaf,Kufa,Al Abassiyah-Al Resalah 3,العباسية حي الرسالة الثالثة,32.0767746582,44.4328620252,51.0,306.0,0.0,0.0,0.0,0.0,0.0,0.0,0.0,0.0,0.0,0.0,0.0,0.0,51.0,0.0,0.0,0.0,0.0,0.0,0.0,0.0,0.0,0.0,0.0,0.0,0.0,51.0,0.0,51.0,0.0,0.0,0.0,0.0,0.0,0.0,0.0,0.0,0.0,0.0,0.0,0.0,0.0,0.0,0.0,0.0,51.0,0.0,0.0,51.0,0.0,0.0,0.0,0.0,0.0,0.0,0.0,0.0,"Mar 17, 2016"
3414,3402003.0,25635.0,Najaf,Kufa,Al Abassiyah-Al-Adal,العباسية-العدل,32.0786727289,44.4436369472,35.0,210.0,0.0,0.0,0.0,0.0,0.0,0.0,0.0,0.0,0.0,0.0,0.0,0.0,35.0,0.0,0.0,0.0,0.0,0.0,0.0,0.0,0.0,0.0,0.0,0.0,0.0,35.0,0.0,35.0,0.0,0.0,0.0,0.0,0.0,0.0,0.0,0.0,0.0,0.0,0.0,0.0,35.0,0.0,0.0,35.0,0.0,0.0,0.0,0.0,0.0,0.0,0.0,0.0,0.0,0.0,0.0,0.0,"Mar 17, 2016"
3415,3402004.0,25636.0,Najaf,Kufa,Al Abassiyah-Al-Zaidi,العباسية-الزيدي,32.073600512,44.4775908899,22.0,132.0,0.0,0.0,0.0,0.0,0.0,0.0,0.0,0.0,0.0,0.0,0.0,0.0,22.0,0.0,0.0,0.0,0.0,0.0,0.0,22.0,0.0,0.0,0.0,0.0,0.0,0.0,0.0,0.0,0.0,0.0,0.0,0.0,0.0,0.0,0.0,0.0,0.0,0.0,0.0,0.0,22.0,0.0,0.0,22.0,0.0,0.0,0.0,0.0,0.0,0.0,0.0,0.0,0.0,0.0,0.0,0.0,"Mar 17, 2016"
3416,3402005.0,20173.0,Najaf,Kufa,Al Abassiyah-Hay Al muntadher,العباسية-حي المنتظر,32.0712363183,44.4352061125,32.0,192.0,0.0,0.0,0.0,0.0,0.0,0.0,0.0,0.0,0.0,0.0,0.0,0.0,32.0,0.0,0.0,0.0,0.0,0.0,0.0,0.0,0.0,0.0,0.0,0.0,0.0,18.0,14.0,18.0,0.0,14.0,0.0,0.0,0.0,0.0,0.0,0.0,0.0,0.0,0.0,0.0,32.0,0.0,0.0,32.0,0.0,0.0,0.0,0.0,0.0,0.0,0.0,0.0,0.0,0.0,0.0,0.0,"Mar 17, 2016"
3417,3402006.0,24613.0,Najaf,Kufa,Al Abassiyah-Hay Al Resalah 2,العباسية حي الرسالة الثانية,32.0753456061,44.4369743557,70.0,420.0,0.0,0.0,0.0,0.0,0.0,0.0,0.0,0.0,0.0,0.0,0.0,0.0,70.0,0.0,0.0,0.0,0.0,0.0,0.0,0.0,0.0,0.0,0.0,0.0,0.0,49.0,21.0,49.0,0.0,21.0,0.0,0.0,0.0,0.0,0.0,0.0,0.0,0.0,0.0,0.0,21.0,0.0,0.0,21.0,49.0,0.0,0.0,49.0,0.0,0.0,0.0,0.0,0.0,0.0,0.0,0.0,"Mar 17, 2016"
3418,3402007.0,25634.0,Najaf,Kufa,Al Abassiyah-Mamal,طريق عباسية-معمل,32.037335477,44.4282717805,50.0,300.0,0.0,0.0,0.0,0.0,0.0,0.0,0.0,0.0,0.0,0.0,0.0,0.0,50.0,0.0,0.0,0.0,0.0,0.0,0.0,0.0,0.0,0.0,0.0,0.0,0.0,50.0,0.0,50.0,0.0,0.0,0.0,0.0,0.0,0.0,0.0,0.0,0.0,0.0,0.0,0.0,0.0,0.0,50.0,0.0,0.0,50.0,0.0,0.0,0.0,0.0,0.0,0.0,0.0,0.0,0.0,0.0,"Mar 17, 2016"
3419,3402008.0,20298.0,Najaf,Kufa,Al Barakiya,البراكية,32.009313044,44.4003731785,108.0,648.0,0.0,0.0,0.0,0.0,0.0,0.0,0.0,0.0,0.0,0.0,0.0,0.0,108.0,0.0,0.0,0.0,0.0,0.0,0.0,0.0,0.0,0.0,0.0,0.0,0.0,0.0,108.0,0.0,0.0,108.0,0.0,0.0,0.0,0.0,0.0,0.0,0.0,0.0,0.0,0.0,91.0,0.0,17.0,91.0,0.0,17.0,0.0,0.0,0.0,0.0,0.0,0.0,0.0,0.0,0.0,0.0,"Mar 17, 2016"
3420,3402009.0,24615.0,Najaf,Kufa,Al Hakeem,حي الحكيم,32.0772009783,44.4459737543,21.0,126.0,0.0,0.0,0.0,0.0,0.0,0.0,0.0,0.0,0.0,0.0,0.0,0.0,21.0,0.0,0.0,0.0,0.0,0.0,0.0,0.0,0.0,0.0,0.0,0.0,0.0,21.0,0.0,21.0,0.0,0.0,0.0,0.0,0.0,0.0,0.0,0.0,0.0,0.0,0.0,0.0,0.0,0.0,0.0,0.0,21.0,0.0,0.0,21.0,0.0,0.0,0.0,0.0,0.0,0.0,0.0,0.0,"Mar 17, 2016"
3421,3402010.0,20340.0,Najaf,Kufa,Al Hureya,الحرية,32.1019024397,44.5430663256,56.0,336.0,0.0,0.0,0.0,0.0,0.0,0.0,0.0,0.0,0.0,0.0,0.0,0.0,56.0,0.0,0.0,0.0,0.0,0.0,0.0,0.0,0.0,0.0,0.0,0.0,0.0,10.0,46.0,10.0,0.0,46.0,0.0,0.0,0.0,0.0,0.0,0.0,0.0,0.0,0.0,0.0,0.0,0.0,56.0,0.0,0.0,56.0,0.0,0.0,0.0,0.0,0.0,0.0,0.0,0.0,0.0,0.0,"Mar 17, 2016"
3422,3402011.0,24375.0,Najaf,Kufa,Al Kreishat,الكريشات,32.0306217572,44.403010624,140.0,840.0,4.0,0.0,0.0,0.0,0.0,0.0,0.0,0.0,0.0,0.0,0.0,0.0,136.0,0.0,0.0,0.0,0.0,0.0,0.0,0.0,0.0,0.0,0.0,0.0,0.0,4.0,136.0,4.0,0.0,136.0,0.0,0.0,0.0,0.0,0.0,0.0,0.0,0.0,0.0,0.0,93.0,0.0,0.0,93.0,19.0,0.0,28.0,19.0,0.0,28.0,0.0,0.0,0.0,0.0,0.0,0.0,"Mar 17, 2016"
3423,3402012.0,19634.0,Najaf,Kufa,Al Sahla,السهله,32.0371283971,44.3827438757,32.0,192.0,0.0,0.0,0.0,0.0,0.0,0.0,0.0,0.0,0.0,0.0,0.0,0.0,32.0,0.0,0.0,0.0,0.0,0.0,0.0,0.0,0.0,0.0,0.0,0.0,0.0,5.0,27.0,5.0,0.0,27.0,0.0,0.0,0.0,0.0,0.0,0.0,0.0,0.0,0.0,0.0,32.0,0.0,0.0,32.0,0.0,0.0,0.0,0.0,0.0,0.0,0.0,0.0,0.0,0.0,0.0,0.0,"Mar 17, 2016"
3424,3402014.0,20089.0,Najaf,Kufa,Al Suhailiya 1,السهيليه 1,32.03584247,44.3871690546,56.0,336.0,0.0,0.0,0.0,0.0,0.0,0.0,0.0,0.0,0.0,0.0,0.0,0.0,45.0,0.0,11.0,0.0,0.0,0.0,0.0,0.0,0.0,0.0,0.0,0.0,0.0,11.0,45.0,11.0,0.0,45.0,0.0,0.0,0.0,0.0,0.0,0.0,0.0,0.0,0.0,0.0,0.0,0.0,0.0,0.0,56.0,0.0,0.0,56.0,0.0,0.0,0.0,0.0,0.0,0.0,0.0,0.0,"Mar 17, 2016"
3425,3402015.0,25644.0,Najaf,Kufa,Al Suhailiya 2,السهيليه 2,32.034577263,44.3907607905,47.0,282.0,0.0,0.0,0.0,0.0,0.0,4.0,0.0,0.0,0.0,0.0,0.0,0.0,43.0,0.0,0.0,0.0,0.0,0.0,0.0,0.0,0.0,0.0,0.0,0.0,0.0,4.0,43.0,4.0,0.0,43.0,0.0,0.0,0.0,0.0,0.0,0.0,0.0,0.0,43.0,0.0,0.0,43.0,0.0,0.0,4.0,0.0,0.0,4.0,0.0,0.0,0.0,0.0,0.0,0.0,0.0,0.0,"Mar 17, 2016"
3426,3402016.0,24374.0,Najaf,Kufa,Albu Hadary,البو حداري,32.0720395587,44.39435981,97.0,582.0,0.0,0.0,0.0,0.0,0.0,0.0,0.0,0.0,23.0,0.0,0.0,0.0,74.0,0.0,0.0,0.0,0.0,0.0,0.0,0.0,0.0,0.0,0.0,0.0,0.0,7.0,90.0,7.0,0.0,90.0,0.0,0.0,0.0,0.0,0.0,0.0,0.0,0.0,0.0,0.0,48.0,0.0,0.0,48.0,49.0,0.0,0.0,49.0,0.0,0.0,0.0,0.0,0.0,0.0,0.0,0.0,"Mar 17, 2016"
3427,3402017.0,23485.0,Najaf,Kufa,Albu Noman,البو نعمان,32.0291770314,44.4182394248,43.0,258.0,0.0,0.0,0.0,0.0,0.0,0.0,0.0,0.0,0.0,0.0,0.0,0.0,43.0,0.0,0.0,0.0,0.0,0.0,0.0,0.0,0.0,0.0,0.0,0.0,0.0,36.0,7.0,36.0,0.0,7.0,0.0,0.0,0.0,0.0,0.0,0.0,0.0,0.0,0.0,0.0,43.0,0.0,0.0,43.0,0.0,0.0,0.0,0.0,0.0,0.0,0.0,0.0,0.0,0.0,0.0,0.0,"Mar 17, 2016"
3428,3402018.0,25855.0,Najaf,Kufa,Al-kufa Area-Al Issa,آل عيسى,31.9873350803,44.4500858459,41.0,246.0,20.0,0.0,0.0,0.0,0.0,0.0,0.0,0.0,0.0,0.0,0.0,0.0,21.0,0.0,0.0,0.0,0.0,0.0,0.0,0.0,0.0,0.0,0.0,20.0,0.0,0.0,21.0,0.0,0.0,21.0,0.0,0.0,0.0,0.0,0.0,0.0,0.0,0.0,20.0,0.0,0.0,20.0,0.0,0.0,21.0,0.0,0.0,21.0,0.0,0.0,0.0,0.0,0.0,0.0,0.0,0.0,"Mar 17, 2016"
3429,3402019.0,24311.0,Najaf,Kufa,Alwat Al Fahal,علوة الفحل,32.0781163674,44.3717020271,340.0,2040.0,0.0,0.0,0.0,0.0,0.0,0.0,0.0,0.0,10.0,0.0,0.0,0.0,330.0,0.0,0.0,0.0,0.0,0.0,0.0,0.0,0.0,0.0,0.0,0.0,0.0,320.0,20.0,320.0,0.0,20.0,0.0,0.0,0.0,0.0,0.0,0.0,0.0,0.0,0.0,0.0,240.0,0.0,0.0,240.0,100.0,0.0,0.0,100.0,0.0,0.0,0.0,0.0,0.0,0.0,0.0,0.0,"Mar 17, 2016"
3430,3402020.0,25891.0,Najaf,Kufa,Door Al-Maamal,دور المعمل,31.9756374879,44.4517787854,12.0,72.0,2.0,0.0,5.0,0.0,0.0,2.0,0.0,0.0,0.0,0.0,0.0,0.0,3.0,0.0,0.0,0.0,0.0,0.0,0.0,0.0,0.0,0.0,0.0,0.0,0.0,0.0,12.0,0.0,0.0,12.0,0.0,0.0,0.0,0.0,0.0,0.0,0.0,0.0,2.0,0.0,0.0,2.0,3.0,0.0,0.0,3.0,7.0,0.0,0.0,7.0,0.0,0.0,0.0,0.0,0.0,0.0,"Mar 17, 2016"
3431,3402021.0,22621.0,Najaf,Kufa,Hay Al Mualmin-Mahalla 208,حي المعلمين-محلة 208,32.0308790506,44.3948261404,2.0,12.0,0.0,0.0,0.0,0.0,0.0,0.0,0.0,0.0,0.0,0.0,0.0,0.0,2.0,0.0,0.0,0.0,0.0,0.0,0.0,0.0,0.0,0.0,0.0,0.0,0.0,0.0,2.0,0.0,0.0,2.0,0.0,0.0,0.0,0.0,0.0,0.0,0.0,0.0,0.0,0.0,0.0,0.0,2.0,0.0,0.0,2.0,0.0,0.0,0.0,0.0,0.0,0.0,0.0,0.0,0.0,0.0,"Mar 17, 2016"
3432,3402022.0,20041.0,Najaf,Kufa,Hay alfurat,حي الفرات,32.0300537725,44.4072867674,16.0,96.0,0.0,0.0,0.0,0.0,0.0,0.0,0.0,0.0,0.0,0.0,0.0,0.0,16.0,0.0,0.0,0.0,0.0,0.0,0.0,0.0,0.0,0.0,0.0,0.0,0.0,0.0,16.0,0.0,0.0,16.0,0.0,0.0,0.0,0.0,0.0,0.0,0.0,0.0,0.0,0.0,0.0,0.0,16.0,0.0,0.0,16.0,0.0,0.0,0.0,0.0,0.0,0.0,0.0,0.0,0.0,0.0,"Mar 17, 2016"
3433,3402024.0,25434.0,Najaf,Kufa,Hay Askary-Mutanabi,حي عسكري-متنبي,32.0344028666,44.3818564664,11.0,66.0,3.0,0.0,0.0,0.0,0.0,0.0,0.0,0.0,0.0,0.0,0.0,0.0,8.0,0.0,0.0,0.0,0.0,0.0,0.0,0.0,0.0,0.0,0.0,0.0,0.0,0.0,11.0,0.0,0.0,11.0,0.0,0.0,0.0,0.0,0.0,0.0,0.0,0.0,3.0,0.0,0.0,3.0,6.0,0.0,2.0,6.0,0.0,2.0,0.0,0.0,0.0,0.0,0.0,0.0,0.0,0.0,"Mar 17, 2016"
3434,3402025.0,20054.0,Najaf,Kufa,Hay Kinda 1,حي كندة 1,32.0292054188,44.3951552383,4.0,24.0,2.0,0.0,0.0,0.0,0.0,0.0,0.0,0.0,0.0,0.0,0.0,0.0,2.0,0.0,0.0,0.0,0.0,0.0,0.0,2.0,0.0,0.0,0.0,0.0,0.0,0.0,2.0,0.0,0.0,2.0,0.0,0.0,0.0,0.0,0.0,0.0,0.0,0.0,0.0,0.0,2.0,0.0,0.0,2.0,2.0,0.0,0.0,2.0,0.0,0.0,0.0,0.0,0.0,0.0,0.0,0.0,"Mar 17, 2016"
3435,3402026.0,22913.0,Najaf,Kufa,Hay Kinda 1(Ibrahim ghamar shrine),حي كندة 1-في مرقد سيد ابراهيم الغمر,32.024472116,44.3855261788,3.0,18.0,0.0,0.0,0.0,0.0,0.0,0.0,0.0,0.0,0.0,0.0,0.0,0.0,3.0,0.0,0.0,0.0,0.0,0.0,0.0,0.0,0.0,0.0,0.0,0.0,0.0,3.0,0.0,3.0,0.0,0.0,0.0,0.0,0.0,0.0,0.0,0.0,0.0,0.0,0.0,0.0,3.0,0.0,0.0,3.0,0.0,0.0,0.0,0.0,0.0,0.0,0.0,0.0,0.0,0.0,0.0,0.0,"Mar 17, 2016"
3436,3402028.0,20122.0,Najaf,Kufa,Hay missan 230,حي ميسان 230,32.0644241308,44.3622919572,47.0,282.0,0.0,0.0,0.0,0.0,0.0,0.0,0.0,0.0,0.0,0.0,0.0,0.0,47.0,0.0,0.0,0.0,0.0,0.0,0.0,0.0,0.0,0.0,0.0,0.0,0.0,0.0,47.0,0.0,0.0,47.0,0.0,0.0,0.0,0.0,0.0,0.0,0.0,0.0,0.0,0.0,0.0,0.0,47.0,0.0,0.0,47.0,0.0,0.0,0.0,0.0,0.0,0.0,0.0,0.0,0.0,0.0,"Mar 17, 2016"
3437,3402029.0,20130.0,Najaf,Kufa,Hay missan 232,حي ميسان 232,32.049574136,44.3653653884,9.0,54.0,0.0,0.0,0.0,0.0,0.0,0.0,0.0,0.0,1.0,0.0,0.0,0.0,8.0,0.0,0.0,0.0,0.0,0.0,0.0,0.0,0.0,0.0,0.0,0.0,0.0,0.0,9.0,0.0,0.0,9.0,0.0,0.0,0.0,0.0,0.0,0.0,0.0,0.0,1.0,0.0,0.0,1.0,8.0,0.0,0.0,8.0,0.0,0.0,0.0,0.0,0.0,0.0,0.0,0.0,0.0,0.0,"Mar 17, 2016"
3438,3402030.0,20132.0,Najaf,Kufa,Hay missan 234,حي ميسان 234,32.0583422747,44.3551152434,40.0,240.0,8.0,0.0,0.0,0.0,0.0,0.0,0.0,0.0,0.0,0.0,0.0,0.0,32.0,0.0,0.0,0.0,0.0,0.0,0.0,0.0,0.0,0.0,0.0,0.0,0.0,1.0,39.0,1.0,0.0,39.0,0.0,0.0,0.0,0.0,0.0,0.0,0.0,0.0,0.0,0.0,1.0,0.0,31.0,1.0,8.0,31.0,0.0,8.0,0.0,0.0,0.0,0.0,0.0,0.0,0.0,0.0,"Mar 17, 2016"
3439,3402031.0,20161.0,Najaf,Kufa,Hay missan 236,حي ميسان 236,32.0617313722,44.3608085375,59.0,354.0,10.0,0.0,0.0,0.0,0.0,0.0,0.0,0.0,0.0,0.0,0.0,0.0,49.0,0.0,0.0,0.0,0.0,0.0,0.0,0.0,0.0,0.0,0.0,0.0,0.0,0.0,59.0,0.0,0.0,59.0,0.0,0.0,0.0,0.0,0.0,0.0,0.0,0.0,10.0,0.0,49.0,10.0,0.0,49.0,0.0,0.0,0.0,0.0,0.0,0.0,0.0,0.0,0.0,0.0,0.0,0.0,"Mar 17, 2016"
3440,3402032.0,20148.0,Najaf,Kufa,Hay missan block 238,حي ميسان 238,32.046302057,44.3659652474,19.0,114.0,3.0,0.0,0.0,0.0,0.0,0.0,0.0,0.0,0.0,0.0,0.0,0.0,16.0,0.0,0.0,0.0,0.0,0.0,0.0,0.0,0.0,0.0,0.0,0.0,0.0,0.0,19.0,0.0,0.0,19.0,0.0,0.0,0.0,0.0,0.0,0.0,0.0,0.0,0.0,0.0,0.0,0.0,3.0,0.0,16.0,3.0,0.0,16.0,0.0,0.0,0.0,0.0,0.0,0.0,0.0,0.0,"Mar 17, 2016"
3441,3402033.0,20158.0,Najaf,Kufa,Hay missan block 242,حي ميسان 242,32.0633934715,44.3528329214,39.0,234.0,13.0,0.0,0.0,0.0,0.0,0.0,0.0,0.0,0.0,0.0,0.0,0.0,26.0,0.0,0.0,0.0,0.0,0.0,0.0,13.0,0.0,0.0,0.0,0.0,0.0,0.0,26.0,0.0,0.0,26.0,0.0,0.0,0.0,0.0,0.0,0.0,0.0,0.0,0.0,0.0,13.0,0.0,5.0,13.0,21.0,5.0,0.0,21.0,0.0,0.0,0.0,0.0,0.0,0.0,0.0,0.0,"Mar 17, 2016"
3442,3402035.0,20347.0,Najaf,Kufa,Maytham Al Tamar,حي ميثم التمار,32.0193019381,44.3981725202,37.0,222.0,5.0,0.0,0.0,0.0,0.0,0.0,0.0,0.0,0.0,0.0,0.0,0.0,32.0,0.0,0.0,0.0,0.0,0.0,0.0,0.0,0.0,0.0,0.0,0.0,0.0,0.0,37.0,0.0,0.0,37.0,0.0,0.0,0.0,0.0,0.0,0.0,0.0,0.0,2.0,0.0,0.0,2.0,35.0,0.0,0.0,35.0,0.0,0.0,0.0,0.0,0.0,0.0,0.0,0.0,0.0,0.0,"Mar 17, 2016"
3443,3402037.0,25890.0,Najaf,Kufa,Sader 3,الصدر الثالث,32.0124100328,44.4032305122,6.0,36.0,6.0,0.0,0.0,0.0,0.0,0.0,0.0,0.0,0.0,0.0,0.0,0.0,0.0,0.0,0.0,0.0,0.0,0.0,0.0,0.0,0.0,0.0,0.0,0.0,0.0,0.0,6.0,0.0,0.0,6.0,0.0,0.0,0.0,0.0,0.0,0.0,0.0,0.0,0.0,0.0,0.0,0.0,0.0,0.0,0.0,0.0,6.0,0.0,0.0,6.0,0.0,0.0,0.0,0.0,0.0,0.0,"Mar 17, 2016"
3444,3402040.0,28477.0,Najaf,Kufa,Al-Jamhuriya,الجمهورية,32.0332552827,44.3958767058,11.0,66.0,0.0,0.0,0.0,0.0,0.0,0.0,0.0,0.0,0.0,0.0,0.0,0.0,11.0,0.0,0.0,0.0,0.0,0.0,0.0,0.0,0.0,0.0,0.0,0.0,0.0,0.0,11.0,0.0,0.0,11.0,0.0,0.0,0.0,0.0,0.0,0.0,0.0,0.0,0.0,0.0,0.0,0.0,0.0,0.0,11.0,0.0,0.0,11.0,0.0,0.0,0.0,0.0,0.0,0.0,0.0,0.0,"Mar 17, 2016"
3445,3403001.0,20892.0,Najaf,Najaf,Abu Khalid,حي ابو خالد,31.9976587365,44.3415954202,5.0,30.0,0.0,0.0,0.0,0.0,0.0,0.0,0.0,0.0,5.0,0.0,0.0,0.0,0.0,0.0,0.0,0.0,0.0,0.0,0.0,0.0,0.0,0.0,0.0,0.0,0.0,0.0,5.0,0.0,0.0,5.0,0.0,0.0,0.0,0.0,0.0,0.0,0.0,0.0,0.0,0.0,5.0,0.0,0.0,5.0,0.0,0.0,0.0,0.0,0.0,0.0,0.0,0.0,0.0,0.0,0.0,0.0,"Mar 17, 2016"
3446,3403003.0,20260.0,Najaf,Najaf,Al bory,قرية البوري,32.2796098883,44.2892457254,365.0,2190.0,13.0,0.0,0.0,0.0,0.0,0.0,0.0,0.0,0.0,0.0,0.0,0.0,352.0,0.0,0.0,0.0,0.0,0.0,0.0,13.0,0.0,0.0,0.0,0.0,0.0,352.0,0.0,352.0,0.0,0.0,0.0,0.0,0.0,0.0,0.0,0.0,0.0,0.0,13.0,0.0,0.0,13.0,352.0,0.0,0.0,352.0,0.0,0.0,0.0,0.0,0.0,0.0,0.0,0.0,0.0,0.0,"Mar 17, 2016"
3447,3403006.0,24433.0,Najaf,Najaf,Al Imam Al Mahdi,الامام المهدي,31.9872877109,44.3434341874,5.0,30.0,0.0,0.0,5.0,0.0,0.0,0.0,0.0,0.0,0.0,0.0,0.0,0.0,0.0,0.0,0.0,0.0,0.0,0.0,0.0,0.0,0.0,0.0,0.0,0.0,0.0,0.0,5.0,0.0,0.0,5.0,0.0,0.0,0.0,0.0,0.0,0.0,0.0,0.0,0.0,0.0,5.0,0.0,0.0,5.0,0.0,0.0,0.0,0.0,0.0,0.0,0.0,0.0,0.0,0.0,0.0,0.0,"Mar 17, 2016"
3448,3403007.0,22114.0,Najaf,Najaf,Al Jamiaa 1,الجامعة 1,32.0267041626,44.352212248,26.0,156.0,6.0,0.0,0.0,0.0,0.0,0.0,0.0,0.0,0.0,0.0,0.0,0.0,20.0,0.0,0.0,0.0,0.0,0.0,0.0,0.0,0.0,0.0,0.0,0.0,0.0,0.0,26.0,0.0,0.0,26.0,0.0,0.0,0.0,0.0,0.0,0.0,0.0,0.0,6.0,0.0,0.0,6.0,20.0,0.0,0.0,20.0,0.0,0.0,0.0,0.0,0.0,0.0,0.0,0.0,0.0,0.0,"Mar 17, 2016"
3449,3403008.0,22565.0,Najaf,Najaf,Al Jamiaa 3,الجامعة 3,32.0378245022,44.357380437,45.0,270.0,18.0,0.0,0.0,0.0,0.0,0.0,0.0,0.0,0.0,0.0,0.0,0.0,27.0,0.0,0.0,0.0,0.0,0.0,0.0,0.0,0.0,0.0,0.0,0.0,0.0,0.0,45.0,0.0,0.0,45.0,0.0,0.0,0.0,0.0,0.0,0.0,0.0,0.0,0.0,0.0,27.0,0.0,0.0,27.0,18.0,0.0,0.0,18.0,0.0,0.0,0.0,0.0,0.0,0.0,0.0,0.0,"Mar 17, 2016"
3450,3403009.0,20285.0,Najaf,Najaf,Al Jamiaa 2,الجامعة 2,32.0394625888,44.3499515756,36.0,216.0,6.0,0.0,0.0,0.0,0.0,0.0,0.0,0.0,0.0,0.0,0.0,0.0,30.0,0.0,0.0,0.0,0.0,0.0,0.0,0.0,0.0,0.0,0.0,0.0,0.0,0.0,36.0,0.0,0.0,36.0,0.0,0.0,0.0,0.0,0.0,0.0,0.0,0.0,6.0,0.0,30.0,6.0,0.0,30.0,0.0,0.0,0.0,0.0,0.0,0.0,0.0,0.0,0.0,0.0,0.0,0.0,"Mar 17, 2016"
3451,3403010.0,22620.0,Najaf,Najaf,Al Jazair 5,الجزائر 5,32.0514905094,44.3434127783,38.0,228.0,5.0,0.0,0.0,0.0,0.0,0.0,0.0,0.0,0.0,0.0,0.0,0.0,26.0,0.0,7.0,0.0,0.0,0.0,0.0,8.0,0.0,0.0,0.0,0.0,0.0,0.0,24.0,0.0,0.0,24.0,0.0,0.0,0.0,0.0,6.0,0.0,0.0,6.0,5.0,0.0,6.0,5.0,16.0,6.0,11.0,16.0,0.0,11.0,0.0,0.0,0.0,0.0,0.0,0.0,0.0,0.0,"Mar 17, 2016"
3452,3403011.0,21936.0,Najaf,Najaf,Al Jazair 3,الجزائر 3,32.0473973344,44.3438943167,9.0,54.0,0.0,0.0,0.0,0.0,0.0,0.0,0.0,0.0,0.0,0.0,0.0,0.0,9.0,0.0,0.0,0.0,0.0,0.0,0.0,0.0,0.0,0.0,0.0,0.0,0.0,0.0,9.0,0.0,0.0,9.0,0.0,0.0,0.0,0.0,0.0,0.0,0.0,0.0,0.0,0.0,0.0,0.0,9.0,0.0,0.0,9.0,0.0,0.0,0.0,0.0,0.0,0.0,0.0,0.0,0.0,0.0,"Mar 17, 2016"
3453,3403012.0,20338.0,Najaf,Najaf,AL JEDAIDA,الجديدة 4,31.990201697,44.3178220468,190.0,1140.0,10.0,0.0,0.0,0.0,0.0,0.0,0.0,0.0,0.0,0.0,0.0,0.0,180.0,0.0,0.0,0.0,0.0,0.0,0.0,0.0,0.0,0.0,0.0,0.0,0.0,8.0,182.0,8.0,0.0,182.0,0.0,0.0,0.0,0.0,0.0,0.0,0.0,0.0,0.0,0.0,180.0,0.0,0.0,180.0,2.0,0.0,8.0,2.0,0.0,8.0,0.0,0.0,0.0,0.0,0.0,0.0,"Mar 17, 2016"
3454,3403013.0,24241.0,Najaf,Najaf,Al Mazaria-Al Haidariyah,الحيدرية-المزارع,32.3022627456,44.2753837658,259.0,1554.0,0.0,0.0,0.0,0.0,0.0,0.0,0.0,0.0,0.0,0.0,0.0,0.0,259.0,0.0,0.0,0.0,0.0,0.0,0.0,0.0,0.0,0.0,0.0,0.0,0.0,249.0,10.0,249.0,0.0,10.0,0.0,0.0,0.0,0.0,0.0,0.0,0.0,0.0,0.0,0.0,249.0,0.0,0.0,249.0,10.0,0.0,0.0,10.0,0.0,0.0,0.0,0.0,0.0,0.0,0.0,0.0,"Mar 17, 2016"
3455,3403014.0,24376.0,Najaf,Najaf,Al Noor,النور,31.980476089,44.3260465678,5.0,30.0,0.0,0.0,0.0,0.0,0.0,0.0,0.0,0.0,0.0,0.0,0.0,0.0,5.0,0.0,0.0,0.0,0.0,0.0,0.0,0.0,0.0,0.0,0.0,0.0,0.0,0.0,5.0,0.0,0.0,5.0,0.0,0.0,0.0,0.0,0.0,0.0,0.0,0.0,0.0,0.0,5.0,0.0,0.0,5.0,0.0,0.0,0.0,0.0,0.0,0.0,0.0,0.0,0.0,0.0,0.0,0.0,"Mar 17, 2016"
3456,3403015.0,23747.0,Najaf,Najaf,Al-Qasim 2,حي القاسم 2,32.0487064765,44.3125292035,61.0,366.0,12.0,0.0,0.0,0.0,0.0,0.0,0.0,0.0,3.0,0.0,0.0,0.0,46.0,0.0,0.0,0.0,0.0,0.0,0.0,0.0,0.0,0.0,0.0,0.0,0.0,0.0,61.0,0.0,0.0,61.0,0.0,0.0,0.0,0.0,0.0,0.0,0.0,0.0,46.0,0.0,0.0,46.0,0.0,0.0,3.0,0.0,12.0,3.0,0.0,12.0,0.0,0.0,0.0,0.0,0.0,0.0,"Mar 17, 2016"
3457,3403016.0,24373.0,Najaf,Najaf,Al Quds 22,القدس 22,31.9791939795,44.3533989022,66.0,396.0,0.0,0.0,0.0,0.0,0.0,0.0,0.0,0.0,0.0,0.0,0.0,0.0,66.0,0.0,0.0,0.0,0.0,0.0,0.0,0.0,0.0,0.0,0.0,0.0,0.0,10.0,56.0,10.0,0.0,56.0,0.0,0.0,0.0,0.0,0.0,0.0,0.0,0.0,0.0,0.0,66.0,0.0,0.0,66.0,0.0,0.0,0.0,0.0,0.0,0.0,0.0,0.0,0.0,0.0,0.0,0.0,"Mar 17, 2016"
3458,3403017.0,21577.0,Najaf,Najaf,Al Radhawiyah 2,الرضوية 2,31.9664470318,44.3837887774,15.0,90.0,0.0,0.0,0.0,0.0,0.0,0.0,0.0,0.0,0.0,0.0,0.0,0.0,15.0,0.0,0.0,0.0,0.0,0.0,0.0,0.0,0.0,0.0,0.0,0.0,0.0,15.0,0.0,15.0,0.0,0.0,0.0,0.0,0.0,0.0,0.0,0.0,0.0,0.0,0.0,0.0,0.0,0.0,15.0,0.0,0.0,15.0,0.0,0.0,0.0,0.0,0.0,0.0,0.0,0.0,0.0,0.0,"Mar 17, 2016"
3459,3403018.0,21575.0,Najaf,Najaf,Al Radhawiyah 3,الرضوية 3,31.9633210107,44.3884170439,44.0,264.0,0.0,0.0,0.0,0.0,0.0,0.0,0.0,0.0,0.0,0.0,0.0,0.0,44.0,0.0,0.0,0.0,0.0,0.0,0.0,44.0,0.0,0.0,0.0,0.0,0.0,0.0,0.0,0.0,0.0,0.0,0.0,0.0,0.0,0.0,0.0,0.0,0.0,0.0,0.0,0.0,44.0,0.0,0.0,44.0,0.0,0.0,0.0,0.0,0.0,0.0,0.0,0.0,0.0,0.0,0.0,0.0,"Mar 17, 2016"
3460,3403019.0,25649.0,Najaf,Najaf,Al Radhawiyah 4,الرضوية 4,31.9627459469,44.3894925676,3.0,18.0,0.0,0.0,0.0,0.0,0.0,0.0,0.0,0.0,0.0,0.0,0.0,0.0,3.0,0.0,0.0,0.0,0.0,0.0,0.0,0.0,0.0,0.0,0.0,0.0,0.0,0.0,3.0,0.0,0.0,3.0,0.0,0.0,0.0,0.0,0.0,0.0,0.0,0.0,0.0,0.0,3.0,0.0,0.0,3.0,0.0,0.0,0.0,0.0,0.0,0.0,0.0,0.0,0.0,0.0,0.0,0.0,"Mar 17, 2016"
3461,3403020.0,25638.0,Najaf,Najaf,Al Radhawiyah 5,الرضوية 5,31.9569320037,44.4001768937,6.0,36.0,0.0,0.0,0.0,0.0,0.0,0.0,0.0,0.0,0.0,0.0,0.0,0.0,6.0,0.0,0.0,0.0,0.0,0.0,0.0,0.0,0.0,0.0,0.0,0.0,0.0,0.0,6.0,0.0,0.0,6.0,0.0,0.0,0.0,0.0,0.0,0.0,0.0,0.0,0.0,0.0,0.0,0.0,0.0,0.0,6.0,0.0,0.0,6.0,0.0,0.0,0.0,0.0,0.0,0.0,0.0,0.0,"Mar 17, 2016"
3462,3403021.0,25639.0,Najaf,Najaf,Al Radhawiyah 6,الرضوية 6,31.9539993901,44.4091724209,12.0,72.0,0.0,0.0,0.0,0.0,0.0,0.0,0.0,0.0,0.0,0.0,0.0,0.0,10.0,0.0,2.0,0.0,0.0,0.0,0.0,0.0,0.0,0.0,0.0,0.0,0.0,12.0,0.0,12.0,0.0,0.0,0.0,0.0,0.0,0.0,0.0,0.0,0.0,0.0,0.0,0.0,0.0,0.0,0.0,0.0,12.0,0.0,0.0,12.0,0.0,0.0,0.0,0.0,0.0,0.0,0.0,0.0,"Mar 17, 2016"
3463,3403022.0,25640.0,Najaf,Najaf,Al Radhawiyah 7,الرضوية 7,31.9519130676,44.4136935852,180.0,1080.0,0.0,0.0,0.0,0.0,0.0,0.0,0.0,0.0,0.0,0.0,0.0,0.0,180.0,0.0,0.0,0.0,0.0,0.0,0.0,0.0,0.0,0.0,0.0,0.0,0.0,25.0,155.0,25.0,0.0,155.0,0.0,0.0,0.0,0.0,0.0,0.0,0.0,0.0,0.0,0.0,0.0,0.0,180.0,0.0,0.0,180.0,0.0,0.0,0.0,0.0,0.0,0.0,0.0,0.0,0.0,0.0,"Mar 17, 2016"
3464,3403023.0,25641.0,Najaf,Najaf,Al Radhawiyah 8,الرضوية 8,31.951530176,44.4150329377,21.0,126.0,0.0,0.0,0.0,0.0,0.0,0.0,0.0,0.0,0.0,0.0,0.0,0.0,21.0,0.0,0.0,0.0,0.0,0.0,0.0,0.0,0.0,0.0,0.0,0.0,0.0,0.0,21.0,0.0,0.0,21.0,0.0,0.0,0.0,0.0,0.0,0.0,0.0,0.0,0.0,0.0,0.0,0.0,0.0,0.0,21.0,0.0,0.0,21.0,0.0,0.0,0.0,0.0,0.0,0.0,0.0,0.0,"Mar 17, 2016"
3465,3403024.0,23705.0,Najaf,Najaf,Al Rehab,الرحاب,32.0936977521,44.3324568209,19.0,114.0,7.0,0.0,0.0,0.0,0.0,0.0,0.0,0.0,0.0,0.0,0.0,0.0,12.0,0.0,0.0,0.0,0.0,0.0,0.0,0.0,0.0,7.0,0.0,0.0,7.0,8.0,4.0,8.0,0.0,4.0,0.0,0.0,0.0,0.0,0.0,0.0,0.0,0.0,9.0,0.0,10.0,9.0,0.0,10.0,0.0,0.0,0.0,0.0,0.0,0.0,0.0,0.0,0.0,0.0,0.0,0.0,"Mar 17, 2016"
3466,3403025.0,19643.0,Najaf,Najaf,Al Salam,حي السلام,32.0336596684,44.3386552908,66.0,396.0,0.0,0.0,0.0,0.0,0.0,0.0,0.0,0.0,0.0,0.0,0.0,0.0,66.0,0.0,0.0,0.0,0.0,0.0,0.0,0.0,0.0,0.0,0.0,0.0,0.0,0.0,66.0,0.0,0.0,66.0,0.0,0.0,0.0,0.0,0.0,0.0,0.0,0.0,0.0,0.0,66.0,0.0,0.0,66.0,0.0,0.0,0.0,0.0,0.0,0.0,0.0,0.0,0.0,0.0,0.0,0.0,"Mar 17, 2016"
3467,3403026.0,24429.0,Najaf,Najaf,Al-Shaheed Al-Sadar 5,حي الشهيد الصدر 5,32.0529840135,44.3261125512,75.0,450.0,6.0,0.0,0.0,0.0,0.0,0.0,0.0,0.0,0.0,0.0,0.0,0.0,69.0,0.0,0.0,0.0,0.0,0.0,0.0,0.0,0.0,0.0,0.0,0.0,0.0,0.0,74.0,0.0,0.0,74.0,0.0,0.0,0.0,0.0,1.0,0.0,0.0,1.0,0.0,0.0,0.0,0.0,69.0,0.0,6.0,69.0,0.0,6.0,0.0,0.0,0.0,0.0,0.0,0.0,0.0,0.0,"Mar 17, 2016"
3468,3403027.0,26015.0,Najaf,Najaf,Al-Ameriya,العامرية,31.9869246018,44.3148376754,68.0,408.0,0.0,0.0,0.0,0.0,0.0,0.0,0.0,0.0,0.0,0.0,0.0,0.0,68.0,0.0,0.0,0.0,0.0,0.0,0.0,4.0,0.0,0.0,0.0,0.0,0.0,0.0,64.0,0.0,0.0,64.0,0.0,0.0,0.0,0.0,0.0,0.0,0.0,0.0,0.0,0.0,6.0,0.0,62.0,6.0,0.0,62.0,0.0,0.0,0.0,0.0,0.0,0.0,0.0,0.0,0.0,0.0,"Mar 17, 2016"
3469,3403028.0,25943.0,Najaf,Najaf,Al-Fao,الفاو,32.051397061,44.3081552947,30.0,180.0,30.0,0.0,0.0,0.0,0.0,0.0,0.0,0.0,0.0,0.0,0.0,0.0,0.0,0.0,0.0,0.0,0.0,0.0,0.0,0.0,0.0,0.0,0.0,0.0,0.0,0.0,30.0,0.0,0.0,30.0,0.0,0.0,0.0,0.0,0.0,0.0,0.0,0.0,0.0,0.0,0.0,0.0,0.0,0.0,0.0,0.0,30.0,0.0,0.0,30.0,0.0,0.0,0.0,0.0,0.0,0.0,"Mar 17, 2016"
3470,3403029.0,26016.0,Najaf,Najaf,Al-Ghazalat Village,قرية الغزالات,31.9405615647,44.432021559,2.0,12.0,2.0,0.0,0.0,0.0,0.0,0.0,0.0,0.0,0.0,0.0,0.0,0.0,0.0,0.0,0.0,0.0,0.0,0.0,0.0,0.0,0.0,0.0,0.0,0.0,0.0,0.0,2.0,0.0,0.0,2.0,0.0,0.0,0.0,0.0,0.0,0.0,0.0,0.0,0.0,0.0,0.0,0.0,0.0,0.0,0.0,0.0,2.0,0.0,0.0,2.0,0.0,0.0,0.0,0.0,0.0,0.0,"Mar 17, 2016"
3471,3403030.0,19976.0,Najaf,Najaf,Aljadidah althalthah,الجديدة الثالثة,31.9898749688,44.3325416296,38.0,228.0,0.0,0.0,0.0,0.0,0.0,0.0,0.0,0.0,0.0,0.0,0.0,0.0,38.0,0.0,0.0,0.0,0.0,0.0,0.0,0.0,0.0,0.0,0.0,0.0,0.0,38.0,0.0,38.0,0.0,0.0,0.0,0.0,0.0,0.0,0.0,0.0,0.0,0.0,0.0,0.0,38.0,0.0,0.0,38.0,0.0,0.0,0.0,0.0,0.0,0.0,0.0,0.0,0.0,0.0,0.0,0.0,"Mar 17, 2016"
3472,3403031.0,19968.0,Najaf,Najaf,Aljadidah althanyah,الجديدة الثانية,31.9922369736,44.3232730594,39.0,234.0,0.0,0.0,0.0,0.0,0.0,0.0,0.0,0.0,0.0,0.0,0.0,0.0,39.0,0.0,0.0,0.0,0.0,0.0,0.0,0.0,0.0,0.0,0.0,0.0,0.0,0.0,39.0,0.0,0.0,39.0,0.0,0.0,0.0,0.0,0.0,0.0,0.0,0.0,0.0,0.0,39.0,0.0,0.0,39.0,0.0,0.0,0.0,0.0,0.0,0.0,0.0,0.0,0.0,0.0,0.0,0.0,"Mar 17, 2016"
3473,3403032.0,19965.0,Najaf,Najaf,Aljadidah alulah,الجديدة الاولى,31.9949114615,44.3306133625,69.0,414.0,0.0,0.0,0.0,0.0,0.0,0.0,0.0,0.0,0.0,0.0,0.0,0.0,69.0,0.0,0.0,0.0,0.0,0.0,0.0,0.0,0.0,0.0,0.0,0.0,0.0,4.0,65.0,4.0,0.0,65.0,0.0,0.0,0.0,0.0,0.0,0.0,0.0,0.0,0.0,0.0,69.0,0.0,0.0,69.0,0.0,0.0,0.0,0.0,0.0,0.0,0.0,0.0,0.0,0.0,0.0,0.0,"Mar 17, 2016"
3474,3403034.0,25977.0,Najaf,Najaf,Al-Nidaa,النداء,32.0614168536,44.3034905578,6.0,36.0,1.0,0.0,0.0,0.0,0.0,0.0,0.0,0.0,0.0,0.0,0.0,0.0,5.0,0.0,0.0,0.0,0.0,0.0,0.0,0.0,0.0,0.0,0.0,0.0,0.0,0.0,6.0,0.0,0.0,6.0,0.0,0.0,0.0,0.0,0.0,0.0,0.0,0.0,0.0,0.0,5.0,0.0,0.0,5.0,0.0,0.0,1.0,0.0,0.0,1.0,0.0,0.0,0.0,0.0,0.0,0.0,"Mar 17, 2016"
3475,3403035.0,20304.0,Najaf,Najaf,AL-RADHAWIYA,الرضوية 1,31.9622938395,44.413639897,3.0,18.0,0.0,0.0,0.0,0.0,0.0,0.0,0.0,0.0,0.0,0.0,0.0,0.0,3.0,0.0,0.0,0.0,0.0,0.0,0.0,3.0,0.0,0.0,0.0,0.0,0.0,0.0,0.0,0.0,0.0,0.0,0.0,0.0,0.0,0.0,0.0,0.0,0.0,0.0,0.0,0.0,0.0,0.0,0.0,0.0,3.0,0.0,0.0,3.0,0.0,0.0,0.0,0.0,0.0,0.0,0.0,0.0,"Mar 17, 2016"
3476,3403036.0,20062.0,Najaf,Najaf,Hay aby taleb,حي ابو طالب,32.0261866154,44.311255301,94.0,564.0,4.0,0.0,0.0,0.0,0.0,0.0,0.0,0.0,0.0,0.0,0.0,0.0,90.0,0.0,0.0,0.0,0.0,0.0,0.0,0.0,0.0,0.0,0.0,0.0,0.0,46.0,48.0,46.0,0.0,48.0,0.0,0.0,0.0,0.0,0.0,0.0,0.0,0.0,0.0,0.0,90.0,0.0,0.0,90.0,0.0,0.0,4.0,0.0,0.0,4.0,0.0,0.0,0.0,0.0,0.0,0.0,"Mar 17, 2016"
3477,3403037.0,23132.0,Najaf,Najaf,Al-Adalah 1,العدالة 1,32.0192346047,44.3641358953,40.0,240.0,0.0,0.0,0.0,0.0,0.0,0.0,0.0,0.0,0.0,0.0,0.0,0.0,40.0,0.0,0.0,0.0,0.0,0.0,0.0,0.0,0.0,0.0,0.0,0.0,0.0,0.0,40.0,0.0,0.0,40.0,0.0,0.0,0.0,0.0,0.0,0.0,0.0,0.0,0.0,0.0,0.0,0.0,40.0,0.0,0.0,40.0,0.0,0.0,0.0,0.0,0.0,0.0,0.0,0.0,0.0,0.0,"Mar 17, 2016"
3478,3403038.0,25432.0,Najaf,Najaf,Hay Al Tahadi,حي التحدي,32.3120043875,44.2690350487,1200.0,7200.0,27.0,0.0,0.0,0.0,0.0,0.0,0.0,0.0,0.0,0.0,0.0,0.0,1173.0,0.0,0.0,0.0,0.0,0.0,0.0,0.0,0.0,0.0,0.0,0.0,0.0,1173.0,27.0,1173.0,0.0,27.0,0.0,0.0,0.0,0.0,0.0,0.0,0.0,0.0,0.0,0.0,1173.0,0.0,27.0,1173.0,0.0,27.0,0.0,0.0,0.0,0.0,0.0,0.0,0.0,0.0,0.0,0.0,"Mar 17, 2016"
3479,3403039.0,25431.0,Najaf,Najaf,Hay Al Ameer,حي الامير,32.3160216607,44.2690096232,1060.0,6360.0,20.0,0.0,0.0,0.0,0.0,0.0,0.0,0.0,0.0,0.0,0.0,0.0,1040.0,0.0,0.0,0.0,0.0,0.0,0.0,0.0,0.0,0.0,0.0,0.0,0.0,1040.0,20.0,1040.0,0.0,20.0,0.0,0.0,0.0,0.0,0.0,0.0,0.0,0.0,20.0,0.0,1040.0,20.0,0.0,1040.0,0.0,0.0,0.0,0.0,0.0,0.0,0.0,0.0,0.0,0.0,0.0,0.0,"Mar 17, 2016"
3480,3403040.0,20291.0,Najaf,Najaf,Hay Al Hussain,حي الحسين,32.0071146308,44.3293288204,8.0,48.0,0.0,0.0,0.0,0.0,0.0,0.0,0.0,0.0,0.0,0.0,0.0,0.0,8.0,0.0,0.0,0.0,0.0,0.0,0.0,0.0,0.0,0.0,0.0,0.0,0.0,0.0,8.0,0.0,0.0,8.0,0.0,0.0,0.0,0.0,0.0,0.0,0.0,0.0,0.0,0.0,8.0,0.0,0.0,8.0,0.0,0.0,0.0,0.0,0.0,0.0,0.0,0.0,0.0,0.0,0.0,0.0,"Mar 17, 2016"
3481,3403041.0,19988.0,Najaf,Najaf,Hay Al imam Ali Al mualmien,حي الامام علي والمعلمين,31.9904078355,44.3423001248,12.0,72.0,0.0,0.0,0.0,0.0,0.0,0.0,0.0,0.0,0.0,0.0,0.0,0.0,12.0,0.0,0.0,0.0,0.0,0.0,0.0,0.0,0.0,0.0,0.0,0.0,0.0,0.0,12.0,0.0,0.0,12.0,0.0,0.0,0.0,0.0,0.0,0.0,0.0,0.0,0.0,0.0,12.0,0.0,0.0,12.0,0.0,0.0,0.0,0.0,0.0,0.0,0.0,0.0,0.0,0.0,0.0,0.0,"Mar 17, 2016"
3482,3403042.0,22912.0,Najaf,Najaf,Al Jamiaa 4,الجامعة 4,32.0336829873,44.3470852399,30.0,180.0,15.0,0.0,0.0,0.0,0.0,0.0,0.0,0.0,0.0,0.0,0.0,0.0,15.0,0.0,0.0,0.0,0.0,0.0,0.0,0.0,0.0,0.0,0.0,0.0,0.0,0.0,30.0,0.0,0.0,30.0,0.0,0.0,0.0,0.0,0.0,0.0,0.0,0.0,0.0,0.0,0.0,0.0,15.0,0.0,0.0,15.0,15.0,0.0,0.0,15.0,0.0,0.0,0.0,0.0,0.0,0.0,"Mar 17, 2016"
3483,3403043.0,22908.0,Najaf,Najaf,Al Jazair 2-A,الجزائر 2-A,32.0553884493,44.3364854949,10.0,60.0,0.0,0.0,0.0,0.0,0.0,0.0,0.0,0.0,0.0,0.0,0.0,0.0,10.0,0.0,0.0,0.0,0.0,0.0,0.0,0.0,0.0,0.0,0.0,0.0,0.0,0.0,10.0,0.0,0.0,10.0,0.0,0.0,0.0,0.0,0.0,0.0,0.0,0.0,0.0,0.0,0.0,0.0,10.0,0.0,0.0,10.0,0.0,0.0,0.0,0.0,0.0,0.0,0.0,0.0,0.0,0.0,"Mar 17, 2016"
3484,3403044.0,23118.0,Najaf,Najaf,Al Jazair 2-B,الجزائر 2-B,32.058611619,44.3452233358,30.0,180.0,20.0,0.0,0.0,0.0,0.0,0.0,0.0,0.0,0.0,0.0,0.0,0.0,10.0,0.0,0.0,0.0,0.0,0.0,0.0,0.0,0.0,0.0,0.0,0.0,0.0,0.0,30.0,0.0,0.0,30.0,0.0,0.0,0.0,0.0,0.0,0.0,0.0,0.0,20.0,0.0,0.0,20.0,10.0,0.0,0.0,10.0,0.0,0.0,0.0,0.0,0.0,0.0,0.0,0.0,0.0,0.0,"Mar 17, 2016"
3485,3403045.0,25642.0,Najaf,Najaf,Al Jazair 4,الجزائر 4,32.0458689169,44.3506222529,9.0,54.0,0.0,0.0,0.0,0.0,0.0,0.0,0.0,0.0,0.0,0.0,0.0,0.0,9.0,0.0,0.0,0.0,0.0,0.0,0.0,0.0,0.0,0.0,0.0,0.0,0.0,0.0,9.0,0.0,0.0,9.0,0.0,0.0,0.0,0.0,0.0,0.0,0.0,0.0,0.0,0.0,0.0,0.0,0.0,0.0,9.0,0.0,0.0,9.0,0.0,0.0,0.0,0.0,0.0,0.0,0.0,0.0,"Mar 17, 2016"
3486,3403046.0,22909.0,Najaf,Najaf,Al Jazair 1,الجزائر 1,32.0510974221,44.3398890939,27.0,162.0,10.0,0.0,0.0,0.0,0.0,0.0,0.0,0.0,0.0,0.0,0.0,0.0,17.0,0.0,0.0,0.0,0.0,0.0,0.0,0.0,0.0,0.0,0.0,0.0,0.0,0.0,27.0,0.0,0.0,27.0,0.0,0.0,0.0,0.0,0.0,0.0,0.0,0.0,10.0,0.0,0.0,10.0,17.0,0.0,0.0,17.0,0.0,0.0,0.0,0.0,0.0,0.0,0.0,0.0,0.0,0.0,"Mar 17, 2016"
3487,3403047.0,24377.0,Najaf,Najaf,Hay Al qadissiyah,حي القادسية,32.0010880079,44.3718808835,19.0,114.0,0.0,0.0,0.0,0.0,0.0,0.0,0.0,0.0,0.0,0.0,0.0,0.0,19.0,0.0,0.0,0.0,0.0,0.0,0.0,0.0,0.0,0.0,0.0,0.0,0.0,0.0,19.0,0.0,0.0,19.0,0.0,0.0,0.0,0.0,0.0,0.0,0.0,0.0,0.0,0.0,19.0,0.0,0.0,19.0,0.0,0.0,0.0,0.0,0.0,0.0,0.0,0.0,0.0,0.0,0.0,0.0,"Mar 17, 2016"
3488,3403048.0,20349.0,Najaf,Najaf,Hay Al Rahma,حي الرحمة,32.0177379884,44.3224693103,198.0,1188.0,60.0,0.0,4.0,0.0,0.0,0.0,0.0,0.0,0.0,0.0,0.0,0.0,123.0,0.0,11.0,0.0,0.0,0.0,0.0,0.0,0.0,0.0,0.0,0.0,0.0,0.0,198.0,0.0,0.0,198.0,0.0,0.0,0.0,0.0,0.0,0.0,0.0,0.0,118.0,0.0,20.0,118.0,60.0,20.0,0.0,60.0,0.0,0.0,0.0,0.0,0.0,0.0,0.0,0.0,0.0,0.0,"Mar 17, 2016"
3489,3403049.0,21574.0,Najaf,Najaf,Al-Shaheed Al-Sadar 1,حي الشهيد الصدر 1,32.0628537147,44.3238195151,44.0,264.0,3.0,0.0,0.0,0.0,0.0,0.0,0.0,0.0,0.0,0.0,0.0,0.0,41.0,0.0,0.0,0.0,0.0,0.0,0.0,0.0,0.0,0.0,0.0,0.0,0.0,9.0,35.0,9.0,0.0,35.0,0.0,0.0,0.0,0.0,0.0,0.0,0.0,0.0,3.0,0.0,41.0,3.0,0.0,41.0,0.0,0.0,0.0,0.0,0.0,0.0,0.0,0.0,0.0,0.0,0.0,0.0,"Mar 17, 2016"
3490,3403050.0,22937.0,Najaf,Najaf,Al-Urooba 1,العروبة 1,32.0429870281,44.3399124762,7.0,42.0,2.0,0.0,0.0,0.0,0.0,0.0,0.0,0.0,0.0,0.0,0.0,0.0,5.0,0.0,0.0,0.0,0.0,0.0,0.0,0.0,0.0,0.0,0.0,0.0,0.0,0.0,7.0,0.0,0.0,7.0,0.0,0.0,0.0,0.0,0.0,0.0,0.0,0.0,0.0,0.0,0.0,0.0,5.0,0.0,0.0,5.0,2.0,0.0,0.0,2.0,0.0,0.0,0.0,0.0,0.0,0.0,"Mar 17, 2016"
3491,3403051.0,22938.0,Najaf,Najaf,Al-Urooba 2,العروبة 2,32.0407575027,44.335618837,20.0,120.0,5.0,0.0,0.0,0.0,0.0,0.0,0.0,0.0,0.0,0.0,0.0,0.0,15.0,0.0,0.0,0.0,0.0,0.0,0.0,0.0,0.0,0.0,0.0,0.0,0.0,0.0,20.0,0.0,0.0,20.0,0.0,0.0,0.0,0.0,0.0,0.0,0.0,0.0,5.0,0.0,0.0,5.0,15.0,0.0,0.0,15.0,0.0,0.0,0.0,0.0,0.0,0.0,0.0,0.0,0.0,0.0,"Mar 17, 2016"
3492,3403052.0,22769.0,Najaf,Najaf,Hay Al Yarmook 326,حي اليرموك 326,32.0874432948,44.3457165829,18.0,108.0,3.0,0.0,0.0,0.0,0.0,0.0,0.0,0.0,0.0,0.0,0.0,0.0,15.0,0.0,0.0,0.0,0.0,0.0,0.0,0.0,0.0,0.0,0.0,0.0,0.0,0.0,18.0,0.0,0.0,18.0,0.0,0.0,0.0,0.0,0.0,0.0,0.0,0.0,3.0,0.0,15.0,3.0,0.0,15.0,0.0,0.0,0.0,0.0,0.0,0.0,0.0,0.0,0.0,0.0,0.0,0.0,"Mar 17, 2016"
3493,3403053.0,22911.0,Najaf,Najaf,Hay Al Yarmuk-332,حي اليرموك 332,32.0604755214,44.3355438057,6.0,36.0,2.0,0.0,0.0,0.0,0.0,0.0,0.0,0.0,0.0,0.0,0.0,0.0,4.0,0.0,0.0,0.0,0.0,0.0,0.0,0.0,0.0,0.0,0.0,0.0,0.0,0.0,6.0,0.0,0.0,6.0,0.0,0.0,0.0,0.0,0.0,0.0,0.0,0.0,2.0,0.0,0.0,2.0,4.0,0.0,0.0,4.0,0.0,0.0,0.0,0.0,0.0,0.0,0.0,0.0,0.0,0.0,"Mar 17, 2016"
3494,3403054.0,20301.0,Najaf,Najaf,Hay Al-Zahra,حي الزهراء,31.9979545642,44.3540700131,8.0,48.0,0.0,0.0,0.0,0.0,0.0,0.0,0.0,0.0,0.0,0.0,0.0,0.0,8.0,0.0,0.0,0.0,0.0,0.0,0.0,0.0,0.0,0.0,0.0,0.0,0.0,0.0,8.0,0.0,0.0,8.0,0.0,0.0,0.0,0.0,0.0,0.0,0.0,0.0,0.0,0.0,0.0,0.0,0.0,0.0,8.0,0.0,0.0,8.0,0.0,0.0,0.0,0.0,0.0,0.0,0.0,0.0,"Mar 17, 2016"
3495,3403055.0,24240.0,Najaf,Najaf,Hay Al zahraa-Al Haidariyah,حي الزهراء-الحيدرية,32.3155588689,44.2742811368,1150.0,6900.0,0.0,0.0,0.0,0.0,0.0,0.0,0.0,0.0,0.0,0.0,0.0,0.0,1150.0,0.0,0.0,0.0,0.0,0.0,0.0,0.0,0.0,0.0,0.0,0.0,0.0,1000.0,150.0,1000.0,0.0,150.0,0.0,0.0,0.0,0.0,0.0,0.0,0.0,0.0,0.0,0.0,1150.0,0.0,0.0,1150.0,0.0,0.0,0.0,0.0,0.0,0.0,0.0,0.0,0.0,0.0,0.0,0.0,"Mar 17, 2016"
3496,3403056.0,19971.0,Najaf,Najaf,Al-Ansar,الانصار,31.9863089998,44.3529316043,50.0,300.0,9.0,0.0,0.0,0.0,0.0,0.0,0.0,0.0,0.0,0.0,0.0,0.0,41.0,0.0,0.0,0.0,0.0,0.0,0.0,0.0,0.0,0.0,0.0,0.0,0.0,5.0,45.0,5.0,0.0,45.0,0.0,0.0,0.0,0.0,0.0,0.0,0.0,0.0,9.0,0.0,41.0,9.0,0.0,41.0,0.0,0.0,0.0,0.0,0.0,0.0,0.0,0.0,0.0,0.0,0.0,0.0,"Mar 17, 2016"
3497,3403057.0,20045.0,Najaf,Najaf,Hay alghary 1,حي الغري 1,32.0274185324,44.3347924358,20.0,120.0,2.0,0.0,0.0,0.0,0.0,0.0,0.0,0.0,0.0,0.0,0.0,0.0,18.0,0.0,0.0,0.0,0.0,0.0,0.0,0.0,0.0,0.0,0.0,0.0,0.0,0.0,20.0,0.0,0.0,20.0,0.0,0.0,0.0,0.0,0.0,0.0,0.0,0.0,0.0,0.0,20.0,0.0,0.0,20.0,0.0,0.0,0.0,0.0,0.0,0.0,0.0,0.0,0.0,0.0,0.0,0.0,"Mar 17, 2016"
3498,3403058.0,19998.0,Najaf,Najaf,Hay alhawra zainab,حي الحوراء زينب,31.9933092636,44.3548928051,13.0,78.0,4.0,0.0,0.0,0.0,0.0,0.0,0.0,0.0,0.0,0.0,0.0,0.0,9.0,0.0,0.0,0.0,0.0,0.0,0.0,0.0,0.0,0.0,0.0,0.0,0.0,0.0,13.0,0.0,0.0,13.0,0.0,0.0,0.0,0.0,0.0,0.0,0.0,0.0,4.0,0.0,5.0,4.0,0.0,5.0,4.0,0.0,0.0,4.0,0.0,0.0,0.0,0.0,0.0,0.0,0.0,0.0,"Mar 17, 2016"
3499,3403059.0,20119.0,Najaf,Najaf,Al-Jihad 1,الجهاد 1,32.0386128924,44.3206833638,40.0,240.0,4.0,0.0,0.0,0.0,0.0,0.0,0.0,0.0,3.0,0.0,0.0,0.0,33.0,0.0,0.0,0.0,0.0,0.0,0.0,0.0,0.0,0.0,0.0,0.0,0.0,0.0,40.0,0.0,0.0,40.0,0.0,0.0,0.0,0.0,0.0,0.0,0.0,0.0,4.0,0.0,36.0,4.0,0.0,36.0,0.0,0.0,0.0,0.0,0.0,0.0,0.0,0.0,0.0,0.0,0.0,0.0,"Mar 17, 2016"
3500,3403060.0,20098.0,Najaf,Najaf,Al-Jihad 2,الجهاد 2,32.0380821773,44.3120831958,7.0,42.0,0.0,0.0,0.0,0.0,0.0,0.0,0.0,0.0,0.0,0.0,0.0,0.0,7.0,0.0,0.0,0.0,0.0,0.0,0.0,0.0,0.0,0.0,0.0,0.0,0.0,0.0,0.0,0.0,0.0,0.0,0.0,0.0,7.0,0.0,0.0,7.0,0.0,0.0,0.0,0.0,0.0,0.0,7.0,0.0,0.0,7.0,0.0,0.0,0.0,0.0,0.0,0.0,0.0,0.0,0.0,0.0,"Mar 17, 2016"
3501,3403061.0,20090.0,Najaf,Najaf,Al-Jihad 3,الجهاد 3,32.0384751514,44.3177883331,36.0,216.0,2.0,0.0,0.0,0.0,0.0,1.0,0.0,0.0,0.0,0.0,0.0,0.0,33.0,0.0,0.0,0.0,0.0,0.0,0.0,0.0,0.0,0.0,0.0,0.0,0.0,0.0,36.0,0.0,0.0,36.0,0.0,0.0,0.0,0.0,0.0,0.0,0.0,0.0,0.0,0.0,33.0,0.0,3.0,33.0,0.0,3.0,0.0,0.0,0.0,0.0,0.0,0.0,0.0,0.0,0.0,0.0,"Mar 17, 2016"
3502,3403062.0,20085.0,Najaf,Najaf,Al-Jihad 4,الجهاد 4,32.0318871385,44.3184328301,17.0,102.0,7.0,0.0,0.0,0.0,0.0,0.0,0.0,0.0,0.0,0.0,0.0,0.0,10.0,0.0,0.0,0.0,0.0,0.0,0.0,0.0,0.0,0.0,0.0,0.0,0.0,0.0,17.0,0.0,0.0,17.0,0.0,0.0,0.0,0.0,0.0,0.0,0.0,0.0,0.0,0.0,3.0,0.0,10.0,3.0,0.0,10.0,4.0,0.0,0.0,4.0,0.0,0.0,0.0,0.0,0.0,0.0,"Mar 17, 2016"
3503,3403063.0,20073.0,Najaf,Najaf,Al-Jihad 5,الجهاد 5,32.0375071465,44.3087974011,39.0,234.0,10.0,0.0,0.0,0.0,0.0,0.0,0.0,0.0,0.0,0.0,0.0,0.0,29.0,0.0,0.0,0.0,0.0,0.0,0.0,0.0,0.0,0.0,0.0,0.0,0.0,0.0,39.0,0.0,0.0,39.0,0.0,0.0,0.0,0.0,0.0,0.0,0.0,0.0,0.0,0.0,29.0,0.0,0.0,29.0,0.0,0.0,10.0,0.0,0.0,10.0,0.0,0.0,0.0,0.0,0.0,0.0,"Mar 17, 2016"
3504,3403064.0,20084.0,Najaf,Najaf,Al-Jihad 6,الجهاد 6,32.0286707061,44.3045129502,21.0,126.0,1.0,0.0,0.0,0.0,0.0,0.0,0.0,0.0,0.0,0.0,0.0,0.0,20.0,0.0,0.0,0.0,0.0,0.0,0.0,0.0,0.0,0.0,0.0,0.0,0.0,0.0,21.0,0.0,0.0,21.0,0.0,0.0,0.0,0.0,0.0,0.0,0.0,0.0,0.0,0.0,0.0,0.0,7.0,0.0,14.0,7.0,0.0,14.0,0.0,0.0,0.0,0.0,0.0,0.0,0.0,0.0,"Mar 17, 2016"
3505,3403065.0,20128.0,Najaf,Najaf,Al-Qasim 3,حي القاسم 3,32.0517403556,44.3143461698,77.0,462.0,4.0,0.0,0.0,0.0,0.0,1.0,0.0,0.0,0.0,0.0,0.0,0.0,72.0,0.0,0.0,0.0,0.0,0.0,0.0,0.0,0.0,0.0,0.0,0.0,0.0,0.0,77.0,0.0,0.0,77.0,0.0,0.0,0.0,0.0,0.0,0.0,0.0,0.0,0.0,0.0,0.0,0.0,72.0,0.0,5.0,72.0,0.0,5.0,0.0,0.0,0.0,0.0,0.0,0.0,0.0,0.0,"Mar 17, 2016"
3506,3403066.0,23748.0,Najaf,Najaf,Al-Risala 2,الرسالة 2,32.0384354466,44.3254031534,50.0,300.0,2.0,0.0,0.0,0.0,0.0,0.0,0.0,0.0,0.0,0.0,0.0,0.0,48.0,0.0,0.0,0.0,0.0,0.0,0.0,0.0,0.0,0.0,0.0,0.0,0.0,0.0,50.0,0.0,0.0,50.0,0.0,0.0,0.0,0.0,0.0,0.0,0.0,0.0,2.0,0.0,32.0,2.0,0.0,32.0,16.0,0.0,0.0,16.0,0.0,0.0,0.0,0.0,0.0,0.0,0.0,0.0,"Mar 17, 2016"
3507,3403067.0,20080.0,Najaf,Najaf,Hay alsalam 131,حي السلام 131,32.0332869466,44.3303686148,20.0,120.0,9.0,0.0,0.0,0.0,0.0,0.0,0.0,0.0,0.0,0.0,0.0,0.0,11.0,0.0,0.0,0.0,0.0,0.0,0.0,0.0,0.0,0.0,0.0,0.0,0.0,0.0,20.0,0.0,0.0,20.0,0.0,0.0,0.0,0.0,0.0,0.0,0.0,0.0,0.0,0.0,9.0,0.0,11.0,9.0,0.0,11.0,0.0,0.0,0.0,0.0,0.0,0.0,0.0,0.0,0.0,0.0,"Mar 17, 2016"
3508,3403068.0,20141.0,Najaf,Najaf,Al-Shaheed Al-Sadar 2,حي الشهيد الصدر 2,32.06091945,44.3280284814,15.0,90.0,0.0,0.0,0.0,0.0,0.0,0.0,0.0,0.0,0.0,0.0,0.0,0.0,15.0,0.0,0.0,0.0,0.0,0.0,0.0,0.0,0.0,0.0,0.0,0.0,0.0,0.0,15.0,0.0,0.0,15.0,0.0,0.0,0.0,0.0,0.0,0.0,0.0,0.0,0.0,0.0,0.0,0.0,15.0,0.0,0.0,15.0,0.0,0.0,0.0,0.0,0.0,0.0,0.0,0.0,0.0,0.0,"Mar 17, 2016"
3509,3403069.0,20137.0,Najaf,Najaf,Al-Shaheed Al-Sadar 4,حي الشهيد الصدر 4,32.0554801521,44.3262132539,22.0,132.0,0.0,0.0,0.0,0.0,0.0,0.0,0.0,0.0,0.0,0.0,0.0,0.0,22.0,0.0,0.0,0.0,0.0,0.0,0.0,0.0,0.0,0.0,0.0,0.0,0.0,22.0,0.0,22.0,0.0,0.0,0.0,0.0,0.0,0.0,0.0,0.0,0.0,0.0,0.0,0.0,0.0,0.0,22.0,0.0,0.0,22.0,0.0,0.0,0.0,0.0,0.0,0.0,0.0,0.0,0.0,0.0,"Mar 17, 2016"
3510,3403070.0,24378.0,Najaf,Najaf,Hay Tabok,حي تبوك,31.9842394275,44.3317629939,29.0,174.0,4.0,0.0,0.0,0.0,0.0,0.0,0.0,0.0,0.0,0.0,0.0,0.0,25.0,0.0,0.0,0.0,0.0,0.0,0.0,0.0,0.0,0.0,0.0,0.0,0.0,0.0,29.0,0.0,0.0,29.0,0.0,0.0,0.0,0.0,0.0,0.0,0.0,0.0,0.0,0.0,25.0,0.0,0.0,25.0,0.0,0.0,4.0,0.0,0.0,4.0,0.0,0.0,0.0,0.0,0.0,0.0,"Mar 17, 2016"
3511,3403071.0,25367.0,Najaf,Najaf,Khan Al rubea,خان الربع,32.1537153988,44.3211614036,4700.0,28200.0,0.0,0.0,0.0,0.0,0.0,0.0,0.0,0.0,0.0,0.0,0.0,0.0,4700.0,0.0,0.0,0.0,0.0,0.0,0.0,0.0,0.0,0.0,0.0,0.0,0.0,4700.0,0.0,4700.0,0.0,0.0,0.0,0.0,0.0,0.0,0.0,0.0,0.0,0.0,0.0,0.0,4036.0,0.0,664.0,4036.0,0.0,664.0,0.0,0.0,0.0,0.0,0.0,0.0,0.0,0.0,0.0,0.0,"Mar 17, 2016"
3512,3403072.0,26014.0,Najaf,Najaf,Madhlum Village,قرية مظلوم,31.9005890643,44.22987622,8.0,48.0,8.0,0.0,0.0,0.0,0.0,0.0,0.0,0.0,0.0,0.0,0.0,0.0,0.0,0.0,0.0,0.0,0.0,0.0,0.0,0.0,0.0,0.0,0.0,0.0,0.0,0.0,8.0,0.0,0.0,8.0,0.0,0.0,0.0,0.0,0.0,0.0,0.0,0.0,0.0,0.0,8.0,0.0,0.0,8.0,0.0,0.0,0.0,0.0,0.0,0.0,0.0,0.0,0.0,0.0,0.0,0.0,"Mar 17, 2016"
3513,3403074.0,25643.0,Najaf,Najaf,Shareet Noor-Tabook,شريط نور-تبوك,31.979442538,44.3292367372,4.0,24.0,0.0,0.0,0.0,0.0,0.0,0.0,0.0,0.0,0.0,0.0,0.0,0.0,4.0,0.0,0.0,0.0,0.0,0.0,0.0,0.0,0.0,0.0,0.0,0.0,0.0,0.0,4.0,0.0,0.0,4.0,0.0,0.0,0.0,0.0,0.0,0.0,0.0,0.0,0.0,0.0,4.0,0.0,0.0,4.0,0.0,0.0,0.0,0.0,0.0,0.0,0.0,0.0,0.0,0.0,0.0,0.0,"Mar 17, 2016"
3514,3403075.0,20282.0,Najaf,Najaf,Shawafi Village,الشوافع,31.9879224381,44.3147482039,200.0,1200.0,0.0,0.0,0.0,0.0,0.0,0.0,0.0,0.0,0.0,0.0,0.0,0.0,200.0,0.0,0.0,0.0,0.0,0.0,0.0,0.0,0.0,0.0,0.0,0.0,0.0,0.0,200.0,0.0,0.0,200.0,0.0,0.0,0.0,0.0,0.0,0.0,0.0,0.0,0.0,0.0,164.0,0.0,0.0,164.0,36.0,0.0,0.0,36.0,0.0,0.0,0.0,0.0,0.0,0.0,0.0,0.0,"Mar 17, 2016"
3515,3403077.0,20018.0,Najaf,Najaf,Al Siha,حي الصحه,32.0085203086,44.3420085991,4.0,24.0,0.0,0.0,0.0,0.0,0.0,0.0,0.0,0.0,0.0,0.0,0.0,0.0,4.0,0.0,0.0,0.0,0.0,0.0,0.0,0.0,0.0,0.0,0.0,0.0,0.0,4.0,0.0,4.0,0.0,0.0,0.0,0.0,0.0,0.0,0.0,0.0,0.0,0.0,0.0,0.0,0.0,0.0,0.0,0.0,4.0,0.0,0.0,4.0,0.0,0.0,0.0,0.0,0.0,0.0,0.0,0.0,"Mar 17, 2016"
3516,3501001.0,22177.0,Thi-Qar,Al-Chibayish,Markaz Al Fohod,مركز الفهود,30.9754625258,46.7204416512,25.0,150.0,6.0,0.0,0.0,0.0,0.0,0.0,0.0,0.0,0.0,0.0,0.0,0.0,19.0,0.0,0.0,0.0,0.0,0.0,0.0,9.0,0.0,0.0,0.0,0.0,0.0,0.0,16.0,0.0,0.0,16.0,0.0,0.0,0.0,0.0,0.0,0.0,0.0,0.0,0.0,0.0,17.0,0.0,5.0,17.0,3.0,5.0,0.0,3.0,0.0,0.0,0.0,0.0,0.0,0.0,0.0,0.0,"Mar 17, 2016"
3517,3501002.0,24823.0,Thi-Qar,Al-Chibayish,Al Shuhada Foundation building,مبنى مؤسسة الشهداء,30.9699056876,47.0208352315,14.0,84.0,0.0,0.0,0.0,0.0,0.0,0.0,0.0,0.0,0.0,0.0,0.0,0.0,14.0,0.0,0.0,0.0,0.0,0.0,14.0,0.0,0.0,0.0,0.0,0.0,0.0,0.0,0.0,0.0,0.0,0.0,0.0,0.0,0.0,0.0,0.0,0.0,0.0,0.0,0.0,0.0,14.0,0.0,0.0,14.0,0.0,0.0,0.0,0.0,0.0,0.0,0.0,0.0,0.0,0.0,0.0,0.0,"Mar 17, 2016"
3518,3501004.0,8883.0,Thi-Qar,Al-Chibayish,Chibayish,جبايش,30.9668642679,46.9936543206,6.0,36.0,6.0,0.0,0.0,0.0,0.0,0.0,0.0,0.0,0.0,0.0,0.0,0.0,0.0,0.0,0.0,0.0,0.0,0.0,0.0,6.0,0.0,0.0,0.0,0.0,0.0,0.0,0.0,0.0,0.0,0.0,0.0,0.0,0.0,0.0,0.0,0.0,0.0,0.0,0.0,0.0,4.0,0.0,0.0,4.0,0.0,0.0,2.0,0.0,0.0,2.0,0.0,0.0,0.0,0.0,0.0,0.0,"Mar 17, 2016"
3519,3502001.0,10297.0,Thi-Qar,Al-Rifa'i,Al-Moalemen,حي المعلمين,31.7132135578,46.1112456,10.0,60.0,0.0,0.0,0.0,0.0,0.0,0.0,0.0,0.0,8.0,0.0,0.0,0.0,0.0,0.0,2.0,0.0,0.0,0.0,0.0,6.0,0.0,0.0,0.0,0.0,0.0,0.0,4.0,0.0,0.0,4.0,0.0,0.0,0.0,0.0,0.0,0.0,0.0,0.0,0.0,0.0,10.0,0.0,0.0,10.0,0.0,0.0,0.0,0.0,0.0,0.0,0.0,0.0,0.0,0.0,0.0,0.0,"Mar 17, 2016"
3520,3502002.0,9096.0,Thi-Qar,Al-Rifa'i,Markaz Al Nasr,مركز النصر,31.5412728946,46.1240534349,28.0,168.0,5.0,0.0,0.0,0.0,0.0,0.0,0.0,0.0,0.0,0.0,0.0,0.0,19.0,0.0,4.0,0.0,0.0,0.0,0.0,19.0,0.0,0.0,0.0,0.0,0.0,0.0,9.0,0.0,0.0,9.0,0.0,0.0,0.0,0.0,0.0,0.0,0.0,0.0,0.0,0.0,14.0,0.0,14.0,14.0,0.0,14.0,0.0,0.0,0.0,0.0,0.0,0.0,0.0,0.0,0.0,0.0,"Mar 17, 2016"
3521,3502003.0,24722.0,Thi-Qar,Al-Rifa'i,Hay Al Hussien,حي الحسين,31.7115291965,46.124556874,22.0,132.0,0.0,0.0,0.0,0.0,0.0,0.0,0.0,0.0,0.0,0.0,0.0,0.0,22.0,0.0,0.0,0.0,0.0,0.0,0.0,10.0,0.0,0.0,0.0,0.0,0.0,0.0,12.0,0.0,0.0,12.0,0.0,0.0,0.0,0.0,0.0,0.0,0.0,0.0,0.0,0.0,22.0,0.0,0.0,22.0,0.0,0.0,0.0,0.0,0.0,0.0,0.0,0.0,0.0,0.0,0.0,0.0,"Mar 17, 2016"
3522,3502004.0,21965.0,Thi-Qar,Al-Rifa'i,Jiser Al Rifay,جسر الرفاعي,31.7178490551,46.1007603894,22.0,132.0,0.0,0.0,0.0,0.0,0.0,0.0,0.0,0.0,0.0,0.0,0.0,0.0,16.0,0.0,6.0,0.0,0.0,0.0,0.0,10.0,0.0,0.0,0.0,0.0,0.0,0.0,12.0,0.0,0.0,12.0,0.0,0.0,0.0,0.0,0.0,0.0,0.0,0.0,0.0,0.0,16.0,0.0,6.0,16.0,0.0,6.0,0.0,0.0,0.0,0.0,0.0,0.0,0.0,0.0,0.0,0.0,"Mar 17, 2016"
3523,3502005.0,9040.0,Thi-Qar,Al-Rifa'i,Markaz Qal at Sukhar,مركز قلعة سكر,31.8559248864,46.0813130829,77.0,462.0,10.0,0.0,0.0,0.0,0.0,0.0,0.0,0.0,16.0,0.0,0.0,0.0,41.0,0.0,10.0,0.0,0.0,0.0,0.0,25.0,0.0,0.0,0.0,0.0,0.0,0.0,52.0,0.0,0.0,52.0,0.0,0.0,0.0,0.0,0.0,0.0,0.0,0.0,10.0,0.0,16.0,10.0,41.0,16.0,0.0,41.0,10.0,0.0,0.0,10.0,0.0,0.0,0.0,0.0,0.0,0.0,"Mar 17, 2016"
3524,3502006.0,8889.0,Thi-Qar,Al-Rifa'i,Refai,مركز الرفاعي ,31.7225729416,46.1100108504,34.0,204.0,7.0,0.0,0.0,0.0,0.0,0.0,0.0,0.0,7.0,0.0,0.0,0.0,20.0,0.0,0.0,0.0,0.0,0.0,0.0,14.0,0.0,0.0,0.0,0.0,0.0,0.0,20.0,0.0,0.0,20.0,0.0,0.0,0.0,0.0,0.0,0.0,0.0,0.0,0.0,0.0,0.0,0.0,20.0,0.0,14.0,20.0,0.0,14.0,0.0,0.0,0.0,0.0,0.0,0.0,0.0,0.0,"Mar 17, 2016"
3525,3503001.0,10250.0,Thi-Qar,Al-Shatra,14 Ramadan,حي 14 رمضان,31.4359498874,46.1725725269,28.0,168.0,0.0,0.0,0.0,0.0,0.0,0.0,0.0,0.0,0.0,0.0,0.0,0.0,28.0,0.0,0.0,0.0,0.0,0.0,0.0,28.0,0.0,0.0,0.0,0.0,0.0,0.0,0.0,0.0,0.0,0.0,0.0,0.0,0.0,0.0,0.0,0.0,0.0,0.0,0.0,0.0,0.0,0.0,0.0,0.0,28.0,0.0,0.0,28.0,0.0,0.0,0.0,0.0,0.0,0.0,0.0,0.0,"Mar 17, 2016"
3526,3503002.0,9880.0,Thi-Qar,Al-Shatra,Al awad,ال عواد,31.4492209308,46.174959409,10.0,60.0,0.0,0.0,0.0,0.0,0.0,0.0,0.0,0.0,0.0,0.0,0.0,0.0,10.0,0.0,0.0,0.0,0.0,0.0,0.0,4.0,0.0,0.0,0.0,0.0,0.0,0.0,6.0,0.0,0.0,6.0,0.0,0.0,0.0,0.0,0.0,0.0,0.0,0.0,0.0,0.0,8.0,0.0,2.0,8.0,0.0,2.0,0.0,0.0,0.0,0.0,0.0,0.0,0.0,0.0,0.0,0.0,"Mar 17, 2016"
3527,3503003.0,8888.0,Thi-Qar,Al-Shatra,Markaz Al Dawaya,مركز الدواية,31.4975291,46.3746502,41.0,246.0,1.0,0.0,0.0,0.0,0.0,0.0,0.0,0.0,0.0,0.0,0.0,0.0,40.0,0.0,0.0,0.0,0.0,0.0,0.0,30.0,0.0,0.0,0.0,0.0,0.0,0.0,11.0,0.0,0.0,11.0,0.0,0.0,0.0,0.0,0.0,0.0,0.0,0.0,0.0,0.0,0.0,0.0,40.0,0.0,0.0,40.0,1.0,0.0,0.0,1.0,0.0,0.0,0.0,0.0,0.0,0.0,"Mar 17, 2016"
3528,3503004.0,8886.0,Thi-Qar,Al-Shatra,Markaz Al Gharraf,مركز الغراف,31.2949542975,46.2429251226,13.0,78.0,3.0,0.0,0.0,0.0,0.0,0.0,0.0,0.0,0.0,0.0,0.0,0.0,10.0,0.0,0.0,0.0,0.0,0.0,0.0,13.0,0.0,0.0,0.0,0.0,0.0,0.0,0.0,0.0,0.0,0.0,0.0,0.0,0.0,0.0,0.0,0.0,0.0,0.0,0.0,0.0,0.0,0.0,10.0,0.0,0.0,10.0,3.0,0.0,0.0,3.0,0.0,0.0,0.0,0.0,0.0,0.0,"Mar 17, 2016"
3529,3503005.0,24538.0,Thi-Qar,Al-Shatra,Al Mustashfa St,شارع المستشفى,31.4114504722,46.1626703804,51.0,306.0,12.0,0.0,0.0,0.0,0.0,0.0,0.0,0.0,0.0,0.0,0.0,0.0,39.0,0.0,0.0,0.0,0.0,0.0,0.0,32.0,0.0,0.0,0.0,0.0,0.0,4.0,15.0,4.0,0.0,15.0,0.0,0.0,0.0,0.0,0.0,0.0,0.0,0.0,0.0,0.0,0.0,0.0,39.0,0.0,0.0,39.0,12.0,0.0,0.0,12.0,0.0,0.0,0.0,0.0,0.0,0.0,"Mar 17, 2016"
3530,3503006.0,21209.0,Thi-Qar,Al-Shatra,Al Shomali,الشوملي,31.4156897184,46.1639768391,42.0,252.0,4.0,0.0,0.0,0.0,0.0,0.0,0.0,0.0,0.0,0.0,0.0,0.0,38.0,0.0,0.0,0.0,0.0,0.0,0.0,18.0,0.0,0.0,0.0,0.0,0.0,0.0,24.0,0.0,0.0,24.0,0.0,0.0,0.0,0.0,0.0,0.0,0.0,0.0,0.0,0.0,0.0,0.0,38.0,0.0,0.0,38.0,4.0,0.0,0.0,4.0,0.0,0.0,0.0,0.0,0.0,0.0,"Mar 17, 2016"
3531,3503008.0,9848.0,Thi-Qar,Al-Shatra,Al-fatahiyah,حي الفتاحية,31.4157560541,46.1729710675,9.0,54.0,0.0,0.0,0.0,0.0,0.0,0.0,0.0,0.0,0.0,0.0,0.0,0.0,8.0,0.0,1.0,0.0,0.0,0.0,0.0,5.0,0.0,0.0,0.0,0.0,0.0,4.0,0.0,4.0,0.0,0.0,0.0,0.0,0.0,0.0,0.0,0.0,0.0,0.0,0.0,0.0,1.0,0.0,8.0,1.0,0.0,8.0,0.0,0.0,0.0,0.0,0.0,0.0,0.0,0.0,0.0,0.0,"Mar 17, 2016"
3532,3503009.0,9822.0,Thi-Qar,Al-Shatra,Al-hawi,حي الحاوي,31.4039072127,46.1754910961,22.0,132.0,4.0,0.0,0.0,0.0,0.0,1.0,0.0,0.0,0.0,0.0,0.0,0.0,14.0,0.0,3.0,0.0,0.0,0.0,0.0,20.0,0.0,0.0,0.0,0.0,0.0,0.0,2.0,0.0,0.0,2.0,0.0,0.0,0.0,0.0,0.0,0.0,0.0,0.0,4.0,0.0,2.0,4.0,16.0,2.0,0.0,16.0,0.0,0.0,0.0,0.0,0.0,0.0,0.0,0.0,0.0,0.0,"Mar 17, 2016"
3533,3503011.0,27273.0,Thi-Qar,Al-Shatra,Siddifa,صديفه,31.4702418889,46.1967894707,20.0,120.0,0.0,0.0,0.0,0.0,0.0,0.0,0.0,0.0,0.0,0.0,0.0,0.0,20.0,0.0,0.0,0.0,0.0,0.0,0.0,0.0,0.0,0.0,0.0,20.0,0.0,0.0,0.0,0.0,0.0,0.0,0.0,0.0,0.0,0.0,0.0,0.0,0.0,0.0,0.0,0.0,0.0,0.0,6.0,0.0,14.0,6.0,0.0,14.0,0.0,0.0,0.0,0.0,0.0,0.0,0.0,0.0,"Mar 17, 2016"
3534,3504001.0,24494.0,Thi-Qar,Nassriya,Al Aker,العكر,31.0277108805,46.2182147412,4.0,24.0,0.0,0.0,0.0,0.0,0.0,0.0,0.0,0.0,0.0,0.0,0.0,0.0,4.0,0.0,0.0,0.0,0.0,0.0,0.0,4.0,0.0,0.0,0.0,0.0,0.0,0.0,0.0,0.0,0.0,0.0,0.0,0.0,0.0,0.0,0.0,0.0,0.0,0.0,0.0,0.0,4.0,0.0,0.0,4.0,0.0,0.0,0.0,0.0,0.0,0.0,0.0,0.0,0.0,0.0,0.0,0.0,"Mar 17, 2016"
3535,3504002.0,25529.0,Thi-Qar,Nassriya,Al Aoeh,قرية العوية,31.033167288,46.273891713,14.0,84.0,1.0,0.0,0.0,0.0,0.0,0.0,0.0,0.0,0.0,0.0,0.0,0.0,13.0,0.0,0.0,0.0,0.0,0.0,0.0,9.0,0.0,0.0,0.0,0.0,0.0,1.0,4.0,1.0,0.0,4.0,0.0,0.0,0.0,0.0,0.0,0.0,0.0,0.0,0.0,0.0,10.0,0.0,3.0,10.0,0.0,3.0,1.0,0.0,0.0,1.0,0.0,0.0,0.0,0.0,0.0,0.0,"Mar 17, 2016"
3536,3504003.0,24415.0,Thi-Qar,Nassriya,Al Asrriyah Village,القرية العصرية,31.1226731178,46.2340620451,5.0,30.0,0.0,0.0,0.0,0.0,0.0,0.0,0.0,0.0,0.0,0.0,0.0,0.0,5.0,0.0,0.0,0.0,0.0,0.0,0.0,0.0,0.0,0.0,0.0,0.0,0.0,0.0,5.0,0.0,0.0,5.0,0.0,0.0,0.0,0.0,0.0,0.0,0.0,0.0,0.0,0.0,0.0,0.0,5.0,0.0,0.0,5.0,0.0,0.0,0.0,0.0,0.0,0.0,0.0,0.0,0.0,0.0,"Mar 17, 2016"
3537,3504004.0,8884.0,Thi-Qar,Nassriya,Markaz Al Batha,مركز البطحاء,31.1148541594,45.8888578489,8.0,48.0,4.0,0.0,0.0,0.0,0.0,0.0,0.0,0.0,0.0,0.0,0.0,0.0,4.0,0.0,0.0,0.0,0.0,0.0,0.0,4.0,0.0,0.0,0.0,0.0,0.0,0.0,4.0,0.0,0.0,4.0,0.0,0.0,0.0,0.0,0.0,0.0,0.0,0.0,0.0,0.0,0.0,0.0,0.0,0.0,8.0,0.0,0.0,8.0,0.0,0.0,0.0,0.0,0.0,0.0,0.0,0.0,"Mar 17, 2016"
3538,3504005.0,24884.0,Thi-Qar,Nassriya,Al bohyaleh,ال ابو حواله,31.1555797272,46.2458392438,30.0,180.0,0.0,0.0,0.0,0.0,0.0,0.0,0.0,0.0,0.0,0.0,0.0,0.0,30.0,0.0,0.0,0.0,0.0,0.0,0.0,27.0,0.0,0.0,0.0,0.0,0.0,0.0,3.0,0.0,0.0,3.0,0.0,0.0,0.0,0.0,0.0,0.0,0.0,0.0,7.0,0.0,23.0,7.0,0.0,23.0,0.0,0.0,0.0,0.0,0.0,0.0,0.0,0.0,0.0,0.0,0.0,0.0,"Mar 17, 2016"
3539,3504006.0,9728.0,Thi-Qar,Nassriya,Al Dhubat,حي الضباط,31.0383163742,46.2539821722,3.0,18.0,3.0,0.0,0.0,0.0,0.0,0.0,0.0,0.0,0.0,0.0,0.0,0.0,0.0,0.0,0.0,0.0,0.0,0.0,0.0,0.0,0.0,0.0,0.0,0.0,0.0,0.0,3.0,0.0,0.0,3.0,0.0,0.0,0.0,0.0,0.0,0.0,0.0,0.0,0.0,0.0,3.0,0.0,0.0,3.0,0.0,0.0,0.0,0.0,0.0,0.0,0.0,0.0,0.0,0.0,0.0,0.0,"Mar 17, 2016"
3540,3504007.0,25525.0,Thi-Qar,Nassriya,Al Emarat,العمارات,31.0270240043,46.2416766755,10.0,60.0,0.0,2.0,0.0,0.0,0.0,0.0,0.0,0.0,0.0,0.0,0.0,0.0,8.0,0.0,0.0,0.0,0.0,0.0,0.0,0.0,0.0,0.0,0.0,0.0,0.0,0.0,10.0,0.0,0.0,10.0,0.0,0.0,0.0,0.0,0.0,0.0,0.0,0.0,0.0,0.0,10.0,0.0,0.0,10.0,0.0,0.0,0.0,0.0,0.0,0.0,0.0,0.0,0.0,0.0,0.0,0.0,"Mar 17, 2016"
3541,3504010.0,24740.0,Thi-Qar,Nassriya,Al Iskan,الاسكان,31.0385050049,46.242960423,2.0,12.0,1.0,0.0,0.0,0.0,0.0,0.0,0.0,0.0,0.0,0.0,0.0,0.0,0.0,0.0,1.0,0.0,0.0,0.0,0.0,1.0,0.0,0.0,0.0,0.0,0.0,0.0,1.0,0.0,0.0,1.0,0.0,0.0,0.0,0.0,0.0,0.0,0.0,0.0,0.0,0.0,0.0,0.0,0.0,0.0,1.0,0.0,1.0,1.0,0.0,1.0,0.0,0.0,0.0,0.0,0.0,0.0,"Mar 17, 2016"
3542,3504011.0,10260.0,Thi-Qar,Nassriya,Al Iskan Al Sinaie,الاسكان الصناعي,31.0134574836,46.282408152,49.0,294.0,12.0,1.0,0.0,0.0,0.0,6.0,0.0,0.0,8.0,0.0,0.0,0.0,22.0,0.0,0.0,0.0,0.0,0.0,0.0,29.0,0.0,0.0,0.0,0.0,0.0,0.0,20.0,0.0,0.0,20.0,0.0,0.0,0.0,0.0,0.0,0.0,0.0,0.0,0.0,0.0,7.0,0.0,40.0,7.0,1.0,40.0,1.0,1.0,0.0,1.0,0.0,0.0,0.0,0.0,0.0,0.0,"Mar 17, 2016"
3543,3504012.0,24540.0,Thi-Qar,Nassriya,Al Mahaliyah,المحليه,31.0524428876,46.2367981317,22.0,132.0,7.0,0.0,0.0,0.0,0.0,0.0,0.0,0.0,6.0,0.0,0.0,0.0,0.0,0.0,9.0,0.0,0.0,0.0,0.0,8.0,0.0,0.0,0.0,0.0,0.0,0.0,14.0,0.0,0.0,14.0,0.0,0.0,0.0,0.0,0.0,0.0,0.0,0.0,6.0,0.0,6.0,6.0,0.0,6.0,10.0,0.0,0.0,10.0,0.0,0.0,0.0,0.0,0.0,0.0,0.0,0.0,"Mar 17, 2016"
3544,3504013.0,10270.0,Thi-Qar,Nassriya,Al Saih,منطقة السائح,31.0441115454,46.223778697,10.0,60.0,0.0,0.0,0.0,0.0,0.0,0.0,0.0,0.0,0.0,0.0,0.0,0.0,10.0,0.0,0.0,0.0,0.0,0.0,0.0,0.0,0.0,0.0,0.0,0.0,0.0,0.0,10.0,0.0,0.0,10.0,0.0,0.0,0.0,0.0,0.0,0.0,0.0,0.0,0.0,0.0,10.0,0.0,0.0,10.0,0.0,0.0,0.0,0.0,0.0,0.0,0.0,0.0,0.0,0.0,0.0,0.0,"Mar 17, 2016"
3545,3504014.0,10254.0,Thi-Qar,Nassriya,Al Sharqiya,الشرقيه,31.0424298029,46.2620522046,51.0,306.0,7.0,0.0,0.0,0.0,0.0,0.0,0.0,0.0,15.0,0.0,0.0,0.0,24.0,0.0,5.0,0.0,0.0,0.0,0.0,32.0,0.0,0.0,0.0,0.0,0.0,0.0,19.0,0.0,0.0,19.0,0.0,0.0,0.0,0.0,0.0,0.0,0.0,0.0,0.0,0.0,0.0,0.0,44.0,0.0,0.0,44.0,7.0,0.0,0.0,7.0,0.0,0.0,0.0,0.0,0.0,0.0,"Mar 17, 2016"
3546,3504015.0,10272.0,Thi-Qar,Nassriya,Al Shoula,الشعلة,31.0349639446,46.2423009517,8.0,48.0,3.0,0.0,0.0,0.0,0.0,0.0,0.0,0.0,0.0,0.0,0.0,0.0,5.0,0.0,0.0,0.0,0.0,0.0,0.0,0.0,0.0,0.0,0.0,0.0,0.0,3.0,5.0,3.0,0.0,5.0,0.0,0.0,0.0,0.0,0.0,0.0,0.0,0.0,3.0,0.0,3.0,3.0,0.0,3.0,2.0,0.0,0.0,2.0,0.0,0.0,0.0,0.0,0.0,0.0,0.0,0.0,"Mar 17, 2016"
3547,3504016.0,10281.0,Thi-Qar,Nassriya,Al Shumokh,حي الشموخ,31.0294717066,46.2441216584,15.0,90.0,12.0,0.0,0.0,0.0,0.0,0.0,0.0,0.0,0.0,0.0,0.0,0.0,3.0,0.0,0.0,0.0,0.0,0.0,0.0,5.0,0.0,0.0,0.0,0.0,0.0,0.0,10.0,0.0,0.0,10.0,0.0,0.0,0.0,0.0,0.0,0.0,0.0,0.0,0.0,0.0,15.0,0.0,0.0,15.0,0.0,0.0,0.0,0.0,0.0,0.0,0.0,0.0,0.0,0.0,0.0,0.0,"Mar 17, 2016"
3548,3504017.0,9460.0,Thi-Qar,Nassriya,Al-bashaier,ال بوشاهر,31.0522968398,46.2292214683,8.0,48.0,8.0,0.0,0.0,0.0,0.0,0.0,0.0,0.0,0.0,0.0,0.0,0.0,0.0,0.0,0.0,0.0,0.0,0.0,0.0,6.0,0.0,0.0,0.0,0.0,0.0,0.0,2.0,0.0,0.0,2.0,0.0,0.0,0.0,0.0,0.0,0.0,0.0,0.0,0.0,0.0,0.0,0.0,8.0,0.0,0.0,8.0,0.0,0.0,0.0,0.0,0.0,0.0,0.0,0.0,0.0,0.0,"Mar 17, 2016"
3549,3504018.0,24741.0,Thi-Qar,Nassriya,Al-Berid,البريد,31.0447764918,46.2495762034,2.0,12.0,0.0,0.0,0.0,0.0,0.0,0.0,0.0,0.0,0.0,0.0,0.0,0.0,2.0,0.0,0.0,0.0,0.0,0.0,0.0,0.0,0.0,0.0,0.0,0.0,0.0,0.0,2.0,0.0,0.0,2.0,0.0,0.0,0.0,0.0,0.0,0.0,0.0,0.0,0.0,0.0,0.0,0.0,0.0,0.0,2.0,0.0,0.0,2.0,0.0,0.0,0.0,0.0,0.0,0.0,0.0,0.0,"Mar 17, 2016"
3550,3504019.0,9470.0,Thi-Qar,Nassriya,Al-hay al-askary,الحي العسكري ,31.0569626851,46.2661438049,14.0,84.0,8.0,0.0,0.0,0.0,0.0,0.0,0.0,0.0,0.0,0.0,0.0,0.0,6.0,0.0,0.0,0.0,0.0,0.0,0.0,4.0,0.0,0.0,0.0,0.0,0.0,0.0,10.0,0.0,0.0,10.0,0.0,0.0,0.0,0.0,0.0,0.0,0.0,0.0,0.0,0.0,3.0,0.0,2.0,3.0,1.0,2.0,8.0,1.0,0.0,8.0,0.0,0.0,0.0,0.0,0.0,0.0,"Mar 17, 2016"
3551,3504020.0,9541.0,Thi-Qar,Nassriya,Al-khashab,قرية الخشاب,31.0947541619,46.3066444124,3.0,18.0,0.0,0.0,0.0,0.0,0.0,0.0,0.0,0.0,3.0,0.0,0.0,0.0,0.0,0.0,0.0,0.0,0.0,0.0,0.0,0.0,0.0,0.0,0.0,0.0,0.0,0.0,3.0,0.0,0.0,3.0,0.0,0.0,0.0,0.0,0.0,0.0,0.0,0.0,0.0,0.0,3.0,0.0,0.0,3.0,0.0,0.0,0.0,0.0,0.0,0.0,0.0,0.0,0.0,0.0,0.0,0.0,"Mar 17, 2016"
3552,3504021.0,10335.0,Thi-Qar,Nassriya,Al-Salhiya,حي الصالحية,31.0506383486,46.2693433026,44.0,264.0,4.0,0.0,0.0,0.0,0.0,0.0,0.0,0.0,1.0,0.0,0.0,0.0,39.0,0.0,0.0,0.0,0.0,0.0,0.0,25.0,0.0,0.0,0.0,0.0,0.0,0.0,19.0,0.0,0.0,19.0,0.0,0.0,0.0,0.0,0.0,0.0,0.0,0.0,0.0,0.0,21.0,0.0,0.0,21.0,19.0,0.0,4.0,19.0,0.0,4.0,0.0,0.0,0.0,0.0,0.0,0.0,"Mar 17, 2016"
3553,3504022.0,9576.0,Thi-Qar,Nassriya,Al-shofah,قرية الشوفة,31.1327918405,46.2356646856,7.0,42.0,4.0,0.0,0.0,0.0,0.0,0.0,0.0,0.0,0.0,0.0,0.0,0.0,3.0,0.0,0.0,0.0,0.0,0.0,0.0,7.0,0.0,0.0,0.0,0.0,0.0,0.0,0.0,0.0,0.0,0.0,0.0,0.0,0.0,0.0,0.0,0.0,0.0,0.0,0.0,0.0,3.0,0.0,0.0,3.0,0.0,0.0,4.0,0.0,0.0,4.0,0.0,0.0,0.0,0.0,0.0,0.0,"Mar 17, 2016"
3554,3504023.0,9448.0,Thi-Qar,Nassriya,Al-Thawrah,الثوره,31.0270069734,46.2280930383,31.0,186.0,4.0,0.0,0.0,0.0,0.0,0.0,0.0,0.0,3.0,0.0,0.0,0.0,24.0,0.0,0.0,0.0,0.0,0.0,0.0,21.0,0.0,0.0,0.0,0.0,0.0,0.0,10.0,0.0,0.0,10.0,0.0,0.0,0.0,0.0,0.0,0.0,0.0,0.0,0.0,0.0,0.0,0.0,0.0,0.0,27.0,0.0,4.0,27.0,0.0,4.0,0.0,0.0,0.0,0.0,0.0,0.0,"Mar 17, 2016"
3555,3504024.0,9396.0,Thi-Qar,Nassriya,Al-zielat,الزعيلات,31.0154237044,46.2634417545,21.0,126.0,0.0,0.0,0.0,0.0,0.0,0.0,0.0,0.0,0.0,0.0,0.0,0.0,21.0,0.0,0.0,0.0,0.0,0.0,0.0,6.0,0.0,0.0,0.0,0.0,0.0,0.0,15.0,0.0,0.0,15.0,0.0,0.0,0.0,0.0,0.0,0.0,0.0,0.0,0.0,0.0,0.0,0.0,21.0,0.0,0.0,21.0,0.0,0.0,0.0,0.0,0.0,0.0,0.0,0.0,0.0,0.0,"Mar 17, 2016"
3556,3504025.0,10262.0,Thi-Qar,Nassriya,Aredo,حي اريدو,31.0743949006,46.2501429948,43.0,258.0,9.0,0.0,2.0,0.0,0.0,3.0,0.0,0.0,7.0,0.0,0.0,0.0,19.0,0.0,3.0,0.0,0.0,0.0,0.0,23.0,0.0,0.0,0.0,0.0,0.0,0.0,20.0,0.0,0.0,20.0,0.0,0.0,0.0,0.0,0.0,0.0,0.0,0.0,4.0,0.0,12.0,4.0,17.0,12.0,5.0,17.0,5.0,5.0,0.0,5.0,0.0,0.0,0.0,0.0,0.0,0.0,"Mar 17, 2016"
3557,3504026.0,10253.0,Thi-Qar,Nassriya,Baghdad Street,شارع بغداد,31.0384774129,46.2356561609,15.0,90.0,11.0,0.0,0.0,0.0,0.0,0.0,0.0,0.0,0.0,0.0,0.0,0.0,4.0,0.0,0.0,0.0,0.0,0.0,0.0,10.0,0.0,0.0,0.0,0.0,0.0,0.0,5.0,0.0,0.0,5.0,0.0,0.0,0.0,0.0,0.0,0.0,0.0,0.0,11.0,0.0,4.0,11.0,0.0,4.0,0.0,0.0,0.0,0.0,0.0,0.0,0.0,0.0,0.0,0.0,0.0,0.0,"Mar 17, 2016"
3558,3504027.0,24885.0,Thi-Qar,Nassriya,Hay Al Al Ghadeer,حي الغدير,31.0614678991,46.2781575836,4.0,24.0,0.0,0.0,1.0,0.0,0.0,0.0,0.0,0.0,1.0,0.0,0.0,0.0,2.0,0.0,0.0,0.0,0.0,0.0,0.0,0.0,0.0,0.0,0.0,0.0,0.0,0.0,4.0,0.0,0.0,4.0,0.0,0.0,0.0,0.0,0.0,0.0,0.0,0.0,0.0,0.0,4.0,0.0,0.0,4.0,0.0,0.0,0.0,0.0,0.0,0.0,0.0,0.0,0.0,0.0,0.0,0.0,"Mar 17, 2016"
3559,3504028.0,25526.0,Thi-Qar,Nassriya,Hay Al Ameer,حي الامير,31.0361758091,46.22052748,17.0,102.0,4.0,0.0,1.0,0.0,0.0,0.0,0.0,0.0,0.0,0.0,0.0,0.0,8.0,0.0,4.0,0.0,0.0,0.0,0.0,1.0,0.0,0.0,0.0,0.0,0.0,0.0,16.0,0.0,0.0,16.0,0.0,0.0,0.0,0.0,0.0,0.0,0.0,0.0,1.0,0.0,12.0,1.0,0.0,12.0,0.0,0.0,4.0,0.0,0.0,4.0,0.0,0.0,0.0,0.0,0.0,0.0,"Mar 17, 2016"
3560,3504029.0,10301.0,Thi-Qar,Nassriya,Hay Al Fidaa,حي الفداء,31.0697300136,46.2787419811,40.0,240.0,35.0,0.0,0.0,0.0,0.0,1.0,0.0,0.0,2.0,0.0,0.0,0.0,0.0,0.0,2.0,0.0,0.0,0.0,0.0,23.0,0.0,0.0,0.0,0.0,0.0,0.0,17.0,0.0,0.0,17.0,0.0,0.0,0.0,0.0,0.0,0.0,0.0,0.0,4.0,0.0,3.0,4.0,0.0,3.0,14.0,0.0,19.0,14.0,0.0,19.0,0.0,0.0,0.0,0.0,0.0,0.0,"Mar 17, 2016"
3561,3504030.0,24746.0,Thi-Qar,Nassriya,Hay Al Khadraa,حي الخضراء,31.0429462489,46.2746993946,4.0,24.0,0.0,0.0,0.0,0.0,0.0,0.0,0.0,0.0,0.0,0.0,0.0,0.0,4.0,0.0,0.0,0.0,0.0,0.0,0.0,0.0,0.0,0.0,0.0,0.0,0.0,0.0,4.0,0.0,0.0,4.0,0.0,0.0,0.0,0.0,0.0,0.0,0.0,0.0,0.0,0.0,4.0,0.0,0.0,4.0,0.0,0.0,0.0,0.0,0.0,0.0,0.0,0.0,0.0,0.0,0.0,0.0,"Mar 17, 2016"
3562,3504031.0,21208.0,Thi-Qar,Nassriya,Hay Al Mualimeen,حي المعلمين,31.0677792453,46.2496745582,24.0,144.0,7.0,0.0,0.0,0.0,0.0,0.0,0.0,0.0,0.0,0.0,0.0,0.0,17.0,0.0,0.0,0.0,0.0,0.0,0.0,17.0,0.0,0.0,0.0,0.0,0.0,0.0,7.0,0.0,0.0,7.0,0.0,0.0,0.0,0.0,0.0,0.0,0.0,0.0,6.0,0.0,4.0,6.0,14.0,4.0,0.0,14.0,0.0,0.0,0.0,0.0,0.0,0.0,0.0,0.0,0.0,0.0,"Mar 17, 2016"
3563,3504032.0,24750.0,Thi-Qar,Nassriya,Hay Al Shoula 1,حي الشعله 1,31.0342733412,46.2382226119,5.0,30.0,0.0,2.0,0.0,0.0,0.0,0.0,0.0,0.0,0.0,0.0,0.0,0.0,3.0,0.0,0.0,0.0,0.0,0.0,0.0,3.0,0.0,0.0,0.0,0.0,0.0,0.0,2.0,0.0,0.0,2.0,0.0,0.0,0.0,0.0,0.0,0.0,0.0,0.0,0.0,0.0,2.0,0.0,0.0,2.0,0.0,0.0,3.0,0.0,0.0,3.0,0.0,0.0,0.0,0.0,0.0,0.0,"Mar 17, 2016"
3564,3504033.0,10259.0,Thi-Qar,Nassriya,Hay Al Tadhihiya,حي التضحية,31.0501571781,46.2733532132,33.0,198.0,5.0,0.0,0.0,0.0,0.0,0.0,0.0,0.0,1.0,0.0,0.0,0.0,18.0,0.0,9.0,0.0,0.0,0.0,0.0,20.0,0.0,0.0,0.0,0.0,0.0,0.0,13.0,0.0,0.0,13.0,0.0,0.0,0.0,0.0,0.0,0.0,0.0,0.0,3.0,0.0,0.0,3.0,27.0,0.0,3.0,27.0,0.0,3.0,0.0,0.0,0.0,0.0,0.0,0.0,0.0,0.0,"Mar 17, 2016"
3565,3504034.0,24742.0,Thi-Qar,Nassriya,Hay Al-Hakim,حي الحكيم,31.0600902377,46.2772208676,4.0,24.0,0.0,0.0,0.0,0.0,0.0,1.0,0.0,0.0,3.0,0.0,0.0,0.0,0.0,0.0,0.0,0.0,0.0,0.0,0.0,2.0,0.0,0.0,0.0,0.0,0.0,0.0,2.0,0.0,0.0,2.0,0.0,0.0,0.0,0.0,0.0,0.0,0.0,0.0,0.0,0.0,0.0,0.0,1.0,0.0,3.0,1.0,0.0,3.0,0.0,0.0,0.0,0.0,0.0,0.0,0.0,0.0,"Mar 17, 2016"
3566,3504035.0,9398.0,Thi-Qar,Nassriya,Hay al-shohadaa,حي الشهداء,31.069961183,46.2700244459,28.0,168.0,6.0,0.0,0.0,0.0,0.0,0.0,0.0,0.0,0.0,0.0,0.0,0.0,22.0,0.0,0.0,0.0,0.0,0.0,0.0,14.0,0.0,0.0,0.0,0.0,0.0,0.0,14.0,0.0,0.0,14.0,0.0,0.0,0.0,0.0,0.0,0.0,0.0,0.0,2.0,0.0,0.0,2.0,26.0,0.0,0.0,26.0,0.0,0.0,0.0,0.0,0.0,0.0,0.0,0.0,0.0,0.0,"Mar 17, 2016"
3567,3504036.0,23683.0,Thi-Qar,Nassriya,Hay Mehidiya,حي المهيديه,31.03290329,46.25155243,12.0,72.0,5.0,0.0,0.0,0.0,0.0,0.0,0.0,0.0,0.0,0.0,0.0,0.0,7.0,0.0,0.0,0.0,0.0,0.0,0.0,4.0,0.0,0.0,0.0,0.0,0.0,0.0,8.0,0.0,0.0,8.0,0.0,0.0,0.0,0.0,0.0,0.0,0.0,0.0,3.0,0.0,4.0,3.0,0.0,4.0,5.0,0.0,0.0,5.0,0.0,0.0,0.0,0.0,0.0,0.0,0.0,0.0,"Mar 17, 2016"
3568,3504037.0,25532.0,Thi-Qar,Nassriya,Hey Al Amen Al Dakhlei 2,الامن الداخلي 2,31.0533568966,46.2777731393,14.0,84.0,0.0,0.0,0.0,0.0,0.0,0.0,0.0,0.0,0.0,0.0,0.0,0.0,14.0,0.0,0.0,0.0,0.0,0.0,0.0,0.0,0.0,0.0,0.0,0.0,0.0,0.0,14.0,0.0,0.0,14.0,0.0,0.0,0.0,0.0,0.0,0.0,0.0,0.0,10.0,0.0,4.0,10.0,0.0,4.0,0.0,0.0,0.0,0.0,0.0,0.0,0.0,0.0,0.0,0.0,0.0,0.0,"Mar 17, 2016"
3569,3504038.0,25528.0,Thi-Qar,Nassriya,Hey Al-Ariml,حي الارامل,31.0532810551,46.253512804,9.0,54.0,5.0,0.0,0.0,0.0,0.0,0.0,0.0,0.0,0.0,0.0,0.0,0.0,4.0,0.0,0.0,0.0,0.0,0.0,0.0,5.0,0.0,0.0,0.0,0.0,0.0,0.0,4.0,0.0,0.0,4.0,0.0,0.0,0.0,0.0,0.0,0.0,0.0,0.0,1.0,0.0,3.0,1.0,4.0,3.0,1.0,4.0,0.0,1.0,0.0,0.0,0.0,0.0,0.0,0.0,0.0,0.0,"Mar 17, 2016"
3570,3504039.0,25531.0,Thi-Qar,Nassriya,Hey Al-Mtanzh,حي المتنزة,31.0452754698,46.2350050258,2.0,12.0,0.0,0.0,0.0,0.0,0.0,0.0,0.0,0.0,0.0,0.0,0.0,0.0,2.0,0.0,0.0,0.0,0.0,0.0,0.0,0.0,0.0,0.0,0.0,0.0,0.0,0.0,2.0,0.0,0.0,2.0,0.0,0.0,0.0,0.0,0.0,0.0,0.0,0.0,0.0,0.0,2.0,0.0,0.0,2.0,0.0,0.0,0.0,0.0,0.0,0.0,0.0,0.0,0.0,0.0,0.0,0.0,"Mar 17, 2016"
3571,3504040.0,25530.0,Thi-Qar,Nassriya,Hey Al-Rafdeen,حي الرافدين,31.0767692226,46.2640300676,3.0,18.0,3.0,0.0,0.0,0.0,0.0,0.0,0.0,0.0,0.0,0.0,0.0,0.0,0.0,0.0,0.0,0.0,0.0,0.0,0.0,3.0,0.0,0.0,0.0,0.0,0.0,0.0,0.0,0.0,0.0,0.0,0.0,0.0,0.0,0.0,0.0,0.0,0.0,0.0,0.0,0.0,0.0,0.0,0.0,0.0,0.0,0.0,3.0,0.0,0.0,3.0,0.0,0.0,0.0,0.0,0.0,0.0,"Mar 17, 2016"
3572,3504041.0,25533.0,Thi-Qar,Nassriya,Nassriya-Hey 400,حي 400,31.0808621445,46.2400872036,19.0,114.0,9.0,0.0,0.0,0.0,0.0,0.0,0.0,0.0,0.0,0.0,0.0,0.0,10.0,0.0,0.0,0.0,0.0,0.0,0.0,6.0,0.0,0.0,0.0,0.0,0.0,0.0,13.0,0.0,0.0,13.0,0.0,0.0,0.0,0.0,0.0,0.0,0.0,0.0,0.0,0.0,3.0,0.0,6.0,3.0,0.0,6.0,10.0,0.0,0.0,10.0,0.0,0.0,0.0,0.0,0.0,0.0,"Mar 17, 2016"
3573,3504042.0,10263.0,Thi-Qar,Nassriya,Sadir City,حي مدينة الصدر,31.0802066016,46.2356938953,52.0,312.0,18.0,0.0,0.0,0.0,0.0,0.0,0.0,0.0,2.0,0.0,0.0,0.0,29.0,0.0,3.0,0.0,0.0,0.0,0.0,28.0,0.0,0.0,0.0,0.0,0.0,0.0,24.0,0.0,0.0,24.0,0.0,0.0,0.0,0.0,0.0,0.0,0.0,0.0,0.0,0.0,21.0,0.0,0.0,21.0,20.0,0.0,11.0,20.0,0.0,11.0,0.0,0.0,0.0,0.0,0.0,0.0,"Mar 17, 2016"
3574,3504043.0,24556.0,Thi-Qar,Nassriya,Sayid khudair,سيد خضير,31.0066844262,46.2571339368,6.0,36.0,0.0,0.0,0.0,0.0,0.0,0.0,0.0,0.0,0.0,0.0,0.0,0.0,6.0,0.0,0.0,0.0,0.0,0.0,0.0,6.0,0.0,0.0,0.0,0.0,0.0,0.0,0.0,0.0,0.0,0.0,0.0,0.0,0.0,0.0,0.0,0.0,0.0,0.0,0.0,0.0,0.0,0.0,6.0,0.0,0.0,6.0,0.0,0.0,0.0,0.0,0.0,0.0,0.0,0.0,0.0,0.0,"Mar 17, 2016"
3575,3504044.0,25527.0,Thi-Qar,Nassriya,Sharaa Al-hklas,شارع الاخلاص,31.0587778038,46.257208607,7.0,42.0,0.0,0.0,0.0,0.0,0.0,0.0,0.0,0.0,0.0,0.0,0.0,0.0,7.0,0.0,0.0,0.0,0.0,0.0,0.0,5.0,0.0,0.0,0.0,0.0,0.0,0.0,2.0,0.0,0.0,2.0,0.0,0.0,0.0,0.0,0.0,0.0,0.0,0.0,0.0,0.0,0.0,0.0,7.0,0.0,0.0,7.0,0.0,0.0,0.0,0.0,0.0,0.0,0.0,0.0,0.0,0.0,"Mar 17, 2016"
3576,3504045.0,22344.0,Thi-Qar,Nassriya,Share Eshreen,شارع عشرين,31.0485190005,46.2572829301,13.0,78.0,0.0,0.0,0.0,0.0,0.0,0.0,0.0,0.0,0.0,0.0,0.0,0.0,13.0,0.0,0.0,0.0,0.0,0.0,0.0,5.0,0.0,0.0,0.0,0.0,0.0,0.0,8.0,0.0,0.0,8.0,0.0,0.0,0.0,0.0,0.0,0.0,0.0,0.0,3.0,0.0,0.0,3.0,10.0,0.0,0.0,10.0,0.0,0.0,0.0,0.0,0.0,0.0,0.0,0.0,0.0,0.0,"Mar 17, 2016"
3577,3504046.0,10269.0,Thi-Qar,Nassriya,Sindaliyah-Sidenaweyah,حي السديناويه,31.0419012842,46.3069539022,10.0,60.0,1.0,0.0,0.0,0.0,0.0,0.0,0.0,0.0,0.0,0.0,0.0,0.0,9.0,0.0,0.0,0.0,0.0,0.0,0.0,9.0,0.0,0.0,0.0,0.0,0.0,0.0,1.0,0.0,0.0,1.0,0.0,0.0,0.0,0.0,0.0,0.0,0.0,0.0,0.0,0.0,5.0,0.0,4.0,5.0,0.0,4.0,1.0,0.0,0.0,1.0,0.0,0.0,0.0,0.0,0.0,0.0,"Mar 17, 2016"
3578,3504047.0,10295.0,Thi-Qar,Nassriya,Markaz Syied Dakhil,مركز سيد دخيل,31.1316775758,46.4355596726,22.0,132.0,7.0,0.0,0.0,0.0,0.0,0.0,0.0,0.0,0.0,0.0,0.0,0.0,15.0,0.0,0.0,0.0,0.0,0.0,0.0,17.0,0.0,0.0,0.0,0.0,0.0,0.0,5.0,0.0,0.0,5.0,0.0,0.0,0.0,0.0,0.0,0.0,0.0,0.0,0.0,0.0,0.0,0.0,15.0,0.0,0.0,15.0,7.0,0.0,0.0,7.0,0.0,0.0,0.0,0.0,0.0,0.0,"Mar 17, 2016"
3579,3504048.0,24820.0,Thi-Qar,Nassriya,Al-bjara,قرية البجاري,31.1162691012,46.4162073831,7.0,42.0,7.0,0.0,0.0,0.0,0.0,0.0,0.0,0.0,0.0,0.0,0.0,0.0,0.0,0.0,0.0,0.0,0.0,0.0,0.0,0.0,0.0,0.0,0.0,0.0,0.0,0.0,7.0,0.0,0.0,7.0,0.0,0.0,0.0,0.0,0.0,0.0,0.0,0.0,0.0,0.0,0.0,0.0,0.0,0.0,7.0,0.0,0.0,7.0,0.0,0.0,0.0,0.0,0.0,0.0,0.0,0.0,"Mar 17, 2016"
3580,3504049.0,24821.0,Thi-Qar,Nassriya,Al-hay al-askary,حي العسكري,31.132321332,46.4336437932,2.0,12.0,0.0,0.0,0.0,0.0,0.0,0.0,0.0,0.0,0.0,0.0,0.0,0.0,0.0,0.0,2.0,0.0,0.0,0.0,0.0,2.0,0.0,0.0,0.0,0.0,0.0,0.0,0.0,0.0,0.0,0.0,0.0,0.0,0.0,0.0,0.0,0.0,0.0,0.0,0.0,0.0,0.0,0.0,0.0,0.0,2.0,0.0,0.0,2.0,0.0,0.0,0.0,0.0,0.0,0.0,0.0,0.0,"Mar 17, 2016"
3581,3504050.0,25760.0,Thi-Qar,Nassriya,The Abu Athm,منطقة ال ابو عظم,30.981975211,46.3081693265,6.0,36.0,0.0,0.0,0.0,0.0,0.0,0.0,0.0,0.0,0.0,0.0,0.0,0.0,6.0,0.0,0.0,0.0,0.0,0.0,0.0,0.0,0.0,0.0,0.0,0.0,0.0,0.0,6.0,0.0,0.0,6.0,0.0,0.0,0.0,0.0,0.0,0.0,0.0,0.0,0.0,0.0,6.0,0.0,0.0,6.0,0.0,0.0,0.0,0.0,0.0,0.0,0.0,0.0,0.0,0.0,0.0,0.0,"Mar 17, 2016"
3582,3504051.0,23685.0,Thi-Qar,Nassriya,Um Al Dood,ام الدود,31.08726556,46.2412354765,9.0,54.0,5.0,0.0,0.0,0.0,0.0,0.0,0.0,0.0,4.0,0.0,0.0,0.0,0.0,0.0,0.0,0.0,0.0,0.0,0.0,1.0,0.0,0.0,0.0,0.0,0.0,0.0,8.0,0.0,0.0,8.0,0.0,0.0,0.0,0.0,0.0,0.0,0.0,0.0,0.0,0.0,0.0,0.0,0.0,0.0,9.0,0.0,0.0,9.0,0.0,0.0,0.0,0.0,0.0,0.0,0.0,0.0,"Mar 17, 2016"
3583,3504052.0,9113.0,Thi-Qar,Nassriya,Ur,حي اور,31.060153968,46.2433255553,60.0,360.0,7.0,6.0,0.0,0.0,0.0,0.0,0.0,0.0,3.0,0.0,0.0,0.0,44.0,0.0,0.0,0.0,0.0,0.0,0.0,40.0,0.0,0.0,0.0,0.0,0.0,0.0,20.0,0.0,0.0,20.0,0.0,0.0,0.0,0.0,0.0,0.0,0.0,0.0,2.0,0.0,0.0,2.0,47.0,0.0,11.0,47.0,0.0,11.0,0.0,0.0,0.0,0.0,0.0,0.0,0.0,0.0,"Mar 17, 2016"
3584,3504054.0,9427.0,Thi-Qar,Nassriya,Hay AL-Mansouria,المنصورية ,31.03044192,46.2155991158,7.0,42.0,3.0,0.0,0.0,0.0,0.0,0.0,0.0,0.0,0.0,0.0,0.0,0.0,4.0,0.0,0.0,0.0,0.0,0.0,0.0,3.0,0.0,0.0,0.0,0.0,0.0,0.0,4.0,0.0,0.0,4.0,0.0,0.0,0.0,0.0,0.0,0.0,0.0,0.0,4.0,0.0,0.0,4.0,3.0,0.0,0.0,3.0,0.0,0.0,0.0,0.0,0.0,0.0,0.0,0.0,0.0,0.0,"Mar 17, 2016"
3585,3504055.0,9561.0,Thi-Qar,Nassriya,Hay AL-Hussain,حي الحسين ,31.0671272145,46.264360511,9.0,54.0,7.0,0.0,1.0,0.0,0.0,0.0,0.0,0.0,1.0,0.0,0.0,0.0,0.0,0.0,0.0,0.0,0.0,0.0,0.0,2.0,0.0,0.0,0.0,0.0,0.0,0.0,7.0,0.0,0.0,7.0,0.0,0.0,0.0,0.0,0.0,0.0,0.0,0.0,6.0,0.0,2.0,6.0,0.0,2.0,0.0,0.0,1.0,0.0,0.0,1.0,0.0,0.0,0.0,0.0,0.0,0.0,"Mar 17, 2016"
3586,3505001.0,9206.0,Thi-Qar,Suq Al-Shoyokh,Al Esmaelya 2,الاسماعيليه 2,30.8836217891,46.4681495866,12.0,72.0,5.0,0.0,0.0,0.0,0.0,0.0,0.0,0.0,2.0,0.0,0.0,0.0,5.0,0.0,0.0,0.0,0.0,0.0,0.0,8.0,0.0,0.0,0.0,0.0,0.0,0.0,4.0,0.0,0.0,4.0,0.0,0.0,0.0,0.0,0.0,0.0,0.0,0.0,0.0,0.0,0.0,0.0,1.0,0.0,6.0,1.0,5.0,6.0,0.0,5.0,0.0,0.0,0.0,0.0,0.0,0.0,"Mar 17, 2016"
3587,3505002.0,24721.0,Thi-Qar,Suq Al-Shoyokh,Al Barid Street,شارع البريد,30.9562016338,46.3595015799,36.0,216.0,0.0,0.0,0.0,0.0,0.0,0.0,0.0,0.0,16.0,0.0,0.0,0.0,20.0,0.0,0.0,0.0,0.0,0.0,0.0,18.0,0.0,0.0,0.0,0.0,0.0,0.0,18.0,0.0,0.0,18.0,0.0,0.0,0.0,0.0,0.0,0.0,0.0,0.0,0.0,0.0,28.0,0.0,0.0,28.0,8.0,0.0,0.0,8.0,0.0,0.0,0.0,0.0,0.0,0.0,0.0,0.0,"Mar 17, 2016"
3588,3505003.0,25436.0,Thi-Qar,Suq Al-Shoyokh,Al Kibla,القبله,30.9066365022,46.4459799347,17.0,102.0,0.0,0.0,0.0,0.0,0.0,0.0,0.0,0.0,5.0,0.0,0.0,0.0,8.0,0.0,4.0,0.0,0.0,0.0,0.0,3.0,0.0,0.0,0.0,0.0,0.0,0.0,14.0,0.0,0.0,14.0,0.0,0.0,0.0,0.0,0.0,0.0,0.0,0.0,0.0,0.0,5.0,0.0,4.0,5.0,8.0,4.0,0.0,8.0,0.0,0.0,0.0,0.0,0.0,0.0,0.0,0.0,"Mar 17, 2016"
3589,3505004.0,25437.0,Thi-Qar,Suq Al-Shoyokh,Al Shumokh,الشموخ,30.8885562747,46.4502000422,4.0,24.0,2.0,0.0,0.0,0.0,0.0,0.0,0.0,0.0,2.0,0.0,0.0,0.0,0.0,0.0,0.0,0.0,0.0,0.0,0.0,2.0,0.0,0.0,0.0,0.0,0.0,0.0,2.0,0.0,0.0,2.0,0.0,0.0,0.0,0.0,0.0,0.0,0.0,0.0,0.0,0.0,0.0,0.0,4.0,0.0,0.0,4.0,0.0,0.0,0.0,0.0,0.0,0.0,0.0,0.0,0.0,0.0,"Mar 17, 2016"
3590,3505005.0,9262.0,Thi-Qar,Suq Al-Shoyokh,Markaz Al-akaekah,مركز العكيكه,30.911343312,46.4763023913,21.0,126.0,6.0,1.0,0.0,0.0,0.0,0.0,0.0,0.0,0.0,0.0,0.0,0.0,14.0,0.0,0.0,0.0,0.0,0.0,0.0,5.0,0.0,0.0,0.0,0.0,0.0,0.0,16.0,0.0,0.0,16.0,0.0,0.0,0.0,0.0,0.0,0.0,0.0,0.0,6.0,0.0,15.0,6.0,0.0,15.0,0.0,0.0,0.0,0.0,0.0,0.0,0.0,0.0,0.0,0.0,0.0,0.0,"Mar 17, 2016"
3591,3505006.0,9328.0,Thi-Qar,Suq Al-Shoyokh,Al-hey Al-Askarey,حي العسكري,30.9011745066,46.4496372761,8.0,48.0,0.0,0.0,0.0,0.0,0.0,0.0,0.0,0.0,0.0,0.0,0.0,0.0,8.0,0.0,0.0,0.0,0.0,0.0,0.0,8.0,0.0,0.0,0.0,0.0,0.0,0.0,0.0,0.0,0.0,0.0,0.0,0.0,0.0,0.0,0.0,0.0,0.0,0.0,0.0,0.0,8.0,0.0,0.0,8.0,0.0,0.0,0.0,0.0,0.0,0.0,0.0,0.0,0.0,0.0,0.0,0.0,"Mar 17, 2016"
3592,3505007.0,9332.0,Thi-Qar,Suq Al-Shoyokh,Al-Shuhadaa,حي الشهداء,30.8790316327,46.4642243146,25.0,150.0,3.0,1.0,0.0,0.0,0.0,9.0,0.0,0.0,0.0,0.0,0.0,0.0,12.0,0.0,0.0,0.0,0.0,0.0,0.0,9.0,0.0,0.0,0.0,0.0,0.0,0.0,16.0,0.0,0.0,16.0,0.0,0.0,0.0,0.0,0.0,0.0,0.0,0.0,0.0,0.0,4.0,0.0,5.0,4.0,8.0,5.0,8.0,8.0,0.0,8.0,0.0,0.0,0.0,0.0,0.0,0.0,"Mar 17, 2016"
3593,3505008.0,24783.0,Thi-Qar,Suq Al-Shoyokh,Hey Al Tahrear,حي التحرير,30.8843767864,46.4656770471,5.0,30.0,0.0,0.0,0.0,0.0,0.0,0.0,0.0,0.0,0.0,0.0,0.0,0.0,0.0,0.0,5.0,0.0,0.0,0.0,0.0,0.0,0.0,0.0,0.0,0.0,0.0,0.0,5.0,0.0,0.0,5.0,0.0,0.0,0.0,0.0,0.0,0.0,0.0,0.0,0.0,0.0,5.0,0.0,0.0,5.0,0.0,0.0,0.0,0.0,0.0,0.0,0.0,0.0,0.0,0.0,0.0,0.0,"Mar 17, 2016"
3594,3505009.0,24493.0,Thi-Qar,Suq Al-Shoyokh,Hey al-chaoui,حي الشاوي,30.8912403677,46.461386868,17.0,102.0,17.0,0.0,0.0,0.0,0.0,0.0,0.0,0.0,0.0,0.0,0.0,0.0,0.0,0.0,0.0,0.0,0.0,0.0,0.0,12.0,0.0,0.0,0.0,0.0,0.0,0.0,5.0,0.0,0.0,5.0,0.0,0.0,0.0,0.0,0.0,0.0,0.0,0.0,0.0,0.0,17.0,0.0,0.0,17.0,0.0,0.0,0.0,0.0,0.0,0.0,0.0,0.0,0.0,0.0,0.0,0.0,"Mar 17, 2016"
3595,3505010.0,9261.0,Thi-Qar,Suq Al-Shoyokh,Hey al-ghadeir,حي الغدير,30.8855811292,46.4605966021,13.0,78.0,9.0,0.0,4.0,0.0,0.0,0.0,0.0,0.0,0.0,0.0,0.0,0.0,0.0,0.0,0.0,0.0,0.0,0.0,0.0,4.0,0.0,0.0,0.0,0.0,0.0,0.0,9.0,0.0,0.0,9.0,0.0,0.0,0.0,0.0,0.0,0.0,0.0,0.0,5.0,0.0,0.0,5.0,8.0,0.0,0.0,8.0,0.0,0.0,0.0,0.0,0.0,0.0,0.0,0.0,0.0,0.0,"Mar 17, 2016"
3596,3505011.0,9258.0,Thi-Qar,Suq Al-Shoyokh,Hey al-zahraa,حي الزهراء,30.9018696183,46.4582449773,19.0,114.0,0.0,0.0,0.0,0.0,0.0,0.0,0.0,0.0,6.0,0.0,0.0,0.0,10.0,0.0,3.0,0.0,0.0,0.0,0.0,11.0,0.0,0.0,0.0,0.0,0.0,0.0,8.0,0.0,0.0,8.0,0.0,0.0,0.0,0.0,0.0,0.0,0.0,0.0,0.0,0.0,0.0,0.0,19.0,0.0,0.0,19.0,0.0,0.0,0.0,0.0,0.0,0.0,0.0,0.0,0.0,0.0,"Mar 17, 2016"
3597,3505012.0,8878.0,Thi-Qar,Suq Al-Shoyokh,Markaz Karmat Bani Said,مركز كرمة بني سعيد,30.8805817825,46.572900688,70.0,420.0,0.0,9.0,2.0,0.0,0.0,1.0,0.0,0.0,14.0,0.0,0.0,0.0,38.0,0.0,6.0,0.0,0.0,0.0,0.0,40.0,0.0,0.0,0.0,0.0,0.0,0.0,30.0,0.0,0.0,30.0,0.0,0.0,0.0,0.0,0.0,0.0,0.0,0.0,9.0,0.0,25.0,9.0,22.0,25.0,14.0,22.0,0.0,14.0,0.0,0.0,0.0,0.0,0.0,0.0,0.0,0.0,"Mar 17, 2016"
3598,3601001.0,3072.0,Qadissiya,Afaq,Laiby village,قرية العيبي,32.074075,45.247626,16.0,96.0,6.0,0.0,0.0,0.0,0.0,0.0,0.0,0.0,0.0,0.0,0.0,0.0,10.0,0.0,0.0,0.0,0.0,0.0,0.0,13.0,0.0,0.0,0.0,0.0,0.0,0.0,0.0,0.0,0.0,0.0,0.0,0.0,0.0,0.0,3.0,0.0,0.0,3.0,0.0,0.0,0.0,0.0,10.0,0.0,3.0,10.0,3.0,3.0,0.0,3.0,0.0,0.0,0.0,0.0,0.0,0.0,"Mar 17, 2016"
3599,3601004.0,24207.0,Qadissiya,Afaq,Al Atawah Village,قرية العطاوة,32.116014,45.114113,37.0,222.0,0.0,0.0,0.0,0.0,0.0,0.0,0.0,0.0,35.0,0.0,0.0,0.0,2.0,0.0,0.0,0.0,0.0,0.0,0.0,19.0,0.0,0.0,0.0,0.0,0.0,2.0,16.0,2.0,0.0,16.0,0.0,0.0,0.0,0.0,0.0,0.0,0.0,0.0,8.0,0.0,27.0,8.0,2.0,27.0,0.0,2.0,0.0,0.0,0.0,0.0,0.0,0.0,0.0,0.0,0.0,0.0,"Mar 17, 2016"
3600,3601005.0,24287.0,Qadissiya,Afaq,Hay Al Askary 2,حي العسكري2,31.9679167354,45.4050071854,23.0,138.0,5.0,0.0,1.0,0.0,0.0,0.0,0.0,0.0,3.0,0.0,0.0,0.0,14.0,0.0,0.0,0.0,0.0,0.0,0.0,17.0,0.0,0.0,0.0,0.0,0.0,0.0,6.0,0.0,0.0,6.0,0.0,0.0,0.0,0.0,0.0,0.0,0.0,0.0,0.0,0.0,14.0,0.0,3.0,14.0,6.0,3.0,0.0,6.0,0.0,0.0,0.0,0.0,0.0,0.0,0.0,0.0,"Mar 17, 2016"
3601,3601006.0,25369.0,Qadissiya,Afaq,Hay Al-Salam,حي السلام,31.9802629855,45.4081304029,8.0,48.0,0.0,0.0,0.0,0.0,0.0,0.0,0.0,0.0,2.0,0.0,0.0,0.0,6.0,0.0,0.0,0.0,0.0,0.0,0.0,2.0,0.0,0.0,0.0,0.0,0.0,0.0,6.0,0.0,0.0,6.0,0.0,0.0,0.0,0.0,0.0,0.0,0.0,0.0,0.0,0.0,2.0,0.0,6.0,2.0,0.0,6.0,0.0,0.0,0.0,0.0,0.0,0.0,0.0,0.0,0.0,0.0,"Mar 17, 2016"
3602,3601007.0,2576.0,Qadissiya,Afaq,Al Ejem Village,قرية ال عجم,31.9703,45.4244,18.0,108.0,0.0,0.0,0.0,0.0,0.0,0.0,0.0,0.0,18.0,0.0,0.0,0.0,0.0,0.0,0.0,0.0,0.0,0.0,0.0,15.0,0.0,0.0,0.0,0.0,0.0,0.0,3.0,0.0,0.0,3.0,0.0,0.0,0.0,0.0,0.0,0.0,0.0,0.0,0.0,0.0,0.0,0.0,18.0,0.0,0.0,18.0,0.0,0.0,0.0,0.0,0.0,0.0,0.0,0.0,0.0,0.0,"Mar 17, 2016"
3603,3601008.0,2647.0,Qadissiya,Afaq,Al Sbahi Village,قرية ال سباهي,31.9102,45.5155,9.0,54.0,0.0,0.0,0.0,0.0,0.0,0.0,0.0,0.0,9.0,0.0,0.0,0.0,0.0,0.0,0.0,0.0,0.0,0.0,0.0,6.0,0.0,0.0,0.0,0.0,0.0,0.0,3.0,0.0,0.0,3.0,0.0,0.0,0.0,0.0,0.0,0.0,0.0,0.0,0.0,0.0,0.0,0.0,9.0,0.0,0.0,9.0,0.0,0.0,0.0,0.0,0.0,0.0,0.0,0.0,0.0,0.0,"Mar 17, 2016"
3604,3601009.0,25504.0,Qadissiya,Afaq,Al_Kushan village,قرية ال كوشان,32.059483,45.196685,26.0,156.0,5.0,0.0,0.0,0.0,0.0,0.0,0.0,0.0,0.0,0.0,0.0,0.0,21.0,0.0,0.0,0.0,0.0,0.0,0.0,5.0,0.0,0.0,0.0,0.0,0.0,15.0,6.0,15.0,0.0,6.0,0.0,0.0,0.0,0.0,0.0,0.0,0.0,0.0,0.0,0.0,8.0,0.0,13.0,8.0,2.0,13.0,3.0,2.0,0.0,3.0,0.0,0.0,0.0,0.0,0.0,0.0,"Mar 17, 2016"
3605,3601010.0,3395.0,Qadissiya,Afaq,Mantaket Al-jadida,منطقة الجديدة,31.968207,45.410747,7.0,42.0,5.0,0.0,0.0,0.0,0.0,0.0,0.0,0.0,2.0,0.0,0.0,0.0,0.0,0.0,0.0,0.0,0.0,0.0,0.0,2.0,0.0,0.0,0.0,0.0,0.0,0.0,5.0,0.0,0.0,5.0,0.0,0.0,0.0,0.0,0.0,0.0,0.0,0.0,0.0,0.0,2.0,0.0,0.0,2.0,5.0,0.0,0.0,5.0,0.0,0.0,0.0,0.0,0.0,0.0,0.0,0.0,"Mar 17, 2016"
3606,3601011.0,2618.0,Qadissiya,Afaq,Albu Ali Village,قرية البوعلي,31.8667,45.5118,12.0,72.0,1.0,0.0,0.0,0.0,0.0,0.0,0.0,0.0,6.0,0.0,0.0,0.0,0.0,0.0,5.0,0.0,0.0,0.0,0.0,9.0,0.0,0.0,0.0,0.0,0.0,0.0,3.0,0.0,0.0,3.0,0.0,0.0,0.0,0.0,0.0,0.0,0.0,0.0,0.0,0.0,0.0,0.0,11.0,0.0,0.0,11.0,1.0,0.0,0.0,1.0,0.0,0.0,0.0,0.0,0.0,0.0,"Mar 17, 2016"
3607,3601012.0,3205.0,Qadissiya,Afaq,Al-Dariya village,قرية الدرعية,32.073181,45.132609,2.0,12.0,0.0,0.0,0.0,0.0,0.0,0.0,0.0,0.0,0.0,0.0,0.0,0.0,2.0,0.0,0.0,0.0,0.0,0.0,0.0,2.0,0.0,0.0,0.0,0.0,0.0,0.0,0.0,0.0,0.0,0.0,0.0,0.0,0.0,0.0,0.0,0.0,0.0,0.0,0.0,0.0,0.0,0.0,2.0,0.0,0.0,2.0,0.0,0.0,0.0,0.0,0.0,0.0,0.0,0.0,0.0,0.0,"Mar 17, 2016"
3608,3601013.0,3035.0,Qadissiya,Afaq,fadhel allah village,قرية فضل الله,32.031321,45.091121,2.0,12.0,0.0,0.0,0.0,0.0,0.0,0.0,0.0,0.0,0.0,0.0,0.0,0.0,2.0,0.0,0.0,0.0,0.0,0.0,0.0,0.0,0.0,0.0,0.0,0.0,0.0,2.0,0.0,2.0,0.0,0.0,0.0,0.0,0.0,0.0,0.0,0.0,0.0,0.0,0.0,0.0,0.0,0.0,2.0,0.0,0.0,2.0,0.0,0.0,0.0,0.0,0.0,0.0,0.0,0.0,0.0,0.0,"Mar 17, 2016"
3609,3601014.0,25381.0,Qadissiya,Afaq,Al-Mahtrj village,قرية المحترج,32.032156,45.095471,4.0,24.0,0.0,0.0,0.0,0.0,0.0,0.0,0.0,0.0,0.0,0.0,0.0,0.0,4.0,0.0,0.0,0.0,0.0,0.0,0.0,0.0,0.0,0.0,0.0,0.0,0.0,4.0,0.0,4.0,0.0,0.0,0.0,0.0,0.0,0.0,0.0,0.0,0.0,0.0,0.0,0.0,0.0,0.0,4.0,0.0,0.0,4.0,0.0,0.0,0.0,0.0,0.0,0.0,0.0,0.0,0.0,0.0,"Mar 17, 2016"
3610,3601015.0,3392.0,Qadissiya,Afaq,AL-Qati,القاطع,32.053763984,45.2333997609,36.0,216.0,11.0,0.0,0.0,0.0,0.0,0.0,0.0,0.0,17.0,0.0,0.0,0.0,8.0,0.0,0.0,0.0,0.0,0.0,0.0,9.0,0.0,0.0,0.0,0.0,0.0,4.0,22.0,4.0,0.0,22.0,0.0,0.0,0.0,0.0,1.0,0.0,0.0,1.0,0.0,0.0,17.0,0.0,8.0,17.0,11.0,8.0,0.0,11.0,0.0,0.0,0.0,0.0,0.0,0.0,0.0,0.0,"Mar 17, 2016"
3611,3601016.0,24601.0,Qadissiya,Afaq,Al-Sabkaia,الصبخاية,32.1524920536,45.0048223871,23.0,138.0,3.0,0.0,1.0,0.0,0.0,0.0,0.0,0.0,0.0,0.0,0.0,0.0,19.0,0.0,0.0,0.0,0.0,0.0,0.0,5.0,0.0,0.0,0.0,0.0,0.0,0.0,18.0,0.0,0.0,18.0,0.0,0.0,0.0,0.0,0.0,0.0,0.0,0.0,1.0,0.0,0.0,1.0,19.0,0.0,3.0,19.0,0.0,3.0,0.0,0.0,0.0,0.0,0.0,0.0,0.0,0.0,"Mar 17, 2016"
3612,3601017.0,3116.0,Qadissiya,Afaq,Al-sadaa al-muhania village,قرية السادة المحانية,32.0584227485,45.1627648746,12.0,72.0,2.0,0.0,0.0,0.0,0.0,0.0,0.0,0.0,0.0,0.0,0.0,0.0,10.0,0.0,0.0,0.0,0.0,0.0,0.0,0.0,0.0,0.0,0.0,0.0,0.0,7.0,5.0,7.0,0.0,5.0,0.0,0.0,0.0,0.0,0.0,0.0,0.0,0.0,0.0,0.0,2.0,0.0,8.0,2.0,2.0,8.0,0.0,2.0,0.0,0.0,0.0,0.0,0.0,0.0,0.0,0.0,"Mar 17, 2016"
3613,3601018.0,2795.0,Qadissiya,Afaq,Hay Al-sakban,حي الصكبان,31.9724988705,45.4100497545,19.0,114.0,9.0,0.0,0.0,0.0,0.0,0.0,0.0,0.0,10.0,0.0,0.0,0.0,0.0,0.0,0.0,0.0,0.0,0.0,0.0,0.0,0.0,0.0,0.0,0.0,0.0,0.0,19.0,0.0,0.0,19.0,0.0,0.0,0.0,0.0,0.0,0.0,0.0,0.0,5.0,0.0,10.0,5.0,0.0,10.0,4.0,0.0,0.0,4.0,0.0,0.0,0.0,0.0,0.0,0.0,0.0,0.0,"Mar 17, 2016"
3614,3601019.0,3109.0,Qadissiya,Afaq,Al-shariaa village,قرية الشريعة,32.0544099539,45.1511169552,4.0,24.0,0.0,0.0,0.0,0.0,0.0,0.0,0.0,0.0,0.0,0.0,0.0,0.0,4.0,0.0,0.0,0.0,0.0,0.0,0.0,0.0,0.0,0.0,0.0,0.0,0.0,4.0,0.0,4.0,0.0,0.0,0.0,0.0,0.0,0.0,0.0,0.0,0.0,0.0,0.0,0.0,0.0,0.0,4.0,0.0,0.0,4.0,0.0,0.0,0.0,0.0,0.0,0.0,0.0,0.0,0.0,0.0,"Mar 17, 2016"
3615,3601020.0,22751.0,Qadissiya,Afaq,Hay Al Jumhoriyah,حي الجمهورية ,32.1524027887,45.0014419198,18.0,108.0,1.0,0.0,0.0,0.0,0.0,0.0,0.0,0.0,0.0,0.0,0.0,0.0,17.0,0.0,0.0,0.0,0.0,0.0,0.0,9.0,0.0,0.0,0.0,0.0,0.0,0.0,9.0,0.0,0.0,9.0,0.0,0.0,0.0,0.0,0.0,0.0,0.0,0.0,0.0,0.0,0.0,0.0,17.0,0.0,1.0,17.0,0.0,1.0,0.0,0.0,0.0,0.0,0.0,0.0,0.0,0.0,"Mar 17, 2016"
3616,3601021.0,24288.0,Qadissiya,Afaq,Hay Al Zahraa,حي الزهراء,32.063236116,45.2367269271,30.0,180.0,11.0,0.0,0.0,0.0,0.0,0.0,0.0,0.0,2.0,0.0,0.0,0.0,16.0,0.0,1.0,0.0,0.0,0.0,0.0,5.0,0.0,0.0,0.0,0.0,0.0,4.0,19.0,4.0,0.0,19.0,0.0,0.0,0.0,0.0,2.0,0.0,0.0,2.0,0.0,0.0,3.0,0.0,17.0,3.0,8.0,17.0,2.0,8.0,0.0,2.0,0.0,0.0,0.0,0.0,0.0,0.0,"Mar 17, 2016"
3617,3601022.0,3362.0,Qadissiya,Afaq,Hay Al-Askari,حي العسكري ,32.0660688363,45.2406862068,30.0,180.0,17.0,0.0,2.0,0.0,0.0,0.0,0.0,0.0,6.0,0.0,0.0,0.0,5.0,0.0,0.0,0.0,0.0,0.0,0.0,5.0,0.0,0.0,0.0,0.0,0.0,0.0,25.0,0.0,0.0,25.0,0.0,0.0,0.0,0.0,0.0,0.0,0.0,0.0,0.0,0.0,9.0,0.0,12.0,9.0,6.0,12.0,3.0,6.0,0.0,3.0,0.0,0.0,0.0,0.0,0.0,0.0,"Mar 17, 2016"
3618,3601023.0,24488.0,Qadissiya,Afaq,Hay Al-Hakeem,حي الحكيم,32.1496902557,44.995358897,33.0,198.0,14.0,0.0,0.0,0.0,0.0,0.0,0.0,0.0,0.0,0.0,0.0,0.0,19.0,0.0,0.0,0.0,0.0,0.0,0.0,10.0,0.0,0.0,0.0,0.0,0.0,0.0,20.0,0.0,0.0,20.0,0.0,0.0,0.0,0.0,3.0,0.0,0.0,3.0,0.0,0.0,0.0,0.0,19.0,0.0,10.0,19.0,4.0,10.0,0.0,4.0,0.0,0.0,0.0,0.0,0.0,0.0,"Mar 17, 2016"
3619,3601024.0,25382.0,Qadissiya,Afaq,Hay Al-Hussein,حي الحسين,32.0627755943,45.2546195241,36.0,216.0,10.0,2.0,0.0,0.0,0.0,0.0,0.0,0.0,0.0,0.0,0.0,0.0,24.0,0.0,0.0,0.0,0.0,0.0,0.0,12.0,0.0,0.0,0.0,0.0,0.0,7.0,17.0,7.0,0.0,17.0,0.0,0.0,0.0,0.0,0.0,0.0,0.0,0.0,4.0,0.0,12.0,4.0,10.0,12.0,6.0,10.0,4.0,6.0,0.0,4.0,0.0,0.0,0.0,0.0,0.0,0.0,"Mar 17, 2016"
3620,3601025.0,25379.0,Qadissiya,Afaq,Hay Al-Imam,حي الامام,32.054082,45.142773,6.0,36.0,0.0,0.0,0.0,0.0,0.0,0.0,0.0,0.0,0.0,0.0,0.0,0.0,6.0,0.0,0.0,0.0,0.0,0.0,0.0,0.0,0.0,0.0,0.0,0.0,0.0,6.0,0.0,6.0,0.0,0.0,0.0,0.0,0.0,0.0,0.0,0.0,0.0,0.0,0.0,0.0,0.0,0.0,6.0,0.0,0.0,6.0,0.0,0.0,0.0,0.0,0.0,0.0,0.0,0.0,0.0,0.0,"Mar 17, 2016"
3621,3601026.0,2802.0,Qadissiya,Afaq,Hay al-jihad,حي الجهاد,31.973435632,45.4134042219,36.0,216.0,0.0,0.0,0.0,0.0,0.0,0.0,0.0,0.0,22.0,0.0,0.0,0.0,14.0,0.0,0.0,0.0,0.0,0.0,0.0,10.0,0.0,8.0,0.0,0.0,8.0,0.0,18.0,0.0,0.0,18.0,0.0,0.0,0.0,0.0,0.0,0.0,0.0,0.0,0.0,0.0,23.0,0.0,13.0,23.0,0.0,13.0,0.0,0.0,0.0,0.0,0.0,0.0,0.0,0.0,0.0,0.0,"Mar 17, 2016"
3622,3601028.0,25501.0,Qadissiya,Afaq,Hay Al-Oroba,حي العروبة,32.151274,45.000907,12.0,72.0,3.0,0.0,0.0,0.0,0.0,0.0,0.0,0.0,0.0,0.0,0.0,0.0,9.0,0.0,0.0,0.0,0.0,0.0,0.0,4.0,0.0,0.0,0.0,0.0,0.0,0.0,8.0,0.0,0.0,8.0,0.0,0.0,0.0,0.0,0.0,0.0,0.0,0.0,0.0,0.0,0.0,0.0,9.0,0.0,0.0,9.0,3.0,0.0,0.0,3.0,0.0,0.0,0.0,0.0,0.0,0.0,"Mar 17, 2016"
3623,3601029.0,25376.0,Qadissiya,Afaq,Hay Al-Rahma,حي الرحمه,31.96413,45.415137,4.0,24.0,0.0,0.0,0.0,0.0,0.0,0.0,0.0,0.0,2.0,0.0,0.0,0.0,2.0,0.0,0.0,0.0,0.0,0.0,0.0,2.0,0.0,0.0,0.0,0.0,0.0,0.0,2.0,0.0,0.0,2.0,0.0,0.0,0.0,0.0,0.0,0.0,0.0,0.0,0.0,0.0,0.0,0.0,4.0,0.0,0.0,4.0,0.0,0.0,0.0,0.0,0.0,0.0,0.0,0.0,0.0,0.0,"Mar 17, 2016"
3624,3601030.0,3360.0,Qadissiya,Afaq,Hay Al-Rasoul,حي الرسول,32.067178,45.246526,20.0,120.0,14.0,0.0,0.0,0.0,0.0,0.0,0.0,0.0,0.0,0.0,0.0,0.0,6.0,0.0,0.0,0.0,0.0,0.0,0.0,3.0,0.0,0.0,0.0,0.0,0.0,0.0,17.0,0.0,0.0,17.0,0.0,0.0,0.0,0.0,0.0,0.0,0.0,0.0,0.0,0.0,2.0,0.0,4.0,2.0,9.0,4.0,5.0,9.0,0.0,5.0,0.0,0.0,0.0,0.0,0.0,0.0,"Mar 17, 2016"
3625,3601031.0,25378.0,Qadissiya,Afaq,Hay Al-Sadrain,حي الصدرين,31.9779288769,45.3971406447,14.0,84.0,0.0,2.0,0.0,0.0,0.0,0.0,0.0,0.0,5.0,0.0,0.0,0.0,7.0,0.0,0.0,0.0,0.0,0.0,0.0,0.0,0.0,0.0,0.0,0.0,0.0,0.0,12.0,0.0,0.0,12.0,0.0,0.0,0.0,0.0,2.0,0.0,0.0,2.0,0.0,0.0,5.0,0.0,9.0,5.0,0.0,9.0,0.0,0.0,0.0,0.0,0.0,0.0,0.0,0.0,0.0,0.0,"Mar 17, 2016"
3626,3601032.0,2803.0,Qadissiya,Afaq,Hay Al-Salam(Random Area),حي السلام-منطقة التجاوز,32.061577,45.227755,19.0,114.0,12.0,0.0,0.0,0.0,0.0,0.0,0.0,0.0,0.0,0.0,0.0,0.0,7.0,0.0,0.0,0.0,0.0,0.0,0.0,5.0,0.0,0.0,0.0,0.0,0.0,0.0,12.0,0.0,0.0,12.0,0.0,0.0,0.0,0.0,2.0,0.0,0.0,2.0,0.0,0.0,0.0,0.0,7.0,0.0,8.0,7.0,4.0,8.0,0.0,4.0,0.0,0.0,0.0,0.0,0.0,0.0,"Mar 17, 2016"
3627,3601033.0,25380.0,Qadissiya,Afaq,Hay Al-Salam,حي السلام,32.047431,45.141245,17.0,102.0,0.0,0.0,0.0,0.0,0.0,0.0,0.0,0.0,0.0,0.0,0.0,0.0,17.0,0.0,0.0,0.0,0.0,0.0,0.0,0.0,0.0,0.0,0.0,0.0,0.0,17.0,0.0,17.0,0.0,0.0,0.0,0.0,0.0,0.0,0.0,0.0,0.0,0.0,0.0,0.0,6.0,0.0,11.0,6.0,0.0,11.0,0.0,0.0,0.0,0.0,0.0,0.0,0.0,0.0,0.0,0.0,"Mar 17, 2016"
3628,3601035.0,3368.0,Qadissiya,Afaq,Hay Al-Waili,حي الوائلي,32.0555827137,45.2372474364,16.0,96.0,4.0,0.0,0.0,0.0,0.0,0.0,0.0,0.0,3.0,0.0,0.0,0.0,9.0,0.0,0.0,0.0,0.0,0.0,0.0,0.0,0.0,0.0,0.0,0.0,0.0,0.0,16.0,0.0,0.0,16.0,0.0,0.0,0.0,0.0,0.0,0.0,0.0,0.0,0.0,0.0,3.0,0.0,9.0,3.0,4.0,9.0,0.0,4.0,0.0,0.0,0.0,0.0,0.0,0.0,0.0,0.0,"Mar 17, 2016"
3629,3601036.0,22451.0,Qadissiya,Afaq,Hay Wajaan,حي وجعان,32.145235,45.001085,9.0,54.0,3.0,0.0,0.0,0.0,0.0,0.0,0.0,0.0,1.0,0.0,0.0,0.0,5.0,0.0,0.0,0.0,0.0,0.0,0.0,2.0,0.0,0.0,0.0,0.0,0.0,0.0,7.0,0.0,0.0,7.0,0.0,0.0,0.0,0.0,0.0,0.0,0.0,0.0,0.0,0.0,2.0,0.0,4.0,2.0,3.0,4.0,0.0,3.0,0.0,0.0,0.0,0.0,0.0,0.0,0.0,0.0,"Mar 17, 2016"
3630,3601037.0,3366.0,Qadissiya,Afaq,Mantaket Al-Agaba,منطقة العكبة,32.067284,45.247279,8.0,48.0,6.0,0.0,0.0,0.0,0.0,0.0,0.0,0.0,2.0,0.0,0.0,0.0,0.0,0.0,0.0,0.0,0.0,0.0,0.0,2.0,0.0,0.0,0.0,0.0,0.0,0.0,6.0,0.0,0.0,6.0,0.0,0.0,0.0,0.0,0.0,0.0,0.0,0.0,0.0,0.0,2.0,0.0,0.0,2.0,6.0,0.0,0.0,6.0,0.0,0.0,0.0,0.0,0.0,0.0,0.0,0.0,"Mar 17, 2016"
3631,3601038.0,25503.0,Qadissiya,Afaq,Mantaket Al-Alwaa,منطقة العلوة,32.151228,44.999053,5.0,30.0,0.0,0.0,0.0,0.0,0.0,0.0,0.0,0.0,0.0,0.0,0.0,0.0,5.0,0.0,0.0,0.0,0.0,0.0,0.0,1.0,0.0,0.0,0.0,0.0,0.0,0.0,4.0,0.0,0.0,4.0,0.0,0.0,0.0,0.0,0.0,0.0,0.0,0.0,0.0,0.0,0.0,0.0,5.0,0.0,0.0,5.0,0.0,0.0,0.0,0.0,0.0,0.0,0.0,0.0,0.0,0.0,"Mar 17, 2016"
3632,3601039.0,3074.0,Qadissiya,Afaq,Mantaket Al-Zwiya,منطقة الزوية,32.064086,45.249973,11.0,66.0,10.0,0.0,0.0,0.0,0.0,0.0,0.0,0.0,0.0,0.0,0.0,0.0,1.0,0.0,0.0,0.0,0.0,0.0,0.0,0.0,0.0,0.0,0.0,0.0,0.0,0.0,3.0,0.0,0.0,3.0,0.0,0.0,0.0,0.0,8.0,0.0,0.0,8.0,0.0,0.0,0.0,0.0,1.0,0.0,4.0,1.0,6.0,4.0,0.0,6.0,0.0,0.0,0.0,0.0,0.0,0.0,"Mar 17, 2016"
3633,3601040.0,25377.0,Qadissiya,Afaq,Mantaqet Alsooq,منطقة السوق,31.9740101276,45.406389283,8.0,48.0,5.0,0.0,0.0,0.0,0.0,0.0,0.0,0.0,3.0,0.0,0.0,0.0,0.0,0.0,0.0,0.0,0.0,0.0,0.0,3.0,0.0,0.0,0.0,0.0,0.0,0.0,5.0,0.0,0.0,5.0,0.0,0.0,0.0,0.0,0.0,0.0,0.0,0.0,0.0,0.0,0.0,0.0,3.0,0.0,3.0,3.0,2.0,3.0,0.0,2.0,0.0,0.0,0.0,0.0,0.0,0.0,"Mar 17, 2016"
3634,3601042.0,22117.0,Qadissiya,Afaq,Hay Muslim Bin Aqeel,حي مسلم ابن عقيل,32.055192,45.235752,7.0,42.0,7.0,0.0,0.0,0.0,0.0,0.0,0.0,0.0,0.0,0.0,0.0,0.0,0.0,0.0,0.0,0.0,0.0,0.0,0.0,0.0,0.0,0.0,0.0,0.0,0.0,0.0,7.0,0.0,0.0,7.0,0.0,0.0,0.0,0.0,0.0,0.0,0.0,0.0,0.0,0.0,0.0,0.0,0.0,0.0,5.0,0.0,2.0,5.0,0.0,2.0,0.0,0.0,0.0,0.0,0.0,0.0,"Mar 17, 2016"
3635,3601043.0,3187.0,Qadissiya,Afaq,Qaryat Al-Ein,قرية العين,32.084064,45.119458,9.0,54.0,0.0,0.0,0.0,0.0,0.0,0.0,0.0,0.0,6.0,0.0,0.0,0.0,3.0,0.0,0.0,0.0,0.0,0.0,0.0,4.0,0.0,0.0,0.0,0.0,0.0,5.0,0.0,5.0,0.0,0.0,0.0,0.0,0.0,0.0,0.0,0.0,0.0,0.0,0.0,0.0,6.0,0.0,3.0,6.0,0.0,3.0,0.0,0.0,0.0,0.0,0.0,0.0,0.0,0.0,0.0,0.0,"Mar 17, 2016"
3636,3601044.0,25502.0,Qadissiya,Afaq,Hay Al-Askary,حي العسكري,32.1451122262,44.9928492229,25.0,150.0,9.0,0.0,1.0,0.0,0.0,0.0,0.0,0.0,0.0,0.0,0.0,0.0,15.0,0.0,0.0,0.0,0.0,0.0,0.0,1.0,0.0,0.0,0.0,0.0,0.0,2.0,22.0,2.0,0.0,22.0,0.0,0.0,0.0,0.0,0.0,0.0,0.0,0.0,0.0,0.0,0.0,0.0,16.0,0.0,0.0,16.0,9.0,0.0,0.0,9.0,0.0,0.0,0.0,0.0,0.0,0.0,"Mar 17, 2016"
3637,3601046.0,25374.0,Qadissiya,Afaq,Tajamo Al-Mohajreen,تجمع المهاجرين,31.9801058248,45.4142962125,22.0,132.0,1.0,0.0,0.0,0.0,0.0,0.0,0.0,0.0,21.0,0.0,0.0,0.0,0.0,0.0,0.0,0.0,0.0,0.0,0.0,16.0,0.0,0.0,0.0,0.0,0.0,0.0,6.0,0.0,0.0,6.0,0.0,0.0,0.0,0.0,0.0,0.0,0.0,0.0,0.0,0.0,14.0,0.0,7.0,14.0,0.0,7.0,1.0,0.0,0.0,1.0,0.0,0.0,0.0,0.0,0.0,0.0,"Mar 17, 2016"
3638,3601047.0,25373.0,Qadissiya,Afaq,Tajamo Al-Shara,تجمع الشرع,31.9727531774,45.4000164382,10.0,60.0,0.0,0.0,0.0,0.0,0.0,0.0,0.0,0.0,6.0,0.0,0.0,0.0,3.0,0.0,1.0,0.0,0.0,0.0,0.0,4.0,0.0,4.0,0.0,0.0,4.0,0.0,2.0,0.0,0.0,2.0,0.0,0.0,0.0,0.0,0.0,0.0,0.0,0.0,0.0,0.0,7.0,0.0,3.0,7.0,0.0,3.0,0.0,0.0,0.0,0.0,0.0,0.0,0.0,0.0,0.0,0.0,"Mar 17, 2016"
3639,3601048.0,25375.0,Qadissiya,Afaq,Tajamo Zamel,تجمع زامل,31.9679628359,45.4217653815,62.0,372.0,0.0,0.0,0.0,0.0,0.0,1.0,0.0,0.0,4.0,0.0,0.0,0.0,57.0,0.0,0.0,0.0,0.0,0.0,0.0,6.0,0.0,0.0,0.0,0.0,0.0,55.0,1.0,55.0,0.0,1.0,0.0,0.0,0.0,0.0,0.0,0.0,0.0,0.0,0.0,0.0,0.0,0.0,21.0,0.0,41.0,21.0,0.0,41.0,0.0,0.0,0.0,0.0,0.0,0.0,0.0,0.0,"Mar 17, 2016"
3640,3602001.0,25561.0,Qadissiya,Al-Shamiya,Abu Kufoof Al-jenobi,ابو كفوف الجنوبي,32.037687,44.559486,7.0,42.0,3.0,0.0,0.0,0.0,0.0,0.0,0.0,0.0,0.0,0.0,0.0,0.0,4.0,0.0,0.0,0.0,0.0,0.0,0.0,4.0,0.0,0.0,0.0,0.0,0.0,0.0,3.0,0.0,0.0,3.0,0.0,0.0,0.0,0.0,0.0,0.0,0.0,0.0,0.0,0.0,0.0,0.0,4.0,0.0,1.0,4.0,2.0,1.0,0.0,2.0,0.0,0.0,0.0,0.0,0.0,0.0,"Mar 17, 2016"
3641,3602003.0,25505.0,Qadissiya,Al-Shamiya,Ager village,قرية عكر,32.0395967,44.5595684071,15.0,90.0,7.0,0.0,0.0,0.0,0.0,0.0,0.0,0.0,0.0,0.0,0.0,0.0,8.0,0.0,0.0,0.0,0.0,0.0,0.0,5.0,0.0,0.0,0.0,0.0,0.0,0.0,10.0,0.0,0.0,10.0,0.0,0.0,0.0,0.0,0.0,0.0,0.0,0.0,0.0,0.0,8.0,0.0,0.0,8.0,0.0,0.0,7.0,0.0,0.0,7.0,0.0,0.0,0.0,0.0,0.0,0.0,"Mar 17, 2016"
3642,3602004.0,22683.0,Qadissiya,Al-Shamiya,Mantaket Al Hezam Al Akhdhar,منطقة الحزام الاخضر ,31.737460491,44.6099555827,11.0,66.0,0.0,0.0,0.0,0.0,0.0,0.0,0.0,0.0,0.0,0.0,0.0,0.0,11.0,0.0,0.0,0.0,0.0,0.0,0.0,2.0,0.0,0.0,0.0,0.0,0.0,9.0,0.0,9.0,0.0,0.0,0.0,0.0,0.0,0.0,0.0,0.0,0.0,0.0,0.0,0.0,4.0,0.0,7.0,4.0,0.0,7.0,0.0,0.0,0.0,0.0,0.0,0.0,0.0,0.0,0.0,0.0,"Mar 17, 2016"
3643,3602005.0,25566.0,Qadissiya,Al-Shamiya,Hay Al-Askary,حي العسكري,32.0527777707,44.5625420894,9.0,54.0,5.0,0.0,0.0,0.0,0.0,0.0,0.0,0.0,0.0,0.0,0.0,0.0,4.0,0.0,0.0,0.0,0.0,0.0,0.0,0.0,0.0,0.0,0.0,0.0,0.0,0.0,9.0,0.0,0.0,9.0,0.0,0.0,0.0,0.0,0.0,0.0,0.0,0.0,0.0,0.0,0.0,0.0,4.0,0.0,2.0,4.0,3.0,2.0,0.0,3.0,0.0,0.0,0.0,0.0,0.0,0.0,"Mar 17, 2016"
3644,3602006.0,2749.0,Qadissiya,Al-Shamiya,Hay Al-aaskary al-gharby,حي العسكري الغربي,31.9572482491,44.5736161349,58.0,348.0,5.0,0.0,0.0,0.0,0.0,0.0,0.0,0.0,1.0,0.0,0.0,0.0,48.0,0.0,4.0,0.0,0.0,0.0,0.0,10.0,0.0,0.0,0.0,0.0,0.0,30.0,18.0,30.0,0.0,18.0,0.0,0.0,0.0,0.0,0.0,0.0,0.0,0.0,0.0,0.0,27.0,0.0,24.0,27.0,7.0,24.0,0.0,7.0,0.0,0.0,0.0,0.0,0.0,0.0,0.0,0.0,"Mar 17, 2016"
3645,3602007.0,2789.0,Qadissiya,Al-Shamiya,Hay Al-aaskary al-sharqy,حي العسكري الشرقي ,31.9617649633,44.6063446786,25.0,150.0,12.0,0.0,0.0,0.0,0.0,0.0,0.0,0.0,0.0,0.0,0.0,0.0,13.0,0.0,0.0,0.0,0.0,0.0,0.0,2.0,0.0,0.0,0.0,0.0,0.0,0.0,23.0,0.0,0.0,23.0,0.0,0.0,0.0,0.0,0.0,0.0,0.0,0.0,0.0,0.0,0.0,0.0,13.0,0.0,12.0,13.0,0.0,12.0,0.0,0.0,0.0,0.0,0.0,0.0,0.0,0.0,"Mar 17, 2016"
3646,3602008.0,25911.0,Qadissiya,Al-Shamiya,Al-Alwa Village,قرية العلوة,32.0351,44.616433,4.0,24.0,0.0,0.0,0.0,0.0,0.0,0.0,0.0,0.0,2.0,0.0,0.0,0.0,2.0,0.0,0.0,0.0,0.0,0.0,0.0,3.0,0.0,0.0,0.0,0.0,0.0,0.0,1.0,0.0,0.0,1.0,0.0,0.0,0.0,0.0,0.0,0.0,0.0,0.0,0.0,0.0,2.0,0.0,2.0,2.0,0.0,2.0,0.0,0.0,0.0,0.0,0.0,0.0,0.0,0.0,0.0,0.0,"Mar 17, 2016"
3647,3602009.0,25914.0,Qadissiya,Al-Shamiya,Al-Felahi,الفلاحي,31.998618,44.563676,10.0,60.0,0.0,0.0,0.0,0.0,0.0,0.0,0.0,0.0,0.0,0.0,0.0,0.0,10.0,0.0,0.0,0.0,0.0,0.0,0.0,6.0,0.0,0.0,0.0,0.0,0.0,4.0,0.0,4.0,0.0,0.0,0.0,0.0,0.0,0.0,0.0,0.0,0.0,0.0,0.0,0.0,10.0,0.0,0.0,10.0,0.0,0.0,0.0,0.0,0.0,0.0,0.0,0.0,0.0,0.0,0.0,0.0,"Mar 17, 2016"
3648,3602010.0,2998.0,Qadissiya,Al-Shamiya,Al-ghrabia,الغرابية,32.0175002631,44.5442523741,7.0,42.0,0.0,0.0,0.0,0.0,0.0,0.0,0.0,0.0,0.0,0.0,0.0,0.0,7.0,0.0,0.0,0.0,0.0,0.0,0.0,3.0,0.0,0.0,0.0,0.0,0.0,4.0,0.0,4.0,0.0,0.0,0.0,0.0,0.0,0.0,0.0,0.0,0.0,0.0,0.0,0.0,6.0,0.0,1.0,6.0,0.0,1.0,0.0,0.0,0.0,0.0,0.0,0.0,0.0,0.0,0.0,0.0,"Mar 17, 2016"
3649,3602011.0,25910.0,Qadissiya,Al-Shamiya,Hay Al-Hussein,حي الحسين,32.0561537227,44.5585173817,6.0,36.0,6.0,0.0,0.0,0.0,0.0,0.0,0.0,0.0,0.0,0.0,0.0,0.0,0.0,0.0,0.0,0.0,0.0,0.0,0.0,0.0,0.0,0.0,0.0,0.0,0.0,0.0,6.0,0.0,0.0,6.0,0.0,0.0,0.0,0.0,0.0,0.0,0.0,0.0,0.0,0.0,0.0,0.0,0.0,0.0,3.0,0.0,3.0,3.0,0.0,3.0,0.0,0.0,0.0,0.0,0.0,0.0,"Mar 17, 2016"
3650,3602012.0,25909.0,Qadissiya,Al-Shamiya,Hay Al-Zahraa,حي الزهراء,32.0504151376,44.5612889885,4.0,24.0,3.0,0.0,0.0,0.0,0.0,0.0,0.0,0.0,0.0,0.0,0.0,0.0,1.0,0.0,0.0,0.0,0.0,0.0,0.0,0.0,0.0,0.0,0.0,0.0,0.0,0.0,4.0,0.0,0.0,4.0,0.0,0.0,0.0,0.0,0.0,0.0,0.0,0.0,0.0,0.0,0.0,0.0,1.0,0.0,2.0,1.0,1.0,2.0,0.0,1.0,0.0,0.0,0.0,0.0,0.0,0.0,"Mar 17, 2016"
3651,3602014.0,25913.0,Qadissiya,Al-Shamiya,Mahlat Al-Souq,محلة السوق,32.0189198095,44.5477983619,13.0,78.0,2.0,0.0,0.0,0.0,0.0,0.0,0.0,0.0,2.0,0.0,0.0,0.0,9.0,0.0,0.0,0.0,0.0,0.0,0.0,0.0,0.0,0.0,0.0,0.0,0.0,0.0,3.0,0.0,0.0,3.0,0.0,0.0,7.0,0.0,3.0,7.0,0.0,3.0,0.0,0.0,11.0,0.0,0.0,11.0,0.0,0.0,2.0,0.0,0.0,2.0,0.0,0.0,0.0,0.0,0.0,0.0,"Mar 17, 2016"
3652,3602015.0,25558.0,Qadissiya,Al-Shamiya,Al-Warawsha Village,قرية الوراوشة,31.96089,44.589544,17.0,102.0,9.0,0.0,0.0,0.0,0.0,0.0,0.0,0.0,0.0,0.0,0.0,0.0,8.0,0.0,0.0,0.0,0.0,0.0,0.0,14.0,0.0,0.0,0.0,0.0,0.0,0.0,3.0,0.0,0.0,3.0,0.0,0.0,0.0,0.0,0.0,0.0,0.0,0.0,0.0,0.0,0.0,0.0,8.0,0.0,0.0,8.0,9.0,0.0,0.0,9.0,0.0,0.0,0.0,0.0,0.0,0.0,"Mar 17, 2016"
3653,3602016.0,25858.0,Qadissiya,Al-Shamiya,Ghammas Al-Garb,غماس الغرب,31.7390364835,44.6024831037,25.0,150.0,10.0,0.0,0.0,0.0,0.0,0.0,0.0,0.0,0.0,0.0,0.0,0.0,15.0,0.0,0.0,0.0,0.0,0.0,0.0,10.0,0.0,0.0,0.0,0.0,0.0,0.0,15.0,0.0,0.0,15.0,0.0,0.0,0.0,0.0,0.0,0.0,0.0,0.0,0.0,0.0,0.0,0.0,15.0,0.0,5.0,15.0,5.0,5.0,0.0,5.0,0.0,0.0,0.0,0.0,0.0,0.0,"Mar 17, 2016"
3654,3602017.0,25857.0,Qadissiya,Al-Shamiya,Ghammas Al-Sharq,غماس الشرق,31.7492896322,44.6152584055,15.0,90.0,0.0,0.0,0.0,0.0,0.0,0.0,0.0,0.0,0.0,0.0,0.0,0.0,15.0,0.0,0.0,0.0,0.0,0.0,0.0,6.0,0.0,0.0,0.0,0.0,0.0,0.0,9.0,0.0,0.0,9.0,0.0,0.0,0.0,0.0,0.0,0.0,0.0,0.0,0.0,0.0,0.0,0.0,15.0,0.0,0.0,15.0,0.0,0.0,0.0,0.0,0.0,0.0,0.0,0.0,0.0,0.0,"Mar 17, 2016"
3655,3602019.0,25279.0,Qadissiya,Al-Shamiya,Al-Asaia Village,قرية العصية,31.7807158401,44.5849598708,19.0,114.0,0.0,0.0,0.0,0.0,0.0,0.0,0.0,0.0,0.0,0.0,0.0,0.0,19.0,0.0,0.0,0.0,0.0,0.0,0.0,0.0,0.0,0.0,0.0,0.0,0.0,0.0,1.0,0.0,0.0,1.0,0.0,0.0,0.0,0.0,18.0,0.0,0.0,18.0,0.0,0.0,8.0,0.0,11.0,8.0,0.0,11.0,0.0,0.0,0.0,0.0,0.0,0.0,0.0,0.0,0.0,0.0,"Mar 17, 2016"
3656,3602020.0,2459.0,Qadissiya,Al-Shamiya,Hawy Village,قرية حاوي,31.7640510197,44.60867809,50.0,300.0,0.0,0.0,0.0,0.0,0.0,0.0,0.0,0.0,0.0,0.0,0.0,0.0,50.0,0.0,0.0,0.0,0.0,0.0,0.0,7.0,0.0,0.0,0.0,0.0,0.0,36.0,7.0,36.0,0.0,7.0,0.0,0.0,0.0,0.0,0.0,0.0,0.0,0.0,0.0,0.0,22.0,0.0,28.0,22.0,0.0,28.0,0.0,0.0,0.0,0.0,0.0,0.0,0.0,0.0,0.0,0.0,"Mar 17, 2016"
3657,3602021.0,22593.0,Qadissiya,Al-Shamiya,Hay Al Tabqa,حي الطبكة,31.7474490652,44.6132781205,51.0,306.0,8.0,0.0,0.0,0.0,0.0,0.0,0.0,0.0,0.0,0.0,0.0,0.0,43.0,0.0,0.0,0.0,0.0,0.0,0.0,17.0,0.0,0.0,0.0,0.0,0.0,7.0,25.0,7.0,0.0,25.0,0.0,0.0,0.0,0.0,2.0,0.0,0.0,2.0,0.0,0.0,0.0,0.0,43.0,0.0,8.0,43.0,0.0,8.0,0.0,0.0,0.0,0.0,0.0,0.0,0.0,0.0,"Mar 17, 2016"
3658,3602022.0,24490.0,Qadissiya,Al-Shamiya,Hay Al-Ameer,حي الامير,32.0491926806,44.5581395416,16.0,96.0,10.0,0.0,0.0,0.0,0.0,0.0,0.0,0.0,0.0,0.0,0.0,0.0,6.0,0.0,0.0,0.0,0.0,0.0,0.0,6.0,0.0,0.0,0.0,0.0,0.0,0.0,10.0,0.0,0.0,10.0,0.0,0.0,0.0,0.0,0.0,0.0,0.0,0.0,0.0,0.0,0.0,0.0,6.0,0.0,7.0,6.0,3.0,7.0,0.0,3.0,0.0,0.0,0.0,0.0,0.0,0.0,"Mar 17, 2016"
3659,3602023.0,25506.0,Qadissiya,Al-Shamiya,Hay Al-Hakim,حي الحكيم,32.046377,44.562148,9.0,54.0,6.0,0.0,0.0,0.0,0.0,2.0,0.0,0.0,0.0,0.0,0.0,0.0,1.0,0.0,0.0,0.0,0.0,0.0,0.0,1.0,0.0,0.0,0.0,0.0,0.0,0.0,8.0,0.0,0.0,8.0,0.0,0.0,0.0,0.0,0.0,0.0,0.0,0.0,0.0,0.0,3.0,0.0,0.0,3.0,6.0,0.0,0.0,6.0,0.0,0.0,0.0,0.0,0.0,0.0,0.0,0.0,"Mar 17, 2016"
3660,3602024.0,2741.0,Qadissiya,Al-Shamiya,Hay al-husien,حي الحسين,31.9609333947,44.5883637294,14.0,84.0,14.0,0.0,0.0,0.0,0.0,0.0,0.0,0.0,0.0,0.0,0.0,0.0,0.0,0.0,0.0,0.0,0.0,0.0,0.0,3.0,0.0,0.0,0.0,0.0,0.0,0.0,11.0,0.0,0.0,11.0,0.0,0.0,0.0,0.0,0.0,0.0,0.0,0.0,1.0,0.0,4.0,1.0,0.0,4.0,9.0,0.0,0.0,9.0,0.0,0.0,0.0,0.0,0.0,0.0,0.0,0.0,"Mar 17, 2016"
3661,3602025.0,2759.0,Qadissiya,Al-Shamiya,Hay al-joumhoury,حي الجمهوري ,31.9652934093,44.6053760592,26.0,156.0,18.0,0.0,0.0,0.0,0.0,0.0,0.0,0.0,0.0,0.0,0.0,0.0,8.0,0.0,0.0,0.0,0.0,0.0,0.0,2.0,0.0,0.0,0.0,0.0,0.0,0.0,24.0,0.0,0.0,24.0,0.0,0.0,0.0,0.0,0.0,0.0,0.0,0.0,0.0,0.0,0.0,0.0,8.0,0.0,17.0,8.0,1.0,17.0,0.0,1.0,0.0,0.0,0.0,0.0,0.0,0.0,"Mar 17, 2016"
3662,3602026.0,2792.0,Qadissiya,Al-Shamiya,Hay al-mualamien,حي المعلمين ,31.96539219,44.6002684752,5.0,30.0,0.0,0.0,5.0,0.0,0.0,0.0,0.0,0.0,0.0,0.0,0.0,0.0,0.0,0.0,0.0,0.0,0.0,0.0,0.0,0.0,0.0,0.0,0.0,0.0,0.0,0.0,5.0,0.0,0.0,5.0,0.0,0.0,0.0,0.0,0.0,0.0,0.0,0.0,0.0,0.0,0.0,0.0,0.0,0.0,5.0,0.0,0.0,5.0,0.0,0.0,0.0,0.0,0.0,0.0,0.0,0.0,"Mar 17, 2016"
3663,3602027.0,25908.0,Qadissiya,Al-Shamiya,Hay Al-Sadrain,حي الصدرين,32.0484724382,44.56163558,7.0,42.0,4.0,0.0,0.0,0.0,0.0,0.0,0.0,0.0,0.0,0.0,0.0,0.0,3.0,0.0,0.0,0.0,0.0,0.0,0.0,3.0,0.0,0.0,0.0,0.0,0.0,0.0,4.0,0.0,0.0,4.0,0.0,0.0,0.0,0.0,0.0,0.0,0.0,0.0,0.0,0.0,0.0,0.0,3.0,0.0,4.0,3.0,0.0,4.0,0.0,0.0,0.0,0.0,0.0,0.0,0.0,0.0,"Mar 17, 2016"
3664,3602028.0,2447.0,Qadissiya,Al-Shamiya,Hay al-salam,حي السلام,31.7416561342,44.6154862582,26.0,156.0,5.0,0.0,0.0,0.0,0.0,0.0,0.0,0.0,0.0,0.0,0.0,0.0,21.0,0.0,0.0,0.0,0.0,0.0,0.0,0.0,0.0,0.0,0.0,0.0,0.0,3.0,23.0,3.0,0.0,23.0,0.0,0.0,0.0,0.0,0.0,0.0,0.0,0.0,0.0,0.0,6.0,0.0,15.0,6.0,5.0,15.0,0.0,5.0,0.0,0.0,0.0,0.0,0.0,0.0,0.0,0.0,"Mar 17, 2016"
3665,3602029.0,24245.0,Qadissiya,Al-Shamiya,Hay Al-Shuhada,حي الشهادة,31.9706870383,44.6112885439,22.0,132.0,14.0,0.0,0.0,0.0,0.0,2.0,0.0,0.0,2.0,0.0,0.0,0.0,4.0,0.0,0.0,0.0,0.0,0.0,0.0,8.0,0.0,0.0,0.0,0.0,0.0,0.0,14.0,0.0,0.0,14.0,0.0,0.0,0.0,0.0,0.0,0.0,0.0,0.0,0.0,0.0,4.0,0.0,4.0,4.0,14.0,4.0,0.0,14.0,0.0,0.0,0.0,0.0,0.0,0.0,0.0,0.0,"Mar 17, 2016"
3666,3602030.0,25565.0,Qadissiya,Al-Shamiya,Hay Al-Sifana,حي السيفانه,32.0595664794,44.5594683314,9.0,54.0,7.0,0.0,0.0,0.0,0.0,0.0,0.0,0.0,0.0,0.0,0.0,0.0,2.0,0.0,0.0,0.0,0.0,0.0,0.0,4.0,0.0,0.0,0.0,0.0,0.0,0.0,5.0,0.0,0.0,5.0,0.0,0.0,0.0,0.0,0.0,0.0,0.0,0.0,0.0,0.0,0.0,0.0,2.0,0.0,5.0,2.0,2.0,5.0,0.0,2.0,0.0,0.0,0.0,0.0,0.0,0.0,"Mar 17, 2016"
3667,3602031.0,2766.0,Qadissiya,Al-Shamiya,Mahlat al-souq,محلة السوق,31.960626198,44.6016230888,44.0,264.0,10.0,0.0,0.0,0.0,0.0,0.0,0.0,0.0,0.0,0.0,0.0,0.0,34.0,0.0,0.0,0.0,0.0,0.0,0.0,17.0,0.0,0.0,0.0,0.0,0.0,0.0,27.0,0.0,0.0,27.0,0.0,0.0,0.0,0.0,0.0,0.0,0.0,0.0,0.0,0.0,25.0,0.0,13.0,25.0,6.0,13.0,0.0,6.0,0.0,0.0,0.0,0.0,0.0,0.0,0.0,0.0,"Mar 17, 2016"
3668,3602032.0,25560.0,Qadissiya,Al-Shamiya,Mantaket Al-Aagmai,منطقة العجمية,31.9740316691,44.6343066854,29.0,174.0,16.0,0.0,0.0,0.0,0.0,0.0,0.0,0.0,0.0,0.0,0.0,0.0,13.0,0.0,0.0,0.0,0.0,0.0,0.0,5.0,0.0,0.0,0.0,0.0,0.0,0.0,24.0,0.0,0.0,24.0,0.0,0.0,0.0,0.0,0.0,0.0,0.0,0.0,0.0,0.0,4.0,0.0,9.0,4.0,12.0,9.0,4.0,12.0,0.0,4.0,0.0,0.0,0.0,0.0,0.0,0.0,"Mar 17, 2016"
3669,3602033.0,25912.0,Qadissiya,Al-Shamiya,Mantaket Al-Taraba,منطقة الترابة,32.050844,44.558891,5.0,30.0,3.0,0.0,0.0,0.0,0.0,0.0,0.0,0.0,0.0,0.0,0.0,0.0,2.0,0.0,0.0,0.0,0.0,0.0,0.0,2.0,0.0,0.0,0.0,0.0,0.0,0.0,3.0,0.0,0.0,3.0,0.0,0.0,0.0,0.0,0.0,0.0,0.0,0.0,0.0,0.0,0.0,0.0,2.0,0.0,0.0,2.0,3.0,0.0,0.0,3.0,0.0,0.0,0.0,0.0,0.0,0.0,"Mar 17, 2016"
3670,3602036.0,25559.0,Qadissiya,Al-Shamiya,Said Rafie village,قرية سيد رافع,31.9721125485,44.6086358864,14.0,84.0,7.0,0.0,2.0,0.0,0.0,5.0,0.0,0.0,0.0,0.0,0.0,0.0,0.0,0.0,0.0,0.0,0.0,0.0,0.0,5.0,0.0,0.0,0.0,0.0,0.0,0.0,9.0,0.0,0.0,9.0,0.0,0.0,0.0,0.0,0.0,0.0,0.0,0.0,0.0,0.0,2.0,0.0,6.0,2.0,6.0,6.0,0.0,6.0,0.0,0.0,0.0,0.0,0.0,0.0,0.0,0.0,"Mar 17, 2016"
3671,3602038.0,25859.0,Qadissiya,Al-Shamiya,Um Showareef village,قرية ام شواريف,31.7564173365,44.616354875,14.0,84.0,0.0,0.0,0.0,0.0,0.0,0.0,0.0,0.0,0.0,0.0,0.0,0.0,14.0,0.0,0.0,0.0,0.0,0.0,0.0,5.0,0.0,0.0,0.0,0.0,0.0,9.0,0.0,9.0,0.0,0.0,0.0,0.0,0.0,0.0,0.0,0.0,0.0,0.0,0.0,0.0,0.0,0.0,14.0,0.0,0.0,14.0,0.0,0.0,0.0,0.0,0.0,0.0,0.0,0.0,0.0,0.0,"Mar 17, 2016"
3672,3603002.0,25515.0,Qadissiya,Diwaniya,Al-Dorees village,قرية ال دوريس,32.207532,44.839033,9.0,54.0,0.0,0.0,0.0,0.0,0.0,0.0,0.0,0.0,2.0,0.0,0.0,0.0,7.0,0.0,0.0,0.0,0.0,0.0,0.0,0.0,0.0,0.0,0.0,0.0,0.0,7.0,2.0,7.0,0.0,2.0,0.0,0.0,0.0,0.0,0.0,0.0,0.0,0.0,0.0,0.0,2.0,0.0,7.0,2.0,0.0,7.0,0.0,0.0,0.0,0.0,0.0,0.0,0.0,0.0,0.0,0.0,"Mar 17, 2016"
3673,3603003.0,22326.0,Qadissiya,Diwaniya,Al Mojamaa Al Sakani,المجمع السكني,31.9818831235,44.9729864563,400.0,2400.0,11.0,0.0,0.0,0.0,0.0,0.0,0.0,0.0,0.0,0.0,0.0,0.0,389.0,0.0,0.0,0.0,0.0,0.0,0.0,0.0,0.0,0.0,0.0,400.0,0.0,0.0,0.0,0.0,0.0,0.0,0.0,0.0,0.0,0.0,0.0,0.0,0.0,0.0,0.0,0.0,5.0,0.0,384.0,5.0,7.0,384.0,4.0,7.0,0.0,4.0,0.0,0.0,0.0,0.0,0.0,0.0,"Mar 17, 2016"
3674,3603004.0,21817.0,Qadissiya,Diwaniya,Hay Al Ghadir,حي الغدير,31.9675105484,44.9538541296,5.0,30.0,0.0,0.0,2.0,0.0,0.0,0.0,0.0,0.0,0.0,0.0,0.0,0.0,2.0,0.0,1.0,0.0,0.0,0.0,0.0,2.0,0.0,0.0,0.0,0.0,0.0,0.0,3.0,0.0,0.0,3.0,0.0,0.0,0.0,0.0,0.0,0.0,0.0,0.0,0.0,0.0,3.0,0.0,2.0,3.0,0.0,2.0,0.0,0.0,0.0,0.0,0.0,0.0,0.0,0.0,0.0,0.0,"Mar 17, 2016"
3675,3603005.0,2943.0,Qadissiya,Diwaniya,Al hamad village,قرية الحمد,32.0040916465,44.9990023729,44.0,264.0,0.0,0.0,0.0,0.0,0.0,0.0,0.0,0.0,0.0,0.0,0.0,0.0,44.0,0.0,0.0,0.0,0.0,0.0,0.0,13.0,0.0,0.0,0.0,0.0,0.0,14.0,10.0,14.0,0.0,10.0,0.0,0.0,0.0,0.0,7.0,0.0,0.0,7.0,0.0,0.0,0.0,0.0,44.0,0.0,0.0,44.0,0.0,0.0,0.0,0.0,0.0,0.0,0.0,0.0,0.0,0.0,"Mar 17, 2016"
3676,3603006.0,22815.0,Qadissiya,Diwaniya,Hay Al Jumhori Al Sharqi,حي الجمهوري الشرقي,31.9917531917,44.9213822107,5.0,30.0,2.0,0.0,0.0,0.0,0.0,2.0,0.0,0.0,0.0,0.0,0.0,0.0,1.0,0.0,0.0,0.0,0.0,0.0,0.0,0.0,0.0,0.0,0.0,0.0,0.0,0.0,5.0,0.0,0.0,5.0,0.0,0.0,0.0,0.0,0.0,0.0,0.0,0.0,0.0,0.0,0.0,0.0,3.0,0.0,2.0,3.0,0.0,2.0,0.0,0.0,0.0,0.0,0.0,0.0,0.0,0.0,"Mar 17, 2016"
3677,3603007.0,24148.0,Qadissiya,Diwaniya,Hay Al Nahda 3,حي النهضة 3,31.9858933407,44.9530462834,30.0,180.0,10.0,0.0,0.0,0.0,0.0,0.0,0.0,0.0,3.0,0.0,0.0,0.0,17.0,0.0,0.0,0.0,0.0,0.0,0.0,17.0,0.0,0.0,0.0,0.0,0.0,0.0,13.0,0.0,0.0,13.0,0.0,0.0,0.0,0.0,0.0,0.0,0.0,0.0,0.0,0.0,13.0,0.0,6.0,13.0,11.0,6.0,0.0,11.0,0.0,0.0,0.0,0.0,0.0,0.0,0.0,0.0,"Mar 17, 2016"
3678,3603008.0,24905.0,Qadissiya,Diwaniya,Al himran village,قرية الحمران,32.0377858076,44.7834731733,31.0,186.0,1.0,0.0,0.0,0.0,0.0,0.0,0.0,0.0,0.0,0.0,0.0,0.0,30.0,0.0,0.0,0.0,0.0,0.0,0.0,2.0,0.0,0.0,0.0,0.0,0.0,20.0,1.0,20.0,0.0,1.0,0.0,0.0,0.0,0.0,8.0,0.0,0.0,8.0,0.0,0.0,30.0,0.0,0.0,30.0,1.0,0.0,0.0,1.0,0.0,0.0,0.0,0.0,0.0,0.0,0.0,0.0,"Mar 17, 2016"
3679,3603009.0,24904.0,Qadissiya,Diwaniya,Um tibashi village,قرية ام طباشي,32.0072806254,44.853895211,30.0,180.0,3.0,0.0,0.0,0.0,0.0,0.0,0.0,0.0,0.0,0.0,0.0,0.0,27.0,0.0,0.0,0.0,0.0,0.0,0.0,11.0,0.0,0.0,0.0,0.0,0.0,18.0,1.0,18.0,0.0,1.0,0.0,0.0,0.0,0.0,0.0,0.0,0.0,0.0,0.0,0.0,26.0,0.0,1.0,26.0,3.0,1.0,0.0,3.0,0.0,0.0,0.0,0.0,0.0,0.0,0.0,0.0,"Mar 17, 2016"
3680,3603010.0,24436.0,Qadissiya,Diwaniya,Albo Hasan village,قرية البو حسن,32.0208274154,44.8188983684,19.0,114.0,6.0,0.0,0.0,0.0,0.0,0.0,0.0,0.0,0.0,0.0,0.0,0.0,13.0,0.0,0.0,0.0,0.0,0.0,0.0,4.0,0.0,0.0,0.0,0.0,0.0,10.0,5.0,10.0,0.0,5.0,0.0,0.0,0.0,0.0,0.0,0.0,0.0,0.0,0.0,0.0,0.0,0.0,12.0,0.0,0.0,12.0,7.0,0.0,0.0,7.0,0.0,0.0,0.0,0.0,0.0,0.0,"Mar 17, 2016"
3681,3603011.0,21946.0,Qadissiya,Diwaniya,Hay Al Wihda 2,حي الوحدة الثانية,31.9916080915,44.9415052607,10.0,60.0,2.0,0.0,0.0,0.0,0.0,0.0,0.0,0.0,4.0,0.0,0.0,0.0,4.0,0.0,0.0,0.0,0.0,0.0,0.0,4.0,0.0,0.0,0.0,0.0,0.0,0.0,6.0,0.0,0.0,6.0,0.0,0.0,0.0,0.0,0.0,0.0,0.0,0.0,0.0,0.0,8.0,0.0,0.0,8.0,2.0,0.0,0.0,2.0,0.0,0.0,0.0,0.0,0.0,0.0,0.0,0.0,"Mar 17, 2016"
3682,3603012.0,21945.0,Qadissiya,Diwaniya,Hay Al Wihda 3,حي الوحده الثالثه,31.9930097281,44.9467431193,15.0,90.0,7.0,0.0,2.0,0.0,0.0,0.0,0.0,0.0,4.0,0.0,0.0,0.0,2.0,0.0,0.0,0.0,0.0,0.0,0.0,7.0,0.0,0.0,0.0,0.0,0.0,0.0,8.0,0.0,0.0,8.0,0.0,0.0,0.0,0.0,0.0,0.0,0.0,0.0,2.0,0.0,0.0,2.0,2.0,0.0,11.0,2.0,0.0,11.0,0.0,0.0,0.0,0.0,0.0,0.0,0.0,0.0,"Mar 17, 2016"
3683,3603013.0,2672.0,Qadissiya,Diwaniya,Al-ataa village,قرية العطاء,31.932926703,44.9052383175,20.0,120.0,0.0,0.0,0.0,0.0,0.0,0.0,0.0,0.0,0.0,0.0,0.0,0.0,20.0,0.0,0.0,0.0,0.0,0.0,0.0,2.0,0.0,0.0,0.0,0.0,0.0,18.0,0.0,18.0,0.0,0.0,0.0,0.0,0.0,0.0,0.0,0.0,0.0,0.0,0.0,0.0,9.0,0.0,11.0,9.0,0.0,11.0,0.0,0.0,0.0,0.0,0.0,0.0,0.0,0.0,0.0,0.0,"Mar 17, 2016"
3684,3603014.0,3033.0,Qadissiya,Diwaniya,Al-bo Hay Alaa Village,قرية البو حي الله,32.034085,44.871688,14.0,84.0,3.0,7.0,0.0,0.0,0.0,0.0,0.0,0.0,0.0,0.0,0.0,0.0,4.0,0.0,0.0,0.0,0.0,0.0,0.0,5.0,0.0,0.0,0.0,0.0,0.0,0.0,9.0,0.0,0.0,9.0,0.0,0.0,0.0,0.0,0.0,0.0,0.0,0.0,0.0,0.0,0.0,0.0,11.0,0.0,3.0,11.0,0.0,3.0,0.0,0.0,0.0,0.0,0.0,0.0,0.0,0.0,"Mar 17, 2016"
3685,3603015.0,3248.0,Qadissiya,Diwaniya,Al-bu hwelaa Village,قرية البو حويله,32.160423,44.893034,11.0,66.0,2.0,0.0,0.0,0.0,0.0,0.0,0.0,0.0,0.0,0.0,0.0,0.0,9.0,0.0,0.0,0.0,0.0,0.0,0.0,0.0,0.0,0.0,0.0,0.0,0.0,9.0,2.0,9.0,0.0,2.0,0.0,0.0,0.0,0.0,0.0,0.0,0.0,0.0,0.0,0.0,0.0,0.0,9.0,0.0,2.0,9.0,0.0,2.0,0.0,0.0,0.0,0.0,0.0,0.0,0.0,0.0,"Mar 17, 2016"
3686,3603016.0,3250.0,Qadissiya,Diwaniya,Al-bu jamal Village,قرية البو جمال,32.180985,44.861391,9.0,54.0,4.0,0.0,0.0,0.0,0.0,0.0,0.0,0.0,0.0,0.0,0.0,0.0,5.0,0.0,0.0,0.0,0.0,0.0,0.0,0.0,0.0,0.0,0.0,0.0,0.0,6.0,3.0,6.0,0.0,3.0,0.0,0.0,0.0,0.0,0.0,0.0,0.0,0.0,0.0,0.0,0.0,0.0,5.0,0.0,3.0,5.0,1.0,3.0,0.0,1.0,0.0,0.0,0.0,0.0,0.0,0.0,"Mar 17, 2016"
3687,3603017.0,2621.0,Qadissiya,Diwaniya,Albu Khnefis village,قرية البو خنيفس,32.0209653411,44.8605491768,14.0,84.0,0.0,0.0,0.0,0.0,0.0,0.0,0.0,0.0,0.0,0.0,0.0,0.0,14.0,0.0,0.0,0.0,0.0,0.0,0.0,5.0,0.0,0.0,0.0,0.0,0.0,9.0,0.0,9.0,0.0,0.0,0.0,0.0,0.0,0.0,0.0,0.0,0.0,0.0,0.0,0.0,6.0,0.0,8.0,6.0,0.0,8.0,0.0,0.0,0.0,0.0,0.0,0.0,0.0,0.0,0.0,0.0,"Mar 17, 2016"
3688,3603018.0,25792.0,Qadissiya,Diwaniya,Al Amish village,قرية ال عميش,32.2341558085,44.80415,5.0,30.0,5.0,0.0,0.0,0.0,0.0,0.0,0.0,0.0,0.0,0.0,0.0,0.0,0.0,0.0,0.0,0.0,0.0,0.0,0.0,5.0,0.0,0.0,0.0,0.0,0.0,0.0,0.0,0.0,0.0,0.0,0.0,0.0,0.0,0.0,0.0,0.0,0.0,0.0,0.0,0.0,0.0,0.0,0.0,0.0,5.0,0.0,0.0,5.0,0.0,0.0,0.0,0.0,0.0,0.0,0.0,0.0,"Mar 17, 2016"
3689,3603019.0,25793.0,Qadissiya,Diwaniya,Al Marmad Village,قرية ال مرمض,32.129395,44.951656,6.0,36.0,5.0,0.0,0.0,0.0,0.0,0.0,0.0,0.0,0.0,0.0,0.0,0.0,1.0,0.0,0.0,0.0,0.0,0.0,0.0,4.0,0.0,0.0,0.0,0.0,0.0,0.0,2.0,0.0,0.0,2.0,0.0,0.0,0.0,0.0,0.0,0.0,0.0,0.0,0.0,0.0,0.0,0.0,1.0,0.0,3.0,1.0,2.0,3.0,0.0,2.0,0.0,0.0,0.0,0.0,0.0,0.0,"Mar 17, 2016"
3690,3603020.0,25791.0,Qadissiya,Diwaniya,Hay Al-Sharta,حي الشرطة,32.132179,44.931292,12.0,72.0,12.0,0.0,0.0,0.0,0.0,0.0,0.0,0.0,0.0,0.0,0.0,0.0,0.0,0.0,0.0,0.0,0.0,0.0,0.0,5.0,0.0,0.0,0.0,0.0,0.0,0.0,7.0,0.0,0.0,7.0,0.0,0.0,0.0,0.0,0.0,0.0,0.0,0.0,0.0,0.0,0.0,0.0,0.0,0.0,7.0,0.0,5.0,7.0,0.0,5.0,0.0,0.0,0.0,0.0,0.0,0.0,"Mar 17, 2016"
3691,3603021.0,2892.0,Qadissiya,Diwaniya,Al-Hacham Village,قرية الحجام,32.165829,44.922499,5.0,30.0,0.0,0.0,0.0,0.0,0.0,0.0,0.0,0.0,0.0,0.0,0.0,0.0,5.0,0.0,0.0,0.0,0.0,0.0,0.0,0.0,0.0,0.0,0.0,0.0,0.0,0.0,2.0,0.0,0.0,2.0,0.0,0.0,3.0,0.0,0.0,3.0,0.0,0.0,0.0,0.0,3.0,0.0,2.0,3.0,0.0,2.0,0.0,0.0,0.0,0.0,0.0,0.0,0.0,0.0,0.0,0.0,"Mar 17, 2016"
3692,3603022.0,3381.0,Qadissiya,Diwaniya,AL-Jamiyah 2,الجمعية الثانية,31.9765619142,44.9484639988,10.0,60.0,8.0,0.0,0.0,0.0,0.0,0.0,0.0,0.0,0.0,0.0,0.0,0.0,2.0,0.0,0.0,0.0,0.0,0.0,0.0,0.0,0.0,0.0,0.0,0.0,0.0,0.0,10.0,0.0,0.0,10.0,0.0,0.0,0.0,0.0,0.0,0.0,0.0,0.0,0.0,0.0,0.0,0.0,2.0,0.0,8.0,2.0,0.0,8.0,0.0,0.0,0.0,0.0,0.0,0.0,0.0,0.0,"Mar 17, 2016"
3693,3603023.0,25288.0,Qadissiya,Diwaniya,Al-Jasem Village,قرية الجاسم,32.0152389907,44.931650741,16.0,96.0,4.0,0.0,0.0,0.0,0.0,0.0,0.0,0.0,0.0,0.0,0.0,0.0,12.0,0.0,0.0,0.0,0.0,0.0,0.0,10.0,0.0,0.0,0.0,0.0,0.0,0.0,6.0,0.0,0.0,6.0,0.0,0.0,0.0,0.0,0.0,0.0,0.0,0.0,0.0,0.0,10.0,0.0,2.0,10.0,1.0,2.0,3.0,1.0,0.0,3.0,0.0,0.0,0.0,0.0,0.0,0.0,"Mar 17, 2016"
3694,3603024.0,25957.0,Qadissiya,Diwaniya,Al-Jazaair 1,الجزائر الاولى,31.9845082099,44.9059538119,14.0,84.0,7.0,0.0,0.0,0.0,0.0,0.0,0.0,0.0,0.0,0.0,0.0,0.0,7.0,0.0,0.0,0.0,0.0,0.0,0.0,5.0,0.0,0.0,0.0,0.0,0.0,0.0,9.0,0.0,0.0,9.0,0.0,0.0,0.0,0.0,0.0,0.0,0.0,0.0,0.0,0.0,6.0,0.0,1.0,6.0,3.0,1.0,4.0,3.0,0.0,4.0,0.0,0.0,0.0,0.0,0.0,0.0,"Mar 17, 2016"
3695,3603025.0,2885.0,Qadissiya,Diwaniya,Al-Jazaair 2,الجزائر الثانية,31.9871806959,44.9025009109,22.0,132.0,4.0,0.0,0.0,0.0,0.0,0.0,0.0,0.0,0.0,0.0,0.0,0.0,18.0,0.0,0.0,0.0,0.0,0.0,0.0,3.0,0.0,0.0,0.0,0.0,0.0,10.0,9.0,10.0,0.0,9.0,0.0,0.0,0.0,0.0,0.0,0.0,0.0,0.0,0.0,0.0,13.0,0.0,5.0,13.0,4.0,5.0,0.0,4.0,0.0,0.0,0.0,0.0,0.0,0.0,0.0,0.0,"Mar 17, 2016"
3696,3603026.0,24523.0,Qadissiya,Diwaniya,Mantaket Al-Jethaa,منطقة الجذع,32.1103652367,44.7592365734,42.0,252.0,0.0,0.0,0.0,0.0,0.0,0.0,0.0,0.0,0.0,0.0,0.0,0.0,42.0,0.0,0.0,0.0,0.0,0.0,0.0,5.0,0.0,0.0,0.0,0.0,0.0,18.0,0.0,18.0,0.0,0.0,0.0,0.0,0.0,0.0,19.0,0.0,0.0,19.0,0.0,0.0,0.0,0.0,42.0,0.0,0.0,42.0,0.0,0.0,0.0,0.0,0.0,0.0,0.0,0.0,0.0,0.0,"Mar 17, 2016"
3697,3603027.0,3011.0,Qadissiya,Diwaniya,al-khalifa village,قرية الخليفة,32.0173772564,44.8268693592,24.0,144.0,12.0,0.0,0.0,0.0,0.0,0.0,0.0,0.0,0.0,0.0,0.0,0.0,12.0,0.0,0.0,0.0,0.0,0.0,0.0,3.0,0.0,0.0,0.0,0.0,0.0,21.0,0.0,21.0,0.0,0.0,0.0,0.0,0.0,0.0,0.0,0.0,0.0,0.0,0.0,0.0,0.0,0.0,12.0,0.0,0.0,12.0,12.0,0.0,0.0,12.0,0.0,0.0,0.0,0.0,0.0,0.0,"Mar 17, 2016"
3698,3603028.0,25514.0,Qadissiya,Diwaniya,Al-khalifa 2 Village,قرية الخليفة الثانية,32.01473,44.901316,16.0,96.0,15.0,0.0,0.0,0.0,0.0,0.0,0.0,0.0,0.0,0.0,0.0,0.0,1.0,0.0,0.0,0.0,0.0,0.0,0.0,6.0,0.0,0.0,0.0,0.0,0.0,0.0,10.0,0.0,0.0,10.0,0.0,0.0,0.0,0.0,0.0,0.0,0.0,0.0,0.0,0.0,0.0,0.0,1.0,0.0,10.0,1.0,5.0,10.0,0.0,5.0,0.0,0.0,0.0,0.0,0.0,0.0,"Mar 17, 2016"
3699,3603029.0,25075.0,Qadissiya,Diwaniya,Al-khozaal Village,قرية الخزاعل,32.0860728026,44.7621929368,20.0,120.0,0.0,0.0,0.0,0.0,0.0,0.0,0.0,0.0,0.0,0.0,0.0,0.0,20.0,0.0,0.0,0.0,0.0,0.0,0.0,3.0,0.0,0.0,0.0,0.0,0.0,17.0,0.0,17.0,0.0,0.0,0.0,0.0,0.0,0.0,0.0,0.0,0.0,0.0,0.0,0.0,2.0,0.0,18.0,2.0,0.0,18.0,0.0,0.0,0.0,0.0,0.0,0.0,0.0,0.0,0.0,0.0,"Mar 17, 2016"
3700,3603030.0,25370.0,Qadissiya,Diwaniya,Al-Mawqee Al-Askary,الموقع العسكري,31.9809384172,44.9241521125,16.0,96.0,0.0,0.0,0.0,0.0,0.0,0.0,0.0,0.0,13.0,0.0,0.0,0.0,3.0,0.0,0.0,0.0,0.0,0.0,0.0,0.0,0.0,6.0,0.0,0.0,6.0,0.0,0.0,0.0,0.0,0.0,0.0,0.0,0.0,0.0,10.0,0.0,0.0,10.0,0.0,0.0,13.0,0.0,3.0,13.0,0.0,3.0,0.0,0.0,0.0,0.0,0.0,0.0,0.0,0.0,0.0,0.0,"Mar 17, 2016"
3701,3603031.0,3364.0,Qadissiya,Diwaniya,Al-Sadiq(1),الصادق الاولى,31.978387,44.937547,6.0,36.0,4.0,0.0,0.0,0.0,0.0,0.0,0.0,0.0,0.0,0.0,0.0,0.0,2.0,0.0,0.0,0.0,0.0,0.0,0.0,2.0,0.0,0.0,0.0,0.0,0.0,0.0,4.0,0.0,0.0,4.0,0.0,0.0,0.0,0.0,0.0,0.0,0.0,0.0,0.0,0.0,2.0,0.0,3.0,2.0,1.0,3.0,0.0,1.0,0.0,0.0,0.0,0.0,0.0,0.0,0.0,0.0,"Mar 17, 2016"
3702,3603032.0,25069.0,Qadissiya,Diwaniya,Al-Sadiq(2),الصادق الثانية,31.9765509758,44.9311598707,16.0,96.0,6.0,0.0,1.0,0.0,0.0,0.0,0.0,0.0,3.0,0.0,0.0,0.0,5.0,0.0,1.0,0.0,0.0,0.0,0.0,4.0,0.0,0.0,0.0,0.0,0.0,3.0,9.0,3.0,0.0,9.0,0.0,0.0,0.0,0.0,0.0,0.0,0.0,0.0,0.0,0.0,6.0,0.0,4.0,6.0,6.0,4.0,0.0,6.0,0.0,0.0,0.0,0.0,0.0,0.0,0.0,0.0,"Mar 17, 2016"
3703,3603033.0,25071.0,Qadissiya,Diwaniya,Al-Jabaar village,قرية ال جبار,32.0319890929,44.7900744,19.0,114.0,0.0,0.0,0.0,0.0,0.0,0.0,0.0,0.0,0.0,0.0,0.0,0.0,19.0,0.0,0.0,0.0,0.0,0.0,0.0,0.0,0.0,0.0,0.0,0.0,0.0,19.0,0.0,19.0,0.0,0.0,0.0,0.0,0.0,0.0,0.0,0.0,0.0,0.0,0.0,0.0,1.0,0.0,18.0,1.0,0.0,18.0,0.0,0.0,0.0,0.0,0.0,0.0,0.0,0.0,0.0,0.0,"Mar 17, 2016"
3704,3603034.0,25070.0,Qadissiya,Diwaniya,Hay Al-Hussain,حي الحسين,32.0701462957,44.7676568807,26.0,156.0,0.0,0.0,0.0,0.0,0.0,0.0,0.0,0.0,0.0,0.0,0.0,0.0,26.0,0.0,0.0,0.0,0.0,0.0,0.0,0.0,0.0,0.0,0.0,0.0,0.0,26.0,0.0,26.0,0.0,0.0,0.0,0.0,0.0,0.0,0.0,0.0,0.0,0.0,0.0,0.0,0.0,0.0,26.0,0.0,0.0,26.0,0.0,0.0,0.0,0.0,0.0,0.0,0.0,0.0,0.0,0.0,"Mar 17, 2016"
3705,3603036.0,25509.0,Qadissiya,Diwaniya,Al-Taamem-2,التأميم الثانية,31.9797811517,44.942167323,13.0,78.0,8.0,0.0,0.0,0.0,0.0,0.0,0.0,0.0,0.0,0.0,0.0,0.0,5.0,0.0,0.0,0.0,0.0,0.0,0.0,0.0,0.0,0.0,0.0,0.0,0.0,0.0,13.0,0.0,0.0,13.0,0.0,0.0,0.0,0.0,0.0,0.0,0.0,0.0,0.0,0.0,0.0,0.0,5.0,0.0,0.0,5.0,8.0,0.0,0.0,8.0,0.0,0.0,0.0,0.0,0.0,0.0,"Mar 17, 2016"
3706,3603037.0,24381.0,Qadissiya,Diwaniya,Al-Taqiya 2,التقية الثانية,31.9703624531,44.8911874701,54.0,324.0,0.0,0.0,0.0,0.0,0.0,0.0,0.0,0.0,0.0,0.0,0.0,0.0,54.0,0.0,0.0,0.0,0.0,0.0,0.0,8.0,0.0,0.0,0.0,0.0,0.0,46.0,0.0,46.0,0.0,0.0,0.0,0.0,0.0,0.0,0.0,0.0,0.0,0.0,0.0,0.0,2.0,0.0,52.0,2.0,0.0,52.0,0.0,0.0,0.0,0.0,0.0,0.0,0.0,0.0,0.0,0.0,"Mar 17, 2016"
3707,3603038.0,25068.0,Qadissiya,Diwaniya,Al-Taqiya 3,التقية الثالثه,31.9571712194,44.9006470877,58.0,348.0,0.0,0.0,0.0,0.0,0.0,0.0,0.0,0.0,0.0,0.0,0.0,0.0,58.0,0.0,0.0,0.0,0.0,0.0,0.0,14.0,0.0,0.0,0.0,0.0,0.0,44.0,0.0,44.0,0.0,0.0,0.0,0.0,0.0,0.0,0.0,0.0,0.0,0.0,0.0,0.0,31.0,0.0,27.0,31.0,0.0,27.0,0.0,0.0,0.0,0.0,0.0,0.0,0.0,0.0,0.0,0.0,"Mar 17, 2016"
3708,3603039.0,2705.0,Qadissiya,Diwaniya,Al-tharwa al-alhaiwaniya,الثروة الحيوانية,31.9557993533,44.7714993501,30.0,180.0,0.0,0.0,0.0,0.0,0.0,0.0,0.0,0.0,0.0,0.0,0.0,0.0,30.0,0.0,0.0,0.0,0.0,0.0,0.0,8.0,0.0,0.0,0.0,0.0,0.0,14.0,0.0,14.0,0.0,0.0,0.0,0.0,0.0,0.0,8.0,0.0,0.0,8.0,0.0,0.0,8.0,0.0,22.0,8.0,0.0,22.0,0.0,0.0,0.0,0.0,0.0,0.0,0.0,0.0,0.0,0.0,"Mar 17, 2016"
3709,3603040.0,24756.0,Qadissiya,Diwaniya,Al-Zawad village,قرية الزواد,32.0237648782,45.0605125265,17.0,102.0,0.0,0.0,0.0,0.0,0.0,0.0,0.0,0.0,2.0,0.0,0.0,0.0,15.0,0.0,0.0,0.0,0.0,0.0,0.0,3.0,0.0,0.0,0.0,0.0,0.0,14.0,0.0,14.0,0.0,0.0,0.0,0.0,0.0,0.0,0.0,0.0,0.0,0.0,0.0,0.0,8.0,0.0,9.0,8.0,0.0,9.0,0.0,0.0,0.0,0.0,0.0,0.0,0.0,0.0,0.0,0.0,"Mar 17, 2016"
3710,3603042.0,25072.0,Qadissiya,Diwaniya,Ataiwarev Village,قرية الطواريف,32.0090988992,45.0267571005,6.0,36.0,0.0,0.0,0.0,0.0,0.0,4.0,0.0,0.0,0.0,0.0,0.0,0.0,2.0,0.0,0.0,0.0,0.0,0.0,0.0,0.0,0.0,0.0,0.0,0.0,0.0,5.0,1.0,5.0,0.0,1.0,0.0,0.0,0.0,0.0,0.0,0.0,0.0,0.0,0.0,0.0,0.0,0.0,2.0,0.0,4.0,2.0,0.0,4.0,0.0,0.0,0.0,0.0,0.0,0.0,0.0,0.0,"Mar 17, 2016"
3711,3603044.0,25790.0,Qadissiya,Diwaniya,Hay Al Jamiaa,حي الجامعة,31.9969622931,44.8745785796,30.0,180.0,11.0,0.0,0.0,0.0,0.0,2.0,0.0,0.0,6.0,0.0,0.0,0.0,11.0,0.0,0.0,0.0,0.0,0.0,0.0,0.0,0.0,0.0,0.0,0.0,0.0,0.0,30.0,0.0,0.0,30.0,0.0,0.0,0.0,0.0,0.0,0.0,0.0,0.0,0.0,0.0,8.0,0.0,11.0,8.0,11.0,11.0,0.0,11.0,0.0,0.0,0.0,0.0,0.0,0.0,0.0,0.0,"Mar 17, 2016"
3712,3603045.0,2700.0,Qadissiya,Diwaniya,Dour al-akrad,دور الاكراد,31.942357,44.973602,3.0,18.0,3.0,0.0,0.0,0.0,0.0,0.0,0.0,0.0,0.0,0.0,0.0,0.0,0.0,0.0,0.0,0.0,0.0,0.0,0.0,0.0,0.0,0.0,0.0,0.0,0.0,0.0,3.0,0.0,0.0,3.0,0.0,0.0,0.0,0.0,0.0,0.0,0.0,0.0,0.0,0.0,0.0,0.0,0.0,0.0,3.0,0.0,0.0,3.0,0.0,0.0,0.0,0.0,0.0,0.0,0.0,0.0,"Mar 17, 2016"
3713,3603047.0,25513.0,Qadissiya,Diwaniya,Hay Al Furat-1,حي الفرات الاولى,32.0105246746,44.9079217638,33.0,198.0,22.0,0.0,0.0,0.0,0.0,0.0,0.0,0.0,4.0,0.0,0.0,0.0,7.0,0.0,0.0,0.0,0.0,0.0,0.0,10.0,0.0,0.0,0.0,0.0,0.0,0.0,23.0,0.0,0.0,23.0,0.0,0.0,0.0,0.0,0.0,0.0,0.0,0.0,0.0,0.0,4.0,0.0,11.0,4.0,18.0,11.0,0.0,18.0,0.0,0.0,0.0,0.0,0.0,0.0,0.0,0.0,"Mar 17, 2016"
3714,3603048.0,23681.0,Qadissiya,Diwaniya,Hay Al Furat-2,حي الفرات الثانية,32.0200608111,44.9003653605,26.0,156.0,12.0,0.0,0.0,0.0,0.0,0.0,0.0,0.0,2.0,0.0,0.0,0.0,12.0,0.0,0.0,0.0,0.0,0.0,0.0,6.0,0.0,0.0,0.0,0.0,0.0,0.0,20.0,0.0,0.0,20.0,0.0,0.0,0.0,0.0,0.0,0.0,0.0,0.0,0.0,0.0,11.0,0.0,6.0,11.0,9.0,6.0,0.0,9.0,0.0,0.0,0.0,0.0,0.0,0.0,0.0,0.0,"Mar 17, 2016"
3715,3603049.0,24966.0,Qadissiya,Diwaniya,Hay Al Hurriya,حي الحرية,32.1465847169,44.9317777393,28.0,168.0,16.0,0.0,0.0,0.0,0.0,0.0,0.0,0.0,0.0,0.0,0.0,0.0,12.0,0.0,0.0,0.0,0.0,0.0,0.0,10.0,0.0,0.0,0.0,0.0,0.0,0.0,18.0,0.0,0.0,18.0,0.0,0.0,0.0,0.0,0.0,0.0,0.0,0.0,0.0,0.0,17.0,0.0,0.0,17.0,11.0,0.0,0.0,11.0,0.0,0.0,0.0,0.0,0.0,0.0,0.0,0.0,"Mar 17, 2016"
3716,3603050.0,23551.0,Qadissiya,Diwaniya,Hay Al Jamiaa-Al-Hawli,حي الجامعة-الحولي,32.0074005696,44.8707858412,36.0,216.0,10.0,0.0,0.0,0.0,0.0,0.0,0.0,0.0,10.0,0.0,0.0,0.0,16.0,0.0,0.0,0.0,0.0,0.0,0.0,13.0,0.0,5.0,0.0,0.0,5.0,0.0,18.0,0.0,0.0,18.0,0.0,0.0,0.0,0.0,0.0,0.0,0.0,0.0,0.0,0.0,25.0,0.0,1.0,25.0,10.0,1.0,0.0,10.0,0.0,0.0,0.0,0.0,0.0,0.0,0.0,0.0,"Mar 17, 2016"
3717,3603051.0,24739.0,Qadissiya,Diwaniya,Hay Al Mulmeen,حي المعلمين,32.1362424395,44.9363444741,24.0,144.0,0.0,0.0,0.0,0.0,0.0,0.0,0.0,0.0,0.0,0.0,0.0,0.0,24.0,0.0,0.0,0.0,0.0,0.0,0.0,3.0,0.0,0.0,0.0,0.0,0.0,13.0,8.0,13.0,0.0,8.0,0.0,0.0,0.0,0.0,0.0,0.0,0.0,0.0,0.0,0.0,3.0,0.0,21.0,3.0,0.0,21.0,0.0,0.0,0.0,0.0,0.0,0.0,0.0,0.0,0.0,0.0,"Mar 17, 2016"
3718,3603052.0,23680.0,Qadissiya,Diwaniya,Hay Al Sadir 1,حي الصدر الاول,32.0116889139,44.919243129,36.0,216.0,14.0,0.0,10.0,0.0,0.0,3.0,0.0,0.0,5.0,0.0,0.0,0.0,4.0,0.0,0.0,0.0,0.0,0.0,0.0,3.0,0.0,0.0,0.0,0.0,0.0,0.0,33.0,0.0,0.0,33.0,0.0,0.0,0.0,0.0,0.0,0.0,0.0,0.0,0.0,0.0,14.0,0.0,10.0,14.0,9.0,10.0,3.0,9.0,0.0,3.0,0.0,0.0,0.0,0.0,0.0,0.0,"Mar 17, 2016"
3719,3603053.0,24903.0,Qadissiya,Diwaniya,Hay Al Sadir 2,حي الصدر الثاني,32.0063780621,44.9373574577,16.0,96.0,10.0,0.0,0.0,0.0,0.0,0.0,0.0,0.0,6.0,0.0,0.0,0.0,0.0,0.0,0.0,0.0,0.0,0.0,0.0,0.0,0.0,0.0,0.0,0.0,0.0,0.0,16.0,0.0,0.0,16.0,0.0,0.0,0.0,0.0,0.0,0.0,0.0,0.0,1.0,0.0,6.0,1.0,0.0,6.0,1.0,0.0,8.0,1.0,0.0,8.0,0.0,0.0,0.0,0.0,0.0,0.0,"Mar 17, 2016"
3720,3603054.0,24208.0,Qadissiya,Diwaniya,Hay Al Sadir 3,حي الصدر الثالث,32.004631944,44.9423782086,45.0,270.0,27.0,0.0,3.0,0.0,0.0,0.0,0.0,0.0,7.0,0.0,0.0,0.0,4.0,0.0,4.0,0.0,0.0,0.0,0.0,5.0,0.0,0.0,0.0,0.0,0.0,0.0,40.0,0.0,0.0,40.0,0.0,0.0,0.0,0.0,0.0,0.0,0.0,0.0,0.0,0.0,10.0,0.0,6.0,10.0,7.0,6.0,22.0,7.0,0.0,22.0,0.0,0.0,0.0,0.0,0.0,0.0,"Mar 17, 2016"
3721,3603055.0,21554.0,Qadissiya,Diwaniya,Hay Al Salam,حي السلام ,32.0069486601,44.9324109312,22.0,132.0,9.0,0.0,2.0,0.0,0.0,5.0,0.0,0.0,0.0,0.0,0.0,0.0,6.0,0.0,0.0,0.0,0.0,0.0,0.0,1.0,0.0,0.0,0.0,0.0,0.0,0.0,21.0,0.0,0.0,21.0,0.0,0.0,0.0,0.0,0.0,0.0,0.0,0.0,0.0,0.0,0.0,0.0,8.0,0.0,14.0,8.0,0.0,14.0,0.0,0.0,0.0,0.0,0.0,0.0,0.0,0.0,"Mar 17, 2016"
3722,3603056.0,24149.0,Qadissiya,Diwaniya,Hay Al Shahada,حي الشهداء ,32.1357497849,44.9305147983,13.0,78.0,2.0,0.0,0.0,0.0,0.0,0.0,0.0,0.0,0.0,0.0,0.0,0.0,11.0,0.0,0.0,0.0,0.0,0.0,0.0,4.0,0.0,0.0,0.0,0.0,0.0,9.0,0.0,9.0,0.0,0.0,0.0,0.0,0.0,0.0,0.0,0.0,0.0,0.0,0.0,0.0,2.0,0.0,9.0,2.0,2.0,9.0,0.0,2.0,0.0,0.0,0.0,0.0,0.0,0.0,0.0,0.0,"Mar 17, 2016"
3723,3603057.0,24382.0,Qadissiya,Diwaniya,Hay Al Shomos,حي الشموس,32.0018013893,44.8640472443,23.0,138.0,0.0,0.0,0.0,0.0,0.0,0.0,0.0,0.0,2.0,0.0,0.0,0.0,21.0,0.0,0.0,0.0,0.0,0.0,0.0,8.0,0.0,0.0,0.0,0.0,0.0,10.0,5.0,10.0,0.0,5.0,0.0,0.0,0.0,0.0,0.0,0.0,0.0,0.0,0.0,0.0,23.0,0.0,0.0,23.0,0.0,0.0,0.0,0.0,0.0,0.0,0.0,0.0,0.0,0.0,0.0,0.0,"Mar 17, 2016"
3724,3603058.0,21727.0,Qadissiya,Diwaniya,Hay Al Thuqlayn,حي الثقلين,31.9708801992,44.9656979703,12.0,72.0,5.0,0.0,0.0,0.0,0.0,0.0,0.0,0.0,2.0,0.0,0.0,0.0,5.0,0.0,0.0,0.0,0.0,0.0,0.0,0.0,0.0,0.0,0.0,0.0,0.0,5.0,7.0,5.0,0.0,7.0,0.0,0.0,0.0,0.0,0.0,0.0,0.0,0.0,0.0,0.0,2.0,0.0,5.0,2.0,5.0,5.0,0.0,5.0,0.0,0.0,0.0,0.0,0.0,0.0,0.0,0.0,"Mar 17, 2016"
3725,3603059.0,24309.0,Qadissiya,Diwaniya,Hay Al Waely,حي الوائلي,32.057930586,44.7729948073,39.0,234.0,2.0,0.0,0.0,0.0,0.0,0.0,0.0,0.0,0.0,0.0,0.0,0.0,37.0,0.0,0.0,0.0,0.0,0.0,0.0,4.0,0.0,0.0,0.0,0.0,0.0,19.0,16.0,19.0,0.0,16.0,0.0,0.0,0.0,0.0,0.0,0.0,0.0,0.0,0.0,0.0,14.0,0.0,23.0,14.0,2.0,23.0,0.0,2.0,0.0,0.0,0.0,0.0,0.0,0.0,0.0,0.0,"Mar 17, 2016"
3726,3603060.0,21734.0,Qadissiya,Diwaniya,Hay Al Wihda 1,حي الوحده الاولى,31.995855404,44.9433796508,15.0,90.0,5.0,3.0,2.0,0.0,0.0,0.0,0.0,0.0,3.0,0.0,0.0,0.0,2.0,0.0,0.0,0.0,0.0,0.0,0.0,6.0,0.0,0.0,0.0,0.0,0.0,0.0,9.0,0.0,0.0,9.0,0.0,0.0,0.0,0.0,0.0,0.0,0.0,0.0,0.0,0.0,10.0,0.0,2.0,10.0,3.0,2.0,0.0,3.0,0.0,0.0,0.0,0.0,0.0,0.0,0.0,0.0,"Mar 17, 2016"
3727,3603061.0,2721.0,Qadissiya,Diwaniya,Hay Al Zahraa,حي الزهراء,31.976974,44.964159,4.0,24.0,1.0,0.0,0.0,0.0,0.0,0.0,0.0,0.0,0.0,0.0,0.0,0.0,3.0,0.0,0.0,0.0,0.0,0.0,0.0,0.0,0.0,0.0,0.0,0.0,0.0,0.0,4.0,0.0,0.0,4.0,0.0,0.0,0.0,0.0,0.0,0.0,0.0,0.0,0.0,0.0,0.0,0.0,3.0,0.0,1.0,3.0,0.0,1.0,0.0,0.0,0.0,0.0,0.0,0.0,0.0,0.0,"Mar 17, 2016"
3728,3603062.0,3386.0,Qadissiya,Diwaniya,Hay AL-Amel,حي العامل,32.009533,44.846618,8.0,48.0,3.0,0.0,0.0,0.0,0.0,0.0,0.0,0.0,0.0,0.0,0.0,0.0,5.0,0.0,0.0,0.0,0.0,0.0,0.0,0.0,0.0,0.0,0.0,0.0,0.0,2.0,6.0,2.0,0.0,6.0,0.0,0.0,0.0,0.0,0.0,0.0,0.0,0.0,0.0,0.0,5.0,0.0,0.0,5.0,3.0,0.0,0.0,3.0,0.0,0.0,0.0,0.0,0.0,0.0,0.0,0.0,"Mar 17, 2016"
3729,3603063.0,25567.0,Qadissiya,Diwaniya,Hay Al-Amin 1,حي الامين 1,32.0048192795,44.8499211418,69.0,414.0,21.0,0.0,0.0,0.0,0.0,0.0,0.0,0.0,0.0,0.0,0.0,0.0,48.0,0.0,0.0,0.0,0.0,0.0,0.0,10.0,0.0,0.0,0.0,0.0,0.0,27.0,32.0,27.0,0.0,32.0,0.0,0.0,0.0,0.0,0.0,0.0,0.0,0.0,0.0,0.0,36.0,0.0,24.0,36.0,7.0,24.0,2.0,7.0,0.0,2.0,0.0,0.0,0.0,0.0,0.0,0.0,"Mar 17, 2016"
3730,3603064.0,25568.0,Qadissiya,Diwaniya,Hay Al-Amin 2,حي الامين 2,32.0062987693,44.8447732166,55.0,330.0,15.0,0.0,0.0,0.0,0.0,0.0,0.0,0.0,0.0,0.0,0.0,0.0,40.0,0.0,0.0,0.0,0.0,0.0,0.0,0.0,0.0,0.0,0.0,0.0,0.0,29.0,26.0,29.0,0.0,26.0,0.0,0.0,0.0,0.0,0.0,0.0,0.0,0.0,0.0,0.0,0.0,0.0,40.0,0.0,15.0,40.0,0.0,15.0,0.0,0.0,0.0,0.0,0.0,0.0,0.0,0.0,"Mar 17, 2016"
3731,3603066.0,3308.0,Qadissiya,Diwaniya,Hay Al-Askaary,حي العسكري,32.1335967068,44.9329186366,18.0,108.0,2.0,0.0,0.0,0.0,0.0,0.0,0.0,0.0,0.0,0.0,0.0,0.0,16.0,0.0,0.0,0.0,0.0,0.0,0.0,6.0,0.0,0.0,0.0,0.0,0.0,0.0,12.0,0.0,0.0,12.0,0.0,0.0,0.0,0.0,0.0,0.0,0.0,0.0,0.0,0.0,8.0,0.0,8.0,8.0,2.0,8.0,0.0,2.0,0.0,0.0,0.0,0.0,0.0,0.0,0.0,0.0,"Mar 17, 2016"
3732,3603067.0,24487.0,Qadissiya,Diwaniya,Hay Al-Askary,حي العسكري,32.0640089999,44.7700142501,40.0,240.0,3.0,0.0,9.0,0.0,0.0,0.0,0.0,0.0,8.0,0.0,0.0,0.0,20.0,0.0,0.0,0.0,0.0,0.0,0.0,5.0,0.0,0.0,0.0,0.0,0.0,18.0,17.0,18.0,0.0,17.0,0.0,0.0,0.0,0.0,0.0,0.0,0.0,0.0,0.0,0.0,20.0,0.0,17.0,20.0,3.0,17.0,0.0,3.0,0.0,0.0,0.0,0.0,0.0,0.0,0.0,0.0,"Mar 17, 2016"
3733,3603068.0,23749.0,Qadissiya,Diwaniya,Hay Al-Asry-118,حي العصري محلة 118,31.9853588892,44.9339453141,13.0,78.0,6.0,0.0,2.0,0.0,0.0,0.0,0.0,0.0,0.0,0.0,0.0,0.0,3.0,0.0,2.0,0.0,0.0,0.0,0.0,5.0,0.0,0.0,0.0,0.0,0.0,3.0,5.0,3.0,0.0,5.0,0.0,0.0,0.0,0.0,0.0,0.0,0.0,0.0,0.0,0.0,4.0,0.0,3.0,4.0,6.0,3.0,0.0,6.0,0.0,0.0,0.0,0.0,0.0,0.0,0.0,0.0,"Mar 17, 2016"
3734,3603069.0,25371.0,Qadissiya,Diwaniya,Hay Al-Baqi,حي البقيع,31.954949,44.949869,10.0,60.0,3.0,0.0,0.0,0.0,0.0,0.0,0.0,0.0,0.0,0.0,0.0,0.0,7.0,0.0,0.0,0.0,0.0,0.0,0.0,0.0,0.0,0.0,0.0,0.0,0.0,0.0,10.0,0.0,0.0,10.0,0.0,0.0,0.0,0.0,0.0,0.0,0.0,0.0,0.0,0.0,0.0,0.0,7.0,0.0,0.0,7.0,3.0,0.0,0.0,3.0,0.0,0.0,0.0,0.0,0.0,0.0,"Mar 17, 2016"
3735,3603070.0,3367.0,Qadissiya,Diwaniya,Hay Al-Dhubat 2,حي الضباط الثاني,32.0076612619,44.9225516779,15.0,90.0,7.0,0.0,0.0,0.0,0.0,0.0,0.0,0.0,1.0,0.0,0.0,0.0,7.0,0.0,0.0,0.0,0.0,0.0,0.0,1.0,0.0,0.0,0.0,0.0,0.0,0.0,14.0,0.0,0.0,14.0,0.0,0.0,0.0,0.0,0.0,0.0,0.0,0.0,0.0,0.0,8.0,0.0,0.0,8.0,7.0,0.0,0.0,7.0,0.0,0.0,0.0,0.0,0.0,0.0,0.0,0.0,"Mar 17, 2016"
3736,3603071.0,25507.0,Qadissiya,Diwaniya,Hay Al-Fadliya,حي الفاضلية,31.992112,44.920867,15.0,90.0,11.0,0.0,0.0,0.0,0.0,0.0,0.0,0.0,0.0,0.0,0.0,0.0,4.0,0.0,0.0,0.0,0.0,0.0,0.0,4.0,0.0,0.0,0.0,0.0,0.0,0.0,11.0,0.0,0.0,11.0,0.0,0.0,0.0,0.0,0.0,0.0,0.0,0.0,0.0,0.0,2.0,0.0,5.0,2.0,2.0,5.0,6.0,2.0,0.0,6.0,0.0,0.0,0.0,0.0,0.0,0.0,"Mar 17, 2016"
3737,3603072.0,25510.0,Qadissiya,Diwaniya,Hay Al-Fajer Al-Jadeed,حي الفجر الجديد,31.998037,44.949587,11.0,66.0,0.0,0.0,4.0,0.0,0.0,2.0,0.0,0.0,4.0,0.0,0.0,0.0,1.0,0.0,0.0,0.0,0.0,0.0,0.0,1.0,0.0,0.0,0.0,0.0,0.0,0.0,10.0,0.0,0.0,10.0,0.0,0.0,0.0,0.0,0.0,0.0,0.0,0.0,0.0,0.0,0.0,0.0,11.0,0.0,0.0,11.0,0.0,0.0,0.0,0.0,0.0,0.0,0.0,0.0,0.0,0.0,"Mar 17, 2016"
3738,3603073.0,23715.0,Qadissiya,Diwaniya,Hay Al-Hadarah,حي الحضارة,32.0156769347,44.9173569003,48.0,288.0,29.0,0.0,0.0,0.0,0.0,0.0,0.0,0.0,0.0,0.0,0.0,0.0,17.0,0.0,2.0,0.0,0.0,0.0,0.0,15.0,0.0,0.0,0.0,0.0,0.0,4.0,29.0,4.0,0.0,29.0,0.0,0.0,0.0,0.0,0.0,0.0,0.0,0.0,5.0,0.0,13.0,5.0,6.0,13.0,24.0,6.0,0.0,24.0,0.0,0.0,0.0,0.0,0.0,0.0,0.0,0.0,"Mar 17, 2016"
3739,3603074.0,3382.0,Qadissiya,Diwaniya,Hay AL-Hussian,حي الحسين,31.970466217,44.8836852517,40.0,240.0,10.0,0.0,0.0,0.0,0.0,0.0,0.0,0.0,0.0,0.0,0.0,0.0,30.0,0.0,0.0,0.0,0.0,0.0,0.0,0.0,0.0,0.0,0.0,0.0,0.0,7.0,11.0,7.0,0.0,11.0,0.0,0.0,0.0,0.0,22.0,0.0,0.0,22.0,0.0,0.0,30.0,0.0,0.0,30.0,10.0,0.0,0.0,10.0,0.0,0.0,0.0,0.0,0.0,0.0,0.0,0.0,"Mar 17, 2016"
3740,3603075.0,25074.0,Qadissiya,Diwaniya,Hay Al-Karar,حي الكرار,31.9650285831,44.8811037093,24.0,144.0,5.0,1.0,0.0,0.0,0.0,0.0,0.0,0.0,13.0,0.0,0.0,0.0,5.0,0.0,0.0,0.0,0.0,0.0,0.0,5.0,0.0,0.0,0.0,0.0,0.0,0.0,19.0,0.0,0.0,19.0,0.0,0.0,0.0,0.0,0.0,0.0,0.0,0.0,1.0,0.0,14.0,1.0,4.0,14.0,1.0,4.0,4.0,1.0,0.0,4.0,0.0,0.0,0.0,0.0,0.0,0.0,"Mar 17, 2016"
3741,3603076.0,3209.0,Qadissiya,Diwaniya,Hay al-muaalmien,حي المعلمين ,31.9914014032,44.8956077166,35.0,210.0,17.0,0.0,0.0,0.0,0.0,0.0,0.0,0.0,0.0,0.0,0.0,0.0,18.0,0.0,0.0,0.0,0.0,0.0,0.0,5.0,0.0,0.0,0.0,0.0,0.0,12.0,18.0,12.0,0.0,18.0,0.0,0.0,0.0,0.0,0.0,0.0,0.0,0.0,0.0,0.0,19.0,0.0,4.0,19.0,5.0,4.0,7.0,5.0,0.0,7.0,0.0,0.0,0.0,0.0,0.0,0.0,"Mar 17, 2016"
3742,3603077.0,25287.0,Qadissiya,Diwaniya,Hay Al-Nahtha 1,حي النهضة 1,31.9873995817,44.9461045491,10.0,60.0,5.0,0.0,0.0,0.0,0.0,1.0,0.0,0.0,0.0,0.0,0.0,0.0,4.0,0.0,0.0,0.0,0.0,0.0,0.0,1.0,0.0,0.0,0.0,0.0,0.0,3.0,6.0,3.0,0.0,6.0,0.0,0.0,0.0,0.0,0.0,0.0,0.0,0.0,0.0,0.0,3.0,0.0,7.0,3.0,0.0,7.0,0.0,0.0,0.0,0.0,0.0,0.0,0.0,0.0,0.0,0.0,"Mar 17, 2016"
3743,3603078.0,25372.0,Qadissiya,Diwaniya,Hay Al-Naseej,حي النسيج,31.9670749409,44.965272656,14.0,84.0,0.0,0.0,0.0,0.0,0.0,2.0,0.0,0.0,5.0,0.0,0.0,0.0,7.0,0.0,0.0,0.0,0.0,0.0,0.0,0.0,0.0,2.0,0.0,0.0,2.0,0.0,12.0,0.0,0.0,12.0,0.0,0.0,0.0,0.0,0.0,0.0,0.0,0.0,0.0,0.0,10.0,0.0,4.0,10.0,0.0,4.0,0.0,0.0,0.0,0.0,0.0,0.0,0.0,0.0,0.0,0.0,"Mar 17, 2016"
3744,3603079.0,25958.0,Qadissiya,Diwaniya,Hay Al-Shurta,حي الشرطة,31.9935938831,44.9548294049,14.0,84.0,0.0,0.0,0.0,0.0,0.0,0.0,0.0,0.0,7.0,0.0,0.0,0.0,7.0,0.0,0.0,0.0,0.0,0.0,0.0,3.0,0.0,0.0,0.0,0.0,0.0,8.0,3.0,8.0,0.0,3.0,0.0,0.0,0.0,0.0,0.0,0.0,0.0,0.0,0.0,0.0,7.0,0.0,7.0,7.0,0.0,7.0,0.0,0.0,0.0,0.0,0.0,0.0,0.0,0.0,0.0,0.0,"Mar 17, 2016"
3745,3603080.0,25512.0,Qadissiya,Diwaniya,Hay Al-Zaieem,حي الزعيم,31.9858942938,44.9293912449,25.0,150.0,16.0,0.0,4.0,0.0,0.0,0.0,0.0,0.0,0.0,0.0,0.0,0.0,1.0,0.0,4.0,0.0,0.0,0.0,0.0,0.0,0.0,0.0,0.0,0.0,0.0,0.0,25.0,0.0,0.0,25.0,0.0,0.0,0.0,0.0,0.0,0.0,0.0,0.0,0.0,0.0,8.0,0.0,1.0,8.0,14.0,1.0,2.0,14.0,0.0,2.0,0.0,0.0,0.0,0.0,0.0,0.0,"Mar 17, 2016"
3746,3603081.0,24307.0,Qadissiya,Diwaniya,Hay Ramadan,حي رمضان,31.9799313135,44.9005274468,28.0,168.0,0.0,0.0,0.0,0.0,0.0,0.0,0.0,0.0,0.0,0.0,0.0,0.0,28.0,0.0,0.0,0.0,0.0,0.0,0.0,0.0,0.0,0.0,0.0,0.0,0.0,24.0,2.0,24.0,0.0,2.0,0.0,0.0,0.0,0.0,2.0,0.0,0.0,2.0,0.0,0.0,10.0,0.0,18.0,10.0,0.0,18.0,0.0,0.0,0.0,0.0,0.0,0.0,0.0,0.0,0.0,0.0,"Mar 17, 2016"
3747,3603082.0,25516.0,Qadissiya,Diwaniya,Kadoory village,قرية قدوري,32.153081,44.903711,10.0,60.0,2.0,0.0,0.0,0.0,0.0,0.0,0.0,0.0,0.0,0.0,0.0,0.0,8.0,0.0,0.0,0.0,0.0,0.0,0.0,0.0,0.0,0.0,0.0,0.0,0.0,6.0,4.0,6.0,0.0,4.0,0.0,0.0,0.0,0.0,0.0,0.0,0.0,0.0,0.0,0.0,0.0,0.0,8.0,0.0,2.0,8.0,0.0,2.0,0.0,0.0,0.0,0.0,0.0,0.0,0.0,0.0,"Mar 17, 2016"
3748,3603085.0,22452.0,Qadissiya,Diwaniya,Qaryat Al Ensaf,قرية الانصاف,31.9991649705,45.0154067767,33.0,198.0,3.0,0.0,10.0,0.0,0.0,0.0,0.0,0.0,0.0,0.0,0.0,0.0,12.0,0.0,8.0,0.0,0.0,0.0,0.0,10.0,0.0,0.0,0.0,0.0,0.0,12.0,11.0,12.0,0.0,11.0,0.0,0.0,0.0,0.0,0.0,0.0,0.0,0.0,0.0,0.0,0.0,0.0,19.0,0.0,14.0,19.0,0.0,14.0,0.0,0.0,0.0,0.0,0.0,0.0,0.0,0.0,"Mar 17, 2016"
3749,3603086.0,2114.0,Qadissiya,Diwaniya,Sader Al-Daghara,صدر الدغارة,32.2338990325,44.8098465396,17.0,102.0,7.0,0.0,0.0,0.0,0.0,0.0,0.0,0.0,0.0,0.0,0.0,0.0,10.0,0.0,0.0,0.0,0.0,0.0,0.0,0.0,0.0,0.0,0.0,0.0,0.0,13.0,4.0,13.0,0.0,4.0,0.0,0.0,0.0,0.0,0.0,0.0,0.0,0.0,0.0,0.0,0.0,0.0,10.0,0.0,5.0,10.0,2.0,5.0,0.0,2.0,0.0,0.0,0.0,0.0,0.0,0.0,"Mar 17, 2016"
3750,3603087.0,21783.0,Qadissiya,Diwaniya,Hay Al-Sadir 4,حي الصدر الرابعة,31.9950297195,44.9562248593,39.0,234.0,0.0,0.0,0.0,0.0,0.0,0.0,0.0,0.0,12.0,0.0,0.0,0.0,27.0,0.0,0.0,0.0,0.0,0.0,0.0,12.0,0.0,0.0,0.0,0.0,0.0,9.0,14.0,9.0,0.0,14.0,0.0,0.0,0.0,0.0,4.0,0.0,0.0,4.0,0.0,0.0,12.0,0.0,27.0,12.0,0.0,27.0,0.0,0.0,0.0,0.0,0.0,0.0,0.0,0.0,0.0,0.0,"Mar 17, 2016"
3751,3603088.0,25860.0,Qadissiya,Diwaniya,Salman Hlis Village,قرية سلمان هليس,31.9976262236,44.9812203134,36.0,216.0,3.0,0.0,0.0,0.0,0.0,0.0,0.0,0.0,6.0,0.0,0.0,0.0,23.0,0.0,4.0,0.0,0.0,0.0,0.0,0.0,0.0,0.0,0.0,0.0,0.0,22.0,12.0,22.0,0.0,12.0,0.0,0.0,0.0,0.0,2.0,0.0,0.0,2.0,0.0,0.0,18.0,0.0,14.0,18.0,4.0,14.0,0.0,4.0,0.0,0.0,0.0,0.0,0.0,0.0,0.0,0.0,"Mar 17, 2016"
3752,3603089.0,25861.0,Qadissiya,Diwaniya,Sayed Talib Village,قرية سيد طالب,31.9583001779,44.7502365852,9.0,54.0,5.0,0.0,0.0,0.0,0.0,0.0,0.0,0.0,0.0,0.0,0.0,0.0,4.0,0.0,0.0,0.0,0.0,0.0,0.0,4.0,0.0,0.0,0.0,0.0,0.0,0.0,5.0,0.0,0.0,5.0,0.0,0.0,0.0,0.0,0.0,0.0,0.0,0.0,0.0,0.0,0.0,0.0,4.0,0.0,5.0,4.0,0.0,5.0,0.0,0.0,0.0,0.0,0.0,0.0,0.0,0.0,"Mar 17, 2016"
3753,3603090.0,25327.0,Qadissiya,Diwaniya,Hay Al Zahra,حي الزهراء,31.9464840833,44.8358778097,33.0,198.0,5.0,0.0,2.0,0.0,0.0,0.0,0.0,0.0,5.0,0.0,0.0,0.0,21.0,0.0,0.0,0.0,0.0,0.0,0.0,3.0,0.0,0.0,0.0,0.0,0.0,0.0,30.0,0.0,0.0,30.0,0.0,0.0,0.0,0.0,0.0,0.0,0.0,0.0,0.0,0.0,15.0,0.0,11.0,15.0,7.0,11.0,0.0,7.0,0.0,0.0,0.0,0.0,0.0,0.0,0.0,0.0,"Mar 17, 2016"
3754,3603092.0,25280.0,Qadissiya,Diwaniya,Um Abasiyat,ام عباسيات,31.9485547906,44.8554245755,29.0,174.0,0.0,0.0,0.0,0.0,0.0,0.0,0.0,0.0,10.0,0.0,0.0,0.0,19.0,0.0,0.0,0.0,0.0,0.0,0.0,2.0,0.0,0.0,0.0,0.0,0.0,4.0,0.0,4.0,0.0,0.0,0.0,0.0,0.0,0.0,23.0,0.0,0.0,23.0,0.0,0.0,18.0,0.0,11.0,18.0,0.0,11.0,0.0,0.0,0.0,0.0,0.0,0.0,0.0,0.0,0.0,0.0,"Mar 17, 2016"
3755,3603093.0,23764.0,Qadissiya,Diwaniya,Um Al Khail 2,ام الخيل الثانية,31.9946974877,44.8994956695,37.0,222.0,25.0,0.0,0.0,0.0,0.0,0.0,0.0,0.0,0.0,0.0,0.0,0.0,12.0,0.0,0.0,0.0,0.0,0.0,0.0,10.0,0.0,0.0,0.0,0.0,0.0,0.0,27.0,0.0,0.0,27.0,0.0,0.0,0.0,0.0,0.0,0.0,0.0,0.0,5.0,0.0,5.0,5.0,3.0,5.0,15.0,3.0,9.0,15.0,0.0,9.0,0.0,0.0,0.0,0.0,0.0,0.0,"Mar 17, 2016"
3756,3603094.0,25508.0,Qadissiya,Diwaniya,Um Al Khail 3,ام الخيل الثالثه,32.0021501277,44.8997492713,33.0,198.0,17.0,0.0,2.0,0.0,0.0,0.0,0.0,0.0,5.0,0.0,0.0,0.0,9.0,0.0,0.0,0.0,0.0,0.0,0.0,4.0,0.0,0.0,0.0,0.0,0.0,0.0,25.0,0.0,0.0,25.0,0.0,0.0,0.0,0.0,4.0,0.0,0.0,4.0,0.0,0.0,8.0,0.0,8.0,8.0,10.0,8.0,7.0,10.0,0.0,7.0,0.0,0.0,0.0,0.0,0.0,0.0,"Mar 17, 2016"
3757,3604001.0,24437.0,Qadissiya,Hamza,Al Asriyah Village,القرية العصرية,31.569478,44.525691,50.0,300.0,0.0,0.0,0.0,0.0,0.0,0.0,0.0,0.0,38.0,0.0,0.0,0.0,12.0,0.0,0.0,0.0,0.0,0.0,0.0,0.0,0.0,0.0,0.0,46.0,0.0,0.0,0.0,0.0,0.0,0.0,0.0,0.0,0.0,0.0,4.0,0.0,0.0,4.0,0.0,0.0,20.0,0.0,30.0,20.0,0.0,30.0,0.0,0.0,0.0,0.0,0.0,0.0,0.0,0.0,0.0,0.0,"Mar 17, 2016"
3758,3604002.0,24582.0,Qadissiya,Hamza,Mantaket Al-Giwam,منطقة الكوام,31.7277437031,44.9724628354,52.0,312.0,10.0,0.0,0.0,0.0,0.0,2.0,0.0,0.0,0.0,0.0,0.0,0.0,40.0,0.0,0.0,0.0,0.0,0.0,0.0,6.0,0.0,0.0,0.0,0.0,0.0,20.0,26.0,20.0,0.0,26.0,0.0,0.0,0.0,0.0,0.0,0.0,0.0,0.0,0.0,0.0,7.0,0.0,35.0,7.0,10.0,35.0,0.0,10.0,0.0,0.0,0.0,0.0,0.0,0.0,0.0,0.0,"Mar 17, 2016"
3759,3604004.0,24583.0,Qadissiya,Hamza,Al-Marshad village,قرية المرشد,31.8602793524,44.9315678427,13.0,78.0,0.0,0.0,0.0,0.0,0.0,0.0,0.0,0.0,0.0,0.0,0.0,0.0,13.0,0.0,0.0,0.0,0.0,0.0,0.0,4.0,0.0,0.0,0.0,0.0,0.0,7.0,0.0,7.0,0.0,0.0,0.0,0.0,0.0,0.0,2.0,0.0,0.0,2.0,0.0,0.0,0.0,0.0,13.0,0.0,0.0,13.0,0.0,0.0,0.0,0.0,0.0,0.0,0.0,0.0,0.0,0.0,"Mar 17, 2016"
3760,3604005.0,21102.0,Qadissiya,Hamza,AL-Marsoul village,قرية المرسول,31.7315916964,44.9678345812,61.0,366.0,10.0,0.0,0.0,0.0,0.0,0.0,0.0,0.0,0.0,0.0,0.0,0.0,51.0,0.0,0.0,0.0,0.0,0.0,0.0,18.0,0.0,0.0,0.0,0.0,0.0,20.0,13.0,20.0,0.0,13.0,0.0,0.0,0.0,0.0,10.0,0.0,0.0,10.0,0.0,0.0,16.0,0.0,35.0,16.0,10.0,35.0,0.0,10.0,0.0,0.0,0.0,0.0,0.0,0.0,0.0,0.0,"Mar 17, 2016"
3761,3604006.0,25283.0,Qadissiya,Hamza,Al-Saada Alimyal village,قرية السادة الاميال,31.7303168613,44.9783182996,39.0,234.0,19.0,0.0,0.0,0.0,0.0,0.0,0.0,0.0,0.0,0.0,0.0,0.0,20.0,0.0,0.0,0.0,0.0,0.0,0.0,20.0,0.0,0.0,0.0,0.0,0.0,8.0,11.0,8.0,0.0,11.0,0.0,0.0,0.0,0.0,0.0,0.0,0.0,0.0,0.0,0.0,4.0,0.0,11.0,4.0,13.0,11.0,11.0,13.0,0.0,11.0,0.0,0.0,0.0,0.0,0.0,0.0,"Mar 17, 2016"
3762,3604007.0,2518.0,Qadissiya,Hamza,Al-sabah village,قرية الصباح,31.8209071644,44.9393139225,26.0,156.0,9.0,0.0,0.0,0.0,0.0,0.0,0.0,0.0,0.0,0.0,0.0,0.0,17.0,0.0,0.0,0.0,0.0,0.0,0.0,9.0,0.0,0.0,0.0,0.0,0.0,17.0,0.0,17.0,0.0,0.0,0.0,0.0,0.0,0.0,0.0,0.0,0.0,0.0,0.0,0.0,6.0,0.0,11.0,6.0,1.0,11.0,8.0,1.0,0.0,8.0,0.0,0.0,0.0,0.0,0.0,0.0,"Mar 17, 2016"
3763,3604008.0,25286.0,Qadissiya,Hamza,Ali Al-Salman Village,قرية علي السلمان,31.8029994797,44.9427232705,6.0,36.0,3.0,0.0,0.0,0.0,0.0,0.0,0.0,0.0,0.0,0.0,0.0,0.0,3.0,0.0,0.0,0.0,0.0,0.0,0.0,3.0,0.0,0.0,0.0,0.0,0.0,3.0,0.0,3.0,0.0,0.0,0.0,0.0,0.0,0.0,0.0,0.0,0.0,0.0,0.0,0.0,0.0,0.0,3.0,0.0,3.0,3.0,0.0,3.0,0.0,0.0,0.0,0.0,0.0,0.0,0.0,0.0,"Mar 17, 2016"
3764,3604009.0,25285.0,Qadissiya,Hamza,Hay Al-Askary,حي العسكري,31.8254737509,44.9427859293,34.0,204.0,9.0,0.0,0.0,0.0,0.0,0.0,0.0,0.0,0.0,0.0,0.0,0.0,25.0,0.0,0.0,0.0,0.0,0.0,0.0,2.0,0.0,0.0,0.0,0.0,0.0,23.0,9.0,23.0,0.0,9.0,0.0,0.0,0.0,0.0,0.0,0.0,0.0,0.0,0.0,0.0,8.0,0.0,17.0,8.0,7.0,17.0,2.0,7.0,0.0,2.0,0.0,0.0,0.0,0.0,0.0,0.0,"Mar 17, 2016"
3765,3604010.0,2539.0,Qadissiya,Hamza,Al-suraa village,قرية السورة,31.8298777286,44.9360782653,11.0,66.0,2.0,0.0,0.0,0.0,0.0,0.0,0.0,0.0,0.0,0.0,0.0,0.0,9.0,0.0,0.0,0.0,0.0,0.0,0.0,2.0,0.0,0.0,0.0,0.0,0.0,9.0,0.0,9.0,0.0,0.0,0.0,0.0,0.0,0.0,0.0,0.0,0.0,0.0,0.0,0.0,0.0,0.0,9.0,0.0,2.0,9.0,0.0,2.0,0.0,0.0,0.0,0.0,0.0,0.0,0.0,0.0,"Mar 17, 2016"
3766,3604013.0,24618.0,Qadissiya,Hamza,Hay Al saray,حي السراي,31.584512,44.646279,30.0,180.0,7.0,0.0,0.0,0.0,0.0,0.0,0.0,0.0,0.0,0.0,0.0,0.0,23.0,0.0,0.0,0.0,0.0,0.0,0.0,19.0,0.0,0.0,0.0,0.0,0.0,0.0,11.0,0.0,0.0,11.0,0.0,0.0,0.0,0.0,0.0,0.0,0.0,0.0,0.0,0.0,14.0,0.0,16.0,14.0,0.0,16.0,0.0,0.0,0.0,0.0,0.0,0.0,0.0,0.0,0.0,0.0,"Mar 17, 2016"
3767,3604014.0,25564.0,Qadissiya,Hamza,Hay Al-Hur,حي الحر,31.8221339397,44.9442870246,13.0,78.0,11.0,0.0,0.0,0.0,0.0,0.0,0.0,0.0,2.0,0.0,0.0,0.0,0.0,0.0,0.0,0.0,0.0,0.0,0.0,4.0,0.0,0.0,0.0,0.0,0.0,0.0,9.0,0.0,0.0,9.0,0.0,0.0,0.0,0.0,0.0,0.0,0.0,0.0,0.0,0.0,6.0,0.0,0.0,6.0,7.0,0.0,0.0,7.0,0.0,0.0,0.0,0.0,0.0,0.0,0.0,0.0,"Mar 17, 2016"
3768,3604015.0,22000.0,Qadissiya,Hamza,Hay Hussain,حي الحسين,31.7160727182,44.9707064665,77.0,462.0,47.0,0.0,0.0,0.0,0.0,0.0,0.0,0.0,6.0,0.0,0.0,0.0,24.0,0.0,0.0,0.0,0.0,0.0,0.0,15.0,0.0,0.0,0.0,0.0,0.0,10.0,52.0,10.0,0.0,52.0,0.0,0.0,0.0,0.0,0.0,0.0,0.0,0.0,0.0,0.0,6.0,0.0,24.0,6.0,29.0,24.0,18.0,29.0,0.0,18.0,0.0,0.0,0.0,0.0,0.0,0.0,"Mar 17, 2016"
3769,3604016.0,25284.0,Qadissiya,Hamza,Salim village,قرية سالم,31.7361178689,44.9761842008,40.0,240.0,10.0,0.0,0.0,0.0,0.0,0.0,0.0,0.0,0.0,0.0,0.0,0.0,30.0,0.0,0.0,0.0,0.0,0.0,0.0,15.0,0.0,0.0,0.0,0.0,0.0,10.0,15.0,10.0,0.0,15.0,0.0,0.0,0.0,0.0,0.0,0.0,0.0,0.0,0.0,0.0,10.0,0.0,25.0,10.0,5.0,25.0,0.0,5.0,0.0,0.0,0.0,0.0,0.0,0.0,0.0,0.0,"Mar 17, 2016"
3770,3604017.0,25281.0,Qadissiya,Hamza,Tabu,الطابو,31.6598359648,45.0099183191,27.0,162.0,7.0,0.0,0.0,0.0,0.0,0.0,0.0,0.0,0.0,0.0,0.0,0.0,20.0,0.0,0.0,0.0,0.0,0.0,0.0,7.0,0.0,0.0,0.0,0.0,0.0,20.0,0.0,20.0,0.0,0.0,0.0,0.0,0.0,0.0,0.0,0.0,0.0,0.0,0.0,0.0,10.0,0.0,10.0,10.0,7.0,10.0,0.0,7.0,0.0,0.0,0.0,0.0,0.0,0.0,0.0,0.0,"Mar 17, 2016"
3771,3604018.0,25282.0,Qadissiya,Hamza,Al-Taraf Al-Sharqi,الطرف الشرقي,31.7199679279,44.9769688363,31.0,186.0,27.0,0.0,3.0,0.0,0.0,0.0,0.0,0.0,0.0,0.0,0.0,0.0,1.0,0.0,0.0,0.0,0.0,0.0,0.0,10.0,0.0,0.0,0.0,0.0,0.0,10.0,11.0,10.0,0.0,11.0,0.0,0.0,0.0,0.0,0.0,0.0,0.0,0.0,0.0,0.0,4.0,0.0,8.0,4.0,10.0,8.0,9.0,10.0,0.0,9.0,0.0,0.0,0.0,0.0,0.0,0.0,"Mar 17, 2016"
3772,,,,,,,,,,,,,,,,,,,,,,,,,,,,,,,,,,,,,,,,,,,,,,,,,,,,,,,,,,,,,,,,,,,"Mar 17, 2016"
