,Location ID,Place ID,Governorate,District,Location Name,Arabic Name,Latitude,Longitude,Families,Individuals,Anbar,Babylon,Baghdad,Basrah,Dahuk,Diyala,Erbil,Kerbala,Kirkuk,Missan,Muthanna,Najaf,Ninewa,Qadissiya,Salahal Din,Sulaymaniyah,Thi Qar,Wassit,Camp,Hostfamilies,Hotel Motel,Informalsettlements,Own Property,Other,Informalsettlements.1,Religiousbuilding,Rented pre Apr 2019,Religiousbuilding.1,Rented Habitable,Rented pre Apr 2019.1,Rented Uninhabitable,Rented Habitable.1,Schoolbuilding,Rented Uninhabitable.1,Unfinishedbuilding,Schoolbuilding.1,Unknownsheltertype,Unfinishedbuilding.1,Pre June14 Period of displacement,Unknownsheltertype.1,June July14 Period of displacement,Pre June14 Period of displacement.1,August14 Period of displacement,June July14 Period of displacement.1,Post September 14 Period of displacement,August14 Period of displacement.1,Post April15 Period of displacement,Post September 14 Period of displacement.1,Post March 16 Period of displacement,Post April15 Period of displacement.1,Post 17 October 16 Period of displacement,Post March 16 Period of displacement.1,July 17 Period of displacement,Post 17 October 16 Period of displacement.1,July 17 Period of displacement.1,Jan19,date
0,1101001.0,7861.0,Dahuk,Amedi,Amedi,عمادية,37.0923890175,43.4878569852,78.0,468.0,3.0,0.0,0.0,0.0,0.0,0.0,0.0,0.0,0.0,0.0,0.0,0.0,75.0,0.0,0.0,0.0,0.0,0.0,0.0,18.0,0.0,0.0,0.0,0.0,0.0,2.0,58.0,2.0,0.0,58.0,0.0,0.0,0.0,0.0,0.0,0.0,0.0,0.0,3.0,0.0,6.0,3.0,69.0,6.0,0.0,69.0,0.0,0.0,0.0,0.0,0.0,0.0,0.0,0.0,0.0,0.0,"Jan 19, 2017"
1,1101002.0,8171.0,Dahuk,Amedi,Aradin,ارادن,37.108610668,43.3198276644,45.0,270.0,0.0,0.0,0.0,0.0,0.0,0.0,0.0,0.0,0.0,0.0,0.0,0.0,45.0,0.0,0.0,0.0,0.0,0.0,0.0,33.0,0.0,0.0,0.0,0.0,0.0,0.0,12.0,0.0,0.0,12.0,0.0,0.0,0.0,0.0,0.0,0.0,0.0,0.0,0.0,0.0,2.0,0.0,43.0,2.0,0.0,43.0,0.0,0.0,0.0,0.0,0.0,0.0,0.0,0.0,0.0,0.0,"Jan 19, 2017"
2,1101003.0,7870.0,Dahuk,Amedi,Ashawa,اشاوا,37.02498521,43.29419444,50.0,300.0,0.0,0.0,0.0,0.0,0.0,0.0,0.0,0.0,0.0,0.0,0.0,0.0,50.0,0.0,0.0,0.0,0.0,0.0,0.0,13.0,0.0,0.0,0.0,0.0,0.0,0.0,31.0,0.0,0.0,31.0,0.0,0.0,0.0,0.0,6.0,0.0,0.0,6.0,0.0,0.0,0.0,0.0,50.0,0.0,0.0,50.0,0.0,0.0,0.0,0.0,0.0,0.0,0.0,0.0,0.0,0.0,"Jan 19, 2017"
3,1101004.0,8189.0,Dahuk,Amedi,Bamarne,بامرني,37.1205771897,43.2686893555,131.0,786.0,0.0,0.0,0.0,0.0,0.0,0.0,0.0,0.0,0.0,0.0,0.0,0.0,131.0,0.0,0.0,0.0,0.0,0.0,0.0,26.0,0.0,0.0,0.0,0.0,0.0,0.0,6.0,0.0,0.0,6.0,0.0,0.0,0.0,0.0,99.0,0.0,0.0,99.0,0.0,0.0,0.0,0.0,131.0,0.0,0.0,131.0,0.0,0.0,0.0,0.0,0.0,0.0,0.0,0.0,0.0,0.0,"Jan 19, 2017"
4,1101005.0,7770.0,Dahuk,Amedi,Chamanke,جمانكي,36.9379560964,43.4127922018,96.0,576.0,0.0,0.0,0.0,0.0,0.0,0.0,0.0,0.0,0.0,0.0,0.0,0.0,96.0,0.0,0.0,0.0,0.0,0.0,0.0,39.0,0.0,3.0,0.0,0.0,3.0,0.0,54.0,0.0,0.0,54.0,0.0,0.0,0.0,0.0,0.0,0.0,0.0,0.0,0.0,0.0,20.0,0.0,76.0,20.0,0.0,76.0,0.0,0.0,0.0,0.0,0.0,0.0,0.0,0.0,0.0,0.0,"Jan 19, 2017"
5,1101006.0,24920.0,Dahuk,Amedi,Dawadia,مخيم داودية,37.0936533072,43.2278982352,729.0,4374.0,0.0,0.0,0.0,0.0,0.0,0.0,0.0,0.0,0.0,0.0,0.0,0.0,729.0,0.0,0.0,0.0,0.0,0.0,729.0,0.0,0.0,0.0,0.0,0.0,0.0,0.0,0.0,0.0,0.0,0.0,0.0,0.0,0.0,0.0,0.0,0.0,0.0,0.0,0.0,0.0,8.0,0.0,721.0,8.0,0.0,721.0,0.0,0.0,0.0,0.0,0.0,0.0,0.0,0.0,0.0,0.0,"Jan 19, 2017"
6,1101007.0,8229.0,Dahuk,Amedi,Deraluk,ديرلوك,37.0550435982,43.6522039848,115.0,690.0,0.0,0.0,0.0,0.0,0.0,0.0,0.0,0.0,0.0,0.0,0.0,0.0,115.0,0.0,0.0,0.0,0.0,0.0,0.0,60.0,0.0,0.0,0.0,0.0,0.0,0.0,49.0,0.0,0.0,49.0,0.0,0.0,0.0,0.0,6.0,0.0,0.0,6.0,0.0,0.0,55.0,0.0,60.0,55.0,0.0,60.0,0.0,0.0,0.0,0.0,0.0,0.0,0.0,0.0,0.0,0.0,"Jan 19, 2017"
7,1101008.0,7860.0,Dahuk,Amedi,Inishke,اينشكي,37.1086991116,43.3608519505,271.0,1626.0,0.0,0.0,0.0,0.0,0.0,0.0,0.0,0.0,0.0,0.0,0.0,0.0,271.0,0.0,0.0,0.0,0.0,0.0,0.0,15.0,0.0,0.0,0.0,0.0,0.0,8.0,17.0,8.0,0.0,17.0,0.0,0.0,0.0,0.0,231.0,0.0,0.0,231.0,0.0,0.0,4.0,0.0,267.0,4.0,0.0,267.0,0.0,0.0,0.0,0.0,0.0,0.0,0.0,0.0,0.0,0.0,"Jan 19, 2017"
8,1101009.0,8443.0,Dahuk,Amedi,Kani Mase,كاني ماسي,37.2280364508,43.4386236519,50.0,300.0,1.0,0.0,0.0,0.0,0.0,0.0,0.0,0.0,0.0,0.0,0.0,0.0,49.0,0.0,0.0,0.0,0.0,0.0,0.0,50.0,0.0,0.0,0.0,0.0,0.0,0.0,0.0,0.0,0.0,0.0,0.0,0.0,0.0,0.0,0.0,0.0,0.0,0.0,1.0,0.0,15.0,1.0,34.0,15.0,0.0,34.0,0.0,0.0,0.0,0.0,0.0,0.0,0.0,0.0,0.0,0.0,"Jan 19, 2017"
9,1101010.0,23903.0,Dahuk,Amedi,Kaniya Mala,كانيا مالا,37.1009044216,43.4951567019,175.0,1050.0,20.0,0.0,0.0,0.0,0.0,0.0,0.0,0.0,0.0,0.0,0.0,0.0,153.0,0.0,2.0,0.0,0.0,0.0,0.0,56.0,31.0,0.0,0.0,0.0,0.0,0.0,47.0,0.0,0.0,47.0,0.0,0.0,0.0,0.0,41.0,0.0,0.0,41.0,20.0,0.0,27.0,20.0,128.0,27.0,0.0,128.0,0.0,0.0,0.0,0.0,0.0,0.0,0.0,0.0,0.0,0.0,"Jan 19, 2017"
10,1101011.0,7862.0,Dahuk,Amedi,Qadish Collective,قدش,37.1005320168,43.3853994206,211.0,1266.0,11.0,0.0,0.0,0.0,0.0,0.0,0.0,0.0,0.0,0.0,0.0,0.0,200.0,0.0,0.0,0.0,0.0,0.0,0.0,0.0,17.0,0.0,0.0,0.0,0.0,0.0,164.0,0.0,0.0,164.0,0.0,0.0,0.0,0.0,30.0,0.0,0.0,30.0,11.0,0.0,6.0,11.0,186.0,6.0,0.0,186.0,8.0,0.0,0.0,8.0,0.0,0.0,0.0,0.0,0.0,0.0,"Jan 19, 2017"
11,1101012.0,7835.0,Dahuk,Amedi,Sarsink,سرسنك,37.0393145523,43.3429225465,874.0,5244.0,63.0,0.0,0.0,0.0,0.0,0.0,0.0,0.0,0.0,0.0,0.0,0.0,761.0,0.0,50.0,0.0,0.0,0.0,0.0,55.0,78.0,0.0,0.0,0.0,0.0,5.0,565.0,5.0,0.0,565.0,0.0,0.0,0.0,0.0,171.0,0.0,0.0,171.0,63.0,0.0,50.0,63.0,761.0,50.0,0.0,761.0,0.0,0.0,0.0,0.0,0.0,0.0,0.0,0.0,0.0,0.0,"Jan 19, 2017"
12,1101013.0,7833.0,Dahuk,Amedi,Sheladize Collective,شيلادزي,37.0284608985,43.7853920529,52.0,312.0,4.0,0.0,0.0,0.0,0.0,0.0,0.0,0.0,0.0,0.0,0.0,0.0,48.0,0.0,0.0,0.0,0.0,0.0,0.0,17.0,0.0,0.0,0.0,0.0,0.0,0.0,35.0,0.0,0.0,35.0,0.0,0.0,0.0,0.0,0.0,0.0,0.0,0.0,4.0,0.0,17.0,4.0,31.0,17.0,0.0,31.0,0.0,0.0,0.0,0.0,0.0,0.0,0.0,0.0,0.0,0.0,"Jan 19, 2017"
13,1101014.0,7867.0,Dahuk,Amedi,Sikreen,سكرين,37.0390828925,43.2796708867,42.0,252.0,0.0,0.0,0.0,0.0,0.0,0.0,0.0,0.0,0.0,0.0,0.0,0.0,42.0,0.0,0.0,0.0,0.0,0.0,0.0,0.0,0.0,0.0,0.0,0.0,0.0,0.0,34.0,0.0,0.0,34.0,0.0,0.0,0.0,0.0,8.0,0.0,0.0,8.0,0.0,0.0,23.0,0.0,19.0,23.0,0.0,19.0,0.0,0.0,0.0,0.0,0.0,0.0,0.0,0.0,0.0,0.0,"Jan 19, 2017"
14,1101015.0,26044.0,Dahuk,Amedi,Sowaratoka,سوارتوكا,37.0086424248,43.2267616438,25.0,150.0,0.0,0.0,0.0,0.0,0.0,0.0,0.0,0.0,0.0,0.0,0.0,0.0,25.0,0.0,0.0,0.0,0.0,0.0,0.0,13.0,0.0,0.0,0.0,0.0,0.0,0.0,6.0,0.0,0.0,6.0,0.0,0.0,0.0,0.0,6.0,0.0,0.0,6.0,0.0,0.0,0.0,0.0,25.0,0.0,0.0,25.0,0.0,0.0,0.0,0.0,0.0,0.0,0.0,0.0,0.0,0.0,"Jan 19, 2017"
15,1101019.0,7768.0,Dahuk,Amedi,Mizi Village,قرية ميزي,36.9453094847,43.391867871,51.0,306.0,0.0,0.0,0.0,0.0,0.0,0.0,0.0,0.0,0.0,0.0,0.0,0.0,51.0,0.0,0.0,0.0,0.0,0.0,0.0,51.0,0.0,0.0,0.0,0.0,0.0,0.0,0.0,0.0,0.0,0.0,0.0,0.0,0.0,0.0,0.0,0.0,0.0,0.0,0.0,0.0,3.0,0.0,48.0,3.0,0.0,48.0,0.0,0.0,0.0,0.0,0.0,0.0,0.0,0.0,0.0,0.0,"Jan 19, 2017"
16,1101020.0,27120.0,Dahuk,Amedi,Nahla Area,منطقة نهلة,36.86370972,43.69317721,49.0,294.0,0.0,0.0,0.0,0.0,0.0,0.0,0.0,0.0,0.0,0.0,0.0,0.0,49.0,0.0,0.0,0.0,0.0,0.0,0.0,49.0,0.0,0.0,0.0,0.0,0.0,0.0,0.0,0.0,0.0,0.0,0.0,0.0,0.0,0.0,0.0,0.0,0.0,0.0,0.0,0.0,0.0,0.0,49.0,0.0,0.0,49.0,0.0,0.0,0.0,0.0,0.0,0.0,0.0,0.0,0.0,0.0,"Jan 19, 2017"
17,1101021.0,22613.0,Dahuk,Amedi,Azadi,آزادي,37.0468127113,43.3633756628,37.0,222.0,0.0,0.0,0.0,0.0,0.0,0.0,0.0,0.0,0.0,0.0,0.0,0.0,37.0,0.0,0.0,0.0,0.0,0.0,0.0,0.0,0.0,0.0,0.0,0.0,0.0,0.0,33.0,0.0,0.0,33.0,0.0,0.0,0.0,0.0,4.0,0.0,0.0,4.0,0.0,0.0,0.0,0.0,37.0,0.0,0.0,37.0,0.0,0.0,0.0,0.0,0.0,0.0,0.0,0.0,0.0,0.0,"Jan 19, 2017"
18,1101022.0,29567.0,Dahuk,Amedi,Kani,كاني,37.0838083045,43.5247963358,49.0,294.0,2.0,0.0,0.0,0.0,0.0,0.0,0.0,0.0,0.0,0.0,0.0,0.0,47.0,0.0,0.0,0.0,0.0,0.0,0.0,16.0,0.0,0.0,0.0,0.0,0.0,3.0,25.0,3.0,0.0,25.0,0.0,0.0,0.0,0.0,5.0,0.0,0.0,5.0,2.0,0.0,2.0,2.0,45.0,2.0,0.0,45.0,0.0,0.0,0.0,0.0,0.0,0.0,0.0,0.0,0.0,0.0,"Jan 19, 2017"
19,1102001.0,21971.0,Dahuk,Dahuk,Shorash (Al Jamyah),شورش (الجمعية),36.8704826594,42.9920154687,164.0,984.0,6.0,0.0,0.0,0.0,0.0,0.0,0.0,0.0,0.0,0.0,0.0,0.0,158.0,0.0,0.0,0.0,0.0,0.0,0.0,0.0,14.0,0.0,0.0,0.0,0.0,0.0,150.0,0.0,0.0,150.0,0.0,0.0,0.0,0.0,0.0,0.0,0.0,0.0,6.0,0.0,81.0,6.0,77.0,81.0,0.0,77.0,0.0,0.0,0.0,0.0,0.0,0.0,0.0,0.0,0.0,0.0,"Jan 19, 2017"
20,1102002.0,23580.0,Dahuk,Dahuk,Al Sinaah,الصناعة,36.8542059767,43.0445885206,206.0,1236.0,0.0,0.0,0.0,0.0,0.0,0.0,0.0,0.0,0.0,0.0,0.0,0.0,206.0,0.0,0.0,0.0,0.0,0.0,0.0,0.0,0.0,0.0,0.0,0.0,0.0,0.0,206.0,0.0,0.0,206.0,0.0,0.0,0.0,0.0,0.0,0.0,0.0,0.0,0.0,0.0,108.0,0.0,98.0,108.0,0.0,98.0,0.0,0.0,0.0,0.0,0.0,0.0,0.0,0.0,0.0,0.0,"Jan 19, 2017"
21,1102003.0,26054.0,Dahuk,Dahuk,Ashti,آشتي,36.8693988459,42.982650769,145.0,870.0,0.0,0.0,0.0,0.0,0.0,0.0,0.0,0.0,0.0,0.0,0.0,0.0,145.0,0.0,0.0,0.0,0.0,0.0,0.0,0.0,0.0,0.0,0.0,0.0,0.0,0.0,145.0,0.0,0.0,145.0,0.0,0.0,0.0,0.0,0.0,0.0,0.0,0.0,0.0,0.0,55.0,0.0,90.0,55.0,0.0,90.0,0.0,0.0,0.0,0.0,0.0,0.0,0.0,0.0,0.0,0.0,"Jan 19, 2017"
22,1102005.0,8687.0,Dahuk,Dahuk,Bablu,بابلو,36.8763062985,43.1250835275,141.0,846.0,0.0,0.0,0.0,0.0,0.0,0.0,0.0,0.0,0.0,0.0,0.0,0.0,135.0,0.0,6.0,0.0,0.0,0.0,0.0,14.0,0.0,51.0,0.0,0.0,51.0,6.0,25.0,6.0,0.0,25.0,0.0,0.0,0.0,0.0,45.0,0.0,0.0,45.0,0.0,0.0,28.0,0.0,113.0,28.0,0.0,113.0,0.0,0.0,0.0,0.0,0.0,0.0,0.0,0.0,0.0,0.0,"Jan 19, 2017"
23,1102006.0,24801.0,Dahuk,Dahuk,Bagera,باكيرا,36.9656684392,43.1696570782,121.0,726.0,0.0,0.0,0.0,0.0,0.0,0.0,0.0,0.0,0.0,0.0,0.0,0.0,112.0,0.0,9.0,0.0,0.0,0.0,0.0,33.0,3.0,1.0,0.0,0.0,1.0,0.0,69.0,0.0,0.0,69.0,0.0,0.0,0.0,0.0,15.0,0.0,0.0,15.0,0.0,0.0,30.0,0.0,91.0,30.0,0.0,91.0,0.0,0.0,0.0,0.0,0.0,0.0,0.0,0.0,0.0,0.0,"Jan 19, 2017"
24,1102007.0,26048.0,Dahuk,Dahuk,Bahdinan,بهدينان,36.8637930663,42.9686041234,99.0,594.0,0.0,0.0,0.0,0.0,0.0,0.0,0.0,0.0,0.0,0.0,0.0,0.0,99.0,0.0,0.0,0.0,0.0,0.0,0.0,0.0,13.0,0.0,0.0,0.0,0.0,0.0,86.0,0.0,0.0,86.0,0.0,0.0,0.0,0.0,0.0,0.0,0.0,0.0,0.0,0.0,75.0,0.0,24.0,75.0,0.0,24.0,0.0,0.0,0.0,0.0,0.0,0.0,0.0,0.0,0.0,0.0,"Jan 19, 2017"
25,1102008.0,8538.0,Dahuk,Dahuk,Banye,باني,36.9102061181,43.2362185907,27.0,162.0,0.0,0.0,0.0,0.0,0.0,0.0,0.0,0.0,0.0,0.0,0.0,0.0,27.0,0.0,0.0,0.0,0.0,0.0,0.0,4.0,0.0,1.0,0.0,0.0,1.0,0.0,0.0,0.0,0.0,0.0,0.0,0.0,0.0,0.0,22.0,0.0,0.0,22.0,0.0,0.0,0.0,0.0,27.0,0.0,0.0,27.0,0.0,0.0,0.0,0.0,0.0,0.0,0.0,0.0,0.0,0.0,"Jan 19, 2017"
26,1102009.0,7945.0,Dahuk,Dahuk,Baroshke,بروشكي,36.855219127,43.0222705365,320.0,1920.0,5.0,0.0,0.0,0.0,0.0,0.0,0.0,0.0,0.0,0.0,0.0,0.0,315.0,0.0,0.0,0.0,0.0,0.0,0.0,0.0,0.0,0.0,0.0,0.0,0.0,0.0,320.0,0.0,0.0,320.0,0.0,0.0,0.0,0.0,0.0,0.0,0.0,0.0,5.0,0.0,158.0,5.0,157.0,158.0,0.0,157.0,0.0,0.0,0.0,0.0,0.0,0.0,0.0,0.0,0.0,0.0,"Jan 19, 2017"
27,1102010.0,26051.0,Dahuk,Dahuk,Baroshke Complex,مجمع بروشكي,36.8501692328,43.0369777613,74.0,444.0,10.0,0.0,0.0,0.0,0.0,0.0,0.0,0.0,0.0,0.0,0.0,0.0,64.0,0.0,0.0,0.0,0.0,0.0,0.0,0.0,0.0,0.0,0.0,0.0,0.0,0.0,74.0,0.0,0.0,74.0,0.0,0.0,0.0,0.0,0.0,0.0,0.0,0.0,10.0,0.0,47.0,10.0,17.0,47.0,0.0,17.0,0.0,0.0,0.0,0.0,0.0,0.0,0.0,0.0,0.0,0.0,"Jan 19, 2017"
28,1102011.0,23710.0,Dahuk,Dahuk,Bazaar,بازار(سوق رئيسي),36.8622780044,42.9991135024,106.0,636.0,0.0,0.0,0.0,0.0,0.0,0.0,0.0,0.0,0.0,0.0,0.0,0.0,105.0,0.0,1.0,0.0,0.0,0.0,0.0,0.0,25.0,0.0,0.0,0.0,0.0,0.0,81.0,0.0,0.0,81.0,0.0,0.0,0.0,0.0,0.0,0.0,0.0,0.0,0.0,0.0,55.0,0.0,51.0,55.0,0.0,51.0,0.0,0.0,0.0,0.0,0.0,0.0,0.0,0.0,0.0,0.0,"Jan 19, 2017"
29,1102012.0,25899.0,Dahuk,Dahuk,Betase,بيتاسي,36.8205982757,43.1176957553,27.0,162.0,0.0,0.0,0.0,0.0,0.0,0.0,0.0,0.0,0.0,0.0,0.0,0.0,27.0,0.0,0.0,0.0,0.0,0.0,0.0,6.0,0.0,0.0,0.0,0.0,0.0,0.0,12.0,0.0,0.0,12.0,0.0,0.0,0.0,0.0,9.0,0.0,0.0,9.0,0.0,0.0,7.0,0.0,20.0,7.0,0.0,20.0,0.0,0.0,0.0,0.0,0.0,0.0,0.0,0.0,0.0,0.0,"Jan 19, 2017"
30,1102013.0,26052.0,Dahuk,Dahuk,Bintika,بنتيكا,36.8455205414,43.0088280572,81.0,486.0,0.0,0.0,0.0,0.0,0.0,0.0,0.0,0.0,0.0,0.0,0.0,0.0,81.0,0.0,0.0,0.0,0.0,0.0,0.0,0.0,0.0,0.0,0.0,0.0,0.0,0.0,81.0,0.0,0.0,81.0,0.0,0.0,0.0,0.0,0.0,0.0,0.0,0.0,0.0,0.0,22.0,0.0,59.0,22.0,0.0,59.0,0.0,0.0,0.0,0.0,0.0,0.0,0.0,0.0,0.0,0.0,"Jan 19, 2017"
31,1102014.0,26047.0,Dahuk,Dahuk,Botan,بوتان,36.8703008319,42.9719215977,145.0,870.0,7.0,0.0,0.0,0.0,0.0,0.0,0.0,0.0,0.0,0.0,0.0,0.0,138.0,0.0,0.0,0.0,0.0,0.0,0.0,0.0,51.0,0.0,0.0,0.0,0.0,0.0,86.0,0.0,0.0,86.0,0.0,0.0,0.0,0.0,8.0,0.0,0.0,8.0,7.0,0.0,48.0,7.0,90.0,48.0,0.0,90.0,0.0,0.0,0.0,0.0,0.0,0.0,0.0,0.0,0.0,0.0,"Jan 19, 2017"
32,1102015.0,23763.0,Dahuk,Dahuk,Dabin,دابين,36.8653013829,42.9787957157,10.0,60.0,0.0,0.0,1.0,0.0,0.0,0.0,0.0,0.0,0.0,0.0,0.0,0.0,9.0,0.0,0.0,0.0,0.0,0.0,0.0,0.0,0.0,0.0,0.0,0.0,0.0,0.0,10.0,0.0,0.0,10.0,0.0,0.0,0.0,0.0,0.0,0.0,0.0,0.0,1.0,0.0,2.0,1.0,7.0,2.0,0.0,7.0,0.0,0.0,0.0,0.0,0.0,0.0,0.0,0.0,0.0,0.0,"Jan 19, 2017"
33,1102016.0,24302.0,Dahuk,Dahuk,Dabin 2,دابين 2,36.8818269693,42.9425558194,630.0,3780.0,6.0,0.0,0.0,0.0,0.0,0.0,0.0,0.0,0.0,0.0,0.0,0.0,624.0,0.0,0.0,0.0,0.0,0.0,0.0,0.0,0.0,0.0,0.0,0.0,0.0,0.0,630.0,0.0,0.0,630.0,0.0,0.0,0.0,0.0,0.0,0.0,0.0,0.0,6.0,0.0,490.0,6.0,134.0,490.0,0.0,134.0,0.0,0.0,0.0,0.0,0.0,0.0,0.0,0.0,0.0,0.0,"Jan 19, 2017"
34,1102017.0,24185.0,Dahuk,Dahuk,Diyari,دياري,36.8489900036,43.0230109157,44.0,264.0,0.0,0.0,0.0,0.0,0.0,0.0,0.0,0.0,0.0,0.0,0.0,0.0,44.0,0.0,0.0,0.0,0.0,0.0,0.0,0.0,0.0,0.0,0.0,0.0,0.0,0.0,44.0,0.0,0.0,44.0,0.0,0.0,0.0,0.0,0.0,0.0,0.0,0.0,0.0,0.0,20.0,0.0,24.0,20.0,0.0,24.0,0.0,0.0,0.0,0.0,0.0,0.0,0.0,0.0,0.0,0.0,"Jan 19, 2017"
35,1102018.0,7949.0,Dahuk,Dahuk,Eminke,امينكي,36.8598589802,43.0951569088,154.0,924.0,0.0,0.0,0.0,0.0,0.0,0.0,0.0,0.0,0.0,0.0,0.0,0.0,154.0,0.0,0.0,0.0,0.0,0.0,0.0,15.0,0.0,0.0,0.0,0.0,0.0,0.0,27.0,0.0,0.0,27.0,0.0,0.0,0.0,0.0,112.0,0.0,0.0,112.0,0.0,0.0,40.0,0.0,114.0,40.0,0.0,114.0,0.0,0.0,0.0,0.0,0.0,0.0,0.0,0.0,0.0,0.0,"Jan 19, 2017"
36,1102019.0,23711.0,Dahuk,Dahuk,Gali Dohuk,كلي دهوك,36.8638748683,43.0061243315,67.0,402.0,1.0,0.0,0.0,0.0,0.0,0.0,0.0,0.0,0.0,0.0,0.0,0.0,66.0,0.0,0.0,0.0,0.0,0.0,0.0,3.0,3.0,0.0,0.0,0.0,0.0,0.0,61.0,0.0,0.0,61.0,0.0,0.0,0.0,0.0,0.0,0.0,0.0,0.0,1.0,0.0,0.0,1.0,66.0,0.0,0.0,66.0,0.0,0.0,0.0,0.0,0.0,0.0,0.0,0.0,0.0,0.0,"Jan 19, 2017"
37,1102021.0,8371.0,Dahuk,Dahuk,Gavarrke,كفركي,36.8471850269,42.9400111384,39.0,234.0,0.0,0.0,0.0,0.0,0.0,0.0,0.0,0.0,0.0,0.0,0.0,0.0,39.0,0.0,0.0,0.0,0.0,0.0,0.0,0.0,0.0,0.0,0.0,0.0,0.0,0.0,27.0,0.0,0.0,27.0,0.0,0.0,0.0,0.0,12.0,0.0,0.0,12.0,0.0,0.0,7.0,0.0,32.0,7.0,0.0,32.0,0.0,0.0,0.0,0.0,0.0,0.0,0.0,0.0,0.0,0.0,"Jan 19, 2017"
38,1102022.0,24628.0,Dahuk,Dahuk,Etit,ايتيت,36.844704079,43.0823302102,750.0,4500.0,0.0,0.0,0.0,0.0,0.0,0.0,0.0,0.0,0.0,0.0,0.0,0.0,750.0,0.0,0.0,0.0,0.0,0.0,0.0,40.0,0.0,0.0,0.0,0.0,0.0,0.0,600.0,0.0,0.0,600.0,0.0,0.0,0.0,0.0,110.0,0.0,0.0,110.0,0.0,0.0,253.0,0.0,497.0,253.0,0.0,497.0,0.0,0.0,0.0,0.0,0.0,0.0,0.0,0.0,0.0,0.0,"Jan 19, 2017"
39,1102023.0,21509.0,Dahuk,Dahuk,Kari Basi,كري باصي,36.8680922519,42.9918738841,201.0,1206.0,4.0,0.0,0.0,0.0,0.0,0.0,0.0,0.0,0.0,0.0,0.0,0.0,197.0,0.0,0.0,0.0,0.0,0.0,0.0,0.0,60.0,0.0,0.0,0.0,0.0,0.0,141.0,0.0,0.0,141.0,0.0,0.0,0.0,0.0,0.0,0.0,0.0,0.0,4.0,0.0,107.0,4.0,90.0,107.0,0.0,90.0,0.0,0.0,0.0,0.0,0.0,0.0,0.0,0.0,0.0,0.0,"Jan 19, 2017"
40,1102024.0,24184.0,Dahuk,Dahuk,Khabat Kojar,خبات(كوجر),36.8564135522,43.0028427368,156.0,936.0,0.0,0.0,0.0,0.0,0.0,0.0,0.0,0.0,0.0,0.0,0.0,0.0,156.0,0.0,0.0,0.0,0.0,0.0,0.0,6.0,60.0,0.0,0.0,0.0,0.0,0.0,90.0,0.0,0.0,90.0,0.0,0.0,0.0,0.0,0.0,0.0,0.0,0.0,0.0,0.0,70.0,0.0,86.0,70.0,0.0,86.0,0.0,0.0,0.0,0.0,0.0,0.0,0.0,0.0,0.0,0.0,"Jan 19, 2017"
41,1102025.0,8871.0,Dahuk,Dahuk,Kora,كورا,36.9342194987,43.1507973334,127.0,762.0,0.0,0.0,0.0,0.0,0.0,0.0,0.0,0.0,0.0,0.0,0.0,0.0,127.0,0.0,0.0,0.0,0.0,0.0,0.0,74.0,0.0,6.0,0.0,0.0,6.0,1.0,26.0,1.0,0.0,26.0,0.0,0.0,0.0,0.0,20.0,0.0,0.0,20.0,0.0,0.0,15.0,0.0,112.0,15.0,0.0,112.0,0.0,0.0,0.0,0.0,0.0,0.0,0.0,0.0,0.0,0.0,"Jan 19, 2017"
42,1102027.0,7984.0,Dahuk,Dahuk,Kevila,كيفيلا,36.8901529412,42.9149543195,125.0,750.0,0.0,0.0,0.0,0.0,0.0,0.0,0.0,0.0,0.0,0.0,0.0,0.0,125.0,0.0,0.0,0.0,0.0,0.0,0.0,0.0,0.0,0.0,0.0,0.0,0.0,0.0,20.0,0.0,0.0,20.0,0.0,0.0,0.0,0.0,105.0,0.0,0.0,105.0,0.0,0.0,5.0,0.0,120.0,5.0,0.0,120.0,0.0,0.0,0.0,0.0,0.0,0.0,0.0,0.0,0.0,0.0,"Jan 19, 2017"
43,1102029.0,26046.0,Dahuk,Dahuk,Upper Malta,مالتا العليا,36.8615099478,42.9449863952,445.0,2670.0,9.0,0.0,0.0,0.0,0.0,0.0,0.0,0.0,0.0,0.0,0.0,0.0,431.0,0.0,5.0,0.0,0.0,0.0,0.0,0.0,35.0,0.0,0.0,0.0,0.0,0.0,409.0,0.0,0.0,409.0,0.0,0.0,0.0,0.0,1.0,0.0,0.0,1.0,9.0,0.0,267.0,9.0,169.0,267.0,0.0,169.0,0.0,0.0,0.0,0.0,0.0,0.0,0.0,0.0,0.0,0.0,"Jan 19, 2017"
44,1102030.0,26045.0,Dahuk,Dahuk,Lower Malta,مالتا سفلى,36.8515582186,42.9319835441,160.0,960.0,0.0,0.0,0.0,0.0,0.0,0.0,0.0,0.0,0.0,0.0,0.0,0.0,160.0,0.0,0.0,0.0,0.0,0.0,0.0,0.0,40.0,0.0,0.0,0.0,0.0,0.0,120.0,0.0,0.0,120.0,0.0,0.0,0.0,0.0,0.0,0.0,0.0,0.0,0.0,0.0,18.0,0.0,142.0,18.0,0.0,142.0,0.0,0.0,0.0,0.0,0.0,0.0,0.0,0.0,0.0,0.0,"Jan 19, 2017"
45,1102031.0,7964.0,Dahuk,Dahuk,Mangesh,مانكيش,37.035876278,43.0965303365,128.0,768.0,0.0,0.0,0.0,0.0,0.0,0.0,0.0,0.0,0.0,0.0,0.0,0.0,128.0,0.0,0.0,0.0,0.0,0.0,0.0,86.0,0.0,0.0,0.0,0.0,0.0,29.0,13.0,29.0,0.0,13.0,0.0,0.0,0.0,0.0,0.0,0.0,0.0,0.0,0.0,0.0,0.0,0.0,128.0,0.0,0.0,128.0,0.0,0.0,0.0,0.0,0.0,0.0,0.0,0.0,0.0,0.0,"Jan 19, 2017"
46,1102032.0,24092.0,Dahuk,Dahuk,Masik-1,ماسيك 1,36.8811633973,42.948334316,180.0,1080.0,3.0,0.0,0.0,0.0,0.0,0.0,0.0,0.0,0.0,0.0,0.0,0.0,177.0,0.0,0.0,0.0,0.0,0.0,0.0,12.0,0.0,0.0,0.0,0.0,0.0,0.0,143.0,0.0,0.0,143.0,0.0,0.0,0.0,0.0,25.0,0.0,0.0,25.0,3.0,0.0,92.0,3.0,85.0,92.0,0.0,85.0,0.0,0.0,0.0,0.0,0.0,0.0,0.0,0.0,0.0,0.0,"Jan 19, 2017"
47,1102033.0,24093.0,Dahuk,Dahuk,Masik-2,ماسيك 2,36.8730314009,42.9416399073,300.0,1800.0,30.0,0.0,0.0,0.0,0.0,0.0,0.0,0.0,0.0,0.0,0.0,0.0,270.0,0.0,0.0,0.0,0.0,0.0,0.0,11.0,0.0,0.0,0.0,0.0,0.0,20.0,219.0,20.0,0.0,219.0,0.0,0.0,0.0,0.0,50.0,0.0,0.0,50.0,30.0,0.0,70.0,30.0,200.0,70.0,0.0,200.0,0.0,0.0,0.0,0.0,0.0,0.0,0.0,0.0,0.0,0.0,"Jan 19, 2017"
48,1102035.0,24802.0,Dahuk,Dahuk,Mazi,مازي,36.8554966559,42.9760345375,130.0,780.0,0.0,0.0,0.0,0.0,0.0,0.0,0.0,0.0,0.0,0.0,0.0,0.0,130.0,0.0,0.0,0.0,0.0,0.0,0.0,0.0,12.0,0.0,0.0,0.0,0.0,0.0,106.0,0.0,0.0,106.0,0.0,0.0,0.0,0.0,12.0,0.0,0.0,12.0,0.0,0.0,76.0,0.0,54.0,76.0,0.0,54.0,0.0,0.0,0.0,0.0,0.0,0.0,0.0,0.0,0.0,0.0,"Jan 19, 2017"
49,1102036.0,24803.0,Dahuk,Dahuk,Midiya,ميديا,36.8537717904,42.9623251718,110.0,660.0,0.0,0.0,0.0,0.0,0.0,0.0,0.0,0.0,0.0,0.0,0.0,0.0,110.0,0.0,0.0,0.0,0.0,0.0,0.0,13.0,8.0,0.0,0.0,0.0,0.0,0.0,83.0,0.0,0.0,83.0,0.0,0.0,0.0,0.0,6.0,0.0,0.0,6.0,0.0,0.0,25.0,0.0,85.0,25.0,0.0,85.0,0.0,0.0,0.0,0.0,0.0,0.0,0.0,0.0,0.0,0.0,"Jan 19, 2017"
50,1102037.0,24644.0,Dahuk,Dahuk,Muhabad,مهاباد,36.8482851035,43.0316330201,63.0,378.0,0.0,0.0,0.0,0.0,0.0,0.0,0.0,0.0,0.0,0.0,0.0,0.0,63.0,0.0,0.0,0.0,0.0,0.0,0.0,1.0,0.0,0.0,0.0,0.0,0.0,0.0,62.0,0.0,0.0,62.0,0.0,0.0,0.0,0.0,0.0,0.0,0.0,0.0,0.0,0.0,5.0,0.0,58.0,5.0,0.0,58.0,0.0,0.0,0.0,0.0,0.0,0.0,0.0,0.0,0.0,0.0,"Jan 19, 2017"
51,1102038.0,23905.0,Dahuk,Dahuk,Naor,ناعور,36.8585541999,43.0125296316,70.0,420.0,0.0,0.0,0.0,0.0,0.0,0.0,0.0,0.0,0.0,0.0,0.0,0.0,70.0,0.0,0.0,0.0,0.0,0.0,0.0,0.0,0.0,0.0,0.0,0.0,0.0,0.0,70.0,0.0,0.0,70.0,0.0,0.0,0.0,0.0,0.0,0.0,0.0,0.0,0.0,0.0,16.0,0.0,54.0,16.0,0.0,54.0,0.0,0.0,0.0,0.0,0.0,0.0,0.0,0.0,0.0,0.0,"Jan 19, 2017"
52,1102039.0,7946.0,Dahuk,Dahuk,Nazarke,نزاركي,36.8461278321,43.0477670218,845.0,5070.0,25.0,0.0,0.0,0.0,0.0,0.0,0.0,0.0,0.0,0.0,0.0,0.0,800.0,0.0,20.0,0.0,0.0,0.0,0.0,85.0,0.0,0.0,0.0,0.0,0.0,0.0,560.0,0.0,0.0,560.0,0.0,0.0,0.0,0.0,200.0,0.0,0.0,200.0,25.0,0.0,339.0,25.0,481.0,339.0,0.0,481.0,0.0,0.0,0.0,0.0,0.0,0.0,0.0,0.0,0.0,0.0,"Jan 19, 2017"
53,1102040.0,24188.0,Dahuk,Dahuk,Qassara,قسارا,36.8419729136,42.9322725975,310.0,1860.0,0.0,0.0,0.0,0.0,0.0,0.0,0.0,0.0,0.0,0.0,0.0,0.0,310.0,0.0,0.0,0.0,0.0,0.0,0.0,18.0,0.0,0.0,0.0,0.0,0.0,0.0,65.0,0.0,0.0,65.0,0.0,0.0,0.0,0.0,227.0,0.0,0.0,227.0,0.0,0.0,48.0,0.0,262.0,48.0,0.0,262.0,0.0,0.0,0.0,0.0,0.0,0.0,0.0,0.0,0.0,0.0,"Jan 19, 2017"
54,1102041.0,8468.0,Dahuk,Dahuk,Rashanke,رشانكي,36.9299783168,43.1983842298,73.0,438.0,0.0,0.0,0.0,0.0,0.0,0.0,0.0,0.0,0.0,0.0,0.0,0.0,73.0,0.0,0.0,0.0,0.0,0.0,0.0,13.0,0.0,24.0,0.0,0.0,24.0,0.0,5.0,0.0,0.0,5.0,0.0,0.0,0.0,0.0,31.0,0.0,0.0,31.0,0.0,0.0,0.0,0.0,73.0,0.0,0.0,73.0,0.0,0.0,0.0,0.0,0.0,0.0,0.0,0.0,0.0,0.0,"Jan 19, 2017"
55,1102042.0,23712.0,Dahuk,Dahuk,Raza,رزا,36.8502435242,42.9848694963,285.0,1710.0,0.0,0.0,0.0,0.0,0.0,0.0,0.0,0.0,0.0,0.0,0.0,0.0,285.0,0.0,0.0,0.0,0.0,0.0,0.0,0.0,0.0,0.0,0.0,0.0,0.0,0.0,285.0,0.0,0.0,285.0,0.0,0.0,0.0,0.0,0.0,0.0,0.0,0.0,0.0,0.0,135.0,0.0,150.0,135.0,0.0,150.0,0.0,0.0,0.0,0.0,0.0,0.0,0.0,0.0,0.0,0.0,"Jan 19, 2017"
56,1102043.0,26049.0,Dahuk,Dahuk,Sarbasti,سربستي,36.8504093869,43.0092905542,25.0,150.0,0.0,0.0,0.0,0.0,0.0,0.0,0.0,0.0,0.0,0.0,0.0,0.0,25.0,0.0,0.0,0.0,0.0,0.0,0.0,0.0,0.0,0.0,0.0,0.0,0.0,0.0,25.0,0.0,0.0,25.0,0.0,0.0,0.0,0.0,0.0,0.0,0.0,0.0,0.0,0.0,9.0,0.0,16.0,9.0,0.0,16.0,0.0,0.0,0.0,0.0,0.0,0.0,0.0,0.0,0.0,0.0,"Jan 19, 2017"
57,1102044.0,23902.0,Dahuk,Dahuk,Sarheldan,سرهلدان,36.8537066286,43.0305321738,202.0,1212.0,1.0,0.0,0.0,0.0,0.0,0.0,0.0,0.0,0.0,0.0,0.0,0.0,199.0,0.0,2.0,0.0,0.0,0.0,0.0,0.0,0.0,0.0,0.0,0.0,0.0,0.0,202.0,0.0,0.0,202.0,0.0,0.0,0.0,0.0,0.0,0.0,0.0,0.0,1.0,0.0,128.0,1.0,73.0,128.0,0.0,73.0,0.0,0.0,0.0,0.0,0.0,0.0,0.0,0.0,0.0,0.0,"Jan 19, 2017"
58,1102045.0,26053.0,Dahuk,Dahuk,Shahidan,شهيدان,36.8685497368,42.9950220246,75.0,450.0,0.0,0.0,0.0,0.0,0.0,0.0,0.0,0.0,0.0,0.0,0.0,0.0,75.0,0.0,0.0,0.0,0.0,0.0,0.0,0.0,0.0,0.0,0.0,0.0,0.0,0.0,75.0,0.0,0.0,75.0,0.0,0.0,0.0,0.0,0.0,0.0,0.0,0.0,0.0,0.0,6.0,0.0,69.0,6.0,0.0,69.0,0.0,0.0,0.0,0.0,0.0,0.0,0.0,0.0,0.0,0.0,"Jan 19, 2017"
59,1102046.0,8373.0,Dahuk,Dahuk,Shakhke,شاخكي,36.8762293618,42.979035324,260.0,1560.0,12.0,0.0,0.0,0.0,0.0,0.0,0.0,0.0,0.0,0.0,0.0,0.0,245.0,0.0,3.0,0.0,0.0,0.0,0.0,0.0,54.0,0.0,0.0,0.0,0.0,0.0,206.0,0.0,0.0,206.0,0.0,0.0,0.0,0.0,0.0,0.0,0.0,0.0,12.0,0.0,101.0,12.0,147.0,101.0,0.0,147.0,0.0,0.0,0.0,0.0,0.0,0.0,0.0,0.0,0.0,0.0,"Jan 19, 2017"
60,1102047.0,21979.0,Dahuk,Dahuk,Shele,شيلي,36.8575836915,42.9965073915,255.0,1530.0,0.0,0.0,0.0,0.0,0.0,0.0,0.0,0.0,0.0,0.0,0.0,0.0,249.0,0.0,6.0,0.0,0.0,0.0,0.0,0.0,90.0,0.0,0.0,0.0,0.0,0.0,165.0,0.0,0.0,165.0,0.0,0.0,0.0,0.0,0.0,0.0,0.0,0.0,0.0,0.0,110.0,0.0,145.0,110.0,0.0,145.0,0.0,0.0,0.0,0.0,0.0,0.0,0.0,0.0,0.0,0.0,"Jan 19, 2017"
61,1102048.0,8372.0,Dahuk,Dahuk,Shindukha,شندوخا,36.8462234223,42.9695201784,90.0,540.0,0.0,0.0,0.0,0.0,0.0,0.0,0.0,0.0,0.0,0.0,0.0,0.0,90.0,0.0,0.0,0.0,0.0,0.0,0.0,0.0,0.0,0.0,0.0,0.0,0.0,0.0,71.0,0.0,0.0,71.0,0.0,0.0,0.0,0.0,19.0,0.0,0.0,19.0,0.0,0.0,24.0,0.0,66.0,24.0,0.0,66.0,0.0,0.0,0.0,0.0,0.0,0.0,0.0,0.0,0.0,0.0,"Jan 19, 2017"
62,1102049.0,7921.0,Dahuk,Dahuk,Zawita,زاويتة,36.906067605,43.1465299967,94.0,564.0,0.0,0.0,0.0,0.0,0.0,0.0,0.0,0.0,0.0,0.0,0.0,0.0,94.0,0.0,0.0,0.0,0.0,0.0,0.0,20.0,6.0,1.0,0.0,0.0,1.0,0.0,37.0,0.0,0.0,37.0,0.0,0.0,0.0,0.0,30.0,0.0,0.0,30.0,0.0,0.0,28.0,0.0,66.0,28.0,0.0,66.0,0.0,0.0,0.0,0.0,0.0,0.0,0.0,0.0,0.0,0.0,"Jan 19, 2017"
63,1102050.0,25898.0,Dahuk,Dahuk,Avrike,افريكي,36.8317640341,43.1190399827,180.0,1080.0,0.0,0.0,0.0,0.0,0.0,0.0,0.0,0.0,0.0,0.0,0.0,0.0,180.0,0.0,0.0,0.0,0.0,0.0,0.0,30.0,0.0,0.0,0.0,0.0,0.0,0.0,104.0,0.0,0.0,104.0,0.0,0.0,0.0,0.0,46.0,0.0,0.0,46.0,0.0,0.0,104.0,0.0,76.0,104.0,0.0,76.0,0.0,0.0,0.0,0.0,0.0,0.0,0.0,0.0,0.0,0.0,"Jan 19, 2017"
64,1102051.0,8867.0,Dahuk,Dahuk,Zeri Land,زري لاند,36.8702833927,42.9586759913,398.0,2388.0,9.0,0.0,0.0,0.0,0.0,0.0,0.0,0.0,0.0,0.0,0.0,0.0,387.0,0.0,2.0,0.0,0.0,0.0,0.0,0.0,0.0,0.0,0.0,0.0,0.0,0.0,398.0,0.0,0.0,398.0,0.0,0.0,0.0,0.0,0.0,0.0,0.0,0.0,9.0,0.0,280.0,9.0,109.0,280.0,0.0,109.0,0.0,0.0,0.0,0.0,0.0,0.0,0.0,0.0,0.0,0.0,"Jan 19, 2017"
65,1102052.0,24186.0,Dahuk,Dahuk,Zirka,زركا,36.8711301218,42.9301074986,82.0,492.0,5.0,0.0,0.0,0.0,0.0,0.0,0.0,0.0,0.0,0.0,0.0,0.0,77.0,0.0,0.0,0.0,0.0,0.0,0.0,0.0,0.0,0.0,0.0,0.0,0.0,0.0,61.0,0.0,0.0,61.0,0.0,0.0,0.0,0.0,21.0,0.0,0.0,21.0,5.0,0.0,19.0,5.0,58.0,19.0,0.0,58.0,0.0,0.0,0.0,0.0,0.0,0.0,0.0,0.0,0.0,0.0,"Jan 19, 2017"
66,1102053.0,24187.0,Dahuk,Dahuk,Zozan,زوزان,36.8595380545,43.005781166,70.0,420.0,0.0,0.0,0.0,0.0,0.0,0.0,0.0,0.0,0.0,0.0,0.0,0.0,70.0,0.0,0.0,0.0,0.0,0.0,0.0,0.0,0.0,0.0,0.0,0.0,0.0,0.0,70.0,0.0,0.0,70.0,0.0,0.0,0.0,0.0,0.0,0.0,0.0,0.0,0.0,0.0,30.0,0.0,40.0,30.0,0.0,40.0,0.0,0.0,0.0,0.0,0.0,0.0,0.0,0.0,0.0,0.0,"Jan 19, 2017"
67,1102057.0,8822.0,Dahuk,Dahuk,Banasora,بانصورا,37.0154933981,43.016330133,121.0,726.0,0.0,0.0,0.0,0.0,0.0,0.0,0.0,0.0,0.0,0.0,0.0,0.0,121.0,0.0,0.0,0.0,0.0,0.0,0.0,87.0,0.0,0.0,0.0,0.0,0.0,0.0,2.0,0.0,0.0,2.0,0.0,0.0,0.0,0.0,32.0,0.0,0.0,32.0,0.0,0.0,3.0,0.0,118.0,3.0,0.0,118.0,0.0,0.0,0.0,0.0,0.0,0.0,0.0,0.0,0.0,0.0,"Jan 19, 2017"
68,1102058.0,8238.0,Dahuk,Dahuk,Kovle,كوفلي,37.0468524247,43.1388632746,23.0,138.0,0.0,0.0,0.0,0.0,0.0,0.0,0.0,0.0,0.0,0.0,0.0,0.0,23.0,0.0,0.0,0.0,0.0,0.0,0.0,19.0,0.0,0.0,0.0,0.0,0.0,2.0,0.0,2.0,0.0,0.0,0.0,0.0,0.0,0.0,2.0,0.0,0.0,2.0,0.0,0.0,0.0,0.0,23.0,0.0,0.0,23.0,0.0,0.0,0.0,0.0,0.0,0.0,0.0,0.0,0.0,0.0,"Jan 19, 2017"
69,1102059.0,8460.0,Dahuk,Dahuk,Mjlmakht,مجلمخت,37.0191695446,43.1655734603,38.0,228.0,0.0,0.0,0.0,0.0,0.0,0.0,0.0,0.0,0.0,0.0,0.0,0.0,38.0,0.0,0.0,0.0,0.0,0.0,0.0,36.0,0.0,0.0,0.0,0.0,0.0,0.0,0.0,0.0,0.0,0.0,0.0,0.0,0.0,0.0,2.0,0.0,0.0,2.0,0.0,0.0,0.0,0.0,38.0,0.0,0.0,38.0,0.0,0.0,0.0,0.0,0.0,0.0,0.0,0.0,0.0,0.0,"Jan 19, 2017"
70,1102060.0,8193.0,Dahuk,Dahuk,Baroshka Saadin,بروشكا سعدين,37.067141895,43.0779845029,58.0,348.0,0.0,0.0,0.0,0.0,0.0,0.0,0.0,0.0,0.0,0.0,0.0,0.0,58.0,0.0,0.0,0.0,0.0,0.0,0.0,58.0,0.0,0.0,0.0,0.0,0.0,0.0,0.0,0.0,0.0,0.0,0.0,0.0,0.0,0.0,0.0,0.0,0.0,0.0,0.0,0.0,0.0,0.0,58.0,0.0,0.0,58.0,0.0,0.0,0.0,0.0,0.0,0.0,0.0,0.0,0.0,0.0,"Jan 19, 2017"
71,1102061.0,29698.0,Dahuk,Dahuk,Nawroz,نوروز,36.8657196578,42.9906778038,10.0,60.0,0.0,0.0,0.0,0.0,0.0,0.0,0.0,0.0,0.0,0.0,0.0,0.0,10.0,0.0,0.0,0.0,0.0,0.0,0.0,0.0,0.0,0.0,0.0,0.0,0.0,0.0,10.0,0.0,0.0,10.0,0.0,0.0,0.0,0.0,0.0,0.0,0.0,0.0,0.0,0.0,0.0,0.0,10.0,0.0,0.0,10.0,0.0,0.0,0.0,0.0,0.0,0.0,0.0,0.0,0.0,0.0,"Jan 19, 2017"
72,1103001.0,24800.0,Dahuk,Sumel,Avro City,افرو سيتي,36.8574288717,42.9076970107,1592.0,9552.0,2.0,0.0,0.0,0.0,0.0,0.0,0.0,0.0,0.0,0.0,0.0,0.0,1583.0,0.0,7.0,0.0,0.0,0.0,0.0,186.0,0.0,0.0,0.0,0.0,0.0,0.0,1406.0,0.0,0.0,1406.0,0.0,0.0,0.0,0.0,0.0,0.0,0.0,0.0,2.0,0.0,1211.0,2.0,379.0,1211.0,0.0,379.0,0.0,0.0,0.0,0.0,0.0,0.0,0.0,0.0,0.0,0.0,"Jan 19, 2017"
73,1103002.0,8044.0,Dahuk,Sumel,Bajit Kandala,باجت كندال,37.047257891,42.451053771,266.0,1596.0,0.0,0.0,0.0,0.0,0.0,0.0,0.0,0.0,0.0,0.0,0.0,0.0,266.0,0.0,0.0,0.0,0.0,0.0,0.0,180.0,0.0,44.0,0.0,0.0,44.0,0.0,27.0,0.0,0.0,27.0,0.0,0.0,0.0,0.0,15.0,0.0,0.0,15.0,0.0,0.0,2.0,0.0,264.0,2.0,0.0,264.0,0.0,0.0,0.0,0.0,0.0,0.0,0.0,0.0,0.0,0.0,"Jan 19, 2017"
74,1103003.0,24790.0,Dahuk,Sumel,Bajet Kandala,مخيم باجت كندالا,37.0558176814,42.4460285564,2071.0,12426.0,0.0,0.0,0.0,0.0,0.0,0.0,0.0,0.0,0.0,0.0,0.0,0.0,2071.0,0.0,0.0,0.0,0.0,0.0,2071.0,0.0,0.0,0.0,0.0,0.0,0.0,0.0,0.0,0.0,0.0,0.0,0.0,0.0,0.0,0.0,0.0,0.0,0.0,0.0,0.0,0.0,0.0,0.0,2065.0,0.0,0.0,2065.0,6.0,0.0,0.0,6.0,0.0,0.0,0.0,0.0,0.0,0.0,"Jan 19, 2017"
75,1103004.0,8019.0,Dahuk,Sumel,Bakhitme,باختمي,36.806965597,42.8593761365,68.0,408.0,0.0,0.0,0.0,0.0,0.0,0.0,0.0,0.0,0.0,0.0,0.0,0.0,68.0,0.0,0.0,0.0,0.0,0.0,0.0,7.0,0.0,16.0,0.0,0.0,16.0,2.0,28.0,2.0,0.0,28.0,0.0,0.0,0.0,0.0,15.0,0.0,0.0,15.0,0.0,0.0,0.0,0.0,68.0,0.0,0.0,68.0,0.0,0.0,0.0,0.0,0.0,0.0,0.0,0.0,0.0,0.0,"Jan 19, 2017"
76,1103005.0,25993.0,Dahuk,Sumel,Basetki,باستكي,36.9568378737,42.7284603812,384.0,2304.0,0.0,0.0,0.0,0.0,0.0,0.0,0.0,0.0,0.0,0.0,0.0,0.0,384.0,0.0,0.0,0.0,0.0,0.0,0.0,215.0,0.0,0.0,0.0,0.0,0.0,0.0,75.0,0.0,0.0,75.0,0.0,0.0,0.0,0.0,94.0,0.0,0.0,94.0,0.0,0.0,0.0,0.0,384.0,0.0,0.0,384.0,0.0,0.0,0.0,0.0,0.0,0.0,0.0,0.0,0.0,0.0,"Jan 19, 2017"
77,1103006.0,8196.0,Dahuk,Sumel,Batel,باتيل,36.9610934335,42.6813437249,188.0,1128.0,0.0,0.0,0.0,0.0,0.0,0.0,0.0,0.0,0.0,0.0,0.0,0.0,188.0,0.0,0.0,0.0,0.0,0.0,0.0,78.0,0.0,4.0,0.0,0.0,4.0,0.0,21.0,0.0,0.0,21.0,0.0,0.0,0.0,0.0,85.0,0.0,0.0,85.0,0.0,0.0,30.0,0.0,153.0,30.0,0.0,153.0,5.0,0.0,0.0,5.0,0.0,0.0,0.0,0.0,0.0,0.0,"Jan 19, 2017"
78,1103007.0,8018.0,Dahuk,Sumel,Bazalan,بازلان,36.8150284896,42.9142815443,55.0,330.0,0.0,0.0,0.0,0.0,0.0,0.0,0.0,0.0,0.0,0.0,0.0,0.0,55.0,0.0,0.0,0.0,0.0,0.0,0.0,0.0,0.0,0.0,0.0,0.0,0.0,0.0,0.0,0.0,0.0,0.0,0.0,0.0,0.0,0.0,55.0,0.0,0.0,55.0,0.0,0.0,0.0,0.0,55.0,0.0,0.0,55.0,0.0,0.0,0.0,0.0,0.0,0.0,0.0,0.0,0.0,0.0,"Jan 19, 2017"
79,1103009.0,8239.0,Dahuk,Sumel,Fayda,فايدة,36.7568274843,42.9270861475,363.0,2178.0,12.0,0.0,0.0,0.0,0.0,0.0,0.0,0.0,0.0,0.0,0.0,0.0,351.0,0.0,0.0,0.0,0.0,0.0,0.0,45.0,0.0,0.0,0.0,0.0,0.0,0.0,280.0,0.0,0.0,280.0,0.0,0.0,0.0,0.0,38.0,0.0,0.0,38.0,12.0,0.0,180.0,12.0,171.0,180.0,0.0,171.0,0.0,0.0,0.0,0.0,0.0,0.0,0.0,0.0,0.0,0.0,"Jan 19, 2017"
80,1103010.0,25622.0,Dahuk,Sumel,Moaskar Domiz,معسكر دوميز,36.7876371577,42.9050202606,300.0,1800.0,10.0,0.0,0.0,0.0,0.0,0.0,0.0,0.0,0.0,0.0,0.0,0.0,290.0,0.0,0.0,0.0,0.0,0.0,0.0,25.0,0.0,0.0,0.0,0.0,0.0,0.0,254.0,0.0,0.0,254.0,0.0,0.0,0.0,0.0,21.0,0.0,0.0,21.0,10.0,0.0,240.0,10.0,50.0,240.0,0.0,50.0,0.0,0.0,0.0,0.0,0.0,0.0,0.0,0.0,0.0,0.0,"Jan 19, 2017"
81,1103011.0,25623.0,Dahuk,Sumel,Waarvin City,وارفين ستي,36.8006019234,42.9124949489,290.0,1740.0,0.0,0.0,0.0,0.0,0.0,0.0,0.0,0.0,0.0,0.0,0.0,0.0,270.0,0.0,20.0,0.0,0.0,0.0,0.0,20.0,0.0,0.0,0.0,0.0,0.0,0.0,250.0,0.0,0.0,250.0,0.0,0.0,0.0,0.0,20.0,0.0,0.0,20.0,0.0,0.0,106.0,0.0,184.0,106.0,0.0,184.0,0.0,0.0,0.0,0.0,0.0,0.0,0.0,0.0,0.0,0.0,"Jan 19, 2017"
82,1103012.0,8246.0,Dahuk,Sumel,Girsheen,كرشين,36.9924547544,42.6006406225,147.0,882.0,0.0,0.0,0.0,0.0,0.0,0.0,0.0,0.0,0.0,0.0,0.0,0.0,147.0,0.0,0.0,0.0,0.0,0.0,0.0,50.0,0.0,0.0,0.0,0.0,0.0,0.0,26.0,0.0,0.0,26.0,0.0,0.0,0.0,0.0,71.0,0.0,0.0,71.0,0.0,0.0,22.0,0.0,125.0,22.0,0.0,125.0,0.0,0.0,0.0,0.0,0.0,0.0,0.0,0.0,0.0,0.0,"Jan 19, 2017"
83,1103014.0,24794.0,Dahuk,Sumel,Kabarto 1,مخيم كبرتو 1,36.789299951,42.8566103893,2473.0,14838.0,0.0,0.0,0.0,0.0,0.0,0.0,0.0,0.0,0.0,0.0,0.0,0.0,2473.0,0.0,0.0,0.0,0.0,0.0,2473.0,0.0,0.0,0.0,0.0,0.0,0.0,0.0,0.0,0.0,0.0,0.0,0.0,0.0,0.0,0.0,0.0,0.0,0.0,0.0,0.0,0.0,0.0,0.0,2473.0,0.0,0.0,2473.0,0.0,0.0,0.0,0.0,0.0,0.0,0.0,0.0,0.0,0.0,"Jan 19, 2017"
84,1103015.0,24795.0,Dahuk,Sumel,Kabarto 2,مخيم كبرتو 2,36.7878435202,42.8566065223,2492.0,14952.0,0.0,0.0,0.0,0.0,0.0,0.0,0.0,0.0,0.0,0.0,0.0,0.0,2492.0,0.0,0.0,0.0,0.0,0.0,2492.0,0.0,0.0,0.0,0.0,0.0,0.0,0.0,0.0,0.0,0.0,0.0,0.0,0.0,0.0,0.0,0.0,0.0,0.0,0.0,0.0,0.0,0.0,0.0,2492.0,0.0,0.0,2492.0,0.0,0.0,0.0,0.0,0.0,0.0,0.0,0.0,0.0,0.0,"Jan 19, 2017"
85,1103017.0,8656.0,Dahuk,Sumel,Khanke,مخيم خانكي,36.7786621516,42.7746618699,2870.0,17220.0,0.0,0.0,0.0,0.0,0.0,0.0,0.0,0.0,0.0,0.0,0.0,0.0,2870.0,0.0,0.0,0.0,0.0,0.0,2870.0,0.0,0.0,0.0,0.0,0.0,0.0,0.0,0.0,0.0,0.0,0.0,0.0,0.0,0.0,0.0,0.0,0.0,0.0,0.0,0.0,0.0,0.0,0.0,2870.0,0.0,0.0,2870.0,0.0,0.0,0.0,0.0,0.0,0.0,0.0,0.0,0.0,0.0,"Jan 19, 2017"
86,1103018.0,25777.0,Dahuk,Sumel,Dolib,دلب,36.8405217158,42.9009229975,41.0,246.0,0.0,0.0,0.0,0.0,0.0,0.0,0.0,0.0,0.0,0.0,0.0,0.0,41.0,0.0,0.0,0.0,0.0,0.0,0.0,6.0,0.0,0.0,0.0,0.0,0.0,0.0,30.0,0.0,0.0,30.0,0.0,0.0,0.0,0.0,5.0,0.0,0.0,5.0,0.0,0.0,2.0,0.0,39.0,2.0,0.0,39.0,0.0,0.0,0.0,0.0,0.0,0.0,0.0,0.0,0.0,0.0,"Jan 19, 2017"
87,1103019.0,25778.0,Dahuk,Sumel,Hawshke,حوشكي,36.873716487,42.8876247955,14.0,84.0,0.0,0.0,0.0,0.0,0.0,0.0,0.0,0.0,0.0,0.0,0.0,0.0,14.0,0.0,0.0,0.0,0.0,0.0,0.0,0.0,0.0,0.0,0.0,0.0,0.0,0.0,0.0,0.0,0.0,0.0,0.0,0.0,0.0,0.0,14.0,0.0,0.0,14.0,0.0,0.0,0.0,0.0,14.0,0.0,0.0,14.0,0.0,0.0,0.0,0.0,0.0,0.0,0.0,0.0,0.0,0.0,"Jan 19, 2017"
88,1103020.0,8873.0,Dahuk,Sumel,Misereek,مسيريك,36.8625503803,42.8052015326,1451.0,8706.0,0.0,0.0,0.0,0.0,0.0,0.0,0.0,0.0,0.0,0.0,0.0,0.0,1446.0,0.0,5.0,0.0,0.0,0.0,0.0,167.0,0.0,0.0,0.0,0.0,0.0,0.0,1087.0,0.0,0.0,1087.0,0.0,0.0,0.0,0.0,197.0,0.0,0.0,197.0,0.0,0.0,762.0,0.0,689.0,762.0,0.0,689.0,0.0,0.0,0.0,0.0,0.0,0.0,0.0,0.0,0.0,0.0,"Jan 19, 2017"
89,1103021.0,7990.0,Dahuk,Sumel,Namrike,نمريكي,36.7388267266,42.8842812701,18.0,108.0,0.0,0.0,0.0,0.0,0.0,0.0,0.0,0.0,0.0,0.0,0.0,0.0,18.0,0.0,0.0,0.0,0.0,0.0,0.0,5.0,0.0,0.0,0.0,0.0,0.0,0.0,3.0,0.0,0.0,3.0,0.0,0.0,0.0,0.0,10.0,0.0,0.0,10.0,0.0,0.0,16.0,0.0,1.0,16.0,0.0,1.0,1.0,0.0,0.0,1.0,0.0,0.0,0.0,0.0,0.0,0.0,"Jan 19, 2017"
90,1103022.0,24791.0,Dahuk,Sumel,Rwanga Community ,مخيم روانكه,37.0583354983,42.619139735,2720.0,16320.0,0.0,0.0,0.0,0.0,0.0,0.0,0.0,0.0,0.0,0.0,0.0,0.0,2720.0,0.0,0.0,0.0,0.0,0.0,2720.0,0.0,0.0,0.0,0.0,0.0,0.0,0.0,0.0,0.0,0.0,0.0,0.0,0.0,0.0,0.0,0.0,0.0,0.0,0.0,0.0,0.0,0.0,0.0,2720.0,0.0,0.0,2720.0,0.0,0.0,0.0,0.0,0.0,0.0,0.0,0.0,0.0,0.0,"Jan 19, 2017"
91,1103023.0,7989.0,Dahuk,Sumel,Seje,سيجي,36.9132638807,42.8853381925,1090.0,6540.0,0.0,0.0,0.0,0.0,0.0,0.0,0.0,0.0,0.0,0.0,0.0,0.0,1090.0,0.0,0.0,0.0,0.0,0.0,0.0,10.0,0.0,0.0,0.0,0.0,0.0,5.0,198.0,5.0,0.0,198.0,0.0,0.0,0.0,0.0,877.0,0.0,0.0,877.0,0.0,0.0,55.0,0.0,1035.0,55.0,0.0,1035.0,0.0,0.0,0.0,0.0,0.0,0.0,0.0,0.0,0.0,0.0,"Jan 19, 2017"
92,1103024.0,8336.0,Dahuk,Sumel,Semel,سيميل,36.8570167451,42.8572455505,1171.0,7026.0,0.0,0.0,0.0,0.0,0.0,0.0,0.0,0.0,0.0,0.0,0.0,0.0,1171.0,0.0,0.0,0.0,0.0,0.0,0.0,9.0,0.0,0.0,0.0,0.0,0.0,16.0,1081.0,16.0,0.0,1081.0,0.0,0.0,0.0,0.0,65.0,0.0,0.0,65.0,0.0,0.0,800.0,0.0,371.0,800.0,0.0,371.0,0.0,0.0,0.0,0.0,0.0,0.0,0.0,0.0,0.0,0.0,"Jan 19, 2017"
93,1103025.0,8369.0,Dahuk,Sumel,Shariya,شاريا,36.7861301566,42.9737871575,4225.0,25350.0,0.0,0.0,0.0,0.0,0.0,0.0,0.0,0.0,0.0,0.0,0.0,0.0,4225.0,0.0,0.0,0.0,0.0,0.0,0.0,100.0,0.0,673.0,0.0,0.0,673.0,0.0,965.0,0.0,0.0,965.0,0.0,0.0,0.0,0.0,2487.0,0.0,0.0,2487.0,0.0,0.0,0.0,0.0,4225.0,0.0,0.0,4225.0,0.0,0.0,0.0,0.0,0.0,0.0,0.0,0.0,0.0,0.0,"Jan 19, 2017"
94,1103026.0,24827.0,Dahuk,Sumel,Shariya ,مخيم شاريا,36.7947500339,42.9633869006,3154.0,18924.0,0.0,0.0,0.0,0.0,0.0,0.0,0.0,0.0,0.0,0.0,0.0,0.0,3154.0,0.0,0.0,0.0,0.0,0.0,3154.0,0.0,0.0,0.0,0.0,0.0,0.0,0.0,0.0,0.0,0.0,0.0,0.0,0.0,0.0,0.0,0.0,0.0,0.0,0.0,0.0,0.0,0.0,0.0,3154.0,0.0,0.0,3154.0,0.0,0.0,0.0,0.0,0.0,0.0,0.0,0.0,0.0,0.0,"Jan 19, 2017"
95,1103027.0,8476.0,Dahuk,Sumel,Soriya,صوريا,37.0029054857,42.4852168514,319.0,1914.0,0.0,0.0,0.0,0.0,0.0,0.0,0.0,0.0,0.0,0.0,0.0,0.0,319.0,0.0,0.0,0.0,0.0,0.0,0.0,186.0,0.0,63.0,0.0,0.0,63.0,0.0,18.0,0.0,0.0,18.0,0.0,0.0,0.0,0.0,52.0,0.0,0.0,52.0,0.0,0.0,0.0,0.0,314.0,0.0,0.0,314.0,5.0,0.0,0.0,5.0,0.0,0.0,0.0,0.0,0.0,0.0,"Jan 19, 2017"
96,1103028.0,25776.0,Dahuk,Sumel,Ramilan City,راميلان ستي,36.8632978833,42.8975976975,204.0,1224.0,1.0,0.0,0.0,0.0,0.0,0.0,0.0,0.0,0.0,0.0,0.0,0.0,202.0,0.0,1.0,0.0,0.0,0.0,0.0,8.0,0.0,0.0,0.0,0.0,0.0,0.0,196.0,0.0,0.0,196.0,0.0,0.0,0.0,0.0,0.0,0.0,0.0,0.0,1.0,0.0,75.0,1.0,128.0,75.0,0.0,128.0,0.0,0.0,0.0,0.0,0.0,0.0,0.0,0.0,0.0,0.0,"Jan 19, 2017"
97,1103029.0,24596.0,Dahuk,Sumel,Tanahi,تناهي,36.86240581,42.9031999597,173.0,1038.0,3.0,0.0,0.0,0.0,0.0,0.0,0.0,0.0,0.0,0.0,0.0,0.0,168.0,0.0,2.0,0.0,0.0,0.0,0.0,3.0,0.0,0.0,0.0,0.0,0.0,0.0,155.0,0.0,0.0,155.0,0.0,0.0,0.0,0.0,15.0,0.0,0.0,15.0,3.0,0.0,77.0,3.0,93.0,77.0,0.0,93.0,0.0,0.0,0.0,0.0,0.0,0.0,0.0,0.0,0.0,0.0,"Jan 19, 2017"
98,1103030.0,23645.0,Dahuk,Sumel,War City,وار ستي,36.7723211609,42.9195183907,230.0,1380.0,22.0,0.0,0.0,0.0,0.0,0.0,0.0,0.0,0.0,0.0,0.0,0.0,208.0,0.0,0.0,0.0,0.0,0.0,0.0,22.0,0.0,0.0,0.0,0.0,0.0,0.0,208.0,0.0,0.0,208.0,0.0,0.0,0.0,0.0,0.0,0.0,0.0,0.0,22.0,0.0,154.0,22.0,54.0,154.0,0.0,54.0,0.0,0.0,0.0,0.0,0.0,0.0,0.0,0.0,0.0,0.0,"Jan 19, 2017"
99,1103033.0,26122.0,Dahuk,Sumel,Domiz-Rozh,دوميز روز,36.8028713296,42.9163498244,219.0,1314.0,0.0,0.0,0.0,0.0,0.0,0.0,0.0,0.0,0.0,0.0,0.0,0.0,219.0,0.0,0.0,0.0,0.0,0.0,0.0,18.0,0.0,0.0,0.0,0.0,0.0,0.0,187.0,0.0,0.0,187.0,0.0,0.0,0.0,0.0,14.0,0.0,0.0,14.0,0.0,0.0,205.0,0.0,14.0,205.0,0.0,14.0,0.0,0.0,0.0,0.0,0.0,0.0,0.0,0.0,0.0,0.0,"Jan 19, 2017"
100,1103034.0,26123.0,Dahuk,Sumel,Domiz-Halat,دوميز هلات,36.7946920859,42.9175000359,445.0,2670.0,0.0,0.0,0.0,0.0,0.0,0.0,0.0,0.0,0.0,0.0,0.0,0.0,445.0,0.0,0.0,0.0,0.0,0.0,0.0,55.0,0.0,0.0,0.0,0.0,0.0,0.0,370.0,0.0,0.0,370.0,0.0,0.0,0.0,0.0,20.0,0.0,0.0,20.0,0.0,0.0,385.0,0.0,60.0,385.0,0.0,60.0,0.0,0.0,0.0,0.0,0.0,0.0,0.0,0.0,0.0,0.0,"Jan 19, 2017"
101,1103035.0,27126.0,Dahuk,Sumel,Haweri,هويري,36.7734658877,42.7863281533,233.0,1398.0,0.0,0.0,0.0,0.0,0.0,0.0,0.0,0.0,0.0,0.0,0.0,0.0,233.0,0.0,0.0,0.0,0.0,0.0,0.0,52.0,0.0,0.0,0.0,0.0,0.0,0.0,14.0,0.0,0.0,14.0,0.0,0.0,0.0,0.0,167.0,0.0,0.0,167.0,0.0,0.0,0.0,0.0,233.0,0.0,0.0,233.0,0.0,0.0,0.0,0.0,0.0,0.0,0.0,0.0,0.0,0.0,"Jan 19, 2017"
102,1103036.0,8015.0,Dahuk,Sumel,Kabarto,كبرتو,36.7789609898,42.7865598268,224.0,1344.0,0.0,0.0,0.0,0.0,0.0,0.0,0.0,0.0,0.0,0.0,0.0,0.0,224.0,0.0,0.0,0.0,0.0,0.0,0.0,32.0,0.0,0.0,0.0,0.0,0.0,0.0,18.0,0.0,0.0,18.0,0.0,0.0,0.0,0.0,174.0,0.0,0.0,174.0,0.0,0.0,0.0,0.0,224.0,0.0,0.0,224.0,0.0,0.0,0.0,0.0,0.0,0.0,0.0,0.0,0.0,0.0,"Jan 19, 2017"
103,1103037.0,27128.0,Dahuk,Sumel,Kamona,كمونا,36.7653921448,42.7638244315,35.0,210.0,0.0,0.0,0.0,0.0,0.0,0.0,0.0,0.0,0.0,0.0,0.0,0.0,35.0,0.0,0.0,0.0,0.0,0.0,0.0,10.0,0.0,0.0,0.0,0.0,0.0,0.0,11.0,0.0,0.0,11.0,0.0,0.0,0.0,0.0,14.0,0.0,0.0,14.0,0.0,0.0,0.0,0.0,35.0,0.0,0.0,35.0,0.0,0.0,0.0,0.0,0.0,0.0,0.0,0.0,0.0,0.0,"Jan 19, 2017"
104,1103038.0,27121.0,Dahuk,Sumel,Khanke Qadima,خانكي قديمة,36.7703278898,42.7758211647,410.0,2460.0,0.0,0.0,0.0,0.0,0.0,0.0,0.0,0.0,0.0,0.0,0.0,0.0,410.0,0.0,0.0,0.0,0.0,0.0,0.0,70.0,0.0,72.0,0.0,0.0,72.0,0.0,23.0,0.0,0.0,23.0,0.0,0.0,0.0,0.0,245.0,0.0,0.0,245.0,0.0,0.0,0.0,0.0,410.0,0.0,0.0,410.0,0.0,0.0,0.0,0.0,0.0,0.0,0.0,0.0,0.0,0.0,"Jan 19, 2017"
105,1103039.0,8800.0,Dahuk,Sumel,Kherava,خيرافا,36.7755319899,42.7831799202,322.0,1932.0,0.0,0.0,0.0,0.0,0.0,0.0,0.0,0.0,0.0,0.0,0.0,0.0,322.0,0.0,0.0,0.0,0.0,0.0,0.0,48.0,0.0,8.0,0.0,0.0,8.0,0.0,18.0,0.0,0.0,18.0,0.0,0.0,0.0,0.0,248.0,0.0,0.0,248.0,0.0,0.0,0.0,0.0,322.0,0.0,0.0,322.0,0.0,0.0,0.0,0.0,0.0,0.0,0.0,0.0,0.0,0.0,"Jan 19, 2017"
106,1103040.0,27127.0,Dahuk,Sumel,Old Mam Shvana,مام شفانا قديمة,36.8031738961,42.7735605569,149.0,894.0,0.0,0.0,0.0,0.0,0.0,0.0,0.0,0.0,0.0,0.0,0.0,0.0,149.0,0.0,0.0,0.0,0.0,0.0,0.0,15.0,0.0,39.0,0.0,0.0,39.0,0.0,0.0,0.0,0.0,0.0,0.0,0.0,0.0,0.0,95.0,0.0,0.0,95.0,0.0,0.0,0.0,0.0,149.0,0.0,0.0,149.0,0.0,0.0,0.0,0.0,0.0,0.0,0.0,0.0,0.0,0.0,"Jan 19, 2017"
107,1103041.0,27129.0,Dahuk,Sumel,Small Mam Shvana,مام شفانا صغيرة,36.7805978995,42.7874803017,98.0,588.0,0.0,0.0,0.0,0.0,0.0,0.0,0.0,0.0,0.0,0.0,0.0,0.0,98.0,0.0,0.0,0.0,0.0,0.0,0.0,15.0,0.0,19.0,0.0,0.0,19.0,7.0,0.0,7.0,0.0,0.0,0.0,0.0,0.0,0.0,57.0,0.0,0.0,57.0,0.0,0.0,0.0,0.0,98.0,0.0,0.0,98.0,0.0,0.0,0.0,0.0,0.0,0.0,0.0,0.0,0.0,0.0,"Jan 19, 2017"
108,1103042.0,8582.0,Dahuk,Sumel,Qasr Yazddin,قسر يزدين,36.7900242295,42.7879039742,739.0,4434.0,0.0,0.0,0.0,0.0,0.0,0.0,0.0,0.0,0.0,0.0,0.0,0.0,739.0,0.0,0.0,0.0,0.0,0.0,0.0,48.0,0.0,396.0,0.0,0.0,396.0,0.0,20.0,0.0,0.0,20.0,0.0,0.0,0.0,0.0,275.0,0.0,0.0,275.0,0.0,0.0,0.0,0.0,739.0,0.0,0.0,739.0,0.0,0.0,0.0,0.0,0.0,0.0,0.0,0.0,0.0,0.0,"Jan 19, 2017"
109,1103043.0,27125.0,Dahuk,Sumel,Old Qasr Yazddin,قسريزدين قديمة,36.8210205191,42.8073193633,250.0,1500.0,0.0,0.0,0.0,0.0,0.0,0.0,0.0,0.0,0.0,0.0,0.0,0.0,250.0,0.0,0.0,0.0,0.0,0.0,0.0,12.0,0.0,29.0,0.0,0.0,29.0,0.0,8.0,0.0,0.0,8.0,0.0,0.0,0.0,0.0,201.0,0.0,0.0,201.0,0.0,0.0,0.0,0.0,250.0,0.0,0.0,250.0,0.0,0.0,0.0,0.0,0.0,0.0,0.0,0.0,0.0,0.0,"Jan 19, 2017"
110,1103044.0,8366.0,Dahuk,Sumel,Ribeybi,ربيبي,36.7812588447,42.7881494925,341.0,2046.0,0.0,0.0,0.0,0.0,0.0,0.0,0.0,0.0,0.0,0.0,0.0,0.0,341.0,0.0,0.0,0.0,0.0,0.0,0.0,38.0,0.0,0.0,0.0,0.0,0.0,0.0,14.0,0.0,0.0,14.0,0.0,0.0,0.0,0.0,289.0,0.0,0.0,289.0,0.0,0.0,0.0,0.0,341.0,0.0,0.0,341.0,0.0,0.0,0.0,0.0,0.0,0.0,0.0,0.0,0.0,0.0,"Jan 19, 2017"
111,1103045.0,27122.0,Dahuk,Sumel,Shorash,شورش,36.7865650927,42.7903679829,182.0,1092.0,0.0,0.0,0.0,0.0,0.0,0.0,0.0,0.0,0.0,0.0,0.0,0.0,182.0,0.0,0.0,0.0,0.0,0.0,0.0,26.0,0.0,0.0,0.0,0.0,0.0,0.0,19.0,0.0,0.0,19.0,0.0,0.0,0.0,0.0,137.0,0.0,0.0,137.0,0.0,0.0,0.0,0.0,182.0,0.0,0.0,182.0,0.0,0.0,0.0,0.0,0.0,0.0,0.0,0.0,0.0,0.0,"Jan 19, 2017"
112,1103046.0,27130.0,Dahuk,Sumel,Old Sorka,صوركا قديمة,36.8085013434,42.8237194089,121.0,726.0,0.0,0.0,0.0,0.0,0.0,0.0,0.0,0.0,0.0,0.0,0.0,0.0,121.0,0.0,0.0,0.0,0.0,0.0,0.0,11.0,0.0,9.0,0.0,0.0,9.0,0.0,6.0,0.0,0.0,6.0,0.0,0.0,0.0,0.0,95.0,0.0,0.0,95.0,0.0,0.0,0.0,0.0,121.0,0.0,0.0,121.0,0.0,0.0,0.0,0.0,0.0,0.0,0.0,0.0,0.0,0.0,"Jan 19, 2017"
113,1103047.0,27124.0,Dahuk,Sumel,New Zinya,زينيا جديدة,36.7858515216,42.7801483106,573.0,3438.0,0.0,0.0,0.0,0.0,0.0,0.0,0.0,0.0,0.0,0.0,0.0,0.0,573.0,0.0,0.0,0.0,0.0,0.0,0.0,64.0,0.0,181.0,0.0,0.0,181.0,0.0,21.0,0.0,0.0,21.0,0.0,0.0,0.0,0.0,307.0,0.0,0.0,307.0,0.0,0.0,0.0,0.0,573.0,0.0,0.0,573.0,0.0,0.0,0.0,0.0,0.0,0.0,0.0,0.0,0.0,0.0,"Jan 19, 2017"
114,1103048.0,27123.0,Dahuk,Sumel,Old Zinya,زينيا قديمة,36.7761700839,42.7937836232,241.0,1446.0,0.0,0.0,0.0,0.0,0.0,0.0,0.0,0.0,0.0,0.0,0.0,0.0,241.0,0.0,0.0,0.0,0.0,0.0,0.0,49.0,0.0,0.0,0.0,0.0,0.0,0.0,13.0,0.0,0.0,13.0,0.0,0.0,0.0,0.0,179.0,0.0,0.0,179.0,0.0,0.0,0.0,0.0,241.0,0.0,0.0,241.0,0.0,0.0,0.0,0.0,0.0,0.0,0.0,0.0,0.0,0.0,"Jan 19, 2017"
115,1103049.0,28474.0,Dahuk,Sumel,Asiro,اسيرو,36.930195,42.873632,19.0,114.0,0.0,0.0,0.0,0.0,0.0,0.0,0.0,0.0,0.0,0.0,0.0,0.0,19.0,0.0,0.0,0.0,0.0,0.0,0.0,0.0,0.0,19.0,0.0,0.0,19.0,0.0,0.0,0.0,0.0,0.0,0.0,0.0,0.0,0.0,0.0,0.0,0.0,0.0,0.0,0.0,3.0,0.0,16.0,3.0,0.0,16.0,0.0,0.0,0.0,0.0,0.0,0.0,0.0,0.0,0.0,0.0,"Jan 19, 2017"
116,1103050.0,29503.0,Dahuk,Sumel,Adrana,عدرانا,36.90970017,42.8809373,42.0,252.0,0.0,0.0,0.0,0.0,0.0,0.0,0.0,0.0,0.0,0.0,0.0,0.0,42.0,0.0,0.0,0.0,0.0,0.0,0.0,0.0,0.0,42.0,0.0,0.0,42.0,0.0,0.0,0.0,0.0,0.0,0.0,0.0,0.0,0.0,0.0,0.0,0.0,0.0,0.0,0.0,18.0,0.0,24.0,18.0,0.0,24.0,0.0,0.0,0.0,0.0,0.0,0.0,0.0,0.0,0.0,0.0,"Jan 19, 2017"
117,1103051.0,29597.0,Dahuk,Sumel,Nawro City,نورو ستي,36.8705432055,42.8913613003,82.0,492.0,0.0,0.0,0.0,0.0,0.0,0.0,0.0,0.0,0.0,0.0,0.0,0.0,82.0,0.0,0.0,0.0,0.0,0.0,0.0,5.0,0.0,0.0,0.0,0.0,0.0,0.0,77.0,0.0,0.0,77.0,0.0,0.0,0.0,0.0,0.0,0.0,0.0,0.0,0.0,0.0,43.0,0.0,39.0,43.0,0.0,39.0,0.0,0.0,0.0,0.0,0.0,0.0,0.0,0.0,0.0,0.0,"Jan 19, 2017"
118,1103052.0,29614.0,Dahuk,Sumel,Kar City,كار ستي,36.8914453631,42.7990126341,78.0,468.0,0.0,0.0,0.0,0.0,0.0,0.0,0.0,0.0,0.0,0.0,0.0,0.0,78.0,0.0,0.0,0.0,0.0,0.0,0.0,5.0,0.0,0.0,0.0,0.0,0.0,0.0,73.0,0.0,0.0,73.0,0.0,0.0,0.0,0.0,0.0,0.0,0.0,0.0,0.0,0.0,36.0,0.0,41.0,36.0,0.0,41.0,1.0,0.0,0.0,1.0,0.0,0.0,0.0,0.0,0.0,0.0,"Jan 19, 2017"
119,1103053.0,8013.0,Dahuk,Sumel,Marina,مرينا,36.9102954447,42.7939173782,84.0,504.0,0.0,0.0,0.0,0.0,0.0,0.0,0.0,0.0,0.0,0.0,0.0,0.0,84.0,0.0,0.0,0.0,0.0,0.0,0.0,13.0,0.0,0.0,0.0,0.0,0.0,0.0,59.0,0.0,0.0,59.0,0.0,0.0,0.0,0.0,12.0,0.0,0.0,12.0,0.0,0.0,10.0,0.0,74.0,10.0,0.0,74.0,0.0,0.0,0.0,0.0,0.0,0.0,0.0,0.0,0.0,0.0,"Jan 19, 2017"
120,1104002.0,8119.0,Dahuk,Zakho,Afirma,افرما,37.1359789245,42.6590939598,20.0,120.0,0.0,0.0,0.0,0.0,0.0,0.0,0.0,0.0,0.0,0.0,0.0,0.0,20.0,0.0,0.0,0.0,0.0,0.0,0.0,0.0,0.0,0.0,0.0,0.0,0.0,0.0,20.0,0.0,0.0,20.0,0.0,0.0,0.0,0.0,0.0,0.0,0.0,0.0,0.0,0.0,0.0,0.0,20.0,0.0,0.0,20.0,0.0,0.0,0.0,0.0,0.0,0.0,0.0,0.0,0.0,0.0,"Jan 19, 2017"
121,1104005.0,8849.0,Dahuk,Zakho,Batifa,باتيفا,37.1760202601,43.0110555215,349.0,2094.0,0.0,0.0,0.0,0.0,0.0,0.0,0.0,0.0,0.0,0.0,0.0,0.0,349.0,0.0,0.0,0.0,0.0,0.0,0.0,2.0,0.0,0.0,0.0,0.0,0.0,0.0,224.0,0.0,0.0,224.0,0.0,0.0,0.0,0.0,123.0,0.0,0.0,123.0,0.0,0.0,0.0,0.0,324.0,0.0,0.0,324.0,25.0,0.0,0.0,25.0,0.0,0.0,0.0,0.0,0.0,0.0,"Jan 19, 2017"
122,1104008.0,24789.0,Dahuk,Zakho,Berseve 1,مخيم بيرسفي1,37.1806148889,42.8573370643,1920.0,11520.0,0.0,0.0,0.0,0.0,0.0,0.0,0.0,0.0,0.0,0.0,0.0,0.0,1920.0,0.0,0.0,0.0,0.0,0.0,1920.0,0.0,0.0,0.0,0.0,0.0,0.0,0.0,0.0,0.0,0.0,0.0,0.0,0.0,0.0,0.0,0.0,0.0,0.0,0.0,0.0,0.0,183.0,0.0,1721.0,183.0,0.0,1721.0,16.0,0.0,0.0,16.0,0.0,0.0,0.0,0.0,0.0,0.0,"Jan 19, 2017"
123,1104009.0,24792.0,Dahuk,Zakho,Berseve 2,مخيم بيرسفي2,37.1808239425,42.862288689,1681.0,10086.0,0.0,0.0,0.0,0.0,0.0,0.0,0.0,0.0,0.0,0.0,0.0,0.0,1681.0,0.0,0.0,0.0,0.0,0.0,1681.0,0.0,0.0,0.0,0.0,0.0,0.0,0.0,0.0,0.0,0.0,0.0,0.0,0.0,0.0,0.0,0.0,0.0,0.0,0.0,0.0,0.0,0.0,0.0,1681.0,0.0,0.0,1681.0,0.0,0.0,0.0,0.0,0.0,0.0,0.0,0.0,0.0,0.0,"Jan 19, 2017"
124,1104011.0,24793.0,Dahuk,Zakho,Chamishku,مخيم جمشكو,37.1778503123,42.6674211818,4789.0,28734.0,0.0,0.0,0.0,0.0,0.0,0.0,0.0,0.0,0.0,0.0,0.0,0.0,4789.0,0.0,0.0,0.0,0.0,0.0,4789.0,0.0,0.0,0.0,0.0,0.0,0.0,0.0,0.0,0.0,0.0,0.0,0.0,0.0,0.0,0.0,0.0,0.0,0.0,0.0,0.0,0.0,0.0,0.0,4789.0,0.0,0.0,4789.0,0.0,0.0,0.0,0.0,0.0,0.0,0.0,0.0,0.0,0.0,"Jan 19, 2017"
125,1104012.0,8766.0,Dahuk,Zakho,Chamkork,جم كورك,37.138846009,42.6171902774,107.0,642.0,0.0,0.0,0.0,0.0,0.0,0.0,0.0,0.0,0.0,0.0,0.0,0.0,107.0,0.0,0.0,0.0,0.0,0.0,0.0,8.0,0.0,0.0,0.0,0.0,0.0,0.0,99.0,0.0,0.0,99.0,0.0,0.0,0.0,0.0,0.0,0.0,0.0,0.0,0.0,0.0,0.0,0.0,107.0,0.0,0.0,107.0,0.0,0.0,0.0,0.0,0.0,0.0,0.0,0.0,0.0,0.0,"Jan 19, 2017"
126,1104013.0,8084.0,Dahuk,Zakho,Darkar,دركار,37.1977073109,42.8210972995,470.0,2820.0,0.0,0.0,0.0,0.0,0.0,0.0,0.0,0.0,0.0,0.0,0.0,0.0,470.0,0.0,0.0,0.0,0.0,0.0,0.0,10.0,0.0,0.0,0.0,0.0,0.0,0.0,320.0,0.0,0.0,320.0,0.0,0.0,0.0,0.0,140.0,0.0,0.0,140.0,0.0,0.0,0.0,0.0,454.0,0.0,0.0,454.0,16.0,0.0,0.0,16.0,0.0,0.0,0.0,0.0,0.0,0.0,"Jan 19, 2017"
127,1104016.0,23620.0,Dahuk,Zakho,Fishkhaboor,فيشخابور,37.0672881317,42.3768623098,143.0,858.0,0.0,0.0,0.0,0.0,0.0,0.0,0.0,0.0,0.0,0.0,0.0,0.0,143.0,0.0,0.0,0.0,0.0,0.0,0.0,47.0,0.0,29.0,0.0,0.0,29.0,3.0,0.0,3.0,0.0,0.0,0.0,0.0,0.0,0.0,64.0,0.0,0.0,64.0,0.0,0.0,7.0,0.0,136.0,7.0,0.0,136.0,0.0,0.0,0.0,0.0,0.0,0.0,0.0,0.0,0.0,0.0,"Jan 19, 2017"
128,1104019.0,25992.0,Dahuk,Zakho,Diraboon,ديربون,37.0855515317,42.4272489738,908.0,5448.0,0.0,0.0,0.0,0.0,0.0,0.0,0.0,0.0,0.0,0.0,0.0,0.0,908.0,0.0,0.0,0.0,0.0,0.0,0.0,65.0,0.0,451.0,0.0,0.0,451.0,32.0,210.0,32.0,0.0,210.0,0.0,0.0,0.0,0.0,150.0,0.0,0.0,150.0,0.0,0.0,0.0,0.0,902.0,0.0,0.0,902.0,6.0,0.0,0.0,6.0,0.0,0.0,0.0,0.0,0.0,0.0,"Jan 19, 2017"
129,1104020.0,8620.0,Dahuk,Zakho,Qarawla,قرولا,37.1235641736,42.4368353604,56.0,336.0,0.0,0.0,0.0,0.0,0.0,0.0,0.0,0.0,0.0,0.0,0.0,0.0,56.0,0.0,0.0,0.0,0.0,0.0,0.0,30.0,0.0,2.0,0.0,0.0,2.0,0.0,0.0,0.0,0.0,0.0,0.0,0.0,0.0,0.0,24.0,0.0,0.0,24.0,0.0,0.0,0.0,0.0,56.0,0.0,0.0,56.0,0.0,0.0,0.0,0.0,0.0,0.0,0.0,0.0,0.0,0.0,"Jan 19, 2017"
130,1104021.0,8711.0,Dahuk,Zakho,Rizgari,رزكاري,37.1378129881,42.5702569524,148.0,888.0,0.0,0.0,0.0,0.0,0.0,0.0,0.0,0.0,0.0,0.0,0.0,0.0,148.0,0.0,0.0,0.0,0.0,0.0,0.0,5.0,0.0,0.0,0.0,0.0,0.0,0.0,129.0,0.0,0.0,129.0,0.0,0.0,0.0,0.0,14.0,0.0,0.0,14.0,0.0,0.0,0.0,0.0,148.0,0.0,0.0,148.0,0.0,0.0,0.0,0.0,0.0,0.0,0.0,0.0,0.0,0.0,"Jan 19, 2017"
131,1104025.0,8560.0,Dahuk,Zakho,Tiyano Shinava,تيان و شينافا,37.11627278,42.47189058,20.0,120.0,0.0,0.0,0.0,0.0,0.0,0.0,0.0,0.0,0.0,0.0,0.0,0.0,20.0,0.0,0.0,0.0,0.0,0.0,0.0,4.0,0.0,0.0,0.0,0.0,0.0,0.0,0.0,0.0,0.0,0.0,0.0,0.0,0.0,0.0,16.0,0.0,0.0,16.0,0.0,0.0,0.0,0.0,20.0,0.0,0.0,20.0,0.0,0.0,0.0,0.0,0.0,0.0,0.0,0.0,0.0,0.0,"Jan 19, 2017"
132,1104043.0,29568.0,Dahuk,Zakho,Darkar,مخيم دركار,37.1990165584,42.8332617078,691.0,4146.0,0.0,0.0,0.0,0.0,0.0,0.0,0.0,0.0,0.0,0.0,0.0,0.0,691.0,0.0,0.0,0.0,0.0,0.0,691.0,0.0,0.0,0.0,0.0,0.0,0.0,0.0,0.0,0.0,0.0,0.0,0.0,0.0,0.0,0.0,0.0,0.0,0.0,0.0,0.0,0.0,0.0,0.0,691.0,0.0,0.0,691.0,0.0,0.0,0.0,0.0,0.0,0.0,0.0,0.0,0.0,0.0,"Jan 19, 2017"
133,1104044.0,29634.0,Dahuk,Zakho,Sector 1,قطاع 1,37.18098567,42.78167573,463.0,2778.0,0.0,0.0,0.0,0.0,0.0,0.0,0.0,0.0,0.0,0.0,0.0,0.0,463.0,0.0,0.0,0.0,0.0,0.0,0.0,0.0,0.0,0.0,0.0,0.0,0.0,0.0,150.0,0.0,0.0,150.0,0.0,0.0,0.0,0.0,313.0,0.0,0.0,313.0,0.0,0.0,65.0,0.0,398.0,65.0,0.0,398.0,0.0,0.0,0.0,0.0,0.0,0.0,0.0,0.0,0.0,0.0,"Jan 19, 2017"
134,1104045.0,29635.0,Dahuk,Zakho,Sector 2,قطاع 2,37.156556,42.707596,1224.0,7344.0,2.0,0.0,0.0,0.0,0.0,0.0,0.0,0.0,0.0,0.0,0.0,0.0,1222.0,0.0,0.0,0.0,0.0,0.0,0.0,37.0,0.0,0.0,0.0,0.0,0.0,0.0,1009.0,0.0,0.0,1009.0,0.0,0.0,0.0,0.0,178.0,0.0,0.0,178.0,2.0,0.0,551.0,2.0,656.0,551.0,0.0,656.0,15.0,0.0,0.0,15.0,0.0,0.0,0.0,0.0,0.0,0.0,"Jan 19, 2017"
135,1104046.0,29636.0,Dahuk,Zakho,Sector 3,قطاع 3,37.137801,42.674727,544.0,3264.0,0.0,0.0,0.0,0.0,0.0,0.0,0.0,0.0,0.0,0.0,0.0,0.0,544.0,0.0,0.0,0.0,0.0,0.0,0.0,16.0,0.0,0.0,0.0,0.0,0.0,0.0,432.0,0.0,0.0,432.0,0.0,0.0,0.0,0.0,96.0,0.0,0.0,96.0,0.0,0.0,253.0,0.0,291.0,253.0,0.0,291.0,0.0,0.0,0.0,0.0,0.0,0.0,0.0,0.0,0.0,0.0,"Jan 19, 2017"
136,1104047.0,29637.0,Dahuk,Zakho,Sector 4,قطاع 4,37.147144,42.682487,1060.0,6360.0,12.0,0.0,6.0,0.0,0.0,0.0,0.0,0.0,0.0,0.0,0.0,0.0,1035.0,0.0,7.0,0.0,0.0,0.0,0.0,5.0,0.0,7.0,0.0,0.0,7.0,9.0,821.0,9.0,0.0,821.0,0.0,0.0,0.0,0.0,218.0,0.0,0.0,218.0,12.0,0.0,441.0,12.0,607.0,441.0,0.0,607.0,0.0,0.0,0.0,0.0,0.0,0.0,0.0,0.0,0.0,0.0,"Jan 19, 2017"
137,1104048.0,29638.0,Dahuk,Zakho,Sector 5,قطاع 5,37.142432,42.67672,727.0,4362.0,0.0,0.0,0.0,0.0,0.0,0.0,0.0,0.0,0.0,0.0,0.0,0.0,724.0,0.0,3.0,0.0,0.0,0.0,0.0,0.0,0.0,0.0,0.0,0.0,0.0,0.0,727.0,0.0,0.0,727.0,0.0,0.0,0.0,0.0,0.0,0.0,0.0,0.0,0.0,0.0,302.0,0.0,425.0,302.0,0.0,425.0,0.0,0.0,0.0,0.0,0.0,0.0,0.0,0.0,0.0,0.0,"Jan 19, 2017"
138,1104049.0,29639.0,Dahuk,Zakho,Sector 6,قطاع 6,37.149053,42.747979,3689.0,22134.0,2.0,0.0,33.0,0.0,0.0,0.0,0.0,0.0,0.0,0.0,0.0,0.0,3628.0,0.0,26.0,0.0,0.0,0.0,0.0,195.0,0.0,0.0,0.0,0.0,0.0,0.0,3301.0,0.0,0.0,3301.0,0.0,0.0,0.0,0.0,193.0,0.0,0.0,193.0,2.0,0.0,1659.0,2.0,2015.0,1659.0,0.0,2015.0,13.0,0.0,0.0,13.0,0.0,0.0,0.0,0.0,0.0,0.0,"Jan 19, 2017"
139,1104050.0,29640.0,Dahuk,Zakho,Sector 7,قطاع 7,37.1599,42.679255,1064.0,6384.0,0.0,0.0,0.0,0.0,0.0,0.0,0.0,0.0,0.0,0.0,0.0,0.0,1064.0,0.0,0.0,0.0,0.0,0.0,0.0,75.0,0.0,0.0,0.0,0.0,0.0,0.0,934.0,0.0,0.0,934.0,0.0,0.0,0.0,0.0,55.0,0.0,0.0,55.0,0.0,0.0,170.0,0.0,844.0,170.0,0.0,844.0,50.0,0.0,0.0,50.0,0.0,0.0,0.0,0.0,0.0,0.0,"Jan 19, 2017"
140,1104051.0,29641.0,Dahuk,Zakho,Sector 8,قطاع 8,37.060056,42.734918,417.0,2502.0,0.0,0.0,0.0,0.0,0.0,0.0,0.0,0.0,0.0,0.0,0.0,0.0,417.0,0.0,0.0,0.0,0.0,0.0,0.0,20.0,0.0,0.0,0.0,0.0,0.0,0.0,257.0,0.0,0.0,257.0,0.0,0.0,0.0,0.0,140.0,0.0,0.0,140.0,0.0,0.0,100.0,0.0,317.0,100.0,0.0,317.0,0.0,0.0,0.0,0.0,0.0,0.0,0.0,0.0,0.0,0.0,"Jan 19, 2017"
141,1104052.0,8161.0,Dahuk,Zakho,Nafkandala,نافكندالا,37.1683859037,42.896502544,60.0,360.0,0.0,0.0,0.0,0.0,0.0,0.0,0.0,0.0,0.0,0.0,0.0,0.0,60.0,0.0,0.0,0.0,0.0,0.0,0.0,55.0,0.0,0.0,0.0,0.0,0.0,0.0,0.0,0.0,0.0,0.0,0.0,0.0,0.0,0.0,5.0,0.0,0.0,5.0,0.0,0.0,0.0,0.0,60.0,0.0,0.0,60.0,0.0,0.0,0.0,0.0,0.0,0.0,0.0,0.0,0.0,0.0,"Jan 19, 2017"
142,1104053.0,8152.0,Dahuk,Zakho,Levo,ليفو,37.1484907112,42.9264097072,60.0,360.0,0.0,0.0,0.0,0.0,0.0,0.0,0.0,0.0,0.0,0.0,0.0,0.0,60.0,0.0,0.0,0.0,0.0,0.0,0.0,25.0,0.0,0.0,0.0,0.0,0.0,0.0,35.0,0.0,0.0,35.0,0.0,0.0,0.0,0.0,0.0,0.0,0.0,0.0,0.0,0.0,0.0,0.0,60.0,0.0,0.0,60.0,0.0,0.0,0.0,0.0,0.0,0.0,0.0,0.0,0.0,0.0,"Jan 19, 2017"
143,1104054.0,8153.0,Dahuk,Zakho,Mergasor,ميركاسور,37.1317488478,42.8953891823,21.0,126.0,0.0,0.0,0.0,0.0,0.0,0.0,0.0,0.0,0.0,0.0,0.0,0.0,21.0,0.0,0.0,0.0,0.0,0.0,0.0,21.0,0.0,0.0,0.0,0.0,0.0,0.0,0.0,0.0,0.0,0.0,0.0,0.0,0.0,0.0,0.0,0.0,0.0,0.0,0.0,0.0,0.0,0.0,21.0,0.0,0.0,21.0,0.0,0.0,0.0,0.0,0.0,0.0,0.0,0.0,0.0,0.0,"Jan 19, 2017"
144,1201001.0,27224.0,Erbil,Choman,Markez Qasre,مركز قصري,36.55776,44.82804,58.0,348.0,27.0,0.0,0.0,0.0,0.0,0.0,0.0,0.0,0.0,0.0,0.0,0.0,31.0,0.0,0.0,0.0,0.0,0.0,0.0,0.0,0.0,0.0,0.0,0.0,0.0,0.0,58.0,0.0,0.0,58.0,0.0,0.0,0.0,0.0,0.0,0.0,0.0,0.0,0.0,0.0,31.0,0.0,0.0,31.0,0.0,0.0,27.0,0.0,0.0,27.0,0.0,0.0,0.0,0.0,0.0,0.0,"Jan 19, 2017"
145,1202001.0,21582.0,Erbil,Erbil,11 Athar,11 اذار,36.2069858312,44.1438685,54.0,324.0,31.0,0.0,0.0,0.0,0.0,0.0,0.0,0.0,0.0,0.0,0.0,0.0,23.0,0.0,0.0,0.0,0.0,0.0,0.0,0.0,0.0,0.0,0.0,0.0,0.0,0.0,54.0,0.0,0.0,54.0,0.0,0.0,0.0,0.0,0.0,0.0,0.0,0.0,31.0,0.0,23.0,31.0,0.0,23.0,0.0,0.0,0.0,0.0,0.0,0.0,0.0,0.0,0.0,0.0,0.0,0.0,"Jan 19, 2017"
146,1202003.0,20980.0,Erbil,Erbil,Ainkawa(108),108 عنكاوة,36.24349834,43.983621,1170.0,7020.0,95.0,0.0,0.0,0.0,0.0,0.0,0.0,0.0,0.0,0.0,0.0,0.0,1000.0,0.0,75.0,0.0,0.0,0.0,0.0,0.0,0.0,0.0,0.0,0.0,0.0,0.0,1170.0,0.0,0.0,1170.0,0.0,0.0,0.0,0.0,0.0,0.0,0.0,0.0,40.0,0.0,1000.0,40.0,75.0,1000.0,0.0,75.0,55.0,0.0,0.0,55.0,0.0,0.0,0.0,0.0,0.0,0.0,"Jan 19, 2017"
147,1202004.0,21874.0,Erbil,Erbil,Al Eskan,الاسكان,36.17273842,44.02214306,208.0,1248.0,184.0,0.0,16.0,0.0,0.0,0.0,0.0,0.0,0.0,0.0,0.0,0.0,0.0,0.0,8.0,0.0,0.0,0.0,0.0,0.0,0.0,0.0,0.0,0.0,0.0,0.0,208.0,0.0,0.0,208.0,0.0,0.0,0.0,0.0,0.0,0.0,0.0,0.0,0.0,0.0,0.0,0.0,8.0,0.0,0.0,8.0,175.0,0.0,25.0,175.0,0.0,25.0,0.0,0.0,0.0,0.0,"Jan 19, 2017"
148,1202006.0,13685.0,Erbil,Erbil,Andazyaran,ئه ندازياران,36.2005896,44.1217624,568.0,3408.0,552.0,0.0,0.0,0.0,0.0,0.0,0.0,0.0,0.0,0.0,0.0,0.0,0.0,0.0,16.0,0.0,0.0,0.0,0.0,0.0,0.0,0.0,0.0,0.0,0.0,0.0,568.0,0.0,0.0,568.0,0.0,0.0,0.0,0.0,0.0,0.0,0.0,0.0,552.0,0.0,0.0,552.0,16.0,0.0,0.0,16.0,0.0,0.0,0.0,0.0,0.0,0.0,0.0,0.0,0.0,0.0,"Jan 19, 2017"
149,1202007.0,24664.0,Erbil,Erbil,Andazyaran Complex,مجمع اندزياران السكني,36.20174493,44.11764544,172.0,1032.0,43.0,0.0,0.0,0.0,0.0,0.0,0.0,0.0,0.0,0.0,0.0,0.0,129.0,0.0,0.0,0.0,0.0,0.0,0.0,0.0,0.0,0.0,0.0,0.0,0.0,0.0,172.0,0.0,0.0,172.0,0.0,0.0,0.0,0.0,0.0,0.0,0.0,0.0,43.0,0.0,129.0,43.0,0.0,129.0,0.0,0.0,0.0,0.0,0.0,0.0,0.0,0.0,0.0,0.0,0.0,0.0,"Jan 19, 2017"
150,1202008.0,13687.0,Erbil,Erbil,Ashty,اشتي,36.1742435,44.1225785,252.0,1512.0,104.0,0.0,0.0,0.0,0.0,0.0,0.0,0.0,0.0,0.0,0.0,0.0,148.0,0.0,0.0,0.0,0.0,0.0,0.0,0.0,0.0,0.0,0.0,0.0,0.0,0.0,252.0,0.0,0.0,252.0,0.0,0.0,0.0,0.0,0.0,0.0,0.0,0.0,104.0,0.0,148.0,104.0,0.0,148.0,0.0,0.0,0.0,0.0,0.0,0.0,0.0,0.0,0.0,0.0,0.0,0.0,"Jan 19, 2017"
151,1202009.0,25472.0,Erbil,Erbil,Aynda,آينده,36.2034907,44.126255,72.0,432.0,42.0,0.0,0.0,0.0,0.0,0.0,0.0,0.0,0.0,0.0,0.0,0.0,25.0,0.0,5.0,0.0,0.0,0.0,0.0,0.0,0.0,0.0,0.0,0.0,0.0,0.0,72.0,0.0,0.0,72.0,0.0,0.0,0.0,0.0,0.0,0.0,0.0,0.0,8.0,0.0,25.0,8.0,5.0,25.0,0.0,5.0,34.0,0.0,0.0,34.0,0.0,0.0,0.0,0.0,0.0,0.0,"Jan 19, 2017"
152,1202010.0,12370.0,Erbil,Erbil,Bahrka center,مركز بحركة,36.314392,44.0318795,955.0,5730.0,99.0,0.0,10.0,0.0,0.0,0.0,0.0,0.0,0.0,0.0,0.0,0.0,789.0,0.0,57.0,0.0,0.0,0.0,0.0,0.0,0.0,0.0,0.0,0.0,0.0,0.0,955.0,0.0,0.0,955.0,0.0,0.0,0.0,0.0,0.0,0.0,0.0,0.0,45.0,0.0,789.0,45.0,57.0,789.0,0.0,57.0,50.0,0.0,14.0,50.0,0.0,14.0,0.0,0.0,0.0,0.0,"Jan 19, 2017"
153,1202011.0,13230.0,Erbil,Erbil,Baharka,مخيم بحركه,36.2947009,43.9901153,856.0,5136.0,320.0,0.0,0.0,0.0,0.0,196.0,0.0,0.0,0.0,0.0,0.0,0.0,105.0,0.0,235.0,0.0,0.0,0.0,856.0,0.0,0.0,0.0,0.0,0.0,0.0,0.0,0.0,0.0,0.0,0.0,0.0,0.0,0.0,0.0,0.0,0.0,0.0,0.0,212.0,0.0,301.0,212.0,235.0,301.0,0.0,235.0,108.0,0.0,0.0,108.0,0.0,0.0,0.0,0.0,0.0,0.0,"Jan 19, 2017"
154,1202013.0,25974.0,Erbil,Erbil,perdawood,بيرداود,36.022481268,43.9239759,125.0,750.0,0.0,0.0,0.0,0.0,0.0,0.0,0.0,0.0,0.0,0.0,0.0,0.0,125.0,0.0,0.0,0.0,0.0,0.0,0.0,0.0,0.0,0.0,0.0,0.0,0.0,0.0,125.0,0.0,0.0,125.0,0.0,0.0,0.0,0.0,0.0,0.0,0.0,0.0,0.0,0.0,125.0,0.0,0.0,125.0,0.0,0.0,0.0,0.0,0.0,0.0,0.0,0.0,0.0,0.0,0.0,0.0,"Jan 19, 2017"
155,1202014.0,25471.0,Erbil,Erbil,Byaban,بيابان,36.209834,44.115016,90.0,540.0,60.0,0.0,0.0,0.0,0.0,0.0,0.0,0.0,0.0,0.0,0.0,0.0,25.0,0.0,5.0,0.0,0.0,0.0,0.0,0.0,0.0,0.0,0.0,0.0,0.0,0.0,90.0,0.0,0.0,90.0,0.0,0.0,0.0,0.0,0.0,0.0,0.0,0.0,60.0,0.0,25.0,60.0,5.0,25.0,0.0,5.0,0.0,0.0,0.0,0.0,0.0,0.0,0.0,0.0,0.0,0.0,"Jan 19, 2017"
156,1202016.0,25726.0,Erbil,Erbil,Chwarchra-Banslawa,جوارجرا-بنصلاوة,36.155136,44.1032917291,56.0,336.0,34.0,0.0,0.0,0.0,0.0,0.0,0.0,0.0,0.0,0.0,0.0,0.0,22.0,0.0,0.0,0.0,0.0,0.0,0.0,0.0,0.0,0.0,0.0,0.0,0.0,0.0,56.0,0.0,0.0,56.0,0.0,0.0,0.0,0.0,0.0,0.0,0.0,0.0,34.0,0.0,22.0,34.0,0.0,22.0,0.0,0.0,0.0,0.0,0.0,0.0,0.0,0.0,0.0,0.0,0.0,0.0,"Jan 19, 2017"
157,1202018.0,21669.0,Erbil,Erbil,Dartu Nwee,داره تو نوي,36.1151091,44.0799536641,290.0,1740.0,134.0,0.0,0.0,0.0,0.0,0.0,0.0,0.0,0.0,0.0,0.0,0.0,0.0,0.0,156.0,0.0,0.0,0.0,0.0,0.0,0.0,0.0,0.0,0.0,0.0,0.0,290.0,0.0,0.0,290.0,0.0,0.0,0.0,0.0,0.0,0.0,0.0,0.0,29.0,0.0,0.0,29.0,156.0,0.0,0.0,156.0,105.0,0.0,0.0,105.0,0.0,0.0,0.0,0.0,0.0,0.0,"Jan 19, 2017"
158,1202019.0,25900.0,Erbil,Erbil,Erbil Gate,بوابة اربيل,36.26210445,44.08844934,260.0,1560.0,30.0,0.0,0.0,0.0,0.0,0.0,0.0,0.0,0.0,0.0,0.0,0.0,230.0,0.0,0.0,0.0,0.0,0.0,0.0,0.0,0.0,260.0,0.0,0.0,260.0,0.0,0.0,0.0,0.0,0.0,0.0,0.0,0.0,0.0,0.0,0.0,0.0,0.0,0.0,0.0,0.0,0.0,260.0,0.0,0.0,260.0,0.0,0.0,0.0,0.0,0.0,0.0,0.0,0.0,0.0,0.0,"Jan 19, 2017"
159,1202020.0,25732.0,Erbil,Erbil,Al-Shurtta Qr,حي الشرطة,36.2114633246,44.0405917603,106.0,636.0,39.0,0.0,0.0,0.0,0.0,0.0,0.0,0.0,0.0,0.0,0.0,0.0,0.0,0.0,67.0,0.0,0.0,0.0,0.0,0.0,0.0,0.0,0.0,0.0,0.0,0.0,106.0,0.0,0.0,106.0,0.0,0.0,0.0,0.0,0.0,0.0,0.0,0.0,0.0,0.0,67.0,0.0,0.0,67.0,0.0,0.0,39.0,0.0,0.0,39.0,0.0,0.0,0.0,0.0,0.0,0.0,"Jan 19, 2017"
160,1202021.0,25731.0,Erbil,Erbil,Al-Ziraa Qr,حي الزراعة,36.1667063526,44.0374188176,75.0,450.0,30.0,0.0,14.0,0.0,0.0,0.0,0.0,0.0,0.0,0.0,0.0,0.0,23.0,0.0,8.0,0.0,0.0,0.0,0.0,0.0,0.0,0.0,0.0,0.0,0.0,0.0,75.0,0.0,0.0,75.0,0.0,0.0,0.0,0.0,0.0,0.0,0.0,0.0,0.0,0.0,37.0,0.0,8.0,37.0,0.0,8.0,30.0,0.0,0.0,30.0,0.0,0.0,0.0,0.0,0.0,0.0,"Jan 19, 2017"
161,1202022.0,25728.0,Erbil,Erbil,Erbil-Qushtappa,قوشتبة,36.0041243,44.03728962,800.0,4800.0,603.0,0.0,9.0,0.0,0.0,0.0,30.0,0.0,0.0,0.0,0.0,0.0,158.0,0.0,0.0,0.0,0.0,0.0,0.0,0.0,0.0,0.0,0.0,0.0,0.0,0.0,800.0,0.0,0.0,800.0,0.0,0.0,0.0,0.0,0.0,0.0,0.0,0.0,472.0,0.0,158.0,472.0,30.0,158.0,9.0,30.0,131.0,9.0,0.0,131.0,0.0,0.0,0.0,0.0,0.0,0.0,"Jan 19, 2017"
162,1202023.0,24909.0,Erbil,Erbil,Gazna,كزنه,36.2795931892,43.9344967279,196.0,1176.0,0.0,0.0,0.0,0.0,0.0,0.0,0.0,0.0,0.0,0.0,0.0,0.0,196.0,0.0,0.0,0.0,0.0,0.0,0.0,0.0,0.0,0.0,0.0,0.0,0.0,0.0,196.0,0.0,0.0,196.0,0.0,0.0,0.0,0.0,0.0,0.0,0.0,0.0,0.0,0.0,192.0,0.0,0.0,192.0,0.0,0.0,0.0,0.0,4.0,0.0,0.0,4.0,0.0,0.0,0.0,0.0,"Jan 19, 2017"
163,1202024.0,24419.0,Erbil,Erbil,Ganjan,كنجان,36.2888225282,44.0348909999,928.0,5568.0,196.0,0.0,0.0,0.0,0.0,0.0,0.0,0.0,0.0,0.0,0.0,0.0,650.0,0.0,82.0,0.0,0.0,0.0,0.0,0.0,0.0,0.0,0.0,0.0,0.0,0.0,928.0,0.0,0.0,928.0,0.0,0.0,0.0,0.0,0.0,0.0,0.0,0.0,70.0,0.0,650.0,70.0,82.0,650.0,0.0,82.0,113.0,0.0,13.0,113.0,0.0,13.0,0.0,0.0,0.0,0.0,"Jan 19, 2017"
164,1202025.0,25973.0,Erbil,Erbil,Harem,هريم,36.119372256,44.0630427,205.0,1230.0,149.0,0.0,0.0,0.0,0.0,0.0,0.0,0.0,0.0,0.0,0.0,0.0,56.0,0.0,0.0,0.0,0.0,0.0,0.0,0.0,0.0,0.0,0.0,0.0,0.0,0.0,205.0,0.0,0.0,205.0,0.0,0.0,0.0,0.0,0.0,0.0,0.0,0.0,0.0,0.0,56.0,0.0,0.0,56.0,0.0,0.0,149.0,0.0,0.0,149.0,0.0,0.0,0.0,0.0,0.0,0.0,"Jan 19, 2017"
165,1202026.0,24608.0,Erbil,Erbil,Harsham 1,هرشم 1,36.25869333,43.99399142,160.0,960.0,0.0,0.0,0.0,0.0,0.0,0.0,0.0,0.0,0.0,0.0,0.0,0.0,156.0,0.0,4.0,0.0,0.0,0.0,0.0,0.0,0.0,0.0,0.0,0.0,0.0,0.0,160.0,0.0,0.0,160.0,0.0,0.0,0.0,0.0,0.0,0.0,0.0,0.0,0.0,0.0,0.0,0.0,160.0,0.0,0.0,160.0,0.0,0.0,0.0,0.0,0.0,0.0,0.0,0.0,0.0,0.0,"Jan 19, 2017"
166,1202027.0,24417.0,Erbil,Erbil,Harsham 2,هرشم 2,36.30229,44.03502,280.0,1680.0,171.0,0.0,20.0,0.0,0.0,0.0,0.0,0.0,0.0,0.0,0.0,0.0,39.0,0.0,50.0,0.0,0.0,0.0,0.0,0.0,0.0,0.0,0.0,0.0,0.0,0.0,280.0,0.0,0.0,280.0,0.0,0.0,0.0,0.0,0.0,0.0,0.0,0.0,135.0,0.0,39.0,135.0,50.0,39.0,0.0,50.0,0.0,0.0,56.0,0.0,0.0,56.0,0.0,0.0,0.0,0.0,"Jan 19, 2017"
167,1202028.0,24418.0,Erbil,Erbil,Harsham 3,هرشم 3,36.2936859,44.0203819,290.0,1740.0,123.0,0.0,35.0,0.0,0.0,0.0,0.0,0.0,0.0,0.0,0.0,0.0,82.0,0.0,50.0,0.0,0.0,0.0,0.0,0.0,0.0,0.0,0.0,0.0,0.0,0.0,290.0,0.0,0.0,290.0,0.0,0.0,0.0,0.0,0.0,0.0,0.0,0.0,17.0,0.0,82.0,17.0,50.0,82.0,0.0,50.0,50.0,0.0,91.0,50.0,0.0,91.0,0.0,0.0,0.0,0.0,"Jan 19, 2017"
168,1202029.0,24606.0,Erbil,Erbil,Harshm,مخيم هرشم,36.2562479,43.9953875,299.0,1794.0,0.0,0.0,0.0,0.0,0.0,0.0,0.0,0.0,0.0,0.0,0.0,0.0,299.0,0.0,0.0,0.0,0.0,0.0,299.0,0.0,0.0,0.0,0.0,0.0,0.0,0.0,0.0,0.0,0.0,0.0,0.0,0.0,0.0,0.0,0.0,0.0,0.0,0.0,0.0,0.0,0.0,0.0,299.0,0.0,0.0,299.0,0.0,0.0,0.0,0.0,0.0,0.0,0.0,0.0,0.0,0.0,"Jan 19, 2017"
169,1202030.0,20790.0,Erbil,Erbil,Havalan,هفالان,36.1898498,44.0489734744,380.0,2280.0,292.0,0.0,0.0,0.0,0.0,0.0,0.0,0.0,0.0,0.0,0.0,0.0,50.0,0.0,38.0,0.0,0.0,0.0,0.0,0.0,0.0,0.0,0.0,0.0,0.0,0.0,380.0,0.0,0.0,380.0,0.0,0.0,0.0,0.0,0.0,0.0,0.0,0.0,230.0,0.0,91.0,230.0,0.0,91.0,0.0,0.0,57.0,0.0,2.0,57.0,0.0,2.0,0.0,0.0,0.0,0.0,"Jan 19, 2017"
170,1202031.0,25473.0,Erbil,Erbil,Hawler city,هولير ستي,36.1840284,44.1229225,63.0,378.0,39.0,0.0,0.0,0.0,0.0,0.0,0.0,0.0,0.0,0.0,0.0,0.0,24.0,0.0,0.0,0.0,0.0,0.0,0.0,0.0,0.0,0.0,0.0,0.0,0.0,0.0,63.0,0.0,0.0,63.0,0.0,0.0,0.0,0.0,0.0,0.0,0.0,0.0,12.0,0.0,24.0,12.0,0.0,24.0,0.0,0.0,27.0,0.0,0.0,27.0,0.0,0.0,0.0,0.0,0.0,0.0,"Jan 19, 2017"
171,1202032.0,13668.0,Erbil,Erbil,Hay Askary,حي عسكري,36.1725082,43.9734006,1000.0,6000.0,600.0,0.0,0.0,0.0,0.0,0.0,0.0,0.0,0.0,0.0,0.0,0.0,400.0,0.0,0.0,0.0,0.0,0.0,0.0,0.0,0.0,0.0,0.0,0.0,0.0,0.0,1000.0,0.0,0.0,1000.0,0.0,0.0,0.0,0.0,0.0,0.0,0.0,0.0,400.0,0.0,322.0,400.0,0.0,322.0,0.0,0.0,220.0,0.0,58.0,220.0,0.0,58.0,0.0,0.0,0.0,0.0,"Jan 19, 2017"
172,1202033.0,25470.0,Erbil,Erbil,Heran City,هيران ستي,36.1691321,44.1246584,202.0,1212.0,72.0,0.0,0.0,0.0,0.0,0.0,0.0,0.0,0.0,0.0,0.0,0.0,70.0,0.0,60.0,0.0,0.0,0.0,0.0,0.0,0.0,0.0,0.0,0.0,0.0,0.0,202.0,0.0,0.0,202.0,0.0,0.0,0.0,0.0,0.0,0.0,0.0,0.0,72.0,0.0,70.0,72.0,60.0,70.0,0.0,60.0,0.0,0.0,0.0,0.0,0.0,0.0,0.0,0.0,0.0,0.0,"Jan 19, 2017"
173,1202034.0,25727.0,Erbil,Erbil,Kani Qarzhala,كاني قرشالة,36.2067298,43.8592122,200.0,1200.0,11.0,0.0,0.0,0.0,0.0,0.0,85.0,0.0,0.0,0.0,0.0,0.0,104.0,0.0,0.0,0.0,0.0,0.0,0.0,0.0,0.0,0.0,0.0,0.0,0.0,0.0,200.0,0.0,0.0,200.0,0.0,0.0,0.0,0.0,0.0,0.0,0.0,0.0,0.0,0.0,104.0,0.0,0.0,104.0,0.0,0.0,11.0,0.0,85.0,11.0,0.0,85.0,0.0,0.0,0.0,0.0,"Jan 19, 2017"
174,1202035.0,25840.0,Erbil,Erbil,Kasnazan-1 Shubat,كسنزان-ا شباط,36.208085,44.1509693,85.0,510.0,85.0,0.0,0.0,0.0,0.0,0.0,0.0,0.0,0.0,0.0,0.0,0.0,0.0,0.0,0.0,0.0,0.0,0.0,0.0,0.0,0.0,0.0,0.0,0.0,0.0,0.0,85.0,0.0,0.0,85.0,0.0,0.0,0.0,0.0,0.0,0.0,0.0,0.0,0.0,0.0,0.0,0.0,0.0,0.0,0.0,0.0,85.0,0.0,0.0,85.0,0.0,0.0,0.0,0.0,0.0,0.0,"Jan 19, 2017"
175,1202036.0,25630.0,Erbil,Erbil,Kawa Collective,مجمع كاوه,35.9790143,44.0373527,352.0,2112.0,352.0,0.0,0.0,0.0,0.0,0.0,0.0,0.0,0.0,0.0,0.0,0.0,0.0,0.0,0.0,0.0,0.0,0.0,0.0,0.0,0.0,0.0,0.0,0.0,0.0,0.0,352.0,0.0,0.0,352.0,0.0,0.0,0.0,0.0,0.0,0.0,0.0,0.0,0.0,0.0,0.0,0.0,0.0,0.0,0.0,0.0,352.0,0.0,0.0,352.0,0.0,0.0,0.0,0.0,0.0,0.0,"Jan 19, 2017"
176,1202037.0,25730.0,Erbil,Shaqlawa,Kawergosk-Bastora,كوركوسك-بستورة,36.33778528,44.16778024,40.0,240.0,0.0,0.0,0.0,0.0,0.0,0.0,0.0,0.0,0.0,0.0,0.0,0.0,40.0,0.0,0.0,0.0,0.0,0.0,0.0,0.0,0.0,0.0,0.0,0.0,0.0,0.0,40.0,0.0,0.0,40.0,0.0,0.0,0.0,0.0,0.0,0.0,0.0,0.0,0.0,0.0,0.0,0.0,40.0,0.0,0.0,40.0,0.0,0.0,0.0,0.0,0.0,0.0,0.0,0.0,0.0,0.0,"Jan 19, 2017"
177,1202038.0,25729.0,Erbil,Erbil,Darashakran,داره شكران,36.4044152,43.9964362,42.0,252.0,0.0,0.0,0.0,0.0,0.0,0.0,0.0,0.0,0.0,0.0,0.0,0.0,42.0,0.0,0.0,0.0,0.0,0.0,0.0,0.0,0.0,0.0,0.0,0.0,0.0,0.0,42.0,0.0,0.0,42.0,0.0,0.0,0.0,0.0,0.0,0.0,0.0,0.0,0.0,0.0,0.0,0.0,42.0,0.0,0.0,42.0,0.0,0.0,0.0,0.0,0.0,0.0,0.0,0.0,0.0,0.0,"Jan 19, 2017"
178,1202039.0,13472.0,Erbil,Erbil,Kawergosk,كوركوسك,36.3479462,43.8055085,294.0,1764.0,0.0,0.0,11.0,0.0,0.0,0.0,0.0,0.0,0.0,0.0,0.0,0.0,140.0,0.0,143.0,0.0,0.0,0.0,0.0,0.0,0.0,0.0,0.0,0.0,0.0,0.0,294.0,0.0,0.0,294.0,0.0,0.0,0.0,0.0,0.0,0.0,0.0,0.0,0.0,0.0,254.0,0.0,40.0,254.0,0.0,40.0,0.0,0.0,0.0,0.0,0.0,0.0,0.0,0.0,0.0,0.0,"Jan 19, 2017"
179,1202040.0,12821.0,Erbil,Erbil,Khabat,خبات,36.2768827,43.6727879,4936.0,29616.0,1419.0,0.0,63.0,0.0,0.0,0.0,197.0,0.0,0.0,0.0,0.0,0.0,3257.0,0.0,0.0,0.0,0.0,0.0,0.0,0.0,0.0,0.0,0.0,0.0,0.0,0.0,4936.0,0.0,0.0,4936.0,0.0,0.0,0.0,0.0,0.0,0.0,0.0,0.0,553.0,0.0,3210.0,553.0,310.0,3210.0,0.0,310.0,863.0,0.0,0.0,863.0,0.0,0.0,0.0,0.0,0.0,0.0,"Jan 19, 2017"
180,1202041.0,23908.0,Erbil,Erbil,Al Qala(Hay khanaqa),القلعه(حي خانقا),36.192393,44.0154977,80.0,480.0,80.0,0.0,0.0,0.0,0.0,0.0,0.0,0.0,0.0,0.0,0.0,0.0,0.0,0.0,0.0,0.0,0.0,0.0,0.0,0.0,32.0,0.0,0.0,0.0,0.0,0.0,48.0,0.0,0.0,48.0,0.0,0.0,0.0,0.0,0.0,0.0,0.0,0.0,10.0,0.0,0.0,10.0,0.0,0.0,0.0,0.0,59.0,0.0,11.0,59.0,0.0,11.0,0.0,0.0,0.0,0.0,"Jan 19, 2017"
181,1202042.0,21549.0,Erbil,Erbil,Khoragr,خوراكر,36.2060292,44.1358426,105.0,630.0,52.0,0.0,0.0,0.0,0.0,0.0,0.0,0.0,0.0,0.0,0.0,0.0,53.0,0.0,0.0,0.0,0.0,0.0,0.0,0.0,0.0,0.0,0.0,0.0,0.0,0.0,105.0,0.0,0.0,105.0,0.0,0.0,0.0,0.0,0.0,0.0,0.0,0.0,52.0,0.0,53.0,52.0,0.0,53.0,0.0,0.0,0.0,0.0,0.0,0.0,0.0,0.0,0.0,0.0,0.0,0.0,"Jan 19, 2017"
182,1202043.0,21671.0,Erbil,Erbil,Kurd Stan,كوردستان,36.1235817,44.0512551,164.0,984.0,104.0,0.0,0.0,0.0,0.0,0.0,0.0,0.0,0.0,0.0,0.0,0.0,60.0,0.0,0.0,0.0,0.0,0.0,0.0,0.0,0.0,0.0,0.0,0.0,0.0,0.0,164.0,0.0,0.0,164.0,0.0,0.0,0.0,0.0,0.0,0.0,0.0,0.0,80.0,0.0,0.0,80.0,60.0,0.0,0.0,60.0,24.0,0.0,0.0,24.0,0.0,0.0,0.0,0.0,0.0,0.0,"Jan 19, 2017"
183,1202044.0,23931.0,Erbil,Erbil,Lawan city,لاوان ستي,36.1888856,44.1239667,245.0,1470.0,90.0,0.0,0.0,0.0,0.0,0.0,0.0,0.0,0.0,0.0,0.0,0.0,101.0,0.0,54.0,0.0,0.0,0.0,0.0,0.0,0.0,0.0,0.0,0.0,0.0,0.0,245.0,0.0,0.0,245.0,0.0,0.0,0.0,0.0,0.0,0.0,0.0,0.0,90.0,0.0,101.0,90.0,54.0,101.0,0.0,54.0,0.0,0.0,0.0,0.0,0.0,0.0,0.0,0.0,0.0,0.0,"Jan 19, 2017"
184,1202045.0,12825.0,Erbil,Erbil,Mala Omar,ملا عمر,36.2994883,44.1369149,330.0,1980.0,106.0,0.0,0.0,0.0,0.0,0.0,45.0,0.0,0.0,0.0,0.0,0.0,88.0,0.0,91.0,0.0,0.0,0.0,0.0,0.0,0.0,0.0,0.0,0.0,0.0,0.0,330.0,0.0,0.0,330.0,0.0,0.0,0.0,0.0,0.0,0.0,0.0,0.0,68.0,0.0,88.0,68.0,91.0,88.0,45.0,91.0,38.0,45.0,0.0,38.0,0.0,0.0,0.0,0.0,0.0,0.0,"Jan 19, 2017"
185,1202046.0,21247.0,Erbil,Erbil,Mamostayan,ماموستايان,36.1508071372,44.036978,516.0,3096.0,281.0,0.0,0.0,0.0,0.0,0.0,0.0,0.0,0.0,0.0,0.0,0.0,137.0,0.0,98.0,0.0,0.0,0.0,0.0,0.0,0.0,0.0,0.0,0.0,0.0,0.0,516.0,0.0,0.0,516.0,0.0,0.0,0.0,0.0,0.0,0.0,0.0,0.0,155.0,0.0,235.0,155.0,0.0,235.0,0.0,0.0,126.0,0.0,0.0,126.0,0.0,0.0,0.0,0.0,0.0,0.0,"Jan 19, 2017"
186,1202047.0,12826.0,Erbil,Erbil,Mamzawa,مامزاوه,36.11909237,43.963592,1387.0,8322.0,488.0,0.0,0.0,0.0,0.0,0.0,0.0,0.0,0.0,0.0,0.0,0.0,792.0,0.0,107.0,0.0,0.0,0.0,0.0,0.0,0.0,0.0,0.0,0.0,0.0,0.0,1387.0,0.0,0.0,1387.0,0.0,0.0,0.0,0.0,0.0,0.0,0.0,0.0,205.0,0.0,792.0,205.0,107.0,792.0,0.0,107.0,208.0,0.0,75.0,208.0,0.0,75.0,0.0,0.0,0.0,0.0,"Jan 19, 2017"
187,1202048.0,20986.0,Erbil,Erbil,Martshmony,مارت شموني,36.23531925,43.9874456,463.0,2778.0,63.0,0.0,0.0,0.0,0.0,0.0,0.0,0.0,0.0,0.0,0.0,0.0,400.0,0.0,0.0,0.0,0.0,0.0,0.0,0.0,0.0,0.0,0.0,0.0,0.0,0.0,463.0,0.0,0.0,463.0,0.0,0.0,0.0,0.0,0.0,0.0,0.0,0.0,19.0,0.0,400.0,19.0,0.0,400.0,0.0,0.0,44.0,0.0,0.0,44.0,0.0,0.0,0.0,0.0,0.0,0.0,"Jan 19, 2017"
188,1202049.0,23766.0,Erbil,Erbil,Mustawfi,مستوفي,36.1956404,44.01088,350.0,2100.0,311.0,0.0,0.0,0.0,0.0,0.0,0.0,0.0,0.0,0.0,0.0,0.0,0.0,0.0,39.0,0.0,0.0,0.0,0.0,0.0,0.0,0.0,0.0,0.0,0.0,0.0,350.0,0.0,0.0,350.0,0.0,0.0,0.0,0.0,0.0,0.0,0.0,0.0,230.0,0.0,39.0,230.0,0.0,39.0,0.0,0.0,58.0,0.0,23.0,58.0,0.0,23.0,0.0,0.0,0.0,0.0,"Jan 19, 2017"
189,1202050.0,22825.0,Erbil,Erbil,Nawroz-Banslawa,نوروز-بنصلاوة,36.1547614,44.1213228,80.0,480.0,30.0,0.0,0.0,0.0,0.0,0.0,0.0,0.0,0.0,0.0,0.0,0.0,42.0,0.0,8.0,0.0,0.0,0.0,0.0,0.0,0.0,0.0,0.0,0.0,0.0,0.0,80.0,0.0,0.0,80.0,0.0,0.0,0.0,0.0,0.0,0.0,0.0,0.0,20.0,0.0,42.0,20.0,8.0,42.0,0.0,8.0,10.0,0.0,0.0,10.0,0.0,0.0,0.0,0.0,0.0,0.0,"Jan 19, 2017"
190,1202051.0,24507.0,Erbil,Erbil,Nisthtiman Comercial Complex,مجمع نشتيمان التجاري,36.18636499,44.011834,184.0,1104.0,0.0,0.0,0.0,0.0,0.0,0.0,0.0,0.0,0.0,0.0,0.0,0.0,184.0,0.0,0.0,0.0,0.0,0.0,0.0,0.0,0.0,184.0,0.0,0.0,184.0,0.0,0.0,0.0,0.0,0.0,0.0,0.0,0.0,0.0,0.0,0.0,0.0,0.0,0.0,0.0,0.0,0.0,184.0,0.0,0.0,184.0,0.0,0.0,0.0,0.0,0.0,0.0,0.0,0.0,0.0,0.0,"Jan 19, 2017"
191,1202053.0,24607.0,Erbil,Erbil,Nobel,نوبل,36.25940634,44.00077418,74.0,444.0,0.0,0.0,0.0,0.0,0.0,0.0,0.0,0.0,0.0,0.0,0.0,0.0,74.0,0.0,0.0,0.0,0.0,0.0,0.0,0.0,0.0,0.0,0.0,0.0,0.0,0.0,74.0,0.0,0.0,74.0,0.0,0.0,0.0,0.0,0.0,0.0,0.0,0.0,0.0,0.0,0.0,0.0,74.0,0.0,0.0,74.0,0.0,0.0,0.0,0.0,0.0,0.0,0.0,0.0,0.0,0.0,"Jan 19, 2017"
192,1202054.0,24665.0,Erbil,Erbil,Ozal city,مجمع اوزال,36.2284606,44.1425575,1130.0,6780.0,315.0,0.0,0.0,0.0,0.0,0.0,0.0,0.0,0.0,0.0,0.0,0.0,815.0,0.0,0.0,0.0,0.0,0.0,0.0,0.0,0.0,0.0,0.0,0.0,0.0,0.0,1130.0,0.0,0.0,1130.0,0.0,0.0,0.0,0.0,0.0,0.0,0.0,0.0,200.0,0.0,815.0,200.0,0.0,815.0,0.0,0.0,115.0,0.0,0.0,115.0,0.0,0.0,0.0,0.0,0.0,0.0,"Jan 19, 2017"
193,1202056.0,13199.0,Erbil,Erbil,Pirzeen,بيرزين,36.2673322,44.0703735,602.0,3612.0,352.0,0.0,0.0,0.0,0.0,0.0,0.0,0.0,0.0,0.0,0.0,0.0,68.0,0.0,182.0,0.0,0.0,0.0,0.0,0.0,0.0,0.0,0.0,25.0,0.0,0.0,577.0,0.0,0.0,577.0,0.0,0.0,0.0,0.0,0.0,0.0,0.0,0.0,202.0,0.0,68.0,202.0,182.0,68.0,0.0,182.0,150.0,0.0,0.0,150.0,0.0,0.0,0.0,0.0,0.0,0.0,"Jan 19, 2017"
194,1202057.0,13400.0,Erbil,Erbil,Qushtapa center,مركز قوشتبة,36.00809847,44.03730797,793.0,4758.0,591.0,0.0,0.0,0.0,0.0,0.0,37.0,0.0,0.0,0.0,0.0,0.0,165.0,0.0,0.0,0.0,0.0,0.0,0.0,0.0,0.0,0.0,0.0,0.0,0.0,0.0,793.0,0.0,0.0,793.0,0.0,0.0,0.0,0.0,0.0,0.0,0.0,0.0,419.0,0.0,165.0,419.0,37.0,165.0,0.0,37.0,172.0,0.0,0.0,172.0,0.0,0.0,0.0,0.0,0.0,0.0,"Jan 19, 2017"
195,1202059.0,13670.0,Erbil,Erbil,Rasti Qr,حي راستي,36.1484431251,44.0174735883,200.0,1200.0,160.0,0.0,0.0,0.0,0.0,0.0,0.0,0.0,0.0,0.0,0.0,0.0,40.0,0.0,0.0,0.0,0.0,0.0,0.0,0.0,0.0,0.0,0.0,0.0,0.0,0.0,200.0,0.0,0.0,200.0,0.0,0.0,0.0,0.0,0.0,0.0,0.0,0.0,160.0,0.0,40.0,160.0,0.0,40.0,0.0,0.0,0.0,0.0,0.0,0.0,0.0,0.0,0.0,0.0,0.0,0.0,"Jan 19, 2017"
196,1202060.0,21899.0,Erbil,Erbil,Rizgari,رزكاري,36.2797368,43.7341817,2200.0,13200.0,624.0,0.0,0.0,0.0,0.0,0.0,0.0,0.0,0.0,0.0,0.0,0.0,1261.0,0.0,315.0,0.0,0.0,0.0,0.0,0.0,0.0,0.0,0.0,0.0,0.0,0.0,2200.0,0.0,0.0,2200.0,0.0,0.0,0.0,0.0,0.0,0.0,0.0,0.0,316.0,0.0,1576.0,316.0,0.0,1576.0,0.0,0.0,308.0,0.0,0.0,308.0,0.0,0.0,0.0,0.0,0.0,0.0,"Jan 19, 2017"
197,1202061.0,20997.0,Erbil,Erbil,Runaki,روناكي,36.16957159,44.01818971,75.0,450.0,50.0,0.0,9.0,0.0,0.0,0.0,0.0,0.0,0.0,0.0,0.0,0.0,14.0,0.0,2.0,0.0,0.0,0.0,0.0,0.0,0.0,0.0,0.0,0.0,0.0,0.0,75.0,0.0,0.0,75.0,0.0,0.0,0.0,0.0,0.0,0.0,0.0,0.0,0.0,0.0,14.0,0.0,2.0,14.0,0.0,2.0,55.0,0.0,4.0,55.0,0.0,4.0,0.0,0.0,0.0,0.0,"Jan 19, 2017"
198,1202062.0,22027.0,Erbil,Erbil,Sufaya,صفية,36.1927427,43.6000904,130.0,780.0,0.0,0.0,0.0,0.0,0.0,0.0,0.0,0.0,0.0,0.0,0.0,0.0,130.0,0.0,0.0,0.0,0.0,0.0,0.0,0.0,0.0,0.0,0.0,0.0,0.0,0.0,130.0,0.0,0.0,130.0,0.0,0.0,0.0,0.0,0.0,0.0,0.0,0.0,0.0,0.0,0.0,0.0,0.0,0.0,0.0,0.0,130.0,0.0,0.0,130.0,0.0,0.0,0.0,0.0,0.0,0.0,"Jan 19, 2017"
199,1202063.0,11777.0,Erbil,Erbil,Sebardan,سيبردان,36.2173603,44.098166,415.0,2490.0,60.0,0.0,0.0,0.0,0.0,0.0,0.0,0.0,0.0,0.0,0.0,0.0,274.0,0.0,81.0,0.0,0.0,0.0,0.0,0.0,0.0,0.0,0.0,0.0,0.0,0.0,415.0,0.0,0.0,415.0,0.0,0.0,0.0,0.0,0.0,0.0,0.0,0.0,25.0,0.0,274.0,25.0,81.0,274.0,0.0,81.0,27.0,0.0,8.0,27.0,0.0,8.0,0.0,0.0,0.0,0.0,"Jan 19, 2017"
200,1202065.0,23911.0,Erbil,Erbil,Saydawa,سيداوه,36.18265039,44.0183669,57.0,342.0,35.0,0.0,0.0,0.0,0.0,0.0,0.0,0.0,0.0,0.0,0.0,0.0,22.0,0.0,0.0,0.0,0.0,0.0,0.0,0.0,0.0,0.0,0.0,0.0,0.0,0.0,57.0,0.0,0.0,57.0,0.0,0.0,0.0,0.0,0.0,0.0,0.0,0.0,0.0,0.0,22.0,0.0,0.0,22.0,0.0,0.0,35.0,0.0,0.0,35.0,0.0,0.0,0.0,0.0,0.0,0.0,"Jan 19, 2017"
201,1202066.0,25469.0,Erbil,Erbil,Shahan city,شاهان ستي,36.2281327,44.1237281,370.0,2220.0,103.0,0.0,0.0,0.0,0.0,0.0,0.0,0.0,0.0,0.0,0.0,0.0,155.0,0.0,112.0,0.0,0.0,0.0,0.0,0.0,0.0,0.0,0.0,0.0,0.0,0.0,370.0,0.0,0.0,370.0,0.0,0.0,0.0,0.0,0.0,0.0,0.0,0.0,45.0,0.0,155.0,45.0,122.0,155.0,0.0,122.0,48.0,0.0,0.0,48.0,0.0,0.0,0.0,0.0,0.0,0.0,"Jan 19, 2017"
202,1202067.0,11711.0,Erbil,Erbil,Shakholan,شاخولان,36.3905913,43.8691528,75.0,450.0,0.0,0.0,0.0,0.0,0.0,0.0,0.0,0.0,0.0,0.0,0.0,0.0,75.0,0.0,0.0,0.0,0.0,0.0,0.0,0.0,0.0,0.0,0.0,0.0,0.0,0.0,75.0,0.0,0.0,75.0,0.0,0.0,0.0,0.0,0.0,0.0,0.0,0.0,0.0,0.0,0.0,0.0,75.0,0.0,0.0,75.0,0.0,0.0,0.0,0.0,0.0,0.0,0.0,0.0,0.0,0.0,"Jan 19, 2017"
203,1202068.0,21250.0,Erbil,Erbil,Sharawany,شارواني,36.15207267,44.04232369,200.0,1200.0,116.0,0.0,0.0,0.0,0.0,0.0,0.0,0.0,0.0,0.0,0.0,0.0,34.0,0.0,50.0,0.0,0.0,0.0,0.0,0.0,0.0,0.0,0.0,0.0,0.0,0.0,200.0,0.0,0.0,200.0,0.0,0.0,0.0,0.0,0.0,0.0,0.0,0.0,53.0,0.0,84.0,53.0,0.0,84.0,0.0,0.0,60.0,0.0,3.0,60.0,0.0,3.0,0.0,0.0,0.0,0.0,"Jan 19, 2017"
204,1202069.0,11709.0,Erbil,Erbil,Shawes,شاويس,36.2481314,44.08581,1150.0,6900.0,405.0,0.0,65.0,0.0,0.0,0.0,0.0,0.0,0.0,0.0,0.0,0.0,680.0,0.0,0.0,0.0,0.0,0.0,0.0,0.0,0.0,0.0,0.0,0.0,0.0,0.0,1150.0,0.0,0.0,1150.0,0.0,0.0,0.0,0.0,0.0,0.0,0.0,0.0,160.0,0.0,680.0,160.0,0.0,680.0,0.0,0.0,225.0,0.0,50.0,225.0,35.0,50.0,0.0,35.0,0.0,0.0,"Jan 19, 2017"
205,1202070.0,22076.0,Erbil,Erbil,Shorsh,شورش,36.2069515,44.0199460456,174.0,1044.0,76.0,0.0,0.0,0.0,0.0,0.0,0.0,0.0,0.0,0.0,0.0,0.0,65.0,0.0,33.0,0.0,0.0,0.0,0.0,0.0,19.0,0.0,0.0,0.0,0.0,0.0,155.0,0.0,0.0,155.0,0.0,0.0,0.0,0.0,0.0,0.0,0.0,0.0,66.0,0.0,88.0,66.0,0.0,88.0,0.0,0.0,0.0,0.0,20.0,0.0,0.0,20.0,0.0,0.0,0.0,0.0,"Jan 19, 2017"
206,1202071.0,21251.0,Erbil,Erbil,Setaqan,سيطاقان,36.1896505,44.0291689,198.0,1188.0,83.0,0.0,0.0,0.0,0.0,0.0,0.0,0.0,0.0,0.0,0.0,0.0,75.0,0.0,40.0,0.0,0.0,0.0,0.0,0.0,0.0,0.0,0.0,0.0,0.0,0.0,198.0,0.0,0.0,198.0,0.0,0.0,0.0,0.0,0.0,0.0,0.0,0.0,33.0,0.0,110.0,33.0,0.0,110.0,0.0,0.0,50.0,0.0,5.0,50.0,0.0,5.0,0.0,0.0,0.0,0.0,"Jan 19, 2017"
207,1202072.0,23335.0,Erbil,Erbil,Al Qalaa(Tajeel Qr),القلعه(حي تعجيل),36.1861558,44.0085795,18.0,108.0,18.0,0.0,0.0,0.0,0.0,0.0,0.0,0.0,0.0,0.0,0.0,0.0,0.0,0.0,0.0,0.0,0.0,0.0,0.0,0.0,18.0,0.0,0.0,0.0,0.0,0.0,0.0,0.0,0.0,0.0,0.0,0.0,0.0,0.0,0.0,0.0,0.0,0.0,10.0,0.0,0.0,10.0,0.0,0.0,0.0,0.0,0.0,0.0,8.0,0.0,0.0,8.0,0.0,0.0,0.0,0.0,"Jan 19, 2017"
208,1202073.0,24159.0,Erbil,Erbil,Tayrawa,تيراوه,36.2002871,44.009707,350.0,2100.0,245.0,0.0,8.0,0.0,0.0,0.0,0.0,0.0,0.0,0.0,0.0,0.0,67.0,0.0,30.0,0.0,0.0,0.0,0.0,0.0,28.0,0.0,0.0,0.0,0.0,0.0,322.0,0.0,0.0,322.0,0.0,0.0,0.0,0.0,0.0,0.0,0.0,0.0,131.0,0.0,102.0,131.0,0.0,102.0,8.0,0.0,68.0,8.0,41.0,68.0,0.0,41.0,0.0,0.0,0.0,0.0,"Jan 19, 2017"
209,1202075.0,11706.0,Erbil,Erbil,Turaq,طورق,36.1679358,43.9379491,1600.0,9600.0,212.0,0.0,322.0,0.0,0.0,0.0,57.0,0.0,0.0,0.0,0.0,0.0,940.0,0.0,69.0,0.0,0.0,0.0,0.0,0.0,0.0,0.0,0.0,0.0,0.0,0.0,1600.0,0.0,0.0,1600.0,0.0,0.0,0.0,0.0,0.0,0.0,0.0,0.0,168.0,0.0,891.0,168.0,104.0,891.0,240.0,104.0,82.0,240.0,115.0,82.0,0.0,115.0,0.0,0.0,0.0,0.0,"Jan 19, 2017"
210,1202076.0,24308.0,Erbil,Erbil,Zaiton Collective,مجمع زيتون,36.1370217654,44.0659664,2821.0,16926.0,1917.0,0.0,95.0,0.0,0.0,0.0,0.0,0.0,0.0,0.0,0.0,0.0,0.0,0.0,809.0,0.0,0.0,0.0,0.0,0.0,0.0,0.0,0.0,0.0,0.0,0.0,2821.0,0.0,0.0,2821.0,0.0,0.0,0.0,0.0,0.0,0.0,0.0,0.0,955.0,0.0,669.0,955.0,0.0,669.0,0.0,0.0,827.0,0.0,370.0,827.0,0.0,370.0,0.0,0.0,0.0,0.0,"Jan 19, 2017"
211,1202077.0,21253.0,Erbil,Erbil,Zanko,زانكو,36.1528858636,44.0337315874,1029.0,6174.0,377.0,0.0,0.0,0.0,0.0,0.0,0.0,0.0,0.0,0.0,0.0,0.0,411.0,0.0,241.0,0.0,0.0,0.0,0.0,0.0,0.0,0.0,0.0,0.0,0.0,0.0,1029.0,0.0,0.0,1029.0,0.0,0.0,0.0,0.0,0.0,0.0,0.0,0.0,191.0,0.0,676.0,191.0,0.0,676.0,0.0,0.0,162.0,0.0,0.0,162.0,0.0,0.0,0.0,0.0,0.0,0.0,"Jan 19, 2017"
212,1202078.0,24421.0,Erbil,Erbil,Zereen,زيرين,36.2847075,44.0906477,867.0,5202.0,222.0,0.0,0.0,0.0,0.0,0.0,0.0,0.0,0.0,0.0,0.0,0.0,470.0,0.0,175.0,0.0,0.0,0.0,0.0,0.0,0.0,0.0,0.0,0.0,0.0,0.0,867.0,0.0,0.0,867.0,0.0,0.0,0.0,0.0,0.0,0.0,0.0,0.0,150.0,0.0,470.0,150.0,175.0,470.0,0.0,175.0,68.0,0.0,4.0,68.0,0.0,4.0,0.0,0.0,0.0,0.0,"Jan 19, 2017"
213,1202079.0,25972.0,Erbil,Erbil,Zheen,زين,36.1171242,44.0450333,120.0,720.0,55.0,0.0,0.0,0.0,0.0,0.0,0.0,0.0,0.0,0.0,0.0,0.0,45.0,0.0,20.0,0.0,0.0,0.0,0.0,0.0,0.0,0.0,0.0,0.0,0.0,0.0,120.0,0.0,0.0,120.0,0.0,0.0,0.0,0.0,0.0,0.0,0.0,0.0,0.0,0.0,45.0,0.0,25.0,45.0,0.0,25.0,50.0,0.0,0.0,50.0,0.0,0.0,0.0,0.0,0.0,0.0,"Jan 19, 2017"
214,1202080.0,25629.0,Erbil,Erbil,Zhyan,زيان,36.1259644,44.0145161129,675.0,4050.0,507.0,0.0,0.0,0.0,0.0,0.0,0.0,0.0,0.0,0.0,0.0,0.0,168.0,0.0,0.0,0.0,0.0,0.0,0.0,0.0,0.0,0.0,0.0,0.0,0.0,0.0,675.0,0.0,0.0,675.0,0.0,0.0,0.0,0.0,0.0,0.0,0.0,0.0,212.0,0.0,168.0,212.0,0.0,168.0,0.0,0.0,295.0,0.0,0.0,295.0,0.0,0.0,0.0,0.0,0.0,0.0,"Jan 19, 2017"
215,1202091.0,27147.0,Erbil,Erbil,Akad,اكاد,36.2314061,43.9974796,75.0,450.0,43.0,0.0,0.0,0.0,0.0,0.0,0.0,0.0,0.0,0.0,0.0,0.0,32.0,0.0,0.0,0.0,0.0,0.0,0.0,0.0,0.0,0.0,0.0,0.0,0.0,0.0,75.0,0.0,0.0,75.0,0.0,0.0,0.0,0.0,0.0,0.0,0.0,0.0,0.0,0.0,39.0,0.0,0.0,39.0,0.0,0.0,17.0,0.0,19.0,17.0,0.0,19.0,0.0,0.0,0.0,0.0,"Jan 19, 2017"
216,1202093.0,27150.0,Erbil,Erbil,Ashti Camp,اشتي كمب,36.2345,44.00741,1200.0,7200.0,0.0,0.0,0.0,0.0,0.0,0.0,0.0,0.0,0.0,0.0,0.0,0.0,1200.0,0.0,0.0,0.0,0.0,0.0,1062.0,0.0,0.0,0.0,0.0,0.0,0.0,138.0,0.0,138.0,0.0,0.0,0.0,0.0,0.0,0.0,0.0,0.0,0.0,0.0,0.0,0.0,0.0,0.0,1172.0,0.0,0.0,1172.0,13.0,0.0,15.0,13.0,0.0,15.0,0.0,0.0,0.0,0.0,"Jan 19, 2017"
217,1202094.0,27148.0,Erbil,Erbil,Bahar,بهار,36.2306559,44.00225671,93.0,558.0,0.0,0.0,0.0,0.0,0.0,0.0,0.0,0.0,0.0,0.0,0.0,0.0,93.0,0.0,0.0,0.0,0.0,0.0,0.0,0.0,0.0,0.0,0.0,0.0,0.0,0.0,93.0,0.0,0.0,93.0,0.0,0.0,0.0,0.0,0.0,0.0,0.0,0.0,0.0,0.0,60.0,0.0,33.0,60.0,0.0,33.0,0.0,0.0,0.0,0.0,0.0,0.0,0.0,0.0,0.0,0.0,"Jan 19, 2017"
218,1202095.0,27138.0,Erbil,Erbil,bahrka al jadeda,بحركه الجديده,36.3020246,44.0250651,150.0,900.0,104.0,0.0,20.0,0.0,0.0,0.0,0.0,0.0,0.0,0.0,0.0,0.0,0.0,0.0,26.0,0.0,0.0,0.0,0.0,0.0,0.0,0.0,0.0,0.0,0.0,0.0,150.0,0.0,0.0,150.0,0.0,0.0,0.0,0.0,0.0,0.0,0.0,0.0,0.0,0.0,0.0,0.0,26.0,0.0,0.0,26.0,104.0,0.0,20.0,104.0,0.0,20.0,0.0,0.0,0.0,0.0,"Jan 19, 2017"
219,1202096.0,27137.0,Erbil,Erbil,Bahrka gulan,بحركه كولان,36.3047534,44.0281866,365.0,2190.0,293.0,0.0,35.0,0.0,0.0,0.0,0.0,0.0,0.0,0.0,0.0,0.0,0.0,0.0,37.0,0.0,0.0,0.0,0.0,0.0,0.0,0.0,0.0,0.0,0.0,0.0,365.0,0.0,0.0,365.0,0.0,0.0,0.0,0.0,0.0,0.0,0.0,0.0,0.0,0.0,0.0,0.0,37.0,0.0,0.0,37.0,281.0,0.0,47.0,281.0,0.0,47.0,0.0,0.0,0.0,0.0,"Jan 19, 2017"
220,1202097.0,27153.0,Erbil,Erbil,Byaban Village,قريه بيابان ,36.2627743,43.99421678,50.0,300.0,0.0,0.0,0.0,0.0,0.0,0.0,0.0,0.0,0.0,0.0,0.0,0.0,50.0,0.0,0.0,0.0,0.0,0.0,0.0,0.0,0.0,0.0,0.0,0.0,0.0,0.0,50.0,0.0,0.0,50.0,0.0,0.0,0.0,0.0,0.0,0.0,0.0,0.0,0.0,0.0,50.0,0.0,0.0,50.0,0.0,0.0,0.0,0.0,0.0,0.0,0.0,0.0,0.0,0.0,0.0,0.0,"Jan 19, 2017"
221,1202098.0,27145.0,Erbil,Erbil,Daratu-Brayati,داره تو-برايتي,36.1250998,44.0437701,150.0,900.0,0.0,0.0,0.0,0.0,0.0,0.0,0.0,0.0,0.0,0.0,0.0,0.0,138.0,0.0,12.0,0.0,0.0,0.0,0.0,0.0,0.0,0.0,0.0,0.0,0.0,0.0,150.0,0.0,0.0,150.0,0.0,0.0,0.0,0.0,0.0,0.0,0.0,0.0,0.0,0.0,138.0,0.0,12.0,138.0,0.0,12.0,0.0,0.0,0.0,0.0,0.0,0.0,0.0,0.0,0.0,0.0,"Jan 19, 2017"
222,1202099.0,27140.0,Erbil,Erbil,Daratu-Nishtiman,داره تو-نيشتمان,36.1175062,44.0699509,200.0,1200.0,0.0,0.0,0.0,0.0,0.0,0.0,0.0,0.0,0.0,0.0,0.0,0.0,126.0,0.0,74.0,0.0,0.0,0.0,0.0,0.0,0.0,0.0,0.0,0.0,0.0,0.0,200.0,0.0,0.0,200.0,0.0,0.0,0.0,0.0,0.0,0.0,0.0,0.0,0.0,0.0,126.0,0.0,74.0,126.0,0.0,74.0,0.0,0.0,0.0,0.0,0.0,0.0,0.0,0.0,0.0,0.0,"Jan 19, 2017"
223,1202100.0,13677.0,Erbil,Erbil,Hadiab,حدياب,36.23147802,43.98783327,320.0,1920.0,0.0,0.0,0.0,0.0,0.0,0.0,0.0,0.0,0.0,0.0,0.0,0.0,320.0,0.0,0.0,0.0,0.0,0.0,0.0,0.0,0.0,0.0,0.0,0.0,0.0,0.0,320.0,0.0,0.0,320.0,0.0,0.0,0.0,0.0,0.0,0.0,0.0,0.0,0.0,0.0,187.0,0.0,133.0,187.0,0.0,133.0,0.0,0.0,0.0,0.0,0.0,0.0,0.0,0.0,0.0,0.0,"Jan 19, 2017"
224,1202101.0,13686.0,Erbil,Erbil,Ishtar,عشتار,36.22972368,43.9887016765,95.0,570.0,0.0,0.0,0.0,0.0,0.0,0.0,0.0,0.0,0.0,0.0,0.0,0.0,95.0,0.0,0.0,0.0,0.0,0.0,0.0,0.0,0.0,0.0,0.0,0.0,0.0,0.0,95.0,0.0,0.0,95.0,0.0,0.0,0.0,0.0,0.0,0.0,0.0,0.0,0.0,0.0,80.0,0.0,15.0,80.0,0.0,15.0,0.0,0.0,0.0,0.0,0.0,0.0,0.0,0.0,0.0,0.0,"Jan 19, 2017"
225,1202102.0,27131.0,Erbil,Erbil,Ishtar School,مدرسه عشتار,36.22222667,43.99247262,49.0,294.0,0.0,0.0,0.0,0.0,0.0,0.0,0.0,0.0,0.0,0.0,0.0,0.0,49.0,0.0,0.0,0.0,0.0,0.0,0.0,0.0,0.0,0.0,0.0,0.0,0.0,0.0,0.0,0.0,0.0,0.0,0.0,0.0,49.0,0.0,0.0,49.0,0.0,0.0,0.0,0.0,0.0,0.0,49.0,0.0,0.0,49.0,0.0,0.0,0.0,0.0,0.0,0.0,0.0,0.0,0.0,0.0,"Jan 19, 2017"
226,1202103.0,27152.0,Erbil,Erbil,Karez,كاريز,36.22730808,43.99660688,445.0,2670.0,0.0,0.0,0.0,0.0,0.0,0.0,0.0,0.0,0.0,0.0,0.0,0.0,445.0,0.0,0.0,0.0,0.0,0.0,0.0,0.0,0.0,0.0,0.0,0.0,0.0,0.0,445.0,0.0,0.0,445.0,0.0,0.0,0.0,0.0,0.0,0.0,0.0,0.0,0.0,0.0,445.0,0.0,0.0,445.0,0.0,0.0,0.0,0.0,0.0,0.0,0.0,0.0,0.0,0.0,0.0,0.0,"Jan 19, 2017"
227,1202104.0,27136.0,Erbil,Erbil,Lebanon Village,قريه لبنانيه ,36.2617,44.011,50.0,300.0,12.0,0.0,0.0,0.0,0.0,0.0,0.0,0.0,0.0,0.0,0.0,0.0,38.0,0.0,0.0,0.0,0.0,0.0,0.0,0.0,0.0,0.0,0.0,0.0,0.0,0.0,50.0,0.0,0.0,50.0,0.0,0.0,0.0,0.0,0.0,0.0,0.0,0.0,0.0,0.0,38.0,0.0,0.0,38.0,0.0,0.0,0.0,0.0,12.0,0.0,0.0,12.0,0.0,0.0,0.0,0.0,"Jan 19, 2017"
228,1202105.0,27135.0,Erbil,Erbil,Pank Village,قريه بانك ,36.26133796,43.9896716532,35.0,210.0,0.0,0.0,0.0,0.0,0.0,0.0,0.0,0.0,0.0,0.0,0.0,0.0,35.0,0.0,0.0,0.0,0.0,0.0,0.0,0.0,0.0,0.0,0.0,0.0,0.0,0.0,35.0,0.0,0.0,35.0,0.0,0.0,0.0,0.0,0.0,0.0,0.0,0.0,0.0,0.0,35.0,0.0,0.0,35.0,0.0,0.0,0.0,0.0,0.0,0.0,0.0,0.0,0.0,0.0,0.0,0.0,"Jan 19, 2017"
229,1202106.0,27134.0,Erbil,Erbil,Rustm palace center,مركز قصر رستم ,36.23674921,43.99372986,791.0,4746.0,0.0,0.0,0.0,0.0,0.0,0.0,0.0,0.0,0.0,0.0,0.0,0.0,791.0,0.0,0.0,0.0,0.0,0.0,0.0,0.0,0.0,0.0,0.0,0.0,0.0,0.0,791.0,0.0,0.0,791.0,0.0,0.0,0.0,0.0,0.0,0.0,0.0,0.0,0.0,0.0,784.0,0.0,0.0,784.0,0.0,0.0,0.0,0.0,7.0,0.0,0.0,7.0,0.0,0.0,0.0,0.0,"Jan 19, 2017"
230,1202107.0,27132.0,Erbil,Erbil,Rustm palace center-Karma complex,قصر رستم-مجمع كرمه,36.23951204,43.98975706,20.0,120.0,0.0,0.0,0.0,0.0,0.0,0.0,0.0,0.0,0.0,0.0,0.0,0.0,20.0,0.0,0.0,0.0,0.0,0.0,0.0,0.0,0.0,0.0,0.0,0.0,0.0,0.0,0.0,0.0,0.0,0.0,0.0,0.0,0.0,0.0,20.0,0.0,0.0,20.0,0.0,0.0,20.0,0.0,0.0,20.0,0.0,0.0,0.0,0.0,0.0,0.0,0.0,0.0,0.0,0.0,0.0,0.0,"Jan 19, 2017"
231,1202108.0,27149.0,Erbil,Erbil,Somar,سومر,36.22587316,44.00187593,162.0,972.0,0.0,0.0,0.0,0.0,0.0,0.0,0.0,0.0,0.0,0.0,0.0,0.0,150.0,0.0,12.0,0.0,0.0,0.0,0.0,0.0,0.0,0.0,0.0,0.0,0.0,0.0,162.0,0.0,0.0,162.0,0.0,0.0,0.0,0.0,0.0,0.0,0.0,0.0,0.0,0.0,125.0,0.0,37.0,125.0,0.0,37.0,0.0,0.0,0.0,0.0,0.0,0.0,0.0,0.0,0.0,0.0,"Jan 19, 2017"
232,1202109.0,27139.0,Erbil,Erbil,Zen city,زين ستي,36.2521921,44.0609744,235.0,1410.0,58.0,0.0,0.0,0.0,0.0,0.0,0.0,0.0,0.0,0.0,0.0,0.0,104.0,0.0,73.0,0.0,0.0,0.0,0.0,0.0,0.0,0.0,0.0,0.0,0.0,0.0,235.0,0.0,0.0,235.0,0.0,0.0,0.0,0.0,0.0,0.0,0.0,0.0,0.0,0.0,104.0,0.0,73.0,104.0,0.0,73.0,37.0,0.0,21.0,37.0,0.0,21.0,0.0,0.0,0.0,0.0,"Jan 19, 2017"
233,1202110.0,11832.0,Erbil,Erbil,Manara,مناره,36.1878143,43.9988719,300.0,1800.0,125.0,0.0,0.0,0.0,0.0,0.0,0.0,0.0,0.0,0.0,0.0,0.0,68.0,0.0,107.0,0.0,0.0,0.0,0.0,0.0,0.0,0.0,0.0,0.0,0.0,0.0,300.0,0.0,0.0,300.0,0.0,0.0,0.0,0.0,0.0,0.0,0.0,0.0,60.0,0.0,175.0,60.0,0.0,175.0,0.0,0.0,62.0,0.0,3.0,62.0,0.0,3.0,0.0,0.0,0.0,0.0,"Jan 19, 2017"
234,1202111.0,27205.0,Erbil,Erbil,Runaki(Mantikawa),روناكي(منتيكاوه),36.16399675,44.02129203,296.0,1776.0,148.0,0.0,28.0,0.0,0.0,0.0,0.0,0.0,0.0,0.0,0.0,0.0,102.0,0.0,18.0,0.0,0.0,0.0,0.0,0.0,0.0,0.0,0.0,0.0,0.0,0.0,296.0,0.0,0.0,296.0,0.0,0.0,0.0,0.0,0.0,0.0,0.0,0.0,61.0,0.0,0.0,61.0,108.0,0.0,0.0,108.0,108.0,0.0,19.0,108.0,0.0,19.0,0.0,0.0,0.0,0.0,"Jan 19, 2017"
235,1202112.0,27206.0,Erbil,Erbil,Runaki(Komari 1),روناكي(كوماري 1),36.175833745,44.0190652197,49.0,294.0,0.0,0.0,6.0,0.0,0.0,0.0,0.0,0.0,0.0,0.0,0.0,0.0,39.0,0.0,4.0,0.0,0.0,0.0,0.0,0.0,0.0,0.0,0.0,0.0,0.0,0.0,49.0,0.0,0.0,49.0,0.0,0.0,0.0,0.0,0.0,0.0,0.0,0.0,0.0,0.0,39.0,0.0,10.0,39.0,0.0,10.0,0.0,0.0,0.0,0.0,0.0,0.0,0.0,0.0,0.0,0.0,"Jan 19, 2017"
236,1202113.0,27207.0,Erbil,Erbil,Runaki(Mufti),روناكي(موفتي),36.1691999629,44.0323243443,264.0,1584.0,125.0,0.0,32.0,0.0,0.0,0.0,0.0,0.0,0.0,0.0,0.0,0.0,82.0,0.0,25.0,0.0,0.0,0.0,0.0,0.0,0.0,0.0,0.0,0.0,0.0,0.0,264.0,0.0,0.0,264.0,0.0,0.0,0.0,0.0,0.0,0.0,0.0,0.0,0.0,0.0,82.0,0.0,57.0,82.0,0.0,57.0,113.0,0.0,12.0,113.0,0.0,12.0,0.0,0.0,0.0,0.0,"Jan 19, 2017"
237,1202114.0,27208.0,Erbil,Erbil,Runaki(Mamostayan 1),روناكي(ماموستايان 1),36.1814543,44.0303814,70.0,420.0,31.0,0.0,12.0,0.0,0.0,0.0,0.0,0.0,0.0,0.0,0.0,0.0,23.0,0.0,4.0,0.0,0.0,0.0,0.0,0.0,0.0,0.0,0.0,0.0,0.0,0.0,70.0,0.0,0.0,70.0,0.0,0.0,0.0,0.0,0.0,0.0,0.0,0.0,33.0,0.0,31.0,33.0,0.0,31.0,0.0,0.0,0.0,0.0,6.0,0.0,0.0,6.0,0.0,0.0,0.0,0.0,"Jan 19, 2017"
238,1202115.0,27209.0,Erbil,Erbil,Runaki(Mamostayan 2),روناكي(ماموستايان 2),36.1786634054,44.0306322463,82.0,492.0,57.0,0.0,6.0,0.0,0.0,0.0,0.0,0.0,0.0,0.0,0.0,0.0,17.0,0.0,2.0,0.0,0.0,0.0,0.0,0.0,0.0,0.0,0.0,0.0,0.0,0.0,82.0,0.0,0.0,82.0,0.0,0.0,0.0,0.0,0.0,0.0,0.0,0.0,0.0,0.0,17.0,0.0,8.0,17.0,0.0,8.0,57.0,0.0,0.0,57.0,0.0,0.0,0.0,0.0,0.0,0.0,"Jan 19, 2017"
239,1202116.0,27210.0,Erbil,Erbil,Runaki(Andazyaran),روناكي(اندازياران),36.16125717,44.02581482,159.0,954.0,72.0,0.0,23.0,0.0,0.0,0.0,0.0,0.0,0.0,0.0,0.0,0.0,58.0,0.0,6.0,0.0,0.0,0.0,0.0,0.0,0.0,0.0,0.0,0.0,0.0,0.0,159.0,0.0,0.0,159.0,0.0,0.0,0.0,0.0,0.0,0.0,0.0,0.0,0.0,0.0,58.0,0.0,29.0,58.0,0.0,29.0,62.0,0.0,10.0,62.0,0.0,10.0,0.0,0.0,0.0,0.0,"Jan 19, 2017"
240,1202117.0,27211.0,Erbil,Erbil,Shorsh(Hay arey),شورش(حي اري),36.21508998,44.0191539839,234.0,1404.0,109.0,0.0,0.0,0.0,0.0,0.0,0.0,0.0,0.0,0.0,0.0,0.0,65.0,0.0,60.0,0.0,0.0,0.0,0.0,0.0,44.0,0.0,0.0,0.0,0.0,0.0,190.0,0.0,0.0,190.0,0.0,0.0,0.0,0.0,0.0,0.0,0.0,0.0,70.0,0.0,125.0,70.0,0.0,125.0,0.0,0.0,28.0,0.0,11.0,28.0,0.0,11.0,0.0,0.0,0.0,0.0,"Jan 19, 2017"
241,1202118.0,27212.0,Erbil,Erbil,Shorsh(Hakim awa),شورش(حاكم اوا),36.2097843734,44.0046015949,204.0,1224.0,128.0,0.0,0.0,0.0,0.0,0.0,0.0,0.0,0.0,0.0,0.0,0.0,30.0,0.0,46.0,0.0,0.0,0.0,0.0,0.0,0.0,0.0,0.0,0.0,0.0,0.0,204.0,0.0,0.0,204.0,0.0,0.0,0.0,0.0,0.0,0.0,0.0,0.0,0.0,0.0,76.0,0.0,0.0,76.0,0.0,0.0,124.0,0.0,4.0,124.0,0.0,4.0,0.0,0.0,0.0,0.0,"Jan 19, 2017"
242,1202119.0,27213.0,Erbil,Erbil,Shorsh(Salahaldin),شورش(صلاح الدين),36.2093344,44.0125722983,120.0,720.0,83.0,0.0,0.0,0.0,0.0,0.0,0.0,0.0,0.0,0.0,0.0,0.0,15.0,0.0,22.0,0.0,0.0,0.0,0.0,0.0,0.0,0.0,0.0,0.0,0.0,0.0,120.0,0.0,0.0,120.0,0.0,0.0,0.0,0.0,0.0,0.0,0.0,0.0,0.0,0.0,37.0,0.0,0.0,37.0,0.0,0.0,76.0,0.0,7.0,76.0,0.0,7.0,0.0,0.0,0.0,0.0,"Jan 19, 2017"
243,1202120.0,27214.0,Erbil,Erbil,Shorsh(Malayan),شورش(ملايان),36.213827,44.0208864848,220.0,1320.0,105.0,0.0,0.0,0.0,0.0,0.0,0.0,0.0,0.0,0.0,0.0,0.0,52.0,0.0,63.0,0.0,0.0,0.0,0.0,0.0,0.0,0.0,0.0,0.0,0.0,0.0,220.0,0.0,0.0,220.0,0.0,0.0,0.0,0.0,0.0,0.0,0.0,0.0,43.0,0.0,115.0,43.0,0.0,115.0,0.0,0.0,62.0,0.0,0.0,62.0,0.0,0.0,0.0,0.0,0.0,0.0,"Jan 19, 2017"
244,1202121.0,27215.0,Erbil,Erbil,Saidawa(Khabat),سيداوه(خبات),36.18975504,44.03186734,28.0,168.0,17.0,0.0,0.0,0.0,0.0,0.0,0.0,0.0,0.0,0.0,0.0,0.0,11.0,0.0,0.0,0.0,0.0,0.0,0.0,0.0,0.0,0.0,0.0,0.0,0.0,0.0,28.0,0.0,0.0,28.0,0.0,0.0,0.0,0.0,0.0,0.0,0.0,0.0,0.0,0.0,11.0,0.0,0.0,11.0,0.0,0.0,17.0,0.0,0.0,17.0,0.0,0.0,0.0,0.0,0.0,0.0,"Jan 19, 2017"
245,1202122.0,27216.0,Erbil,Erbil,Saidawa(Ashti),سيداوه(اشتي),36.180798,44.020309,30.0,180.0,17.0,0.0,0.0,0.0,0.0,0.0,0.0,0.0,0.0,0.0,0.0,0.0,13.0,0.0,0.0,0.0,0.0,0.0,0.0,0.0,0.0,0.0,0.0,0.0,0.0,0.0,30.0,0.0,0.0,30.0,0.0,0.0,0.0,0.0,0.0,0.0,0.0,0.0,0.0,0.0,13.0,0.0,0.0,13.0,0.0,0.0,17.0,0.0,0.0,17.0,0.0,0.0,0.0,0.0,0.0,0.0,"Jan 19, 2017"
246,1202123.0,27217.0,Erbil,Erbil,Al Qalaa(Hay al arab),القلعه(حي العرب),36.18811428,44.00796054,150.0,900.0,135.0,0.0,0.0,0.0,0.0,0.0,0.0,0.0,0.0,0.0,0.0,0.0,0.0,0.0,15.0,0.0,0.0,0.0,0.0,0.0,132.0,0.0,0.0,0.0,0.0,0.0,18.0,0.0,0.0,18.0,0.0,0.0,0.0,0.0,0.0,0.0,0.0,0.0,125.0,0.0,15.0,125.0,0.0,15.0,0.0,0.0,0.0,0.0,10.0,0.0,0.0,10.0,0.0,0.0,0.0,0.0,"Jan 19, 2017"
247,1202124.0,27226.0,Erbil,Erbil,Rzgari,رزكاري,36.1713606,43.9952744,205.0,1230.0,124.0,0.0,0.0,0.0,0.0,0.0,0.0,0.0,0.0,0.0,0.0,0.0,81.0,0.0,0.0,0.0,0.0,0.0,0.0,0.0,0.0,0.0,0.0,0.0,0.0,0.0,205.0,0.0,0.0,205.0,0.0,0.0,0.0,0.0,0.0,0.0,0.0,0.0,0.0,0.0,81.0,0.0,0.0,81.0,0.0,0.0,119.0,0.0,5.0,119.0,0.0,5.0,0.0,0.0,0.0,0.0,"Jan 19, 2017"
248,1202125.0,27227.0,Erbil,Erbil,Khabat,خبات,36.186227,44.0349717,30.0,180.0,6.0,0.0,0.0,0.0,0.0,0.0,0.0,0.0,0.0,0.0,0.0,0.0,24.0,0.0,0.0,0.0,0.0,0.0,0.0,0.0,0.0,0.0,0.0,0.0,0.0,0.0,30.0,0.0,0.0,30.0,0.0,0.0,0.0,0.0,0.0,0.0,0.0,0.0,0.0,0.0,24.0,0.0,0.0,24.0,0.0,0.0,6.0,0.0,0.0,6.0,0.0,0.0,0.0,0.0,0.0,0.0,"Jan 19, 2017"
249,1202126.0,27341.0,Erbil,Erbil,Ashty 2,اشتي 2,36.2133083,44.1272113,162.0,972.0,162.0,0.0,0.0,0.0,0.0,0.0,0.0,0.0,0.0,0.0,0.0,0.0,0.0,0.0,0.0,0.0,0.0,0.0,0.0,0.0,0.0,0.0,0.0,0.0,0.0,0.0,162.0,0.0,0.0,162.0,0.0,0.0,0.0,0.0,0.0,0.0,0.0,0.0,80.0,0.0,0.0,80.0,0.0,0.0,0.0,0.0,82.0,0.0,0.0,82.0,0.0,0.0,0.0,0.0,0.0,0.0,"Jan 19, 2017"
250,1202127.0,27329.0,Erbil,Erbil,Aynda 2,اينده 2,36.1828807,44.1279273,64.0,384.0,20.0,0.0,0.0,0.0,0.0,0.0,0.0,0.0,0.0,0.0,0.0,0.0,44.0,0.0,0.0,0.0,0.0,0.0,0.0,0.0,0.0,0.0,0.0,0.0,0.0,0.0,64.0,0.0,0.0,64.0,0.0,0.0,0.0,0.0,0.0,0.0,0.0,0.0,9.0,0.0,44.0,9.0,0.0,44.0,0.0,0.0,11.0,0.0,0.0,11.0,0.0,0.0,0.0,0.0,0.0,0.0,"Jan 19, 2017"
251,1202128.0,27330.0,Erbil,Erbil,Sana City ,سانا ستي,36.2488413,44.1027937,100.0,600.0,60.0,0.0,0.0,0.0,0.0,0.0,0.0,0.0,0.0,0.0,0.0,0.0,40.0,0.0,0.0,0.0,0.0,0.0,0.0,0.0,0.0,0.0,0.0,0.0,0.0,0.0,100.0,0.0,0.0,100.0,0.0,0.0,0.0,0.0,0.0,0.0,0.0,0.0,20.0,0.0,40.0,20.0,0.0,40.0,0.0,0.0,40.0,0.0,0.0,40.0,0.0,0.0,0.0,0.0,0.0,0.0,"Jan 19, 2017"
252,1202129.0,27331.0,Erbil,Erbil,Shiraton,شيراتون,36.1942674,44.1346996,23.0,138.0,4.0,0.0,0.0,0.0,0.0,0.0,0.0,0.0,0.0,0.0,0.0,0.0,14.0,0.0,5.0,0.0,0.0,0.0,0.0,0.0,0.0,0.0,0.0,0.0,0.0,0.0,23.0,0.0,0.0,23.0,0.0,0.0,0.0,0.0,0.0,0.0,0.0,0.0,5.0,0.0,14.0,5.0,4.0,14.0,0.0,4.0,0.0,0.0,0.0,0.0,0.0,0.0,0.0,0.0,0.0,0.0,"Jan 19, 2017"
253,1202130.0,11778.0,Erbil,Erbil,Perash,بيرش,36.2343786,44.1386827,50.0,300.0,30.0,0.0,0.0,0.0,0.0,0.0,0.0,0.0,0.0,0.0,0.0,0.0,20.0,0.0,0.0,0.0,0.0,0.0,0.0,0.0,0.0,0.0,0.0,0.0,0.0,0.0,50.0,0.0,0.0,50.0,0.0,0.0,0.0,0.0,0.0,0.0,0.0,0.0,8.0,0.0,14.0,8.0,0.0,14.0,0.0,0.0,7.0,0.0,21.0,7.0,0.0,21.0,0.0,0.0,0.0,0.0,"Jan 19, 2017"
254,1202131.0,27332.0,Erbil,Erbil,Qarabu,قربو,36.1933122,44.1237256,363.0,2178.0,253.0,0.0,0.0,0.0,0.0,0.0,0.0,0.0,0.0,0.0,0.0,0.0,110.0,0.0,0.0,0.0,0.0,0.0,0.0,0.0,0.0,0.0,0.0,0.0,0.0,0.0,363.0,0.0,0.0,363.0,0.0,0.0,0.0,0.0,0.0,0.0,0.0,0.0,163.0,0.0,110.0,163.0,0.0,110.0,0.0,0.0,90.0,0.0,0.0,90.0,0.0,0.0,0.0,0.0,0.0,0.0,"Jan 19, 2017"
255,1202132.0,27333.0,Erbil,Erbil,Al Rihab,الرحاب,36.2147987,44.1428528,162.0,972.0,129.0,0.0,0.0,0.0,0.0,0.0,0.0,0.0,0.0,0.0,0.0,0.0,33.0,0.0,0.0,0.0,0.0,0.0,0.0,0.0,0.0,0.0,0.0,0.0,0.0,0.0,162.0,0.0,0.0,162.0,0.0,0.0,0.0,0.0,0.0,0.0,0.0,0.0,52.0,0.0,33.0,52.0,0.0,33.0,0.0,0.0,62.0,0.0,15.0,62.0,0.0,15.0,0.0,0.0,0.0,0.0,"Jan 19, 2017"
256,1202133.0,27419.0,Erbil,Erbil,Hawler nwee,هوليرنوي,36.2113139,44.0695952,530.0,3180.0,320.0,0.0,0.0,0.0,0.0,0.0,0.0,0.0,0.0,0.0,0.0,0.0,187.0,0.0,23.0,0.0,0.0,0.0,0.0,0.0,0.0,0.0,0.0,0.0,0.0,0.0,530.0,0.0,0.0,530.0,0.0,0.0,0.0,0.0,0.0,0.0,0.0,0.0,120.0,0.0,187.0,120.0,23.0,187.0,0.0,23.0,200.0,0.0,0.0,200.0,0.0,0.0,0.0,0.0,0.0,0.0,"Jan 19, 2017"
257,1202134.0,27420.0,Erbil,Erbil,Manara City,منارة ستي,36.1761155,44.0613566395,390.0,2340.0,226.0,0.0,40.0,0.0,0.0,0.0,0.0,0.0,0.0,0.0,0.0,0.0,90.0,0.0,34.0,0.0,0.0,0.0,0.0,0.0,0.0,0.0,0.0,0.0,0.0,0.0,390.0,0.0,0.0,390.0,0.0,0.0,0.0,0.0,0.0,0.0,0.0,0.0,71.0,0.0,90.0,71.0,34.0,90.0,0.0,34.0,155.0,0.0,40.0,155.0,0.0,40.0,0.0,0.0,0.0,0.0,"Jan 19, 2017"
258,1202135.0,27421.0,Erbil,Erbil,Karizan,كاريزان,36.1683663,44.0557606,115.0,690.0,43.0,0.0,0.0,0.0,0.0,0.0,0.0,0.0,0.0,0.0,0.0,0.0,72.0,0.0,0.0,0.0,0.0,0.0,0.0,0.0,0.0,0.0,0.0,0.0,0.0,0.0,115.0,0.0,0.0,115.0,0.0,0.0,0.0,0.0,0.0,0.0,0.0,0.0,18.0,0.0,72.0,18.0,0.0,72.0,0.0,0.0,25.0,0.0,0.0,25.0,0.0,0.0,0.0,0.0,0.0,0.0,"Jan 19, 2017"
259,1202136.0,13203.0,Erbil,Erbil,Du sara fatah,دوسرة فتاح,36.0219919144,43.9115212,264.0,1584.0,237.0,0.0,0.0,0.0,0.0,0.0,0.0,0.0,0.0,0.0,0.0,0.0,12.0,0.0,15.0,0.0,0.0,0.0,0.0,0.0,0.0,0.0,0.0,0.0,0.0,0.0,264.0,0.0,0.0,264.0,0.0,0.0,0.0,0.0,0.0,0.0,0.0,0.0,150.0,0.0,12.0,150.0,15.0,12.0,0.0,15.0,70.0,0.0,17.0,70.0,0.0,17.0,0.0,0.0,0.0,0.0,"Jan 19, 2017"
260,1202137.0,21318.0,Erbil,Erbil,Quretan,قوريتان,36.0793779754,43.947905,85.0,510.0,62.0,0.0,0.0,0.0,0.0,0.0,15.0,0.0,0.0,0.0,0.0,0.0,8.0,0.0,0.0,0.0,0.0,0.0,0.0,0.0,0.0,0.0,0.0,0.0,0.0,0.0,85.0,0.0,0.0,85.0,0.0,0.0,0.0,0.0,0.0,0.0,0.0,0.0,18.0,0.0,15.0,18.0,8.0,15.0,0.0,8.0,25.0,0.0,19.0,25.0,0.0,19.0,0.0,0.0,0.0,0.0,"Jan 19, 2017"
261,1202138.0,29556.0,Erbil,Erbil,Atlantic,اتلانتك,36.2148742,44.1549244,18.0,108.0,12.0,0.0,0.0,0.0,0.0,0.0,0.0,0.0,0.0,0.0,0.0,0.0,0.0,0.0,6.0,0.0,0.0,0.0,0.0,0.0,0.0,0.0,0.0,0.0,0.0,0.0,18.0,0.0,0.0,18.0,0.0,0.0,0.0,0.0,0.0,0.0,0.0,0.0,8.0,0.0,0.0,8.0,10.0,0.0,0.0,10.0,0.0,0.0,0.0,0.0,0.0,0.0,0.0,0.0,0.0,0.0,"Jan 19, 2017"
262,1202139.0,29557.0,Erbil,Erbil,Kany Gulan,كاني كولان,36.1833173,44.1647996,56.0,336.0,40.0,0.0,0.0,0.0,0.0,0.0,0.0,0.0,0.0,0.0,0.0,0.0,0.0,0.0,16.0,0.0,0.0,0.0,0.0,0.0,0.0,0.0,0.0,0.0,0.0,0.0,56.0,0.0,0.0,56.0,0.0,0.0,0.0,0.0,0.0,0.0,0.0,0.0,38.0,0.0,0.0,38.0,18.0,0.0,0.0,18.0,0.0,0.0,0.0,0.0,0.0,0.0,0.0,0.0,0.0,0.0,"Jan 19, 2017"
263,1202140.0,29558.0,Erbil,Erbil,Al Saxra Complex ,مجمع الصخرة,36.1872726,44.0132477389,150.0,900.0,0.0,0.0,0.0,0.0,0.0,0.0,0.0,0.0,0.0,0.0,0.0,0.0,150.0,0.0,0.0,0.0,0.0,0.0,0.0,0.0,0.0,150.0,0.0,0.0,150.0,0.0,0.0,0.0,0.0,0.0,0.0,0.0,0.0,0.0,0.0,0.0,0.0,0.0,0.0,0.0,0.0,0.0,150.0,0.0,0.0,150.0,0.0,0.0,0.0,0.0,0.0,0.0,0.0,0.0,0.0,0.0,"Jan 19, 2017"
264,1203001.0,24484.0,Erbil,Koisnjaq,Armota,أرموته,36.0681566,44.6072378,20.0,120.0,0.0,0.0,0.0,0.0,0.0,0.0,0.0,0.0,0.0,0.0,0.0,0.0,20.0,0.0,0.0,0.0,0.0,0.0,0.0,0.0,0.0,0.0,0.0,0.0,0.0,0.0,20.0,0.0,0.0,20.0,0.0,0.0,0.0,0.0,0.0,0.0,0.0,0.0,0.0,0.0,20.0,0.0,0.0,20.0,0.0,0.0,0.0,0.0,0.0,0.0,0.0,0.0,0.0,0.0,0.0,0.0,"Jan 19, 2017"
265,1203002.0,24598.0,Erbil,Koisnjaq,Azady,ازادي,36.0848782,44.6389829,244.0,1464.0,157.0,0.0,0.0,0.0,0.0,0.0,0.0,0.0,0.0,0.0,0.0,0.0,82.0,0.0,5.0,0.0,0.0,0.0,0.0,0.0,0.0,0.0,0.0,0.0,0.0,0.0,244.0,0.0,0.0,244.0,0.0,0.0,0.0,0.0,0.0,0.0,0.0,0.0,157.0,0.0,80.0,157.0,5.0,80.0,0.0,5.0,0.0,0.0,2.0,0.0,0.0,2.0,0.0,0.0,0.0,0.0,"Jan 19, 2017"
266,1203003.0,12371.0,Erbil,Koisnjaq,Bayizagha,بايزاغا,36.0874678,44.629339,294.0,1764.0,294.0,0.0,0.0,0.0,0.0,0.0,0.0,0.0,0.0,0.0,0.0,0.0,0.0,0.0,0.0,0.0,0.0,0.0,0.0,0.0,0.0,0.0,0.0,0.0,0.0,0.0,294.0,0.0,0.0,294.0,0.0,0.0,0.0,0.0,0.0,0.0,0.0,0.0,284.0,0.0,3.0,284.0,0.0,3.0,0.0,0.0,0.0,0.0,7.0,0.0,0.0,7.0,0.0,0.0,0.0,0.0,"Jan 19, 2017"
267,1203004.0,24597.0,Erbil,Koisnjaq,Bazar koya(Bafri qndeel),بازار كويه(بفري قنديل),36.083679,44.6287855,309.0,1854.0,114.0,0.0,0.0,0.0,0.0,0.0,0.0,0.0,0.0,0.0,0.0,0.0,85.0,0.0,110.0,0.0,0.0,0.0,0.0,0.0,0.0,0.0,0.0,0.0,0.0,0.0,309.0,0.0,0.0,309.0,0.0,0.0,0.0,0.0,0.0,0.0,0.0,0.0,20.0,0.0,195.0,20.0,0.0,195.0,0.0,0.0,94.0,0.0,0.0,94.0,0.0,0.0,0.0,0.0,0.0,0.0,"Jan 19, 2017"
268,1203006.0,23657.0,Erbil,Koisnjaq,Hamamok,حماموك,36.0906174,44.6133745,140.0,840.0,80.0,0.0,0.0,0.0,0.0,0.0,0.0,0.0,0.0,0.0,0.0,0.0,60.0,0.0,0.0,0.0,0.0,0.0,0.0,0.0,0.0,0.0,0.0,0.0,0.0,0.0,140.0,0.0,0.0,140.0,0.0,0.0,0.0,0.0,0.0,0.0,0.0,0.0,80.0,0.0,60.0,80.0,0.0,60.0,0.0,0.0,0.0,0.0,0.0,0.0,0.0,0.0,0.0,0.0,0.0,0.0,"Jan 19, 2017"
269,1203007.0,23279.0,Erbil,Koisnjaq,Hamoon,هامون ,36.073985,44.6326177,26.0,156.0,0.0,0.0,0.0,0.0,0.0,0.0,0.0,0.0,0.0,0.0,0.0,0.0,26.0,0.0,0.0,0.0,0.0,0.0,0.0,0.0,0.0,0.0,0.0,0.0,0.0,0.0,26.0,0.0,0.0,26.0,0.0,0.0,0.0,0.0,0.0,0.0,0.0,0.0,0.0,0.0,0.0,0.0,26.0,0.0,0.0,26.0,0.0,0.0,0.0,0.0,0.0,0.0,0.0,0.0,0.0,0.0,"Jan 19, 2017"
270,1203008.0,24599.0,Erbil,Koisnjaq,Jamiyah,جمعية,36.0764298,44.6335674,23.0,138.0,23.0,0.0,0.0,0.0,0.0,0.0,0.0,0.0,0.0,0.0,0.0,0.0,0.0,0.0,0.0,0.0,0.0,0.0,0.0,0.0,0.0,0.0,0.0,0.0,0.0,0.0,23.0,0.0,0.0,23.0,0.0,0.0,0.0,0.0,0.0,0.0,0.0,0.0,23.0,0.0,0.0,23.0,0.0,0.0,0.0,0.0,0.0,0.0,0.0,0.0,0.0,0.0,0.0,0.0,0.0,0.0,"Jan 19, 2017"
271,1203009.0,23280.0,Erbil,Koisnjaq,Qalat,قلات,36.0863765,44.6269879,354.0,2124.0,121.0,0.0,0.0,0.0,0.0,0.0,0.0,0.0,0.0,0.0,0.0,0.0,233.0,0.0,0.0,0.0,0.0,0.0,0.0,0.0,0.0,0.0,0.0,0.0,0.0,0.0,354.0,0.0,0.0,354.0,0.0,0.0,0.0,0.0,0.0,0.0,0.0,0.0,56.0,0.0,233.0,56.0,0.0,233.0,0.0,0.0,60.0,0.0,5.0,60.0,0.0,5.0,0.0,0.0,0.0,0.0,"Jan 19, 2017"
272,1203010.0,11887.0,Erbil,Koisnjaq,Taqtaq,طقطق,35.8872085,44.5837756,190.0,1140.0,100.0,0.0,0.0,0.0,0.0,0.0,0.0,0.0,0.0,0.0,0.0,0.0,85.0,0.0,5.0,0.0,0.0,0.0,0.0,0.0,0.0,0.0,0.0,0.0,0.0,0.0,190.0,0.0,0.0,190.0,0.0,0.0,0.0,0.0,0.0,0.0,0.0,0.0,62.0,0.0,85.0,62.0,0.0,85.0,0.0,0.0,13.0,0.0,30.0,13.0,0.0,30.0,0.0,0.0,0.0,0.0,"Jan 19, 2017"
273,1203013.0,27220.0,Erbil,Koisnjaq,Se Grdakan,سيكردكان,35.87254406,44.44981467,10.0,60.0,10.0,0.0,0.0,0.0,0.0,0.0,0.0,0.0,0.0,0.0,0.0,0.0,0.0,0.0,0.0,0.0,0.0,0.0,0.0,0.0,0.0,0.0,0.0,0.0,0.0,0.0,10.0,0.0,0.0,10.0,0.0,0.0,0.0,0.0,0.0,0.0,0.0,0.0,0.0,0.0,0.0,0.0,0.0,0.0,0.0,0.0,10.0,0.0,0.0,10.0,0.0,0.0,0.0,0.0,0.0,0.0,"Jan 19, 2017"
274,1203014.0,27221.0,Erbil,Koisnjaq,Ashti,اشتي,35.9215244,44.7840714,22.0,132.0,10.0,0.0,0.0,0.0,0.0,0.0,0.0,0.0,0.0,0.0,0.0,0.0,12.0,0.0,0.0,0.0,0.0,0.0,0.0,0.0,0.0,0.0,0.0,0.0,0.0,0.0,22.0,0.0,0.0,22.0,0.0,0.0,0.0,0.0,0.0,0.0,0.0,0.0,0.0,0.0,11.0,0.0,0.0,11.0,0.0,0.0,10.0,0.0,1.0,10.0,0.0,1.0,0.0,0.0,0.0,0.0,"Jan 19, 2017"
275,1203015.0,27222.0,Erbil,Koisnjaq,Nawdaran,ناوداران,36.0572663,44.6371874,28.0,168.0,28.0,0.0,0.0,0.0,0.0,0.0,0.0,0.0,0.0,0.0,0.0,0.0,0.0,0.0,0.0,0.0,0.0,0.0,0.0,0.0,0.0,0.0,0.0,0.0,0.0,0.0,28.0,0.0,0.0,28.0,0.0,0.0,0.0,0.0,0.0,0.0,0.0,0.0,28.0,0.0,0.0,28.0,0.0,0.0,0.0,0.0,0.0,0.0,0.0,0.0,0.0,0.0,0.0,0.0,0.0,0.0,"Jan 19, 2017"
276,1203016.0,27223.0,Erbil,Koisnjaq,Gashteyari,كشتياري,36.0902057,44.6623454,41.0,246.0,14.0,0.0,0.0,0.0,0.0,8.0,0.0,0.0,0.0,0.0,0.0,0.0,10.0,0.0,9.0,0.0,0.0,0.0,0.0,0.0,0.0,0.0,0.0,0.0,0.0,0.0,41.0,0.0,0.0,41.0,0.0,0.0,0.0,0.0,0.0,0.0,0.0,0.0,11.0,0.0,0.0,11.0,8.0,0.0,22.0,8.0,0.0,22.0,0.0,0.0,0.0,0.0,0.0,0.0,0.0,0.0,"Jan 19, 2017"
277,1203017.0,29513.0,Erbil,Koisnjaq,Sarazan,سه ره زان,36.0911,44.6341,48.0,288.0,0.0,0.0,0.0,0.0,0.0,0.0,0.0,0.0,0.0,0.0,0.0,0.0,48.0,0.0,0.0,0.0,0.0,0.0,48.0,0.0,0.0,0.0,0.0,0.0,0.0,0.0,0.0,0.0,0.0,0.0,0.0,0.0,0.0,0.0,0.0,0.0,0.0,0.0,0.0,0.0,48.0,0.0,0.0,48.0,0.0,0.0,0.0,0.0,0.0,0.0,0.0,0.0,0.0,0.0,0.0,0.0,"Jan 19, 2017"
278,1204001.0,12698.0,Erbil,Makhmur,Abu Jarda,ابو جردة,36.08323,43.602149,133.0,798.0,0.0,0.0,0.0,0.0,0.0,0.0,8.0,0.0,0.0,0.0,0.0,0.0,125.0,0.0,0.0,0.0,0.0,0.0,0.0,0.0,0.0,0.0,0.0,0.0,0.0,0.0,133.0,0.0,0.0,133.0,0.0,0.0,0.0,0.0,0.0,0.0,0.0,0.0,0.0,0.0,0.0,0.0,125.0,0.0,8.0,125.0,0.0,8.0,0.0,0.0,0.0,0.0,0.0,0.0,0.0,0.0,"Jan 19, 2017"
279,1204002.0,13489.0,Erbil,Makhmur,Ali Mala Dawood,علي ملا داود,36.089215,43.656574,20.0,120.0,0.0,0.0,0.0,0.0,0.0,0.0,5.0,0.0,0.0,0.0,0.0,0.0,15.0,0.0,0.0,0.0,0.0,0.0,0.0,0.0,0.0,0.0,0.0,0.0,0.0,0.0,20.0,0.0,0.0,20.0,0.0,0.0,0.0,0.0,0.0,0.0,0.0,0.0,0.0,0.0,15.0,0.0,3.0,15.0,2.0,3.0,0.0,2.0,0.0,0.0,0.0,0.0,0.0,0.0,0.0,0.0,"Jan 19, 2017"
280,1204005.0,13596.0,Erbil,Makhmur,Hawera,هويرة,36.11903112,43.59925024,138.0,828.0,0.0,0.0,0.0,0.0,0.0,0.0,28.0,0.0,0.0,0.0,0.0,0.0,110.0,0.0,0.0,0.0,0.0,0.0,0.0,0.0,0.0,0.0,0.0,0.0,0.0,0.0,138.0,0.0,0.0,138.0,0.0,0.0,0.0,0.0,0.0,0.0,0.0,0.0,0.0,0.0,0.0,0.0,110.0,0.0,28.0,110.0,0.0,28.0,0.0,0.0,0.0,0.0,0.0,0.0,0.0,0.0,"Jan 19, 2017"
281,1204006.0,13363.0,Erbil,Makhmur,Hawejka,حويجكة,36.08599627,43.56628806,63.0,378.0,0.0,0.0,0.0,0.0,0.0,0.0,0.0,0.0,0.0,0.0,0.0,0.0,63.0,0.0,0.0,0.0,0.0,0.0,0.0,0.0,0.0,0.0,0.0,0.0,0.0,0.0,63.0,0.0,0.0,63.0,0.0,0.0,0.0,0.0,0.0,0.0,0.0,0.0,0.0,0.0,0.0,0.0,63.0,0.0,0.0,63.0,0.0,0.0,0.0,0.0,0.0,0.0,0.0,0.0,0.0,0.0,"Jan 19, 2017"
282,1204007.0,25258.0,Erbil,Makhmur,Majluba,مجلوبه,36.046268,43.577753,60.0,360.0,0.0,0.0,0.0,0.0,0.0,0.0,0.0,0.0,0.0,0.0,0.0,0.0,60.0,0.0,0.0,0.0,0.0,0.0,0.0,0.0,0.0,0.0,0.0,0.0,0.0,0.0,60.0,0.0,0.0,60.0,0.0,0.0,0.0,0.0,0.0,0.0,0.0,0.0,0.0,0.0,0.0,0.0,60.0,0.0,0.0,60.0,0.0,0.0,0.0,0.0,0.0,0.0,0.0,0.0,0.0,0.0,"Jan 19, 2017"
283,1204008.0,11916.0,Erbil,Makhmur,Om Rakeba,ام ركيبة,36.111953256,43.59134026,76.0,456.0,0.0,0.0,0.0,0.0,0.0,0.0,10.0,0.0,0.0,0.0,0.0,0.0,66.0,0.0,0.0,0.0,0.0,0.0,0.0,0.0,0.0,0.0,0.0,0.0,0.0,0.0,76.0,0.0,0.0,76.0,0.0,0.0,0.0,0.0,0.0,0.0,0.0,0.0,0.0,0.0,0.0,0.0,66.0,0.0,10.0,66.0,0.0,10.0,0.0,0.0,0.0,0.0,0.0,0.0,0.0,0.0,"Jan 19, 2017"
284,1204009.0,12634.0,Erbil,Makhmur,Sharaie,شرايع,36.0808609,43.58380394,116.0,696.0,0.0,0.0,0.0,0.0,0.0,0.0,20.0,0.0,0.0,0.0,0.0,0.0,96.0,0.0,0.0,0.0,0.0,0.0,0.0,0.0,0.0,0.0,0.0,0.0,0.0,0.0,116.0,0.0,0.0,116.0,0.0,0.0,0.0,0.0,0.0,0.0,0.0,0.0,0.0,0.0,0.0,0.0,96.0,0.0,20.0,96.0,0.0,20.0,0.0,0.0,0.0,0.0,0.0,0.0,0.0,0.0,"Jan 19, 2017"
285,1204010.0,11919.0,Erbil,Makhmur,Tarash,طراش,36.09051096,43.63120455,10.0,60.0,0.0,0.0,0.0,0.0,0.0,0.0,4.0,0.0,0.0,0.0,0.0,0.0,6.0,0.0,0.0,0.0,0.0,0.0,0.0,0.0,0.0,0.0,0.0,0.0,0.0,0.0,10.0,0.0,0.0,10.0,0.0,0.0,0.0,0.0,0.0,0.0,0.0,0.0,0.0,0.0,6.0,0.0,4.0,6.0,0.0,4.0,0.0,0.0,0.0,0.0,0.0,0.0,0.0,0.0,0.0,0.0,"Jan 19, 2017"
286,1204015.0,13569.0,Erbil,Makhmur,Debaga 1,مخيم ديبكه 1,35.8827783,43.8088048,2157.0,12942.0,0.0,0.0,0.0,0.0,0.0,0.0,1020.0,0.0,367.0,0.0,0.0,0.0,530.0,0.0,240.0,0.0,0.0,0.0,2157.0,0.0,0.0,0.0,0.0,0.0,0.0,0.0,0.0,0.0,0.0,0.0,0.0,0.0,0.0,0.0,0.0,0.0,0.0,0.0,0.0,0.0,449.0,0.0,51.0,449.0,0.0,51.0,0.0,0.0,1175.0,0.0,482.0,1175.0,0.0,482.0,0.0,0.0,"Jan 19, 2017"
287,1204024.0,29540.0,Erbil,Makhmur,Dibaga Stadium Camp,كمب ملعب ديبكه,35.869675,43.813015,415.0,2490.0,0.0,0.0,0.0,0.0,0.0,0.0,170.0,0.0,30.0,0.0,0.0,0.0,193.0,0.0,22.0,0.0,0.0,0.0,415.0,0.0,0.0,0.0,0.0,0.0,0.0,0.0,0.0,0.0,0.0,0.0,0.0,0.0,0.0,0.0,0.0,0.0,0.0,0.0,0.0,0.0,0.0,0.0,0.0,0.0,0.0,0.0,0.0,0.0,391.0,0.0,24.0,391.0,0.0,24.0,0.0,0.0,"Jan 19, 2017"
288,1204025.0,11920.0,Erbil,Makhmur,Shamaml,شمامل,36.12651096,43.71500218,41.0,246.0,0.0,0.0,0.0,0.0,0.0,0.0,3.0,0.0,0.0,0.0,0.0,0.0,38.0,0.0,0.0,0.0,0.0,0.0,0.0,0.0,0.0,0.0,0.0,0.0,0.0,0.0,41.0,0.0,0.0,41.0,0.0,0.0,0.0,0.0,0.0,0.0,0.0,0.0,0.0,0.0,38.0,0.0,3.0,38.0,0.0,3.0,0.0,0.0,0.0,0.0,0.0,0.0,0.0,0.0,0.0,0.0,"Jan 19, 2017"
289,1204026.0,29541.0,Erbil,Makhmur,Abu Jarda Al jadida,ابو جرده الجديده,36.09417938,43.61215267,16.0,96.0,0.0,0.0,0.0,0.0,0.0,0.0,0.0,0.0,0.0,0.0,0.0,0.0,16.0,0.0,0.0,0.0,0.0,0.0,0.0,0.0,0.0,0.0,0.0,0.0,0.0,0.0,16.0,0.0,0.0,16.0,0.0,0.0,0.0,0.0,0.0,0.0,0.0,0.0,0.0,0.0,16.0,0.0,0.0,16.0,0.0,0.0,0.0,0.0,0.0,0.0,0.0,0.0,0.0,0.0,0.0,0.0,"Jan 19, 2017"
290,1204027.0,29542.0,Erbil,Makhmur,Trjam,ترجام,36.123228,43.75969,38.0,228.0,0.0,0.0,0.0,0.0,0.0,0.0,0.0,0.0,0.0,0.0,0.0,0.0,38.0,0.0,0.0,0.0,0.0,0.0,0.0,0.0,0.0,0.0,0.0,0.0,0.0,0.0,38.0,0.0,0.0,38.0,0.0,0.0,0.0,0.0,0.0,0.0,0.0,0.0,0.0,0.0,38.0,0.0,0.0,38.0,0.0,0.0,0.0,0.0,0.0,0.0,0.0,0.0,0.0,0.0,0.0,0.0,"Jan 19, 2017"
291,1204028.0,29584.0,Erbil,Makhmur,Debaga 2,مخيم ديبكه 2,35.8789,43.803,1554.0,9324.0,0.0,0.0,0.0,0.0,0.0,0.0,577.0,0.0,127.0,0.0,0.0,0.0,679.0,0.0,171.0,0.0,0.0,0.0,1554.0,0.0,0.0,0.0,0.0,0.0,0.0,0.0,0.0,0.0,0.0,0.0,0.0,0.0,0.0,0.0,0.0,0.0,0.0,0.0,0.0,0.0,0.0,0.0,0.0,0.0,0.0,0.0,0.0,0.0,1349.0,0.0,205.0,1349.0,0.0,205.0,0.0,0.0,"Jan 19, 2017"
292,1205001.0,27225.0,Erbil,Mergasur,Markaz Mergasur,مركز ميركسور,36.8353167,44.3131953,65.0,390.0,0.0,0.0,0.0,0.0,0.0,0.0,0.0,0.0,0.0,0.0,0.0,0.0,65.0,0.0,0.0,0.0,0.0,0.0,0.0,0.0,0.0,0.0,0.0,0.0,0.0,0.0,65.0,0.0,0.0,65.0,0.0,0.0,0.0,0.0,0.0,0.0,0.0,0.0,0.0,0.0,65.0,0.0,0.0,65.0,0.0,0.0,0.0,0.0,0.0,0.0,0.0,0.0,0.0,0.0,0.0,0.0,"Jan 19, 2017"
293,1206001.0,23910.0,Erbil,Shaqlawa,Aquban,عقوبان ,36.345727,44.408898,63.0,378.0,63.0,0.0,0.0,0.0,0.0,0.0,0.0,0.0,0.0,0.0,0.0,0.0,0.0,0.0,0.0,0.0,0.0,0.0,0.0,0.0,0.0,0.0,0.0,0.0,0.0,0.0,63.0,0.0,0.0,63.0,0.0,0.0,0.0,0.0,0.0,0.0,0.0,0.0,23.0,0.0,0.0,23.0,0.0,0.0,0.0,0.0,40.0,0.0,0.0,40.0,0.0,0.0,0.0,0.0,0.0,0.0,"Jan 19, 2017"
294,1206003.0,23907.0,Erbil,Shaqlawa,Bazar Khanzad,بازار خانزاد,36.403459,44.3422355,712.0,4272.0,658.0,0.0,10.0,0.0,0.0,10.0,0.0,0.0,0.0,0.0,0.0,0.0,20.0,0.0,14.0,0.0,0.0,0.0,0.0,0.0,0.0,0.0,0.0,0.0,0.0,0.0,712.0,0.0,0.0,712.0,0.0,0.0,0.0,0.0,0.0,0.0,0.0,0.0,325.0,0.0,0.0,325.0,12.0,0.0,47.0,12.0,278.0,47.0,50.0,278.0,0.0,50.0,0.0,0.0,0.0,0.0,"Jan 19, 2017"
295,1206004.0,23713.0,Erbil,Shaqlawa,Betrma,بيترما,36.3946488,44.3424598,333.0,1998.0,220.0,0.0,10.0,0.0,0.0,8.0,0.0,0.0,0.0,0.0,0.0,0.0,30.0,0.0,65.0,0.0,0.0,0.0,0.0,0.0,0.0,0.0,0.0,0.0,0.0,0.0,333.0,0.0,0.0,333.0,0.0,0.0,0.0,0.0,0.0,0.0,0.0,0.0,103.0,0.0,0.0,103.0,60.0,0.0,33.0,60.0,80.0,33.0,57.0,80.0,0.0,57.0,0.0,0.0,0.0,0.0,"Jan 19, 2017"
296,1206005.0,12090.0,Erbil,Shaqlawa,Kawrtan,كورتان,36.36694319,44.44794038,10.0,60.0,10.0,0.0,0.0,0.0,0.0,0.0,0.0,0.0,0.0,0.0,0.0,0.0,0.0,0.0,0.0,0.0,0.0,0.0,0.0,0.0,0.0,0.0,0.0,0.0,0.0,0.0,10.0,0.0,0.0,10.0,0.0,0.0,0.0,0.0,0.0,0.0,0.0,0.0,0.0,0.0,0.0,0.0,0.0,0.0,0.0,0.0,10.0,0.0,0.0,10.0,0.0,0.0,0.0,0.0,0.0,0.0,"Jan 19, 2017"
297,1206006.0,12172.0,Erbil,Shaqlawa,Harir,حرير,36.5502052,44.3453688,638.0,3828.0,582.0,0.0,0.0,0.0,0.0,0.0,0.0,0.0,0.0,0.0,0.0,0.0,56.0,0.0,0.0,0.0,0.0,0.0,0.0,0.0,0.0,0.0,0.0,0.0,0.0,0.0,638.0,0.0,0.0,638.0,0.0,0.0,0.0,0.0,0.0,0.0,0.0,0.0,129.0,0.0,21.0,129.0,0.0,21.0,421.0,0.0,0.0,421.0,67.0,0.0,0.0,67.0,0.0,0.0,0.0,0.0,"Jan 19, 2017"
298,1206007.0,13372.0,Erbil,Shaqlawa,Harir-Batas,حرير-باتاس,36.5603397,44.334274731,289.0,1734.0,235.0,0.0,0.0,0.0,0.0,0.0,0.0,0.0,0.0,0.0,0.0,0.0,0.0,0.0,54.0,0.0,0.0,0.0,0.0,0.0,0.0,0.0,0.0,0.0,0.0,0.0,289.0,0.0,0.0,289.0,0.0,0.0,0.0,0.0,0.0,0.0,0.0,0.0,81.0,0.0,31.0,81.0,0.0,31.0,0.0,0.0,68.0,0.0,109.0,68.0,0.0,109.0,0.0,0.0,0.0,0.0,"Jan 19, 2017"
299,1206008.0,12079.0,Erbil,Shaqlawa,Hiran,هيران ,36.2772151,44.4931456859,248.0,1488.0,248.0,0.0,0.0,0.0,0.0,0.0,0.0,0.0,0.0,0.0,0.0,0.0,0.0,0.0,0.0,0.0,0.0,0.0,0.0,0.0,0.0,0.0,0.0,0.0,0.0,0.0,248.0,0.0,0.0,248.0,0.0,0.0,0.0,0.0,0.0,0.0,0.0,0.0,110.0,0.0,0.0,110.0,0.0,0.0,0.0,0.0,138.0,0.0,0.0,138.0,0.0,0.0,0.0,0.0,0.0,0.0,"Jan 19, 2017"
300,1206009.0,12155.0,Erbil,Shaqlawa,Lass,لاس,36.39762786,44.38588044,56.0,336.0,56.0,0.0,0.0,0.0,0.0,0.0,0.0,0.0,0.0,0.0,0.0,0.0,0.0,0.0,0.0,0.0,0.0,0.0,0.0,0.0,0.0,0.0,0.0,0.0,0.0,0.0,56.0,0.0,0.0,56.0,0.0,0.0,0.0,0.0,0.0,0.0,0.0,0.0,23.0,0.0,0.0,23.0,0.0,0.0,0.0,0.0,33.0,0.0,0.0,33.0,0.0,0.0,0.0,0.0,0.0,0.0,"Jan 19, 2017"
301,1206010.0,23698.0,Erbil,Shaqlawa,Sabirawa,سابيراوه,36.4015164,44.3458974,270.0,1620.0,193.0,0.0,6.0,0.0,0.0,16.0,0.0,0.0,0.0,0.0,0.0,0.0,35.0,0.0,20.0,0.0,0.0,0.0,0.0,0.0,0.0,0.0,0.0,0.0,0.0,0.0,270.0,0.0,0.0,270.0,0.0,0.0,0.0,0.0,0.0,0.0,0.0,0.0,85.0,0.0,0.0,85.0,20.0,0.0,57.0,20.0,72.0,57.0,36.0,72.0,0.0,36.0,0.0,0.0,0.0,0.0,"Jan 19, 2017"
302,1206011.0,23741.0,Erbil,Shaqlawa,Safeen,سفين,36.4035677,44.3126218,273.0,1638.0,203.0,0.0,6.0,0.0,0.0,21.0,0.0,0.0,0.0,0.0,0.0,0.0,31.0,0.0,12.0,0.0,0.0,0.0,0.0,0.0,18.0,0.0,0.0,0.0,0.0,0.0,255.0,0.0,0.0,255.0,0.0,0.0,0.0,0.0,0.0,0.0,0.0,0.0,68.0,0.0,0.0,68.0,12.0,0.0,58.0,12.0,95.0,58.0,40.0,95.0,0.0,40.0,0.0,0.0,0.0,0.0,"Jan 19, 2017"
303,1206012.0,12948.0,Erbil,Shaqlawa,Sarmidan-1(Ashti),سرميدان 1(اشتي),36.4129364,44.3029432985,155.0,930.0,108.0,0.0,5.0,0.0,0.0,17.0,0.0,0.0,0.0,0.0,0.0,0.0,15.0,0.0,10.0,0.0,0.0,0.0,0.0,0.0,0.0,0.0,0.0,0.0,0.0,0.0,155.0,0.0,0.0,155.0,0.0,0.0,0.0,0.0,0.0,0.0,0.0,0.0,60.0,0.0,0.0,60.0,13.0,0.0,22.0,13.0,50.0,22.0,10.0,50.0,0.0,10.0,0.0,0.0,0.0,0.0,"Jan 19, 2017"
304,1206013.0,23783.0,Erbil,Shaqlawa,Sarmidan-2(Azadi),سرميدان 2(ازادي),36.4103541,44.3165726,378.0,2268.0,323.0,0.0,16.0,0.0,0.0,8.0,0.0,0.0,0.0,0.0,0.0,0.0,21.0,0.0,10.0,0.0,0.0,0.0,0.0,0.0,0.0,0.0,0.0,0.0,0.0,0.0,378.0,0.0,0.0,378.0,0.0,0.0,0.0,0.0,0.0,0.0,0.0,0.0,120.0,0.0,0.0,120.0,10.0,0.0,45.0,10.0,118.0,45.0,85.0,118.0,0.0,85.0,0.0,0.0,0.0,0.0,"Jan 19, 2017"
305,1206014.0,23784.0,Erbil,Shaqlawa,Sarmidan-3(Ashti),سر ميدان 3(اشتي),36.4121108,44.3102413473,235.0,1410.0,210.0,0.0,5.0,0.0,0.0,5.0,0.0,0.0,0.0,0.0,0.0,0.0,10.0,0.0,5.0,0.0,0.0,0.0,0.0,0.0,0.0,0.0,0.0,0.0,0.0,0.0,235.0,0.0,0.0,235.0,0.0,0.0,0.0,0.0,0.0,0.0,0.0,0.0,75.0,0.0,0.0,75.0,5.0,0.0,20.0,5.0,105.0,20.0,30.0,105.0,0.0,30.0,0.0,0.0,0.0,0.0,"Jan 19, 2017"
306,1206015.0,23742.0,Erbil,Shaqlawa,Shahedan,شهيدان,36.4075659,44.3186095,504.0,3024.0,454.0,0.0,5.0,0.0,0.0,7.0,0.0,0.0,0.0,0.0,0.0,0.0,22.0,0.0,16.0,0.0,0.0,0.0,0.0,0.0,80.0,0.0,0.0,0.0,0.0,0.0,424.0,0.0,0.0,424.0,0.0,0.0,0.0,0.0,0.0,0.0,0.0,0.0,207.0,0.0,0.0,207.0,16.0,0.0,34.0,16.0,172.0,34.0,75.0,172.0,0.0,75.0,0.0,0.0,0.0,0.0,"Jan 19, 2017"
307,1206016.0,24910.0,Erbil,Shaqlawa,Rizgari,رزكاري,36.5082511,44.3447619,65.0,390.0,65.0,0.0,0.0,0.0,0.0,0.0,0.0,0.0,0.0,0.0,0.0,0.0,0.0,0.0,0.0,0.0,0.0,0.0,0.0,0.0,0.0,0.0,0.0,0.0,0.0,0.0,65.0,0.0,0.0,65.0,0.0,0.0,0.0,0.0,0.0,0.0,0.0,0.0,0.0,0.0,0.0,0.0,65.0,0.0,0.0,65.0,0.0,0.0,0.0,0.0,0.0,0.0,0.0,0.0,0.0,0.0,"Jan 19, 2017"
308,1206017.0,12957.0,Erbil,Shaqlawa,Spigra,سبيكارا,36.3829007,44.3770004,219.0,1314.0,191.0,0.0,5.0,0.0,0.0,5.0,0.0,0.0,0.0,0.0,0.0,0.0,8.0,0.0,10.0,0.0,0.0,0.0,0.0,0.0,0.0,0.0,0.0,0.0,0.0,0.0,219.0,0.0,0.0,219.0,0.0,0.0,0.0,0.0,0.0,0.0,0.0,0.0,55.0,0.0,0.0,55.0,10.0,0.0,7.0,10.0,121.0,7.0,26.0,121.0,0.0,26.0,0.0,0.0,0.0,0.0,"Jan 19, 2017"
309,1206019.0,27141.0,Erbil,Shaqlawa,Gulan,كولان ,36.4979068,44.358839,80.0,480.0,69.0,0.0,0.0,0.0,0.0,0.0,0.0,0.0,0.0,0.0,0.0,0.0,8.0,0.0,3.0,0.0,0.0,0.0,0.0,0.0,0.0,0.0,0.0,0.0,0.0,0.0,80.0,0.0,0.0,80.0,0.0,0.0,0.0,0.0,0.0,0.0,0.0,0.0,0.0,0.0,0.0,0.0,75.0,0.0,0.0,75.0,0.0,0.0,5.0,0.0,0.0,5.0,0.0,0.0,0.0,0.0,"Jan 19, 2017"
310,1206020.0,27143.0,Erbil,Shaqlawa,Khabat,خبات ,36.5052123,44.3468165,57.0,342.0,57.0,0.0,0.0,0.0,0.0,0.0,0.0,0.0,0.0,0.0,0.0,0.0,0.0,0.0,0.0,0.0,0.0,0.0,0.0,0.0,0.0,0.0,0.0,0.0,0.0,0.0,57.0,0.0,0.0,57.0,0.0,0.0,0.0,0.0,0.0,0.0,0.0,0.0,0.0,0.0,0.0,0.0,57.0,0.0,0.0,57.0,0.0,0.0,0.0,0.0,0.0,0.0,0.0,0.0,0.0,0.0,"Jan 19, 2017"
311,1206021.0,27142.0,Erbil,Shaqlawa,Kurdistan,كوردستان,36.4972053,44.3547215,26.0,156.0,26.0,0.0,0.0,0.0,0.0,0.0,0.0,0.0,0.0,0.0,0.0,0.0,0.0,0.0,0.0,0.0,0.0,0.0,0.0,0.0,0.0,0.0,0.0,0.0,0.0,0.0,26.0,0.0,0.0,26.0,0.0,0.0,0.0,0.0,0.0,0.0,0.0,0.0,0.0,0.0,0.0,0.0,26.0,0.0,0.0,26.0,0.0,0.0,0.0,0.0,0.0,0.0,0.0,0.0,0.0,0.0,"Jan 19, 2017"
312,1206022.0,27144.0,Erbil,Shaqlawa,Shorsh,شورش,36.5070266,44.3460042495,47.0,282.0,47.0,0.0,0.0,0.0,0.0,0.0,0.0,0.0,0.0,0.0,0.0,0.0,0.0,0.0,0.0,0.0,0.0,0.0,0.0,0.0,0.0,0.0,0.0,0.0,0.0,0.0,47.0,0.0,0.0,47.0,0.0,0.0,0.0,0.0,0.0,0.0,0.0,0.0,0.0,0.0,0.0,0.0,47.0,0.0,0.0,47.0,0.0,0.0,0.0,0.0,0.0,0.0,0.0,0.0,0.0,0.0,"Jan 19, 2017"
313,1207001.0,24577.0,Erbil,Soran,Diana,ديانا,36.66196054,44.54458647,30.0,180.0,0.0,0.0,0.0,0.0,0.0,0.0,0.0,0.0,0.0,0.0,0.0,0.0,30.0,0.0,0.0,0.0,0.0,0.0,0.0,0.0,0.0,30.0,0.0,0.0,30.0,0.0,0.0,0.0,0.0,0.0,0.0,0.0,0.0,0.0,0.0,0.0,0.0,0.0,0.0,0.0,25.0,0.0,0.0,25.0,0.0,0.0,0.0,0.0,5.0,0.0,0.0,5.0,0.0,0.0,0.0,0.0,"Jan 19, 2017"
314,1207002.0,12277.0,Erbil,Soran,Khalifan(center),مركز(خليفان),36.6098454,44.4056227,160.0,960.0,115.0,0.0,20.0,0.0,0.0,0.0,0.0,0.0,0.0,0.0,0.0,0.0,25.0,0.0,0.0,0.0,0.0,0.0,0.0,0.0,0.0,0.0,0.0,0.0,0.0,0.0,160.0,0.0,0.0,160.0,0.0,0.0,0.0,0.0,0.0,0.0,0.0,0.0,28.0,0.0,25.0,28.0,12.0,25.0,0.0,12.0,53.0,0.0,42.0,53.0,0.0,42.0,0.0,0.0,0.0,0.0,"Jan 19, 2017"
315,1207003.0,12597.0,Erbil,Soran,Rawanduz District,مركز راوندوز,36.61405134,44.5269909,274.0,1644.0,106.0,0.0,0.0,0.0,0.0,0.0,0.0,0.0,0.0,0.0,0.0,0.0,74.0,0.0,94.0,0.0,0.0,0.0,0.0,0.0,0.0,0.0,0.0,0.0,0.0,0.0,274.0,0.0,0.0,274.0,0.0,0.0,0.0,0.0,0.0,0.0,0.0,0.0,28.0,0.0,94.0,28.0,74.0,94.0,0.0,74.0,78.0,0.0,0.0,78.0,0.0,0.0,0.0,0.0,0.0,0.0,"Jan 19, 2017"
316,1207004.0,13141.0,Erbil,Soran,Soran District,مركز قضاء سوران,36.6552912,44.5406644,780.0,4680.0,623.0,0.0,0.0,0.0,0.0,0.0,0.0,0.0,0.0,0.0,0.0,0.0,23.0,0.0,134.0,0.0,0.0,0.0,0.0,0.0,0.0,0.0,0.0,0.0,0.0,0.0,780.0,0.0,0.0,780.0,0.0,0.0,0.0,0.0,0.0,0.0,0.0,0.0,390.0,0.0,23.0,390.0,134.0,23.0,0.0,134.0,135.0,0.0,98.0,135.0,0.0,98.0,0.0,0.0,0.0,0.0,"Jan 19, 2017"
317,1207006.0,27218.0,Erbil,Soran,Diana(Shahedan azady),ديانا(شهيدان ازادي),36.6681161,44.5370106,110.0,660.0,50.0,0.0,0.0,0.0,0.0,0.0,0.0,0.0,0.0,0.0,0.0,0.0,60.0,0.0,0.0,0.0,0.0,0.0,0.0,0.0,0.0,0.0,0.0,0.0,0.0,0.0,110.0,0.0,0.0,110.0,0.0,0.0,0.0,0.0,0.0,0.0,0.0,0.0,35.0,0.0,60.0,35.0,0.0,60.0,0.0,0.0,15.0,0.0,0.0,15.0,0.0,0.0,0.0,0.0,0.0,0.0,"Jan 19, 2017"
318,1207008.0,27198.0,Erbil,Soran,Hay mameel al qeer,حي معمل القير,36.5919395,44.3860076,55.0,330.0,36.0,0.0,15.0,0.0,0.0,0.0,0.0,0.0,0.0,0.0,0.0,0.0,4.0,0.0,0.0,0.0,0.0,0.0,0.0,0.0,0.0,0.0,0.0,0.0,0.0,0.0,55.0,0.0,0.0,55.0,0.0,0.0,0.0,0.0,0.0,0.0,0.0,0.0,15.0,0.0,4.0,15.0,0.0,4.0,0.0,0.0,26.0,0.0,10.0,26.0,0.0,10.0,0.0,0.0,0.0,0.0,"Jan 19, 2017"
319,1207009.0,27199.0,Erbil,Soran,kawrarash,كوررش,36.6093691,44.4027153,45.0,270.0,23.0,0.0,15.0,0.0,0.0,0.0,0.0,0.0,0.0,0.0,0.0,0.0,7.0,0.0,0.0,0.0,0.0,0.0,0.0,0.0,0.0,0.0,0.0,0.0,0.0,0.0,45.0,0.0,0.0,45.0,0.0,0.0,0.0,0.0,0.0,0.0,0.0,0.0,0.0,0.0,7.0,0.0,0.0,7.0,0.0,0.0,23.0,0.0,15.0,23.0,0.0,15.0,0.0,0.0,0.0,0.0,"Jan 19, 2017"
320,1207010.0,27202.0,Erbil,Soran,Soran(Hay al matar),سوران(حي المطار),36.6605379,44.5424547,90.0,540.0,46.0,0.0,0.0,0.0,0.0,0.0,0.0,0.0,0.0,0.0,0.0,0.0,0.0,0.0,44.0,0.0,0.0,0.0,0.0,0.0,0.0,0.0,0.0,0.0,0.0,0.0,90.0,0.0,0.0,90.0,0.0,0.0,0.0,0.0,0.0,0.0,0.0,0.0,46.0,0.0,44.0,46.0,0.0,44.0,0.0,0.0,0.0,0.0,0.0,0.0,0.0,0.0,0.0,0.0,0.0,0.0,"Jan 19, 2017"
321,1207011.0,27203.0,Erbil,Soran,Soran(26 Gulan),سوران(26 كولان),36.6607039,44.5440348,75.0,450.0,34.0,0.0,0.0,0.0,0.0,0.0,0.0,0.0,0.0,0.0,0.0,0.0,0.0,0.0,41.0,0.0,0.0,0.0,0.0,0.0,0.0,0.0,0.0,0.0,0.0,0.0,75.0,0.0,0.0,75.0,0.0,0.0,0.0,0.0,0.0,0.0,0.0,0.0,34.0,0.0,41.0,34.0,0.0,41.0,0.0,0.0,0.0,0.0,0.0,0.0,0.0,0.0,0.0,0.0,0.0,0.0,"Jan 19, 2017"
322,1207012.0,27204.0,Erbil,Soran,Soran(hay al etfaa),سوران(حي الاطفاء),36.6464852,44.5424953,92.0,552.0,44.0,0.0,0.0,0.0,0.0,0.0,0.0,0.0,0.0,0.0,0.0,0.0,0.0,0.0,48.0,0.0,0.0,0.0,0.0,0.0,0.0,0.0,0.0,0.0,0.0,0.0,92.0,0.0,0.0,92.0,0.0,0.0,0.0,0.0,0.0,0.0,0.0,0.0,0.0,0.0,48.0,0.0,0.0,48.0,0.0,0.0,44.0,0.0,0.0,44.0,0.0,0.0,0.0,0.0,0.0,0.0,"Jan 19, 2017"
323,1207013.0,12325.0,Erbil,Soran,Bekhal,بيخال,36.61295297,44.4966043,16.0,96.0,16.0,0.0,0.0,0.0,0.0,0.0,0.0,0.0,0.0,0.0,0.0,0.0,0.0,0.0,0.0,0.0,0.0,0.0,0.0,0.0,0.0,0.0,0.0,0.0,0.0,0.0,16.0,0.0,0.0,16.0,0.0,0.0,0.0,0.0,0.0,0.0,0.0,0.0,0.0,0.0,0.0,0.0,0.0,0.0,0.0,0.0,16.0,0.0,0.0,16.0,0.0,0.0,0.0,0.0,0.0,0.0,"Jan 19, 2017"
324,1207014.0,12467.0,Erbil,Soran,Bana ziwak,بانه زيوك,36.5984,44.506,51.0,306.0,0.0,0.0,0.0,0.0,0.0,0.0,0.0,0.0,0.0,0.0,0.0,0.0,51.0,0.0,0.0,0.0,0.0,0.0,51.0,0.0,0.0,0.0,0.0,0.0,0.0,0.0,0.0,0.0,0.0,0.0,0.0,0.0,0.0,0.0,0.0,0.0,0.0,0.0,0.0,0.0,0.0,0.0,51.0,0.0,0.0,51.0,0.0,0.0,0.0,0.0,0.0,0.0,0.0,0.0,0.0,0.0,"Jan 19, 2017"
325,1207015.0,27200.0,Erbil,Soran,Hamya,حاميه,36.6221652,44.5447272,29.0,174.0,0.0,0.0,0.0,0.0,0.0,0.0,0.0,0.0,0.0,0.0,0.0,0.0,29.0,0.0,0.0,0.0,0.0,0.0,29.0,0.0,0.0,0.0,0.0,0.0,0.0,0.0,0.0,0.0,0.0,0.0,0.0,0.0,0.0,0.0,0.0,0.0,0.0,0.0,0.0,0.0,0.0,0.0,29.0,0.0,0.0,29.0,0.0,0.0,0.0,0.0,0.0,0.0,0.0,0.0,0.0,0.0,"Jan 19, 2017"
326,1207016.0,27201.0,Erbil,Soran,Ako,اكو,36.5777136,44.5448613,14.0,84.0,0.0,0.0,0.0,0.0,0.0,0.0,0.0,0.0,0.0,0.0,0.0,0.0,14.0,0.0,0.0,0.0,0.0,0.0,14.0,0.0,0.0,0.0,0.0,0.0,0.0,0.0,0.0,0.0,0.0,0.0,0.0,0.0,0.0,0.0,0.0,0.0,0.0,0.0,0.0,0.0,0.0,0.0,14.0,0.0,0.0,14.0,0.0,0.0,0.0,0.0,0.0,0.0,0.0,0.0,0.0,0.0,"Jan 19, 2017"
327,1301001.0,4658.0,Sulaymaniyah,Chamchamal,Aghjalar,أغجلر,35.7489415,44.8990216,71.0,426.0,22.0,5.0,7.0,0.0,0.0,2.0,0.0,0.0,0.0,0.0,0.0,0.0,30.0,0.0,5.0,0.0,0.0,0.0,0.0,0.0,0.0,0.0,0.0,0.0,0.0,0.0,71.0,0.0,0.0,71.0,0.0,0.0,0.0,0.0,0.0,0.0,0.0,0.0,8.0,0.0,8.0,8.0,33.0,8.0,7.0,33.0,14.0,7.0,1.0,14.0,0.0,1.0,0.0,0.0,0.0,0.0,"Jan 19, 2017"
328,1301003.0,24688.0,Sulaymaniyah,Chamchamal,Asuda,اسودة,35.5269308038,44.8137438,401.0,2406.0,315.0,41.0,14.0,0.0,0.0,2.0,0.0,0.0,0.0,0.0,0.0,0.0,14.0,0.0,15.0,0.0,0.0,0.0,0.0,0.0,0.0,0.0,0.0,0.0,0.0,0.0,321.0,0.0,0.0,321.0,0.0,0.0,0.0,0.0,80.0,0.0,0.0,80.0,68.0,0.0,97.0,68.0,47.0,97.0,60.0,47.0,121.0,60.0,0.0,121.0,8.0,0.0,0.0,8.0,0.0,0.0,"Jan 19, 2017"
329,1301004.0,6024.0,Sulaymaniyah,Chamchamal,Azady,ازادى,35.529988673,44.840731,157.0,942.0,132.0,4.0,15.0,0.0,0.0,3.0,0.0,0.0,0.0,0.0,0.0,0.0,0.0,0.0,3.0,0.0,0.0,0.0,0.0,0.0,0.0,0.0,0.0,0.0,0.0,0.0,157.0,0.0,0.0,157.0,0.0,0.0,0.0,0.0,0.0,0.0,0.0,0.0,53.0,0.0,27.0,53.0,19.0,27.0,25.0,19.0,25.0,25.0,8.0,25.0,0.0,8.0,0.0,0.0,0.0,0.0,"Jan 19, 2017"
330,1301005.0,22080.0,Sulaymaniyah,Chamchamal,Bekas,بيكس,35.5377776842,44.8318011,85.0,510.0,63.0,0.0,8.0,0.0,0.0,4.0,0.0,0.0,0.0,0.0,0.0,0.0,9.0,0.0,1.0,0.0,0.0,0.0,0.0,0.0,0.0,0.0,0.0,0.0,0.0,0.0,85.0,0.0,0.0,85.0,0.0,0.0,0.0,0.0,0.0,0.0,0.0,0.0,14.0,0.0,10.0,14.0,9.0,10.0,23.0,9.0,23.0,23.0,4.0,23.0,2.0,4.0,0.0,2.0,0.0,0.0,"Jan 19, 2017"
331,1301006.0,24894.0,Sulaymaniyah,Chamchamal,Chamchamal-Raparin,جمجمال-رابرين,35.5236050223,44.822298,102.0,612.0,91.0,5.0,6.0,0.0,0.0,0.0,0.0,0.0,0.0,0.0,0.0,0.0,0.0,0.0,0.0,0.0,0.0,0.0,0.0,0.0,0.0,0.0,0.0,0.0,0.0,0.0,102.0,0.0,0.0,102.0,0.0,0.0,0.0,0.0,0.0,0.0,0.0,0.0,26.0,0.0,21.0,26.0,10.0,21.0,23.0,10.0,18.0,23.0,4.0,18.0,0.0,4.0,0.0,0.0,0.0,0.0,"Jan 19, 2017"
332,1301007.0,6159.0,Sulaymaniyah,Chamchamal,Chamchamal-Rizgari,جمجمال-رزكاري,35.5398264531,44.8236395,63.0,378.0,58.0,3.0,2.0,0.0,0.0,0.0,0.0,0.0,0.0,0.0,0.0,0.0,0.0,0.0,0.0,0.0,0.0,0.0,0.0,0.0,0.0,0.0,0.0,0.0,0.0,0.0,63.0,0.0,0.0,63.0,0.0,0.0,0.0,0.0,0.0,0.0,0.0,0.0,22.0,0.0,12.0,22.0,8.0,12.0,9.0,8.0,12.0,9.0,0.0,12.0,0.0,0.0,0.0,0.0,0.0,0.0,"Jan 19, 2017"
333,1301008.0,25572.0,Sulaymaniyah,Chamchamal,Farqanikan,فرقانيكان,35.5094991,44.8317222,22.0,132.0,22.0,0.0,0.0,0.0,0.0,0.0,0.0,0.0,0.0,0.0,0.0,0.0,0.0,0.0,0.0,0.0,0.0,0.0,0.0,0.0,0.0,0.0,0.0,0.0,0.0,0.0,22.0,0.0,0.0,22.0,0.0,0.0,0.0,0.0,0.0,0.0,0.0,0.0,16.0,0.0,3.0,16.0,0.0,3.0,3.0,0.0,0.0,3.0,0.0,0.0,0.0,0.0,0.0,0.0,0.0,0.0,"Jan 19, 2017"
334,1301009.0,5853.0,Sulaymaniyah,Chamchamal,Gurgai Fattah,كوركى فتاح,35.5682449253,44.8650224618,36.0,216.0,0.0,0.0,0.0,0.0,0.0,0.0,0.0,0.0,0.0,0.0,0.0,0.0,36.0,0.0,0.0,0.0,0.0,0.0,0.0,0.0,0.0,36.0,0.0,0.0,36.0,0.0,0.0,0.0,0.0,0.0,0.0,0.0,0.0,0.0,0.0,0.0,0.0,0.0,0.0,0.0,0.0,0.0,36.0,0.0,0.0,36.0,0.0,0.0,0.0,0.0,0.0,0.0,0.0,0.0,0.0,0.0,"Jan 19, 2017"
335,1301010.0,23669.0,Sulaymaniyah,Chamchamal,Handreen,هندرين,35.6268737,44.9651462,107.0,642.0,47.0,0.0,0.0,0.0,0.0,2.0,0.0,0.0,0.0,0.0,0.0,0.0,30.0,0.0,28.0,0.0,0.0,0.0,0.0,0.0,0.0,0.0,0.0,0.0,0.0,0.0,107.0,0.0,0.0,107.0,0.0,0.0,0.0,0.0,0.0,0.0,0.0,0.0,8.0,0.0,14.0,8.0,42.0,14.0,35.0,42.0,8.0,35.0,0.0,8.0,0.0,0.0,0.0,0.0,0.0,0.0,"Jan 19, 2017"
336,1301011.0,24686.0,Sulaymaniyah,Chamchamal,Harim,هريم,35.6315678,44.9631512,17.0,102.0,10.0,0.0,0.0,0.0,0.0,2.0,0.0,0.0,0.0,0.0,0.0,0.0,3.0,0.0,2.0,0.0,0.0,0.0,0.0,0.0,0.0,0.0,0.0,0.0,0.0,0.0,17.0,0.0,0.0,17.0,0.0,0.0,0.0,0.0,0.0,0.0,0.0,0.0,7.0,0.0,0.0,7.0,5.0,0.0,2.0,5.0,3.0,2.0,0.0,3.0,0.0,0.0,0.0,0.0,0.0,0.0,"Jan 19, 2017"
337,1301012.0,24216.0,Sulaymaniyah,Chamchamal,Jarmo City,جرمو ستى,35.5212222,44.8357638,90.0,540.0,82.0,0.0,0.0,0.0,0.0,0.0,0.0,0.0,0.0,0.0,0.0,0.0,8.0,0.0,0.0,0.0,0.0,0.0,0.0,0.0,0.0,0.0,0.0,0.0,0.0,0.0,90.0,0.0,0.0,90.0,0.0,0.0,0.0,0.0,0.0,0.0,0.0,0.0,18.0,0.0,53.0,18.0,12.0,53.0,2.0,12.0,2.0,2.0,3.0,2.0,0.0,3.0,0.0,0.0,0.0,0.0,"Jan 19, 2017"
338,1301014.0,20815.0,Sulaymaniyah,Chamchamal,MOFARIAKAN,موفريكان,35.5058412,44.8279305,22.0,132.0,17.0,0.0,5.0,0.0,0.0,0.0,0.0,0.0,0.0,0.0,0.0,0.0,0.0,0.0,0.0,0.0,0.0,0.0,0.0,0.0,0.0,0.0,0.0,0.0,0.0,0.0,22.0,0.0,0.0,22.0,0.0,0.0,0.0,0.0,0.0,0.0,0.0,0.0,13.0,0.0,6.0,13.0,0.0,6.0,3.0,0.0,0.0,3.0,0.0,0.0,0.0,0.0,0.0,0.0,0.0,0.0,"Jan 19, 2017"
339,1301016.0,4933.0,Sulaymaniyah,Chamchamal,Piryadi,بيريادى,35.5130974,44.8489363,129.0,774.0,85.0,5.0,15.0,0.0,0.0,4.0,0.0,0.0,0.0,0.0,0.0,0.0,15.0,0.0,5.0,0.0,0.0,0.0,0.0,0.0,0.0,0.0,0.0,0.0,0.0,0.0,129.0,0.0,0.0,129.0,0.0,0.0,0.0,0.0,0.0,0.0,0.0,0.0,55.0,0.0,50.0,55.0,9.0,50.0,13.0,9.0,2.0,13.0,0.0,2.0,0.0,0.0,0.0,0.0,0.0,0.0,"Jan 19, 2017"
340,1301017.0,24888.0,Sulaymaniyah,Chamchamal,Pura Gulla,بوره كوله,35.5413762871,44.8351707,48.0,288.0,30.0,7.0,2.0,0.0,0.0,0.0,0.0,0.0,0.0,0.0,0.0,0.0,0.0,0.0,9.0,0.0,0.0,0.0,0.0,0.0,0.0,0.0,0.0,0.0,0.0,0.0,48.0,0.0,0.0,48.0,0.0,0.0,0.0,0.0,0.0,0.0,0.0,0.0,11.0,0.0,15.0,11.0,0.0,15.0,12.0,0.0,10.0,12.0,0.0,10.0,0.0,0.0,0.0,0.0,0.0,0.0,"Jan 19, 2017"
341,1301018.0,21717.0,Sulaymaniyah,Chamchamal,Qadir Kir Mikan,قادركرميكان,35.5037607,44.8523393,124.0,744.0,96.0,0.0,14.0,0.0,0.0,2.0,0.0,0.0,0.0,0.0,0.0,0.0,7.0,0.0,5.0,0.0,0.0,0.0,0.0,0.0,0.0,0.0,0.0,0.0,0.0,0.0,124.0,0.0,0.0,124.0,0.0,0.0,0.0,0.0,0.0,0.0,0.0,0.0,54.0,0.0,65.0,54.0,4.0,65.0,1.0,4.0,0.0,1.0,0.0,0.0,0.0,0.0,0.0,0.0,0.0,0.0,"Jan 19, 2017"
342,1301019.0,24250.0,Sulaymaniyah,Chamchamal,Qarahanjiriakan,قرهنجيريكان,35.5032536,44.8426528,66.0,396.0,50.0,2.0,12.0,0.0,0.0,0.0,0.0,0.0,0.0,0.0,0.0,0.0,0.0,0.0,2.0,0.0,0.0,0.0,0.0,0.0,0.0,0.0,0.0,0.0,0.0,0.0,66.0,0.0,0.0,66.0,0.0,0.0,0.0,0.0,0.0,0.0,0.0,0.0,30.0,0.0,10.0,30.0,11.0,10.0,6.0,11.0,9.0,6.0,0.0,9.0,0.0,0.0,0.0,0.0,0.0,0.0,"Jan 19, 2017"
343,1301020.0,5182.0,Sulaymaniyah,Chamchamal,Sangaw,سنكاو,35.2854326,45.1788984,64.0,384.0,8.0,3.0,7.0,0.0,0.0,16.0,0.0,0.0,0.0,0.0,0.0,0.0,19.0,0.0,11.0,0.0,0.0,0.0,0.0,0.0,0.0,0.0,0.0,0.0,0.0,0.0,64.0,0.0,0.0,64.0,0.0,0.0,0.0,0.0,0.0,0.0,0.0,0.0,11.0,0.0,18.0,11.0,13.0,18.0,8.0,13.0,0.0,8.0,14.0,0.0,0.0,14.0,0.0,0.0,0.0,0.0,"Jan 19, 2017"
344,1301021.0,20813.0,Sulaymaniyah,Chamchamal,SANGAWIAKAN,سنكاويكان,35.51058,44.8367107,55.0,330.0,49.0,0.0,2.0,0.0,0.0,0.0,0.0,0.0,0.0,0.0,0.0,0.0,2.0,0.0,2.0,0.0,0.0,0.0,0.0,0.0,0.0,0.0,0.0,0.0,0.0,0.0,55.0,0.0,0.0,55.0,0.0,0.0,0.0,0.0,0.0,0.0,0.0,0.0,30.0,0.0,10.0,30.0,11.0,10.0,0.0,11.0,2.0,0.0,2.0,2.0,0.0,2.0,0.0,0.0,0.0,0.0,"Jan 19, 2017"
345,1301022.0,25573.0,Sulaymaniyah,Chamchamal,Shekhanikan,شيخانيكان,35.5140566,44.838405,31.0,186.0,28.0,0.0,0.0,0.0,0.0,0.0,0.0,0.0,0.0,0.0,0.0,0.0,0.0,0.0,3.0,0.0,0.0,0.0,0.0,0.0,0.0,0.0,0.0,0.0,0.0,0.0,31.0,0.0,0.0,31.0,0.0,0.0,0.0,0.0,0.0,0.0,0.0,0.0,17.0,0.0,6.0,17.0,0.0,6.0,4.0,0.0,2.0,4.0,2.0,2.0,0.0,2.0,0.0,0.0,0.0,0.0,"Jan 19, 2017"
346,1301023.0,24811.0,Sulaymaniyah,Chamchamal,Takya-Ashty,تكية-اشتى,35.6239196,44.9649222,29.0,174.0,10.0,0.0,0.0,0.0,0.0,2.0,0.0,0.0,0.0,0.0,0.0,0.0,12.0,0.0,5.0,0.0,0.0,0.0,0.0,0.0,0.0,0.0,0.0,0.0,0.0,0.0,29.0,0.0,0.0,29.0,0.0,0.0,0.0,0.0,0.0,0.0,0.0,0.0,2.0,0.0,8.0,2.0,19.0,8.0,0.0,19.0,0.0,0.0,0.0,0.0,0.0,0.0,0.0,0.0,0.0,0.0,"Jan 19, 2017"
347,1301024.0,24813.0,Sulaymaniyah,Chamchamal,Takya-Azadi,تكية-ازادى,35.6238672,44.9548877,15.0,90.0,2.0,0.0,4.0,0.0,0.0,1.0,0.0,0.0,0.0,0.0,0.0,0.0,2.0,0.0,6.0,0.0,0.0,0.0,0.0,0.0,0.0,0.0,0.0,0.0,0.0,0.0,15.0,0.0,0.0,15.0,0.0,0.0,0.0,0.0,0.0,0.0,0.0,0.0,0.0,0.0,7.0,0.0,8.0,7.0,0.0,8.0,0.0,0.0,0.0,0.0,0.0,0.0,0.0,0.0,0.0,0.0,"Jan 19, 2017"
348,1301025.0,24810.0,Sulaymaniyah,Chamchamal,Takya-Rizgari,تكية-رزكاري,35.6203928,44.9562706,49.0,294.0,14.0,0.0,0.0,0.0,0.0,0.0,0.0,0.0,0.0,0.0,0.0,0.0,17.0,0.0,18.0,0.0,0.0,0.0,0.0,0.0,0.0,0.0,0.0,0.0,0.0,0.0,49.0,0.0,0.0,49.0,0.0,0.0,0.0,0.0,0.0,0.0,0.0,0.0,2.0,0.0,7.0,2.0,25.0,7.0,15.0,25.0,0.0,15.0,0.0,0.0,0.0,0.0,0.0,0.0,0.0,0.0,"Jan 19, 2017"
349,1301026.0,24812.0,Sulaymaniyah,Chamchamal,Takya-Sharawny,تكية-شاروانى,35.6283123,44.958396,11.0,66.0,5.0,0.0,1.0,0.0,0.0,0.0,0.0,0.0,0.0,0.0,0.0,0.0,2.0,0.0,3.0,0.0,0.0,0.0,0.0,0.0,0.0,0.0,0.0,0.0,0.0,0.0,11.0,0.0,0.0,11.0,0.0,0.0,0.0,0.0,0.0,0.0,0.0,0.0,0.0,0.0,3.0,0.0,2.0,3.0,6.0,2.0,0.0,6.0,0.0,0.0,0.0,0.0,0.0,0.0,0.0,0.0,"Jan 19, 2017"
350,1302001.0,24253.0,Sulaymaniyah,Darbandikhan,Campe khwarw,كمبى خوارو,35.0974312,45.6949014,52.0,312.0,20.0,0.0,2.0,0.0,0.0,27.0,0.0,0.0,0.0,0.0,0.0,0.0,0.0,0.0,3.0,0.0,0.0,0.0,0.0,0.0,0.0,0.0,0.0,0.0,0.0,0.0,52.0,0.0,0.0,52.0,0.0,0.0,0.0,0.0,0.0,0.0,0.0,0.0,0.0,0.0,25.0,0.0,3.0,25.0,15.0,3.0,8.0,15.0,1.0,8.0,0.0,1.0,0.0,0.0,0.0,0.0,"Jan 19, 2017"
351,1302002.0,6301.0,Sulaymaniyah,Darbandikhan,Hawara barza,هواربرزة,35.1241329,45.6826464,81.0,486.0,53.0,0.0,0.0,0.0,0.0,16.0,0.0,0.0,0.0,0.0,0.0,0.0,2.0,0.0,10.0,0.0,0.0,0.0,0.0,0.0,0.0,0.0,0.0,0.0,0.0,0.0,81.0,0.0,0.0,81.0,0.0,0.0,0.0,0.0,0.0,0.0,0.0,0.0,10.0,0.0,17.0,10.0,18.0,17.0,12.0,18.0,16.0,12.0,8.0,16.0,0.0,8.0,0.0,0.0,0.0,0.0,"Jan 19, 2017"
352,1302003.0,24252.0,Sulaymaniyah,Darbandikhan,Kanisard,كانى سارد,35.1172587,45.667113,109.0,654.0,39.0,4.0,0.0,0.0,0.0,38.0,0.0,0.0,0.0,0.0,0.0,0.0,0.0,0.0,28.0,0.0,0.0,0.0,0.0,0.0,0.0,0.0,0.0,0.0,0.0,0.0,109.0,0.0,0.0,109.0,0.0,0.0,0.0,0.0,0.0,0.0,0.0,0.0,6.0,0.0,32.0,6.0,25.0,32.0,25.0,25.0,16.0,25.0,5.0,16.0,0.0,5.0,0.0,0.0,0.0,0.0,"Jan 19, 2017"
353,1302004.0,24251.0,Sulaymaniyah,Darbandikhan,Kanito,كانى توو,35.1124805,45.6896322,73.0,438.0,7.0,0.0,4.0,0.0,0.0,58.0,0.0,0.0,0.0,0.0,0.0,0.0,0.0,0.0,4.0,0.0,0.0,0.0,0.0,0.0,0.0,0.0,0.0,0.0,0.0,0.0,73.0,0.0,0.0,73.0,0.0,0.0,0.0,0.0,0.0,0.0,0.0,0.0,2.0,0.0,24.0,2.0,0.0,24.0,32.0,0.0,10.0,32.0,5.0,10.0,0.0,5.0,0.0,0.0,0.0,0.0,"Jan 19, 2017"
354,1302005.0,24670.0,Sulaymaniyah,Darbandikhan,Sara,سرا,35.1079729,45.6886106,89.0,534.0,40.0,0.0,3.0,0.0,0.0,37.0,0.0,0.0,0.0,0.0,0.0,0.0,0.0,0.0,9.0,0.0,0.0,0.0,0.0,0.0,0.0,0.0,0.0,0.0,0.0,0.0,89.0,0.0,0.0,89.0,0.0,0.0,0.0,0.0,0.0,0.0,0.0,0.0,3.0,0.0,29.0,3.0,0.0,29.0,36.0,0.0,14.0,36.0,7.0,14.0,0.0,7.0,0.0,0.0,0.0,0.0,"Jan 19, 2017"
355,1302006.0,24687.0,Sulaymaniyah,Darbandikhan,Warmawa,وارماوا,35.3155118,45.6713881,39.0,234.0,17.0,0.0,0.0,0.0,0.0,12.0,0.0,0.0,0.0,0.0,0.0,0.0,0.0,0.0,10.0,0.0,0.0,0.0,0.0,0.0,0.0,0.0,0.0,0.0,0.0,0.0,35.0,0.0,0.0,35.0,0.0,0.0,0.0,0.0,4.0,0.0,0.0,4.0,4.0,0.0,0.0,4.0,0.0,0.0,23.0,0.0,9.0,23.0,3.0,9.0,0.0,3.0,0.0,0.0,0.0,0.0,"Jan 19, 2017"
356,1302007.0,29514.0,Sulaymaniyah,Darbandikhan,Shahidan,شهيدان,35.1141081,45.6775173,51.0,306.0,12.0,0.0,10.0,0.0,0.0,23.0,0.0,0.0,0.0,0.0,0.0,0.0,0.0,0.0,6.0,0.0,0.0,0.0,0.0,0.0,0.0,0.0,0.0,0.0,0.0,0.0,51.0,0.0,0.0,51.0,0.0,0.0,0.0,0.0,0.0,0.0,0.0,0.0,9.0,0.0,14.0,9.0,3.0,14.0,13.0,3.0,3.0,13.0,9.0,3.0,0.0,9.0,0.0,0.0,0.0,0.0,"Jan 19, 2017"
357,1302008.0,29515.0,Sulaymaniyah,Darbandikhan,Shoresh,شورش,35.1140736,45.6796988,50.0,300.0,21.0,4.0,3.0,0.0,0.0,18.0,0.0,0.0,0.0,0.0,0.0,0.0,0.0,0.0,4.0,0.0,0.0,0.0,0.0,0.0,0.0,0.0,0.0,0.0,0.0,0.0,50.0,0.0,0.0,50.0,0.0,0.0,0.0,0.0,0.0,0.0,0.0,0.0,7.0,0.0,20.0,7.0,9.0,20.0,4.0,9.0,5.0,4.0,5.0,5.0,0.0,5.0,0.0,0.0,0.0,0.0,"Jan 19, 2017"
358,1302009.0,29516.0,Sulaymaniyah,Darbandikhan,Sharwani,شارواني,35.1135457,45.6819658,58.0,348.0,28.0,6.0,8.0,0.0,0.0,12.0,0.0,0.0,0.0,0.0,0.0,0.0,0.0,0.0,4.0,0.0,0.0,0.0,0.0,0.0,0.0,0.0,0.0,0.0,0.0,0.0,58.0,0.0,0.0,58.0,0.0,0.0,0.0,0.0,0.0,0.0,0.0,0.0,2.0,0.0,23.0,2.0,7.0,23.0,17.0,7.0,5.0,17.0,4.0,5.0,0.0,4.0,0.0,0.0,0.0,0.0,"Jan 19, 2017"
359,1302010.0,29517.0,Sulaymaniyah,Darbandikhan,Khelan,خيلان,35.1101359,45.6839061,42.0,252.0,16.0,0.0,8.0,0.0,0.0,16.0,0.0,0.0,0.0,0.0,0.0,0.0,0.0,0.0,2.0,0.0,0.0,0.0,0.0,0.0,0.0,0.0,0.0,0.0,0.0,0.0,42.0,0.0,0.0,42.0,0.0,0.0,0.0,0.0,0.0,0.0,0.0,0.0,8.0,0.0,15.0,8.0,5.0,15.0,8.0,5.0,3.0,8.0,3.0,3.0,0.0,3.0,0.0,0.0,0.0,0.0,"Jan 19, 2017"
360,1303002.0,23924.0,Sulaymaniyah,Dokan,Banwan,بانوان,35.9328361,44.9642292,65.0,390.0,59.0,0.0,0.0,0.0,0.0,0.0,0.0,0.0,0.0,0.0,0.0,0.0,6.0,0.0,0.0,0.0,0.0,0.0,0.0,0.0,0.0,0.0,0.0,6.0,0.0,0.0,59.0,0.0,0.0,59.0,0.0,0.0,0.0,0.0,0.0,0.0,0.0,0.0,12.0,0.0,12.0,12.0,11.0,12.0,23.0,11.0,7.0,23.0,0.0,7.0,0.0,0.0,0.0,0.0,0.0,0.0,"Jan 19, 2017"
361,1303003.0,23721.0,Sulaymaniyah,Dokan,Chawa spy,جوسبى,35.9313984,44.9690877,170.0,1020.0,158.0,0.0,0.0,0.0,0.0,2.0,0.0,0.0,0.0,0.0,0.0,0.0,2.0,0.0,8.0,0.0,0.0,0.0,0.0,0.0,0.0,0.0,0.0,0.0,0.0,0.0,170.0,0.0,0.0,170.0,0.0,0.0,0.0,0.0,0.0,0.0,0.0,0.0,90.0,0.0,28.0,90.0,10.0,28.0,30.0,10.0,12.0,30.0,0.0,12.0,0.0,0.0,0.0,0.0,0.0,0.0,"Jan 19, 2017"
362,1303005.0,23162.0,Sulaymaniyah,Dokan,Dakani Suro,دكانى سرو,35.9435058,44.9691445,55.0,330.0,28.0,0.0,0.0,0.0,0.0,0.0,0.0,0.0,0.0,0.0,0.0,0.0,18.0,0.0,9.0,0.0,0.0,0.0,0.0,0.0,0.0,0.0,0.0,0.0,0.0,0.0,55.0,0.0,0.0,55.0,0.0,0.0,0.0,0.0,0.0,0.0,0.0,0.0,6.0,0.0,6.0,6.0,23.0,6.0,13.0,23.0,7.0,13.0,0.0,7.0,0.0,0.0,0.0,0.0,0.0,0.0,"Jan 19, 2017"
363,1303006.0,24553.0,Sulaymaniyah,Dokan,Farmanbaran,فرمانبران,35.9351554,44.9557487,58.0,348.0,44.0,0.0,0.0,0.0,0.0,2.0,0.0,0.0,0.0,0.0,0.0,0.0,9.0,0.0,3.0,0.0,0.0,0.0,0.0,0.0,0.0,0.0,0.0,0.0,0.0,0.0,58.0,0.0,0.0,58.0,0.0,0.0,0.0,0.0,0.0,0.0,0.0,0.0,10.0,0.0,3.0,10.0,13.0,3.0,27.0,13.0,5.0,27.0,0.0,5.0,0.0,0.0,0.0,0.0,0.0,0.0,"Jan 19, 2017"
364,1303007.0,5229.0,Sulaymaniyah,Dokan,Kani Khan,كاني خان,35.8641594,45.0411536,10.0,60.0,1.0,7.0,0.0,0.0,0.0,0.0,0.0,0.0,0.0,0.0,0.0,0.0,2.0,0.0,0.0,0.0,0.0,0.0,0.0,0.0,0.0,0.0,0.0,0.0,0.0,0.0,10.0,0.0,0.0,10.0,0.0,0.0,0.0,0.0,0.0,0.0,0.0,0.0,0.0,0.0,1.0,0.0,5.0,1.0,4.0,5.0,0.0,4.0,0.0,0.0,0.0,0.0,0.0,0.0,0.0,0.0,"Jan 19, 2017"
365,1303008.0,3643.0,Sulaymaniyah,Dokan,Khalakan,خلكان,36.0177322,44.8384426,65.0,390.0,17.0,4.0,20.0,0.0,0.0,0.0,0.0,0.0,0.0,0.0,0.0,0.0,22.0,0.0,2.0,0.0,0.0,0.0,0.0,0.0,0.0,0.0,0.0,0.0,0.0,0.0,57.0,0.0,0.0,57.0,0.0,0.0,0.0,0.0,8.0,0.0,0.0,8.0,9.0,0.0,21.0,9.0,23.0,21.0,5.0,23.0,7.0,5.0,0.0,7.0,0.0,0.0,0.0,0.0,0.0,0.0,"Jan 19, 2017"
366,1303009.0,3617.0,Sulaymaniyah,Dokan,Kotal,كوتال,35.8388028,45.0791819,23.0,138.0,8.0,11.0,0.0,0.0,0.0,0.0,0.0,0.0,0.0,0.0,0.0,0.0,0.0,0.0,4.0,0.0,0.0,0.0,0.0,0.0,0.0,0.0,0.0,8.0,0.0,0.0,11.0,0.0,0.0,11.0,0.0,0.0,4.0,0.0,0.0,4.0,0.0,0.0,7.0,0.0,9.0,7.0,4.0,9.0,3.0,4.0,0.0,3.0,0.0,0.0,0.0,0.0,0.0,0.0,0.0,0.0,"Jan 19, 2017"
367,1303010.0,4838.0,Sulaymaniyah,Dokan,Mughagh,مغاغ,35.7837692,45.1134806,6.0,36.0,0.0,0.0,0.0,0.0,0.0,0.0,0.0,0.0,0.0,0.0,0.0,0.0,6.0,0.0,0.0,0.0,0.0,0.0,0.0,0.0,0.0,0.0,0.0,0.0,0.0,0.0,0.0,0.0,0.0,0.0,0.0,0.0,6.0,0.0,0.0,6.0,0.0,0.0,0.0,0.0,0.0,0.0,6.0,0.0,0.0,6.0,0.0,0.0,0.0,0.0,0.0,0.0,0.0,0.0,0.0,0.0,"Jan 19, 2017"
368,1303011.0,23333.0,Sulaymaniyah,Dokan,Pishowa,بيشوا,35.7378464,45.1423851,34.0,204.0,17.0,6.0,2.0,0.0,0.0,6.0,0.0,0.0,0.0,0.0,0.0,0.0,3.0,0.0,0.0,0.0,0.0,0.0,0.0,0.0,0.0,0.0,0.0,0.0,0.0,0.0,34.0,0.0,0.0,34.0,0.0,0.0,0.0,0.0,0.0,0.0,0.0,0.0,6.0,0.0,6.0,6.0,5.0,6.0,13.0,5.0,4.0,13.0,0.0,4.0,0.0,0.0,0.0,0.0,0.0,0.0,"Jan 19, 2017"
369,1303012.0,3613.0,Sulaymaniyah,Dokan,Qamchugha,قمجوغة,35.9077476,44.9796553,191.0,1146.0,140.0,24.0,4.0,0.0,0.0,3.0,0.0,0.0,0.0,0.0,0.0,0.0,9.0,0.0,11.0,0.0,0.0,0.0,0.0,0.0,0.0,0.0,0.0,0.0,0.0,0.0,191.0,0.0,0.0,191.0,0.0,0.0,0.0,0.0,0.0,0.0,0.0,0.0,71.0,0.0,41.0,71.0,30.0,41.0,39.0,30.0,10.0,39.0,0.0,10.0,0.0,0.0,0.0,0.0,0.0,0.0,"Jan 19, 2017"
370,1303013.0,24213.0,Sulaymaniyah,Dokan,Sara,سارا,35.7270477,45.1524679,46.0,276.0,36.0,0.0,4.0,0.0,0.0,0.0,0.0,0.0,0.0,0.0,0.0,0.0,6.0,0.0,0.0,0.0,0.0,0.0,0.0,0.0,0.0,0.0,0.0,0.0,0.0,0.0,46.0,0.0,0.0,46.0,0.0,0.0,0.0,0.0,0.0,0.0,0.0,0.0,4.0,0.0,9.0,4.0,16.0,9.0,10.0,16.0,7.0,10.0,0.0,7.0,0.0,0.0,0.0,0.0,0.0,0.0,"Jan 19, 2017"
371,1303014.0,23923.0,Sulaymaniyah,Dokan,Sarcham,سرجم,35.9279122,44.9622742,99.0,594.0,89.0,0.0,2.0,0.0,0.0,2.0,0.0,0.0,0.0,0.0,0.0,0.0,6.0,0.0,0.0,0.0,0.0,0.0,0.0,0.0,0.0,0.0,0.0,0.0,0.0,0.0,95.0,0.0,0.0,95.0,0.0,0.0,4.0,0.0,0.0,4.0,0.0,0.0,54.0,0.0,4.0,54.0,6.0,4.0,20.0,6.0,15.0,20.0,0.0,15.0,0.0,0.0,0.0,0.0,0.0,0.0,"Jan 19, 2017"
372,1303015.0,6305.0,Sulaymaniyah,Dokan,Shaheedan,شهيدان,35.7314435,45.1374075,34.0,204.0,16.0,1.0,3.0,0.0,0.0,7.0,0.0,0.0,0.0,0.0,0.0,0.0,4.0,0.0,3.0,0.0,0.0,0.0,0.0,0.0,0.0,0.0,0.0,0.0,0.0,0.0,34.0,0.0,0.0,34.0,0.0,0.0,0.0,0.0,0.0,0.0,0.0,0.0,10.0,0.0,3.0,10.0,4.0,3.0,10.0,4.0,7.0,10.0,0.0,7.0,0.0,0.0,0.0,0.0,0.0,0.0,"Jan 19, 2017"
373,1303016.0,6306.0,Sulaymaniyah,Dokan,Sharawany,شاروانى,35.733289,45.1446748,33.0,198.0,19.0,3.0,0.0,0.0,0.0,5.0,0.0,0.0,0.0,0.0,0.0,0.0,3.0,0.0,3.0,0.0,0.0,0.0,0.0,0.0,0.0,0.0,0.0,0.0,0.0,0.0,33.0,0.0,0.0,33.0,0.0,0.0,0.0,0.0,0.0,0.0,0.0,0.0,7.0,0.0,6.0,7.0,6.0,6.0,14.0,6.0,0.0,14.0,0.0,0.0,0.0,0.0,0.0,0.0,0.0,0.0,"Jan 19, 2017"
374,1303017.0,3605.0,Sulaymaniyah,Dokan,Surdash,سورداش,35.8591378,45.1016797,1.0,6.0,0.0,1.0,0.0,0.0,0.0,0.0,0.0,0.0,0.0,0.0,0.0,0.0,0.0,0.0,0.0,0.0,0.0,0.0,0.0,0.0,0.0,0.0,0.0,0.0,0.0,0.0,1.0,0.0,0.0,1.0,0.0,0.0,0.0,0.0,0.0,0.0,0.0,0.0,1.0,0.0,0.0,1.0,0.0,0.0,0.0,0.0,0.0,0.0,0.0,0.0,0.0,0.0,0.0,0.0,0.0,0.0,"Jan 19, 2017"
375,1303018.0,3593.0,Sulaymaniyah,Dokan,Timar,تيمار,35.8574417,45.0769418,7.0,42.0,4.0,3.0,0.0,0.0,0.0,0.0,0.0,0.0,0.0,0.0,0.0,0.0,0.0,0.0,0.0,0.0,0.0,0.0,0.0,0.0,0.0,0.0,0.0,0.0,0.0,0.0,7.0,0.0,0.0,7.0,0.0,0.0,0.0,0.0,0.0,0.0,0.0,0.0,4.0,0.0,3.0,4.0,0.0,3.0,0.0,0.0,0.0,0.0,0.0,0.0,0.0,0.0,0.0,0.0,0.0,0.0,"Jan 19, 2017"
376,1303019.0,24554.0,Sulaymaniyah,Dokan,Tokma,توكمة,35.7246294,45.1440548,36.0,216.0,4.0,18.0,1.0,0.0,0.0,4.0,0.0,0.0,0.0,0.0,0.0,0.0,9.0,0.0,0.0,0.0,0.0,0.0,0.0,0.0,0.0,0.0,0.0,0.0,0.0,0.0,36.0,0.0,0.0,36.0,0.0,0.0,0.0,0.0,0.0,0.0,0.0,0.0,1.0,0.0,2.0,1.0,9.0,2.0,22.0,9.0,2.0,22.0,0.0,2.0,0.0,0.0,0.0,0.0,0.0,0.0,"Jan 19, 2017"
377,1303020.0,5068.0,Sulaymaniyah,Dokan,Topzawa,توبزاوا,35.9572654,44.9861496,67.0,402.0,60.0,7.0,0.0,0.0,0.0,0.0,0.0,0.0,0.0,0.0,0.0,0.0,0.0,0.0,0.0,0.0,0.0,0.0,0.0,0.0,0.0,0.0,0.0,0.0,0.0,0.0,67.0,0.0,0.0,67.0,0.0,0.0,0.0,0.0,0.0,0.0,0.0,0.0,25.0,0.0,19.0,25.0,0.0,19.0,14.0,0.0,9.0,14.0,0.0,9.0,0.0,0.0,0.0,0.0,0.0,0.0,"Jan 19, 2017"
378,1304002.0,22460.0,Sulaymaniyah,Halabja,Ardalan,اردلان,35.2991993,46.0343419,20.0,120.0,19.0,0.0,0.0,0.0,0.0,1.0,0.0,0.0,0.0,0.0,0.0,0.0,0.0,0.0,0.0,0.0,0.0,0.0,0.0,0.0,0.0,0.0,0.0,0.0,0.0,0.0,20.0,0.0,0.0,20.0,0.0,0.0,0.0,0.0,0.0,0.0,0.0,0.0,0.0,0.0,7.0,0.0,0.0,7.0,2.0,0.0,10.0,2.0,1.0,10.0,0.0,1.0,0.0,0.0,0.0,0.0,"Jan 19, 2017"
379,1304003.0,3819.0,Sulaymaniyah,Halabja,Ashti,اشتي,35.3017689,46.0356761,17.0,102.0,17.0,0.0,0.0,0.0,0.0,0.0,0.0,0.0,0.0,0.0,0.0,0.0,0.0,0.0,0.0,0.0,0.0,0.0,0.0,0.0,0.0,0.0,0.0,0.0,0.0,0.0,17.0,0.0,0.0,17.0,0.0,0.0,0.0,0.0,0.0,0.0,0.0,0.0,0.0,0.0,2.0,0.0,0.0,2.0,3.0,0.0,9.0,3.0,3.0,9.0,0.0,3.0,0.0,0.0,0.0,0.0,"Jan 19, 2017"
380,1304004.0,23723.0,Sulaymaniyah,Halabja,Bakhtyari,بختيارى,35.3241654,45.6822497,96.0,576.0,86.0,0.0,6.0,0.0,0.0,4.0,0.0,0.0,0.0,0.0,0.0,0.0,0.0,0.0,0.0,0.0,0.0,0.0,0.0,0.0,0.0,0.0,0.0,0.0,0.0,0.0,96.0,0.0,0.0,96.0,0.0,0.0,0.0,0.0,0.0,0.0,0.0,0.0,14.0,0.0,16.0,14.0,0.0,16.0,27.0,0.0,30.0,27.0,9.0,30.0,0.0,9.0,0.0,0.0,0.0,0.0,"Jan 19, 2017"
381,1304006.0,24096.0,Sulaymaniyah,Halabja,Barkew,بركيو,35.3553403,45.8688337,87.0,522.0,72.0,0.0,13.0,0.0,0.0,0.0,0.0,0.0,0.0,0.0,0.0,0.0,2.0,0.0,0.0,0.0,0.0,0.0,0.0,0.0,0.0,0.0,0.0,0.0,0.0,0.0,87.0,0.0,0.0,87.0,0.0,0.0,0.0,0.0,0.0,0.0,0.0,0.0,20.0,0.0,19.0,20.0,4.0,19.0,15.0,4.0,25.0,15.0,4.0,25.0,0.0,4.0,0.0,0.0,0.0,0.0,"Jan 19, 2017"
382,1304007.0,21960.0,Sulaymaniyah,Halabja,Farmanbaran,فرمانبران,35.185482,45.9802875,18.0,108.0,13.0,0.0,3.0,0.0,0.0,0.0,0.0,0.0,0.0,0.0,0.0,0.0,2.0,0.0,0.0,0.0,0.0,0.0,0.0,0.0,0.0,0.0,0.0,0.0,0.0,0.0,18.0,0.0,0.0,18.0,0.0,0.0,0.0,0.0,0.0,0.0,0.0,0.0,5.0,0.0,8.0,5.0,0.0,8.0,2.0,0.0,2.0,2.0,1.0,2.0,0.0,1.0,0.0,0.0,0.0,0.0,"Jan 19, 2017"
383,1304008.0,6120.0,Sulaymaniyah,Halabja,Gamesh tapa village,قرية كاميش تبه,35.3507972,45.9044861,8.0,48.0,0.0,0.0,0.0,0.0,0.0,8.0,0.0,0.0,0.0,0.0,0.0,0.0,0.0,0.0,0.0,0.0,0.0,0.0,0.0,0.0,0.0,0.0,0.0,0.0,0.0,0.0,8.0,0.0,0.0,8.0,0.0,0.0,0.0,0.0,0.0,0.0,0.0,0.0,0.0,0.0,8.0,0.0,0.0,8.0,0.0,0.0,0.0,0.0,0.0,0.0,0.0,0.0,0.0,0.0,0.0,0.0,"Jan 19, 2017"
384,1304009.0,22104.0,Sulaymaniyah,Halabja,Goran City,كوران ستي,35.1870509,46.0095894,24.0,144.0,24.0,0.0,0.0,0.0,0.0,0.0,0.0,0.0,0.0,0.0,0.0,0.0,0.0,0.0,0.0,0.0,0.0,0.0,0.0,0.0,0.0,0.0,0.0,0.0,0.0,0.0,24.0,0.0,0.0,24.0,0.0,0.0,0.0,0.0,0.0,0.0,0.0,0.0,5.0,0.0,2.0,5.0,2.0,2.0,7.0,2.0,8.0,7.0,0.0,8.0,0.0,0.0,0.0,0.0,0.0,0.0,"Jan 19, 2017"
385,1304010.0,25647.0,Sulaymaniyah,Halabja,Grda naze village,قرية كرد نازى,35.3424268,45.9255147,4.0,24.0,4.0,0.0,0.0,0.0,0.0,0.0,0.0,0.0,0.0,0.0,0.0,0.0,0.0,0.0,0.0,0.0,0.0,0.0,0.0,0.0,0.0,0.0,0.0,0.0,0.0,0.0,4.0,0.0,0.0,4.0,0.0,0.0,0.0,0.0,0.0,0.0,0.0,0.0,4.0,0.0,0.0,4.0,0.0,0.0,0.0,0.0,0.0,0.0,0.0,0.0,0.0,0.0,0.0,0.0,0.0,0.0,"Jan 19, 2017"
386,1304011.0,3771.0,Sulaymaniyah,Halabja,Greza,قرية كريزه,35.3873424,45.7324774,5.0,30.0,5.0,0.0,0.0,0.0,0.0,0.0,0.0,0.0,0.0,0.0,0.0,0.0,0.0,0.0,0.0,0.0,0.0,0.0,0.0,0.0,0.0,0.0,0.0,0.0,0.0,0.0,5.0,0.0,0.0,5.0,0.0,0.0,0.0,0.0,0.0,0.0,0.0,0.0,2.0,0.0,2.0,2.0,0.0,2.0,0.0,0.0,1.0,0.0,0.0,1.0,0.0,0.0,0.0,0.0,0.0,0.0,"Jan 19, 2017"
387,1304012.0,21862.0,Sulaymaniyah,Halabja,Gulan,كولان,35.1744373,45.9810664,40.0,240.0,29.0,0.0,4.0,0.0,0.0,2.0,0.0,0.0,0.0,0.0,0.0,0.0,5.0,0.0,0.0,0.0,0.0,0.0,0.0,0.0,0.0,0.0,0.0,0.0,0.0,0.0,40.0,0.0,0.0,40.0,0.0,0.0,0.0,0.0,0.0,0.0,0.0,0.0,3.0,0.0,16.0,3.0,6.0,16.0,7.0,6.0,8.0,7.0,0.0,8.0,0.0,0.0,0.0,0.0,0.0,0.0,"Jan 19, 2017"
388,1304014.0,21857.0,Sulaymaniyah,Halabja,Sharwani,شارواني,35.1891217,45.9950623,33.0,198.0,18.0,1.0,5.0,0.0,0.0,5.0,0.0,0.0,0.0,0.0,0.0,0.0,2.0,0.0,2.0,0.0,0.0,0.0,0.0,0.0,0.0,0.0,0.0,0.0,0.0,0.0,33.0,0.0,0.0,33.0,0.0,0.0,0.0,0.0,0.0,0.0,0.0,0.0,4.0,0.0,14.0,4.0,0.0,14.0,7.0,0.0,6.0,7.0,2.0,6.0,0.0,2.0,0.0,0.0,0.0,0.0,"Jan 19, 2017"
389,1304015.0,25079.0,Sulaymaniyah,Halabja,Azadi,ازادي,35.3162601,45.6891783,36.0,216.0,28.0,0.0,4.0,0.0,0.0,2.0,0.0,0.0,0.0,0.0,0.0,0.0,0.0,0.0,2.0,0.0,0.0,0.0,0.0,0.0,0.0,0.0,0.0,0.0,0.0,0.0,36.0,0.0,0.0,36.0,0.0,0.0,0.0,0.0,0.0,0.0,0.0,0.0,3.0,0.0,6.0,3.0,2.0,6.0,13.0,2.0,10.0,13.0,2.0,10.0,0.0,2.0,0.0,0.0,0.0,0.0,"Jan 19, 2017"
390,1304016.0,25080.0,Sulaymaniyah,Halabja,Sharstani,شارستانى,35.3274898,45.6918403,75.0,450.0,65.0,0.0,9.0,0.0,0.0,1.0,0.0,0.0,0.0,0.0,0.0,0.0,0.0,0.0,0.0,0.0,0.0,0.0,0.0,0.0,0.0,0.0,0.0,0.0,0.0,0.0,75.0,0.0,0.0,75.0,0.0,0.0,0.0,0.0,0.0,0.0,0.0,0.0,15.0,0.0,15.0,15.0,0.0,15.0,25.0,0.0,19.0,25.0,1.0,19.0,0.0,1.0,0.0,0.0,0.0,0.0,"Jan 19, 2017"
391,1304018.0,22920.0,Sulaymaniyah,Halabja,Hassar,حسار,35.3515587,45.8727816,37.0,222.0,26.0,0.0,9.0,0.0,0.0,2.0,0.0,0.0,0.0,0.0,0.0,0.0,0.0,0.0,0.0,0.0,0.0,0.0,0.0,0.0,0.0,0.0,0.0,0.0,0.0,0.0,37.0,0.0,0.0,37.0,0.0,0.0,0.0,0.0,0.0,0.0,0.0,0.0,0.0,0.0,3.0,0.0,0.0,3.0,5.0,0.0,19.0,5.0,10.0,19.0,0.0,10.0,0.0,0.0,0.0,0.0,"Jan 19, 2017"
392,1304019.0,22998.0,Sulaymaniyah,Halabja,Hawaran,هواران,35.3295505,45.6920792,88.0,528.0,76.0,0.0,5.0,0.0,0.0,2.0,0.0,0.0,0.0,0.0,0.0,0.0,0.0,0.0,5.0,0.0,0.0,0.0,0.0,0.0,0.0,0.0,0.0,0.0,0.0,0.0,88.0,0.0,0.0,88.0,0.0,0.0,0.0,0.0,0.0,0.0,0.0,0.0,10.0,0.0,13.0,10.0,0.0,13.0,38.0,0.0,25.0,38.0,2.0,25.0,0.0,2.0,0.0,0.0,0.0,0.0,"Jan 19, 2017"
393,1304020.0,25646.0,Sulaymaniyah,Halabja,Kani panka village,قرية كاني بانكه,35.3817828,45.7082416,16.0,96.0,5.0,0.0,1.0,0.0,0.0,3.0,0.0,0.0,0.0,0.0,0.0,0.0,2.0,0.0,5.0,0.0,0.0,0.0,0.0,0.0,0.0,0.0,0.0,0.0,0.0,0.0,16.0,0.0,0.0,16.0,0.0,0.0,0.0,0.0,0.0,0.0,0.0,0.0,0.0,0.0,4.0,0.0,4.0,4.0,4.0,4.0,4.0,4.0,0.0,4.0,0.0,0.0,0.0,0.0,0.0,0.0,"Jan 19, 2017"
394,1304021.0,22031.0,Sulaymaniyah,Halabja,Kani Qulka,كاني قولكه,35.186567,45.9898819,28.0,168.0,17.0,0.0,7.0,0.0,0.0,0.0,0.0,0.0,0.0,0.0,0.0,0.0,0.0,0.0,4.0,0.0,0.0,0.0,0.0,0.0,0.0,0.0,0.0,0.0,0.0,0.0,28.0,0.0,0.0,28.0,0.0,0.0,0.0,0.0,0.0,0.0,0.0,0.0,6.0,0.0,4.0,6.0,0.0,4.0,6.0,0.0,11.0,6.0,1.0,11.0,0.0,1.0,0.0,0.0,0.0,0.0,"Jan 19, 2017"
395,1304023.0,24639.0,Sulaymaniyah,Halabja,Dalani,دالاني,35.2965858,46.0369381,60.0,360.0,45.0,8.0,1.0,0.0,0.0,4.0,0.0,0.0,0.0,0.0,0.0,0.0,1.0,0.0,1.0,0.0,0.0,0.0,0.0,0.0,0.0,0.0,0.0,0.0,0.0,0.0,60.0,0.0,0.0,60.0,0.0,0.0,0.0,0.0,0.0,0.0,0.0,0.0,5.0,0.0,15.0,5.0,14.0,15.0,0.0,14.0,21.0,0.0,5.0,21.0,0.0,5.0,0.0,0.0,0.0,0.0,"Jan 19, 2017"
396,1304024.0,21863.0,Sulaymaniyah,Halabja,Mamostaian,ماموستايان,35.1822314,45.993632,29.0,174.0,14.0,0.0,6.0,0.0,0.0,5.0,0.0,0.0,0.0,0.0,0.0,0.0,0.0,0.0,4.0,0.0,0.0,0.0,0.0,0.0,0.0,0.0,0.0,0.0,0.0,0.0,29.0,0.0,0.0,29.0,0.0,0.0,0.0,0.0,0.0,0.0,0.0,0.0,7.0,0.0,4.0,7.0,0.0,4.0,5.0,0.0,11.0,5.0,2.0,11.0,0.0,2.0,0.0,0.0,0.0,0.0,"Jan 19, 2017"
397,1304025.0,22996.0,Sulaymaniyah,Halabja,Mamostayan,ماموستايان,35.3198684,45.6948361,19.0,114.0,12.0,0.0,7.0,0.0,0.0,0.0,0.0,0.0,0.0,0.0,0.0,0.0,0.0,0.0,0.0,0.0,0.0,0.0,0.0,0.0,0.0,0.0,0.0,0.0,0.0,0.0,19.0,0.0,0.0,19.0,0.0,0.0,0.0,0.0,0.0,0.0,0.0,0.0,6.0,0.0,2.0,6.0,0.0,2.0,4.0,0.0,5.0,4.0,2.0,5.0,0.0,2.0,0.0,0.0,0.0,0.0,"Jan 19, 2017"
398,1304026.0,25757.0,Sulaymaniyah,Halabja,Darwazay Shar,دروازي شار,35.1993777,45.9665141,27.0,162.0,14.0,2.0,7.0,0.0,0.0,2.0,0.0,0.0,0.0,0.0,0.0,0.0,0.0,0.0,2.0,0.0,0.0,0.0,0.0,0.0,0.0,0.0,0.0,0.0,0.0,0.0,27.0,0.0,0.0,27.0,0.0,0.0,0.0,0.0,0.0,0.0,0.0,0.0,10.0,0.0,7.0,10.0,0.0,7.0,4.0,0.0,6.0,4.0,0.0,6.0,0.0,0.0,0.0,0.0,0.0,0.0,"Jan 19, 2017"
399,1304027.0,21962.0,Sulaymaniyah,Halabja,Marzboto,مرزى بوتو,35.1819165,45.9844709,19.0,114.0,15.0,0.0,4.0,0.0,0.0,0.0,0.0,0.0,0.0,0.0,0.0,0.0,0.0,0.0,0.0,0.0,0.0,0.0,0.0,0.0,0.0,0.0,0.0,0.0,0.0,0.0,19.0,0.0,0.0,19.0,0.0,0.0,0.0,0.0,0.0,0.0,0.0,0.0,5.0,0.0,4.0,5.0,0.0,4.0,0.0,0.0,10.0,0.0,0.0,10.0,0.0,0.0,0.0,0.0,0.0,0.0,"Jan 19, 2017"
400,1304028.0,25759.0,Sulaymaniyah,Halabja,Mordana,موردانه,35.168148,45.9904989,42.0,252.0,27.0,0.0,6.0,0.0,0.0,7.0,0.0,0.0,0.0,0.0,0.0,0.0,0.0,0.0,2.0,0.0,0.0,0.0,0.0,0.0,0.0,0.0,0.0,0.0,0.0,0.0,42.0,0.0,0.0,42.0,0.0,0.0,0.0,0.0,0.0,0.0,0.0,0.0,7.0,0.0,13.0,7.0,7.0,13.0,5.0,7.0,10.0,5.0,0.0,10.0,0.0,0.0,0.0,0.0,0.0,0.0,"Jan 19, 2017"
401,1304029.0,25645.0,Sulaymaniyah,Halabja,Mwan village,قرية موان,35.3680182,45.7167728,4.0,24.0,3.0,0.0,0.0,0.0,0.0,0.0,0.0,0.0,0.0,0.0,0.0,0.0,1.0,0.0,0.0,0.0,0.0,0.0,0.0,0.0,0.0,0.0,0.0,0.0,0.0,0.0,4.0,0.0,0.0,4.0,0.0,0.0,0.0,0.0,0.0,0.0,0.0,0.0,0.0,0.0,0.0,0.0,0.0,0.0,2.0,0.0,2.0,2.0,0.0,2.0,0.0,0.0,0.0,0.0,0.0,0.0,"Jan 19, 2017"
402,1304030.0,5299.0,Sulaymaniyah,Halabja,Qadafari,قرية قدفري,35.3364855,45.9494971,8.0,48.0,3.0,2.0,3.0,0.0,0.0,0.0,0.0,0.0,0.0,0.0,0.0,0.0,0.0,0.0,0.0,0.0,0.0,0.0,0.0,0.0,0.0,0.0,0.0,0.0,0.0,0.0,8.0,0.0,0.0,8.0,0.0,0.0,0.0,0.0,0.0,0.0,0.0,0.0,5.0,0.0,1.0,5.0,2.0,1.0,0.0,2.0,0.0,0.0,0.0,0.0,0.0,0.0,0.0,0.0,0.0,0.0,"Jan 19, 2017"
403,1304031.0,22462.0,Sulaymaniyah,Halabja,Qala,قلا,35.2958733,46.0425234,24.0,144.0,19.0,0.0,3.0,0.0,0.0,2.0,0.0,0.0,0.0,0.0,0.0,0.0,0.0,0.0,0.0,0.0,0.0,0.0,0.0,0.0,0.0,0.0,0.0,0.0,0.0,0.0,24.0,0.0,0.0,24.0,0.0,0.0,0.0,0.0,0.0,0.0,0.0,0.0,0.0,0.0,4.0,0.0,2.0,4.0,4.0,2.0,11.0,4.0,3.0,11.0,0.0,3.0,0.0,0.0,0.0,0.0,"Jan 19, 2017"
404,1304032.0,25648.0,Sulaymaniyah,Halabja,Qlija village,قرية قليجه,35.369427,45.7125895,6.0,36.0,5.0,0.0,0.0,0.0,0.0,0.0,0.0,0.0,0.0,0.0,0.0,0.0,0.0,0.0,1.0,0.0,0.0,0.0,0.0,0.0,0.0,0.0,0.0,0.0,0.0,0.0,6.0,0.0,0.0,6.0,0.0,0.0,0.0,0.0,0.0,0.0,0.0,0.0,5.0,0.0,0.0,5.0,1.0,0.0,0.0,1.0,0.0,0.0,0.0,0.0,0.0,0.0,0.0,0.0,0.0,0.0,"Jan 19, 2017"
405,1304033.0,25081.0,Sulaymaniyah,Halabja,Sara,سرا,35.353308,45.8597514,45.0,270.0,39.0,0.0,0.0,0.0,0.0,0.0,0.0,0.0,0.0,0.0,0.0,0.0,4.0,0.0,2.0,0.0,0.0,0.0,0.0,0.0,0.0,0.0,0.0,0.0,0.0,0.0,45.0,0.0,0.0,45.0,0.0,0.0,0.0,0.0,0.0,0.0,0.0,0.0,5.0,0.0,9.0,5.0,17.0,9.0,9.0,17.0,5.0,9.0,0.0,5.0,0.0,0.0,0.0,0.0,0.0,0.0,"Jan 19, 2017"
406,1304034.0,4603.0,Sulaymaniyah,Halabja,Saraw village,قرية سراو,35.370117,45.8273788,13.0,78.0,10.0,0.0,2.0,0.0,0.0,0.0,0.0,0.0,0.0,0.0,0.0,0.0,0.0,0.0,1.0,0.0,0.0,0.0,0.0,0.0,0.0,0.0,0.0,0.0,0.0,0.0,13.0,0.0,0.0,13.0,0.0,0.0,0.0,0.0,0.0,0.0,0.0,0.0,0.0,0.0,7.0,0.0,0.0,7.0,4.0,0.0,2.0,4.0,0.0,2.0,0.0,0.0,0.0,0.0,0.0,0.0,"Jan 19, 2017"
407,1304035.0,22994.0,Sulaymaniyah,Halabja,Sarray,ساراى,35.1745478,45.9896262,16.0,96.0,8.0,0.0,3.0,0.0,0.0,5.0,0.0,0.0,0.0,0.0,0.0,0.0,0.0,0.0,0.0,0.0,0.0,0.0,0.0,0.0,0.0,0.0,0.0,0.0,0.0,0.0,16.0,0.0,0.0,16.0,0.0,0.0,0.0,0.0,0.0,0.0,0.0,0.0,4.0,0.0,2.0,4.0,4.0,2.0,0.0,4.0,6.0,0.0,0.0,6.0,0.0,0.0,0.0,0.0,0.0,0.0,"Jan 19, 2017"
408,1304036.0,21858.0,Sulaymaniyah,Halabja,Shahidan,شهيدان,35.1749017,45.9935643,21.0,126.0,12.0,0.0,3.0,0.0,0.0,4.0,0.0,0.0,0.0,0.0,0.0,0.0,0.0,0.0,2.0,0.0,0.0,0.0,0.0,0.0,0.0,0.0,0.0,0.0,0.0,0.0,21.0,0.0,0.0,21.0,0.0,0.0,0.0,0.0,0.0,0.0,0.0,0.0,2.0,0.0,8.0,2.0,0.0,8.0,3.0,0.0,7.0,3.0,1.0,7.0,0.0,1.0,0.0,0.0,0.0,0.0,"Jan 19, 2017"
409,1304037.0,23077.0,Sulaymaniyah,Halabja,Sharwani,شارواني,35.3135756,45.6928229,48.0,288.0,40.0,0.0,4.0,0.0,0.0,4.0,0.0,0.0,0.0,0.0,0.0,0.0,0.0,0.0,0.0,0.0,0.0,0.0,0.0,0.0,0.0,0.0,0.0,0.0,0.0,0.0,48.0,0.0,0.0,48.0,0.0,0.0,0.0,0.0,0.0,0.0,0.0,0.0,21.0,0.0,5.0,21.0,0.0,5.0,9.0,0.0,12.0,9.0,1.0,12.0,0.0,1.0,0.0,0.0,0.0,0.0,"Jan 19, 2017"
410,1304038.0,23078.0,Sulaymaniyah,Halabja,Rezgari,رزكارى,35.3217373,45.6791641,59.0,354.0,49.0,0.0,7.0,0.0,0.0,3.0,0.0,0.0,0.0,0.0,0.0,0.0,0.0,0.0,0.0,0.0,0.0,0.0,0.0,0.0,0.0,0.0,0.0,0.0,0.0,0.0,59.0,0.0,0.0,59.0,0.0,0.0,0.0,0.0,0.0,0.0,0.0,0.0,7.0,0.0,12.0,7.0,0.0,12.0,19.0,0.0,15.0,19.0,6.0,15.0,0.0,6.0,0.0,0.0,0.0,0.0,"Jan 19, 2017"
411,1304039.0,22995.0,Sulaymaniyah,Halabja,Shikhan,شيخان,35.3654268,45.8657843,53.0,318.0,39.0,1.0,2.0,0.0,0.0,0.0,0.0,0.0,0.0,0.0,0.0,0.0,11.0,0.0,0.0,0.0,0.0,0.0,0.0,0.0,0.0,0.0,0.0,0.0,0.0,0.0,53.0,0.0,0.0,53.0,0.0,0.0,0.0,0.0,0.0,0.0,0.0,0.0,12.0,0.0,12.0,12.0,11.0,12.0,18.0,11.0,0.0,18.0,0.0,0.0,0.0,0.0,0.0,0.0,0.0,0.0,"Jan 19, 2017"
412,1304040.0,6209.0,Sulaymaniyah,Halabja,Sirwan,سيروان,35.2588867,45.9348993,131.0,786.0,21.0,14.0,36.0,0.0,0.0,44.0,0.0,0.0,0.0,0.0,0.0,0.0,0.0,0.0,16.0,0.0,0.0,0.0,0.0,0.0,0.0,0.0,0.0,0.0,0.0,0.0,131.0,0.0,0.0,131.0,0.0,0.0,0.0,0.0,0.0,0.0,0.0,0.0,24.0,0.0,28.0,24.0,18.0,28.0,28.0,18.0,32.0,28.0,1.0,32.0,0.0,1.0,0.0,0.0,0.0,0.0,"Jan 19, 2017"
413,1304041.0,23079.0,Sulaymaniyah,Halabja,Soreen,سورين,35.3179479,45.6954704,73.0,438.0,65.0,0.0,5.0,0.0,0.0,3.0,0.0,0.0,0.0,0.0,0.0,0.0,0.0,0.0,0.0,0.0,0.0,0.0,0.0,0.0,0.0,0.0,0.0,0.0,0.0,0.0,73.0,0.0,0.0,73.0,0.0,0.0,0.0,0.0,0.0,0.0,0.0,0.0,15.0,0.0,11.0,15.0,0.0,11.0,20.0,0.0,24.0,20.0,3.0,24.0,0.0,3.0,0.0,0.0,0.0,0.0,"Jan 19, 2017"
414,1304042.0,27338.0,Sulaymaniyah,Halabja,Barzinja Camp,برزنجا كمب,35.5278818,45.6891402,28.0,168.0,28.0,0.0,0.0,0.0,0.0,0.0,0.0,0.0,0.0,0.0,0.0,0.0,0.0,0.0,0.0,0.0,0.0,0.0,28.0,0.0,0.0,0.0,0.0,0.0,0.0,0.0,0.0,0.0,0.0,0.0,0.0,0.0,0.0,0.0,0.0,0.0,0.0,0.0,0.0,0.0,0.0,0.0,0.0,0.0,12.0,0.0,16.0,12.0,0.0,16.0,0.0,0.0,0.0,0.0,0.0,0.0,"Jan 19, 2017"
415,1304043.0,29691.0,Sulaymaniyah,Halabja,Nasir,نصر,35.3457304,45.6315054,93.0,558.0,21.0,18.0,9.0,0.0,0.0,24.0,0.0,0.0,0.0,0.0,0.0,0.0,0.0,0.0,21.0,0.0,0.0,0.0,0.0,0.0,0.0,8.0,0.0,0.0,8.0,0.0,84.0,0.0,0.0,84.0,0.0,0.0,0.0,0.0,1.0,0.0,0.0,1.0,22.0,0.0,34.0,22.0,1.0,34.0,35.0,1.0,1.0,35.0,0.0,1.0,0.0,0.0,0.0,0.0,0.0,0.0,"Jan 19, 2017"
416,1304044.0,29692.0,Sulaymaniyah,Halabja,Qaragul,قرة كول,35.3527111,45.6289547,15.0,90.0,2.0,0.0,0.0,0.0,0.0,8.0,0.0,0.0,0.0,0.0,0.0,0.0,0.0,0.0,5.0,0.0,0.0,0.0,0.0,0.0,0.0,2.0,0.0,0.0,2.0,0.0,13.0,0.0,0.0,13.0,0.0,0.0,0.0,0.0,0.0,0.0,0.0,0.0,1.0,0.0,5.0,1.0,5.0,5.0,4.0,5.0,0.0,4.0,0.0,0.0,0.0,0.0,0.0,0.0,0.0,0.0,"Jan 19, 2017"
417,1304045.0,31861.0,Sulaymaniyah,Halabja,Azadi,ازادي,35.2512041,45.9433173,45.0,270.0,24.0,0.0,16.0,0.0,0.0,4.0,0.0,0.0,0.0,0.0,0.0,0.0,0.0,0.0,1.0,0.0,0.0,0.0,0.0,0.0,0.0,0.0,0.0,0.0,0.0,0.0,44.0,0.0,0.0,44.0,0.0,0.0,0.0,0.0,1.0,0.0,0.0,1.0,21.0,0.0,13.0,21.0,8.0,13.0,3.0,8.0,0.0,3.0,0.0,0.0,0.0,0.0,0.0,0.0,0.0,0.0,"Jan 19, 2017"
418,1305001.0,24891.0,Sulaymaniyah,Kalar,Azadi,ازادي,34.6332086687,45.3388309,53.0,318.0,25.0,0.0,0.0,0.0,0.0,28.0,0.0,0.0,0.0,0.0,0.0,0.0,0.0,0.0,0.0,0.0,0.0,0.0,0.0,0.0,0.0,0.0,0.0,0.0,0.0,0.0,53.0,0.0,0.0,53.0,0.0,0.0,0.0,0.0,0.0,0.0,0.0,0.0,6.0,0.0,29.0,6.0,4.0,29.0,5.0,4.0,6.0,5.0,3.0,6.0,0.0,3.0,0.0,0.0,0.0,0.0,"Jan 19, 2017"
419,1305002.0,24886.0,Sulaymaniyah,Kalar,Ban Asiaw,بان اسياو,34.5218355,45.2170755,47.0,282.0,0.0,0.0,0.0,0.0,0.0,47.0,0.0,0.0,0.0,0.0,0.0,0.0,0.0,0.0,0.0,0.0,0.0,0.0,0.0,0.0,0.0,0.0,0.0,0.0,0.0,0.0,47.0,0.0,0.0,47.0,0.0,0.0,0.0,0.0,0.0,0.0,0.0,0.0,0.0,0.0,40.0,0.0,0.0,40.0,7.0,0.0,0.0,7.0,0.0,0.0,0.0,0.0,0.0,0.0,0.0,0.0,"Jan 19, 2017"
420,1305003.0,3939.0,Sulaymaniyah,Kalar,Barda Sur,بردسور,34.6415938674,45.3475832,42.0,252.0,21.0,0.0,0.0,0.0,0.0,21.0,0.0,0.0,0.0,0.0,0.0,0.0,0.0,0.0,0.0,0.0,0.0,0.0,0.0,0.0,0.0,0.0,0.0,0.0,0.0,0.0,42.0,0.0,0.0,42.0,0.0,0.0,0.0,0.0,0.0,0.0,0.0,0.0,4.0,0.0,21.0,4.0,4.0,21.0,5.0,4.0,8.0,5.0,0.0,8.0,0.0,0.0,0.0,0.0,0.0,0.0,"Jan 19, 2017"
421,1305004.0,23768.0,Sulaymaniyah,Kalar,Bingrd,بنكرد,34.6152107818,45.3152668,137.0,822.0,72.0,0.0,0.0,0.0,0.0,65.0,0.0,0.0,0.0,0.0,0.0,0.0,0.0,0.0,0.0,0.0,0.0,0.0,0.0,0.0,0.0,0.0,0.0,0.0,0.0,0.0,137.0,0.0,0.0,137.0,0.0,0.0,0.0,0.0,0.0,0.0,0.0,0.0,37.0,0.0,0.0,37.0,0.0,0.0,86.0,0.0,14.0,86.0,0.0,14.0,0.0,0.0,0.0,0.0,0.0,0.0,"Jan 19, 2017"
422,1305005.0,6285.0,Sulaymaniyah,Kalar,Farmanbaran,فرمانبران,34.6208129187,45.3194749,130.0,780.0,48.0,0.0,0.0,0.0,0.0,82.0,0.0,0.0,0.0,0.0,0.0,0.0,0.0,0.0,0.0,0.0,0.0,0.0,0.0,0.0,0.0,0.0,0.0,0.0,0.0,0.0,130.0,0.0,0.0,130.0,0.0,0.0,0.0,0.0,0.0,0.0,0.0,0.0,2.0,0.0,40.0,2.0,0.0,40.0,61.0,0.0,25.0,61.0,2.0,25.0,0.0,2.0,0.0,0.0,0.0,0.0,"Jan 19, 2017"
423,1305006.0,23767.0,Sulaymaniyah,Kalar,Goran,كوران,34.6367743287,45.3383341,38.0,228.0,17.0,0.0,0.0,0.0,0.0,21.0,0.0,0.0,0.0,0.0,0.0,0.0,0.0,0.0,0.0,0.0,0.0,0.0,0.0,0.0,0.0,0.0,0.0,0.0,0.0,0.0,38.0,0.0,0.0,38.0,0.0,0.0,0.0,0.0,0.0,0.0,0.0,0.0,15.0,0.0,12.0,15.0,3.0,12.0,3.0,3.0,5.0,3.0,0.0,5.0,0.0,0.0,0.0,0.0,0.0,0.0,"Jan 19, 2017"
424,1305007.0,5995.0,Sulaymaniyah,Kalar,Grda Gozina,كرده كوزينه,34.586378942,45.2896874,41.0,246.0,9.0,0.0,0.0,0.0,0.0,30.0,0.0,0.0,0.0,0.0,0.0,0.0,0.0,0.0,2.0,0.0,0.0,0.0,0.0,0.0,0.0,0.0,0.0,0.0,0.0,0.0,41.0,0.0,0.0,41.0,0.0,0.0,0.0,0.0,0.0,0.0,0.0,0.0,2.0,0.0,20.0,2.0,8.0,20.0,4.0,8.0,7.0,4.0,0.0,7.0,0.0,0.0,0.0,0.0,0.0,0.0,"Jan 19, 2017"
425,1305008.0,24892.0,Sulaymaniyah,Kalar,Hamren,حمرين,34.6157436182,45.3089761,46.0,276.0,8.0,0.0,0.0,0.0,0.0,38.0,0.0,0.0,0.0,0.0,0.0,0.0,0.0,0.0,0.0,0.0,0.0,0.0,0.0,0.0,0.0,0.0,0.0,0.0,0.0,0.0,46.0,0.0,0.0,46.0,0.0,0.0,0.0,0.0,0.0,0.0,0.0,0.0,0.0,0.0,41.0,0.0,0.0,41.0,5.0,0.0,0.0,5.0,0.0,0.0,0.0,0.0,0.0,0.0,0.0,0.0,"Jan 19, 2017"
426,1305009.0,6286.0,Sulaymaniyah,Kalar,Kalar Kon,كلار كون,34.6380313267,45.3031242,149.0,894.0,29.0,0.0,0.0,0.0,0.0,114.0,0.0,0.0,0.0,0.0,0.0,0.0,6.0,0.0,0.0,0.0,0.0,0.0,0.0,0.0,0.0,0.0,0.0,0.0,0.0,0.0,149.0,0.0,0.0,149.0,0.0,0.0,0.0,0.0,0.0,0.0,0.0,0.0,20.0,0.0,60.0,20.0,46.0,60.0,15.0,46.0,8.0,15.0,0.0,8.0,0.0,0.0,0.0,0.0,0.0,0.0,"Jan 19, 2017"
427,1305010.0,24893.0,Sulaymaniyah,Kalar,Kalari New,كلارى نوى,34.641410676,45.3110706,82.0,492.0,14.0,0.0,5.0,0.0,0.0,63.0,0.0,0.0,0.0,0.0,0.0,0.0,0.0,0.0,0.0,0.0,0.0,0.0,0.0,0.0,0.0,0.0,0.0,0.0,0.0,0.0,82.0,0.0,0.0,82.0,0.0,0.0,0.0,0.0,0.0,0.0,0.0,0.0,5.0,0.0,68.0,5.0,0.0,68.0,2.0,0.0,7.0,2.0,0.0,7.0,0.0,0.0,0.0,0.0,0.0,0.0,"Jan 19, 2017"
428,1305011.0,21983.0,Sulaymaniyah,Kalar,Raparin,رابرين,34.6282315191,45.3127142,83.0,498.0,28.0,0.0,0.0,0.0,0.0,55.0,0.0,0.0,0.0,0.0,0.0,0.0,0.0,0.0,0.0,0.0,0.0,0.0,0.0,0.0,0.0,0.0,0.0,0.0,0.0,0.0,83.0,0.0,0.0,83.0,0.0,0.0,0.0,0.0,0.0,0.0,0.0,0.0,4.0,0.0,43.0,4.0,0.0,43.0,32.0,0.0,4.0,32.0,0.0,4.0,0.0,0.0,0.0,0.0,0.0,0.0,"Jan 19, 2017"
429,1305012.0,24887.0,Sulaymaniyah,Kalar,Kalar-Rizgari,كلار-رزكاري,34.6575693265,45.2435141737,820.0,4920.0,84.0,170.0,24.0,0.0,0.0,507.0,0.0,0.0,0.0,0.0,0.0,0.0,5.0,0.0,30.0,0.0,0.0,0.0,0.0,0.0,0.0,0.0,0.0,21.0,0.0,0.0,799.0,0.0,0.0,799.0,0.0,0.0,0.0,0.0,0.0,0.0,0.0,0.0,18.0,0.0,364.0,18.0,328.0,364.0,73.0,328.0,32.0,73.0,5.0,32.0,0.0,5.0,0.0,0.0,0.0,0.0,"Jan 19, 2017"
430,1305013.0,23928.0,Sulaymaniyah,Kalar,Shahidan,شهيدان,34.6346967483,45.3237034,397.0,2382.0,53.0,0.0,0.0,0.0,0.0,344.0,0.0,0.0,0.0,0.0,0.0,0.0,0.0,0.0,0.0,0.0,0.0,0.0,0.0,0.0,0.0,0.0,0.0,0.0,0.0,0.0,397.0,0.0,0.0,397.0,0.0,0.0,0.0,0.0,0.0,0.0,0.0,0.0,34.0,0.0,340.0,34.0,0.0,340.0,14.0,0.0,9.0,14.0,0.0,9.0,0.0,0.0,0.0,0.0,0.0,0.0,"Jan 19, 2017"
431,1305014.0,3903.0,Sulaymaniyah,Kalar,Kulajo,كلجو,34.4647981,45.1647359,317.0,1902.0,1.0,0.0,3.0,0.0,0.0,313.0,0.0,0.0,0.0,0.0,0.0,0.0,0.0,0.0,0.0,0.0,0.0,0.0,0.0,0.0,0.0,0.0,0.0,0.0,0.0,0.0,310.0,0.0,0.0,310.0,0.0,0.0,7.0,0.0,0.0,7.0,0.0,0.0,115.0,0.0,129.0,115.0,36.0,129.0,17.0,36.0,0.0,17.0,20.0,0.0,0.0,20.0,0.0,0.0,0.0,0.0,"Jan 19, 2017"
432,1305015.0,5976.0,Sulaymaniyah,Kalar,Pebaz,بيباز,34.8186468,45.5096941,62.0,372.0,3.0,0.0,2.0,0.0,0.0,57.0,0.0,0.0,0.0,0.0,0.0,0.0,0.0,0.0,0.0,0.0,0.0,0.0,0.0,0.0,0.0,0.0,0.0,0.0,0.0,0.0,62.0,0.0,0.0,62.0,0.0,0.0,0.0,0.0,0.0,0.0,0.0,0.0,3.0,0.0,10.0,3.0,19.0,10.0,15.0,19.0,15.0,15.0,0.0,15.0,0.0,0.0,0.0,0.0,0.0,0.0,"Jan 19, 2017"
433,1305018.0,24962.0,Sulaymaniyah,Kalar,Sharawani,شارواني,34.6396437211,45.3129032,123.0,738.0,41.0,0.0,0.0,0.0,0.0,82.0,0.0,0.0,0.0,0.0,0.0,0.0,0.0,0.0,0.0,0.0,0.0,0.0,0.0,0.0,0.0,0.0,0.0,0.0,0.0,0.0,123.0,0.0,0.0,123.0,0.0,0.0,0.0,0.0,0.0,0.0,0.0,0.0,22.0,0.0,86.0,22.0,3.0,86.0,7.0,3.0,5.0,7.0,0.0,5.0,0.0,0.0,0.0,0.0,0.0,0.0,"Jan 19, 2017"
434,1305019.0,6000.0,Sulaymaniyah,Kalar,Shaykh Lankar,شيخ لنكر,34.5555857,45.2481505,105.0,630.0,5.0,0.0,0.0,0.0,0.0,100.0,0.0,0.0,0.0,0.0,0.0,0.0,0.0,0.0,0.0,0.0,0.0,0.0,0.0,0.0,0.0,0.0,0.0,0.0,0.0,0.0,105.0,0.0,0.0,105.0,0.0,0.0,0.0,0.0,0.0,0.0,0.0,0.0,12.0,0.0,30.0,12.0,33.0,30.0,20.0,33.0,0.0,20.0,10.0,0.0,0.0,10.0,0.0,0.0,0.0,0.0,"Jan 19, 2017"
435,1305020.0,23769.0,Sulaymaniyah,Kalar,Sherwana,شيروانة,34.6108576753,45.3166238,29.0,174.0,5.0,0.0,0.0,0.0,0.0,24.0,0.0,0.0,0.0,0.0,0.0,0.0,0.0,0.0,0.0,0.0,0.0,0.0,0.0,0.0,0.0,0.0,0.0,0.0,0.0,0.0,29.0,0.0,0.0,29.0,0.0,0.0,0.0,0.0,0.0,0.0,0.0,0.0,5.0,0.0,16.0,5.0,0.0,16.0,8.0,0.0,0.0,8.0,0.0,0.0,0.0,0.0,0.0,0.0,0.0,0.0,"Jan 19, 2017"
436,1305021.0,24890.0,Sulaymaniyah,Kalar,Sirwan,سيروان,34.6223123048,45.3304388,123.0,738.0,19.0,0.0,0.0,0.0,0.0,104.0,0.0,0.0,0.0,0.0,0.0,0.0,0.0,0.0,0.0,0.0,0.0,0.0,0.0,0.0,0.0,0.0,0.0,0.0,0.0,0.0,123.0,0.0,0.0,123.0,0.0,0.0,0.0,0.0,0.0,0.0,0.0,0.0,5.0,0.0,104.0,5.0,0.0,104.0,9.0,0.0,5.0,9.0,0.0,5.0,0.0,0.0,0.0,0.0,0.0,0.0,"Jan 19, 2017"
437,1305022.0,26072.0,Sulaymaniyah,Kalar,Tazade ,تازة دي كمب,34.7055127,45.4486086,478.0,2868.0,188.0,102.0,1.0,0.0,0.0,48.0,0.0,0.0,0.0,0.0,0.0,0.0,63.0,0.0,76.0,0.0,0.0,0.0,478.0,0.0,0.0,0.0,0.0,0.0,0.0,0.0,0.0,0.0,0.0,0.0,0.0,0.0,0.0,0.0,0.0,0.0,0.0,0.0,19.0,0.0,130.0,19.0,28.0,130.0,88.0,28.0,76.0,88.0,58.0,76.0,79.0,58.0,0.0,79.0,0.0,0.0,"Jan 19, 2017"
438,1305023.0,29688.0,Sulaymaniyah,Kalar,Qarablagh,قربلاغ,34.4945929,45.1937311,38.0,228.0,0.0,0.0,0.0,0.0,0.0,38.0,0.0,0.0,0.0,0.0,0.0,0.0,0.0,0.0,0.0,0.0,0.0,0.0,0.0,0.0,0.0,0.0,0.0,3.0,0.0,0.0,0.0,0.0,0.0,0.0,0.0,0.0,29.0,0.0,6.0,29.0,0.0,6.0,0.0,0.0,37.0,0.0,1.0,37.0,0.0,1.0,0.0,0.0,0.0,0.0,0.0,0.0,0.0,0.0,0.0,0.0,"Jan 19, 2017"
439,1305024.0,29689.0,Sulaymaniyah,Kalar,Ali Khalaf,علي خلف,34.5371328,45.0451062,115.0,690.0,0.0,0.0,0.0,0.0,0.0,115.0,0.0,0.0,0.0,0.0,0.0,0.0,0.0,0.0,0.0,0.0,0.0,0.0,0.0,115.0,0.0,0.0,0.0,0.0,0.0,0.0,0.0,0.0,0.0,0.0,0.0,0.0,0.0,0.0,0.0,0.0,0.0,0.0,0.0,0.0,115.0,0.0,0.0,115.0,0.0,0.0,0.0,0.0,0.0,0.0,0.0,0.0,0.0,0.0,0.0,0.0,"Jan 19, 2017"
440,1305025.0,29690.0,Sulaymaniyah,Kalar,Said midrey,سيد مدري,34.5517613,45.0251373,40.0,240.0,0.0,0.0,0.0,0.0,0.0,40.0,0.0,0.0,0.0,0.0,0.0,0.0,0.0,0.0,0.0,0.0,0.0,0.0,0.0,22.0,0.0,0.0,0.0,0.0,0.0,0.0,13.0,0.0,0.0,13.0,0.0,0.0,0.0,0.0,5.0,0.0,0.0,5.0,0.0,0.0,40.0,0.0,0.0,40.0,0.0,0.0,0.0,0.0,0.0,0.0,0.0,0.0,0.0,0.0,0.0,0.0,"Jan 19, 2017"
441,1305026.0,29694.0,Sulaymaniyah,Kalar,Kogiz,كوكز,34.4944954,45.1095989,21.0,126.0,0.0,0.0,0.0,0.0,0.0,21.0,0.0,0.0,0.0,0.0,0.0,0.0,0.0,0.0,0.0,0.0,0.0,0.0,0.0,14.0,0.0,0.0,0.0,0.0,0.0,0.0,7.0,0.0,0.0,7.0,0.0,0.0,0.0,0.0,0.0,0.0,0.0,0.0,0.0,0.0,21.0,0.0,0.0,21.0,0.0,0.0,0.0,0.0,0.0,0.0,0.0,0.0,0.0,0.0,0.0,0.0,"Jan 19, 2017"
442,1305027.0,29695.0,Sulaymaniyah,Kalar,Taza shar,تازة شار,34.490628,45.1194962,23.0,138.0,0.0,0.0,0.0,0.0,0.0,23.0,0.0,0.0,0.0,0.0,0.0,0.0,0.0,0.0,0.0,0.0,0.0,0.0,0.0,20.0,0.0,0.0,0.0,0.0,0.0,0.0,3.0,0.0,0.0,3.0,0.0,0.0,0.0,0.0,0.0,0.0,0.0,0.0,0.0,0.0,23.0,0.0,0.0,23.0,0.0,0.0,0.0,0.0,0.0,0.0,0.0,0.0,0.0,0.0,0.0,0.0,"Jan 19, 2017"
443,1305028.0,29696.0,Sulaymaniyah,Kalar,Ban sindooq,بان سندوق,34.4780623,45.1465226,21.0,126.0,0.0,0.0,0.0,0.0,0.0,21.0,0.0,0.0,0.0,0.0,0.0,0.0,0.0,0.0,0.0,0.0,0.0,0.0,0.0,19.0,0.0,0.0,0.0,0.0,0.0,0.0,2.0,0.0,0.0,2.0,0.0,0.0,0.0,0.0,0.0,0.0,0.0,0.0,0.0,0.0,21.0,0.0,0.0,21.0,0.0,0.0,0.0,0.0,0.0,0.0,0.0,0.0,0.0,0.0,0.0,0.0,"Jan 19, 2017"
444,1305029.0,29697.0,Sulaymaniyah,Kalar,Awbara,اوبارة,34.5220742,45.1565109,12.0,72.0,0.0,0.0,0.0,0.0,0.0,12.0,0.0,0.0,0.0,0.0,0.0,0.0,0.0,0.0,0.0,0.0,0.0,0.0,0.0,0.0,0.0,0.0,0.0,0.0,0.0,0.0,12.0,0.0,0.0,12.0,0.0,0.0,0.0,0.0,0.0,0.0,0.0,0.0,0.0,0.0,12.0,0.0,0.0,12.0,0.0,0.0,0.0,0.0,0.0,0.0,0.0,0.0,0.0,0.0,0.0,0.0,"Jan 19, 2017"
445,1305030.0,5849.0,Sulaymaniyah,Kalar,Gomar,كومار,34.5468772,45.1259153,13.0,78.0,0.0,0.0,0.0,0.0,0.0,13.0,0.0,0.0,0.0,0.0,0.0,0.0,0.0,0.0,0.0,0.0,0.0,0.0,0.0,0.0,0.0,0.0,0.0,0.0,0.0,0.0,13.0,0.0,0.0,13.0,0.0,0.0,0.0,0.0,0.0,0.0,0.0,0.0,0.0,0.0,13.0,0.0,0.0,13.0,0.0,0.0,0.0,0.0,0.0,0.0,0.0,0.0,0.0,0.0,0.0,0.0,"Jan 19, 2017"
446,1306001.0,22454.0,Sulaymaniyah,Penjwin,Alyasafra,الياسفرة,35.615712,45.9544744,3.0,18.0,2.0,0.0,0.0,0.0,0.0,1.0,0.0,0.0,0.0,0.0,0.0,0.0,0.0,0.0,0.0,0.0,0.0,0.0,0.0,0.0,0.0,0.0,0.0,0.0,0.0,0.0,3.0,0.0,0.0,3.0,0.0,0.0,0.0,0.0,0.0,0.0,0.0,0.0,0.0,0.0,0.0,0.0,1.0,0.0,0.0,1.0,2.0,0.0,0.0,2.0,0.0,0.0,0.0,0.0,0.0,0.0,"Jan 19, 2017"
447,1306003.0,22459.0,Sulaymaniyah,Penjwin,Mamostayan,ماموستايان,35.6216293,45.9502174,3.0,18.0,1.0,0.0,0.0,0.0,0.0,2.0,0.0,0.0,0.0,0.0,0.0,0.0,0.0,0.0,0.0,0.0,0.0,0.0,0.0,0.0,0.0,0.0,0.0,0.0,0.0,0.0,3.0,0.0,0.0,3.0,0.0,0.0,0.0,0.0,0.0,0.0,0.0,0.0,0.0,0.0,0.0,0.0,2.0,0.0,0.0,2.0,1.0,0.0,0.0,1.0,0.0,0.0,0.0,0.0,0.0,0.0,"Jan 19, 2017"
448,1306005.0,22591.0,Sulaymaniyah,Penjwin,Rzgari,رزكاري,35.6302076,45.9376222,3.0,18.0,3.0,0.0,0.0,0.0,0.0,0.0,0.0,0.0,0.0,0.0,0.0,0.0,0.0,0.0,0.0,0.0,0.0,0.0,0.0,0.0,0.0,0.0,0.0,0.0,0.0,0.0,3.0,0.0,0.0,3.0,0.0,0.0,0.0,0.0,0.0,0.0,0.0,0.0,0.0,0.0,0.0,0.0,0.0,0.0,2.0,0.0,1.0,2.0,0.0,1.0,0.0,0.0,0.0,0.0,0.0,0.0,"Jan 19, 2017"
449,1307001.0,24669.0,Sulaymaniyah,Pshdar,Ashty-Qaladiza,اشتي-قلادزي,36.182806,45.1353735,67.0,402.0,0.0,0.0,0.0,0.0,0.0,0.0,0.0,0.0,0.0,0.0,0.0,0.0,67.0,0.0,0.0,0.0,0.0,0.0,0.0,0.0,0.0,24.0,0.0,0.0,24.0,0.0,0.0,0.0,0.0,0.0,0.0,0.0,0.0,0.0,43.0,0.0,0.0,43.0,0.0,0.0,0.0,0.0,67.0,0.0,0.0,67.0,0.0,0.0,0.0,0.0,0.0,0.0,0.0,0.0,0.0,0.0,"Jan 19, 2017"
450,1307002.0,24492.0,Sulaymaniyah,Pshdar,Khanaqa-Qaladiza,خانقا-قلادزي,36.1835023,45.1215687,96.0,576.0,44.0,0.0,0.0,0.0,0.0,0.0,0.0,0.0,0.0,0.0,0.0,0.0,12.0,0.0,40.0,0.0,0.0,0.0,0.0,0.0,0.0,0.0,0.0,0.0,0.0,0.0,96.0,0.0,0.0,96.0,0.0,0.0,0.0,0.0,0.0,0.0,0.0,0.0,10.0,0.0,0.0,10.0,12.0,0.0,40.0,12.0,31.0,40.0,3.0,31.0,0.0,3.0,0.0,0.0,0.0,0.0,"Jan 19, 2017"
451,1307003.0,6124.0,Sulaymaniyah,Pshdar,Sangasar,سنكسر,36.2424555,45.008936,48.0,288.0,24.0,0.0,9.0,0.0,0.0,0.0,0.0,0.0,0.0,0.0,0.0,0.0,6.0,0.0,9.0,0.0,0.0,0.0,0.0,0.0,0.0,0.0,0.0,0.0,0.0,0.0,48.0,0.0,0.0,48.0,0.0,0.0,0.0,0.0,0.0,0.0,0.0,0.0,5.0,0.0,18.0,5.0,8.0,18.0,5.0,8.0,6.0,5.0,6.0,6.0,0.0,6.0,0.0,0.0,0.0,0.0,"Jan 19, 2017"
452,1308001.0,24898.0,Sulaymaniyah,Rania,Chwarchra,جوارجرا,36.2444748,44.7756853,8.0,48.0,8.0,0.0,0.0,0.0,0.0,0.0,0.0,0.0,0.0,0.0,0.0,0.0,0.0,0.0,0.0,0.0,0.0,0.0,0.0,0.0,0.0,0.0,0.0,0.0,0.0,0.0,8.0,0.0,0.0,8.0,0.0,0.0,0.0,0.0,0.0,0.0,0.0,0.0,2.0,0.0,0.0,2.0,0.0,0.0,4.0,0.0,2.0,4.0,0.0,2.0,0.0,0.0,0.0,0.0,0.0,0.0,"Jan 19, 2017"
453,1308003.0,25298.0,Sulaymaniyah,Rania,Koling city,كولين ستي,36.2287787,44.8485077,281.0,1686.0,134.0,0.0,10.0,0.0,0.0,8.0,0.0,0.0,0.0,0.0,0.0,0.0,124.0,0.0,5.0,0.0,0.0,0.0,0.0,0.0,0.0,0.0,0.0,0.0,0.0,0.0,281.0,0.0,0.0,281.0,0.0,0.0,0.0,0.0,0.0,0.0,0.0,0.0,15.0,0.0,89.0,15.0,60.0,89.0,48.0,60.0,69.0,48.0,0.0,69.0,0.0,0.0,0.0,0.0,0.0,0.0,"Jan 19, 2017"
454,1308004.0,25296.0,Sulaymaniyah,Rania,Qandil,قنديل,36.2097303,44.8337084,55.0,330.0,22.0,0.0,6.0,0.0,0.0,4.0,0.0,0.0,0.0,0.0,0.0,0.0,19.0,0.0,4.0,0.0,0.0,0.0,0.0,0.0,0.0,0.0,0.0,0.0,0.0,0.0,55.0,0.0,0.0,55.0,0.0,0.0,0.0,0.0,0.0,0.0,0.0,0.0,4.0,0.0,0.0,4.0,19.0,0.0,0.0,19.0,25.0,0.0,7.0,25.0,0.0,7.0,0.0,0.0,0.0,0.0,"Jan 19, 2017"
455,1308005.0,25293.0,Sulaymaniyah,Rania,Raparine,رابرين,36.20458,44.8215052,33.0,198.0,19.0,0.0,0.0,0.0,0.0,0.0,0.0,0.0,0.0,0.0,0.0,0.0,14.0,0.0,0.0,0.0,0.0,0.0,0.0,0.0,0.0,0.0,0.0,0.0,0.0,0.0,33.0,0.0,0.0,33.0,0.0,0.0,0.0,0.0,0.0,0.0,0.0,0.0,4.0,0.0,0.0,4.0,14.0,0.0,4.0,14.0,11.0,4.0,0.0,11.0,0.0,0.0,0.0,0.0,0.0,0.0,"Jan 19, 2017"
456,1308006.0,25297.0,Sulaymaniyah,Rania,Rozhhalat,روزهلات,36.2114866,44.836857,22.0,132.0,2.0,0.0,0.0,0.0,0.0,4.0,0.0,0.0,0.0,0.0,0.0,0.0,13.0,0.0,3.0,0.0,0.0,0.0,0.0,0.0,0.0,0.0,0.0,0.0,0.0,0.0,22.0,0.0,0.0,22.0,0.0,0.0,0.0,0.0,0.0,0.0,0.0,0.0,0.0,0.0,9.0,0.0,11.0,9.0,0.0,11.0,2.0,0.0,0.0,2.0,0.0,0.0,0.0,0.0,0.0,0.0,"Jan 19, 2017"
457,1308007.0,25294.0,Sulaymaniyah,Rania,Rezgari,رزكاري,36.2028494,44.8233995,23.0,138.0,13.0,0.0,5.0,0.0,0.0,5.0,0.0,0.0,0.0,0.0,0.0,0.0,0.0,0.0,0.0,0.0,0.0,0.0,0.0,0.0,0.0,0.0,0.0,0.0,0.0,0.0,23.0,0.0,0.0,23.0,0.0,0.0,0.0,0.0,0.0,0.0,0.0,0.0,0.0,0.0,5.0,0.0,3.0,5.0,7.0,3.0,6.0,7.0,2.0,6.0,0.0,2.0,0.0,0.0,0.0,0.0,"Jan 19, 2017"
458,1308009.0,25522.0,Sulaymaniyah,Rania,Kewa Rash,كيوره ش,36.2633631,44.8813414,35.0,210.0,27.0,0.0,0.0,0.0,0.0,1.0,0.0,0.0,0.0,0.0,0.0,0.0,3.0,0.0,4.0,0.0,0.0,0.0,0.0,0.0,0.0,0.0,0.0,0.0,0.0,0.0,35.0,0.0,0.0,35.0,0.0,0.0,0.0,0.0,0.0,0.0,0.0,0.0,0.0,0.0,0.0,0.0,4.0,0.0,19.0,4.0,10.0,19.0,2.0,10.0,0.0,2.0,0.0,0.0,0.0,0.0,"Jan 19, 2017"
459,1308010.0,24814.0,Sulaymaniyah,Rania,Mamostayan,ماموستايان,36.2589441,44.8900763,26.0,156.0,17.0,0.0,3.0,0.0,0.0,0.0,0.0,0.0,0.0,0.0,0.0,0.0,6.0,0.0,0.0,0.0,0.0,0.0,0.0,0.0,0.0,0.0,0.0,0.0,0.0,0.0,26.0,0.0,0.0,26.0,0.0,0.0,0.0,0.0,0.0,0.0,0.0,0.0,0.0,0.0,16.0,0.0,0.0,16.0,4.0,0.0,6.0,4.0,0.0,6.0,0.0,0.0,0.0,0.0,0.0,0.0,"Jan 19, 2017"
460,1308011.0,24101.0,Sulaymaniyah,Rania,Nawroz,نوروز,36.2494431,44.8741161,38.0,228.0,27.0,0.0,0.0,0.0,0.0,0.0,0.0,0.0,0.0,0.0,0.0,0.0,9.0,0.0,2.0,0.0,0.0,0.0,0.0,0.0,0.0,0.0,0.0,0.0,0.0,0.0,38.0,0.0,0.0,38.0,0.0,0.0,0.0,0.0,0.0,0.0,0.0,0.0,8.0,0.0,2.0,8.0,7.0,2.0,8.0,7.0,13.0,8.0,0.0,13.0,0.0,0.0,0.0,0.0,0.0,0.0,"Jan 19, 2017"
461,1308012.0,24897.0,Sulaymaniyah,Rania,Peshawa,بيشوا,36.2471583,44.8796359,14.0,84.0,14.0,0.0,0.0,0.0,0.0,0.0,0.0,0.0,0.0,0.0,0.0,0.0,0.0,0.0,0.0,0.0,0.0,0.0,0.0,0.0,0.0,0.0,0.0,0.0,0.0,0.0,14.0,0.0,0.0,14.0,0.0,0.0,0.0,0.0,0.0,0.0,0.0,0.0,4.0,0.0,0.0,4.0,0.0,0.0,3.0,0.0,7.0,3.0,0.0,7.0,0.0,0.0,0.0,0.0,0.0,0.0,"Jan 19, 2017"
462,1308013.0,4201.0,Sulaymaniyah,Rania,Qalat,قلات,36.2540685,44.8853674,34.0,204.0,22.0,0.0,5.0,0.0,0.0,0.0,0.0,0.0,0.0,0.0,0.0,0.0,7.0,0.0,0.0,0.0,0.0,0.0,0.0,0.0,0.0,0.0,0.0,0.0,0.0,0.0,34.0,0.0,0.0,34.0,0.0,0.0,0.0,0.0,0.0,0.0,0.0,0.0,5.0,0.0,0.0,5.0,17.0,0.0,0.0,17.0,6.0,0.0,6.0,6.0,0.0,6.0,0.0,0.0,0.0,0.0,"Jan 19, 2017"
463,1308014.0,24100.0,Sulaymaniyah,Rania,Qula,قولة,36.2568178,44.8862437,20.0,120.0,15.0,0.0,1.0,0.0,0.0,0.0,0.0,0.0,0.0,0.0,0.0,0.0,4.0,0.0,0.0,0.0,0.0,0.0,0.0,0.0,0.0,0.0,0.0,0.0,0.0,0.0,20.0,0.0,0.0,20.0,0.0,0.0,0.0,0.0,0.0,0.0,0.0,0.0,9.0,0.0,0.0,9.0,4.0,0.0,1.0,4.0,6.0,1.0,0.0,6.0,0.0,0.0,0.0,0.0,0.0,0.0,"Jan 19, 2017"
464,1308015.0,25521.0,Sulaymaniyah,Rania,Rozh City,روز ستي,36.2595262,44.8516259,9.0,54.0,2.0,0.0,0.0,0.0,0.0,0.0,0.0,0.0,0.0,0.0,0.0,0.0,7.0,0.0,0.0,0.0,0.0,0.0,0.0,0.0,0.0,0.0,0.0,0.0,0.0,0.0,9.0,0.0,0.0,9.0,0.0,0.0,0.0,0.0,0.0,0.0,0.0,0.0,0.0,0.0,0.0,0.0,7.0,0.0,2.0,7.0,0.0,2.0,0.0,0.0,0.0,0.0,0.0,0.0,0.0,0.0,"Jan 19, 2017"
465,1308016.0,5583.0,Sulaymaniyah,Rania,Sarkapkan,سركبكان,36.2866879,44.8240522,3.0,18.0,1.0,0.0,0.0,0.0,0.0,1.0,0.0,0.0,0.0,0.0,0.0,0.0,0.0,0.0,1.0,0.0,0.0,0.0,0.0,0.0,0.0,0.0,0.0,0.0,0.0,0.0,3.0,0.0,0.0,3.0,0.0,0.0,0.0,0.0,0.0,0.0,0.0,0.0,2.0,0.0,1.0,2.0,0.0,1.0,0.0,0.0,0.0,0.0,0.0,0.0,0.0,0.0,0.0,0.0,0.0,0.0,"Jan 19, 2017"
466,1308017.0,25574.0,Sulaymaniyah,Rania,Shahidan,شهيدان,36.2606847,44.8844135,32.0,192.0,32.0,0.0,0.0,0.0,0.0,0.0,0.0,0.0,0.0,0.0,0.0,0.0,0.0,0.0,0.0,0.0,0.0,0.0,0.0,0.0,0.0,0.0,0.0,0.0,0.0,0.0,32.0,0.0,0.0,32.0,0.0,0.0,0.0,0.0,0.0,0.0,0.0,0.0,6.0,0.0,8.0,6.0,0.0,8.0,11.0,0.0,7.0,11.0,0.0,7.0,0.0,0.0,0.0,0.0,0.0,0.0,"Jan 19, 2017"
467,1308018.0,24895.0,Sulaymaniyah,Rania,Shishar,شيشار,36.2449787,44.7716129,22.0,132.0,17.0,0.0,0.0,0.0,0.0,0.0,0.0,0.0,0.0,0.0,0.0,0.0,5.0,0.0,0.0,0.0,0.0,0.0,0.0,0.0,0.0,0.0,0.0,0.0,0.0,0.0,22.0,0.0,0.0,22.0,0.0,0.0,0.0,0.0,0.0,0.0,0.0,0.0,5.0,0.0,9.0,5.0,2.0,9.0,4.0,2.0,2.0,4.0,0.0,2.0,0.0,0.0,0.0,0.0,0.0,0.0,"Jan 19, 2017"
468,1308019.0,24896.0,Sulaymaniyah,Rania,Tekoshar,تيكوشر,36.2282225,44.8003327,24.0,144.0,18.0,0.0,2.0,0.0,0.0,0.0,0.0,0.0,0.0,0.0,0.0,0.0,3.0,0.0,1.0,0.0,0.0,0.0,0.0,0.0,0.0,0.0,0.0,0.0,0.0,0.0,24.0,0.0,0.0,24.0,0.0,0.0,0.0,0.0,0.0,0.0,0.0,0.0,5.0,0.0,14.0,5.0,0.0,14.0,3.0,0.0,2.0,3.0,0.0,2.0,0.0,0.0,0.0,0.0,0.0,0.0,"Jan 19, 2017"
469,1308020.0,25295.0,Sulaymaniyah,Rania,Yakiati,يكيتي,36.2046216,44.8269034,26.0,156.0,12.0,0.0,14.0,0.0,0.0,0.0,0.0,0.0,0.0,0.0,0.0,0.0,0.0,0.0,0.0,0.0,0.0,0.0,0.0,0.0,0.0,0.0,0.0,0.0,0.0,0.0,26.0,0.0,0.0,26.0,0.0,0.0,0.0,0.0,0.0,0.0,0.0,0.0,7.0,0.0,12.0,7.0,5.0,12.0,0.0,5.0,0.0,0.0,2.0,0.0,0.0,2.0,0.0,0.0,0.0,0.0,"Jan 19, 2017"
470,1308021.0,29686.0,Sulaymaniyah,Rania,Saraa,سراا,36.2112346,44.8277604,15.0,90.0,15.0,0.0,0.0,0.0,0.0,0.0,0.0,0.0,0.0,0.0,0.0,0.0,0.0,0.0,0.0,0.0,0.0,0.0,0.0,0.0,0.0,0.0,0.0,0.0,0.0,0.0,15.0,0.0,0.0,15.0,0.0,0.0,0.0,0.0,0.0,0.0,0.0,0.0,15.0,0.0,0.0,15.0,0.0,0.0,0.0,0.0,0.0,0.0,0.0,0.0,0.0,0.0,0.0,0.0,0.0,0.0,"Jan 19, 2017"
471,1308022.0,5568.0,Sulaymaniyah,Rania,kurdistan,كوردستان,36.2205991,44.8359597,6.0,36.0,3.0,0.0,0.0,0.0,0.0,0.0,0.0,0.0,0.0,0.0,0.0,0.0,3.0,0.0,0.0,0.0,0.0,0.0,0.0,0.0,0.0,0.0,0.0,0.0,0.0,0.0,6.0,0.0,0.0,6.0,0.0,0.0,0.0,0.0,0.0,0.0,0.0,0.0,0.0,0.0,3.0,0.0,3.0,3.0,0.0,3.0,0.0,0.0,0.0,0.0,0.0,0.0,0.0,0.0,0.0,0.0,"Jan 19, 2017"
472,1308023.0,4179.0,Sulaymaniyah,Rania,Makok,ماكوك,36.2113791,44.8214469,15.0,90.0,11.0,0.0,3.0,0.0,0.0,0.0,0.0,0.0,0.0,0.0,0.0,0.0,1.0,0.0,0.0,0.0,0.0,0.0,0.0,0.0,0.0,0.0,0.0,0.0,0.0,0.0,15.0,0.0,0.0,15.0,0.0,0.0,0.0,0.0,0.0,0.0,0.0,0.0,7.0,0.0,5.0,7.0,1.0,5.0,2.0,1.0,0.0,2.0,0.0,0.0,0.0,0.0,0.0,0.0,0.0,0.0,"Jan 19, 2017"
473,1308024.0,29687.0,Sulaymaniyah,Rania,Sarseen,سرسين,36.2299408,44.7836813,9.0,54.0,0.0,0.0,0.0,0.0,0.0,0.0,0.0,0.0,0.0,0.0,0.0,0.0,9.0,0.0,0.0,0.0,0.0,0.0,0.0,0.0,0.0,0.0,0.0,0.0,0.0,0.0,9.0,0.0,0.0,9.0,0.0,0.0,0.0,0.0,0.0,0.0,0.0,0.0,0.0,0.0,4.0,0.0,5.0,4.0,0.0,5.0,0.0,0.0,0.0,0.0,0.0,0.0,0.0,0.0,0.0,0.0,"Jan 19, 2017"
474,1309002.0,4307.0,Sulaymaniyah,Sharbazher,Gapilon,كابيلون,35.796744,45.351584,8.0,48.0,0.0,1.0,1.0,0.0,0.0,3.0,0.0,0.0,0.0,0.0,0.0,0.0,3.0,0.0,0.0,0.0,0.0,0.0,0.0,0.0,0.0,0.0,0.0,3.0,0.0,0.0,5.0,0.0,0.0,5.0,0.0,0.0,0.0,0.0,0.0,0.0,0.0,0.0,0.0,0.0,4.0,0.0,4.0,4.0,0.0,4.0,0.0,0.0,0.0,0.0,0.0,0.0,0.0,0.0,0.0,0.0,"Jan 19, 2017"
475,1309003.0,4239.0,Sulaymaniyah,Sharbazher,Sitak,سيتك,35.6372788,45.5042501,80.0,480.0,0.0,0.0,0.0,0.0,0.0,0.0,0.0,0.0,0.0,0.0,0.0,0.0,80.0,0.0,0.0,0.0,0.0,0.0,0.0,0.0,0.0,0.0,0.0,14.0,0.0,23.0,34.0,23.0,0.0,34.0,0.0,0.0,0.0,0.0,9.0,0.0,0.0,9.0,0.0,0.0,0.0,0.0,80.0,0.0,0.0,80.0,0.0,0.0,0.0,0.0,0.0,0.0,0.0,0.0,0.0,0.0,"Jan 19, 2017"
476,1309004.0,4233.0,Sulaymaniyah,Sharbazher,Tagaran,تكران,35.6662216,45.5364965,22.0,132.0,0.0,0.0,2.0,0.0,0.0,0.0,0.0,0.0,0.0,0.0,0.0,0.0,20.0,0.0,0.0,0.0,0.0,0.0,0.0,0.0,0.0,0.0,0.0,10.0,0.0,0.0,12.0,0.0,0.0,12.0,0.0,0.0,0.0,0.0,0.0,0.0,0.0,0.0,0.0,0.0,0.0,0.0,20.0,0.0,0.0,20.0,0.0,0.0,2.0,0.0,0.0,2.0,0.0,0.0,0.0,0.0,"Jan 19, 2017"
477,1310001.0,23716.0,Sulaymaniyah,Sulaymaniya,Ablakh 410,ابلاخ 410,35.5565334,45.4080496,69.0,414.0,54.0,0.0,5.0,0.0,0.0,0.0,0.0,0.0,0.0,0.0,0.0,0.0,7.0,0.0,3.0,0.0,0.0,0.0,0.0,0.0,0.0,0.0,0.0,0.0,0.0,0.0,69.0,0.0,0.0,69.0,0.0,0.0,0.0,0.0,0.0,0.0,0.0,0.0,10.0,0.0,17.0,10.0,13.0,17.0,21.0,13.0,6.0,21.0,2.0,6.0,0.0,2.0,0.0,0.0,0.0,0.0,"Jan 19, 2017"
478,1310002.0,24119.0,Sulaymaniyah,Sulaymaniya,Alban,البان,35.5485356,45.3652613,40.0,240.0,26.0,0.0,8.0,0.0,0.0,4.0,0.0,0.0,0.0,0.0,0.0,0.0,0.0,0.0,2.0,0.0,0.0,0.0,0.0,0.0,0.0,0.0,0.0,0.0,0.0,0.0,40.0,0.0,0.0,40.0,0.0,0.0,0.0,0.0,0.0,0.0,0.0,0.0,6.0,0.0,14.0,6.0,0.0,14.0,10.0,0.0,6.0,10.0,4.0,6.0,0.0,4.0,0.0,0.0,0.0,0.0,"Jan 19, 2017"
479,1310003.0,23771.0,Sulaymaniyah,Sulaymaniya,Bazian-Allaye,اللاهى,35.5807438,45.1747295,315.0,1890.0,79.0,0.0,28.0,0.0,0.0,23.0,0.0,0.0,0.0,0.0,0.0,0.0,151.0,0.0,34.0,0.0,0.0,0.0,0.0,0.0,0.0,0.0,0.0,149.0,0.0,0.0,166.0,0.0,0.0,166.0,0.0,0.0,0.0,0.0,0.0,0.0,0.0,0.0,38.0,0.0,80.0,38.0,112.0,80.0,55.0,112.0,15.0,55.0,15.0,15.0,0.0,15.0,0.0,0.0,0.0,0.0,"Jan 19, 2017"
480,1310004.0,23635.0,Sulaymaniyah,Sulaymaniya,Aqari,عقاري,35.5589902,45.4284129,52.0,312.0,32.0,0.0,12.0,0.0,0.0,0.0,0.0,0.0,0.0,0.0,0.0,0.0,8.0,0.0,0.0,0.0,0.0,0.0,0.0,0.0,0.0,0.0,0.0,0.0,0.0,0.0,52.0,0.0,0.0,52.0,0.0,0.0,0.0,0.0,0.0,0.0,0.0,0.0,11.0,0.0,10.0,11.0,5.0,10.0,10.0,5.0,11.0,10.0,5.0,11.0,0.0,5.0,0.0,0.0,0.0,0.0,"Jan 19, 2017"
481,1310005.0,23692.0,Sulaymaniyah,Sulaymaniya,Arbai IDP,عربت كمب للنازحين,35.4324878,45.5904947,415.0,2490.0,0.0,1.0,0.0,0.0,0.0,3.0,0.0,0.0,0.0,0.0,0.0,0.0,14.0,0.0,397.0,0.0,0.0,0.0,415.0,0.0,0.0,0.0,0.0,0.0,0.0,0.0,0.0,0.0,0.0,0.0,0.0,0.0,0.0,0.0,0.0,0.0,0.0,0.0,0.0,0.0,17.0,0.0,1.0,17.0,397.0,1.0,0.0,397.0,0.0,0.0,0.0,0.0,0.0,0.0,0.0,0.0,"Jan 19, 2017"
482,1310006.0,25289.0,Sulaymaniyah,Sulaymaniya,Arbat-Arbat Kon,عربت كون,35.4212931,45.5798565,27.0,162.0,6.0,5.0,0.0,0.0,0.0,13.0,0.0,0.0,0.0,0.0,0.0,0.0,0.0,0.0,3.0,0.0,0.0,0.0,0.0,0.0,0.0,0.0,0.0,0.0,0.0,0.0,27.0,0.0,0.0,27.0,0.0,0.0,0.0,0.0,0.0,0.0,0.0,0.0,0.0,0.0,2.0,0.0,2.0,2.0,18.0,2.0,5.0,18.0,0.0,5.0,0.0,0.0,0.0,0.0,0.0,0.0,"Jan 19, 2017"
483,1310007.0,25291.0,Sulaymaniyah,Sulaymaniya,Arbat-Ashty,اشتي,35.4252833,45.5856086,22.0,132.0,13.0,4.0,2.0,0.0,0.0,0.0,0.0,0.0,0.0,0.0,0.0,0.0,0.0,0.0,3.0,0.0,0.0,0.0,0.0,0.0,0.0,0.0,0.0,0.0,0.0,0.0,22.0,0.0,0.0,22.0,0.0,0.0,0.0,0.0,0.0,0.0,0.0,0.0,1.0,0.0,3.0,1.0,2.0,3.0,10.0,2.0,5.0,10.0,1.0,5.0,0.0,1.0,0.0,0.0,0.0,0.0,"Jan 19, 2017"
484,1310008.0,25290.0,Sulaymaniyah,Sulaymaniya,Arbat-Qalat,قلات,35.4261808,45.5789428,19.0,114.0,13.0,3.0,0.0,0.0,0.0,0.0,0.0,0.0,0.0,0.0,0.0,0.0,0.0,0.0,3.0,0.0,0.0,0.0,0.0,0.0,0.0,0.0,0.0,0.0,0.0,0.0,19.0,0.0,0.0,19.0,0.0,0.0,0.0,0.0,0.0,0.0,0.0,0.0,0.0,0.0,2.0,0.0,2.0,2.0,10.0,2.0,5.0,10.0,0.0,5.0,0.0,0.0,0.0,0.0,0.0,0.0,"Jan 19, 2017"
485,1310009.0,25292.0,Sulaymaniyah,Sulaymaniya,Arbat-Shahidan,شهيدان,35.4154222,45.5831556,35.0,210.0,16.0,15.0,2.0,0.0,0.0,0.0,0.0,0.0,0.0,0.0,0.0,0.0,0.0,0.0,2.0,0.0,0.0,0.0,0.0,0.0,0.0,0.0,0.0,0.0,0.0,0.0,35.0,0.0,0.0,35.0,0.0,0.0,0.0,0.0,0.0,0.0,0.0,0.0,2.0,0.0,14.0,2.0,2.0,14.0,9.0,2.0,7.0,9.0,1.0,7.0,0.0,1.0,0.0,0.0,0.0,0.0,"Jan 19, 2017"
486,1310010.0,21279.0,Sulaymaniyah,Sulaymaniya,Ashty 106 & 104,اشتي 106 &104,35.5707376,45.4261491,99.0,594.0,74.0,0.0,18.0,0.0,0.0,0.0,0.0,0.0,0.0,0.0,0.0,0.0,0.0,0.0,7.0,0.0,0.0,0.0,0.0,0.0,8.0,0.0,0.0,0.0,0.0,0.0,91.0,0.0,0.0,91.0,0.0,0.0,0.0,0.0,0.0,0.0,0.0,0.0,14.0,0.0,16.0,14.0,11.0,16.0,20.0,11.0,28.0,20.0,10.0,28.0,0.0,10.0,0.0,0.0,0.0,0.0,"Jan 19, 2017"
487,1310011.0,25874.0,Sulaymaniyah,Sulaymaniya,Ashty-Bazyan,اشتي-بازيان,35.5854129,45.156269,39.0,234.0,22.0,0.0,0.0,0.0,0.0,3.0,0.0,0.0,0.0,0.0,0.0,0.0,14.0,0.0,0.0,0.0,0.0,0.0,0.0,0.0,0.0,0.0,0.0,0.0,0.0,0.0,39.0,0.0,0.0,39.0,0.0,0.0,0.0,0.0,0.0,0.0,0.0,0.0,3.0,0.0,3.0,3.0,14.0,3.0,7.0,14.0,11.0,7.0,1.0,11.0,0.0,1.0,0.0,0.0,0.0,0.0,"Jan 19, 2017"
488,1310012.0,5737.0,Sulaymaniyah,Sulaymaniya,Awbara,اوبارة,35.5515613,45.3801727,174.0,1044.0,95.0,0.0,34.0,0.0,0.0,13.0,0.0,0.0,0.0,0.0,0.0,0.0,14.0,0.0,18.0,0.0,0.0,0.0,0.0,0.0,0.0,0.0,0.0,0.0,0.0,0.0,174.0,0.0,0.0,174.0,0.0,0.0,0.0,0.0,0.0,0.0,0.0,0.0,13.0,0.0,22.0,13.0,7.0,22.0,74.0,7.0,29.0,74.0,29.0,29.0,0.0,29.0,0.0,0.0,0.0,0.0,"Jan 19, 2017"
489,1310013.0,21202.0,Sulaymaniyah,Sulaymaniya,Azadi,ازادى,35.5615181345,45.4659565,134.0,804.0,103.0,0.0,17.0,0.0,0.0,3.0,0.0,0.0,0.0,0.0,0.0,0.0,6.0,0.0,5.0,0.0,0.0,0.0,0.0,0.0,0.0,0.0,0.0,0.0,0.0,0.0,134.0,0.0,0.0,134.0,0.0,0.0,0.0,0.0,0.0,0.0,0.0,0.0,47.0,0.0,17.0,47.0,6.0,17.0,19.0,6.0,34.0,19.0,11.0,34.0,0.0,11.0,0.0,0.0,0.0,0.0,"Jan 19, 2017"
490,1310014.0,25873.0,Sulaymaniyah,Sulaymaniya,Azadi-Bazyan,ازادي-بازيان,35.6034563,45.1291177,45.0,270.0,35.0,0.0,0.0,0.0,0.0,0.0,0.0,0.0,0.0,0.0,0.0,0.0,10.0,0.0,0.0,0.0,0.0,0.0,0.0,0.0,0.0,0.0,0.0,0.0,0.0,0.0,45.0,0.0,0.0,45.0,0.0,0.0,0.0,0.0,0.0,0.0,0.0,0.0,3.0,0.0,4.0,3.0,10.0,4.0,8.0,10.0,16.0,8.0,4.0,16.0,0.0,4.0,0.0,0.0,0.0,0.0,"Jan 19, 2017"
491,1310015.0,21204.0,Sulaymaniyah,Sulaymaniya,Bakhtiary New 117,بختيارى نوي 117,35.5737057,45.3979277,143.0,858.0,128.0,0.0,9.0,0.0,0.0,0.0,0.0,0.0,0.0,0.0,0.0,0.0,6.0,0.0,0.0,0.0,0.0,0.0,0.0,0.0,0.0,0.0,0.0,0.0,0.0,0.0,143.0,0.0,0.0,143.0,0.0,0.0,0.0,0.0,0.0,0.0,0.0,0.0,12.0,0.0,0.0,12.0,0.0,0.0,54.0,0.0,57.0,54.0,20.0,57.0,0.0,20.0,0.0,0.0,0.0,0.0,"Jan 19, 2017"
492,1310016.0,4531.0,Sulaymaniyah,Sulaymaniya,Bakrajo,بكرجو,35.5530824,45.3507781,250.0,1500.0,214.0,0.0,22.0,0.0,0.0,8.0,0.0,0.0,0.0,0.0,0.0,0.0,6.0,0.0,0.0,0.0,0.0,0.0,0.0,0.0,0.0,0.0,0.0,0.0,0.0,0.0,250.0,0.0,0.0,250.0,0.0,0.0,0.0,0.0,0.0,0.0,0.0,0.0,69.0,0.0,25.0,69.0,44.0,25.0,67.0,44.0,29.0,67.0,16.0,29.0,0.0,16.0,0.0,0.0,0.0,0.0,"Jan 19, 2017"
493,1310017.0,25571.0,Sulaymaniyah,Sulaymaniya,Azadi-tasluja,ازادي-طاسلوجة,35.5846525,45.3075017,83.0,498.0,50.0,0.0,12.0,0.0,0.0,15.0,0.0,0.0,0.0,0.0,0.0,0.0,0.0,0.0,6.0,0.0,0.0,0.0,0.0,0.0,0.0,0.0,0.0,0.0,0.0,0.0,83.0,0.0,0.0,83.0,0.0,0.0,0.0,0.0,0.0,0.0,0.0,0.0,43.0,0.0,19.0,43.0,2.0,19.0,17.0,2.0,2.0,17.0,0.0,2.0,0.0,0.0,0.0,0.0,0.0,0.0,"Jan 19, 2017"
494,1310018.0,25077.0,Sulaymaniyah,Sulaymaniya,Bakrajo-Qularaese Taza,قولريسى تاره,35.5961284,45.3709318,124.0,744.0,49.0,0.0,12.0,0.0,0.0,26.0,0.0,0.0,0.0,0.0,0.0,0.0,37.0,0.0,0.0,0.0,0.0,0.0,0.0,0.0,0.0,0.0,0.0,43.0,0.0,0.0,81.0,0.0,0.0,81.0,0.0,0.0,0.0,0.0,0.0,0.0,0.0,0.0,12.0,0.0,26.0,12.0,39.0,26.0,24.0,39.0,23.0,24.0,0.0,23.0,0.0,0.0,0.0,0.0,0.0,0.0,"Jan 19, 2017"
495,1310019.0,4592.0,Sulaymaniyah,Sulaymaniya,Bakrajo-Sardawa,بكرجو-سرداراوا,35.5800942,45.2678197,48.0,288.0,35.0,4.0,4.0,0.0,0.0,1.0,0.0,0.0,0.0,0.0,0.0,0.0,0.0,0.0,4.0,0.0,0.0,0.0,0.0,0.0,0.0,0.0,0.0,0.0,0.0,0.0,48.0,0.0,0.0,48.0,0.0,0.0,0.0,0.0,0.0,0.0,0.0,0.0,18.0,0.0,12.0,18.0,0.0,12.0,6.0,0.0,12.0,6.0,0.0,12.0,0.0,0.0,0.0,0.0,0.0,0.0,"Jan 19, 2017"
496,1310020.0,24900.0,Sulaymaniyah,Sulaymaniya,Bakrajoy Taza,بكرجو تازه,35.5603901,45.3540413,826.0,4956.0,531.0,0.0,169.0,0.0,0.0,36.0,0.0,0.0,0.0,0.0,0.0,0.0,71.0,0.0,19.0,0.0,0.0,0.0,0.0,0.0,0.0,0.0,0.0,0.0,0.0,0.0,826.0,0.0,0.0,826.0,0.0,0.0,0.0,0.0,0.0,0.0,0.0,0.0,219.0,0.0,69.0,219.0,191.0,69.0,303.0,191.0,28.0,303.0,16.0,28.0,0.0,16.0,0.0,0.0,0.0,0.0,"Jan 19, 2017"
497,1310021.0,4527.0,Sulaymaniyah,Sulaymaniya,Baranan 107,برانان107,35.5641627,45.4156554,54.0,324.0,31.0,0.0,19.0,0.0,0.0,2.0,0.0,0.0,0.0,0.0,0.0,0.0,0.0,0.0,2.0,0.0,0.0,0.0,0.0,0.0,0.0,0.0,0.0,0.0,0.0,0.0,54.0,0.0,0.0,54.0,0.0,0.0,0.0,0.0,0.0,0.0,0.0,0.0,11.0,0.0,10.0,11.0,6.0,10.0,10.0,6.0,10.0,10.0,7.0,10.0,0.0,7.0,0.0,0.0,0.0,0.0,"Jan 19, 2017"
498,1310022.0,5744.0,Sulaymaniyah,Sulaymaniya,Bardakar,برده كر,35.4513021,45.4479993,39.0,234.0,17.0,8.0,0.0,0.0,0.0,7.0,0.0,0.0,0.0,0.0,0.0,0.0,4.0,0.0,3.0,0.0,0.0,0.0,0.0,0.0,0.0,0.0,0.0,0.0,0.0,0.0,39.0,0.0,0.0,39.0,0.0,0.0,0.0,0.0,0.0,0.0,0.0,0.0,5.0,0.0,3.0,5.0,4.0,3.0,17.0,4.0,6.0,17.0,4.0,6.0,0.0,4.0,0.0,0.0,0.0,0.0,"Jan 19, 2017"
499,1310023.0,25300.0,Sulaymaniyah,Sulaymaniya,Bardaqaraman-Piramerd,بيرميرد-بردةقارمان,35.6483603,45.0658374,52.0,312.0,40.0,0.0,8.0,0.0,0.0,0.0,0.0,0.0,0.0,0.0,0.0,0.0,0.0,0.0,4.0,0.0,0.0,0.0,0.0,0.0,0.0,0.0,0.0,0.0,0.0,0.0,52.0,0.0,0.0,52.0,0.0,0.0,0.0,0.0,0.0,0.0,0.0,0.0,14.0,0.0,15.0,14.0,0.0,15.0,19.0,0.0,4.0,19.0,0.0,4.0,0.0,0.0,0.0,0.0,0.0,0.0,"Jan 19, 2017"
500,1310024.0,25299.0,Sulaymaniyah,Sulaymaniya,Bardaqaraman-Sharawani,شارواني-بردةقارمان,35.6468374,45.0630453,71.0,426.0,38.0,0.0,23.0,0.0,0.0,0.0,0.0,0.0,0.0,0.0,0.0,0.0,10.0,0.0,0.0,0.0,0.0,0.0,0.0,0.0,0.0,0.0,0.0,0.0,0.0,0.0,71.0,0.0,0.0,71.0,0.0,0.0,0.0,0.0,0.0,0.0,0.0,0.0,14.0,0.0,8.0,14.0,20.0,8.0,12.0,20.0,16.0,12.0,1.0,16.0,0.0,1.0,0.0,0.0,0.0,0.0,"Jan 19, 2017"
501,1310025.0,24102.0,Sulaymaniyah,Sulaymaniya,Barez City,بريز ستى,35.5953798,45.3424698,224.0,1344.0,214.0,4.0,4.0,0.0,0.0,0.0,0.0,0.0,0.0,0.0,0.0,0.0,0.0,0.0,2.0,0.0,0.0,0.0,0.0,0.0,0.0,0.0,0.0,0.0,0.0,0.0,224.0,0.0,0.0,224.0,0.0,0.0,0.0,0.0,0.0,0.0,0.0,0.0,130.0,0.0,4.0,130.0,0.0,4.0,57.0,0.0,33.0,57.0,0.0,33.0,0.0,0.0,0.0,0.0,0.0,0.0,"Jan 19, 2017"
502,1310026.0,4464.0,Sulaymaniyah,Sulaymaniya,Bardaqarman-gopala,كوباله-بردةقارمان,35.6449249,45.035096,47.0,282.0,35.0,5.0,1.0,0.0,0.0,0.0,0.0,0.0,0.0,0.0,0.0,0.0,6.0,0.0,0.0,0.0,0.0,0.0,0.0,0.0,0.0,0.0,0.0,0.0,0.0,0.0,47.0,0.0,0.0,47.0,0.0,0.0,0.0,0.0,0.0,0.0,0.0,0.0,12.0,0.0,19.0,12.0,6.0,19.0,0.0,6.0,10.0,0.0,0.0,10.0,0.0,0.0,0.0,0.0,0.0,0.0,"Jan 19, 2017"
503,1310027.0,25892.0,Sulaymaniyah,Sulaymaniya,Bazian-Surgrma,سركرما,35.5894737,45.1501096,55.0,330.0,31.0,0.0,2.0,0.0,0.0,11.0,0.0,0.0,0.0,0.0,0.0,0.0,11.0,0.0,0.0,0.0,0.0,0.0,0.0,0.0,0.0,0.0,0.0,0.0,0.0,0.0,55.0,0.0,0.0,55.0,0.0,0.0,0.0,0.0,0.0,0.0,0.0,0.0,10.0,0.0,0.0,10.0,11.0,0.0,14.0,11.0,16.0,14.0,2.0,16.0,2.0,2.0,0.0,2.0,0.0,0.0,"Jan 19, 2017"
504,1310028.0,5806.0,Sulaymaniyah,Sulaymaniya,Bazyan-Tainal,بازيان-تينال,35.6148,45.1039797,37.0,222.0,25.0,0.0,0.0,0.0,0.0,3.0,0.0,0.0,0.0,0.0,0.0,0.0,3.0,0.0,6.0,0.0,0.0,0.0,0.0,0.0,0.0,0.0,0.0,0.0,0.0,0.0,37.0,0.0,0.0,37.0,0.0,0.0,0.0,0.0,0.0,0.0,0.0,0.0,12.0,0.0,3.0,12.0,3.0,3.0,9.0,3.0,10.0,9.0,0.0,10.0,0.0,0.0,0.0,0.0,0.0,0.0,"Jan 19, 2017"
505,1310029.0,23927.0,Sulaymaniyah,Sulaymaniya,Bazian-Brayati,برايتى,35.5934234,45.1381374,93.0,558.0,38.0,0.0,14.0,0.0,0.0,5.0,0.0,0.0,0.0,0.0,0.0,0.0,33.0,0.0,3.0,0.0,0.0,0.0,0.0,0.0,0.0,0.0,0.0,0.0,0.0,0.0,93.0,0.0,0.0,93.0,0.0,0.0,0.0,0.0,0.0,0.0,0.0,0.0,21.0,0.0,11.0,21.0,25.0,11.0,18.0,25.0,12.0,18.0,6.0,12.0,0.0,6.0,0.0,0.0,0.0,0.0,"Jan 19, 2017"
506,1310030.0,21285.0,Sulaymaniyah,Sulaymaniya,Chwar Bakh 401,جوارباخ 401,35.5502809,45.4279916,90.0,540.0,61.0,0.0,15.0,0.0,0.0,4.0,0.0,0.0,0.0,0.0,0.0,0.0,10.0,0.0,0.0,0.0,0.0,0.0,0.0,0.0,0.0,0.0,0.0,0.0,0.0,0.0,90.0,0.0,0.0,90.0,0.0,0.0,0.0,0.0,0.0,0.0,0.0,0.0,12.0,0.0,19.0,12.0,4.0,19.0,29.0,4.0,21.0,29.0,5.0,21.0,0.0,5.0,0.0,0.0,0.0,0.0,"Jan 19, 2017"
507,1310031.0,21287.0,Sulaymaniyah,Sulaymaniya,Chwar Chra,جوارجرا,35.5412535,45.4008011,88.0,528.0,59.0,0.0,12.0,0.0,0.0,0.0,0.0,0.0,0.0,0.0,0.0,0.0,10.0,0.0,7.0,0.0,0.0,0.0,0.0,0.0,13.0,0.0,0.0,0.0,0.0,9.0,66.0,9.0,0.0,66.0,0.0,0.0,0.0,0.0,0.0,0.0,0.0,0.0,10.0,0.0,16.0,10.0,15.0,16.0,0.0,15.0,27.0,0.0,20.0,27.0,0.0,20.0,0.0,0.0,0.0,0.0,"Jan 19, 2017"
508,1310032.0,4513.0,Sulaymaniyah,Sulaymaniya,Damrkan,دمركان,35.4528601,45.5095811,6.0,36.0,0.0,0.0,1.0,0.0,0.0,4.0,0.0,0.0,0.0,0.0,0.0,0.0,1.0,0.0,0.0,0.0,0.0,0.0,0.0,0.0,0.0,6.0,0.0,0.0,6.0,0.0,0.0,0.0,0.0,0.0,0.0,0.0,0.0,0.0,0.0,0.0,0.0,0.0,2.0,0.0,0.0,2.0,4.0,0.0,0.0,4.0,0.0,0.0,0.0,0.0,0.0,0.0,0.0,0.0,0.0,0.0,"Jan 19, 2017"
509,1310033.0,23926.0,Sulaymaniyah,Sulaymaniya,Dargazen,دركزين,35.5523088,45.4402254,69.0,414.0,46.0,0.0,0.0,0.0,0.0,6.0,0.0,0.0,0.0,0.0,0.0,0.0,3.0,0.0,14.0,0.0,0.0,0.0,0.0,0.0,34.0,0.0,0.0,0.0,0.0,0.0,35.0,0.0,0.0,35.0,0.0,0.0,0.0,0.0,0.0,0.0,0.0,0.0,5.0,0.0,10.0,5.0,3.0,10.0,47.0,3.0,0.0,47.0,4.0,0.0,0.0,4.0,0.0,0.0,0.0,0.0,"Jan 19, 2017"
510,1310034.0,23717.0,Sulaymaniyah,Sulaymaniya,Dilan City,ديلان ستى,35.5458193,45.4802633,78.0,468.0,68.0,0.0,4.0,0.0,0.0,2.0,0.0,0.0,0.0,0.0,0.0,0.0,4.0,0.0,0.0,0.0,0.0,0.0,0.0,0.0,0.0,0.0,0.0,0.0,0.0,0.0,78.0,0.0,0.0,78.0,0.0,0.0,0.0,0.0,0.0,0.0,0.0,0.0,0.0,0.0,7.0,0.0,10.0,7.0,20.0,10.0,30.0,20.0,11.0,30.0,0.0,11.0,0.0,0.0,0.0,0.0,"Jan 19, 2017"
511,1310035.0,24818.0,Sulaymaniyah,Sulaymaniya,Diya City,دييه ستى,35.5394338,45.42201,124.0,744.0,96.0,0.0,8.0,0.0,0.0,4.0,0.0,0.0,0.0,0.0,0.0,0.0,1.0,0.0,15.0,0.0,0.0,0.0,0.0,0.0,0.0,0.0,0.0,0.0,0.0,0.0,124.0,0.0,0.0,124.0,0.0,0.0,0.0,0.0,0.0,0.0,0.0,0.0,15.0,0.0,29.0,15.0,1.0,29.0,43.0,1.0,26.0,43.0,10.0,26.0,0.0,10.0,0.0,0.0,0.0,0.0,"Jan 19, 2017"
512,1310036.0,21036.0,Sulaymaniyah,Sulaymaniya,Farmanbaran,فرمانبران,35.5897164,45.4053795,160.0,960.0,142.0,0.0,5.0,0.0,0.0,3.0,0.0,0.0,0.0,0.0,0.0,0.0,4.0,0.0,6.0,0.0,0.0,0.0,0.0,0.0,0.0,0.0,0.0,0.0,0.0,0.0,160.0,0.0,0.0,160.0,0.0,0.0,0.0,0.0,0.0,0.0,0.0,0.0,16.0,0.0,15.0,16.0,13.0,15.0,40.0,13.0,57.0,40.0,19.0,57.0,0.0,19.0,0.0,0.0,0.0,0.0,"Jan 19, 2017"
513,1310037.0,4494.0,Sulaymaniyah,Sulaymaniya,Goshan,كوشان,35.2789287,45.3755684,6.0,36.0,0.0,0.0,0.0,0.0,0.0,0.0,0.0,0.0,0.0,0.0,0.0,0.0,6.0,0.0,0.0,0.0,0.0,0.0,0.0,0.0,0.0,0.0,0.0,0.0,0.0,0.0,0.0,0.0,0.0,0.0,0.0,0.0,6.0,0.0,0.0,6.0,0.0,0.0,0.0,0.0,0.0,0.0,6.0,0.0,0.0,6.0,0.0,0.0,0.0,0.0,0.0,0.0,0.0,0.0,0.0,0.0,"Jan 19, 2017"
514,1310038.0,24097.0,Sulaymaniyah,Sulaymaniya,Goyzha City,كويزة ستى,35.560792,45.4858758,105.0,630.0,73.0,0.0,11.0,0.0,0.0,0.0,0.0,0.0,0.0,0.0,0.0,0.0,17.0,0.0,4.0,0.0,0.0,0.0,0.0,0.0,0.0,0.0,0.0,0.0,0.0,0.0,105.0,0.0,0.0,105.0,0.0,0.0,0.0,0.0,0.0,0.0,0.0,0.0,14.0,0.0,36.0,14.0,0.0,36.0,24.0,0.0,25.0,24.0,6.0,25.0,0.0,6.0,0.0,0.0,0.0,0.0,"Jan 19, 2017"
515,1310039.0,21319.0,Sulaymaniyah,Sulaymaniya,Grdi Sarchnar,كردى سرجنار,35.5740223,45.3880624,108.0,648.0,97.0,0.0,0.0,0.0,0.0,2.0,0.0,0.0,0.0,0.0,0.0,0.0,9.0,0.0,0.0,0.0,0.0,0.0,0.0,0.0,0.0,0.0,0.0,0.0,0.0,0.0,108.0,0.0,0.0,108.0,0.0,0.0,0.0,0.0,0.0,0.0,0.0,0.0,10.0,0.0,7.0,10.0,7.0,7.0,44.0,7.0,40.0,44.0,0.0,40.0,0.0,0.0,0.0,0.0,0.0,0.0,"Jan 19, 2017"
516,1310040.0,25383.0,Sulaymaniyah,Sulaymaniya,Green City,كرين ستي,35.5245655,45.4391503,20.0,120.0,16.0,0.0,2.0,0.0,0.0,1.0,0.0,0.0,0.0,0.0,0.0,0.0,1.0,0.0,0.0,0.0,0.0,0.0,0.0,0.0,0.0,0.0,0.0,0.0,0.0,0.0,20.0,0.0,0.0,20.0,0.0,0.0,0.0,0.0,0.0,0.0,0.0,0.0,2.0,0.0,5.0,2.0,0.0,5.0,9.0,0.0,2.0,9.0,2.0,2.0,0.0,2.0,0.0,0.0,0.0,0.0,"Jan 19, 2017"
517,1310041.0,21254.0,Sulaymaniyah,Sulaymaniya,Guezhay Kun,كويزة كون,35.5554225858,45.4532111,95.0,570.0,87.0,0.0,6.0,0.0,0.0,0.0,0.0,0.0,0.0,0.0,0.0,0.0,0.0,0.0,2.0,0.0,0.0,0.0,0.0,0.0,23.0,0.0,0.0,0.0,0.0,0.0,72.0,0.0,0.0,72.0,0.0,0.0,0.0,0.0,0.0,0.0,0.0,0.0,20.0,0.0,7.0,20.0,0.0,7.0,38.0,0.0,22.0,38.0,8.0,22.0,0.0,8.0,0.0,0.0,0.0,0.0,"Jan 19, 2017"
518,1310042.0,25384.0,Sulaymaniyah,Sulaymaniya,Gulli Shar,كولي شار,35.5295323,45.4379728,156.0,936.0,116.0,0.0,18.0,0.0,0.0,2.0,0.0,0.0,0.0,0.0,0.0,0.0,4.0,0.0,16.0,0.0,0.0,0.0,0.0,0.0,0.0,0.0,0.0,0.0,0.0,0.0,156.0,0.0,0.0,156.0,0.0,0.0,0.0,0.0,0.0,0.0,0.0,0.0,8.0,0.0,19.0,8.0,13.0,19.0,33.0,13.0,60.0,33.0,23.0,60.0,0.0,23.0,0.0,0.0,0.0,0.0,"Jan 19, 2017"
519,1310043.0,21061.0,Sulaymaniyah,Sulaymaniya,Gundy Almany,كوندى المانى,35.5820389,45.4576761,53.0,318.0,32.0,0.0,4.0,0.0,0.0,0.0,0.0,0.0,0.0,0.0,0.0,0.0,7.0,0.0,10.0,0.0,0.0,0.0,0.0,0.0,0.0,0.0,0.0,0.0,0.0,0.0,53.0,0.0,0.0,53.0,0.0,0.0,0.0,0.0,0.0,0.0,0.0,0.0,14.0,0.0,9.0,14.0,7.0,9.0,2.0,7.0,16.0,2.0,5.0,16.0,0.0,5.0,0.0,0.0,0.0,0.0,"Jan 19, 2017"
520,1310044.0,25078.0,Sulaymaniyah,Sulaymaniya,Barika,باريكه,35.3766117,45.5967251,63.0,378.0,23.0,34.0,0.0,0.0,0.0,4.0,0.0,0.0,0.0,0.0,0.0,0.0,0.0,0.0,2.0,0.0,0.0,0.0,0.0,0.0,0.0,0.0,0.0,0.0,0.0,0.0,63.0,0.0,0.0,63.0,0.0,0.0,0.0,0.0,0.0,0.0,0.0,0.0,6.0,0.0,20.0,6.0,12.0,20.0,17.0,12.0,8.0,17.0,0.0,8.0,0.0,0.0,0.0,0.0,0.0,0.0,"Jan 19, 2017"
521,1310045.0,23718.0,Sulaymaniyah,Sulaymaniya,Haware Shar,هوارى شار,35.6151658,45.4145196,215.0,1290.0,188.0,0.0,14.0,0.0,0.0,4.0,0.0,0.0,0.0,0.0,0.0,0.0,3.0,0.0,6.0,0.0,0.0,0.0,0.0,0.0,0.0,0.0,0.0,0.0,0.0,0.0,215.0,0.0,0.0,215.0,0.0,0.0,0.0,0.0,0.0,0.0,0.0,0.0,43.0,0.0,43.0,43.0,25.0,43.0,36.0,25.0,36.0,36.0,32.0,36.0,0.0,32.0,0.0,0.0,0.0,0.0,"Jan 19, 2017"
522,1310046.0,23870.0,Sulaymaniyah,Sulaymaniya,Hawari Taza,هوارى تازة,35.5794914,45.448946,26.0,156.0,19.0,0.0,0.0,0.0,0.0,0.0,0.0,0.0,0.0,0.0,0.0,0.0,4.0,0.0,3.0,0.0,0.0,0.0,0.0,0.0,0.0,0.0,0.0,0.0,0.0,0.0,26.0,0.0,0.0,26.0,0.0,0.0,0.0,0.0,0.0,0.0,0.0,0.0,0.0,0.0,2.0,0.0,4.0,2.0,10.0,4.0,10.0,10.0,0.0,10.0,0.0,0.0,0.0,0.0,0.0,0.0,"Jan 19, 2017"
523,1310047.0,4486.0,Sulaymaniyah,Sulaymaniya,Hwana,هوانة,35.4999197,45.4385709,71.0,426.0,23.0,0.0,7.0,0.0,0.0,18.0,0.0,0.0,0.0,0.0,0.0,0.0,13.0,0.0,10.0,0.0,0.0,0.0,0.0,0.0,0.0,0.0,0.0,0.0,0.0,0.0,71.0,0.0,0.0,71.0,0.0,0.0,0.0,0.0,0.0,0.0,0.0,0.0,0.0,0.0,37.0,0.0,5.0,37.0,6.0,5.0,6.0,6.0,17.0,6.0,0.0,17.0,0.0,0.0,0.0,0.0,"Jan 19, 2017"
524,1310048.0,21205.0,Sulaymaniyah,Sulaymaniya,Ibrahim Ahmad,ابراهيم احمد,35.5582911229,45.4646275,143.0,858.0,110.0,0.0,16.0,0.0,0.0,4.0,0.0,0.0,0.0,0.0,0.0,0.0,4.0,0.0,9.0,0.0,0.0,0.0,0.0,0.0,0.0,0.0,0.0,0.0,0.0,0.0,143.0,0.0,0.0,143.0,0.0,0.0,0.0,0.0,0.0,0.0,0.0,0.0,8.0,0.0,13.0,8.0,11.0,13.0,50.0,11.0,51.0,50.0,10.0,51.0,0.0,10.0,0.0,0.0,0.0,0.0,"Jan 19, 2017"
525,1310049.0,25302.0,Sulaymaniyah,Sulaymaniya,Ibrahim pasha,ابراهيم باشا,35.5629701833,45.4534705,80.0,480.0,73.0,0.0,0.0,0.0,0.0,2.0,0.0,0.0,0.0,0.0,0.0,0.0,0.0,0.0,5.0,0.0,0.0,0.0,0.0,0.0,9.0,0.0,0.0,0.0,0.0,0.0,71.0,0.0,0.0,71.0,0.0,0.0,0.0,0.0,0.0,0.0,0.0,0.0,14.0,0.0,3.0,14.0,16.0,3.0,22.0,16.0,14.0,22.0,11.0,14.0,0.0,11.0,0.0,0.0,0.0,0.0,"Jan 19, 2017"
526,1310050.0,25304.0,Sulaymaniyah,Sulaymaniya,Iskan,اسكان,35.5664703,45.4503192,29.0,174.0,26.0,0.0,0.0,0.0,0.0,0.0,0.0,0.0,0.0,0.0,0.0,0.0,0.0,0.0,3.0,0.0,0.0,0.0,0.0,0.0,0.0,0.0,0.0,0.0,0.0,0.0,29.0,0.0,0.0,29.0,0.0,0.0,0.0,0.0,0.0,0.0,0.0,0.0,8.0,0.0,4.0,8.0,0.0,4.0,9.0,0.0,8.0,9.0,0.0,8.0,0.0,0.0,0.0,0.0,0.0,0.0,"Jan 19, 2017"
527,1310051.0,5766.0,Sulaymaniyah,Sulaymaniya,Kalakn 158,كلكن 158,35.6007175,45.4326937,41.0,246.0,28.0,0.0,0.0,0.0,0.0,0.0,0.0,0.0,0.0,0.0,0.0,0.0,10.0,0.0,3.0,0.0,0.0,0.0,0.0,0.0,0.0,0.0,0.0,0.0,0.0,0.0,41.0,0.0,0.0,41.0,0.0,0.0,0.0,0.0,0.0,0.0,0.0,0.0,7.0,0.0,3.0,7.0,10.0,3.0,7.0,10.0,8.0,7.0,6.0,8.0,0.0,6.0,0.0,0.0,0.0,0.0,"Jan 19, 2017"
528,1310052.0,24254.0,Sulaymaniyah,Sulaymaniya,Kanakawa,كنكوة,35.5948445,45.256459,90.0,540.0,25.0,2.0,2.0,0.0,0.0,3.0,0.0,0.0,0.0,0.0,0.0,0.0,56.0,0.0,2.0,0.0,0.0,0.0,0.0,0.0,0.0,0.0,0.0,0.0,0.0,0.0,82.0,0.0,0.0,82.0,0.0,0.0,0.0,0.0,8.0,0.0,0.0,8.0,11.0,0.0,6.0,11.0,59.0,6.0,5.0,59.0,9.0,5.0,0.0,9.0,0.0,0.0,0.0,0.0,0.0,0.0,"Jan 19, 2017"
529,1310053.0,5771.0,Sulaymaniyah,Sulaymaniya,Kanda Sura,كنه سوره,35.5371682,45.3879406,55.0,330.0,28.0,0.0,18.0,0.0,0.0,2.0,0.0,0.0,0.0,0.0,0.0,0.0,0.0,0.0,7.0,0.0,0.0,0.0,0.0,0.0,0.0,0.0,0.0,0.0,0.0,0.0,55.0,0.0,0.0,55.0,0.0,0.0,0.0,0.0,0.0,0.0,0.0,0.0,6.0,0.0,15.0,6.0,3.0,15.0,15.0,3.0,10.0,15.0,6.0,10.0,0.0,6.0,0.0,0.0,0.0,0.0,"Jan 19, 2017"
530,1310054.0,5882.0,Sulaymaniyah,Sulaymaniya,Kani Goma,كاني كومه,35.5247561,45.3858843,115.0,690.0,80.0,0.0,15.0,0.0,0.0,17.0,0.0,0.0,0.0,0.0,0.0,0.0,0.0,0.0,3.0,0.0,0.0,0.0,0.0,0.0,0.0,0.0,0.0,0.0,0.0,0.0,115.0,0.0,0.0,115.0,0.0,0.0,0.0,0.0,0.0,0.0,0.0,0.0,49.0,0.0,17.0,49.0,0.0,17.0,20.0,0.0,21.0,20.0,8.0,21.0,0.0,8.0,0.0,0.0,0.0,0.0,"Jan 19, 2017"
531,1310055.0,25303.0,Sulaymaniyah,Sulaymaniya,Kani Iskan,كانيسكان,35.559877,45.4381594,104.0,624.0,82.0,0.0,7.0,0.0,0.0,2.0,0.0,0.0,0.0,0.0,0.0,0.0,4.0,0.0,9.0,0.0,0.0,0.0,0.0,0.0,69.0,0.0,0.0,0.0,0.0,0.0,35.0,0.0,0.0,35.0,0.0,0.0,0.0,0.0,0.0,0.0,0.0,0.0,0.0,0.0,7.0,0.0,2.0,7.0,25.0,2.0,54.0,25.0,16.0,54.0,0.0,16.0,0.0,0.0,0.0,0.0,"Jan 19, 2017"
532,1310056.0,5779.0,Sulaymaniyah,Sulaymaniya,Kani Kurda,كانى كوردة,35.5878751,45.4019841,295.0,1770.0,210.0,5.0,25.0,0.0,0.0,5.0,0.0,0.0,0.0,0.0,0.0,0.0,41.0,0.0,9.0,0.0,0.0,0.0,0.0,0.0,0.0,0.0,0.0,0.0,0.0,0.0,295.0,0.0,0.0,295.0,0.0,0.0,0.0,0.0,0.0,0.0,0.0,0.0,63.0,0.0,29.0,63.0,20.0,29.0,134.0,20.0,25.0,134.0,24.0,25.0,0.0,24.0,0.0,0.0,0.0,0.0,"Jan 19, 2017"
533,1310057.0,4599.0,Sulaymaniyah,Sulaymaniya,Kani shaitan-Kani Shaitan,كاني شيطان,35.6550872,44.9995353,53.0,318.0,0.0,11.0,22.0,0.0,0.0,5.0,0.0,0.0,0.0,0.0,0.0,0.0,13.0,0.0,2.0,0.0,0.0,0.0,0.0,0.0,0.0,0.0,0.0,0.0,0.0,0.0,53.0,0.0,0.0,53.0,0.0,0.0,0.0,0.0,0.0,0.0,0.0,0.0,10.0,0.0,23.0,10.0,13.0,23.0,5.0,13.0,2.0,5.0,0.0,2.0,0.0,0.0,0.0,0.0,0.0,0.0,"Jan 19, 2017"
534,1310058.0,23925.0,Sulaymaniyah,Sulaymaniya,Kani spika,كانى سبيكة,35.6014655,45.4196481,311.0,1866.0,246.0,0.0,40.0,0.0,0.0,5.0,0.0,0.0,0.0,0.0,0.0,0.0,17.0,0.0,3.0,0.0,0.0,0.0,0.0,0.0,0.0,0.0,0.0,0.0,0.0,0.0,311.0,0.0,0.0,311.0,0.0,0.0,0.0,0.0,0.0,0.0,0.0,0.0,35.0,0.0,59.0,35.0,43.0,59.0,72.0,43.0,70.0,72.0,32.0,70.0,0.0,32.0,0.0,0.0,0.0,0.0,"Jan 19, 2017"
535,1310059.0,21059.0,Sulaymaniyah,Sulaymaniya,Karezawshk,كاريزوشك,35.5773156,45.431915,127.0,762.0,95.0,0.0,14.0,0.0,0.0,0.0,0.0,0.0,0.0,0.0,0.0,0.0,0.0,0.0,18.0,0.0,0.0,0.0,0.0,0.0,1.0,0.0,0.0,0.0,0.0,0.0,126.0,0.0,0.0,126.0,0.0,0.0,0.0,0.0,0.0,0.0,0.0,0.0,8.0,0.0,18.0,8.0,4.0,18.0,40.0,4.0,48.0,40.0,9.0,48.0,0.0,9.0,0.0,0.0,0.0,0.0,"Jan 19, 2017"
536,1310060.0,21243.0,Sulaymaniyah,Sulaymaniya,Khabat 306+304+308,خبات 306+304+308,35.5451724,45.4439786,172.0,1032.0,147.0,2.0,12.0,0.0,0.0,1.0,0.0,0.0,0.0,0.0,0.0,0.0,0.0,0.0,10.0,0.0,0.0,0.0,0.0,0.0,0.0,0.0,0.0,0.0,0.0,0.0,172.0,0.0,0.0,172.0,0.0,0.0,0.0,0.0,0.0,0.0,0.0,0.0,20.0,0.0,9.0,20.0,2.0,9.0,69.0,2.0,52.0,69.0,20.0,52.0,0.0,20.0,0.0,0.0,0.0,0.0,"Jan 19, 2017"
537,1310061.0,25570.0,Sulaymaniyah,Sulaymaniya,Khak,خاك,35.5839113,45.3160232,71.0,426.0,13.0,0.0,0.0,0.0,0.0,5.0,0.0,0.0,0.0,0.0,0.0,0.0,53.0,0.0,0.0,0.0,0.0,0.0,0.0,0.0,0.0,38.0,0.0,0.0,38.0,0.0,28.0,0.0,0.0,28.0,0.0,0.0,2.0,0.0,3.0,2.0,0.0,3.0,4.0,0.0,3.0,4.0,53.0,3.0,3.0,53.0,8.0,3.0,0.0,8.0,0.0,0.0,0.0,0.0,0.0,0.0,"Jan 19, 2017"
538,1310062.0,24899.0,Sulaymaniyah,Sulaymaniya,Kostay Cham,كوستى جم,35.5490057,45.3686516,39.0,234.0,24.0,0.0,0.0,0.0,0.0,5.0,0.0,0.0,0.0,0.0,0.0,0.0,10.0,0.0,0.0,0.0,0.0,0.0,0.0,0.0,0.0,0.0,0.0,0.0,0.0,0.0,39.0,0.0,0.0,39.0,0.0,0.0,0.0,0.0,0.0,0.0,0.0,0.0,13.0,0.0,11.0,13.0,4.0,11.0,8.0,4.0,3.0,8.0,0.0,3.0,0.0,0.0,0.0,0.0,0.0,0.0,"Jan 19, 2017"
539,1310063.0,6143.0,Sulaymaniyah,Sulaymaniya,Bardaqarman-Kupala,كوبله-بردةقارمان,35.6496369,45.0836866,2.0,12.0,0.0,0.0,0.0,0.0,0.0,0.0,0.0,0.0,0.0,0.0,0.0,0.0,0.0,0.0,2.0,0.0,0.0,0.0,0.0,0.0,0.0,0.0,0.0,0.0,0.0,0.0,2.0,0.0,0.0,2.0,0.0,0.0,0.0,0.0,0.0,0.0,0.0,0.0,0.0,0.0,2.0,0.0,0.0,2.0,0.0,0.0,0.0,0.0,0.0,0.0,0.0,0.0,0.0,0.0,0.0,0.0,"Jan 19, 2017"
540,1310064.0,24260.0,Sulaymaniyah,Sulaymaniya,Kurd city,كورد ستى,35.5377386,45.4105115,115.0,690.0,55.0,0.0,42.0,0.0,0.0,4.0,0.0,0.0,0.0,0.0,0.0,0.0,10.0,0.0,4.0,0.0,0.0,0.0,0.0,0.0,0.0,0.0,0.0,0.0,0.0,0.0,115.0,0.0,0.0,115.0,0.0,0.0,0.0,0.0,0.0,0.0,0.0,0.0,10.0,0.0,19.0,10.0,0.0,19.0,34.0,0.0,28.0,34.0,24.0,28.0,0.0,24.0,0.0,0.0,0.0,0.0,"Jan 19, 2017"
541,1310065.0,23719.0,Sulaymaniyah,Sulaymaniya,Kurdsat 138+136,كوردسات 136+138,35.5931365,45.4422312,96.0,576.0,76.0,0.0,11.0,0.0,0.0,0.0,0.0,0.0,0.0,0.0,0.0,0.0,6.0,0.0,3.0,0.0,0.0,0.0,0.0,0.0,0.0,0.0,0.0,0.0,0.0,0.0,96.0,0.0,0.0,96.0,0.0,0.0,0.0,0.0,0.0,0.0,0.0,0.0,6.0,0.0,15.0,6.0,6.0,15.0,40.0,6.0,21.0,40.0,8.0,21.0,0.0,8.0,0.0,0.0,0.0,0.0,"Jan 19, 2017"
542,1310066.0,24817.0,Sulaymaniyah,Sulaymaniya,Lebanon City,لبنان ستي,35.5335905,45.4176999,16.0,96.0,7.0,0.0,7.0,0.0,0.0,0.0,0.0,0.0,0.0,0.0,0.0,0.0,0.0,0.0,2.0,0.0,0.0,0.0,0.0,0.0,0.0,0.0,0.0,0.0,0.0,0.0,16.0,0.0,0.0,16.0,0.0,0.0,0.0,0.0,0.0,0.0,0.0,0.0,4.0,0.0,2.0,4.0,4.0,2.0,3.0,4.0,3.0,3.0,0.0,3.0,0.0,0.0,0.0,0.0,0.0,0.0,"Jan 19, 2017"
543,1310067.0,23720.0,Sulaymaniyah,Sulaymaniya,Majeed Bag,مجيد بك,35.570175,45.4425809,67.0,402.0,60.0,0.0,2.0,0.0,0.0,0.0,0.0,0.0,0.0,0.0,0.0,0.0,0.0,0.0,5.0,0.0,0.0,0.0,0.0,0.0,0.0,0.0,0.0,0.0,0.0,0.0,67.0,0.0,0.0,67.0,0.0,0.0,0.0,0.0,0.0,0.0,0.0,0.0,19.0,0.0,5.0,19.0,0.0,5.0,5.0,0.0,36.0,5.0,2.0,36.0,0.0,2.0,0.0,0.0,0.0,0.0,"Jan 19, 2017"
544,1310068.0,4456.0,Sulaymaniyah,Sulaymaniya,Mala Dawud,ملا داود,35.6318837,45.4203812,12.0,72.0,12.0,0.0,0.0,0.0,0.0,0.0,0.0,0.0,0.0,0.0,0.0,0.0,0.0,0.0,0.0,0.0,0.0,0.0,0.0,0.0,0.0,0.0,0.0,0.0,0.0,0.0,12.0,0.0,0.0,12.0,0.0,0.0,0.0,0.0,0.0,0.0,0.0,0.0,0.0,0.0,3.0,0.0,0.0,3.0,6.0,0.0,0.0,6.0,3.0,0.0,0.0,3.0,0.0,0.0,0.0,0.0,"Jan 19, 2017"
545,1310069.0,24257.0,Sulaymaniyah,Sulaymaniya,Malkanidy,ملكندى,35.5579387,45.4475366,96.0,576.0,89.0,3.0,2.0,0.0,0.0,0.0,0.0,0.0,0.0,0.0,0.0,0.0,0.0,0.0,2.0,0.0,0.0,0.0,0.0,0.0,15.0,0.0,0.0,0.0,0.0,0.0,81.0,0.0,0.0,81.0,0.0,0.0,0.0,0.0,0.0,0.0,0.0,0.0,10.0,0.0,7.0,10.0,21.0,7.0,33.0,21.0,18.0,33.0,7.0,18.0,0.0,7.0,0.0,0.0,0.0,0.0,"Jan 19, 2017"
546,1310070.0,21050.0,Sulaymaniyah,Sulaymaniya,MAMOSTAYAN,ماموستايان,35.5706838,45.4384834,143.0,858.0,120.0,0.0,8.0,0.0,0.0,0.0,0.0,0.0,0.0,0.0,0.0,0.0,9.0,0.0,6.0,0.0,0.0,0.0,0.0,0.0,0.0,0.0,0.0,0.0,0.0,0.0,143.0,0.0,0.0,143.0,0.0,0.0,0.0,0.0,0.0,0.0,0.0,0.0,42.0,0.0,20.0,42.0,19.0,20.0,29.0,19.0,19.0,29.0,14.0,19.0,0.0,14.0,0.0,0.0,0.0,0.0,"Jan 19, 2017"
547,1310071.0,24901.0,Sulaymaniyah,Sulaymaniya,Mashkhalan,مشخلان,35.5863421,45.3853698,287.0,1722.0,245.0,0.0,13.0,0.0,0.0,4.0,0.0,0.0,0.0,0.0,0.0,0.0,22.0,0.0,3.0,0.0,0.0,0.0,0.0,0.0,0.0,0.0,0.0,0.0,0.0,0.0,287.0,0.0,0.0,287.0,0.0,0.0,0.0,0.0,0.0,0.0,0.0,0.0,40.0,0.0,42.0,40.0,42.0,42.0,68.0,42.0,83.0,68.0,12.0,83.0,0.0,12.0,0.0,0.0,0.0,0.0,"Jan 19, 2017"
548,1310072.0,25575.0,Sulaymaniyah,Sulaymaniya,Muaskar Al-Salam,معسكر سلام,35.6124628,45.2991303,7.0,42.0,0.0,0.0,0.0,0.0,0.0,0.0,0.0,0.0,0.0,0.0,0.0,0.0,7.0,0.0,0.0,0.0,0.0,0.0,0.0,0.0,0.0,1.0,0.0,0.0,1.0,0.0,0.0,0.0,0.0,0.0,0.0,0.0,0.0,0.0,6.0,0.0,0.0,6.0,0.0,0.0,0.0,0.0,7.0,0.0,0.0,7.0,0.0,0.0,0.0,0.0,0.0,0.0,0.0,0.0,0.0,0.0,"Jan 19, 2017"
549,1310073.0,25524.0,Sulaymaniyah,Sulaymaniya,Newroz,نوروز,35.5312237,45.4435932,85.0,510.0,48.0,2.0,12.0,0.0,0.0,7.0,0.0,0.0,0.0,0.0,0.0,0.0,8.0,0.0,8.0,0.0,0.0,0.0,0.0,0.0,0.0,0.0,0.0,0.0,0.0,0.0,85.0,0.0,0.0,85.0,0.0,0.0,0.0,0.0,0.0,0.0,0.0,0.0,16.0,0.0,18.0,16.0,17.0,18.0,18.0,17.0,14.0,18.0,2.0,14.0,0.0,2.0,0.0,0.0,0.0,0.0,"Jan 19, 2017"
550,1310075.0,23536.0,Sulaymaniyah,Sulaymaniya,Bazian-peshwa,بيشوا,35.5909185,45.1413562,47.0,282.0,21.0,0.0,0.0,0.0,0.0,0.0,0.0,0.0,0.0,0.0,0.0,0.0,22.0,0.0,4.0,0.0,0.0,0.0,0.0,0.0,0.0,0.0,0.0,0.0,0.0,0.0,47.0,0.0,0.0,47.0,0.0,0.0,0.0,0.0,0.0,0.0,0.0,0.0,3.0,0.0,5.0,3.0,22.0,5.0,3.0,22.0,9.0,3.0,5.0,9.0,0.0,5.0,0.0,0.0,0.0,0.0,"Jan 19, 2017"
551,1310076.0,23598.0,Sulaymaniyah,Sulaymaniya,Bardaqarman-Qala,قلا-بردةقارمان,35.6512808,45.0684825,52.0,312.0,45.0,0.0,7.0,0.0,0.0,0.0,0.0,0.0,0.0,0.0,0.0,0.0,0.0,0.0,0.0,0.0,0.0,0.0,0.0,0.0,0.0,0.0,0.0,0.0,0.0,0.0,52.0,0.0,0.0,52.0,0.0,0.0,0.0,0.0,0.0,0.0,0.0,0.0,18.0,0.0,14.0,18.0,0.0,14.0,14.0,0.0,6.0,14.0,0.0,6.0,0.0,0.0,0.0,0.0,0.0,0.0,"Jan 19, 2017"
552,1310077.0,21320.0,Sulaymaniyah,Sulaymaniya,Qalawa ,قالاوة ,35.548278,45.4174845,37.0,222.0,27.0,2.0,8.0,0.0,0.0,0.0,0.0,0.0,0.0,0.0,0.0,0.0,0.0,0.0,0.0,0.0,0.0,0.0,0.0,0.0,0.0,0.0,0.0,0.0,0.0,0.0,37.0,0.0,0.0,37.0,0.0,0.0,0.0,0.0,0.0,0.0,0.0,0.0,2.0,0.0,6.0,2.0,0.0,6.0,10.0,0.0,13.0,10.0,6.0,13.0,0.0,6.0,0.0,0.0,0.0,0.0,"Jan 19, 2017"
553,1310078.0,4450.0,Sulaymaniyah,Sulaymaniya,Qaradagh,قرداغ,35.3073809,45.3923748,32.0,192.0,4.0,2.0,4.0,0.0,0.0,9.0,0.0,0.0,0.0,0.0,0.0,0.0,11.0,0.0,2.0,0.0,0.0,0.0,0.0,0.0,0.0,0.0,0.0,0.0,0.0,0.0,32.0,0.0,0.0,32.0,0.0,0.0,0.0,0.0,0.0,0.0,0.0,0.0,0.0,0.0,6.0,0.0,6.0,6.0,6.0,6.0,10.0,6.0,4.0,10.0,0.0,4.0,0.0,0.0,0.0,0.0,"Jan 19, 2017"
554,1310079.0,4575.0,Sulaymaniyah,Sulaymaniya,Sewsenan,سيوسينان,35.2182657,45.4959589,11.0,66.0,0.0,0.0,2.0,0.0,0.0,3.0,0.0,0.0,0.0,0.0,0.0,0.0,3.0,0.0,3.0,0.0,0.0,0.0,0.0,0.0,0.0,0.0,0.0,0.0,0.0,0.0,11.0,0.0,0.0,11.0,0.0,0.0,0.0,0.0,0.0,0.0,0.0,0.0,3.0,0.0,0.0,3.0,4.0,0.0,1.0,4.0,3.0,1.0,0.0,3.0,0.0,0.0,0.0,0.0,0.0,0.0,"Jan 19, 2017"
555,1310080.0,4448.0,Sulaymaniyah,Sulaymaniya,Qaraman,قارمان,35.382195,45.4123727,2.0,12.0,0.0,0.0,0.0,0.0,0.0,0.0,0.0,0.0,0.0,0.0,0.0,0.0,2.0,0.0,0.0,0.0,0.0,0.0,0.0,0.0,0.0,0.0,0.0,0.0,0.0,0.0,2.0,0.0,0.0,2.0,0.0,0.0,0.0,0.0,0.0,0.0,0.0,0.0,0.0,0.0,0.0,0.0,2.0,0.0,0.0,2.0,0.0,0.0,0.0,0.0,0.0,0.0,0.0,0.0,0.0,0.0,"Jan 19, 2017"
556,1310081.0,4449.0,Sulaymaniyah,Sulaymaniya,Qaratughan,قرتوغان,35.5141646,45.4324646,7.0,42.0,5.0,0.0,0.0,0.0,0.0,2.0,0.0,0.0,0.0,0.0,0.0,0.0,0.0,0.0,0.0,0.0,0.0,0.0,0.0,0.0,0.0,0.0,0.0,0.0,0.0,0.0,7.0,0.0,0.0,7.0,0.0,0.0,0.0,0.0,0.0,0.0,0.0,0.0,6.0,0.0,0.0,6.0,0.0,0.0,0.0,0.0,1.0,0.0,0.0,1.0,0.0,0.0,0.0,0.0,0.0,0.0,"Jan 19, 2017"
557,1310082.0,4549.0,Sulaymaniyah,Sulaymaniya,Qirga 331+329,قركة 331+329,35.5356658,45.4806123,644.0,3864.0,428.0,4.0,123.0,0.0,0.0,11.0,0.0,0.0,0.0,0.0,0.0,0.0,59.0,0.0,19.0,0.0,0.0,0.0,0.0,0.0,0.0,0.0,0.0,0.0,0.0,0.0,644.0,0.0,0.0,644.0,0.0,0.0,0.0,0.0,0.0,0.0,0.0,0.0,41.0,0.0,79.0,41.0,40.0,79.0,239.0,40.0,219.0,239.0,26.0,219.0,0.0,26.0,0.0,0.0,0.0,0.0,"Jan 19, 2017"
558,1310083.0,6139.0,Sulaymaniyah,Sulaymaniya,Qliasan,قلياسان,35.5795574,45.3743023,52.0,312.0,38.0,0.0,6.0,0.0,0.0,2.0,0.0,0.0,0.0,0.0,0.0,0.0,5.0,0.0,1.0,0.0,0.0,0.0,0.0,0.0,0.0,0.0,0.0,0.0,0.0,0.0,52.0,0.0,0.0,52.0,0.0,0.0,0.0,0.0,0.0,0.0,0.0,0.0,2.0,0.0,7.0,2.0,7.0,7.0,15.0,7.0,21.0,15.0,0.0,21.0,0.0,0.0,0.0,0.0,0.0,0.0,"Jan 19, 2017"
559,1310084.0,6251.0,Sulaymaniyah,Sulaymaniya,Qularaese Kon,قولريسى كون,35.5972827,45.3480122,71.0,426.0,47.0,0.0,11.0,0.0,0.0,5.0,0.0,0.0,0.0,0.0,0.0,0.0,8.0,0.0,0.0,0.0,0.0,0.0,0.0,0.0,0.0,8.0,0.0,0.0,8.0,0.0,63.0,0.0,0.0,63.0,0.0,0.0,0.0,0.0,0.0,0.0,0.0,0.0,10.0,0.0,11.0,10.0,20.0,11.0,11.0,20.0,15.0,11.0,4.0,15.0,0.0,4.0,0.0,0.0,0.0,0.0,"Jan 19, 2017"
560,1310085.0,5896.0,Sulaymaniyah,Sulaymaniya,Raparin-Bawa Mrda,رابرين-باوه مرده,35.5841925,45.3220307,105.0,630.0,43.0,5.0,14.0,0.0,0.0,3.0,0.0,0.0,0.0,0.0,0.0,0.0,27.0,0.0,13.0,0.0,0.0,0.0,0.0,0.0,0.0,0.0,0.0,0.0,0.0,0.0,96.0,0.0,0.0,96.0,0.0,0.0,0.0,0.0,9.0,0.0,0.0,9.0,12.0,0.0,35.0,12.0,17.0,35.0,35.0,17.0,6.0,35.0,0.0,6.0,0.0,0.0,0.0,0.0,0.0,0.0,"Jan 19, 2017"
561,1310086.0,5798.0,Sulaymaniyah,Sulaymaniya,Raparrin,رابرين,35.5780901,45.3392252,655.0,3930.0,447.0,19.0,44.0,0.0,0.0,23.0,0.0,0.0,0.0,0.0,0.0,0.0,90.0,0.0,32.0,0.0,0.0,0.0,0.0,0.0,0.0,0.0,0.0,0.0,0.0,0.0,655.0,0.0,0.0,655.0,0.0,0.0,0.0,0.0,0.0,0.0,0.0,0.0,136.0,0.0,129.0,136.0,66.0,129.0,46.0,66.0,278.0,46.0,0.0,278.0,0.0,0.0,0.0,0.0,0.0,0.0,"Jan 19, 2017"
562,1310087.0,6311.0,Sulaymaniyah,Sulaymaniya,Rizgare 408,رزكارى 408,35.5613381,45.4075556,226.0,1356.0,181.0,0.0,16.0,0.0,0.0,4.0,0.0,0.0,0.0,0.0,0.0,0.0,9.0,0.0,16.0,0.0,0.0,0.0,0.0,0.0,0.0,0.0,0.0,0.0,0.0,9.0,217.0,9.0,0.0,217.0,0.0,0.0,0.0,0.0,0.0,0.0,0.0,0.0,32.0,0.0,35.0,32.0,28.0,35.0,84.0,28.0,34.0,84.0,13.0,34.0,0.0,13.0,0.0,0.0,0.0,0.0,"Jan 19, 2017"
563,1310088.0,24095.0,Sulaymaniyah,Sulaymaniya,Rizgari-Arbat,رزكارى,35.4275585,45.5875233,86.0,516.0,30.0,20.0,21.0,0.0,0.0,2.0,0.0,0.0,0.0,0.0,0.0,0.0,0.0,0.0,13.0,0.0,0.0,0.0,0.0,0.0,0.0,0.0,0.0,0.0,0.0,0.0,66.0,0.0,0.0,66.0,0.0,0.0,0.0,0.0,20.0,0.0,0.0,20.0,8.0,0.0,29.0,8.0,13.0,29.0,26.0,13.0,8.0,26.0,2.0,8.0,0.0,2.0,0.0,0.0,0.0,0.0,"Jan 19, 2017"
564,1310089.0,24259.0,Sulaymaniyah,Sulaymaniya,Roz city,روز ستى,35.5885205,45.4263634,146.0,876.0,123.0,0.0,6.0,0.0,0.0,0.0,0.0,0.0,0.0,0.0,0.0,0.0,5.0,0.0,12.0,0.0,0.0,0.0,0.0,0.0,0.0,0.0,0.0,0.0,0.0,0.0,146.0,0.0,0.0,146.0,0.0,0.0,0.0,0.0,0.0,0.0,0.0,0.0,16.0,0.0,20.0,16.0,6.0,20.0,58.0,6.0,42.0,58.0,4.0,42.0,0.0,4.0,0.0,0.0,0.0,0.0,"Jan 19, 2017"
565,1310090.0,24256.0,Sulaymaniyah,Sulaymaniya,Rozhlat 305,روزهلات 305,35.5475443,45.4514937,52.0,312.0,33.0,1.0,10.0,0.0,0.0,2.0,0.0,0.0,0.0,0.0,0.0,0.0,6.0,0.0,0.0,0.0,0.0,0.0,0.0,0.0,0.0,0.0,0.0,0.0,0.0,0.0,52.0,0.0,0.0,52.0,0.0,0.0,0.0,0.0,0.0,0.0,0.0,0.0,7.0,0.0,6.0,7.0,16.0,6.0,5.0,16.0,13.0,5.0,5.0,13.0,0.0,5.0,0.0,0.0,0.0,0.0,"Jan 19, 2017"
566,1310091.0,24819.0,Sulaymaniyah,Sulaymaniya,Runaki City,روناكى ستى,35.5983472,45.3417873,120.0,720.0,101.0,0.0,3.0,0.0,0.0,0.0,0.0,0.0,0.0,0.0,0.0,0.0,0.0,0.0,16.0,0.0,0.0,0.0,0.0,0.0,0.0,0.0,0.0,0.0,0.0,0.0,120.0,0.0,0.0,120.0,0.0,0.0,0.0,0.0,0.0,0.0,0.0,0.0,42.0,0.0,10.0,42.0,0.0,10.0,64.0,0.0,4.0,64.0,0.0,4.0,0.0,0.0,0.0,0.0,0.0,0.0,"Jan 19, 2017"
567,1310092.0,21021.0,Sulaymaniyah,Sulaymaniya,Sabun karan Qt,صابن كران,35.5540113,45.4456441,97.0,582.0,58.0,0.0,3.0,0.0,0.0,0.0,0.0,0.0,0.0,0.0,0.0,0.0,32.0,0.0,4.0,0.0,0.0,0.0,0.0,0.0,29.0,0.0,0.0,0.0,0.0,14.0,54.0,14.0,0.0,54.0,0.0,0.0,0.0,0.0,0.0,0.0,0.0,0.0,4.0,0.0,4.0,4.0,32.0,4.0,5.0,32.0,38.0,5.0,14.0,38.0,0.0,14.0,0.0,0.0,0.0,0.0,"Jan 19, 2017"
568,1310093.0,24816.0,Sulaymaniyah,Sulaymaniya,Saib City,صائب ستي,35.5342187,45.4131846,155.0,930.0,72.0,0.0,55.0,0.0,0.0,0.0,0.0,0.0,0.0,0.0,0.0,0.0,17.0,0.0,11.0,0.0,0.0,0.0,0.0,0.0,0.0,0.0,0.0,0.0,0.0,0.0,155.0,0.0,0.0,155.0,0.0,0.0,0.0,0.0,0.0,0.0,0.0,0.0,0.0,0.0,29.0,0.0,8.0,29.0,49.0,8.0,28.0,49.0,41.0,28.0,0.0,41.0,0.0,0.0,0.0,0.0,"Jan 19, 2017"
569,1310094.0,4441.0,Sulaymaniyah,Sulaymaniya,Sarchnar,سرجنار,35.5802839,45.3835801,275.0,1650.0,266.0,0.0,0.0,0.0,0.0,0.0,0.0,0.0,0.0,0.0,0.0,0.0,9.0,0.0,0.0,0.0,0.0,0.0,0.0,0.0,27.0,0.0,0.0,0.0,0.0,0.0,248.0,0.0,0.0,248.0,0.0,0.0,0.0,0.0,0.0,0.0,0.0,0.0,26.0,0.0,11.0,26.0,9.0,11.0,67.0,9.0,136.0,67.0,26.0,136.0,0.0,26.0,0.0,0.0,0.0,0.0,"Jan 19, 2017"
570,1310095.0,24258.0,Sulaymaniyah,Sulaymaniya,Sardam City,سردم ستى,35.5406761,45.4770353,37.0,222.0,27.0,0.0,7.0,0.0,0.0,0.0,0.0,0.0,0.0,0.0,0.0,0.0,2.0,0.0,1.0,0.0,0.0,0.0,0.0,0.0,0.0,0.0,0.0,0.0,0.0,0.0,37.0,0.0,0.0,37.0,0.0,0.0,0.0,0.0,0.0,0.0,0.0,0.0,4.0,0.0,12.0,4.0,0.0,12.0,7.0,0.0,10.0,7.0,4.0,10.0,0.0,4.0,0.0,0.0,0.0,0.0,"Jan 19, 2017"
571,1310096.0,24961.0,Sulaymaniyah,Sulaymaniya,Sardaw 140,سارداو 140,35.588731,45.4287827,106.0,636.0,75.0,0.0,20.0,0.0,0.0,0.0,0.0,0.0,0.0,0.0,0.0,0.0,11.0,0.0,0.0,0.0,0.0,0.0,0.0,0.0,0.0,0.0,0.0,0.0,0.0,0.0,106.0,0.0,0.0,106.0,0.0,0.0,0.0,0.0,0.0,0.0,0.0,0.0,5.0,0.0,14.0,5.0,29.0,14.0,26.0,29.0,25.0,26.0,7.0,25.0,0.0,7.0,0.0,0.0,0.0,0.0,"Jan 19, 2017"
572,1310097.0,25306.0,Sulaymaniyah,Sulaymaniya,Saiwan 301,سيوان 301,35.5488529,45.4463087,39.0,234.0,20.0,0.0,8.0,0.0,0.0,2.0,0.0,0.0,0.0,0.0,0.0,0.0,2.0,0.0,7.0,0.0,0.0,0.0,0.0,0.0,7.0,0.0,0.0,0.0,0.0,0.0,32.0,0.0,0.0,32.0,0.0,0.0,0.0,0.0,0.0,0.0,0.0,0.0,5.0,0.0,5.0,5.0,5.0,5.0,14.0,5.0,10.0,14.0,0.0,10.0,0.0,0.0,0.0,0.0,0.0,0.0,"Jan 19, 2017"
573,1310098.0,21023.0,Sulaymaniyah,Sulaymaniya,Sarshaqam 310,سرشقام 310,35.5471792,45.4348603,78.0,468.0,63.0,0.0,5.0,0.0,0.0,0.0,0.0,0.0,0.0,0.0,0.0,0.0,3.0,0.0,7.0,0.0,0.0,0.0,0.0,0.0,5.0,0.0,0.0,0.0,0.0,0.0,73.0,0.0,0.0,73.0,0.0,0.0,0.0,0.0,0.0,0.0,0.0,0.0,36.0,0.0,8.0,36.0,3.0,8.0,13.0,3.0,15.0,13.0,3.0,15.0,0.0,3.0,0.0,0.0,0.0,0.0,"Jan 19, 2017"
574,1310099.0,24255.0,Sulaymaniyah,Sulaymaniya,Sarwary 142,سرورى 142,35.5834097,45.416355,176.0,1056.0,140.0,0.0,21.0,0.0,0.0,3.0,0.0,0.0,0.0,0.0,0.0,0.0,6.0,0.0,6.0,0.0,0.0,0.0,0.0,0.0,0.0,0.0,0.0,0.0,0.0,0.0,176.0,0.0,0.0,176.0,0.0,0.0,0.0,0.0,0.0,0.0,0.0,0.0,91.0,0.0,5.0,91.0,25.0,5.0,26.0,25.0,18.0,26.0,11.0,18.0,0.0,11.0,0.0,0.0,0.0,0.0,"Jan 19, 2017"
575,1310100.0,24815.0,Sulaymaniyah,Sulaymaniya,Saya City,سايه ستى,35.6070593,45.3430186,186.0,1116.0,146.0,0.0,10.0,0.0,0.0,0.0,0.0,0.0,0.0,0.0,0.0,0.0,10.0,0.0,20.0,0.0,0.0,0.0,0.0,0.0,0.0,0.0,0.0,0.0,0.0,0.0,186.0,0.0,0.0,186.0,0.0,0.0,0.0,0.0,0.0,0.0,0.0,0.0,40.0,0.0,48.0,40.0,0.0,48.0,56.0,0.0,42.0,56.0,0.0,42.0,0.0,0.0,0.0,0.0,0.0,0.0,"Jan 19, 2017"
576,1310101.0,24902.0,Sulaymaniyah,Sulaymaniya,Shakraka,شكركه,35.568739,45.378122,26.0,156.0,20.0,0.0,5.0,0.0,0.0,1.0,0.0,0.0,0.0,0.0,0.0,0.0,0.0,0.0,0.0,0.0,0.0,0.0,0.0,0.0,0.0,0.0,0.0,0.0,0.0,0.0,26.0,0.0,0.0,26.0,0.0,0.0,0.0,0.0,0.0,0.0,0.0,0.0,4.0,0.0,3.0,4.0,1.0,3.0,2.0,1.0,10.0,2.0,6.0,10.0,0.0,6.0,0.0,0.0,0.0,0.0,"Jan 19, 2017"
577,1310102.0,21283.0,Sulaymaniyah,Sulaymaniya,Bazian-Sharwani,شاروانى,35.5983278,45.133669,43.0,258.0,19.0,0.0,7.0,0.0,0.0,3.0,0.0,0.0,0.0,0.0,0.0,0.0,6.0,0.0,8.0,0.0,0.0,0.0,0.0,0.0,0.0,0.0,0.0,0.0,0.0,0.0,43.0,0.0,0.0,43.0,0.0,0.0,0.0,0.0,0.0,0.0,0.0,0.0,0.0,0.0,7.0,0.0,6.0,7.0,12.0,6.0,10.0,12.0,8.0,10.0,0.0,8.0,0.0,0.0,0.0,0.0,"Jan 19, 2017"
578,1310103.0,5800.0,Sulaymaniyah,Sulaymaniya,Sharaf khan,شرف خان,35.5271465,45.4287496,49.0,294.0,35.0,0.0,5.0,0.0,0.0,2.0,0.0,0.0,0.0,0.0,0.0,0.0,5.0,0.0,2.0,0.0,0.0,0.0,0.0,0.0,0.0,0.0,0.0,0.0,0.0,0.0,49.0,0.0,0.0,49.0,0.0,0.0,0.0,0.0,0.0,0.0,0.0,0.0,4.0,0.0,13.0,4.0,0.0,13.0,14.0,0.0,14.0,14.0,4.0,14.0,0.0,4.0,0.0,0.0,0.0,0.0,"Jan 19, 2017"
579,1310104.0,21284.0,Sulaymaniyah,Sulaymaniya,Shekh Muheden 404,شيخ محى الدين 404,35.5534214,45.4209302,45.0,270.0,22.0,3.0,10.0,0.0,0.0,2.0,0.0,0.0,0.0,0.0,0.0,0.0,8.0,0.0,0.0,0.0,0.0,0.0,0.0,0.0,0.0,0.0,0.0,0.0,0.0,0.0,45.0,0.0,0.0,45.0,0.0,0.0,0.0,0.0,0.0,0.0,0.0,0.0,7.0,0.0,9.0,7.0,7.0,9.0,11.0,7.0,4.0,11.0,7.0,4.0,0.0,7.0,0.0,0.0,0.0,0.0,"Jan 19, 2017"
580,1310105.0,25301.0,Sulaymaniyah,Sulaymaniya,Dabashan 116,داباشان 116,35.578874,45.4391714,80.0,480.0,64.0,0.0,0.0,0.0,0.0,11.0,0.0,0.0,0.0,0.0,0.0,0.0,5.0,0.0,0.0,0.0,0.0,0.0,0.0,0.0,0.0,0.0,0.0,0.0,0.0,0.0,80.0,0.0,0.0,80.0,0.0,0.0,0.0,0.0,0.0,0.0,0.0,0.0,23.0,0.0,14.0,23.0,5.0,14.0,23.0,5.0,11.0,23.0,4.0,11.0,0.0,4.0,0.0,0.0,0.0,0.0,"Jan 19, 2017"
581,1310106.0,24099.0,Sulaymaniyah,Sulaymaniya,Shniar City,شنيار ستى,35.5468272,45.3669181,48.0,288.0,37.0,1.0,7.0,0.0,0.0,0.0,0.0,0.0,0.0,0.0,0.0,0.0,0.0,0.0,3.0,0.0,0.0,0.0,0.0,0.0,0.0,0.0,0.0,0.0,0.0,0.0,48.0,0.0,0.0,48.0,0.0,0.0,0.0,0.0,0.0,0.0,0.0,0.0,15.0,0.0,3.0,15.0,0.0,3.0,21.0,0.0,9.0,21.0,0.0,9.0,0.0,0.0,0.0,0.0,0.0,0.0,"Jan 19, 2017"
582,1310107.0,25305.0,Sulaymaniyah,Sulaymaniya,Sulaymaniya-Sharawani 407,شارواني407,35.5455865,45.4247415,59.0,354.0,40.0,0.0,11.0,0.0,0.0,4.0,0.0,0.0,0.0,0.0,0.0,0.0,0.0,0.0,4.0,0.0,0.0,0.0,0.0,0.0,0.0,0.0,0.0,0.0,0.0,0.0,59.0,0.0,0.0,59.0,0.0,0.0,0.0,0.0,0.0,0.0,0.0,0.0,8.0,0.0,7.0,8.0,0.0,7.0,16.0,0.0,17.0,16.0,11.0,17.0,0.0,11.0,0.0,0.0,0.0,0.0,"Jan 19, 2017"
583,1310108.0,26023.0,Sulaymaniyah,Sulaymaniya,Ashti IDP,اشتي كمب للنازحين,35.4164802,45.6057675,2828.0,16968.0,0.0,0.0,0.0,0.0,0.0,0.0,0.0,0.0,0.0,0.0,0.0,0.0,337.0,0.0,2491.0,0.0,0.0,0.0,2828.0,0.0,0.0,0.0,0.0,0.0,0.0,0.0,0.0,0.0,0.0,0.0,0.0,0.0,0.0,0.0,0.0,0.0,0.0,0.0,0.0,0.0,0.0,0.0,337.0,0.0,2491.0,337.0,0.0,2491.0,0.0,0.0,0.0,0.0,0.0,0.0,0.0,0.0,"Jan 19, 2017"
584,1310109.0,5809.0,Sulaymaniyah,Sulaymaniya,Tasluja,طاسلوجة,35.5954297,45.2289052,363.0,2178.0,131.0,0.0,0.0,0.0,0.0,0.0,0.0,0.0,0.0,0.0,0.0,0.0,225.0,0.0,7.0,0.0,0.0,0.0,0.0,0.0,0.0,43.0,0.0,0.0,43.0,0.0,320.0,0.0,0.0,320.0,0.0,0.0,0.0,0.0,0.0,0.0,0.0,0.0,33.0,0.0,33.0,33.0,239.0,33.0,25.0,239.0,19.0,25.0,14.0,19.0,0.0,14.0,0.0,0.0,0.0,0.0,"Jan 19, 2017"
585,1310110.0,25795.0,Sulaymaniyah,Sulaymaniya,Toospy,تووسبي,35.6661419,45.4188029,16.0,96.0,3.0,0.0,0.0,0.0,0.0,0.0,0.0,0.0,0.0,0.0,0.0,0.0,13.0,0.0,0.0,0.0,0.0,0.0,0.0,0.0,0.0,7.0,0.0,0.0,7.0,0.0,5.0,0.0,0.0,5.0,0.0,0.0,0.0,0.0,4.0,0.0,0.0,4.0,0.0,0.0,0.0,0.0,13.0,0.0,0.0,13.0,3.0,0.0,0.0,3.0,0.0,0.0,0.0,0.0,0.0,0.0,"Jan 19, 2017"
586,1310111.0,21029.0,Sulaymaniyah,Sulaymaniya,Toy malik,توملك,35.570284,45.4525707,73.0,438.0,61.0,0.0,5.0,0.0,0.0,1.0,0.0,0.0,0.0,0.0,0.0,0.0,0.0,0.0,6.0,0.0,0.0,0.0,0.0,0.0,12.0,0.0,0.0,0.0,0.0,0.0,61.0,0.0,0.0,61.0,0.0,0.0,0.0,0.0,0.0,0.0,0.0,0.0,28.0,0.0,8.0,28.0,2.0,8.0,14.0,2.0,16.0,14.0,5.0,16.0,0.0,5.0,0.0,0.0,0.0,0.0,"Jan 19, 2017"
587,1310112.0,25523.0,Sulaymaniyah,Sulaymaniya,Village 120,قرية 120,35.4295554,45.4506679,34.0,204.0,12.0,6.0,6.0,0.0,0.0,5.0,0.0,0.0,0.0,0.0,0.0,0.0,5.0,0.0,0.0,0.0,0.0,0.0,0.0,0.0,0.0,0.0,0.0,0.0,0.0,0.0,34.0,0.0,0.0,34.0,0.0,0.0,0.0,0.0,0.0,0.0,0.0,0.0,3.0,0.0,9.0,3.0,11.0,9.0,8.0,11.0,3.0,8.0,0.0,3.0,0.0,0.0,0.0,0.0,0.0,0.0,"Jan 19, 2017"
588,1310113.0,5930.0,Sulaymaniyah,Sulaymaniya,Wluba 326,ولوبه 326,35.5342375,45.4295163,221.0,1326.0,114.0,14.0,37.0,0.0,0.0,0.0,0.0,0.0,0.0,0.0,0.0,0.0,26.0,0.0,30.0,0.0,0.0,0.0,0.0,0.0,0.0,0.0,0.0,0.0,0.0,0.0,221.0,0.0,0.0,221.0,0.0,0.0,0.0,0.0,0.0,0.0,0.0,0.0,5.0,0.0,29.0,5.0,53.0,29.0,83.0,53.0,24.0,83.0,27.0,24.0,0.0,27.0,0.0,0.0,0.0,0.0,"Jan 19, 2017"
589,1310114.0,5813.0,Sulaymaniyah,Sulaymaniya,Zargata 126,زركتة 126,35.5771189,45.4078549,154.0,924.0,99.0,0.0,46.0,0.0,0.0,0.0,0.0,0.0,0.0,0.0,0.0,0.0,1.0,0.0,8.0,0.0,0.0,0.0,0.0,0.0,2.0,0.0,0.0,0.0,0.0,0.0,152.0,0.0,0.0,152.0,0.0,0.0,0.0,0.0,0.0,0.0,0.0,0.0,20.0,0.0,7.0,20.0,1.0,7.0,26.0,1.0,55.0,26.0,45.0,55.0,0.0,45.0,0.0,0.0,0.0,0.0,"Jan 19, 2017"
590,1310115.0,25076.0,Sulaymaniyah,Sulaymaniya,Zargata Kon,زركته كون,35.5863377,45.4124339,156.0,936.0,151.0,2.0,3.0,0.0,0.0,0.0,0.0,0.0,0.0,0.0,0.0,0.0,0.0,0.0,0.0,0.0,0.0,0.0,0.0,0.0,0.0,0.0,0.0,0.0,0.0,0.0,156.0,0.0,0.0,156.0,0.0,0.0,0.0,0.0,0.0,0.0,0.0,0.0,20.0,0.0,34.0,20.0,20.0,34.0,26.0,20.0,50.0,26.0,6.0,50.0,0.0,6.0,0.0,0.0,0.0,0.0,"Jan 19, 2017"
591,1310116.0,6144.0,Sulaymaniyah,Sulaymaniya,Balambo 324,بلامبو 324,35.5327942,45.4356949,77.0,462.0,31.0,0.0,8.0,0.0,0.0,9.0,0.0,0.0,0.0,0.0,0.0,0.0,21.0,0.0,8.0,0.0,0.0,0.0,0.0,0.0,0.0,0.0,0.0,0.0,0.0,0.0,77.0,0.0,0.0,77.0,0.0,0.0,0.0,0.0,0.0,0.0,0.0,0.0,5.0,0.0,19.0,5.0,6.0,19.0,27.0,6.0,18.0,27.0,2.0,18.0,0.0,2.0,0.0,0.0,0.0,0.0,"Jan 19, 2017"
592,1310122.0,28414.0,Sulaymaniyah,Sulaymaniya,bekas,بيكس,35.5929855,45.3997205,181.0,1086.0,153.0,0.0,22.0,0.0,0.0,0.0,0.0,0.0,0.0,0.0,0.0,0.0,0.0,0.0,6.0,0.0,0.0,0.0,0.0,0.0,0.0,0.0,0.0,0.0,0.0,0.0,181.0,0.0,0.0,181.0,0.0,0.0,0.0,0.0,0.0,0.0,0.0,0.0,25.0,0.0,23.0,25.0,0.0,23.0,39.0,0.0,60.0,39.0,34.0,60.0,0.0,34.0,0.0,0.0,0.0,0.0,"Jan 19, 2017"
593,1310123.0,4471.0,Sulaymaniyah,Sulaymaniya,kela spi,كيلة سبي,35.5713684,45.2733251,41.0,246.0,4.0,6.0,0.0,0.0,0.0,5.0,0.0,0.0,0.0,0.0,0.0,0.0,26.0,0.0,0.0,0.0,0.0,0.0,0.0,0.0,0.0,0.0,0.0,0.0,0.0,0.0,41.0,0.0,0.0,41.0,0.0,0.0,0.0,0.0,0.0,0.0,0.0,0.0,0.0,0.0,9.0,0.0,26.0,9.0,3.0,26.0,3.0,3.0,0.0,3.0,0.0,0.0,0.0,0.0,0.0,0.0,"Jan 19, 2017"
594,1310124.0,29628.0,Sulaymaniyah,Sulaymaniya,Tanjaro 314,تانجرو 314,35.5416685,45.4377102,110.0,660.0,53.0,0.0,18.0,0.0,0.0,4.0,0.0,0.0,0.0,0.0,0.0,0.0,10.0,0.0,25.0,0.0,0.0,0.0,0.0,0.0,0.0,0.0,0.0,0.0,0.0,0.0,110.0,0.0,0.0,110.0,0.0,0.0,0.0,0.0,0.0,0.0,0.0,0.0,6.0,0.0,25.0,6.0,23.0,25.0,23.0,23.0,18.0,23.0,15.0,18.0,0.0,15.0,0.0,0.0,0.0,0.0,"Jan 19, 2017"
595,2101002.0,23647.0,Anbar,Al-Ka'im,Al Aubaidi Al Qadima,العبيدي القديمة ,34.4202033065,41.2014943574,161.0,966.0,161.0,0.0,0.0,0.0,0.0,0.0,0.0,0.0,0.0,0.0,0.0,0.0,0.0,0.0,0.0,0.0,0.0,0.0,0.0,35.0,0.0,17.0,0.0,0.0,17.0,0.0,67.0,0.0,0.0,67.0,0.0,0.0,14.0,0.0,28.0,14.0,0.0,28.0,161.0,0.0,0.0,161.0,0.0,0.0,0.0,0.0,0.0,0.0,0.0,0.0,0.0,0.0,0.0,0.0,0.0,0.0,"Jan 19, 2017"
596,2101003.0,23791.0,Anbar,Al-Ka'im,Al Nahda Al-Sharqiyah,حي النهضة الشرقية,34.3682789441,41.0577574787,60.0,360.0,60.0,0.0,0.0,0.0,0.0,0.0,0.0,0.0,0.0,0.0,0.0,0.0,0.0,0.0,0.0,0.0,0.0,0.0,0.0,24.0,0.0,0.0,0.0,0.0,0.0,0.0,36.0,0.0,0.0,36.0,0.0,0.0,0.0,0.0,0.0,0.0,0.0,0.0,55.0,0.0,0.0,55.0,0.0,0.0,5.0,0.0,0.0,5.0,0.0,0.0,0.0,0.0,0.0,0.0,0.0,0.0,"Jan 19, 2017"
597,2101004.0,23795.0,Anbar,Al-Ka'im,Al Rumanah Al Gharbiyah,حي الرمانة الغربية,34.4009871805,41.0712448175,67.0,402.0,67.0,0.0,0.0,0.0,0.0,0.0,0.0,0.0,0.0,0.0,0.0,0.0,0.0,0.0,0.0,0.0,0.0,0.0,0.0,30.0,0.0,0.0,0.0,0.0,0.0,0.0,37.0,0.0,0.0,37.0,0.0,0.0,0.0,0.0,0.0,0.0,0.0,0.0,59.0,0.0,0.0,59.0,0.0,0.0,8.0,0.0,0.0,8.0,0.0,0.0,0.0,0.0,0.0,0.0,0.0,0.0,"Jan 19, 2017"
598,2101005.0,23796.0,Anbar,Al-Ka'im,Al Rumanah Al Sharqiyah,حي الرمانة الشرقية,34.3948819956,41.0766510396,79.0,474.0,79.0,0.0,0.0,0.0,0.0,0.0,0.0,0.0,0.0,0.0,0.0,0.0,0.0,0.0,0.0,0.0,0.0,0.0,0.0,34.0,0.0,0.0,0.0,0.0,0.0,0.0,32.0,0.0,0.0,32.0,0.0,0.0,0.0,0.0,13.0,0.0,0.0,13.0,72.0,0.0,0.0,72.0,0.0,0.0,7.0,0.0,0.0,7.0,0.0,0.0,0.0,0.0,0.0,0.0,0.0,0.0,"Jan 19, 2017"
599,2101006.0,90.0,Anbar,Al-Ka'im,Al Ubaydi-1,العبيدي-مرحلة أولى,34.4292142391,41.2263325251,166.0,996.0,166.0,0.0,0.0,0.0,0.0,0.0,0.0,0.0,0.0,0.0,0.0,0.0,0.0,0.0,0.0,0.0,0.0,0.0,0.0,83.0,0.0,12.0,0.0,0.0,12.0,0.0,71.0,0.0,0.0,71.0,0.0,0.0,0.0,0.0,0.0,0.0,0.0,0.0,154.0,0.0,0.0,154.0,0.0,0.0,12.0,0.0,0.0,12.0,0.0,0.0,0.0,0.0,0.0,0.0,0.0,0.0,"Jan 19, 2017"
600,2101007.0,23797.0,Anbar,Al-Ka'im,Al Ubaydi-2,مرحلة الثانية ,34.4346490682,41.2260069452,210.0,1260.0,210.0,0.0,0.0,0.0,0.0,0.0,0.0,0.0,0.0,0.0,0.0,0.0,0.0,0.0,0.0,0.0,0.0,0.0,0.0,112.0,0.0,2.0,0.0,0.0,2.0,0.0,85.0,0.0,0.0,85.0,0.0,0.0,0.0,0.0,11.0,0.0,0.0,11.0,210.0,0.0,0.0,210.0,0.0,0.0,0.0,0.0,0.0,0.0,0.0,0.0,0.0,0.0,0.0,0.0,0.0,0.0,"Jan 19, 2017"
601,2101008.0,164.0,Anbar,Al-Ka'im,Al Ubaydi-3,العبيدي-مرحلة ثالثة,34.4367985286,41.2326752246,123.0,738.0,123.0,0.0,0.0,0.0,0.0,0.0,0.0,0.0,0.0,0.0,0.0,0.0,0.0,0.0,0.0,0.0,0.0,0.0,0.0,30.0,0.0,23.0,0.0,0.0,23.0,0.0,70.0,0.0,0.0,70.0,0.0,0.0,0.0,0.0,0.0,0.0,0.0,0.0,123.0,0.0,0.0,123.0,0.0,0.0,0.0,0.0,0.0,0.0,0.0,0.0,0.0,0.0,0.0,0.0,0.0,0.0,"Jan 19, 2017"
602,2101009.0,23798.0,Anbar,Al-Ka'im,Al Ubaydi-Smnt,المجمع السكني لمعمل سمنت القائم,34.4326128338,41.221688,136.0,816.0,136.0,0.0,0.0,0.0,0.0,0.0,0.0,0.0,0.0,0.0,0.0,0.0,0.0,0.0,0.0,0.0,0.0,0.0,0.0,63.0,0.0,0.0,0.0,0.0,0.0,0.0,73.0,0.0,0.0,73.0,0.0,0.0,0.0,0.0,0.0,0.0,0.0,0.0,136.0,0.0,0.0,136.0,0.0,0.0,0.0,0.0,0.0,0.0,0.0,0.0,0.0,0.0,0.0,0.0,0.0,0.0,"Jan 19, 2017"
603,2101011.0,106.0,Anbar,Al-Ka'im,Al-Amen,حي الامين,34.3791285634,41.0003782375,79.0,474.0,79.0,0.0,0.0,0.0,0.0,0.0,0.0,0.0,0.0,0.0,0.0,0.0,0.0,0.0,0.0,0.0,0.0,0.0,0.0,28.0,0.0,0.0,0.0,0.0,0.0,0.0,51.0,0.0,0.0,51.0,0.0,0.0,0.0,0.0,0.0,0.0,0.0,0.0,0.0,0.0,69.0,0.0,0.0,69.0,10.0,0.0,0.0,10.0,0.0,0.0,0.0,0.0,0.0,0.0,0.0,0.0,"Jan 19, 2017"
604,2101014.0,274.0,Anbar,Al-Ka'im,Al-Rabet,قرية الربط,34.423677,41.0398938894,37.0,222.0,37.0,0.0,0.0,0.0,0.0,0.0,0.0,0.0,0.0,0.0,0.0,0.0,0.0,0.0,0.0,0.0,0.0,0.0,0.0,11.0,0.0,0.0,0.0,0.0,0.0,0.0,26.0,0.0,0.0,26.0,0.0,0.0,0.0,0.0,0.0,0.0,0.0,0.0,0.0,0.0,37.0,0.0,0.0,37.0,0.0,0.0,0.0,0.0,0.0,0.0,0.0,0.0,0.0,0.0,0.0,0.0,"Jan 19, 2017"
605,2101015.0,271.0,Anbar,Al-Ka'im,Door Al-Sikak,حي السكك,34.387714225,40.9759325149,72.0,432.0,72.0,0.0,0.0,0.0,0.0,0.0,0.0,0.0,0.0,0.0,0.0,0.0,0.0,0.0,0.0,0.0,0.0,0.0,0.0,32.0,0.0,0.0,0.0,0.0,0.0,0.0,40.0,0.0,0.0,40.0,0.0,0.0,0.0,0.0,0.0,0.0,0.0,0.0,0.0,0.0,62.0,0.0,0.0,62.0,10.0,0.0,0.0,10.0,0.0,0.0,0.0,0.0,0.0,0.0,0.0,0.0,"Jan 19, 2017"
606,2101016.0,272.0,Anbar,Al-Ka'im,Hay 12 Rabee Alawal,حي 12ربيع الاول,34.3920883303,40.9850459874,71.0,426.0,61.0,0.0,10.0,0.0,0.0,0.0,0.0,0.0,0.0,0.0,0.0,0.0,0.0,0.0,0.0,0.0,0.0,0.0,0.0,58.0,0.0,0.0,0.0,0.0,0.0,0.0,13.0,0.0,0.0,13.0,0.0,0.0,0.0,0.0,0.0,0.0,0.0,0.0,61.0,0.0,10.0,61.0,0.0,10.0,0.0,0.0,0.0,0.0,0.0,0.0,0.0,0.0,0.0,0.0,0.0,0.0,"Jan 19, 2017"
607,2101017.0,23793.0,Anbar,Al-Ka'im,Hay Al Askary,حي العسكري,34.3887928741,41.0222024379,28.0,168.0,28.0,0.0,0.0,0.0,0.0,0.0,0.0,0.0,0.0,0.0,0.0,0.0,0.0,0.0,0.0,0.0,0.0,0.0,0.0,11.0,0.0,0.0,0.0,0.0,0.0,0.0,17.0,0.0,0.0,17.0,0.0,0.0,0.0,0.0,0.0,0.0,0.0,0.0,28.0,0.0,0.0,28.0,0.0,0.0,0.0,0.0,0.0,0.0,0.0,0.0,0.0,0.0,0.0,0.0,0.0,0.0,"Jan 19, 2017"
608,2101018.0,23788.0,Anbar,Al-Ka'im,Hay Al Rashid,حي الرشيد,34.3871528637,40.9888184821,66.0,396.0,66.0,0.0,0.0,0.0,0.0,0.0,0.0,0.0,0.0,0.0,0.0,0.0,0.0,0.0,0.0,0.0,0.0,0.0,0.0,28.0,0.0,0.0,0.0,0.0,0.0,0.0,38.0,0.0,0.0,38.0,0.0,0.0,0.0,0.0,0.0,0.0,0.0,0.0,58.0,0.0,0.0,58.0,0.0,0.0,8.0,0.0,0.0,8.0,0.0,0.0,0.0,0.0,0.0,0.0,0.0,0.0,"Jan 19, 2017"
609,2101019.0,23787.0,Anbar,Al-Ka'im,Hay Al Sham,حي الشام ( الجمعية ),34.3876921153,40.9942984689,77.0,462.0,77.0,0.0,0.0,0.0,0.0,0.0,0.0,0.0,0.0,0.0,0.0,0.0,0.0,0.0,0.0,0.0,0.0,0.0,0.0,52.0,0.0,0.0,0.0,0.0,0.0,0.0,25.0,0.0,0.0,25.0,0.0,0.0,0.0,0.0,0.0,0.0,0.0,0.0,77.0,0.0,0.0,77.0,0.0,0.0,0.0,0.0,0.0,0.0,0.0,0.0,0.0,0.0,0.0,0.0,0.0,0.0,"Jan 19, 2017"
610,2101020.0,23790.0,Anbar,Al-Ka'im,Hay Al Shuhadaa,حي الشهداء,34.3737900995,41.0632870115,70.0,420.0,70.0,0.0,0.0,0.0,0.0,0.0,0.0,0.0,0.0,0.0,0.0,0.0,0.0,0.0,0.0,0.0,0.0,0.0,0.0,28.0,0.0,0.0,0.0,0.0,0.0,0.0,42.0,0.0,0.0,42.0,0.0,0.0,0.0,0.0,0.0,0.0,0.0,0.0,0.0,0.0,70.0,0.0,0.0,70.0,0.0,0.0,0.0,0.0,0.0,0.0,0.0,0.0,0.0,0.0,0.0,0.0,"Jan 19, 2017"
611,2101021.0,23794.0,Anbar,Al-Ka'im,Hay Al Sinay,حي الصناعي,34.3840361815,41.035056,47.0,282.0,47.0,0.0,0.0,0.0,0.0,0.0,0.0,0.0,0.0,0.0,0.0,0.0,0.0,0.0,0.0,0.0,0.0,0.0,0.0,16.0,0.0,0.0,0.0,0.0,0.0,0.0,31.0,0.0,0.0,31.0,0.0,0.0,0.0,0.0,0.0,0.0,0.0,0.0,47.0,0.0,0.0,47.0,0.0,0.0,0.0,0.0,0.0,0.0,0.0,0.0,0.0,0.0,0.0,0.0,0.0,0.0,"Jan 19, 2017"
612,2101022.0,276.0,Anbar,Al-Ka'im,Hay Al-Andalus,حي الاندلس,34.3935488128,40.9908843728,118.0,708.0,118.0,0.0,0.0,0.0,0.0,0.0,0.0,0.0,0.0,0.0,0.0,0.0,0.0,0.0,0.0,0.0,0.0,0.0,0.0,67.0,0.0,0.0,0.0,0.0,0.0,0.0,51.0,0.0,0.0,51.0,0.0,0.0,0.0,0.0,0.0,0.0,0.0,0.0,0.0,0.0,100.0,0.0,0.0,100.0,18.0,0.0,0.0,18.0,0.0,0.0,0.0,0.0,0.0,0.0,0.0,0.0,"Jan 19, 2017"
613,2101023.0,286.0,Anbar,Al-Ka'im,Hay Al-Athar,حي الاثار,34.3767347214,41.0630770907,50.0,300.0,50.0,0.0,0.0,0.0,0.0,0.0,0.0,0.0,0.0,0.0,0.0,0.0,0.0,0.0,0.0,0.0,0.0,0.0,0.0,21.0,0.0,0.0,0.0,0.0,0.0,0.0,29.0,0.0,0.0,29.0,0.0,0.0,0.0,0.0,0.0,0.0,0.0,0.0,50.0,0.0,0.0,50.0,0.0,0.0,0.0,0.0,0.0,0.0,0.0,0.0,0.0,0.0,0.0,0.0,0.0,0.0,"Jan 19, 2017"
614,2101024.0,279.0,Anbar,Al-Ka'im,Hay Al-Farooq,حي الفاروق,34.3964596606,41.0027445182,61.0,366.0,61.0,0.0,0.0,0.0,0.0,0.0,0.0,0.0,0.0,0.0,0.0,0.0,0.0,0.0,0.0,0.0,0.0,0.0,0.0,29.0,0.0,0.0,0.0,0.0,0.0,0.0,32.0,0.0,0.0,32.0,0.0,0.0,0.0,0.0,0.0,0.0,0.0,0.0,54.0,0.0,0.0,54.0,0.0,0.0,7.0,0.0,0.0,7.0,0.0,0.0,0.0,0.0,0.0,0.0,0.0,0.0,"Jan 19, 2017"
615,2101025.0,277.0,Anbar,Al-Ka'im,Hay Al-Maamon,حي المامون,34.3936213268,41.0004309957,111.0,666.0,111.0,0.0,0.0,0.0,0.0,0.0,0.0,0.0,0.0,0.0,0.0,0.0,0.0,0.0,0.0,0.0,0.0,0.0,0.0,50.0,0.0,0.0,0.0,0.0,0.0,0.0,61.0,0.0,0.0,61.0,0.0,0.0,0.0,0.0,0.0,0.0,0.0,0.0,86.0,0.0,0.0,86.0,0.0,0.0,25.0,0.0,0.0,25.0,0.0,0.0,0.0,0.0,0.0,0.0,0.0,0.0,"Jan 19, 2017"
616,2101027.0,268.0,Anbar,Al-Ka'im,Hay Al-Salam,حي السلام,34.393181897,40.9958674453,75.0,450.0,75.0,0.0,0.0,0.0,0.0,0.0,0.0,0.0,0.0,0.0,0.0,0.0,0.0,0.0,0.0,0.0,0.0,0.0,0.0,53.0,0.0,5.0,0.0,0.0,5.0,0.0,17.0,0.0,0.0,17.0,0.0,0.0,0.0,0.0,0.0,0.0,0.0,0.0,67.0,0.0,0.0,67.0,0.0,0.0,8.0,0.0,0.0,8.0,0.0,0.0,0.0,0.0,0.0,0.0,0.0,0.0,"Jan 19, 2017"
617,2101028.0,269.0,Anbar,Al-Ka'im,Hay Al-Yarmook,حي اليرموك,34.3971796305,40.9893164129,50.0,300.0,50.0,0.0,0.0,0.0,0.0,0.0,0.0,0.0,0.0,0.0,0.0,0.0,0.0,0.0,0.0,0.0,0.0,0.0,0.0,24.0,0.0,0.0,0.0,0.0,0.0,0.0,26.0,0.0,0.0,26.0,0.0,0.0,0.0,0.0,0.0,0.0,0.0,0.0,50.0,0.0,0.0,50.0,0.0,0.0,0.0,0.0,0.0,0.0,0.0,0.0,0.0,0.0,0.0,0.0,0.0,0.0,"Jan 19, 2017"
618,2101030.0,156.0,Anbar,Al-Ka'im,Wazeeriya,حي الوزيرية,34.3814170211,41.0396407583,60.0,360.0,60.0,0.0,0.0,0.0,0.0,0.0,0.0,0.0,0.0,0.0,0.0,0.0,0.0,0.0,0.0,0.0,0.0,0.0,0.0,27.0,0.0,0.0,0.0,0.0,0.0,0.0,33.0,0.0,0.0,33.0,0.0,0.0,0.0,0.0,0.0,0.0,0.0,0.0,60.0,0.0,0.0,60.0,0.0,0.0,0.0,0.0,0.0,0.0,0.0,0.0,0.0,0.0,0.0,0.0,0.0,0.0,"Jan 19, 2017"
619,2102002.0,150.0,Anbar,Al-Rutba,Al Haara,حي الحارة,33.0376159091,40.2842644299,25.0,150.0,25.0,0.0,0.0,0.0,0.0,0.0,0.0,0.0,0.0,0.0,0.0,0.0,0.0,0.0,0.0,0.0,0.0,0.0,0.0,0.0,0.0,13.0,0.0,0.0,13.0,12.0,0.0,12.0,0.0,0.0,0.0,0.0,0.0,0.0,0.0,0.0,0.0,0.0,25.0,0.0,0.0,25.0,0.0,0.0,0.0,0.0,0.0,0.0,0.0,0.0,0.0,0.0,0.0,0.0,0.0,0.0,"Jan 19, 2017"
620,2102005.0,61.0,Anbar,Al-Rutba,Al Nakheeb,النخيب,32.042733,42.252977,159.0,954.0,159.0,0.0,0.0,0.0,0.0,0.0,0.0,0.0,0.0,0.0,0.0,0.0,0.0,0.0,0.0,0.0,0.0,0.0,0.0,8.0,0.0,10.0,0.0,0.0,10.0,13.0,0.0,13.0,0.0,0.0,0.0,0.0,60.0,0.0,68.0,60.0,0.0,68.0,40.0,0.0,0.0,40.0,0.0,0.0,119.0,0.0,0.0,119.0,0.0,0.0,0.0,0.0,0.0,0.0,0.0,0.0,"Jan 19, 2017"
621,2102006.0,231.0,Anbar,Al-Rutba,Al Wadi,حي الوادي,33.0396642122,40.2836526192,99.0,594.0,99.0,0.0,0.0,0.0,0.0,0.0,0.0,0.0,0.0,0.0,0.0,0.0,0.0,0.0,0.0,0.0,0.0,0.0,0.0,0.0,0.0,26.0,0.0,0.0,26.0,0.0,73.0,0.0,0.0,73.0,0.0,0.0,0.0,0.0,0.0,0.0,0.0,0.0,99.0,0.0,0.0,99.0,0.0,0.0,0.0,0.0,0.0,0.0,0.0,0.0,0.0,0.0,0.0,0.0,0.0,0.0,"Jan 19, 2017"
622,2102007.0,23935.0,Anbar,Al-Rutba,Al-Daraemah Village,قرية الدراعمة,33.0430266763,40.3803834577,98.0,588.0,98.0,0.0,0.0,0.0,0.0,0.0,0.0,0.0,0.0,0.0,0.0,0.0,0.0,0.0,0.0,0.0,0.0,0.0,0.0,36.0,0.0,8.0,0.0,0.0,8.0,0.0,54.0,0.0,0.0,54.0,0.0,0.0,0.0,0.0,0.0,0.0,0.0,0.0,98.0,0.0,0.0,98.0,0.0,0.0,0.0,0.0,0.0,0.0,0.0,0.0,0.0,0.0,0.0,0.0,0.0,0.0,"Jan 19, 2017"
623,2102008.0,167.0,Anbar,Al-Rutba,Antesar,حي الانتصار,33.0312656362,40.2990147932,15.0,90.0,15.0,0.0,0.0,0.0,0.0,0.0,0.0,0.0,0.0,0.0,0.0,0.0,0.0,0.0,0.0,0.0,0.0,0.0,0.0,15.0,0.0,0.0,0.0,0.0,0.0,0.0,0.0,0.0,0.0,0.0,0.0,0.0,0.0,0.0,0.0,0.0,0.0,0.0,10.0,0.0,0.0,10.0,0.0,0.0,5.0,0.0,0.0,5.0,0.0,0.0,0.0,0.0,0.0,0.0,0.0,0.0,"Jan 19, 2017"
624,2102011.0,23888.0,Anbar,Al-Rutba,Gharb Al-Wadi,حي غرب الوادي,33.0424552322,40.2780390713,153.0,918.0,153.0,0.0,0.0,0.0,0.0,0.0,0.0,0.0,0.0,0.0,0.0,0.0,0.0,0.0,0.0,0.0,0.0,0.0,0.0,67.0,0.0,48.0,0.0,0.0,48.0,0.0,0.0,0.0,0.0,0.0,0.0,0.0,8.0,0.0,30.0,8.0,0.0,30.0,147.0,0.0,0.0,147.0,0.0,0.0,6.0,0.0,0.0,6.0,0.0,0.0,0.0,0.0,0.0,0.0,0.0,0.0,"Jan 19, 2017"
625,2102012.0,24761.0,Anbar,Al-Rutba,Hay Abira,حي ابيرة,32.764845,43.38883,72.0,432.0,72.0,0.0,0.0,0.0,0.0,0.0,0.0,0.0,0.0,0.0,0.0,0.0,0.0,0.0,0.0,0.0,0.0,0.0,0.0,28.0,0.0,0.0,0.0,0.0,0.0,0.0,0.0,0.0,0.0,0.0,0.0,0.0,24.0,0.0,20.0,24.0,0.0,20.0,44.0,0.0,0.0,44.0,0.0,0.0,0.0,0.0,28.0,0.0,0.0,28.0,0.0,0.0,0.0,0.0,0.0,0.0,"Jan 19, 2017"
626,2102014.0,166.0,Anbar,Al-Rutba,Hay Al Meethagh,حي الميثاق,33.0319735383,40.2904721726,137.0,822.0,137.0,0.0,0.0,0.0,0.0,0.0,0.0,0.0,0.0,0.0,0.0,0.0,0.0,0.0,0.0,0.0,0.0,0.0,0.0,0.0,0.0,0.0,0.0,0.0,0.0,22.0,85.0,22.0,0.0,85.0,0.0,0.0,0.0,0.0,30.0,0.0,0.0,30.0,137.0,0.0,0.0,137.0,0.0,0.0,0.0,0.0,0.0,0.0,0.0,0.0,0.0,0.0,0.0,0.0,0.0,0.0,"Jan 19, 2017"
627,2102015.0,24763.0,Anbar,Al-Rutba,Hay Al-Dour,حي الدور,32.764319,43.386783,45.0,270.0,45.0,0.0,0.0,0.0,0.0,0.0,0.0,0.0,0.0,0.0,0.0,0.0,0.0,0.0,0.0,0.0,0.0,0.0,0.0,0.0,0.0,0.0,0.0,0.0,0.0,0.0,0.0,0.0,0.0,0.0,0.0,0.0,45.0,0.0,0.0,45.0,0.0,0.0,45.0,0.0,0.0,45.0,0.0,0.0,0.0,0.0,0.0,0.0,0.0,0.0,0.0,0.0,0.0,0.0,0.0,0.0,"Jan 19, 2017"
628,2102016.0,233.0,Anbar,Al-Rutba,Hay Al-Matar,حي المطار,33.0346108437,40.2866801333,168.0,1008.0,152.0,0.0,16.0,0.0,0.0,0.0,0.0,0.0,0.0,0.0,0.0,0.0,0.0,0.0,0.0,0.0,0.0,0.0,0.0,16.0,0.0,17.0,0.0,0.0,17.0,0.0,91.0,0.0,0.0,91.0,0.0,0.0,18.0,0.0,26.0,18.0,0.0,26.0,152.0,0.0,16.0,152.0,0.0,16.0,0.0,0.0,0.0,0.0,0.0,0.0,0.0,0.0,0.0,0.0,0.0,0.0,"Jan 19, 2017"
629,2102021.0,23936.0,Anbar,Al-Rutba,Rumilah Village,قرية رميلة,33.0602209076,40.3455662902,71.0,426.0,71.0,0.0,0.0,0.0,0.0,0.0,0.0,0.0,0.0,0.0,0.0,0.0,0.0,0.0,0.0,0.0,0.0,0.0,0.0,0.0,0.0,0.0,0.0,0.0,0.0,0.0,0.0,0.0,0.0,0.0,0.0,0.0,0.0,0.0,71.0,0.0,0.0,71.0,71.0,0.0,0.0,71.0,0.0,0.0,0.0,0.0,0.0,0.0,0.0,0.0,0.0,0.0,0.0,0.0,0.0,0.0,"Jan 19, 2017"
630,2103001.0,248.0,Anbar,Ana,Al bor (Shishan),حي العبور,34.3667880547,41.9707831429,242.0,1452.0,242.0,0.0,0.0,0.0,0.0,0.0,0.0,0.0,0.0,0.0,0.0,0.0,0.0,0.0,0.0,0.0,0.0,0.0,0.0,72.0,0.0,0.0,0.0,0.0,0.0,0.0,170.0,0.0,0.0,170.0,0.0,0.0,0.0,0.0,0.0,0.0,0.0,0.0,235.0,0.0,0.0,235.0,0.0,0.0,7.0,0.0,0.0,7.0,0.0,0.0,0.0,0.0,0.0,0.0,0.0,0.0,"Jan 19, 2017"
631,2103002.0,246.0,Anbar,Ana,Al maadid,المعاضيد,34.2246871247,42.144637877,129.0,774.0,129.0,0.0,0.0,0.0,0.0,0.0,0.0,0.0,0.0,0.0,0.0,0.0,0.0,0.0,0.0,0.0,0.0,0.0,0.0,24.0,0.0,32.0,0.0,0.0,32.0,0.0,73.0,0.0,0.0,73.0,0.0,0.0,0.0,0.0,0.0,0.0,0.0,0.0,124.0,0.0,0.0,124.0,0.0,0.0,5.0,0.0,0.0,5.0,0.0,0.0,0.0,0.0,0.0,0.0,0.0,0.0,"Jan 19, 2017"
632,2103003.0,252.0,Anbar,Ana,Al Tadamon,حي التضامن,34.3642801291,41.9840278652,337.0,2022.0,337.0,0.0,0.0,0.0,0.0,0.0,0.0,0.0,0.0,0.0,0.0,0.0,0.0,0.0,0.0,0.0,0.0,0.0,0.0,98.0,0.0,0.0,0.0,0.0,0.0,0.0,178.0,0.0,0.0,178.0,0.0,0.0,4.0,0.0,57.0,4.0,0.0,57.0,329.0,0.0,0.0,329.0,0.0,0.0,8.0,0.0,0.0,8.0,0.0,0.0,0.0,0.0,0.0,0.0,0.0,0.0,"Jan 19, 2017"
633,2103005.0,250.0,Anbar,Ana,Hay Al Nasir,حي النصر,34.3677942229,41.9909444522,309.0,1854.0,309.0,0.0,0.0,0.0,0.0,0.0,0.0,0.0,0.0,0.0,0.0,0.0,0.0,0.0,0.0,0.0,0.0,0.0,0.0,107.0,0.0,0.0,0.0,0.0,0.0,0.0,194.0,0.0,0.0,194.0,0.0,0.0,8.0,0.0,0.0,8.0,0.0,0.0,304.0,0.0,0.0,304.0,0.0,0.0,5.0,0.0,0.0,5.0,0.0,0.0,0.0,0.0,0.0,0.0,0.0,0.0,"Jan 19, 2017"
634,2103006.0,251.0,Anbar,Ana,Hay Al Qadissiyah,حي القادسية,34.3774908898,41.983222622,294.0,1764.0,294.0,0.0,0.0,0.0,0.0,0.0,0.0,0.0,0.0,0.0,0.0,0.0,0.0,0.0,0.0,0.0,0.0,0.0,0.0,122.0,0.0,0.0,0.0,0.0,0.0,0.0,164.0,0.0,0.0,164.0,0.0,0.0,8.0,0.0,0.0,8.0,0.0,0.0,289.0,0.0,0.0,289.0,0.0,0.0,5.0,0.0,0.0,5.0,0.0,0.0,0.0,0.0,0.0,0.0,0.0,0.0,"Jan 19, 2017"
635,2103007.0,253.0,Anbar,Ana,Hay Al Salam,حي السلام,34.3715056091,41.9697885755,252.0,1512.0,252.0,0.0,0.0,0.0,0.0,0.0,0.0,0.0,0.0,0.0,0.0,0.0,0.0,0.0,0.0,0.0,0.0,0.0,0.0,93.0,0.0,35.0,0.0,0.0,35.0,0.0,110.0,0.0,0.0,110.0,0.0,0.0,0.0,0.0,14.0,0.0,0.0,14.0,247.0,0.0,0.0,247.0,0.0,0.0,5.0,0.0,0.0,5.0,0.0,0.0,0.0,0.0,0.0,0.0,0.0,0.0,"Jan 19, 2017"
636,2103008.0,249.0,Anbar,Ana,Hay Al Tammem,حي التأميم,34.3683780217,41.9956272973,179.0,1074.0,179.0,0.0,0.0,0.0,0.0,0.0,0.0,0.0,0.0,0.0,0.0,0.0,0.0,0.0,0.0,0.0,0.0,0.0,0.0,81.0,0.0,0.0,0.0,0.0,0.0,0.0,91.0,0.0,0.0,91.0,0.0,0.0,7.0,0.0,0.0,7.0,0.0,0.0,171.0,0.0,0.0,171.0,0.0,0.0,8.0,0.0,0.0,8.0,0.0,0.0,0.0,0.0,0.0,0.0,0.0,0.0,"Jan 19, 2017"
637,2103010.0,247.0,Anbar,Ana,Hay Al-Rayhana,حي الريحانه,34.3407346017,42.0268738209,114.0,684.0,114.0,0.0,0.0,0.0,0.0,0.0,0.0,0.0,0.0,0.0,0.0,0.0,0.0,0.0,0.0,0.0,0.0,0.0,0.0,62.0,0.0,0.0,0.0,0.0,0.0,0.0,52.0,0.0,0.0,52.0,0.0,0.0,0.0,0.0,0.0,0.0,0.0,0.0,107.0,0.0,0.0,107.0,0.0,0.0,7.0,0.0,0.0,7.0,0.0,0.0,0.0,0.0,0.0,0.0,0.0,0.0,"Jan 19, 2017"
638,2103011.0,109.0,Anbar,Ana,Yarmouk,حي اليرموك,34.374835169,41.9876102462,214.0,1284.0,214.0,0.0,0.0,0.0,0.0,0.0,0.0,0.0,0.0,0.0,0.0,0.0,0.0,0.0,0.0,0.0,0.0,0.0,0.0,88.0,0.0,2.0,0.0,0.0,2.0,0.0,117.0,0.0,0.0,117.0,0.0,0.0,7.0,0.0,0.0,7.0,0.0,0.0,205.0,0.0,0.0,205.0,0.0,0.0,9.0,0.0,0.0,9.0,0.0,0.0,0.0,0.0,0.0,0.0,0.0,0.0,"Jan 19, 2017"
639,2104001.0,200.0,Anbar,Ra'ua,Al Askaree,حي العسكري,34.4840873352,41.9170944759,172.0,1032.0,172.0,0.0,0.0,0.0,0.0,0.0,0.0,0.0,0.0,0.0,0.0,0.0,0.0,0.0,0.0,0.0,0.0,0.0,0.0,59.0,0.0,10.0,0.0,0.0,10.0,5.0,86.0,5.0,0.0,86.0,0.0,0.0,6.0,0.0,6.0,6.0,0.0,6.0,172.0,0.0,0.0,172.0,0.0,0.0,0.0,0.0,0.0,0.0,0.0,0.0,0.0,0.0,0.0,0.0,0.0,0.0,"Jan 19, 2017"
640,2104002.0,264.0,Anbar,Ra'ua,Al Qaala,حي القلعة,34.4646194263,41.9145792544,117.0,702.0,117.0,0.0,0.0,0.0,0.0,0.0,0.0,0.0,0.0,0.0,0.0,0.0,0.0,0.0,0.0,0.0,0.0,0.0,0.0,78.0,0.0,0.0,0.0,0.0,0.0,2.0,37.0,2.0,0.0,37.0,0.0,0.0,0.0,0.0,0.0,0.0,0.0,0.0,117.0,0.0,0.0,117.0,0.0,0.0,0.0,0.0,0.0,0.0,0.0,0.0,0.0,0.0,0.0,0.0,0.0,0.0,"Jan 19, 2017"
641,2104003.0,23861.0,Anbar,Ra'ua,Al-Hidayah,حي الهداية,34.4754656512,41.9134634514,114.0,684.0,114.0,0.0,0.0,0.0,0.0,0.0,0.0,0.0,0.0,0.0,0.0,0.0,0.0,0.0,0.0,0.0,0.0,0.0,0.0,68.0,0.0,0.0,0.0,0.0,0.0,0.0,44.0,0.0,0.0,44.0,0.0,0.0,2.0,0.0,0.0,2.0,0.0,0.0,114.0,0.0,0.0,114.0,0.0,0.0,0.0,0.0,0.0,0.0,0.0,0.0,0.0,0.0,0.0,0.0,0.0,0.0,"Jan 19, 2017"
642,2104004.0,267.0,Anbar,Ra'ua,Hay Al Qadissiyah,حي القادسية,34.4870811192,41.9083324392,196.0,1176.0,196.0,0.0,0.0,0.0,0.0,0.0,0.0,0.0,0.0,0.0,0.0,0.0,0.0,0.0,0.0,0.0,0.0,0.0,0.0,64.0,0.0,39.0,0.0,0.0,39.0,0.0,76.0,0.0,0.0,76.0,0.0,0.0,17.0,0.0,0.0,17.0,0.0,0.0,196.0,0.0,0.0,196.0,0.0,0.0,0.0,0.0,0.0,0.0,0.0,0.0,0.0,0.0,0.0,0.0,0.0,0.0,"Jan 19, 2017"
643,2104005.0,23640.0,Anbar,Ra'ua,Hay Al Salam,حي السلام ,34.4877889047,41.925593544,121.0,726.0,121.0,0.0,0.0,0.0,0.0,0.0,0.0,0.0,0.0,0.0,0.0,0.0,0.0,0.0,0.0,0.0,0.0,0.0,0.0,50.0,0.0,0.0,0.0,0.0,0.0,0.0,44.0,0.0,0.0,44.0,0.0,0.0,15.0,0.0,12.0,15.0,0.0,12.0,121.0,0.0,0.0,121.0,0.0,0.0,0.0,0.0,0.0,0.0,0.0,0.0,0.0,0.0,0.0,0.0,0.0,0.0,"Jan 19, 2017"
644,2104006.0,262.0,Anbar,Ra'ua,Hay Al Shoba,حي الشعبة,34.4669275963,41.916850033,131.0,786.0,131.0,0.0,0.0,0.0,0.0,0.0,0.0,0.0,0.0,0.0,0.0,0.0,0.0,0.0,0.0,0.0,0.0,0.0,0.0,67.0,0.0,6.0,0.0,0.0,6.0,0.0,58.0,0.0,0.0,58.0,0.0,0.0,0.0,0.0,0.0,0.0,0.0,0.0,124.0,0.0,0.0,124.0,0.0,0.0,7.0,0.0,0.0,7.0,0.0,0.0,0.0,0.0,0.0,0.0,0.0,0.0,"Jan 19, 2017"
645,2104007.0,23860.0,Anbar,Ra'ua,Hay Al Shuhadaa,حي الشهداء,34.4876154579,41.9199768981,95.0,570.0,95.0,0.0,0.0,0.0,0.0,0.0,0.0,0.0,0.0,0.0,0.0,0.0,0.0,0.0,0.0,0.0,0.0,0.0,0.0,77.0,0.0,0.0,0.0,0.0,0.0,0.0,18.0,0.0,0.0,18.0,0.0,0.0,0.0,0.0,0.0,0.0,0.0,0.0,95.0,0.0,0.0,95.0,0.0,0.0,0.0,0.0,0.0,0.0,0.0,0.0,0.0,0.0,0.0,0.0,0.0,0.0,"Jan 19, 2017"
646,2104008.0,23859.0,Anbar,Ra'ua,Hay Raua Al-Jadida,حي راوة جديدة,34.484049738,41.9236112843,276.0,1656.0,276.0,0.0,0.0,0.0,0.0,0.0,0.0,0.0,0.0,0.0,0.0,0.0,0.0,0.0,0.0,0.0,0.0,0.0,0.0,121.0,0.0,10.0,0.0,0.0,10.0,0.0,113.0,0.0,0.0,113.0,0.0,0.0,17.0,0.0,15.0,17.0,0.0,15.0,267.0,0.0,0.0,267.0,0.0,0.0,9.0,0.0,0.0,9.0,0.0,0.0,0.0,0.0,0.0,0.0,0.0,0.0,"Jan 19, 2017"
647,2104009.0,265.0,Anbar,Ra'ua,Rawa Al Qadima,حي راوة قديمة,34.4707714993,41.9203037555,209.0,1254.0,209.0,0.0,0.0,0.0,0.0,0.0,0.0,0.0,0.0,0.0,0.0,0.0,0.0,0.0,0.0,0.0,0.0,0.0,0.0,98.0,0.0,21.0,0.0,0.0,21.0,4.0,86.0,4.0,0.0,86.0,0.0,0.0,0.0,0.0,0.0,0.0,0.0,0.0,201.0,0.0,0.0,201.0,0.0,0.0,8.0,0.0,0.0,8.0,0.0,0.0,0.0,0.0,0.0,0.0,0.0,0.0,"Jan 19, 2017"
648,2105002.0,107.0,Anbar,Falluja,Al Amiriyah,العامرية ,33.1787572967,43.8569891848,447.0,2682.0,447.0,0.0,0.0,0.0,0.0,0.0,0.0,0.0,0.0,0.0,0.0,0.0,0.0,0.0,0.0,0.0,0.0,0.0,0.0,54.0,0.0,202.0,0.0,0.0,202.0,18.0,50.0,18.0,0.0,50.0,0.0,0.0,23.0,0.0,100.0,23.0,0.0,100.0,183.0,0.0,0.0,183.0,0.0,0.0,0.0,0.0,264.0,0.0,0.0,264.0,0.0,0.0,0.0,0.0,0.0,0.0,"Jan 19, 2017"
649,2105006.0,22864.0,Anbar,Falluja,Al Husi,الحصي,33.2717253999,43.7709766645,36.0,216.0,36.0,0.0,0.0,0.0,0.0,0.0,0.0,0.0,0.0,0.0,0.0,0.0,0.0,0.0,0.0,0.0,0.0,0.0,0.0,0.0,0.0,0.0,0.0,0.0,0.0,0.0,0.0,0.0,0.0,0.0,0.0,0.0,0.0,0.0,36.0,0.0,0.0,36.0,36.0,0.0,0.0,36.0,0.0,0.0,0.0,0.0,0.0,0.0,0.0,0.0,0.0,0.0,0.0,0.0,0.0,0.0,"Jan 19, 2017"
650,2105008.0,23276.0,Anbar,Falluja,HTC,مخيم المدينة السياحية الحبانية,33.2533049168,43.57222,5407.0,32442.0,5407.0,0.0,0.0,0.0,0.0,0.0,0.0,0.0,0.0,0.0,0.0,0.0,0.0,0.0,0.0,0.0,0.0,0.0,3105.0,0.0,0.0,1943.0,0.0,0.0,1943.0,0.0,150.0,0.0,0.0,150.0,0.0,0.0,40.0,0.0,169.0,40.0,0.0,169.0,310.0,0.0,0.0,310.0,0.0,0.0,0.0,0.0,3457.0,0.0,1640.0,3457.0,0.0,1640.0,0.0,0.0,0.0,0.0,"Jan 19, 2017"
651,2105017.0,26035.0,Anbar,Falluja,Al-Amirya-Al Abar,الابار,33.1184134711,43.79992835,100.0,600.0,100.0,0.0,0.0,0.0,0.0,0.0,0.0,0.0,0.0,0.0,0.0,0.0,0.0,0.0,0.0,0.0,0.0,0.0,0.0,0.0,0.0,100.0,0.0,0.0,100.0,0.0,0.0,0.0,0.0,0.0,0.0,0.0,0.0,0.0,0.0,0.0,0.0,0.0,0.0,0.0,0.0,0.0,0.0,0.0,0.0,0.0,100.0,0.0,0.0,100.0,0.0,0.0,0.0,0.0,0.0,0.0,"Jan 19, 2017"
652,2105018.0,26036.0,Anbar,Falluja,Al-Amirya-Albu Jasim,البوجاسم,33.1985825065,43.8996434179,370.0,2220.0,370.0,0.0,0.0,0.0,0.0,0.0,0.0,0.0,0.0,0.0,0.0,0.0,0.0,0.0,0.0,0.0,0.0,0.0,0.0,0.0,0.0,260.0,0.0,0.0,260.0,0.0,0.0,0.0,0.0,0.0,0.0,0.0,0.0,0.0,110.0,0.0,0.0,110.0,0.0,0.0,0.0,0.0,0.0,0.0,0.0,0.0,370.0,0.0,0.0,370.0,0.0,0.0,0.0,0.0,0.0,0.0,"Jan 19, 2017"
653,2105019.0,26037.0,Anbar,Falluja,Al-Amirya-Albu Jwad,البوجواد,33.1511765727,43.9896786761,447.0,2682.0,447.0,0.0,0.0,0.0,0.0,0.0,0.0,0.0,0.0,0.0,0.0,0.0,0.0,0.0,0.0,0.0,0.0,0.0,0.0,122.0,0.0,325.0,0.0,0.0,325.0,0.0,0.0,0.0,0.0,0.0,0.0,0.0,0.0,0.0,0.0,0.0,0.0,0.0,0.0,0.0,0.0,0.0,0.0,0.0,0.0,0.0,325.0,0.0,122.0,325.0,0.0,122.0,0.0,0.0,0.0,0.0,"Jan 19, 2017"
654,2105023.0,23803.0,Anbar,Falluja,Albo Abd Hasan,البوعبد الحسن ,33.3099462545,43.70681,96.0,576.0,96.0,0.0,0.0,0.0,0.0,0.0,0.0,0.0,0.0,0.0,0.0,0.0,0.0,0.0,0.0,0.0,0.0,0.0,0.0,83.0,0.0,0.0,0.0,0.0,0.0,0.0,0.0,0.0,0.0,0.0,0.0,0.0,0.0,0.0,13.0,0.0,0.0,13.0,66.0,0.0,0.0,66.0,0.0,0.0,8.0,0.0,22.0,8.0,0.0,22.0,0.0,0.0,0.0,0.0,0.0,0.0,"Jan 19, 2017"
655,2105027.0,324.0,Anbar,Falluja,Albu Aifan,البوعيفان,33.3027930234,43.7530164611,171.0,1026.0,171.0,0.0,0.0,0.0,0.0,0.0,0.0,0.0,0.0,0.0,0.0,0.0,0.0,0.0,0.0,0.0,0.0,0.0,0.0,171.0,0.0,0.0,0.0,0.0,0.0,0.0,0.0,0.0,0.0,0.0,0.0,0.0,0.0,0.0,0.0,0.0,0.0,0.0,58.0,0.0,0.0,58.0,0.0,0.0,0.0,0.0,113.0,0.0,0.0,113.0,0.0,0.0,0.0,0.0,0.0,0.0,"Jan 19, 2017"
656,2105029.0,325.0,Anbar,Falluja,Albu Hatem,البوحاتم,33.2927806526,43.72716,175.0,1050.0,175.0,0.0,0.0,0.0,0.0,0.0,0.0,0.0,0.0,0.0,0.0,0.0,0.0,0.0,0.0,0.0,0.0,0.0,0.0,104.0,0.0,0.0,0.0,0.0,0.0,0.0,15.0,0.0,0.0,15.0,0.0,0.0,20.0,0.0,36.0,20.0,0.0,36.0,158.0,0.0,0.0,158.0,0.0,0.0,8.0,0.0,9.0,8.0,0.0,9.0,0.0,0.0,0.0,0.0,0.0,0.0,"Jan 19, 2017"
657,2105030.0,23802.0,Anbar,Falluja,Albu Hawa,البوهوى ,33.2543602856,43.8296906731,128.0,768.0,128.0,0.0,0.0,0.0,0.0,0.0,0.0,0.0,0.0,0.0,0.0,0.0,0.0,0.0,0.0,0.0,0.0,0.0,0.0,100.0,0.0,0.0,0.0,0.0,0.0,0.0,8.0,0.0,0.0,8.0,0.0,0.0,20.0,0.0,0.0,20.0,0.0,0.0,118.0,0.0,0.0,118.0,0.0,0.0,10.0,0.0,0.0,10.0,0.0,0.0,0.0,0.0,0.0,0.0,0.0,0.0,"Jan 19, 2017"
658,2105031.0,21226.0,Anbar,Falluja,Albu Hori,البوحوري,33.1584538531,43.8916233995,272.0,1632.0,272.0,0.0,0.0,0.0,0.0,0.0,0.0,0.0,0.0,0.0,0.0,0.0,0.0,0.0,0.0,0.0,0.0,0.0,0.0,250.0,0.0,0.0,0.0,0.0,0.0,0.0,0.0,0.0,0.0,0.0,0.0,0.0,0.0,0.0,22.0,0.0,0.0,22.0,0.0,0.0,0.0,0.0,0.0,0.0,0.0,0.0,122.0,0.0,150.0,122.0,0.0,150.0,0.0,0.0,0.0,0.0,"Jan 19, 2017"
659,2105041.0,180.0,Anbar,Falluja,Al-Ekhaa Compaund,مجمع الاخاء السكني ,33.16354,43.86458,302.0,1812.0,302.0,0.0,0.0,0.0,0.0,0.0,0.0,0.0,0.0,0.0,0.0,0.0,0.0,0.0,0.0,0.0,0.0,0.0,0.0,0.0,0.0,285.0,0.0,0.0,285.0,0.0,0.0,0.0,0.0,0.0,0.0,0.0,0.0,0.0,17.0,0.0,0.0,17.0,10.0,0.0,0.0,10.0,0.0,0.0,0.0,0.0,292.0,0.0,0.0,292.0,0.0,0.0,0.0,0.0,0.0,0.0,"Jan 19, 2017"
660,2105043.0,21410.0,Anbar,Falluja,Albo Jaar,البو جار ,33.1528932255,43.9957333078,268.0,1608.0,268.0,0.0,0.0,0.0,0.0,0.0,0.0,0.0,0.0,0.0,0.0,0.0,0.0,0.0,0.0,0.0,0.0,0.0,0.0,268.0,0.0,0.0,0.0,0.0,0.0,0.0,0.0,0.0,0.0,0.0,0.0,0.0,0.0,0.0,0.0,0.0,0.0,0.0,20.0,0.0,0.0,20.0,0.0,0.0,14.0,0.0,100.0,14.0,134.0,100.0,0.0,134.0,0.0,0.0,0.0,0.0,"Jan 19, 2017"
661,2105047.0,20958.0,Anbar,Falluja,Al-Mejar,المجر,33.188228208,43.491903,88.0,528.0,88.0,0.0,0.0,0.0,0.0,0.0,0.0,0.0,0.0,0.0,0.0,0.0,0.0,0.0,0.0,0.0,0.0,0.0,0.0,57.0,0.0,0.0,0.0,0.0,0.0,0.0,0.0,0.0,0.0,0.0,0.0,0.0,20.0,0.0,11.0,20.0,0.0,11.0,88.0,0.0,0.0,88.0,0.0,0.0,0.0,0.0,0.0,0.0,0.0,0.0,0.0,0.0,0.0,0.0,0.0,0.0,"Jan 19, 2017"
662,2105060.0,47.0,Anbar,Falluja,Luhib,اللهيب,33.3842137037,43.9803810316,81.0,486.0,81.0,0.0,0.0,0.0,0.0,0.0,0.0,0.0,0.0,0.0,0.0,0.0,0.0,0.0,0.0,0.0,0.0,0.0,0.0,81.0,0.0,0.0,0.0,0.0,0.0,0.0,0.0,0.0,0.0,0.0,0.0,0.0,0.0,0.0,0.0,0.0,0.0,0.0,81.0,0.0,0.0,81.0,0.0,0.0,0.0,0.0,0.0,0.0,0.0,0.0,0.0,0.0,0.0,0.0,0.0,0.0,"Jan 19, 2017"
663,2105066.0,323.0,Anbar,Falluja,Qaryat Al-Jaffa,الجفة,33.3058834337,43.680362,76.0,456.0,76.0,0.0,0.0,0.0,0.0,0.0,0.0,0.0,0.0,0.0,0.0,0.0,0.0,0.0,0.0,0.0,0.0,0.0,0.0,58.0,0.0,0.0,0.0,0.0,0.0,0.0,0.0,0.0,0.0,0.0,0.0,0.0,18.0,0.0,0.0,18.0,0.0,0.0,60.0,0.0,0.0,60.0,0.0,0.0,8.0,0.0,8.0,8.0,0.0,8.0,0.0,0.0,0.0,0.0,0.0,0.0,"Jan 19, 2017"
664,2105069.0,26084.0,Anbar,Falluja,Al-Amirya-Al Betra,البترا,33.1146127261,44.0512240935,278.0,1668.0,278.0,0.0,0.0,0.0,0.0,0.0,0.0,0.0,0.0,0.0,0.0,0.0,0.0,0.0,0.0,0.0,0.0,0.0,0.0,170.0,0.0,108.0,0.0,0.0,108.0,0.0,0.0,0.0,0.0,0.0,0.0,0.0,0.0,0.0,0.0,0.0,0.0,0.0,0.0,0.0,0.0,0.0,0.0,0.0,0.0,0.0,278.0,0.0,0.0,278.0,0.0,0.0,0.0,0.0,0.0,0.0,"Jan 19, 2017"
665,2105070.0,26091.0,Anbar,Falluja,Al-Amirya-Al Hmedin,الحميدين,33.1581146404,43.9361774829,276.0,1656.0,276.0,0.0,0.0,0.0,0.0,0.0,0.0,0.0,0.0,0.0,0.0,0.0,0.0,0.0,0.0,0.0,0.0,0.0,0.0,240.0,0.0,0.0,0.0,0.0,0.0,0.0,0.0,0.0,0.0,0.0,0.0,0.0,0.0,0.0,36.0,0.0,0.0,36.0,0.0,0.0,0.0,0.0,0.0,0.0,0.0,0.0,276.0,0.0,0.0,276.0,0.0,0.0,0.0,0.0,0.0,0.0,"Jan 19, 2017"
666,2105071.0,26092.0,Anbar,Falluja,Al-Amirya-Al Mouilha,المويلحة,33.1369872639,43.987355772,782.0,4692.0,782.0,0.0,0.0,0.0,0.0,0.0,0.0,0.0,0.0,0.0,0.0,0.0,0.0,0.0,0.0,0.0,0.0,0.0,0.0,499.0,0.0,283.0,0.0,0.0,283.0,0.0,0.0,0.0,0.0,0.0,0.0,0.0,0.0,0.0,0.0,0.0,0.0,0.0,0.0,0.0,0.0,0.0,0.0,0.0,0.0,0.0,612.0,0.0,170.0,612.0,0.0,170.0,0.0,0.0,0.0,0.0,"Jan 19, 2017"
667,2105072.0,26086.0,Anbar,Falluja,Al-Amirya-Albu Hamdan,البوحمدان,33.1441835845,44.02092,200.0,1200.0,200.0,0.0,0.0,0.0,0.0,0.0,0.0,0.0,0.0,0.0,0.0,0.0,0.0,0.0,0.0,0.0,0.0,0.0,0.0,200.0,0.0,0.0,0.0,0.0,0.0,0.0,0.0,0.0,0.0,0.0,0.0,0.0,0.0,0.0,0.0,0.0,0.0,0.0,0.0,0.0,0.0,0.0,0.0,0.0,0.0,0.0,200.0,0.0,0.0,200.0,0.0,0.0,0.0,0.0,0.0,0.0,"Jan 19, 2017"
668,2105073.0,26085.0,Anbar,Falluja,Al-Amirya-Albu Jaber,البوجابر,33.1211464337,44.042301993,210.0,1260.0,210.0,0.0,0.0,0.0,0.0,0.0,0.0,0.0,0.0,0.0,0.0,0.0,0.0,0.0,0.0,0.0,0.0,0.0,0.0,210.0,0.0,0.0,0.0,0.0,0.0,0.0,0.0,0.0,0.0,0.0,0.0,0.0,0.0,0.0,0.0,0.0,0.0,0.0,0.0,0.0,0.0,0.0,0.0,0.0,0.0,0.0,210.0,0.0,0.0,210.0,0.0,0.0,0.0,0.0,0.0,0.0,"Jan 19, 2017"
669,2105074.0,26090.0,Anbar,Falluja,Al-Amirya-Albu Mrir,البومرير,33.1998835432,43.9245735659,312.0,1872.0,312.0,0.0,0.0,0.0,0.0,0.0,0.0,0.0,0.0,0.0,0.0,0.0,0.0,0.0,0.0,0.0,0.0,0.0,0.0,312.0,0.0,0.0,0.0,0.0,0.0,0.0,0.0,0.0,0.0,0.0,0.0,0.0,0.0,0.0,0.0,0.0,0.0,0.0,0.0,0.0,0.0,0.0,0.0,0.0,0.0,0.0,145.0,0.0,167.0,145.0,0.0,167.0,0.0,0.0,0.0,0.0,"Jan 19, 2017"
670,2105075.0,26088.0,Anbar,Falluja,Ahl Al-Ramadi 74,اهل الرمادي 74,33.1430931291,44.0211681638,612.0,3672.0,612.0,0.0,0.0,0.0,0.0,0.0,0.0,0.0,0.0,0.0,0.0,0.0,0.0,0.0,0.0,0.0,0.0,0.0,0.0,212.0,0.0,400.0,0.0,0.0,400.0,0.0,0.0,0.0,0.0,0.0,0.0,0.0,0.0,0.0,0.0,0.0,0.0,0.0,0.0,0.0,0.0,0.0,0.0,0.0,0.0,0.0,612.0,0.0,0.0,612.0,0.0,0.0,0.0,0.0,0.0,0.0,"Jan 19, 2017"
671,2105076.0,26087.0,Anbar,Falluja,Al-Amirya-Albu Salman,البوسليمان,33.1564526269,44.001878736,350.0,2100.0,350.0,0.0,0.0,0.0,0.0,0.0,0.0,0.0,0.0,0.0,0.0,0.0,0.0,0.0,0.0,0.0,0.0,0.0,0.0,350.0,0.0,0.0,0.0,0.0,0.0,0.0,0.0,0.0,0.0,0.0,0.0,0.0,0.0,0.0,0.0,0.0,0.0,0.0,0.0,0.0,0.0,0.0,0.0,0.0,0.0,0.0,350.0,0.0,0.0,350.0,0.0,0.0,0.0,0.0,0.0,0.0,"Jan 19, 2017"
672,2105077.0,26093.0,Anbar,Falluja,Al-Amirya-Tal Ghatas,تل غطاس,33.1809296607,43.9216872604,406.0,2436.0,406.0,0.0,0.0,0.0,0.0,0.0,0.0,0.0,0.0,0.0,0.0,0.0,0.0,0.0,0.0,0.0,0.0,0.0,0.0,330.0,0.0,0.0,0.0,0.0,0.0,0.0,0.0,0.0,0.0,0.0,0.0,0.0,0.0,0.0,76.0,0.0,0.0,76.0,0.0,0.0,0.0,0.0,0.0,0.0,0.0,0.0,172.0,0.0,234.0,172.0,0.0,234.0,0.0,0.0,0.0,0.0,"Jan 19, 2017"
673,2105078.0,26089.0,Anbar,Falluja,Albu Dhaher-Albu Dhaher,البوظاهر,33.1886308442,43.9068991549,170.0,1020.0,170.0,0.0,0.0,0.0,0.0,0.0,0.0,0.0,0.0,0.0,0.0,0.0,0.0,0.0,0.0,0.0,0.0,0.0,0.0,170.0,0.0,0.0,0.0,0.0,0.0,0.0,0.0,0.0,0.0,0.0,0.0,0.0,0.0,0.0,0.0,0.0,0.0,0.0,0.0,0.0,0.0,0.0,0.0,0.0,0.0,0.0,170.0,0.0,0.0,170.0,0.0,0.0,0.0,0.0,0.0,0.0,"Jan 19, 2017"
674,2105080.0,20898.0,Anbar,Falluja,Bezabize Central Camp,مخيم بزيبز المركزي,33.1355251365,44.00491,1405.0,8430.0,1163.0,0.0,0.0,0.0,0.0,0.0,0.0,0.0,148.0,0.0,0.0,0.0,94.0,0.0,0.0,0.0,0.0,0.0,1405.0,0.0,0.0,0.0,0.0,0.0,0.0,0.0,0.0,0.0,0.0,0.0,0.0,0.0,0.0,0.0,0.0,0.0,0.0,0.0,0.0,0.0,0.0,0.0,0.0,0.0,0.0,0.0,566.0,0.0,401.0,566.0,438.0,401.0,0.0,438.0,0.0,0.0,"Jan 19, 2017"
675,2105081.0,27245.0,Anbar,Falluja,Albo Shihan,البوشيحان,33.1156791403,44.04228,220.0,1320.0,220.0,0.0,0.0,0.0,0.0,0.0,0.0,0.0,0.0,0.0,0.0,0.0,0.0,0.0,0.0,0.0,0.0,0.0,0.0,0.0,0.0,220.0,0.0,0.0,220.0,0.0,0.0,0.0,0.0,0.0,0.0,0.0,0.0,0.0,0.0,0.0,0.0,0.0,0.0,0.0,0.0,0.0,0.0,0.0,0.0,0.0,220.0,0.0,0.0,220.0,0.0,0.0,0.0,0.0,0.0,0.0,"Jan 19, 2017"
676,2105082.0,27246.0,Anbar,Falluja,AAF,مخيم عامرية الفلوجة,33.1453082808,43.84435,8541.0,51246.0,8291.0,0.0,0.0,0.0,0.0,0.0,0.0,0.0,172.0,0.0,0.0,0.0,78.0,0.0,0.0,0.0,0.0,0.0,8541.0,0.0,0.0,0.0,0.0,0.0,0.0,0.0,0.0,0.0,0.0,0.0,0.0,0.0,0.0,0.0,0.0,0.0,0.0,0.0,0.0,0.0,0.0,0.0,0.0,0.0,0.0,0.0,2339.0,0.0,5464.0,2339.0,738.0,5464.0,0.0,738.0,0.0,0.0,"Jan 19, 2017"
677,2106001.0,24112.0,Anbar,Haditha,Al Furat Complex,مجمع الفرات,34.0962229383,42.3644809814,216.0,1296.0,216.0,0.0,0.0,0.0,0.0,0.0,0.0,0.0,0.0,0.0,0.0,0.0,0.0,0.0,0.0,0.0,0.0,0.0,0.0,72.0,0.0,25.0,0.0,0.0,25.0,0.0,45.0,0.0,0.0,45.0,0.0,0.0,0.0,0.0,74.0,0.0,0.0,74.0,216.0,0.0,0.0,216.0,0.0,0.0,0.0,0.0,0.0,0.0,0.0,0.0,0.0,0.0,0.0,0.0,0.0,0.0,"Jan 19, 2017"
678,2106002.0,238.0,Anbar,Haditha,Al hawija,حي الحويجه,34.1301257753,42.386263,81.0,486.0,81.0,0.0,0.0,0.0,0.0,0.0,0.0,0.0,0.0,0.0,0.0,0.0,0.0,0.0,0.0,0.0,0.0,0.0,0.0,26.0,0.0,0.0,0.0,0.0,0.0,0.0,31.0,0.0,0.0,31.0,0.0,0.0,0.0,0.0,24.0,0.0,0.0,24.0,81.0,0.0,0.0,81.0,0.0,0.0,0.0,0.0,0.0,0.0,0.0,0.0,0.0,0.0,0.0,0.0,0.0,0.0,"Jan 19, 2017"
679,2106006.0,24324.0,Anbar,Haditha,Al Sheikh Mohammad Village,قرية شيخ محمد,34.1098365012,42.393653,65.0,390.0,0.0,0.0,0.0,0.0,0.0,0.0,0.0,0.0,0.0,0.0,0.0,0.0,45.0,0.0,20.0,0.0,0.0,0.0,0.0,65.0,0.0,0.0,0.0,0.0,0.0,0.0,0.0,0.0,0.0,0.0,0.0,0.0,0.0,0.0,0.0,0.0,0.0,0.0,0.0,0.0,65.0,0.0,0.0,65.0,0.0,0.0,0.0,0.0,0.0,0.0,0.0,0.0,0.0,0.0,0.0,0.0,"Jan 19, 2017"
680,2106007.0,23822.0,Anbar,Haditha,Albu Hayat,قرية البوحياة,34.00963,42.41603,173.0,1038.0,98.0,0.0,10.0,0.0,0.0,0.0,0.0,0.0,0.0,0.0,0.0,0.0,35.0,0.0,30.0,0.0,0.0,0.0,0.0,100.0,0.0,0.0,0.0,0.0,0.0,0.0,73.0,0.0,0.0,73.0,0.0,0.0,0.0,0.0,0.0,0.0,0.0,0.0,98.0,0.0,75.0,98.0,0.0,75.0,0.0,0.0,0.0,0.0,0.0,0.0,0.0,0.0,0.0,0.0,0.0,0.0,"Jan 19, 2017"
681,2106008.0,24111.0,Anbar,Haditha,Al-Khafajiyah Village,قرية الخفاجية,34.0616656615,42.385062,128.0,768.0,106.0,0.0,0.0,0.0,0.0,0.0,0.0,0.0,0.0,0.0,0.0,0.0,0.0,0.0,22.0,0.0,0.0,0.0,0.0,89.0,0.0,0.0,0.0,0.0,0.0,0.0,39.0,0.0,0.0,39.0,0.0,0.0,0.0,0.0,0.0,0.0,0.0,0.0,106.0,0.0,22.0,106.0,0.0,22.0,0.0,0.0,0.0,0.0,0.0,0.0,0.0,0.0,0.0,0.0,0.0,0.0,"Jan 19, 2017"
682,2106009.0,23824.0,Anbar,Haditha,Al-Mutanabi,المتنبي,34.0790496661,42.3628776397,74.0,444.0,74.0,0.0,0.0,0.0,0.0,0.0,0.0,0.0,0.0,0.0,0.0,0.0,0.0,0.0,0.0,0.0,0.0,0.0,0.0,74.0,0.0,0.0,0.0,0.0,0.0,0.0,0.0,0.0,0.0,0.0,0.0,0.0,0.0,0.0,0.0,0.0,0.0,0.0,34.0,0.0,0.0,34.0,0.0,0.0,40.0,0.0,0.0,40.0,0.0,0.0,0.0,0.0,0.0,0.0,0.0,0.0,"Jan 19, 2017"
683,2106010.0,23809.0,Anbar,Haditha,Al-sad Complex,المجمع السكني لسد حديثة,34.1841151324,42.369548,47.0,282.0,35.0,0.0,0.0,0.0,0.0,0.0,0.0,0.0,0.0,0.0,0.0,0.0,0.0,0.0,12.0,0.0,0.0,0.0,0.0,12.0,0.0,35.0,0.0,0.0,35.0,0.0,0.0,0.0,0.0,0.0,0.0,0.0,0.0,0.0,0.0,0.0,0.0,0.0,35.0,0.0,12.0,35.0,0.0,12.0,0.0,0.0,0.0,0.0,0.0,0.0,0.0,0.0,0.0,0.0,0.0,0.0,"Jan 19, 2017"
684,2106011.0,245.0,Anbar,Haditha,Bani Dahir,حي بني داهر,34.106733019,42.3791322213,171.0,1026.0,165.0,0.0,6.0,0.0,0.0,0.0,0.0,0.0,0.0,0.0,0.0,0.0,0.0,0.0,0.0,0.0,0.0,0.0,0.0,61.0,0.0,0.0,0.0,0.0,0.0,0.0,97.0,0.0,0.0,97.0,0.0,0.0,13.0,0.0,0.0,13.0,0.0,0.0,165.0,0.0,6.0,165.0,0.0,6.0,0.0,0.0,0.0,0.0,0.0,0.0,0.0,0.0,0.0,0.0,0.0,0.0,"Jan 19, 2017"
685,2106012.0,24109.0,Anbar,Haditha,Barwanah-Hay Al-Shurta,حي الشرطة-بروانه,34.0921256344,42.3974896456,151.0,906.0,151.0,0.0,0.0,0.0,0.0,0.0,0.0,0.0,0.0,0.0,0.0,0.0,0.0,0.0,0.0,0.0,0.0,0.0,0.0,79.0,0.0,40.0,0.0,0.0,40.0,0.0,32.0,0.0,0.0,32.0,0.0,0.0,0.0,0.0,0.0,0.0,0.0,0.0,95.0,0.0,0.0,95.0,0.0,0.0,56.0,0.0,0.0,56.0,0.0,0.0,0.0,0.0,0.0,0.0,0.0,0.0,"Jan 19, 2017"
686,2106013.0,24117.0,Anbar,Haditha,Haqlaniyah-Hay Al-Faroq,حي الفاروق-حقلانية,34.0834106939,42.3519698245,128.0,768.0,110.0,0.0,0.0,0.0,0.0,0.0,0.0,0.0,0.0,0.0,0.0,0.0,18.0,0.0,0.0,0.0,0.0,0.0,0.0,62.0,0.0,0.0,0.0,0.0,0.0,0.0,66.0,0.0,0.0,66.0,0.0,0.0,0.0,0.0,0.0,0.0,0.0,0.0,110.0,0.0,18.0,110.0,0.0,18.0,0.0,0.0,0.0,0.0,0.0,0.0,0.0,0.0,0.0,0.0,0.0,0.0,"Jan 19, 2017"
687,2106014.0,23823.0,Anbar,Haditha,Haqlaniyah-Al shuhadaa,حي الشهداء-الحقلانية,34.0853211,42.3542053325,88.0,528.0,65.0,0.0,0.0,0.0,0.0,0.0,0.0,0.0,0.0,0.0,0.0,0.0,0.0,0.0,23.0,0.0,0.0,0.0,0.0,54.0,0.0,0.0,0.0,0.0,0.0,0.0,34.0,0.0,0.0,34.0,0.0,0.0,0.0,0.0,0.0,0.0,0.0,0.0,65.0,0.0,23.0,65.0,0.0,23.0,0.0,0.0,0.0,0.0,0.0,0.0,0.0,0.0,0.0,0.0,0.0,0.0,"Jan 19, 2017"
688,2106015.0,237.0,Anbar,Haditha,Hay Al Askary,حي العسكري,34.1274324212,42.3787375649,252.0,1512.0,224.0,0.0,0.0,0.0,0.0,0.0,0.0,0.0,0.0,0.0,0.0,0.0,28.0,0.0,0.0,0.0,0.0,0.0,0.0,101.0,0.0,0.0,0.0,0.0,0.0,0.0,112.0,0.0,0.0,112.0,0.0,0.0,14.0,0.0,25.0,14.0,0.0,25.0,180.0,0.0,28.0,180.0,0.0,28.0,44.0,0.0,0.0,44.0,0.0,0.0,0.0,0.0,0.0,0.0,0.0,0.0,"Jan 19, 2017"
689,2106017.0,23819.0,Anbar,Haditha,Hay Al Haqlaniyah Qadim,حي حقلانية القديمة,34.0877340757,42.3658490513,187.0,1122.0,187.0,0.0,0.0,0.0,0.0,0.0,0.0,0.0,0.0,0.0,0.0,0.0,0.0,0.0,0.0,0.0,0.0,0.0,0.0,93.0,0.0,12.0,0.0,0.0,12.0,0.0,82.0,0.0,0.0,82.0,0.0,0.0,0.0,0.0,0.0,0.0,0.0,0.0,139.0,0.0,0.0,139.0,0.0,0.0,48.0,0.0,0.0,48.0,0.0,0.0,0.0,0.0,0.0,0.0,0.0,0.0,"Jan 19, 2017"
690,2106020.0,239.0,Anbar,Haditha,Hay Al Rifay,حي الرفاعي,34.1437380038,42.381055457,154.0,924.0,114.0,0.0,0.0,0.0,0.0,0.0,0.0,0.0,0.0,0.0,0.0,0.0,40.0,0.0,0.0,0.0,0.0,0.0,0.0,83.0,0.0,0.0,0.0,0.0,0.0,0.0,71.0,0.0,0.0,71.0,0.0,0.0,0.0,0.0,0.0,0.0,0.0,0.0,114.0,0.0,40.0,114.0,0.0,40.0,0.0,0.0,0.0,0.0,0.0,0.0,0.0,0.0,0.0,0.0,0.0,0.0,"Jan 19, 2017"
691,2106023.0,236.0,Anbar,Haditha,Hay Al Saray,حي السراي,34.1390551393,42.380526554,255.0,1530.0,243.0,0.0,0.0,0.0,0.0,0.0,0.0,0.0,0.0,0.0,0.0,0.0,0.0,0.0,12.0,0.0,0.0,0.0,0.0,99.0,0.0,0.0,0.0,0.0,0.0,0.0,135.0,0.0,0.0,135.0,0.0,0.0,0.0,0.0,21.0,0.0,0.0,21.0,238.0,0.0,12.0,238.0,0.0,12.0,5.0,0.0,0.0,5.0,0.0,0.0,0.0,0.0,0.0,0.0,0.0,0.0,"Jan 19, 2017"
692,2106024.0,23817.0,Anbar,Haditha,Hay Al Shay,حي الشاعي,34.12373,42.39746,97.0,582.0,76.0,0.0,0.0,0.0,0.0,0.0,0.0,0.0,0.0,0.0,0.0,0.0,0.0,0.0,21.0,0.0,0.0,0.0,0.0,48.0,0.0,10.0,0.0,0.0,10.0,0.0,39.0,0.0,0.0,39.0,0.0,0.0,0.0,0.0,0.0,0.0,0.0,0.0,76.0,0.0,21.0,76.0,0.0,21.0,0.0,0.0,0.0,0.0,0.0,0.0,0.0,0.0,0.0,0.0,0.0,0.0,"Jan 19, 2017"
693,2106025.0,23813.0,Anbar,Haditha,Hay Al Shuhadaa,حي الشهداء,34.0926043308,42.397337,177.0,1062.0,158.0,0.0,0.0,0.0,0.0,0.0,0.0,0.0,0.0,0.0,0.0,0.0,19.0,0.0,0.0,0.0,0.0,0.0,0.0,82.0,0.0,0.0,0.0,0.0,0.0,0.0,95.0,0.0,0.0,95.0,0.0,0.0,0.0,0.0,0.0,0.0,0.0,0.0,158.0,0.0,19.0,158.0,0.0,19.0,0.0,0.0,0.0,0.0,0.0,0.0,0.0,0.0,0.0,0.0,0.0,0.0,"Jan 19, 2017"
694,2106026.0,241.0,Anbar,Haditha,Hay Al Shurta,حي الشرطة,34.1026508933,42.3712182047,183.0,1098.0,165.0,0.0,0.0,0.0,0.0,0.0,0.0,0.0,0.0,0.0,0.0,0.0,10.0,0.0,8.0,0.0,0.0,0.0,0.0,82.0,0.0,0.0,0.0,0.0,0.0,0.0,101.0,0.0,0.0,101.0,0.0,0.0,0.0,0.0,0.0,0.0,0.0,0.0,157.0,0.0,18.0,157.0,0.0,18.0,8.0,0.0,0.0,8.0,0.0,0.0,0.0,0.0,0.0,0.0,0.0,0.0,"Jan 19, 2017"
695,2106027.0,24318.0,Anbar,Haditha,Hay Al Somod,حي الصمود,34.0953788591,42.376703,49.0,294.0,29.0,0.0,0.0,0.0,0.0,0.0,0.0,0.0,0.0,0.0,0.0,0.0,20.0,0.0,0.0,0.0,0.0,0.0,0.0,49.0,0.0,0.0,0.0,0.0,0.0,0.0,0.0,0.0,0.0,0.0,0.0,0.0,0.0,0.0,0.0,0.0,0.0,0.0,0.0,0.0,20.0,0.0,0.0,20.0,29.0,0.0,0.0,29.0,0.0,0.0,0.0,0.0,0.0,0.0,0.0,0.0,"Jan 19, 2017"
696,2106028.0,244.0,Anbar,Haditha,Hay Al Yarmuk,حي اليرموك,34.141936709,42.3702727969,268.0,1608.0,232.0,0.0,0.0,0.0,0.0,0.0,0.0,0.0,0.0,0.0,0.0,0.0,25.0,0.0,11.0,0.0,0.0,0.0,0.0,184.0,0.0,0.0,0.0,0.0,0.0,0.0,84.0,0.0,0.0,84.0,0.0,0.0,0.0,0.0,0.0,0.0,0.0,0.0,152.0,0.0,36.0,152.0,0.0,36.0,80.0,0.0,0.0,80.0,0.0,0.0,0.0,0.0,0.0,0.0,0.0,0.0,"Jan 19, 2017"
697,2106029.0,23814.0,Anbar,Haditha,Hay Al-Alyaa,حي العلياء,34.1182,42.40146,88.0,528.0,81.0,0.0,0.0,0.0,0.0,0.0,0.0,0.0,0.0,0.0,0.0,0.0,0.0,0.0,7.0,0.0,0.0,0.0,0.0,39.0,0.0,0.0,0.0,0.0,0.0,0.0,49.0,0.0,0.0,49.0,0.0,0.0,0.0,0.0,0.0,0.0,0.0,0.0,81.0,0.0,7.0,81.0,0.0,7.0,0.0,0.0,0.0,0.0,0.0,0.0,0.0,0.0,0.0,0.0,0.0,0.0,"Jan 19, 2017"
698,2106030.0,23816.0,Anbar,Haditha,Hay Al-Amin,حي الامين,34.0908854158,42.3787316411,63.0,378.0,39.0,0.0,0.0,0.0,0.0,0.0,0.0,0.0,0.0,0.0,0.0,0.0,0.0,0.0,24.0,0.0,0.0,0.0,0.0,46.0,0.0,0.0,0.0,0.0,0.0,0.0,17.0,0.0,0.0,17.0,0.0,0.0,0.0,0.0,0.0,0.0,0.0,0.0,39.0,0.0,24.0,39.0,0.0,24.0,0.0,0.0,0.0,0.0,0.0,0.0,0.0,0.0,0.0,0.0,0.0,0.0,"Jan 19, 2017"
699,2106031.0,23815.0,Anbar,Haditha,Hay Al-Farouq,حي الفاروق,34.0943240177,42.382788,54.0,324.0,54.0,0.0,0.0,0.0,0.0,0.0,0.0,0.0,0.0,0.0,0.0,0.0,0.0,0.0,0.0,0.0,0.0,0.0,0.0,37.0,0.0,8.0,0.0,0.0,8.0,3.0,6.0,3.0,0.0,6.0,0.0,0.0,0.0,0.0,0.0,0.0,0.0,0.0,54.0,0.0,0.0,54.0,0.0,0.0,0.0,0.0,0.0,0.0,0.0,0.0,0.0,0.0,0.0,0.0,0.0,0.0,"Jan 19, 2017"
700,2106033.0,23892.0,Anbar,Haditha,Hay al-malab,حي الملعب,34.1323048875,42.370732,35.0,210.0,16.0,0.0,0.0,0.0,0.0,0.0,0.0,0.0,0.0,0.0,0.0,0.0,0.0,0.0,19.0,0.0,0.0,0.0,0.0,35.0,0.0,0.0,0.0,0.0,0.0,0.0,0.0,0.0,0.0,0.0,0.0,0.0,0.0,0.0,0.0,0.0,0.0,0.0,6.0,0.0,19.0,6.0,0.0,19.0,10.0,0.0,0.0,10.0,0.0,0.0,0.0,0.0,0.0,0.0,0.0,0.0,"Jan 19, 2017"
701,2106034.0,23806.0,Anbar,Haditha,Hay Al-Mulameen,حي المعلمين,34.1348824618,42.3682633491,159.0,954.0,133.0,0.0,0.0,0.0,0.0,0.0,0.0,0.0,0.0,0.0,0.0,0.0,0.0,0.0,26.0,0.0,0.0,0.0,0.0,79.0,0.0,0.0,0.0,0.0,0.0,0.0,80.0,0.0,0.0,80.0,0.0,0.0,0.0,0.0,0.0,0.0,0.0,0.0,127.0,0.0,26.0,127.0,0.0,26.0,6.0,0.0,0.0,6.0,0.0,0.0,0.0,0.0,0.0,0.0,0.0,0.0,"Jan 19, 2017"
702,2106035.0,24110.0,Anbar,Haditha,Hay Al-Mutasem,حي المعتصم,34.0827607126,42.369179,78.0,468.0,65.0,0.0,0.0,0.0,0.0,0.0,0.0,0.0,0.0,0.0,0.0,0.0,0.0,0.0,13.0,0.0,0.0,0.0,0.0,56.0,0.0,0.0,0.0,0.0,0.0,0.0,22.0,0.0,0.0,22.0,0.0,0.0,0.0,0.0,0.0,0.0,0.0,0.0,65.0,0.0,13.0,65.0,0.0,13.0,0.0,0.0,0.0,0.0,0.0,0.0,0.0,0.0,0.0,0.0,0.0,0.0,"Jan 19, 2017"
703,2106036.0,23807.0,Anbar,Haditha,Hay Al-Rifaq,حي الرفاق,34.0991090956,42.364641,57.0,342.0,57.0,0.0,0.0,0.0,0.0,0.0,0.0,0.0,0.0,0.0,0.0,0.0,0.0,0.0,0.0,0.0,0.0,0.0,0.0,28.0,0.0,0.0,0.0,0.0,0.0,0.0,29.0,0.0,0.0,29.0,0.0,0.0,0.0,0.0,0.0,0.0,0.0,0.0,57.0,0.0,0.0,57.0,0.0,0.0,0.0,0.0,0.0,0.0,0.0,0.0,0.0,0.0,0.0,0.0,0.0,0.0,"Jan 19, 2017"
704,2106037.0,23805.0,Anbar,Haditha,Hay Al-shikh Al Hadid,حي شيخ حديد,34.1530680511,42.3797146127,59.0,354.0,27.0,0.0,0.0,0.0,0.0,0.0,0.0,0.0,0.0,0.0,0.0,0.0,32.0,0.0,0.0,0.0,0.0,0.0,0.0,36.0,0.0,0.0,0.0,0.0,0.0,0.0,23.0,0.0,0.0,23.0,0.0,0.0,0.0,0.0,0.0,0.0,0.0,0.0,27.0,0.0,32.0,27.0,0.0,32.0,0.0,0.0,0.0,0.0,0.0,0.0,0.0,0.0,0.0,0.0,0.0,0.0,"Jan 19, 2017"
705,2106038.0,79.0,Anbar,Haditha,Hay Al-Subhani,حي السبحاني,34.112913705,42.3826713747,206.0,1236.0,147.0,0.0,0.0,0.0,0.0,0.0,0.0,0.0,0.0,0.0,0.0,0.0,49.0,0.0,10.0,0.0,0.0,0.0,0.0,128.0,0.0,0.0,0.0,0.0,0.0,0.0,49.0,0.0,0.0,49.0,0.0,0.0,16.0,0.0,13.0,16.0,0.0,13.0,107.0,0.0,59.0,107.0,0.0,59.0,40.0,0.0,0.0,40.0,0.0,0.0,0.0,0.0,0.0,0.0,0.0,0.0,"Jan 19, 2017"
706,2106039.0,23808.0,Anbar,Haditha,Hay Al-Thamaniya,حي الثمانية,34.1508350741,42.3793673738,84.0,504.0,84.0,0.0,0.0,0.0,0.0,0.0,0.0,0.0,0.0,0.0,0.0,0.0,0.0,0.0,0.0,0.0,0.0,0.0,0.0,30.0,0.0,0.0,0.0,0.0,0.0,0.0,54.0,0.0,0.0,54.0,0.0,0.0,0.0,0.0,0.0,0.0,0.0,0.0,84.0,0.0,0.0,84.0,0.0,0.0,0.0,0.0,0.0,0.0,0.0,0.0,0.0,0.0,0.0,0.0,0.0,0.0,"Jan 19, 2017"
707,2106041.0,23810.0,Anbar,Haditha,Hay Barwanah Al Sharqiyah,حي بروانه شرقيه,34.0846965871,42.384818,183.0,1098.0,153.0,0.0,0.0,0.0,0.0,0.0,0.0,0.0,0.0,0.0,0.0,0.0,0.0,0.0,30.0,0.0,0.0,0.0,0.0,93.0,0.0,20.0,0.0,0.0,20.0,0.0,70.0,0.0,0.0,70.0,0.0,0.0,0.0,0.0,0.0,0.0,0.0,0.0,153.0,0.0,30.0,153.0,0.0,30.0,0.0,0.0,0.0,0.0,0.0,0.0,0.0,0.0,0.0,0.0,0.0,0.0,"Jan 19, 2017"
708,2106042.0,23818.0,Anbar,Haditha,Hay Ibn Al Haitham,حي ابن الهيثم,34.0847965891,42.395789,154.0,924.0,154.0,0.0,0.0,0.0,0.0,0.0,0.0,0.0,0.0,0.0,0.0,0.0,0.0,0.0,0.0,0.0,0.0,0.0,0.0,115.0,0.0,0.0,0.0,0.0,0.0,0.0,39.0,0.0,0.0,39.0,0.0,0.0,0.0,0.0,0.0,0.0,0.0,0.0,67.0,0.0,0.0,67.0,0.0,0.0,87.0,0.0,0.0,87.0,0.0,0.0,0.0,0.0,0.0,0.0,0.0,0.0,"Jan 19, 2017"
709,2106045.0,243.0,Anbar,Haditha,Hay Sala Din,حي صلاح الدين,34.1654261661,42.367382,16.0,96.0,16.0,0.0,0.0,0.0,0.0,0.0,0.0,0.0,0.0,0.0,0.0,0.0,0.0,0.0,0.0,0.0,0.0,0.0,0.0,16.0,0.0,0.0,0.0,0.0,0.0,0.0,0.0,0.0,0.0,0.0,0.0,0.0,0.0,0.0,0.0,0.0,0.0,0.0,16.0,0.0,0.0,16.0,0.0,0.0,0.0,0.0,0.0,0.0,0.0,0.0,0.0,0.0,0.0,0.0,0.0,0.0,"Jan 19, 2017"
710,2106048.0,24323.0,Anbar,Haditha,Shbirah Village,قرية شبيرة,34.0672903685,42.408788,28.0,168.0,0.0,0.0,0.0,0.0,0.0,0.0,0.0,0.0,0.0,0.0,0.0,0.0,28.0,0.0,0.0,0.0,0.0,0.0,0.0,28.0,0.0,0.0,0.0,0.0,0.0,0.0,0.0,0.0,0.0,0.0,0.0,0.0,0.0,0.0,0.0,0.0,0.0,0.0,0.0,0.0,28.0,0.0,0.0,28.0,0.0,0.0,0.0,0.0,0.0,0.0,0.0,0.0,0.0,0.0,0.0,0.0,"Jan 19, 2017"
711,2106049.0,23825.0,Anbar,Haditha,Zaghdan,زغدان,34.009818945,42.408029,47.0,282.0,47.0,0.0,0.0,0.0,0.0,0.0,0.0,0.0,0.0,0.0,0.0,0.0,0.0,0.0,0.0,0.0,0.0,0.0,0.0,17.0,0.0,0.0,0.0,0.0,0.0,0.0,30.0,0.0,0.0,30.0,0.0,0.0,0.0,0.0,0.0,0.0,0.0,0.0,47.0,0.0,0.0,47.0,0.0,0.0,0.0,0.0,0.0,0.0,0.0,0.0,0.0,0.0,0.0,0.0,0.0,0.0,"Jan 19, 2017"
712,2107001.0,100.0,Anbar,Heet,Abu Tibban,ابوطيبان,33.5277092375,42.9482361513,75.0,450.0,75.0,0.0,0.0,0.0,0.0,0.0,0.0,0.0,0.0,0.0,0.0,0.0,0.0,0.0,0.0,0.0,0.0,0.0,0.0,22.0,0.0,0.0,0.0,0.0,0.0,0.0,0.0,0.0,0.0,0.0,0.0,0.0,17.0,0.0,36.0,17.0,0.0,36.0,75.0,0.0,0.0,75.0,0.0,0.0,0.0,0.0,0.0,0.0,0.0,0.0,0.0,0.0,0.0,0.0,0.0,0.0,"Jan 19, 2017"
713,2107003.0,23828.0,Anbar,Heet,Al Awasel,العواصل,33.4287382693,42.596165,84.0,504.0,84.0,0.0,0.0,0.0,0.0,0.0,0.0,0.0,0.0,0.0,0.0,0.0,0.0,0.0,0.0,0.0,0.0,0.0,0.0,23.0,0.0,0.0,0.0,0.0,0.0,0.0,0.0,0.0,0.0,0.0,0.0,0.0,36.0,0.0,25.0,36.0,0.0,25.0,78.0,0.0,0.0,78.0,0.0,0.0,6.0,0.0,0.0,6.0,0.0,0.0,0.0,0.0,0.0,0.0,0.0,0.0,"Jan 19, 2017"
714,2107005.0,24723.0,Anbar,Heet,Al Balatiyah,البلاطية,33.6967563004,42.847449,22.0,132.0,22.0,0.0,0.0,0.0,0.0,0.0,0.0,0.0,0.0,0.0,0.0,0.0,0.0,0.0,0.0,0.0,0.0,0.0,0.0,22.0,0.0,0.0,0.0,0.0,0.0,0.0,0.0,0.0,0.0,0.0,0.0,0.0,0.0,0.0,0.0,0.0,0.0,0.0,0.0,0.0,0.0,0.0,0.0,0.0,0.0,0.0,22.0,0.0,0.0,22.0,0.0,0.0,0.0,0.0,0.0,0.0,"Jan 19, 2017"
715,2107006.0,24724.0,Anbar,Heet,Al dawarah Al Gharbiyah,الدوارة الغربية,33.6410776416,42.8299104029,33.0,198.0,33.0,0.0,0.0,0.0,0.0,0.0,0.0,0.0,0.0,0.0,0.0,0.0,0.0,0.0,0.0,0.0,0.0,0.0,0.0,33.0,0.0,0.0,0.0,0.0,0.0,0.0,0.0,0.0,0.0,0.0,0.0,0.0,0.0,0.0,0.0,0.0,0.0,0.0,0.0,0.0,0.0,0.0,0.0,0.0,33.0,0.0,0.0,33.0,0.0,0.0,0.0,0.0,0.0,0.0,0.0,0.0,"Jan 19, 2017"
716,2107012.0,23830.0,Anbar,Heet,Al Khudha,الخوضة ,33.5991482053,42.8704741336,137.0,822.0,137.0,0.0,0.0,0.0,0.0,0.0,0.0,0.0,0.0,0.0,0.0,0.0,0.0,0.0,0.0,0.0,0.0,0.0,0.0,93.0,0.0,0.0,0.0,0.0,0.0,0.0,0.0,0.0,0.0,0.0,0.0,0.0,0.0,0.0,44.0,0.0,0.0,44.0,126.0,0.0,0.0,126.0,0.0,0.0,11.0,0.0,0.0,11.0,0.0,0.0,0.0,0.0,0.0,0.0,0.0,0.0,"Jan 19, 2017"
717,2107013.0,152.0,Anbar,Heet,Al Muhamdee,المحمدي ,33.5595164852,42.9014847757,460.0,2760.0,460.0,0.0,0.0,0.0,0.0,0.0,0.0,0.0,0.0,0.0,0.0,0.0,0.0,0.0,0.0,0.0,0.0,0.0,0.0,359.0,0.0,12.0,0.0,0.0,12.0,0.0,30.0,0.0,0.0,30.0,0.0,0.0,7.0,0.0,52.0,7.0,0.0,52.0,460.0,0.0,0.0,460.0,0.0,0.0,0.0,0.0,0.0,0.0,0.0,0.0,0.0,0.0,0.0,0.0,0.0,0.0,"Jan 19, 2017"
718,2107016.0,24113.0,Anbar,Heet,Al Salkah,السكلة,33.6418217742,42.8279729233,45.0,270.0,45.0,0.0,0.0,0.0,0.0,0.0,0.0,0.0,0.0,0.0,0.0,0.0,0.0,0.0,0.0,0.0,0.0,0.0,0.0,45.0,0.0,0.0,0.0,0.0,0.0,0.0,0.0,0.0,0.0,0.0,0.0,0.0,0.0,0.0,0.0,0.0,0.0,0.0,21.0,0.0,0.0,21.0,0.0,0.0,0.0,0.0,24.0,0.0,0.0,24.0,0.0,0.0,0.0,0.0,0.0,0.0,"Jan 19, 2017"
719,2107017.0,24329.0,Anbar,Heet,Al Sardiyah,السردية,33.7037876118,42.73899,40.0,240.0,40.0,0.0,0.0,0.0,0.0,0.0,0.0,0.0,0.0,0.0,0.0,0.0,0.0,0.0,0.0,0.0,0.0,0.0,0.0,40.0,0.0,0.0,0.0,0.0,0.0,0.0,0.0,0.0,0.0,0.0,0.0,0.0,0.0,0.0,0.0,0.0,0.0,0.0,0.0,0.0,40.0,0.0,0.0,40.0,0.0,0.0,0.0,0.0,0.0,0.0,0.0,0.0,0.0,0.0,0.0,0.0,"Jan 19, 2017"
720,2107026.0,23826.0,Anbar,Heet,Al-Khaldiyah,الخالدية ,33.706663,42.727072,184.0,1104.0,184.0,0.0,0.0,0.0,0.0,0.0,0.0,0.0,0.0,0.0,0.0,0.0,0.0,0.0,0.0,0.0,0.0,0.0,0.0,155.0,0.0,0.0,0.0,0.0,0.0,0.0,0.0,0.0,0.0,0.0,0.0,0.0,0.0,0.0,29.0,0.0,0.0,29.0,184.0,0.0,0.0,184.0,0.0,0.0,0.0,0.0,0.0,0.0,0.0,0.0,0.0,0.0,0.0,0.0,0.0,0.0,"Jan 19, 2017"
721,2107027.0,23832.0,Anbar,Heet,Al-Mamora,المعمورة,33.6288971366,42.7969442439,142.0,852.0,142.0,0.0,0.0,0.0,0.0,0.0,0.0,0.0,0.0,0.0,0.0,0.0,0.0,0.0,0.0,0.0,0.0,0.0,0.0,110.0,0.0,0.0,0.0,0.0,0.0,0.0,0.0,0.0,0.0,0.0,0.0,0.0,0.0,0.0,32.0,0.0,0.0,32.0,142.0,0.0,0.0,142.0,0.0,0.0,0.0,0.0,0.0,0.0,0.0,0.0,0.0,0.0,0.0,0.0,0.0,0.0,"Jan 19, 2017"
722,2107029.0,135.0,Anbar,Heet,Al-muabdiyat,المعبديات,33.6466880318,42.8414554018,153.0,918.0,153.0,0.0,0.0,0.0,0.0,0.0,0.0,0.0,0.0,0.0,0.0,0.0,0.0,0.0,0.0,0.0,0.0,0.0,0.0,130.0,0.0,0.0,0.0,0.0,0.0,0.0,0.0,0.0,0.0,0.0,0.0,0.0,0.0,0.0,23.0,0.0,0.0,23.0,153.0,0.0,0.0,153.0,0.0,0.0,0.0,0.0,0.0,0.0,0.0,0.0,0.0,0.0,0.0,0.0,0.0,0.0,"Jan 19, 2017"
723,2107030.0,21323.0,Anbar,Heet,Al-Mujama Al-Sakani,الحي السكني,33.9211734022,42.5245490745,92.0,552.0,92.0,0.0,0.0,0.0,0.0,0.0,0.0,0.0,0.0,0.0,0.0,0.0,0.0,0.0,0.0,0.0,0.0,0.0,0.0,39.0,0.0,0.0,0.0,0.0,0.0,0.0,21.0,0.0,0.0,21.0,0.0,0.0,16.0,0.0,16.0,16.0,0.0,16.0,92.0,0.0,0.0,92.0,0.0,0.0,0.0,0.0,0.0,0.0,0.0,0.0,0.0,0.0,0.0,0.0,0.0,0.0,"Jan 19, 2017"
724,2107031.0,23827.0,Anbar,Heet,Al-Qalqalah,القلقة ,33.6428989134,42.8265522646,218.0,1308.0,218.0,0.0,0.0,0.0,0.0,0.0,0.0,0.0,0.0,0.0,0.0,0.0,0.0,0.0,0.0,0.0,0.0,0.0,0.0,200.0,0.0,0.0,0.0,0.0,0.0,0.0,0.0,0.0,0.0,0.0,0.0,0.0,18.0,0.0,0.0,18.0,0.0,0.0,218.0,0.0,0.0,218.0,0.0,0.0,0.0,0.0,0.0,0.0,0.0,0.0,0.0,0.0,0.0,0.0,0.0,0.0,"Jan 19, 2017"
725,2107033.0,136.0,Anbar,Heet,Al-shuhdaa,الشهداء,33.8863781707,42.5243227775,60.0,360.0,60.0,0.0,0.0,0.0,0.0,0.0,0.0,0.0,0.0,0.0,0.0,0.0,0.0,0.0,0.0,0.0,0.0,0.0,0.0,60.0,0.0,0.0,0.0,0.0,0.0,0.0,0.0,0.0,0.0,0.0,0.0,0.0,0.0,0.0,0.0,0.0,0.0,0.0,0.0,0.0,60.0,0.0,0.0,60.0,0.0,0.0,0.0,0.0,0.0,0.0,0.0,0.0,0.0,0.0,0.0,0.0,"Jan 19, 2017"
726,2107034.0,23831.0,Anbar,Heet,Al-Sikak,السكك,33.629583566,42.8194766333,19.0,114.0,19.0,0.0,0.0,0.0,0.0,0.0,0.0,0.0,0.0,0.0,0.0,0.0,0.0,0.0,0.0,0.0,0.0,0.0,0.0,19.0,0.0,0.0,0.0,0.0,0.0,0.0,0.0,0.0,0.0,0.0,0.0,0.0,0.0,0.0,0.0,0.0,0.0,0.0,0.0,0.0,0.0,0.0,0.0,0.0,0.0,0.0,19.0,0.0,0.0,19.0,0.0,0.0,0.0,0.0,0.0,0.0,"Jan 19, 2017"
727,2107036.0,312.0,Anbar,Heet,Al-Ummal,العمال ,33.6341557212,42.8268458985,422.0,2532.0,422.0,0.0,0.0,0.0,0.0,0.0,0.0,0.0,0.0,0.0,0.0,0.0,0.0,0.0,0.0,0.0,0.0,0.0,0.0,271.0,0.0,0.0,0.0,0.0,0.0,0.0,24.0,0.0,0.0,24.0,0.0,0.0,14.0,0.0,113.0,14.0,0.0,113.0,412.0,0.0,0.0,412.0,0.0,0.0,10.0,0.0,0.0,10.0,0.0,0.0,0.0,0.0,0.0,0.0,0.0,0.0,"Jan 19, 2017"
728,2107041.0,23829.0,Anbar,Heet,Binan,بنان,33.6137770553,42.86294412,287.0,1722.0,287.0,0.0,0.0,0.0,0.0,0.0,0.0,0.0,0.0,0.0,0.0,0.0,0.0,0.0,0.0,0.0,0.0,0.0,0.0,267.0,0.0,0.0,0.0,0.0,0.0,0.0,0.0,0.0,0.0,0.0,0.0,0.0,0.0,0.0,20.0,0.0,0.0,20.0,140.0,0.0,0.0,140.0,0.0,0.0,0.0,0.0,147.0,0.0,0.0,147.0,0.0,0.0,0.0,0.0,0.0,0.0,"Jan 19, 2017"
729,2107044.0,21471.0,Anbar,Heet,Hay Al Hurriya,الحرية,33.8936174859,42.524752,141.0,846.0,141.0,0.0,0.0,0.0,0.0,0.0,0.0,0.0,0.0,0.0,0.0,0.0,0.0,0.0,0.0,0.0,0.0,0.0,0.0,124.0,0.0,0.0,0.0,0.0,0.0,0.0,17.0,0.0,0.0,17.0,0.0,0.0,0.0,0.0,0.0,0.0,0.0,0.0,93.0,0.0,48.0,93.0,0.0,48.0,0.0,0.0,0.0,0.0,0.0,0.0,0.0,0.0,0.0,0.0,0.0,0.0,"Jan 19, 2017"
730,2107046.0,21470.0,Anbar,Heet,Hay Al Khadraa,الخضراء,33.8811257633,42.5232262869,67.0,402.0,67.0,0.0,0.0,0.0,0.0,0.0,0.0,0.0,0.0,0.0,0.0,0.0,0.0,0.0,0.0,0.0,0.0,0.0,0.0,27.0,0.0,0.0,0.0,0.0,0.0,0.0,14.0,0.0,0.0,14.0,0.0,0.0,6.0,0.0,20.0,6.0,0.0,20.0,55.0,0.0,0.0,55.0,0.0,0.0,12.0,0.0,0.0,12.0,0.0,0.0,0.0,0.0,0.0,0.0,0.0,0.0,"Jan 19, 2017"
731,2107049.0,221.0,Anbar,Heet,Hay Al-Askari,الحي العسكري,33.59059,42.61596,165.0,990.0,165.0,0.0,0.0,0.0,0.0,0.0,0.0,0.0,0.0,0.0,0.0,0.0,0.0,0.0,0.0,0.0,0.0,0.0,0.0,88.0,0.0,0.0,0.0,0.0,0.0,5.0,21.0,5.0,0.0,21.0,0.0,0.0,26.0,0.0,25.0,26.0,0.0,25.0,127.0,0.0,38.0,127.0,0.0,38.0,0.0,0.0,0.0,0.0,0.0,0.0,0.0,0.0,0.0,0.0,0.0,0.0,"Jan 19, 2017"
732,2107050.0,21230.0,Anbar,Heet,Hay Al-Dawarah Al-Sharqiyah,الدوارة الشرقية,33.63912,42.83278,77.0,462.0,77.0,0.0,0.0,0.0,0.0,0.0,0.0,0.0,0.0,0.0,0.0,0.0,0.0,0.0,0.0,0.0,0.0,0.0,0.0,67.0,0.0,0.0,0.0,0.0,0.0,0.0,0.0,0.0,0.0,0.0,0.0,0.0,10.0,0.0,0.0,10.0,0.0,0.0,0.0,0.0,0.0,0.0,0.0,0.0,77.0,0.0,0.0,77.0,0.0,0.0,0.0,0.0,0.0,0.0,0.0,0.0,"Jan 19, 2017"
733,2107051.0,218.0,Anbar,Heet,Hay Al-Etfaa,حي الاطفاء,33.6323133738,42.8326689189,603.0,3618.0,603.0,0.0,0.0,0.0,0.0,0.0,0.0,0.0,0.0,0.0,0.0,0.0,0.0,0.0,0.0,0.0,0.0,0.0,0.0,507.0,0.0,0.0,0.0,0.0,0.0,0.0,58.0,0.0,0.0,58.0,0.0,0.0,0.0,0.0,38.0,0.0,0.0,38.0,503.0,0.0,0.0,503.0,0.0,0.0,0.0,0.0,100.0,0.0,0.0,100.0,0.0,0.0,0.0,0.0,0.0,0.0,"Jan 19, 2017"
734,2107052.0,220.0,Anbar,Heet,Hay Al-Hasaniya,الحسنية,33.694444,42.776667,110.0,660.0,110.0,0.0,0.0,0.0,0.0,0.0,0.0,0.0,0.0,0.0,0.0,0.0,0.0,0.0,0.0,0.0,0.0,0.0,0.0,53.0,0.0,0.0,0.0,0.0,0.0,0.0,22.0,0.0,0.0,22.0,0.0,0.0,35.0,0.0,0.0,35.0,0.0,0.0,0.0,0.0,0.0,0.0,0.0,0.0,110.0,0.0,0.0,110.0,0.0,0.0,0.0,0.0,0.0,0.0,0.0,0.0,"Jan 19, 2017"
735,2107054.0,23885.0,Anbar,Heet,Hay Al-jamyah 2,الجمعية الثانية,33.6282137716,42.8472998064,284.0,1704.0,284.0,0.0,0.0,0.0,0.0,0.0,0.0,0.0,0.0,0.0,0.0,0.0,0.0,0.0,0.0,0.0,0.0,0.0,0.0,207.0,0.0,0.0,0.0,0.0,0.0,0.0,40.0,0.0,0.0,40.0,0.0,0.0,0.0,0.0,37.0,0.0,0.0,37.0,267.0,0.0,0.0,267.0,0.0,0.0,0.0,0.0,17.0,0.0,0.0,17.0,0.0,0.0,0.0,0.0,0.0,0.0,"Jan 19, 2017"
736,2107055.0,224.0,Anbar,Heet,Hay Al-Khudhir,الخضر,33.58811,42.60783,35.0,210.0,35.0,0.0,0.0,0.0,0.0,0.0,0.0,0.0,0.0,0.0,0.0,0.0,0.0,0.0,0.0,0.0,0.0,0.0,0.0,35.0,0.0,0.0,0.0,0.0,0.0,0.0,0.0,0.0,0.0,0.0,0.0,0.0,0.0,0.0,0.0,0.0,0.0,0.0,0.0,0.0,0.0,0.0,0.0,0.0,35.0,0.0,0.0,35.0,0.0,0.0,0.0,0.0,0.0,0.0,0.0,0.0,"Jan 19, 2017"
737,2107056.0,21231.0,Anbar,Heet,Hay Al-Qadisiyah,القادسية,33.6364009536,42.8361484132,123.0,738.0,123.0,0.0,0.0,0.0,0.0,0.0,0.0,0.0,0.0,0.0,0.0,0.0,0.0,0.0,0.0,0.0,0.0,0.0,0.0,86.0,0.0,0.0,0.0,0.0,0.0,0.0,13.0,0.0,0.0,13.0,0.0,0.0,0.0,0.0,24.0,0.0,0.0,24.0,77.0,0.0,0.0,77.0,0.0,0.0,14.0,0.0,32.0,14.0,0.0,32.0,0.0,0.0,0.0,0.0,0.0,0.0,"Jan 19, 2017"
738,2107058.0,23837.0,Anbar,Heet,Hay Al-Sadiq,حي الصديق,33.58747,42.608139,113.0,678.0,113.0,0.0,0.0,0.0,0.0,0.0,0.0,0.0,0.0,0.0,0.0,0.0,0.0,0.0,0.0,0.0,0.0,0.0,0.0,61.0,0.0,0.0,0.0,0.0,0.0,2.0,17.0,2.0,0.0,17.0,0.0,0.0,0.0,0.0,33.0,0.0,0.0,33.0,113.0,0.0,0.0,113.0,0.0,0.0,0.0,0.0,0.0,0.0,0.0,0.0,0.0,0.0,0.0,0.0,0.0,0.0,"Jan 19, 2017"
739,2107061.0,226.0,Anbar,Heet,Hay Al-Zuhoor,حي الزهور,33.5864456166,42.6160820836,99.0,594.0,99.0,0.0,0.0,0.0,0.0,0.0,0.0,0.0,0.0,0.0,0.0,0.0,0.0,0.0,0.0,0.0,0.0,0.0,0.0,67.0,0.0,0.0,0.0,0.0,0.0,0.0,10.0,0.0,0.0,10.0,0.0,0.0,0.0,0.0,22.0,0.0,0.0,22.0,77.0,0.0,0.0,77.0,0.0,0.0,22.0,0.0,0.0,22.0,0.0,0.0,0.0,0.0,0.0,0.0,0.0,0.0,"Jan 19, 2017"
740,2107062.0,53.0,Anbar,Heet,Heet-Maskhan,المصخن,33.6988048868,42.747582354,75.0,450.0,75.0,0.0,0.0,0.0,0.0,0.0,0.0,0.0,0.0,0.0,0.0,0.0,0.0,0.0,0.0,0.0,0.0,0.0,0.0,75.0,0.0,0.0,0.0,0.0,0.0,0.0,0.0,0.0,0.0,0.0,0.0,0.0,0.0,0.0,0.0,0.0,0.0,0.0,60.0,0.0,0.0,60.0,0.0,0.0,0.0,0.0,15.0,0.0,0.0,15.0,0.0,0.0,0.0,0.0,0.0,0.0,"Jan 19, 2017"
741,2107065.0,5.0,Anbar,Heet,Kubaisa Al-qadimah,كبيسة القديمة,33.5914881006,42.613172161,81.0,486.0,81.0,0.0,0.0,0.0,0.0,0.0,0.0,0.0,0.0,0.0,0.0,0.0,0.0,0.0,0.0,0.0,0.0,0.0,0.0,57.0,0.0,0.0,0.0,0.0,0.0,0.0,0.0,0.0,0.0,0.0,0.0,0.0,0.0,0.0,24.0,0.0,0.0,24.0,81.0,0.0,0.0,81.0,0.0,0.0,0.0,0.0,0.0,0.0,0.0,0.0,0.0,0.0,0.0,0.0,0.0,0.0,"Jan 19, 2017"
742,2107067.0,191.0,Anbar,Heet,Mualmeen,المعلمين,33.6447944332,42.8151881446,253.0,1518.0,253.0,0.0,0.0,0.0,0.0,0.0,0.0,0.0,0.0,0.0,0.0,0.0,0.0,0.0,0.0,0.0,0.0,0.0,0.0,158.0,0.0,0.0,0.0,0.0,0.0,0.0,10.0,0.0,0.0,10.0,0.0,0.0,38.0,0.0,47.0,38.0,0.0,47.0,246.0,0.0,0.0,246.0,0.0,0.0,7.0,0.0,0.0,7.0,0.0,0.0,0.0,0.0,0.0,0.0,0.0,0.0,"Jan 19, 2017"
743,2108006.0,23858.0,Anbar,Ramadi,Abu Fless,ابو فليس,33.3927054091,43.532474765,394.0,2364.0,353.0,22.0,19.0,0.0,0.0,0.0,0.0,0.0,0.0,0.0,0.0,0.0,0.0,0.0,0.0,0.0,0.0,0.0,0.0,300.0,0.0,8.0,0.0,0.0,8.0,0.0,12.0,0.0,0.0,12.0,0.0,0.0,0.0,0.0,74.0,0.0,0.0,74.0,64.0,0.0,0.0,64.0,0.0,0.0,167.0,0.0,70.0,167.0,93.0,70.0,0.0,93.0,0.0,0.0,0.0,0.0,"Jan 19, 2017"
744,2108007.0,24730.0,Anbar,Ramadi,Al Khulafaa,الخلفاء,33.3921648796,43.5122062546,354.0,2124.0,345.0,4.0,5.0,0.0,0.0,0.0,0.0,0.0,0.0,0.0,0.0,0.0,0.0,0.0,0.0,0.0,0.0,0.0,0.0,311.0,0.0,10.0,0.0,0.0,10.0,0.0,0.0,0.0,0.0,0.0,0.0,0.0,18.0,0.0,15.0,18.0,0.0,15.0,0.0,0.0,0.0,0.0,0.0,0.0,163.0,0.0,43.0,163.0,148.0,43.0,0.0,148.0,0.0,0.0,0.0,0.0,"Jan 19, 2017"
745,2108013.0,24729.0,Anbar,Ramadi,Al Urobah,العروبة,33.3868943977,43.5150302663,119.0,714.0,119.0,0.0,0.0,0.0,0.0,0.0,0.0,0.0,0.0,0.0,0.0,0.0,0.0,0.0,0.0,0.0,0.0,0.0,0.0,109.0,0.0,0.0,0.0,0.0,0.0,0.0,0.0,0.0,0.0,0.0,0.0,0.0,10.0,0.0,0.0,10.0,0.0,0.0,0.0,0.0,0.0,0.0,0.0,0.0,19.0,0.0,100.0,19.0,0.0,100.0,0.0,0.0,0.0,0.0,0.0,0.0,"Jan 19, 2017"
746,2108014.0,23891.0,Anbar,Ramadi,Al-Ankor,العنكور,33.374498,42.84705,30.0,180.0,30.0,0.0,0.0,0.0,0.0,0.0,0.0,0.0,0.0,0.0,0.0,0.0,0.0,0.0,0.0,0.0,0.0,0.0,0.0,15.0,0.0,0.0,0.0,0.0,0.0,0.0,7.0,0.0,0.0,7.0,0.0,0.0,0.0,0.0,8.0,0.0,0.0,8.0,0.0,0.0,0.0,0.0,0.0,0.0,30.0,0.0,0.0,30.0,0.0,0.0,0.0,0.0,0.0,0.0,0.0,0.0,"Jan 19, 2017"
747,2108018.0,23854.0,Anbar,Ramadi,Al-Kully Kom Complex,مجمع الكولي كم ,33.3896447256,43.5964466415,112.0,672.0,112.0,0.0,0.0,0.0,0.0,0.0,0.0,0.0,0.0,0.0,0.0,0.0,0.0,0.0,0.0,0.0,0.0,0.0,0.0,0.0,0.0,0.0,0.0,0.0,0.0,0.0,0.0,0.0,0.0,0.0,0.0,0.0,0.0,0.0,112.0,0.0,0.0,112.0,100.0,0.0,0.0,100.0,0.0,0.0,12.0,0.0,0.0,12.0,0.0,0.0,0.0,0.0,0.0,0.0,0.0,0.0,"Jan 19, 2017"
748,2108019.0,23857.0,Anbar,Ramadi,Al-Sadiqiyah,الصديقية ,33.3933764134,43.5054794121,156.0,936.0,121.0,35.0,0.0,0.0,0.0,0.0,0.0,0.0,0.0,0.0,0.0,0.0,0.0,0.0,0.0,0.0,0.0,0.0,0.0,116.0,0.0,19.0,0.0,0.0,19.0,0.0,0.0,0.0,0.0,0.0,0.0,0.0,0.0,0.0,21.0,0.0,0.0,21.0,60.0,0.0,0.0,60.0,0.0,0.0,58.0,0.0,38.0,58.0,0.0,38.0,0.0,0.0,0.0,0.0,0.0,0.0,"Jan 19, 2017"
749,2108020.0,206.0,Anbar,Ramadi,Al-Shuhadaa,حي الشهداء,33.3756752225,43.5349991438,57.0,342.0,57.0,0.0,0.0,0.0,0.0,0.0,0.0,0.0,0.0,0.0,0.0,0.0,0.0,0.0,0.0,0.0,0.0,0.0,0.0,0.0,0.0,18.0,0.0,0.0,18.0,0.0,0.0,0.0,0.0,0.0,0.0,0.0,0.0,0.0,39.0,0.0,0.0,39.0,6.0,0.0,0.0,6.0,0.0,0.0,43.0,0.0,8.0,43.0,0.0,8.0,0.0,0.0,0.0,0.0,0.0,0.0,"Jan 19, 2017"
750,2108022.0,23887.0,Anbar,Ramadi,Hay Al Mulmeen,حي المعلمين ,33.380234977,43.5315629949,200.0,1200.0,165.0,35.0,0.0,0.0,0.0,0.0,0.0,0.0,0.0,0.0,0.0,0.0,0.0,0.0,0.0,0.0,0.0,0.0,0.0,200.0,0.0,0.0,0.0,0.0,0.0,0.0,0.0,0.0,0.0,0.0,0.0,0.0,0.0,0.0,0.0,0.0,0.0,0.0,0.0,0.0,0.0,0.0,0.0,0.0,159.0,0.0,41.0,159.0,0.0,41.0,0.0,0.0,0.0,0.0,0.0,0.0,"Jan 19, 2017"
751,2108023.0,23853.0,Anbar,Ramadi,Hay Al-Madani,الحي المدني ,33.3781144027,43.5952427621,132.0,792.0,132.0,0.0,0.0,0.0,0.0,0.0,0.0,0.0,0.0,0.0,0.0,0.0,0.0,0.0,0.0,0.0,0.0,0.0,0.0,0.0,0.0,12.0,0.0,0.0,12.0,0.0,20.0,0.0,0.0,20.0,0.0,0.0,76.0,0.0,24.0,76.0,0.0,24.0,96.0,0.0,0.0,96.0,0.0,0.0,12.0,0.0,24.0,12.0,0.0,24.0,0.0,0.0,0.0,0.0,0.0,0.0,"Jan 19, 2017"
752,2108024.0,21409.0,Anbar,Ramadi,Hay Al-Salam,السلام,33.3696113328,43.5360140798,52.0,312.0,52.0,0.0,0.0,0.0,0.0,0.0,0.0,0.0,0.0,0.0,0.0,0.0,0.0,0.0,0.0,0.0,0.0,0.0,0.0,52.0,0.0,0.0,0.0,0.0,0.0,0.0,0.0,0.0,0.0,0.0,0.0,0.0,0.0,0.0,0.0,0.0,0.0,0.0,0.0,0.0,0.0,0.0,0.0,0.0,52.0,0.0,0.0,52.0,0.0,0.0,0.0,0.0,0.0,0.0,0.0,0.0,"Jan 19, 2017"
753,2108025.0,23855.0,Anbar,Ramadi,Hay Al-Umal,حي العمال ,33.38683439,43.6000999888,208.0,1248.0,208.0,0.0,0.0,0.0,0.0,0.0,0.0,0.0,0.0,0.0,0.0,0.0,0.0,0.0,0.0,0.0,0.0,0.0,0.0,208.0,0.0,0.0,0.0,0.0,0.0,0.0,0.0,0.0,0.0,0.0,0.0,0.0,0.0,0.0,0.0,0.0,0.0,0.0,67.0,0.0,0.0,67.0,0.0,0.0,18.0,0.0,123.0,18.0,0.0,123.0,0.0,0.0,0.0,0.0,0.0,0.0,"Jan 19, 2017"
754,2108026.0,113.0,Anbar,Ramadi,Husaibah Al-Sharqiah,حصيبة الشرقية ,33.4077695139,43.4697731758,65.0,390.0,65.0,0.0,0.0,0.0,0.0,0.0,0.0,0.0,0.0,0.0,0.0,0.0,0.0,0.0,0.0,0.0,0.0,0.0,0.0,65.0,0.0,0.0,0.0,0.0,0.0,0.0,0.0,0.0,0.0,0.0,0.0,0.0,0.0,0.0,0.0,0.0,0.0,0.0,0.0,0.0,0.0,0.0,0.0,0.0,0.0,0.0,0.0,0.0,65.0,0.0,0.0,65.0,0.0,0.0,0.0,0.0,"Jan 19, 2017"
755,2108029.0,20901.0,Anbar,Ramadi,Sin Al-Thubban,سن الذبان,33.3697208904,43.6136678584,176.0,1056.0,176.0,0.0,0.0,0.0,0.0,0.0,0.0,0.0,0.0,0.0,0.0,0.0,0.0,0.0,0.0,0.0,0.0,0.0,0.0,97.0,0.0,79.0,0.0,0.0,79.0,0.0,0.0,0.0,0.0,0.0,0.0,0.0,0.0,0.0,0.0,0.0,0.0,0.0,0.0,0.0,0.0,0.0,0.0,0.0,109.0,0.0,67.0,109.0,0.0,67.0,0.0,0.0,0.0,0.0,0.0,0.0,"Jan 19, 2017"
756,2108044.0,28472.0,Anbar,Ramadi,Kilo 18,كيلو 18,33.3984956946,43.13493054,1618.0,9708.0,1448.0,0.0,0.0,0.0,0.0,0.0,0.0,0.0,27.0,0.0,0.0,0.0,20.0,0.0,123.0,0.0,0.0,0.0,1618.0,0.0,0.0,0.0,0.0,0.0,0.0,0.0,0.0,0.0,0.0,0.0,0.0,0.0,0.0,0.0,0.0,0.0,0.0,0.0,0.0,0.0,0.0,0.0,0.0,0.0,0.0,0.0,0.0,0.0,1050.0,0.0,568.0,1050.0,0.0,568.0,0.0,0.0,"Jan 19, 2017"
757,2108047.0,29478.0,Anbar,Ramadi,Kilo 60,كيلو 60,33.3090942933,42.785191,58.0,348.0,58.0,0.0,0.0,0.0,0.0,0.0,0.0,0.0,0.0,0.0,0.0,0.0,0.0,0.0,0.0,0.0,0.0,0.0,58.0,0.0,0.0,0.0,0.0,0.0,0.0,0.0,0.0,0.0,0.0,0.0,0.0,0.0,0.0,0.0,0.0,0.0,0.0,0.0,0.0,0.0,0.0,0.0,0.0,0.0,0.0,0.0,0.0,0.0,58.0,0.0,0.0,58.0,0.0,0.0,0.0,0.0,"Jan 19, 2017"
758,2108048.0,29479.0,Anbar,Ramadi,Abu Tibban,ابوطيبان,33.5307568426,43.133495,90.0,540.0,90.0,0.0,0.0,0.0,0.0,0.0,0.0,0.0,0.0,0.0,0.0,0.0,0.0,0.0,0.0,0.0,0.0,0.0,0.0,90.0,0.0,0.0,0.0,0.0,0.0,0.0,0.0,0.0,0.0,0.0,0.0,0.0,0.0,0.0,0.0,0.0,0.0,0.0,0.0,0.0,0.0,0.0,0.0,0.0,0.0,0.0,0.0,0.0,90.0,0.0,0.0,90.0,0.0,0.0,0.0,0.0,"Jan 19, 2017"
759,2108049.0,29480.0,Anbar,Ramadi,Al-Khalidiya Central,مخيم الخالدية المركزي,33.3516517057,43.54952,1595.0,9570.0,1595.0,0.0,0.0,0.0,0.0,0.0,0.0,0.0,0.0,0.0,0.0,0.0,0.0,0.0,0.0,0.0,0.0,0.0,1595.0,0.0,0.0,0.0,0.0,0.0,0.0,0.0,0.0,0.0,0.0,0.0,0.0,0.0,0.0,0.0,0.0,0.0,0.0,0.0,0.0,0.0,0.0,0.0,0.0,0.0,0.0,0.0,0.0,0.0,1595.0,0.0,0.0,1595.0,0.0,0.0,0.0,0.0,"Jan 19, 2017"
760,2108061.0,23856.0,Anbar,Ramadi,Zoyaha Al-Thuban,زوية الذبان,33.3868549059,43.6051542276,400.0,2400.0,356.0,44.0,0.0,0.0,0.0,0.0,0.0,0.0,0.0,0.0,0.0,0.0,0.0,0.0,0.0,0.0,0.0,0.0,0.0,385.0,0.0,8.0,0.0,0.0,8.0,0.0,7.0,0.0,0.0,7.0,0.0,0.0,0.0,0.0,0.0,0.0,0.0,0.0,7.0,0.0,0.0,7.0,0.0,0.0,109.0,0.0,284.0,109.0,0.0,284.0,0.0,0.0,0.0,0.0,0.0,0.0,"Jan 19, 2017"
761,2201001.0,24594.0,Babylon,Al-Mahawil,Abo Blaw,أبو بلاو,32.6602636532,44.3933240989,1.0,6.0,0.0,0.0,0.0,0.0,0.0,0.0,0.0,0.0,0.0,0.0,0.0,0.0,0.0,0.0,1.0,0.0,0.0,0.0,0.0,1.0,0.0,0.0,0.0,0.0,0.0,0.0,0.0,0.0,0.0,0.0,0.0,0.0,0.0,0.0,0.0,0.0,0.0,0.0,0.0,0.0,0.0,0.0,1.0,0.0,0.0,1.0,0.0,0.0,0.0,0.0,0.0,0.0,0.0,0.0,0.0,0.0,"Jan 19, 2017"
762,2201002.0,7064.0,Babylon,Al-Mahawil,Albo Nafea,البو نافع,32.50796804,44.52054491,12.0,72.0,0.0,0.0,0.0,0.0,0.0,0.0,0.0,0.0,0.0,0.0,0.0,0.0,12.0,0.0,0.0,0.0,0.0,0.0,0.0,12.0,0.0,0.0,0.0,0.0,0.0,0.0,0.0,0.0,0.0,0.0,0.0,0.0,0.0,0.0,0.0,0.0,0.0,0.0,0.0,0.0,12.0,0.0,0.0,12.0,0.0,0.0,0.0,0.0,0.0,0.0,0.0,0.0,0.0,0.0,0.0,0.0,"Jan 19, 2017"
763,2201003.0,24541.0,Babylon,Al-Mahawil,Abu halael-Al Neel Area,ناحيه النيل-ابو هليل,32.555376,44.576374,10.0,60.0,3.0,0.0,0.0,0.0,0.0,0.0,0.0,0.0,0.0,0.0,0.0,0.0,7.0,0.0,0.0,0.0,0.0,0.0,0.0,6.0,0.0,0.0,0.0,0.0,0.0,0.0,4.0,0.0,0.0,4.0,0.0,0.0,0.0,0.0,0.0,0.0,0.0,0.0,0.0,0.0,3.0,0.0,4.0,3.0,3.0,4.0,0.0,3.0,0.0,0.0,0.0,0.0,0.0,0.0,0.0,0.0,"Jan 19, 2017"
764,2201004.0,21767.0,Babylon,Al-Mahawil,Abu Sudairah,ابو سديره,32.650923467,44.4121629835,12.0,72.0,12.0,0.0,0.0,0.0,0.0,0.0,0.0,0.0,0.0,0.0,0.0,0.0,0.0,0.0,0.0,0.0,0.0,0.0,0.0,0.0,0.0,0.0,0.0,0.0,0.0,0.0,12.0,0.0,0.0,12.0,0.0,0.0,0.0,0.0,0.0,0.0,0.0,0.0,2.0,0.0,0.0,2.0,0.0,0.0,4.0,0.0,6.0,4.0,0.0,6.0,0.0,0.0,0.0,0.0,0.0,0.0,"Jan 19, 2017"
765,2201005.0,24297.0,Babylon,Al-Mahawil,Al Baqer Area-Jablah,جبلة-مدينة الباقر,32.64922,44.72855,7.0,42.0,7.0,0.0,0.0,0.0,0.0,0.0,0.0,0.0,0.0,0.0,0.0,0.0,0.0,0.0,0.0,0.0,0.0,0.0,0.0,0.0,0.0,0.0,0.0,0.0,0.0,0.0,7.0,0.0,0.0,7.0,0.0,0.0,0.0,0.0,0.0,0.0,0.0,0.0,0.0,0.0,0.0,0.0,0.0,0.0,0.0,0.0,7.0,0.0,0.0,7.0,0.0,0.0,0.0,0.0,0.0,0.0,"Jan 19, 2017"
766,2201006.0,24178.0,Babylon,Al-Mahawil,Al Imam Hay Al Amir,ناحية الامام-حي الامير,32.66272265,44.48252033,5.0,30.0,5.0,0.0,0.0,0.0,0.0,0.0,0.0,0.0,0.0,0.0,0.0,0.0,0.0,0.0,0.0,0.0,0.0,0.0,0.0,0.0,0.0,0.0,0.0,0.0,0.0,0.0,5.0,0.0,0.0,5.0,0.0,0.0,0.0,0.0,0.0,0.0,0.0,0.0,0.0,0.0,0.0,0.0,0.0,0.0,0.0,0.0,5.0,0.0,0.0,5.0,0.0,0.0,0.0,0.0,0.0,0.0,"Jan 19, 2017"
767,2201007.0,25709.0,Babylon,Al-Mahawil,Al Imam Hay Al Hakeem,ناحية الامام-حي الحكيم,32.6626393,44.48328249,6.0,36.0,6.0,0.0,0.0,0.0,0.0,0.0,0.0,0.0,0.0,0.0,0.0,0.0,0.0,0.0,0.0,0.0,0.0,0.0,0.0,0.0,0.0,0.0,0.0,0.0,0.0,0.0,6.0,0.0,0.0,6.0,0.0,0.0,0.0,0.0,0.0,0.0,0.0,0.0,0.0,0.0,0.0,0.0,0.0,0.0,0.0,0.0,6.0,0.0,0.0,6.0,0.0,0.0,0.0,0.0,0.0,0.0,"Jan 19, 2017"
768,2201009.0,24566.0,Babylon,Al-Mahawil,Al Imam-Hay Al Zahraa,ناحيه الامام-حي الزهراء,32.66954544,44.50006776,1.0,6.0,0.0,0.0,0.0,0.0,0.0,0.0,0.0,0.0,0.0,0.0,0.0,0.0,1.0,0.0,0.0,0.0,0.0,0.0,0.0,0.0,0.0,0.0,0.0,0.0,0.0,0.0,1.0,0.0,0.0,1.0,0.0,0.0,0.0,0.0,0.0,0.0,0.0,0.0,0.0,0.0,1.0,0.0,0.0,1.0,0.0,0.0,0.0,0.0,0.0,0.0,0.0,0.0,0.0,0.0,0.0,0.0,"Jan 19, 2017"
769,2201010.0,24567.0,Babylon,Al-Mahawil,Al Imam-Hay Imam Ali,ناحيه الامام-حي الامام علي,32.66881814,44.5027265,9.0,54.0,7.0,0.0,0.0,0.0,0.0,0.0,0.0,0.0,0.0,0.0,0.0,0.0,2.0,0.0,0.0,0.0,0.0,0.0,0.0,0.0,0.0,0.0,0.0,0.0,0.0,0.0,9.0,0.0,0.0,9.0,0.0,0.0,0.0,0.0,0.0,0.0,0.0,0.0,0.0,0.0,2.0,0.0,0.0,2.0,0.0,0.0,7.0,0.0,0.0,7.0,0.0,0.0,0.0,0.0,0.0,0.0,"Jan 19, 2017"
770,2201012.0,24517.0,Babylon,Al-Mahawil,Al-lubat,اللوبات,32.5348093793,44.4890517158,9.0,54.0,0.0,0.0,4.0,0.0,0.0,2.0,0.0,0.0,0.0,0.0,0.0,0.0,3.0,0.0,0.0,0.0,0.0,0.0,0.0,5.0,0.0,0.0,0.0,0.0,0.0,4.0,0.0,4.0,0.0,0.0,0.0,0.0,0.0,0.0,0.0,0.0,0.0,0.0,0.0,0.0,3.0,0.0,2.0,3.0,4.0,2.0,0.0,4.0,0.0,0.0,0.0,0.0,0.0,0.0,0.0,0.0,"Jan 19, 2017"
771,2201013.0,24466.0,Babylon,Al-Mahawil,Al Murtdha village,قريه المرتضى,32.57008314,44.41692498,1.0,6.0,1.0,0.0,0.0,0.0,0.0,0.0,0.0,0.0,0.0,0.0,0.0,0.0,0.0,0.0,0.0,0.0,0.0,0.0,0.0,1.0,0.0,0.0,0.0,0.0,0.0,0.0,0.0,0.0,0.0,0.0,0.0,0.0,0.0,0.0,0.0,0.0,0.0,0.0,1.0,0.0,0.0,1.0,0.0,0.0,0.0,0.0,0.0,0.0,0.0,0.0,0.0,0.0,0.0,0.0,0.0,0.0,"Jan 19, 2017"
772,2201014.0,24299.0,Babylon,Al-Mahawil,Al Qasabah Al Kadimah,ناحية الامام-القصبة القديمة,32.66563637,44.50924108,50.0,300.0,7.0,0.0,0.0,0.0,0.0,0.0,0.0,0.0,0.0,0.0,0.0,0.0,43.0,0.0,0.0,0.0,0.0,0.0,0.0,0.0,0.0,0.0,0.0,0.0,0.0,0.0,29.0,0.0,0.0,29.0,0.0,0.0,0.0,0.0,21.0,0.0,0.0,21.0,0.0,0.0,43.0,0.0,0.0,43.0,0.0,0.0,7.0,0.0,0.0,7.0,0.0,0.0,0.0,0.0,0.0,0.0,"Jan 19, 2017"
773,2201015.0,22372.0,Babylon,Al-Mahawil,Al Rashayed,الرشايد,32.74512,44.76589,13.0,78.0,0.0,3.0,1.0,0.0,0.0,0.0,0.0,0.0,0.0,0.0,0.0,0.0,3.0,0.0,6.0,0.0,0.0,0.0,0.0,13.0,0.0,0.0,0.0,0.0,0.0,0.0,0.0,0.0,0.0,0.0,0.0,0.0,0.0,0.0,0.0,0.0,0.0,0.0,0.0,0.0,6.0,0.0,7.0,6.0,0.0,7.0,0.0,0.0,0.0,0.0,0.0,0.0,0.0,0.0,0.0,0.0,"Jan 19, 2017"
774,2201016.0,23963.0,Babylon,Al-Mahawil,Al Shahed Al Sader,ناحية الامام-الشهيد الصدر,32.66613778,44.49614888,10.0,60.0,3.0,0.0,0.0,0.0,0.0,0.0,0.0,0.0,0.0,0.0,0.0,0.0,7.0,0.0,0.0,0.0,0.0,0.0,0.0,0.0,0.0,0.0,0.0,0.0,0.0,0.0,10.0,0.0,0.0,10.0,0.0,0.0,0.0,0.0,0.0,0.0,0.0,0.0,0.0,0.0,7.0,0.0,0.0,7.0,3.0,0.0,0.0,3.0,0.0,0.0,0.0,0.0,0.0,0.0,0.0,0.0,"Jan 19, 2017"
775,2201017.0,24431.0,Babylon,Al-Mahawil,Al taba-Al Neel,ناحيه النيل-الطابه,32.48294571,44.56964057,14.0,84.0,0.0,0.0,0.0,0.0,0.0,0.0,0.0,0.0,0.0,0.0,0.0,0.0,14.0,0.0,0.0,0.0,0.0,0.0,0.0,11.0,0.0,0.0,0.0,0.0,0.0,0.0,3.0,0.0,0.0,3.0,0.0,0.0,0.0,0.0,0.0,0.0,0.0,0.0,0.0,0.0,14.0,0.0,0.0,14.0,0.0,0.0,0.0,0.0,0.0,0.0,0.0,0.0,0.0,0.0,0.0,0.0,"Jan 19, 2017"
776,2201018.0,24336.0,Babylon,Al-Mahawil,Al Tahriyah,الطاهريه,32.748223,44.431139,3.0,18.0,0.0,0.0,0.0,0.0,0.0,0.0,0.0,0.0,0.0,0.0,0.0,0.0,3.0,0.0,0.0,0.0,0.0,0.0,0.0,3.0,0.0,0.0,0.0,0.0,0.0,0.0,0.0,0.0,0.0,0.0,0.0,0.0,0.0,0.0,0.0,0.0,0.0,0.0,0.0,0.0,3.0,0.0,0.0,3.0,0.0,0.0,0.0,0.0,0.0,0.0,0.0,0.0,0.0,0.0,0.0,0.0,"Jan 19, 2017"
777,2201020.0,20923.0,Babylon,Al-Mahawil,Al-Akfia village,العاكفية,32.53423281,44.55002734,10.0,60.0,3.0,0.0,0.0,0.0,0.0,0.0,0.0,0.0,0.0,0.0,0.0,0.0,7.0,0.0,0.0,0.0,0.0,0.0,0.0,0.0,0.0,0.0,0.0,0.0,0.0,0.0,10.0,0.0,0.0,10.0,0.0,0.0,0.0,0.0,0.0,0.0,0.0,0.0,0.0,0.0,7.0,0.0,0.0,7.0,0.0,0.0,3.0,0.0,0.0,3.0,0.0,0.0,0.0,0.0,0.0,0.0,"Jan 19, 2017"
778,2201021.0,24438.0,Babylon,Al-Mahawil,Alammar village-Al Neel,ناحيه النيل-قريه العمار,32.55428664,44.56309489,7.0,42.0,0.0,0.0,0.0,0.0,0.0,0.0,0.0,0.0,0.0,0.0,0.0,0.0,7.0,0.0,0.0,0.0,0.0,0.0,0.0,7.0,0.0,0.0,0.0,0.0,0.0,0.0,0.0,0.0,0.0,0.0,0.0,0.0,0.0,0.0,0.0,0.0,0.0,0.0,0.0,0.0,4.0,0.0,3.0,4.0,0.0,3.0,0.0,0.0,0.0,0.0,0.0,0.0,0.0,0.0,0.0,0.0,"Jan 19, 2017"
779,2201022.0,24468.0,Babylon,Al-Mahawil,Alaweara,العويره,32.656014,44.415329,5.0,30.0,0.0,0.0,0.0,0.0,0.0,0.0,0.0,0.0,0.0,0.0,0.0,0.0,5.0,0.0,0.0,0.0,0.0,0.0,0.0,1.0,0.0,0.0,0.0,0.0,0.0,0.0,4.0,0.0,0.0,4.0,0.0,0.0,0.0,0.0,0.0,0.0,0.0,0.0,0.0,0.0,5.0,0.0,0.0,5.0,0.0,0.0,0.0,0.0,0.0,0.0,0.0,0.0,0.0,0.0,0.0,0.0,"Jan 19, 2017"
780,2201023.0,24467.0,Babylon,Al-Mahawil,Alazawea,العزاويه,32.5752565972,44.423584939,11.0,66.0,5.0,0.0,0.0,0.0,0.0,0.0,0.0,0.0,0.0,0.0,0.0,0.0,6.0,0.0,0.0,0.0,0.0,0.0,0.0,6.0,0.0,0.0,0.0,0.0,0.0,0.0,5.0,0.0,0.0,5.0,0.0,0.0,0.0,0.0,0.0,0.0,0.0,0.0,0.0,0.0,5.0,0.0,1.0,5.0,5.0,1.0,0.0,5.0,0.0,0.0,0.0,0.0,0.0,0.0,0.0,0.0,"Jan 19, 2017"
781,2201024.0,24465.0,Babylon,Al-Mahawil,Albada-hay Alaskari,البدع-حي العسكري,32.6930072398,44.40978,16.0,96.0,4.0,2.0,4.0,0.0,0.0,0.0,0.0,0.0,0.0,0.0,0.0,0.0,6.0,0.0,0.0,0.0,0.0,0.0,0.0,10.0,0.0,0.0,0.0,0.0,0.0,0.0,6.0,0.0,0.0,6.0,0.0,0.0,0.0,0.0,0.0,0.0,0.0,0.0,0.0,0.0,6.0,0.0,4.0,6.0,4.0,4.0,0.0,4.0,0.0,0.0,2.0,0.0,0.0,2.0,0.0,0.0,"Jan 19, 2017"
782,2201025.0,25713.0,Babylon,Al-Mahawil,Albo-Mustafa,البو مصطفى,32.660796,44.329997,1.0,6.0,1.0,0.0,0.0,0.0,0.0,0.0,0.0,0.0,0.0,0.0,0.0,0.0,0.0,0.0,0.0,0.0,0.0,0.0,0.0,1.0,0.0,0.0,0.0,0.0,0.0,0.0,0.0,0.0,0.0,0.0,0.0,0.0,0.0,0.0,0.0,0.0,0.0,0.0,0.0,0.0,0.0,0.0,0.0,0.0,0.0,0.0,1.0,0.0,0.0,1.0,0.0,0.0,0.0,0.0,0.0,0.0,"Jan 19, 2017"
783,2201027.0,24690.0,Babylon,Al-Mahawil,Algwam village,ناحيه الامام-قريه الكوام,32.66830919,44.50310368,3.0,18.0,0.0,0.0,0.0,0.0,0.0,0.0,0.0,0.0,0.0,0.0,0.0,0.0,3.0,0.0,0.0,0.0,0.0,0.0,0.0,0.0,0.0,0.0,0.0,0.0,0.0,0.0,3.0,0.0,0.0,3.0,0.0,0.0,0.0,0.0,0.0,0.0,0.0,0.0,0.0,0.0,0.0,0.0,3.0,0.0,0.0,3.0,0.0,0.0,0.0,0.0,0.0,0.0,0.0,0.0,0.0,0.0,"Jan 19, 2017"
784,2201031.0,23941.0,Babylon,Al-Mahawil,Al-Jadrjy,الجادرجي,32.6016414749,44.36902,23.0,138.0,23.0,0.0,0.0,0.0,0.0,0.0,0.0,0.0,0.0,0.0,0.0,0.0,0.0,0.0,0.0,0.0,0.0,0.0,0.0,23.0,0.0,0.0,0.0,0.0,0.0,0.0,0.0,0.0,0.0,0.0,0.0,0.0,0.0,0.0,0.0,0.0,0.0,0.0,0.0,0.0,13.0,0.0,0.0,13.0,0.0,0.0,10.0,0.0,0.0,10.0,0.0,0.0,0.0,0.0,0.0,0.0,"Jan 19, 2017"
785,2201032.0,25712.0,Babylon,Al-Mahawil,Al-Jazra,الجزرا,32.6573779703,44.3963204027,1.0,6.0,1.0,0.0,0.0,0.0,0.0,0.0,0.0,0.0,0.0,0.0,0.0,0.0,0.0,0.0,0.0,0.0,0.0,0.0,0.0,0.0,0.0,0.0,0.0,0.0,0.0,0.0,1.0,0.0,0.0,1.0,0.0,0.0,0.0,0.0,0.0,0.0,0.0,0.0,0.0,0.0,0.0,0.0,0.0,0.0,1.0,0.0,0.0,1.0,0.0,0.0,0.0,0.0,0.0,0.0,0.0,0.0,"Jan 19, 2017"
786,2201033.0,25617.0,Babylon,Al-Mahawil,Al-Mahawil-Hay Al-Mashtal,حي المشتل,32.666289935,44.3966678294,12.0,72.0,8.0,2.0,0.0,0.0,0.0,0.0,0.0,0.0,0.0,0.0,0.0,0.0,2.0,0.0,0.0,0.0,0.0,0.0,0.0,0.0,0.0,0.0,0.0,0.0,0.0,0.0,12.0,0.0,0.0,12.0,0.0,0.0,0.0,0.0,0.0,0.0,0.0,0.0,0.0,0.0,4.0,0.0,0.0,4.0,8.0,0.0,0.0,8.0,0.0,0.0,0.0,0.0,0.0,0.0,0.0,0.0,"Jan 19, 2017"
787,2201034.0,24432.0,Babylon,Al-Mahawil,AlRashead village-Al Neel,ناحيه النيل-قريه الراشد,32.54707276,44.51972198,7.0,42.0,2.0,0.0,0.0,0.0,0.0,0.0,0.0,0.0,0.0,0.0,0.0,0.0,5.0,0.0,0.0,0.0,0.0,0.0,0.0,7.0,0.0,0.0,0.0,0.0,0.0,0.0,0.0,0.0,0.0,0.0,0.0,0.0,0.0,0.0,0.0,0.0,0.0,0.0,0.0,0.0,5.0,0.0,0.0,5.0,0.0,0.0,2.0,0.0,0.0,2.0,0.0,0.0,0.0,0.0,0.0,0.0,"Jan 19, 2017"
788,2201035.0,7232.0,Babylon,Al-Mahawil,Al-Shakiria,الشاكريه,32.65663433,44.39642292,3.0,18.0,3.0,0.0,0.0,0.0,0.0,0.0,0.0,0.0,0.0,0.0,0.0,0.0,0.0,0.0,0.0,0.0,0.0,0.0,0.0,0.0,0.0,0.0,0.0,0.0,0.0,0.0,3.0,0.0,0.0,3.0,0.0,0.0,0.0,0.0,0.0,0.0,0.0,0.0,0.0,0.0,0.0,0.0,0.0,0.0,3.0,0.0,0.0,3.0,0.0,0.0,0.0,0.0,0.0,0.0,0.0,0.0,"Jan 19, 2017"
789,2201036.0,24435.0,Babylon,Al-Mahawil,Alshalab village-Al Neel,ناحيه النيل-قريه الشلب,32.54345,44.48812,10.0,60.0,0.0,0.0,0.0,0.0,0.0,0.0,0.0,0.0,0.0,0.0,0.0,0.0,10.0,0.0,0.0,0.0,0.0,0.0,0.0,10.0,0.0,0.0,0.0,0.0,0.0,0.0,0.0,0.0,0.0,0.0,0.0,0.0,0.0,0.0,0.0,0.0,0.0,0.0,0.0,0.0,10.0,0.0,0.0,10.0,0.0,0.0,0.0,0.0,0.0,0.0,0.0,0.0,0.0,0.0,0.0,0.0,"Jan 19, 2017"
790,2201038.0,24469.0,Babylon,Al-Mahawil,Barnon-Al Qasabah Al kadima,برنون-القصبه القديمه,32.5696869922,44.4076938132,10.0,60.0,0.0,0.0,1.0,0.0,0.0,0.0,0.0,0.0,0.0,0.0,0.0,0.0,7.0,0.0,2.0,0.0,0.0,0.0,0.0,0.0,0.0,0.0,0.0,0.0,0.0,0.0,10.0,0.0,0.0,10.0,0.0,0.0,0.0,0.0,0.0,0.0,0.0,0.0,0.0,0.0,4.0,0.0,4.0,4.0,2.0,4.0,0.0,2.0,0.0,0.0,0.0,0.0,0.0,0.0,0.0,0.0,"Jan 19, 2017"
791,2201039.0,24519.0,Babylon,Al-Mahawil,Barnon-hay Alaskry,برنون-حي العسكري,32.57048228,44.40842581,4.0,24.0,2.0,0.0,0.0,0.0,0.0,0.0,0.0,0.0,0.0,0.0,0.0,0.0,2.0,0.0,0.0,0.0,0.0,0.0,0.0,0.0,0.0,0.0,0.0,0.0,0.0,0.0,4.0,0.0,0.0,4.0,0.0,0.0,0.0,0.0,0.0,0.0,0.0,0.0,0.0,0.0,2.0,0.0,0.0,2.0,2.0,0.0,0.0,2.0,0.0,0.0,0.0,0.0,0.0,0.0,0.0,0.0,"Jan 19, 2017"
792,2201040.0,23964.0,Babylon,Al-Mahawil,Btt Merry,بتت ميري,32.6253335574,44.39474,20.0,120.0,19.0,0.0,0.0,0.0,0.0,0.0,0.0,0.0,0.0,0.0,0.0,0.0,1.0,0.0,0.0,0.0,0.0,0.0,0.0,0.0,0.0,0.0,0.0,0.0,0.0,0.0,20.0,0.0,0.0,20.0,0.0,0.0,0.0,0.0,0.0,0.0,0.0,0.0,9.0,0.0,1.0,9.0,0.0,1.0,5.0,0.0,5.0,5.0,0.0,5.0,0.0,0.0,0.0,0.0,0.0,0.0,"Jan 19, 2017"
793,2201041.0,23942.0,Babylon,Al-Mahawil,Btt Wahby,بتت وهبي,32.6008760797,44.4112424628,19.0,114.0,11.0,0.0,8.0,0.0,0.0,0.0,0.0,0.0,0.0,0.0,0.0,0.0,0.0,0.0,0.0,0.0,0.0,0.0,0.0,19.0,0.0,0.0,0.0,0.0,0.0,0.0,0.0,0.0,0.0,0.0,0.0,0.0,0.0,0.0,0.0,0.0,0.0,0.0,7.0,0.0,6.0,7.0,0.0,6.0,0.0,0.0,6.0,0.0,0.0,6.0,0.0,0.0,0.0,0.0,0.0,0.0,"Jan 19, 2017"
794,2201042.0,7231.0,Babylon,Al-Mahawil,Findhiya,الفنديه,32.5889927984,44.4269914932,8.0,48.0,1.0,0.0,0.0,0.0,0.0,0.0,0.0,0.0,0.0,0.0,0.0,0.0,7.0,0.0,0.0,0.0,0.0,0.0,0.0,8.0,0.0,0.0,0.0,0.0,0.0,0.0,0.0,0.0,0.0,0.0,0.0,0.0,0.0,0.0,0.0,0.0,0.0,0.0,0.0,0.0,2.0,0.0,5.0,2.0,1.0,5.0,0.0,1.0,0.0,0.0,0.0,0.0,0.0,0.0,0.0,0.0,"Jan 19, 2017"
795,2201043.0,24960.0,Babylon,Al-Mahawil,Hay Al Farook,حي الفاروق,32.6502043954,44.4124639973,24.0,144.0,24.0,0.0,0.0,0.0,0.0,0.0,0.0,0.0,0.0,0.0,0.0,0.0,0.0,0.0,0.0,0.0,0.0,0.0,0.0,0.0,0.0,0.0,0.0,0.0,0.0,0.0,24.0,0.0,0.0,24.0,0.0,0.0,0.0,0.0,0.0,0.0,0.0,0.0,0.0,0.0,0.0,0.0,0.0,0.0,16.0,0.0,8.0,16.0,0.0,8.0,0.0,0.0,0.0,0.0,0.0,0.0,"Jan 19, 2017"
796,2201044.0,22869.0,Babylon,Al-Mahawil,Hay Al Salam,حي السلام,32.74322,44.60796,14.0,84.0,6.0,4.0,1.0,0.0,0.0,0.0,0.0,0.0,0.0,0.0,0.0,0.0,1.0,0.0,2.0,0.0,0.0,0.0,0.0,0.0,0.0,0.0,0.0,0.0,0.0,0.0,14.0,0.0,0.0,14.0,0.0,0.0,0.0,0.0,0.0,0.0,0.0,0.0,0.0,0.0,10.0,0.0,0.0,10.0,4.0,0.0,0.0,4.0,0.0,0.0,0.0,0.0,0.0,0.0,0.0,0.0,"Jan 19, 2017"
797,2201045.0,24298.0,Babylon,Al-Mahawil,Hay Al wihda-Jablah,جبلة-حي الوحده,32.75108,44.61282,7.0,42.0,4.0,0.0,0.0,0.0,0.0,0.0,0.0,0.0,0.0,0.0,0.0,0.0,3.0,0.0,0.0,0.0,0.0,0.0,0.0,0.0,0.0,0.0,0.0,0.0,0.0,0.0,7.0,0.0,0.0,7.0,0.0,0.0,0.0,0.0,0.0,0.0,0.0,0.0,0.0,0.0,3.0,0.0,0.0,3.0,0.0,0.0,4.0,0.0,0.0,4.0,0.0,0.0,0.0,0.0,0.0,0.0,"Jan 19, 2017"
798,2201046.0,20927.0,Babylon,Al-Mahawil,Hay Al-Askari,حي العسكري ,32.6651003144,44.4058474278,2.0,12.0,2.0,0.0,0.0,0.0,0.0,0.0,0.0,0.0,0.0,0.0,0.0,0.0,0.0,0.0,0.0,0.0,0.0,0.0,0.0,0.0,0.0,0.0,0.0,0.0,0.0,0.0,2.0,0.0,0.0,2.0,0.0,0.0,0.0,0.0,0.0,0.0,0.0,0.0,0.0,0.0,0.0,0.0,0.0,0.0,0.0,0.0,2.0,0.0,0.0,2.0,0.0,0.0,0.0,0.0,0.0,0.0,"Jan 19, 2017"
799,2201047.0,7202.0,Babylon,Al-Mahawil,Hay Al-Intisar,حي الانتصار,32.6527116363,44.4085546079,5.0,30.0,1.0,0.0,3.0,0.0,0.0,0.0,0.0,0.0,0.0,0.0,0.0,0.0,1.0,0.0,0.0,0.0,0.0,0.0,0.0,0.0,0.0,0.0,0.0,0.0,0.0,0.0,5.0,0.0,0.0,5.0,0.0,0.0,0.0,0.0,0.0,0.0,0.0,0.0,0.0,0.0,1.0,0.0,0.0,1.0,4.0,0.0,0.0,4.0,0.0,0.0,0.0,0.0,0.0,0.0,0.0,0.0,"Jan 19, 2017"
800,2201048.0,7147.0,Babylon,Al-Mahawil,Hay Al-Risala 1,جبلة-حي الرسالة,32.750831,44.611538,6.0,36.0,6.0,0.0,0.0,0.0,0.0,0.0,0.0,0.0,0.0,0.0,0.0,0.0,0.0,0.0,0.0,0.0,0.0,0.0,0.0,0.0,0.0,0.0,0.0,0.0,0.0,0.0,6.0,0.0,0.0,6.0,0.0,0.0,0.0,0.0,0.0,0.0,0.0,0.0,0.0,0.0,0.0,0.0,0.0,0.0,0.0,0.0,6.0,0.0,0.0,6.0,0.0,0.0,0.0,0.0,0.0,0.0,"Jan 19, 2017"
801,2201049.0,24464.0,Babylon,Al-Mahawil,Hay Zain Alabadeen,حي زين العابدين,32.750565,44.617134,4.0,24.0,0.0,1.0,3.0,0.0,0.0,0.0,0.0,0.0,0.0,0.0,0.0,0.0,0.0,0.0,0.0,0.0,0.0,0.0,0.0,0.0,0.0,0.0,0.0,0.0,0.0,0.0,4.0,0.0,0.0,4.0,0.0,0.0,0.0,0.0,0.0,0.0,0.0,0.0,0.0,0.0,4.0,0.0,0.0,4.0,0.0,0.0,0.0,0.0,0.0,0.0,0.0,0.0,0.0,0.0,0.0,0.0,"Jan 19, 2017"
802,2201050.0,6365.0,Babylon,Al-Mahawil,Jabla Al Imam Village,جبلة-الامام,32.772672,44.588427,28.0,168.0,0.0,14.0,14.0,0.0,0.0,0.0,0.0,0.0,0.0,0.0,0.0,0.0,0.0,0.0,0.0,0.0,0.0,0.0,0.0,0.0,0.0,0.0,0.0,0.0,0.0,0.0,28.0,0.0,0.0,28.0,0.0,0.0,0.0,0.0,0.0,0.0,0.0,0.0,0.0,0.0,14.0,0.0,14.0,14.0,0.0,14.0,0.0,0.0,0.0,0.0,0.0,0.0,0.0,0.0,0.0,0.0,"Jan 19, 2017"
803,2201052.0,24267.0,Babylon,Al-Mahawil,Jabla-Al Hamiry,جبلة-الحميري,32.79637,44.50842,1.0,6.0,0.0,0.0,1.0,0.0,0.0,0.0,0.0,0.0,0.0,0.0,0.0,0.0,0.0,0.0,0.0,0.0,0.0,0.0,0.0,1.0,0.0,0.0,0.0,0.0,0.0,0.0,0.0,0.0,0.0,0.0,0.0,0.0,0.0,0.0,0.0,0.0,0.0,0.0,0.0,0.0,0.0,0.0,1.0,0.0,0.0,1.0,0.0,0.0,0.0,0.0,0.0,0.0,0.0,0.0,0.0,0.0,"Jan 19, 2017"
804,2201054.0,24568.0,Babylon,Al-Mahawil,Jabla-Hay Al Hurriya,جبله-حي الحريه,32.745583,44.60698,10.0,60.0,5.0,0.0,0.0,0.0,0.0,5.0,0.0,0.0,0.0,0.0,0.0,0.0,0.0,0.0,0.0,0.0,0.0,0.0,0.0,0.0,0.0,0.0,0.0,0.0,0.0,0.0,10.0,0.0,0.0,10.0,0.0,0.0,0.0,0.0,0.0,0.0,0.0,0.0,0.0,0.0,5.0,0.0,0.0,5.0,0.0,0.0,5.0,0.0,0.0,5.0,0.0,0.0,0.0,0.0,0.0,0.0,"Jan 19, 2017"
805,2201055.0,24521.0,Babylon,Al-Mahawil,jabla-Hay Rhaema,جبله-حي رحيمه,32.75064,44.60031,14.0,84.0,4.0,0.0,0.0,0.0,0.0,0.0,0.0,0.0,1.0,0.0,0.0,0.0,9.0,0.0,0.0,0.0,0.0,0.0,0.0,0.0,0.0,0.0,0.0,0.0,0.0,0.0,14.0,0.0,0.0,14.0,0.0,0.0,0.0,0.0,0.0,0.0,0.0,0.0,0.0,0.0,10.0,0.0,0.0,10.0,4.0,0.0,0.0,4.0,0.0,0.0,0.0,0.0,0.0,0.0,0.0,0.0,"Jan 19, 2017"
806,2201056.0,24542.0,Babylon,Al-Mahawil,khafaja village,قريه خفاجه,32.62357577,44.37236653,1.0,6.0,1.0,0.0,0.0,0.0,0.0,0.0,0.0,0.0,0.0,0.0,0.0,0.0,0.0,0.0,0.0,0.0,0.0,0.0,0.0,1.0,0.0,0.0,0.0,0.0,0.0,0.0,0.0,0.0,0.0,0.0,0.0,0.0,0.0,0.0,0.0,0.0,0.0,0.0,0.0,0.0,0.0,0.0,0.0,0.0,1.0,0.0,0.0,1.0,0.0,0.0,0.0,0.0,0.0,0.0,0.0,0.0,"Jan 19, 2017"
807,2201057.0,24434.0,Babylon,Al-Mahawil,khalf alsharkhy village-Al Neel,ناحيه النيل-قريه خليف الشرقي,32.54822996,44.51958611,7.0,42.0,0.0,0.0,0.0,0.0,0.0,0.0,0.0,0.0,0.0,0.0,0.0,0.0,7.0,0.0,0.0,0.0,0.0,0.0,0.0,7.0,0.0,0.0,0.0,0.0,0.0,0.0,0.0,0.0,0.0,0.0,0.0,0.0,0.0,0.0,0.0,0.0,0.0,0.0,0.0,0.0,7.0,0.0,0.0,7.0,0.0,0.0,0.0,0.0,0.0,0.0,0.0,0.0,0.0,0.0,0.0,0.0,"Jan 19, 2017"
808,2201058.0,24543.0,Babylon,Al-Mahawil,Maghear Village-Al Neel,ناحيه النيل-قريه مغير,32.54707749,44.55910385,9.0,54.0,0.0,0.0,0.0,0.0,0.0,0.0,0.0,0.0,0.0,0.0,0.0,0.0,9.0,0.0,0.0,0.0,0.0,0.0,0.0,9.0,0.0,0.0,0.0,0.0,0.0,0.0,0.0,0.0,0.0,0.0,0.0,0.0,0.0,0.0,0.0,0.0,0.0,0.0,0.0,0.0,0.0,0.0,9.0,0.0,0.0,9.0,0.0,0.0,0.0,0.0,0.0,0.0,0.0,0.0,0.0,0.0,"Jan 19, 2017"
809,2201059.0,23939.0,Babylon,Al-Mahawil,Qalat Al Naeb,قلعة النائب,32.60287507,44.41478248,5.0,30.0,5.0,0.0,0.0,0.0,0.0,0.0,0.0,0.0,0.0,0.0,0.0,0.0,0.0,0.0,0.0,0.0,0.0,0.0,0.0,0.0,0.0,0.0,0.0,0.0,0.0,0.0,5.0,0.0,0.0,5.0,0.0,0.0,0.0,0.0,0.0,0.0,0.0,0.0,3.0,0.0,0.0,3.0,0.0,0.0,0.0,0.0,2.0,0.0,0.0,2.0,0.0,0.0,0.0,0.0,0.0,0.0,"Jan 19, 2017"
810,2201060.0,22527.0,Babylon,Al-Mahawil,Qaryat Al Haidery,الحيدري,32.736443,44.569351,2.0,12.0,0.0,0.0,2.0,0.0,0.0,0.0,0.0,0.0,0.0,0.0,0.0,0.0,0.0,0.0,0.0,0.0,0.0,0.0,0.0,0.0,0.0,0.0,0.0,0.0,0.0,0.0,2.0,0.0,0.0,2.0,0.0,0.0,0.0,0.0,0.0,0.0,0.0,0.0,0.0,0.0,0.0,0.0,0.0,0.0,2.0,0.0,0.0,2.0,0.0,0.0,0.0,0.0,0.0,0.0,0.0,0.0,"Jan 19, 2017"
811,2201061.0,6459.0,Babylon,Al-Mahawil,Sabbaghiyah,ناحية الامام-الصباغية,32.65503955,44.4741852,5.0,30.0,5.0,0.0,0.0,0.0,0.0,0.0,0.0,0.0,0.0,0.0,0.0,0.0,0.0,0.0,0.0,0.0,0.0,0.0,0.0,0.0,0.0,0.0,0.0,0.0,0.0,0.0,5.0,0.0,0.0,5.0,0.0,0.0,0.0,0.0,0.0,0.0,0.0,0.0,0.0,0.0,0.0,0.0,0.0,0.0,0.0,0.0,5.0,0.0,0.0,5.0,0.0,0.0,0.0,0.0,0.0,0.0,"Jan 19, 2017"
812,2201062.0,24518.0,Babylon,Al-Mahawil,Sreadib,ناحيه النيل-سريديب,32.54394664,44.64330115,10.0,60.0,0.0,0.0,0.0,0.0,0.0,0.0,0.0,0.0,0.0,0.0,0.0,0.0,10.0,0.0,0.0,0.0,0.0,0.0,0.0,6.0,0.0,0.0,0.0,0.0,0.0,0.0,0.0,0.0,0.0,0.0,0.0,0.0,4.0,0.0,0.0,4.0,0.0,0.0,0.0,0.0,10.0,0.0,0.0,10.0,0.0,0.0,0.0,0.0,0.0,0.0,0.0,0.0,0.0,0.0,0.0,0.0,"Jan 19, 2017"
813,2201064.0,23960.0,Babylon,Al-Mahawil,Al Sayahiyah,الصياحية,32.55947881,44.47121255,9.0,54.0,9.0,0.0,0.0,0.0,0.0,0.0,0.0,0.0,0.0,0.0,0.0,0.0,0.0,0.0,0.0,0.0,0.0,0.0,0.0,0.0,0.0,0.0,0.0,0.0,0.0,0.0,9.0,0.0,0.0,9.0,0.0,0.0,0.0,0.0,0.0,0.0,0.0,0.0,0.0,0.0,0.0,0.0,0.0,0.0,0.0,0.0,9.0,0.0,0.0,9.0,0.0,0.0,0.0,0.0,0.0,0.0,"Jan 19, 2017"
814,2201065.0,7169.0,Babylon,Al-Mahawil,Hay Al Zahraa,حي الزهراء-المركز-,32.6490706604,44.4059836563,5.0,30.0,3.0,0.0,0.0,0.0,0.0,0.0,0.0,0.0,0.0,0.0,0.0,0.0,2.0,0.0,0.0,0.0,0.0,0.0,0.0,0.0,0.0,0.0,0.0,0.0,0.0,0.0,5.0,0.0,0.0,5.0,0.0,0.0,0.0,0.0,0.0,0.0,0.0,0.0,0.0,0.0,2.0,0.0,0.0,2.0,3.0,0.0,0.0,3.0,0.0,0.0,0.0,0.0,0.0,0.0,0.0,0.0,"Jan 19, 2017"
815,2201066.0,26094.0,Babylon,Al-Mahawil,Hay Al-Jamhoreiah,حي الجمهوري,32.6616446883,44.400338835,18.0,108.0,18.0,0.0,0.0,0.0,0.0,0.0,0.0,0.0,0.0,0.0,0.0,0.0,0.0,0.0,0.0,0.0,0.0,0.0,0.0,0.0,0.0,0.0,0.0,0.0,0.0,0.0,18.0,0.0,0.0,18.0,0.0,0.0,0.0,0.0,0.0,0.0,0.0,0.0,0.0,0.0,0.0,0.0,0.0,0.0,12.0,0.0,6.0,12.0,0.0,6.0,0.0,0.0,0.0,0.0,0.0,0.0,"Jan 19, 2017"
816,2201067.0,26095.0,Babylon,Al-Mahawil,Hay Al-Mualmeen,حي المعلمين,32.65214205,44.40805743,3.0,18.0,3.0,0.0,0.0,0.0,0.0,0.0,0.0,0.0,0.0,0.0,0.0,0.0,0.0,0.0,0.0,0.0,0.0,0.0,0.0,0.0,0.0,0.0,0.0,0.0,0.0,0.0,3.0,0.0,0.0,3.0,0.0,0.0,0.0,0.0,0.0,0.0,0.0,0.0,0.0,0.0,0.0,0.0,0.0,0.0,2.0,0.0,1.0,2.0,0.0,1.0,0.0,0.0,0.0,0.0,0.0,0.0,"Jan 19, 2017"
817,2201068.0,26096.0,Babylon,Al-Mahawil,Hay Al-Noor,حي النور,32.6477539631,44.4086858828,6.0,36.0,6.0,0.0,0.0,0.0,0.0,0.0,0.0,0.0,0.0,0.0,0.0,0.0,0.0,0.0,0.0,0.0,0.0,0.0,0.0,0.0,0.0,0.0,0.0,0.0,0.0,0.0,6.0,0.0,0.0,6.0,0.0,0.0,0.0,0.0,0.0,0.0,0.0,0.0,0.0,0.0,0.0,0.0,0.0,0.0,0.0,0.0,6.0,0.0,0.0,6.0,0.0,0.0,0.0,0.0,0.0,0.0,"Jan 19, 2017"
818,2201070.0,7205.0,Babylon,Al-Mahawil,Hay Al-Jawadein,حي الجوادين,32.65893827,44.40941932,5.0,30.0,5.0,0.0,0.0,0.0,0.0,0.0,0.0,0.0,0.0,0.0,0.0,0.0,0.0,0.0,0.0,0.0,0.0,0.0,0.0,0.0,0.0,0.0,0.0,0.0,0.0,0.0,5.0,0.0,0.0,5.0,0.0,0.0,0.0,0.0,0.0,0.0,0.0,0.0,0.0,0.0,0.0,0.0,0.0,0.0,5.0,0.0,0.0,5.0,0.0,0.0,0.0,0.0,0.0,0.0,0.0,0.0,"Jan 19, 2017"
819,2201072.0,28455.0,Babylon,Al-Mahawil,Hay Al Rasool,حي الرسول,32.6505578057,44.4092517323,7.0,42.0,1.0,2.0,0.0,0.0,0.0,0.0,0.0,0.0,0.0,0.0,0.0,0.0,2.0,0.0,2.0,0.0,0.0,0.0,0.0,0.0,0.0,0.0,0.0,0.0,0.0,0.0,7.0,0.0,0.0,7.0,0.0,0.0,0.0,0.0,0.0,0.0,0.0,0.0,0.0,0.0,2.0,0.0,2.0,2.0,1.0,2.0,0.0,1.0,0.0,0.0,2.0,0.0,0.0,2.0,0.0,0.0,"Jan 19, 2017"
820,2201073.0,29509.0,Babylon,Al-Mahawil,Hay Al-Ameer-Al Niel,حي الامير-النيل,32.5405671155,44.5471588539,11.0,66.0,9.0,0.0,0.0,0.0,0.0,0.0,0.0,0.0,0.0,0.0,0.0,0.0,2.0,0.0,0.0,0.0,0.0,0.0,0.0,0.0,0.0,0.0,0.0,0.0,0.0,0.0,11.0,0.0,0.0,11.0,0.0,0.0,0.0,0.0,0.0,0.0,0.0,0.0,0.0,0.0,9.0,0.0,0.0,9.0,0.0,0.0,2.0,0.0,0.0,2.0,0.0,0.0,0.0,0.0,0.0,0.0,"Jan 19, 2017"
821,2201074.0,29518.0,Babylon,Al-Mahawil,Hay Al-Neil,حي النيل,32.5420590071,44.54949919,11.0,66.0,2.0,0.0,0.0,0.0,0.0,0.0,0.0,0.0,0.0,0.0,0.0,0.0,9.0,0.0,0.0,0.0,0.0,0.0,0.0,0.0,0.0,0.0,0.0,0.0,0.0,0.0,11.0,0.0,0.0,11.0,0.0,0.0,0.0,0.0,0.0,0.0,0.0,0.0,0.0,0.0,9.0,0.0,0.0,9.0,2.0,0.0,0.0,2.0,0.0,0.0,0.0,0.0,0.0,0.0,0.0,0.0,"Jan 19, 2017"
822,2201075.0,29510.0,Babylon,Al-Mahawil,Hay Al-Murtadha,حي المرتضى,32.5410519798,44.5440999202,4.0,24.0,2.0,0.0,0.0,0.0,0.0,0.0,0.0,0.0,1.0,0.0,0.0,0.0,1.0,0.0,0.0,0.0,0.0,0.0,0.0,0.0,0.0,0.0,0.0,0.0,0.0,0.0,4.0,0.0,0.0,4.0,0.0,0.0,0.0,0.0,0.0,0.0,0.0,0.0,0.0,0.0,2.0,0.0,0.0,2.0,2.0,0.0,0.0,2.0,0.0,0.0,0.0,0.0,0.0,0.0,0.0,0.0,"Jan 19, 2017"
823,2201076.0,29511.0,Babylon,Al-Mahawil,Hay Al-Karama,حي الكرامة,32.5422031228,44.5498075632,20.0,120.0,5.0,0.0,0.0,0.0,0.0,0.0,0.0,0.0,0.0,0.0,0.0,0.0,15.0,0.0,0.0,0.0,0.0,0.0,0.0,0.0,0.0,0.0,0.0,0.0,0.0,0.0,20.0,0.0,0.0,20.0,0.0,0.0,0.0,0.0,0.0,0.0,0.0,0.0,0.0,0.0,15.0,0.0,0.0,15.0,5.0,0.0,0.0,5.0,0.0,0.0,0.0,0.0,0.0,0.0,0.0,0.0,"Jan 19, 2017"
824,2201077.0,29512.0,Babylon,Al-Mahawil,Hay Al-Mwadhafeen,حي الموظفين,32.54331234,44.54243658,3.0,18.0,0.0,0.0,0.0,0.0,0.0,0.0,0.0,0.0,0.0,0.0,0.0,0.0,3.0,0.0,0.0,0.0,0.0,0.0,0.0,3.0,0.0,0.0,0.0,0.0,0.0,0.0,0.0,0.0,0.0,0.0,0.0,0.0,0.0,0.0,0.0,0.0,0.0,0.0,0.0,0.0,3.0,0.0,0.0,3.0,0.0,0.0,0.0,0.0,0.0,0.0,0.0,0.0,0.0,0.0,0.0,0.0,"Jan 19, 2017"
825,2201078.0,29566.0,Babylon,Al-Mahawil,Sayed Sadiq village,قرية سيد صادق,32.65628707,44.37647986,5.0,30.0,5.0,0.0,0.0,0.0,0.0,0.0,0.0,0.0,0.0,0.0,0.0,0.0,0.0,0.0,0.0,0.0,0.0,0.0,0.0,5.0,0.0,0.0,0.0,0.0,0.0,0.0,0.0,0.0,0.0,0.0,0.0,0.0,0.0,0.0,0.0,0.0,0.0,0.0,0.0,0.0,0.0,0.0,0.0,0.0,5.0,0.0,0.0,5.0,0.0,0.0,0.0,0.0,0.0,0.0,0.0,0.0,"Jan 19, 2017"
826,2201079.0,29578.0,Babylon,Al-Mahawil,Al Mansoory,المنصوري,32.7489960952,44.4158380559,20.0,120.0,6.0,6.0,0.0,0.0,0.0,0.0,0.0,0.0,0.0,0.0,0.0,0.0,0.0,0.0,8.0,0.0,0.0,0.0,0.0,13.0,0.0,7.0,0.0,0.0,7.0,0.0,0.0,0.0,0.0,0.0,0.0,0.0,0.0,0.0,0.0,0.0,0.0,0.0,0.0,0.0,6.0,0.0,8.0,6.0,0.0,8.0,6.0,0.0,0.0,6.0,0.0,0.0,0.0,0.0,0.0,0.0,"Jan 19, 2017"
827,2201080.0,29699.0,Babylon,Al-Mahawil,Hay Al Shuhadaa,حي الشهداء,32.6658329039,44.401357426,12.0,72.0,12.0,0.0,0.0,0.0,0.0,0.0,0.0,0.0,0.0,0.0,0.0,0.0,0.0,0.0,0.0,0.0,0.0,0.0,0.0,0.0,0.0,0.0,0.0,0.0,0.0,0.0,12.0,0.0,0.0,12.0,0.0,0.0,0.0,0.0,0.0,0.0,0.0,0.0,0.0,0.0,0.0,0.0,0.0,0.0,10.0,0.0,2.0,10.0,0.0,2.0,0.0,0.0,0.0,0.0,0.0,0.0,"Jan 19, 2017"
828,2202001.0,7128.0,Babylon,Al-Musayab,Abo Luka,ناحيه الاسكندريه-ابولوكه,32.8052636137,44.30276,168.0,1008.0,3.0,150.0,0.0,0.0,0.0,0.0,0.0,0.0,0.0,0.0,0.0,0.0,15.0,0.0,0.0,0.0,0.0,0.0,0.0,50.0,0.0,0.0,0.0,0.0,0.0,0.0,118.0,0.0,0.0,118.0,0.0,0.0,0.0,0.0,0.0,0.0,0.0,0.0,0.0,0.0,85.0,0.0,0.0,85.0,83.0,0.0,0.0,83.0,0.0,0.0,0.0,0.0,0.0,0.0,0.0,0.0,"Jan 19, 2017"
829,2202002.0,24957.0,Babylon,Al-Musayab,Al Abtan,ال عبطان,32.8048976576,44.2690663423,51.0,306.0,0.0,51.0,0.0,0.0,0.0,0.0,0.0,0.0,0.0,0.0,0.0,0.0,0.0,0.0,0.0,0.0,0.0,0.0,0.0,0.0,0.0,0.0,0.0,0.0,0.0,0.0,51.0,0.0,0.0,51.0,0.0,0.0,0.0,0.0,0.0,0.0,0.0,0.0,0.0,0.0,39.0,0.0,12.0,39.0,0.0,12.0,0.0,0.0,0.0,0.0,0.0,0.0,0.0,0.0,0.0,0.0,"Jan 19, 2017"
830,2202003.0,24958.0,Babylon,Al-Musayab,Al Doob,الدوب,32.7601772,44.28268787,1.0,6.0,0.0,1.0,0.0,0.0,0.0,0.0,0.0,0.0,0.0,0.0,0.0,0.0,0.0,0.0,0.0,0.0,0.0,0.0,0.0,0.0,0.0,0.0,0.0,0.0,0.0,0.0,1.0,0.0,0.0,1.0,0.0,0.0,0.0,0.0,0.0,0.0,0.0,0.0,0.0,0.0,1.0,0.0,0.0,1.0,0.0,0.0,0.0,0.0,0.0,0.0,0.0,0.0,0.0,0.0,0.0,0.0,"Jan 19, 2017"
831,2202004.0,24168.0,Babylon,Al-Musayab,Al Ghadeer 2,الغدير 2,32.7839760383,44.2668002911,78.0,468.0,0.0,78.0,0.0,0.0,0.0,0.0,0.0,0.0,0.0,0.0,0.0,0.0,0.0,0.0,0.0,0.0,0.0,0.0,0.0,0.0,0.0,0.0,0.0,0.0,0.0,0.0,78.0,0.0,0.0,78.0,0.0,0.0,0.0,0.0,0.0,0.0,0.0,0.0,0.0,0.0,78.0,0.0,0.0,78.0,0.0,0.0,0.0,0.0,0.0,0.0,0.0,0.0,0.0,0.0,0.0,0.0,"Jan 19, 2017"
832,2202005.0,24164.0,Babylon,Al-Musayab,Al Hamiyah Al Amer Village,الحامية-قرية ال عامر,32.7967754874,44.2722184735,75.0,450.0,0.0,75.0,0.0,0.0,0.0,0.0,0.0,0.0,0.0,0.0,0.0,0.0,0.0,0.0,0.0,0.0,0.0,0.0,0.0,0.0,0.0,0.0,0.0,0.0,0.0,0.0,75.0,0.0,0.0,75.0,0.0,0.0,0.0,0.0,0.0,0.0,0.0,0.0,0.0,0.0,75.0,0.0,0.0,75.0,0.0,0.0,0.0,0.0,0.0,0.0,0.0,0.0,0.0,0.0,0.0,0.0,"Jan 19, 2017"
833,2202006.0,24163.0,Babylon,Al-Musayab,Al Hamiyah-Al Mutaqedin 2,الحامية-المتقاعدين 2,32.8111217837,44.2660015323,49.0,294.0,0.0,49.0,0.0,0.0,0.0,0.0,0.0,0.0,0.0,0.0,0.0,0.0,0.0,0.0,0.0,0.0,0.0,0.0,0.0,0.0,0.0,0.0,0.0,0.0,0.0,0.0,49.0,0.0,0.0,49.0,0.0,0.0,0.0,0.0,0.0,0.0,0.0,0.0,0.0,0.0,49.0,0.0,0.0,49.0,0.0,0.0,0.0,0.0,0.0,0.0,0.0,0.0,0.0,0.0,0.0,0.0,"Jan 19, 2017"
834,2202007.0,24165.0,Babylon,Al-Musayab,Al Hamiyah-Oayef village,الحامية-قرية عويف,32.8075118283,44.2674872185,97.0,582.0,0.0,97.0,0.0,0.0,0.0,0.0,0.0,0.0,0.0,0.0,0.0,0.0,0.0,0.0,0.0,0.0,0.0,0.0,0.0,67.0,0.0,0.0,0.0,0.0,0.0,0.0,30.0,0.0,0.0,30.0,0.0,0.0,0.0,0.0,0.0,0.0,0.0,0.0,33.0,0.0,64.0,33.0,0.0,64.0,0.0,0.0,0.0,0.0,0.0,0.0,0.0,0.0,0.0,0.0,0.0,0.0,"Jan 19, 2017"
835,2202008.0,24296.0,Babylon,Al-Musayab,Al Iskandariyah Area-Mowelha,ناحية الاسكندرية-مويلحة,32.87783,44.41548,34.0,204.0,0.0,34.0,0.0,0.0,0.0,0.0,0.0,0.0,0.0,0.0,0.0,0.0,0.0,0.0,0.0,0.0,0.0,0.0,0.0,34.0,0.0,0.0,0.0,0.0,0.0,0.0,0.0,0.0,0.0,0.0,0.0,0.0,0.0,0.0,0.0,0.0,0.0,0.0,0.0,0.0,34.0,0.0,0.0,34.0,0.0,0.0,0.0,0.0,0.0,0.0,0.0,0.0,0.0,0.0,0.0,0.0,"Jan 19, 2017"
836,2202011.0,23944.0,Babylon,Al-Musayab,Al Reef Al Zaher,السدة-الريف الزاهر,32.720812,44.268973,13.0,78.0,13.0,0.0,0.0,0.0,0.0,0.0,0.0,0.0,0.0,0.0,0.0,0.0,0.0,0.0,0.0,0.0,0.0,0.0,0.0,6.0,0.0,0.0,0.0,0.0,0.0,0.0,7.0,0.0,0.0,7.0,0.0,0.0,0.0,0.0,0.0,0.0,0.0,0.0,0.0,0.0,0.0,0.0,6.0,0.0,0.0,6.0,7.0,0.0,0.0,7.0,0.0,0.0,0.0,0.0,0.0,0.0,"Jan 19, 2017"
837,2202012.0,24570.0,Babylon,Al-Musayab,Al Sadda-Um Al Hamam,ناحيه السده-ام الحمام,32.713297,44.261769,11.0,66.0,0.0,0.0,0.0,0.0,0.0,0.0,0.0,0.0,0.0,0.0,0.0,0.0,11.0,0.0,0.0,0.0,0.0,0.0,0.0,5.0,0.0,0.0,0.0,0.0,0.0,0.0,6.0,0.0,0.0,6.0,0.0,0.0,0.0,0.0,0.0,0.0,0.0,0.0,0.0,0.0,11.0,0.0,0.0,11.0,0.0,0.0,0.0,0.0,0.0,0.0,0.0,0.0,0.0,0.0,0.0,0.0,"Jan 19, 2017"
838,2202014.0,7127.0,Babylon,Al-Musayab,Al-Iskandaria-Al Intesar,ناحية الاسكندريه-الانتصار,32.87355195,44.38549737,5.0,30.0,4.0,1.0,0.0,0.0,0.0,0.0,0.0,0.0,0.0,0.0,0.0,0.0,0.0,0.0,0.0,0.0,0.0,0.0,0.0,0.0,0.0,0.0,0.0,0.0,0.0,0.0,5.0,0.0,0.0,5.0,0.0,0.0,0.0,0.0,0.0,0.0,0.0,0.0,0.0,0.0,1.0,0.0,0.0,1.0,0.0,0.0,4.0,0.0,0.0,4.0,0.0,0.0,0.0,0.0,0.0,0.0,"Jan 19, 2017"
839,2202015.0,25613.0,Babylon,Al-Musayab,Al-Iskandaria-Hay Al-Muthana,حي المثنى,32.8842967483,44.386538273,27.0,162.0,0.0,22.0,2.0,0.0,0.0,0.0,0.0,0.0,0.0,0.0,0.0,0.0,0.0,0.0,3.0,0.0,0.0,0.0,0.0,0.0,0.0,0.0,0.0,0.0,0.0,0.0,27.0,0.0,0.0,27.0,0.0,0.0,0.0,0.0,0.0,0.0,0.0,0.0,0.0,0.0,27.0,0.0,0.0,27.0,0.0,0.0,0.0,0.0,0.0,0.0,0.0,0.0,0.0,0.0,0.0,0.0,"Jan 19, 2017"
840,2202016.0,25768.0,Babylon,Al-Musayab,Al-Iskandaria-Shawara AlKhudhir,شوارع الخضر,32.8857575228,44.3475359892,64.0,384.0,5.0,59.0,0.0,0.0,0.0,0.0,0.0,0.0,0.0,0.0,0.0,0.0,0.0,0.0,0.0,0.0,0.0,0.0,0.0,0.0,0.0,0.0,0.0,0.0,0.0,0.0,64.0,0.0,0.0,64.0,0.0,0.0,0.0,0.0,0.0,0.0,0.0,0.0,0.0,0.0,59.0,0.0,0.0,59.0,0.0,0.0,5.0,0.0,0.0,5.0,0.0,0.0,0.0,0.0,0.0,0.0,"Jan 19, 2017"
841,2202017.0,24652.0,Babylon,Al-Musayab,Al-Jazirah-Al Eskandariya,ناحيه الاسكندريه-الجزيره,32.9272,44.3502,37.0,222.0,0.0,37.0,0.0,0.0,0.0,0.0,0.0,0.0,0.0,0.0,0.0,0.0,0.0,0.0,0.0,0.0,0.0,0.0,0.0,0.0,0.0,0.0,0.0,0.0,0.0,0.0,37.0,0.0,0.0,37.0,0.0,0.0,0.0,0.0,0.0,0.0,0.0,0.0,0.0,0.0,37.0,0.0,0.0,37.0,0.0,0.0,0.0,0.0,0.0,0.0,0.0,0.0,0.0,0.0,0.0,0.0,"Jan 19, 2017"
842,2202019.0,24430.0,Babylon,Al-Musayab,Alshejairea-Al Sada,ناحيه السده-قريه الشجيريه,32.68004143,44.25278929,3.0,18.0,0.0,0.0,3.0,0.0,0.0,0.0,0.0,0.0,0.0,0.0,0.0,0.0,0.0,0.0,0.0,0.0,0.0,0.0,0.0,3.0,0.0,0.0,0.0,0.0,0.0,0.0,0.0,0.0,0.0,0.0,0.0,0.0,0.0,0.0,0.0,0.0,0.0,0.0,0.0,0.0,3.0,0.0,0.0,3.0,0.0,0.0,0.0,0.0,0.0,0.0,0.0,0.0,0.0,0.0,0.0,0.0,"Jan 19, 2017"
843,2202020.0,24166.0,Babylon,Al-Musayab,Al-Shoyokh,الشيوخ,32.7782243115,44.2870224791,10.0,60.0,1.0,6.0,0.0,0.0,0.0,0.0,0.0,0.0,0.0,0.0,0.0,0.0,3.0,0.0,0.0,0.0,0.0,0.0,0.0,0.0,0.0,0.0,0.0,0.0,0.0,0.0,10.0,0.0,0.0,10.0,0.0,0.0,0.0,0.0,0.0,0.0,0.0,0.0,0.0,0.0,3.0,0.0,6.0,3.0,1.0,6.0,0.0,1.0,0.0,0.0,0.0,0.0,0.0,0.0,0.0,0.0,"Jan 19, 2017"
844,2202021.0,24569.0,Babylon,Al-Musayab,Al-Sikak 2,السكك-2,32.7836911382,44.2929972741,11.0,66.0,0.0,6.0,0.0,0.0,0.0,0.0,0.0,0.0,0.0,0.0,0.0,0.0,1.0,0.0,4.0,0.0,0.0,0.0,0.0,0.0,0.0,0.0,0.0,0.0,0.0,0.0,11.0,0.0,0.0,11.0,0.0,0.0,0.0,0.0,0.0,0.0,0.0,0.0,0.0,0.0,1.0,0.0,10.0,1.0,0.0,10.0,0.0,0.0,0.0,0.0,0.0,0.0,0.0,0.0,0.0,0.0,"Jan 19, 2017"
845,2202023.0,6376.0,Babylon,Al-Musayab,Awlad Kazim,اولاد كاظم,32.70213213,44.32293,17.0,102.0,0.0,7.0,10.0,0.0,0.0,0.0,0.0,0.0,0.0,0.0,0.0,0.0,0.0,0.0,0.0,0.0,0.0,0.0,0.0,17.0,0.0,0.0,0.0,0.0,0.0,0.0,0.0,0.0,0.0,0.0,0.0,0.0,0.0,0.0,0.0,0.0,0.0,0.0,0.0,0.0,7.0,0.0,10.0,7.0,0.0,10.0,0.0,0.0,0.0,0.0,0.0,0.0,0.0,0.0,0.0,0.0,"Jan 19, 2017"
846,2202024.0,24649.0,Babylon,Al-Musayab,Hay Aday-Al Eskandariya,ناحيه الاسكندريه-حي عداي,32.8860413901,44.38904,108.0,648.0,0.0,108.0,0.0,0.0,0.0,0.0,0.0,0.0,0.0,0.0,0.0,0.0,0.0,0.0,0.0,0.0,0.0,0.0,0.0,0.0,0.0,0.0,0.0,0.0,0.0,0.0,108.0,0.0,0.0,108.0,0.0,0.0,0.0,0.0,0.0,0.0,0.0,0.0,0.0,0.0,108.0,0.0,0.0,108.0,0.0,0.0,0.0,0.0,0.0,0.0,0.0,0.0,0.0,0.0,0.0,0.0,"Jan 19, 2017"
847,2202025.0,24177.0,Babylon,Al-Musayab,Hay Al Amer,حي الامير,32.7881563141,44.2737293235,25.0,150.0,0.0,25.0,0.0,0.0,0.0,0.0,0.0,0.0,0.0,0.0,0.0,0.0,0.0,0.0,0.0,0.0,0.0,0.0,0.0,0.0,0.0,0.0,0.0,0.0,0.0,0.0,25.0,0.0,0.0,25.0,0.0,0.0,0.0,0.0,0.0,0.0,0.0,0.0,0.0,0.0,25.0,0.0,0.0,25.0,0.0,0.0,0.0,0.0,0.0,0.0,0.0,0.0,0.0,0.0,0.0,0.0,"Jan 19, 2017"
848,2202026.0,24707.0,Babylon,Al-Musayab,Hay Al Ataba,حي الاطباء,32.7905530432,44.2772247778,130.0,780.0,0.0,130.0,0.0,0.0,0.0,0.0,0.0,0.0,0.0,0.0,0.0,0.0,0.0,0.0,0.0,0.0,0.0,0.0,0.0,0.0,0.0,0.0,0.0,0.0,0.0,0.0,130.0,0.0,0.0,130.0,0.0,0.0,0.0,0.0,0.0,0.0,0.0,0.0,0.0,0.0,130.0,0.0,0.0,130.0,0.0,0.0,0.0,0.0,0.0,0.0,0.0,0.0,0.0,0.0,0.0,0.0,"Jan 19, 2017"
849,2202027.0,24959.0,Babylon,Al-Musayab,Hay Al Baladea,حي البلديه,32.7787852542,44.2844842695,8.0,48.0,0.0,8.0,0.0,0.0,0.0,0.0,0.0,0.0,0.0,0.0,0.0,0.0,0.0,0.0,0.0,0.0,0.0,0.0,0.0,0.0,0.0,0.0,0.0,0.0,0.0,0.0,8.0,0.0,0.0,8.0,0.0,0.0,0.0,0.0,0.0,0.0,0.0,0.0,0.0,0.0,0.0,0.0,8.0,0.0,0.0,8.0,0.0,0.0,0.0,0.0,0.0,0.0,0.0,0.0,0.0,0.0,"Jan 19, 2017"
850,2202029.0,24169.0,Babylon,Al-Musayab,Hay Al Ghadeer 4,الغدير 4,32.7773309423,44.2640133499,77.0,462.0,1.0,76.0,0.0,0.0,0.0,0.0,0.0,0.0,0.0,0.0,0.0,0.0,0.0,0.0,0.0,0.0,0.0,0.0,0.0,0.0,0.0,0.0,0.0,0.0,0.0,0.0,77.0,0.0,0.0,77.0,0.0,0.0,0.0,0.0,0.0,0.0,0.0,0.0,0.0,0.0,76.0,0.0,0.0,76.0,1.0,0.0,0.0,1.0,0.0,0.0,0.0,0.0,0.0,0.0,0.0,0.0,"Jan 19, 2017"
851,2202030.0,24982.0,Babylon,Al-Musayab,Hay Al Moatnen 2,حي المواطنين 2,32.7863278944,44.2670964565,150.0,900.0,0.0,150.0,0.0,0.0,0.0,0.0,0.0,0.0,0.0,0.0,0.0,0.0,0.0,0.0,0.0,0.0,0.0,0.0,0.0,0.0,0.0,0.0,0.0,0.0,0.0,0.0,150.0,0.0,0.0,150.0,0.0,0.0,0.0,0.0,0.0,0.0,0.0,0.0,0.0,0.0,70.0,0.0,80.0,70.0,0.0,80.0,0.0,0.0,0.0,0.0,0.0,0.0,0.0,0.0,0.0,0.0,"Jan 19, 2017"
852,2202031.0,24171.0,Babylon,Al-Musayab,Hay Al Moatnen 3,حي المواطنين 3,32.7835503576,44.2664189862,145.0,870.0,0.0,145.0,0.0,0.0,0.0,0.0,0.0,0.0,0.0,0.0,0.0,0.0,0.0,0.0,0.0,0.0,0.0,0.0,0.0,0.0,0.0,0.0,0.0,0.0,0.0,0.0,145.0,0.0,0.0,145.0,0.0,0.0,0.0,0.0,0.0,0.0,0.0,0.0,0.0,0.0,77.0,0.0,68.0,77.0,0.0,68.0,0.0,0.0,0.0,0.0,0.0,0.0,0.0,0.0,0.0,0.0,"Jan 19, 2017"
853,2202032.0,24648.0,Babylon,Al-Musayab,Hay Al Quds-Al Eskandariya,ناحيه الاسكندريه-حي القدس,32.8787304403,44.3838654631,10.0,60.0,0.0,10.0,0.0,0.0,0.0,0.0,0.0,0.0,0.0,0.0,0.0,0.0,0.0,0.0,0.0,0.0,0.0,0.0,0.0,0.0,0.0,0.0,0.0,0.0,0.0,0.0,10.0,0.0,0.0,10.0,0.0,0.0,0.0,0.0,0.0,0.0,0.0,0.0,0.0,0.0,10.0,0.0,0.0,10.0,0.0,0.0,0.0,0.0,0.0,0.0,0.0,0.0,0.0,0.0,0.0,0.0,"Jan 19, 2017"
854,2202033.0,24706.0,Babylon,Al-Musayab,Hay Al Ray,ناحيه السده-حي الري,32.7077164635,44.2702458394,7.0,42.0,0.0,6.0,0.0,0.0,0.0,0.0,0.0,0.0,0.0,0.0,0.0,0.0,1.0,0.0,0.0,0.0,0.0,0.0,0.0,0.0,0.0,0.0,0.0,0.0,0.0,0.0,7.0,0.0,0.0,7.0,0.0,0.0,0.0,0.0,0.0,0.0,0.0,0.0,0.0,0.0,0.0,0.0,7.0,0.0,0.0,7.0,0.0,0.0,0.0,0.0,0.0,0.0,0.0,0.0,0.0,0.0,"Jan 19, 2017"
855,2202034.0,24170.0,Babylon,Al-Musayab,Hay Al Shurta,حي الشرطة,32.7869417024,44.275270025,28.0,168.0,0.0,28.0,0.0,0.0,0.0,0.0,0.0,0.0,0.0,0.0,0.0,0.0,0.0,0.0,0.0,0.0,0.0,0.0,0.0,0.0,0.0,0.0,0.0,0.0,0.0,0.0,28.0,0.0,0.0,28.0,0.0,0.0,0.0,0.0,0.0,0.0,0.0,0.0,0.0,0.0,28.0,0.0,0.0,28.0,0.0,0.0,0.0,0.0,0.0,0.0,0.0,0.0,0.0,0.0,0.0,0.0,"Jan 19, 2017"
856,2202035.0,24653.0,Babylon,Al-Musayab,Hay Al-Anwar-Al Eskandariya,ناحيه الاسكندريه-حي الانوار,32.8757571957,44.38625,27.0,162.0,0.0,25.0,2.0,0.0,0.0,0.0,0.0,0.0,0.0,0.0,0.0,0.0,0.0,0.0,0.0,0.0,0.0,0.0,0.0,0.0,0.0,0.0,0.0,0.0,0.0,0.0,27.0,0.0,0.0,27.0,0.0,0.0,0.0,0.0,0.0,0.0,0.0,0.0,0.0,0.0,5.0,0.0,22.0,5.0,0.0,22.0,0.0,0.0,0.0,0.0,0.0,0.0,0.0,0.0,0.0,0.0,"Jan 19, 2017"
857,2202036.0,24985.0,Babylon,Al-Musayab,Hay Alaskarey,ناحيه الاسكندريه-حي العسكري,32.882584833,44.3480936461,89.0,534.0,0.0,89.0,0.0,0.0,0.0,0.0,0.0,0.0,0.0,0.0,0.0,0.0,0.0,0.0,0.0,0.0,0.0,0.0,0.0,0.0,0.0,0.0,0.0,0.0,0.0,0.0,89.0,0.0,0.0,89.0,0.0,0.0,0.0,0.0,0.0,0.0,0.0,0.0,0.0,0.0,89.0,0.0,0.0,89.0,0.0,0.0,0.0,0.0,0.0,0.0,0.0,0.0,0.0,0.0,0.0,0.0,"Jan 19, 2017"
858,2202037.0,24983.0,Babylon,Al-Musayab,Hay Alaskary-AlThaghet,حي العسكري-الضغط,32.7897296354,44.2655341516,129.0,774.0,0.0,129.0,0.0,0.0,0.0,0.0,0.0,0.0,0.0,0.0,0.0,0.0,0.0,0.0,0.0,0.0,0.0,0.0,0.0,0.0,0.0,0.0,0.0,0.0,0.0,0.0,129.0,0.0,0.0,129.0,0.0,0.0,0.0,0.0,0.0,0.0,0.0,0.0,0.0,0.0,0.0,0.0,129.0,0.0,0.0,129.0,0.0,0.0,0.0,0.0,0.0,0.0,0.0,0.0,0.0,0.0,"Jan 19, 2017"
859,2202038.0,7001.0,Babylon,Al-Musayab,Hay al-hussein,حي الحسين,32.779051,44.298046,3.0,18.0,0.0,0.0,0.0,0.0,0.0,0.0,0.0,0.0,0.0,0.0,0.0,0.0,3.0,0.0,0.0,0.0,0.0,0.0,0.0,3.0,0.0,0.0,0.0,0.0,0.0,0.0,0.0,0.0,0.0,0.0,0.0,0.0,0.0,0.0,0.0,0.0,0.0,0.0,0.0,0.0,3.0,0.0,0.0,3.0,0.0,0.0,0.0,0.0,0.0,0.0,0.0,0.0,0.0,0.0,0.0,0.0,"Jan 19, 2017"
860,2202039.0,6951.0,Babylon,Al-Musayab,Hay Al-Jamhoreiah,الجمهوريه,32.7754051004,44.2885285632,21.0,126.0,1.0,20.0,0.0,0.0,0.0,0.0,0.0,0.0,0.0,0.0,0.0,0.0,0.0,0.0,0.0,0.0,0.0,0.0,0.0,0.0,0.0,0.0,0.0,0.0,0.0,0.0,21.0,0.0,0.0,21.0,0.0,0.0,0.0,0.0,0.0,0.0,0.0,0.0,0.0,0.0,1.0,0.0,20.0,1.0,0.0,20.0,0.0,0.0,0.0,0.0,0.0,0.0,0.0,0.0,0.0,0.0,"Jan 19, 2017"
861,2202040.0,24955.0,Babylon,Al-Musayab,Hay Almualmeen 1,حي المعلمين 1,32.7665906094,44.2883962594,31.0,186.0,5.0,26.0,0.0,0.0,0.0,0.0,0.0,0.0,0.0,0.0,0.0,0.0,0.0,0.0,0.0,0.0,0.0,0.0,0.0,0.0,0.0,0.0,0.0,0.0,0.0,0.0,31.0,0.0,0.0,31.0,0.0,0.0,0.0,0.0,0.0,0.0,0.0,0.0,0.0,0.0,0.0,0.0,26.0,0.0,5.0,26.0,0.0,5.0,0.0,0.0,0.0,0.0,0.0,0.0,0.0,0.0,"Jan 19, 2017"
862,2202041.0,24956.0,Babylon,Al-Musayab,Hay Almualmeen 2,حي المعلمين 2,32.7643236816,44.2859287203,9.0,54.0,3.0,6.0,0.0,0.0,0.0,0.0,0.0,0.0,0.0,0.0,0.0,0.0,0.0,0.0,0.0,0.0,0.0,0.0,0.0,0.0,0.0,0.0,0.0,0.0,0.0,0.0,9.0,0.0,0.0,9.0,0.0,0.0,0.0,0.0,0.0,0.0,0.0,0.0,0.0,0.0,0.0,0.0,6.0,0.0,3.0,6.0,0.0,3.0,0.0,0.0,0.0,0.0,0.0,0.0,0.0,0.0,"Jan 19, 2017"
863,2202042.0,24981.0,Babylon,Al-Musayab,Hay Almualmeen 3,حي المعلمين 3,32.7608692915,44.2830022642,7.0,42.0,1.0,4.0,0.0,0.0,0.0,0.0,0.0,0.0,0.0,0.0,0.0,0.0,2.0,0.0,0.0,0.0,0.0,0.0,0.0,0.0,0.0,0.0,0.0,0.0,0.0,0.0,7.0,0.0,0.0,7.0,0.0,0.0,0.0,0.0,0.0,0.0,0.0,0.0,0.0,0.0,2.0,0.0,4.0,2.0,1.0,4.0,0.0,1.0,0.0,0.0,0.0,0.0,0.0,0.0,0.0,0.0,"Jan 19, 2017"
864,2202043.0,7196.0,Babylon,Al-Musayab,Hay Al-Mustafa,حي المصطفى,32.7548168146,44.2803732509,25.0,150.0,3.0,22.0,0.0,0.0,0.0,0.0,0.0,0.0,0.0,0.0,0.0,0.0,0.0,0.0,0.0,0.0,0.0,0.0,0.0,0.0,0.0,0.0,0.0,0.0,0.0,0.0,25.0,0.0,0.0,25.0,0.0,0.0,0.0,0.0,0.0,0.0,0.0,0.0,0.0,0.0,22.0,0.0,0.0,22.0,3.0,0.0,0.0,3.0,0.0,0.0,0.0,0.0,0.0,0.0,0.0,0.0,"Jan 19, 2017"
865,2202045.0,24984.0,Babylon,Al-Musayab,Hay Al-Rafedain,ناحيه الاسكندريه-حي الرافدين,32.8829009904,44.3419073119,100.0,600.0,0.0,100.0,0.0,0.0,0.0,0.0,0.0,0.0,0.0,0.0,0.0,0.0,0.0,0.0,0.0,0.0,0.0,0.0,0.0,0.0,0.0,0.0,0.0,0.0,0.0,0.0,100.0,0.0,0.0,100.0,0.0,0.0,0.0,0.0,0.0,0.0,0.0,0.0,0.0,0.0,100.0,0.0,0.0,100.0,0.0,0.0,0.0,0.0,0.0,0.0,0.0,0.0,0.0,0.0,0.0,0.0,"Jan 19, 2017"
866,2202046.0,24654.0,Babylon,Al-Musayab,Hay Al-Risalah-Al Eskandariya,ناحيه الاسكندريه-حي الرساله,32.8900411239,44.3505435886,7.0,42.0,0.0,2.0,5.0,0.0,0.0,0.0,0.0,0.0,0.0,0.0,0.0,0.0,0.0,0.0,0.0,0.0,0.0,0.0,0.0,0.0,0.0,0.0,0.0,0.0,0.0,0.0,7.0,0.0,0.0,7.0,0.0,0.0,0.0,0.0,0.0,0.0,0.0,0.0,0.0,0.0,7.0,0.0,0.0,7.0,0.0,0.0,0.0,0.0,0.0,0.0,0.0,0.0,0.0,0.0,0.0,0.0,"Jan 19, 2017"
867,2202047.0,7240.0,Babylon,Al-Musayab,Hay Al-Sajaad,حي السجاد,32.78656544,44.29426806,11.0,66.0,0.0,11.0,0.0,0.0,0.0,0.0,0.0,0.0,0.0,0.0,0.0,0.0,0.0,0.0,0.0,0.0,0.0,0.0,0.0,0.0,0.0,0.0,0.0,0.0,0.0,0.0,11.0,0.0,0.0,11.0,0.0,0.0,0.0,0.0,0.0,0.0,0.0,0.0,0.0,0.0,0.0,0.0,11.0,0.0,0.0,11.0,0.0,0.0,0.0,0.0,0.0,0.0,0.0,0.0,0.0,0.0,"Jan 19, 2017"
868,2202048.0,6955.0,Babylon,Al-Musayab,Hay Al-Shuhadaa,حي الشهداء,32.8773361882,44.3835013049,37.0,222.0,0.0,37.0,0.0,0.0,0.0,0.0,0.0,0.0,0.0,0.0,0.0,0.0,0.0,0.0,0.0,0.0,0.0,0.0,0.0,0.0,0.0,0.0,0.0,0.0,0.0,0.0,37.0,0.0,0.0,37.0,0.0,0.0,0.0,0.0,0.0,0.0,0.0,0.0,0.0,0.0,0.0,0.0,37.0,0.0,0.0,37.0,0.0,0.0,0.0,0.0,0.0,0.0,0.0,0.0,0.0,0.0,"Jan 19, 2017"
869,2202049.0,7149.0,Babylon,Al-Musayab,Hitten Complex,اسكان حطين,32.8685894833,44.34216,30.0,180.0,15.0,12.0,0.0,0.0,0.0,0.0,0.0,0.0,0.0,0.0,0.0,0.0,2.0,0.0,1.0,0.0,0.0,0.0,0.0,0.0,0.0,0.0,0.0,0.0,0.0,0.0,30.0,0.0,0.0,30.0,0.0,0.0,0.0,0.0,0.0,0.0,0.0,0.0,1.0,0.0,12.0,1.0,2.0,12.0,15.0,2.0,0.0,15.0,0.0,0.0,0.0,0.0,0.0,0.0,0.0,0.0,"Jan 19, 2017"
870,2202050.0,7132.0,Babylon,Al-Musayab,Hur Husaein,هور حسين,32.7817548755,44.2666078286,107.0,642.0,0.0,82.0,0.0,0.0,0.0,0.0,0.0,0.0,0.0,0.0,0.0,0.0,25.0,0.0,0.0,0.0,0.0,0.0,0.0,0.0,0.0,0.0,0.0,0.0,0.0,17.0,90.0,17.0,0.0,90.0,0.0,0.0,0.0,0.0,0.0,0.0,0.0,0.0,0.0,0.0,75.0,0.0,27.0,75.0,5.0,27.0,0.0,5.0,0.0,0.0,0.0,0.0,0.0,0.0,0.0,0.0,"Jan 19, 2017"
871,2202052.0,7126.0,Babylon,Al-Musayab,Al Hamiyah-Al Mutaqedin 1,الحامية-المتقاعدين 1,32.8139300246,44.2642829329,84.0,504.0,0.0,84.0,0.0,0.0,0.0,0.0,0.0,0.0,0.0,0.0,0.0,0.0,0.0,0.0,0.0,0.0,0.0,0.0,0.0,0.0,0.0,0.0,0.0,0.0,0.0,0.0,84.0,0.0,0.0,84.0,0.0,0.0,0.0,0.0,0.0,0.0,0.0,0.0,0.0,0.0,84.0,0.0,0.0,84.0,0.0,0.0,0.0,0.0,0.0,0.0,0.0,0.0,0.0,0.0,0.0,0.0,"Jan 19, 2017"
872,2202053.0,6950.0,Babylon,Al-Musayab,Sadat Al-Ameir,السدة-حي الامير,32.7125903926,44.2776336264,5.0,30.0,0.0,1.0,0.0,0.0,0.0,0.0,0.0,0.0,0.0,0.0,0.0,0.0,4.0,0.0,0.0,0.0,0.0,0.0,0.0,0.0,0.0,0.0,0.0,0.0,0.0,0.0,5.0,0.0,0.0,5.0,0.0,0.0,0.0,0.0,0.0,0.0,0.0,0.0,2.0,0.0,0.0,2.0,3.0,0.0,0.0,3.0,0.0,0.0,0.0,0.0,0.0,0.0,0.0,0.0,0.0,0.0,"Jan 19, 2017"
873,2202055.0,24172.0,Babylon,Al-Musayab,Saddat Al Zahraa,ناحية السده-حي الزهراء,32.7133511207,44.2926939756,18.0,108.0,2.0,8.0,3.0,0.0,0.0,0.0,0.0,0.0,0.0,0.0,0.0,0.0,5.0,0.0,0.0,0.0,0.0,0.0,0.0,0.0,0.0,0.0,0.0,0.0,0.0,0.0,18.0,0.0,0.0,18.0,0.0,0.0,0.0,0.0,0.0,0.0,0.0,0.0,0.0,0.0,8.0,0.0,8.0,8.0,2.0,8.0,0.0,2.0,0.0,0.0,0.0,0.0,0.0,0.0,0.0,0.0,"Jan 19, 2017"
874,2202056.0,24954.0,Babylon,Al-Musayab,Shara AlSada Alkadeem,شارع السده القديم,32.7764225321,44.2844627036,31.0,186.0,0.0,31.0,0.0,0.0,0.0,0.0,0.0,0.0,0.0,0.0,0.0,0.0,0.0,0.0,0.0,0.0,0.0,0.0,0.0,0.0,0.0,0.0,0.0,0.0,0.0,0.0,31.0,0.0,0.0,31.0,0.0,0.0,0.0,0.0,0.0,0.0,0.0,0.0,0.0,0.0,0.0,0.0,31.0,0.0,0.0,31.0,0.0,0.0,0.0,0.0,0.0,0.0,0.0,0.0,0.0,0.0,"Jan 19, 2017"
875,2202058.0,26098.0,Babylon,Al-Musayab,Al Qasabah Al Kadimah-Al-Iskandaria-,القصبه القديمه-الاسكندرية-,32.8880746221,44.3476433524,30.0,180.0,2.0,26.0,0.0,0.0,0.0,0.0,0.0,0.0,0.0,0.0,0.0,0.0,2.0,0.0,0.0,0.0,0.0,0.0,0.0,0.0,0.0,0.0,0.0,0.0,0.0,0.0,30.0,0.0,0.0,30.0,0.0,0.0,0.0,0.0,0.0,0.0,0.0,0.0,0.0,0.0,28.0,0.0,0.0,28.0,2.0,0.0,0.0,2.0,0.0,0.0,0.0,0.0,0.0,0.0,0.0,0.0,"Jan 19, 2017"
876,2202059.0,26097.0,Babylon,Al-Musayab,Awlad Muslim,اولاد مسلم,32.7833020985,44.296903064,4.0,24.0,0.0,1.0,1.0,0.0,0.0,0.0,0.0,0.0,0.0,0.0,0.0,0.0,2.0,0.0,0.0,0.0,0.0,0.0,0.0,0.0,0.0,0.0,0.0,0.0,0.0,0.0,4.0,0.0,0.0,4.0,0.0,0.0,0.0,0.0,0.0,0.0,0.0,0.0,0.0,0.0,3.0,0.0,1.0,3.0,0.0,1.0,0.0,0.0,0.0,0.0,0.0,0.0,0.0,0.0,0.0,0.0,"Jan 19, 2017"
877,2202061.0,26117.0,Babylon,Al-Musayab,Al Hamiyah Al Sheab Village,الحامية-قرية ال شهاب,32.8013897555,44.2750551948,59.0,354.0,0.0,59.0,0.0,0.0,0.0,0.0,0.0,0.0,0.0,0.0,0.0,0.0,0.0,0.0,0.0,0.0,0.0,0.0,0.0,0.0,0.0,0.0,0.0,0.0,0.0,0.0,59.0,0.0,0.0,59.0,0.0,0.0,0.0,0.0,0.0,0.0,0.0,0.0,0.0,0.0,59.0,0.0,0.0,59.0,0.0,0.0,0.0,0.0,0.0,0.0,0.0,0.0,0.0,0.0,0.0,0.0,"Jan 19, 2017"
878,2202062.0,26118.0,Babylon,Al-Musayab,Al Qasabah Al Kadimah,القصبه القديمه,32.7097361327,44.2686285611,15.0,90.0,9.0,3.0,0.0,0.0,0.0,0.0,0.0,0.0,0.0,0.0,0.0,0.0,3.0,0.0,0.0,0.0,0.0,0.0,0.0,0.0,0.0,0.0,0.0,0.0,0.0,0.0,15.0,0.0,0.0,15.0,0.0,0.0,0.0,0.0,0.0,0.0,0.0,0.0,0.0,0.0,3.0,0.0,3.0,3.0,9.0,3.0,0.0,9.0,0.0,0.0,0.0,0.0,0.0,0.0,0.0,0.0,"Jan 19, 2017"
879,2202063.0,26119.0,Babylon,Al-Musayab,Hay Al Ghadeer 3,الغدير 3,32.7826685781,44.2657738525,39.0,234.0,0.0,39.0,0.0,0.0,0.0,0.0,0.0,0.0,0.0,0.0,0.0,0.0,0.0,0.0,0.0,0.0,0.0,0.0,0.0,0.0,0.0,0.0,0.0,0.0,0.0,0.0,39.0,0.0,0.0,39.0,0.0,0.0,0.0,0.0,0.0,0.0,0.0,0.0,0.0,0.0,39.0,0.0,0.0,39.0,0.0,0.0,0.0,0.0,0.0,0.0,0.0,0.0,0.0,0.0,0.0,0.0,"Jan 19, 2017"
880,2202064.0,26125.0,Babylon,Al-Musayab,Hay Al Ghadeer 1,الغدير 1,32.78810361,44.2673862712,82.0,492.0,0.0,82.0,0.0,0.0,0.0,0.0,0.0,0.0,0.0,0.0,0.0,0.0,0.0,0.0,0.0,0.0,0.0,0.0,0.0,0.0,0.0,0.0,0.0,0.0,0.0,0.0,82.0,0.0,0.0,82.0,0.0,0.0,0.0,0.0,0.0,0.0,0.0,0.0,0.0,0.0,82.0,0.0,0.0,82.0,0.0,0.0,0.0,0.0,0.0,0.0,0.0,0.0,0.0,0.0,0.0,0.0,"Jan 19, 2017"
881,2202065.0,7218.0,Babylon,Al-Musayab,Hay Al Nasir,حي النصر,32.7018108029,44.2700402857,12.0,72.0,10.0,2.0,0.0,0.0,0.0,0.0,0.0,0.0,0.0,0.0,0.0,0.0,0.0,0.0,0.0,0.0,0.0,0.0,0.0,0.0,0.0,0.0,0.0,0.0,0.0,0.0,12.0,0.0,0.0,12.0,0.0,0.0,0.0,0.0,0.0,0.0,0.0,0.0,0.0,0.0,0.0,0.0,2.0,0.0,8.0,2.0,2.0,8.0,0.0,2.0,0.0,0.0,0.0,0.0,0.0,0.0,"Jan 19, 2017"
882,2202066.0,27308.0,Babylon,Al-Musayab,Hay Al Mowadhafeen,حي الموظفين,32.7492292573,44.2761102536,20.0,120.0,10.0,10.0,0.0,0.0,0.0,0.0,0.0,0.0,0.0,0.0,0.0,0.0,0.0,0.0,0.0,0.0,0.0,0.0,0.0,0.0,0.0,0.0,0.0,0.0,0.0,0.0,20.0,0.0,0.0,20.0,0.0,0.0,0.0,0.0,0.0,0.0,0.0,0.0,0.0,0.0,10.0,0.0,0.0,10.0,10.0,0.0,0.0,10.0,0.0,0.0,0.0,0.0,0.0,0.0,0.0,0.0,"Jan 19, 2017"
883,2202067.0,27370.0,Babylon,Al-Musayab,Hay AlHussein,حي الحسين,32.7119293295,44.275007597,4.0,24.0,2.0,1.0,0.0,0.0,0.0,0.0,0.0,0.0,0.0,0.0,0.0,0.0,1.0,0.0,0.0,0.0,0.0,0.0,0.0,0.0,0.0,0.0,0.0,0.0,0.0,0.0,4.0,0.0,0.0,4.0,0.0,0.0,0.0,0.0,0.0,0.0,0.0,0.0,0.0,0.0,1.0,0.0,1.0,1.0,2.0,1.0,0.0,2.0,0.0,0.0,0.0,0.0,0.0,0.0,0.0,0.0,"Jan 19, 2017"
884,2202068.0,27371.0,Babylon,Al-Musayab,Mafrg AlSada,مفرق السده,32.7212257147,44.281696057,5.0,30.0,0.0,4.0,1.0,0.0,0.0,0.0,0.0,0.0,0.0,0.0,0.0,0.0,0.0,0.0,0.0,0.0,0.0,0.0,0.0,0.0,0.0,0.0,0.0,0.0,0.0,0.0,5.0,0.0,0.0,5.0,0.0,0.0,0.0,0.0,0.0,0.0,0.0,0.0,0.0,0.0,5.0,0.0,0.0,5.0,0.0,0.0,0.0,0.0,0.0,0.0,0.0,0.0,0.0,0.0,0.0,0.0,"Jan 19, 2017"
885,2202069.0,27372.0,Babylon,Al-Musayab,Hay AlAbbas,حي العباس,32.71826458,44.28012393,16.0,96.0,0.0,0.0,0.0,0.0,0.0,0.0,0.0,0.0,0.0,0.0,0.0,0.0,16.0,0.0,0.0,0.0,0.0,0.0,0.0,0.0,0.0,0.0,0.0,0.0,0.0,0.0,16.0,0.0,0.0,16.0,0.0,0.0,0.0,0.0,0.0,0.0,0.0,0.0,0.0,0.0,0.0,0.0,16.0,0.0,0.0,16.0,0.0,0.0,0.0,0.0,0.0,0.0,0.0,0.0,0.0,0.0,"Jan 19, 2017"
886,2202070.0,28454.0,Babylon,Al-Musayab,Al Gelawia,الجيلاوية,32.7910186527,44.2948834507,14.0,84.0,0.0,3.0,0.0,0.0,0.0,0.0,0.0,0.0,0.0,0.0,0.0,0.0,11.0,0.0,0.0,0.0,0.0,0.0,0.0,14.0,0.0,0.0,0.0,0.0,0.0,0.0,0.0,0.0,0.0,0.0,0.0,0.0,0.0,0.0,0.0,0.0,0.0,0.0,0.0,0.0,11.0,0.0,3.0,11.0,0.0,3.0,0.0,0.0,0.0,0.0,0.0,0.0,0.0,0.0,0.0,0.0,"Jan 19, 2017"
887,2202071.0,29582.0,Babylon,Al-Musayab,Hay Al Moatnen 1,حي المواطنين 1,32.7880307177,44.2679772812,92.0,552.0,0.0,92.0,0.0,0.0,0.0,0.0,0.0,0.0,0.0,0.0,0.0,0.0,0.0,0.0,0.0,0.0,0.0,0.0,0.0,0.0,0.0,0.0,0.0,0.0,0.0,0.0,92.0,0.0,0.0,92.0,0.0,0.0,0.0,0.0,0.0,0.0,0.0,0.0,0.0,0.0,77.0,0.0,15.0,77.0,0.0,15.0,0.0,0.0,0.0,0.0,0.0,0.0,0.0,0.0,0.0,0.0,"Jan 19, 2017"
888,2202072.0,7220.0,Babylon,Al-Musayab,Albo Hamdan,البو حمدان,32.7853974908,44.2841779119,39.0,234.0,1.0,38.0,0.0,0.0,0.0,0.0,0.0,0.0,0.0,0.0,0.0,0.0,0.0,0.0,0.0,0.0,0.0,0.0,0.0,0.0,0.0,0.0,0.0,0.0,0.0,0.0,39.0,0.0,0.0,39.0,0.0,0.0,0.0,0.0,0.0,0.0,0.0,0.0,0.0,0.0,38.0,0.0,0.0,38.0,1.0,0.0,0.0,1.0,0.0,0.0,0.0,0.0,0.0,0.0,0.0,0.0,"Jan 19, 2017"
889,2203001.0,24604.0,Babylon,Hashimiya,Abo Derbash Al Midhatiyah,ناحية المدحتية-ابو درباش,32.39891923,44.73177717,21.0,126.0,0.0,0.0,0.0,0.0,0.0,0.0,0.0,0.0,0.0,0.0,0.0,0.0,21.0,0.0,0.0,0.0,0.0,0.0,0.0,0.0,0.0,0.0,0.0,0.0,0.0,21.0,0.0,21.0,0.0,0.0,0.0,0.0,0.0,0.0,0.0,0.0,0.0,0.0,0.0,0.0,3.0,0.0,18.0,3.0,0.0,18.0,0.0,0.0,0.0,0.0,0.0,0.0,0.0,0.0,0.0,0.0,"Jan 19, 2017"
890,2203002.0,24977.0,Babylon,Hashimiya,Al Andlos,الاندلس,32.30560647,44.68621843,14.0,84.0,2.0,0.0,0.0,0.0,0.0,0.0,0.0,0.0,0.0,0.0,0.0,0.0,12.0,0.0,0.0,0.0,0.0,0.0,0.0,0.0,0.0,0.0,0.0,0.0,0.0,0.0,2.0,0.0,0.0,2.0,0.0,0.0,0.0,0.0,12.0,0.0,0.0,12.0,0.0,0.0,12.0,0.0,0.0,12.0,2.0,0.0,0.0,2.0,0.0,0.0,0.0,0.0,0.0,0.0,0.0,0.0,"Jan 19, 2017"
891,2203003.0,23959.0,Babylon,Hashimiya,Al Ansaar,الانصار,32.4011792,44.67893397,5.0,30.0,4.0,0.0,0.0,0.0,0.0,0.0,0.0,0.0,0.0,0.0,0.0,0.0,1.0,0.0,0.0,0.0,0.0,0.0,0.0,0.0,0.0,0.0,0.0,0.0,0.0,0.0,5.0,0.0,0.0,5.0,0.0,0.0,0.0,0.0,0.0,0.0,0.0,0.0,0.0,0.0,1.0,0.0,0.0,1.0,4.0,0.0,0.0,4.0,0.0,0.0,0.0,0.0,0.0,0.0,0.0,0.0,"Jan 19, 2017"
892,2203004.0,24646.0,Babylon,Hashimiya,Al Dabla,الدبلة,32.3824711887,44.5360215735,30.0,180.0,5.0,0.0,3.0,0.0,0.0,0.0,0.0,0.0,0.0,0.0,0.0,0.0,20.0,0.0,2.0,0.0,0.0,0.0,0.0,10.0,0.0,0.0,0.0,0.0,0.0,7.0,13.0,7.0,0.0,13.0,0.0,0.0,0.0,0.0,0.0,0.0,0.0,0.0,0.0,0.0,22.0,0.0,3.0,22.0,5.0,3.0,0.0,5.0,0.0,0.0,0.0,0.0,0.0,0.0,0.0,0.0,"Jan 19, 2017"
893,2203005.0,24605.0,Babylon,Hashimiya,Al Droa-Al Qasim Area,ناحية القاسم-الدروع,32.462371,44.66897258,2.0,12.0,0.0,0.0,0.0,0.0,0.0,0.0,0.0,0.0,0.0,0.0,0.0,0.0,2.0,0.0,0.0,0.0,0.0,0.0,0.0,0.0,0.0,0.0,0.0,0.0,0.0,2.0,0.0,2.0,0.0,0.0,0.0,0.0,0.0,0.0,0.0,0.0,0.0,0.0,0.0,0.0,2.0,0.0,0.0,2.0,0.0,0.0,0.0,0.0,0.0,0.0,0.0,0.0,0.0,0.0,0.0,0.0,"Jan 19, 2017"
894,2203006.0,24836.0,Babylon,Hashimiya,Al Hajj Ubaid,الحاج عبيد,32.3612717,44.61819618,12.0,72.0,0.0,0.0,0.0,0.0,0.0,0.0,0.0,0.0,0.0,0.0,0.0,0.0,12.0,0.0,0.0,0.0,0.0,0.0,0.0,0.0,0.0,0.0,0.0,0.0,0.0,12.0,0.0,12.0,0.0,0.0,0.0,0.0,0.0,0.0,0.0,0.0,0.0,0.0,0.0,0.0,0.0,0.0,12.0,0.0,0.0,12.0,0.0,0.0,0.0,0.0,0.0,0.0,0.0,0.0,0.0,0.0,"Jan 19, 2017"
895,2203008.0,24544.0,Babylon,Hashimiya,Al Husen-Al Midhatiya,ناحية المدحتية-الحصين,32.3896214118,44.5781262249,77.0,462.0,0.0,0.0,0.0,0.0,0.0,0.0,0.0,0.0,0.0,0.0,0.0,0.0,77.0,0.0,0.0,0.0,0.0,0.0,0.0,0.0,0.0,0.0,0.0,0.0,0.0,0.0,77.0,0.0,0.0,77.0,0.0,0.0,0.0,0.0,0.0,0.0,0.0,0.0,0.0,0.0,77.0,0.0,0.0,77.0,0.0,0.0,0.0,0.0,0.0,0.0,0.0,0.0,0.0,0.0,0.0,0.0,"Jan 19, 2017"
896,2203009.0,24271.0,Babylon,Hashimiya,Al Madhatiyah-Al Qasabah Al kadimah,ناحية المدحتيه-القصبة القديمة,32.3990776347,44.6664860454,32.0,192.0,0.0,0.0,0.0,0.0,0.0,0.0,0.0,0.0,0.0,0.0,0.0,0.0,32.0,0.0,0.0,0.0,0.0,0.0,0.0,0.0,0.0,0.0,0.0,0.0,0.0,0.0,15.0,0.0,0.0,15.0,0.0,0.0,0.0,0.0,17.0,0.0,0.0,17.0,0.0,0.0,32.0,0.0,0.0,32.0,0.0,0.0,0.0,0.0,0.0,0.0,0.0,0.0,0.0,0.0,0.0,0.0,"Jan 19, 2017"
897,2203010.0,24270.0,Babylon,Hashimiya,Al Madhatiyah-Hay Imam,ناحية المدحتية-حي الامام,32.4009432725,44.6737561677,60.0,360.0,7.0,0.0,0.0,0.0,0.0,0.0,0.0,0.0,0.0,0.0,0.0,0.0,53.0,0.0,0.0,0.0,0.0,0.0,0.0,10.0,0.0,0.0,0.0,0.0,0.0,0.0,32.0,0.0,0.0,32.0,0.0,0.0,0.0,0.0,18.0,0.0,0.0,18.0,0.0,0.0,42.0,0.0,11.0,42.0,7.0,11.0,0.0,7.0,0.0,0.0,0.0,0.0,0.0,0.0,0.0,0.0,"Jan 19, 2017"
898,2203011.0,25896.0,Babylon,Hashimiya,Al Midhatiyah-Hay Al Zahraa,ناحية المدحتية-حي الزهراء,32.3979434205,44.6744812412,15.0,90.0,6.0,0.0,1.0,0.0,0.0,0.0,0.0,0.0,1.0,0.0,0.0,0.0,7.0,0.0,0.0,0.0,0.0,0.0,0.0,0.0,0.0,0.0,0.0,0.0,0.0,0.0,15.0,0.0,0.0,15.0,0.0,0.0,0.0,0.0,0.0,0.0,0.0,0.0,0.0,0.0,7.0,0.0,1.0,7.0,7.0,1.0,0.0,7.0,0.0,0.0,0.0,0.0,0.0,0.0,0.0,0.0,"Jan 19, 2017"
899,2203012.0,24711.0,Babylon,Hashimiya,Al Nasser,ناحية الشوملي-النصر,32.3217778994,44.9204682042,15.0,90.0,0.0,0.0,0.0,0.0,0.0,0.0,0.0,0.0,0.0,0.0,0.0,0.0,15.0,0.0,0.0,0.0,0.0,0.0,0.0,0.0,0.0,0.0,0.0,0.0,0.0,2.0,13.0,2.0,0.0,13.0,0.0,0.0,0.0,0.0,0.0,0.0,0.0,0.0,0.0,0.0,15.0,0.0,0.0,15.0,0.0,0.0,0.0,0.0,0.0,0.0,0.0,0.0,0.0,0.0,0.0,0.0,"Jan 19, 2017"
900,2203013.0,24293.0,Babylon,Hashimiya,Al Qasim Area-Al Qasabah Al kadima,ناحية القاسم-القصبة القديمة,32.29402789,44.69186393,9.0,54.0,0.0,0.0,0.0,0.0,0.0,0.0,0.0,0.0,0.0,0.0,0.0,0.0,9.0,0.0,0.0,0.0,0.0,0.0,0.0,0.0,0.0,0.0,0.0,0.0,0.0,0.0,9.0,0.0,0.0,9.0,0.0,0.0,0.0,0.0,0.0,0.0,0.0,0.0,0.0,0.0,9.0,0.0,0.0,9.0,0.0,0.0,0.0,0.0,0.0,0.0,0.0,0.0,0.0,0.0,0.0,0.0,"Jan 19, 2017"
901,2203014.0,6361.0,Babylon,Hashimiya,Al Qasim-Al Askari,ناحية القاسم-العسكري,32.2996086733,44.6900318242,73.0,438.0,10.0,0.0,0.0,0.0,0.0,0.0,0.0,0.0,0.0,0.0,0.0,0.0,63.0,0.0,0.0,0.0,0.0,0.0,0.0,0.0,0.0,0.0,0.0,0.0,0.0,0.0,43.0,0.0,0.0,43.0,0.0,0.0,0.0,0.0,30.0,0.0,0.0,30.0,0.0,0.0,50.0,0.0,13.0,50.0,5.0,13.0,5.0,5.0,0.0,5.0,0.0,0.0,0.0,0.0,0.0,0.0,"Jan 19, 2017"
902,2203015.0,25593.0,Babylon,Hashimiya,Al Qassim-Al Janabeen,ناحية القاسم-حي الجنابيين,32.27371857,44.8406453,2.0,12.0,0.0,0.0,0.0,0.0,0.0,0.0,0.0,0.0,0.0,0.0,0.0,0.0,2.0,0.0,0.0,0.0,0.0,0.0,0.0,0.0,0.0,0.0,0.0,0.0,0.0,0.0,2.0,0.0,0.0,2.0,0.0,0.0,0.0,0.0,0.0,0.0,0.0,0.0,0.0,0.0,2.0,0.0,0.0,2.0,0.0,0.0,0.0,0.0,0.0,0.0,0.0,0.0,0.0,0.0,0.0,0.0,"Jan 19, 2017"
903,2203016.0,25592.0,Babylon,Hashimiya,Al Qassim-Hay Al Fayadheyia,ناحية القاسم-حي الفياضية,32.28530027,44.68760144,6.0,36.0,0.0,0.0,0.0,0.0,0.0,0.0,0.0,0.0,0.0,0.0,0.0,0.0,6.0,0.0,0.0,0.0,0.0,0.0,0.0,6.0,0.0,0.0,0.0,0.0,0.0,0.0,0.0,0.0,0.0,0.0,0.0,0.0,0.0,0.0,0.0,0.0,0.0,0.0,0.0,0.0,0.0,0.0,6.0,0.0,0.0,6.0,0.0,0.0,0.0,0.0,0.0,0.0,0.0,0.0,0.0,0.0,"Jan 19, 2017"
904,2203017.0,25591.0,Babylon,Hashimiya,Al Qassim-Hay Al Ghadeer,ناحية القاسم-حي الغدير,32.29404547,44.69723189,14.0,84.0,1.0,0.0,0.0,0.0,0.0,0.0,0.0,0.0,0.0,0.0,0.0,0.0,13.0,0.0,0.0,0.0,0.0,0.0,0.0,0.0,0.0,0.0,0.0,0.0,0.0,0.0,14.0,0.0,0.0,14.0,0.0,0.0,0.0,0.0,0.0,0.0,0.0,0.0,0.0,0.0,13.0,0.0,0.0,13.0,1.0,0.0,0.0,1.0,0.0,0.0,0.0,0.0,0.0,0.0,0.0,0.0,"Jan 19, 2017"
905,2203018.0,6679.0,Babylon,Hashimiya,Al Qassim-Hay Al Sinaee,ناحية القاسم-حي الصناعي,32.3019813909,44.6770912156,14.0,84.0,1.0,0.0,0.0,0.0,0.0,0.0,0.0,0.0,0.0,0.0,0.0,0.0,11.0,0.0,2.0,0.0,0.0,0.0,0.0,0.0,0.0,0.0,0.0,0.0,0.0,4.0,10.0,4.0,0.0,10.0,0.0,0.0,0.0,0.0,0.0,0.0,0.0,0.0,0.0,0.0,13.0,0.0,0.0,13.0,1.0,0.0,0.0,1.0,0.0,0.0,0.0,0.0,0.0,0.0,0.0,0.0,"Jan 19, 2017"
906,2203019.0,24835.0,Babylon,Hashimiya,Al Sadah Al Baharnah,السادة البحارنة,32.36123214,44.63882823,14.0,84.0,0.0,0.0,0.0,0.0,0.0,0.0,0.0,0.0,0.0,0.0,0.0,0.0,14.0,0.0,0.0,0.0,0.0,0.0,0.0,4.0,0.0,0.0,0.0,0.0,0.0,10.0,0.0,10.0,0.0,0.0,0.0,0.0,0.0,0.0,0.0,0.0,0.0,0.0,0.0,0.0,0.0,0.0,14.0,0.0,0.0,14.0,0.0,0.0,0.0,0.0,0.0,0.0,0.0,0.0,0.0,0.0,"Jan 19, 2017"
907,2203020.0,6693.0,Babylon,Hashimiya,Al Seaidy,السعيدي,32.30464494,44.67686548,4.0,24.0,3.0,0.0,0.0,0.0,0.0,0.0,0.0,0.0,0.0,0.0,0.0,0.0,1.0,0.0,0.0,0.0,0.0,0.0,0.0,0.0,0.0,0.0,0.0,0.0,0.0,0.0,4.0,0.0,0.0,4.0,0.0,0.0,0.0,0.0,0.0,0.0,0.0,0.0,0.0,0.0,1.0,0.0,0.0,1.0,1.0,0.0,2.0,1.0,0.0,2.0,0.0,0.0,0.0,0.0,0.0,0.0,"Jan 19, 2017"
908,2203022.0,25590.0,Babylon,Hashimiya,Al Shomaly-Hay Al Oroba,ناحية الشوملي-حي العروبه,32.3292688,44.91755367,2.0,12.0,0.0,0.0,0.0,0.0,0.0,0.0,0.0,0.0,0.0,0.0,0.0,0.0,2.0,0.0,0.0,0.0,0.0,0.0,0.0,0.0,0.0,0.0,0.0,0.0,0.0,0.0,2.0,0.0,0.0,2.0,0.0,0.0,0.0,0.0,0.0,0.0,0.0,0.0,0.0,0.0,2.0,0.0,0.0,2.0,0.0,0.0,0.0,0.0,0.0,0.0,0.0,0.0,0.0,0.0,0.0,0.0,"Jan 19, 2017"
909,2203023.0,25594.0,Babylon,Hashimiya,Al Shomaly-Hay Al Sada,ناحية الشوملي-حي الساده,32.3211791269,44.91146716,7.0,42.0,0.0,0.0,0.0,0.0,0.0,0.0,0.0,0.0,0.0,0.0,0.0,0.0,7.0,0.0,0.0,0.0,0.0,0.0,0.0,2.0,0.0,0.0,0.0,0.0,0.0,0.0,5.0,0.0,0.0,5.0,0.0,0.0,0.0,0.0,0.0,0.0,0.0,0.0,0.0,0.0,7.0,0.0,0.0,7.0,0.0,0.0,0.0,0.0,0.0,0.0,0.0,0.0,0.0,0.0,0.0,0.0,"Jan 19, 2017"
910,2203024.0,25589.0,Babylon,Hashimiya,Al Shoumly-Al Jawadia village,ناحية الشوملي-قرية الجواديه,32.3548295984,44.81572768,8.0,48.0,5.0,0.0,3.0,0.0,0.0,0.0,0.0,0.0,0.0,0.0,0.0,0.0,0.0,0.0,0.0,0.0,0.0,0.0,0.0,8.0,0.0,0.0,0.0,0.0,0.0,0.0,0.0,0.0,0.0,0.0,0.0,0.0,0.0,0.0,0.0,0.0,0.0,0.0,0.0,0.0,3.0,0.0,0.0,3.0,5.0,0.0,0.0,5.0,0.0,0.0,0.0,0.0,0.0,0.0,0.0,0.0,"Jan 19, 2017"
911,2203026.0,25598.0,Babylon,Hashimiya,Al Taleeaa-Al Gamiea wa Al Hussainea,ناحية الطليعة-الجمعية والحسينية,32.1899396866,44.7093272637,5.0,30.0,1.0,0.0,0.0,0.0,0.0,0.0,0.0,0.0,0.0,0.0,0.0,0.0,4.0,0.0,0.0,0.0,0.0,0.0,0.0,4.0,0.0,0.0,0.0,0.0,0.0,0.0,1.0,0.0,0.0,1.0,0.0,0.0,0.0,0.0,0.0,0.0,0.0,0.0,0.0,0.0,4.0,0.0,0.0,4.0,0.0,0.0,1.0,0.0,0.0,1.0,0.0,0.0,0.0,0.0,0.0,0.0,"Jan 19, 2017"
912,2203027.0,25597.0,Babylon,Hashimiya,Al Taleeaa-Gishir,ناحية الطليعة-كشر,32.13816,44.74561,1.0,6.0,0.0,0.0,0.0,0.0,0.0,0.0,0.0,0.0,0.0,0.0,0.0,0.0,1.0,0.0,0.0,0.0,0.0,0.0,0.0,1.0,0.0,0.0,0.0,0.0,0.0,0.0,0.0,0.0,0.0,0.0,0.0,0.0,0.0,0.0,0.0,0.0,0.0,0.0,0.0,0.0,1.0,0.0,0.0,1.0,0.0,0.0,0.0,0.0,0.0,0.0,0.0,0.0,0.0,0.0,0.0,0.0,"Jan 19, 2017"
913,2203028.0,25120.0,Babylon,Hashimiya,Al Yaseeya,الياسيه,32.38091687,44.61627681,5.0,30.0,0.0,0.0,0.0,0.0,0.0,0.0,0.0,0.0,0.0,0.0,0.0,0.0,5.0,0.0,0.0,0.0,0.0,0.0,0.0,0.0,0.0,0.0,0.0,0.0,0.0,2.0,3.0,2.0,0.0,3.0,0.0,0.0,0.0,0.0,0.0,0.0,0.0,0.0,0.0,0.0,5.0,0.0,0.0,5.0,0.0,0.0,0.0,0.0,0.0,0.0,0.0,0.0,0.0,0.0,0.0,0.0,"Jan 19, 2017"
914,2203029.0,24710.0,Babylon,Hashimiya,Al Zabbar,ناحية الشوملي-الزبار,32.3590971,44.80326517,54.0,324.0,0.0,0.0,0.0,0.0,0.0,0.0,0.0,0.0,0.0,0.0,0.0,0.0,54.0,0.0,0.0,0.0,0.0,0.0,0.0,5.0,0.0,0.0,0.0,0.0,0.0,49.0,0.0,49.0,0.0,0.0,0.0,0.0,0.0,0.0,0.0,0.0,0.0,0.0,0.0,0.0,8.0,0.0,46.0,8.0,0.0,46.0,0.0,0.0,0.0,0.0,0.0,0.0,0.0,0.0,0.0,0.0,"Jan 19, 2017"
915,2203030.0,24709.0,Babylon,Hashimiya,Albo Abdullah Village,ناحية المدحتية-قرية البو عبدالله,32.41893965,44.68613955,7.0,42.0,0.0,0.0,0.0,0.0,0.0,0.0,0.0,0.0,0.0,0.0,0.0,0.0,7.0,0.0,0.0,0.0,0.0,0.0,0.0,7.0,0.0,0.0,0.0,0.0,0.0,0.0,0.0,0.0,0.0,0.0,0.0,0.0,0.0,0.0,0.0,0.0,0.0,0.0,0.0,0.0,0.0,0.0,7.0,0.0,0.0,7.0,0.0,0.0,0.0,0.0,0.0,0.0,0.0,0.0,0.0,0.0,"Jan 19, 2017"
916,2203031.0,25453.0,Babylon,Hashimiya,Albo Rakhees,البو رخيص,32.37450081,44.76827768,13.0,78.0,0.0,0.0,0.0,0.0,0.0,0.0,0.0,0.0,0.0,0.0,0.0,0.0,13.0,0.0,0.0,0.0,0.0,0.0,0.0,0.0,0.0,0.0,0.0,0.0,0.0,13.0,0.0,13.0,0.0,0.0,0.0,0.0,0.0,0.0,0.0,0.0,0.0,0.0,0.0,0.0,13.0,0.0,0.0,13.0,0.0,0.0,0.0,0.0,0.0,0.0,0.0,0.0,0.0,0.0,0.0,0.0,"Jan 19, 2017"
917,2203032.0,23958.0,Babylon,Hashimiya,Albu Fayadh,البو فياض,32.26641919,44.69208056,1.0,6.0,1.0,0.0,0.0,0.0,0.0,0.0,0.0,0.0,0.0,0.0,0.0,0.0,0.0,0.0,0.0,0.0,0.0,0.0,0.0,0.0,0.0,0.0,0.0,0.0,0.0,1.0,0.0,1.0,0.0,0.0,0.0,0.0,0.0,0.0,0.0,0.0,0.0,0.0,0.0,0.0,0.0,0.0,0.0,0.0,0.0,0.0,1.0,0.0,0.0,1.0,0.0,0.0,0.0,0.0,0.0,0.0,"Jan 19, 2017"
918,2203033.0,24268.0,Babylon,Hashimiya,Albu Saabar,البو سعبر,32.374165432,44.64656842,47.0,282.0,0.0,0.0,0.0,0.0,0.0,0.0,0.0,0.0,0.0,0.0,0.0,0.0,47.0,0.0,0.0,0.0,0.0,0.0,0.0,19.0,0.0,0.0,0.0,0.0,0.0,5.0,10.0,5.0,0.0,10.0,0.0,0.0,0.0,0.0,13.0,0.0,0.0,13.0,0.0,0.0,47.0,0.0,0.0,47.0,0.0,0.0,0.0,0.0,0.0,0.0,0.0,0.0,0.0,0.0,0.0,0.0,"Jan 19, 2017"
919,2203034.0,6783.0,Babylon,Hashimiya,Al-ibrahemiyah,الابراهيمية,32.3750155856,44.5707883166,60.0,360.0,5.0,0.0,2.0,0.0,0.0,0.0,0.0,0.0,0.0,0.0,0.0,0.0,51.0,0.0,2.0,0.0,0.0,0.0,0.0,10.0,0.0,0.0,0.0,0.0,0.0,25.0,25.0,25.0,0.0,25.0,0.0,0.0,0.0,0.0,0.0,0.0,0.0,0.0,0.0,0.0,43.0,0.0,12.0,43.0,5.0,12.0,0.0,5.0,0.0,0.0,0.0,0.0,0.0,0.0,0.0,0.0,"Jan 19, 2017"
920,2203035.0,6640.0,Babylon,Hashimiya,Al-khiweldiyah,الخويلدية,32.2748691,44.68801316,20.0,120.0,5.0,0.0,0.0,0.0,0.0,0.0,0.0,0.0,0.0,0.0,0.0,0.0,15.0,0.0,0.0,0.0,0.0,0.0,0.0,0.0,0.0,0.0,0.0,0.0,0.0,13.0,7.0,13.0,0.0,7.0,0.0,0.0,0.0,0.0,0.0,0.0,0.0,0.0,0.0,0.0,8.0,0.0,7.0,8.0,5.0,7.0,0.0,5.0,0.0,0.0,0.0,0.0,0.0,0.0,0.0,0.0,"Jan 19, 2017"
921,2203036.0,21467.0,Babylon,Hashimiya,Al-Madhatiya-Al Ghazali Village,قرية الغزالي,32.446108,44.828177,8.0,48.0,8.0,0.0,0.0,0.0,0.0,0.0,0.0,0.0,0.0,0.0,0.0,0.0,0.0,0.0,0.0,0.0,0.0,0.0,0.0,0.0,0.0,0.0,0.0,0.0,0.0,0.0,8.0,0.0,0.0,8.0,0.0,0.0,0.0,0.0,0.0,0.0,0.0,0.0,0.0,0.0,0.0,0.0,2.0,0.0,6.0,2.0,0.0,6.0,0.0,0.0,0.0,0.0,0.0,0.0,0.0,0.0,"Jan 19, 2017"
922,2203038.0,6769.0,Babylon,Hashimiya,Al-mazeiadeiah,المزيدية,32.37640221,44.63432045,25.0,150.0,2.0,0.0,0.0,0.0,0.0,0.0,0.0,0.0,0.0,0.0,0.0,0.0,23.0,0.0,0.0,0.0,0.0,0.0,0.0,21.0,0.0,0.0,0.0,0.0,0.0,0.0,2.0,0.0,0.0,2.0,0.0,0.0,2.0,0.0,0.0,2.0,0.0,0.0,0.0,0.0,23.0,0.0,0.0,23.0,0.0,0.0,2.0,0.0,0.0,2.0,0.0,0.0,0.0,0.0,0.0,0.0,"Jan 19, 2017"
923,2203039.0,6793.0,Babylon,Hashimiya,Al-rawashed,الرواشد,32.3842394488,44.5937858736,17.0,102.0,0.0,0.0,0.0,0.0,0.0,0.0,0.0,0.0,0.0,0.0,0.0,0.0,17.0,0.0,0.0,0.0,0.0,0.0,0.0,0.0,0.0,0.0,0.0,0.0,0.0,1.0,16.0,1.0,0.0,16.0,0.0,0.0,0.0,0.0,0.0,0.0,0.0,0.0,0.0,0.0,17.0,0.0,0.0,17.0,0.0,0.0,0.0,0.0,0.0,0.0,0.0,0.0,0.0,0.0,0.0,0.0,"Jan 19, 2017"
924,2203040.0,7242.0,Babylon,Hashimiya,Al-Sada Al-Shurafa,الساده الشرفه,32.37761251,44.67986712,16.0,96.0,2.0,0.0,0.0,0.0,0.0,0.0,0.0,0.0,0.0,0.0,0.0,0.0,14.0,0.0,0.0,0.0,0.0,0.0,0.0,0.0,0.0,0.0,0.0,0.0,0.0,0.0,16.0,0.0,0.0,16.0,0.0,0.0,0.0,0.0,0.0,0.0,0.0,0.0,0.0,0.0,14.0,0.0,0.0,14.0,2.0,0.0,0.0,2.0,0.0,0.0,0.0,0.0,0.0,0.0,0.0,0.0,"Jan 19, 2017"
925,2203041.0,25616.0,Babylon,Hashimiya,Al-Taleeaa-Al Ghadeer,حي الغدير,32.19166,44.71193,12.0,72.0,0.0,0.0,0.0,0.0,0.0,0.0,0.0,0.0,0.0,0.0,0.0,0.0,12.0,0.0,0.0,0.0,0.0,0.0,0.0,0.0,0.0,0.0,0.0,0.0,0.0,0.0,12.0,0.0,0.0,12.0,0.0,0.0,0.0,0.0,0.0,0.0,0.0,0.0,0.0,0.0,0.0,0.0,12.0,0.0,0.0,12.0,0.0,0.0,0.0,0.0,0.0,0.0,0.0,0.0,0.0,0.0,"Jan 19, 2017"
926,2203042.0,25615.0,Babylon,Hashimiya,Al-Taleeaa-Zona,زونه,32.19685,44.71468,8.0,48.0,0.0,0.0,0.0,0.0,0.0,0.0,0.0,0.0,0.0,0.0,0.0,0.0,8.0,0.0,0.0,0.0,0.0,0.0,0.0,0.0,0.0,0.0,0.0,0.0,0.0,0.0,8.0,0.0,0.0,8.0,0.0,0.0,0.0,0.0,0.0,0.0,0.0,0.0,0.0,0.0,0.0,0.0,8.0,0.0,0.0,8.0,0.0,0.0,0.0,0.0,0.0,0.0,0.0,0.0,0.0,0.0,"Jan 19, 2017"
927,2203043.0,25448.0,Babylon,Hashimiya,Bakkan village,قرية بكان,32.31632479,44.8780905,6.0,36.0,0.0,0.0,0.0,0.0,0.0,0.0,0.0,0.0,0.0,0.0,0.0,0.0,6.0,0.0,0.0,0.0,0.0,0.0,0.0,0.0,0.0,0.0,0.0,0.0,0.0,2.0,4.0,2.0,0.0,4.0,0.0,0.0,0.0,0.0,0.0,0.0,0.0,0.0,0.0,0.0,6.0,0.0,0.0,6.0,0.0,0.0,0.0,0.0,0.0,0.0,0.0,0.0,0.0,0.0,0.0,0.0,"Jan 19, 2017"
928,2203044.0,24340.0,Babylon,Hashimiya,Bermana villge,قرية بيرمانة,32.39609226,44.52962184,12.0,72.0,0.0,0.0,0.0,0.0,0.0,0.0,0.0,0.0,0.0,0.0,0.0,0.0,12.0,0.0,0.0,0.0,0.0,0.0,0.0,12.0,0.0,0.0,0.0,0.0,0.0,0.0,0.0,0.0,0.0,0.0,0.0,0.0,0.0,0.0,0.0,0.0,0.0,0.0,0.0,0.0,12.0,0.0,0.0,12.0,0.0,0.0,0.0,0.0,0.0,0.0,0.0,0.0,0.0,0.0,0.0,0.0,"Jan 19, 2017"
929,2203045.0,25986.0,Babylon,Hashimiya,Hay Al Ameer-1,حي الامير-1,32.39550109,44.66708304,19.0,114.0,4.0,0.0,0.0,0.0,0.0,0.0,0.0,0.0,0.0,0.0,0.0,0.0,15.0,0.0,0.0,0.0,0.0,0.0,0.0,0.0,0.0,0.0,0.0,0.0,0.0,0.0,19.0,0.0,0.0,19.0,0.0,0.0,0.0,0.0,0.0,0.0,0.0,0.0,0.0,0.0,15.0,0.0,0.0,15.0,2.0,0.0,2.0,2.0,0.0,2.0,0.0,0.0,0.0,0.0,0.0,0.0,"Jan 19, 2017"
930,2203046.0,25987.0,Babylon,Hashimiya,Hay Al Ameer-2,حي الامير-2,32.39721179,44.66765502,2.0,12.0,0.0,0.0,0.0,0.0,0.0,0.0,0.0,0.0,0.0,0.0,0.0,0.0,2.0,0.0,0.0,0.0,0.0,0.0,0.0,0.0,0.0,0.0,0.0,0.0,0.0,0.0,2.0,0.0,0.0,2.0,0.0,0.0,0.0,0.0,0.0,0.0,0.0,0.0,0.0,0.0,2.0,0.0,0.0,2.0,0.0,0.0,0.0,0.0,0.0,0.0,0.0,0.0,0.0,0.0,0.0,0.0,"Jan 19, 2017"
931,2203047.0,25988.0,Babylon,Hashimiya,Hay Al Ameer-3,حي الامير-3,32.39499021,44.66611812,11.0,66.0,7.0,0.0,0.0,0.0,0.0,0.0,0.0,0.0,0.0,0.0,0.0,0.0,4.0,0.0,0.0,0.0,0.0,0.0,0.0,0.0,0.0,0.0,0.0,0.0,0.0,0.0,11.0,0.0,0.0,11.0,0.0,0.0,0.0,0.0,0.0,0.0,0.0,0.0,0.0,0.0,4.0,0.0,0.0,4.0,5.0,0.0,2.0,5.0,0.0,2.0,0.0,0.0,0.0,0.0,0.0,0.0,"Jan 19, 2017"
932,2203048.0,25989.0,Babylon,Hashimiya,Hay Al Ameer-4,حي الامير-4,32.3937417,44.66782241,6.0,36.0,0.0,0.0,0.0,0.0,0.0,0.0,0.0,0.0,0.0,0.0,0.0,0.0,6.0,0.0,0.0,0.0,0.0,0.0,0.0,2.0,0.0,0.0,0.0,0.0,0.0,2.0,2.0,2.0,0.0,2.0,0.0,0.0,0.0,0.0,0.0,0.0,0.0,0.0,0.0,0.0,6.0,0.0,0.0,6.0,0.0,0.0,0.0,0.0,0.0,0.0,0.0,0.0,0.0,0.0,0.0,0.0,"Jan 19, 2017"
933,2203049.0,25990.0,Babylon,Hashimiya,Hay Al Ameer-5,حي الامير-5,32.39574198,44.6525055,9.0,54.0,4.0,0.0,0.0,0.0,0.0,0.0,0.0,0.0,0.0,0.0,0.0,0.0,5.0,0.0,0.0,0.0,0.0,0.0,0.0,2.0,0.0,0.0,0.0,0.0,0.0,3.0,4.0,3.0,0.0,4.0,0.0,0.0,0.0,0.0,0.0,0.0,0.0,0.0,0.0,0.0,5.0,0.0,0.0,5.0,4.0,0.0,0.0,4.0,0.0,0.0,0.0,0.0,0.0,0.0,0.0,0.0,"Jan 19, 2017"
934,2203051.0,24269.0,Babylon,Hashimiya,Hay Al Intifadheh,مركز القضاء-الانتفاضه,32.3738713328,44.6566514521,8.0,48.0,3.0,0.0,0.0,0.0,0.0,0.0,0.0,0.0,0.0,0.0,0.0,0.0,4.0,0.0,1.0,0.0,0.0,0.0,0.0,0.0,0.0,0.0,0.0,0.0,0.0,0.0,8.0,0.0,0.0,8.0,0.0,0.0,0.0,0.0,0.0,0.0,0.0,0.0,0.0,0.0,4.0,0.0,1.0,4.0,0.0,1.0,3.0,0.0,0.0,3.0,0.0,0.0,0.0,0.0,0.0,0.0,"Jan 19, 2017"
935,2203052.0,7140.0,Babylon,Hashimiya,Hay Al-Jamiea,حي الجمعيه,32.29842058,44.6889094,11.0,66.0,7.0,0.0,0.0,0.0,0.0,0.0,0.0,0.0,0.0,0.0,0.0,0.0,4.0,0.0,0.0,0.0,0.0,0.0,0.0,8.0,0.0,0.0,0.0,0.0,0.0,0.0,3.0,0.0,0.0,3.0,0.0,0.0,0.0,0.0,0.0,0.0,0.0,0.0,3.0,0.0,5.0,3.0,0.0,5.0,0.0,0.0,3.0,0.0,0.0,3.0,0.0,0.0,0.0,0.0,0.0,0.0,"Jan 19, 2017"
936,2203053.0,25879.0,Babylon,Hashimiya,Hay Al Jawadain,حي الجوادين,32.29255255,44.68195866,9.0,54.0,0.0,0.0,0.0,0.0,0.0,0.0,0.0,0.0,0.0,0.0,0.0,0.0,9.0,0.0,0.0,0.0,0.0,0.0,0.0,0.0,0.0,0.0,0.0,0.0,0.0,1.0,8.0,1.0,0.0,8.0,0.0,0.0,0.0,0.0,0.0,0.0,0.0,0.0,0.0,0.0,9.0,0.0,0.0,9.0,0.0,0.0,0.0,0.0,0.0,0.0,0.0,0.0,0.0,0.0,0.0,0.0,"Jan 19, 2017"
937,2203054.0,25449.0,Babylon,Hashimiya,Hay Al Waily,حي الوائلي,32.32757079,44.91938478,7.0,42.0,0.0,0.0,0.0,0.0,0.0,0.0,0.0,0.0,0.0,0.0,0.0,0.0,7.0,0.0,0.0,0.0,0.0,0.0,0.0,0.0,0.0,0.0,0.0,0.0,0.0,0.0,7.0,0.0,0.0,7.0,0.0,0.0,0.0,0.0,0.0,0.0,0.0,0.0,0.0,0.0,7.0,0.0,0.0,7.0,0.0,0.0,0.0,0.0,0.0,0.0,0.0,0.0,0.0,0.0,0.0,0.0,"Jan 19, 2017"
938,2203055.0,25880.0,Babylon,Hashimiya,Hay Al Zahraa-Qassim,حي الزهراء-القاسم,32.2984379259,44.6902748136,31.0,186.0,4.0,0.0,0.0,0.0,0.0,0.0,0.0,0.0,0.0,0.0,0.0,0.0,27.0,0.0,0.0,0.0,0.0,0.0,0.0,4.0,0.0,0.0,0.0,0.0,0.0,0.0,27.0,0.0,0.0,27.0,0.0,0.0,0.0,0.0,0.0,0.0,0.0,0.0,0.0,0.0,19.0,0.0,8.0,19.0,4.0,8.0,0.0,4.0,0.0,0.0,0.0,0.0,0.0,0.0,0.0,0.0,"Jan 19, 2017"
939,2203056.0,6690.0,Babylon,Hashimiya,Hay al-humran,الحمران,32.30528243,44.68087808,13.0,78.0,1.0,0.0,0.0,0.0,0.0,0.0,0.0,0.0,1.0,0.0,0.0,0.0,11.0,0.0,0.0,0.0,0.0,0.0,0.0,0.0,0.0,0.0,0.0,0.0,0.0,2.0,11.0,2.0,0.0,11.0,0.0,0.0,0.0,0.0,0.0,0.0,0.0,0.0,0.0,0.0,8.0,0.0,4.0,8.0,0.0,4.0,1.0,0.0,0.0,1.0,0.0,0.0,0.0,0.0,0.0,0.0,"Jan 19, 2017"
940,2203057.0,25964.0,Babylon,Hashimiya,Hay Al-Hussein-2,حي الحسين-2,32.39733076,44.6798488,12.0,72.0,6.0,0.0,0.0,0.0,0.0,0.0,0.0,0.0,0.0,0.0,0.0,0.0,6.0,0.0,0.0,0.0,0.0,0.0,0.0,0.0,0.0,0.0,0.0,0.0,0.0,0.0,12.0,0.0,0.0,12.0,0.0,0.0,0.0,0.0,0.0,0.0,0.0,0.0,0.0,0.0,6.0,0.0,0.0,6.0,4.0,0.0,2.0,4.0,0.0,2.0,0.0,0.0,0.0,0.0,0.0,0.0,"Jan 19, 2017"
941,2203058.0,25965.0,Babylon,Hashimiya,Hay Al-Hussein-3,حي الحسين-3,32.39101438,44.67934242,13.0,78.0,6.0,0.0,0.0,0.0,0.0,0.0,0.0,0.0,0.0,0.0,0.0,0.0,7.0,0.0,0.0,0.0,0.0,0.0,0.0,0.0,0.0,0.0,0.0,0.0,0.0,0.0,13.0,0.0,0.0,13.0,0.0,0.0,0.0,0.0,0.0,0.0,0.0,0.0,0.0,0.0,5.0,0.0,2.0,5.0,6.0,2.0,0.0,6.0,0.0,0.0,0.0,0.0,0.0,0.0,0.0,0.0,"Jan 19, 2017"
942,2203059.0,25966.0,Babylon,Hashimiya,Hay Al-Hussein-4,حي الحسين-4,32.38986245,44.67780819,10.0,60.0,10.0,0.0,0.0,0.0,0.0,0.0,0.0,0.0,0.0,0.0,0.0,0.0,0.0,0.0,0.0,0.0,0.0,0.0,0.0,0.0,0.0,0.0,0.0,0.0,0.0,0.0,10.0,0.0,0.0,10.0,0.0,0.0,0.0,0.0,0.0,0.0,0.0,0.0,0.0,0.0,0.0,0.0,0.0,0.0,10.0,0.0,0.0,10.0,0.0,0.0,0.0,0.0,0.0,0.0,0.0,0.0,"Jan 19, 2017"
943,2203060.0,25967.0,Babylon,Hashimiya,Hay Al-Hussein-5,حي الحسين-5,32.38845865,44.67827674,15.0,90.0,0.0,0.0,1.0,0.0,0.0,0.0,0.0,0.0,0.0,0.0,0.0,0.0,14.0,0.0,0.0,0.0,0.0,0.0,0.0,0.0,0.0,0.0,0.0,0.0,0.0,0.0,1.0,0.0,0.0,1.0,0.0,0.0,0.0,0.0,14.0,0.0,0.0,14.0,0.0,0.0,15.0,0.0,0.0,15.0,0.0,0.0,0.0,0.0,0.0,0.0,0.0,0.0,0.0,0.0,0.0,0.0,"Jan 19, 2017"
944,2203061.0,6661.0,Babylon,Hashimiya,Hay al-jasmiyah,الجاسمية,32.2976228506,44.6801706241,17.0,102.0,9.0,0.0,0.0,0.0,0.0,0.0,0.0,0.0,0.0,0.0,0.0,0.0,8.0,0.0,0.0,0.0,0.0,0.0,0.0,0.0,0.0,0.0,0.0,0.0,0.0,0.0,17.0,0.0,0.0,17.0,0.0,0.0,0.0,0.0,0.0,0.0,0.0,0.0,0.0,0.0,8.0,0.0,0.0,8.0,9.0,0.0,0.0,9.0,0.0,0.0,0.0,0.0,0.0,0.0,0.0,0.0,"Jan 19, 2017"
945,2203062.0,6660.0,Babylon,Hashimiya,Hay al-jidedah,الجديدة,32.2992037854,44.6863000846,16.0,96.0,4.0,0.0,0.0,0.0,0.0,0.0,0.0,0.0,0.0,0.0,0.0,0.0,12.0,0.0,0.0,0.0,0.0,0.0,0.0,0.0,0.0,0.0,0.0,0.0,0.0,0.0,16.0,0.0,0.0,16.0,0.0,0.0,0.0,0.0,0.0,0.0,0.0,0.0,0.0,0.0,0.0,0.0,12.0,0.0,2.0,12.0,2.0,2.0,0.0,2.0,0.0,0.0,0.0,0.0,0.0,0.0,"Jan 19, 2017"
946,2203063.0,7234.0,Babylon,Hashimiya,Hay Al-Mustafa,حي المصطفى,32.36234777,44.65712417,4.0,24.0,0.0,0.0,1.0,0.0,0.0,0.0,0.0,0.0,0.0,0.0,0.0,0.0,3.0,0.0,0.0,0.0,0.0,0.0,0.0,0.0,0.0,3.0,0.0,0.0,3.0,0.0,1.0,0.0,0.0,1.0,0.0,0.0,0.0,0.0,0.0,0.0,0.0,0.0,0.0,0.0,3.0,0.0,1.0,3.0,0.0,1.0,0.0,0.0,0.0,0.0,0.0,0.0,0.0,0.0,0.0,0.0,"Jan 19, 2017"
947,2203064.0,6669.0,Babylon,Hashimiya,Hay alosh,حي علوش,32.2996640507,44.6846015242,25.0,150.0,0.0,0.0,0.0,0.0,0.0,0.0,0.0,0.0,0.0,0.0,0.0,0.0,25.0,0.0,0.0,0.0,0.0,0.0,0.0,3.0,0.0,0.0,0.0,0.0,0.0,0.0,22.0,0.0,0.0,22.0,0.0,0.0,0.0,0.0,0.0,0.0,0.0,0.0,0.0,0.0,9.0,0.0,16.0,9.0,0.0,16.0,0.0,0.0,0.0,0.0,0.0,0.0,0.0,0.0,0.0,0.0,"Jan 19, 2017"
948,2203065.0,7235.0,Babylon,Hashimiya,Hay Al-Sadiq,حي الصادق,32.36472462,44.6502148,10.0,60.0,4.0,0.0,0.0,0.0,0.0,0.0,0.0,0.0,0.0,0.0,0.0,0.0,5.0,0.0,1.0,0.0,0.0,0.0,0.0,0.0,0.0,0.0,0.0,0.0,0.0,0.0,10.0,0.0,0.0,10.0,0.0,0.0,0.0,0.0,0.0,0.0,0.0,0.0,0.0,0.0,5.0,0.0,1.0,5.0,0.0,1.0,4.0,0.0,0.0,4.0,0.0,0.0,0.0,0.0,0.0,0.0,"Jan 19, 2017"
949,2203066.0,6711.0,Babylon,Hashimiya,Hay al-tahady,ناحية الشوملي-التحدي,32.3252165407,44.9187265393,4.0,24.0,1.0,0.0,0.0,0.0,0.0,0.0,0.0,0.0,0.0,0.0,0.0,0.0,3.0,0.0,0.0,0.0,0.0,0.0,0.0,0.0,0.0,0.0,0.0,0.0,0.0,0.0,4.0,0.0,0.0,4.0,0.0,0.0,0.0,0.0,0.0,0.0,0.0,0.0,0.0,0.0,3.0,0.0,0.0,3.0,1.0,0.0,0.0,1.0,0.0,0.0,0.0,0.0,0.0,0.0,0.0,0.0,"Jan 19, 2017"
950,2203067.0,6694.0,Babylon,Hashimiya,Hay al-wihdah,الوحدة,32.304598277,44.681314548,11.0,66.0,3.0,0.0,0.0,0.0,0.0,0.0,0.0,0.0,0.0,0.0,0.0,0.0,8.0,0.0,0.0,0.0,0.0,0.0,0.0,0.0,0.0,0.0,0.0,0.0,0.0,0.0,11.0,0.0,0.0,11.0,0.0,0.0,0.0,0.0,0.0,0.0,0.0,0.0,0.0,0.0,8.0,0.0,0.0,8.0,0.0,0.0,3.0,0.0,0.0,3.0,0.0,0.0,0.0,0.0,0.0,0.0,"Jan 19, 2017"
951,2203068.0,7160.0,Babylon,Hashimiya,Hay Al-Zahraa,مركز القضاء-حي الزهراء,32.36631096,44.65153853,13.0,78.0,0.0,0.0,0.0,0.0,0.0,0.0,0.0,0.0,0.0,0.0,0.0,0.0,13.0,0.0,0.0,0.0,0.0,0.0,0.0,6.0,0.0,0.0,0.0,0.0,0.0,0.0,7.0,0.0,0.0,7.0,0.0,0.0,0.0,0.0,0.0,0.0,0.0,0.0,0.0,0.0,10.0,0.0,3.0,10.0,0.0,3.0,0.0,0.0,0.0,0.0,0.0,0.0,0.0,0.0,0.0,0.0,"Jan 19, 2017"
952,2203069.0,6663.0,Babylon,Hashimiya,Hay khirbatt,ناحية القاسم-خرباط,32.3004700657,44.6829809723,17.0,102.0,0.0,0.0,0.0,0.0,0.0,0.0,0.0,0.0,0.0,0.0,0.0,0.0,17.0,0.0,0.0,0.0,0.0,0.0,0.0,0.0,0.0,0.0,0.0,0.0,0.0,0.0,17.0,0.0,0.0,17.0,0.0,0.0,0.0,0.0,0.0,0.0,0.0,0.0,0.0,0.0,13.0,0.0,4.0,13.0,0.0,4.0,0.0,0.0,0.0,0.0,0.0,0.0,0.0,0.0,0.0,0.0,"Jan 19, 2017"
953,2203070.0,7213.0,Babylon,Hashimiya,Hay Um Ayash,ناحية القاسم-ام عياش,32.3001810735,44.6796299037,16.0,96.0,0.0,0.0,0.0,0.0,0.0,0.0,0.0,0.0,0.0,0.0,0.0,0.0,16.0,0.0,0.0,0.0,0.0,0.0,0.0,12.0,0.0,0.0,0.0,0.0,0.0,0.0,4.0,0.0,0.0,4.0,0.0,0.0,0.0,0.0,0.0,0.0,0.0,0.0,0.0,0.0,16.0,0.0,0.0,16.0,0.0,0.0,0.0,0.0,0.0,0.0,0.0,0.0,0.0,0.0,0.0,0.0,"Jan 19, 2017"
954,2203071.0,6673.0,Babylon,Hashimiya,Khalaf al-imam,خلف الامام,32.2980403024,44.6845001068,51.0,306.0,1.0,0.0,0.0,0.0,0.0,0.0,0.0,0.0,0.0,0.0,0.0,0.0,50.0,0.0,0.0,0.0,0.0,0.0,0.0,45.0,0.0,0.0,0.0,0.0,0.0,0.0,6.0,0.0,0.0,6.0,0.0,0.0,0.0,0.0,0.0,0.0,0.0,0.0,0.0,0.0,36.0,0.0,14.0,36.0,1.0,14.0,0.0,1.0,0.0,0.0,0.0,0.0,0.0,0.0,0.0,0.0,"Jan 19, 2017"
955,2203073.0,25878.0,Babylon,Hashimiya,Musa Al Kadhum,حي موسى الكاظم,32.2977611544,44.6868427386,9.0,54.0,4.0,0.0,0.0,0.0,0.0,0.0,0.0,0.0,0.0,0.0,0.0,0.0,5.0,0.0,0.0,0.0,0.0,0.0,0.0,0.0,0.0,0.0,0.0,0.0,0.0,0.0,9.0,0.0,0.0,9.0,0.0,0.0,0.0,0.0,0.0,0.0,0.0,0.0,0.0,0.0,5.0,0.0,0.0,5.0,0.0,0.0,4.0,0.0,0.0,4.0,0.0,0.0,0.0,0.0,0.0,0.0,"Jan 19, 2017"
956,2203074.0,22274.0,Babylon,Hashimiya,Qaryat Al Tiyas,قرية التياس,32.38202081,44.68347101,12.0,72.0,0.0,0.0,0.0,0.0,0.0,0.0,0.0,0.0,0.0,0.0,0.0,0.0,12.0,0.0,0.0,0.0,0.0,0.0,0.0,2.0,0.0,0.0,0.0,0.0,0.0,10.0,0.0,10.0,0.0,0.0,0.0,0.0,0.0,0.0,0.0,0.0,0.0,0.0,0.0,0.0,10.0,0.0,2.0,10.0,0.0,2.0,0.0,0.0,0.0,0.0,0.0,0.0,0.0,0.0,0.0,0.0,"Jan 19, 2017"
957,2203075.0,6664.0,Babylon,Hashimiya,Hay Al-Shuhadaa,حي الشهداء,32.3280782075,44.9180211936,1.0,6.0,1.0,0.0,0.0,0.0,0.0,0.0,0.0,0.0,0.0,0.0,0.0,0.0,0.0,0.0,0.0,0.0,0.0,0.0,0.0,0.0,0.0,0.0,0.0,0.0,0.0,0.0,1.0,0.0,0.0,1.0,0.0,0.0,0.0,0.0,0.0,0.0,0.0,0.0,0.0,0.0,0.0,0.0,0.0,0.0,0.0,0.0,1.0,0.0,0.0,1.0,0.0,0.0,0.0,0.0,0.0,0.0,"Jan 19, 2017"
958,2203076.0,27406.0,Babylon,Hashimiya,Hay Al-Hussein-1,حي الحسين-1,32.40009206,44.68209671,11.0,66.0,7.0,0.0,0.0,0.0,0.0,0.0,0.0,0.0,0.0,0.0,0.0,0.0,4.0,0.0,0.0,0.0,0.0,0.0,0.0,0.0,0.0,0.0,0.0,0.0,0.0,0.0,11.0,0.0,0.0,11.0,0.0,0.0,0.0,0.0,0.0,0.0,0.0,0.0,0.0,0.0,4.0,0.0,0.0,4.0,4.0,0.0,3.0,4.0,0.0,3.0,0.0,0.0,0.0,0.0,0.0,0.0,"Jan 19, 2017"
959,2204002.0,7011.0,Babylon,Hilla,Abi gharaq al-awsatt,ابي غرق الاوسط,32.47751513,44.33383669,17.0,102.0,0.0,0.0,0.0,0.0,0.0,0.0,0.0,0.0,0.0,0.0,0.0,0.0,17.0,0.0,0.0,0.0,0.0,0.0,0.0,0.0,0.0,0.0,0.0,0.0,0.0,7.0,10.0,7.0,0.0,10.0,0.0,0.0,0.0,0.0,0.0,0.0,0.0,0.0,0.0,0.0,17.0,0.0,0.0,17.0,0.0,0.0,0.0,0.0,0.0,0.0,0.0,0.0,0.0,0.0,0.0,0.0,"Jan 19, 2017"
960,2204003.0,25600.0,Babylon,Hilla,Abi Gharaq-Ahmed Ben Kadhum,قرية احمد بن كاظم,32.5359128876,44.3254008817,8.0,48.0,0.0,0.0,0.0,0.0,0.0,0.0,0.0,0.0,0.0,0.0,0.0,0.0,8.0,0.0,0.0,0.0,0.0,0.0,0.0,6.0,0.0,0.0,0.0,0.0,0.0,0.0,2.0,0.0,0.0,2.0,0.0,0.0,0.0,0.0,0.0,0.0,0.0,0.0,0.0,0.0,8.0,0.0,0.0,8.0,0.0,0.0,0.0,0.0,0.0,0.0,0.0,0.0,0.0,0.0,0.0,0.0,"Jan 19, 2017"
961,2204005.0,25601.0,Babylon,Hilla,Abi Gharaq-Al Shurta,حي الشرطه,32.52969634,44.35041625,10.0,60.0,0.0,0.0,0.0,0.0,0.0,0.0,0.0,0.0,0.0,0.0,0.0,0.0,10.0,0.0,0.0,0.0,0.0,0.0,0.0,2.0,0.0,0.0,0.0,0.0,0.0,1.0,7.0,1.0,0.0,7.0,0.0,0.0,0.0,0.0,0.0,0.0,0.0,0.0,0.0,0.0,10.0,0.0,0.0,10.0,0.0,0.0,0.0,0.0,0.0,0.0,0.0,0.0,0.0,0.0,0.0,0.0,"Jan 19, 2017"
962,2204006.0,6824.0,Babylon,Hilla,Abi Gharaq-Albu Hamdan,قرية البو حمدان,32.50885849,44.29494297,8.0,48.0,0.0,0.0,0.0,0.0,0.0,0.0,0.0,0.0,0.0,0.0,0.0,0.0,6.0,0.0,2.0,0.0,0.0,0.0,0.0,2.0,0.0,0.0,0.0,0.0,0.0,4.0,2.0,4.0,0.0,2.0,0.0,0.0,0.0,0.0,0.0,0.0,0.0,0.0,0.0,0.0,8.0,0.0,0.0,8.0,0.0,0.0,0.0,0.0,0.0,0.0,0.0,0.0,0.0,0.0,0.0,0.0,"Jan 19, 2017"
963,2204007.0,25599.0,Babylon,Hilla,Abi Gharaq-Hay Al Ahrar,حي الاحرار,32.5306336,44.34459799,21.0,126.0,1.0,0.0,0.0,0.0,0.0,0.0,0.0,0.0,0.0,0.0,0.0,0.0,20.0,0.0,0.0,0.0,0.0,0.0,0.0,0.0,0.0,0.0,0.0,0.0,0.0,0.0,20.0,0.0,0.0,20.0,0.0,0.0,0.0,0.0,1.0,0.0,0.0,1.0,0.0,0.0,20.0,0.0,0.0,20.0,1.0,0.0,0.0,1.0,0.0,0.0,0.0,0.0,0.0,0.0,0.0,0.0,"Jan 19, 2017"
964,2204008.0,25602.0,Babylon,Hilla,Abi Gharaq-Musa Al Kadhum,قرية موسى الكاظم,32.45171897,44.36374012,5.0,30.0,2.0,0.0,0.0,0.0,0.0,0.0,0.0,0.0,0.0,0.0,0.0,0.0,3.0,0.0,0.0,0.0,0.0,0.0,0.0,5.0,0.0,0.0,0.0,0.0,0.0,0.0,0.0,0.0,0.0,0.0,0.0,0.0,0.0,0.0,0.0,0.0,0.0,0.0,0.0,0.0,3.0,0.0,0.0,3.0,0.0,0.0,2.0,0.0,0.0,2.0,0.0,0.0,0.0,0.0,0.0,0.0,"Jan 19, 2017"
965,2204009.0,25607.0,Babylon,Hilla,Abi Gharaq-Rack Sweelim,راك سويلم,32.45847101,44.35647058,5.0,30.0,0.0,0.0,0.0,0.0,0.0,0.0,0.0,0.0,0.0,0.0,0.0,0.0,5.0,0.0,0.0,0.0,0.0,0.0,0.0,5.0,0.0,0.0,0.0,0.0,0.0,0.0,0.0,0.0,0.0,0.0,0.0,0.0,0.0,0.0,0.0,0.0,0.0,0.0,0.0,0.0,0.0,0.0,5.0,0.0,0.0,5.0,0.0,0.0,0.0,0.0,0.0,0.0,0.0,0.0,0.0,0.0,"Jan 19, 2017"
966,2204011.0,24459.0,Babylon,Hilla,Abo Hadma,ابو هدمة,32.5178982,44.48329406,17.0,102.0,0.0,0.0,0.0,0.0,0.0,0.0,0.0,0.0,0.0,0.0,0.0,0.0,17.0,0.0,0.0,0.0,0.0,0.0,0.0,0.0,0.0,0.0,0.0,0.0,0.0,17.0,0.0,17.0,0.0,0.0,0.0,0.0,0.0,0.0,0.0,0.0,0.0,0.0,0.0,0.0,0.0,0.0,17.0,0.0,0.0,17.0,0.0,0.0,0.0,0.0,0.0,0.0,0.0,0.0,0.0,0.0,"Jan 19, 2017"
967,2204013.0,25121.0,Babylon,Hilla,Abo Smeech,ابو سميج,32.25142547,44.43103851,17.0,102.0,0.0,0.0,0.0,0.0,0.0,0.0,0.0,0.0,0.0,0.0,0.0,0.0,17.0,0.0,0.0,0.0,0.0,0.0,0.0,7.0,0.0,0.0,0.0,0.0,0.0,10.0,0.0,10.0,0.0,0.0,0.0,0.0,0.0,0.0,0.0,0.0,0.0,0.0,0.0,0.0,17.0,0.0,0.0,17.0,0.0,0.0,0.0,0.0,0.0,0.0,0.0,0.0,0.0,0.0,0.0,0.0,"Jan 19, 2017"
968,2204015.0,24274.0,Babylon,Hilla,Abu Khastawi,أبو خستاوي,32.5106018303,44.4050264502,42.0,252.0,3.0,0.0,0.0,0.0,0.0,0.0,0.0,0.0,0.0,0.0,0.0,0.0,39.0,0.0,0.0,0.0,0.0,0.0,0.0,0.0,0.0,0.0,0.0,0.0,0.0,5.0,37.0,5.0,0.0,37.0,0.0,0.0,0.0,0.0,0.0,0.0,0.0,0.0,0.0,0.0,39.0,0.0,0.0,39.0,3.0,0.0,0.0,3.0,0.0,0.0,0.0,0.0,0.0,0.0,0.0,0.0,"Jan 19, 2017"
969,2204016.0,25877.0,Babylon,Hilla,Al Abodiya,العبوديه,32.4890389962,44.4551389487,22.0,132.0,4.0,0.0,1.0,0.0,0.0,1.0,0.0,0.0,0.0,0.0,0.0,0.0,16.0,0.0,0.0,0.0,0.0,0.0,0.0,0.0,0.0,0.0,0.0,0.0,0.0,0.0,22.0,0.0,0.0,22.0,0.0,0.0,0.0,0.0,0.0,0.0,0.0,0.0,0.0,0.0,20.0,0.0,2.0,20.0,0.0,2.0,0.0,0.0,0.0,0.0,0.0,0.0,0.0,0.0,0.0,0.0,"Jan 19, 2017"
970,2204017.0,24788.0,Babylon,Hilla,Al adel,العدل,32.4529580635,44.3948434299,19.0,114.0,3.0,0.0,0.0,0.0,0.0,0.0,0.0,0.0,0.0,0.0,0.0,0.0,11.0,0.0,5.0,0.0,0.0,0.0,0.0,0.0,0.0,0.0,0.0,0.0,0.0,0.0,19.0,0.0,0.0,19.0,0.0,0.0,0.0,0.0,0.0,0.0,0.0,0.0,0.0,0.0,11.0,0.0,5.0,11.0,0.0,5.0,3.0,0.0,0.0,3.0,0.0,0.0,0.0,0.0,0.0,0.0,"Jan 19, 2017"
971,2204018.0,24161.0,Babylon,Hilla,Al Akrameen,الاكرمين,32.4657720653,44.4034723447,32.0,192.0,2.0,0.0,0.0,0.0,0.0,0.0,0.0,0.0,0.0,0.0,0.0,0.0,22.0,0.0,8.0,0.0,0.0,0.0,0.0,0.0,0.0,0.0,0.0,0.0,0.0,0.0,32.0,0.0,0.0,32.0,0.0,0.0,0.0,0.0,0.0,0.0,0.0,0.0,0.0,0.0,22.0,0.0,8.0,22.0,2.0,8.0,0.0,2.0,0.0,0.0,0.0,0.0,0.0,0.0,0.0,0.0,"Jan 19, 2017"
972,2204020.0,25876.0,Babylon,Hilla,Al Bakraly-1,البكرلي-1,32.49665096,44.4462955,43.0,258.0,14.0,0.0,0.0,0.0,0.0,1.0,0.0,0.0,0.0,0.0,0.0,0.0,28.0,0.0,0.0,0.0,0.0,0.0,0.0,0.0,0.0,0.0,0.0,0.0,0.0,0.0,43.0,0.0,0.0,43.0,0.0,0.0,0.0,0.0,0.0,0.0,0.0,0.0,0.0,0.0,29.0,0.0,0.0,29.0,13.0,0.0,1.0,13.0,0.0,1.0,0.0,0.0,0.0,0.0,0.0,0.0,"Jan 19, 2017"
973,2204021.0,25875.0,Babylon,Hilla,Al Bakraly-3,البكرلي-3,32.4931284263,44.4609244998,96.0,576.0,38.0,0.0,0.0,0.0,0.0,2.0,0.0,0.0,1.0,0.0,0.0,0.0,51.0,0.0,4.0,0.0,0.0,0.0,0.0,0.0,0.0,0.0,0.0,0.0,0.0,0.0,96.0,0.0,0.0,96.0,0.0,0.0,0.0,0.0,0.0,0.0,0.0,0.0,0.0,0.0,36.0,0.0,22.0,36.0,32.0,22.0,6.0,32.0,0.0,6.0,0.0,0.0,0.0,0.0,0.0,0.0,"Jan 19, 2017"
974,2204022.0,22607.0,Babylon,Hilla,Al Baqer,قرية الباقر,32.5240689389,44.3682636498,52.0,312.0,0.0,0.0,0.0,0.0,0.0,0.0,0.0,0.0,0.0,0.0,0.0,0.0,52.0,0.0,0.0,0.0,0.0,0.0,0.0,0.0,0.0,0.0,0.0,0.0,0.0,11.0,0.0,11.0,0.0,0.0,0.0,0.0,0.0,0.0,41.0,0.0,0.0,41.0,0.0,0.0,52.0,0.0,0.0,52.0,0.0,0.0,0.0,0.0,0.0,0.0,0.0,0.0,0.0,0.0,0.0,0.0,"Jan 19, 2017"
975,2204023.0,24458.0,Babylon,Hilla,Al Daghaghla-Abu Gharaq,ناحية ابي غرق-الدغاغله,32.4872493534,44.319199212,3.0,18.0,0.0,0.0,0.0,0.0,0.0,0.0,0.0,0.0,0.0,0.0,0.0,0.0,3.0,0.0,0.0,0.0,0.0,0.0,0.0,0.0,0.0,0.0,0.0,0.0,0.0,0.0,3.0,0.0,0.0,3.0,0.0,0.0,0.0,0.0,0.0,0.0,0.0,0.0,0.0,0.0,0.0,0.0,3.0,0.0,0.0,3.0,0.0,0.0,0.0,0.0,0.0,0.0,0.0,0.0,0.0,0.0,"Jan 19, 2017"
976,2204024.0,24973.0,Babylon,Hilla,Al Dola,الدوله,32.21120043,44.39480186,15.0,90.0,0.0,0.0,0.0,0.0,0.0,0.0,0.0,0.0,0.0,0.0,0.0,0.0,15.0,0.0,0.0,0.0,0.0,0.0,0.0,3.0,0.0,0.0,0.0,0.0,0.0,12.0,0.0,12.0,0.0,0.0,0.0,0.0,0.0,0.0,0.0,0.0,0.0,0.0,0.0,0.0,3.0,0.0,12.0,3.0,0.0,12.0,0.0,0.0,0.0,0.0,0.0,0.0,0.0,0.0,0.0,0.0,"Jan 19, 2017"
977,2204025.0,24647.0,Babylon,Hilla,Al Dolab villge,قرية الدولاب,32.44367301,44.46436416,32.0,192.0,2.0,0.0,0.0,0.0,0.0,0.0,0.0,0.0,0.0,0.0,0.0,0.0,30.0,0.0,0.0,0.0,0.0,0.0,0.0,18.0,0.0,0.0,0.0,0.0,0.0,0.0,14.0,0.0,0.0,14.0,0.0,0.0,0.0,0.0,0.0,0.0,0.0,0.0,0.0,0.0,30.0,0.0,0.0,30.0,2.0,0.0,0.0,2.0,0.0,0.0,0.0,0.0,0.0,0.0,0.0,0.0,"Jan 19, 2017"
978,2204026.0,24689.0,Babylon,Hilla,Al Ghales,الغليس,32.44214898,44.44841277,12.0,72.0,5.0,0.0,0.0,0.0,0.0,0.0,0.0,0.0,0.0,0.0,0.0,0.0,7.0,0.0,0.0,0.0,0.0,0.0,0.0,0.0,0.0,0.0,0.0,0.0,0.0,0.0,12.0,0.0,0.0,12.0,0.0,0.0,0.0,0.0,0.0,0.0,0.0,0.0,0.0,0.0,3.0,0.0,3.0,3.0,5.0,3.0,0.0,5.0,0.0,0.0,1.0,0.0,0.0,1.0,0.0,0.0,"Jan 19, 2017"
979,2204027.0,21616.0,Babylon,Hilla,Al Hamam,ناحية ابي غرق-الحمام,32.5392026304,44.3278692207,20.0,120.0,4.0,0.0,0.0,0.0,0.0,0.0,0.0,0.0,0.0,0.0,0.0,0.0,3.0,0.0,13.0,0.0,0.0,0.0,0.0,13.0,0.0,0.0,0.0,0.0,0.0,0.0,7.0,0.0,0.0,7.0,0.0,0.0,0.0,0.0,0.0,0.0,0.0,0.0,0.0,0.0,3.0,0.0,13.0,3.0,2.0,13.0,2.0,2.0,0.0,2.0,0.0,0.0,0.0,0.0,0.0,0.0,"Jan 19, 2017"
980,2204028.0,22136.0,Babylon,Hilla,Al Hay Al Askary-Street 80,العسكري-80,32.44409911,44.3952592192,77.0,462.0,25.0,0.0,0.0,0.0,0.0,0.0,0.0,0.0,0.0,0.0,0.0,0.0,50.0,0.0,2.0,0.0,0.0,0.0,0.0,0.0,0.0,0.0,0.0,0.0,0.0,0.0,77.0,0.0,0.0,77.0,0.0,0.0,0.0,0.0,0.0,0.0,0.0,0.0,0.0,0.0,34.0,0.0,18.0,34.0,23.0,18.0,2.0,23.0,0.0,2.0,0.0,0.0,0.0,0.0,0.0,0.0,"Jan 19, 2017"
981,2204029.0,23948.0,Babylon,Hilla,Al Hukam Al Rafdeen,الحكام والرافدين,32.4941013472,44.4292056611,21.0,126.0,11.0,0.0,0.0,0.0,0.0,0.0,0.0,0.0,0.0,0.0,0.0,0.0,10.0,0.0,0.0,0.0,0.0,0.0,0.0,3.0,0.0,0.0,0.0,0.0,0.0,0.0,18.0,0.0,0.0,18.0,0.0,0.0,0.0,0.0,0.0,0.0,0.0,0.0,4.0,0.0,9.0,4.0,5.0,9.0,3.0,5.0,0.0,3.0,0.0,0.0,0.0,0.0,0.0,0.0,0.0,0.0,"Jan 19, 2017"
982,2204031.0,21666.0,Babylon,Hilla,Al Ibrahimiyah-Al Mashtah,الابراهيمية والماشطة,32.4742305034,44.4353908485,15.0,90.0,6.0,0.0,0.0,0.0,0.0,0.0,0.0,0.0,0.0,0.0,0.0,0.0,9.0,0.0,0.0,0.0,0.0,0.0,0.0,0.0,0.0,0.0,0.0,0.0,0.0,0.0,15.0,0.0,0.0,15.0,0.0,0.0,0.0,0.0,0.0,0.0,0.0,0.0,0.0,0.0,9.0,0.0,0.0,9.0,6.0,0.0,0.0,6.0,0.0,0.0,0.0,0.0,0.0,0.0,0.0,0.0,"Jan 19, 2017"
983,2204032.0,25122.0,Babylon,Hilla,Al Imam Zaid,الامام زيد,32.21551178,44.44305288,13.0,78.0,1.0,0.0,0.0,0.0,0.0,0.0,0.0,0.0,0.0,0.0,0.0,0.0,12.0,0.0,0.0,0.0,0.0,0.0,0.0,1.0,0.0,0.0,0.0,0.0,0.0,12.0,0.0,12.0,0.0,0.0,0.0,0.0,0.0,0.0,0.0,0.0,0.0,0.0,0.0,0.0,0.0,0.0,12.0,0.0,0.0,12.0,1.0,0.0,0.0,1.0,0.0,0.0,0.0,0.0,0.0,0.0,"Jan 19, 2017"
984,2204033.0,23954.0,Babylon,Hilla,Al Iskan,الاسكان,32.4670318724,44.42438,11.0,66.0,0.0,0.0,0.0,0.0,0.0,0.0,0.0,0.0,0.0,0.0,0.0,0.0,11.0,0.0,0.0,0.0,0.0,0.0,0.0,0.0,0.0,0.0,0.0,0.0,0.0,0.0,11.0,0.0,0.0,11.0,0.0,0.0,0.0,0.0,0.0,0.0,0.0,0.0,0.0,0.0,11.0,0.0,0.0,11.0,0.0,0.0,0.0,0.0,0.0,0.0,0.0,0.0,0.0,0.0,0.0,0.0,"Jan 19, 2017"
985,2204035.0,21678.0,Babylon,Hilla,Al Jamieen,حي الجامعين,32.47390851,44.43787051,30.0,180.0,1.0,0.0,0.0,0.0,0.0,0.0,0.0,0.0,0.0,0.0,0.0,0.0,29.0,0.0,0.0,0.0,0.0,0.0,0.0,0.0,0.0,0.0,0.0,0.0,0.0,0.0,16.0,0.0,0.0,16.0,0.0,0.0,0.0,0.0,14.0,0.0,0.0,14.0,0.0,0.0,29.0,0.0,0.0,29.0,1.0,0.0,0.0,1.0,0.0,0.0,0.0,0.0,0.0,0.0,0.0,0.0,"Jan 19, 2017"
986,2204036.0,24273.0,Babylon,Hilla,Al Jamjamah,الجمجمة,32.5205894699,44.4270830701,24.0,144.0,3.0,0.0,0.0,0.0,0.0,1.0,0.0,0.0,0.0,0.0,0.0,0.0,19.0,0.0,1.0,0.0,0.0,0.0,0.0,5.0,0.0,0.0,0.0,0.0,0.0,0.0,19.0,0.0,0.0,19.0,0.0,0.0,0.0,0.0,0.0,0.0,0.0,0.0,0.0,0.0,19.0,0.0,1.0,19.0,2.0,1.0,2.0,2.0,0.0,2.0,0.0,0.0,0.0,0.0,0.0,0.0,"Jan 19, 2017"
987,2204037.0,24162.0,Babylon,Hilla,Al jazaer,الجزائر,32.51517924,44.44281718,10.0,60.0,7.0,0.0,0.0,0.0,0.0,0.0,0.0,0.0,0.0,0.0,0.0,0.0,3.0,0.0,0.0,0.0,0.0,0.0,0.0,0.0,0.0,0.0,0.0,0.0,0.0,0.0,10.0,0.0,0.0,10.0,0.0,0.0,0.0,0.0,0.0,0.0,0.0,0.0,0.0,0.0,3.0,0.0,0.0,3.0,7.0,0.0,0.0,7.0,0.0,0.0,0.0,0.0,0.0,0.0,0.0,0.0,"Jan 19, 2017"
988,2204038.0,23956.0,Babylon,Hilla,Al Jazrah-Siha,الجزره والصحة,32.5097135129,44.43071,109.0,654.0,3.0,0.0,0.0,0.0,0.0,2.0,0.0,0.0,0.0,0.0,0.0,0.0,104.0,0.0,0.0,0.0,0.0,0.0,0.0,0.0,86.0,0.0,0.0,0.0,0.0,0.0,23.0,0.0,0.0,23.0,0.0,0.0,0.0,0.0,0.0,0.0,0.0,0.0,0.0,0.0,103.0,0.0,4.0,103.0,0.0,4.0,2.0,0.0,0.0,2.0,0.0,0.0,0.0,0.0,0.0,0.0,"Jan 19, 2017"
989,2204039.0,24295.0,Babylon,Hilla,Al Kafal Area-Al Shahbiyah,ناحية الكفل-الشهابية,32.1928193378,44.3717819095,35.0,210.0,0.0,0.0,0.0,0.0,0.0,0.0,0.0,0.0,0.0,0.0,0.0,0.0,35.0,0.0,0.0,0.0,0.0,0.0,0.0,0.0,0.0,0.0,0.0,0.0,0.0,25.0,10.0,25.0,0.0,10.0,0.0,0.0,0.0,0.0,0.0,0.0,0.0,0.0,0.0,0.0,35.0,0.0,0.0,35.0,0.0,0.0,0.0,0.0,0.0,0.0,0.0,0.0,0.0,0.0,0.0,0.0,"Jan 19, 2017"
990,2204040.0,24563.0,Babylon,Hilla,Al Kafal-Khan Sayed Nour,ناحية الكفل-خان سيد نور,32.2257043104,44.357926707,23.0,138.0,0.0,0.0,0.0,0.0,0.0,0.0,0.0,0.0,0.0,0.0,0.0,0.0,23.0,0.0,0.0,0.0,0.0,0.0,0.0,0.0,0.0,0.0,0.0,0.0,0.0,20.0,3.0,20.0,0.0,3.0,0.0,0.0,0.0,0.0,0.0,0.0,0.0,0.0,0.0,0.0,18.0,0.0,5.0,18.0,0.0,5.0,0.0,0.0,0.0,0.0,0.0,0.0,0.0,0.0,0.0,0.0,"Jan 19, 2017"
991,2204041.0,24564.0,Babylon,Hilla,Al Kifil-Barthawil,ناحية الكفل-برذويل,32.22379763,44.34492619,26.0,156.0,1.0,0.0,0.0,0.0,0.0,0.0,0.0,0.0,0.0,0.0,0.0,0.0,25.0,0.0,0.0,0.0,0.0,0.0,0.0,0.0,0.0,0.0,0.0,0.0,0.0,21.0,5.0,21.0,0.0,5.0,0.0,0.0,0.0,0.0,0.0,0.0,0.0,0.0,0.0,0.0,25.0,0.0,0.0,25.0,0.0,0.0,1.0,0.0,0.0,1.0,0.0,0.0,0.0,0.0,0.0,0.0,"Jan 19, 2017"
992,2204042.0,24562.0,Babylon,Hilla,Al Kafel-7 Nissan,ناحية الكفل-7 نيسان,32.2190184936,44.368759909,12.0,72.0,4.0,0.0,0.0,0.0,0.0,0.0,0.0,0.0,0.0,0.0,0.0,0.0,8.0,0.0,0.0,0.0,0.0,0.0,0.0,0.0,0.0,0.0,0.0,0.0,0.0,0.0,7.0,0.0,0.0,7.0,0.0,0.0,0.0,0.0,5.0,0.0,0.0,5.0,0.0,0.0,8.0,0.0,0.0,8.0,4.0,0.0,0.0,4.0,0.0,0.0,0.0,0.0,0.0,0.0,0.0,0.0,"Jan 19, 2017"
993,2204043.0,24561.0,Babylon,Hilla,Al Kefel-Al Qasaba Al Qadima,ناحية الكفل-القصبة القديمة,32.2262226835,44.3691014255,51.0,306.0,0.0,0.0,0.0,0.0,0.0,0.0,0.0,0.0,0.0,0.0,0.0,0.0,51.0,0.0,0.0,0.0,0.0,0.0,0.0,0.0,0.0,0.0,0.0,0.0,0.0,0.0,35.0,0.0,0.0,35.0,0.0,0.0,0.0,0.0,16.0,0.0,0.0,16.0,0.0,0.0,21.0,0.0,30.0,21.0,0.0,30.0,0.0,0.0,0.0,0.0,0.0,0.0,0.0,0.0,0.0,0.0,"Jan 19, 2017"
994,2204044.0,25605.0,Babylon,Hilla,Al Kifil-Al Emam Al Khidhir,الكفل-الامام الخضر,32.30499673,44.45540043,6.0,36.0,0.0,0.0,0.0,0.0,0.0,0.0,0.0,0.0,0.0,0.0,0.0,0.0,6.0,0.0,0.0,0.0,0.0,0.0,0.0,6.0,0.0,0.0,0.0,0.0,0.0,0.0,0.0,0.0,0.0,0.0,0.0,0.0,0.0,0.0,0.0,0.0,0.0,0.0,0.0,0.0,6.0,0.0,0.0,6.0,0.0,0.0,0.0,0.0,0.0,0.0,0.0,0.0,0.0,0.0,0.0,0.0,"Jan 19, 2017"
995,2204045.0,25603.0,Babylon,Hilla,Al Kifil-Al Meghadhbia,ناحية الكفل-المغضبيه,32.2333950831,44.388280412,11.0,66.0,1.0,0.0,0.0,0.0,0.0,0.0,0.0,0.0,0.0,0.0,0.0,0.0,10.0,0.0,0.0,0.0,0.0,0.0,0.0,11.0,0.0,0.0,0.0,0.0,0.0,0.0,0.0,0.0,0.0,0.0,0.0,0.0,0.0,0.0,0.0,0.0,0.0,0.0,0.0,0.0,10.0,0.0,0.0,10.0,1.0,0.0,0.0,1.0,0.0,0.0,0.0,0.0,0.0,0.0,0.0,0.0,"Jan 19, 2017"
996,2204046.0,24978.0,Babylon,Hilla,Al Kifil-Hay Al Zahraa,الكفل-حي الزهراء,32.2255905079,44.3717539962,33.0,198.0,1.0,0.0,0.0,0.0,0.0,0.0,0.0,0.0,0.0,0.0,0.0,0.0,32.0,0.0,0.0,0.0,0.0,0.0,0.0,0.0,0.0,0.0,0.0,0.0,0.0,0.0,33.0,0.0,0.0,33.0,0.0,0.0,0.0,0.0,0.0,0.0,0.0,0.0,0.0,0.0,29.0,0.0,3.0,29.0,1.0,3.0,0.0,1.0,0.0,0.0,0.0,0.0,0.0,0.0,0.0,0.0,"Jan 19, 2017"
997,2204048.0,25123.0,Babylon,Hilla,Al Maamra,المعامره,32.24013769,44.36547652,6.0,36.0,0.0,0.0,0.0,0.0,0.0,0.0,0.0,0.0,0.0,0.0,0.0,0.0,6.0,0.0,0.0,0.0,0.0,0.0,0.0,4.0,0.0,0.0,0.0,0.0,0.0,2.0,0.0,2.0,0.0,0.0,0.0,0.0,0.0,0.0,0.0,0.0,0.0,0.0,0.0,0.0,4.0,0.0,2.0,4.0,0.0,2.0,0.0,0.0,0.0,0.0,0.0,0.0,0.0,0.0,0.0,0.0,"Jan 19, 2017"
998,2204049.0,24971.0,Babylon,Hilla,Al Marana,المرانة,32.5115148147,44.4292336197,5.0,30.0,0.0,0.0,0.0,0.0,0.0,0.0,0.0,0.0,0.0,0.0,0.0,0.0,5.0,0.0,0.0,0.0,0.0,0.0,0.0,0.0,0.0,0.0,0.0,0.0,0.0,0.0,5.0,0.0,0.0,5.0,0.0,0.0,0.0,0.0,0.0,0.0,0.0,0.0,0.0,0.0,5.0,0.0,0.0,5.0,0.0,0.0,0.0,0.0,0.0,0.0,0.0,0.0,0.0,0.0,0.0,0.0,"Jan 19, 2017"
999,2204050.0,24972.0,Babylon,Hilla,Al Meleweia,المليوية,32.24801907,44.35021928,32.0,192.0,0.0,0.0,0.0,0.0,0.0,0.0,0.0,0.0,0.0,0.0,0.0,0.0,32.0,0.0,0.0,0.0,0.0,0.0,0.0,0.0,0.0,0.0,0.0,0.0,0.0,32.0,0.0,32.0,0.0,0.0,0.0,0.0,0.0,0.0,0.0,0.0,0.0,0.0,0.0,0.0,25.0,0.0,7.0,25.0,0.0,7.0,0.0,0.0,0.0,0.0,0.0,0.0,0.0,0.0,0.0,0.0,"Jan 19, 2017"
1000,2204051.0,23953.0,Babylon,Hilla,Al Mualmeen,حي المعلمين,32.46726438,44.400636,20.0,120.0,5.0,0.0,0.0,0.0,0.0,1.0,0.0,0.0,0.0,0.0,0.0,0.0,14.0,0.0,0.0,0.0,0.0,0.0,0.0,0.0,0.0,0.0,0.0,0.0,0.0,0.0,20.0,0.0,0.0,20.0,0.0,0.0,0.0,0.0,0.0,0.0,0.0,0.0,0.0,0.0,14.0,0.0,1.0,14.0,1.0,1.0,4.0,1.0,0.0,4.0,0.0,0.0,0.0,0.0,0.0,0.0,"Jan 19, 2017"
1001,2204052.0,24772.0,Babylon,Hilla,Al Mulhaq,الملحق,32.22323537,44.36573175,30.0,180.0,3.0,0.0,0.0,0.0,0.0,0.0,0.0,0.0,0.0,0.0,0.0,0.0,27.0,0.0,0.0,0.0,0.0,0.0,0.0,10.0,0.0,0.0,0.0,0.0,0.0,3.0,17.0,3.0,0.0,17.0,0.0,0.0,0.0,0.0,0.0,0.0,0.0,0.0,0.0,0.0,27.0,0.0,0.0,27.0,3.0,0.0,0.0,3.0,0.0,0.0,0.0,0.0,0.0,0.0,0.0,0.0,"Jan 19, 2017"
1002,2204053.0,23952.0,Babylon,Hilla,Al Murtada 2,المرتضى 2,32.46871856,44.41550345,2.0,12.0,1.0,0.0,0.0,0.0,0.0,0.0,0.0,0.0,0.0,0.0,0.0,0.0,1.0,0.0,0.0,0.0,0.0,0.0,0.0,0.0,0.0,0.0,0.0,0.0,0.0,0.0,2.0,0.0,0.0,2.0,0.0,0.0,0.0,0.0,0.0,0.0,0.0,0.0,0.0,0.0,1.0,0.0,0.0,1.0,0.0,0.0,1.0,0.0,0.0,1.0,0.0,0.0,0.0,0.0,0.0,0.0,"Jan 19, 2017"
1003,2204054.0,24695.0,Babylon,Hilla,Al Nakhilah Al Sharqiyah,النخيلة الشرقية,32.42170736,44.48999237,35.0,210.0,0.0,0.0,0.0,0.0,0.0,0.0,0.0,0.0,0.0,0.0,0.0,0.0,35.0,0.0,0.0,0.0,0.0,0.0,0.0,23.0,0.0,0.0,0.0,0.0,0.0,0.0,3.0,0.0,0.0,3.0,0.0,0.0,0.0,0.0,9.0,0.0,0.0,9.0,0.0,0.0,35.0,0.0,0.0,35.0,0.0,0.0,0.0,0.0,0.0,0.0,0.0,0.0,0.0,0.0,0.0,0.0,"Jan 19, 2017"
1004,2204055.0,24974.0,Babylon,Hilla,Al Neaamya,النعيمية,32.27751263,44.34771796,12.0,72.0,0.0,0.0,0.0,0.0,0.0,0.0,0.0,0.0,0.0,0.0,0.0,0.0,12.0,0.0,0.0,0.0,0.0,0.0,0.0,0.0,0.0,0.0,0.0,0.0,0.0,12.0,0.0,12.0,0.0,0.0,0.0,0.0,0.0,0.0,0.0,0.0,0.0,0.0,0.0,0.0,12.0,0.0,0.0,12.0,0.0,0.0,0.0,0.0,0.0,0.0,0.0,0.0,0.0,0.0,0.0,0.0,"Jan 19, 2017"
1005,2204056.0,25124.0,Babylon,Hilla,Al Neshaish,النشيش,32.4659184499,44.5003517823,22.0,132.0,0.0,0.0,21.0,0.0,0.0,0.0,0.0,0.0,0.0,0.0,0.0,0.0,1.0,0.0,0.0,0.0,0.0,0.0,0.0,21.0,0.0,0.0,0.0,0.0,0.0,0.0,1.0,0.0,0.0,1.0,0.0,0.0,0.0,0.0,0.0,0.0,0.0,0.0,0.0,0.0,1.0,0.0,21.0,1.0,0.0,21.0,0.0,0.0,0.0,0.0,0.0,0.0,0.0,0.0,0.0,0.0,"Jan 19, 2017"
1006,2204057.0,24671.0,Babylon,Hilla,Al Oufy village,ناحية ابي غرق-قرية عوفي,32.43218834,44.31959566,16.0,96.0,0.0,0.0,0.0,0.0,0.0,0.0,0.0,0.0,0.0,0.0,0.0,0.0,16.0,0.0,0.0,0.0,0.0,0.0,0.0,16.0,0.0,0.0,0.0,0.0,0.0,0.0,0.0,0.0,0.0,0.0,0.0,0.0,0.0,0.0,0.0,0.0,0.0,0.0,0.0,0.0,16.0,0.0,0.0,16.0,0.0,0.0,0.0,0.0,0.0,0.0,0.0,0.0,0.0,0.0,0.0,0.0,"Jan 19, 2017"
1007,2204058.0,24696.0,Babylon,Hilla,Al Rashediyah,الرشيدية,32.41898973,44.47220807,11.0,66.0,0.0,0.0,0.0,0.0,0.0,0.0,0.0,0.0,0.0,0.0,0.0,0.0,11.0,0.0,0.0,0.0,0.0,0.0,0.0,0.0,0.0,0.0,0.0,0.0,0.0,11.0,0.0,11.0,0.0,0.0,0.0,0.0,0.0,0.0,0.0,0.0,0.0,0.0,0.0,0.0,8.0,0.0,3.0,8.0,0.0,3.0,0.0,0.0,0.0,0.0,0.0,0.0,0.0,0.0,0.0,0.0,"Jan 19, 2017"
1008,2204059.0,25450.0,Babylon,Hilla,Al Sajad Alshimaly,السجاد الشمالي,32.4417722337,44.42320948,9.0,54.0,2.0,0.0,0.0,0.0,0.0,0.0,0.0,0.0,0.0,0.0,0.0,0.0,7.0,0.0,0.0,0.0,0.0,0.0,0.0,0.0,0.0,0.0,0.0,0.0,0.0,0.0,5.0,0.0,0.0,5.0,0.0,0.0,0.0,0.0,4.0,0.0,0.0,4.0,0.0,0.0,0.0,0.0,7.0,0.0,0.0,7.0,2.0,0.0,0.0,2.0,0.0,0.0,0.0,0.0,0.0,0.0,"Jan 19, 2017"
1009,2204060.0,24693.0,Babylon,Hilla,Al Sayih,ناحية ابي غرق-السايح,32.55264949,44.39519615,24.0,144.0,0.0,0.0,0.0,0.0,0.0,0.0,0.0,0.0,0.0,0.0,0.0,0.0,24.0,0.0,0.0,0.0,0.0,0.0,0.0,0.0,0.0,0.0,0.0,0.0,0.0,0.0,0.0,0.0,0.0,0.0,0.0,0.0,0.0,0.0,24.0,0.0,0.0,24.0,0.0,0.0,24.0,0.0,0.0,24.0,0.0,0.0,0.0,0.0,0.0,0.0,0.0,0.0,0.0,0.0,0.0,0.0,"Jan 19, 2017"
1010,2204061.0,24593.0,Babylon,Hilla,Al Shuhadaa,حي الشهداء,32.4713816985,44.4067799825,60.0,360.0,3.0,0.0,0.0,0.0,0.0,0.0,0.0,0.0,0.0,0.0,0.0,0.0,53.0,0.0,4.0,0.0,0.0,0.0,0.0,0.0,0.0,0.0,0.0,0.0,0.0,0.0,60.0,0.0,0.0,60.0,0.0,0.0,0.0,0.0,0.0,0.0,0.0,0.0,0.0,0.0,53.0,0.0,0.0,53.0,4.0,0.0,3.0,4.0,0.0,3.0,0.0,0.0,0.0,0.0,0.0,0.0,"Jan 19, 2017"
1011,2204062.0,25451.0,Babylon,Hilla,Al Taaes,التعيس,32.48476031,44.43445682,9.0,54.0,2.0,0.0,0.0,0.0,0.0,0.0,0.0,0.0,0.0,0.0,0.0,0.0,7.0,0.0,0.0,0.0,0.0,0.0,0.0,2.0,0.0,0.0,0.0,0.0,0.0,0.0,7.0,0.0,0.0,7.0,0.0,0.0,0.0,0.0,0.0,0.0,0.0,0.0,2.0,0.0,5.0,2.0,2.0,5.0,0.0,2.0,0.0,0.0,0.0,0.0,0.0,0.0,0.0,0.0,0.0,0.0,"Jan 19, 2017"
1012,2204063.0,24456.0,Babylon,Hilla,Al Taqa-Abu Gharaq,ناحية ابي غرق-الطاقة,32.54054808,44.30638528,30.0,180.0,0.0,0.0,0.0,0.0,0.0,0.0,0.0,0.0,0.0,0.0,0.0,0.0,30.0,0.0,0.0,0.0,0.0,0.0,0.0,0.0,0.0,0.0,0.0,0.0,0.0,30.0,0.0,30.0,0.0,0.0,0.0,0.0,0.0,0.0,0.0,0.0,0.0,0.0,0.0,0.0,0.0,0.0,30.0,0.0,0.0,30.0,0.0,0.0,0.0,0.0,0.0,0.0,0.0,0.0,0.0,0.0,"Jan 19, 2017"
1013,2204064.0,23947.0,Babylon,Hilla,Al Thawra Al Gharbiya,مركز المدينة-الثورة الغربية,32.50530821,44.41711038,15.0,90.0,2.0,0.0,0.0,0.0,0.0,0.0,0.0,0.0,2.0,0.0,0.0,0.0,11.0,0.0,0.0,0.0,0.0,0.0,0.0,0.0,0.0,0.0,0.0,0.0,0.0,0.0,15.0,0.0,0.0,15.0,0.0,0.0,0.0,0.0,0.0,0.0,0.0,0.0,0.0,0.0,11.0,0.0,1.0,11.0,2.0,1.0,1.0,2.0,0.0,1.0,0.0,0.0,0.0,0.0,0.0,0.0,"Jan 19, 2017"
1014,2204065.0,24167.0,Babylon,Hilla,Al Tuhmazya,الطهمازيه,32.4658402914,44.40156,81.0,486.0,0.0,0.0,0.0,0.0,0.0,0.0,0.0,0.0,0.0,0.0,0.0,0.0,81.0,0.0,0.0,0.0,0.0,0.0,0.0,0.0,0.0,0.0,0.0,0.0,0.0,0.0,71.0,0.0,0.0,71.0,0.0,0.0,0.0,0.0,10.0,0.0,0.0,10.0,0.0,0.0,76.0,0.0,5.0,76.0,0.0,5.0,0.0,0.0,0.0,0.0,0.0,0.0,0.0,0.0,0.0,0.0,"Jan 19, 2017"
1015,2204067.0,25447.0,Babylon,Hilla,Al Wardiyah-Dakhel,الوردية-داخل,32.4798856988,44.440711175,12.0,72.0,6.0,0.0,0.0,0.0,0.0,0.0,0.0,0.0,0.0,0.0,0.0,0.0,6.0,0.0,0.0,0.0,0.0,0.0,0.0,0.0,0.0,0.0,0.0,0.0,0.0,0.0,12.0,0.0,0.0,12.0,0.0,0.0,0.0,0.0,0.0,0.0,0.0,0.0,6.0,0.0,0.0,6.0,0.0,0.0,0.0,0.0,6.0,0.0,0.0,6.0,0.0,0.0,0.0,0.0,0.0,0.0,"Jan 19, 2017"
1016,2204068.0,25446.0,Babylon,Hilla,Al Wardiyah-Kharj,الوردية-خارج,32.52555935,44.4773787,4.0,24.0,1.0,0.0,0.0,0.0,0.0,0.0,0.0,0.0,0.0,0.0,0.0,0.0,3.0,0.0,0.0,0.0,0.0,0.0,0.0,0.0,0.0,0.0,0.0,0.0,0.0,0.0,4.0,0.0,0.0,4.0,0.0,0.0,0.0,0.0,0.0,0.0,0.0,0.0,0.0,0.0,3.0,0.0,0.0,3.0,1.0,0.0,0.0,1.0,0.0,0.0,0.0,0.0,0.0,0.0,0.0,0.0,"Jan 19, 2017"
1017,2204069.0,24455.0,Babylon,Hilla,Al Yousfya-Abu Gharaq,ناحية ابي غرق-اليوسفيه,32.50725143,44.31454095,4.0,24.0,0.0,0.0,0.0,0.0,0.0,0.0,0.0,0.0,0.0,0.0,0.0,0.0,4.0,0.0,0.0,0.0,0.0,0.0,0.0,0.0,0.0,0.0,0.0,0.0,0.0,4.0,0.0,4.0,0.0,0.0,0.0,0.0,0.0,0.0,0.0,0.0,0.0,0.0,0.0,0.0,0.0,0.0,4.0,0.0,0.0,4.0,0.0,0.0,0.0,0.0,0.0,0.0,0.0,0.0,0.0,0.0,"Jan 19, 2017"
1018,2204070.0,7177.0,Babylon,Hilla,Al-Askari-Al Mashtal,العسكري-المشتل,32.45128211,44.4091925,34.0,204.0,2.0,1.0,0.0,0.0,0.0,0.0,0.0,0.0,0.0,0.0,0.0,0.0,30.0,0.0,1.0,0.0,0.0,0.0,0.0,5.0,0.0,0.0,0.0,0.0,0.0,6.0,23.0,6.0,0.0,23.0,0.0,0.0,0.0,0.0,0.0,0.0,0.0,0.0,0.0,0.0,30.0,0.0,1.0,30.0,1.0,1.0,2.0,1.0,0.0,2.0,0.0,0.0,0.0,0.0,0.0,0.0,"Jan 19, 2017"
1019,2204071.0,24694.0,Babylon,Hilla,Alataig,العتايج,32.4555528127,44.4564500866,23.0,138.0,5.0,0.0,0.0,0.0,0.0,0.0,0.0,0.0,0.0,0.0,0.0,0.0,17.0,0.0,1.0,0.0,0.0,0.0,0.0,0.0,0.0,0.0,0.0,0.0,0.0,0.0,23.0,0.0,0.0,23.0,0.0,0.0,0.0,0.0,0.0,0.0,0.0,0.0,0.0,0.0,17.0,0.0,1.0,17.0,5.0,1.0,0.0,5.0,0.0,0.0,0.0,0.0,0.0,0.0,0.0,0.0,"Jan 19, 2017"
1020,2204072.0,25443.0,Babylon,Hilla,Albo Alyan,البو عليان,32.5128694844,44.45323,28.0,168.0,0.0,5.0,5.0,0.0,0.0,0.0,0.0,0.0,0.0,0.0,0.0,0.0,18.0,0.0,0.0,0.0,0.0,0.0,0.0,0.0,0.0,0.0,0.0,0.0,0.0,0.0,28.0,0.0,0.0,28.0,0.0,0.0,0.0,0.0,0.0,0.0,0.0,0.0,0.0,0.0,23.0,0.0,5.0,23.0,0.0,5.0,0.0,0.0,0.0,0.0,0.0,0.0,0.0,0.0,0.0,0.0,"Jan 19, 2017"
1021,2204073.0,24460.0,Babylon,Hilla,Albo Hamir,البو حمير,32.5002902936,44.4814551565,16.0,96.0,0.0,0.0,0.0,0.0,0.0,0.0,0.0,0.0,0.0,0.0,0.0,0.0,16.0,0.0,0.0,0.0,0.0,0.0,0.0,16.0,0.0,0.0,0.0,0.0,0.0,0.0,0.0,0.0,0.0,0.0,0.0,0.0,0.0,0.0,0.0,0.0,0.0,0.0,0.0,0.0,10.0,0.0,6.0,10.0,0.0,6.0,0.0,0.0,0.0,0.0,0.0,0.0,0.0,0.0,0.0,0.0,"Jan 19, 2017"
1022,2204075.0,24512.0,Babylon,Hilla,Albu Ajaaj,البو عجاج,32.53422498,44.44921332,9.0,54.0,3.0,3.0,0.0,0.0,0.0,0.0,0.0,0.0,0.0,0.0,0.0,0.0,3.0,0.0,0.0,0.0,0.0,0.0,0.0,5.0,0.0,0.0,0.0,0.0,0.0,0.0,4.0,0.0,0.0,4.0,0.0,0.0,0.0,0.0,0.0,0.0,0.0,0.0,0.0,0.0,3.0,0.0,3.0,3.0,0.0,3.0,3.0,0.0,0.0,3.0,0.0,0.0,0.0,0.0,0.0,0.0,"Jan 19, 2017"
1023,2204076.0,6695.0,Babylon,Hilla,Al-hamadiyat,حماديات,32.30606413,44.4097007,9.0,54.0,0.0,0.0,0.0,0.0,0.0,0.0,0.0,0.0,0.0,0.0,0.0,0.0,9.0,0.0,0.0,0.0,0.0,0.0,0.0,0.0,0.0,0.0,0.0,0.0,0.0,0.0,9.0,0.0,0.0,9.0,0.0,0.0,0.0,0.0,0.0,0.0,0.0,0.0,0.0,0.0,9.0,0.0,0.0,9.0,0.0,0.0,0.0,0.0,0.0,0.0,0.0,0.0,0.0,0.0,0.0,0.0,"Jan 19, 2017"
1024,2204079.0,24980.0,Babylon,Hilla,Al-Kifil-Hay Al Ghadeer,حي الغدير,32.2300467026,44.378134352,15.0,90.0,2.0,0.0,0.0,0.0,0.0,0.0,0.0,0.0,0.0,0.0,0.0,0.0,13.0,0.0,0.0,0.0,0.0,0.0,0.0,0.0,0.0,0.0,0.0,0.0,0.0,0.0,15.0,0.0,0.0,15.0,0.0,0.0,0.0,0.0,0.0,0.0,0.0,0.0,0.0,0.0,13.0,0.0,0.0,13.0,2.0,0.0,0.0,2.0,0.0,0.0,0.0,0.0,0.0,0.0,0.0,0.0,"Jan 19, 2017"
1025,2204080.0,25714.0,Babylon,Hilla,Al-Kifil-Hay Al Hussain,حي الحسين-الكفل,32.22082834,44.36559697,7.0,42.0,4.0,0.0,0.0,0.0,0.0,0.0,0.0,0.0,0.0,0.0,0.0,0.0,3.0,0.0,0.0,0.0,0.0,0.0,0.0,0.0,0.0,0.0,0.0,0.0,0.0,0.0,7.0,0.0,0.0,7.0,0.0,0.0,0.0,0.0,0.0,0.0,0.0,0.0,0.0,0.0,3.0,0.0,0.0,3.0,4.0,0.0,0.0,4.0,0.0,0.0,0.0,0.0,0.0,0.0,0.0,0.0,"Jan 19, 2017"
1026,2204081.0,24511.0,Babylon,Hilla,AlMarashdah Villge,قرية المراشده,32.4876146576,44.4088399783,57.0,342.0,5.0,0.0,1.0,0.0,0.0,0.0,0.0,0.0,0.0,0.0,0.0,0.0,51.0,0.0,0.0,0.0,0.0,0.0,0.0,0.0,0.0,0.0,0.0,0.0,0.0,0.0,57.0,0.0,0.0,57.0,0.0,0.0,0.0,0.0,0.0,0.0,0.0,0.0,0.0,0.0,51.0,0.0,1.0,51.0,5.0,1.0,0.0,5.0,0.0,0.0,0.0,0.0,0.0,0.0,0.0,0.0,"Jan 19, 2017"
1027,2204082.0,6600.0,Babylon,Hilla,Al-miamrah,المعيميره,32.42875888,44.46142651,19.0,114.0,0.0,0.0,0.0,0.0,0.0,0.0,0.0,0.0,0.0,0.0,0.0,0.0,19.0,0.0,0.0,0.0,0.0,0.0,0.0,0.0,0.0,0.0,0.0,0.0,0.0,19.0,0.0,19.0,0.0,0.0,0.0,0.0,0.0,0.0,0.0,0.0,0.0,0.0,0.0,0.0,19.0,0.0,0.0,19.0,0.0,0.0,0.0,0.0,0.0,0.0,0.0,0.0,0.0,0.0,0.0,0.0,"Jan 19, 2017"
1028,2204083.0,7172.0,Babylon,Hilla,Al-Muhandiseen 4,حي المهندسين-4,32.444022771,44.39378,26.0,156.0,7.0,1.0,1.0,0.0,0.0,0.0,0.0,0.0,0.0,0.0,0.0,0.0,13.0,0.0,4.0,0.0,0.0,0.0,0.0,0.0,0.0,0.0,0.0,0.0,0.0,0.0,26.0,0.0,0.0,26.0,0.0,0.0,0.0,0.0,0.0,0.0,0.0,0.0,1.0,0.0,6.0,1.0,12.0,6.0,7.0,12.0,0.0,7.0,0.0,0.0,0.0,0.0,0.0,0.0,0.0,0.0,"Jan 19, 2017"
1029,2204084.0,6630.0,Babylon,Hilla,Al-muradiyah,الكفل-المرادية,32.33202229,44.39468552,8.0,48.0,0.0,0.0,0.0,0.0,0.0,3.0,0.0,0.0,0.0,0.0,0.0,0.0,5.0,0.0,0.0,0.0,0.0,0.0,0.0,8.0,0.0,0.0,0.0,0.0,0.0,0.0,0.0,0.0,0.0,0.0,0.0,0.0,0.0,0.0,0.0,0.0,0.0,0.0,0.0,0.0,5.0,0.0,3.0,5.0,0.0,3.0,0.0,0.0,0.0,0.0,0.0,0.0,0.0,0.0,0.0,0.0,"Jan 19, 2017"
1030,2204085.0,6918.0,Babylon,Hilla,Al-nidhal,ناحية ابي غرق-قرية النضال,32.45381663,44.36268694,4.0,24.0,0.0,4.0,0.0,0.0,0.0,0.0,0.0,0.0,0.0,0.0,0.0,0.0,0.0,0.0,0.0,0.0,0.0,0.0,0.0,0.0,0.0,0.0,0.0,0.0,0.0,0.0,4.0,0.0,0.0,4.0,0.0,0.0,0.0,0.0,0.0,0.0,0.0,0.0,0.0,0.0,4.0,0.0,0.0,4.0,0.0,0.0,0.0,0.0,0.0,0.0,0.0,0.0,0.0,0.0,0.0,0.0,"Jan 19, 2017"
1031,2204086.0,24516.0,Babylon,Hilla,Al-Rarengya,ناحية الكفل-الرارنجية,32.3492759,44.39706121,30.0,180.0,0.0,0.0,0.0,0.0,0.0,0.0,0.0,0.0,0.0,0.0,0.0,0.0,30.0,0.0,0.0,0.0,0.0,0.0,0.0,30.0,0.0,0.0,0.0,0.0,0.0,0.0,0.0,0.0,0.0,0.0,0.0,0.0,0.0,0.0,0.0,0.0,0.0,0.0,0.0,0.0,30.0,0.0,0.0,30.0,0.0,0.0,0.0,0.0,0.0,0.0,0.0,0.0,0.0,0.0,0.0,0.0,"Jan 19, 2017"
1032,2204087.0,25445.0,Babylon,Hilla,Alsania-Gubran,السنيه و جبران,32.4765346,44.43608316,30.0,180.0,0.0,0.0,0.0,0.0,0.0,0.0,0.0,0.0,0.0,0.0,0.0,0.0,30.0,0.0,0.0,0.0,0.0,0.0,0.0,7.0,0.0,0.0,0.0,0.0,0.0,0.0,23.0,0.0,0.0,23.0,0.0,0.0,0.0,0.0,0.0,0.0,0.0,0.0,0.0,0.0,30.0,0.0,0.0,30.0,0.0,0.0,0.0,0.0,0.0,0.0,0.0,0.0,0.0,0.0,0.0,0.0,"Jan 19, 2017"
1033,2204088.0,7154.0,Babylon,Hilla,Al-Shawi,الشاوي,32.4680207623,44.4331882716,32.0,192.0,1.0,0.0,0.0,0.0,0.0,1.0,0.0,0.0,0.0,0.0,0.0,0.0,30.0,0.0,0.0,0.0,0.0,0.0,0.0,0.0,0.0,0.0,0.0,0.0,0.0,0.0,28.0,0.0,0.0,28.0,0.0,0.0,0.0,0.0,4.0,0.0,0.0,4.0,0.0,0.0,18.0,0.0,12.0,18.0,2.0,12.0,0.0,2.0,0.0,0.0,0.0,0.0,0.0,0.0,0.0,0.0,"Jan 19, 2017"
1034,2204089.0,7155.0,Babylon,Hilla,Al-Thawra Al-Sharqia,مركز القضاء-الثورة الشرقية,32.5036105986,44.4168297085,7.0,42.0,1.0,0.0,0.0,0.0,0.0,0.0,0.0,0.0,0.0,0.0,0.0,0.0,6.0,0.0,0.0,0.0,0.0,0.0,0.0,0.0,0.0,0.0,0.0,0.0,0.0,0.0,7.0,0.0,0.0,7.0,0.0,0.0,0.0,0.0,0.0,0.0,0.0,0.0,0.0,0.0,6.0,0.0,0.0,6.0,0.0,0.0,1.0,0.0,0.0,1.0,0.0,0.0,0.0,0.0,0.0,0.0,"Jan 19, 2017"
1035,2204090.0,7137.0,Babylon,Hilla,Anana village,عنانه,32.54961864,44.40967446,20.0,120.0,2.0,0.0,0.0,0.0,0.0,0.0,0.0,0.0,0.0,0.0,0.0,0.0,18.0,0.0,0.0,0.0,0.0,0.0,0.0,0.0,0.0,0.0,0.0,0.0,0.0,0.0,20.0,0.0,0.0,20.0,0.0,0.0,0.0,0.0,0.0,0.0,0.0,0.0,0.0,0.0,18.0,0.0,0.0,18.0,2.0,0.0,0.0,2.0,0.0,0.0,0.0,0.0,0.0,0.0,0.0,0.0,"Jan 19, 2017"
1036,2204091.0,24708.0,Babylon,Hilla,Bab Al Hussien,باب الحسين,32.48850262,44.43351285,1.0,6.0,1.0,0.0,0.0,0.0,0.0,0.0,0.0,0.0,0.0,0.0,0.0,0.0,0.0,0.0,0.0,0.0,0.0,0.0,0.0,1.0,0.0,0.0,0.0,0.0,0.0,0.0,0.0,0.0,0.0,0.0,0.0,0.0,0.0,0.0,0.0,0.0,0.0,0.0,0.0,0.0,0.0,0.0,0.0,0.0,0.0,0.0,1.0,0.0,0.0,1.0,0.0,0.0,0.0,0.0,0.0,0.0,"Jan 19, 2017"
1037,2204092.0,24753.0,Babylon,Hilla,Bani Muslim,بني مسلم,32.33189179,44.31758333,22.0,132.0,0.0,0.0,0.0,0.0,0.0,0.0,0.0,0.0,0.0,0.0,0.0,0.0,22.0,0.0,0.0,0.0,0.0,0.0,0.0,4.0,0.0,0.0,0.0,0.0,0.0,18.0,0.0,18.0,0.0,0.0,0.0,0.0,0.0,0.0,0.0,0.0,0.0,0.0,0.0,0.0,22.0,0.0,0.0,22.0,0.0,0.0,0.0,0.0,0.0,0.0,0.0,0.0,0.0,0.0,0.0,0.0,"Jan 19, 2017"
1038,2204093.0,23751.0,Babylon,Hilla,Bustan Al-helu,بستان الحلو,32.4853082129,44.4251778243,4.0,24.0,4.0,0.0,0.0,0.0,0.0,0.0,0.0,0.0,0.0,0.0,0.0,0.0,0.0,0.0,0.0,0.0,0.0,0.0,0.0,4.0,0.0,0.0,0.0,0.0,0.0,0.0,0.0,0.0,0.0,0.0,0.0,0.0,0.0,0.0,0.0,0.0,0.0,0.0,4.0,0.0,0.0,4.0,0.0,0.0,0.0,0.0,0.0,0.0,0.0,0.0,0.0,0.0,0.0,0.0,0.0,0.0,"Jan 19, 2017"
1039,2204095.0,23940.0,Babylon,Hilla,Emhezem Al Qadima,محيزم القديمة,32.49561508,44.40786716,6.0,36.0,2.0,0.0,0.0,0.0,0.0,0.0,0.0,0.0,0.0,0.0,0.0,0.0,4.0,0.0,0.0,0.0,0.0,0.0,0.0,0.0,0.0,0.0,0.0,0.0,0.0,0.0,6.0,0.0,0.0,6.0,0.0,0.0,0.0,0.0,0.0,0.0,0.0,0.0,0.0,0.0,4.0,0.0,0.0,4.0,0.0,0.0,2.0,0.0,0.0,2.0,0.0,0.0,0.0,0.0,0.0,0.0,"Jan 19, 2017"
1040,2204096.0,7138.0,Babylon,Hilla,Faza Village,قرية فزع,32.4408468,44.41013362,7.0,42.0,0.0,0.0,0.0,0.0,0.0,0.0,0.0,0.0,0.0,0.0,0.0,0.0,7.0,0.0,0.0,0.0,0.0,0.0,0.0,0.0,0.0,0.0,0.0,0.0,0.0,0.0,7.0,0.0,0.0,7.0,0.0,0.0,0.0,0.0,0.0,0.0,0.0,0.0,0.0,0.0,7.0,0.0,0.0,7.0,0.0,0.0,0.0,0.0,0.0,0.0,0.0,0.0,0.0,0.0,0.0,0.0,"Jan 19, 2017"
1041,2204097.0,7143.0,Babylon,Hilla,Hamza Al Dali Village,قرية حمزه الدلي,32.4622479,44.40503432,7.0,42.0,2.0,0.0,0.0,0.0,0.0,0.0,0.0,0.0,0.0,0.0,0.0,0.0,5.0,0.0,0.0,0.0,0.0,0.0,0.0,0.0,0.0,0.0,0.0,0.0,0.0,0.0,7.0,0.0,0.0,7.0,0.0,0.0,0.0,0.0,0.0,0.0,0.0,0.0,0.0,0.0,5.0,0.0,0.0,5.0,0.0,0.0,2.0,0.0,0.0,2.0,0.0,0.0,0.0,0.0,0.0,0.0,"Jan 19, 2017"
1042,2204098.0,25331.0,Babylon,Hilla,Hay Abo Al Nafot,حي ابو النفط,32.4764574,44.42119681,11.0,66.0,0.0,0.0,0.0,0.0,0.0,0.0,0.0,0.0,0.0,0.0,0.0,0.0,10.0,0.0,1.0,0.0,0.0,0.0,0.0,0.0,0.0,0.0,0.0,0.0,0.0,7.0,4.0,7.0,0.0,4.0,0.0,0.0,0.0,0.0,0.0,0.0,0.0,0.0,0.0,0.0,3.0,0.0,8.0,3.0,0.0,8.0,0.0,0.0,0.0,0.0,0.0,0.0,0.0,0.0,0.0,0.0,"Jan 19, 2017"
1043,2204099.0,24979.0,Babylon,Hilla,Hay Al Abbas,حي العباس,32.23321042,44.37994922,3.0,18.0,0.0,0.0,0.0,0.0,0.0,0.0,0.0,0.0,0.0,0.0,0.0,0.0,3.0,0.0,0.0,0.0,0.0,0.0,0.0,0.0,0.0,0.0,0.0,0.0,0.0,0.0,3.0,0.0,0.0,3.0,0.0,0.0,0.0,0.0,0.0,0.0,0.0,0.0,0.0,0.0,3.0,0.0,0.0,3.0,0.0,0.0,0.0,0.0,0.0,0.0,0.0,0.0,0.0,0.0,0.0,0.0,"Jan 19, 2017"
1044,2204100.0,23318.0,Babylon,Hilla,Hay Al Asatitha,الاساتذه,32.4838620777,44.408410019,12.0,72.0,2.0,0.0,0.0,0.0,0.0,0.0,0.0,0.0,0.0,0.0,0.0,0.0,10.0,0.0,0.0,0.0,0.0,0.0,0.0,4.0,0.0,0.0,0.0,0.0,0.0,0.0,8.0,0.0,0.0,8.0,0.0,0.0,0.0,0.0,0.0,0.0,0.0,0.0,0.0,0.0,10.0,0.0,0.0,10.0,2.0,0.0,0.0,2.0,0.0,0.0,0.0,0.0,0.0,0.0,0.0,0.0,"Jan 19, 2017"
1045,2204101.0,25444.0,Babylon,Hilla,Hay Al Hussain,حي الحسين,32.47819179,44.41819207,16.0,96.0,1.0,0.0,0.0,0.0,0.0,0.0,0.0,0.0,0.0,0.0,0.0,0.0,15.0,0.0,0.0,0.0,0.0,0.0,0.0,0.0,0.0,0.0,0.0,0.0,0.0,0.0,16.0,0.0,0.0,16.0,0.0,0.0,0.0,0.0,0.0,0.0,0.0,0.0,0.0,0.0,15.0,0.0,0.0,15.0,0.0,0.0,1.0,0.0,0.0,1.0,0.0,0.0,0.0,0.0,0.0,0.0,"Jan 19, 2017"
1046,2204102.0,24457.0,Babylon,Hilla,Hay Al Hussain-Abu Gharaq,ناحية ابي غرق-حي الحسين,32.5240657073,44.3635713151,82.0,492.0,2.0,0.0,0.0,0.0,0.0,0.0,0.0,0.0,0.0,0.0,0.0,0.0,80.0,0.0,0.0,0.0,0.0,0.0,0.0,0.0,0.0,0.0,0.0,0.0,0.0,12.0,70.0,12.0,0.0,70.0,0.0,0.0,0.0,0.0,0.0,0.0,0.0,0.0,0.0,0.0,80.0,0.0,0.0,80.0,0.0,0.0,2.0,0.0,0.0,2.0,0.0,0.0,0.0,0.0,0.0,0.0,"Jan 19, 2017"
1047,2204103.0,25119.0,Babylon,Hilla,Hay Al Jawad,حي الجواد,32.5301403549,44.336650267,49.0,294.0,5.0,0.0,0.0,0.0,0.0,0.0,0.0,0.0,0.0,0.0,0.0,0.0,44.0,0.0,0.0,0.0,0.0,0.0,0.0,0.0,0.0,0.0,0.0,0.0,0.0,0.0,49.0,0.0,0.0,49.0,0.0,0.0,0.0,0.0,0.0,0.0,0.0,0.0,0.0,0.0,44.0,0.0,0.0,44.0,5.0,0.0,0.0,5.0,0.0,0.0,0.0,0.0,0.0,0.0,0.0,0.0,"Jan 19, 2017"
1048,2204104.0,7171.0,Babylon,Hilla,Hay Al Karamah 1,مركز المدينة-حي الكرامة-1,32.48210823,44.41976032,7.0,42.0,3.0,0.0,0.0,0.0,0.0,0.0,0.0,0.0,0.0,0.0,0.0,0.0,4.0,0.0,0.0,0.0,0.0,0.0,0.0,7.0,0.0,0.0,0.0,0.0,0.0,0.0,0.0,0.0,0.0,0.0,0.0,0.0,0.0,0.0,0.0,0.0,0.0,0.0,0.0,0.0,4.0,0.0,0.0,4.0,3.0,0.0,0.0,3.0,0.0,0.0,0.0,0.0,0.0,0.0,0.0,0.0,"Jan 19, 2017"
1049,2204105.0,25452.0,Babylon,Hilla,Hay Al Karamah 3,مركز المدينة-حي الكرامة-3,32.49160195,44.41928205,7.0,42.0,1.0,0.0,0.0,0.0,0.0,0.0,0.0,0.0,0.0,0.0,0.0,0.0,6.0,0.0,0.0,0.0,0.0,0.0,0.0,0.0,0.0,0.0,0.0,0.0,0.0,4.0,3.0,4.0,0.0,3.0,0.0,0.0,0.0,0.0,0.0,0.0,0.0,0.0,0.0,0.0,7.0,0.0,0.0,7.0,0.0,0.0,0.0,0.0,0.0,0.0,0.0,0.0,0.0,0.0,0.0,0.0,"Jan 19, 2017"
1050,2204106.0,25329.0,Babylon,Hilla,Hay Al Maarefa,حي المعرفه,32.505095,44.41295,53.0,318.0,0.0,0.0,0.0,0.0,0.0,0.0,0.0,0.0,0.0,0.0,0.0,0.0,53.0,0.0,0.0,0.0,0.0,0.0,0.0,0.0,0.0,0.0,0.0,0.0,0.0,33.0,20.0,33.0,0.0,20.0,0.0,0.0,0.0,0.0,0.0,0.0,0.0,0.0,0.0,0.0,53.0,0.0,0.0,53.0,0.0,0.0,0.0,0.0,0.0,0.0,0.0,0.0,0.0,0.0,0.0,0.0,"Jan 19, 2017"
1051,2204107.0,21618.0,Babylon,Hilla,Hay Al Tineya(illegal),الطينيه,32.46846103,44.39749824,4.0,24.0,0.0,0.0,0.0,0.0,0.0,0.0,0.0,0.0,0.0,0.0,0.0,0.0,4.0,0.0,0.0,0.0,0.0,0.0,0.0,0.0,0.0,0.0,0.0,0.0,0.0,0.0,4.0,0.0,0.0,4.0,0.0,0.0,0.0,0.0,0.0,0.0,0.0,0.0,0.0,0.0,4.0,0.0,0.0,4.0,0.0,0.0,0.0,0.0,0.0,0.0,0.0,0.0,0.0,0.0,0.0,0.0,"Jan 19, 2017"
1052,2204108.0,24088.0,Babylon,Hilla,Hay Al-Akrad,حي الاكراد,32.4850853769,44.4332747657,25.0,150.0,0.0,0.0,0.0,0.0,0.0,0.0,0.0,0.0,0.0,0.0,0.0,0.0,25.0,0.0,0.0,0.0,0.0,0.0,0.0,3.0,0.0,0.0,0.0,0.0,0.0,0.0,22.0,0.0,0.0,22.0,0.0,0.0,0.0,0.0,0.0,0.0,0.0,0.0,0.0,0.0,25.0,0.0,0.0,25.0,0.0,0.0,0.0,0.0,0.0,0.0,0.0,0.0,0.0,0.0,0.0,0.0,"Jan 19, 2017"
1053,2204109.0,7107.0,Babylon,Hilla,Hay al-amer,حي الامير,32.5277748862,44.3405389507,23.0,138.0,0.0,0.0,0.0,0.0,0.0,0.0,0.0,0.0,0.0,0.0,0.0,0.0,23.0,0.0,0.0,0.0,0.0,0.0,0.0,0.0,0.0,0.0,0.0,0.0,0.0,0.0,23.0,0.0,0.0,23.0,0.0,0.0,0.0,0.0,0.0,0.0,0.0,0.0,0.0,0.0,23.0,0.0,0.0,23.0,0.0,0.0,0.0,0.0,0.0,0.0,0.0,0.0,0.0,0.0,0.0,0.0,"Jan 19, 2017"
1054,2204110.0,7191.0,Babylon,Hilla,Hay Al-Bakarley 4,البكرلي-4,32.4934203493,44.4620194572,30.0,180.0,5.0,0.0,0.0,0.0,0.0,14.0,0.0,0.0,0.0,0.0,0.0,0.0,11.0,0.0,0.0,0.0,0.0,0.0,0.0,0.0,0.0,0.0,0.0,0.0,0.0,0.0,30.0,0.0,0.0,30.0,0.0,0.0,0.0,0.0,0.0,0.0,0.0,0.0,0.0,0.0,9.0,0.0,14.0,9.0,0.0,14.0,5.0,0.0,0.0,5.0,2.0,0.0,0.0,2.0,0.0,0.0,"Jan 19, 2017"
1055,2204111.0,7174.0,Babylon,Hilla,Hay Al-Muhandiseen 2,حي المهندسين-2,32.4542983659,44.3977248892,25.0,150.0,1.0,0.0,0.0,0.0,0.0,0.0,0.0,0.0,0.0,0.0,0.0,0.0,19.0,0.0,5.0,0.0,0.0,0.0,0.0,3.0,0.0,0.0,0.0,0.0,0.0,0.0,22.0,0.0,0.0,22.0,0.0,0.0,0.0,0.0,0.0,0.0,0.0,0.0,3.0,0.0,22.0,3.0,0.0,22.0,0.0,0.0,0.0,0.0,0.0,0.0,0.0,0.0,0.0,0.0,0.0,0.0,"Jan 19, 2017"
1056,2204112.0,7145.0,Babylon,Hilla,Hay Al-Muharbeen,المحاربين,32.49134752,44.41185795,3.0,18.0,1.0,0.0,0.0,0.0,0.0,0.0,0.0,0.0,0.0,0.0,0.0,0.0,2.0,0.0,0.0,0.0,0.0,0.0,0.0,0.0,0.0,0.0,0.0,0.0,0.0,0.0,3.0,0.0,0.0,3.0,0.0,0.0,0.0,0.0,0.0,0.0,0.0,0.0,0.0,0.0,2.0,0.0,0.0,2.0,0.0,0.0,1.0,0.0,0.0,1.0,0.0,0.0,0.0,0.0,0.0,0.0,"Jan 19, 2017"
1057,2204113.0,21388.0,Babylon,Hilla,Hay Al-Mustafa,حي المصطفى,32.45372631,44.39187673,7.0,42.0,2.0,0.0,0.0,0.0,0.0,0.0,0.0,0.0,0.0,0.0,0.0,0.0,5.0,0.0,0.0,0.0,0.0,0.0,0.0,0.0,0.0,0.0,0.0,0.0,0.0,0.0,7.0,0.0,0.0,7.0,0.0,0.0,0.0,0.0,0.0,0.0,0.0,0.0,0.0,0.0,5.0,0.0,0.0,5.0,0.0,0.0,2.0,0.0,0.0,2.0,0.0,0.0,0.0,0.0,0.0,0.0,"Jan 19, 2017"
1058,2204114.0,7095.0,Babylon,Hilla,Hay al-salam,حي السلام,32.46470305,44.40370226,19.0,114.0,7.0,5.0,1.0,0.0,0.0,0.0,0.0,0.0,0.0,0.0,0.0,0.0,6.0,0.0,0.0,0.0,0.0,0.0,0.0,0.0,0.0,0.0,0.0,0.0,0.0,0.0,19.0,0.0,0.0,19.0,0.0,0.0,0.0,0.0,0.0,0.0,0.0,0.0,0.0,0.0,4.0,0.0,8.0,4.0,3.0,8.0,4.0,3.0,0.0,4.0,0.0,0.0,0.0,0.0,0.0,0.0,"Jan 19, 2017"
1059,2204115.0,23945.0,Babylon,Hilla,Hay Al-Teyara 1,الطيارة-1,32.49625198,44.42677103,3.0,18.0,0.0,0.0,0.0,0.0,0.0,0.0,0.0,0.0,0.0,0.0,0.0,0.0,3.0,0.0,0.0,0.0,0.0,0.0,0.0,0.0,0.0,0.0,0.0,0.0,0.0,0.0,3.0,0.0,0.0,3.0,0.0,0.0,0.0,0.0,0.0,0.0,0.0,0.0,0.0,0.0,3.0,0.0,0.0,3.0,0.0,0.0,0.0,0.0,0.0,0.0,0.0,0.0,0.0,0.0,0.0,0.0,"Jan 19, 2017"
1060,2204116.0,24515.0,Babylon,Hilla,Hay Alzahraa,ناحية ابي غرق-حي الزهراء,32.5336580579,44.3417557601,45.0,270.0,1.0,0.0,0.0,0.0,0.0,0.0,0.0,0.0,0.0,0.0,0.0,0.0,44.0,0.0,0.0,0.0,0.0,0.0,0.0,0.0,0.0,0.0,0.0,0.0,0.0,44.0,1.0,44.0,0.0,1.0,0.0,0.0,0.0,0.0,0.0,0.0,0.0,0.0,0.0,0.0,44.0,0.0,0.0,44.0,0.0,0.0,1.0,0.0,0.0,1.0,0.0,0.0,0.0,0.0,0.0,0.0,"Jan 19, 2017"
1061,2204117.0,7212.0,Babylon,Hilla,Hay Al-Zahraa,مركز الحله-حي الزهراء,32.46103273,44.42865226,2.0,12.0,0.0,0.0,0.0,0.0,0.0,0.0,0.0,0.0,0.0,0.0,0.0,0.0,2.0,0.0,0.0,0.0,0.0,0.0,0.0,0.0,0.0,0.0,0.0,0.0,0.0,0.0,2.0,0.0,0.0,2.0,0.0,0.0,0.0,0.0,0.0,0.0,0.0,0.0,0.0,0.0,2.0,0.0,0.0,2.0,0.0,0.0,0.0,0.0,0.0,0.0,0.0,0.0,0.0,0.0,0.0,0.0,"Jan 19, 2017"
1062,2204118.0,24337.0,Babylon,Hilla,Hay Nadir 2,نادر 2,32.4459420436,44.4263014793,47.0,282.0,0.0,0.0,0.0,0.0,0.0,0.0,0.0,0.0,0.0,0.0,0.0,0.0,46.0,0.0,1.0,0.0,0.0,0.0,0.0,0.0,0.0,0.0,0.0,0.0,0.0,13.0,34.0,13.0,0.0,34.0,0.0,0.0,0.0,0.0,0.0,0.0,0.0,0.0,0.0,0.0,45.0,0.0,0.0,45.0,1.0,0.0,0.0,1.0,0.0,0.0,1.0,0.0,0.0,1.0,0.0,0.0,"Jan 19, 2017"
1063,2204119.0,24691.0,Babylon,Hilla,Hay Shubar,حي شبر,32.48540094,44.43116474,1.0,6.0,1.0,0.0,0.0,0.0,0.0,0.0,0.0,0.0,0.0,0.0,0.0,0.0,0.0,0.0,0.0,0.0,0.0,0.0,0.0,0.0,0.0,0.0,0.0,0.0,0.0,0.0,1.0,0.0,0.0,1.0,0.0,0.0,0.0,0.0,0.0,0.0,0.0,0.0,0.0,0.0,0.0,0.0,0.0,0.0,1.0,0.0,0.0,1.0,0.0,0.0,0.0,0.0,0.0,0.0,0.0,0.0,"Jan 19, 2017"
1064,2204120.0,25125.0,Babylon,Hilla,Hilla Area-Hay Imam,منطقة الحلة-حي الأمام,32.4997876168,44.4113358462,15.0,90.0,0.0,0.0,0.0,0.0,0.0,0.0,0.0,0.0,0.0,0.0,0.0,0.0,15.0,0.0,0.0,0.0,0.0,0.0,0.0,15.0,0.0,0.0,0.0,0.0,0.0,0.0,0.0,0.0,0.0,0.0,0.0,0.0,0.0,0.0,0.0,0.0,0.0,0.0,0.0,0.0,11.0,0.0,4.0,11.0,0.0,4.0,0.0,0.0,0.0,0.0,0.0,0.0,0.0,0.0,0.0,0.0,"Jan 19, 2017"
1065,2204123.0,25614.0,Babylon,Hilla,Hilla-Al Safeer village,قرية السفير,32.49862942,44.44954801,38.0,228.0,1.0,0.0,0.0,0.0,0.0,0.0,0.0,0.0,0.0,0.0,0.0,0.0,37.0,0.0,0.0,0.0,0.0,0.0,0.0,0.0,0.0,0.0,0.0,0.0,0.0,0.0,38.0,0.0,0.0,38.0,0.0,0.0,0.0,0.0,0.0,0.0,0.0,0.0,0.0,0.0,37.0,0.0,0.0,37.0,1.0,0.0,0.0,1.0,0.0,0.0,0.0,0.0,0.0,0.0,0.0,0.0,"Jan 19, 2017"
1066,2204124.0,7176.0,Babylon,Hilla,Hilla-Al-Muhandiseen 3,حي المهندسين-3,32.45315303,44.39141214,15.0,90.0,3.0,0.0,0.0,0.0,0.0,0.0,0.0,0.0,0.0,0.0,0.0,0.0,11.0,0.0,1.0,0.0,0.0,0.0,0.0,0.0,0.0,0.0,0.0,0.0,0.0,0.0,15.0,0.0,0.0,15.0,0.0,0.0,0.0,0.0,0.0,0.0,0.0,0.0,0.0,0.0,7.0,0.0,5.0,7.0,3.0,5.0,0.0,3.0,0.0,0.0,0.0,0.0,0.0,0.0,0.0,0.0,"Jan 19, 2017"
1067,2204125.0,25328.0,Babylon,Hilla,Hilla-Hay Al Ghadeer,حي الغدير,32.44679154,44.4014146,5.0,30.0,0.0,0.0,0.0,0.0,0.0,0.0,0.0,0.0,0.0,0.0,0.0,0.0,5.0,0.0,0.0,0.0,0.0,0.0,0.0,0.0,0.0,0.0,0.0,0.0,0.0,0.0,5.0,0.0,0.0,5.0,0.0,0.0,0.0,0.0,0.0,0.0,0.0,0.0,0.0,0.0,5.0,0.0,0.0,5.0,0.0,0.0,0.0,0.0,0.0,0.0,0.0,0.0,0.0,0.0,0.0,0.0,"Jan 19, 2017"
1068,2204126.0,25769.0,Babylon,Hilla,Hilla-Hay Al Noamania,حي النعمانيه,32.47951852,44.4579134,8.0,48.0,6.0,0.0,0.0,0.0,0.0,0.0,0.0,0.0,0.0,0.0,0.0,0.0,2.0,0.0,0.0,0.0,0.0,0.0,0.0,0.0,0.0,0.0,0.0,0.0,0.0,0.0,8.0,0.0,0.0,8.0,0.0,0.0,0.0,0.0,0.0,0.0,0.0,0.0,0.0,0.0,2.0,0.0,0.0,2.0,6.0,0.0,0.0,6.0,0.0,0.0,0.0,0.0,0.0,0.0,0.0,0.0,"Jan 19, 2017"
1069,2204127.0,25611.0,Babylon,Hilla,Hilla-Hay Al Noor,حي النور,32.44145768,44.42226291,6.0,36.0,2.0,0.0,0.0,0.0,0.0,0.0,0.0,0.0,0.0,0.0,0.0,0.0,3.0,0.0,1.0,0.0,0.0,0.0,0.0,0.0,0.0,0.0,0.0,0.0,0.0,0.0,6.0,0.0,0.0,6.0,0.0,0.0,0.0,0.0,0.0,0.0,0.0,0.0,0.0,0.0,4.0,0.0,0.0,4.0,2.0,0.0,0.0,2.0,0.0,0.0,0.0,0.0,0.0,0.0,0.0,0.0,"Jan 19, 2017"
1070,2204128.0,25770.0,Babylon,Hilla,Hilla-Hay Al Ridha,حي الرضا,32.48052418,44.45854012,2.0,12.0,1.0,0.0,0.0,0.0,0.0,0.0,0.0,0.0,0.0,0.0,0.0,0.0,1.0,0.0,0.0,0.0,0.0,0.0,0.0,0.0,0.0,0.0,0.0,0.0,0.0,0.0,2.0,0.0,0.0,2.0,0.0,0.0,0.0,0.0,0.0,0.0,0.0,0.0,0.0,0.0,1.0,0.0,0.0,1.0,0.0,0.0,1.0,0.0,0.0,1.0,0.0,0.0,0.0,0.0,0.0,0.0,"Jan 19, 2017"
1071,2204129.0,25606.0,Babylon,Hilla,Hilla-Hay Al-Muhandiseen-1,حي المهندسين-1,32.45528726,44.39880164,25.0,150.0,5.0,0.0,0.0,0.0,0.0,0.0,0.0,0.0,0.0,0.0,0.0,0.0,20.0,0.0,0.0,0.0,0.0,0.0,0.0,0.0,0.0,0.0,0.0,0.0,0.0,0.0,25.0,0.0,0.0,25.0,0.0,0.0,0.0,0.0,0.0,0.0,0.0,0.0,0.0,0.0,19.0,0.0,1.0,19.0,1.0,1.0,4.0,1.0,0.0,4.0,0.0,0.0,0.0,0.0,0.0,0.0,"Jan 19, 2017"
1072,2204130.0,25612.0,Babylon,Hilla,Hilla-Jamaiat Al Moalmeen,جمعية المعلمين,32.47161715,44.41467184,8.0,48.0,0.0,0.0,0.0,0.0,0.0,0.0,0.0,0.0,0.0,0.0,0.0,0.0,8.0,0.0,0.0,0.0,0.0,0.0,0.0,0.0,0.0,0.0,0.0,0.0,0.0,0.0,0.0,0.0,0.0,0.0,0.0,0.0,0.0,0.0,8.0,0.0,0.0,8.0,0.0,0.0,8.0,0.0,0.0,8.0,0.0,0.0,0.0,0.0,0.0,0.0,0.0,0.0,0.0,0.0,0.0,0.0,"Jan 19, 2017"
1073,2204131.0,25608.0,Babylon,Hilla,Hilla-Nader Al Baker,نادر-الباقر,32.443828057,44.4210029131,8.0,48.0,1.0,0.0,0.0,0.0,0.0,0.0,0.0,0.0,0.0,0.0,0.0,0.0,7.0,0.0,0.0,0.0,0.0,0.0,0.0,0.0,0.0,0.0,0.0,0.0,0.0,0.0,8.0,0.0,0.0,8.0,0.0,0.0,0.0,0.0,0.0,0.0,0.0,0.0,0.0,0.0,7.0,0.0,0.0,7.0,1.0,0.0,0.0,1.0,0.0,0.0,0.0,0.0,0.0,0.0,0.0,0.0,"Jan 19, 2017"
1074,2204132.0,25828.0,Babylon,Hilla,Hilla-Nadir-Ali Al Hadi,نادر-علي الهادي,32.4415039,44.42111207,8.0,48.0,2.0,0.0,0.0,0.0,0.0,0.0,0.0,0.0,0.0,0.0,0.0,0.0,6.0,0.0,0.0,0.0,0.0,0.0,0.0,0.0,0.0,0.0,0.0,0.0,0.0,0.0,8.0,0.0,0.0,8.0,0.0,0.0,0.0,0.0,0.0,0.0,0.0,0.0,0.0,0.0,6.0,0.0,0.0,6.0,2.0,0.0,0.0,2.0,0.0,0.0,0.0,0.0,0.0,0.0,0.0,0.0,"Jan 19, 2017"
1075,2204134.0,24275.0,Babylon,Hilla,Karaghol,كراغول,32.4454195,44.43035144,22.0,132.0,0.0,0.0,0.0,0.0,0.0,0.0,0.0,0.0,0.0,0.0,0.0,0.0,22.0,0.0,0.0,0.0,0.0,0.0,0.0,0.0,0.0,0.0,0.0,0.0,0.0,0.0,22.0,0.0,0.0,22.0,0.0,0.0,0.0,0.0,0.0,0.0,0.0,0.0,0.0,0.0,22.0,0.0,0.0,22.0,0.0,0.0,0.0,0.0,0.0,0.0,0.0,0.0,0.0,0.0,0.0,0.0,"Jan 19, 2017"
1076,2204135.0,23951.0,Babylon,Hilla,Kureteah,كريطعه,32.4745081789,44.4418108008,120.0,720.0,70.0,0.0,0.0,0.0,0.0,0.0,0.0,0.0,1.0,0.0,0.0,0.0,46.0,0.0,3.0,0.0,0.0,0.0,0.0,29.0,0.0,0.0,0.0,0.0,0.0,0.0,91.0,0.0,0.0,91.0,0.0,0.0,0.0,0.0,0.0,0.0,0.0,0.0,1.0,0.0,16.0,1.0,32.0,16.0,50.0,32.0,21.0,50.0,0.0,21.0,0.0,0.0,0.0,0.0,0.0,0.0,"Jan 19, 2017"
1077,2204136.0,24454.0,Babylon,Hilla,Muhaizem 2-Abu Gharaq,ناحية ابي غرق-محيزم 2,32.5089134685,44.3949137261,30.0,180.0,2.0,0.0,0.0,0.0,0.0,0.0,0.0,0.0,0.0,0.0,0.0,0.0,28.0,0.0,0.0,0.0,0.0,0.0,0.0,0.0,0.0,0.0,0.0,0.0,0.0,9.0,21.0,9.0,0.0,21.0,0.0,0.0,0.0,0.0,0.0,0.0,0.0,0.0,0.0,0.0,28.0,0.0,0.0,28.0,2.0,0.0,0.0,2.0,0.0,0.0,0.0,0.0,0.0,0.0,0.0,0.0,"Jan 19, 2017"
1078,2204137.0,24754.0,Babylon,Hilla,Mustafa Ragheb,مصطفى راغب,32.4794721682,44.4264983167,12.0,72.0,3.0,0.0,0.0,0.0,0.0,1.0,0.0,0.0,0.0,0.0,0.0,0.0,8.0,0.0,0.0,0.0,0.0,0.0,0.0,0.0,0.0,0.0,0.0,0.0,0.0,0.0,12.0,0.0,0.0,12.0,0.0,0.0,0.0,0.0,0.0,0.0,0.0,0.0,0.0,0.0,8.0,0.0,1.0,8.0,0.0,1.0,3.0,0.0,0.0,3.0,0.0,0.0,0.0,0.0,0.0,0.0,"Jan 19, 2017"
1079,2204138.0,25330.0,Babylon,Hilla,Nader 3-Al Sajad,نادر3-السجاد,32.44046807,44.42369747,7.0,42.0,0.0,0.0,0.0,0.0,0.0,0.0,0.0,0.0,0.0,0.0,0.0,0.0,7.0,0.0,0.0,0.0,0.0,0.0,0.0,7.0,0.0,0.0,0.0,0.0,0.0,0.0,0.0,0.0,0.0,0.0,0.0,0.0,0.0,0.0,0.0,0.0,0.0,0.0,0.0,0.0,7.0,0.0,0.0,7.0,0.0,0.0,0.0,0.0,0.0,0.0,0.0,0.0,0.0,0.0,0.0,0.0,"Jan 19, 2017"
1080,2204139.0,21673.0,Babylon,Hilla,Nadir Al Ula,نادر 1,32.47390851,44.43787051,7.0,42.0,0.0,0.0,0.0,0.0,0.0,0.0,0.0,0.0,0.0,0.0,0.0,0.0,7.0,0.0,0.0,0.0,0.0,0.0,0.0,0.0,0.0,0.0,0.0,0.0,0.0,0.0,7.0,0.0,0.0,7.0,0.0,0.0,0.0,0.0,0.0,0.0,0.0,0.0,0.0,0.0,7.0,0.0,0.0,7.0,0.0,0.0,0.0,0.0,0.0,0.0,0.0,0.0,0.0,0.0,0.0,0.0,"Jan 19, 2017"
1081,2204140.0,24975.0,Babylon,Hilla,Om Kafsha,ام كفشة,32.43279511,44.30778916,8.0,48.0,0.0,0.0,0.0,0.0,0.0,0.0,0.0,0.0,0.0,0.0,0.0,0.0,8.0,0.0,0.0,0.0,0.0,0.0,0.0,0.0,0.0,0.0,0.0,0.0,0.0,4.0,4.0,4.0,0.0,4.0,0.0,0.0,0.0,0.0,0.0,0.0,0.0,0.0,0.0,0.0,0.0,0.0,8.0,0.0,0.0,8.0,0.0,0.0,0.0,0.0,0.0,0.0,0.0,0.0,0.0,0.0,"Jan 19, 2017"
1082,2204141.0,24976.0,Babylon,Hilla,Om Najah,ام نعجه,32.220904,44.355393,17.0,102.0,3.0,0.0,0.0,0.0,0.0,0.0,0.0,0.0,0.0,0.0,0.0,0.0,14.0,0.0,0.0,0.0,0.0,0.0,0.0,10.0,0.0,0.0,0.0,0.0,0.0,4.0,3.0,4.0,0.0,3.0,0.0,0.0,0.0,0.0,0.0,0.0,0.0,0.0,0.0,0.0,0.0,0.0,14.0,0.0,0.0,14.0,3.0,0.0,0.0,3.0,0.0,0.0,0.0,0.0,0.0,0.0,"Jan 19, 2017"
1083,2204143.0,23950.0,Babylon,Hilla,Qas Sowelem-Compound,كص سويلم-المجمع السكني,32.4175456229,44.4068783285,373.0,2238.0,17.0,5.0,3.0,0.0,0.0,2.0,0.0,0.0,0.0,0.0,0.0,0.0,345.0,0.0,1.0,0.0,0.0,0.0,0.0,0.0,0.0,373.0,0.0,0.0,373.0,0.0,0.0,0.0,0.0,0.0,0.0,0.0,0.0,0.0,0.0,0.0,0.0,0.0,0.0,0.0,239.0,0.0,117.0,239.0,17.0,117.0,0.0,17.0,0.0,0.0,0.0,0.0,0.0,0.0,0.0,0.0,"Jan 19, 2017"
1084,2204144.0,24462.0,Babylon,Hilla,Saif Saad,سيف سعد,32.4819711735,44.478355695,33.0,198.0,10.0,0.0,1.0,0.0,0.0,0.0,0.0,0.0,1.0,0.0,0.0,0.0,21.0,0.0,0.0,0.0,0.0,0.0,0.0,0.0,0.0,0.0,0.0,0.0,0.0,0.0,33.0,0.0,0.0,33.0,0.0,0.0,0.0,0.0,0.0,0.0,0.0,0.0,0.0,0.0,19.0,0.0,4.0,19.0,10.0,4.0,0.0,10.0,0.0,0.0,0.0,0.0,0.0,0.0,0.0,0.0,"Jan 19, 2017"
1085,2204145.0,7166.0,Babylon,Hilla,Singar,سنجار,32.53133364,44.40923139,22.0,132.0,8.0,3.0,0.0,0.0,0.0,0.0,0.0,0.0,0.0,0.0,0.0,0.0,11.0,0.0,0.0,0.0,0.0,0.0,0.0,0.0,0.0,0.0,0.0,0.0,0.0,0.0,22.0,0.0,0.0,22.0,0.0,0.0,0.0,0.0,0.0,0.0,0.0,0.0,0.0,0.0,11.0,0.0,3.0,11.0,0.0,3.0,8.0,0.0,0.0,8.0,0.0,0.0,0.0,0.0,0.0,0.0,"Jan 19, 2017"
1086,2204146.0,7139.0,Babylon,Hilla,Tajia village,التاجية,32.4348288888,44.4179410734,9.0,54.0,0.0,0.0,0.0,0.0,0.0,0.0,0.0,0.0,0.0,0.0,0.0,0.0,9.0,0.0,0.0,0.0,0.0,0.0,0.0,9.0,0.0,0.0,0.0,0.0,0.0,0.0,0.0,0.0,0.0,0.0,0.0,0.0,0.0,0.0,0.0,0.0,0.0,0.0,0.0,0.0,9.0,0.0,0.0,9.0,0.0,0.0,0.0,0.0,0.0,0.0,0.0,0.0,0.0,0.0,0.0,0.0,"Jan 19, 2017"
1087,2204147.0,25968.0,Babylon,Hilla,Tufail,طفيل,32.40249113,44.29553817,6.0,36.0,0.0,0.0,0.0,0.0,0.0,0.0,0.0,0.0,0.0,0.0,0.0,0.0,6.0,0.0,0.0,0.0,0.0,0.0,0.0,0.0,0.0,0.0,0.0,0.0,0.0,0.0,6.0,0.0,0.0,6.0,0.0,0.0,0.0,0.0,0.0,0.0,0.0,0.0,0.0,0.0,0.0,0.0,6.0,0.0,0.0,6.0,0.0,0.0,0.0,0.0,0.0,0.0,0.0,0.0,0.0,0.0,"Jan 19, 2017"
1088,2204148.0,7097.0,Babylon,Hilla,Zighaib al-arab-1,ناحية ابي غرق-زغيب العرب,32.500330889,44.2715099625,8.0,48.0,0.0,0.0,0.0,0.0,0.0,0.0,0.0,0.0,0.0,0.0,0.0,0.0,8.0,0.0,0.0,0.0,0.0,0.0,0.0,3.0,0.0,0.0,0.0,0.0,0.0,5.0,0.0,5.0,0.0,0.0,0.0,0.0,0.0,0.0,0.0,0.0,0.0,0.0,0.0,0.0,8.0,0.0,0.0,8.0,0.0,0.0,0.0,0.0,0.0,0.0,0.0,0.0,0.0,0.0,0.0,0.0,"Jan 19, 2017"
1089,2204149.0,24420.0,Babylon,Hilla,Zwir AlGharbi,زوير الغربي,32.52028797,44.41629516,20.0,120.0,0.0,0.0,0.0,0.0,0.0,0.0,0.0,0.0,0.0,0.0,0.0,0.0,20.0,0.0,0.0,0.0,0.0,0.0,0.0,0.0,0.0,0.0,0.0,0.0,0.0,0.0,20.0,0.0,0.0,20.0,0.0,0.0,0.0,0.0,0.0,0.0,0.0,0.0,0.0,0.0,20.0,0.0,0.0,20.0,0.0,0.0,0.0,0.0,0.0,0.0,0.0,0.0,0.0,0.0,0.0,0.0,"Jan 19, 2017"
1090,2204151.0,23955.0,Babylon,Hilla,Al-Askari-Al Wesiya,العسكري-الويسية,32.4358749431,44.3987978083,71.0,426.0,10.0,0.0,0.0,0.0,0.0,0.0,0.0,0.0,0.0,0.0,0.0,0.0,61.0,0.0,0.0,0.0,0.0,0.0,0.0,0.0,0.0,0.0,0.0,0.0,0.0,0.0,71.0,0.0,0.0,71.0,0.0,0.0,0.0,0.0,0.0,0.0,0.0,0.0,0.0,0.0,61.0,0.0,0.0,61.0,10.0,0.0,0.0,10.0,0.0,0.0,0.0,0.0,0.0,0.0,0.0,0.0,"Jan 19, 2017"
1091,2204152.0,27373.0,Babylon,Hilla,Muhezim 1,محيزم 1,32.51031556,44.40046166,17.0,102.0,1.0,0.0,0.0,0.0,0.0,0.0,0.0,0.0,0.0,0.0,0.0,0.0,16.0,0.0,0.0,0.0,0.0,0.0,0.0,0.0,0.0,0.0,0.0,0.0,0.0,0.0,17.0,0.0,0.0,17.0,0.0,0.0,0.0,0.0,0.0,0.0,0.0,0.0,0.0,0.0,16.0,0.0,0.0,16.0,1.0,0.0,0.0,1.0,0.0,0.0,0.0,0.0,0.0,0.0,0.0,0.0,"Jan 19, 2017"
1092,2204153.0,27404.0,Babylon,Hilla,Al-Nikhela Al-Garbia,النخيلة الغربية,32.56537033,44.39293329,12.0,72.0,0.0,0.0,0.0,0.0,0.0,0.0,0.0,0.0,0.0,0.0,0.0,0.0,12.0,0.0,0.0,0.0,0.0,0.0,0.0,1.0,0.0,0.0,0.0,0.0,0.0,4.0,3.0,4.0,0.0,3.0,0.0,0.0,4.0,0.0,0.0,4.0,0.0,0.0,1.0,0.0,7.0,1.0,4.0,7.0,0.0,4.0,0.0,0.0,0.0,0.0,0.0,0.0,0.0,0.0,0.0,0.0,"Jan 19, 2017"
1093,2204154.0,27405.0,Babylon,Hilla,Hay Al-Kadhum,حي الكاظم,32.5252452169,44.3382463941,28.0,168.0,2.0,0.0,0.0,0.0,0.0,0.0,0.0,0.0,0.0,0.0,0.0,0.0,26.0,0.0,0.0,0.0,0.0,0.0,0.0,0.0,0.0,0.0,0.0,0.0,0.0,0.0,28.0,0.0,0.0,28.0,0.0,0.0,0.0,0.0,0.0,0.0,0.0,0.0,0.0,0.0,26.0,0.0,0.0,26.0,0.0,0.0,2.0,0.0,0.0,2.0,0.0,0.0,0.0,0.0,0.0,0.0,"Jan 19, 2017"
1094,2204155.0,28456.0,Babylon,Hilla,Hay Al Dhubbat,حي الضباط,32.5039546029,44.4116120665,14.0,84.0,1.0,0.0,0.0,0.0,0.0,0.0,0.0,0.0,0.0,0.0,0.0,0.0,13.0,0.0,0.0,0.0,0.0,0.0,0.0,0.0,0.0,0.0,0.0,0.0,0.0,0.0,14.0,0.0,0.0,14.0,0.0,0.0,0.0,0.0,0.0,0.0,0.0,0.0,0.0,0.0,13.0,0.0,0.0,13.0,0.0,0.0,1.0,0.0,0.0,1.0,0.0,0.0,0.0,0.0,0.0,0.0,"Jan 19, 2017"
1095,2204156.0,7215.0,Babylon,Hilla,Hay Al Murtadha,حي المرتضى,32.52688545,44.33531994,16.0,96.0,2.0,0.0,0.0,0.0,0.0,0.0,0.0,0.0,0.0,0.0,0.0,0.0,14.0,0.0,0.0,0.0,0.0,0.0,0.0,0.0,0.0,0.0,0.0,0.0,0.0,0.0,16.0,0.0,0.0,16.0,0.0,0.0,0.0,0.0,0.0,0.0,0.0,0.0,0.0,0.0,14.0,0.0,0.0,14.0,2.0,0.0,0.0,2.0,0.0,0.0,0.0,0.0,0.0,0.0,0.0,0.0,"Jan 19, 2017"
1096,2301001.0,21173.0,Baghdad,Abu Ghraib,1 Athar,1 اذار,33.3033213473,44.1854363301,597.0,3582.0,597.0,0.0,0.0,0.0,0.0,0.0,0.0,0.0,0.0,0.0,0.0,0.0,0.0,0.0,0.0,0.0,0.0,0.0,0.0,176.0,0.0,0.0,0.0,8.0,0.0,0.0,401.0,0.0,0.0,401.0,0.0,0.0,0.0,0.0,12.0,0.0,0.0,12.0,70.0,0.0,249.0,70.0,0.0,249.0,0.0,0.0,278.0,0.0,0.0,278.0,0.0,0.0,0.0,0.0,0.0,0.0,"Jan 19, 2017"
1097,2301002.0,7671.0,Baghdad,Abu Ghraib,1 Huzairan,1 حزيران,33.3012386527,44.1338154645,153.0,918.0,153.0,0.0,0.0,0.0,0.0,0.0,0.0,0.0,0.0,0.0,0.0,0.0,0.0,0.0,0.0,0.0,0.0,0.0,0.0,50.0,0.0,0.0,0.0,0.0,0.0,0.0,103.0,0.0,0.0,103.0,0.0,0.0,0.0,0.0,0.0,0.0,0.0,0.0,43.0,0.0,0.0,43.0,0.0,0.0,0.0,0.0,96.0,0.0,14.0,96.0,0.0,14.0,0.0,0.0,0.0,0.0,"Jan 19, 2017"
1098,2301003.0,24047.0,Baghdad,Abu Ghraib,Abo Moniaser,ابو منيصير,33.2943003676,44.0911685982,961.0,5766.0,539.0,0.0,422.0,0.0,0.0,0.0,0.0,0.0,0.0,0.0,0.0,0.0,0.0,0.0,0.0,0.0,0.0,0.0,0.0,260.0,0.0,0.0,0.0,0.0,0.0,0.0,467.0,0.0,0.0,467.0,0.0,0.0,0.0,0.0,234.0,0.0,0.0,234.0,200.0,0.0,0.0,200.0,548.0,0.0,76.0,548.0,137.0,76.0,0.0,137.0,0.0,0.0,0.0,0.0,0.0,0.0,"Jan 19, 2017"
1099,2301005.0,25829.0,Baghdad,Abu Ghraib,AlAhel,مخيم الاهل,33.290516,44.110265,167.0,1002.0,167.0,0.0,0.0,0.0,0.0,0.0,0.0,0.0,0.0,0.0,0.0,0.0,0.0,0.0,0.0,0.0,0.0,0.0,167.0,0.0,0.0,0.0,0.0,0.0,0.0,0.0,0.0,0.0,0.0,0.0,0.0,0.0,0.0,0.0,0.0,0.0,0.0,0.0,0.0,0.0,0.0,0.0,0.0,0.0,0.0,0.0,83.0,0.0,82.0,83.0,2.0,82.0,0.0,2.0,0.0,0.0,"Jan 19, 2017"
1100,2301007.0,24041.0,Baghdad,Abu Ghraib,Akr koof-14,عكركوف(14),33.3476160239,44.1762914807,516.0,3096.0,426.0,0.0,90.0,0.0,0.0,0.0,0.0,0.0,0.0,0.0,0.0,0.0,0.0,0.0,0.0,0.0,0.0,0.0,0.0,151.0,0.0,0.0,0.0,0.0,0.0,0.0,365.0,0.0,0.0,365.0,0.0,0.0,0.0,0.0,0.0,0.0,0.0,0.0,100.0,0.0,0.0,100.0,0.0,0.0,364.0,0.0,36.0,364.0,16.0,36.0,0.0,16.0,0.0,0.0,0.0,0.0,"Jan 19, 2017"
1101,2301008.0,24051.0,Baghdad,Abu Ghraib,Al Abady-Al Tawaraa,العبادي-الطوارئ,33.34917303,44.05400256,61.0,366.0,54.0,0.0,7.0,0.0,0.0,0.0,0.0,0.0,0.0,0.0,0.0,0.0,0.0,0.0,0.0,0.0,0.0,0.0,0.0,45.0,0.0,0.0,0.0,0.0,0.0,0.0,16.0,0.0,0.0,16.0,0.0,0.0,0.0,0.0,0.0,0.0,0.0,0.0,13.0,0.0,0.0,13.0,0.0,0.0,6.0,0.0,42.0,6.0,0.0,42.0,0.0,0.0,0.0,0.0,0.0,0.0,"Jan 19, 2017"
1102,2301009.0,24058.0,Baghdad,Abu Ghraib,Al Ayashiyah 9,العياشية-9,33.3698441189,44.1267246987,113.0,678.0,93.0,0.0,0.0,0.0,0.0,0.0,0.0,0.0,0.0,0.0,0.0,0.0,0.0,0.0,20.0,0.0,0.0,0.0,0.0,8.0,0.0,42.0,0.0,0.0,42.0,0.0,0.0,0.0,0.0,0.0,0.0,0.0,0.0,0.0,63.0,0.0,0.0,63.0,9.0,0.0,0.0,9.0,0.0,0.0,11.0,0.0,85.0,11.0,8.0,85.0,0.0,8.0,0.0,0.0,0.0,0.0,"Jan 19, 2017"
1103,2301011.0,24038.0,Baghdad,Abu Ghraib,Al Emarat Al Sakaniyah,العمارات السكنية,33.3140192088,44.179388705,378.0,2268.0,378.0,0.0,0.0,0.0,0.0,0.0,0.0,0.0,0.0,0.0,0.0,0.0,0.0,0.0,0.0,0.0,0.0,0.0,0.0,50.0,0.0,0.0,0.0,0.0,0.0,0.0,317.0,0.0,0.0,317.0,0.0,0.0,0.0,0.0,11.0,0.0,0.0,11.0,31.0,0.0,0.0,31.0,0.0,0.0,242.0,0.0,105.0,242.0,0.0,105.0,0.0,0.0,0.0,0.0,0.0,0.0,"Jan 19, 2017"
1104,2301012.0,24048.0,Baghdad,Abu Ghraib,Al Hamdaniyah,الحمدانية,33.3377035696,44.0733058177,491.0,2946.0,184.0,0.0,246.0,0.0,0.0,15.0,0.0,0.0,0.0,0.0,0.0,0.0,0.0,0.0,46.0,0.0,0.0,0.0,0.0,323.0,0.0,0.0,0.0,0.0,0.0,0.0,95.0,0.0,0.0,95.0,0.0,0.0,0.0,0.0,73.0,0.0,0.0,73.0,52.0,0.0,0.0,52.0,0.0,0.0,320.0,0.0,119.0,320.0,0.0,119.0,0.0,0.0,0.0,0.0,0.0,0.0,"Jan 19, 2017"
1105,2301014.0,24049.0,Baghdad,Abu Ghraib,Al Zaidan,الزيدان,33.24860468,44.02620859,278.0,1668.0,131.0,0.0,147.0,0.0,0.0,0.0,0.0,0.0,0.0,0.0,0.0,0.0,0.0,0.0,0.0,0.0,0.0,0.0,0.0,243.0,0.0,0.0,0.0,0.0,0.0,0.0,35.0,0.0,0.0,35.0,0.0,0.0,0.0,0.0,0.0,0.0,0.0,0.0,71.0,0.0,0.0,71.0,0.0,0.0,30.0,0.0,160.0,30.0,17.0,160.0,0.0,17.0,0.0,0.0,0.0,0.0,"Jan 19, 2017"
1106,2301015.0,7662.0,Baghdad,Abu Ghraib,Al-Dhahab Al-Abyadh,الذهب الأبيض,33.3147962928,44.1662827524,330.0,1980.0,330.0,0.0,0.0,0.0,0.0,0.0,0.0,0.0,0.0,0.0,0.0,0.0,0.0,0.0,0.0,0.0,0.0,0.0,0.0,164.0,0.0,0.0,0.0,0.0,0.0,0.0,166.0,0.0,0.0,166.0,0.0,0.0,0.0,0.0,0.0,0.0,0.0,0.0,53.0,0.0,0.0,53.0,0.0,0.0,143.0,0.0,134.0,143.0,0.0,134.0,0.0,0.0,0.0,0.0,0.0,0.0,"Jan 19, 2017"
1107,2301016.0,23867.0,Baghdad,Abu Ghraib,Al-Nasir Walsalam-1000,النصر والسلام-1000,33.3005843159,44.0418354893,246.0,1476.0,165.0,0.0,81.0,0.0,0.0,0.0,0.0,0.0,0.0,0.0,0.0,0.0,0.0,0.0,0.0,0.0,0.0,0.0,0.0,118.0,0.0,27.0,0.0,0.0,27.0,0.0,101.0,0.0,0.0,101.0,0.0,0.0,0.0,0.0,0.0,0.0,0.0,0.0,100.0,0.0,0.0,100.0,0.0,0.0,70.0,0.0,76.0,70.0,0.0,76.0,0.0,0.0,0.0,0.0,0.0,0.0,"Jan 19, 2017"
1108,2301017.0,23864.0,Baghdad,Abu Ghraib,Al-Nasir Walsalam-2000,النصر والسلام-2000,33.3103151893,44.0321604333,131.0,786.0,60.0,0.0,71.0,0.0,0.0,0.0,0.0,0.0,0.0,0.0,0.0,0.0,0.0,0.0,0.0,0.0,0.0,0.0,0.0,62.0,0.0,32.0,0.0,0.0,32.0,0.0,37.0,0.0,0.0,37.0,0.0,0.0,0.0,0.0,0.0,0.0,0.0,0.0,0.0,0.0,0.0,0.0,0.0,0.0,61.0,0.0,70.0,61.0,0.0,70.0,0.0,0.0,0.0,0.0,0.0,0.0,"Jan 19, 2017"
1109,2301018.0,7626.0,Baghdad,Abu Ghraib,Al-Nasir Walsalam-3000,النصر والسلام-3000,33.3100092337,44.0215891903,578.0,3468.0,516.0,0.0,62.0,0.0,0.0,0.0,0.0,0.0,0.0,0.0,0.0,0.0,0.0,0.0,0.0,0.0,0.0,0.0,0.0,292.0,0.0,0.0,0.0,0.0,0.0,0.0,286.0,0.0,0.0,286.0,0.0,0.0,0.0,0.0,0.0,0.0,0.0,0.0,90.0,0.0,0.0,90.0,0.0,0.0,388.0,0.0,100.0,388.0,0.0,100.0,0.0,0.0,0.0,0.0,0.0,0.0,"Jan 19, 2017"
1110,2301019.0,24044.0,Baghdad,Abu Ghraib,Al-Nasir Walsalam-4000,النصر والسلام-4000,33.3065822497,44.0233145496,571.0,3426.0,468.0,0.0,103.0,0.0,0.0,0.0,0.0,0.0,0.0,0.0,0.0,0.0,0.0,0.0,0.0,0.0,0.0,0.0,0.0,208.0,0.0,0.0,0.0,0.0,0.0,0.0,363.0,0.0,0.0,363.0,0.0,0.0,0.0,0.0,0.0,0.0,0.0,0.0,149.0,0.0,0.0,149.0,0.0,0.0,275.0,0.0,147.0,275.0,0.0,147.0,0.0,0.0,0.0,0.0,0.0,0.0,"Jan 19, 2017"
1111,2301020.0,23866.0,Baghdad,Abu Ghraib,Al-Nasir Walsalam-5000,النصر والسلام-5000,33.3036633454,44.027626029,261.0,1566.0,153.0,0.0,108.0,0.0,0.0,0.0,0.0,0.0,0.0,0.0,0.0,0.0,0.0,0.0,0.0,0.0,0.0,0.0,0.0,107.0,0.0,0.0,0.0,0.0,0.0,0.0,154.0,0.0,0.0,154.0,0.0,0.0,0.0,0.0,0.0,0.0,0.0,0.0,100.0,0.0,0.0,100.0,0.0,0.0,101.0,0.0,60.0,101.0,0.0,60.0,0.0,0.0,0.0,0.0,0.0,0.0,"Jan 19, 2017"
1112,2301021.0,23865.0,Baghdad,Abu Ghraib,Al-Nasir Walsalam-6000,النصر والسلام-6000,33.2938779747,44.0408240712,297.0,1782.0,145.0,0.0,152.0,0.0,0.0,0.0,0.0,0.0,0.0,0.0,0.0,0.0,0.0,0.0,0.0,0.0,0.0,0.0,0.0,171.0,0.0,0.0,0.0,0.0,0.0,0.0,126.0,0.0,0.0,126.0,0.0,0.0,0.0,0.0,0.0,0.0,0.0,0.0,60.0,0.0,0.0,60.0,0.0,0.0,78.0,0.0,159.0,78.0,0.0,159.0,0.0,0.0,0.0,0.0,0.0,0.0,"Jan 19, 2017"
1113,2301022.0,24045.0,Baghdad,Abu Ghraib,Al-Nasir Walsalam-7000,النصر والسلام-7000,33.298550439,44.0264265363,487.0,2922.0,456.0,0.0,31.0,0.0,0.0,0.0,0.0,0.0,0.0,0.0,0.0,0.0,0.0,0.0,0.0,0.0,0.0,0.0,0.0,287.0,0.0,0.0,0.0,0.0,0.0,0.0,200.0,0.0,0.0,200.0,0.0,0.0,0.0,0.0,0.0,0.0,0.0,0.0,98.0,0.0,0.0,98.0,0.0,0.0,218.0,0.0,171.0,218.0,0.0,171.0,0.0,0.0,0.0,0.0,0.0,0.0,"Jan 19, 2017"
1114,2301023.0,24046.0,Baghdad,Abu Ghraib,Al-Nasir Walsalam-8000,النصر والسلام-8000,33.295430854,44.0345979976,451.0,2706.0,330.0,0.0,121.0,0.0,0.0,0.0,0.0,0.0,0.0,0.0,0.0,0.0,0.0,0.0,0.0,0.0,0.0,0.0,0.0,201.0,0.0,0.0,0.0,0.0,0.0,0.0,250.0,0.0,0.0,250.0,0.0,0.0,0.0,0.0,0.0,0.0,0.0,0.0,102.0,0.0,0.0,102.0,0.0,0.0,338.0,0.0,0.0,338.0,11.0,0.0,0.0,11.0,0.0,0.0,0.0,0.0,"Jan 19, 2017"
1115,2301024.0,7658.0,Baghdad,Abu Ghraib,Al-Resalah,الرسالة,33.2972104441,44.1190843447,719.0,4314.0,656.0,0.0,53.0,0.0,0.0,3.0,0.0,0.0,0.0,0.0,0.0,0.0,0.0,0.0,7.0,0.0,0.0,0.0,0.0,267.0,0.0,0.0,0.0,0.0,0.0,9.0,443.0,9.0,0.0,443.0,0.0,0.0,0.0,0.0,0.0,0.0,0.0,0.0,54.0,0.0,66.0,54.0,0.0,66.0,271.0,0.0,304.0,271.0,24.0,304.0,0.0,24.0,0.0,0.0,0.0,0.0,"Jan 19, 2017"
1116,2301026.0,24054.0,Baghdad,Abu Ghraib,Arab Tahoos,عرب طاحوس,33.2931911695,44.0011548198,35.0,210.0,35.0,0.0,0.0,0.0,0.0,0.0,0.0,0.0,0.0,0.0,0.0,0.0,0.0,0.0,0.0,0.0,0.0,0.0,0.0,35.0,0.0,0.0,0.0,0.0,0.0,0.0,0.0,0.0,0.0,0.0,0.0,0.0,0.0,0.0,0.0,0.0,0.0,0.0,5.0,0.0,0.0,5.0,0.0,0.0,0.0,0.0,24.0,0.0,6.0,24.0,0.0,6.0,0.0,0.0,0.0,0.0,"Jan 19, 2017"
1117,2301027.0,24036.0,Baghdad,Abu Ghraib,Door Al hummer,دور الحمر,33.3114981916,44.174230945,50.0,300.0,50.0,0.0,0.0,0.0,0.0,0.0,0.0,0.0,0.0,0.0,0.0,0.0,0.0,0.0,0.0,0.0,0.0,0.0,0.0,0.0,0.0,0.0,0.0,0.0,0.0,0.0,50.0,0.0,0.0,50.0,0.0,0.0,0.0,0.0,0.0,0.0,0.0,0.0,0.0,0.0,10.0,0.0,0.0,10.0,0.0,0.0,40.0,0.0,0.0,40.0,0.0,0.0,0.0,0.0,0.0,0.0,"Jan 19, 2017"
1118,2301029.0,24042.0,Baghdad,Abu Ghraib,Ghirbawy 1,غرباوي-1,33.288,43.9187,20.0,120.0,20.0,0.0,0.0,0.0,0.0,0.0,0.0,0.0,0.0,0.0,0.0,0.0,0.0,0.0,0.0,0.0,0.0,0.0,0.0,10.0,0.0,0.0,0.0,0.0,0.0,0.0,10.0,0.0,0.0,10.0,0.0,0.0,0.0,0.0,0.0,0.0,0.0,0.0,10.0,0.0,0.0,10.0,0.0,0.0,0.0,0.0,10.0,0.0,0.0,10.0,0.0,0.0,0.0,0.0,0.0,0.0,"Jan 19, 2017"
1119,2301030.0,24055.0,Baghdad,Abu Ghraib,Hamid Al Hasan,حميد الحسن,33.2953688961,44.0748100133,121.0,726.0,81.0,0.0,40.0,0.0,0.0,0.0,0.0,0.0,0.0,0.0,0.0,0.0,0.0,0.0,0.0,0.0,0.0,0.0,0.0,98.0,0.0,0.0,0.0,0.0,0.0,0.0,23.0,0.0,0.0,23.0,0.0,0.0,0.0,0.0,0.0,0.0,0.0,0.0,29.0,0.0,0.0,29.0,14.0,0.0,59.0,14.0,10.0,59.0,9.0,10.0,0.0,9.0,0.0,0.0,0.0,0.0,"Jan 19, 2017"
1120,2301031.0,24033.0,Baghdad,Abu Ghraib,Hay Al Asreyah,حي العصرية,33.3228419714,44.1996684423,82.0,492.0,82.0,0.0,0.0,0.0,0.0,0.0,0.0,0.0,0.0,0.0,0.0,0.0,0.0,0.0,0.0,0.0,0.0,0.0,0.0,28.0,0.0,0.0,0.0,0.0,0.0,0.0,54.0,0.0,0.0,54.0,0.0,0.0,0.0,0.0,0.0,0.0,0.0,0.0,30.0,0.0,0.0,30.0,0.0,0.0,40.0,0.0,12.0,40.0,0.0,12.0,0.0,0.0,0.0,0.0,0.0,0.0,"Jan 19, 2017"
1121,2301032.0,24034.0,Baghdad,Abu Ghraib,Hay Al Ghawassah,حي الغواصة,33.296642372,44.1454898052,76.0,456.0,76.0,0.0,0.0,0.0,0.0,0.0,0.0,0.0,0.0,0.0,0.0,0.0,0.0,0.0,0.0,0.0,0.0,0.0,0.0,25.0,0.0,0.0,0.0,0.0,0.0,0.0,51.0,0.0,0.0,51.0,0.0,0.0,0.0,0.0,0.0,0.0,0.0,0.0,0.0,0.0,0.0,0.0,0.0,0.0,23.0,0.0,53.0,23.0,0.0,53.0,0.0,0.0,0.0,0.0,0.0,0.0,"Jan 19, 2017"
1122,2301033.0,24043.0,Baghdad,Abu Ghraib,Hay Al Madfay,حي المدفعي,33.30468256,44.16759336,37.0,222.0,37.0,0.0,0.0,0.0,0.0,0.0,0.0,0.0,0.0,0.0,0.0,0.0,0.0,0.0,0.0,0.0,0.0,0.0,0.0,17.0,0.0,0.0,0.0,0.0,0.0,0.0,20.0,0.0,0.0,20.0,0.0,0.0,0.0,0.0,0.0,0.0,0.0,0.0,17.0,0.0,0.0,17.0,0.0,0.0,0.0,0.0,20.0,0.0,0.0,20.0,0.0,0.0,0.0,0.0,0.0,0.0,"Jan 19, 2017"
1123,2301034.0,24032.0,Baghdad,Abu Ghraib,Hay Al Sadiq,حي الصديق,33.3004440474,44.1909309288,241.0,1446.0,219.0,0.0,22.0,0.0,0.0,0.0,0.0,0.0,0.0,0.0,0.0,0.0,0.0,0.0,0.0,0.0,0.0,0.0,0.0,105.0,0.0,0.0,0.0,0.0,0.0,0.0,136.0,0.0,0.0,136.0,0.0,0.0,0.0,0.0,0.0,0.0,0.0,0.0,50.0,0.0,105.0,50.0,0.0,105.0,0.0,0.0,86.0,0.0,0.0,86.0,0.0,0.0,0.0,0.0,0.0,0.0,"Jan 19, 2017"
1124,2301035.0,7623.0,Baghdad,Abu Ghraib,Al Zaitoon,الزيتون,33.3127515847,44.2010185519,269.0,1614.0,240.0,0.0,0.0,0.0,0.0,0.0,0.0,0.0,0.0,0.0,0.0,0.0,0.0,0.0,29.0,0.0,0.0,0.0,0.0,164.0,0.0,0.0,0.0,0.0,0.0,0.0,85.0,0.0,0.0,85.0,0.0,0.0,0.0,0.0,20.0,0.0,0.0,20.0,66.0,0.0,0.0,66.0,0.0,0.0,118.0,0.0,85.0,118.0,0.0,85.0,0.0,0.0,0.0,0.0,0.0,0.0,"Jan 19, 2017"
1125,2301036.0,24039.0,Baghdad,Abu Ghraib,Hay Al Zohor,حي الزهور,33.311452335,44.1870208869,746.0,4476.0,746.0,0.0,0.0,0.0,0.0,0.0,0.0,0.0,0.0,0.0,0.0,0.0,0.0,0.0,0.0,0.0,0.0,0.0,0.0,413.0,0.0,0.0,0.0,0.0,0.0,0.0,320.0,0.0,0.0,320.0,0.0,0.0,0.0,0.0,13.0,0.0,0.0,13.0,58.0,0.0,0.0,58.0,0.0,0.0,264.0,0.0,424.0,264.0,0.0,424.0,0.0,0.0,0.0,0.0,0.0,0.0,"Jan 19, 2017"
1126,2301038.0,7553.0,Baghdad,Abu Ghraib,Hay Al-Shuhadaa,حي الشهداء-خان ضاري,33.2945232332,44.0556337292,733.0,4398.0,306.0,0.0,427.0,0.0,0.0,0.0,0.0,0.0,0.0,0.0,0.0,0.0,0.0,0.0,0.0,0.0,0.0,0.0,0.0,362.0,0.0,0.0,0.0,0.0,0.0,0.0,314.0,0.0,0.0,314.0,0.0,0.0,57.0,0.0,0.0,57.0,0.0,0.0,228.0,0.0,0.0,228.0,0.0,0.0,273.0,0.0,232.0,273.0,0.0,232.0,0.0,0.0,0.0,0.0,0.0,0.0,"Jan 19, 2017"
1127,2301039.0,22050.0,Baghdad,Abu Ghraib,Hay Ashbilia,حي اشبيليه,33.3047462623,44.1681249774,47.0,282.0,47.0,0.0,0.0,0.0,0.0,0.0,0.0,0.0,0.0,0.0,0.0,0.0,0.0,0.0,0.0,0.0,0.0,0.0,0.0,0.0,0.0,0.0,0.0,0.0,0.0,0.0,47.0,0.0,0.0,47.0,0.0,0.0,0.0,0.0,0.0,0.0,0.0,0.0,0.0,0.0,18.0,0.0,0.0,18.0,0.0,0.0,29.0,0.0,0.0,29.0,0.0,0.0,0.0,0.0,0.0,0.0,"Jan 19, 2017"
1128,2301041.0,20971.0,Baghdad,Abu Ghraib,Hay Shuhada Markza,الشهداء-المركز,33.3086862,44.18356306,1537.0,9222.0,1476.0,0.0,28.0,0.0,0.0,8.0,0.0,0.0,0.0,0.0,0.0,0.0,6.0,0.0,19.0,0.0,0.0,0.0,0.0,279.0,0.0,0.0,0.0,0.0,0.0,6.0,1168.0,6.0,0.0,1168.0,0.0,0.0,0.0,0.0,84.0,0.0,0.0,84.0,321.0,0.0,100.0,321.0,0.0,100.0,540.0,0.0,570.0,540.0,0.0,570.0,6.0,0.0,0.0,6.0,0.0,0.0,"Jan 19, 2017"
1129,2301042.0,24052.0,Baghdad,Abu Ghraib,Hay Sinaa,حي سيناء,33.2854783342,44.0540168139,81.0,486.0,30.0,0.0,51.0,0.0,0.0,0.0,0.0,0.0,0.0,0.0,0.0,0.0,0.0,0.0,0.0,0.0,0.0,0.0,0.0,58.0,0.0,0.0,0.0,0.0,0.0,0.0,23.0,0.0,0.0,23.0,0.0,0.0,0.0,0.0,0.0,0.0,0.0,0.0,5.0,0.0,0.0,5.0,0.0,0.0,27.0,0.0,49.0,27.0,0.0,49.0,0.0,0.0,0.0,0.0,0.0,0.0,"Jan 19, 2017"
1130,2301043.0,25129.0,Baghdad,Abu Ghraib,Hay-Busatan,حي البستان,33.3004271682,44.1778411522,437.0,2622.0,411.0,0.0,20.0,0.0,0.0,0.0,0.0,0.0,0.0,0.0,0.0,0.0,6.0,0.0,0.0,0.0,0.0,0.0,0.0,133.0,0.0,0.0,0.0,0.0,0.0,0.0,304.0,0.0,0.0,304.0,0.0,0.0,0.0,0.0,0.0,0.0,0.0,0.0,0.0,0.0,38.0,0.0,0.0,38.0,28.0,0.0,371.0,28.0,0.0,371.0,0.0,0.0,0.0,0.0,0.0,0.0,"Jan 19, 2017"
1131,2301044.0,24056.0,Baghdad,Abu Ghraib,Kadem Al Athab village,كاظم العذاب,33.3135564908,44.0639620695,8.0,48.0,8.0,0.0,0.0,0.0,0.0,0.0,0.0,0.0,0.0,0.0,0.0,0.0,0.0,0.0,0.0,0.0,0.0,0.0,0.0,8.0,0.0,0.0,0.0,0.0,0.0,0.0,0.0,0.0,0.0,0.0,0.0,0.0,0.0,0.0,0.0,0.0,0.0,0.0,0.0,0.0,0.0,0.0,0.0,0.0,0.0,0.0,8.0,0.0,0.0,8.0,0.0,0.0,0.0,0.0,0.0,0.0,"Jan 19, 2017"
1132,2301045.0,25126.0,Baghdad,Abu Ghraib,Khan Dhari Center,خان ضاري مركز,33.2994513974,44.0579239832,791.0,4746.0,385.0,0.0,397.0,0.0,0.0,0.0,0.0,0.0,0.0,0.0,0.0,0.0,0.0,0.0,9.0,0.0,0.0,0.0,0.0,403.0,0.0,0.0,0.0,0.0,0.0,0.0,388.0,0.0,0.0,388.0,0.0,0.0,0.0,0.0,0.0,0.0,0.0,0.0,0.0,0.0,0.0,0.0,0.0,0.0,682.0,0.0,91.0,682.0,18.0,91.0,0.0,18.0,0.0,0.0,0.0,0.0,"Jan 19, 2017"
1133,2301047.0,7709.0,Baghdad,Abu Ghraib,North Khernabat,خرنابات الشمالية,33.3290458689,44.1941221825,333.0,1998.0,317.0,0.0,16.0,0.0,0.0,0.0,0.0,0.0,0.0,0.0,0.0,0.0,0.0,0.0,0.0,0.0,0.0,0.0,0.0,151.0,0.0,0.0,0.0,0.0,0.0,0.0,182.0,0.0,0.0,182.0,0.0,0.0,0.0,0.0,0.0,0.0,0.0,0.0,197.0,0.0,0.0,197.0,0.0,0.0,19.0,0.0,117.0,19.0,0.0,117.0,0.0,0.0,0.0,0.0,0.0,0.0,"Jan 19, 2017"
1134,2301048.0,25128.0,Baghdad,Abu Ghraib,Khernabat-South,خرنابات الجنوبيه,33.3205739005,44.1925306884,615.0,3690.0,615.0,0.0,0.0,0.0,0.0,0.0,0.0,0.0,0.0,0.0,0.0,0.0,0.0,0.0,0.0,0.0,0.0,0.0,0.0,136.0,0.0,0.0,0.0,0.0,0.0,0.0,479.0,0.0,0.0,479.0,0.0,0.0,0.0,0.0,0.0,0.0,0.0,0.0,0.0,0.0,225.0,0.0,0.0,225.0,0.0,0.0,390.0,0.0,0.0,390.0,0.0,0.0,0.0,0.0,0.0,0.0,"Jan 19, 2017"
1135,2301049.0,24035.0,Baghdad,Abu Ghraib,Sayed Sajit,سيد ساجت,33.3176206694,44.1856408884,261.0,1566.0,261.0,0.0,0.0,0.0,0.0,0.0,0.0,0.0,0.0,0.0,0.0,0.0,0.0,0.0,0.0,0.0,0.0,0.0,0.0,96.0,0.0,0.0,0.0,0.0,0.0,0.0,165.0,0.0,0.0,165.0,0.0,0.0,0.0,0.0,0.0,0.0,0.0,0.0,10.0,0.0,0.0,10.0,0.0,0.0,111.0,0.0,140.0,111.0,0.0,140.0,0.0,0.0,0.0,0.0,0.0,0.0,"Jan 19, 2017"
1136,2301055.0,27247.0,Baghdad,Abu Ghraib,Al Shams complex,مجمع الشمس,33.3145180731,44.0212471472,297.0,1782.0,297.0,0.0,0.0,0.0,0.0,0.0,0.0,0.0,0.0,0.0,0.0,0.0,0.0,0.0,0.0,0.0,0.0,0.0,0.0,0.0,0.0,297.0,0.0,0.0,297.0,0.0,0.0,0.0,0.0,0.0,0.0,0.0,0.0,0.0,0.0,0.0,0.0,0.0,0.0,0.0,0.0,0.0,0.0,0.0,0.0,0.0,297.0,0.0,0.0,297.0,0.0,0.0,0.0,0.0,0.0,0.0,"Jan 19, 2017"
1137,2301056.0,27290.0,Baghdad,Abu Ghraib,Joabh-3,جويبة-3,33.3879422367,44.1424758005,64.0,384.0,61.0,0.0,3.0,0.0,0.0,0.0,0.0,0.0,0.0,0.0,0.0,0.0,0.0,0.0,0.0,0.0,0.0,0.0,0.0,41.0,0.0,0.0,0.0,0.0,0.0,0.0,23.0,0.0,0.0,23.0,0.0,0.0,0.0,0.0,0.0,0.0,0.0,0.0,0.0,0.0,0.0,0.0,0.0,0.0,3.0,0.0,44.0,3.0,17.0,44.0,0.0,17.0,0.0,0.0,0.0,0.0,"Jan 19, 2017"
1138,2301057.0,27291.0,Baghdad,Abu Ghraib,Al Thaniya,الثنية,33.3442201262,44.1749737717,141.0,846.0,121.0,0.0,9.0,0.0,0.0,0.0,0.0,0.0,0.0,0.0,0.0,0.0,0.0,0.0,11.0,0.0,0.0,0.0,0.0,24.0,0.0,15.0,0.0,0.0,15.0,0.0,41.0,0.0,0.0,41.0,0.0,0.0,0.0,0.0,61.0,0.0,0.0,61.0,0.0,0.0,0.0,0.0,0.0,0.0,20.0,0.0,97.0,20.0,24.0,97.0,0.0,24.0,0.0,0.0,0.0,0.0,"Jan 19, 2017"
1139,2301069.0,29583.0,Baghdad,Abu Ghraib,Al-Amal camp,مخيم الامل,33.29697,44.021672,195.0,1170.0,195.0,0.0,0.0,0.0,0.0,0.0,0.0,0.0,0.0,0.0,0.0,0.0,0.0,0.0,0.0,0.0,0.0,0.0,195.0,0.0,0.0,0.0,0.0,0.0,0.0,0.0,0.0,0.0,0.0,0.0,0.0,0.0,0.0,0.0,0.0,0.0,0.0,0.0,0.0,0.0,0.0,0.0,0.0,0.0,0.0,0.0,190.0,0.0,5.0,190.0,0.0,5.0,0.0,0.0,0.0,0.0,"Jan 19, 2017"
1140,2302001.0,25209.0,Baghdad,Adhamia,Abdualzobaa village,قرية عبد الزوبع,33.53705719,44.34940696,13.0,78.0,2.0,0.0,0.0,0.0,0.0,6.0,0.0,0.0,0.0,0.0,0.0,0.0,0.0,0.0,5.0,0.0,0.0,0.0,0.0,10.0,0.0,0.0,0.0,0.0,0.0,0.0,3.0,0.0,0.0,3.0,0.0,0.0,0.0,0.0,0.0,0.0,0.0,0.0,0.0,0.0,0.0,0.0,8.0,0.0,5.0,8.0,0.0,5.0,0.0,0.0,0.0,0.0,0.0,0.0,0.0,0.0,"Jan 19, 2017"
1141,2302002.0,24989.0,Baghdad,Adhamia,Abu Guffa Village,قرية أبو كفة,33.5384265072,44.3267169033,19.0,114.0,0.0,0.0,0.0,0.0,0.0,3.0,0.0,0.0,0.0,0.0,0.0,0.0,14.0,0.0,2.0,0.0,0.0,0.0,0.0,2.0,0.0,0.0,0.0,0.0,0.0,0.0,17.0,0.0,0.0,17.0,0.0,0.0,0.0,0.0,0.0,0.0,0.0,0.0,0.0,0.0,14.0,0.0,5.0,14.0,0.0,5.0,0.0,0.0,0.0,0.0,0.0,0.0,0.0,0.0,0.0,0.0,"Jan 19, 2017"
1142,2302004.0,7717.0,Baghdad,Adhamia,Adhamia-308,الاعظمية-308,33.3688919164,44.3620641746,186.0,1116.0,131.0,0.0,0.0,0.0,0.0,3.0,0.0,0.0,0.0,0.0,0.0,0.0,26.0,0.0,26.0,0.0,0.0,0.0,0.0,92.0,0.0,0.0,0.0,0.0,0.0,0.0,94.0,0.0,0.0,94.0,0.0,0.0,0.0,0.0,0.0,0.0,0.0,0.0,41.0,0.0,74.0,41.0,0.0,74.0,16.0,0.0,43.0,16.0,0.0,43.0,12.0,0.0,0.0,12.0,0.0,0.0,"Jan 19, 2017"
1143,2302005.0,7730.0,Baghdad,Adhamia,Adhamia-312,الاعظمية-312,33.3702673045,44.3560919202,512.0,3072.0,369.0,0.0,0.0,0.0,0.0,5.0,0.0,0.0,0.0,0.0,0.0,0.0,88.0,0.0,50.0,0.0,0.0,0.0,0.0,111.0,0.0,115.0,0.0,0.0,115.0,0.0,286.0,0.0,0.0,286.0,0.0,0.0,0.0,0.0,0.0,0.0,0.0,0.0,154.0,0.0,43.0,154.0,21.0,43.0,139.0,21.0,131.0,139.0,15.0,131.0,9.0,15.0,0.0,9.0,0.0,0.0,"Jan 19, 2017"
1144,2302006.0,23646.0,Baghdad,Adhamia,Adhamia-314,الأعظمية-314,33.3723172832,44.3646259349,562.0,3372.0,303.0,0.0,0.0,0.0,0.0,0.0,0.0,0.0,5.0,0.0,0.0,0.0,7.0,0.0,247.0,0.0,0.0,0.0,0.0,555.0,0.0,0.0,0.0,0.0,0.0,0.0,7.0,0.0,0.0,7.0,0.0,0.0,0.0,0.0,0.0,0.0,0.0,0.0,57.0,0.0,64.0,57.0,113.0,64.0,128.0,113.0,159.0,128.0,25.0,159.0,16.0,25.0,0.0,16.0,0.0,0.0,"Jan 19, 2017"
1145,2302007.0,23728.0,Baghdad,Adhamia,Adhamiya-310,الاعظمية-310,33.3657624508,44.3533884767,228.0,1368.0,120.0,0.0,0.0,0.0,0.0,4.0,0.0,0.0,0.0,0.0,0.0,0.0,59.0,0.0,45.0,0.0,0.0,0.0,0.0,65.0,0.0,13.0,0.0,0.0,13.0,0.0,80.0,0.0,0.0,80.0,0.0,0.0,0.0,0.0,70.0,0.0,0.0,70.0,26.0,0.0,23.0,26.0,31.0,23.0,49.0,31.0,64.0,49.0,17.0,64.0,18.0,17.0,0.0,18.0,0.0,0.0,"Jan 19, 2017"
1146,2302008.0,23729.0,Baghdad,Adhamia,Al Qahira-324,القاهرة-324,33.3847301823,44.3834480814,87.0,522.0,20.0,0.0,0.0,0.0,0.0,8.0,0.0,0.0,0.0,0.0,0.0,0.0,29.0,0.0,30.0,0.0,0.0,0.0,0.0,31.0,0.0,0.0,0.0,0.0,0.0,0.0,56.0,0.0,0.0,56.0,0.0,0.0,0.0,0.0,0.0,0.0,0.0,0.0,39.0,0.0,32.0,39.0,2.0,32.0,6.0,2.0,4.0,6.0,0.0,4.0,4.0,0.0,0.0,4.0,0.0,0.0,"Jan 19, 2017"
1147,2302009.0,7331.0,Baghdad,Adhamia,Hay Al Badaa,حي البدعة,33.55347082,44.38307779,10.0,60.0,0.0,0.0,0.0,0.0,0.0,0.0,0.0,0.0,0.0,0.0,0.0,0.0,0.0,0.0,10.0,0.0,0.0,0.0,0.0,5.0,0.0,0.0,0.0,0.0,0.0,0.0,5.0,0.0,0.0,5.0,0.0,0.0,0.0,0.0,0.0,0.0,0.0,0.0,0.0,0.0,0.0,0.0,8.0,0.0,2.0,8.0,0.0,2.0,0.0,0.0,0.0,0.0,0.0,0.0,0.0,0.0,"Jan 19, 2017"
1148,2302010.0,24173.0,Baghdad,Adhamia,Al Basaten-362,البساتين-362,33.4423206373,44.3750336992,21.0,126.0,10.0,5.0,0.0,0.0,0.0,4.0,0.0,0.0,0.0,0.0,0.0,0.0,0.0,0.0,2.0,0.0,0.0,0.0,0.0,0.0,0.0,0.0,0.0,0.0,0.0,0.0,21.0,0.0,0.0,21.0,0.0,0.0,0.0,0.0,0.0,0.0,0.0,0.0,0.0,0.0,11.0,0.0,0.0,11.0,0.0,0.0,10.0,0.0,0.0,10.0,0.0,0.0,0.0,0.0,0.0,0.0,"Jan 19, 2017"
1149,2302011.0,24175.0,Baghdad,Adhamia,Al Basaten Al sadren complex,البساتين-مجمع الصدرين,33.4117000589,44.3773331427,38.0,228.0,3.0,0.0,0.0,0.0,0.0,3.0,0.0,0.0,0.0,0.0,0.0,0.0,32.0,0.0,0.0,0.0,0.0,0.0,0.0,17.0,0.0,0.0,0.0,0.0,0.0,0.0,21.0,0.0,0.0,21.0,0.0,0.0,0.0,0.0,0.0,0.0,0.0,0.0,0.0,0.0,35.0,0.0,0.0,35.0,0.0,0.0,3.0,0.0,0.0,3.0,0.0,0.0,0.0,0.0,0.0,0.0,"Jan 19, 2017"
1150,2302012.0,7740.0,Baghdad,Adhamia,Al Bayariq village,قرية البيارق,33.45420754,44.33556293,10.0,60.0,3.0,0.0,0.0,0.0,0.0,7.0,0.0,0.0,0.0,0.0,0.0,0.0,0.0,0.0,0.0,0.0,0.0,0.0,0.0,4.0,0.0,0.0,0.0,0.0,0.0,0.0,6.0,0.0,0.0,6.0,0.0,0.0,0.0,0.0,0.0,0.0,0.0,0.0,0.0,0.0,0.0,0.0,10.0,0.0,0.0,10.0,0.0,0.0,0.0,0.0,0.0,0.0,0.0,0.0,0.0,0.0,"Jan 19, 2017"
1151,2302013.0,24030.0,Baghdad,Adhamia,Al Biydhaa-321,البيضاء-321,33.3874964689,44.4049726491,36.0,216.0,7.0,0.0,0.0,0.0,0.0,5.0,0.0,0.0,1.0,0.0,0.0,0.0,21.0,0.0,2.0,0.0,0.0,0.0,0.0,12.0,0.0,0.0,0.0,0.0,0.0,0.0,24.0,0.0,0.0,24.0,0.0,0.0,0.0,0.0,0.0,0.0,0.0,0.0,7.0,0.0,15.0,7.0,7.0,15.0,7.0,7.0,0.0,7.0,0.0,0.0,0.0,0.0,0.0,0.0,0.0,0.0,"Jan 19, 2017"
1152,2302014.0,24991.0,Baghdad,Adhamia,Al Haj Jasim Village,قرية الحاج جاسم,33.4539148615,44.3363067567,14.0,84.0,0.0,0.0,0.0,0.0,0.0,0.0,0.0,0.0,0.0,0.0,0.0,0.0,14.0,0.0,0.0,0.0,0.0,0.0,0.0,0.0,0.0,0.0,0.0,0.0,0.0,0.0,14.0,0.0,0.0,14.0,0.0,0.0,0.0,0.0,0.0,0.0,0.0,0.0,0.0,0.0,14.0,0.0,0.0,14.0,0.0,0.0,0.0,0.0,0.0,0.0,0.0,0.0,0.0,0.0,0.0,0.0,"Jan 19, 2017"
1153,2302015.0,24990.0,Baghdad,Adhamia,Al Haj Sabur Village,قرية الحاج صبر,33.4564896252,44.3183857904,39.0,234.0,0.0,0.0,0.0,0.0,0.0,6.0,0.0,0.0,0.0,0.0,0.0,0.0,33.0,0.0,0.0,0.0,0.0,0.0,0.0,6.0,0.0,0.0,0.0,0.0,0.0,0.0,33.0,0.0,0.0,33.0,0.0,0.0,0.0,0.0,0.0,0.0,0.0,0.0,0.0,0.0,30.0,0.0,3.0,30.0,0.0,3.0,6.0,0.0,0.0,6.0,0.0,0.0,0.0,0.0,0.0,0.0,"Jan 19, 2017"
1154,2302016.0,22004.0,Baghdad,Adhamia,Al Husayniya-221,الحسينية-221,33.5538628784,44.3954526554,9.0,54.0,0.0,0.0,0.0,0.0,0.0,0.0,0.0,0.0,3.0,0.0,0.0,0.0,2.0,0.0,4.0,0.0,0.0,0.0,0.0,2.0,0.0,0.0,0.0,0.0,0.0,0.0,7.0,0.0,0.0,7.0,0.0,0.0,0.0,0.0,0.0,0.0,0.0,0.0,0.0,0.0,0.0,0.0,0.0,0.0,9.0,0.0,0.0,9.0,0.0,0.0,0.0,0.0,0.0,0.0,0.0,0.0,"Jan 19, 2017"
1155,2302017.0,22005.0,Baghdad,Adhamia,Al Husayniya-225,الحسينية-225,33.5451271829,44.3901427527,39.0,234.0,0.0,0.0,0.0,0.0,0.0,0.0,0.0,0.0,0.0,0.0,0.0,0.0,37.0,0.0,2.0,0.0,0.0,0.0,0.0,6.0,0.0,0.0,0.0,0.0,0.0,0.0,15.0,0.0,0.0,15.0,0.0,0.0,18.0,0.0,0.0,18.0,0.0,0.0,0.0,0.0,0.0,0.0,0.0,0.0,39.0,0.0,0.0,39.0,0.0,0.0,0.0,0.0,0.0,0.0,0.0,0.0,"Jan 19, 2017"
1156,2302018.0,22032.0,Baghdad,Adhamia,Al Hussainiya-202,الحسينية-202,33.5411215894,44.4221602885,40.0,240.0,0.0,0.0,0.0,0.0,0.0,0.0,0.0,0.0,0.0,0.0,0.0,0.0,40.0,0.0,0.0,0.0,0.0,0.0,0.0,12.0,0.0,0.0,0.0,0.0,0.0,0.0,28.0,0.0,0.0,28.0,0.0,0.0,0.0,0.0,0.0,0.0,0.0,0.0,0.0,0.0,0.0,0.0,0.0,0.0,40.0,0.0,0.0,40.0,0.0,0.0,0.0,0.0,0.0,0.0,0.0,0.0,"Jan 19, 2017"
1157,2302019.0,22697.0,Baghdad,Adhamia,Al Hussainiya-203,الحسينية-203,33.55068267,44.41416485,2.0,12.0,0.0,0.0,0.0,0.0,0.0,0.0,0.0,0.0,0.0,0.0,0.0,0.0,2.0,0.0,0.0,0.0,0.0,0.0,0.0,0.0,0.0,0.0,0.0,0.0,0.0,0.0,2.0,0.0,0.0,2.0,0.0,0.0,0.0,0.0,0.0,0.0,0.0,0.0,0.0,0.0,2.0,0.0,0.0,2.0,0.0,0.0,0.0,0.0,0.0,0.0,0.0,0.0,0.0,0.0,0.0,0.0,"Jan 19, 2017"
1158,2302020.0,22378.0,Baghdad,Adhamia,Al Hussainiya-204,الحسينية-204,33.54324661,44.42906547,14.0,84.0,0.0,0.0,0.0,0.0,0.0,0.0,0.0,0.0,0.0,0.0,0.0,0.0,14.0,0.0,0.0,0.0,0.0,0.0,0.0,0.0,0.0,0.0,0.0,0.0,0.0,0.0,14.0,0.0,0.0,14.0,0.0,0.0,0.0,0.0,0.0,0.0,0.0,0.0,0.0,0.0,0.0,0.0,0.0,0.0,14.0,0.0,0.0,14.0,0.0,0.0,0.0,0.0,0.0,0.0,0.0,0.0,"Jan 19, 2017"
1159,2302021.0,22250.0,Baghdad,Adhamia,Al Hussainiya-205,الحسينية-205,33.53528954,44.39601959,7.0,42.0,0.0,0.0,0.0,0.0,0.0,0.0,0.0,0.0,0.0,0.0,0.0,0.0,7.0,0.0,0.0,0.0,0.0,0.0,0.0,0.0,0.0,0.0,0.0,0.0,0.0,0.0,7.0,0.0,0.0,7.0,0.0,0.0,0.0,0.0,0.0,0.0,0.0,0.0,0.0,0.0,0.0,0.0,0.0,0.0,7.0,0.0,0.0,7.0,0.0,0.0,0.0,0.0,0.0,0.0,0.0,0.0,"Jan 19, 2017"
1160,2302023.0,22252.0,Baghdad,Adhamia,Al Hussainiya-209,الحسينية-209,33.5453434473,44.4048126744,18.0,108.0,0.0,0.0,0.0,0.0,0.0,3.0,0.0,0.0,3.0,0.0,0.0,0.0,12.0,0.0,0.0,0.0,0.0,0.0,0.0,0.0,0.0,0.0,0.0,0.0,0.0,0.0,18.0,0.0,0.0,18.0,0.0,0.0,0.0,0.0,0.0,0.0,0.0,0.0,0.0,0.0,11.0,0.0,0.0,11.0,7.0,0.0,0.0,7.0,0.0,0.0,0.0,0.0,0.0,0.0,0.0,0.0,"Jan 19, 2017"
1161,2302024.0,24930.0,Baghdad,Adhamia,Al Hussainiya-212,الحسينية-212,33.5449969305,44.4373427372,13.0,78.0,0.0,0.0,0.0,0.0,0.0,0.0,0.0,0.0,0.0,0.0,0.0,0.0,13.0,0.0,0.0,0.0,0.0,0.0,0.0,0.0,0.0,0.0,0.0,0.0,0.0,0.0,13.0,0.0,0.0,13.0,0.0,0.0,0.0,0.0,0.0,0.0,0.0,0.0,0.0,0.0,0.0,0.0,0.0,0.0,10.0,0.0,0.0,10.0,0.0,0.0,3.0,0.0,0.0,3.0,0.0,0.0,"Jan 19, 2017"
1162,2302025.0,22698.0,Baghdad,Adhamia,Al Hussainiya-213,الحسينية-213,33.5546444046,44.4063590421,18.0,108.0,0.0,0.0,0.0,0.0,0.0,2.0,0.0,0.0,0.0,0.0,0.0,0.0,16.0,0.0,0.0,0.0,0.0,0.0,0.0,15.0,0.0,0.0,0.0,0.0,0.0,0.0,3.0,0.0,0.0,3.0,0.0,0.0,0.0,0.0,0.0,0.0,0.0,0.0,0.0,0.0,11.0,0.0,0.0,11.0,2.0,0.0,0.0,2.0,0.0,0.0,5.0,0.0,0.0,5.0,0.0,0.0,"Jan 19, 2017"
1163,2302026.0,22379.0,Baghdad,Adhamia,Al Hussainiya-215,الحسينية-215,33.53603991,44.39283931,22.0,132.0,0.0,0.0,0.0,0.0,0.0,5.0,0.0,0.0,14.0,0.0,0.0,0.0,0.0,0.0,3.0,0.0,0.0,0.0,0.0,14.0,0.0,0.0,0.0,0.0,0.0,0.0,8.0,0.0,0.0,8.0,0.0,0.0,0.0,0.0,0.0,0.0,0.0,0.0,0.0,0.0,0.0,0.0,0.0,0.0,22.0,0.0,0.0,22.0,0.0,0.0,0.0,0.0,0.0,0.0,0.0,0.0,"Jan 19, 2017"
1164,2302027.0,22380.0,Baghdad,Adhamia,Al Hussainiya-216,الحسينية-216,33.5526130358,44.4223986082,12.0,72.0,0.0,0.0,0.0,0.0,0.0,0.0,0.0,0.0,0.0,0.0,0.0,0.0,12.0,0.0,0.0,0.0,0.0,0.0,0.0,0.0,0.0,0.0,0.0,0.0,0.0,0.0,12.0,0.0,0.0,12.0,0.0,0.0,0.0,0.0,0.0,0.0,0.0,0.0,0.0,0.0,0.0,0.0,0.0,0.0,12.0,0.0,0.0,12.0,0.0,0.0,0.0,0.0,0.0,0.0,0.0,0.0,"Jan 19, 2017"
1165,2302028.0,22699.0,Baghdad,Adhamia,Al Hussainiya-217,الحسينية-217,33.5459316898,44.3938821103,9.0,54.0,0.0,0.0,0.0,0.0,0.0,0.0,0.0,0.0,0.0,0.0,0.0,0.0,6.0,0.0,3.0,0.0,0.0,0.0,0.0,0.0,0.0,0.0,0.0,0.0,0.0,0.0,9.0,0.0,0.0,9.0,0.0,0.0,0.0,0.0,0.0,0.0,0.0,0.0,0.0,0.0,0.0,0.0,6.0,0.0,3.0,6.0,0.0,3.0,0.0,0.0,0.0,0.0,0.0,0.0,0.0,0.0,"Jan 19, 2017"
1166,2302029.0,22381.0,Baghdad,Adhamia,Al Hussainiya-219,الحسينية-219,33.5477593445,44.3934714299,9.0,54.0,0.0,0.0,0.0,0.0,0.0,0.0,0.0,0.0,1.0,0.0,0.0,0.0,8.0,0.0,0.0,0.0,0.0,0.0,0.0,5.0,0.0,0.0,0.0,0.0,0.0,0.0,4.0,0.0,0.0,4.0,0.0,0.0,0.0,0.0,0.0,0.0,0.0,0.0,0.0,0.0,8.0,0.0,0.0,8.0,1.0,0.0,0.0,1.0,0.0,0.0,0.0,0.0,0.0,0.0,0.0,0.0,"Jan 19, 2017"
1167,2302030.0,22253.0,Baghdad,Adhamia,Al Hussainiya-227,الحسينية-227,33.544692,44.388765,25.0,150.0,0.0,0.0,0.0,0.0,0.0,4.0,0.0,0.0,0.0,0.0,0.0,0.0,21.0,0.0,0.0,0.0,0.0,0.0,0.0,9.0,0.0,0.0,0.0,0.0,0.0,0.0,16.0,0.0,0.0,16.0,0.0,0.0,0.0,0.0,0.0,0.0,0.0,0.0,0.0,0.0,0.0,0.0,0.0,0.0,25.0,0.0,0.0,25.0,0.0,0.0,0.0,0.0,0.0,0.0,0.0,0.0,"Jan 19, 2017"
1168,2302031.0,21627.0,Baghdad,Adhamia,Al Hussayniya-210,الحسينية-210,33.5441376609,44.4203293969,13.0,78.0,0.0,0.0,0.0,0.0,0.0,0.0,0.0,0.0,0.0,0.0,0.0,0.0,13.0,0.0,0.0,0.0,0.0,0.0,0.0,0.0,0.0,0.0,0.0,0.0,0.0,0.0,13.0,0.0,0.0,13.0,0.0,0.0,0.0,0.0,0.0,0.0,0.0,0.0,0.0,0.0,0.0,0.0,0.0,0.0,13.0,0.0,0.0,13.0,0.0,0.0,0.0,0.0,0.0,0.0,0.0,0.0,"Jan 19, 2017"
1169,2302032.0,21628.0,Baghdad,Adhamia,Al Hussayniya-222,الحسينية-222,33.5562003418,44.4254136456,8.0,48.0,0.0,0.0,0.0,0.0,0.0,0.0,0.0,0.0,0.0,0.0,0.0,0.0,8.0,0.0,0.0,0.0,0.0,0.0,0.0,0.0,0.0,0.0,0.0,0.0,0.0,0.0,8.0,0.0,0.0,8.0,0.0,0.0,0.0,0.0,0.0,0.0,0.0,0.0,0.0,0.0,0.0,0.0,0.0,0.0,8.0,0.0,0.0,8.0,0.0,0.0,0.0,0.0,0.0,0.0,0.0,0.0,"Jan 19, 2017"
1170,2302033.0,21573.0,Baghdad,Adhamia,AL Hussayniya-201,الحسينية-201,33.5351052,44.40470742,15.0,90.0,0.0,0.0,0.0,0.0,0.0,0.0,0.0,0.0,0.0,0.0,0.0,0.0,15.0,0.0,0.0,0.0,0.0,0.0,0.0,2.0,0.0,0.0,0.0,0.0,0.0,0.0,13.0,0.0,0.0,13.0,0.0,0.0,0.0,0.0,0.0,0.0,0.0,0.0,0.0,0.0,0.0,0.0,0.0,0.0,15.0,0.0,0.0,15.0,0.0,0.0,0.0,0.0,0.0,0.0,0.0,0.0,"Jan 19, 2017"
1171,2302034.0,22033.0,Baghdad,Adhamia,Al Hussayniya-207,الحسينية-207,33.5413266127,44.4105334125,8.0,48.0,0.0,0.0,0.0,0.0,0.0,1.0,0.0,0.0,0.0,0.0,0.0,0.0,4.0,0.0,3.0,0.0,0.0,0.0,0.0,2.0,0.0,0.0,0.0,0.0,0.0,0.0,6.0,0.0,0.0,6.0,0.0,0.0,0.0,0.0,0.0,0.0,0.0,0.0,0.0,0.0,4.0,0.0,0.0,4.0,4.0,0.0,0.0,4.0,0.0,0.0,0.0,0.0,0.0,0.0,0.0,0.0,"Jan 19, 2017"
1172,2302035.0,22003.0,Baghdad,Adhamia,Al Hussayniya-214,الحسينية-214,33.54351502,44.43458916,3.0,18.0,0.0,0.0,0.0,0.0,0.0,0.0,0.0,0.0,0.0,0.0,0.0,0.0,3.0,0.0,0.0,0.0,0.0,0.0,0.0,0.0,0.0,0.0,0.0,0.0,0.0,0.0,3.0,0.0,0.0,3.0,0.0,0.0,0.0,0.0,0.0,0.0,0.0,0.0,0.0,0.0,0.0,0.0,0.0,0.0,3.0,0.0,0.0,3.0,0.0,0.0,0.0,0.0,0.0,0.0,0.0,0.0,"Jan 19, 2017"
1173,2302037.0,24621.0,Baghdad,Adhamia,Al Hussiniyah-223,الحسينية-223,33.5328191413,44.3936742852,15.0,90.0,0.0,0.0,0.0,0.0,0.0,2.0,0.0,0.0,0.0,0.0,0.0,0.0,13.0,0.0,0.0,0.0,0.0,0.0,0.0,9.0,0.0,0.0,0.0,0.0,0.0,0.0,6.0,0.0,0.0,6.0,0.0,0.0,0.0,0.0,0.0,0.0,0.0,0.0,0.0,0.0,0.0,0.0,0.0,0.0,15.0,0.0,0.0,15.0,0.0,0.0,0.0,0.0,0.0,0.0,0.0,0.0,"Jan 19, 2017"
1174,2302039.0,25208.0,Baghdad,Adhamia,Al Kouther,الكوثر,33.5366260121,44.3547659516,18.0,108.0,5.0,0.0,0.0,0.0,0.0,0.0,0.0,0.0,0.0,0.0,0.0,0.0,13.0,0.0,0.0,0.0,0.0,0.0,0.0,8.0,0.0,0.0,0.0,0.0,0.0,0.0,10.0,0.0,0.0,10.0,0.0,0.0,0.0,0.0,0.0,0.0,0.0,0.0,0.0,0.0,0.0,0.0,0.0,0.0,9.0,0.0,7.0,9.0,2.0,7.0,0.0,2.0,0.0,0.0,0.0,0.0,"Jan 19, 2017"
1175,2302040.0,24004.0,Baghdad,Adhamia,Al Maghreb-302,المغرب-302,33.3577572372,44.3809846207,29.0,174.0,4.0,0.0,0.0,0.0,0.0,0.0,0.0,0.0,0.0,0.0,0.0,0.0,18.0,0.0,7.0,0.0,0.0,0.0,0.0,10.0,0.0,0.0,0.0,0.0,0.0,0.0,19.0,0.0,0.0,19.0,0.0,0.0,0.0,0.0,0.0,0.0,0.0,0.0,6.0,0.0,15.0,6.0,0.0,15.0,5.0,0.0,0.0,5.0,0.0,0.0,3.0,0.0,0.0,3.0,0.0,0.0,"Jan 19, 2017"
1176,2302041.0,24005.0,Baghdad,Adhamia,Al Maghreb-304,المغرب-304,33.3678448713,44.3819849117,28.0,168.0,28.0,0.0,0.0,0.0,0.0,0.0,0.0,0.0,0.0,0.0,0.0,0.0,0.0,0.0,0.0,0.0,0.0,0.0,0.0,14.0,0.0,0.0,0.0,0.0,0.0,0.0,14.0,0.0,0.0,14.0,0.0,0.0,0.0,0.0,0.0,0.0,0.0,0.0,27.0,0.0,0.0,27.0,0.0,0.0,1.0,0.0,0.0,1.0,0.0,0.0,0.0,0.0,0.0,0.0,0.0,0.0,"Jan 19, 2017"
1177,2302042.0,7549.0,Baghdad,Adhamia,Al Marasma village,قرية المراسمة,33.5537640822,44.3433837599,17.0,102.0,4.0,0.0,0.0,0.0,0.0,0.0,0.0,0.0,0.0,0.0,0.0,0.0,0.0,0.0,13.0,0.0,0.0,0.0,0.0,7.0,0.0,0.0,0.0,0.0,0.0,0.0,10.0,0.0,0.0,10.0,0.0,0.0,0.0,0.0,0.0,0.0,0.0,0.0,0.0,0.0,0.0,0.0,0.0,0.0,13.0,0.0,4.0,13.0,0.0,4.0,0.0,0.0,0.0,0.0,0.0,0.0,"Jan 19, 2017"
1178,2302043.0,25220.0,Baghdad,Adhamia,Al Noor Village,قرية النور,33.545706941,44.3529059874,12.0,72.0,2.0,0.0,0.0,0.0,0.0,0.0,0.0,0.0,0.0,0.0,0.0,0.0,0.0,0.0,10.0,0.0,0.0,0.0,0.0,12.0,0.0,0.0,0.0,0.0,0.0,0.0,0.0,0.0,0.0,0.0,0.0,0.0,0.0,0.0,0.0,0.0,0.0,0.0,0.0,0.0,0.0,0.0,0.0,0.0,10.0,0.0,2.0,10.0,0.0,2.0,0.0,0.0,0.0,0.0,0.0,0.0,"Jan 19, 2017"
1179,2302044.0,23999.0,Baghdad,Adhamia,Al Qahira-307,القاهرة-307,33.378767863,44.3903726438,48.0,288.0,18.0,0.0,0.0,0.0,0.0,1.0,0.0,0.0,0.0,0.0,0.0,0.0,20.0,0.0,9.0,0.0,0.0,0.0,0.0,22.0,0.0,0.0,0.0,0.0,0.0,0.0,26.0,0.0,0.0,26.0,0.0,0.0,0.0,0.0,0.0,0.0,0.0,0.0,10.0,0.0,20.0,10.0,2.0,20.0,10.0,2.0,4.0,10.0,0.0,4.0,2.0,0.0,0.0,2.0,0.0,0.0,"Jan 19, 2017"
1180,2302045.0,24000.0,Baghdad,Adhamia,Al Qahira-309,القاهرة-309,33.3776275726,44.4001392913,26.0,156.0,11.0,0.0,0.0,0.0,0.0,0.0,0.0,0.0,0.0,0.0,0.0,0.0,8.0,0.0,7.0,0.0,0.0,0.0,0.0,10.0,0.0,0.0,0.0,0.0,0.0,0.0,16.0,0.0,0.0,16.0,0.0,0.0,0.0,0.0,0.0,0.0,0.0,0.0,0.0,0.0,0.0,0.0,0.0,0.0,7.0,0.0,16.0,7.0,0.0,16.0,3.0,0.0,0.0,3.0,0.0,0.0,"Jan 19, 2017"
1181,2302046.0,25454.0,Baghdad,Adhamia,Al Qahira-311,القاهرة-311,33.3829192158,44.3961581801,25.0,150.0,10.0,0.0,0.0,0.0,0.0,0.0,0.0,0.0,0.0,0.0,0.0,0.0,11.0,0.0,4.0,0.0,0.0,0.0,0.0,5.0,0.0,0.0,0.0,0.0,0.0,0.0,20.0,0.0,0.0,20.0,0.0,0.0,0.0,0.0,0.0,0.0,0.0,0.0,5.0,0.0,0.0,5.0,11.0,0.0,4.0,11.0,0.0,4.0,0.0,0.0,5.0,0.0,0.0,5.0,0.0,0.0,"Jan 19, 2017"
1182,2302047.0,25455.0,Baghdad,Adhamia,Al Qahira-313,القاهرة-313,33.3873826441,44.3884096811,17.0,102.0,17.0,0.0,0.0,0.0,0.0,0.0,0.0,0.0,0.0,0.0,0.0,0.0,0.0,0.0,0.0,0.0,0.0,0.0,0.0,0.0,0.0,0.0,0.0,0.0,0.0,0.0,17.0,0.0,0.0,17.0,0.0,0.0,0.0,0.0,0.0,0.0,0.0,0.0,3.0,0.0,0.0,3.0,0.0,0.0,0.0,0.0,14.0,0.0,0.0,14.0,0.0,0.0,0.0,0.0,0.0,0.0,"Jan 19, 2017"
1183,2302048.0,25456.0,Baghdad,Adhamia,Al Qahira-322,القاهرة-322,33.3808081132,44.3806140531,28.0,168.0,14.0,0.0,0.0,0.0,0.0,0.0,0.0,0.0,0.0,0.0,0.0,0.0,11.0,0.0,3.0,0.0,0.0,0.0,0.0,14.0,0.0,0.0,0.0,0.0,0.0,5.0,9.0,5.0,0.0,9.0,0.0,0.0,0.0,0.0,0.0,0.0,0.0,0.0,3.0,0.0,0.0,3.0,11.0,0.0,9.0,11.0,5.0,9.0,0.0,5.0,0.0,0.0,0.0,0.0,0.0,0.0,"Jan 19, 2017"
1184,2302049.0,24176.0,Baghdad,Adhamia,Hay Al Rabee-332,حي الربيع-332,33.3980222812,44.3537498957,208.0,1248.0,173.0,0.0,0.0,0.0,0.0,0.0,0.0,0.0,0.0,0.0,0.0,0.0,16.0,0.0,19.0,0.0,0.0,0.0,0.0,77.0,0.0,0.0,0.0,0.0,0.0,0.0,131.0,0.0,0.0,131.0,0.0,0.0,0.0,0.0,0.0,0.0,0.0,0.0,33.0,0.0,57.0,33.0,0.0,57.0,59.0,0.0,49.0,59.0,0.0,49.0,10.0,0.0,0.0,10.0,0.0,0.0,"Jan 19, 2017"
1185,2302050.0,25213.0,Baghdad,Adhamia,Al Salam,السلام,33.56737,44.36116,8.0,48.0,8.0,0.0,0.0,0.0,0.0,0.0,0.0,0.0,0.0,0.0,0.0,0.0,0.0,0.0,0.0,0.0,0.0,0.0,0.0,8.0,0.0,0.0,0.0,0.0,0.0,0.0,0.0,0.0,0.0,0.0,0.0,0.0,0.0,0.0,0.0,0.0,0.0,0.0,0.0,0.0,0.0,0.0,0.0,0.0,8.0,0.0,0.0,8.0,0.0,0.0,0.0,0.0,0.0,0.0,0.0,0.0,"Jan 19, 2017"
1186,2302051.0,21629.0,Baghdad,Adhamia,Al Shaab-351,الشعب-351,33.422821852,44.3899640041,40.0,240.0,7.0,0.0,0.0,0.0,0.0,0.0,0.0,0.0,0.0,0.0,0.0,0.0,27.0,0.0,6.0,0.0,0.0,0.0,0.0,10.0,0.0,0.0,0.0,0.0,0.0,0.0,13.0,0.0,0.0,13.0,0.0,0.0,17.0,0.0,0.0,17.0,0.0,0.0,12.0,0.0,0.0,12.0,26.0,0.0,2.0,26.0,0.0,2.0,0.0,0.0,0.0,0.0,0.0,0.0,0.0,0.0,"Jan 19, 2017"
1187,2302052.0,23005.0,Baghdad,Adhamia,Al Shaab-331,الشعب-331,33.419886372,44.4180917583,8.0,48.0,0.0,0.0,0.0,0.0,0.0,0.0,0.0,0.0,0.0,0.0,0.0,0.0,8.0,0.0,0.0,0.0,0.0,0.0,0.0,0.0,0.0,0.0,0.0,0.0,0.0,0.0,8.0,0.0,0.0,8.0,0.0,0.0,0.0,0.0,0.0,0.0,0.0,0.0,0.0,0.0,8.0,0.0,0.0,8.0,0.0,0.0,0.0,0.0,0.0,0.0,0.0,0.0,0.0,0.0,0.0,0.0,"Jan 19, 2017"
1188,2302053.0,23736.0,Baghdad,Adhamia,Al Shaab-333,الشعب-333,33.4148173486,44.4115142445,18.0,108.0,8.0,0.0,0.0,0.0,0.0,2.0,0.0,0.0,0.0,0.0,0.0,0.0,0.0,0.0,8.0,0.0,0.0,0.0,0.0,0.0,0.0,0.0,0.0,0.0,0.0,0.0,18.0,0.0,0.0,18.0,0.0,0.0,0.0,0.0,0.0,0.0,0.0,0.0,0.0,0.0,12.0,0.0,0.0,12.0,1.0,0.0,0.0,1.0,5.0,0.0,0.0,5.0,0.0,0.0,0.0,0.0,"Jan 19, 2017"
1189,2302054.0,23978.0,Baghdad,Adhamia,Al Shaab-339,الشعب-339,33.4156156667,44.3895667559,57.0,342.0,2.0,0.0,0.0,0.0,0.0,3.0,0.0,0.0,0.0,0.0,0.0,0.0,50.0,0.0,2.0,0.0,0.0,0.0,0.0,17.0,0.0,0.0,0.0,0.0,0.0,0.0,40.0,0.0,0.0,40.0,0.0,0.0,0.0,0.0,0.0,0.0,0.0,0.0,0.0,0.0,45.0,0.0,0.0,45.0,8.0,0.0,4.0,8.0,0.0,4.0,0.0,0.0,0.0,0.0,0.0,0.0,"Jan 19, 2017"
1190,2302056.0,24440.0,Baghdad,Adhamia,AL Shaab-335,الشعب-335,33.4222791836,44.4146510498,22.0,132.0,9.0,0.0,0.0,0.0,0.0,4.0,0.0,0.0,0.0,0.0,0.0,0.0,5.0,0.0,4.0,0.0,0.0,0.0,0.0,0.0,0.0,0.0,0.0,0.0,0.0,0.0,22.0,0.0,0.0,22.0,0.0,0.0,0.0,0.0,0.0,0.0,0.0,0.0,0.0,0.0,0.0,0.0,8.0,0.0,6.0,8.0,7.0,6.0,0.0,7.0,1.0,0.0,0.0,1.0,0.0,0.0,"Jan 19, 2017"
1191,2302057.0,24441.0,Baghdad,Adhamia,AL Shaab-337,الشعب-337,33.4091435262,44.3880933049,25.0,150.0,0.0,0.0,0.0,0.0,0.0,0.0,0.0,0.0,0.0,0.0,0.0,0.0,25.0,0.0,0.0,0.0,0.0,0.0,0.0,15.0,0.0,0.0,0.0,0.0,0.0,0.0,10.0,0.0,0.0,10.0,0.0,0.0,0.0,0.0,0.0,0.0,0.0,0.0,0.0,0.0,0.0,0.0,0.0,0.0,25.0,0.0,0.0,25.0,0.0,0.0,0.0,0.0,0.0,0.0,0.0,0.0,"Jan 19, 2017"
1192,2302058.0,24443.0,Baghdad,Adhamia,AL Shaab-343,الشعب-343,33.427859502,44.4235977709,8.0,48.0,2.0,0.0,0.0,0.0,0.0,6.0,0.0,0.0,0.0,0.0,0.0,0.0,0.0,0.0,0.0,0.0,0.0,0.0,0.0,3.0,0.0,0.0,0.0,0.0,0.0,0.0,5.0,0.0,0.0,5.0,0.0,0.0,0.0,0.0,0.0,0.0,0.0,0.0,4.0,0.0,0.0,4.0,0.0,0.0,0.0,0.0,4.0,0.0,0.0,4.0,0.0,0.0,0.0,0.0,0.0,0.0,"Jan 19, 2017"
1193,2302059.0,24448.0,Baghdad,Adhamia,AL Shaab-353,الشعب-353,33.41890308,44.39308053,5.0,30.0,0.0,0.0,0.0,0.0,0.0,0.0,0.0,0.0,0.0,0.0,0.0,0.0,2.0,0.0,3.0,0.0,0.0,0.0,0.0,5.0,0.0,0.0,0.0,0.0,0.0,0.0,0.0,0.0,0.0,0.0,0.0,0.0,0.0,0.0,0.0,0.0,0.0,0.0,0.0,0.0,2.0,0.0,3.0,2.0,0.0,3.0,0.0,0.0,0.0,0.0,0.0,0.0,0.0,0.0,0.0,0.0,"Jan 19, 2017"
1194,2302060.0,24450.0,Baghdad,Adhamia,AL Shaab-357,الشعب-357,33.4257291143,44.3963322278,30.0,180.0,4.0,0.0,0.0,0.0,0.0,9.0,0.0,0.0,0.0,0.0,0.0,0.0,14.0,0.0,3.0,0.0,0.0,0.0,0.0,13.0,0.0,0.0,0.0,0.0,0.0,0.0,17.0,0.0,0.0,17.0,0.0,0.0,0.0,0.0,0.0,0.0,0.0,0.0,0.0,0.0,14.0,0.0,0.0,14.0,14.0,0.0,2.0,14.0,0.0,2.0,0.0,0.0,0.0,0.0,0.0,0.0,"Jan 19, 2017"
1195,2302062.0,24003.0,Baghdad,Adhamia,Al Shamasiyah-320,الشماسية-320,33.3824247239,44.3774598814,273.0,1638.0,264.0,0.0,0.0,0.0,0.0,0.0,0.0,0.0,0.0,0.0,0.0,0.0,9.0,0.0,0.0,0.0,0.0,0.0,0.0,104.0,0.0,0.0,0.0,0.0,0.0,0.0,169.0,0.0,0.0,169.0,0.0,0.0,0.0,0.0,0.0,0.0,0.0,0.0,49.0,0.0,56.0,49.0,0.0,56.0,95.0,0.0,64.0,95.0,0.0,64.0,9.0,0.0,0.0,9.0,0.0,0.0,"Jan 19, 2017"
1196,2302063.0,24002.0,Baghdad,Adhamia,Al Shamasiyah-316,الشماسية-316,33.3728379869,44.3745400807,274.0,1644.0,84.0,0.0,0.0,0.0,0.0,18.0,0.0,0.0,0.0,0.0,0.0,0.0,120.0,0.0,52.0,0.0,0.0,0.0,0.0,100.0,0.0,0.0,0.0,0.0,0.0,0.0,174.0,0.0,0.0,174.0,0.0,0.0,0.0,0.0,0.0,0.0,0.0,0.0,84.0,0.0,175.0,84.0,5.0,175.0,0.0,5.0,0.0,0.0,0.0,0.0,10.0,0.0,0.0,10.0,0.0,0.0,"Jan 19, 2017"
1197,2302064.0,23987.0,Baghdad,Adhamia,Al Shamasiyah-318,الشماسية-318,33.3804604143,44.3664046858,380.0,2280.0,342.0,0.0,0.0,0.0,0.0,26.0,0.0,0.0,0.0,0.0,0.0,0.0,12.0,0.0,0.0,0.0,0.0,0.0,0.0,114.0,0.0,0.0,0.0,0.0,0.0,0.0,266.0,0.0,0.0,266.0,0.0,0.0,0.0,0.0,0.0,0.0,0.0,0.0,61.0,0.0,24.0,61.0,39.0,24.0,136.0,39.0,106.0,136.0,2.0,106.0,12.0,2.0,0.0,12.0,0.0,0.0,"Jan 19, 2017"
1198,2302065.0,25219.0,Baghdad,Adhamia,Al Waha Al Khadhraa Village,قرية الواحة الخضراء,33.6216721965,44.3614024465,14.0,84.0,2.0,0.0,0.0,0.0,0.0,0.0,0.0,0.0,0.0,0.0,0.0,0.0,4.0,0.0,8.0,0.0,0.0,0.0,0.0,8.0,0.0,0.0,0.0,0.0,0.0,0.0,6.0,0.0,0.0,6.0,0.0,0.0,0.0,0.0,0.0,0.0,0.0,0.0,0.0,0.0,0.0,0.0,0.0,0.0,7.0,0.0,3.0,7.0,4.0,3.0,0.0,4.0,0.0,0.0,0.0,0.0,"Jan 19, 2017"
1199,2302066.0,25619.0,Baghdad,Adhamia,Al Waziriyah-301,الوزيرية-301,33.3587936171,44.3897167,33.0,198.0,5.0,0.0,0.0,0.0,0.0,5.0,0.0,0.0,0.0,0.0,0.0,0.0,19.0,0.0,4.0,0.0,0.0,0.0,0.0,0.0,0.0,0.0,0.0,23.0,0.0,0.0,10.0,0.0,0.0,10.0,0.0,0.0,0.0,0.0,0.0,0.0,0.0,0.0,0.0,0.0,23.0,0.0,2.0,23.0,6.0,2.0,2.0,6.0,0.0,2.0,0.0,0.0,0.0,0.0,0.0,0.0,"Jan 19, 2017"
1200,2302068.0,24006.0,Baghdad,Adhamia,Al Waziriyah-305,الوزيرية-305,33.37497016,44.3949509,7.0,42.0,2.0,0.0,0.0,0.0,0.0,0.0,0.0,0.0,0.0,0.0,0.0,0.0,3.0,0.0,2.0,0.0,0.0,0.0,0.0,0.0,0.0,0.0,0.0,0.0,0.0,0.0,7.0,0.0,0.0,7.0,0.0,0.0,0.0,0.0,0.0,0.0,0.0,0.0,0.0,0.0,0.0,0.0,3.0,0.0,4.0,3.0,0.0,4.0,0.0,0.0,0.0,0.0,0.0,0.0,0.0,0.0,"Jan 19, 2017"
1201,2302069.0,23732.0,Baghdad,Adhamia,Al Biydhaa-315,البيضاء-315,33.3954685293,44.392316859,60.0,360.0,5.0,0.0,0.0,0.0,0.0,6.0,0.0,0.0,0.0,0.0,0.0,0.0,39.0,0.0,10.0,0.0,0.0,0.0,0.0,19.0,0.0,0.0,0.0,0.0,0.0,0.0,41.0,0.0,0.0,41.0,0.0,0.0,0.0,0.0,0.0,0.0,0.0,0.0,9.0,0.0,16.0,9.0,7.0,16.0,21.0,7.0,4.0,21.0,0.0,4.0,3.0,0.0,0.0,3.0,0.0,0.0,"Jan 19, 2017"
1202,2302071.0,25216.0,Baghdad,Adhamia,Ali Al Faiadh village,قرية علي الفياض,33.5610094595,44.3530452507,11.0,66.0,0.0,0.0,0.0,0.0,0.0,2.0,0.0,0.0,0.0,0.0,0.0,0.0,9.0,0.0,0.0,0.0,0.0,0.0,0.0,11.0,0.0,0.0,0.0,0.0,0.0,0.0,0.0,0.0,0.0,0.0,0.0,0.0,0.0,0.0,0.0,0.0,0.0,0.0,0.0,0.0,0.0,0.0,0.0,0.0,11.0,0.0,0.0,11.0,0.0,0.0,0.0,0.0,0.0,0.0,0.0,0.0,"Jan 19, 2017"
1203,2302072.0,24759.0,Baghdad,Adhamia,Al-Nabi Sheit Camp,مخيم النبي شيت,33.47274243,44.3829206407,95.0,570.0,2.0,0.0,0.0,0.0,0.0,3.0,0.0,0.0,0.0,0.0,0.0,0.0,89.0,0.0,1.0,0.0,0.0,0.0,95.0,0.0,0.0,0.0,0.0,0.0,0.0,0.0,0.0,0.0,0.0,0.0,0.0,0.0,0.0,0.0,0.0,0.0,0.0,0.0,0.0,0.0,87.0,0.0,0.0,87.0,2.0,0.0,4.0,2.0,0.0,4.0,2.0,0.0,0.0,2.0,0.0,0.0,"Jan 19, 2017"
1204,2302073.0,7302.0,Baghdad,Adhamia,Hay Al-Rabeaa,حي الربيع,33.536216,44.3482725,20.0,120.0,0.0,0.0,0.0,0.0,0.0,6.0,0.0,0.0,0.0,0.0,0.0,0.0,0.0,0.0,14.0,0.0,0.0,0.0,0.0,9.0,0.0,0.0,0.0,0.0,0.0,0.0,11.0,0.0,0.0,11.0,0.0,0.0,0.0,0.0,0.0,0.0,0.0,0.0,0.0,0.0,0.0,0.0,15.0,0.0,2.0,15.0,0.0,2.0,3.0,0.0,0.0,3.0,0.0,0.0,0.0,0.0,"Jan 19, 2017"
1205,2302074.0,25394.0,Baghdad,Adhamia,Bob Al Sham-361,بوب الشام-361,33.4669510939,44.3852503645,19.0,114.0,0.0,0.0,0.0,0.0,0.0,0.0,0.0,0.0,0.0,0.0,0.0,0.0,19.0,0.0,0.0,0.0,0.0,0.0,0.0,4.0,0.0,0.0,0.0,0.0,0.0,0.0,15.0,0.0,0.0,15.0,0.0,0.0,0.0,0.0,0.0,0.0,0.0,0.0,0.0,0.0,17.0,0.0,0.0,17.0,2.0,0.0,0.0,2.0,0.0,0.0,0.0,0.0,0.0,0.0,0.0,0.0,"Jan 19, 2017"
1206,2302075.0,25395.0,Baghdad,Adhamia,Bob Al Sham-363,بوب الشام-363,33.44037678,44.38127634,13.0,78.0,0.0,0.0,0.0,0.0,0.0,10.0,0.0,0.0,0.0,0.0,0.0,0.0,0.0,0.0,3.0,0.0,0.0,0.0,0.0,13.0,0.0,0.0,0.0,0.0,0.0,0.0,0.0,0.0,0.0,0.0,0.0,0.0,0.0,0.0,0.0,0.0,0.0,0.0,0.0,0.0,0.0,0.0,13.0,0.0,0.0,13.0,0.0,0.0,0.0,0.0,0.0,0.0,0.0,0.0,0.0,0.0,"Jan 19, 2017"
1207,2302076.0,25397.0,Baghdad,Adhamia,Bob Al Sham-365,بوب الشام-365,33.4464395586,44.3862114076,112.0,672.0,64.0,0.0,0.0,0.0,0.0,23.0,0.0,0.0,0.0,0.0,0.0,0.0,25.0,0.0,0.0,0.0,0.0,0.0,0.0,33.0,0.0,0.0,0.0,0.0,0.0,0.0,79.0,0.0,0.0,79.0,0.0,0.0,0.0,0.0,0.0,0.0,0.0,0.0,0.0,0.0,16.0,0.0,29.0,16.0,0.0,29.0,64.0,0.0,0.0,64.0,3.0,0.0,0.0,3.0,0.0,0.0,"Jan 19, 2017"
1208,2302077.0,25396.0,Baghdad,Adhamia,Bob Al Sham-367,بوب الشام-367,33.4392863221,44.3917032158,56.0,336.0,15.0,0.0,0.0,0.0,0.0,20.0,0.0,0.0,0.0,0.0,0.0,0.0,0.0,0.0,21.0,0.0,0.0,0.0,0.0,24.0,0.0,0.0,0.0,0.0,0.0,0.0,32.0,0.0,0.0,32.0,0.0,0.0,0.0,0.0,0.0,0.0,0.0,0.0,0.0,0.0,0.0,0.0,15.0,0.0,16.0,15.0,25.0,16.0,0.0,25.0,0.0,0.0,0.0,0.0,0.0,0.0,"Jan 19, 2017"
1209,2302078.0,25398.0,Baghdad,Adhamia,Bob Al Sham-388,بوب الشام-388,33.4566134174,44.3649235045,29.0,174.0,6.0,0.0,0.0,0.0,0.0,10.0,0.0,0.0,0.0,0.0,0.0,0.0,0.0,0.0,13.0,0.0,0.0,0.0,0.0,11.0,0.0,0.0,0.0,0.0,0.0,0.0,18.0,0.0,0.0,18.0,0.0,0.0,0.0,0.0,0.0,0.0,0.0,0.0,0.0,0.0,0.0,0.0,15.0,0.0,8.0,15.0,6.0,8.0,0.0,6.0,0.0,0.0,0.0,0.0,0.0,0.0,"Jan 19, 2017"
1210,2302080.0,24988.0,Baghdad,Adhamia,Gumaira Village,قرية كميرة,33.4534079242,44.3451166152,144.0,864.0,75.0,0.0,0.0,0.0,0.0,30.0,0.0,0.0,6.0,0.0,0.0,0.0,8.0,0.0,25.0,0.0,0.0,0.0,0.0,35.0,0.0,0.0,0.0,0.0,0.0,0.0,84.0,0.0,0.0,84.0,0.0,0.0,0.0,0.0,25.0,0.0,0.0,25.0,22.0,0.0,0.0,22.0,86.0,0.0,11.0,86.0,11.0,11.0,0.0,11.0,14.0,0.0,0.0,14.0,0.0,0.0,"Jan 19, 2017"
1211,2302081.0,25215.0,Baghdad,Adhamia,Hammed al Hummod village,قرية حميد الحمود,33.55004,44.34983,5.0,30.0,2.0,0.0,0.0,0.0,0.0,3.0,0.0,0.0,0.0,0.0,0.0,0.0,0.0,0.0,0.0,0.0,0.0,0.0,0.0,5.0,0.0,0.0,0.0,0.0,0.0,0.0,0.0,0.0,0.0,0.0,0.0,0.0,0.0,0.0,0.0,0.0,0.0,0.0,0.0,0.0,0.0,0.0,0.0,0.0,5.0,0.0,0.0,5.0,0.0,0.0,0.0,0.0,0.0,0.0,0.0,0.0,"Jan 19, 2017"
1212,2302082.0,7548.0,Baghdad,Adhamia,Al Qudus,القدس ,33.550207655,44.3728518178,53.0,318.0,3.0,0.0,0.0,0.0,0.0,3.0,0.0,0.0,0.0,0.0,0.0,0.0,21.0,0.0,26.0,0.0,0.0,0.0,0.0,38.0,0.0,0.0,0.0,0.0,0.0,0.0,15.0,0.0,0.0,15.0,0.0,0.0,0.0,0.0,0.0,0.0,0.0,0.0,0.0,0.0,0.0,0.0,0.0,0.0,47.0,0.0,0.0,47.0,0.0,0.0,6.0,0.0,0.0,6.0,0.0,0.0,"Jan 19, 2017"
1213,2302083.0,22777.0,Baghdad,Adhamia,Hay Al Rabee-340,حي الربيع-340,33.4053833885,44.3593348034,195.0,1170.0,145.0,0.0,0.0,0.0,0.0,4.0,0.0,0.0,0.0,0.0,0.0,0.0,40.0,0.0,6.0,0.0,0.0,0.0,0.0,80.0,0.0,0.0,0.0,0.0,0.0,0.0,115.0,0.0,0.0,115.0,0.0,0.0,0.0,0.0,0.0,0.0,0.0,0.0,78.0,0.0,45.0,78.0,61.0,45.0,1.0,61.0,0.0,1.0,0.0,0.0,10.0,0.0,0.0,10.0,0.0,0.0,"Jan 19, 2017"
1214,2302084.0,21907.0,Baghdad,Adhamia,Al Hussainiya-211,الحسينية-211,33.549402245,44.4089511432,4.0,24.0,0.0,0.0,0.0,0.0,0.0,0.0,0.0,0.0,1.0,0.0,0.0,0.0,3.0,0.0,0.0,0.0,0.0,0.0,0.0,0.0,0.0,0.0,0.0,0.0,0.0,0.0,4.0,0.0,0.0,4.0,0.0,0.0,0.0,0.0,0.0,0.0,0.0,0.0,0.0,0.0,3.0,0.0,0.0,3.0,1.0,0.0,0.0,1.0,0.0,0.0,0.0,0.0,0.0,0.0,0.0,0.0,"Jan 19, 2017"
1215,2302085.0,21873.0,Baghdad,Adhamia,Al Hussayniya-218,الحسينية-218,33.5530252136,44.4288525325,19.0,114.0,0.0,0.0,0.0,0.0,0.0,0.0,0.0,0.0,0.0,0.0,0.0,0.0,19.0,0.0,0.0,0.0,0.0,0.0,0.0,19.0,0.0,0.0,0.0,0.0,0.0,0.0,0.0,0.0,0.0,0.0,0.0,0.0,0.0,0.0,0.0,0.0,0.0,0.0,0.0,0.0,0.0,0.0,0.0,0.0,19.0,0.0,0.0,19.0,0.0,0.0,0.0,0.0,0.0,0.0,0.0,0.0,"Jan 19, 2017"
1216,2302087.0,25211.0,Baghdad,Adhamia,Jowad Al Faiadh Village,قرية جواد الفياض,33.52258,44.38163,15.0,90.0,2.0,0.0,0.0,0.0,0.0,0.0,0.0,0.0,0.0,0.0,0.0,0.0,0.0,0.0,13.0,0.0,0.0,0.0,0.0,15.0,0.0,0.0,0.0,0.0,0.0,0.0,0.0,0.0,0.0,0.0,0.0,0.0,0.0,0.0,0.0,0.0,0.0,0.0,0.0,0.0,0.0,0.0,13.0,0.0,0.0,13.0,0.0,0.0,2.0,0.0,0.0,2.0,0.0,0.0,0.0,0.0,"Jan 19, 2017"
1217,2302088.0,22874.0,Baghdad,Adhamia,Hay Al Rabee-342,حي الربيع-342,33.4104447663,44.3480841853,76.0,456.0,53.0,0.0,0.0,0.0,0.0,0.0,0.0,0.0,0.0,0.0,0.0,0.0,23.0,0.0,0.0,0.0,0.0,0.0,0.0,27.0,0.0,0.0,0.0,0.0,0.0,0.0,49.0,0.0,0.0,49.0,0.0,0.0,0.0,0.0,0.0,0.0,0.0,0.0,42.0,0.0,0.0,42.0,23.0,0.0,0.0,23.0,11.0,0.0,0.0,11.0,0.0,0.0,0.0,0.0,0.0,0.0,"Jan 19, 2017"
1218,2302089.0,25218.0,Baghdad,Adhamia,Mahmmud Al Musleh Village,قرية محمود المصلح,33.62195,44.35448,6.0,36.0,6.0,0.0,0.0,0.0,0.0,0.0,0.0,0.0,0.0,0.0,0.0,0.0,0.0,0.0,0.0,0.0,0.0,0.0,0.0,6.0,0.0,0.0,0.0,0.0,0.0,0.0,0.0,0.0,0.0,0.0,0.0,0.0,0.0,0.0,0.0,0.0,0.0,0.0,0.0,0.0,0.0,0.0,0.0,0.0,6.0,0.0,0.0,6.0,0.0,0.0,0.0,0.0,0.0,0.0,0.0,0.0,"Jan 19, 2017"
1219,2302090.0,25212.0,Baghdad,Adhamia,Majed al Naser village,قرية مجيد الناصر,33.53340508,44.33582302,6.0,36.0,0.0,0.0,0.0,0.0,0.0,0.0,0.0,0.0,0.0,0.0,0.0,0.0,0.0,0.0,6.0,0.0,0.0,0.0,0.0,6.0,0.0,0.0,0.0,0.0,0.0,0.0,0.0,0.0,0.0,0.0,0.0,0.0,0.0,0.0,0.0,0.0,0.0,0.0,0.0,0.0,0.0,0.0,0.0,0.0,6.0,0.0,0.0,6.0,0.0,0.0,0.0,0.0,0.0,0.0,0.0,0.0,"Jan 19, 2017"
1220,2302092.0,7688.0,Baghdad,Adhamia,Qaryat Al-Intisar,الانتصار,33.505889544,44.3783493309,59.0,354.0,8.0,0.0,0.0,0.0,0.0,0.0,0.0,0.0,0.0,0.0,0.0,0.0,28.0,0.0,23.0,0.0,0.0,0.0,0.0,38.0,0.0,0.0,0.0,0.0,0.0,0.0,21.0,0.0,0.0,21.0,0.0,0.0,0.0,0.0,0.0,0.0,0.0,0.0,0.0,0.0,18.0,0.0,0.0,18.0,30.0,0.0,11.0,30.0,0.0,11.0,0.0,0.0,0.0,0.0,0.0,0.0,"Jan 19, 2017"
1221,2302093.0,7646.0,Baghdad,Adhamia,Saba Qusor,سبع قصور,33.4304635706,44.4286397377,61.0,366.0,11.0,0.0,0.0,0.0,0.0,10.0,0.0,0.0,0.0,0.0,0.0,0.0,23.0,0.0,17.0,0.0,0.0,0.0,0.0,14.0,0.0,0.0,0.0,0.0,0.0,0.0,47.0,0.0,0.0,47.0,0.0,0.0,0.0,0.0,0.0,0.0,0.0,0.0,4.0,0.0,20.0,4.0,10.0,20.0,21.0,10.0,6.0,21.0,0.0,6.0,0.0,0.0,0.0,0.0,0.0,0.0,"Jan 19, 2017"
1222,2302095.0,25210.0,Baghdad,Adhamia,Taleb Al Ali Village,قرية طالب العلي,33.51404839,44.31004726,7.0,42.0,0.0,0.0,0.0,0.0,0.0,0.0,0.0,0.0,0.0,0.0,0.0,0.0,0.0,0.0,7.0,0.0,0.0,0.0,0.0,7.0,0.0,0.0,0.0,0.0,0.0,0.0,0.0,0.0,0.0,0.0,0.0,0.0,0.0,0.0,0.0,0.0,0.0,0.0,0.0,0.0,0.0,0.0,7.0,0.0,0.0,7.0,0.0,0.0,0.0,0.0,0.0,0.0,0.0,0.0,0.0,0.0,"Jan 19, 2017"
1223,2302096.0,24439.0,Baghdad,Adhamia,Tarbiya-317,التربية-317,33.4018307915,44.3899564487,35.0,210.0,0.0,0.0,0.0,0.0,0.0,0.0,0.0,0.0,0.0,0.0,0.0,0.0,35.0,0.0,0.0,0.0,0.0,0.0,0.0,7.0,0.0,0.0,0.0,0.0,0.0,0.0,28.0,0.0,0.0,28.0,0.0,0.0,0.0,0.0,0.0,0.0,0.0,0.0,0.0,0.0,35.0,0.0,0.0,35.0,0.0,0.0,0.0,0.0,0.0,0.0,0.0,0.0,0.0,0.0,0.0,0.0,"Jan 19, 2017"
1224,2302098.0,24001.0,Baghdad,Adhamia,Tunis-326,تونس-326,33.392728172,44.3795829913,131.0,786.0,87.0,0.0,0.0,0.0,0.0,4.0,0.0,0.0,0.0,0.0,0.0,0.0,27.0,0.0,13.0,0.0,0.0,0.0,0.0,105.0,0.0,0.0,0.0,0.0,0.0,0.0,26.0,0.0,0.0,26.0,0.0,0.0,0.0,0.0,0.0,0.0,0.0,0.0,60.0,0.0,43.0,60.0,0.0,43.0,9.0,0.0,16.0,9.0,0.0,16.0,3.0,0.0,0.0,3.0,0.0,0.0,"Jan 19, 2017"
1225,2302099.0,22538.0,Baghdad,Adhamia,Tunis-330,تونس-330,33.4056766774,44.3659073806,130.0,780.0,56.0,0.0,0.0,0.0,0.0,0.0,0.0,0.0,0.0,0.0,0.0,0.0,19.0,0.0,55.0,0.0,0.0,0.0,0.0,43.0,0.0,0.0,0.0,0.0,0.0,0.0,87.0,0.0,0.0,87.0,0.0,0.0,0.0,0.0,0.0,0.0,0.0,0.0,0.0,0.0,58.0,0.0,12.0,58.0,0.0,12.0,53.0,0.0,0.0,53.0,7.0,0.0,0.0,7.0,0.0,0.0,"Jan 19, 2017"
1226,2302101.0,25214.0,Baghdad,Adhamia,Zuber jaata village,قرية زبير جعاطة,33.51894,44.34072,5.0,30.0,5.0,0.0,0.0,0.0,0.0,0.0,0.0,0.0,0.0,0.0,0.0,0.0,0.0,0.0,0.0,0.0,0.0,0.0,0.0,5.0,0.0,0.0,0.0,0.0,0.0,0.0,0.0,0.0,0.0,0.0,0.0,0.0,0.0,0.0,0.0,0.0,0.0,0.0,0.0,0.0,0.0,0.0,0.0,0.0,5.0,0.0,0.0,5.0,0.0,0.0,0.0,0.0,0.0,0.0,0.0,0.0,"Jan 19, 2017"
1227,2302108.0,24029.0,Baghdad,Adhamia,Hay Ur-327,حي اور-327,33.4080514601,44.4178358866,16.0,96.0,2.0,0.0,0.0,0.0,0.0,0.0,0.0,0.0,0.0,0.0,0.0,0.0,13.0,0.0,1.0,0.0,0.0,0.0,0.0,0.0,0.0,0.0,0.0,0.0,0.0,0.0,16.0,0.0,0.0,16.0,0.0,0.0,0.0,0.0,0.0,0.0,0.0,0.0,4.0,0.0,0.0,4.0,1.0,0.0,11.0,1.0,0.0,11.0,0.0,0.0,0.0,0.0,0.0,0.0,0.0,0.0,"Jan 19, 2017"
1228,2302109.0,27117.0,Baghdad,Adhamia,Al Biydhaa-319,البيضاء-319,33.389094869,44.4021318328,79.0,474.0,8.0,0.0,0.0,0.0,0.0,3.0,0.0,0.0,0.0,0.0,0.0,0.0,60.0,0.0,8.0,0.0,0.0,0.0,0.0,27.0,0.0,0.0,0.0,0.0,0.0,0.0,52.0,0.0,0.0,52.0,0.0,0.0,0.0,0.0,0.0,0.0,0.0,0.0,0.0,0.0,30.0,0.0,22.0,30.0,17.0,22.0,8.0,17.0,0.0,8.0,2.0,0.0,0.0,2.0,0.0,0.0,"Jan 19, 2017"
1229,2302110.0,27118.0,Baghdad,Adhamia,Al Biydhaa-323,البيضاء-323,33.39108759,44.4087451,28.0,168.0,6.0,0.0,0.0,0.0,0.0,0.0,0.0,0.0,0.0,0.0,0.0,0.0,17.0,0.0,5.0,0.0,0.0,0.0,0.0,7.0,0.0,0.0,0.0,0.0,0.0,0.0,21.0,0.0,0.0,21.0,0.0,0.0,0.0,0.0,0.0,0.0,0.0,0.0,0.0,0.0,14.0,0.0,3.0,14.0,5.0,3.0,6.0,5.0,0.0,6.0,0.0,0.0,0.0,0.0,0.0,0.0,"Jan 19, 2017"
1230,2302111.0,21171.0,Baghdad,Adhamia,Al Bu Hayat Village,قرية البوحياة,33.530445366,44.3056562969,11.0,66.0,7.0,0.0,0.0,0.0,0.0,4.0,0.0,0.0,0.0,0.0,0.0,0.0,0.0,0.0,0.0,0.0,0.0,0.0,0.0,11.0,0.0,0.0,0.0,0.0,0.0,0.0,0.0,0.0,0.0,0.0,0.0,0.0,0.0,0.0,0.0,0.0,0.0,0.0,0.0,0.0,0.0,0.0,0.0,0.0,4.0,0.0,7.0,4.0,0.0,7.0,0.0,0.0,0.0,0.0,0.0,0.0,"Jan 19, 2017"
1231,2302112.0,27192.0,Baghdad,Adhamia,Al Arakna Village,العراكنة,33.5348353982,44.3460773684,9.0,54.0,8.0,0.0,0.0,0.0,0.0,0.0,0.0,0.0,0.0,0.0,0.0,0.0,1.0,0.0,0.0,0.0,0.0,0.0,0.0,9.0,0.0,0.0,0.0,0.0,0.0,0.0,0.0,0.0,0.0,0.0,0.0,0.0,0.0,0.0,0.0,0.0,0.0,0.0,0.0,0.0,0.0,0.0,0.0,0.0,1.0,0.0,8.0,1.0,0.0,8.0,0.0,0.0,0.0,0.0,0.0,0.0,"Jan 19, 2017"
1232,2302113.0,27254.0,Baghdad,Adhamia,Tunis-328,تونس-328,33.3974167317,44.3800822565,39.0,234.0,15.0,0.0,0.0,0.0,0.0,6.0,0.0,0.0,0.0,0.0,0.0,0.0,18.0,0.0,0.0,0.0,0.0,0.0,0.0,11.0,0.0,0.0,0.0,0.0,0.0,0.0,28.0,0.0,0.0,28.0,0.0,0.0,0.0,0.0,0.0,0.0,0.0,0.0,0.0,0.0,0.0,0.0,0.0,0.0,20.0,0.0,19.0,20.0,0.0,19.0,0.0,0.0,0.0,0.0,0.0,0.0,"Jan 19, 2017"
1233,2302114.0,27255.0,Baghdad,Adhamia,Hay Al Rabee-334,حي الربيع-334,33.4011153179,44.351246145,66.0,396.0,37.0,0.0,0.0,0.0,0.0,6.0,0.0,0.0,0.0,0.0,0.0,0.0,18.0,0.0,5.0,0.0,0.0,0.0,0.0,9.0,0.0,0.0,0.0,0.0,0.0,0.0,57.0,0.0,0.0,57.0,0.0,0.0,0.0,0.0,0.0,0.0,0.0,0.0,0.0,0.0,0.0,0.0,0.0,0.0,26.0,0.0,37.0,26.0,0.0,37.0,3.0,0.0,0.0,3.0,0.0,0.0,"Jan 19, 2017"
1234,2302115.0,27256.0,Baghdad,Adhamia,Hay Al Rabee-336,حي الربيع-336,33.4028689174,44.3419580869,96.0,576.0,34.0,0.0,0.0,0.0,0.0,11.0,0.0,0.0,2.0,0.0,0.0,0.0,20.0,0.0,29.0,0.0,0.0,0.0,0.0,28.0,0.0,0.0,0.0,0.0,0.0,0.0,68.0,0.0,0.0,68.0,0.0,0.0,0.0,0.0,0.0,0.0,0.0,0.0,0.0,0.0,0.0,0.0,0.0,0.0,57.0,0.0,32.0,57.0,0.0,32.0,7.0,0.0,0.0,7.0,0.0,0.0,"Jan 19, 2017"
1235,2302116.0,27325.0,Baghdad,Adhamia,Hay Ur-325,حي اور-325,33.3969886101,44.416917233,43.0,258.0,9.0,0.0,0.0,0.0,0.0,0.0,0.0,0.0,0.0,0.0,0.0,0.0,27.0,0.0,7.0,0.0,0.0,0.0,0.0,11.0,0.0,5.0,0.0,0.0,5.0,0.0,27.0,0.0,0.0,27.0,0.0,0.0,0.0,0.0,0.0,0.0,0.0,0.0,12.0,0.0,0.0,12.0,25.0,0.0,6.0,25.0,0.0,6.0,0.0,0.0,0.0,0.0,0.0,0.0,0.0,0.0,"Jan 19, 2017"
1236,2302117.0,27326.0,Baghdad,Adhamia,Hay Ur-329,حي اور-329,33.41818548,44.42487533,21.0,126.0,0.0,0.0,0.0,0.0,0.0,0.0,0.0,0.0,0.0,0.0,0.0,0.0,21.0,0.0,0.0,0.0,0.0,0.0,0.0,2.0,0.0,0.0,0.0,0.0,0.0,0.0,19.0,0.0,0.0,19.0,0.0,0.0,0.0,0.0,0.0,0.0,0.0,0.0,0.0,0.0,0.0,0.0,4.0,0.0,17.0,4.0,0.0,17.0,0.0,0.0,0.0,0.0,0.0,0.0,0.0,0.0,"Jan 19, 2017"
1237,2302118.0,22612.0,Baghdad,Adhamia,Al Basaten-346,البساتين-346,33.41191395,44.38090566,50.0,300.0,28.0,0.0,0.0,0.0,0.0,4.0,0.0,0.0,0.0,0.0,0.0,0.0,11.0,0.0,7.0,0.0,0.0,0.0,0.0,17.0,0.0,0.0,0.0,0.0,0.0,0.0,33.0,0.0,0.0,33.0,0.0,0.0,0.0,0.0,0.0,0.0,0.0,0.0,9.0,0.0,18.0,9.0,0.0,18.0,11.0,0.0,12.0,11.0,0.0,12.0,0.0,0.0,0.0,0.0,0.0,0.0,"Jan 19, 2017"
1238,2302119.0,22696.0,Baghdad,Adhamia,Al Basaten-348,البساتين-348,33.4245422995,44.3726577879,15.0,90.0,8.0,0.0,0.0,0.0,0.0,0.0,0.0,0.0,0.0,0.0,0.0,0.0,5.0,0.0,2.0,0.0,0.0,0.0,0.0,3.0,0.0,0.0,0.0,0.0,0.0,0.0,12.0,0.0,0.0,12.0,0.0,0.0,0.0,0.0,0.0,0.0,0.0,0.0,0.0,0.0,5.0,0.0,0.0,5.0,8.0,0.0,2.0,8.0,0.0,2.0,0.0,0.0,0.0,0.0,0.0,0.0,"Jan 19, 2017"
1239,2303003.0,24736.0,Baghdad,Thawra1,Al Sadir-527,الصدر-527,33.3732281378,44.4455118074,11.0,66.0,0.0,0.0,0.0,0.0,0.0,0.0,0.0,0.0,0.0,0.0,0.0,0.0,6.0,0.0,5.0,0.0,0.0,0.0,0.0,11.0,0.0,0.0,0.0,0.0,0.0,0.0,0.0,0.0,0.0,0.0,0.0,0.0,0.0,0.0,0.0,0.0,0.0,0.0,0.0,0.0,0.0,0.0,11.0,0.0,0.0,11.0,0.0,0.0,0.0,0.0,0.0,0.0,0.0,0.0,0.0,0.0,"Jan 19, 2017"
1240,2303004.0,24737.0,Baghdad,Thawra1,Al Sadir-567,الصدر-567,33.39924207,44.47767055,8.0,48.0,0.0,0.0,0.0,0.0,0.0,3.0,0.0,0.0,0.0,0.0,0.0,0.0,0.0,0.0,5.0,0.0,0.0,0.0,0.0,8.0,0.0,0.0,0.0,0.0,0.0,0.0,0.0,0.0,0.0,0.0,0.0,0.0,0.0,0.0,0.0,0.0,0.0,0.0,0.0,0.0,0.0,0.0,0.0,0.0,8.0,0.0,0.0,8.0,0.0,0.0,0.0,0.0,0.0,0.0,0.0,0.0,"Jan 19, 2017"
1241,2304002.0,24622.0,Baghdad,Thawra2,Al Sadir 2-512,الصدر 2-512,33.3739488755,44.4182442143,30.0,180.0,0.0,0.0,0.0,0.0,0.0,0.0,0.0,0.0,7.0,0.0,0.0,0.0,23.0,0.0,0.0,0.0,0.0,0.0,0.0,7.0,0.0,0.0,0.0,0.0,0.0,0.0,0.0,0.0,0.0,0.0,0.0,0.0,23.0,0.0,0.0,23.0,0.0,0.0,0.0,0.0,0.0,0.0,0.0,0.0,30.0,0.0,0.0,30.0,0.0,0.0,0.0,0.0,0.0,0.0,0.0,0.0,"Jan 19, 2017"
1242,2304004.0,24656.0,Baghdad,Thawra2,Al Sadir 2-513,الصدر-513,33.3650258849,44.4323211943,54.0,324.0,0.0,0.0,0.0,0.0,0.0,12.0,0.0,0.0,0.0,0.0,0.0,0.0,18.0,0.0,24.0,0.0,0.0,0.0,0.0,16.0,0.0,0.0,0.0,0.0,0.0,0.0,38.0,0.0,0.0,38.0,0.0,0.0,0.0,0.0,0.0,0.0,0.0,0.0,0.0,0.0,28.0,0.0,0.0,28.0,23.0,0.0,0.0,23.0,0.0,0.0,3.0,0.0,0.0,3.0,0.0,0.0,"Jan 19, 2017"
1243,2304005.0,24655.0,Baghdad,Thawra2,Al Sadir 2-515,الصدر-515,33.3607689314,44.4460299873,26.0,156.0,0.0,0.0,0.0,0.0,0.0,0.0,0.0,0.0,0.0,0.0,0.0,0.0,22.0,0.0,4.0,0.0,0.0,0.0,0.0,10.0,0.0,0.0,0.0,0.0,0.0,0.0,16.0,0.0,0.0,16.0,0.0,0.0,0.0,0.0,0.0,0.0,0.0,0.0,0.0,0.0,0.0,0.0,0.0,0.0,26.0,0.0,0.0,26.0,0.0,0.0,0.0,0.0,0.0,0.0,0.0,0.0,"Jan 19, 2017"
1244,2304006.0,24503.0,Baghdad,Thawra2,Al Sadir 2-511,الصدر 2-511,33.3568590728,44.4379413452,32.0,192.0,0.0,0.0,0.0,0.0,0.0,2.0,0.0,0.0,5.0,0.0,0.0,0.0,25.0,0.0,0.0,0.0,0.0,0.0,0.0,8.0,0.0,0.0,0.0,0.0,0.0,0.0,4.0,0.0,0.0,4.0,0.0,0.0,20.0,0.0,0.0,20.0,0.0,0.0,0.0,0.0,0.0,0.0,7.0,0.0,20.0,7.0,0.0,20.0,0.0,0.0,5.0,0.0,0.0,5.0,0.0,0.0,"Jan 19, 2017"
1245,2304007.0,22883.0,Baghdad,Thawra2,Al Sadir 2-516,الصدر-516,33.3755218044,44.4249419629,32.0,192.0,0.0,0.0,0.0,0.0,0.0,0.0,0.0,0.0,10.0,0.0,0.0,0.0,22.0,0.0,0.0,0.0,0.0,0.0,0.0,6.0,0.0,0.0,0.0,0.0,0.0,0.0,26.0,0.0,0.0,26.0,0.0,0.0,0.0,0.0,0.0,0.0,0.0,0.0,0.0,0.0,0.0,0.0,0.0,0.0,30.0,0.0,0.0,30.0,0.0,0.0,2.0,0.0,0.0,2.0,0.0,0.0,"Jan 19, 2017"
1246,2304008.0,24659.0,Baghdad,Thawra2,Al Sadir 2-517,الصدر-517,33.3692543012,44.441657233,73.0,438.0,3.0,0.0,0.0,0.0,0.0,0.0,0.0,0.0,16.0,0.0,0.0,0.0,54.0,0.0,0.0,0.0,0.0,0.0,0.0,7.0,0.0,0.0,0.0,0.0,0.0,0.0,47.0,0.0,0.0,47.0,0.0,0.0,19.0,0.0,0.0,19.0,0.0,0.0,0.0,0.0,0.0,0.0,0.0,0.0,70.0,0.0,3.0,70.0,0.0,3.0,0.0,0.0,0.0,0.0,0.0,0.0,"Jan 19, 2017"
1247,2304009.0,22884.0,Baghdad,Thawra2,Al Sadir 2-518,الصدر-518,33.3779981973,44.4217473416,153.0,918.0,0.0,0.0,0.0,0.0,0.0,22.0,0.0,0.0,0.0,0.0,0.0,0.0,131.0,0.0,0.0,0.0,0.0,0.0,0.0,34.0,0.0,0.0,0.0,0.0,0.0,0.0,89.0,0.0,0.0,89.0,0.0,0.0,30.0,0.0,0.0,30.0,0.0,0.0,0.0,0.0,114.0,0.0,0.0,114.0,39.0,0.0,0.0,39.0,0.0,0.0,0.0,0.0,0.0,0.0,0.0,0.0,"Jan 19, 2017"
1248,2304010.0,24658.0,Baghdad,Thawra2,Al Sadir 2-541,الصدر-541,33.3787805392,44.4604858668,55.0,330.0,0.0,0.0,0.0,0.0,0.0,2.0,0.0,0.0,24.0,0.0,0.0,0.0,29.0,0.0,0.0,0.0,0.0,0.0,0.0,13.0,0.0,0.0,0.0,0.0,0.0,0.0,42.0,0.0,0.0,42.0,0.0,0.0,0.0,0.0,0.0,0.0,0.0,0.0,0.0,0.0,0.0,0.0,0.0,0.0,54.0,0.0,0.0,54.0,0.0,0.0,1.0,0.0,0.0,1.0,0.0,0.0,"Jan 19, 2017"
1249,2304011.0,24657.0,Baghdad,Thawra2,Al Sadir 2-571,الصدر-571,33.3866331751,44.4854092654,34.0,204.0,0.0,0.0,0.0,0.0,0.0,0.0,0.0,0.0,7.0,0.0,0.0,0.0,19.0,0.0,8.0,0.0,0.0,0.0,0.0,5.0,0.0,0.0,0.0,0.0,0.0,0.0,29.0,0.0,0.0,29.0,0.0,0.0,0.0,0.0,0.0,0.0,0.0,0.0,0.0,0.0,0.0,0.0,0.0,0.0,34.0,0.0,0.0,34.0,0.0,0.0,0.0,0.0,0.0,0.0,0.0,0.0,"Jan 19, 2017"
1250,2304012.0,24504.0,Baghdad,Thawra2,Al Sadir 3-555,الصدر 3-555,33.3753633673,44.4659114301,10.0,60.0,0.0,0.0,0.0,0.0,0.0,0.0,0.0,0.0,0.0,0.0,0.0,0.0,10.0,0.0,0.0,0.0,0.0,0.0,0.0,4.0,0.0,0.0,0.0,0.0,0.0,0.0,6.0,0.0,0.0,6.0,0.0,0.0,0.0,0.0,0.0,0.0,0.0,0.0,0.0,0.0,0.0,0.0,10.0,0.0,0.0,10.0,0.0,0.0,0.0,0.0,0.0,0.0,0.0,0.0,0.0,0.0,"Jan 19, 2017"
1251,2304013.0,22537.0,Baghdad,Thawra2,Al Sadir 5-528,الصدر-528,33.3877685985,44.4376341885,27.0,162.0,7.0,0.0,0.0,0.0,0.0,3.0,0.0,0.0,0.0,0.0,0.0,0.0,15.0,0.0,2.0,0.0,0.0,0.0,0.0,6.0,0.0,0.0,0.0,0.0,0.0,0.0,21.0,0.0,0.0,21.0,0.0,0.0,0.0,0.0,0.0,0.0,0.0,0.0,3.0,0.0,12.0,3.0,0.0,12.0,8.0,0.0,4.0,8.0,0.0,4.0,0.0,0.0,0.0,0.0,0.0,0.0,"Jan 19, 2017"
1252,2304015.0,24502.0,Baghdad,Thawra2,Al Sadir 8-550,الصدر 8-550,33.4011420057,44.4538749734,70.0,420.0,5.0,0.0,0.0,0.0,0.0,18.0,0.0,0.0,0.0,0.0,0.0,0.0,44.0,0.0,3.0,0.0,0.0,0.0,0.0,16.0,0.0,0.0,0.0,0.0,0.0,0.0,54.0,0.0,0.0,54.0,0.0,0.0,0.0,0.0,0.0,0.0,0.0,0.0,0.0,0.0,46.0,0.0,6.0,46.0,13.0,6.0,5.0,13.0,0.0,5.0,0.0,0.0,0.0,0.0,0.0,0.0,"Jan 19, 2017"
1253,2304016.0,24932.0,Baghdad,Thawra2,Al Sadir3-535,الصدر-535,33.3601801097,44.4554460032,18.0,108.0,0.0,0.0,0.0,0.0,0.0,0.0,0.0,0.0,0.0,0.0,0.0,0.0,18.0,0.0,0.0,0.0,0.0,0.0,0.0,0.0,0.0,0.0,0.0,0.0,0.0,0.0,18.0,0.0,0.0,18.0,0.0,0.0,0.0,0.0,0.0,0.0,0.0,0.0,0.0,0.0,18.0,0.0,0.0,18.0,0.0,0.0,0.0,0.0,0.0,0.0,0.0,0.0,0.0,0.0,0.0,0.0,"Jan 19, 2017"
1254,2304017.0,24584.0,Baghdad,Thawra2,Al Sadir3-537,الصدر-537,33.3631693231,44.456867023,43.0,258.0,0.0,0.0,0.0,0.0,0.0,8.0,0.0,0.0,12.0,0.0,0.0,0.0,23.0,0.0,0.0,0.0,0.0,0.0,0.0,15.0,0.0,0.0,0.0,0.0,0.0,0.0,28.0,0.0,0.0,28.0,0.0,0.0,0.0,0.0,0.0,0.0,0.0,0.0,0.0,0.0,0.0,0.0,5.0,0.0,34.0,5.0,0.0,34.0,0.0,0.0,4.0,0.0,0.0,4.0,0.0,0.0,"Jan 19, 2017"
1255,2304018.0,24933.0,Baghdad,Thawra2,Al Sadir4-547,الصدر-547,33.3805178828,44.4604993503,7.0,42.0,1.0,0.0,0.0,0.0,0.0,6.0,0.0,0.0,0.0,0.0,0.0,0.0,0.0,0.0,0.0,0.0,0.0,0.0,0.0,0.0,0.0,0.0,0.0,0.0,0.0,0.0,7.0,0.0,0.0,7.0,0.0,0.0,0.0,0.0,0.0,0.0,0.0,0.0,0.0,0.0,6.0,0.0,0.0,6.0,0.0,0.0,0.0,0.0,1.0,0.0,0.0,1.0,0.0,0.0,0.0,0.0,"Jan 19, 2017"
1256,2304019.0,24585.0,Baghdad,Thawra2,Al Sadir5-520,الصدر-520,33.3800346381,44.4439285304,22.0,132.0,6.0,0.0,0.0,0.0,0.0,16.0,0.0,0.0,0.0,0.0,0.0,0.0,0.0,0.0,0.0,0.0,0.0,0.0,0.0,0.0,0.0,0.0,0.0,0.0,0.0,0.0,22.0,0.0,0.0,22.0,0.0,0.0,0.0,0.0,0.0,0.0,0.0,0.0,0.0,0.0,0.0,0.0,0.0,0.0,16.0,0.0,6.0,16.0,0.0,6.0,0.0,0.0,0.0,0.0,0.0,0.0,"Jan 19, 2017"
1257,2304020.0,24586.0,Baghdad,Thawra2,Al Sadir5-522,الصدر-522,33.3834956003,44.4396228036,18.0,108.0,0.0,0.0,0.0,0.0,0.0,3.0,0.0,0.0,0.0,0.0,0.0,0.0,15.0,0.0,0.0,0.0,0.0,0.0,0.0,18.0,0.0,0.0,0.0,0.0,0.0,0.0,0.0,0.0,0.0,0.0,0.0,0.0,0.0,0.0,0.0,0.0,0.0,0.0,0.0,0.0,0.0,0.0,3.0,0.0,15.0,3.0,0.0,15.0,0.0,0.0,0.0,0.0,0.0,0.0,0.0,0.0,"Jan 19, 2017"
1258,2304021.0,24587.0,Baghdad,Thawra2,Al Sadir5-530,الصدر-530,33.3914971917,44.4330386768,9.0,54.0,6.0,0.0,0.0,0.0,0.0,0.0,0.0,0.0,3.0,0.0,0.0,0.0,0.0,0.0,0.0,0.0,0.0,0.0,0.0,9.0,0.0,0.0,0.0,0.0,0.0,0.0,0.0,0.0,0.0,0.0,0.0,0.0,0.0,0.0,0.0,0.0,0.0,0.0,0.0,0.0,0.0,0.0,3.0,0.0,6.0,3.0,0.0,6.0,0.0,0.0,0.0,0.0,0.0,0.0,0.0,0.0,"Jan 19, 2017"
1259,2304022.0,24588.0,Baghdad,Thawra2,Al Sadir5-532,الصدر-532,33.3856694084,44.4497497132,18.0,108.0,0.0,0.0,0.0,0.0,0.0,0.0,0.0,0.0,0.0,0.0,0.0,0.0,18.0,0.0,0.0,0.0,0.0,0.0,0.0,16.0,0.0,0.0,0.0,0.0,0.0,0.0,2.0,0.0,0.0,2.0,0.0,0.0,0.0,0.0,0.0,0.0,0.0,0.0,0.0,0.0,6.0,0.0,0.0,6.0,12.0,0.0,0.0,12.0,0.0,0.0,0.0,0.0,0.0,0.0,0.0,0.0,"Jan 19, 2017"
1260,2304024.0,25721.0,Baghdad,Thawra2,Al Sadir6-573,الصدر-573,33.3955143147,44.4962556843,9.0,54.0,7.0,0.0,0.0,0.0,0.0,0.0,0.0,0.0,0.0,0.0,0.0,0.0,2.0,0.0,0.0,0.0,0.0,0.0,0.0,2.0,0.0,0.0,0.0,0.0,0.0,0.0,7.0,0.0,0.0,7.0,0.0,0.0,0.0,0.0,0.0,0.0,0.0,0.0,0.0,0.0,0.0,0.0,0.0,0.0,7.0,0.0,0.0,7.0,0.0,0.0,2.0,0.0,0.0,2.0,0.0,0.0,"Jan 19, 2017"
1261,2304025.0,23039.0,Baghdad,Thawra2,Al Sadir6-575,الصدر-575,33.4014861627,44.4996023083,12.0,72.0,0.0,0.0,0.0,0.0,0.0,0.0,0.0,0.0,0.0,0.0,0.0,0.0,12.0,0.0,0.0,0.0,0.0,0.0,0.0,0.0,0.0,0.0,0.0,0.0,0.0,0.0,12.0,0.0,0.0,12.0,0.0,0.0,0.0,0.0,0.0,0.0,0.0,0.0,0.0,0.0,12.0,0.0,0.0,12.0,0.0,0.0,0.0,0.0,0.0,0.0,0.0,0.0,0.0,0.0,0.0,0.0,"Jan 19, 2017"
1262,2304026.0,24591.0,Baghdad,Thawra2,Al Sadir7-538,الصدر-538,33.3939917559,44.4433513316,29.0,174.0,0.0,0.0,0.0,0.0,0.0,0.0,0.0,0.0,0.0,0.0,0.0,0.0,29.0,0.0,0.0,0.0,0.0,0.0,0.0,29.0,0.0,0.0,0.0,0.0,0.0,0.0,0.0,0.0,0.0,0.0,0.0,0.0,0.0,0.0,0.0,0.0,0.0,0.0,0.0,0.0,0.0,0.0,0.0,0.0,29.0,0.0,0.0,29.0,0.0,0.0,0.0,0.0,0.0,0.0,0.0,0.0,"Jan 19, 2017"
1263,2304027.0,24590.0,Baghdad,Thawra2,Al Sadir7-542,الصدر-542,33.397425738,44.4486912752,10.0,60.0,0.0,0.0,0.0,0.0,0.0,10.0,0.0,0.0,0.0,0.0,0.0,0.0,0.0,0.0,0.0,0.0,0.0,0.0,0.0,10.0,0.0,0.0,0.0,0.0,0.0,0.0,0.0,0.0,0.0,0.0,0.0,0.0,0.0,0.0,0.0,0.0,0.0,0.0,0.0,0.0,0.0,0.0,0.0,0.0,10.0,0.0,0.0,10.0,0.0,0.0,0.0,0.0,0.0,0.0,0.0,0.0,"Jan 19, 2017"
1264,2304028.0,24589.0,Baghdad,Thawra2,Al Sadir7-544,الصدر-544,33.397467012,44.4530950474,10.0,60.0,4.0,0.0,0.0,0.0,0.0,4.0,0.0,0.0,2.0,0.0,0.0,0.0,0.0,0.0,0.0,0.0,0.0,0.0,0.0,0.0,0.0,0.0,0.0,0.0,0.0,0.0,10.0,0.0,0.0,10.0,0.0,0.0,0.0,0.0,0.0,0.0,0.0,0.0,0.0,0.0,0.0,0.0,0.0,0.0,6.0,0.0,4.0,6.0,0.0,4.0,0.0,0.0,0.0,0.0,0.0,0.0,"Jan 19, 2017"
1265,2305001.0,24734.0,Baghdad,Al Resafa,14 Tamoz-508,508-14 تموز,33.36193407,44.4213684743,47.0,282.0,9.0,0.0,0.0,0.0,0.0,5.0,0.0,0.0,0.0,0.0,0.0,0.0,25.0,0.0,8.0,0.0,0.0,0.0,0.0,20.0,0.0,0.0,0.0,0.0,0.0,0.0,27.0,0.0,0.0,27.0,0.0,0.0,0.0,0.0,0.0,0.0,0.0,0.0,25.0,0.0,0.0,25.0,0.0,0.0,6.0,0.0,8.0,6.0,5.0,8.0,3.0,5.0,0.0,3.0,0.0,0.0,"Jan 19, 2017"
1266,2305002.0,24735.0,Baghdad,Al Resafa,14 Tamoz-510,510-14 تموز,33.3665657156,44.4131876471,29.0,174.0,9.0,0.0,0.0,0.0,0.0,3.0,0.0,0.0,0.0,0.0,0.0,0.0,13.0,0.0,4.0,0.0,0.0,0.0,0.0,16.0,0.0,0.0,0.0,0.0,0.0,0.0,13.0,0.0,0.0,13.0,0.0,0.0,0.0,0.0,0.0,0.0,0.0,0.0,7.0,0.0,11.0,7.0,0.0,11.0,9.0,0.0,0.0,9.0,2.0,0.0,0.0,2.0,0.0,0.0,0.0,0.0,"Jan 19, 2017"
1267,2305007.0,24714.0,Baghdad,Al Resafa,Abu Nuas-102,أبو نؤاس-102,33.3199119543,44.4153145094,20.0,120.0,6.0,0.0,0.0,0.0,0.0,0.0,0.0,0.0,0.0,0.0,0.0,0.0,14.0,0.0,0.0,0.0,0.0,0.0,0.0,6.0,0.0,0.0,0.0,0.0,0.0,0.0,14.0,0.0,0.0,14.0,0.0,0.0,0.0,0.0,0.0,0.0,0.0,0.0,0.0,0.0,8.0,0.0,0.0,8.0,5.0,0.0,6.0,5.0,1.0,6.0,0.0,1.0,0.0,0.0,0.0,0.0,"Jan 19, 2017"
1268,2305008.0,22054.0,Baghdad,Al Resafa,Al Ameen-739,الامين-739,33.3065818572,44.5070612925,20.0,120.0,2.0,0.0,0.0,0.0,0.0,3.0,0.0,0.0,0.0,0.0,0.0,0.0,15.0,0.0,0.0,0.0,0.0,0.0,0.0,8.0,0.0,0.0,0.0,0.0,0.0,7.0,5.0,7.0,0.0,5.0,0.0,0.0,0.0,0.0,0.0,0.0,0.0,0.0,5.0,0.0,0.0,5.0,13.0,0.0,2.0,13.0,0.0,2.0,0.0,0.0,0.0,0.0,0.0,0.0,0.0,0.0,"Jan 19, 2017"
1269,2305009.0,22055.0,Baghdad,Al Resafa,Al Ameen-743,الامين-743,33.3012196394,44.5206257207,36.0,216.0,5.0,0.0,0.0,0.0,0.0,3.0,0.0,0.0,0.0,0.0,0.0,0.0,24.0,0.0,4.0,0.0,0.0,0.0,0.0,7.0,0.0,0.0,0.0,0.0,0.0,8.0,21.0,8.0,0.0,21.0,0.0,0.0,0.0,0.0,0.0,0.0,0.0,0.0,3.0,0.0,0.0,3.0,20.0,0.0,6.0,20.0,7.0,6.0,0.0,7.0,0.0,0.0,0.0,0.0,0.0,0.0,"Jan 19, 2017"
1270,2305010.0,21888.0,Baghdad,Al Resafa,Al Ameen-741,الامين-741,33.303924804,44.5159035821,22.0,132.0,2.0,0.0,0.0,0.0,0.0,0.0,0.0,0.0,0.0,0.0,0.0,0.0,20.0,0.0,0.0,0.0,0.0,0.0,0.0,4.0,0.0,0.0,0.0,0.0,0.0,10.0,8.0,10.0,0.0,8.0,0.0,0.0,0.0,0.0,0.0,0.0,0.0,0.0,0.0,0.0,6.0,0.0,12.0,6.0,4.0,12.0,0.0,4.0,0.0,0.0,0.0,0.0,0.0,0.0,0.0,0.0,"Jan 19, 2017"
1271,2305011.0,21889.0,Baghdad,Al Resafa,Al Ameen-747,الأمين-747,33.2985493435,44.5225551451,29.0,174.0,4.0,0.0,0.0,0.0,0.0,2.0,0.0,0.0,0.0,0.0,0.0,0.0,23.0,0.0,0.0,0.0,0.0,0.0,0.0,13.0,0.0,0.0,0.0,0.0,0.0,0.0,11.0,0.0,0.0,11.0,0.0,0.0,0.0,0.0,5.0,0.0,0.0,5.0,0.0,0.0,0.0,0.0,20.0,0.0,5.0,20.0,4.0,5.0,0.0,4.0,0.0,0.0,0.0,0.0,0.0,0.0,"Jan 19, 2017"
1272,2305012.0,24939.0,Baghdad,Al Resafa,Al Atebaa-116,الأطباء-116,33.350126,44.380249,14.0,84.0,4.0,0.0,0.0,0.0,0.0,0.0,0.0,0.0,0.0,0.0,0.0,0.0,7.0,0.0,3.0,0.0,0.0,0.0,0.0,8.0,0.0,0.0,0.0,0.0,0.0,0.0,6.0,0.0,0.0,6.0,0.0,0.0,0.0,0.0,0.0,0.0,0.0,0.0,0.0,0.0,5.0,0.0,6.0,5.0,0.0,6.0,2.0,0.0,1.0,2.0,0.0,1.0,0.0,0.0,0.0,0.0,"Jan 19, 2017"
1273,2305013.0,24940.0,Baghdad,Al Resafa,Al Atebaa-118,الأطباء-118,33.35193556,44.37452721,6.0,36.0,3.0,0.0,0.0,0.0,0.0,0.0,0.0,0.0,0.0,0.0,0.0,0.0,3.0,0.0,0.0,0.0,0.0,0.0,0.0,6.0,0.0,0.0,0.0,0.0,0.0,0.0,0.0,0.0,0.0,0.0,0.0,0.0,0.0,0.0,0.0,0.0,0.0,0.0,0.0,0.0,3.0,0.0,0.0,3.0,0.0,0.0,3.0,0.0,0.0,3.0,0.0,0.0,0.0,0.0,0.0,0.0,"Jan 19, 2017"
1274,2305014.0,24938.0,Baghdad,Al Resafa,Al Atebaa-120,الاطباء-120,33.3531648337,44.3811378245,9.0,54.0,9.0,0.0,0.0,0.0,0.0,0.0,0.0,0.0,0.0,0.0,0.0,0.0,0.0,0.0,0.0,0.0,0.0,0.0,0.0,9.0,0.0,0.0,0.0,0.0,0.0,0.0,0.0,0.0,0.0,0.0,0.0,0.0,0.0,0.0,0.0,0.0,0.0,0.0,0.0,0.0,0.0,0.0,0.0,0.0,9.0,0.0,0.0,9.0,0.0,0.0,0.0,0.0,0.0,0.0,0.0,0.0,"Jan 19, 2017"
1275,2305017.0,24497.0,Baghdad,Al Resafa,Al baladiyat-728,البلديات-728,33.33223364,44.4759524138,44.0,264.0,15.0,0.0,0.0,0.0,0.0,0.0,0.0,0.0,0.0,0.0,0.0,0.0,29.0,0.0,0.0,0.0,0.0,0.0,0.0,13.0,0.0,0.0,0.0,0.0,0.0,0.0,31.0,0.0,0.0,31.0,0.0,0.0,0.0,0.0,0.0,0.0,0.0,0.0,0.0,0.0,0.0,0.0,31.0,0.0,0.0,31.0,13.0,0.0,0.0,13.0,0.0,0.0,0.0,0.0,0.0,0.0,"Jan 19, 2017"
1276,2305018.0,24498.0,Baghdad,Al Resafa,Al baladiyat-730,البلديات-730,33.3424441262,44.4831530553,36.0,216.0,10.0,0.0,0.0,0.0,0.0,0.0,0.0,0.0,0.0,0.0,0.0,0.0,26.0,0.0,0.0,0.0,0.0,0.0,0.0,10.0,0.0,0.0,0.0,0.0,0.0,0.0,26.0,0.0,0.0,26.0,0.0,0.0,0.0,0.0,0.0,0.0,0.0,0.0,0.0,0.0,0.0,0.0,11.0,0.0,20.0,11.0,5.0,20.0,0.0,5.0,0.0,0.0,0.0,0.0,0.0,0.0,"Jan 19, 2017"
1277,2305019.0,24500.0,Baghdad,Al Resafa,Al baladiyat-732,البلديات-732,33.3416480559,44.4664902409,71.0,426.0,10.0,0.0,0.0,0.0,0.0,6.0,0.0,0.0,0.0,0.0,0.0,0.0,40.0,0.0,15.0,0.0,0.0,0.0,0.0,38.0,0.0,0.0,0.0,0.0,0.0,0.0,33.0,0.0,0.0,33.0,0.0,0.0,0.0,0.0,0.0,0.0,0.0,0.0,0.0,0.0,0.0,0.0,36.0,0.0,19.0,36.0,10.0,19.0,0.0,10.0,6.0,0.0,0.0,6.0,0.0,0.0,"Jan 19, 2017"
1278,2305020.0,24499.0,Baghdad,Al Resafa,Al baladiyat-734,البلديات-734,33.3499679764,44.4643645854,41.0,246.0,8.0,0.0,0.0,0.0,0.0,0.0,0.0,0.0,0.0,0.0,0.0,0.0,24.0,0.0,9.0,0.0,0.0,0.0,0.0,18.0,0.0,0.0,0.0,0.0,0.0,0.0,23.0,0.0,0.0,23.0,0.0,0.0,0.0,0.0,0.0,0.0,0.0,0.0,0.0,0.0,0.0,0.0,31.0,0.0,3.0,31.0,7.0,3.0,0.0,7.0,0.0,0.0,0.0,0.0,0.0,0.0,"Jan 19, 2017"
1279,2305021.0,23731.0,Baghdad,Al Resafa,Al baladiyat-738,البلديات-738,33.3473620813,44.4770458074,39.0,234.0,3.0,0.0,0.0,0.0,0.0,2.0,0.0,0.0,0.0,0.0,0.0,0.0,32.0,0.0,2.0,0.0,0.0,0.0,0.0,11.0,0.0,0.0,0.0,0.0,0.0,0.0,20.0,0.0,0.0,20.0,0.0,0.0,8.0,0.0,0.0,8.0,0.0,0.0,0.0,0.0,20.0,0.0,13.0,20.0,3.0,13.0,3.0,3.0,0.0,3.0,0.0,0.0,0.0,0.0,0.0,0.0,"Jan 19, 2017"
1280,2305022.0,24024.0,Baghdad,Al Resafa,Al Baladiyat-744,البلديات-744,33.3554438642,44.4679781671,58.0,348.0,22.0,0.0,0.0,0.0,0.0,0.0,0.0,0.0,0.0,0.0,0.0,0.0,36.0,0.0,0.0,0.0,0.0,0.0,0.0,18.0,0.0,0.0,0.0,0.0,0.0,10.0,30.0,10.0,0.0,30.0,0.0,0.0,0.0,0.0,0.0,0.0,0.0,0.0,12.0,0.0,0.0,12.0,35.0,0.0,0.0,35.0,11.0,0.0,0.0,11.0,0.0,0.0,0.0,0.0,0.0,0.0,"Jan 19, 2017"
1281,2305023.0,25406.0,Baghdad,Al Resafa,Al Baladiyat-746,البلديات-746,33.35457955,44.47756409,28.0,168.0,2.0,0.0,0.0,0.0,0.0,10.0,0.0,0.0,0.0,0.0,0.0,0.0,0.0,0.0,16.0,0.0,0.0,0.0,0.0,7.0,0.0,0.0,0.0,0.0,0.0,0.0,21.0,0.0,0.0,21.0,0.0,0.0,0.0,0.0,0.0,0.0,0.0,0.0,0.0,0.0,0.0,0.0,14.0,0.0,5.0,14.0,9.0,5.0,0.0,9.0,0.0,0.0,0.0,0.0,0.0,0.0,"Jan 19, 2017"
1282,2305024.0,24931.0,Baghdad,Al Resafa,Al Edreesiy-507,الادريسي-507,33.3498571961,44.4335033624,30.0,180.0,8.0,0.0,0.0,0.0,0.0,0.0,0.0,0.0,0.0,0.0,0.0,0.0,17.0,0.0,5.0,0.0,0.0,0.0,0.0,15.0,0.0,0.0,0.0,0.0,0.0,0.0,15.0,0.0,0.0,15.0,0.0,0.0,0.0,0.0,0.0,0.0,0.0,0.0,0.0,0.0,15.0,0.0,9.0,15.0,4.0,9.0,2.0,4.0,0.0,2.0,0.0,0.0,0.0,0.0,0.0,0.0,"Jan 19, 2017"
1283,2305025.0,21576.0,Baghdad,Al Resafa,Al Fudhiliyah-753,الفضيلية-753,33.3362802877,44.5010384082,147.0,882.0,27.0,0.0,0.0,0.0,0.0,0.0,0.0,0.0,0.0,0.0,0.0,0.0,100.0,0.0,20.0,0.0,0.0,0.0,0.0,73.0,0.0,0.0,0.0,0.0,0.0,0.0,74.0,0.0,0.0,74.0,0.0,0.0,0.0,0.0,0.0,0.0,0.0,0.0,0.0,0.0,32.0,0.0,42.0,32.0,52.0,42.0,21.0,52.0,0.0,21.0,0.0,0.0,0.0,0.0,0.0,0.0,"Jan 19, 2017"
1284,2305027.0,24942.0,Baghdad,Al Resafa,Al Jumhoriyah-109,الجمهورية-109,33.3297311204,44.4111694737,5.0,30.0,0.0,0.0,0.0,0.0,0.0,0.0,0.0,0.0,0.0,0.0,0.0,0.0,5.0,0.0,0.0,0.0,0.0,0.0,0.0,0.0,0.0,0.0,0.0,0.0,0.0,0.0,5.0,0.0,0.0,5.0,0.0,0.0,0.0,0.0,0.0,0.0,0.0,0.0,0.0,0.0,2.0,0.0,0.0,2.0,3.0,0.0,0.0,3.0,0.0,0.0,0.0,0.0,0.0,0.0,0.0,0.0,"Jan 19, 2017"
1285,2305028.0,24943.0,Baghdad,Al Resafa,Al Jumhoriyah-113,الجمهورية-113,33.33986998,44.40213809,7.0,42.0,4.0,0.0,0.0,0.0,0.0,0.0,0.0,0.0,0.0,0.0,0.0,0.0,3.0,0.0,0.0,0.0,0.0,0.0,0.0,0.0,0.0,0.0,0.0,0.0,0.0,0.0,7.0,0.0,0.0,7.0,0.0,0.0,0.0,0.0,0.0,0.0,0.0,0.0,0.0,0.0,3.0,0.0,0.0,3.0,0.0,0.0,4.0,0.0,0.0,4.0,0.0,0.0,0.0,0.0,0.0,0.0,"Jan 19, 2017"
1286,2305029.0,24944.0,Baghdad,Al Resafa,Al Jumhoriyah-115,الجمهورية-115,33.3442195,44.39531949,4.0,24.0,0.0,0.0,0.0,0.0,0.0,0.0,0.0,0.0,0.0,0.0,0.0,0.0,4.0,0.0,0.0,0.0,0.0,0.0,0.0,0.0,0.0,0.0,0.0,0.0,0.0,0.0,4.0,0.0,0.0,4.0,0.0,0.0,0.0,0.0,0.0,0.0,0.0,0.0,0.0,0.0,4.0,0.0,0.0,4.0,0.0,0.0,0.0,0.0,0.0,0.0,0.0,0.0,0.0,0.0,0.0,0.0,"Jan 19, 2017"
1287,2305030.0,24672.0,Baghdad,Al Resafa,Baghdad Al Jadidia-711,بغداد الجديدة-711,33.2986385863,44.5009126931,20.0,120.0,3.0,0.0,0.0,0.0,0.0,0.0,0.0,0.0,0.0,0.0,0.0,0.0,17.0,0.0,0.0,0.0,0.0,0.0,0.0,12.0,0.0,0.0,0.0,0.0,0.0,0.0,8.0,0.0,0.0,8.0,0.0,0.0,0.0,0.0,0.0,0.0,0.0,0.0,0.0,0.0,0.0,0.0,11.0,0.0,9.0,11.0,0.0,9.0,0.0,0.0,0.0,0.0,0.0,0.0,0.0,0.0,"Jan 19, 2017"
1288,2305031.0,24025.0,Baghdad,Al Resafa,Baghdad Al Jadidia-713,بغداد الجديدة-713,33.3057850663,44.4773009834,43.0,258.0,0.0,0.0,0.0,0.0,0.0,0.0,0.0,0.0,0.0,0.0,0.0,0.0,43.0,0.0,0.0,0.0,0.0,0.0,0.0,19.0,0.0,0.0,0.0,0.0,0.0,0.0,24.0,0.0,0.0,24.0,0.0,0.0,0.0,0.0,0.0,0.0,0.0,0.0,0.0,0.0,2.0,0.0,19.0,2.0,18.0,19.0,0.0,18.0,0.0,0.0,4.0,0.0,0.0,4.0,0.0,0.0,"Jan 19, 2017"
1289,2305032.0,24026.0,Baghdad,Al Resafa,Baghdad Al Jadidia-717,بغداد الجديدة-717,33.3053802152,44.4770992287,28.0,168.0,4.0,0.0,0.0,0.0,0.0,0.0,0.0,0.0,0.0,0.0,0.0,0.0,24.0,0.0,0.0,0.0,0.0,0.0,0.0,16.0,0.0,0.0,0.0,0.0,0.0,0.0,12.0,0.0,0.0,12.0,0.0,0.0,0.0,0.0,0.0,0.0,0.0,0.0,2.0,0.0,12.0,2.0,6.0,12.0,2.0,6.0,6.0,2.0,0.0,6.0,0.0,0.0,0.0,0.0,0.0,0.0,"Jan 19, 2017"
1290,2305033.0,24697.0,Baghdad,Al Resafa,Baghdad Al Jadidia-719,بغداد الجديدة-719,33.30262949,44.47727429,30.0,180.0,0.0,0.0,0.0,0.0,0.0,0.0,0.0,0.0,0.0,0.0,0.0,0.0,30.0,0.0,0.0,0.0,0.0,0.0,0.0,4.0,0.0,0.0,0.0,0.0,0.0,0.0,7.0,0.0,0.0,7.0,0.0,0.0,19.0,0.0,0.0,19.0,0.0,0.0,0.0,0.0,0.0,0.0,19.0,0.0,11.0,19.0,0.0,11.0,0.0,0.0,0.0,0.0,0.0,0.0,0.0,0.0,"Jan 19, 2017"
1291,2305034.0,24698.0,Baghdad,Al Resafa,Baghdad Al Jadidia-723,بغداد الجديدة-723,33.3046131722,44.4927837416,39.0,234.0,4.0,0.0,0.0,0.0,0.0,0.0,0.0,0.0,0.0,0.0,0.0,0.0,32.0,0.0,3.0,0.0,0.0,0.0,0.0,21.0,0.0,0.0,0.0,0.0,0.0,0.0,18.0,0.0,0.0,18.0,0.0,0.0,0.0,0.0,0.0,0.0,0.0,0.0,0.0,0.0,17.0,0.0,0.0,17.0,19.0,0.0,0.0,19.0,0.0,0.0,3.0,0.0,0.0,3.0,0.0,0.0,"Jan 19, 2017"
1292,2305035.0,24027.0,Baghdad,Al Resafa,Baghdad Al Jadidia-725,بغداد الجديدة-725,33.312710097,44.4882265993,20.0,120.0,2.0,0.0,0.0,0.0,0.0,3.0,0.0,0.0,0.0,0.0,0.0,0.0,15.0,0.0,0.0,0.0,0.0,0.0,0.0,13.0,0.0,0.0,0.0,0.0,0.0,0.0,7.0,0.0,0.0,7.0,0.0,0.0,0.0,0.0,0.0,0.0,0.0,0.0,0.0,0.0,0.0,0.0,13.0,0.0,5.0,13.0,2.0,5.0,0.0,2.0,0.0,0.0,0.0,0.0,0.0,0.0,"Jan 19, 2017"
1293,2305036.0,25156.0,Baghdad,Al Resafa,Baghdad Al Jadidia-727,بغداد الجديدة-727,33.311140906,44.4796469503,29.0,174.0,0.0,0.0,0.0,0.0,0.0,0.0,0.0,0.0,0.0,0.0,0.0,0.0,22.0,0.0,7.0,0.0,0.0,0.0,0.0,0.0,0.0,0.0,0.0,0.0,0.0,0.0,20.0,0.0,0.0,20.0,0.0,0.0,9.0,0.0,0.0,9.0,0.0,0.0,0.0,0.0,0.0,0.0,20.0,0.0,9.0,20.0,0.0,9.0,0.0,0.0,0.0,0.0,0.0,0.0,0.0,0.0,"Jan 19, 2017"
1294,2305039.0,22772.0,Baghdad,Al Resafa,Al Jumhoriyah 111,الجمهورية-111,33.3488754422,44.3866178624,8.0,48.0,0.0,0.0,0.0,0.0,0.0,4.0,0.0,0.0,0.0,0.0,0.0,0.0,3.0,0.0,1.0,0.0,0.0,0.0,0.0,2.0,0.0,0.0,0.0,0.0,0.0,0.0,6.0,0.0,0.0,6.0,0.0,0.0,0.0,0.0,0.0,0.0,0.0,0.0,0.0,0.0,3.0,0.0,5.0,3.0,0.0,5.0,0.0,0.0,0.0,0.0,0.0,0.0,0.0,0.0,0.0,0.0,"Jan 19, 2017"
1295,2305040.0,21630.0,Baghdad,Al Resafa,Al Jumhoriyah-119,الجمهورية-119,33.3439810209,44.389574378,19.0,114.0,8.0,0.0,0.0,0.0,0.0,0.0,0.0,0.0,0.0,0.0,0.0,0.0,11.0,0.0,0.0,0.0,0.0,0.0,0.0,6.0,0.0,0.0,0.0,0.0,0.0,0.0,13.0,0.0,0.0,13.0,0.0,0.0,0.0,0.0,0.0,0.0,0.0,0.0,0.0,0.0,0.0,0.0,15.0,0.0,1.0,15.0,0.0,1.0,0.0,0.0,3.0,0.0,0.0,3.0,0.0,0.0,"Jan 19, 2017"
1296,2305042.0,22056.0,Baghdad,Al Resafa,Al Kamaliya-757,الكمالية-757,33.3477126571,44.5111364895,46.0,276.0,14.0,0.0,0.0,0.0,0.0,0.0,0.0,0.0,3.0,0.0,0.0,0.0,29.0,0.0,0.0,0.0,0.0,0.0,0.0,20.0,0.0,0.0,0.0,0.0,0.0,0.0,26.0,0.0,0.0,26.0,0.0,0.0,0.0,0.0,0.0,0.0,0.0,0.0,10.0,0.0,0.0,10.0,8.0,0.0,20.0,8.0,4.0,20.0,0.0,4.0,4.0,0.0,0.0,4.0,0.0,0.0,"Jan 19, 2017"
1297,2305043.0,24953.0,Baghdad,Al Resafa,Al Kamaliya-765,الكمالية-765,33.3583545392,44.5238482464,29.0,174.0,3.0,0.0,0.0,0.0,0.0,0.0,0.0,0.0,0.0,0.0,0.0,0.0,26.0,0.0,0.0,0.0,0.0,0.0,0.0,21.0,0.0,0.0,0.0,0.0,0.0,0.0,8.0,0.0,0.0,8.0,0.0,0.0,0.0,0.0,0.0,0.0,0.0,0.0,0.0,0.0,0.0,0.0,0.0,0.0,22.0,0.0,5.0,22.0,0.0,5.0,2.0,0.0,0.0,2.0,0.0,0.0,"Jan 19, 2017"
1298,2305044.0,22145.0,Baghdad,Al Resafa,Al Kamaliya-759,الكمالية-759,33.3497684267,44.5140202703,49.0,294.0,12.0,0.0,0.0,0.0,0.0,9.0,0.0,0.0,0.0,0.0,0.0,0.0,28.0,0.0,0.0,0.0,0.0,0.0,0.0,26.0,0.0,0.0,0.0,0.0,0.0,0.0,23.0,0.0,0.0,23.0,0.0,0.0,0.0,0.0,0.0,0.0,0.0,0.0,4.0,0.0,0.0,4.0,20.0,0.0,15.0,20.0,10.0,15.0,0.0,10.0,0.0,0.0,0.0,0.0,0.0,0.0,"Jan 19, 2017"
1299,2305045.0,22146.0,Baghdad,Al Resafa,Al Kamaliya-767,الكمالية-767,33.3489850882,44.5320842941,18.0,108.0,3.0,0.0,0.0,0.0,0.0,0.0,0.0,0.0,0.0,0.0,0.0,0.0,15.0,0.0,0.0,0.0,0.0,0.0,0.0,6.0,0.0,0.0,0.0,0.0,0.0,0.0,12.0,0.0,0.0,12.0,0.0,0.0,0.0,0.0,0.0,0.0,0.0,0.0,0.0,0.0,0.0,0.0,0.0,0.0,12.0,0.0,6.0,12.0,0.0,6.0,0.0,0.0,0.0,0.0,0.0,0.0,"Jan 19, 2017"
1300,2305047.0,24277.0,Baghdad,Al Resafa,Al Karada-901,الكرادة-901,33.299686897,44.4225495229,72.0,432.0,48.0,0.0,0.0,0.0,0.0,0.0,0.0,0.0,0.0,0.0,0.0,0.0,24.0,0.0,0.0,0.0,0.0,0.0,0.0,24.0,0.0,0.0,0.0,0.0,0.0,0.0,48.0,0.0,0.0,48.0,0.0,0.0,0.0,0.0,0.0,0.0,0.0,0.0,12.0,0.0,2.0,12.0,28.0,2.0,19.0,28.0,11.0,19.0,0.0,11.0,0.0,0.0,0.0,0.0,0.0,0.0,"Jan 19, 2017"
1301,2305048.0,25928.0,Baghdad,Al Resafa,Al Karada-903,الكرادة-903,33.2995898036,44.4248773719,123.0,738.0,61.0,0.0,0.0,0.0,0.0,4.0,0.0,0.0,0.0,0.0,0.0,0.0,58.0,0.0,0.0,0.0,0.0,0.0,0.0,26.0,0.0,0.0,0.0,0.0,0.0,0.0,97.0,0.0,0.0,97.0,0.0,0.0,0.0,0.0,0.0,0.0,0.0,0.0,0.0,0.0,26.0,0.0,39.0,26.0,29.0,39.0,27.0,29.0,0.0,27.0,2.0,0.0,0.0,2.0,0.0,0.0,"Jan 19, 2017"
1302,2305049.0,24019.0,Baghdad,Al Resafa,Al Karada-905,الكرادة-905,33.2952364339,44.4187825207,32.0,192.0,12.0,0.0,0.0,0.0,0.0,0.0,0.0,0.0,0.0,0.0,0.0,0.0,20.0,0.0,0.0,0.0,0.0,0.0,0.0,8.0,0.0,0.0,0.0,0.0,0.0,0.0,24.0,0.0,0.0,24.0,0.0,0.0,0.0,0.0,0.0,0.0,0.0,0.0,4.0,0.0,0.0,4.0,0.0,0.0,18.0,0.0,10.0,18.0,0.0,10.0,0.0,0.0,0.0,0.0,0.0,0.0,"Jan 19, 2017"
1303,2305050.0,21692.0,Baghdad,Al Resafa,Al Maamil-772,المعامل-772,33.3894129358,44.5238276577,14.0,84.0,0.0,0.0,0.0,0.0,0.0,4.0,0.0,0.0,0.0,0.0,0.0,0.0,10.0,0.0,0.0,0.0,0.0,0.0,0.0,9.0,0.0,0.0,0.0,0.0,0.0,0.0,5.0,0.0,0.0,5.0,0.0,0.0,0.0,0.0,0.0,0.0,0.0,0.0,0.0,0.0,5.0,0.0,1.0,5.0,8.0,1.0,0.0,8.0,0.0,0.0,0.0,0.0,0.0,0.0,0.0,0.0,"Jan 19, 2017"
1304,2305051.0,21691.0,Baghdad,Al Resafa,Al Maamil-773,المعامل-773,33.3950520996,44.5258820361,42.0,252.0,5.0,0.0,0.0,0.0,0.0,5.0,0.0,0.0,0.0,0.0,0.0,0.0,22.0,0.0,10.0,0.0,0.0,0.0,0.0,10.0,0.0,0.0,0.0,0.0,0.0,0.0,32.0,0.0,0.0,32.0,0.0,0.0,0.0,0.0,0.0,0.0,0.0,0.0,0.0,0.0,0.0,0.0,21.0,0.0,16.0,21.0,5.0,16.0,0.0,5.0,0.0,0.0,0.0,0.0,0.0,0.0,"Jan 19, 2017"
1305,2305052.0,21693.0,Baghdad,Al Resafa,Al Maamil-774,المعامل-774,33.3949536278,44.5246446783,45.0,270.0,8.0,0.0,0.0,0.0,0.0,0.0,0.0,0.0,0.0,0.0,0.0,0.0,20.0,0.0,17.0,0.0,0.0,0.0,0.0,20.0,0.0,0.0,0.0,0.0,0.0,0.0,25.0,0.0,0.0,25.0,0.0,0.0,0.0,0.0,0.0,0.0,0.0,0.0,0.0,0.0,10.0,0.0,10.0,10.0,17.0,10.0,8.0,17.0,0.0,8.0,0.0,0.0,0.0,0.0,0.0,0.0,"Jan 19, 2017"
1306,2305054.0,23757.0,Baghdad,Al Resafa,Al Mashtal-729,المشتل-729,33.3239957472,44.4889871185,167.0,1002.0,70.0,0.0,0.0,0.0,0.0,18.0,0.0,0.0,0.0,0.0,0.0,0.0,69.0,0.0,10.0,0.0,0.0,0.0,0.0,83.0,0.0,0.0,0.0,0.0,0.0,0.0,84.0,0.0,0.0,84.0,0.0,0.0,0.0,0.0,0.0,0.0,0.0,0.0,11.0,0.0,21.0,11.0,80.0,21.0,27.0,80.0,28.0,27.0,0.0,28.0,0.0,0.0,0.0,0.0,0.0,0.0,"Jan 19, 2017"
1307,2305055.0,25401.0,Baghdad,Al Resafa,Al Mashtal-731,المشتل-731,33.3180277367,44.4939461133,82.0,492.0,14.0,0.0,0.0,0.0,0.0,3.0,0.0,0.0,0.0,0.0,0.0,0.0,50.0,0.0,15.0,0.0,0.0,0.0,0.0,40.0,0.0,0.0,0.0,0.0,0.0,0.0,42.0,0.0,0.0,42.0,0.0,0.0,0.0,0.0,0.0,0.0,0.0,0.0,5.0,0.0,12.0,5.0,51.0,12.0,8.0,51.0,6.0,8.0,0.0,6.0,0.0,0.0,0.0,0.0,0.0,0.0,"Jan 19, 2017"
1308,2305056.0,24023.0,Baghdad,Al Resafa,Al Mashtal-733,المشتل-733,33.3163299584,44.5011545958,133.0,798.0,20.0,0.0,0.0,0.0,0.0,8.0,0.0,0.0,0.0,0.0,0.0,0.0,68.0,0.0,37.0,0.0,0.0,0.0,0.0,73.0,0.0,0.0,0.0,0.0,0.0,0.0,60.0,0.0,0.0,60.0,0.0,0.0,0.0,0.0,0.0,0.0,0.0,0.0,7.0,0.0,0.0,7.0,58.0,0.0,38.0,58.0,27.0,38.0,0.0,27.0,3.0,0.0,0.0,3.0,0.0,0.0,"Jan 19, 2017"
1309,2305057.0,23210.0,Baghdad,Al Resafa,Al Mashtal-735,المشتل-735,33.3168985753,44.5088718004,129.0,774.0,41.0,0.0,0.0,0.0,0.0,10.0,0.0,0.0,0.0,0.0,0.0,0.0,60.0,0.0,18.0,0.0,0.0,0.0,0.0,48.0,0.0,0.0,0.0,0.0,0.0,0.0,81.0,0.0,0.0,81.0,0.0,0.0,0.0,0.0,0.0,0.0,0.0,0.0,6.0,0.0,46.0,6.0,55.0,46.0,10.0,55.0,7.0,10.0,0.0,7.0,5.0,0.0,0.0,5.0,0.0,0.0,"Jan 19, 2017"
1310,2305058.0,23323.0,Baghdad,Al Resafa,Al Mashtal-751,المشتل-751,33.3224272119,44.5161799218,123.0,738.0,19.0,0.0,0.0,0.0,0.0,20.0,0.0,0.0,4.0,0.0,0.0,0.0,69.0,0.0,11.0,0.0,0.0,0.0,0.0,41.0,0.0,0.0,0.0,0.0,0.0,0.0,82.0,0.0,0.0,82.0,0.0,0.0,0.0,0.0,0.0,0.0,0.0,0.0,4.0,0.0,67.0,4.0,24.0,67.0,12.0,24.0,16.0,12.0,0.0,16.0,0.0,0.0,0.0,0.0,0.0,0.0,"Jan 19, 2017"
1311,2305059.0,23752.0,Baghdad,Al Resafa,Al muthana-710,المثنى-710,33.3180867924,44.4638861433,60.0,360.0,8.0,0.0,0.0,0.0,0.0,0.0,0.0,0.0,0.0,0.0,0.0,0.0,47.0,0.0,5.0,0.0,0.0,0.0,0.0,27.0,0.0,0.0,0.0,0.0,0.0,0.0,33.0,0.0,0.0,33.0,0.0,0.0,0.0,0.0,0.0,0.0,0.0,0.0,11.0,0.0,0.0,11.0,27.0,0.0,10.0,27.0,3.0,10.0,0.0,3.0,9.0,0.0,0.0,9.0,0.0,0.0,"Jan 19, 2017"
1312,2305060.0,24471.0,Baghdad,Al Resafa,Al Muthana-712,المثنى-712,33.3203572214,44.4484642101,52.0,312.0,0.0,0.0,0.0,0.0,0.0,0.0,0.0,0.0,0.0,0.0,0.0,0.0,52.0,0.0,0.0,0.0,0.0,0.0,0.0,33.0,0.0,0.0,0.0,0.0,0.0,0.0,19.0,0.0,0.0,19.0,0.0,0.0,0.0,0.0,0.0,0.0,0.0,0.0,0.0,0.0,0.0,0.0,23.0,0.0,13.0,23.0,6.0,13.0,0.0,6.0,10.0,0.0,0.0,10.0,0.0,0.0,"Jan 19, 2017"
1313,2305061.0,24129.0,Baghdad,Al Resafa,Al Muthana-714,المثنى-714,33.3211895391,44.4444596892,61.0,366.0,5.0,0.0,0.0,0.0,0.0,0.0,0.0,0.0,0.0,0.0,0.0,0.0,56.0,0.0,0.0,0.0,0.0,0.0,0.0,22.0,0.0,0.0,0.0,0.0,0.0,0.0,39.0,0.0,0.0,39.0,0.0,0.0,0.0,0.0,0.0,0.0,0.0,0.0,20.0,0.0,0.0,20.0,37.0,0.0,2.0,37.0,2.0,2.0,0.0,2.0,0.0,0.0,0.0,0.0,0.0,0.0,"Jan 19, 2017"
1314,2305062.0,23980.0,Baghdad,Al Resafa,Al Muthana-716,المثنى-716,33.320057707,44.453900964,45.0,270.0,7.0,0.0,0.0,0.0,0.0,0.0,0.0,0.0,0.0,0.0,0.0,0.0,33.0,0.0,5.0,0.0,0.0,0.0,0.0,20.0,0.0,0.0,0.0,0.0,0.0,0.0,25.0,0.0,0.0,25.0,0.0,0.0,0.0,0.0,0.0,0.0,0.0,0.0,7.0,0.0,0.0,7.0,7.0,0.0,13.0,7.0,10.0,13.0,0.0,10.0,8.0,0.0,0.0,8.0,0.0,0.0,"Jan 19, 2017"
1315,2305064.0,24470.0,Baghdad,Al Resafa,Al Muthana-718,المثنى-718,33.3238905014,44.4573975003,42.0,252.0,7.0,0.0,0.0,0.0,0.0,0.0,0.0,0.0,0.0,0.0,0.0,0.0,35.0,0.0,0.0,0.0,0.0,0.0,0.0,24.0,0.0,0.0,0.0,0.0,0.0,0.0,18.0,0.0,0.0,18.0,0.0,0.0,0.0,0.0,0.0,0.0,0.0,0.0,0.0,0.0,0.0,0.0,24.0,0.0,6.0,24.0,6.0,6.0,0.0,6.0,6.0,0.0,0.0,6.0,0.0,0.0,"Jan 19, 2017"
1316,2305065.0,23330.0,Baghdad,Al Resafa,Al Nidhal-103,النضال-103,33.3277478025,44.4295345838,28.0,168.0,6.0,0.0,0.0,0.0,0.0,0.0,0.0,0.0,0.0,0.0,0.0,0.0,22.0,0.0,0.0,0.0,0.0,0.0,0.0,13.0,0.0,0.0,0.0,0.0,0.0,0.0,15.0,0.0,0.0,15.0,0.0,0.0,0.0,0.0,0.0,0.0,0.0,0.0,0.0,0.0,0.0,0.0,0.0,0.0,19.0,0.0,6.0,19.0,0.0,6.0,3.0,0.0,0.0,3.0,0.0,0.0,"Jan 19, 2017"
1317,2305066.0,24749.0,Baghdad,Al Resafa,Al Nile-503,النيل-503,33.3486463369,44.4274496116,28.0,168.0,4.0,0.0,0.0,0.0,0.0,4.0,0.0,0.0,0.0,0.0,0.0,0.0,20.0,0.0,0.0,0.0,0.0,0.0,0.0,0.0,0.0,0.0,0.0,0.0,0.0,0.0,28.0,0.0,0.0,28.0,0.0,0.0,0.0,0.0,0.0,0.0,0.0,0.0,0.0,0.0,0.0,0.0,0.0,0.0,26.0,0.0,2.0,26.0,0.0,2.0,0.0,0.0,0.0,0.0,0.0,0.0,"Jan 19, 2017"
1318,2305067.0,24945.0,Baghdad,Al Resafa,Al Rasheed-104,الرشيد-104,33.327729,44.4052096,13.0,78.0,0.0,0.0,0.0,0.0,0.0,3.0,0.0,0.0,0.0,0.0,0.0,0.0,9.0,0.0,1.0,0.0,0.0,0.0,0.0,3.0,0.0,0.0,0.0,0.0,0.0,0.0,10.0,0.0,0.0,10.0,0.0,0.0,0.0,0.0,0.0,0.0,0.0,0.0,0.0,0.0,8.0,0.0,3.0,8.0,0.0,3.0,0.0,0.0,2.0,0.0,0.0,2.0,0.0,0.0,0.0,0.0,"Jan 19, 2017"
1319,2305068.0,24946.0,Baghdad,Al Resafa,Al Rasheed-108,الرشيد-108,33.3370150853,44.3951837407,6.0,36.0,0.0,0.0,0.0,0.0,0.0,1.0,0.0,0.0,0.0,0.0,0.0,0.0,5.0,0.0,0.0,0.0,0.0,0.0,0.0,3.0,0.0,0.0,0.0,0.0,0.0,0.0,3.0,0.0,0.0,3.0,0.0,0.0,0.0,0.0,0.0,0.0,0.0,0.0,0.0,0.0,5.0,0.0,1.0,5.0,0.0,1.0,0.0,0.0,0.0,0.0,0.0,0.0,0.0,0.0,0.0,0.0,"Jan 19, 2017"
1320,2305069.0,24947.0,Baghdad,Al Resafa,Al Rasheed-112,الرشيد-112,33.3423615601,44.3854675109,19.0,114.0,3.0,0.0,0.0,0.0,0.0,0.0,0.0,0.0,0.0,0.0,0.0,0.0,14.0,0.0,2.0,0.0,0.0,0.0,0.0,7.0,0.0,0.0,0.0,0.0,0.0,0.0,12.0,0.0,0.0,12.0,0.0,0.0,0.0,0.0,0.0,0.0,0.0,0.0,5.0,0.0,13.0,5.0,0.0,13.0,1.0,0.0,0.0,1.0,0.0,0.0,0.0,0.0,0.0,0.0,0.0,0.0,"Jan 19, 2017"
1321,2305070.0,24948.0,Baghdad,Al Resafa,Al Rasheed-114,الرشيد-114,33.34389237,44.386994,28.0,168.0,6.0,0.0,0.0,0.0,0.0,3.0,0.0,0.0,0.0,0.0,0.0,0.0,17.0,0.0,2.0,0.0,0.0,0.0,0.0,10.0,0.0,0.0,0.0,0.0,0.0,0.0,18.0,0.0,0.0,18.0,0.0,0.0,0.0,0.0,0.0,0.0,0.0,0.0,0.0,0.0,14.0,0.0,0.0,14.0,8.0,0.0,3.0,8.0,0.0,3.0,3.0,0.0,0.0,3.0,0.0,0.0,"Jan 19, 2017"
1322,2305072.0,23988.0,Baghdad,Al Resafa,Al Riyadh-910,الرياض-910,33.3051668286,44.453383217,73.0,438.0,34.0,0.0,0.0,0.0,0.0,3.0,0.0,0.0,0.0,0.0,0.0,0.0,24.0,0.0,12.0,0.0,0.0,0.0,0.0,22.0,0.0,0.0,0.0,0.0,0.0,0.0,51.0,0.0,0.0,51.0,0.0,0.0,0.0,0.0,0.0,0.0,0.0,0.0,7.0,0.0,9.0,7.0,15.0,9.0,20.0,15.0,22.0,20.0,0.0,22.0,0.0,0.0,0.0,0.0,0.0,0.0,"Jan 19, 2017"
1323,2305073.0,24713.0,Baghdad,Al Resafa,Al Saadon-101,السعدون-101,33.3221459033,44.4147932704,406.0,2436.0,26.0,0.0,0.0,0.0,0.0,0.0,0.0,0.0,0.0,0.0,0.0,0.0,360.0,0.0,20.0,0.0,0.0,0.0,0.0,63.0,100.0,0.0,0.0,0.0,0.0,0.0,243.0,0.0,0.0,243.0,0.0,0.0,0.0,0.0,0.0,0.0,0.0,0.0,0.0,0.0,0.0,0.0,0.0,0.0,364.0,0.0,36.0,364.0,0.0,36.0,6.0,0.0,0.0,6.0,0.0,0.0,"Jan 19, 2017"
1324,2305074.0,24949.0,Baghdad,Al Resafa,Al Shaikh Omer-125,الشيخ عمر-125,33.3403173263,44.4045117413,22.0,132.0,7.0,0.0,0.0,0.0,0.0,5.0,0.0,0.0,0.0,0.0,0.0,0.0,1.0,0.0,9.0,0.0,0.0,0.0,0.0,8.0,0.0,0.0,0.0,0.0,0.0,0.0,14.0,0.0,0.0,14.0,0.0,0.0,0.0,0.0,0.0,0.0,0.0,0.0,4.0,0.0,0.0,4.0,5.0,0.0,9.0,5.0,3.0,9.0,0.0,3.0,1.0,0.0,0.0,1.0,0.0,0.0,"Jan 19, 2017"
1325,2305075.0,24950.0,Baghdad,Al Resafa,Al Shaikh Omer-131,الشيخ عمر-131,33.3498390205,44.3952344262,27.0,162.0,13.0,0.0,0.0,0.0,0.0,2.0,0.0,0.0,0.0,0.0,0.0,0.0,3.0,0.0,9.0,0.0,0.0,0.0,0.0,10.0,0.0,0.0,0.0,0.0,0.0,0.0,17.0,0.0,0.0,17.0,0.0,0.0,0.0,0.0,0.0,0.0,0.0,0.0,10.0,0.0,3.0,10.0,6.0,3.0,5.0,6.0,3.0,5.0,0.0,3.0,0.0,0.0,0.0,0.0,0.0,0.0,"Jan 19, 2017"
1326,2305076.0,24951.0,Baghdad,Al Resafa,Al Shaikh Omer-137,الشيخ عمر-137,33.3522882202,44.3994070222,12.0,72.0,8.0,0.0,0.0,0.0,0.0,0.0,0.0,0.0,0.0,0.0,0.0,0.0,0.0,0.0,4.0,0.0,0.0,0.0,0.0,0.0,0.0,0.0,0.0,0.0,0.0,0.0,12.0,0.0,0.0,12.0,0.0,0.0,0.0,0.0,0.0,0.0,0.0,0.0,4.0,0.0,0.0,4.0,2.0,0.0,6.0,2.0,0.0,6.0,0.0,0.0,0.0,0.0,0.0,0.0,0.0,0.0,"Jan 19, 2017"
1327,2305077.0,24952.0,Baghdad,Al Resafa,Al Shaikh Omer-145,الشيخ عمر-145,33.35034022,44.401306,9.0,54.0,9.0,0.0,0.0,0.0,0.0,0.0,0.0,0.0,0.0,0.0,0.0,0.0,0.0,0.0,0.0,0.0,0.0,0.0,0.0,0.0,0.0,9.0,0.0,0.0,9.0,0.0,0.0,0.0,0.0,0.0,0.0,0.0,0.0,0.0,0.0,0.0,0.0,0.0,0.0,0.0,0.0,0.0,0.0,0.0,0.0,0.0,9.0,0.0,0.0,9.0,0.0,0.0,0.0,0.0,0.0,0.0,"Jan 19, 2017"
1328,2305078.0,23995.0,Baghdad,Al Resafa,Al Sindabad-979,السندباد-979,33.2463747136,44.46246553,14.0,84.0,1.0,0.0,0.0,0.0,0.0,0.0,0.0,0.0,1.0,0.0,0.0,0.0,11.0,0.0,1.0,0.0,0.0,0.0,0.0,3.0,0.0,0.0,0.0,0.0,0.0,0.0,0.0,0.0,0.0,0.0,0.0,0.0,11.0,0.0,0.0,11.0,0.0,0.0,0.0,0.0,11.0,0.0,0.0,11.0,3.0,0.0,0.0,3.0,0.0,0.0,0.0,0.0,0.0,0.0,0.0,0.0,"Jan 19, 2017"
1329,2305079.0,23989.0,Baghdad,Al Resafa,Al Sindebad-977,السندباد-977,33.2494891352,44.4741377205,9.0,54.0,9.0,0.0,0.0,0.0,0.0,0.0,0.0,0.0,0.0,0.0,0.0,0.0,0.0,0.0,0.0,0.0,0.0,0.0,0.0,0.0,0.0,0.0,0.0,0.0,0.0,0.0,9.0,0.0,0.0,9.0,0.0,0.0,0.0,0.0,0.0,0.0,0.0,0.0,0.0,0.0,0.0,0.0,9.0,0.0,0.0,9.0,0.0,0.0,0.0,0.0,0.0,0.0,0.0,0.0,0.0,0.0,"Jan 19, 2017"
1330,2305080.0,22880.0,Baghdad,Al Resafa,Al Sindibad-949,السندباد-949,33.2677079602,44.4627351551,37.0,222.0,0.0,0.0,0.0,0.0,0.0,0.0,0.0,0.0,0.0,0.0,0.0,0.0,37.0,0.0,0.0,0.0,0.0,0.0,0.0,0.0,0.0,21.0,0.0,0.0,21.0,0.0,16.0,0.0,0.0,16.0,0.0,0.0,0.0,0.0,0.0,0.0,0.0,0.0,0.0,0.0,0.0,0.0,37.0,0.0,0.0,37.0,0.0,0.0,0.0,0.0,0.0,0.0,0.0,0.0,0.0,0.0,"Jan 19, 2017"
1331,2305081.0,24020.0,Baghdad,Al Resafa,Al Ubaidy-752,العبيدي-752,33.3577281081,44.5087301722,12.0,72.0,0.0,0.0,0.0,0.0,0.0,0.0,0.0,0.0,0.0,0.0,0.0,0.0,9.0,0.0,3.0,0.0,0.0,0.0,0.0,8.0,0.0,0.0,0.0,0.0,0.0,0.0,4.0,0.0,0.0,4.0,0.0,0.0,0.0,0.0,0.0,0.0,0.0,0.0,7.0,0.0,0.0,7.0,5.0,0.0,0.0,5.0,0.0,0.0,0.0,0.0,0.0,0.0,0.0,0.0,0.0,0.0,"Jan 19, 2017"
1332,2305082.0,24021.0,Baghdad,Al Resafa,Al Ubaidy-758,العبيدي-758,33.3835907706,44.4894709873,14.0,84.0,2.0,0.0,0.0,0.0,0.0,0.0,0.0,0.0,0.0,0.0,0.0,0.0,10.0,0.0,2.0,0.0,0.0,0.0,0.0,5.0,0.0,0.0,0.0,0.0,0.0,0.0,9.0,0.0,0.0,9.0,0.0,0.0,0.0,0.0,0.0,0.0,0.0,0.0,4.0,0.0,0.0,4.0,10.0,0.0,0.0,10.0,0.0,0.0,0.0,0.0,0.0,0.0,0.0,0.0,0.0,0.0,"Jan 19, 2017"
1333,2305084.0,24174.0,Baghdad,Al Resafa,Al Ubaidy 760,العبيدي-760,33.37357522,44.49187764,15.0,90.0,0.0,0.0,0.0,0.0,0.0,0.0,0.0,0.0,0.0,0.0,0.0,0.0,15.0,0.0,0.0,0.0,0.0,0.0,0.0,15.0,0.0,0.0,0.0,0.0,0.0,0.0,0.0,0.0,0.0,0.0,0.0,0.0,0.0,0.0,0.0,0.0,0.0,0.0,0.0,0.0,13.0,0.0,0.0,13.0,0.0,0.0,0.0,0.0,0.0,0.0,2.0,0.0,0.0,2.0,0.0,0.0,"Jan 19, 2017"
1334,2305085.0,24472.0,Baghdad,Al Resafa,Al Ubaidy 766,العبيدي-766,33.3810248,44.50448656,10.0,60.0,0.0,0.0,0.0,0.0,0.0,0.0,0.0,0.0,0.0,0.0,0.0,0.0,7.0,0.0,3.0,0.0,0.0,0.0,0.0,5.0,0.0,0.0,0.0,0.0,0.0,0.0,5.0,0.0,0.0,5.0,0.0,0.0,0.0,0.0,0.0,0.0,0.0,0.0,0.0,0.0,0.0,0.0,10.0,0.0,0.0,10.0,0.0,0.0,0.0,0.0,0.0,0.0,0.0,0.0,0.0,0.0,"Jan 19, 2017"
1335,2305086.0,24342.0,Baghdad,Al Resafa,Al Ubaidy 768,العبيدي 768,33.377097,44.52086029,14.0,84.0,0.0,0.0,0.0,0.0,0.0,4.0,0.0,0.0,0.0,0.0,0.0,0.0,6.0,0.0,4.0,0.0,0.0,0.0,0.0,2.0,0.0,0.0,0.0,0.0,0.0,12.0,0.0,12.0,0.0,0.0,0.0,0.0,0.0,0.0,0.0,0.0,0.0,0.0,0.0,0.0,0.0,0.0,14.0,0.0,0.0,14.0,0.0,0.0,0.0,0.0,0.0,0.0,0.0,0.0,0.0,0.0,"Jan 19, 2017"
1336,2305087.0,23601.0,Baghdad,Al Resafa,Al Ubaidy-756,العبيدي-756,33.3606478813,44.511301074,18.0,108.0,0.0,0.0,0.0,0.0,0.0,9.0,0.0,0.0,0.0,0.0,0.0,0.0,6.0,0.0,3.0,0.0,0.0,0.0,0.0,7.0,0.0,0.0,0.0,0.0,0.0,0.0,11.0,0.0,0.0,11.0,0.0,0.0,0.0,0.0,0.0,0.0,0.0,0.0,0.0,0.0,0.0,0.0,18.0,0.0,0.0,18.0,0.0,0.0,0.0,0.0,0.0,0.0,0.0,0.0,0.0,0.0,"Jan 19, 2017"
1337,2305088.0,23036.0,Baghdad,Al Resafa,Al Ubaidy-762,العبيدي-762,33.3690210838,44.5204420139,30.0,180.0,4.0,0.0,0.0,0.0,0.0,8.0,0.0,0.0,0.0,0.0,0.0,0.0,18.0,0.0,0.0,0.0,0.0,0.0,0.0,10.0,0.0,0.0,0.0,0.0,0.0,0.0,20.0,0.0,0.0,20.0,0.0,0.0,0.0,0.0,0.0,0.0,0.0,0.0,10.0,0.0,0.0,10.0,16.0,0.0,0.0,16.0,0.0,0.0,0.0,0.0,4.0,0.0,0.0,4.0,0.0,0.0,"Jan 19, 2017"
1338,2305089.0,23996.0,Baghdad,Al Resafa,Al Wehda-902,الوحدة-902,33.3135038206,44.4325308314,21.0,126.0,7.0,0.0,0.0,0.0,0.0,0.0,0.0,0.0,0.0,0.0,0.0,0.0,14.0,0.0,0.0,0.0,0.0,0.0,0.0,9.0,0.0,0.0,0.0,0.0,0.0,0.0,12.0,0.0,0.0,12.0,0.0,0.0,0.0,0.0,0.0,0.0,0.0,0.0,3.0,0.0,12.0,3.0,6.0,12.0,0.0,6.0,0.0,0.0,0.0,0.0,0.0,0.0,0.0,0.0,0.0,0.0,"Jan 19, 2017"
1339,2305090.0,23997.0,Baghdad,Al Resafa,Al Wehda-904,الوحدة-904,33.3039726787,44.4451066154,52.0,312.0,10.0,0.0,0.0,0.0,0.0,0.0,0.0,0.0,0.0,0.0,0.0,0.0,34.0,0.0,8.0,0.0,0.0,0.0,0.0,19.0,0.0,0.0,0.0,0.0,0.0,0.0,33.0,0.0,0.0,33.0,0.0,0.0,0.0,0.0,0.0,0.0,0.0,0.0,4.0,0.0,7.0,4.0,19.0,7.0,17.0,19.0,3.0,17.0,0.0,3.0,2.0,0.0,0.0,2.0,0.0,0.0,"Jan 19, 2017"
1340,2305091.0,23998.0,Baghdad,Al Resafa,Al Wehda-906,الوحدة-906,33.3076673024,44.4459830738,46.0,276.0,8.0,0.0,0.0,0.0,0.0,5.0,0.0,0.0,0.0,0.0,0.0,0.0,21.0,0.0,12.0,0.0,0.0,0.0,0.0,28.0,0.0,0.0,0.0,0.0,0.0,0.0,18.0,0.0,0.0,18.0,0.0,0.0,0.0,0.0,0.0,0.0,0.0,0.0,10.0,0.0,0.0,10.0,7.0,0.0,25.0,7.0,4.0,25.0,0.0,4.0,0.0,0.0,0.0,0.0,0.0,0.0,"Jan 19, 2017"
1341,2305092.0,24473.0,Baghdad,Al Resafa,Al Zaafaranyah-951,الزعفرانية-951,33.2731067487,44.47449308,69.0,414.0,19.0,0.0,0.0,0.0,0.0,4.0,0.0,0.0,0.0,0.0,0.0,0.0,37.0,0.0,9.0,0.0,0.0,0.0,0.0,15.0,0.0,0.0,0.0,0.0,0.0,6.0,35.0,6.0,0.0,35.0,0.0,0.0,13.0,0.0,0.0,13.0,0.0,0.0,0.0,0.0,0.0,0.0,18.0,0.0,32.0,18.0,19.0,32.0,0.0,19.0,0.0,0.0,0.0,0.0,0.0,0.0,"Jan 19, 2017"
1342,2305093.0,24008.0,Baghdad,Al Resafa,Al Zaafaranyah-953,الزعفرانية-953,33.2648028015,44.476320127,51.0,306.0,13.0,0.0,0.0,0.0,0.0,10.0,0.0,0.0,0.0,0.0,0.0,0.0,19.0,0.0,9.0,0.0,0.0,0.0,0.0,13.0,0.0,0.0,0.0,0.0,0.0,0.0,38.0,0.0,0.0,38.0,0.0,0.0,0.0,0.0,0.0,0.0,0.0,0.0,3.0,0.0,6.0,3.0,7.0,6.0,14.0,7.0,21.0,14.0,0.0,21.0,0.0,0.0,0.0,0.0,0.0,0.0,"Jan 19, 2017"
1343,2305094.0,24009.0,Baghdad,Al Resafa,Al Zaafaranyah-955,الزعفرانية-955,33.2611784422,44.4657846329,35.0,210.0,19.0,0.0,0.0,0.0,0.0,4.0,0.0,0.0,0.0,0.0,0.0,0.0,8.0,0.0,4.0,0.0,0.0,0.0,0.0,20.0,0.0,0.0,0.0,0.0,0.0,0.0,15.0,0.0,0.0,15.0,0.0,0.0,0.0,0.0,0.0,0.0,0.0,0.0,5.0,0.0,6.0,5.0,0.0,6.0,8.0,0.0,16.0,8.0,0.0,16.0,0.0,0.0,0.0,0.0,0.0,0.0,"Jan 19, 2017"
1344,2305095.0,24007.0,Baghdad,Al Resafa,Al Zaafaranyah-959,الزعفرانية-959,33.250827819,44.4768487679,40.0,240.0,8.0,0.0,0.0,0.0,0.0,2.0,0.0,0.0,0.0,0.0,0.0,0.0,24.0,0.0,6.0,0.0,0.0,0.0,0.0,10.0,0.0,0.0,0.0,0.0,0.0,0.0,30.0,0.0,0.0,30.0,0.0,0.0,0.0,0.0,0.0,0.0,0.0,0.0,0.0,0.0,7.0,0.0,13.0,7.0,11.0,13.0,9.0,11.0,0.0,9.0,0.0,0.0,0.0,0.0,0.0,0.0,"Jan 19, 2017"
1345,2305096.0,24011.0,Baghdad,Al Resafa,Al Zaafaranyah-961,الزعفرانية-961,33.2450844638,44.4825247246,80.0,480.0,28.0,0.0,0.0,0.0,0.0,2.0,0.0,0.0,4.0,0.0,0.0,0.0,44.0,0.0,2.0,0.0,0.0,0.0,0.0,19.0,0.0,0.0,0.0,0.0,0.0,0.0,61.0,0.0,0.0,61.0,0.0,0.0,0.0,0.0,0.0,0.0,0.0,0.0,0.0,0.0,4.0,0.0,20.0,4.0,21.0,20.0,35.0,21.0,0.0,35.0,0.0,0.0,0.0,0.0,0.0,0.0,"Jan 19, 2017"
1346,2305097.0,24010.0,Baghdad,Al Resafa,Al Zaafaranyah-965,الزعفرانية-965,33.2458593528,44.489113652,18.0,108.0,5.0,0.0,0.0,0.0,0.0,0.0,0.0,0.0,0.0,0.0,0.0,0.0,13.0,0.0,0.0,0.0,0.0,0.0,0.0,3.0,0.0,0.0,0.0,0.0,0.0,0.0,15.0,0.0,0.0,15.0,0.0,0.0,0.0,0.0,0.0,0.0,0.0,0.0,3.0,0.0,0.0,3.0,2.0,0.0,11.0,2.0,2.0,11.0,0.0,2.0,0.0,0.0,0.0,0.0,0.0,0.0,"Jan 19, 2017"
1347,2305098.0,25457.0,Baghdad,Al Resafa,Al Zaafaranyah-969,الزعفرانية-969,33.2413122019,44.4957620836,36.0,216.0,11.0,0.0,0.0,0.0,0.0,3.0,0.0,0.0,0.0,0.0,0.0,0.0,17.0,0.0,5.0,0.0,0.0,0.0,0.0,6.0,0.0,0.0,0.0,0.0,0.0,0.0,30.0,0.0,0.0,30.0,0.0,0.0,0.0,0.0,0.0,0.0,0.0,0.0,0.0,0.0,3.0,0.0,22.0,3.0,0.0,22.0,11.0,0.0,0.0,11.0,0.0,0.0,0.0,0.0,0.0,0.0,"Jan 19, 2017"
1348,2305099.0,23977.0,Baghdad,Al Resafa,Al Zafaraniyah-957,الزعفرانية-957,33.2521320583,44.4741416901,61.0,366.0,20.0,0.0,0.0,0.0,0.0,3.0,0.0,0.0,0.0,0.0,0.0,0.0,31.0,0.0,7.0,0.0,0.0,0.0,0.0,18.0,0.0,0.0,0.0,0.0,0.0,0.0,43.0,0.0,0.0,43.0,0.0,0.0,0.0,0.0,0.0,0.0,0.0,0.0,0.0,0.0,22.0,0.0,9.0,22.0,10.0,9.0,20.0,10.0,0.0,20.0,0.0,0.0,0.0,0.0,0.0,0.0,"Jan 19, 2017"
1349,2305101.0,21752.0,Baghdad,Al Resafa,Al Ameen-737,الامين-737,33.3101159034,44.5098716112,31.0,186.0,5.0,0.0,0.0,0.0,0.0,0.0,0.0,0.0,0.0,0.0,0.0,0.0,18.0,0.0,8.0,0.0,0.0,0.0,0.0,3.0,0.0,0.0,0.0,0.0,0.0,8.0,20.0,8.0,0.0,20.0,0.0,0.0,0.0,0.0,0.0,0.0,0.0,0.0,3.0,0.0,0.0,3.0,18.0,0.0,1.0,18.0,9.0,1.0,0.0,9.0,0.0,0.0,0.0,0.0,0.0,0.0,"Jan 19, 2017"
1350,2305102.0,21751.0,Baghdad,Al Resafa,Al Ameen-745,الامين-745,33.3043801447,44.5275234916,59.0,354.0,6.0,0.0,0.0,0.0,0.0,0.0,0.0,0.0,0.0,0.0,0.0,0.0,53.0,0.0,0.0,0.0,0.0,0.0,0.0,23.0,0.0,0.0,0.0,0.0,0.0,0.0,36.0,0.0,0.0,36.0,0.0,0.0,0.0,0.0,0.0,0.0,0.0,0.0,10.0,0.0,0.0,10.0,38.0,0.0,7.0,38.0,0.0,7.0,0.0,0.0,4.0,0.0,0.0,4.0,0.0,0.0,"Jan 19, 2017"
1351,2305106.0,23003.0,Baghdad,Al Resafa,Baghdad Al Jadidah-701,بغداد الجديدة-701,33.3031062074,44.4751584649,53.0,318.0,13.0,0.0,0.0,0.0,0.0,0.0,0.0,0.0,11.0,0.0,0.0,0.0,15.0,0.0,14.0,0.0,0.0,0.0,0.0,20.0,0.0,0.0,0.0,0.0,0.0,0.0,33.0,0.0,0.0,33.0,0.0,0.0,0.0,0.0,0.0,0.0,0.0,0.0,2.0,0.0,0.0,2.0,46.0,0.0,5.0,46.0,0.0,5.0,0.0,0.0,0.0,0.0,0.0,0.0,0.0,0.0,"Jan 19, 2017"
1352,2305107.0,23004.0,Baghdad,Al Resafa,Baghdad Al Jadidah-709,بغداد الجديدة-709,33.3020298906,44.4885088369,58.0,348.0,12.0,0.0,0.0,0.0,0.0,4.0,0.0,0.0,0.0,0.0,0.0,0.0,38.0,0.0,4.0,0.0,0.0,0.0,0.0,12.0,0.0,0.0,0.0,0.0,0.0,0.0,31.0,0.0,0.0,31.0,0.0,0.0,15.0,0.0,0.0,15.0,0.0,0.0,2.0,0.0,13.0,2.0,42.0,13.0,1.0,42.0,0.0,1.0,0.0,0.0,0.0,0.0,0.0,0.0,0.0,0.0,"Jan 19, 2017"
1353,2305108.0,23504.0,Baghdad,Al Resafa,Baghdad Al Jadidia-721,بغداد الجديدة-721,33.3040369556,44.4901438808,40.0,240.0,4.0,0.0,0.0,0.0,0.0,5.0,0.0,0.0,2.0,0.0,0.0,0.0,24.0,0.0,5.0,0.0,0.0,0.0,0.0,20.0,0.0,0.0,0.0,0.0,0.0,0.0,7.0,0.0,0.0,7.0,0.0,0.0,13.0,0.0,0.0,13.0,0.0,0.0,0.0,0.0,0.0,0.0,3.0,0.0,25.0,3.0,5.0,25.0,0.0,5.0,7.0,0.0,0.0,7.0,0.0,0.0,"Jan 19, 2017"
1354,2305111.0,24015.0,Baghdad,Al Resafa,Hay Diyala-930,حي ديالى-930,33.271810899,44.5127576456,17.0,102.0,3.0,0.0,0.0,0.0,0.0,0.0,0.0,0.0,0.0,0.0,0.0,0.0,14.0,0.0,0.0,0.0,0.0,0.0,0.0,7.0,0.0,0.0,0.0,0.0,0.0,0.0,10.0,0.0,0.0,10.0,0.0,0.0,0.0,0.0,0.0,0.0,0.0,0.0,5.0,0.0,0.0,5.0,3.0,0.0,9.0,3.0,0.0,9.0,0.0,0.0,0.0,0.0,0.0,0.0,0.0,0.0,"Jan 19, 2017"
1355,2305112.0,25407.0,Baghdad,Al Resafa,Hay Diyala-962,حي ديالى-962,33.2544557907,44.4974612306,28.0,168.0,5.0,0.0,0.0,0.0,0.0,0.0,0.0,0.0,0.0,0.0,0.0,0.0,22.0,0.0,1.0,0.0,0.0,0.0,0.0,6.0,0.0,0.0,0.0,0.0,0.0,15.0,7.0,15.0,0.0,7.0,0.0,0.0,0.0,0.0,0.0,0.0,0.0,0.0,7.0,0.0,0.0,7.0,17.0,0.0,4.0,17.0,0.0,4.0,0.0,0.0,0.0,0.0,0.0,0.0,0.0,0.0,"Jan 19, 2017"
1356,2305113.0,24013.0,Baghdad,Al Resafa,Hay Diyala-964,حي ديالى-964,33.2426275678,44.5035351939,74.0,444.0,15.0,0.0,0.0,0.0,0.0,12.0,0.0,0.0,0.0,0.0,0.0,0.0,39.0,0.0,8.0,0.0,0.0,0.0,0.0,49.0,0.0,0.0,0.0,0.0,0.0,0.0,25.0,0.0,0.0,25.0,0.0,0.0,0.0,0.0,0.0,0.0,0.0,0.0,0.0,0.0,0.0,0.0,15.0,0.0,42.0,15.0,17.0,42.0,0.0,17.0,0.0,0.0,0.0,0.0,0.0,0.0,"Jan 19, 2017"
1357,2305114.0,24012.0,Baghdad,Al Resafa,Hay Diyala-966,حي ديالى-966,33.2426983127,44.5067784269,60.0,360.0,17.0,0.0,0.0,0.0,0.0,6.0,0.0,0.0,0.0,0.0,0.0,0.0,29.0,0.0,8.0,0.0,0.0,0.0,0.0,9.0,0.0,0.0,0.0,0.0,0.0,0.0,51.0,0.0,0.0,51.0,0.0,0.0,0.0,0.0,0.0,0.0,0.0,0.0,11.0,0.0,0.0,11.0,16.0,0.0,28.0,16.0,5.0,28.0,0.0,5.0,0.0,0.0,0.0,0.0,0.0,0.0,"Jan 19, 2017"
1358,2305115.0,24014.0,Baghdad,Al Resafa,Hay Diyala-970,حي ديالى-970,33.2452916682,44.5189046032,10.0,60.0,4.0,0.0,0.0,0.0,0.0,6.0,0.0,0.0,0.0,0.0,0.0,0.0,0.0,0.0,0.0,0.0,0.0,0.0,0.0,3.0,0.0,0.0,0.0,0.0,0.0,0.0,7.0,0.0,0.0,7.0,0.0,0.0,0.0,0.0,0.0,0.0,0.0,0.0,4.0,0.0,0.0,4.0,6.0,0.0,0.0,6.0,0.0,0.0,0.0,0.0,0.0,0.0,0.0,0.0,0.0,0.0,"Jan 19, 2017"
1359,2305116.0,22616.0,Baghdad,Al Resafa,Hay Diyala-950,حي ديالى-950,33.2662902767,44.4903344305,56.0,336.0,15.0,0.0,0.0,0.0,0.0,4.0,0.0,0.0,0.0,0.0,0.0,0.0,29.0,0.0,8.0,0.0,0.0,0.0,0.0,20.0,0.0,0.0,0.0,0.0,0.0,0.0,36.0,0.0,0.0,36.0,0.0,0.0,0.0,0.0,0.0,0.0,0.0,0.0,5.0,0.0,13.0,5.0,9.0,13.0,14.0,9.0,15.0,14.0,0.0,15.0,0.0,0.0,0.0,0.0,0.0,0.0,"Jan 19, 2017"
1360,2305117.0,24623.0,Baghdad,Al Resafa,Hay Diyala-954,حي ديالى-954,33.2648795469,44.4921367684,14.0,84.0,0.0,0.0,0.0,0.0,0.0,0.0,0.0,0.0,0.0,0.0,0.0,0.0,14.0,0.0,0.0,0.0,0.0,0.0,0.0,0.0,0.0,0.0,0.0,0.0,0.0,0.0,14.0,0.0,0.0,14.0,0.0,0.0,0.0,0.0,0.0,0.0,0.0,0.0,0.0,0.0,0.0,0.0,5.0,0.0,4.0,5.0,0.0,4.0,0.0,0.0,5.0,0.0,0.0,5.0,0.0,0.0,"Jan 19, 2017"
1361,2305118.0,22140.0,Baghdad,Al Resafa,Hay Diyala-952,حي ديالى-952,33.2640721331,44.5003861725,33.0,198.0,8.0,0.0,0.0,0.0,0.0,0.0,0.0,0.0,0.0,0.0,0.0,0.0,22.0,0.0,3.0,0.0,0.0,0.0,0.0,9.0,0.0,0.0,0.0,0.0,0.0,15.0,9.0,15.0,0.0,9.0,0.0,0.0,0.0,0.0,0.0,0.0,0.0,0.0,10.0,0.0,0.0,10.0,18.0,0.0,3.0,18.0,2.0,3.0,0.0,2.0,0.0,0.0,0.0,0.0,0.0,0.0,"Jan 19, 2017"
1362,2305119.0,22248.0,Baghdad,Al Resafa,Hay Diyala-958,حي ديالى-958,33.2620980015,44.4931159523,51.0,306.0,10.0,0.0,0.0,0.0,0.0,0.0,0.0,0.0,0.0,0.0,0.0,0.0,35.0,0.0,6.0,0.0,0.0,0.0,0.0,22.0,0.0,0.0,0.0,0.0,0.0,0.0,29.0,0.0,0.0,29.0,0.0,0.0,0.0,0.0,0.0,0.0,0.0,0.0,4.0,0.0,0.0,4.0,30.0,0.0,11.0,30.0,6.0,11.0,0.0,6.0,0.0,0.0,0.0,0.0,0.0,0.0,"Jan 19, 2017"
1363,2305120.0,23991.0,Baghdad,Al Resafa,Hay Sumer-702,حي سومر-702,33.3083342339,44.4627656066,59.0,354.0,11.0,0.0,0.0,0.0,0.0,8.0,0.0,0.0,0.0,0.0,0.0,0.0,35.0,0.0,5.0,0.0,0.0,0.0,0.0,15.0,0.0,0.0,0.0,0.0,0.0,25.0,19.0,25.0,0.0,19.0,0.0,0.0,0.0,0.0,0.0,0.0,0.0,0.0,0.0,0.0,0.0,0.0,48.0,0.0,7.0,48.0,4.0,7.0,0.0,4.0,0.0,0.0,0.0,0.0,0.0,0.0,"Jan 19, 2017"
1364,2305121.0,23990.0,Baghdad,Al Resafa,Hay Sumer-706,حي سومر-706,33.3206336111,44.4714477021,74.0,444.0,31.0,0.0,0.0,0.0,0.0,0.0,0.0,0.0,0.0,0.0,0.0,0.0,40.0,0.0,3.0,0.0,0.0,0.0,0.0,25.0,0.0,0.0,0.0,0.0,0.0,0.0,49.0,0.0,0.0,49.0,0.0,0.0,0.0,0.0,0.0,0.0,0.0,0.0,4.0,0.0,0.0,4.0,45.0,0.0,8.0,45.0,17.0,8.0,0.0,17.0,0.0,0.0,0.0,0.0,0.0,0.0,"Jan 19, 2017"
1365,2305123.0,22816.0,Baghdad,Al Resafa,Al Edreesiy-505,الأدريسي-505,33.356451054,44.4251882022,98.0,588.0,58.0,0.0,0.0,0.0,0.0,0.0,0.0,0.0,0.0,0.0,0.0,0.0,30.0,0.0,10.0,0.0,0.0,0.0,0.0,28.0,0.0,0.0,0.0,0.0,0.0,0.0,70.0,0.0,0.0,70.0,0.0,0.0,0.0,0.0,0.0,0.0,0.0,0.0,0.0,0.0,24.0,0.0,16.0,24.0,30.0,16.0,18.0,30.0,4.0,18.0,6.0,4.0,0.0,6.0,0.0,0.0,"Jan 19, 2017"
1366,2305124.0,21744.0,Baghdad,Al Resafa,Al Jumhoriyah-117,الجمهورية-117,33.3470157218,44.3913128903,32.0,192.0,4.0,0.0,0.0,0.0,0.0,0.0,0.0,0.0,0.0,0.0,0.0,0.0,24.0,0.0,4.0,0.0,0.0,0.0,0.0,8.0,0.0,0.0,0.0,0.0,0.0,0.0,24.0,0.0,0.0,24.0,0.0,0.0,0.0,0.0,0.0,0.0,0.0,0.0,6.0,0.0,19.0,6.0,3.0,19.0,2.0,3.0,0.0,2.0,0.0,0.0,2.0,0.0,0.0,2.0,0.0,0.0,"Jan 19, 2017"
1367,2305126.0,24475.0,Baghdad,Al Resafa,Al Maamil-771,المعامل-771,33.390132167,44.5266933225,24.0,144.0,7.0,0.0,0.0,0.0,0.0,0.0,0.0,0.0,0.0,0.0,0.0,0.0,17.0,0.0,0.0,0.0,0.0,0.0,0.0,9.0,0.0,0.0,0.0,0.0,0.0,0.0,15.0,0.0,0.0,15.0,0.0,0.0,0.0,0.0,0.0,0.0,0.0,0.0,0.0,0.0,10.0,0.0,7.0,10.0,7.0,7.0,0.0,7.0,0.0,0.0,0.0,0.0,0.0,0.0,0.0,0.0,"Jan 19, 2017"
1368,2305127.0,24477.0,Baghdad,Al Resafa,Al Maamil-779,المعامل-779,33.4200526832,44.529177516,34.0,204.0,0.0,0.0,0.0,0.0,0.0,0.0,0.0,0.0,0.0,0.0,0.0,0.0,34.0,0.0,0.0,0.0,0.0,0.0,0.0,0.0,0.0,0.0,0.0,0.0,0.0,0.0,34.0,0.0,0.0,34.0,0.0,0.0,0.0,0.0,0.0,0.0,0.0,0.0,0.0,0.0,34.0,0.0,0.0,34.0,0.0,0.0,0.0,0.0,0.0,0.0,0.0,0.0,0.0,0.0,0.0,0.0,"Jan 19, 2017"
1369,2305128.0,24474.0,Baghdad,Al Resafa,Al Maamil-781,المعامل-781,33.3834940329,44.5273240292,10.0,60.0,0.0,0.0,0.0,0.0,0.0,0.0,0.0,0.0,0.0,0.0,0.0,0.0,10.0,0.0,0.0,0.0,0.0,0.0,0.0,10.0,0.0,0.0,0.0,0.0,0.0,0.0,0.0,0.0,0.0,0.0,0.0,0.0,0.0,0.0,0.0,0.0,0.0,0.0,0.0,0.0,10.0,0.0,0.0,10.0,0.0,0.0,0.0,0.0,0.0,0.0,0.0,0.0,0.0,0.0,0.0,0.0,"Jan 19, 2017"
1370,2305130.0,21753.0,Baghdad,Al Resafa,Al Maamil-799,المعامل-799,33.4479459281,44.5240672106,157.0,942.0,4.0,0.0,0.0,0.0,0.0,3.0,0.0,0.0,0.0,0.0,0.0,0.0,145.0,0.0,5.0,0.0,0.0,0.0,0.0,21.0,0.0,0.0,0.0,0.0,0.0,0.0,106.0,0.0,0.0,106.0,0.0,0.0,0.0,0.0,30.0,0.0,0.0,30.0,0.0,0.0,69.0,0.0,43.0,69.0,41.0,43.0,4.0,41.0,0.0,4.0,0.0,0.0,0.0,0.0,0.0,0.0,"Jan 19, 2017"
1371,2305131.0,21631.0,Baghdad,Al Resafa,Al Shaikh Omer-127,الشيخ عمر-127,33.3462119006,44.4012192223,10.0,60.0,4.0,0.0,0.0,0.0,0.0,3.0,0.0,0.0,0.0,0.0,0.0,0.0,3.0,0.0,0.0,0.0,0.0,0.0,0.0,0.0,0.0,0.0,0.0,0.0,0.0,0.0,10.0,0.0,0.0,10.0,0.0,0.0,0.0,0.0,0.0,0.0,0.0,0.0,0.0,0.0,6.0,0.0,0.0,6.0,0.0,0.0,4.0,0.0,0.0,4.0,0.0,0.0,0.0,0.0,0.0,0.0,"Jan 19, 2017"
1372,2305132.0,21633.0,Baghdad,Al Resafa,Al Shaikh Omer-129,الشيخ عمر-129,33.3481459147,44.3954441064,40.0,240.0,32.0,0.0,0.0,0.0,0.0,2.0,0.0,0.0,0.0,0.0,0.0,0.0,3.0,0.0,3.0,0.0,0.0,0.0,0.0,15.0,0.0,0.0,0.0,0.0,0.0,0.0,25.0,0.0,0.0,25.0,0.0,0.0,0.0,0.0,0.0,0.0,0.0,0.0,0.0,0.0,3.0,0.0,3.0,3.0,0.0,3.0,34.0,0.0,0.0,34.0,0.0,0.0,0.0,0.0,0.0,0.0,"Jan 19, 2017"
1373,2305134.0,24226.0,Baghdad,Al Resafa,Hay Summer-704,حي سومر-704,33.3167722563,44.4695252283,22.0,132.0,0.0,0.0,0.0,0.0,0.0,0.0,0.0,0.0,0.0,0.0,0.0,0.0,20.0,0.0,2.0,0.0,0.0,0.0,0.0,17.0,0.0,0.0,0.0,0.0,0.0,0.0,5.0,0.0,0.0,5.0,0.0,0.0,0.0,0.0,0.0,0.0,0.0,0.0,0.0,0.0,7.0,0.0,15.0,7.0,0.0,15.0,0.0,0.0,0.0,0.0,0.0,0.0,0.0,0.0,0.0,0.0,"Jan 19, 2017"
1374,2305136.0,25969.0,Baghdad,Al Resafa,Zayona,مخيم زيونة,33.3177567996,44.4469571656,143.0,858.0,0.0,0.0,0.0,0.0,0.0,0.0,0.0,0.0,0.0,0.0,0.0,0.0,143.0,0.0,0.0,0.0,0.0,0.0,143.0,0.0,0.0,0.0,0.0,0.0,0.0,0.0,0.0,0.0,0.0,0.0,0.0,0.0,0.0,0.0,0.0,0.0,0.0,0.0,0.0,0.0,0.0,0.0,143.0,0.0,0.0,143.0,0.0,0.0,0.0,0.0,0.0,0.0,0.0,0.0,0.0,0.0,"Jan 19, 2017"
1375,2305141.0,23286.0,Baghdad,Al Resafa,Al Gilani-123,الكيلاني-123,33.3383700336,44.4084995056,28.0,168.0,24.0,0.0,0.0,0.0,0.0,0.0,0.0,0.0,0.0,0.0,0.0,0.0,4.0,0.0,0.0,0.0,0.0,0.0,0.0,14.0,0.0,0.0,0.0,0.0,0.0,2.0,5.0,2.0,0.0,5.0,0.0,0.0,7.0,0.0,0.0,7.0,0.0,0.0,0.0,0.0,0.0,0.0,9.0,0.0,0.0,9.0,15.0,0.0,0.0,15.0,4.0,0.0,0.0,4.0,0.0,0.0,"Jan 19, 2017"
1376,2305142.0,27248.0,Baghdad,Al Resafa,Al Karada-907,الكرادة-907,33.2946770792,44.4140054813,36.0,216.0,12.0,0.0,0.0,0.0,0.0,0.0,0.0,0.0,0.0,0.0,0.0,0.0,24.0,0.0,0.0,0.0,0.0,0.0,0.0,0.0,0.0,0.0,0.0,0.0,0.0,0.0,36.0,0.0,0.0,36.0,0.0,0.0,0.0,0.0,0.0,0.0,0.0,0.0,0.0,0.0,0.0,0.0,18.0,0.0,0.0,18.0,18.0,0.0,0.0,18.0,0.0,0.0,0.0,0.0,0.0,0.0,"Jan 19, 2017"
1377,2306001.0,23619.0,Baghdad,Kadhimia,Ahmed Al Hamid village,قرية أحمد الحميد,33.4910525726,44.2389858343,70.0,420.0,58.0,0.0,0.0,0.0,0.0,0.0,0.0,0.0,0.0,0.0,0.0,0.0,0.0,0.0,12.0,0.0,0.0,0.0,0.0,20.0,0.0,0.0,0.0,0.0,0.0,0.0,50.0,0.0,0.0,50.0,0.0,0.0,0.0,0.0,0.0,0.0,0.0,0.0,29.0,0.0,0.0,29.0,0.0,0.0,12.0,0.0,21.0,12.0,8.0,21.0,0.0,8.0,0.0,0.0,0.0,0.0,"Jan 19, 2017"
1378,2306003.0,24660.0,Baghdad,Kadhimia,Al Ateefia-407,العطيفية-407,33.3551433832,44.3641391678,18.0,108.0,0.0,0.0,0.0,0.0,0.0,0.0,0.0,0.0,0.0,0.0,0.0,0.0,12.0,0.0,6.0,0.0,0.0,0.0,0.0,10.0,0.0,0.0,0.0,0.0,0.0,0.0,8.0,0.0,0.0,8.0,0.0,0.0,0.0,0.0,0.0,0.0,0.0,0.0,0.0,0.0,0.0,0.0,0.0,0.0,18.0,0.0,0.0,18.0,0.0,0.0,0.0,0.0,0.0,0.0,0.0,0.0,"Jan 19, 2017"
1379,2306004.0,24773.0,Baghdad,Kadhimia,Al Ateefia-409,العطيفية-409,33.3568322866,44.3633839501,10.0,60.0,0.0,0.0,0.0,0.0,0.0,0.0,0.0,0.0,0.0,0.0,0.0,0.0,10.0,0.0,0.0,0.0,0.0,0.0,0.0,0.0,0.0,0.0,0.0,0.0,0.0,0.0,10.0,0.0,0.0,10.0,0.0,0.0,0.0,0.0,0.0,0.0,0.0,0.0,0.0,0.0,0.0,0.0,0.0,0.0,10.0,0.0,0.0,10.0,0.0,0.0,0.0,0.0,0.0,0.0,0.0,0.0,"Jan 19, 2017"
1380,2306005.0,23282.0,Baghdad,Kadhimia,Atiya village,قرية عطية ,33.492,44.237,79.0,474.0,66.0,0.0,0.0,0.0,0.0,0.0,0.0,0.0,0.0,0.0,0.0,0.0,0.0,0.0,13.0,0.0,0.0,0.0,0.0,46.0,0.0,0.0,0.0,0.0,0.0,0.0,33.0,0.0,0.0,33.0,0.0,0.0,0.0,0.0,0.0,0.0,0.0,0.0,0.0,0.0,0.0,0.0,0.0,0.0,35.0,0.0,42.0,35.0,2.0,42.0,0.0,2.0,0.0,0.0,0.0,0.0,"Jan 19, 2017"
1381,2306008.0,22249.0,Baghdad,Kadhimia,Al Huriyah-a 430,الحرية-430,33.3575720395,44.3210160268,28.0,168.0,13.0,0.0,0.0,0.0,0.0,0.0,0.0,0.0,1.0,0.0,0.0,0.0,7.0,0.0,7.0,0.0,0.0,0.0,0.0,7.0,0.0,0.0,0.0,0.0,0.0,0.0,21.0,0.0,0.0,21.0,0.0,0.0,0.0,0.0,0.0,0.0,0.0,0.0,0.0,0.0,11.0,0.0,7.0,11.0,10.0,7.0,0.0,10.0,0.0,0.0,0.0,0.0,0.0,0.0,0.0,0.0,"Jan 19, 2017"
1382,2306009.0,25200.0,Baghdad,Kadhimia,Al Salam-412,السلام-412,33.3558262533,44.3363314567,180.0,1080.0,147.0,0.0,0.0,0.0,0.0,0.0,0.0,0.0,0.0,0.0,0.0,0.0,8.0,0.0,25.0,0.0,0.0,0.0,0.0,61.0,0.0,0.0,0.0,0.0,0.0,0.0,119.0,0.0,0.0,119.0,0.0,0.0,0.0,0.0,0.0,0.0,0.0,0.0,23.0,0.0,5.0,23.0,23.0,5.0,64.0,23.0,63.0,64.0,2.0,63.0,0.0,2.0,0.0,0.0,0.0,0.0,"Jan 19, 2017"
1383,2306010.0,24934.0,Baghdad,Kadhimia,Al Hurriyah-416,الحرية-416,33.3547870681,44.3250751896,40.0,240.0,3.0,0.0,3.0,0.0,0.0,0.0,0.0,0.0,0.0,0.0,0.0,0.0,19.0,0.0,15.0,0.0,0.0,0.0,0.0,13.0,0.0,0.0,0.0,0.0,0.0,0.0,27.0,0.0,0.0,27.0,0.0,0.0,0.0,0.0,0.0,0.0,0.0,0.0,6.0,0.0,6.0,6.0,19.0,6.0,9.0,19.0,0.0,9.0,0.0,0.0,0.0,0.0,0.0,0.0,0.0,0.0,"Jan 19, 2017"
1384,2306011.0,24935.0,Baghdad,Kadhimia,Al Hurriyah-418,الحرية-418,33.3585306684,44.3244281292,20.0,120.0,2.0,0.0,0.0,0.0,0.0,0.0,0.0,0.0,0.0,0.0,0.0,0.0,18.0,0.0,0.0,0.0,0.0,0.0,0.0,4.0,0.0,0.0,0.0,0.0,0.0,0.0,16.0,0.0,0.0,16.0,0.0,0.0,0.0,0.0,0.0,0.0,0.0,0.0,0.0,0.0,20.0,0.0,0.0,20.0,0.0,0.0,0.0,0.0,0.0,0.0,0.0,0.0,0.0,0.0,0.0,0.0,"Jan 19, 2017"
1385,2306012.0,24963.0,Baghdad,Kadhimia,Al Hurriyah-420,الحرية-420,33.361931864,44.3250049359,22.0,132.0,0.0,0.0,0.0,0.0,0.0,0.0,0.0,0.0,0.0,0.0,0.0,0.0,13.0,0.0,9.0,0.0,0.0,0.0,0.0,5.0,0.0,0.0,0.0,0.0,0.0,0.0,17.0,0.0,0.0,17.0,0.0,0.0,0.0,0.0,0.0,0.0,0.0,0.0,0.0,0.0,5.0,0.0,12.0,5.0,3.0,12.0,0.0,3.0,0.0,0.0,2.0,0.0,0.0,2.0,0.0,0.0,"Jan 19, 2017"
1386,2306013.0,24752.0,Baghdad,Kadhimia,Al Hurriyah-424,الحرية-424,33.3469832105,44.3247900024,64.0,384.0,10.0,0.0,0.0,0.0,0.0,8.0,0.0,0.0,0.0,0.0,0.0,0.0,30.0,0.0,16.0,0.0,0.0,0.0,0.0,18.0,0.0,0.0,0.0,0.0,0.0,0.0,46.0,0.0,0.0,46.0,0.0,0.0,0.0,0.0,0.0,0.0,0.0,0.0,0.0,0.0,25.0,0.0,12.0,25.0,21.0,12.0,6.0,21.0,0.0,6.0,0.0,0.0,0.0,0.0,0.0,0.0,"Jan 19, 2017"
1387,2306014.0,24936.0,Baghdad,Kadhimia,Al Hurriyah-426,الحرية-426,33.350762023,44.3105177662,19.0,114.0,4.0,0.0,0.0,0.0,0.0,0.0,0.0,0.0,0.0,0.0,0.0,0.0,7.0,0.0,8.0,0.0,0.0,0.0,0.0,6.0,0.0,0.0,0.0,0.0,0.0,0.0,13.0,0.0,0.0,13.0,0.0,0.0,0.0,0.0,0.0,0.0,0.0,0.0,0.0,0.0,6.0,0.0,0.0,6.0,11.0,0.0,0.0,11.0,0.0,0.0,2.0,0.0,0.0,2.0,0.0,0.0,"Jan 19, 2017"
1388,2306015.0,24732.0,Baghdad,Kadhimia,Al Hurriyah-428,الحرية-428,33.354920131,44.313211705,51.0,306.0,10.0,2.0,0.0,0.0,0.0,0.0,0.0,0.0,1.0,0.0,0.0,0.0,26.0,0.0,12.0,0.0,0.0,0.0,0.0,21.0,0.0,0.0,0.0,0.0,0.0,0.0,30.0,0.0,0.0,30.0,0.0,0.0,0.0,0.0,0.0,0.0,0.0,0.0,4.0,0.0,26.0,4.0,0.0,26.0,15.0,0.0,6.0,15.0,0.0,6.0,0.0,0.0,0.0,0.0,0.0,0.0,"Jan 19, 2017"
1389,2306016.0,24937.0,Baghdad,Kadhimia,Al Hurriyah-432,الحرية-432,33.3615422185,44.3110110535,27.0,162.0,4.0,0.0,0.0,0.0,0.0,0.0,0.0,0.0,0.0,0.0,0.0,0.0,15.0,0.0,8.0,0.0,0.0,0.0,0.0,12.0,0.0,0.0,0.0,0.0,0.0,0.0,15.0,0.0,0.0,15.0,0.0,0.0,0.0,0.0,0.0,0.0,0.0,0.0,0.0,0.0,13.0,0.0,0.0,13.0,7.0,0.0,4.0,7.0,3.0,4.0,0.0,3.0,0.0,0.0,0.0,0.0,"Jan 19, 2017"
1390,2306017.0,24733.0,Baghdad,Kadhimia,Al Hurriyah-436,الحرية-436,33.3670754423,44.3049726063,24.0,144.0,2.0,0.0,0.0,0.0,0.0,3.0,0.0,0.0,2.0,0.0,0.0,0.0,10.0,0.0,7.0,0.0,0.0,0.0,0.0,4.0,0.0,0.0,0.0,0.0,0.0,0.0,20.0,0.0,0.0,20.0,0.0,0.0,0.0,0.0,0.0,0.0,0.0,0.0,4.0,0.0,6.0,4.0,0.0,6.0,10.0,0.0,0.0,10.0,0.0,0.0,4.0,0.0,0.0,4.0,0.0,0.0,"Jan 19, 2017"
1391,2306018.0,25198.0,Baghdad,Kadhimia,Al Malahma(Al Sekak)Village,قرية الملاحمة(دور السكك),33.5177348166,44.2334667695,166.0,996.0,166.0,0.0,0.0,0.0,0.0,0.0,0.0,0.0,0.0,0.0,0.0,0.0,0.0,0.0,0.0,0.0,0.0,0.0,0.0,61.0,0.0,0.0,0.0,0.0,0.0,0.0,105.0,0.0,0.0,105.0,0.0,0.0,0.0,0.0,0.0,0.0,0.0,0.0,0.0,0.0,0.0,0.0,20.0,0.0,20.0,20.0,121.0,20.0,5.0,121.0,0.0,5.0,0.0,0.0,0.0,0.0,"Jan 19, 2017"
1392,2306020.0,25718.0,Baghdad,Kadhimia,Al Salam-404,السلام-404,33.3447377478,44.3435128789,137.0,822.0,98.0,0.0,0.0,0.0,0.0,3.0,0.0,0.0,0.0,0.0,0.0,0.0,18.0,0.0,18.0,0.0,0.0,0.0,0.0,61.0,0.0,0.0,0.0,0.0,0.0,0.0,76.0,0.0,0.0,76.0,0.0,0.0,0.0,0.0,0.0,0.0,0.0,0.0,18.0,0.0,7.0,18.0,5.0,7.0,45.0,5.0,58.0,45.0,0.0,58.0,4.0,0.0,0.0,4.0,0.0,0.0,"Jan 19, 2017"
1393,2306021.0,25717.0,Baghdad,Kadhimia,Al Salam-406,السلام-406,33.347650564,44.34646942,34.0,204.0,27.0,0.0,0.0,0.0,0.0,0.0,0.0,0.0,0.0,0.0,0.0,0.0,7.0,0.0,0.0,0.0,0.0,0.0,0.0,17.0,0.0,0.0,0.0,0.0,0.0,0.0,17.0,0.0,0.0,17.0,0.0,0.0,0.0,0.0,0.0,0.0,0.0,0.0,8.0,0.0,6.0,8.0,0.0,6.0,11.0,0.0,4.0,11.0,0.0,4.0,5.0,0.0,0.0,5.0,0.0,0.0,"Jan 19, 2017"
1394,2306022.0,25719.0,Baghdad,Kadhimia,Al Salam-410,السلام-410,33.3458523586,44.3356353471,71.0,426.0,55.0,0.0,0.0,0.0,0.0,0.0,0.0,0.0,0.0,0.0,0.0,0.0,1.0,0.0,15.0,0.0,0.0,0.0,0.0,25.0,0.0,0.0,0.0,0.0,0.0,0.0,46.0,0.0,0.0,46.0,0.0,0.0,0.0,0.0,0.0,0.0,0.0,0.0,0.0,0.0,6.0,0.0,11.0,6.0,23.0,11.0,31.0,23.0,0.0,31.0,0.0,0.0,0.0,0.0,0.0,0.0,"Jan 19, 2017"
1395,2306023.0,25199.0,Baghdad,Kadhimia,Al Salehen Village,قرية الصالحين,33.5065943561,44.2372744288,58.0,348.0,58.0,0.0,0.0,0.0,0.0,0.0,0.0,0.0,0.0,0.0,0.0,0.0,0.0,0.0,0.0,0.0,0.0,0.0,0.0,20.0,0.0,0.0,0.0,0.0,0.0,0.0,38.0,0.0,0.0,38.0,0.0,0.0,0.0,0.0,0.0,0.0,0.0,0.0,0.0,0.0,0.0,0.0,0.0,0.0,10.0,0.0,48.0,10.0,0.0,48.0,0.0,0.0,0.0,0.0,0.0,0.0,"Jan 19, 2017"
1396,2306025.0,25193.0,Baghdad,Kadhimia,Ajeel Al Sultan village,قرية عجيل السلطان,33.453,44.237,13.0,78.0,13.0,0.0,0.0,0.0,0.0,0.0,0.0,0.0,0.0,0.0,0.0,0.0,0.0,0.0,0.0,0.0,0.0,0.0,0.0,5.0,0.0,0.0,0.0,0.0,0.0,0.0,8.0,0.0,0.0,8.0,0.0,0.0,0.0,0.0,0.0,0.0,0.0,0.0,0.0,0.0,0.0,0.0,0.0,0.0,13.0,0.0,0.0,13.0,0.0,0.0,0.0,0.0,0.0,0.0,0.0,0.0,"Jan 19, 2017"
1397,2306026.0,25196.0,Baghdad,Kadhimia,Al Batta viilage,قرية البطة,33.474,44.259,19.0,114.0,19.0,0.0,0.0,0.0,0.0,0.0,0.0,0.0,0.0,0.0,0.0,0.0,0.0,0.0,0.0,0.0,0.0,0.0,0.0,4.0,0.0,0.0,0.0,0.0,0.0,0.0,15.0,0.0,0.0,15.0,0.0,0.0,0.0,0.0,0.0,0.0,0.0,0.0,0.0,0.0,0.0,0.0,0.0,0.0,0.0,0.0,19.0,0.0,0.0,19.0,0.0,0.0,0.0,0.0,0.0,0.0,"Jan 19, 2017"
1398,2306027.0,25184.0,Baghdad,Kadhimia,Al Halabsa village,قرية الحلابسة,33.559246366,44.1777590373,47.0,282.0,41.0,0.0,0.0,0.0,0.0,0.0,0.0,0.0,0.0,0.0,0.0,0.0,0.0,0.0,6.0,0.0,0.0,0.0,0.0,21.0,0.0,0.0,0.0,0.0,0.0,0.0,26.0,0.0,0.0,26.0,0.0,0.0,0.0,0.0,0.0,0.0,0.0,0.0,10.0,0.0,0.0,10.0,0.0,0.0,9.0,0.0,28.0,9.0,0.0,28.0,0.0,0.0,0.0,0.0,0.0,0.0,"Jan 19, 2017"
1399,2306028.0,25191.0,Baghdad,Kadhimia,Al Rafedain village,قرية الرافدين,33.471,44.265,21.0,126.0,21.0,0.0,0.0,0.0,0.0,0.0,0.0,0.0,0.0,0.0,0.0,0.0,0.0,0.0,0.0,0.0,0.0,0.0,0.0,21.0,0.0,0.0,0.0,0.0,0.0,0.0,0.0,0.0,0.0,0.0,0.0,0.0,0.0,0.0,0.0,0.0,0.0,0.0,0.0,0.0,0.0,0.0,0.0,0.0,10.0,0.0,11.0,10.0,0.0,11.0,0.0,0.0,0.0,0.0,0.0,0.0,"Jan 19, 2017"
1400,2306030.0,25197.0,Baghdad,Kadhimia,Al Suwaed village,قرية السواعد,33.478,44.266,2.0,12.0,2.0,0.0,0.0,0.0,0.0,0.0,0.0,0.0,0.0,0.0,0.0,0.0,0.0,0.0,0.0,0.0,0.0,0.0,0.0,0.0,0.0,0.0,0.0,0.0,0.0,0.0,2.0,0.0,0.0,2.0,0.0,0.0,0.0,0.0,0.0,0.0,0.0,0.0,0.0,0.0,0.0,0.0,0.0,0.0,2.0,0.0,0.0,2.0,0.0,0.0,0.0,0.0,0.0,0.0,0.0,0.0,"Jan 19, 2017"
1401,2306031.0,25192.0,Baghdad,Kadhimia,Albu Aied Village,قرية ألبوعايد,33.4455114842,44.2758327669,24.0,144.0,24.0,0.0,0.0,0.0,0.0,0.0,0.0,0.0,0.0,0.0,0.0,0.0,0.0,0.0,0.0,0.0,0.0,0.0,0.0,24.0,0.0,0.0,0.0,0.0,0.0,0.0,0.0,0.0,0.0,0.0,0.0,0.0,0.0,0.0,0.0,0.0,0.0,0.0,14.0,0.0,0.0,14.0,0.0,0.0,0.0,0.0,10.0,0.0,0.0,10.0,0.0,0.0,0.0,0.0,0.0,0.0,"Jan 19, 2017"
1402,2306032.0,25185.0,Baghdad,Kadhimia,Awad Al Hussain village,قرية عواد الحسين,33.5501052242,44.1933121841,280.0,1680.0,280.0,0.0,0.0,0.0,0.0,0.0,0.0,0.0,0.0,0.0,0.0,0.0,0.0,0.0,0.0,0.0,0.0,0.0,0.0,140.0,0.0,0.0,0.0,0.0,0.0,0.0,140.0,0.0,0.0,140.0,0.0,0.0,0.0,0.0,0.0,0.0,0.0,0.0,75.0,0.0,0.0,75.0,0.0,0.0,78.0,0.0,121.0,78.0,6.0,121.0,0.0,6.0,0.0,0.0,0.0,0.0,"Jan 19, 2017"
1403,2306033.0,25188.0,Baghdad,Kadhimia,Dheeb Al Dhari village,قرية ذيب الضاري,33.5111562471,44.2016485534,50.0,300.0,50.0,0.0,0.0,0.0,0.0,0.0,0.0,0.0,0.0,0.0,0.0,0.0,0.0,0.0,0.0,0.0,0.0,0.0,0.0,20.0,0.0,0.0,0.0,0.0,0.0,0.0,30.0,0.0,0.0,30.0,0.0,0.0,0.0,0.0,0.0,0.0,0.0,0.0,20.0,0.0,0.0,20.0,5.0,0.0,23.0,5.0,2.0,23.0,0.0,2.0,0.0,0.0,0.0,0.0,0.0,0.0,"Jan 19, 2017"
1404,2306034.0,25182.0,Baghdad,Kadhimia,Fahad Al Fadhel village,قرية فهد الفاضل,33.4917371258,44.1738534898,125.0,750.0,120.0,0.0,0.0,0.0,0.0,0.0,0.0,0.0,0.0,0.0,0.0,0.0,0.0,0.0,5.0,0.0,0.0,0.0,0.0,73.0,0.0,0.0,0.0,0.0,0.0,0.0,52.0,0.0,0.0,52.0,0.0,0.0,0.0,0.0,0.0,0.0,0.0,0.0,0.0,0.0,0.0,0.0,0.0,0.0,61.0,0.0,60.0,61.0,4.0,60.0,0.0,4.0,0.0,0.0,0.0,0.0,"Jan 19, 2017"
1405,2306035.0,25195.0,Baghdad,Kadhimia,Faisal Abbas village,قرية فيصل عباس,33.547098715,44.1978701648,95.0,570.0,95.0,0.0,0.0,0.0,0.0,0.0,0.0,0.0,0.0,0.0,0.0,0.0,0.0,0.0,0.0,0.0,0.0,0.0,0.0,70.0,0.0,0.0,0.0,0.0,0.0,0.0,25.0,0.0,0.0,25.0,0.0,0.0,0.0,0.0,0.0,0.0,0.0,0.0,95.0,0.0,0.0,95.0,0.0,0.0,0.0,0.0,0.0,0.0,0.0,0.0,0.0,0.0,0.0,0.0,0.0,0.0,"Jan 19, 2017"
1406,2306036.0,25189.0,Baghdad,Kadhimia,Naif Al Hassan viilage,قرية نايف الحسن,33.5145693406,44.2184138144,34.0,204.0,34.0,0.0,0.0,0.0,0.0,0.0,0.0,0.0,0.0,0.0,0.0,0.0,0.0,0.0,0.0,0.0,0.0,0.0,0.0,21.0,0.0,0.0,0.0,0.0,0.0,0.0,13.0,0.0,0.0,13.0,0.0,0.0,0.0,0.0,0.0,0.0,0.0,0.0,0.0,0.0,0.0,0.0,0.0,0.0,0.0,0.0,30.0,0.0,4.0,30.0,0.0,4.0,0.0,0.0,0.0,0.0,"Jan 19, 2017"
1407,2306037.0,25194.0,Baghdad,Kadhimia,Najah Al Suhail village,قرية نجاح السهيل,33.469,44.198,39.0,234.0,39.0,0.0,0.0,0.0,0.0,0.0,0.0,0.0,0.0,0.0,0.0,0.0,0.0,0.0,0.0,0.0,0.0,0.0,0.0,6.0,0.0,0.0,0.0,0.0,0.0,0.0,33.0,0.0,0.0,33.0,0.0,0.0,0.0,0.0,0.0,0.0,0.0,0.0,23.0,0.0,0.0,23.0,0.0,0.0,10.0,0.0,6.0,10.0,0.0,6.0,0.0,0.0,0.0,0.0,0.0,0.0,"Jan 19, 2017"
1408,2306038.0,25183.0,Baghdad,Kadhimia,Rezaige Al Badaa village,قرية رزيج البداع,33.4997071939,44.1836018947,70.0,420.0,70.0,0.0,0.0,0.0,0.0,0.0,0.0,0.0,0.0,0.0,0.0,0.0,0.0,0.0,0.0,0.0,0.0,0.0,0.0,30.0,0.0,0.0,0.0,0.0,0.0,0.0,40.0,0.0,0.0,40.0,0.0,0.0,0.0,0.0,0.0,0.0,0.0,0.0,0.0,0.0,0.0,0.0,30.0,0.0,0.0,30.0,40.0,0.0,0.0,40.0,0.0,0.0,0.0,0.0,0.0,0.0,"Jan 19, 2017"
1409,2306039.0,25190.0,Baghdad,Kadhimia,Um Najem village,قرية أم نجم,33.5828441048,44.1764850137,39.0,234.0,32.0,0.0,0.0,0.0,0.0,0.0,0.0,0.0,0.0,0.0,0.0,0.0,0.0,0.0,7.0,0.0,0.0,0.0,0.0,32.0,0.0,0.0,0.0,0.0,0.0,0.0,7.0,0.0,0.0,7.0,0.0,0.0,0.0,0.0,0.0,0.0,0.0,0.0,20.0,0.0,0.0,20.0,0.0,0.0,7.0,0.0,12.0,7.0,0.0,12.0,0.0,0.0,0.0,0.0,0.0,0.0,"Jan 19, 2017"
1410,2306040.0,25177.0,Baghdad,Kadhimia,Al Khwather Village,قرية الكوثر,33.458,44.255,5.0,30.0,5.0,0.0,0.0,0.0,0.0,0.0,0.0,0.0,0.0,0.0,0.0,0.0,0.0,0.0,0.0,0.0,0.0,0.0,0.0,5.0,0.0,0.0,0.0,0.0,0.0,0.0,0.0,0.0,0.0,0.0,0.0,0.0,0.0,0.0,0.0,0.0,0.0,0.0,0.0,0.0,0.0,0.0,0.0,0.0,0.0,0.0,5.0,0.0,0.0,5.0,0.0,0.0,0.0,0.0,0.0,0.0,"Jan 19, 2017"
1411,2306041.0,25176.0,Baghdad,Kadhimia,Albu Dawod Village,قرية البو داوود,33.47148111,44.2223793741,15.0,90.0,8.0,0.0,0.0,0.0,0.0,0.0,0.0,0.0,0.0,0.0,0.0,0.0,0.0,0.0,7.0,0.0,0.0,0.0,0.0,15.0,0.0,0.0,0.0,0.0,0.0,0.0,0.0,0.0,0.0,0.0,0.0,0.0,0.0,0.0,0.0,0.0,0.0,0.0,0.0,0.0,0.0,0.0,0.0,0.0,0.0,0.0,8.0,0.0,7.0,8.0,0.0,7.0,0.0,0.0,0.0,0.0,"Jan 19, 2017"
1412,2306042.0,25174.0,Baghdad,Kadhimia,Ali Al Hamad Village,قرية علي الحمد,33.4690697808,44.2117035004,28.0,168.0,25.0,0.0,0.0,0.0,0.0,0.0,0.0,0.0,0.0,0.0,0.0,0.0,0.0,0.0,3.0,0.0,0.0,0.0,0.0,18.0,0.0,0.0,0.0,0.0,0.0,0.0,10.0,0.0,0.0,10.0,0.0,0.0,0.0,0.0,0.0,0.0,0.0,0.0,10.0,0.0,0.0,10.0,0.0,0.0,5.0,0.0,13.0,5.0,0.0,13.0,0.0,0.0,0.0,0.0,0.0,0.0,"Jan 19, 2017"
1413,2306043.0,24501.0,Baghdad,Kadhimia,Al-Shalchiya,الشالجية,33.3511590469,44.3522530752,25.0,150.0,12.0,0.0,0.0,0.0,0.0,0.0,0.0,0.0,0.0,0.0,0.0,0.0,13.0,0.0,0.0,0.0,0.0,0.0,0.0,13.0,0.0,0.0,0.0,0.0,0.0,0.0,12.0,0.0,0.0,12.0,0.0,0.0,0.0,0.0,0.0,0.0,0.0,0.0,0.0,0.0,14.0,0.0,0.0,14.0,11.0,0.0,0.0,11.0,0.0,0.0,0.0,0.0,0.0,0.0,0.0,0.0,"Jan 19, 2017"
1414,2306045.0,23641.0,Baghdad,Kadhimia,Hay Al Shuhada,حي الشهداء,33.4567390367,44.2399955583,74.0,444.0,56.0,0.0,0.0,0.0,0.0,0.0,0.0,0.0,0.0,0.0,0.0,0.0,2.0,0.0,16.0,0.0,0.0,0.0,0.0,22.0,0.0,0.0,0.0,0.0,0.0,0.0,52.0,0.0,0.0,52.0,0.0,0.0,0.0,0.0,0.0,0.0,0.0,0.0,8.0,0.0,2.0,8.0,16.0,2.0,4.0,16.0,34.0,4.0,10.0,34.0,0.0,10.0,0.0,0.0,0.0,0.0,"Jan 19, 2017"
1415,2306046.0,23581.0,Baghdad,Kadhimia,Hay Hasan AlAskari,حي الحسن العسكري,33.474867123,44.2565400763,70.0,420.0,67.0,0.0,0.0,0.0,0.0,0.0,0.0,0.0,0.0,0.0,0.0,0.0,0.0,0.0,3.0,0.0,0.0,0.0,0.0,25.0,0.0,0.0,0.0,0.0,0.0,0.0,45.0,0.0,0.0,45.0,0.0,0.0,0.0,0.0,0.0,0.0,0.0,0.0,0.0,0.0,0.0,0.0,13.0,0.0,8.0,13.0,49.0,8.0,0.0,49.0,0.0,0.0,0.0,0.0,0.0,0.0,"Jan 19, 2017"
1416,2306047.0,21695.0,Baghdad,Kadhimia,Ibrahim Al Juayfis village,قرية أبراهيم جعيفص ,33.488,44.221,6.0,36.0,6.0,0.0,0.0,0.0,0.0,0.0,0.0,0.0,0.0,0.0,0.0,0.0,0.0,0.0,0.0,0.0,0.0,0.0,0.0,6.0,0.0,0.0,0.0,0.0,0.0,0.0,0.0,0.0,0.0,0.0,0.0,0.0,0.0,0.0,0.0,0.0,0.0,0.0,0.0,0.0,0.0,0.0,0.0,0.0,6.0,0.0,0.0,6.0,0.0,0.0,0.0,0.0,0.0,0.0,0.0,0.0,"Jan 19, 2017"
1417,2306048.0,20784.0,Baghdad,Kadhimia,Jurf Al Milah,جرف الملح,33.4919369783,44.251671679,105.0,630.0,105.0,0.0,0.0,0.0,0.0,0.0,0.0,0.0,0.0,0.0,0.0,0.0,0.0,0.0,0.0,0.0,0.0,0.0,0.0,40.0,0.0,0.0,0.0,0.0,0.0,0.0,65.0,0.0,0.0,65.0,0.0,0.0,0.0,0.0,0.0,0.0,0.0,0.0,0.0,0.0,0.0,0.0,0.0,0.0,75.0,0.0,12.0,75.0,18.0,12.0,0.0,18.0,0.0,0.0,0.0,0.0,"Jan 19, 2017"
1418,2306051.0,25173.0,Baghdad,Kadhimia,Khalaf Jredhi Village,قرية خلف جريدي,33.4629364697,44.2217035975,64.0,384.0,64.0,0.0,0.0,0.0,0.0,0.0,0.0,0.0,0.0,0.0,0.0,0.0,0.0,0.0,0.0,0.0,0.0,0.0,0.0,23.0,0.0,0.0,0.0,0.0,0.0,0.0,41.0,0.0,0.0,41.0,0.0,0.0,0.0,0.0,0.0,0.0,0.0,0.0,0.0,0.0,0.0,0.0,0.0,0.0,0.0,0.0,64.0,0.0,0.0,64.0,0.0,0.0,0.0,0.0,0.0,0.0,"Jan 19, 2017"
1419,2306053.0,25172.0,Baghdad,Kadhimia,Mulla Mukhlef Village,قرية ملا مخلف,33.4590341759,44.2304210333,89.0,534.0,86.0,0.0,0.0,0.0,0.0,0.0,0.0,0.0,0.0,0.0,0.0,0.0,0.0,0.0,3.0,0.0,0.0,0.0,0.0,36.0,0.0,0.0,0.0,0.0,0.0,0.0,53.0,0.0,0.0,53.0,0.0,0.0,0.0,0.0,0.0,0.0,0.0,0.0,0.0,0.0,0.0,0.0,7.0,0.0,0.0,7.0,72.0,0.0,10.0,72.0,0.0,10.0,0.0,0.0,0.0,0.0,"Jan 19, 2017"
1420,2306055.0,7642.0,Baghdad,Kadhimia,Naji al rahal village,ناجي الرحال ,33.491,44.267,73.0,438.0,73.0,0.0,0.0,0.0,0.0,0.0,0.0,0.0,0.0,0.0,0.0,0.0,0.0,0.0,0.0,0.0,0.0,0.0,0.0,17.0,0.0,0.0,0.0,0.0,0.0,0.0,56.0,0.0,0.0,56.0,0.0,0.0,0.0,0.0,0.0,0.0,0.0,0.0,0.0,0.0,0.0,0.0,0.0,0.0,19.0,0.0,46.0,19.0,8.0,46.0,0.0,8.0,0.0,0.0,0.0,0.0,"Jan 19, 2017"
1421,2306056.0,25178.0,Baghdad,Kadhimia,Nesaif Al Zegam Village,قرية نصيف الزكم,33.464,44.198,3.0,18.0,3.0,0.0,0.0,0.0,0.0,0.0,0.0,0.0,0.0,0.0,0.0,0.0,0.0,0.0,0.0,0.0,0.0,0.0,0.0,3.0,0.0,0.0,0.0,0.0,0.0,0.0,0.0,0.0,0.0,0.0,0.0,0.0,0.0,0.0,0.0,0.0,0.0,0.0,0.0,0.0,0.0,0.0,0.0,0.0,0.0,0.0,3.0,0.0,0.0,3.0,0.0,0.0,0.0,0.0,0.0,0.0,"Jan 19, 2017"
1422,2306059.0,26043.0,Baghdad,Kadhimia,Sabea Al Buor(Al Basam),سبع البور(مقاطعة البصام),33.4312561009,44.2337822633,95.0,570.0,10.0,0.0,0.0,0.0,0.0,0.0,0.0,0.0,0.0,0.0,0.0,0.0,30.0,0.0,55.0,0.0,0.0,0.0,0.0,95.0,0.0,0.0,0.0,0.0,0.0,0.0,0.0,0.0,0.0,0.0,0.0,0.0,0.0,0.0,0.0,0.0,0.0,0.0,0.0,0.0,0.0,0.0,0.0,0.0,0.0,0.0,79.0,0.0,16.0,79.0,0.0,16.0,0.0,0.0,0.0,0.0,"Jan 19, 2017"
1423,2306060.0,25158.0,Baghdad,Kadhimia,Sabea Al Buor-1000,سبع البور-1000,33.46905636,44.1537299,18.0,108.0,18.0,0.0,0.0,0.0,0.0,0.0,0.0,0.0,0.0,0.0,0.0,0.0,0.0,0.0,0.0,0.0,0.0,0.0,0.0,0.0,0.0,0.0,0.0,0.0,0.0,0.0,18.0,0.0,0.0,18.0,0.0,0.0,0.0,0.0,0.0,0.0,0.0,0.0,12.0,0.0,0.0,12.0,0.0,0.0,0.0,0.0,6.0,0.0,0.0,6.0,0.0,0.0,0.0,0.0,0.0,0.0,"Jan 19, 2017"
1424,2306062.0,25167.0,Baghdad,Kadhimia,Sabea Al Buor-11000,سبع البور-11000,33.4592806813,44.1688442927,22.0,132.0,22.0,0.0,0.0,0.0,0.0,0.0,0.0,0.0,0.0,0.0,0.0,0.0,0.0,0.0,0.0,0.0,0.0,0.0,0.0,15.0,0.0,0.0,0.0,0.0,0.0,0.0,7.0,0.0,0.0,7.0,0.0,0.0,0.0,0.0,0.0,0.0,0.0,0.0,16.0,0.0,0.0,16.0,0.0,0.0,0.0,0.0,6.0,0.0,0.0,6.0,0.0,0.0,0.0,0.0,0.0,0.0,"Jan 19, 2017"
1425,2306063.0,25168.0,Baghdad,Kadhimia,Sabea Al Buor-14000,سبع البور-14000,33.4701397816,44.1661177226,87.0,522.0,80.0,0.0,0.0,0.0,0.0,0.0,0.0,0.0,0.0,0.0,0.0,0.0,0.0,0.0,7.0,0.0,0.0,0.0,0.0,22.0,0.0,0.0,0.0,0.0,0.0,0.0,65.0,0.0,0.0,65.0,0.0,0.0,0.0,0.0,0.0,0.0,0.0,0.0,0.0,0.0,0.0,0.0,0.0,0.0,53.0,0.0,22.0,53.0,12.0,22.0,0.0,12.0,0.0,0.0,0.0,0.0,"Jan 19, 2017"
1426,2306064.0,25169.0,Baghdad,Kadhimia,Sabea Al Buor-15000,سبع البور-15000,33.4573875317,44.1585322694,24.0,144.0,24.0,0.0,0.0,0.0,0.0,0.0,0.0,0.0,0.0,0.0,0.0,0.0,0.0,0.0,0.0,0.0,0.0,0.0,0.0,4.0,0.0,0.0,0.0,0.0,0.0,0.0,20.0,0.0,0.0,20.0,0.0,0.0,0.0,0.0,0.0,0.0,0.0,0.0,0.0,0.0,0.0,0.0,0.0,0.0,0.0,0.0,24.0,0.0,0.0,24.0,0.0,0.0,0.0,0.0,0.0,0.0,"Jan 19, 2017"
1427,2306065.0,25326.0,Baghdad,Kadhimia,Sabea Al Buor-16000,سبع البور-16000,33.4623713635,44.1437278127,16.0,96.0,16.0,0.0,0.0,0.0,0.0,0.0,0.0,0.0,0.0,0.0,0.0,0.0,0.0,0.0,0.0,0.0,0.0,0.0,0.0,12.0,0.0,0.0,0.0,0.0,0.0,0.0,4.0,0.0,0.0,4.0,0.0,0.0,0.0,0.0,0.0,0.0,0.0,0.0,0.0,0.0,0.0,0.0,0.0,0.0,0.0,0.0,16.0,0.0,0.0,16.0,0.0,0.0,0.0,0.0,0.0,0.0,"Jan 19, 2017"
1428,2306067.0,25159.0,Baghdad,Kadhimia,Sabea Al Buor-2000,سبع البور-2000,33.4637111,44.15320251,22.0,132.0,12.0,0.0,0.0,0.0,0.0,0.0,0.0,0.0,0.0,0.0,0.0,0.0,10.0,0.0,0.0,0.0,0.0,0.0,0.0,0.0,0.0,0.0,0.0,0.0,0.0,0.0,22.0,0.0,0.0,22.0,0.0,0.0,0.0,0.0,0.0,0.0,0.0,0.0,0.0,0.0,22.0,0.0,0.0,22.0,0.0,0.0,0.0,0.0,0.0,0.0,0.0,0.0,0.0,0.0,0.0,0.0,"Jan 19, 2017"
1429,2306068.0,25160.0,Baghdad,Kadhimia,Sabea Al Buor-3000,سبع البور-3000,33.4911,44.1505425835,22.0,132.0,22.0,0.0,0.0,0.0,0.0,0.0,0.0,0.0,0.0,0.0,0.0,0.0,0.0,0.0,0.0,0.0,0.0,0.0,0.0,2.0,0.0,0.0,0.0,0.0,0.0,0.0,20.0,0.0,0.0,20.0,0.0,0.0,0.0,0.0,0.0,0.0,0.0,0.0,0.0,0.0,0.0,0.0,10.0,0.0,12.0,10.0,0.0,12.0,0.0,0.0,0.0,0.0,0.0,0.0,0.0,0.0,"Jan 19, 2017"
1430,2306070.0,23329.0,Baghdad,Kadhimia,Sabea Al Buor-5000,سبع البور-5000,33.470881,44.1428396172,38.0,228.0,31.0,0.0,0.0,0.0,0.0,0.0,0.0,0.0,0.0,0.0,0.0,0.0,0.0,0.0,7.0,0.0,0.0,0.0,0.0,30.0,0.0,0.0,0.0,0.0,0.0,0.0,8.0,0.0,0.0,8.0,0.0,0.0,0.0,0.0,0.0,0.0,0.0,0.0,0.0,0.0,0.0,0.0,0.0,0.0,7.0,0.0,23.0,7.0,8.0,23.0,0.0,8.0,0.0,0.0,0.0,0.0,"Jan 19, 2017"
1431,2306071.0,25162.0,Baghdad,Kadhimia,Sabea Al Buor-6000,سبع البور-6000,33.45963732,44.15286337,22.0,132.0,16.0,0.0,0.0,0.0,0.0,0.0,0.0,0.0,0.0,0.0,0.0,0.0,0.0,0.0,6.0,0.0,0.0,0.0,0.0,4.0,0.0,0.0,0.0,0.0,0.0,0.0,18.0,0.0,0.0,18.0,0.0,0.0,0.0,0.0,0.0,0.0,0.0,0.0,0.0,0.0,0.0,0.0,0.0,0.0,15.0,0.0,7.0,15.0,0.0,7.0,0.0,0.0,0.0,0.0,0.0,0.0,"Jan 19, 2017"
1432,2306072.0,25163.0,Baghdad,Kadhimia,Sabea Al Buor-7000,سبع البور-7000,33.45078626,44.1559460766,23.0,138.0,23.0,0.0,0.0,0.0,0.0,0.0,0.0,0.0,0.0,0.0,0.0,0.0,0.0,0.0,0.0,0.0,0.0,0.0,0.0,0.0,0.0,0.0,0.0,0.0,0.0,0.0,23.0,0.0,0.0,23.0,0.0,0.0,0.0,0.0,0.0,0.0,0.0,0.0,18.0,0.0,0.0,18.0,0.0,0.0,0.0,0.0,5.0,0.0,0.0,5.0,0.0,0.0,0.0,0.0,0.0,0.0,"Jan 19, 2017"
1433,2306073.0,25164.0,Baghdad,Kadhimia,Sabea Al Buor-8000,سبع البور-8000,33.4525622622,44.1567673573,24.0,144.0,14.0,0.0,0.0,0.0,0.0,10.0,0.0,0.0,0.0,0.0,0.0,0.0,0.0,0.0,0.0,0.0,0.0,0.0,0.0,0.0,0.0,0.0,0.0,0.0,0.0,0.0,24.0,0.0,0.0,24.0,0.0,0.0,0.0,0.0,0.0,0.0,0.0,0.0,0.0,0.0,0.0,0.0,18.0,0.0,0.0,18.0,6.0,0.0,0.0,6.0,0.0,0.0,0.0,0.0,0.0,0.0,"Jan 19, 2017"
1434,2306074.0,25165.0,Baghdad,Kadhimia,Sabea Al Buor-9000,سبع البور-9000,33.4571487124,44.1566981366,35.0,210.0,35.0,0.0,0.0,0.0,0.0,0.0,0.0,0.0,0.0,0.0,0.0,0.0,0.0,0.0,0.0,0.0,0.0,0.0,0.0,11.0,0.0,0.0,0.0,0.0,0.0,0.0,24.0,0.0,0.0,24.0,0.0,0.0,0.0,0.0,0.0,0.0,0.0,0.0,0.0,0.0,0.0,0.0,0.0,0.0,13.0,0.0,22.0,13.0,0.0,22.0,0.0,0.0,0.0,0.0,0.0,0.0,"Jan 19, 2017"
1435,2306075.0,22611.0,Baghdad,Kadhimia,Sabea Al Buor-13000,سبع البور-13000,33.4650574997,44.1681697141,85.0,510.0,65.0,0.0,0.0,0.0,0.0,0.0,0.0,0.0,0.0,0.0,0.0,0.0,0.0,0.0,20.0,0.0,0.0,0.0,0.0,20.0,0.0,0.0,0.0,0.0,0.0,0.0,65.0,0.0,0.0,65.0,0.0,0.0,0.0,0.0,0.0,0.0,0.0,0.0,0.0,0.0,13.0,0.0,0.0,13.0,0.0,0.0,49.0,0.0,23.0,49.0,0.0,23.0,0.0,0.0,0.0,0.0,"Jan 19, 2017"
1436,2306076.0,22541.0,Baghdad,Kadhimia,Sabea Al Buor-12000,سبع البور-12000,33.4607770605,44.1704438002,55.0,330.0,55.0,0.0,0.0,0.0,0.0,0.0,0.0,0.0,0.0,0.0,0.0,0.0,0.0,0.0,0.0,0.0,0.0,0.0,0.0,14.0,0.0,0.0,0.0,0.0,0.0,0.0,41.0,0.0,0.0,41.0,0.0,0.0,0.0,0.0,0.0,0.0,0.0,0.0,0.0,0.0,0.0,0.0,30.0,0.0,6.0,30.0,16.0,6.0,3.0,16.0,0.0,3.0,0.0,0.0,0.0,0.0,"Jan 19, 2017"
1437,2306077.0,25171.0,Baghdad,Kadhimia,Said Jasim Village,قرية سيد جاسم,33.456,44.254,16.0,96.0,13.0,0.0,0.0,0.0,0.0,0.0,0.0,0.0,0.0,0.0,0.0,0.0,0.0,0.0,3.0,0.0,0.0,0.0,0.0,10.0,0.0,0.0,0.0,0.0,0.0,0.0,6.0,0.0,0.0,6.0,0.0,0.0,0.0,0.0,0.0,0.0,0.0,0.0,4.0,0.0,2.0,4.0,0.0,2.0,6.0,0.0,4.0,6.0,0.0,4.0,0.0,0.0,0.0,0.0,0.0,0.0,"Jan 19, 2017"
1438,2306078.0,23579.0,Baghdad,Kadhimia,Al Salam-408,السلام-408,33.3471836425,44.3394195748,154.0,924.0,97.0,0.0,0.0,0.0,0.0,2.0,0.0,0.0,0.0,0.0,0.0,0.0,20.0,0.0,35.0,0.0,0.0,0.0,0.0,42.0,0.0,0.0,0.0,0.0,0.0,0.0,112.0,0.0,0.0,112.0,0.0,0.0,0.0,0.0,0.0,0.0,0.0,0.0,20.0,0.0,20.0,20.0,3.0,20.0,21.0,3.0,83.0,21.0,0.0,83.0,7.0,0.0,0.0,7.0,0.0,0.0,"Jan 19, 2017"
1439,2306079.0,25186.0,Baghdad,Kadhimia,Shate Al Taji(Mezurfa)Village,شاطئ التاجي(مزرفة و حصيوة),33.4546132938,44.2851133384,50.0,300.0,33.0,0.0,0.0,0.0,0.0,0.0,0.0,0.0,0.0,0.0,0.0,0.0,0.0,0.0,17.0,0.0,0.0,0.0,0.0,33.0,0.0,0.0,0.0,0.0,0.0,0.0,17.0,0.0,0.0,17.0,0.0,0.0,0.0,0.0,0.0,0.0,0.0,0.0,21.0,0.0,0.0,21.0,0.0,0.0,12.0,0.0,17.0,12.0,0.0,17.0,0.0,0.0,0.0,0.0,0.0,0.0,"Jan 19, 2017"
1440,2306080.0,24068.0,Baghdad,Karkh,Shekh Junid-202,شيخ جنيد-202,33.34886882,44.36157395,41.0,246.0,20.0,0.0,0.0,0.0,0.0,0.0,0.0,0.0,0.0,0.0,0.0,0.0,13.0,0.0,8.0,0.0,0.0,0.0,0.0,18.0,0.0,0.0,0.0,0.0,0.0,0.0,23.0,0.0,0.0,23.0,0.0,0.0,0.0,0.0,0.0,0.0,0.0,0.0,5.0,0.0,13.0,5.0,0.0,13.0,6.0,0.0,17.0,6.0,0.0,17.0,0.0,0.0,0.0,0.0,0.0,0.0,"Jan 19, 2017"
1441,2306082.0,7285.0,Baghdad,Kadhimia,Jakook-425,جكوك-425,33.3803331089,44.3036660089,28.0,168.0,10.0,0.0,0.0,0.0,0.0,0.0,0.0,0.0,1.0,0.0,0.0,0.0,11.0,0.0,6.0,0.0,0.0,0.0,0.0,0.0,5.0,0.0,0.0,0.0,0.0,0.0,23.0,0.0,0.0,23.0,0.0,0.0,0.0,0.0,0.0,0.0,0.0,0.0,0.0,0.0,0.0,0.0,9.0,0.0,14.0,9.0,5.0,14.0,0.0,5.0,0.0,0.0,0.0,0.0,0.0,0.0,"Jan 19, 2017"
1442,2306083.0,25175.0,Baghdad,Kadhimia,Zedan Al Jameel Vilage,قرية زيدان الجميل,33.4645767879,44.2198803207,32.0,192.0,32.0,0.0,0.0,0.0,0.0,0.0,0.0,0.0,0.0,0.0,0.0,0.0,0.0,0.0,0.0,0.0,0.0,0.0,0.0,10.0,0.0,0.0,0.0,0.0,0.0,0.0,22.0,0.0,0.0,22.0,0.0,0.0,0.0,0.0,0.0,0.0,0.0,0.0,20.0,0.0,0.0,20.0,0.0,0.0,7.0,0.0,5.0,7.0,0.0,5.0,0.0,0.0,0.0,0.0,0.0,0.0,"Jan 19, 2017"
1443,2306085.0,7468.0,Baghdad,Kadhimia,Al-Hamamiyat,الحماميات,33.513,44.229,11.0,66.0,0.0,0.0,0.0,0.0,0.0,0.0,0.0,0.0,0.0,0.0,0.0,0.0,11.0,0.0,0.0,0.0,0.0,0.0,0.0,11.0,0.0,0.0,0.0,0.0,0.0,0.0,0.0,0.0,0.0,0.0,0.0,0.0,0.0,0.0,0.0,0.0,0.0,0.0,0.0,0.0,0.0,0.0,0.0,0.0,0.0,0.0,0.0,0.0,0.0,0.0,11.0,0.0,0.0,11.0,0.0,0.0,"Jan 19, 2017"
1444,2306086.0,23508.0,Baghdad,Kadhimia,Albo Rkeaba Village,قرية البو ركيبة,33.5743955537,44.1823801866,80.0,480.0,72.0,0.0,0.0,0.0,0.0,0.0,0.0,0.0,0.0,0.0,0.0,0.0,0.0,0.0,8.0,0.0,0.0,0.0,0.0,40.0,0.0,0.0,0.0,0.0,0.0,0.0,40.0,0.0,0.0,40.0,0.0,0.0,0.0,0.0,0.0,0.0,0.0,0.0,0.0,0.0,0.0,0.0,0.0,0.0,27.0,0.0,45.0,27.0,8.0,45.0,0.0,8.0,0.0,0.0,0.0,0.0,"Jan 19, 2017"
1445,2306087.0,27249.0,Baghdad,Kadhimia,Al Shehaa Village,قرية الشيحة,33.5590008053,44.1891059099,60.0,360.0,46.0,0.0,0.0,0.0,0.0,0.0,0.0,0.0,0.0,0.0,0.0,0.0,0.0,0.0,14.0,0.0,0.0,0.0,0.0,23.0,0.0,0.0,0.0,0.0,0.0,0.0,37.0,0.0,0.0,37.0,0.0,0.0,0.0,0.0,0.0,0.0,0.0,0.0,0.0,0.0,0.0,0.0,0.0,0.0,25.0,0.0,30.0,25.0,5.0,30.0,0.0,5.0,0.0,0.0,0.0,0.0,"Jan 19, 2017"
1446,2306088.0,27250.0,Baghdad,Kadhimia,Albo Sabah Village,قرية البو صباح,33.5494193245,44.1684130002,64.0,384.0,38.0,0.0,0.0,0.0,0.0,0.0,0.0,0.0,0.0,0.0,0.0,0.0,0.0,0.0,26.0,0.0,0.0,0.0,0.0,44.0,0.0,0.0,0.0,0.0,0.0,0.0,20.0,0.0,0.0,20.0,0.0,0.0,0.0,0.0,0.0,0.0,0.0,0.0,0.0,0.0,0.0,0.0,0.0,0.0,26.0,0.0,38.0,26.0,0.0,38.0,0.0,0.0,0.0,0.0,0.0,0.0,"Jan 19, 2017"
1447,2306089.0,27309.0,Baghdad,Kadhimia,Al Sheik Amir Village,قرية الشيخ عامر,33.5383002527,44.2458414869,44.0,264.0,38.0,0.0,0.0,0.0,0.0,0.0,0.0,0.0,0.0,0.0,0.0,0.0,0.0,0.0,6.0,0.0,0.0,0.0,0.0,24.0,0.0,0.0,0.0,0.0,0.0,0.0,20.0,0.0,0.0,20.0,0.0,0.0,0.0,0.0,0.0,0.0,0.0,0.0,0.0,0.0,0.0,0.0,0.0,0.0,6.0,0.0,34.0,6.0,4.0,34.0,0.0,4.0,0.0,0.0,0.0,0.0,"Jan 19, 2017"
1448,2306090.0,27310.0,Baghdad,Kadhimia,Hay Al Tasneea,حي التصنيع,33.475,44.241,24.0,144.0,24.0,0.0,0.0,0.0,0.0,0.0,0.0,0.0,0.0,0.0,0.0,0.0,0.0,0.0,0.0,0.0,0.0,0.0,0.0,0.0,0.0,0.0,0.0,0.0,0.0,0.0,24.0,0.0,0.0,24.0,0.0,0.0,0.0,0.0,0.0,0.0,0.0,0.0,0.0,0.0,0.0,0.0,0.0,0.0,0.0,0.0,24.0,0.0,0.0,24.0,0.0,0.0,0.0,0.0,0.0,0.0,"Jan 19, 2017"
1449,2306091.0,27311.0,Baghdad,Kadhimia,Shoala-446,الشعلة-446,33.361353061,44.2811950084,8.0,48.0,0.0,0.0,0.0,0.0,0.0,0.0,0.0,0.0,0.0,0.0,0.0,0.0,8.0,0.0,0.0,0.0,0.0,0.0,0.0,8.0,0.0,0.0,0.0,0.0,0.0,0.0,0.0,0.0,0.0,0.0,0.0,0.0,0.0,0.0,0.0,0.0,0.0,0.0,0.0,0.0,0.0,0.0,8.0,0.0,0.0,8.0,0.0,0.0,0.0,0.0,0.0,0.0,0.0,0.0,0.0,0.0,"Jan 19, 2017"
1450,2306092.0,27312.0,Baghdad,Kadhimia,Shoala-448,الشعلة-448,33.3607686333,44.2970041451,38.0,228.0,12.0,0.0,0.0,0.0,0.0,0.0,0.0,0.0,0.0,0.0,0.0,0.0,26.0,0.0,0.0,0.0,0.0,0.0,0.0,20.0,0.0,0.0,0.0,0.0,0.0,0.0,12.0,0.0,0.0,12.0,0.0,0.0,0.0,0.0,6.0,0.0,0.0,6.0,5.0,0.0,0.0,5.0,23.0,0.0,10.0,23.0,0.0,10.0,0.0,0.0,0.0,0.0,0.0,0.0,0.0,0.0,"Jan 19, 2017"
1451,2306093.0,27313.0,Baghdad,Kadhimia,Al bu Ataes Village,قرية البو طعيس,33.52,44.206,20.0,120.0,20.0,0.0,0.0,0.0,0.0,0.0,0.0,0.0,0.0,0.0,0.0,0.0,0.0,0.0,0.0,0.0,0.0,0.0,0.0,0.0,0.0,0.0,0.0,0.0,0.0,0.0,20.0,0.0,0.0,20.0,0.0,0.0,0.0,0.0,0.0,0.0,0.0,0.0,0.0,0.0,0.0,0.0,0.0,0.0,20.0,0.0,0.0,20.0,0.0,0.0,0.0,0.0,0.0,0.0,0.0,0.0,"Jan 19, 2017"
1452,2306094.0,27314.0,Baghdad,Kadhimia,Shoala-450,الشعلة-450,33.3662861109,44.2894871648,72.0,432.0,25.0,0.0,0.0,0.0,0.0,1.0,0.0,0.0,9.0,0.0,0.0,0.0,27.0,0.0,10.0,0.0,0.0,0.0,0.0,22.0,0.0,0.0,0.0,0.0,0.0,0.0,50.0,0.0,0.0,50.0,0.0,0.0,0.0,0.0,0.0,0.0,0.0,0.0,13.0,0.0,0.0,13.0,33.0,0.0,17.0,33.0,9.0,17.0,0.0,9.0,0.0,0.0,0.0,0.0,0.0,0.0,"Jan 19, 2017"
1453,2306095.0,27315.0,Baghdad,Kadhimia,Shoala-454,الشعلة-454,33.3758583678,44.2881956585,57.0,342.0,13.0,0.0,0.0,0.0,0.0,3.0,0.0,0.0,0.0,0.0,0.0,0.0,21.0,0.0,20.0,0.0,0.0,0.0,0.0,10.0,0.0,0.0,0.0,0.0,0.0,0.0,47.0,0.0,0.0,47.0,0.0,0.0,0.0,0.0,0.0,0.0,0.0,0.0,18.0,0.0,0.0,18.0,23.0,0.0,11.0,23.0,3.0,11.0,2.0,3.0,0.0,2.0,0.0,0.0,0.0,0.0,"Jan 19, 2017"
1454,2306096.0,27316.0,Baghdad,Kadhimia,Shoala-458,الشعلة-458,33.3722777163,44.2790609721,88.0,528.0,29.0,0.0,0.0,0.0,0.0,3.0,0.0,0.0,0.0,0.0,0.0,0.0,24.0,0.0,32.0,0.0,0.0,0.0,0.0,41.0,0.0,0.0,0.0,0.0,0.0,0.0,47.0,0.0,0.0,47.0,0.0,0.0,0.0,0.0,0.0,0.0,0.0,0.0,14.0,0.0,0.0,14.0,22.0,0.0,51.0,22.0,1.0,51.0,0.0,1.0,0.0,0.0,0.0,0.0,0.0,0.0,"Jan 19, 2017"
1455,2306097.0,27317.0,Baghdad,Kadhimia,Shoala-460,الشعلة-460,33.3671259786,44.2710782512,60.0,360.0,14.0,0.0,0.0,0.0,0.0,2.0,0.0,0.0,9.0,0.0,0.0,0.0,23.0,0.0,12.0,0.0,0.0,0.0,0.0,19.0,0.0,0.0,0.0,0.0,0.0,0.0,41.0,0.0,0.0,41.0,0.0,0.0,0.0,0.0,0.0,0.0,0.0,0.0,9.0,0.0,0.0,9.0,24.0,0.0,17.0,24.0,10.0,17.0,0.0,10.0,0.0,0.0,0.0,0.0,0.0,0.0,"Jan 19, 2017"
1456,2306098.0,27318.0,Baghdad,Kadhimia,Shoala-464,الشعلة-464,33.3790333425,44.2851230559,34.0,204.0,1.0,0.0,0.0,0.0,0.0,8.0,0.0,0.0,2.0,0.0,0.0,0.0,15.0,0.0,8.0,0.0,0.0,0.0,0.0,6.0,0.0,0.0,0.0,0.0,0.0,0.0,28.0,0.0,0.0,28.0,0.0,0.0,0.0,0.0,0.0,0.0,0.0,0.0,4.0,0.0,0.0,4.0,13.0,0.0,15.0,13.0,2.0,15.0,0.0,2.0,0.0,0.0,0.0,0.0,0.0,0.0,"Jan 19, 2017"
1457,2306099.0,27319.0,Baghdad,Kadhimia,Shoala-Al Doanam,الشعلة-الدوانم,33.3637432107,44.2522541475,145.0,870.0,63.0,0.0,0.0,0.0,0.0,5.0,0.0,0.0,3.0,0.0,0.0,0.0,51.0,0.0,23.0,0.0,0.0,0.0,0.0,44.0,0.0,0.0,0.0,0.0,0.0,0.0,101.0,0.0,0.0,101.0,0.0,0.0,0.0,0.0,0.0,0.0,0.0,0.0,28.0,0.0,0.0,28.0,42.0,0.0,48.0,42.0,27.0,48.0,0.0,27.0,0.0,0.0,0.0,0.0,0.0,0.0,"Jan 19, 2017"
1458,2306100.0,27320.0,Baghdad,Kadhimia,Shoala-Khatib,الشعلة-الخطيب,33.3582459128,44.2946902117,26.0,156.0,11.0,0.0,0.0,0.0,0.0,1.0,0.0,0.0,2.0,0.0,0.0,0.0,6.0,0.0,6.0,0.0,0.0,0.0,0.0,26.0,0.0,0.0,0.0,0.0,0.0,0.0,0.0,0.0,0.0,0.0,0.0,0.0,0.0,0.0,0.0,0.0,0.0,0.0,12.0,0.0,0.0,12.0,10.0,0.0,3.0,10.0,1.0,3.0,0.0,1.0,0.0,0.0,0.0,0.0,0.0,0.0,"Jan 19, 2017"
1459,2306102.0,27377.0,Baghdad,Kadhimia,Kasar Al Ali Village,قرية كسار العلي,33.5788109755,44.1959589788,42.0,252.0,34.0,0.0,0.0,0.0,0.0,0.0,0.0,0.0,0.0,0.0,0.0,0.0,0.0,0.0,8.0,0.0,0.0,0.0,0.0,21.0,0.0,0.0,0.0,0.0,0.0,0.0,21.0,0.0,0.0,21.0,0.0,0.0,0.0,0.0,0.0,0.0,0.0,0.0,0.0,0.0,0.0,0.0,0.0,0.0,28.0,0.0,14.0,28.0,0.0,14.0,0.0,0.0,0.0,0.0,0.0,0.0,"Jan 19, 2017"
1460,2306103.0,27378.0,Baghdad,Kadhimia,Salh Al Fayad ,قرية صالح الفياض,33.5713948443,44.1736471506,36.0,216.0,27.0,0.0,0.0,0.0,0.0,0.0,0.0,0.0,0.0,0.0,0.0,0.0,0.0,0.0,9.0,0.0,0.0,0.0,0.0,22.0,0.0,0.0,0.0,0.0,0.0,0.0,14.0,0.0,0.0,14.0,0.0,0.0,0.0,0.0,0.0,0.0,0.0,0.0,0.0,0.0,0.0,0.0,0.0,0.0,27.0,0.0,9.0,27.0,0.0,9.0,0.0,0.0,0.0,0.0,0.0,0.0,"Jan 19, 2017"
1461,2306104.0,27407.0,Baghdad,Kadhimia,Jakook-440,جكوك-440,33.3778684855,44.3098596853,91.0,546.0,21.0,0.0,0.0,0.0,0.0,0.0,0.0,0.0,9.0,0.0,0.0,0.0,22.0,0.0,39.0,0.0,0.0,0.0,0.0,20.0,0.0,0.0,0.0,0.0,0.0,0.0,71.0,0.0,0.0,71.0,0.0,0.0,0.0,0.0,0.0,0.0,0.0,0.0,0.0,0.0,30.0,0.0,0.0,30.0,51.0,0.0,10.0,51.0,0.0,10.0,0.0,0.0,0.0,0.0,0.0,0.0,"Jan 19, 2017"
1462,2306105.0,27408.0,Baghdad,Kadhimia,Jakook-442,جكوك-442,33.3806177328,44.3064543874,20.0,120.0,10.0,0.0,0.0,0.0,0.0,0.0,0.0,0.0,2.0,0.0,0.0,0.0,8.0,0.0,0.0,0.0,0.0,0.0,0.0,11.0,0.0,0.0,0.0,0.0,0.0,0.0,9.0,0.0,0.0,9.0,0.0,0.0,0.0,0.0,0.0,0.0,0.0,0.0,0.0,0.0,7.0,0.0,0.0,7.0,10.0,0.0,2.0,10.0,1.0,2.0,0.0,1.0,0.0,0.0,0.0,0.0,"Jan 19, 2017"
1463,2306106.0,27413.0,Baghdad,Kadhimia,Al Ahnaf-Al Rakia Fadel village,الأحنف-اركية وفاضل,33.4349745642,44.2439240646,170.0,1020.0,105.0,0.0,6.0,0.0,0.0,0.0,0.0,0.0,1.0,0.0,0.0,0.0,0.0,0.0,58.0,0.0,0.0,0.0,0.0,51.0,0.0,35.0,0.0,0.0,35.0,0.0,79.0,0.0,0.0,79.0,0.0,0.0,0.0,0.0,5.0,0.0,0.0,5.0,0.0,0.0,24.0,0.0,73.0,24.0,11.0,73.0,59.0,11.0,3.0,59.0,0.0,3.0,0.0,0.0,0.0,0.0,"Jan 19, 2017"
1464,2306107.0,27414.0,Baghdad,Kadhimia,Al Ahnaf-Al Sabaiyat,الاحنف-الصابيات,33.4349628006,44.256111709,188.0,1128.0,172.0,0.0,2.0,0.0,0.0,0.0,0.0,0.0,0.0,0.0,0.0,0.0,1.0,0.0,13.0,0.0,0.0,0.0,0.0,60.0,0.0,0.0,0.0,0.0,0.0,0.0,103.0,0.0,0.0,103.0,0.0,0.0,0.0,0.0,25.0,0.0,0.0,25.0,47.0,0.0,38.0,47.0,32.0,38.0,17.0,32.0,51.0,17.0,3.0,51.0,0.0,3.0,0.0,0.0,0.0,0.0,"Jan 19, 2017"
1465,2306108.0,27415.0,Baghdad,Kadhimia,Al Ahnaf-Al Salamiat,الاحنف-السلاميات,33.4226793727,44.2781210982,65.0,390.0,31.0,0.0,4.0,0.0,0.0,0.0,0.0,0.0,3.0,0.0,0.0,0.0,0.0,0.0,27.0,0.0,0.0,0.0,0.0,20.0,0.0,0.0,0.0,0.0,0.0,0.0,45.0,0.0,0.0,45.0,0.0,0.0,0.0,0.0,0.0,0.0,0.0,0.0,15.0,0.0,0.0,15.0,0.0,0.0,25.0,0.0,20.0,25.0,5.0,20.0,0.0,5.0,0.0,0.0,0.0,0.0,"Jan 19, 2017"
1466,2306109.0,28405.0,Baghdad,Kadhimia,Hay Al Askreen,حي العسكريين,33.5103879231,44.233838594,48.0,288.0,48.0,0.0,0.0,0.0,0.0,0.0,0.0,0.0,0.0,0.0,0.0,0.0,0.0,0.0,0.0,0.0,0.0,0.0,0.0,23.0,0.0,0.0,0.0,0.0,0.0,0.0,25.0,0.0,0.0,25.0,0.0,0.0,0.0,0.0,0.0,0.0,0.0,0.0,0.0,0.0,0.0,0.0,0.0,0.0,20.0,0.0,5.0,20.0,23.0,5.0,0.0,23.0,0.0,0.0,0.0,0.0,"Jan 19, 2017"
1467,2306110.0,28397.0,Baghdad,Kadhimia,Al Jaefar Village,قرية الجعيفر,33.494,44.257,7.0,42.0,7.0,0.0,0.0,0.0,0.0,0.0,0.0,0.0,0.0,0.0,0.0,0.0,0.0,0.0,0.0,0.0,0.0,0.0,0.0,2.0,0.0,0.0,0.0,0.0,0.0,0.0,5.0,0.0,0.0,5.0,0.0,0.0,0.0,0.0,0.0,0.0,0.0,0.0,0.0,0.0,0.0,0.0,0.0,0.0,5.0,0.0,2.0,5.0,0.0,2.0,0.0,0.0,0.0,0.0,0.0,0.0,"Jan 19, 2017"
1468,2306111.0,28398.0,Baghdad,Kadhimia,Abd Al Hammad village,قرية عبد الحماد,33.4944784003,44.2454035346,30.0,180.0,30.0,0.0,0.0,0.0,0.0,0.0,0.0,0.0,0.0,0.0,0.0,0.0,0.0,0.0,0.0,0.0,0.0,0.0,0.0,20.0,0.0,0.0,0.0,0.0,0.0,0.0,10.0,0.0,0.0,10.0,0.0,0.0,0.0,0.0,0.0,0.0,0.0,0.0,0.0,0.0,0.0,0.0,0.0,0.0,0.0,0.0,22.0,0.0,8.0,22.0,0.0,8.0,0.0,0.0,0.0,0.0,"Jan 19, 2017"
1469,2306112.0,28396.0,Baghdad,Kadhimia,Abaid al abd alla village,قرية عبيد العبد الله,33.496,44.255,10.0,60.0,10.0,0.0,0.0,0.0,0.0,0.0,0.0,0.0,0.0,0.0,0.0,0.0,0.0,0.0,0.0,0.0,0.0,0.0,0.0,3.0,0.0,0.0,0.0,0.0,0.0,0.0,7.0,0.0,0.0,7.0,0.0,0.0,0.0,0.0,0.0,0.0,0.0,0.0,0.0,0.0,0.0,0.0,0.0,0.0,10.0,0.0,0.0,10.0,0.0,0.0,0.0,0.0,0.0,0.0,0.0,0.0,"Jan 19, 2017"
1470,2306113.0,28399.0,Baghdad,Kadhimia,North Al Kadhimia-447,شمال الكاظمية-447,33.4391850847,44.2727301706,59.0,354.0,39.0,0.0,6.0,0.0,0.0,0.0,0.0,0.0,0.0,0.0,0.0,0.0,4.0,0.0,10.0,0.0,0.0,0.0,0.0,26.0,0.0,0.0,0.0,0.0,0.0,0.0,33.0,0.0,0.0,33.0,0.0,0.0,0.0,0.0,0.0,0.0,0.0,0.0,0.0,0.0,10.0,0.0,5.0,10.0,19.0,5.0,25.0,19.0,0.0,25.0,0.0,0.0,0.0,0.0,0.0,0.0,"Jan 19, 2017"
1471,2306114.0,28402.0,Baghdad,Kadhimia,North Al Kadhimia-Al kadraiya,شمال الكاظمية-القادرية,33.4353390746,44.2812695454,93.0,558.0,50.0,0.0,16.0,0.0,0.0,3.0,0.0,0.0,0.0,0.0,0.0,0.0,8.0,0.0,16.0,0.0,0.0,0.0,0.0,42.0,0.0,0.0,0.0,0.0,0.0,0.0,51.0,0.0,0.0,51.0,0.0,0.0,0.0,0.0,0.0,0.0,0.0,0.0,0.0,0.0,5.0,0.0,19.0,5.0,38.0,19.0,31.0,38.0,0.0,31.0,0.0,0.0,0.0,0.0,0.0,0.0,"Jan 19, 2017"
1472,2306115.0,28401.0,Baghdad,Kadhimia,North Al Kadhimia-Tajyat shata Al Taji,شمال الكاظمية-تاجيات شاطئ التاجي,33.4214970743,44.3164265906,150.0,900.0,60.0,0.0,0.0,0.0,0.0,0.0,0.0,0.0,4.0,0.0,0.0,0.0,17.0,0.0,69.0,0.0,0.0,0.0,0.0,60.0,0.0,0.0,0.0,0.0,0.0,0.0,90.0,0.0,0.0,90.0,0.0,0.0,0.0,0.0,0.0,0.0,0.0,0.0,0.0,0.0,27.0,0.0,8.0,27.0,54.0,8.0,55.0,54.0,6.0,55.0,0.0,6.0,0.0,0.0,0.0,0.0,"Jan 19, 2017"
1473,2306116.0,28400.0,Baghdad,Kadhimia,North Al Kadhimia-Alwan Al Jasim village,شمال الكاظمية-قرية علوان الجاسم,33.4524443654,44.2655086218,91.0,546.0,53.0,0.0,0.0,0.0,0.0,0.0,0.0,0.0,0.0,0.0,0.0,0.0,2.0,0.0,36.0,0.0,0.0,0.0,0.0,20.0,0.0,0.0,0.0,0.0,0.0,0.0,71.0,0.0,0.0,71.0,0.0,0.0,0.0,0.0,0.0,0.0,0.0,0.0,0.0,0.0,0.0,0.0,12.0,0.0,26.0,12.0,53.0,26.0,0.0,53.0,0.0,0.0,0.0,0.0,0.0,0.0,"Jan 19, 2017"
1474,2306117.0,29500.0,Baghdad,Kadhimia,Sabea Al Buor-Sakecht Al Ali,سبع البور-ساجت العلي,33.434529217,44.1886608701,25.0,150.0,25.0,0.0,0.0,0.0,0.0,0.0,0.0,0.0,0.0,0.0,0.0,0.0,0.0,0.0,0.0,0.0,0.0,0.0,0.0,25.0,0.0,0.0,0.0,0.0,0.0,0.0,0.0,0.0,0.0,0.0,0.0,0.0,0.0,0.0,0.0,0.0,0.0,0.0,0.0,0.0,0.0,0.0,0.0,0.0,0.0,0.0,25.0,0.0,0.0,25.0,0.0,0.0,0.0,0.0,0.0,0.0,"Jan 19, 2017"
1475,2306118.0,29501.0,Baghdad,Kadhimia,Sabea Al Buor-Hamed Al Farij,سبع البور-حميد الفرج,33.4283922425,44.1645347046,35.0,210.0,35.0,0.0,0.0,0.0,0.0,0.0,0.0,0.0,0.0,0.0,0.0,0.0,0.0,0.0,0.0,0.0,0.0,0.0,0.0,10.0,0.0,0.0,0.0,0.0,0.0,0.0,25.0,0.0,0.0,25.0,0.0,0.0,0.0,0.0,0.0,0.0,0.0,0.0,0.0,0.0,0.0,0.0,0.0,0.0,0.0,0.0,35.0,0.0,0.0,35.0,0.0,0.0,0.0,0.0,0.0,0.0,"Jan 19, 2017"
1476,2307002.0,25402.0,Baghdad,Karkh,Abu Dsheer-850,ابو دشير-850,33.2180026783,44.3814343689,54.0,324.0,26.0,0.0,0.0,0.0,0.0,2.0,0.0,0.0,0.0,0.0,0.0,0.0,23.0,0.0,3.0,0.0,0.0,0.0,0.0,25.0,0.0,0.0,0.0,0.0,0.0,0.0,29.0,0.0,0.0,29.0,0.0,0.0,0.0,0.0,0.0,0.0,0.0,0.0,10.0,0.0,21.0,10.0,7.0,21.0,16.0,7.0,0.0,16.0,0.0,0.0,0.0,0.0,0.0,0.0,0.0,0.0,"Jan 19, 2017"
1477,2307003.0,25403.0,Baghdad,Karkh,Abu Dsheer-852,ابو دشير-852,33.208289067,44.3809967802,88.0,528.0,37.0,0.0,0.0,0.0,0.0,0.0,0.0,0.0,0.0,0.0,0.0,0.0,38.0,0.0,13.0,0.0,0.0,0.0,0.0,20.0,0.0,0.0,0.0,0.0,0.0,0.0,68.0,0.0,0.0,68.0,0.0,0.0,0.0,0.0,0.0,0.0,0.0,0.0,22.0,0.0,40.0,22.0,0.0,40.0,22.0,0.0,4.0,22.0,0.0,4.0,0.0,0.0,0.0,0.0,0.0,0.0,"Jan 19, 2017"
1478,2307004.0,25404.0,Baghdad,Karkh,Abu Dsheer-854,ابو دشير-854,33.2181773947,44.3865275714,33.0,198.0,13.0,0.0,0.0,0.0,0.0,0.0,0.0,0.0,2.0,0.0,0.0,0.0,11.0,0.0,7.0,0.0,0.0,0.0,0.0,11.0,0.0,0.0,0.0,0.0,0.0,0.0,22.0,0.0,0.0,22.0,0.0,0.0,0.0,0.0,0.0,0.0,0.0,0.0,8.0,0.0,16.0,8.0,0.0,16.0,8.0,0.0,1.0,8.0,0.0,1.0,0.0,0.0,0.0,0.0,0.0,0.0,"Jan 19, 2017"
1479,2307005.0,24080.0,Baghdad,Karkh,Abu Dsheer-856,ابو دشير-856,33.21430566,44.39265046,82.0,492.0,63.0,0.0,0.0,0.0,0.0,0.0,0.0,0.0,0.0,0.0,0.0,0.0,16.0,0.0,3.0,0.0,0.0,0.0,0.0,34.0,0.0,0.0,0.0,0.0,0.0,0.0,22.0,0.0,0.0,22.0,0.0,0.0,0.0,0.0,26.0,0.0,0.0,26.0,31.0,0.0,10.0,31.0,11.0,10.0,27.0,11.0,3.0,27.0,0.0,3.0,0.0,0.0,0.0,0.0,0.0,0.0,"Jan 19, 2017"
1480,2307006.0,25405.0,Baghdad,Karkh,Abu Dsheer-858,ابو دشير-858,33.2182642498,44.3939067056,20.0,120.0,20.0,0.0,0.0,0.0,0.0,0.0,0.0,0.0,0.0,0.0,0.0,0.0,0.0,0.0,0.0,0.0,0.0,0.0,0.0,12.0,0.0,0.0,0.0,0.0,0.0,0.0,8.0,0.0,0.0,8.0,0.0,0.0,0.0,0.0,0.0,0.0,0.0,0.0,5.0,0.0,0.0,5.0,0.0,0.0,0.0,0.0,15.0,0.0,0.0,15.0,0.0,0.0,0.0,0.0,0.0,0.0,"Jan 19, 2017"
1481,2307007.0,26042.0,Baghdad,Karkh,Al Andulus-611,الاندلس-611,33.3159050258,44.3330578833,120.0,720.0,116.0,0.0,0.0,0.0,0.0,0.0,0.0,0.0,0.0,0.0,0.0,0.0,4.0,0.0,0.0,0.0,0.0,0.0,0.0,90.0,0.0,0.0,0.0,0.0,0.0,0.0,30.0,0.0,0.0,30.0,0.0,0.0,0.0,0.0,0.0,0.0,0.0,0.0,0.0,0.0,0.0,0.0,23.0,0.0,40.0,23.0,20.0,40.0,37.0,20.0,0.0,37.0,0.0,0.0,0.0,0.0,"Jan 19, 2017"
1482,2307008.0,24060.0,Baghdad,Karkh,Al Andulus-617,الاندلس-617,33.3266568349,44.3354214025,102.0,612.0,102.0,0.0,0.0,0.0,0.0,0.0,0.0,0.0,0.0,0.0,0.0,0.0,0.0,0.0,0.0,0.0,0.0,0.0,0.0,44.0,0.0,0.0,0.0,0.0,0.0,0.0,58.0,0.0,0.0,58.0,0.0,0.0,0.0,0.0,0.0,0.0,0.0,0.0,17.0,0.0,66.0,17.0,0.0,66.0,0.0,0.0,9.0,0.0,10.0,9.0,0.0,10.0,0.0,0.0,0.0,0.0,"Jan 19, 2017"
1483,2307009.0,7515.0,Baghdad,Karkh,Al Bayaa-817,البياع-817,33.2677696713,44.342884726,217.0,1302.0,80.0,0.0,0.0,0.0,0.0,12.0,0.0,0.0,4.0,0.0,0.0,0.0,101.0,0.0,20.0,0.0,0.0,0.0,0.0,82.0,0.0,0.0,0.0,0.0,0.0,0.0,135.0,0.0,0.0,135.0,0.0,0.0,0.0,0.0,0.0,0.0,0.0,0.0,29.0,0.0,71.0,29.0,60.0,71.0,25.0,60.0,27.0,25.0,5.0,27.0,0.0,5.0,0.0,0.0,0.0,0.0,"Jan 19, 2017"
1484,2307010.0,25221.0,Baghdad,Karkh,Al Forat-893,الفرات-893,33.275924219,44.276316133,309.0,1854.0,212.0,0.0,0.0,0.0,0.0,0.0,0.0,0.0,0.0,0.0,0.0,0.0,58.0,0.0,39.0,0.0,0.0,0.0,0.0,114.0,0.0,45.0,0.0,0.0,45.0,0.0,130.0,0.0,0.0,130.0,0.0,0.0,0.0,0.0,20.0,0.0,0.0,20.0,63.0,0.0,55.0,63.0,56.0,55.0,103.0,56.0,27.0,103.0,0.0,27.0,5.0,0.0,0.0,5.0,0.0,0.0,"Jan 19, 2017"
1485,2307011.0,25412.0,Baghdad,Karkh,Al Ghazaliya-649,الغزالية-649,33.3330644952,44.2897862532,186.0,1116.0,156.0,0.0,0.0,0.0,0.0,0.0,0.0,0.0,0.0,0.0,0.0,0.0,0.0,0.0,30.0,0.0,0.0,0.0,0.0,37.0,0.0,0.0,0.0,0.0,0.0,48.0,101.0,48.0,0.0,101.0,0.0,0.0,0.0,0.0,0.0,0.0,0.0,0.0,82.0,0.0,0.0,82.0,20.0,0.0,0.0,20.0,84.0,0.0,0.0,84.0,0.0,0.0,0.0,0.0,0.0,0.0,"Jan 19, 2017"
1486,2307012.0,25413.0,Baghdad,Karkh,Al Ghazaliya-651,الغزالية-651,33.3282715344,44.2811810868,171.0,1026.0,146.0,0.0,0.0,0.0,0.0,0.0,0.0,0.0,0.0,0.0,0.0,0.0,0.0,0.0,25.0,0.0,0.0,0.0,0.0,0.0,0.0,0.0,0.0,0.0,0.0,0.0,171.0,0.0,0.0,171.0,0.0,0.0,0.0,0.0,0.0,0.0,0.0,0.0,59.0,0.0,89.0,59.0,0.0,89.0,23.0,0.0,0.0,23.0,0.0,0.0,0.0,0.0,0.0,0.0,0.0,0.0,"Jan 19, 2017"
1487,2307013.0,25414.0,Baghdad,Karkh,Al Ghazaliya-653,الغزالية-653,33.3378456259,44.2752953312,157.0,942.0,102.0,0.0,0.0,0.0,0.0,32.0,0.0,0.0,0.0,0.0,0.0,0.0,0.0,0.0,23.0,0.0,0.0,0.0,0.0,14.0,0.0,0.0,0.0,0.0,0.0,0.0,143.0,0.0,0.0,143.0,0.0,0.0,0.0,0.0,0.0,0.0,0.0,0.0,64.0,0.0,42.0,64.0,18.0,42.0,28.0,18.0,5.0,28.0,0.0,5.0,0.0,0.0,0.0,0.0,0.0,0.0,"Jan 19, 2017"
1488,2307014.0,25415.0,Baghdad,Karkh,Al Ghazaliya-655,الغزالية-655,33.3397812423,44.2703382098,487.0,2922.0,283.0,0.0,0.0,0.0,0.0,29.0,0.0,0.0,0.0,0.0,0.0,0.0,63.0,0.0,112.0,0.0,0.0,0.0,0.0,60.0,0.0,0.0,0.0,0.0,0.0,0.0,372.0,0.0,0.0,372.0,0.0,0.0,0.0,0.0,55.0,0.0,0.0,55.0,112.0,0.0,180.0,112.0,60.0,180.0,75.0,60.0,60.0,75.0,0.0,60.0,0.0,0.0,0.0,0.0,0.0,0.0,"Jan 19, 2017"
1489,2307015.0,25411.0,Baghdad,Karkh,Al Ghazaliya-659,الغزالية-659,33.3418839765,44.2840320869,62.0,372.0,39.0,0.0,0.0,0.0,0.0,0.0,0.0,0.0,0.0,0.0,0.0,0.0,0.0,0.0,23.0,0.0,0.0,0.0,0.0,0.0,0.0,0.0,0.0,0.0,0.0,0.0,62.0,0.0,0.0,62.0,0.0,0.0,0.0,0.0,0.0,0.0,0.0,0.0,0.0,0.0,0.0,0.0,0.0,0.0,23.0,0.0,39.0,23.0,0.0,39.0,0.0,0.0,0.0,0.0,0.0,0.0,"Jan 19, 2017"
1490,2307016.0,25410.0,Baghdad,Karkh,Al Ghazaliya-665,الغزالية-665,33.3497179258,44.2695784821,73.0,438.0,65.0,0.0,0.0,0.0,0.0,0.0,0.0,0.0,0.0,0.0,0.0,0.0,0.0,0.0,8.0,0.0,0.0,0.0,0.0,0.0,0.0,0.0,0.0,0.0,0.0,0.0,60.0,0.0,0.0,60.0,0.0,0.0,0.0,0.0,13.0,0.0,0.0,13.0,29.0,0.0,11.0,29.0,0.0,11.0,14.0,0.0,19.0,14.0,0.0,19.0,0.0,0.0,0.0,0.0,0.0,0.0,"Jan 19, 2017"
1491,2307017.0,25409.0,Baghdad,Karkh,Al Ghazaliya-667,الغزالية-667,33.3557805321,44.2726965617,52.0,312.0,52.0,0.0,0.0,0.0,0.0,0.0,0.0,0.0,0.0,0.0,0.0,0.0,0.0,0.0,0.0,0.0,0.0,0.0,0.0,0.0,0.0,0.0,0.0,0.0,0.0,0.0,52.0,0.0,0.0,52.0,0.0,0.0,0.0,0.0,0.0,0.0,0.0,0.0,18.0,0.0,0.0,18.0,0.0,0.0,0.0,0.0,34.0,0.0,0.0,34.0,0.0,0.0,0.0,0.0,0.0,0.0,"Jan 19, 2017"
1492,2307018.0,23734.0,Baghdad,Karkh,Al Ghazaliya-681,الغزالية-681,33.3307527157,44.2774565103,204.0,1224.0,94.0,0.0,86.0,0.0,0.0,24.0,0.0,0.0,0.0,0.0,0.0,0.0,0.0,0.0,0.0,0.0,0.0,0.0,0.0,93.0,0.0,0.0,0.0,0.0,0.0,0.0,96.0,0.0,0.0,96.0,0.0,0.0,0.0,0.0,15.0,0.0,0.0,15.0,105.0,0.0,86.0,105.0,13.0,86.0,0.0,13.0,0.0,0.0,0.0,0.0,0.0,0.0,0.0,0.0,0.0,0.0,"Jan 19, 2017"
1493,2307019.0,25929.0,Baghdad,Karkh,Al Ghazaliyah(sheik Al Janabi)collective center,مجمع(شيخ الجنابي)الغزالية,33.320505,44.257303,135.0,810.0,135.0,0.0,0.0,0.0,0.0,0.0,0.0,0.0,0.0,0.0,0.0,0.0,0.0,0.0,0.0,0.0,0.0,0.0,0.0,0.0,0.0,135.0,0.0,0.0,135.0,0.0,0.0,0.0,0.0,0.0,0.0,0.0,0.0,0.0,0.0,0.0,0.0,0.0,0.0,0.0,0.0,0.0,0.0,0.0,0.0,0.0,135.0,0.0,0.0,135.0,0.0,0.0,0.0,0.0,0.0,0.0,"Jan 19, 2017"
1494,2307020.0,24065.0,Baghdad,Karkh,Al Ghazaliyah-685,الغزالية-685,33.3317920358,44.2701578363,207.0,1242.0,96.0,0.0,0.0,0.0,0.0,23.0,0.0,0.0,0.0,0.0,0.0,0.0,88.0,0.0,0.0,0.0,0.0,0.0,0.0,88.0,0.0,0.0,0.0,0.0,0.0,0.0,94.0,0.0,0.0,94.0,0.0,0.0,0.0,0.0,25.0,0.0,0.0,25.0,109.0,0.0,88.0,109.0,0.0,88.0,0.0,0.0,10.0,0.0,0.0,10.0,0.0,0.0,0.0,0.0,0.0,0.0,"Jan 19, 2017"
1495,2307024.0,23737.0,Baghdad,Karkh,Al Andls-613,الاندلس-613,33.3225798369,44.3350677746,17.0,102.0,12.0,0.0,0.0,0.0,0.0,0.0,0.0,0.0,0.0,0.0,0.0,0.0,5.0,0.0,0.0,0.0,0.0,0.0,0.0,17.0,0.0,0.0,0.0,0.0,0.0,0.0,0.0,0.0,0.0,0.0,0.0,0.0,0.0,0.0,0.0,0.0,0.0,0.0,0.0,0.0,0.0,0.0,0.0,0.0,0.0,0.0,0.0,0.0,12.0,0.0,5.0,12.0,0.0,5.0,0.0,0.0,"Jan 19, 2017"
1496,2307025.0,23982.0,Baghdad,Karkh,Al Iskan(Al Masfi)-822,الاسكان-822(المصافي),33.2528837914,44.3820546766,886.0,5316.0,705.0,0.0,0.0,0.0,0.0,0.0,0.0,0.0,0.0,0.0,0.0,0.0,0.0,0.0,181.0,0.0,0.0,0.0,0.0,688.0,0.0,0.0,0.0,0.0,0.0,0.0,198.0,0.0,0.0,198.0,0.0,0.0,0.0,0.0,0.0,0.0,0.0,0.0,114.0,0.0,253.0,114.0,0.0,253.0,169.0,0.0,301.0,169.0,49.0,301.0,0.0,49.0,0.0,0.0,0.0,0.0,"Jan 19, 2017"
1497,2307026.0,23676.0,Baghdad,Karkh,Al Jameah-629,الجامعة-629,33.3208677804,44.3251131443,64.0,384.0,40.0,0.0,0.0,0.0,0.0,0.0,0.0,0.0,0.0,0.0,0.0,0.0,4.0,0.0,20.0,0.0,0.0,0.0,0.0,33.0,0.0,0.0,0.0,0.0,0.0,0.0,31.0,0.0,0.0,31.0,0.0,0.0,0.0,0.0,0.0,0.0,0.0,0.0,0.0,0.0,0.0,0.0,0.0,0.0,29.0,0.0,26.0,29.0,5.0,26.0,4.0,5.0,0.0,4.0,0.0,0.0,"Jan 19, 2017"
1498,2307027.0,23727.0,Baghdad,Karkh,Al Jameah-627,الجامعة-627,33.3101767944,44.3251078431,230.0,1380.0,205.0,0.0,0.0,0.0,0.0,0.0,0.0,0.0,0.0,0.0,0.0,0.0,12.0,0.0,13.0,0.0,0.0,0.0,0.0,81.0,0.0,0.0,0.0,0.0,0.0,0.0,149.0,0.0,0.0,149.0,0.0,0.0,0.0,0.0,0.0,0.0,0.0,0.0,53.0,0.0,8.0,53.0,0.0,8.0,28.0,0.0,137.0,28.0,0.0,137.0,4.0,0.0,0.0,4.0,0.0,0.0,"Jan 19, 2017"
1499,2307028.0,26040.0,Baghdad,Karkh,Al Jameah-631,الجامعة-631,33.3131873896,44.3119284302,552.0,3312.0,505.0,0.0,0.0,0.0,0.0,0.0,0.0,0.0,0.0,0.0,0.0,0.0,33.0,0.0,14.0,0.0,0.0,0.0,0.0,316.0,0.0,0.0,0.0,0.0,0.0,0.0,236.0,0.0,0.0,236.0,0.0,0.0,0.0,0.0,0.0,0.0,0.0,0.0,0.0,0.0,12.0,0.0,0.0,12.0,72.0,0.0,457.0,72.0,3.0,457.0,8.0,3.0,0.0,8.0,0.0,0.0,"Jan 19, 2017"
1500,2307029.0,23730.0,Baghdad,Karkh,Al Jameah-633,الجامعة-633,33.3184209168,44.3195435376,532.0,3192.0,482.0,0.0,12.0,0.0,0.0,21.0,0.0,0.0,0.0,0.0,0.0,0.0,17.0,0.0,0.0,0.0,0.0,0.0,0.0,238.0,0.0,0.0,0.0,0.0,0.0,13.0,281.0,13.0,0.0,281.0,0.0,0.0,0.0,0.0,0.0,0.0,0.0,0.0,98.0,0.0,94.0,98.0,0.0,94.0,169.0,0.0,150.0,169.0,12.0,150.0,9.0,12.0,0.0,9.0,0.0,0.0,"Jan 19, 2017"
1501,2307030.0,26041.0,Baghdad,Karkh,Al Jameah-635,الجامعة 635,33.3269083874,44.3178862737,321.0,1926.0,266.0,0.0,0.0,0.0,0.0,0.0,0.0,0.0,0.0,0.0,0.0,0.0,34.0,0.0,21.0,0.0,0.0,0.0,0.0,117.0,0.0,0.0,0.0,0.0,0.0,0.0,204.0,0.0,0.0,204.0,0.0,0.0,0.0,0.0,0.0,0.0,0.0,0.0,136.0,0.0,0.0,136.0,0.0,0.0,94.0,0.0,78.0,94.0,6.0,78.0,7.0,6.0,0.0,7.0,0.0,0.0,"Jan 19, 2017"
1502,2307031.0,24074.0,Baghdad,Karkh,Al Jamhoriyah(Al Masfi)-838,الجمهورية 838(المصافي),33.2546964603,44.4110503551,427.0,2562.0,415.0,0.0,0.0,0.0,0.0,0.0,0.0,0.0,0.0,0.0,0.0,0.0,2.0,0.0,10.0,0.0,0.0,0.0,0.0,323.0,0.0,0.0,0.0,0.0,0.0,0.0,104.0,0.0,0.0,104.0,0.0,0.0,0.0,0.0,0.0,0.0,0.0,0.0,236.0,0.0,0.0,236.0,42.0,0.0,32.0,42.0,86.0,32.0,31.0,86.0,0.0,31.0,0.0,0.0,0.0,0.0,"Jan 19, 2017"
1503,2307032.0,24076.0,Baghdad,Karkh,Al Jazaer-804,الجزائر-804,33.2577201643,44.3721705094,179.0,1074.0,68.0,0.0,21.0,0.0,0.0,0.0,0.0,0.0,0.0,0.0,0.0,0.0,22.0,0.0,68.0,0.0,0.0,0.0,0.0,77.0,0.0,0.0,0.0,0.0,0.0,0.0,102.0,0.0,0.0,102.0,0.0,0.0,0.0,0.0,0.0,0.0,0.0,0.0,51.0,0.0,39.0,51.0,0.0,39.0,11.0,0.0,78.0,11.0,0.0,78.0,0.0,0.0,0.0,0.0,0.0,0.0,"Jan 19, 2017"
1504,2307033.0,24445.0,Baghdad,Karkh,Al Jazaer-818,الجزائر-818,33.251712442,44.3683068246,164.0,984.0,67.0,0.0,27.0,0.0,0.0,0.0,0.0,0.0,0.0,0.0,0.0,0.0,0.0,0.0,70.0,0.0,0.0,0.0,0.0,76.0,0.0,0.0,0.0,0.0,0.0,0.0,88.0,0.0,0.0,88.0,0.0,0.0,0.0,0.0,0.0,0.0,0.0,0.0,0.0,0.0,0.0,0.0,29.0,0.0,25.0,29.0,91.0,25.0,9.0,91.0,10.0,9.0,0.0,10.0,0.0,0.0,"Jan 19, 2017"
1505,2307034.0,24446.0,Baghdad,Karkh,Al Jazaer-820,الجزائر-820,33.2526541393,44.3709557583,395.0,2370.0,246.0,0.0,65.0,0.0,0.0,0.0,0.0,0.0,0.0,0.0,0.0,0.0,5.0,0.0,79.0,0.0,0.0,0.0,0.0,243.0,0.0,0.0,0.0,0.0,0.0,0.0,152.0,0.0,0.0,152.0,0.0,0.0,0.0,0.0,0.0,0.0,0.0,0.0,0.0,0.0,0.0,0.0,93.0,0.0,199.0,93.0,92.0,199.0,6.0,92.0,5.0,6.0,0.0,5.0,0.0,0.0,"Jan 19, 2017"
1506,2307035.0,23983.0,Baghdad,Karkh,Al Jazera-808,الجزيرة-808,33.2652011182,44.3962505815,374.0,2244.0,346.0,0.0,0.0,0.0,0.0,9.0,0.0,0.0,0.0,0.0,0.0,0.0,8.0,0.0,11.0,0.0,0.0,0.0,0.0,165.0,0.0,0.0,0.0,0.0,0.0,0.0,209.0,0.0,0.0,209.0,0.0,0.0,0.0,0.0,0.0,0.0,0.0,0.0,121.0,0.0,64.0,121.0,0.0,64.0,68.0,0.0,93.0,68.0,20.0,93.0,8.0,20.0,0.0,8.0,0.0,0.0,"Jan 19, 2017"
1507,2307036.0,25881.0,Baghdad,Karkh,Al Jazera-812,الجزيرة-812,33.2648825341,44.3991232041,32.0,192.0,32.0,0.0,0.0,0.0,0.0,0.0,0.0,0.0,0.0,0.0,0.0,0.0,0.0,0.0,0.0,0.0,0.0,0.0,0.0,6.0,0.0,0.0,0.0,0.0,0.0,0.0,26.0,0.0,0.0,26.0,0.0,0.0,0.0,0.0,0.0,0.0,0.0,0.0,0.0,0.0,0.0,0.0,0.0,0.0,8.0,0.0,24.0,8.0,0.0,24.0,0.0,0.0,0.0,0.0,0.0,0.0,"Jan 19, 2017"
1508,2307037.0,21460.0,Baghdad,Karkh,Al Khadraa-639,الخضراء-639,33.3202050962,44.297554196,391.0,2346.0,355.0,0.0,0.0,0.0,0.0,0.0,0.0,0.0,0.0,0.0,0.0,0.0,0.0,0.0,36.0,0.0,0.0,0.0,0.0,141.0,0.0,0.0,0.0,0.0,0.0,0.0,250.0,0.0,0.0,250.0,0.0,0.0,0.0,0.0,0.0,0.0,0.0,0.0,50.0,0.0,75.0,50.0,0.0,75.0,161.0,0.0,85.0,161.0,20.0,85.0,0.0,20.0,0.0,0.0,0.0,0.0,"Jan 19, 2017"
1509,2307038.0,25206.0,Baghdad,Karkh,Al Khadraa-640,الخضراء-640,33.3234376614,44.2954521371,647.0,3882.0,605.0,0.0,0.0,0.0,0.0,0.0,0.0,0.0,0.0,0.0,0.0,0.0,22.0,0.0,20.0,0.0,0.0,0.0,0.0,132.0,0.0,0.0,0.0,0.0,0.0,0.0,515.0,0.0,0.0,515.0,0.0,0.0,0.0,0.0,0.0,0.0,0.0,0.0,0.0,0.0,22.0,0.0,0.0,22.0,350.0,0.0,267.0,350.0,8.0,267.0,0.0,8.0,0.0,0.0,0.0,0.0,"Jan 19, 2017"
1510,2307039.0,23574.0,Baghdad,Karkh,Al Maalef-843,المعالف-843,33.2235098311,44.3448670102,76.0,456.0,27.0,0.0,0.0,0.0,0.0,14.0,0.0,0.0,0.0,0.0,0.0,0.0,9.0,0.0,26.0,0.0,0.0,0.0,0.0,25.0,0.0,0.0,0.0,0.0,0.0,0.0,51.0,0.0,0.0,51.0,0.0,0.0,0.0,0.0,0.0,0.0,0.0,0.0,0.0,0.0,22.0,0.0,36.0,22.0,0.0,36.0,18.0,0.0,0.0,18.0,0.0,0.0,0.0,0.0,0.0,0.0,"Jan 19, 2017"
1511,2307041.0,23985.0,Baghdad,Karkh,Al Mechanic(Al Hader)-830,الميكانيك-830(الحضر),33.2392502591,44.3928029601,280.0,1680.0,204.0,4.0,0.0,0.0,0.0,0.0,0.0,0.0,0.0,0.0,0.0,0.0,23.0,0.0,49.0,0.0,0.0,0.0,0.0,89.0,0.0,0.0,0.0,0.0,0.0,0.0,191.0,0.0,0.0,191.0,0.0,0.0,0.0,0.0,0.0,0.0,0.0,0.0,66.0,0.0,23.0,66.0,0.0,23.0,150.0,0.0,41.0,150.0,0.0,41.0,0.0,0.0,0.0,0.0,0.0,0.0,"Jan 19, 2017"
1512,2307042.0,24712.0,Baghdad,Karkh,Al Mechanic (Al Hader)-834,الميكانيك-834(الحضر),33.2381723214,44.3998919556,296.0,1776.0,223.0,0.0,45.0,0.0,0.0,0.0,0.0,0.0,0.0,0.0,0.0,0.0,28.0,0.0,0.0,0.0,0.0,0.0,0.0,49.0,0.0,0.0,0.0,0.0,0.0,0.0,247.0,0.0,0.0,247.0,0.0,0.0,0.0,0.0,0.0,0.0,0.0,0.0,0.0,0.0,25.0,0.0,0.0,25.0,241.0,0.0,30.0,241.0,0.0,30.0,0.0,0.0,0.0,0.0,0.0,0.0,"Jan 19, 2017"
1513,2307043.0,25933.0,Baghdad,Karkh,Al Mutanbi-603,المتنبي-603,33.3220432206,44.3581395042,227.0,1362.0,178.0,0.0,0.0,0.0,0.0,0.0,0.0,0.0,0.0,0.0,0.0,0.0,39.0,0.0,10.0,0.0,0.0,0.0,0.0,56.0,0.0,0.0,0.0,0.0,0.0,0.0,171.0,0.0,0.0,171.0,0.0,0.0,0.0,0.0,0.0,0.0,0.0,0.0,0.0,0.0,0.0,0.0,0.0,0.0,111.0,0.0,111.0,111.0,0.0,111.0,5.0,0.0,0.0,5.0,0.0,0.0,"Jan 19, 2017"
1514,2307044.0,25932.0,Baghdad,Karkh,Al Mutanbi-605,المتنبي-605,33.3198152988,44.347270163,61.0,366.0,20.0,0.0,0.0,0.0,0.0,0.0,0.0,0.0,0.0,0.0,0.0,0.0,29.0,0.0,12.0,0.0,0.0,0.0,0.0,34.0,0.0,0.0,0.0,0.0,0.0,0.0,27.0,0.0,0.0,27.0,0.0,0.0,0.0,0.0,0.0,0.0,0.0,0.0,0.0,0.0,0.0,0.0,22.0,0.0,19.0,22.0,20.0,19.0,0.0,20.0,0.0,0.0,0.0,0.0,0.0,0.0,"Jan 19, 2017"
1515,2307045.0,25934.0,Baghdad,Karkh,Al Mutanbi-607,المتنبي-607,33.3235690591,44.3429266326,89.0,534.0,47.0,0.0,0.0,0.0,0.0,0.0,0.0,0.0,0.0,0.0,0.0,0.0,27.0,0.0,15.0,0.0,0.0,0.0,0.0,29.0,0.0,0.0,0.0,0.0,0.0,0.0,60.0,0.0,0.0,60.0,0.0,0.0,0.0,0.0,0.0,0.0,0.0,0.0,0.0,0.0,0.0,0.0,61.0,0.0,0.0,61.0,28.0,0.0,0.0,28.0,0.0,0.0,0.0,0.0,0.0,0.0,"Jan 19, 2017"
1516,2307046.0,25935.0,Baghdad,Karkh,Al Mutanbi-615,المتنبي-615,33.3269530693,44.3478230661,91.0,546.0,91.0,0.0,0.0,0.0,0.0,0.0,0.0,0.0,0.0,0.0,0.0,0.0,0.0,0.0,0.0,0.0,0.0,0.0,0.0,41.0,0.0,0.0,0.0,0.0,0.0,0.0,50.0,0.0,0.0,50.0,0.0,0.0,0.0,0.0,0.0,0.0,0.0,0.0,0.0,0.0,0.0,0.0,21.0,0.0,0.0,21.0,70.0,0.0,0.0,70.0,0.0,0.0,0.0,0.0,0.0,0.0,"Jan 19, 2017"
1517,2307047.0,25953.0,Baghdad,Karkh,Al Qadissiya-602,القادسية-602,33.2959295288,44.3545448024,81.0,486.0,55.0,0.0,0.0,0.0,0.0,0.0,0.0,0.0,0.0,0.0,0.0,0.0,12.0,0.0,14.0,0.0,0.0,0.0,0.0,20.0,0.0,0.0,0.0,0.0,0.0,0.0,61.0,0.0,0.0,61.0,0.0,0.0,0.0,0.0,0.0,0.0,0.0,0.0,0.0,0.0,0.0,0.0,12.0,0.0,0.0,12.0,69.0,0.0,0.0,69.0,0.0,0.0,0.0,0.0,0.0,0.0,"Jan 19, 2017"
1518,2307048.0,24064.0,Baghdad,Karkh,Al Qadissiya-604,القادسية-604,33.2872026454,44.3540175531,194.0,1164.0,158.0,0.0,0.0,0.0,0.0,0.0,0.0,0.0,0.0,0.0,0.0,0.0,14.0,0.0,22.0,0.0,0.0,0.0,0.0,47.0,0.0,0.0,0.0,0.0,0.0,0.0,147.0,0.0,0.0,147.0,0.0,0.0,0.0,0.0,0.0,0.0,0.0,0.0,136.0,0.0,0.0,136.0,14.0,0.0,0.0,14.0,44.0,0.0,0.0,44.0,0.0,0.0,0.0,0.0,0.0,0.0,"Jan 19, 2017"
1519,2307049.0,25952.0,Baghdad,Karkh,Al Qadissiya-606,القادسية-606,33.2801239483,44.3543928861,75.0,450.0,42.0,0.0,0.0,0.0,0.0,0.0,0.0,0.0,0.0,0.0,0.0,0.0,17.0,0.0,16.0,0.0,0.0,0.0,0.0,23.0,0.0,0.0,0.0,0.0,0.0,0.0,52.0,0.0,0.0,52.0,0.0,0.0,0.0,0.0,0.0,0.0,0.0,0.0,0.0,0.0,17.0,0.0,0.0,17.0,8.0,0.0,50.0,8.0,0.0,50.0,0.0,0.0,0.0,0.0,0.0,0.0,"Jan 19, 2017"
1520,2307050.0,25951.0,Baghdad,Karkh,Al Raie 861,الري 861,33.2219955373,44.3303134778,236.0,1416.0,77.0,2.0,0.0,0.0,0.0,3.0,0.0,0.0,1.0,0.0,0.0,0.0,90.0,0.0,63.0,0.0,0.0,0.0,0.0,89.0,0.0,0.0,0.0,0.0,0.0,0.0,147.0,0.0,0.0,147.0,0.0,0.0,0.0,0.0,0.0,0.0,0.0,0.0,0.0,0.0,115.0,0.0,0.0,115.0,44.0,0.0,77.0,44.0,0.0,77.0,0.0,0.0,0.0,0.0,0.0,0.0,"Jan 19, 2017"
1521,2307051.0,24447.0,Baghdad,Karkh,Al Resala-851,الرسالة-851,33.2477122238,44.3337405913,103.0,618.0,49.0,0.0,0.0,0.0,0.0,0.0,0.0,0.0,0.0,0.0,0.0,0.0,38.0,0.0,16.0,0.0,0.0,0.0,0.0,30.0,0.0,0.0,0.0,0.0,0.0,0.0,73.0,0.0,0.0,73.0,0.0,0.0,0.0,0.0,0.0,0.0,0.0,0.0,0.0,0.0,29.0,0.0,0.0,29.0,4.0,0.0,56.0,4.0,14.0,56.0,0.0,14.0,0.0,0.0,0.0,0.0,"Jan 19, 2017"
1522,2307053.0,7496.0,Baghdad,Karkh,Al salam-al takia al kasnazania camp,مخيم الكسنزانية,33.2254577,44.36880726,510.0,3060.0,108.0,0.0,0.0,0.0,0.0,0.0,0.0,0.0,0.0,0.0,0.0,0.0,2.0,0.0,400.0,0.0,0.0,0.0,510.0,0.0,0.0,0.0,0.0,0.0,0.0,0.0,0.0,0.0,0.0,0.0,0.0,0.0,0.0,0.0,0.0,0.0,0.0,0.0,0.0,0.0,0.0,0.0,0.0,0.0,400.0,0.0,108.0,400.0,0.0,108.0,2.0,0.0,0.0,2.0,0.0,0.0,"Jan 19, 2017"
1523,2307054.0,23575.0,Baghdad,Karkh,Al Saydiya-823,السيدية-823,33.2436532546,44.363456639,201.0,1206.0,201.0,0.0,0.0,0.0,0.0,0.0,0.0,0.0,0.0,0.0,0.0,0.0,0.0,0.0,0.0,0.0,0.0,0.0,0.0,31.0,0.0,0.0,0.0,0.0,0.0,30.0,106.0,30.0,0.0,106.0,0.0,0.0,0.0,0.0,34.0,0.0,0.0,34.0,22.0,0.0,0.0,22.0,0.0,0.0,0.0,0.0,173.0,0.0,0.0,173.0,6.0,0.0,0.0,6.0,0.0,0.0,"Jan 19, 2017"
1524,2307055.0,25458.0,Baghdad,Karkh,Al Saydiya-821,السيدية-821,33.2598007622,44.3580880763,409.0,2454.0,307.0,8.0,13.0,0.0,0.0,0.0,0.0,0.0,0.0,0.0,0.0,0.0,50.0,0.0,31.0,0.0,0.0,0.0,0.0,150.0,0.0,0.0,0.0,0.0,0.0,16.0,200.0,16.0,0.0,200.0,0.0,0.0,43.0,0.0,0.0,43.0,0.0,0.0,16.0,0.0,58.0,16.0,5.0,58.0,96.0,5.0,234.0,96.0,0.0,234.0,0.0,0.0,0.0,0.0,0.0,0.0,"Jan 19, 2017"
1525,2307056.0,24081.0,Baghdad,Karkh,Al Saydiya-825,السيدية-825,33.2419278768,44.352992308,245.0,1470.0,173.0,0.0,39.0,0.0,0.0,0.0,0.0,0.0,0.0,0.0,0.0,0.0,33.0,0.0,0.0,0.0,0.0,0.0,0.0,18.0,0.0,0.0,0.0,0.0,0.0,22.0,205.0,22.0,0.0,205.0,0.0,0.0,0.0,0.0,0.0,0.0,0.0,0.0,20.0,0.0,0.0,20.0,29.0,0.0,39.0,29.0,153.0,39.0,0.0,153.0,4.0,0.0,0.0,4.0,0.0,0.0,"Jan 19, 2017"
1526,2307058.0,24120.0,Baghdad,Karkh,Al Shabab-839,الشباب-839,33.232625027,44.3265487103,86.0,516.0,63.0,0.0,0.0,0.0,0.0,6.0,0.0,0.0,2.0,0.0,0.0,0.0,4.0,0.0,11.0,0.0,0.0,0.0,0.0,10.0,0.0,0.0,0.0,0.0,0.0,0.0,76.0,0.0,0.0,76.0,0.0,0.0,0.0,0.0,0.0,0.0,0.0,0.0,19.0,0.0,10.0,19.0,0.0,10.0,0.0,0.0,57.0,0.0,0.0,57.0,0.0,0.0,0.0,0.0,0.0,0.0,"Jan 19, 2017"
1527,2307059.0,23085.0,Baghdad,Karkh,Al Shurta-869,الشرطة-869,33.2421730578,44.3054452317,19.0,114.0,3.0,0.0,0.0,0.0,0.0,0.0,0.0,0.0,0.0,0.0,0.0,0.0,13.0,0.0,3.0,0.0,0.0,0.0,0.0,7.0,0.0,0.0,0.0,0.0,0.0,0.0,12.0,0.0,0.0,12.0,0.0,0.0,0.0,0.0,0.0,0.0,0.0,0.0,0.0,0.0,19.0,0.0,0.0,19.0,0.0,0.0,0.0,0.0,0.0,0.0,0.0,0.0,0.0,0.0,0.0,0.0,"Jan 19, 2017"
1528,2307060.0,23086.0,Baghdad,Karkh,Al Shurta-875,الشرطة-875,33.2507620055,44.3179932234,88.0,528.0,19.0,0.0,0.0,0.0,0.0,0.0,0.0,0.0,0.0,0.0,0.0,0.0,60.0,0.0,9.0,0.0,0.0,0.0,0.0,28.0,0.0,0.0,0.0,0.0,0.0,33.0,27.0,33.0,0.0,27.0,0.0,0.0,0.0,0.0,0.0,0.0,0.0,0.0,7.0,0.0,41.0,7.0,5.0,41.0,20.0,5.0,10.0,20.0,0.0,10.0,5.0,0.0,0.0,5.0,0.0,0.0,"Jan 19, 2017"
1529,2307061.0,24073.0,Baghdad,Karkh,Shurtah Al Hader-846,شرطة الحضر-846,33.2423107799,44.4077187188,90.0,540.0,6.0,56.0,0.0,0.0,0.0,20.0,0.0,0.0,0.0,0.0,0.0,0.0,0.0,0.0,8.0,0.0,0.0,0.0,0.0,82.0,0.0,0.0,0.0,0.0,0.0,0.0,8.0,0.0,0.0,8.0,0.0,0.0,0.0,0.0,0.0,0.0,0.0,0.0,23.0,0.0,33.0,23.0,20.0,33.0,14.0,20.0,0.0,14.0,0.0,0.0,0.0,0.0,0.0,0.0,0.0,0.0,"Jan 19, 2017"
1530,2307062.0,25459.0,Baghdad,Karkh,Al Shurtah-867,الشرطة-867,33.2415590164,44.3122482265,96.0,576.0,65.0,0.0,0.0,0.0,0.0,2.0,0.0,0.0,0.0,0.0,0.0,0.0,21.0,0.0,8.0,0.0,0.0,0.0,0.0,37.0,0.0,0.0,0.0,0.0,0.0,0.0,59.0,0.0,0.0,59.0,0.0,0.0,0.0,0.0,0.0,0.0,0.0,0.0,11.0,0.0,31.0,11.0,3.0,31.0,29.0,3.0,17.0,29.0,5.0,17.0,0.0,5.0,0.0,0.0,0.0,0.0,"Jan 19, 2017"
1531,2307063.0,23984.0,Baghdad,Karkh,Al Toma(Al Masfi)-826,الطعمة-826(المصافي),33.2492277263,44.3937489793,796.0,4776.0,699.0,0.0,0.0,0.0,0.0,0.0,0.0,0.0,0.0,0.0,0.0,0.0,0.0,0.0,97.0,0.0,0.0,0.0,0.0,196.0,0.0,0.0,0.0,0.0,0.0,0.0,600.0,0.0,0.0,600.0,0.0,0.0,0.0,0.0,0.0,0.0,0.0,0.0,270.0,0.0,87.0,270.0,47.0,87.0,148.0,47.0,208.0,148.0,36.0,208.0,0.0,36.0,0.0,0.0,0.0,0.0,"Jan 19, 2017"
1532,2307064.0,23986.0,Baghdad,Karkh,Al Wadi(Al Masfi)-824,الوادي-824(المصافي),33.2504192941,44.3902503662,902.0,5412.0,836.0,0.0,0.0,0.0,0.0,0.0,0.0,0.0,0.0,0.0,0.0,0.0,6.0,0.0,60.0,0.0,0.0,0.0,0.0,526.0,0.0,0.0,0.0,0.0,0.0,0.0,376.0,0.0,0.0,376.0,0.0,0.0,0.0,0.0,0.0,0.0,0.0,0.0,605.0,0.0,69.0,605.0,0.0,69.0,0.0,0.0,192.0,0.0,30.0,192.0,6.0,30.0,0.0,6.0,0.0,0.0,"Jan 19, 2017"
1533,2307065.0,7534.0,Baghdad,Karkh,Al Yarmok,اليرموك,33.2965171378,44.3343737538,2.0,12.0,0.0,0.0,0.0,0.0,0.0,0.0,0.0,0.0,0.0,0.0,0.0,0.0,2.0,0.0,0.0,0.0,0.0,0.0,0.0,2.0,0.0,0.0,0.0,0.0,0.0,0.0,0.0,0.0,0.0,0.0,0.0,0.0,0.0,0.0,0.0,0.0,0.0,0.0,0.0,0.0,0.0,0.0,0.0,0.0,0.0,0.0,0.0,0.0,0.0,0.0,2.0,0.0,0.0,2.0,0.0,0.0,"Jan 19, 2017"
1534,2307066.0,24986.0,Baghdad,Karkh,Al Yarmok-614,اليرموك-614,33.291414059,44.3307052028,200.0,1200.0,180.0,0.0,0.0,0.0,0.0,0.0,0.0,0.0,0.0,0.0,0.0,0.0,20.0,0.0,0.0,0.0,0.0,0.0,0.0,45.0,0.0,0.0,0.0,0.0,0.0,0.0,155.0,0.0,0.0,155.0,0.0,0.0,0.0,0.0,0.0,0.0,0.0,0.0,0.0,0.0,0.0,0.0,20.0,0.0,159.0,20.0,21.0,159.0,0.0,21.0,0.0,0.0,0.0,0.0,0.0,0.0,"Jan 19, 2017"
1535,2307067.0,24987.0,Baghdad,Karkh,Al Yarmouk-608,اليرموك-608,33.3020514485,44.3487832801,246.0,1476.0,184.0,4.0,0.0,0.0,0.0,0.0,0.0,0.0,0.0,0.0,0.0,0.0,31.0,0.0,27.0,0.0,0.0,0.0,0.0,63.0,0.0,0.0,0.0,0.0,0.0,0.0,183.0,0.0,0.0,183.0,0.0,0.0,0.0,0.0,0.0,0.0,0.0,0.0,0.0,0.0,10.0,0.0,22.0,10.0,49.0,22.0,165.0,49.0,0.0,165.0,0.0,0.0,0.0,0.0,0.0,0.0,"Jan 19, 2017"
1536,2307068.0,24062.0,Baghdad,Karkh,Al Yarmouk-610,اليرموك-610,33.2974938145,44.3455989594,202.0,1212.0,170.0,0.0,0.0,0.0,0.0,3.0,0.0,0.0,0.0,0.0,0.0,0.0,15.0,0.0,14.0,0.0,0.0,0.0,0.0,79.0,0.0,0.0,0.0,0.0,0.0,0.0,123.0,0.0,0.0,123.0,0.0,0.0,0.0,0.0,0.0,0.0,0.0,0.0,90.0,0.0,0.0,90.0,20.0,0.0,34.0,20.0,58.0,34.0,0.0,58.0,0.0,0.0,0.0,0.0,0.0,0.0,"Jan 19, 2017"
1537,2307069.0,24072.0,Baghdad,Karkh,Al Yarmouk-612,اليرموك-612,33.2954800363,44.3304061972,228.0,1368.0,166.0,0.0,0.0,0.0,0.0,0.0,0.0,0.0,0.0,0.0,0.0,0.0,35.0,0.0,27.0,0.0,0.0,0.0,0.0,101.0,0.0,0.0,0.0,0.0,0.0,0.0,127.0,0.0,0.0,127.0,0.0,0.0,0.0,0.0,0.0,0.0,0.0,0.0,98.0,0.0,0.0,98.0,35.0,0.0,22.0,35.0,73.0,22.0,0.0,73.0,0.0,0.0,0.0,0.0,0.0,0.0,"Jan 19, 2017"
1538,2307070.0,24059.0,Baghdad,Karkh,Al Yarmouk-616,اليرموك-616,33.2985078006,44.3312781265,215.0,1290.0,154.0,2.0,0.0,0.0,0.0,8.0,0.0,0.0,0.0,0.0,0.0,0.0,33.0,0.0,18.0,0.0,0.0,0.0,0.0,86.0,0.0,0.0,0.0,0.0,0.0,0.0,129.0,0.0,0.0,129.0,0.0,0.0,0.0,0.0,0.0,0.0,0.0,0.0,120.0,0.0,0.0,120.0,12.0,0.0,36.0,12.0,47.0,36.0,0.0,47.0,0.0,0.0,0.0,0.0,0.0,0.0,"Jan 19, 2017"
1539,2307071.0,24077.0,Baghdad,Karkh,Al Jazera-806,الجزيرة-806,33.2576072398,44.3880678466,20.0,120.0,20.0,0.0,0.0,0.0,0.0,0.0,0.0,0.0,0.0,0.0,0.0,0.0,0.0,0.0,0.0,0.0,0.0,0.0,0.0,10.0,0.0,0.0,0.0,0.0,0.0,0.0,10.0,0.0,0.0,10.0,0.0,0.0,0.0,0.0,0.0,0.0,0.0,0.0,10.0,0.0,0.0,10.0,0.0,0.0,5.0,0.0,0.0,5.0,5.0,0.0,0.0,5.0,0.0,0.0,0.0,0.0,"Jan 19, 2017"
1540,2307073.0,7584.0,Baghdad,Karkh,Albo_Aitha,البو عيثا,33.2413404954,44.4359270465,71.0,426.0,46.0,0.0,4.0,0.0,0.0,0.0,0.0,0.0,0.0,0.0,0.0,0.0,11.0,0.0,10.0,0.0,0.0,0.0,0.0,71.0,0.0,0.0,0.0,0.0,0.0,0.0,0.0,0.0,0.0,0.0,0.0,0.0,0.0,0.0,0.0,0.0,0.0,0.0,11.0,0.0,25.0,11.0,0.0,25.0,11.0,0.0,0.0,11.0,20.0,0.0,4.0,20.0,0.0,4.0,0.0,0.0,"Jan 19, 2017"
1541,2307074.0,25201.0,Baghdad,Karkh,Al-Iskan 623,الاسكان-623,33.335925442,44.3333501299,12.0,72.0,5.0,0.0,0.0,0.0,0.0,4.0,0.0,0.0,0.0,0.0,0.0,0.0,0.0,0.0,3.0,0.0,0.0,0.0,0.0,0.0,0.0,0.0,0.0,0.0,0.0,0.0,12.0,0.0,0.0,12.0,0.0,0.0,0.0,0.0,0.0,0.0,0.0,0.0,4.0,0.0,0.0,4.0,4.0,0.0,4.0,4.0,0.0,4.0,0.0,0.0,0.0,0.0,0.0,0.0,0.0,0.0,"Jan 19, 2017"
1542,2307075.0,25202.0,Baghdad,Karkh,Al-Iskan-625,الاسكان-625,33.3399488958,44.3340545313,11.0,66.0,7.0,0.0,0.0,0.0,0.0,0.0,0.0,0.0,0.0,0.0,0.0,0.0,2.0,0.0,2.0,0.0,0.0,0.0,0.0,3.0,0.0,0.0,0.0,0.0,0.0,0.0,8.0,0.0,0.0,8.0,0.0,0.0,0.0,0.0,0.0,0.0,0.0,0.0,0.0,0.0,0.0,0.0,0.0,0.0,4.0,0.0,7.0,4.0,0.0,7.0,0.0,0.0,0.0,0.0,0.0,0.0,"Jan 19, 2017"
1543,2307076.0,25931.0,Baghdad,Karkh,Al-Mansour-601,حي المنصور-601,33.3079466155,44.3531678436,187.0,1122.0,173.0,0.0,0.0,0.0,0.0,0.0,0.0,0.0,0.0,0.0,0.0,0.0,14.0,0.0,0.0,0.0,0.0,0.0,0.0,45.0,0.0,0.0,0.0,0.0,0.0,0.0,142.0,0.0,0.0,142.0,0.0,0.0,0.0,0.0,0.0,0.0,0.0,0.0,0.0,0.0,0.0,0.0,47.0,0.0,8.0,47.0,132.0,8.0,0.0,132.0,0.0,0.0,0.0,0.0,0.0,0.0,"Jan 19, 2017"
1544,2307077.0,25930.0,Baghdad,Karkh,Al-Mansour-609,حي المنصور-609,33.315591643,44.3420545354,154.0,924.0,142.0,0.0,0.0,0.0,0.0,0.0,0.0,0.0,0.0,0.0,0.0,0.0,12.0,0.0,0.0,0.0,0.0,0.0,0.0,15.0,0.0,0.0,0.0,0.0,0.0,0.0,139.0,0.0,0.0,139.0,0.0,0.0,0.0,0.0,0.0,0.0,0.0,0.0,0.0,0.0,43.0,0.0,12.0,43.0,30.0,12.0,69.0,30.0,0.0,69.0,0.0,0.0,0.0,0.0,0.0,0.0,"Jan 19, 2017"
1545,2307084.0,25774.0,Baghdad,Karkh,Kadhraa Camp,مخيم الخضراء,33.3175163991,44.2911718443,125.0,750.0,120.0,0.0,0.0,0.0,0.0,0.0,0.0,0.0,0.0,0.0,0.0,0.0,5.0,0.0,0.0,0.0,0.0,0.0,125.0,0.0,0.0,0.0,0.0,0.0,0.0,0.0,0.0,0.0,0.0,0.0,0.0,0.0,0.0,0.0,0.0,0.0,0.0,0.0,0.0,0.0,0.0,0.0,0.0,0.0,0.0,0.0,113.0,0.0,7.0,113.0,5.0,7.0,0.0,5.0,0.0,0.0,"Jan 19, 2017"
1546,2307093.0,7587.0,Baghdad,Karkh,Al Radwania,منطقة الرضوانية,33.1460112085,44.2994201253,569.0,3414.0,525.0,0.0,44.0,0.0,0.0,0.0,0.0,0.0,0.0,0.0,0.0,0.0,0.0,0.0,0.0,0.0,0.0,0.0,0.0,271.0,0.0,0.0,0.0,0.0,0.0,0.0,298.0,0.0,0.0,298.0,0.0,0.0,0.0,0.0,0.0,0.0,0.0,0.0,0.0,0.0,297.0,0.0,0.0,297.0,0.0,0.0,272.0,0.0,0.0,272.0,0.0,0.0,0.0,0.0,0.0,0.0,"Jan 19, 2017"
1547,2307096.0,25830.0,Baghdad,Karkh,Al Shurta-857,الشرطة-857,33.2436780542,44.3131639696,58.0,348.0,32.0,0.0,0.0,0.0,0.0,0.0,0.0,0.0,0.0,0.0,0.0,0.0,16.0,0.0,10.0,0.0,0.0,0.0,0.0,15.0,0.0,0.0,0.0,0.0,0.0,0.0,43.0,0.0,0.0,43.0,0.0,0.0,0.0,0.0,0.0,0.0,0.0,0.0,0.0,0.0,25.0,0.0,8.0,25.0,12.0,8.0,13.0,12.0,0.0,13.0,0.0,0.0,0.0,0.0,0.0,0.0,"Jan 19, 2017"
1548,2307097.0,21451.0,Baghdad,Karkh,Al Amerya-632,العامرية-632,33.2956175011,44.2963060806,611.0,3666.0,588.0,0.0,0.0,0.0,0.0,0.0,0.0,0.0,0.0,0.0,0.0,0.0,23.0,0.0,0.0,0.0,0.0,0.0,0.0,212.0,0.0,0.0,0.0,0.0,0.0,7.0,392.0,7.0,0.0,392.0,0.0,0.0,0.0,0.0,0.0,0.0,0.0,0.0,0.0,0.0,23.0,0.0,0.0,23.0,0.0,0.0,581.0,0.0,7.0,581.0,0.0,7.0,0.0,0.0,0.0,0.0,"Jan 19, 2017"
1549,2307098.0,21450.0,Baghdad,Karkh,Al Amerya-634,العامرية-634,33.2914412841,44.2951337663,576.0,3456.0,544.0,0.0,0.0,0.0,0.0,0.0,0.0,0.0,0.0,0.0,0.0,0.0,32.0,0.0,0.0,0.0,0.0,0.0,0.0,190.0,0.0,0.0,0.0,0.0,0.0,0.0,386.0,0.0,0.0,386.0,0.0,0.0,0.0,0.0,0.0,0.0,0.0,0.0,0.0,0.0,32.0,0.0,0.0,32.0,12.0,0.0,524.0,12.0,8.0,524.0,0.0,8.0,0.0,0.0,0.0,0.0,"Jan 19, 2017"
1550,2307099.0,21452.0,Baghdad,Karkh,Al Amerya-636,العامرية-636,33.2984479401,44.2799022216,916.0,5496.0,861.0,0.0,0.0,0.0,0.0,0.0,0.0,0.0,0.0,0.0,0.0,0.0,0.0,0.0,55.0,0.0,0.0,0.0,0.0,303.0,0.0,0.0,0.0,0.0,0.0,0.0,613.0,0.0,0.0,613.0,0.0,0.0,0.0,0.0,0.0,0.0,0.0,0.0,220.0,0.0,138.0,220.0,0.0,138.0,0.0,0.0,546.0,0.0,2.0,546.0,10.0,2.0,0.0,10.0,0.0,0.0,"Jan 19, 2017"
1551,2307100.0,21449.0,Baghdad,Karkh,Al Amerya-638,العامرية-638,33.294111887,44.2864785899,811.0,4866.0,787.0,0.0,0.0,0.0,0.0,0.0,0.0,0.0,0.0,0.0,0.0,0.0,24.0,0.0,0.0,0.0,0.0,0.0,0.0,256.0,0.0,0.0,0.0,0.0,0.0,0.0,555.0,0.0,0.0,555.0,0.0,0.0,0.0,0.0,0.0,0.0,0.0,0.0,182.0,0.0,37.0,182.0,0.0,37.0,25.0,0.0,544.0,25.0,23.0,544.0,0.0,23.0,0.0,0.0,0.0,0.0,"Jan 19, 2017"
1552,2307101.0,21446.0,Baghdad,Karkh,Al Amreya-628,العامرية-628,33.2955886966,44.3055589668,504.0,3024.0,433.0,0.0,0.0,0.0,0.0,0.0,0.0,0.0,0.0,0.0,0.0,0.0,21.0,0.0,50.0,0.0,0.0,0.0,0.0,197.0,0.0,0.0,0.0,0.0,0.0,0.0,307.0,0.0,0.0,307.0,0.0,0.0,0.0,0.0,0.0,0.0,0.0,0.0,124.0,0.0,181.0,124.0,0.0,181.0,13.0,0.0,158.0,13.0,28.0,158.0,0.0,28.0,0.0,0.0,0.0,0.0,"Jan 19, 2017"
1553,2307102.0,21448.0,Baghdad,Karkh,Al Amreya-630,العامرية-630,33.3016733065,44.2939972671,637.0,3822.0,597.0,0.0,0.0,0.0,0.0,0.0,0.0,0.0,0.0,0.0,0.0,0.0,0.0,0.0,40.0,0.0,0.0,0.0,0.0,201.0,0.0,0.0,0.0,0.0,0.0,0.0,436.0,0.0,0.0,436.0,0.0,0.0,0.0,0.0,0.0,0.0,0.0,0.0,199.0,0.0,0.0,199.0,0.0,0.0,64.0,0.0,361.0,64.0,13.0,361.0,0.0,13.0,0.0,0.0,0.0,0.0,"Jan 19, 2017"
1554,2307103.0,24078.0,Baghdad,Karkh,Asia(Al Hader)-836,اسيا-836(الحضر),33.2389283811,44.404101853,45.0,270.0,33.0,0.0,0.0,0.0,0.0,8.0,0.0,0.0,0.0,0.0,0.0,0.0,4.0,0.0,0.0,0.0,0.0,0.0,0.0,29.0,0.0,0.0,0.0,0.0,0.0,0.0,16.0,0.0,0.0,16.0,0.0,0.0,0.0,0.0,0.0,0.0,0.0,0.0,32.0,0.0,9.0,32.0,0.0,9.0,0.0,0.0,0.0,0.0,0.0,0.0,4.0,0.0,0.0,4.0,0.0,0.0,"Jan 19, 2017"
1555,2307104.0,25772.0,Baghdad,Karkh,Dora Center(Dora-Asia camp),مخيم الدورة(الامل المنشود),33.24107963,44.40777517,95.0,570.0,94.0,0.0,0.0,0.0,0.0,0.0,0.0,0.0,0.0,0.0,0.0,0.0,1.0,0.0,0.0,0.0,0.0,0.0,95.0,0.0,0.0,0.0,0.0,0.0,0.0,0.0,0.0,0.0,0.0,0.0,0.0,0.0,0.0,0.0,0.0,0.0,0.0,0.0,0.0,0.0,0.0,0.0,0.0,0.0,0.0,0.0,88.0,0.0,1.0,88.0,6.0,1.0,0.0,6.0,0.0,0.0,"Jan 19, 2017"
1556,2307105.0,23733.0,Baghdad,Karkh,Arab jbor,عرب جبور,33.1947439573,44.4708920904,99.0,594.0,58.0,0.0,35.0,0.0,0.0,0.0,0.0,0.0,0.0,0.0,0.0,0.0,0.0,0.0,6.0,0.0,0.0,0.0,0.0,52.0,0.0,0.0,0.0,0.0,0.0,0.0,41.0,0.0,0.0,41.0,0.0,0.0,0.0,0.0,6.0,0.0,0.0,6.0,19.0,0.0,0.0,19.0,6.0,0.0,35.0,6.0,23.0,35.0,16.0,23.0,0.0,16.0,0.0,0.0,0.0,0.0,"Jan 19, 2017"
1557,2307107.0,26039.0,Baghdad,Karkh,Hateen-620,حطين-620,33.3002923599,44.3218758551,273.0,1638.0,213.0,0.0,0.0,0.0,0.0,0.0,0.0,0.0,0.0,0.0,0.0,0.0,0.0,0.0,60.0,0.0,0.0,0.0,0.0,72.0,0.0,0.0,0.0,0.0,0.0,0.0,201.0,0.0,0.0,201.0,0.0,0.0,0.0,0.0,0.0,0.0,0.0,0.0,0.0,0.0,0.0,0.0,111.0,0.0,29.0,111.0,133.0,29.0,0.0,133.0,0.0,0.0,0.0,0.0,0.0,0.0,"Jan 19, 2017"
1558,2307108.0,26038.0,Baghdad,Karkh,Hateen-622,حطين-622,33.3031046247,44.3179630472,202.0,1212.0,173.0,0.0,0.0,0.0,0.0,0.0,0.0,0.0,0.0,0.0,0.0,0.0,4.0,0.0,25.0,0.0,0.0,0.0,0.0,50.0,0.0,0.0,0.0,0.0,0.0,0.0,152.0,0.0,0.0,152.0,0.0,0.0,0.0,0.0,0.0,0.0,0.0,0.0,0.0,0.0,63.0,0.0,0.0,63.0,37.0,0.0,102.0,37.0,0.0,102.0,0.0,0.0,0.0,0.0,0.0,0.0,"Jan 19, 2017"
1559,2307109.0,24066.0,Baghdad,Karkh,Hay Al Adil-647,حي العدل-647,33.3367501756,44.3149413266,132.0,792.0,81.0,0.0,0.0,0.0,0.0,0.0,0.0,0.0,0.0,0.0,0.0,0.0,37.0,0.0,14.0,0.0,0.0,0.0,0.0,55.0,0.0,0.0,0.0,0.0,0.0,0.0,77.0,0.0,0.0,77.0,0.0,0.0,0.0,0.0,0.0,0.0,0.0,0.0,33.0,0.0,37.0,33.0,14.0,37.0,5.0,14.0,43.0,5.0,0.0,43.0,0.0,0.0,0.0,0.0,0.0,0.0,"Jan 19, 2017"
1560,2307110.0,24067.0,Baghdad,Karkh,Hay Al Adil-657,حي العدل-657,33.3310259448,44.3122030124,138.0,828.0,96.0,0.0,0.0,0.0,0.0,0.0,0.0,0.0,0.0,0.0,0.0,0.0,42.0,0.0,0.0,0.0,0.0,0.0,0.0,55.0,0.0,0.0,0.0,0.0,0.0,0.0,83.0,0.0,0.0,83.0,0.0,0.0,0.0,0.0,0.0,0.0,0.0,0.0,37.0,0.0,0.0,37.0,0.0,0.0,42.0,0.0,59.0,42.0,0.0,59.0,0.0,0.0,0.0,0.0,0.0,0.0,"Jan 19, 2017"
1561,2307111.0,23506.0,Baghdad,Karkh,Hay Al Amel-805,حي العامل-805,33.2826317141,44.3385534224,82.0,492.0,29.0,0.0,5.0,0.0,0.0,0.0,0.0,0.0,2.0,0.0,0.0,0.0,46.0,0.0,0.0,0.0,0.0,0.0,0.0,14.0,0.0,0.0,0.0,0.0,0.0,0.0,68.0,0.0,0.0,68.0,0.0,0.0,0.0,0.0,0.0,0.0,0.0,0.0,15.0,0.0,42.0,15.0,18.0,42.0,7.0,18.0,0.0,7.0,0.0,0.0,0.0,0.0,0.0,0.0,0.0,0.0,"Jan 19, 2017"
1562,2307112.0,23507.0,Baghdad,Karkh,Hay Al Amel-811,حي العامل-811,33.2728687562,44.3234428566,31.0,186.0,19.0,0.0,0.0,0.0,0.0,0.0,0.0,0.0,0.0,0.0,0.0,0.0,7.0,0.0,5.0,0.0,0.0,0.0,0.0,5.0,0.0,0.0,0.0,0.0,0.0,0.0,26.0,0.0,0.0,26.0,0.0,0.0,0.0,0.0,0.0,0.0,0.0,0.0,8.0,0.0,7.0,8.0,6.0,7.0,10.0,6.0,0.0,10.0,0.0,0.0,0.0,0.0,0.0,0.0,0.0,0.0,"Jan 19, 2017"
1563,2307113.0,23284.0,Baghdad,Karkh,Hay Al Amil-803,حي العامل-803,33.28712403,44.3245319755,89.0,534.0,44.0,0.0,8.0,0.0,0.0,6.0,0.0,0.0,0.0,0.0,0.0,0.0,6.0,0.0,25.0,0.0,0.0,0.0,0.0,28.0,0.0,0.0,0.0,0.0,0.0,0.0,61.0,0.0,0.0,61.0,0.0,0.0,0.0,0.0,0.0,0.0,0.0,0.0,20.0,0.0,6.0,20.0,0.0,6.0,42.0,0.0,21.0,42.0,0.0,21.0,0.0,0.0,0.0,0.0,0.0,0.0,"Jan 19, 2017"
1564,2307114.0,25203.0,Baghdad,Karkh,Hay Al Amil-807,حي العامل-807,33.2813373487,44.3205338521,50.0,300.0,20.0,0.0,4.0,0.0,0.0,0.0,0.0,0.0,4.0,0.0,0.0,0.0,19.0,0.0,3.0,0.0,0.0,0.0,0.0,13.0,0.0,0.0,0.0,0.0,0.0,0.0,37.0,0.0,0.0,37.0,0.0,0.0,0.0,0.0,0.0,0.0,0.0,0.0,0.0,0.0,14.0,0.0,0.0,14.0,29.0,0.0,7.0,29.0,0.0,7.0,0.0,0.0,0.0,0.0,0.0,0.0,"Jan 19, 2017"
1565,2307115.0,25204.0,Baghdad,Karkh,Hay Al Amil-809,حي العامل-809,33.276003292,44.3315159292,88.0,528.0,15.0,0.0,0.0,0.0,0.0,0.0,0.0,0.0,0.0,0.0,0.0,0.0,64.0,0.0,9.0,0.0,0.0,0.0,0.0,20.0,0.0,0.0,0.0,0.0,0.0,0.0,68.0,0.0,0.0,68.0,0.0,0.0,0.0,0.0,0.0,0.0,0.0,0.0,23.0,0.0,0.0,23.0,48.0,0.0,17.0,48.0,0.0,17.0,0.0,0.0,0.0,0.0,0.0,0.0,0.0,0.0,"Jan 19, 2017"
1566,2307116.0,23285.0,Baghdad,Karkh,Hay Al Amil-813,حي العامل-813,33.27245786,44.3324875338,63.0,378.0,25.0,0.0,0.0,0.0,0.0,0.0,0.0,0.0,0.0,0.0,0.0,0.0,29.0,0.0,9.0,0.0,0.0,0.0,0.0,14.0,0.0,0.0,0.0,0.0,0.0,0.0,49.0,0.0,0.0,49.0,0.0,0.0,0.0,0.0,0.0,0.0,0.0,0.0,0.0,0.0,21.0,0.0,0.0,21.0,19.0,0.0,23.0,19.0,0.0,23.0,0.0,0.0,0.0,0.0,0.0,0.0,"Jan 19, 2017"
1567,2307117.0,25205.0,Baghdad,Karkh,Hay Al Amil-815,حي العامل-815,33.2710341458,44.3341590051,24.0,144.0,9.0,0.0,3.0,0.0,0.0,0.0,0.0,0.0,0.0,0.0,0.0,0.0,5.0,0.0,7.0,0.0,0.0,0.0,0.0,0.0,0.0,0.0,0.0,0.0,0.0,0.0,24.0,0.0,0.0,24.0,0.0,0.0,0.0,0.0,0.0,0.0,0.0,0.0,0.0,0.0,4.0,0.0,0.0,4.0,11.0,0.0,9.0,11.0,0.0,9.0,0.0,0.0,0.0,0.0,0.0,0.0,"Jan 19, 2017"
1568,2307118.0,7640.0,Baghdad,Karkh,Hay al jamiyah (Al Masfi)-842,حي الجمعية-842(المصافي),33.2524812721,44.4233382815,226.0,1356.0,188.0,0.0,0.0,0.0,0.0,0.0,0.0,0.0,0.0,0.0,0.0,0.0,4.0,0.0,34.0,0.0,0.0,0.0,0.0,86.0,0.0,0.0,0.0,0.0,0.0,0.0,140.0,0.0,0.0,140.0,0.0,0.0,0.0,0.0,0.0,0.0,0.0,0.0,141.0,0.0,43.0,141.0,0.0,43.0,24.0,0.0,11.0,24.0,3.0,11.0,4.0,3.0,0.0,4.0,0.0,0.0,"Jan 19, 2017"
1569,2307120.0,23325.0,Baghdad,Karkh,Al Shurta-865,الشرطة-865,33.2382902514,44.3143260701,78.0,468.0,30.0,0.0,0.0,0.0,0.0,0.0,0.0,0.0,0.0,0.0,0.0,0.0,34.0,0.0,14.0,0.0,0.0,0.0,0.0,23.0,0.0,0.0,0.0,0.0,0.0,6.0,49.0,6.0,0.0,49.0,0.0,0.0,0.0,0.0,0.0,0.0,0.0,0.0,6.0,0.0,29.0,6.0,16.0,29.0,7.0,16.0,20.0,7.0,0.0,20.0,0.0,0.0,0.0,0.0,0.0,0.0,"Jan 19, 2017"
1570,2307122.0,7583.0,Baghdad,Karkh,Hoor Rajab,هور رجب,33.1938163157,44.414573664,94.0,564.0,82.0,0.0,12.0,0.0,0.0,0.0,0.0,0.0,0.0,0.0,0.0,0.0,0.0,0.0,0.0,0.0,0.0,0.0,0.0,45.0,0.0,0.0,0.0,0.0,0.0,0.0,29.0,0.0,0.0,29.0,0.0,0.0,0.0,0.0,20.0,0.0,0.0,20.0,0.0,0.0,53.0,0.0,0.0,53.0,19.0,0.0,0.0,19.0,22.0,0.0,0.0,22.0,0.0,0.0,0.0,0.0,"Jan 19, 2017"
1571,2307124.0,21745.0,Baghdad,Karkh,Al Karkh-212,الكرخ-212,33.3390359335,44.3848340864,182.0,1092.0,152.0,0.0,0.0,0.0,0.0,3.0,0.0,0.0,0.0,0.0,0.0,0.0,10.0,0.0,17.0,0.0,0.0,0.0,0.0,27.0,0.0,0.0,0.0,0.0,0.0,24.0,84.0,24.0,0.0,84.0,0.0,0.0,43.0,0.0,4.0,43.0,0.0,4.0,0.0,0.0,0.0,0.0,0.0,0.0,109.0,0.0,73.0,109.0,0.0,73.0,0.0,0.0,0.0,0.0,0.0,0.0,"Jan 19, 2017"
1572,2307125.0,7523.0,Baghdad,Karkh,Al Shurtah-873,الشرطة-873,33.2475391897,44.306008566,43.0,258.0,17.0,0.0,0.0,0.0,0.0,0.0,0.0,0.0,0.0,0.0,0.0,0.0,26.0,0.0,0.0,0.0,0.0,0.0,0.0,19.0,0.0,0.0,0.0,0.0,0.0,0.0,24.0,0.0,0.0,24.0,0.0,0.0,0.0,0.0,0.0,0.0,0.0,0.0,0.0,0.0,18.0,0.0,0.0,18.0,16.0,0.0,9.0,16.0,0.0,9.0,0.0,0.0,0.0,0.0,0.0,0.0,"Jan 19, 2017"
1573,2307128.0,7732.0,Baghdad,Karkh,Al Mowasalat-863,المواصلات-863,33.2351564836,44.3167412287,403.0,2418.0,129.0,0.0,161.0,0.0,0.0,0.0,0.0,0.0,6.0,0.0,0.0,0.0,22.0,0.0,85.0,0.0,0.0,0.0,0.0,124.0,0.0,0.0,0.0,0.0,0.0,0.0,279.0,0.0,0.0,279.0,0.0,0.0,0.0,0.0,0.0,0.0,0.0,0.0,0.0,0.0,103.0,0.0,0.0,103.0,136.0,0.0,164.0,136.0,0.0,164.0,0.0,0.0,0.0,0.0,0.0,0.0,"Jan 19, 2017"
1574,2307129.0,24069.0,Baghdad,Karkh,Sheikh Maaroof-204,شيخ معروف-204,33.3409868597,44.3766178901,32.0,192.0,30.0,0.0,0.0,0.0,0.0,0.0,0.0,0.0,0.0,0.0,0.0,0.0,0.0,0.0,2.0,0.0,0.0,0.0,0.0,15.0,0.0,0.0,0.0,0.0,0.0,0.0,17.0,0.0,0.0,17.0,0.0,0.0,0.0,0.0,0.0,0.0,0.0,0.0,0.0,0.0,5.0,0.0,0.0,5.0,19.0,0.0,8.0,19.0,0.0,8.0,0.0,0.0,0.0,0.0,0.0,0.0,"Jan 19, 2017"
1575,2307130.0,25991.0,Baghdad,Karkh,Sheikh Maaroof-208,شيخ معروف-208,33.3381282002,44.3713889003,53.0,318.0,32.0,0.0,0.0,0.0,0.0,0.0,0.0,0.0,0.0,0.0,0.0,0.0,12.0,0.0,9.0,0.0,0.0,0.0,0.0,16.0,0.0,0.0,0.0,0.0,0.0,0.0,35.0,0.0,0.0,35.0,0.0,0.0,0.0,0.0,2.0,0.0,0.0,2.0,10.0,0.0,12.0,10.0,0.0,12.0,20.0,0.0,11.0,20.0,0.0,11.0,0.0,0.0,0.0,0.0,0.0,0.0,"Jan 19, 2017"
1576,2307131.0,21784.0,Baghdad,Karkh,Sheikh Maaroof-210,شيخ معروف-210,33.3373741602,44.3754181236,209.0,1254.0,118.0,0.0,0.0,0.0,0.0,12.0,0.0,0.0,0.0,0.0,0.0,0.0,40.0,0.0,39.0,0.0,0.0,0.0,0.0,44.0,0.0,0.0,0.0,0.0,0.0,5.0,148.0,5.0,0.0,148.0,0.0,0.0,0.0,0.0,12.0,0.0,0.0,12.0,23.0,0.0,25.0,23.0,67.0,25.0,85.0,67.0,9.0,85.0,0.0,9.0,0.0,0.0,0.0,0.0,0.0,0.0,"Jan 19, 2017"
1577,2307132.0,24075.0,Baghdad,Karkh,Shurta Al Masafi-840,شرطة المصافي 840(المصافي),33.2537055251,44.4028360366,264.0,1584.0,200.0,0.0,0.0,0.0,0.0,0.0,0.0,0.0,0.0,0.0,0.0,0.0,50.0,0.0,14.0,0.0,0.0,0.0,0.0,57.0,0.0,0.0,0.0,0.0,0.0,0.0,207.0,0.0,0.0,207.0,0.0,0.0,0.0,0.0,0.0,0.0,0.0,0.0,34.0,0.0,0.0,34.0,0.0,0.0,66.0,0.0,154.0,66.0,10.0,154.0,0.0,10.0,0.0,0.0,0.0,0.0,"Jan 19, 2017"
1578,2307133.0,25222.0,Baghdad,Karkh,Suwaib-871,سويب-871,33.2329685672,44.3048706429,72.0,432.0,26.0,0.0,0.0,0.0,0.0,0.0,0.0,0.0,0.0,0.0,0.0,0.0,40.0,0.0,6.0,0.0,0.0,0.0,0.0,20.0,0.0,0.0,0.0,0.0,0.0,0.0,40.0,0.0,0.0,40.0,0.0,0.0,0.0,0.0,12.0,0.0,0.0,12.0,1.0,0.0,39.0,1.0,0.0,39.0,6.0,0.0,26.0,6.0,0.0,26.0,0.0,0.0,0.0,0.0,0.0,0.0,"Jan 19, 2017"
1579,2307135.0,7410.0,Baghdad,Karkh,Uwayrij,عويريج,33.2007091823,44.3832314743,150.0,900.0,134.0,0.0,0.0,0.0,0.0,0.0,0.0,0.0,0.0,0.0,0.0,0.0,0.0,0.0,16.0,0.0,0.0,0.0,0.0,88.0,0.0,0.0,0.0,0.0,0.0,0.0,40.0,0.0,0.0,40.0,0.0,0.0,0.0,0.0,22.0,0.0,0.0,22.0,17.0,0.0,15.0,17.0,0.0,15.0,16.0,0.0,41.0,16.0,61.0,41.0,0.0,61.0,0.0,0.0,0.0,0.0,"Jan 19, 2017"
1580,2307136.0,24070.0,Baghdad,Karkh,Uwrej-Al Qurtan,عويريج الكرطان,33.20324066,44.3750443,34.0,204.0,8.0,0.0,0.0,0.0,0.0,0.0,0.0,0.0,0.0,0.0,0.0,0.0,23.0,0.0,3.0,0.0,0.0,0.0,0.0,17.0,0.0,0.0,0.0,0.0,0.0,0.0,10.0,0.0,0.0,10.0,0.0,0.0,0.0,0.0,7.0,0.0,0.0,7.0,9.0,0.0,0.0,9.0,0.0,0.0,15.0,0.0,7.0,15.0,3.0,7.0,0.0,3.0,0.0,0.0,0.0,0.0,"Jan 19, 2017"
1581,2307137.0,26099.0,Baghdad,Karkh,Al Jazera-814,الجزيرة-814,33.2653888685,44.4056687902,449.0,2694.0,449.0,0.0,0.0,0.0,0.0,0.0,0.0,0.0,0.0,0.0,0.0,0.0,0.0,0.0,0.0,0.0,0.0,0.0,0.0,72.0,0.0,0.0,0.0,0.0,0.0,0.0,377.0,0.0,0.0,377.0,0.0,0.0,0.0,0.0,0.0,0.0,0.0,0.0,0.0,0.0,0.0,0.0,0.0,0.0,50.0,0.0,379.0,50.0,20.0,379.0,0.0,20.0,0.0,0.0,0.0,0.0,"Jan 19, 2017"
1582,2307140.0,26100.0,Baghdad,Karkh,Hay Al Jehad-881,حي الجهاد-881,33.2811268964,44.2981013065,138.0,828.0,87.0,0.0,0.0,0.0,0.0,20.0,0.0,0.0,0.0,0.0,0.0,0.0,31.0,0.0,0.0,0.0,0.0,0.0,0.0,47.0,0.0,0.0,0.0,0.0,0.0,0.0,91.0,0.0,0.0,91.0,0.0,0.0,0.0,0.0,0.0,0.0,0.0,0.0,60.0,0.0,0.0,60.0,54.0,0.0,0.0,54.0,18.0,0.0,2.0,18.0,4.0,2.0,0.0,4.0,0.0,0.0,"Jan 19, 2017"
1583,2307141.0,21989.0,Baghdad,Karkh,Hay Al Jehad-883,حي الجهاد-883,33.2792674767,44.3088815408,116.0,696.0,42.0,0.0,0.0,0.0,0.0,0.0,0.0,0.0,0.0,0.0,0.0,0.0,26.0,0.0,48.0,0.0,0.0,0.0,0.0,46.0,0.0,0.0,0.0,0.0,0.0,0.0,70.0,0.0,0.0,70.0,0.0,0.0,0.0,0.0,0.0,0.0,0.0,0.0,18.0,0.0,0.0,18.0,26.0,0.0,58.0,26.0,14.0,58.0,0.0,14.0,0.0,0.0,0.0,0.0,0.0,0.0,"Jan 19, 2017"
1584,2307142.0,26101.0,Baghdad,Karkh,Hay Al Jehad-887,حي الجهاد-887,33.2736710604,44.2934007063,139.0,834.0,95.0,0.0,0.0,0.0,0.0,0.0,0.0,0.0,0.0,0.0,0.0,0.0,26.0,0.0,18.0,0.0,0.0,0.0,0.0,40.0,0.0,0.0,0.0,0.0,0.0,0.0,99.0,0.0,0.0,99.0,0.0,0.0,0.0,0.0,0.0,0.0,0.0,0.0,19.0,0.0,0.0,19.0,22.0,0.0,44.0,22.0,44.0,44.0,5.0,44.0,5.0,5.0,0.0,5.0,0.0,0.0,"Jan 19, 2017"
1585,2307143.0,26120.0,Baghdad,Karkh,Uwayrij Camp,مخيم عويريج,33.17167881,44.36383157,240.0,1440.0,150.0,0.0,0.0,0.0,0.0,0.0,0.0,0.0,0.0,0.0,0.0,0.0,90.0,0.0,0.0,0.0,0.0,0.0,240.0,0.0,0.0,0.0,0.0,0.0,0.0,0.0,0.0,0.0,0.0,0.0,0.0,0.0,0.0,0.0,0.0,0.0,0.0,0.0,0.0,0.0,51.0,0.0,37.0,51.0,0.0,37.0,142.0,0.0,0.0,142.0,10.0,0.0,0.0,10.0,0.0,0.0,"Jan 19, 2017"
1586,2307144.0,26121.0,Baghdad,Karkh,Gazaliya Camp,مخيم الغزالية,33.3309620325,44.2925205736,205.0,1230.0,165.0,0.0,0.0,0.0,0.0,0.0,0.0,0.0,0.0,0.0,0.0,0.0,39.0,0.0,1.0,0.0,0.0,0.0,205.0,0.0,0.0,0.0,0.0,0.0,0.0,0.0,0.0,0.0,0.0,0.0,0.0,0.0,0.0,0.0,0.0,0.0,0.0,0.0,0.0,0.0,0.0,0.0,10.0,0.0,1.0,10.0,117.0,1.0,77.0,117.0,0.0,77.0,0.0,0.0,0.0,0.0,"Jan 19, 2017"
1587,2307145.0,27119.0,Baghdad,Karkh,Al Forat-Shaka 6,الفرات-شاخة 6,33.2290430788,44.2966310879,35.0,210.0,3.0,0.0,0.0,0.0,0.0,0.0,0.0,0.0,0.0,0.0,0.0,0.0,32.0,0.0,0.0,0.0,0.0,0.0,0.0,16.0,0.0,0.0,0.0,0.0,0.0,0.0,14.0,0.0,0.0,14.0,0.0,0.0,0.0,0.0,5.0,0.0,0.0,5.0,0.0,0.0,0.0,0.0,32.0,0.0,0.0,32.0,3.0,0.0,0.0,3.0,0.0,0.0,0.0,0.0,0.0,0.0,"Jan 19, 2017"
1588,2307146.0,23324.0,Baghdad,Karkh,Hay Al Amil-801,حي العامل-801,33.2876343519,44.3186891915,52.0,312.0,21.0,1.0,1.0,0.0,0.0,1.0,0.0,0.0,0.0,0.0,0.0,0.0,2.0,0.0,26.0,0.0,0.0,0.0,0.0,10.0,0.0,0.0,0.0,0.0,0.0,0.0,42.0,0.0,0.0,42.0,0.0,0.0,0.0,0.0,0.0,0.0,0.0,0.0,10.0,0.0,20.0,10.0,22.0,20.0,0.0,22.0,0.0,0.0,0.0,0.0,0.0,0.0,0.0,0.0,0.0,0.0,"Jan 19, 2017"
1589,2307147.0,27185.0,Baghdad,Karkh,Al Maalef-837,المعالف-837,33.2298528969,44.3340782195,79.0,474.0,32.0,0.0,0.0,0.0,0.0,0.0,0.0,0.0,2.0,0.0,0.0,0.0,23.0,0.0,22.0,0.0,0.0,0.0,0.0,22.0,0.0,0.0,0.0,0.0,0.0,0.0,57.0,0.0,0.0,57.0,0.0,0.0,0.0,0.0,0.0,0.0,0.0,0.0,0.0,0.0,18.0,0.0,0.0,18.0,0.0,0.0,61.0,0.0,0.0,61.0,0.0,0.0,0.0,0.0,0.0,0.0,"Jan 19, 2017"
1590,2307148.0,27187.0,Baghdad,Karkh,Al Ilam-829,الأعلام-829,33.2427596454,44.3441087033,87.0,522.0,46.0,0.0,0.0,0.0,0.0,5.0,0.0,0.0,2.0,0.0,0.0,0.0,24.0,0.0,10.0,0.0,0.0,0.0,0.0,36.0,0.0,0.0,0.0,0.0,0.0,0.0,51.0,0.0,0.0,51.0,0.0,0.0,0.0,0.0,0.0,0.0,0.0,0.0,0.0,0.0,62.0,0.0,0.0,62.0,7.0,0.0,18.0,7.0,0.0,18.0,0.0,0.0,0.0,0.0,0.0,0.0,"Jan 19, 2017"
1591,2307149.0,27188.0,Baghdad,Karkh,Al Ilam-831,الأعلام-831,33.2375277191,44.3429624516,36.0,216.0,19.0,0.0,0.0,0.0,0.0,0.0,0.0,0.0,0.0,0.0,0.0,0.0,13.0,0.0,4.0,0.0,0.0,0.0,0.0,20.0,0.0,0.0,0.0,0.0,0.0,0.0,16.0,0.0,0.0,16.0,0.0,0.0,0.0,0.0,0.0,0.0,0.0,0.0,0.0,0.0,8.0,0.0,0.0,8.0,0.0,0.0,28.0,0.0,0.0,28.0,0.0,0.0,0.0,0.0,0.0,0.0,"Jan 19, 2017"
1592,2307150.0,27189.0,Baghdad,Karkh,Al Resala-849,الرسالة-849,33.2567510539,44.3375941368,22.0,132.0,8.0,0.0,0.0,0.0,0.0,0.0,0.0,0.0,2.0,0.0,0.0,0.0,12.0,0.0,0.0,0.0,0.0,0.0,0.0,8.0,0.0,0.0,0.0,0.0,0.0,0.0,14.0,0.0,0.0,14.0,0.0,0.0,0.0,0.0,0.0,0.0,0.0,0.0,0.0,0.0,12.0,0.0,0.0,12.0,0.0,0.0,10.0,0.0,0.0,10.0,0.0,0.0,0.0,0.0,0.0,0.0,"Jan 19, 2017"
1593,2307151.0,27190.0,Baghdad,Karkh,Al Resala-853,الرسالة-853,33.2378672801,44.321485952,44.0,264.0,13.0,0.0,2.0,0.0,0.0,5.0,0.0,0.0,0.0,0.0,0.0,0.0,15.0,0.0,9.0,0.0,0.0,0.0,0.0,15.0,0.0,0.0,0.0,0.0,0.0,0.0,29.0,0.0,0.0,29.0,0.0,0.0,0.0,0.0,0.0,0.0,0.0,0.0,0.0,0.0,18.0,0.0,0.0,18.0,0.0,0.0,19.0,0.0,7.0,19.0,0.0,7.0,0.0,0.0,0.0,0.0,"Jan 19, 2017"
1594,2307152.0,27191.0,Baghdad,Karkh,Al Resala-855,الرسالة-855,33.2427164365,44.3223293898,78.0,468.0,30.0,0.0,0.0,0.0,0.0,8.0,0.0,0.0,0.0,0.0,0.0,0.0,13.0,0.0,27.0,0.0,0.0,0.0,0.0,27.0,0.0,0.0,0.0,0.0,0.0,0.0,51.0,0.0,0.0,51.0,0.0,0.0,0.0,0.0,0.0,0.0,0.0,0.0,0.0,0.0,49.0,0.0,0.0,49.0,0.0,0.0,21.0,0.0,8.0,21.0,0.0,8.0,0.0,0.0,0.0,0.0,"Jan 19, 2017"
1595,2307154.0,27193.0,Baghdad,Karkh,Sheikh Maaroof-206,شيخ معروف-206,33.3429514186,44.3682904301,69.0,414.0,32.0,0.0,0.0,0.0,0.0,0.0,0.0,0.0,0.0,0.0,0.0,0.0,19.0,0.0,18.0,0.0,0.0,0.0,0.0,29.0,0.0,0.0,0.0,0.0,0.0,0.0,40.0,0.0,0.0,40.0,0.0,0.0,0.0,0.0,0.0,0.0,0.0,0.0,7.0,0.0,19.0,7.0,0.0,19.0,14.0,0.0,29.0,14.0,0.0,29.0,0.0,0.0,0.0,0.0,0.0,0.0,"Jan 19, 2017"
1596,2307155.0,27194.0,Baghdad,Karkh,Sheikh Maaroof-214,شيخ معروف-214,33.3318314154,44.3831769325,72.0,432.0,50.0,0.0,0.0,0.0,0.0,0.0,0.0,0.0,0.0,0.0,0.0,0.0,19.0,0.0,3.0,0.0,0.0,0.0,0.0,22.0,0.0,0.0,0.0,0.0,0.0,0.0,50.0,0.0,0.0,50.0,0.0,0.0,0.0,0.0,0.0,0.0,0.0,0.0,0.0,0.0,19.0,0.0,0.0,19.0,32.0,0.0,21.0,32.0,0.0,21.0,0.0,0.0,0.0,0.0,0.0,0.0,"Jan 19, 2017"
1597,2307156.0,27195.0,Baghdad,Karkh,Al Karkh-216,الكرخ-216,33.3328501753,44.3864055199,18.0,108.0,9.0,0.0,0.0,0.0,0.0,0.0,0.0,0.0,0.0,0.0,0.0,0.0,1.0,0.0,8.0,0.0,0.0,0.0,0.0,8.0,0.0,0.0,0.0,0.0,0.0,0.0,10.0,0.0,0.0,10.0,0.0,0.0,0.0,0.0,0.0,0.0,0.0,0.0,0.0,0.0,0.0,0.0,0.0,0.0,13.0,0.0,5.0,13.0,0.0,5.0,0.0,0.0,0.0,0.0,0.0,0.0,"Jan 19, 2017"
1598,2307157.0,27289.0,Baghdad,Karkh,Al Salahiya-222,الصالحية-222,33.3254204235,44.3902155334,186.0,1116.0,84.0,0.0,2.0,0.0,0.0,2.0,0.0,0.0,1.0,0.0,0.0,0.0,64.0,0.0,33.0,0.0,0.0,0.0,0.0,50.0,0.0,0.0,0.0,0.0,0.0,0.0,136.0,0.0,0.0,136.0,0.0,0.0,0.0,0.0,0.0,0.0,0.0,0.0,0.0,0.0,49.0,0.0,5.0,49.0,82.0,5.0,41.0,82.0,9.0,41.0,0.0,9.0,0.0,0.0,0.0,0.0,"Jan 19, 2017"
1599,2307158.0,27374.0,Baghdad,Karkh,Al Kandi-Mahalla 211,الكندي-211,33.30896817,44.36379557,6.0,36.0,0.0,0.0,0.0,0.0,0.0,0.0,0.0,0.0,0.0,0.0,0.0,0.0,4.0,0.0,2.0,0.0,0.0,0.0,0.0,0.0,0.0,0.0,0.0,0.0,0.0,0.0,6.0,0.0,0.0,6.0,0.0,0.0,0.0,0.0,0.0,0.0,0.0,0.0,0.0,0.0,0.0,0.0,0.0,0.0,6.0,0.0,0.0,6.0,0.0,0.0,0.0,0.0,0.0,0.0,0.0,0.0,"Jan 19, 2017"
1600,2307159.0,27375.0,Baghdad,Karkh,Al Kandi-Mahalla 213,الكندي-213,33.30573041,44.3676312,39.0,234.0,20.0,0.0,0.0,0.0,0.0,0.0,0.0,0.0,0.0,0.0,0.0,0.0,14.0,0.0,5.0,0.0,0.0,0.0,0.0,10.0,0.0,0.0,0.0,0.0,0.0,0.0,29.0,0.0,0.0,29.0,0.0,0.0,0.0,0.0,0.0,0.0,0.0,0.0,0.0,0.0,0.0,0.0,0.0,0.0,35.0,0.0,4.0,35.0,0.0,4.0,0.0,0.0,0.0,0.0,0.0,0.0,"Jan 19, 2017"
1601,2307160.0,27409.0,Baghdad,Karkh,Al Saydia-835,السيدية-835,33.2327643054,44.3590827341,40.0,240.0,18.0,0.0,6.0,0.0,0.0,0.0,0.0,0.0,0.0,0.0,0.0,0.0,6.0,0.0,10.0,0.0,0.0,0.0,0.0,7.0,0.0,0.0,0.0,0.0,0.0,0.0,33.0,0.0,0.0,33.0,0.0,0.0,0.0,0.0,0.0,0.0,0.0,0.0,0.0,0.0,6.0,0.0,0.0,6.0,25.0,0.0,9.0,25.0,0.0,9.0,0.0,0.0,0.0,0.0,0.0,0.0,"Jan 19, 2017"
1602,2307161.0,27410.0,Baghdad,Karkh,Al Mechanic(Al Hader)-832,الميكانيك-832(الحضر),33.2366647104,44.3970183826,56.0,336.0,39.0,0.0,10.0,0.0,0.0,0.0,0.0,0.0,0.0,0.0,0.0,0.0,7.0,0.0,0.0,0.0,0.0,0.0,0.0,22.0,0.0,0.0,0.0,0.0,0.0,0.0,34.0,0.0,0.0,34.0,0.0,0.0,0.0,0.0,0.0,0.0,0.0,0.0,0.0,0.0,6.0,0.0,0.0,6.0,23.0,0.0,25.0,23.0,0.0,25.0,2.0,0.0,0.0,2.0,0.0,0.0,"Jan 19, 2017"
1603,2307162.0,27411.0,Baghdad,Karkh,Hay Al Jehad-891,حي الجهاد-891,33.262118123,44.2908822324,60.0,360.0,40.0,0.0,0.0,0.0,0.0,0.0,0.0,0.0,0.0,0.0,0.0,0.0,12.0,0.0,8.0,0.0,0.0,0.0,0.0,23.0,0.0,0.0,0.0,0.0,0.0,0.0,37.0,0.0,0.0,37.0,0.0,0.0,0.0,0.0,0.0,0.0,0.0,0.0,0.0,0.0,0.0,0.0,12.0,0.0,20.0,12.0,28.0,20.0,0.0,28.0,0.0,0.0,0.0,0.0,0.0,0.0,"Jan 19, 2017"
1604,2307163.0,27412.0,Baghdad,Karkh,Hay Al Jehad-879,حي الجهاد-879,33.257251219,44.2965940921,120.0,720.0,77.0,0.0,0.0,0.0,0.0,0.0,0.0,0.0,0.0,0.0,0.0,0.0,35.0,0.0,8.0,0.0,0.0,0.0,0.0,32.0,0.0,0.0,0.0,0.0,0.0,0.0,88.0,0.0,0.0,88.0,0.0,0.0,0.0,0.0,0.0,0.0,0.0,0.0,0.0,0.0,0.0,0.0,27.0,0.0,60.0,27.0,33.0,60.0,0.0,33.0,0.0,0.0,0.0,0.0,0.0,0.0,"Jan 19, 2017"
1605,2308001.0,25005.0,Baghdad,Mada'in,9 Nissan,9 نيسان,33.3041542429,44.6187557076,33.0,198.0,0.0,0.0,0.0,0.0,0.0,0.0,0.0,0.0,0.0,0.0,0.0,0.0,33.0,0.0,0.0,0.0,0.0,0.0,0.0,8.0,0.0,0.0,0.0,0.0,0.0,0.0,25.0,0.0,0.0,25.0,0.0,0.0,0.0,0.0,0.0,0.0,0.0,0.0,0.0,0.0,33.0,0.0,0.0,33.0,0.0,0.0,0.0,0.0,0.0,0.0,0.0,0.0,0.0,0.0,0.0,0.0,"Jan 19, 2017"
1606,2308002.0,25140.0,Baghdad,Mada'in,Abu Thaila Village,قرية ابو ثيلة,33.2592584891,44.6031489096,8.0,48.0,0.0,0.0,0.0,0.0,0.0,0.0,0.0,0.0,0.0,0.0,0.0,0.0,8.0,0.0,0.0,0.0,0.0,0.0,0.0,8.0,0.0,0.0,0.0,0.0,0.0,0.0,0.0,0.0,0.0,0.0,0.0,0.0,0.0,0.0,0.0,0.0,0.0,0.0,0.0,0.0,8.0,0.0,0.0,8.0,0.0,0.0,0.0,0.0,0.0,0.0,0.0,0.0,0.0,0.0,0.0,0.0,"Jan 19, 2017"
1607,2308003.0,25010.0,Baghdad,Mada'in,Al Desaim Village,قرية الدسيم,33.276,44.621,11.0,66.0,0.0,0.0,0.0,0.0,0.0,0.0,0.0,0.0,0.0,0.0,0.0,0.0,11.0,0.0,0.0,0.0,0.0,0.0,0.0,11.0,0.0,0.0,0.0,0.0,0.0,0.0,0.0,0.0,0.0,0.0,0.0,0.0,0.0,0.0,0.0,0.0,0.0,0.0,0.0,0.0,11.0,0.0,0.0,11.0,0.0,0.0,0.0,0.0,0.0,0.0,0.0,0.0,0.0,0.0,0.0,0.0,"Jan 19, 2017"
1608,2308004.0,25011.0,Baghdad,Mada'in,Al Ehsan Complex,مجمع الاحسان,33.2166760793,44.6015598874,95.0,570.0,0.0,0.0,0.0,0.0,0.0,0.0,0.0,0.0,0.0,0.0,0.0,0.0,95.0,0.0,0.0,0.0,0.0,0.0,0.0,23.0,0.0,0.0,0.0,0.0,0.0,0.0,72.0,0.0,0.0,72.0,0.0,0.0,0.0,0.0,0.0,0.0,0.0,0.0,34.0,0.0,25.0,34.0,0.0,25.0,36.0,0.0,0.0,36.0,0.0,0.0,0.0,0.0,0.0,0.0,0.0,0.0,"Jan 19, 2017"
1609,2308005.0,25004.0,Baghdad,Mada'in,Al Holandyia Village,القرية الهولندية,33.29698199,44.67281601,6.0,36.0,0.0,0.0,0.0,0.0,0.0,2.0,0.0,0.0,0.0,0.0,0.0,0.0,2.0,0.0,2.0,0.0,0.0,0.0,0.0,2.0,0.0,0.0,0.0,0.0,0.0,0.0,4.0,0.0,0.0,4.0,0.0,0.0,0.0,0.0,0.0,0.0,0.0,0.0,0.0,0.0,3.0,0.0,0.0,3.0,3.0,0.0,0.0,3.0,0.0,0.0,0.0,0.0,0.0,0.0,0.0,0.0,"Jan 19, 2017"
1610,2308006.0,25006.0,Baghdad,Mada'in,Al Imam Al Redha Village,قرية الامام الرضا,33.3262599888,44.6279204308,12.0,72.0,0.0,0.0,0.0,0.0,0.0,0.0,0.0,0.0,0.0,0.0,0.0,0.0,12.0,0.0,0.0,0.0,0.0,0.0,0.0,0.0,0.0,0.0,0.0,0.0,0.0,0.0,12.0,0.0,0.0,12.0,0.0,0.0,0.0,0.0,0.0,0.0,0.0,0.0,0.0,0.0,12.0,0.0,0.0,12.0,0.0,0.0,0.0,0.0,0.0,0.0,0.0,0.0,0.0,0.0,0.0,0.0,"Jan 19, 2017"
1611,2308009.0,24992.0,Baghdad,Mada'in,Hay Badr,حي بدر,33.371,44.703,9.0,54.0,9.0,0.0,0.0,0.0,0.0,0.0,0.0,0.0,0.0,0.0,0.0,0.0,0.0,0.0,0.0,0.0,0.0,0.0,0.0,9.0,0.0,0.0,0.0,0.0,0.0,0.0,0.0,0.0,0.0,0.0,0.0,0.0,0.0,0.0,0.0,0.0,0.0,0.0,9.0,0.0,0.0,9.0,0.0,0.0,0.0,0.0,0.0,0.0,0.0,0.0,0.0,0.0,0.0,0.0,0.0,0.0,"Jan 19, 2017"
1612,2308010.0,24993.0,Baghdad,Mada'in,Hay Al Sadk,حي الصادق,33.375,44.698,16.0,96.0,0.0,0.0,0.0,0.0,0.0,16.0,0.0,0.0,0.0,0.0,0.0,0.0,0.0,0.0,0.0,0.0,0.0,0.0,0.0,16.0,0.0,0.0,0.0,0.0,0.0,0.0,0.0,0.0,0.0,0.0,0.0,0.0,0.0,0.0,0.0,0.0,0.0,0.0,0.0,0.0,0.0,0.0,0.0,0.0,16.0,0.0,0.0,16.0,0.0,0.0,0.0,0.0,0.0,0.0,0.0,0.0,"Jan 19, 2017"
1613,2308011.0,24994.0,Baghdad,Mada'in,Hay Al Zahraa,حي الزهراء,33.366,44.667,7.0,42.0,7.0,0.0,0.0,0.0,0.0,0.0,0.0,0.0,0.0,0.0,0.0,0.0,0.0,0.0,0.0,0.0,0.0,0.0,0.0,7.0,0.0,0.0,0.0,0.0,0.0,0.0,0.0,0.0,0.0,0.0,0.0,0.0,0.0,0.0,0.0,0.0,0.0,0.0,7.0,0.0,0.0,7.0,0.0,0.0,0.0,0.0,0.0,0.0,0.0,0.0,0.0,0.0,0.0,0.0,0.0,0.0,"Jan 19, 2017"
1614,2308012.0,24995.0,Baghdad,Mada'in,Hay Al Sadreen,حي الصدرين,33.378,44.69,6.0,36.0,0.0,0.0,0.0,0.0,0.0,6.0,0.0,0.0,0.0,0.0,0.0,0.0,0.0,0.0,0.0,0.0,0.0,0.0,0.0,0.0,0.0,0.0,0.0,0.0,0.0,0.0,6.0,0.0,0.0,6.0,0.0,0.0,0.0,0.0,0.0,0.0,0.0,0.0,0.0,0.0,0.0,0.0,6.0,0.0,0.0,6.0,0.0,0.0,0.0,0.0,0.0,0.0,0.0,0.0,0.0,0.0,"Jan 19, 2017"
1615,2308013.0,24996.0,Baghdad,Mada'in,Hay Al Murtha,حي المرتضى,33.3746741967,44.6982706303,8.0,48.0,0.0,0.0,0.0,0.0,0.0,8.0,0.0,0.0,0.0,0.0,0.0,0.0,0.0,0.0,0.0,0.0,0.0,0.0,0.0,0.0,0.0,0.0,0.0,0.0,0.0,0.0,8.0,0.0,0.0,8.0,0.0,0.0,0.0,0.0,0.0,0.0,0.0,0.0,0.0,0.0,0.0,0.0,8.0,0.0,0.0,8.0,0.0,0.0,0.0,0.0,0.0,0.0,0.0,0.0,0.0,0.0,"Jan 19, 2017"
1616,2308014.0,24997.0,Baghdad,Mada'in,Hay Al Taaf,حي الطف,33.3729225279,44.7023442976,7.0,42.0,0.0,0.0,0.0,0.0,0.0,7.0,0.0,0.0,0.0,0.0,0.0,0.0,0.0,0.0,0.0,0.0,0.0,0.0,0.0,0.0,0.0,0.0,0.0,0.0,0.0,0.0,7.0,0.0,0.0,7.0,0.0,0.0,0.0,0.0,0.0,0.0,0.0,0.0,0.0,0.0,0.0,0.0,0.0,0.0,7.0,0.0,0.0,7.0,0.0,0.0,0.0,0.0,0.0,0.0,0.0,0.0,"Jan 19, 2017"
1617,2308015.0,24998.0,Baghdad,Mada'in,Hay Al Mujtaba,حي المجتبى,33.3717336007,44.7030391925,10.0,60.0,0.0,0.0,0.0,0.0,0.0,0.0,0.0,0.0,0.0,0.0,0.0,0.0,10.0,0.0,0.0,0.0,0.0,0.0,0.0,10.0,0.0,0.0,0.0,0.0,0.0,0.0,0.0,0.0,0.0,0.0,0.0,0.0,0.0,0.0,0.0,0.0,0.0,0.0,0.0,0.0,10.0,0.0,0.0,10.0,0.0,0.0,0.0,0.0,0.0,0.0,0.0,0.0,0.0,0.0,0.0,0.0,"Jan 19, 2017"
1618,2308016.0,24999.0,Baghdad,Mada'in,Hay Haethm Al Zaidy,حي هيثم الزيدي,33.3703197813,44.6793010841,16.0,96.0,0.0,0.0,0.0,0.0,0.0,0.0,0.0,0.0,0.0,0.0,0.0,0.0,16.0,0.0,0.0,0.0,0.0,0.0,0.0,16.0,0.0,0.0,0.0,0.0,0.0,0.0,0.0,0.0,0.0,0.0,0.0,0.0,0.0,0.0,0.0,0.0,0.0,0.0,0.0,0.0,16.0,0.0,0.0,16.0,0.0,0.0,0.0,0.0,0.0,0.0,0.0,0.0,0.0,0.0,0.0,0.0,"Jan 19, 2017"
1619,2308020.0,25134.0,Baghdad,Mada'in,Hay Al Salam,حي السلام,33.12659039,44.69063904,10.0,60.0,0.0,0.0,0.0,0.0,0.0,0.0,0.0,0.0,0.0,0.0,0.0,0.0,2.0,0.0,8.0,0.0,0.0,0.0,0.0,0.0,0.0,0.0,0.0,0.0,0.0,0.0,10.0,0.0,0.0,10.0,0.0,0.0,0.0,0.0,0.0,0.0,0.0,0.0,0.0,0.0,10.0,0.0,0.0,10.0,0.0,0.0,0.0,0.0,0.0,0.0,0.0,0.0,0.0,0.0,0.0,0.0,"Jan 19, 2017"
1620,2308021.0,25130.0,Baghdad,Mada'in,Al Wehda-Village 10,الوحده-القرية 10,33.2504537323,44.6082688618,65.0,390.0,2.0,0.0,0.0,0.0,0.0,7.0,0.0,0.0,1.0,0.0,0.0,0.0,53.0,0.0,2.0,0.0,0.0,0.0,0.0,10.0,0.0,0.0,0.0,0.0,0.0,0.0,0.0,0.0,0.0,0.0,0.0,0.0,0.0,0.0,55.0,0.0,0.0,55.0,5.0,0.0,40.0,5.0,0.0,40.0,18.0,0.0,2.0,18.0,0.0,2.0,0.0,0.0,0.0,0.0,0.0,0.0,"Jan 19, 2017"
1621,2308022.0,25139.0,Baghdad,Mada'in,Al-Hurriyaa Village,قرية الحرية,33.14619,44.6594,12.0,72.0,0.0,0.0,0.0,0.0,0.0,4.0,0.0,0.0,0.0,0.0,0.0,0.0,3.0,0.0,5.0,0.0,0.0,0.0,0.0,0.0,0.0,0.0,0.0,0.0,0.0,0.0,12.0,0.0,0.0,12.0,0.0,0.0,0.0,0.0,0.0,0.0,0.0,0.0,0.0,0.0,10.0,0.0,0.0,10.0,2.0,0.0,0.0,2.0,0.0,0.0,0.0,0.0,0.0,0.0,0.0,0.0,"Jan 19, 2017"
1622,2308023.0,25832.0,Baghdad,Mada'in,Al Arefia,العريفية,33.2357045193,44.5244231129,18.0,108.0,6.0,0.0,0.0,0.0,0.0,2.0,0.0,0.0,1.0,0.0,0.0,0.0,0.0,0.0,9.0,0.0,0.0,0.0,0.0,8.0,0.0,0.0,0.0,0.0,0.0,0.0,10.0,0.0,0.0,10.0,0.0,0.0,0.0,0.0,0.0,0.0,0.0,0.0,0.0,0.0,2.0,0.0,7.0,2.0,3.0,7.0,6.0,3.0,0.0,6.0,0.0,0.0,0.0,0.0,0.0,0.0,"Jan 19, 2017"
1623,2308024.0,25834.0,Baghdad,Mada'in,Al Karagolia,الكرغولية,33.2871018851,44.5428884347,86.0,516.0,3.0,0.0,0.0,0.0,0.0,10.0,0.0,0.0,4.0,0.0,0.0,0.0,50.0,0.0,19.0,0.0,0.0,0.0,0.0,63.0,0.0,0.0,0.0,0.0,0.0,0.0,23.0,0.0,0.0,23.0,0.0,0.0,0.0,0.0,0.0,0.0,0.0,0.0,0.0,0.0,66.0,0.0,17.0,66.0,0.0,17.0,3.0,0.0,0.0,3.0,0.0,0.0,0.0,0.0,0.0,0.0,"Jan 19, 2017"
1624,2308025.0,7546.0,Baghdad,Mada'in,Al Reyad,الرياض,33.2288021799,44.5324258319,71.0,426.0,4.0,2.0,0.0,0.0,0.0,5.0,0.0,0.0,0.0,0.0,0.0,0.0,46.0,0.0,14.0,0.0,0.0,0.0,0.0,18.0,0.0,0.0,0.0,0.0,0.0,0.0,53.0,0.0,0.0,53.0,0.0,0.0,0.0,0.0,0.0,0.0,0.0,0.0,0.0,0.0,53.0,0.0,14.0,53.0,1.0,14.0,3.0,1.0,0.0,3.0,0.0,0.0,0.0,0.0,0.0,0.0,"Jan 19, 2017"
1625,2308026.0,7668.0,Baghdad,Mada'in,Al Samadia,الصمدية,33.1906445163,44.545932644,10.0,60.0,0.0,0.0,0.0,0.0,0.0,0.0,0.0,0.0,0.0,0.0,0.0,0.0,3.0,0.0,7.0,0.0,0.0,0.0,0.0,10.0,0.0,0.0,0.0,0.0,0.0,0.0,0.0,0.0,0.0,0.0,0.0,0.0,0.0,0.0,0.0,0.0,0.0,0.0,0.0,0.0,3.0,0.0,0.0,3.0,7.0,0.0,0.0,7.0,0.0,0.0,0.0,0.0,0.0,0.0,0.0,0.0,"Jan 19, 2017"
1626,2308027.0,25833.0,Baghdad,Mada'in,Al Tuwetha,التويثة,33.1981747039,44.5446568822,19.0,114.0,6.0,0.0,1.0,0.0,0.0,8.0,0.0,0.0,1.0,0.0,0.0,0.0,0.0,0.0,3.0,0.0,0.0,0.0,0.0,9.0,0.0,0.0,0.0,0.0,0.0,0.0,10.0,0.0,0.0,10.0,0.0,0.0,0.0,0.0,0.0,0.0,0.0,0.0,0.0,0.0,11.0,0.0,0.0,11.0,4.0,0.0,4.0,4.0,0.0,4.0,0.0,0.0,0.0,0.0,0.0,0.0,"Jan 19, 2017"
1627,2308028.0,7547.0,Baghdad,Mada'in,Al Wardia,الوردية,33.1825448322,44.5425695586,29.0,174.0,3.0,0.0,0.0,0.0,0.0,10.0,0.0,0.0,0.0,0.0,0.0,0.0,7.0,0.0,9.0,0.0,0.0,0.0,0.0,10.0,0.0,0.0,0.0,0.0,0.0,0.0,19.0,0.0,0.0,19.0,0.0,0.0,0.0,0.0,0.0,0.0,0.0,0.0,0.0,0.0,7.0,0.0,10.0,7.0,8.0,10.0,4.0,8.0,0.0,4.0,0.0,0.0,0.0,0.0,0.0,0.0,"Jan 19, 2017"
1628,2308029.0,25837.0,Baghdad,Mada'in,Ammar Ben Yaser,عمار بن ياسر,33.224,44.526,7.0,42.0,0.0,0.0,0.0,0.0,0.0,7.0,0.0,0.0,0.0,0.0,0.0,0.0,0.0,0.0,0.0,0.0,0.0,0.0,0.0,5.0,0.0,0.0,0.0,0.0,0.0,0.0,2.0,0.0,0.0,2.0,0.0,0.0,0.0,0.0,0.0,0.0,0.0,0.0,0.0,0.0,0.0,0.0,7.0,0.0,0.0,7.0,0.0,0.0,0.0,0.0,0.0,0.0,0.0,0.0,0.0,0.0,"Jan 19, 2017"
1629,2308030.0,25838.0,Baghdad,Mada'in,Hatef Al Defaay,قرية هاتف الدفاعي,33.269,44.606,17.0,102.0,0.0,0.0,0.0,0.0,0.0,3.0,0.0,0.0,0.0,0.0,0.0,0.0,10.0,0.0,4.0,0.0,0.0,0.0,0.0,17.0,0.0,0.0,0.0,0.0,0.0,0.0,0.0,0.0,0.0,0.0,0.0,0.0,0.0,0.0,0.0,0.0,0.0,0.0,0.0,0.0,12.0,0.0,5.0,12.0,0.0,5.0,0.0,0.0,0.0,0.0,0.0,0.0,0.0,0.0,0.0,0.0,"Jan 19, 2017"
1630,2308031.0,25839.0,Baghdad,Mada'in,Hay Al Salam,حي السلام,33.2247018909,44.5196838211,16.0,96.0,0.0,0.0,0.0,0.0,0.0,3.0,0.0,0.0,1.0,0.0,0.0,0.0,5.0,0.0,7.0,0.0,0.0,0.0,0.0,16.0,0.0,0.0,0.0,0.0,0.0,0.0,0.0,0.0,0.0,0.0,0.0,0.0,0.0,0.0,0.0,0.0,0.0,0.0,0.0,0.0,0.0,0.0,14.0,0.0,2.0,14.0,0.0,2.0,0.0,0.0,0.0,0.0,0.0,0.0,0.0,0.0,"Jan 19, 2017"
1631,2308032.0,25836.0,Baghdad,Mada'in,Juref Al Nadaaf,جرف النداف,33.2725730413,44.5468647695,16.0,96.0,0.0,0.0,0.0,0.0,0.0,2.0,0.0,0.0,0.0,0.0,0.0,0.0,14.0,0.0,0.0,0.0,0.0,0.0,0.0,16.0,0.0,0.0,0.0,0.0,0.0,0.0,0.0,0.0,0.0,0.0,0.0,0.0,0.0,0.0,0.0,0.0,0.0,0.0,0.0,0.0,16.0,0.0,0.0,16.0,0.0,0.0,0.0,0.0,0.0,0.0,0.0,0.0,0.0,0.0,0.0,0.0,"Jan 19, 2017"
1632,2308033.0,25138.0,Baghdad,Mada'in,Al-Murtadha Village,قرية المرتضى,33.246560684,44.6021153495,15.0,90.0,5.0,0.0,0.0,0.0,0.0,0.0,0.0,0.0,0.0,0.0,0.0,0.0,10.0,0.0,0.0,0.0,0.0,0.0,0.0,0.0,0.0,0.0,0.0,0.0,0.0,0.0,8.0,0.0,0.0,8.0,0.0,0.0,0.0,0.0,7.0,0.0,0.0,7.0,5.0,0.0,4.0,5.0,0.0,4.0,6.0,0.0,0.0,6.0,0.0,0.0,0.0,0.0,0.0,0.0,0.0,0.0,"Jan 19, 2017"
1633,2308034.0,24760.0,Baghdad,Mada'in,Al-Nabi Younis,مخيم النبي يونس,33.3634552847,44.6620306978,634.0,3804.0,0.0,0.0,0.0,0.0,0.0,0.0,0.0,0.0,0.0,0.0,0.0,0.0,634.0,0.0,0.0,0.0,0.0,0.0,634.0,0.0,0.0,0.0,0.0,0.0,0.0,0.0,0.0,0.0,0.0,0.0,0.0,0.0,0.0,0.0,0.0,0.0,0.0,0.0,0.0,0.0,634.0,0.0,0.0,634.0,0.0,0.0,0.0,0.0,0.0,0.0,0.0,0.0,0.0,0.0,0.0,0.0,"Jan 19, 2017"
1634,2308037.0,25008.0,Baghdad,Mada'in,Dawood Salman Village,قرية داوود سلمان,33.371,44.679,10.0,60.0,0.0,0.0,0.0,0.0,0.0,0.0,0.0,0.0,0.0,0.0,0.0,0.0,10.0,0.0,0.0,0.0,0.0,0.0,0.0,10.0,0.0,0.0,0.0,0.0,0.0,0.0,0.0,0.0,0.0,0.0,0.0,0.0,0.0,0.0,0.0,0.0,0.0,0.0,0.0,0.0,10.0,0.0,0.0,10.0,0.0,0.0,0.0,0.0,0.0,0.0,0.0,0.0,0.0,0.0,0.0,0.0,"Jan 19, 2017"
1635,2308041.0,22878.0,Baghdad,Mada'in,Hay Al Mustafa,حي المصطفى,33.12636469,44.67863308,2.0,12.0,0.0,0.0,0.0,0.0,0.0,0.0,0.0,0.0,0.0,0.0,0.0,0.0,2.0,0.0,0.0,0.0,0.0,0.0,0.0,0.0,0.0,0.0,0.0,0.0,0.0,0.0,2.0,0.0,0.0,2.0,0.0,0.0,0.0,0.0,0.0,0.0,0.0,0.0,0.0,0.0,0.0,0.0,0.0,0.0,2.0,0.0,0.0,2.0,0.0,0.0,0.0,0.0,0.0,0.0,0.0,0.0,"Jan 19, 2017"
1636,2308042.0,25132.0,Baghdad,Mada'in,Hay Al Rasool,حي الرسول,33.12865437,44.69465626,10.0,60.0,0.0,0.0,0.0,0.0,0.0,0.0,0.0,0.0,0.0,0.0,0.0,0.0,0.0,0.0,10.0,0.0,0.0,0.0,0.0,0.0,0.0,0.0,0.0,0.0,0.0,0.0,10.0,0.0,0.0,10.0,0.0,0.0,0.0,0.0,0.0,0.0,0.0,0.0,0.0,0.0,6.0,0.0,0.0,6.0,4.0,0.0,0.0,4.0,0.0,0.0,0.0,0.0,0.0,0.0,0.0,0.0,"Jan 19, 2017"
1637,2308043.0,23010.0,Baghdad,Mada'in,Hay Al Zahra,حي الزهراء,33.12384224,44.68526625,4.0,24.0,0.0,0.0,0.0,0.0,0.0,0.0,0.0,0.0,0.0,0.0,0.0,0.0,0.0,0.0,4.0,0.0,0.0,0.0,0.0,0.0,0.0,0.0,0.0,0.0,0.0,0.0,4.0,0.0,0.0,4.0,0.0,0.0,0.0,0.0,0.0,0.0,0.0,0.0,0.0,0.0,4.0,0.0,0.0,4.0,0.0,0.0,0.0,0.0,0.0,0.0,0.0,0.0,0.0,0.0,0.0,0.0,"Jan 19, 2017"
1638,2308044.0,25835.0,Baghdad,Mada'in,Hay Ali Al kaaby,حي علي الكعبي,33.2170097083,44.5424117825,15.0,90.0,0.0,0.0,0.0,0.0,0.0,2.0,0.0,0.0,0.0,0.0,0.0,0.0,3.0,0.0,10.0,0.0,0.0,0.0,0.0,5.0,0.0,0.0,0.0,0.0,0.0,0.0,10.0,0.0,0.0,10.0,0.0,0.0,0.0,0.0,0.0,0.0,0.0,0.0,0.0,0.0,3.0,0.0,0.0,3.0,9.0,0.0,3.0,9.0,0.0,3.0,0.0,0.0,0.0,0.0,0.0,0.0,"Jan 19, 2017"
1639,2308045.0,21298.0,Baghdad,Mada'in,Hay Al-Muntathar,حي المنتظر,33.2258128141,44.5304806748,10.0,60.0,0.0,0.0,0.0,0.0,0.0,0.0,0.0,0.0,0.0,0.0,0.0,0.0,10.0,0.0,0.0,0.0,0.0,0.0,0.0,0.0,0.0,0.0,0.0,0.0,0.0,0.0,10.0,0.0,0.0,10.0,0.0,0.0,0.0,0.0,0.0,0.0,0.0,0.0,0.0,0.0,10.0,0.0,0.0,10.0,0.0,0.0,0.0,0.0,0.0,0.0,0.0,0.0,0.0,0.0,0.0,0.0,"Jan 19, 2017"
1640,2308049.0,25009.0,Baghdad,Mada'in,Um Wahab Village,قرية أم وهب,33.321,44.614,13.0,78.0,0.0,0.0,0.0,0.0,0.0,0.0,0.0,0.0,0.0,0.0,0.0,0.0,13.0,0.0,0.0,0.0,0.0,0.0,0.0,13.0,0.0,0.0,0.0,0.0,0.0,0.0,0.0,0.0,0.0,0.0,0.0,0.0,0.0,0.0,0.0,0.0,0.0,0.0,0.0,0.0,13.0,0.0,0.0,13.0,0.0,0.0,0.0,0.0,0.0,0.0,0.0,0.0,0.0,0.0,0.0,0.0,"Jan 19, 2017"
1641,2308050.0,25133.0,Baghdad,Mada'in,Hay Al Huda,حي الهدى,33.1,44.697,4.0,24.0,0.0,0.0,0.0,0.0,0.0,2.0,0.0,0.0,0.0,0.0,0.0,0.0,2.0,0.0,0.0,0.0,0.0,0.0,0.0,0.0,0.0,0.0,0.0,0.0,0.0,0.0,4.0,0.0,0.0,4.0,0.0,0.0,0.0,0.0,0.0,0.0,0.0,0.0,0.0,0.0,2.0,0.0,0.0,2.0,2.0,0.0,0.0,2.0,0.0,0.0,0.0,0.0,0.0,0.0,0.0,0.0,"Jan 19, 2017"
1642,2308051.0,25438.0,Baghdad,Mada'in,Village 8,القرية 8,33.30245553,44.62579057,20.0,120.0,2.0,0.0,0.0,0.0,0.0,0.0,0.0,0.0,0.0,0.0,0.0,0.0,18.0,0.0,0.0,0.0,0.0,0.0,0.0,0.0,0.0,0.0,0.0,0.0,0.0,0.0,20.0,0.0,0.0,20.0,0.0,0.0,0.0,0.0,0.0,0.0,0.0,0.0,0.0,0.0,18.0,0.0,0.0,18.0,0.0,0.0,2.0,0.0,0.0,2.0,0.0,0.0,0.0,0.0,0.0,0.0,"Jan 19, 2017"
1643,2308052.0,27393.0,Baghdad,Mada'in,Hay Al Farwk,حي الفاروق,33.2214672985,44.5288029075,12.0,72.0,4.0,0.0,0.0,0.0,0.0,3.0,0.0,0.0,0.0,0.0,0.0,0.0,5.0,0.0,0.0,0.0,0.0,0.0,0.0,5.0,0.0,0.0,0.0,0.0,0.0,0.0,7.0,0.0,0.0,7.0,0.0,0.0,0.0,0.0,0.0,0.0,0.0,0.0,0.0,0.0,10.0,0.0,0.0,10.0,2.0,0.0,0.0,2.0,0.0,0.0,0.0,0.0,0.0,0.0,0.0,0.0,"Jan 19, 2017"
1644,2308053.0,7680.0,Baghdad,Mada'in,Hay al Qadsiya ,حي القادسية,33.0990816252,44.5872016915,71.0,426.0,20.0,0.0,0.0,0.0,0.0,7.0,0.0,0.0,0.0,0.0,0.0,0.0,22.0,0.0,22.0,0.0,0.0,0.0,0.0,22.0,0.0,0.0,0.0,0.0,0.0,0.0,49.0,0.0,0.0,49.0,0.0,0.0,0.0,0.0,0.0,0.0,0.0,0.0,0.0,0.0,28.0,0.0,0.0,28.0,36.0,0.0,7.0,36.0,0.0,7.0,0.0,0.0,0.0,0.0,0.0,0.0,"Jan 19, 2017"
1645,2308054.0,27416.0,Baghdad,Mada'in,Jaara,جعارة,33.167482748,44.5653347939,68.0,408.0,26.0,0.0,0.0,0.0,0.0,4.0,0.0,0.0,0.0,0.0,0.0,0.0,18.0,0.0,20.0,0.0,0.0,0.0,0.0,23.0,0.0,0.0,0.0,0.0,0.0,0.0,45.0,0.0,0.0,45.0,0.0,0.0,0.0,0.0,0.0,0.0,0.0,0.0,0.0,0.0,12.0,0.0,0.0,12.0,43.0,0.0,13.0,43.0,0.0,13.0,0.0,0.0,0.0,0.0,0.0,0.0,"Jan 19, 2017"
1646,2308055.0,27417.0,Baghdad,Mada'in,Hay Al Arooba,حي العروبة,33.1187091296,44.5761041587,64.0,384.0,16.0,0.0,6.0,0.0,0.0,3.0,0.0,0.0,0.0,0.0,0.0,0.0,33.0,0.0,6.0,0.0,0.0,0.0,0.0,31.0,0.0,0.0,0.0,0.0,0.0,0.0,33.0,0.0,0.0,33.0,0.0,0.0,0.0,0.0,0.0,0.0,0.0,0.0,0.0,0.0,28.0,0.0,0.0,28.0,30.0,0.0,6.0,30.0,0.0,6.0,0.0,0.0,0.0,0.0,0.0,0.0,"Jan 19, 2017"
1647,2308056.0,27418.0,Baghdad,Mada'in,Hay al Jamaiya,حي الجمعية,33.1052714115,44.5751077523,67.0,402.0,33.0,0.0,9.0,0.0,0.0,5.0,0.0,0.0,0.0,0.0,0.0,0.0,10.0,0.0,10.0,0.0,0.0,0.0,0.0,21.0,0.0,0.0,0.0,0.0,0.0,0.0,46.0,0.0,0.0,46.0,0.0,0.0,0.0,0.0,0.0,0.0,0.0,0.0,0.0,0.0,14.0,0.0,0.0,14.0,28.0,0.0,25.0,28.0,0.0,25.0,0.0,0.0,0.0,0.0,0.0,0.0,"Jan 19, 2017"
1648,2309001.0,23618.0,Baghdad,Mahmoudiya,14 Tamooz,حي 14 تموز,32.962569187,44.3553264027,173.0,1038.0,24.0,97.0,52.0,0.0,0.0,0.0,0.0,0.0,0.0,0.0,0.0,0.0,0.0,0.0,0.0,0.0,0.0,0.0,0.0,69.0,0.0,0.0,0.0,0.0,0.0,0.0,104.0,0.0,0.0,104.0,0.0,0.0,0.0,0.0,0.0,0.0,0.0,0.0,0.0,0.0,0.0,0.0,60.0,0.0,90.0,60.0,20.0,90.0,3.0,20.0,0.0,3.0,0.0,0.0,0.0,0.0,"Jan 19, 2017"
1649,2309002.0,7491.0,Baghdad,Mahmoudiya,Abu Hswa,مقاطعة أبو حصوة,33.09435883,44.30121312,31.0,186.0,31.0,0.0,0.0,0.0,0.0,0.0,0.0,0.0,0.0,0.0,0.0,0.0,0.0,0.0,0.0,0.0,0.0,0.0,0.0,31.0,0.0,0.0,0.0,0.0,0.0,0.0,0.0,0.0,0.0,0.0,0.0,0.0,0.0,0.0,0.0,0.0,0.0,0.0,0.0,0.0,0.0,0.0,0.0,0.0,0.0,0.0,31.0,0.0,0.0,31.0,0.0,0.0,0.0,0.0,0.0,0.0,"Jan 19, 2017"
1650,2309003.0,25147.0,Baghdad,Mahmoudiya,Al Kushek Al Ameri,مقاطعة الكشك الأميري,33.12669229,44.22151685,25.0,150.0,21.0,0.0,4.0,0.0,0.0,0.0,0.0,0.0,0.0,0.0,0.0,0.0,0.0,0.0,0.0,0.0,0.0,0.0,0.0,0.0,0.0,0.0,0.0,0.0,0.0,0.0,25.0,0.0,0.0,25.0,0.0,0.0,0.0,0.0,0.0,0.0,0.0,0.0,4.0,0.0,0.0,4.0,0.0,0.0,0.0,0.0,17.0,0.0,4.0,17.0,0.0,4.0,0.0,0.0,0.0,0.0,"Jan 19, 2017"
1651,2309005.0,25150.0,Baghdad,Mahmoudiya,Al Latefia-Al Qadessia,اللطيفية-حي القادسية,32.9704056974,44.3533154638,238.0,1428.0,62.0,156.0,20.0,0.0,0.0,0.0,0.0,0.0,0.0,0.0,0.0,0.0,0.0,0.0,0.0,0.0,0.0,0.0,0.0,187.0,0.0,0.0,0.0,0.0,0.0,0.0,51.0,0.0,0.0,51.0,0.0,0.0,0.0,0.0,0.0,0.0,0.0,0.0,0.0,0.0,0.0,0.0,152.0,0.0,39.0,152.0,47.0,39.0,0.0,47.0,0.0,0.0,0.0,0.0,0.0,0.0,"Jan 19, 2017"
1652,2309006.0,25149.0,Baghdad,Mahmoudiya,Al Latefia-Al Salam,اللطيفية-السلام,32.9996253435,44.3611122427,93.0,558.0,0.0,93.0,0.0,0.0,0.0,0.0,0.0,0.0,0.0,0.0,0.0,0.0,0.0,0.0,0.0,0.0,0.0,0.0,0.0,75.0,0.0,0.0,0.0,0.0,0.0,0.0,18.0,0.0,0.0,18.0,0.0,0.0,0.0,0.0,0.0,0.0,0.0,0.0,0.0,0.0,0.0,0.0,68.0,0.0,25.0,68.0,0.0,25.0,0.0,0.0,0.0,0.0,0.0,0.0,0.0,0.0,"Jan 19, 2017"
1653,2309007.0,7615.0,Baghdad,Mahmoudiya,Hay Al-Askary,حي العسكري,33.0071134063,44.3662616747,51.0,306.0,0.0,48.0,3.0,0.0,0.0,0.0,0.0,0.0,0.0,0.0,0.0,0.0,0.0,0.0,0.0,0.0,0.0,0.0,0.0,35.0,0.0,0.0,0.0,0.0,0.0,0.0,16.0,0.0,0.0,16.0,0.0,0.0,0.0,0.0,0.0,0.0,0.0,0.0,0.0,0.0,8.0,0.0,23.0,8.0,20.0,23.0,0.0,20.0,0.0,0.0,0.0,0.0,0.0,0.0,0.0,0.0,"Jan 19, 2017"
1654,2309008.0,25152.0,Baghdad,Mahmoudiya,Kilo 18,كيلو 18,32.9632734078,44.3630610646,254.0,1524.0,14.0,198.0,39.0,0.0,0.0,0.0,0.0,0.0,0.0,0.0,0.0,0.0,0.0,0.0,3.0,0.0,0.0,0.0,0.0,174.0,0.0,0.0,0.0,0.0,0.0,0.0,80.0,0.0,0.0,80.0,0.0,0.0,0.0,0.0,0.0,0.0,0.0,0.0,0.0,0.0,0.0,0.0,169.0,0.0,60.0,169.0,25.0,60.0,0.0,25.0,0.0,0.0,0.0,0.0,0.0,0.0,"Jan 19, 2017"
1655,2309009.0,25154.0,Baghdad,Mahmoudiya,Kilo 25,كيلو 25,32.9482174673,44.3710636391,36.0,216.0,6.0,22.0,8.0,0.0,0.0,0.0,0.0,0.0,0.0,0.0,0.0,0.0,0.0,0.0,0.0,0.0,0.0,0.0,0.0,30.0,0.0,0.0,0.0,0.0,0.0,0.0,6.0,0.0,0.0,6.0,0.0,0.0,0.0,0.0,0.0,0.0,0.0,0.0,0.0,0.0,0.0,0.0,24.0,0.0,6.0,24.0,6.0,6.0,0.0,6.0,0.0,0.0,0.0,0.0,0.0,0.0,"Jan 19, 2017"
1656,2309010.0,25153.0,Baghdad,Mahmoudiya,Kilo 31,كيلو 31,32.9171407669,44.3996682648,4.0,24.0,0.0,4.0,0.0,0.0,0.0,0.0,0.0,0.0,0.0,0.0,0.0,0.0,0.0,0.0,0.0,0.0,0.0,0.0,0.0,4.0,0.0,0.0,0.0,0.0,0.0,0.0,0.0,0.0,0.0,0.0,0.0,0.0,0.0,0.0,0.0,0.0,0.0,0.0,0.0,0.0,0.0,0.0,4.0,0.0,0.0,4.0,0.0,0.0,0.0,0.0,0.0,0.0,0.0,0.0,0.0,0.0,"Jan 19, 2017"
1657,2309011.0,25155.0,Baghdad,Mahmoudiya,Tell Al Sumer village,قرية تل السمر,33.065538931,44.4977181376,21.0,126.0,0.0,11.0,10.0,0.0,0.0,0.0,0.0,0.0,0.0,0.0,0.0,0.0,0.0,0.0,0.0,0.0,0.0,0.0,0.0,21.0,0.0,0.0,0.0,0.0,0.0,0.0,0.0,0.0,0.0,0.0,0.0,0.0,0.0,0.0,0.0,0.0,0.0,0.0,0.0,0.0,0.0,0.0,21.0,0.0,0.0,21.0,0.0,0.0,0.0,0.0,0.0,0.0,0.0,0.0,0.0,0.0,"Jan 19, 2017"
1658,2309012.0,7639.0,Baghdad,Mahmoudiya,Al Mketmat,مقاطعة مكيطيمات,33.15500885,44.24328081,51.0,306.0,39.0,0.0,12.0,0.0,0.0,0.0,0.0,0.0,0.0,0.0,0.0,0.0,0.0,0.0,0.0,0.0,0.0,0.0,0.0,28.0,0.0,0.0,0.0,0.0,0.0,0.0,23.0,0.0,0.0,23.0,0.0,0.0,0.0,0.0,0.0,0.0,0.0,0.0,0.0,0.0,0.0,0.0,0.0,0.0,12.0,0.0,39.0,12.0,0.0,39.0,0.0,0.0,0.0,0.0,0.0,0.0,"Jan 19, 2017"
1659,2309013.0,25141.0,Baghdad,Mahmoudiya,Al Qaser Al Wsat Area-Hai Al Jameia,القصر والوسط-حي الجمعية,33.0820647758,44.257996364,41.0,246.0,41.0,0.0,0.0,0.0,0.0,0.0,0.0,0.0,0.0,0.0,0.0,0.0,0.0,0.0,0.0,0.0,0.0,0.0,0.0,11.0,0.0,0.0,0.0,0.0,0.0,0.0,30.0,0.0,0.0,30.0,0.0,0.0,0.0,0.0,0.0,0.0,0.0,0.0,0.0,0.0,0.0,0.0,0.0,0.0,2.0,0.0,39.0,2.0,0.0,39.0,0.0,0.0,0.0,0.0,0.0,0.0,"Jan 19, 2017"
1660,2309014.0,25146.0,Baghdad,Mahmoudiya,Al Radhwania Al Sharkia,مقاطعة الرضوانية الشرقية,33.21624812,44.17309843,1324.0,7944.0,683.0,95.0,218.0,0.0,0.0,0.0,0.0,0.0,164.0,0.0,0.0,0.0,0.0,0.0,164.0,0.0,0.0,0.0,0.0,438.0,0.0,0.0,0.0,0.0,0.0,0.0,741.0,0.0,0.0,741.0,0.0,0.0,0.0,0.0,145.0,0.0,0.0,145.0,89.0,0.0,205.0,89.0,274.0,205.0,342.0,274.0,129.0,342.0,278.0,129.0,7.0,278.0,0.0,7.0,0.0,0.0,"Jan 19, 2017"
1661,2309015.0,25775.0,Baghdad,Mahmoudiya,Al Wahda Camp,مخيم الوحدة,33.11239997,44.37857119,31.0,186.0,31.0,0.0,0.0,0.0,0.0,0.0,0.0,0.0,0.0,0.0,0.0,0.0,0.0,0.0,0.0,0.0,0.0,0.0,31.0,0.0,0.0,0.0,0.0,0.0,0.0,0.0,0.0,0.0,0.0,0.0,0.0,0.0,0.0,0.0,0.0,0.0,0.0,0.0,0.0,0.0,0.0,0.0,0.0,0.0,0.0,0.0,31.0,0.0,0.0,31.0,0.0,0.0,0.0,0.0,0.0,0.0,"Jan 19, 2017"
1662,2309016.0,23578.0,Baghdad,Mahmoudiya,Al Adwaniya,العدوانية,33.1430257621,44.3866620885,80.0,480.0,39.0,0.0,29.0,0.0,0.0,0.0,0.0,0.0,0.0,0.0,0.0,0.0,0.0,0.0,12.0,0.0,0.0,0.0,0.0,40.0,0.0,0.0,0.0,0.0,0.0,0.0,16.0,0.0,0.0,16.0,0.0,0.0,0.0,0.0,24.0,0.0,0.0,24.0,19.0,0.0,0.0,19.0,0.0,0.0,9.0,0.0,41.0,9.0,11.0,41.0,0.0,11.0,0.0,0.0,0.0,0.0,"Jan 19, 2017"
1663,2309017.0,24121.0,Baghdad,Mahmoudiya,Hay Al Modhafeen-210,حي الموظفين-210,33.0638450598,44.3599770294,74.0,444.0,46.0,0.0,6.0,0.0,0.0,2.0,0.0,0.0,0.0,0.0,0.0,0.0,17.0,0.0,3.0,0.0,0.0,0.0,0.0,14.0,0.0,0.0,0.0,0.0,0.0,0.0,60.0,0.0,0.0,60.0,0.0,0.0,0.0,0.0,0.0,0.0,0.0,0.0,12.0,0.0,16.0,12.0,0.0,16.0,12.0,0.0,34.0,12.0,0.0,34.0,0.0,0.0,0.0,0.0,0.0,0.0,"Jan 19, 2017"
1664,2309018.0,25831.0,Baghdad,Mahmoudiya,-Check Point 75(Al-Rasheed-Khaimat Al Iraq)Camp-,خيمة العراق,33.12936386,44.3585688,8.0,48.0,8.0,0.0,0.0,0.0,0.0,0.0,0.0,0.0,0.0,0.0,0.0,0.0,0.0,0.0,0.0,0.0,0.0,0.0,8.0,0.0,0.0,0.0,0.0,0.0,0.0,0.0,0.0,0.0,0.0,0.0,0.0,0.0,0.0,0.0,0.0,0.0,0.0,0.0,0.0,0.0,0.0,0.0,0.0,0.0,0.0,0.0,8.0,0.0,0.0,8.0,0.0,0.0,0.0,0.0,0.0,0.0,"Jan 19, 2017"
1665,2309019.0,24091.0,Baghdad,Mahmoudiya,Hay Al-Rubaiy-204,حي الربيعي-204,33.052740879,44.3591775005,70.0,420.0,58.0,0.0,0.0,0.0,0.0,0.0,0.0,0.0,0.0,0.0,0.0,0.0,2.0,0.0,10.0,0.0,0.0,0.0,0.0,28.0,0.0,0.0,0.0,0.0,0.0,0.0,42.0,0.0,0.0,42.0,0.0,0.0,0.0,0.0,0.0,0.0,0.0,0.0,13.0,0.0,0.0,13.0,0.0,0.0,12.0,0.0,30.0,12.0,13.0,30.0,2.0,13.0,0.0,2.0,0.0,0.0,"Jan 19, 2017"
1666,2309021.0,7754.0,Baghdad,Mahmoudiya,Biyar Al-Hamam,مقاطعة بير الحمام,33.081422651,44.2563018659,61.0,366.0,11.0,50.0,0.0,0.0,0.0,0.0,0.0,0.0,0.0,0.0,0.0,0.0,0.0,0.0,0.0,0.0,0.0,0.0,0.0,61.0,0.0,0.0,0.0,0.0,0.0,0.0,0.0,0.0,0.0,0.0,0.0,0.0,0.0,0.0,0.0,0.0,0.0,0.0,0.0,0.0,0.0,0.0,50.0,0.0,0.0,50.0,11.0,0.0,0.0,11.0,0.0,0.0,0.0,0.0,0.0,0.0,"Jan 19, 2017"
1667,2309022.0,25145.0,Baghdad,Mahmoudiya,Dereia w Um Mahar,مقاطعة ديرية وأم محار,33.0912533382,44.2836061763,31.0,186.0,31.0,0.0,0.0,0.0,0.0,0.0,0.0,0.0,0.0,0.0,0.0,0.0,0.0,0.0,0.0,0.0,0.0,0.0,0.0,21.0,0.0,0.0,0.0,0.0,0.0,0.0,10.0,0.0,0.0,10.0,0.0,0.0,0.0,0.0,0.0,0.0,0.0,0.0,0.0,0.0,0.0,0.0,0.0,0.0,21.0,0.0,10.0,21.0,0.0,10.0,0.0,0.0,0.0,0.0,0.0,0.0,"Jan 19, 2017"
1668,2309023.0,25143.0,Baghdad,Mahmoudiya,Hay Al Rabee,حي الربيع,33.08241,44.25829,29.0,174.0,29.0,0.0,0.0,0.0,0.0,0.0,0.0,0.0,0.0,0.0,0.0,0.0,0.0,0.0,0.0,0.0,0.0,0.0,0.0,10.0,0.0,0.0,0.0,0.0,0.0,0.0,19.0,0.0,0.0,19.0,0.0,0.0,0.0,0.0,0.0,0.0,0.0,0.0,0.0,0.0,0.0,0.0,0.0,0.0,0.0,0.0,29.0,0.0,0.0,29.0,0.0,0.0,0.0,0.0,0.0,0.0,"Jan 19, 2017"
1669,2309024.0,25144.0,Baghdad,Mahmoudiya,Hay Al Sekalat,حي السكلات,33.0780648,44.25025932,42.0,252.0,27.0,15.0,0.0,0.0,0.0,0.0,0.0,0.0,0.0,0.0,0.0,0.0,0.0,0.0,0.0,0.0,0.0,0.0,0.0,19.0,0.0,0.0,0.0,0.0,0.0,0.0,23.0,0.0,0.0,23.0,0.0,0.0,0.0,0.0,0.0,0.0,0.0,0.0,0.0,0.0,0.0,0.0,15.0,0.0,0.0,15.0,27.0,0.0,0.0,27.0,0.0,0.0,0.0,0.0,0.0,0.0,"Jan 19, 2017"
1670,2309025.0,25142.0,Baghdad,Mahmoudiya,Hay Al Sukur,حي الصقور,33.07505465,44.24704241,39.0,234.0,39.0,0.0,0.0,0.0,0.0,0.0,0.0,0.0,0.0,0.0,0.0,0.0,0.0,0.0,0.0,0.0,0.0,0.0,0.0,12.0,0.0,0.0,0.0,0.0,0.0,0.0,27.0,0.0,0.0,27.0,0.0,0.0,0.0,0.0,0.0,0.0,0.0,0.0,0.0,0.0,0.0,0.0,13.0,0.0,0.0,13.0,26.0,0.0,0.0,26.0,0.0,0.0,0.0,0.0,0.0,0.0,"Jan 19, 2017"
1671,2309027.0,21463.0,Baghdad,Mahmoudiya,Hay Al Mazraa,حي المزرعة ,33.0020125861,44.3659542604,33.0,198.0,0.0,33.0,0.0,0.0,0.0,0.0,0.0,0.0,0.0,0.0,0.0,0.0,0.0,0.0,0.0,0.0,0.0,0.0,0.0,23.0,0.0,0.0,0.0,0.0,0.0,0.0,10.0,0.0,0.0,10.0,0.0,0.0,0.0,0.0,0.0,0.0,0.0,0.0,0.0,0.0,0.0,0.0,33.0,0.0,0.0,33.0,0.0,0.0,0.0,0.0,0.0,0.0,0.0,0.0,0.0,0.0,"Jan 19, 2017"
1672,2309028.0,7616.0,Baghdad,Mahmoudiya,Hay Al-Sajjad,حي السجاد,33.0815855922,44.2526505746,42.0,252.0,27.0,15.0,0.0,0.0,0.0,0.0,0.0,0.0,0.0,0.0,0.0,0.0,0.0,0.0,0.0,0.0,0.0,0.0,0.0,17.0,0.0,0.0,0.0,0.0,0.0,0.0,25.0,0.0,0.0,25.0,0.0,0.0,0.0,0.0,0.0,0.0,0.0,0.0,0.0,0.0,0.0,0.0,15.0,0.0,0.0,15.0,27.0,0.0,0.0,27.0,0.0,0.0,0.0,0.0,0.0,0.0,"Jan 19, 2017"
1673,2309030.0,7733.0,Baghdad,Mahmoudiya,Hay Al Zuhoor,حي الزهور,32.9673387036,44.3638803818,148.0,888.0,15.0,79.0,54.0,0.0,0.0,0.0,0.0,0.0,0.0,0.0,0.0,0.0,0.0,0.0,0.0,0.0,0.0,0.0,0.0,88.0,0.0,0.0,0.0,0.0,0.0,0.0,60.0,0.0,0.0,60.0,0.0,0.0,0.0,0.0,0.0,0.0,0.0,0.0,0.0,0.0,0.0,0.0,51.0,0.0,83.0,51.0,14.0,83.0,0.0,14.0,0.0,0.0,0.0,0.0,0.0,0.0,"Jan 19, 2017"
1674,2309034.0,25148.0,Baghdad,Mahmoudiya,Zoya Al Akrad,زوية الأكراد,33.11960225,44.07074346,38.0,228.0,38.0,0.0,0.0,0.0,0.0,0.0,0.0,0.0,0.0,0.0,0.0,0.0,0.0,0.0,0.0,0.0,0.0,0.0,0.0,38.0,0.0,0.0,0.0,0.0,0.0,0.0,0.0,0.0,0.0,0.0,0.0,0.0,0.0,0.0,0.0,0.0,0.0,0.0,0.0,0.0,0.0,0.0,0.0,0.0,0.0,0.0,38.0,0.0,0.0,38.0,0.0,0.0,0.0,0.0,0.0,0.0,"Jan 19, 2017"
1675,2309035.0,26102.0,Baghdad,Mahmoudiya,Al Yusifiya camp,مخيم اليوسفية,33.12455727,44.05057846,63.0,378.0,63.0,0.0,0.0,0.0,0.0,0.0,0.0,0.0,0.0,0.0,0.0,0.0,0.0,0.0,0.0,0.0,0.0,0.0,63.0,0.0,0.0,0.0,0.0,0.0,0.0,0.0,0.0,0.0,0.0,0.0,0.0,0.0,0.0,0.0,0.0,0.0,0.0,0.0,0.0,0.0,0.0,0.0,0.0,0.0,0.0,0.0,57.0,0.0,0.0,57.0,6.0,0.0,0.0,6.0,0.0,0.0,"Jan 19, 2017"
1676,2309038.0,26106.0,Baghdad,Mahmoudiya,Bezbez brighde collective center,خيم جسر بزيبز,33.13896098,44.03895149,22.0,132.0,22.0,0.0,0.0,0.0,0.0,0.0,0.0,0.0,0.0,0.0,0.0,0.0,0.0,0.0,0.0,0.0,0.0,0.0,0.0,0.0,0.0,22.0,0.0,0.0,22.0,0.0,0.0,0.0,0.0,0.0,0.0,0.0,0.0,0.0,0.0,0.0,0.0,0.0,0.0,0.0,0.0,0.0,0.0,0.0,0.0,0.0,22.0,0.0,0.0,22.0,0.0,0.0,0.0,0.0,0.0,0.0,"Jan 19, 2017"
1677,2309039.0,26103.0,Baghdad,Mahmoudiya,Mohammed Abass Al Nabet Collective Center,خيم محمد عباس النبت,33.13784637,44.04666921,19.0,114.0,19.0,0.0,0.0,0.0,0.0,0.0,0.0,0.0,0.0,0.0,0.0,0.0,0.0,0.0,0.0,0.0,0.0,0.0,0.0,0.0,0.0,19.0,0.0,0.0,19.0,0.0,0.0,0.0,0.0,0.0,0.0,0.0,0.0,0.0,0.0,0.0,0.0,0.0,0.0,0.0,0.0,0.0,0.0,0.0,0.0,0.0,19.0,0.0,0.0,19.0,0.0,0.0,0.0,0.0,0.0,0.0,"Jan 19, 2017"
1678,2309040.0,7456.0,Baghdad,Mahmoudiya,Hay Abu Shamaa,حي ابو شمع,33.0517555566,44.3440747425,40.0,240.0,24.0,0.0,11.0,0.0,0.0,0.0,0.0,0.0,0.0,0.0,0.0,0.0,1.0,0.0,4.0,0.0,0.0,0.0,0.0,20.0,0.0,0.0,0.0,0.0,0.0,0.0,20.0,0.0,0.0,20.0,0.0,0.0,0.0,0.0,0.0,0.0,0.0,0.0,0.0,0.0,25.0,0.0,0.0,25.0,11.0,0.0,0.0,11.0,4.0,0.0,0.0,4.0,0.0,0.0,0.0,0.0,"Jan 19, 2017"
1679,2309041.0,7753.0,Baghdad,Mahmoudiya,Al Zahraa Complex,مجمع الزهراء,33.0748362861,44.343705484,49.0,294.0,37.0,0.0,3.0,0.0,0.0,0.0,0.0,0.0,0.0,0.0,0.0,0.0,2.0,0.0,7.0,0.0,0.0,0.0,0.0,10.0,0.0,0.0,0.0,0.0,0.0,0.0,39.0,0.0,0.0,39.0,0.0,0.0,0.0,0.0,0.0,0.0,0.0,0.0,8.0,0.0,5.0,8.0,0.0,5.0,0.0,0.0,29.0,0.0,7.0,29.0,0.0,7.0,0.0,0.0,0.0,0.0,"Jan 19, 2017"
1680,2309042.0,7758.0,Baghdad,Mahmoudiya,Hay Bader,حي بدر,33.0921367953,44.3697493617,47.0,282.0,35.0,0.0,6.0,0.0,0.0,0.0,0.0,0.0,0.0,0.0,0.0,0.0,0.0,0.0,6.0,0.0,0.0,0.0,0.0,18.0,0.0,0.0,0.0,0.0,0.0,0.0,29.0,0.0,0.0,29.0,0.0,0.0,0.0,0.0,0.0,0.0,0.0,0.0,3.0,0.0,16.0,3.0,0.0,16.0,0.0,0.0,28.0,0.0,0.0,28.0,0.0,0.0,0.0,0.0,0.0,0.0,"Jan 19, 2017"
1681,2309043.0,27251.0,Baghdad,Mahmoudiya,Mustafa complex,مجمع المصطفى,33.0649563511,44.3520977053,82.0,492.0,65.0,0.0,0.0,0.0,0.0,0.0,0.0,0.0,0.0,0.0,0.0,0.0,17.0,0.0,0.0,0.0,0.0,0.0,0.0,24.0,0.0,0.0,0.0,0.0,0.0,0.0,58.0,0.0,0.0,58.0,0.0,0.0,0.0,0.0,0.0,0.0,0.0,0.0,0.0,0.0,0.0,0.0,0.0,0.0,37.0,0.0,40.0,37.0,5.0,40.0,0.0,5.0,0.0,0.0,0.0,0.0,"Jan 19, 2017"
1682,2309044.0,27252.0,Baghdad,Mahmoudiya,Hay Al Rasul,حي الرسول,33.0466755325,44.3582342323,70.0,420.0,42.0,0.0,10.0,0.0,0.0,10.0,0.0,0.0,0.0,0.0,0.0,0.0,0.0,0.0,8.0,0.0,0.0,0.0,0.0,22.0,0.0,0.0,0.0,0.0,0.0,0.0,48.0,0.0,0.0,48.0,0.0,0.0,0.0,0.0,0.0,0.0,0.0,0.0,0.0,0.0,23.0,0.0,5.0,23.0,0.0,5.0,31.0,0.0,11.0,31.0,0.0,11.0,0.0,0.0,0.0,0.0,"Jan 19, 2017"
1683,2309045.0,27253.0,Baghdad,Mahmoudiya,Al sajad Complex,مجمع السجاد,33.0724988589,44.3551557387,49.0,294.0,33.0,0.0,0.0,0.0,0.0,0.0,0.0,0.0,0.0,0.0,0.0,0.0,0.0,0.0,16.0,0.0,0.0,0.0,0.0,30.0,0.0,0.0,0.0,0.0,0.0,0.0,19.0,0.0,0.0,19.0,0.0,0.0,0.0,0.0,0.0,0.0,0.0,0.0,0.0,0.0,0.0,0.0,0.0,0.0,26.0,0.0,23.0,26.0,0.0,23.0,0.0,0.0,0.0,0.0,0.0,0.0,"Jan 19, 2017"
1684,2309046.0,27292.0,Baghdad,Mahmoudiya,Ahmed Abbas Al Nabit collective center,خيم احمد النبت,33.1385921,44.06196865,63.0,378.0,63.0,0.0,0.0,0.0,0.0,0.0,0.0,0.0,0.0,0.0,0.0,0.0,0.0,0.0,0.0,0.0,0.0,0.0,0.0,0.0,0.0,63.0,0.0,0.0,63.0,0.0,0.0,0.0,0.0,0.0,0.0,0.0,0.0,0.0,0.0,0.0,0.0,0.0,0.0,0.0,0.0,0.0,0.0,0.0,0.0,0.0,63.0,0.0,0.0,63.0,0.0,0.0,0.0,0.0,0.0,0.0,"Jan 19, 2017"
1685,2309047.0,27321.0,Baghdad,Mahmoudiya,Hay Al-Zaahraa,حي الزهراء,33.1152606388,44.3683596789,19.0,114.0,14.0,3.0,0.0,0.0,0.0,0.0,0.0,0.0,0.0,0.0,0.0,0.0,0.0,0.0,2.0,0.0,0.0,0.0,0.0,5.0,0.0,0.0,0.0,0.0,0.0,0.0,14.0,0.0,0.0,14.0,0.0,0.0,0.0,0.0,0.0,0.0,0.0,0.0,0.0,0.0,0.0,0.0,9.0,0.0,0.0,9.0,10.0,0.0,0.0,10.0,0.0,0.0,0.0,0.0,0.0,0.0,"Jan 19, 2017"
1686,2309048.0,27322.0,Baghdad,Mahmoudiya,Hay Al-Zayton,حي الزيتون,33.1249150774,44.3656374187,29.0,174.0,29.0,0.0,0.0,0.0,0.0,0.0,0.0,0.0,0.0,0.0,0.0,0.0,0.0,0.0,0.0,0.0,0.0,0.0,0.0,8.0,0.0,0.0,0.0,0.0,0.0,0.0,21.0,0.0,0.0,21.0,0.0,0.0,0.0,0.0,0.0,0.0,0.0,0.0,9.0,0.0,0.0,9.0,0.0,0.0,3.0,0.0,17.0,3.0,0.0,17.0,0.0,0.0,0.0,0.0,0.0,0.0,"Jan 19, 2017"
1687,2309049.0,27323.0,Baghdad,Mahmoudiya,Al-Zanbrania,الزنبرانية,33.106951,44.499209,28.0,168.0,22.0,0.0,6.0,0.0,0.0,0.0,0.0,0.0,0.0,0.0,0.0,0.0,0.0,0.0,0.0,0.0,0.0,0.0,0.0,20.0,0.0,0.0,0.0,0.0,0.0,0.0,8.0,0.0,0.0,8.0,0.0,0.0,0.0,0.0,0.0,0.0,0.0,0.0,7.0,0.0,16.0,7.0,0.0,16.0,0.0,0.0,5.0,0.0,0.0,5.0,0.0,0.0,0.0,0.0,0.0,0.0,"Jan 19, 2017"
1688,2309050.0,27324.0,Baghdad,Mahmoudiya,Kuwaresh,كويريش,33.1790614401,44.3656843587,49.0,294.0,10.0,0.0,20.0,0.0,0.0,0.0,0.0,0.0,0.0,0.0,0.0,0.0,0.0,0.0,19.0,0.0,0.0,0.0,0.0,25.0,0.0,0.0,0.0,0.0,0.0,0.0,24.0,0.0,0.0,24.0,0.0,0.0,0.0,0.0,0.0,0.0,0.0,0.0,0.0,0.0,0.0,0.0,16.0,0.0,17.0,16.0,10.0,17.0,6.0,10.0,0.0,6.0,0.0,0.0,0.0,0.0,"Jan 19, 2017"
1689,2309051.0,7752.0,Baghdad,Mahmoudiya,Hay Al-Salam,حي السلام,33.1640307,44.36094823,9.0,54.0,9.0,0.0,0.0,0.0,0.0,0.0,0.0,0.0,0.0,0.0,0.0,0.0,0.0,0.0,0.0,0.0,0.0,0.0,0.0,9.0,0.0,0.0,0.0,0.0,0.0,0.0,0.0,0.0,0.0,0.0,0.0,0.0,0.0,0.0,0.0,0.0,0.0,0.0,9.0,0.0,0.0,9.0,0.0,0.0,0.0,0.0,0.0,0.0,0.0,0.0,0.0,0.0,0.0,0.0,0.0,0.0,"Jan 19, 2017"
1690,2309052.0,7364.0,Baghdad,Mahmoudiya,Sader Al Yousfiya,صدر اليوسفية,33.111884291,44.1809879489,300.0,1800.0,300.0,0.0,0.0,0.0,0.0,0.0,0.0,0.0,0.0,0.0,0.0,0.0,0.0,0.0,0.0,0.0,0.0,0.0,0.0,0.0,0.0,128.0,0.0,0.0,128.0,0.0,113.0,0.0,0.0,113.0,0.0,0.0,0.0,0.0,59.0,0.0,0.0,59.0,0.0,0.0,0.0,0.0,0.0,0.0,0.0,0.0,269.0,0.0,27.0,269.0,4.0,27.0,0.0,4.0,0.0,0.0,"Jan 19, 2017"
1691,2309053.0,28404.0,Baghdad,Mahmoudiya,Al Alkhmysaat,الرشيد-الخميسات,33.12867098,44.37854965,45.0,270.0,11.0,0.0,33.0,0.0,0.0,0.0,0.0,0.0,0.0,0.0,0.0,0.0,0.0,0.0,1.0,0.0,0.0,0.0,0.0,34.0,0.0,0.0,0.0,0.0,0.0,0.0,11.0,0.0,0.0,11.0,0.0,0.0,0.0,0.0,0.0,0.0,0.0,0.0,0.0,0.0,0.0,0.0,0.0,0.0,29.0,0.0,16.0,29.0,0.0,16.0,0.0,0.0,0.0,0.0,0.0,0.0,"Jan 19, 2017"
1692,2309054.0,28403.0,Baghdad,Mahmoudiya,Al-Rasheed-14 Tamoz,الرشيد-14 تموز,33.1199528326,44.3694980249,14.0,84.0,14.0,0.0,0.0,0.0,0.0,0.0,0.0,0.0,0.0,0.0,0.0,0.0,0.0,0.0,0.0,0.0,0.0,0.0,0.0,0.0,0.0,0.0,0.0,0.0,0.0,0.0,14.0,0.0,0.0,14.0,0.0,0.0,0.0,0.0,0.0,0.0,0.0,0.0,0.0,0.0,0.0,0.0,0.0,0.0,5.0,0.0,9.0,5.0,0.0,9.0,0.0,0.0,0.0,0.0,0.0,0.0,"Jan 19, 2017"
1693,2309068.0,29523.0,Baghdad,Mahmoudiya,Hay Al Shuhada(Al kragolyia),حي الشهداء(الكرغولية),33.066633453,44.2334844742,120.0,720.0,20.0,100.0,0.0,0.0,0.0,0.0,0.0,0.0,0.0,0.0,0.0,0.0,0.0,0.0,0.0,0.0,0.0,0.0,0.0,40.0,0.0,0.0,0.0,0.0,0.0,0.0,80.0,0.0,0.0,80.0,0.0,0.0,0.0,0.0,0.0,0.0,0.0,0.0,0.0,0.0,0.0,0.0,100.0,0.0,0.0,100.0,20.0,0.0,0.0,20.0,0.0,0.0,0.0,0.0,0.0,0.0,"Jan 19, 2017"
1694,2309071.0,29588.0,Baghdad,Mahmoudiya,Latifiya 1,مخيم اللطيفية,32.9687518313,44.3516128436,81.0,486.0,0.0,78.0,3.0,0.0,0.0,0.0,0.0,0.0,0.0,0.0,0.0,0.0,0.0,0.0,0.0,0.0,0.0,0.0,81.0,0.0,0.0,0.0,0.0,0.0,0.0,0.0,0.0,0.0,0.0,0.0,0.0,0.0,0.0,0.0,0.0,0.0,0.0,0.0,0.0,0.0,0.0,0.0,81.0,0.0,0.0,81.0,0.0,0.0,0.0,0.0,0.0,0.0,0.0,0.0,0.0,0.0,"Jan 19, 2017"
1695,2310001.0,25427.0,Baghdad,Tarmia,Abu Sreweel Village,قرية أبو سريويل,33.7027772628,44.4229673907,120.0,720.0,0.0,0.0,0.0,0.0,0.0,0.0,0.0,0.0,0.0,0.0,0.0,0.0,0.0,0.0,120.0,0.0,0.0,0.0,0.0,92.0,0.0,0.0,0.0,0.0,0.0,0.0,28.0,0.0,0.0,28.0,0.0,0.0,0.0,0.0,0.0,0.0,0.0,0.0,0.0,0.0,0.0,0.0,30.0,0.0,90.0,30.0,0.0,90.0,0.0,0.0,0.0,0.0,0.0,0.0,0.0,0.0,"Jan 19, 2017"
1696,2310002.0,25416.0,Baghdad,Tarmia,Al Farook Quarter-1,حي الفاروق-1,33.659107698,44.3886697418,100.0,600.0,45.0,0.0,0.0,0.0,0.0,0.0,0.0,0.0,0.0,0.0,0.0,0.0,0.0,0.0,55.0,0.0,0.0,0.0,0.0,65.0,0.0,0.0,0.0,0.0,0.0,0.0,35.0,0.0,0.0,35.0,0.0,0.0,0.0,0.0,0.0,0.0,0.0,0.0,0.0,0.0,0.0,0.0,80.0,0.0,20.0,80.0,0.0,20.0,0.0,0.0,0.0,0.0,0.0,0.0,0.0,0.0,"Jan 19, 2017"
1697,2310003.0,25417.0,Baghdad,Tarmia,Al Farook Quarter-2,حي الفاروق-2,33.6618727217,44.3940843493,135.0,810.0,88.0,0.0,0.0,0.0,0.0,0.0,0.0,0.0,0.0,0.0,0.0,0.0,0.0,0.0,47.0,0.0,0.0,0.0,0.0,45.0,0.0,0.0,0.0,0.0,0.0,0.0,90.0,0.0,0.0,90.0,0.0,0.0,0.0,0.0,0.0,0.0,0.0,0.0,63.0,0.0,0.0,63.0,25.0,0.0,47.0,25.0,0.0,47.0,0.0,0.0,0.0,0.0,0.0,0.0,0.0,0.0,"Jan 19, 2017"
1698,2310004.0,21685.0,Baghdad,Tarmia,Al Khadraa village,قرية الخضراء,33.6763077707,44.3729867367,120.0,720.0,120.0,0.0,0.0,0.0,0.0,0.0,0.0,0.0,0.0,0.0,0.0,0.0,0.0,0.0,0.0,0.0,0.0,0.0,0.0,120.0,0.0,0.0,0.0,0.0,0.0,0.0,0.0,0.0,0.0,0.0,0.0,0.0,0.0,0.0,0.0,0.0,0.0,0.0,55.0,0.0,30.0,55.0,35.0,30.0,0.0,35.0,0.0,0.0,0.0,0.0,0.0,0.0,0.0,0.0,0.0,0.0,"Jan 19, 2017"
1699,2310005.0,23738.0,Baghdad,Tarmia,Al Rawad,الرواد,33.7313635097,44.2596759882,101.0,606.0,101.0,0.0,0.0,0.0,0.0,0.0,0.0,0.0,0.0,0.0,0.0,0.0,0.0,0.0,0.0,0.0,0.0,0.0,0.0,90.0,0.0,11.0,0.0,0.0,11.0,0.0,0.0,0.0,0.0,0.0,0.0,0.0,0.0,0.0,0.0,0.0,0.0,0.0,101.0,0.0,0.0,101.0,0.0,0.0,0.0,0.0,0.0,0.0,0.0,0.0,0.0,0.0,0.0,0.0,0.0,0.0,"Jan 19, 2017"
1700,2310006.0,24061.0,Baghdad,Tarmia,Al Tarmiya Center,مركز الطارمية,33.6637211133,44.3988496518,100.0,600.0,100.0,0.0,0.0,0.0,0.0,0.0,0.0,0.0,0.0,0.0,0.0,0.0,0.0,0.0,0.0,0.0,0.0,0.0,0.0,80.0,0.0,0.0,0.0,0.0,0.0,0.0,20.0,0.0,0.0,20.0,0.0,0.0,0.0,0.0,0.0,0.0,0.0,0.0,100.0,0.0,0.0,100.0,0.0,0.0,0.0,0.0,0.0,0.0,0.0,0.0,0.0,0.0,0.0,0.0,0.0,0.0,"Jan 19, 2017"
1701,2310007.0,24063.0,Baghdad,Tarmia,Al-Abayechi-1,العبايجي-1,33.7348716687,44.3927079262,42.0,252.0,42.0,0.0,0.0,0.0,0.0,0.0,0.0,0.0,0.0,0.0,0.0,0.0,0.0,0.0,0.0,0.0,0.0,0.0,0.0,20.0,0.0,0.0,0.0,0.0,0.0,0.0,15.0,0.0,0.0,15.0,0.0,0.0,0.0,0.0,0.0,0.0,7.0,0.0,42.0,7.0,0.0,42.0,0.0,0.0,0.0,0.0,0.0,0.0,0.0,0.0,0.0,0.0,0.0,0.0,0.0,0.0,"Jan 19, 2017"
1702,2310008.0,24071.0,Baghdad,Tarmia,Al-Abayechi-10,العبايجي-10,33.7711739838,44.3781218596,30.0,180.0,30.0,0.0,0.0,0.0,0.0,0.0,0.0,0.0,0.0,0.0,0.0,0.0,0.0,0.0,0.0,0.0,0.0,0.0,0.0,21.0,0.0,0.0,0.0,0.0,0.0,0.0,9.0,0.0,0.0,9.0,0.0,0.0,0.0,0.0,0.0,0.0,0.0,0.0,30.0,0.0,0.0,30.0,0.0,0.0,0.0,0.0,0.0,0.0,0.0,0.0,0.0,0.0,0.0,0.0,0.0,0.0,"Jan 19, 2017"
1703,2310009.0,25419.0,Baghdad,Tarmia,Hai Al Hukem Al Mahali,حي الحكم المحلي,33.6645732127,44.3814989438,170.0,1020.0,131.0,0.0,0.0,0.0,0.0,22.0,0.0,0.0,0.0,0.0,0.0,0.0,0.0,0.0,17.0,0.0,0.0,0.0,0.0,60.0,0.0,0.0,0.0,0.0,0.0,0.0,110.0,0.0,0.0,110.0,0.0,0.0,0.0,0.0,0.0,0.0,0.0,0.0,88.0,0.0,0.0,88.0,82.0,0.0,0.0,82.0,0.0,0.0,0.0,0.0,0.0,0.0,0.0,0.0,0.0,0.0,"Jan 19, 2017"
1704,2310010.0,25423.0,Baghdad,Tarmia,Hai Al Qadessia-1,حي القادسية-1,33.6716716711,44.3792465793,195.0,1170.0,141.0,0.0,0.0,0.0,0.0,0.0,0.0,0.0,0.0,0.0,0.0,0.0,0.0,0.0,54.0,0.0,0.0,0.0,0.0,75.0,0.0,0.0,0.0,0.0,0.0,0.0,120.0,0.0,0.0,120.0,0.0,0.0,0.0,0.0,0.0,0.0,0.0,0.0,0.0,0.0,0.0,0.0,116.0,0.0,79.0,116.0,0.0,79.0,0.0,0.0,0.0,0.0,0.0,0.0,0.0,0.0,"Jan 19, 2017"
1705,2310011.0,25424.0,Baghdad,Tarmia,Hai Al Qadessia-2,حي القادسية-2,33.6715319172,44.3719024779,185.0,1110.0,90.0,0.0,0.0,0.0,0.0,0.0,0.0,0.0,0.0,0.0,0.0,0.0,0.0,0.0,95.0,0.0,0.0,0.0,0.0,55.0,0.0,0.0,0.0,0.0,0.0,0.0,130.0,0.0,0.0,130.0,0.0,0.0,0.0,0.0,0.0,0.0,0.0,0.0,68.0,0.0,0.0,68.0,95.0,0.0,22.0,95.0,0.0,22.0,0.0,0.0,0.0,0.0,0.0,0.0,0.0,0.0,"Jan 19, 2017"
1706,2310012.0,25418.0,Baghdad,Tarmia,Hai Al Resala,حي الرسالة,33.6656353193,44.393639303,149.0,894.0,102.0,0.0,0.0,0.0,0.0,0.0,0.0,0.0,0.0,0.0,0.0,0.0,0.0,0.0,47.0,0.0,0.0,0.0,0.0,64.0,0.0,0.0,0.0,0.0,0.0,0.0,85.0,0.0,0.0,85.0,0.0,0.0,0.0,0.0,0.0,0.0,0.0,0.0,55.0,0.0,0.0,55.0,0.0,0.0,94.0,0.0,0.0,94.0,0.0,0.0,0.0,0.0,0.0,0.0,0.0,0.0,"Jan 19, 2017"
1707,2310013.0,25420.0,Baghdad,Tarmia,Hai Al Sedeq,حي الصديق,33.663912703,44.3756232648,171.0,1026.0,118.0,0.0,0.0,0.0,0.0,0.0,0.0,0.0,0.0,0.0,0.0,0.0,0.0,0.0,53.0,0.0,0.0,0.0,0.0,35.0,0.0,0.0,0.0,0.0,0.0,0.0,136.0,0.0,0.0,136.0,0.0,0.0,0.0,0.0,0.0,0.0,0.0,0.0,0.0,0.0,0.0,0.0,53.0,0.0,118.0,53.0,0.0,118.0,0.0,0.0,0.0,0.0,0.0,0.0,0.0,0.0,"Jan 19, 2017"
1708,2310014.0,25422.0,Baghdad,Tarmia,Hai Al Turba,حي التربة,33.6639000452,44.3682005491,155.0,930.0,103.0,0.0,0.0,0.0,0.0,20.0,0.0,0.0,0.0,0.0,0.0,0.0,0.0,0.0,32.0,0.0,0.0,0.0,0.0,60.0,0.0,0.0,0.0,0.0,0.0,0.0,95.0,0.0,0.0,95.0,0.0,0.0,0.0,0.0,0.0,0.0,0.0,0.0,63.0,0.0,72.0,63.0,0.0,72.0,20.0,0.0,0.0,20.0,0.0,0.0,0.0,0.0,0.0,0.0,0.0,0.0,"Jan 19, 2017"
1709,2310015.0,25421.0,Baghdad,Tarmia,Hai Al Wehda,حي الوحدة,33.6683204919,44.3844468781,180.0,1080.0,105.0,0.0,0.0,0.0,0.0,0.0,0.0,0.0,0.0,0.0,0.0,0.0,0.0,0.0,75.0,0.0,0.0,0.0,0.0,45.0,0.0,0.0,0.0,0.0,0.0,0.0,135.0,0.0,0.0,135.0,0.0,0.0,0.0,0.0,0.0,0.0,0.0,0.0,0.0,0.0,0.0,0.0,45.0,0.0,135.0,45.0,0.0,135.0,0.0,0.0,0.0,0.0,0.0,0.0,0.0,0.0,"Jan 19, 2017"
1710,2310016.0,25428.0,Baghdad,Tarmia,Hamadi Al Khalil Village,قرية حمادي الخليل,33.7255493413,44.3935643454,80.0,480.0,0.0,0.0,0.0,0.0,0.0,0.0,0.0,0.0,0.0,0.0,0.0,0.0,0.0,0.0,80.0,0.0,0.0,0.0,0.0,58.0,0.0,0.0,0.0,0.0,0.0,0.0,22.0,0.0,0.0,22.0,0.0,0.0,0.0,0.0,0.0,0.0,0.0,0.0,0.0,0.0,0.0,0.0,21.0,0.0,59.0,21.0,0.0,59.0,0.0,0.0,0.0,0.0,0.0,0.0,0.0,0.0,"Jan 19, 2017"
1711,2310017.0,25425.0,Baghdad,Tarmia,Nadeem-1 Village,قرية نديم-1,33.5865850858,44.237565699,95.0,570.0,43.0,0.0,0.0,0.0,0.0,0.0,0.0,0.0,0.0,0.0,0.0,0.0,0.0,0.0,52.0,0.0,0.0,0.0,0.0,95.0,0.0,0.0,0.0,0.0,0.0,0.0,0.0,0.0,0.0,0.0,0.0,0.0,0.0,0.0,0.0,0.0,0.0,0.0,0.0,0.0,43.0,0.0,30.0,43.0,22.0,30.0,0.0,22.0,0.0,0.0,0.0,0.0,0.0,0.0,0.0,0.0,"Jan 19, 2017"
1712,2310018.0,25426.0,Baghdad,Tarmia,Nadeem-2 Village,قرية نديم-2,33.5903119745,44.2388343475,85.0,510.0,0.0,0.0,0.0,0.0,0.0,65.0,0.0,0.0,0.0,0.0,0.0,0.0,0.0,0.0,20.0,0.0,0.0,0.0,0.0,85.0,0.0,0.0,0.0,0.0,0.0,0.0,0.0,0.0,0.0,0.0,0.0,0.0,0.0,0.0,0.0,0.0,0.0,0.0,0.0,0.0,0.0,0.0,35.0,0.0,50.0,35.0,0.0,50.0,0.0,0.0,0.0,0.0,0.0,0.0,0.0,0.0,"Jan 19, 2017"
1713,2401003.0,24094.0,Diyala,Al-Khalis,Al Dojama,الدوجمة,33.97457192,44.41410297,50.0,300.0,50.0,0.0,0.0,0.0,0.0,0.0,0.0,0.0,0.0,0.0,0.0,0.0,0.0,0.0,0.0,0.0,0.0,0.0,0.0,50.0,0.0,0.0,0.0,0.0,0.0,0.0,0.0,0.0,0.0,0.0,0.0,0.0,0.0,0.0,0.0,0.0,0.0,0.0,15.0,0.0,0.0,15.0,0.0,0.0,0.0,0.0,35.0,0.0,0.0,35.0,0.0,0.0,0.0,0.0,0.0,0.0,"Jan 19, 2017"
1714,2401004.0,11195.0,Diyala,Al-Khalis,Al Ghalbiya,الغالبية,33.7315822136,44.4798689014,60.0,360.0,10.0,0.0,0.0,0.0,0.0,42.0,0.0,0.0,1.0,0.0,0.0,0.0,0.0,0.0,7.0,0.0,0.0,0.0,0.0,7.0,0.0,0.0,0.0,0.0,0.0,0.0,30.0,0.0,0.0,30.0,0.0,0.0,0.0,0.0,23.0,0.0,0.0,23.0,0.0,0.0,0.0,0.0,0.0,0.0,49.0,0.0,10.0,49.0,1.0,10.0,0.0,1.0,0.0,0.0,0.0,0.0,"Jan 19, 2017"
1715,2401005.0,25022.0,Diyala,Al-Khalis,Al Gserin Village,قرية كصيرين,33.6920507284,44.4351627778,35.0,210.0,0.0,0.0,0.0,0.0,0.0,0.0,0.0,0.0,0.0,0.0,0.0,0.0,30.0,0.0,5.0,0.0,0.0,0.0,0.0,0.0,0.0,0.0,0.0,0.0,0.0,0.0,35.0,0.0,0.0,35.0,0.0,0.0,0.0,0.0,0.0,0.0,0.0,0.0,0.0,0.0,30.0,0.0,5.0,30.0,0.0,5.0,0.0,0.0,0.0,0.0,0.0,0.0,0.0,0.0,0.0,0.0,"Jan 19, 2017"
1716,2401006.0,23966.0,Diyala,Al-Khalis,Al Hadid,الحديد,33.7686499926,44.5628627001,180.0,1080.0,6.0,0.0,0.0,0.0,0.0,167.0,0.0,0.0,0.0,0.0,0.0,0.0,0.0,0.0,7.0,0.0,0.0,0.0,0.0,98.0,0.0,0.0,0.0,0.0,0.0,0.0,32.0,0.0,0.0,32.0,0.0,0.0,0.0,0.0,50.0,0.0,0.0,50.0,6.0,0.0,0.0,6.0,10.0,0.0,157.0,10.0,7.0,157.0,0.0,7.0,0.0,0.0,0.0,0.0,0.0,0.0,"Jan 19, 2017"
1717,2401007.0,25814.0,Diyala,Al-Khalis,Al Hadid Old,الحديد القديمة,33.7691761145,44.5598097449,39.0,234.0,25.0,0.0,0.0,0.0,0.0,10.0,0.0,0.0,0.0,0.0,0.0,0.0,0.0,0.0,4.0,0.0,0.0,0.0,0.0,39.0,0.0,0.0,0.0,0.0,0.0,0.0,0.0,0.0,0.0,0.0,0.0,0.0,0.0,0.0,0.0,0.0,0.0,0.0,0.0,0.0,0.0,0.0,0.0,0.0,10.0,0.0,29.0,10.0,0.0,29.0,0.0,0.0,0.0,0.0,0.0,0.0,"Jan 19, 2017"
1718,2401008.0,25815.0,Diyala,Al-Khalis,Al Hadid-Al Benook Qtr,الحديد-حي البنوك,33.7601712735,44.5501300595,35.0,210.0,35.0,0.0,0.0,0.0,0.0,0.0,0.0,0.0,0.0,0.0,0.0,0.0,0.0,0.0,0.0,0.0,0.0,0.0,0.0,35.0,0.0,0.0,0.0,0.0,0.0,0.0,0.0,0.0,0.0,0.0,0.0,0.0,0.0,0.0,0.0,0.0,0.0,0.0,0.0,0.0,0.0,0.0,0.0,0.0,0.0,0.0,35.0,0.0,0.0,35.0,0.0,0.0,0.0,0.0,0.0,0.0,"Jan 19, 2017"
1719,2401009.0,11081.0,Diyala,Al-Khalis,Markaz Al Khalis,مركز الخالص,33.8581486794,44.5153555694,160.0,960.0,0.0,0.0,0.0,0.0,0.0,160.0,0.0,0.0,0.0,0.0,0.0,0.0,0.0,0.0,0.0,0.0,0.0,0.0,0.0,110.0,0.0,0.0,0.0,0.0,0.0,0.0,50.0,0.0,0.0,50.0,0.0,0.0,0.0,0.0,0.0,0.0,0.0,0.0,0.0,0.0,0.0,0.0,0.0,0.0,160.0,0.0,0.0,160.0,0.0,0.0,0.0,0.0,0.0,0.0,0.0,0.0,"Jan 19, 2017"
1720,2401010.0,25026.0,Diyala,Al-Khalis,Al Mohandseen Alzraeen Village,قرية المهندسين الزراعيين,33.7318110578,44.4836191447,36.0,216.0,0.0,0.0,0.0,0.0,0.0,36.0,0.0,0.0,0.0,0.0,0.0,0.0,0.0,0.0,0.0,0.0,0.0,0.0,0.0,0.0,0.0,0.0,0.0,0.0,0.0,0.0,36.0,0.0,0.0,36.0,0.0,0.0,0.0,0.0,0.0,0.0,0.0,0.0,0.0,0.0,0.0,0.0,0.0,0.0,36.0,0.0,0.0,36.0,0.0,0.0,0.0,0.0,0.0,0.0,0.0,0.0,"Jan 19, 2017"
1721,2401011.0,26057.0,Diyala,Al-Khalis,Al Rmelat Village,قرية الرميلات,34.07924516,44.8634238191,5.0,30.0,0.0,0.0,0.0,0.0,0.0,5.0,0.0,0.0,0.0,0.0,0.0,0.0,0.0,0.0,0.0,0.0,0.0,0.0,0.0,5.0,0.0,0.0,0.0,0.0,0.0,0.0,0.0,0.0,0.0,0.0,0.0,0.0,0.0,0.0,0.0,0.0,0.0,0.0,0.0,0.0,0.0,0.0,0.0,0.0,5.0,0.0,0.0,5.0,0.0,0.0,0.0,0.0,0.0,0.0,0.0,0.0,"Jan 19, 2017"
1722,2401012.0,25031.0,Diyala,Al-Khalis,Al Sadah Al Neeam Village,قرية السادة النعيم,33.7677799236,44.4930857961,8.0,48.0,0.0,0.0,0.0,0.0,0.0,8.0,0.0,0.0,0.0,0.0,0.0,0.0,0.0,0.0,0.0,0.0,0.0,0.0,0.0,0.0,0.0,0.0,0.0,0.0,0.0,0.0,8.0,0.0,0.0,8.0,0.0,0.0,0.0,0.0,0.0,0.0,0.0,0.0,0.0,0.0,0.0,0.0,0.0,0.0,8.0,0.0,0.0,8.0,0.0,0.0,0.0,0.0,0.0,0.0,0.0,0.0,"Jan 19, 2017"
1723,2401013.0,24483.0,Diyala,Al-Khalis,Al Salam,ناحية السلام-مركز الناحية,33.9367396817,44.724589595,10.0,60.0,0.0,0.0,0.0,0.0,0.0,10.0,0.0,0.0,0.0,0.0,0.0,0.0,0.0,0.0,0.0,0.0,0.0,0.0,0.0,10.0,0.0,0.0,0.0,0.0,0.0,0.0,0.0,0.0,0.0,0.0,0.0,0.0,0.0,0.0,0.0,0.0,0.0,0.0,0.0,0.0,0.0,0.0,10.0,0.0,0.0,10.0,0.0,0.0,0.0,0.0,0.0,0.0,0.0,0.0,0.0,0.0,"Jan 19, 2017"
1724,2401014.0,24912.0,Diyala,Al-Khalis,Al Sindiyah village,قرية السندية,33.8781536102,44.4443865022,32.0,192.0,0.0,0.0,0.0,0.0,0.0,0.0,0.0,0.0,0.0,0.0,0.0,0.0,0.0,0.0,32.0,0.0,0.0,0.0,0.0,32.0,0.0,0.0,0.0,0.0,0.0,0.0,0.0,0.0,0.0,0.0,0.0,0.0,0.0,0.0,0.0,0.0,0.0,0.0,0.0,0.0,0.0,0.0,0.0,0.0,32.0,0.0,0.0,32.0,0.0,0.0,0.0,0.0,0.0,0.0,0.0,0.0,"Jan 19, 2017"
1725,2401016.0,11484.0,Diyala,Al-Khalis,Albu Bali,البوبالي,33.90985954,44.61705374,7.0,42.0,7.0,0.0,0.0,0.0,0.0,0.0,0.0,0.0,0.0,0.0,0.0,0.0,0.0,0.0,0.0,0.0,0.0,0.0,0.0,7.0,0.0,0.0,0.0,0.0,0.0,0.0,0.0,0.0,0.0,0.0,0.0,0.0,0.0,0.0,0.0,0.0,0.0,0.0,7.0,0.0,0.0,7.0,0.0,0.0,0.0,0.0,0.0,0.0,0.0,0.0,0.0,0.0,0.0,0.0,0.0,0.0,"Jan 19, 2017"
1726,2401017.0,25681.0,Diyala,Al-Khalis,Ali Abdulla village,قرية علي العبد الله,34.12538413,44.8414714059,2.0,12.0,0.0,0.0,0.0,0.0,0.0,2.0,0.0,0.0,0.0,0.0,0.0,0.0,0.0,0.0,0.0,0.0,0.0,0.0,0.0,1.0,0.0,0.0,0.0,0.0,0.0,0.0,1.0,0.0,0.0,1.0,0.0,0.0,0.0,0.0,0.0,0.0,0.0,0.0,0.0,0.0,0.0,0.0,0.0,0.0,2.0,0.0,0.0,2.0,0.0,0.0,0.0,0.0,0.0,0.0,0.0,0.0,"Jan 19, 2017"
1727,2401019.0,25667.0,Diyala,Al-Khalis,Al-Makareen Village,قرية المكاريين,34.0872047481,44.9287902566,18.0,108.0,0.0,0.0,0.0,0.0,0.0,18.0,0.0,0.0,0.0,0.0,0.0,0.0,0.0,0.0,0.0,0.0,0.0,0.0,0.0,18.0,0.0,0.0,0.0,0.0,0.0,0.0,0.0,0.0,0.0,0.0,0.0,0.0,0.0,0.0,0.0,0.0,0.0,0.0,0.0,0.0,0.0,0.0,0.0,0.0,18.0,0.0,0.0,18.0,0.0,0.0,0.0,0.0,0.0,0.0,0.0,0.0,"Jan 19, 2017"
1728,2401020.0,25666.0,Diyala,Al-Khalis,Al-Mashroo Village,قرية المشروع,34.0674633,44.7784592551,3.0,18.0,0.0,0.0,0.0,0.0,0.0,3.0,0.0,0.0,0.0,0.0,0.0,0.0,0.0,0.0,0.0,0.0,0.0,0.0,0.0,0.0,0.0,0.0,0.0,0.0,0.0,0.0,0.0,0.0,0.0,0.0,0.0,0.0,0.0,0.0,3.0,0.0,0.0,3.0,0.0,0.0,0.0,0.0,0.0,0.0,3.0,0.0,0.0,3.0,0.0,0.0,0.0,0.0,0.0,0.0,0.0,0.0,"Jan 19, 2017"
1729,2401021.0,25661.0,Diyala,Al-Khalis,Al-Sadah Village,قرية السادة,34.0858611805,44.7265957676,19.0,114.0,0.0,0.0,0.0,0.0,0.0,19.0,0.0,0.0,0.0,0.0,0.0,0.0,0.0,0.0,0.0,0.0,0.0,0.0,0.0,19.0,0.0,0.0,0.0,0.0,0.0,0.0,0.0,0.0,0.0,0.0,0.0,0.0,0.0,0.0,0.0,0.0,0.0,0.0,0.0,0.0,0.0,0.0,0.0,0.0,19.0,0.0,0.0,19.0,0.0,0.0,0.0,0.0,0.0,0.0,0.0,0.0,"Jan 19, 2017"
1730,2401023.0,26056.0,Diyala,Al-Khalis,Arab Hafedh Village,قرية عرب حافظ,34.1182342268,44.8409555081,11.0,66.0,0.0,0.0,0.0,0.0,0.0,11.0,0.0,0.0,0.0,0.0,0.0,0.0,0.0,0.0,0.0,0.0,0.0,0.0,0.0,0.0,0.0,0.0,0.0,0.0,0.0,0.0,1.0,0.0,0.0,1.0,0.0,0.0,0.0,0.0,10.0,0.0,0.0,10.0,0.0,0.0,0.0,0.0,0.0,0.0,11.0,0.0,0.0,11.0,0.0,0.0,0.0,0.0,0.0,0.0,0.0,0.0,"Jan 19, 2017"
1731,2401024.0,26055.0,Diyala,Al-Khalis,Arab Hamdan Village,قرية عرب حمدان,34.1332381774,44.8597715269,5.0,30.0,0.0,0.0,0.0,0.0,0.0,5.0,0.0,0.0,0.0,0.0,0.0,0.0,0.0,0.0,0.0,0.0,0.0,0.0,0.0,5.0,0.0,0.0,0.0,0.0,0.0,0.0,0.0,0.0,0.0,0.0,0.0,0.0,0.0,0.0,0.0,0.0,0.0,0.0,0.0,0.0,0.0,0.0,0.0,0.0,5.0,0.0,0.0,5.0,0.0,0.0,0.0,0.0,0.0,0.0,0.0,0.0,"Jan 19, 2017"
1732,2401025.0,23965.0,Diyala,Al-Khalis,Arab Shanon,عرب شعنون,33.8137840141,44.562805613,28.0,168.0,0.0,0.0,0.0,0.0,0.0,23.0,0.0,0.0,0.0,0.0,0.0,0.0,5.0,0.0,0.0,0.0,0.0,0.0,0.0,20.0,0.0,0.0,0.0,0.0,0.0,0.0,8.0,0.0,0.0,8.0,0.0,0.0,0.0,0.0,0.0,0.0,0.0,0.0,0.0,0.0,0.0,0.0,0.0,0.0,28.0,0.0,0.0,28.0,0.0,0.0,0.0,0.0,0.0,0.0,0.0,0.0,"Jan 19, 2017"
1733,2401026.0,24913.0,Diyala,Al-Khalis,Arab Tetn village,قرية عرب تتن,33.756833108,44.5428492387,13.0,78.0,0.0,0.0,0.0,0.0,0.0,0.0,0.0,0.0,0.0,0.0,0.0,0.0,0.0,0.0,13.0,0.0,0.0,0.0,0.0,13.0,0.0,0.0,0.0,0.0,0.0,0.0,0.0,0.0,0.0,0.0,0.0,0.0,0.0,0.0,0.0,0.0,0.0,0.0,0.0,0.0,0.0,0.0,3.0,0.0,10.0,3.0,0.0,10.0,0.0,0.0,0.0,0.0,0.0,0.0,0.0,0.0,"Jan 19, 2017"
1734,2401027.0,26058.0,Diyala,Al-Khalis,Dalli Abass-Al-Shuhada Qtr,دلي عباس-حي الشهداء,34.0676524024,44.8655022195,150.0,900.0,0.0,0.0,0.0,0.0,0.0,150.0,0.0,0.0,0.0,0.0,0.0,0.0,0.0,0.0,0.0,0.0,0.0,0.0,0.0,15.0,0.0,0.0,0.0,0.0,0.0,0.0,129.0,0.0,0.0,129.0,0.0,0.0,0.0,0.0,6.0,0.0,0.0,6.0,0.0,0.0,0.0,0.0,6.0,0.0,144.0,6.0,0.0,144.0,0.0,0.0,0.0,0.0,0.0,0.0,0.0,0.0,"Jan 19, 2017"
1735,2401029.0,25678.0,Diyala,Al-Khalis,Dawod Al-Salom village,قرية داوود السلوم,34.125489027,44.8441084558,13.0,78.0,0.0,0.0,0.0,0.0,0.0,13.0,0.0,0.0,0.0,0.0,0.0,0.0,0.0,0.0,0.0,0.0,0.0,0.0,0.0,10.0,0.0,0.0,0.0,0.0,0.0,0.0,3.0,0.0,0.0,3.0,0.0,0.0,0.0,0.0,0.0,0.0,0.0,0.0,0.0,0.0,0.0,0.0,0.0,0.0,13.0,0.0,0.0,13.0,0.0,0.0,0.0,0.0,0.0,0.0,0.0,0.0,"Jan 19, 2017"
1736,2401030.0,11206.0,Diyala,Al-Khalis,Hawaish Village,قرية الحويش,33.6838819145,44.4237242522,22.0,132.0,0.0,0.0,0.0,0.0,0.0,10.0,0.0,0.0,0.0,0.0,0.0,0.0,0.0,0.0,12.0,0.0,0.0,0.0,0.0,22.0,0.0,0.0,0.0,0.0,0.0,0.0,0.0,0.0,0.0,0.0,0.0,0.0,0.0,0.0,0.0,0.0,0.0,0.0,0.0,0.0,12.0,0.0,0.0,12.0,10.0,0.0,0.0,10.0,0.0,0.0,0.0,0.0,0.0,0.0,0.0,0.0,"Jan 19, 2017"
1737,2401031.0,22041.0,Diyala,Al-Khalis,Al Qadissiya Qtr,حي القادسية,33.7847967709,44.5017384941,40.0,240.0,0.0,0.0,0.0,0.0,0.0,40.0,0.0,0.0,0.0,0.0,0.0,0.0,0.0,0.0,0.0,0.0,0.0,0.0,0.0,0.0,0.0,0.0,0.0,0.0,0.0,0.0,40.0,0.0,0.0,40.0,0.0,0.0,0.0,0.0,0.0,0.0,0.0,0.0,0.0,0.0,0.0,0.0,0.0,0.0,40.0,0.0,0.0,40.0,0.0,0.0,0.0,0.0,0.0,0.0,0.0,0.0,"Jan 19, 2017"
1738,2401032.0,10445.0,Diyala,Al-Khalis,Markaz Hibhib,مركز هبهب,33.7838538241,44.5147000046,125.0,750.0,10.0,0.0,0.0,0.0,0.0,115.0,0.0,0.0,0.0,0.0,0.0,0.0,0.0,0.0,0.0,0.0,0.0,0.0,0.0,76.0,0.0,0.0,0.0,0.0,0.0,0.0,49.0,0.0,0.0,49.0,0.0,0.0,0.0,0.0,0.0,0.0,0.0,0.0,0.0,0.0,0.0,0.0,46.0,0.0,69.0,46.0,0.0,69.0,10.0,0.0,0.0,10.0,0.0,0.0,0.0,0.0,"Jan 19, 2017"
1739,2401033.0,25029.0,Diyala,Al-Khalis,Hibhib-Abo Khurda Village,هبهب-قرية ابو خردة,33.8049788447,44.520150247,15.0,90.0,0.0,0.0,0.0,0.0,0.0,15.0,0.0,0.0,0.0,0.0,0.0,0.0,0.0,0.0,0.0,0.0,0.0,0.0,0.0,5.0,0.0,0.0,0.0,0.0,0.0,0.0,0.0,0.0,0.0,0.0,0.0,0.0,0.0,0.0,10.0,0.0,0.0,10.0,0.0,0.0,0.0,0.0,0.0,0.0,15.0,0.0,0.0,15.0,0.0,0.0,0.0,0.0,0.0,0.0,0.0,0.0,"Jan 19, 2017"
1740,2401035.0,11487.0,Diyala,Al-Khalis,Al Askary Qtr,الحي العسكري,34.0664713836,44.8604759576,25.0,150.0,3.0,0.0,0.0,0.0,0.0,12.0,0.0,0.0,0.0,0.0,0.0,0.0,0.0,0.0,10.0,0.0,0.0,0.0,0.0,0.0,0.0,0.0,0.0,0.0,0.0,0.0,25.0,0.0,0.0,25.0,0.0,0.0,0.0,0.0,0.0,0.0,0.0,0.0,0.0,0.0,8.0,0.0,0.0,8.0,17.0,0.0,0.0,17.0,0.0,0.0,0.0,0.0,0.0,0.0,0.0,0.0,"Jan 19, 2017"
1741,2401036.0,25027.0,Diyala,Al-Khalis,Hibhib-Al Asry Qtr,الحي العصري,33.7809349054,44.5143199184,12.0,72.0,0.0,0.0,0.0,0.0,0.0,12.0,0.0,0.0,0.0,0.0,0.0,0.0,0.0,0.0,0.0,0.0,0.0,0.0,0.0,8.0,0.0,0.0,0.0,0.0,0.0,0.0,4.0,0.0,0.0,4.0,0.0,0.0,0.0,0.0,0.0,0.0,0.0,0.0,0.0,0.0,0.0,0.0,0.0,0.0,12.0,0.0,0.0,12.0,0.0,0.0,0.0,0.0,0.0,0.0,0.0,0.0,"Jan 19, 2017"
1742,2401037.0,25034.0,Diyala,Al-Khalis,Hibhib-Al Hashmya Village,هبهب-قرية الهاشمية,33.7457410213,44.5353883255,7.0,42.0,0.0,0.0,0.0,0.0,0.0,7.0,0.0,0.0,0.0,0.0,0.0,0.0,0.0,0.0,0.0,0.0,0.0,0.0,0.0,0.0,0.0,0.0,0.0,0.0,0.0,0.0,7.0,0.0,0.0,7.0,0.0,0.0,0.0,0.0,0.0,0.0,0.0,0.0,0.0,0.0,5.0,0.0,2.0,5.0,0.0,2.0,0.0,0.0,0.0,0.0,0.0,0.0,0.0,0.0,0.0,0.0,"Jan 19, 2017"
1743,2401038.0,25028.0,Diyala,Al-Khalis,Hibhib-Al Lokmanya Village,هبهب-قرية اللقمانية,33.762192899,44.4969924681,23.0,138.0,19.0,0.0,0.0,0.0,0.0,4.0,0.0,0.0,0.0,0.0,0.0,0.0,0.0,0.0,0.0,0.0,0.0,0.0,0.0,23.0,0.0,0.0,0.0,0.0,0.0,0.0,0.0,0.0,0.0,0.0,0.0,0.0,0.0,0.0,0.0,0.0,0.0,0.0,0.0,0.0,0.0,0.0,0.0,0.0,4.0,0.0,19.0,4.0,0.0,19.0,0.0,0.0,0.0,0.0,0.0,0.0,"Jan 19, 2017"
1744,2401039.0,25035.0,Diyala,Al-Khalis,Hibhib-Al Raga Village,هبهب-قرية الركة,33.81551,44.615551,7.0,42.0,0.0,0.0,0.0,0.0,0.0,7.0,0.0,0.0,0.0,0.0,0.0,0.0,0.0,0.0,0.0,0.0,0.0,0.0,0.0,7.0,0.0,0.0,0.0,0.0,0.0,0.0,0.0,0.0,0.0,0.0,0.0,0.0,0.0,0.0,0.0,0.0,0.0,0.0,0.0,0.0,1.0,0.0,0.0,1.0,6.0,0.0,0.0,6.0,0.0,0.0,0.0,0.0,0.0,0.0,0.0,0.0,"Jan 19, 2017"
1745,2401040.0,25036.0,Diyala,Al-Khalis,Hibhib-Al Shohadaa Qtr,هبهب-حي الشهداء,33.7802464921,44.5143520265,28.0,168.0,0.0,0.0,0.0,0.0,0.0,20.0,0.0,0.0,0.0,0.0,0.0,0.0,0.0,0.0,8.0,0.0,0.0,0.0,0.0,13.0,0.0,0.0,0.0,0.0,0.0,0.0,15.0,0.0,0.0,15.0,0.0,0.0,0.0,0.0,0.0,0.0,0.0,0.0,0.0,0.0,8.0,0.0,0.0,8.0,20.0,0.0,0.0,20.0,0.0,0.0,0.0,0.0,0.0,0.0,0.0,0.0,"Jan 19, 2017"
1746,2401041.0,25025.0,Diyala,Al-Khalis,Hibhib-Al Yarmook Qtr,هبهب-حي اليرموك,33.7834391994,44.5079450129,17.0,102.0,0.0,0.0,0.0,0.0,0.0,17.0,0.0,0.0,0.0,0.0,0.0,0.0,0.0,0.0,0.0,0.0,0.0,0.0,0.0,0.0,0.0,0.0,0.0,0.0,0.0,0.0,17.0,0.0,0.0,17.0,0.0,0.0,0.0,0.0,0.0,0.0,0.0,0.0,0.0,0.0,0.0,0.0,0.0,0.0,17.0,0.0,0.0,17.0,0.0,0.0,0.0,0.0,0.0,0.0,0.0,0.0,"Jan 19, 2017"
1747,2401042.0,25024.0,Diyala,Al-Khalis,Hibhib-Hay Al Resala,هبهب-حي الرسالة,33.7864495504,44.5101881556,5.0,30.0,0.0,0.0,0.0,0.0,0.0,5.0,0.0,0.0,0.0,0.0,0.0,0.0,0.0,0.0,0.0,0.0,0.0,0.0,0.0,0.0,0.0,0.0,0.0,0.0,0.0,0.0,5.0,0.0,0.0,5.0,0.0,0.0,0.0,0.0,0.0,0.0,0.0,0.0,0.0,0.0,0.0,0.0,0.0,0.0,5.0,0.0,0.0,5.0,0.0,0.0,0.0,0.0,0.0,0.0,0.0,0.0,"Jan 19, 2017"
1748,2401043.0,11425.0,Diyala,Al-Khalis,Jadidat Al Shat village,قرية جديدة الشط,33.6419951028,44.4223636172,118.0,708.0,0.0,0.0,0.0,0.0,0.0,97.0,0.0,0.0,0.0,0.0,0.0,0.0,5.0,0.0,16.0,0.0,0.0,0.0,0.0,67.0,0.0,0.0,0.0,0.0,0.0,0.0,35.0,0.0,0.0,35.0,0.0,0.0,0.0,0.0,16.0,0.0,0.0,16.0,0.0,0.0,67.0,0.0,26.0,67.0,25.0,26.0,0.0,25.0,0.0,0.0,0.0,0.0,0.0,0.0,0.0,0.0,"Jan 19, 2017"
1749,2401044.0,25033.0,Diyala,Al-Khalis,Mansouryat Alshat Village,قرية منصورية الشط,33.75303058,44.39510026,11.0,66.0,0.0,0.0,0.0,0.0,0.0,7.0,0.0,0.0,0.0,0.0,0.0,0.0,0.0,0.0,4.0,0.0,0.0,0.0,0.0,11.0,0.0,0.0,0.0,0.0,0.0,0.0,0.0,0.0,0.0,0.0,0.0,0.0,0.0,0.0,0.0,0.0,0.0,0.0,0.0,0.0,0.0,0.0,0.0,0.0,7.0,0.0,4.0,7.0,0.0,4.0,0.0,0.0,0.0,0.0,0.0,0.0,"Jan 19, 2017"
1750,2401045.0,11392.0,Diyala,Al-Khalis,Mujadad village,قرية المجدد,33.8439865798,44.6198083269,25.0,150.0,0.0,0.0,0.0,0.0,0.0,25.0,0.0,0.0,0.0,0.0,0.0,0.0,0.0,0.0,0.0,0.0,0.0,0.0,0.0,25.0,0.0,0.0,0.0,0.0,0.0,0.0,0.0,0.0,0.0,0.0,0.0,0.0,0.0,0.0,0.0,0.0,0.0,0.0,0.0,0.0,25.0,0.0,0.0,25.0,0.0,0.0,0.0,0.0,0.0,0.0,0.0,0.0,0.0,0.0,0.0,0.0,"Jan 19, 2017"
1751,2401046.0,25023.0,Diyala,Al-Khalis,Saif Saad Qtr,حي سيف سعد,33.7409985058,44.4945472459,72.0,432.0,0.0,0.0,0.0,0.0,0.0,36.0,0.0,0.0,0.0,0.0,0.0,0.0,3.0,0.0,33.0,0.0,0.0,0.0,0.0,27.0,0.0,0.0,0.0,0.0,0.0,0.0,45.0,0.0,0.0,45.0,0.0,0.0,0.0,0.0,0.0,0.0,0.0,0.0,0.0,0.0,27.0,0.0,0.0,27.0,45.0,0.0,0.0,45.0,0.0,0.0,0.0,0.0,0.0,0.0,0.0,0.0,"Jan 19, 2017"
1752,2401061.0,24194.0,Diyala,Al-Khalis,Dalli Abass-Al-Dhobat Qtr,دلي عباس-حي الضباط,34.0734513278,44.8548661137,32.0,192.0,0.0,0.0,0.0,0.0,0.0,28.0,0.0,0.0,0.0,0.0,0.0,0.0,0.0,0.0,4.0,0.0,0.0,0.0,0.0,28.0,0.0,0.0,0.0,0.0,0.0,0.0,4.0,0.0,0.0,4.0,0.0,0.0,0.0,0.0,0.0,0.0,0.0,0.0,0.0,0.0,0.0,0.0,4.0,0.0,28.0,4.0,0.0,28.0,0.0,0.0,0.0,0.0,0.0,0.0,0.0,0.0,"Jan 19, 2017"
1753,2401067.0,25656.0,Diyala,Al-Khalis,Dalli Abass-Kurd Ali,دلي عباس-كرد علي,34.0700307394,44.8597311011,5.0,30.0,0.0,0.0,0.0,0.0,0.0,5.0,0.0,0.0,0.0,0.0,0.0,0.0,0.0,0.0,0.0,0.0,0.0,0.0,0.0,5.0,0.0,0.0,0.0,0.0,0.0,0.0,0.0,0.0,0.0,0.0,0.0,0.0,0.0,0.0,0.0,0.0,0.0,0.0,0.0,0.0,0.0,0.0,0.0,0.0,5.0,0.0,0.0,5.0,0.0,0.0,0.0,0.0,0.0,0.0,0.0,0.0,"Jan 19, 2017"
1754,2402002.0,25624.0,Diyala,Al-Muqdadiya,Al Abaraa Village,قرية العبارة,34.0149357216,45.0160774079,30.0,180.0,0.0,0.0,0.0,0.0,0.0,30.0,0.0,0.0,0.0,0.0,0.0,0.0,0.0,0.0,0.0,0.0,0.0,0.0,0.0,0.0,0.0,0.0,0.0,0.0,0.0,0.0,0.0,0.0,0.0,0.0,0.0,0.0,0.0,0.0,30.0,0.0,0.0,30.0,0.0,0.0,30.0,0.0,0.0,30.0,0.0,0.0,0.0,0.0,0.0,0.0,0.0,0.0,0.0,0.0,0.0,0.0,"Jan 19, 2017"
1755,2403001.0,11193.0,Diyala,Ba'quba,Markaz Al Abara,مركز ناحية العبارة,33.8141919118,44.6574316709,77.0,462.0,0.0,0.0,0.0,0.0,0.0,77.0,0.0,0.0,0.0,0.0,0.0,0.0,0.0,0.0,0.0,0.0,0.0,0.0,0.0,77.0,0.0,0.0,0.0,0.0,0.0,0.0,0.0,0.0,0.0,0.0,0.0,0.0,0.0,0.0,0.0,0.0,0.0,0.0,0.0,0.0,0.0,0.0,77.0,0.0,0.0,77.0,0.0,0.0,0.0,0.0,0.0,0.0,0.0,0.0,0.0,0.0,"Jan 19, 2017"
1756,2403002.0,11250.0,Diyala,Ba'quba,Al Dawasir Qtr,حي الدواسر,33.7012486997,44.658034447,30.0,180.0,0.0,0.0,0.0,0.0,0.0,30.0,0.0,0.0,0.0,0.0,0.0,0.0,0.0,0.0,0.0,0.0,0.0,0.0,0.0,30.0,0.0,0.0,0.0,0.0,0.0,0.0,0.0,0.0,0.0,0.0,0.0,0.0,0.0,0.0,0.0,0.0,0.0,0.0,0.0,0.0,0.0,0.0,0.0,0.0,30.0,0.0,0.0,30.0,0.0,0.0,0.0,0.0,0.0,0.0,0.0,0.0,"Jan 19, 2017"
1757,2403003.0,23155.0,Diyala,Ba'quba,Al Doryeen Village,قرية الدوريين,33.8358371409,44.6380209947,5.0,30.0,0.0,0.0,0.0,0.0,0.0,5.0,0.0,0.0,0.0,0.0,0.0,0.0,0.0,0.0,0.0,0.0,0.0,0.0,0.0,0.0,0.0,0.0,0.0,0.0,0.0,0.0,5.0,0.0,0.0,5.0,0.0,0.0,0.0,0.0,0.0,0.0,0.0,0.0,0.0,0.0,0.0,0.0,0.0,0.0,5.0,0.0,0.0,5.0,0.0,0.0,0.0,0.0,0.0,0.0,0.0,0.0,"Jan 19, 2017"
1758,2403004.0,11177.0,Diyala,Ba'quba,Al Gatoon-Al Mujama Qtr,الكاطون-حي المجمع,33.7576709222,44.5820589422,127.0,762.0,0.0,0.0,0.0,0.0,0.0,127.0,0.0,0.0,0.0,0.0,0.0,0.0,0.0,0.0,0.0,0.0,0.0,0.0,0.0,0.0,0.0,0.0,0.0,0.0,0.0,0.0,127.0,0.0,0.0,127.0,0.0,0.0,0.0,0.0,0.0,0.0,0.0,0.0,0.0,0.0,0.0,0.0,0.0,0.0,127.0,0.0,0.0,127.0,0.0,0.0,0.0,0.0,0.0,0.0,0.0,0.0,"Jan 19, 2017"
1759,2403005.0,24915.0,Diyala,Ba'quba,Al Gatoon-Al rahma,الكاطون-الرحمة,33.7571418836,44.6014808731,480.0,2880.0,9.0,0.0,0.0,0.0,0.0,471.0,0.0,0.0,0.0,0.0,0.0,0.0,0.0,0.0,0.0,0.0,0.0,0.0,0.0,0.0,0.0,0.0,0.0,0.0,0.0,0.0,480.0,0.0,0.0,480.0,0.0,0.0,0.0,0.0,0.0,0.0,0.0,0.0,0.0,0.0,0.0,0.0,0.0,0.0,480.0,0.0,0.0,480.0,0.0,0.0,0.0,0.0,0.0,0.0,0.0,0.0,"Jan 19, 2017"
1760,2403006.0,24805.0,Diyala,Ba'quba,Al Gatoon-Al Yarmook Qtr,الكاطون-حي اليرموك,33.7241930333,44.6079515038,750.0,4500.0,7.0,0.0,0.0,0.0,0.0,743.0,0.0,0.0,0.0,0.0,0.0,0.0,0.0,0.0,0.0,0.0,0.0,0.0,0.0,250.0,0.0,0.0,0.0,0.0,0.0,0.0,500.0,0.0,0.0,500.0,0.0,0.0,0.0,0.0,0.0,0.0,0.0,0.0,0.0,0.0,0.0,0.0,0.0,0.0,743.0,0.0,7.0,743.0,0.0,7.0,0.0,0.0,0.0,0.0,0.0,0.0,"Jan 19, 2017"
1761,2403007.0,23740.0,Diyala,Ba'quba,Al Hawidar,الهويدر,33.7725878469,44.625927383,31.0,186.0,5.0,0.0,0.0,0.0,0.0,26.0,0.0,0.0,0.0,0.0,0.0,0.0,0.0,0.0,0.0,0.0,0.0,0.0,0.0,25.0,0.0,0.0,0.0,0.0,0.0,0.0,6.0,0.0,0.0,6.0,0.0,0.0,0.0,0.0,0.0,0.0,0.0,0.0,5.0,0.0,0.0,5.0,6.0,0.0,20.0,6.0,0.0,20.0,0.0,0.0,0.0,0.0,0.0,0.0,0.0,0.0,"Jan 19, 2017"
1762,2403008.0,11189.0,Diyala,Ba'quba,Al Mafraq,المفرق,33.7431955687,44.610447296,311.0,1866.0,0.0,0.0,0.0,0.0,0.0,311.0,0.0,0.0,0.0,0.0,0.0,0.0,0.0,0.0,0.0,0.0,0.0,0.0,0.0,17.0,0.0,0.0,0.0,0.0,0.0,0.0,224.0,0.0,0.0,224.0,0.0,0.0,0.0,0.0,70.0,0.0,0.0,70.0,0.0,0.0,0.0,0.0,0.0,0.0,311.0,0.0,0.0,311.0,0.0,0.0,0.0,0.0,0.0,0.0,0.0,0.0,"Jan 19, 2017"
1763,2403009.0,24964.0,Diyala,Ba'quba,Al-Mustafa Qtr,حي المصطفى,33.7402562846,44.6215812152,160.0,960.0,0.0,0.0,0.0,0.0,0.0,160.0,0.0,0.0,0.0,0.0,0.0,0.0,0.0,0.0,0.0,0.0,0.0,0.0,0.0,160.0,0.0,0.0,0.0,0.0,0.0,0.0,0.0,0.0,0.0,0.0,0.0,0.0,0.0,0.0,0.0,0.0,0.0,0.0,0.0,0.0,0.0,0.0,0.0,0.0,160.0,0.0,0.0,160.0,0.0,0.0,0.0,0.0,0.0,0.0,0.0,0.0,"Jan 19, 2017"
1764,2403010.0,11410.0,Diyala,Ba'quba,Al Rasool Qtr,حي الرسول,33.5782351033,44.5467599906,45.0,270.0,0.0,0.0,0.0,0.0,0.0,36.0,0.0,0.0,0.0,0.0,0.0,0.0,0.0,0.0,9.0,0.0,0.0,0.0,0.0,25.0,0.0,0.0,0.0,0.0,0.0,0.0,20.0,0.0,0.0,20.0,0.0,0.0,0.0,0.0,0.0,0.0,0.0,0.0,0.0,0.0,0.0,0.0,0.0,0.0,45.0,0.0,0.0,45.0,0.0,0.0,0.0,0.0,0.0,0.0,0.0,0.0,"Jan 19, 2017"
1765,2403011.0,11411.0,Diyala,Ba'quba,Al Sabtiyah village,قرية السبتية,33.7834222522,44.6230176246,38.0,228.0,0.0,0.0,0.0,0.0,0.0,38.0,0.0,0.0,0.0,0.0,0.0,0.0,0.0,0.0,0.0,0.0,0.0,0.0,0.0,0.0,0.0,0.0,0.0,0.0,0.0,0.0,38.0,0.0,0.0,38.0,0.0,0.0,0.0,0.0,0.0,0.0,0.0,0.0,0.0,0.0,0.0,0.0,0.0,0.0,38.0,0.0,0.0,38.0,0.0,0.0,0.0,0.0,0.0,0.0,0.0,0.0,"Jan 19, 2017"
1766,2403012.0,11408.0,Diyala,Ba'quba,Al Sadah village,قرية السادة ,33.7944268649,44.6769988546,50.0,300.0,15.0,0.0,0.0,0.0,0.0,35.0,0.0,0.0,0.0,0.0,0.0,0.0,0.0,0.0,0.0,0.0,0.0,0.0,0.0,31.0,0.0,0.0,0.0,0.0,0.0,0.0,19.0,0.0,0.0,19.0,0.0,0.0,0.0,0.0,0.0,0.0,0.0,0.0,0.0,0.0,0.0,0.0,0.0,0.0,35.0,0.0,15.0,35.0,0.0,15.0,0.0,0.0,0.0,0.0,0.0,0.0,"Jan 19, 2017"
1767,2403013.0,24917.0,Diyala,Ba'quba,Al Sadah Village,قرية السعادة,33.481430742,44.5253763631,13.0,78.0,0.0,0.0,0.0,0.0,0.0,0.0,0.0,0.0,0.0,0.0,0.0,0.0,0.0,0.0,13.0,0.0,0.0,0.0,0.0,13.0,0.0,0.0,0.0,0.0,0.0,0.0,0.0,0.0,0.0,0.0,0.0,0.0,0.0,0.0,0.0,0.0,0.0,0.0,0.0,0.0,0.0,0.0,0.0,0.0,13.0,0.0,0.0,13.0,0.0,0.0,0.0,0.0,0.0,0.0,0.0,0.0,"Jan 19, 2017"
1768,2403014.0,11420.0,Diyala,Ba'quba,Al Shikh village,قرية الشيخ ,33.565151431,44.5580679411,23.0,138.0,0.0,0.0,0.0,0.0,0.0,0.0,0.0,0.0,0.0,0.0,0.0,0.0,0.0,0.0,23.0,0.0,0.0,0.0,0.0,23.0,0.0,0.0,0.0,0.0,0.0,0.0,0.0,0.0,0.0,0.0,0.0,0.0,0.0,0.0,0.0,0.0,0.0,0.0,0.0,0.0,0.0,0.0,0.0,0.0,23.0,0.0,0.0,23.0,0.0,0.0,0.0,0.0,0.0,0.0,0.0,0.0,"Jan 19, 2017"
1769,2403015.0,11178.0,Diyala,Ba'quba,Al Tahreer,التحرير,33.7385655505,44.6496810755,600.0,3600.0,0.0,0.0,0.0,0.0,0.0,600.0,0.0,0.0,0.0,0.0,0.0,0.0,0.0,0.0,0.0,0.0,0.0,0.0,0.0,130.0,0.0,0.0,0.0,0.0,0.0,0.0,470.0,0.0,0.0,470.0,0.0,0.0,0.0,0.0,0.0,0.0,0.0,0.0,0.0,0.0,140.0,0.0,230.0,140.0,230.0,230.0,0.0,230.0,0.0,0.0,0.0,0.0,0.0,0.0,0.0,0.0,"Jan 19, 2017"
1770,2403016.0,11213.0,Diyala,Ba'quba,Al Takiya,التكية ,33.7494919374,44.6478663043,65.0,390.0,7.0,0.0,0.0,0.0,0.0,53.0,0.0,0.0,0.0,0.0,0.0,0.0,0.0,0.0,5.0,0.0,0.0,0.0,0.0,28.0,0.0,0.0,0.0,0.0,0.0,0.0,37.0,0.0,0.0,37.0,0.0,0.0,0.0,0.0,0.0,0.0,0.0,0.0,0.0,0.0,0.0,0.0,0.0,0.0,58.0,0.0,7.0,58.0,0.0,7.0,0.0,0.0,0.0,0.0,0.0,0.0,"Jan 19, 2017"
1771,2403017.0,11426.0,Diyala,Ba'quba,Nahr Al-Hajiyah Qtr,حي نهر الحجية,33.75059447,44.61593065,90.0,540.0,0.0,0.0,0.0,0.0,0.0,90.0,0.0,0.0,0.0,0.0,0.0,0.0,0.0,0.0,0.0,0.0,0.0,0.0,0.0,60.0,0.0,0.0,0.0,0.0,0.0,0.0,30.0,0.0,0.0,30.0,0.0,0.0,0.0,0.0,0.0,0.0,0.0,0.0,0.0,0.0,0.0,0.0,0.0,0.0,90.0,0.0,0.0,90.0,0.0,0.0,0.0,0.0,0.0,0.0,0.0,0.0,"Jan 19, 2017"
1772,2403018.0,25465.0,Diyala,Ba'quba,Al-Manjara Qtr,حي المنجرة,33.7549459773,44.6405782444,20.0,120.0,0.0,0.0,0.0,0.0,0.0,20.0,0.0,0.0,0.0,0.0,0.0,0.0,0.0,0.0,0.0,0.0,0.0,0.0,0.0,0.0,0.0,0.0,0.0,0.0,0.0,0.0,20.0,0.0,0.0,20.0,0.0,0.0,0.0,0.0,0.0,0.0,0.0,0.0,0.0,0.0,20.0,0.0,0.0,20.0,0.0,0.0,0.0,0.0,0.0,0.0,0.0,0.0,0.0,0.0,0.0,0.0,"Jan 19, 2017"
1773,2403019.0,11328.0,Diyala,Ba'quba,Al-Mualmeen Qtr,حي المعلمين ,33.7320081701,44.6111029542,175.0,1050.0,10.0,0.0,0.0,0.0,0.0,165.0,0.0,0.0,0.0,0.0,0.0,0.0,0.0,0.0,0.0,0.0,0.0,0.0,0.0,0.0,0.0,0.0,0.0,0.0,0.0,0.0,175.0,0.0,0.0,175.0,0.0,0.0,0.0,0.0,0.0,0.0,0.0,0.0,0.0,0.0,130.0,0.0,0.0,130.0,35.0,0.0,10.0,35.0,0.0,10.0,0.0,0.0,0.0,0.0,0.0,0.0,"Jan 19, 2017"
1774,2403020.0,21273.0,Diyala,Ba'quba,Al-Qatoon-Al Raazi Qtr,الكاطون-حي الرازي,33.7384030268,44.5964721358,75.0,450.0,0.0,0.0,0.0,0.0,0.0,75.0,0.0,0.0,0.0,0.0,0.0,0.0,0.0,0.0,0.0,0.0,0.0,0.0,0.0,15.0,0.0,0.0,0.0,0.0,0.0,0.0,60.0,0.0,0.0,60.0,0.0,0.0,0.0,0.0,0.0,0.0,0.0,0.0,0.0,0.0,0.0,0.0,0.0,0.0,75.0,0.0,0.0,75.0,0.0,0.0,0.0,0.0,0.0,0.0,0.0,0.0,"Jan 19, 2017"
1775,2403021.0,25464.0,Diyala,Ba'quba,Al-Sumud Qtr,حي الصمود,33.7580135678,44.6387772959,10.0,60.0,0.0,0.0,0.0,0.0,0.0,10.0,0.0,0.0,0.0,0.0,0.0,0.0,0.0,0.0,0.0,0.0,0.0,0.0,0.0,0.0,0.0,0.0,0.0,0.0,0.0,0.0,10.0,0.0,0.0,10.0,0.0,0.0,0.0,0.0,0.0,0.0,0.0,0.0,0.0,0.0,10.0,0.0,0.0,10.0,0.0,0.0,0.0,0.0,0.0,0.0,0.0,0.0,0.0,0.0,0.0,0.0,"Jan 19, 2017"
1776,2403022.0,11432.0,Diyala,Ba'quba,Al-Swamra village,قرية السوامرة,33.7615206837,44.6527180196,85.0,510.0,0.0,0.0,0.0,0.0,0.0,72.0,0.0,0.0,0.0,0.0,0.0,0.0,0.0,0.0,13.0,0.0,0.0,0.0,0.0,7.0,0.0,0.0,0.0,0.0,0.0,0.0,65.0,0.0,0.0,65.0,0.0,0.0,13.0,0.0,0.0,13.0,0.0,0.0,0.0,0.0,0.0,0.0,0.0,0.0,85.0,0.0,0.0,85.0,0.0,0.0,0.0,0.0,0.0,0.0,0.0,0.0,"Jan 19, 2017"
1777,2403023.0,24916.0,Diyala,Ba'quba,Bane Saad-Al-Askari Qtr,الحي العسكري,33.5736500956,44.5436076761,4.0,24.0,0.0,0.0,0.0,0.0,0.0,4.0,0.0,0.0,0.0,0.0,0.0,0.0,0.0,0.0,0.0,0.0,0.0,0.0,0.0,0.0,0.0,0.0,0.0,0.0,0.0,0.0,4.0,0.0,0.0,4.0,0.0,0.0,0.0,0.0,0.0,0.0,0.0,0.0,0.0,0.0,0.0,0.0,4.0,0.0,0.0,4.0,0.0,0.0,0.0,0.0,0.0,0.0,0.0,0.0,0.0,0.0,"Jan 19, 2017"
1778,2403024.0,24575.0,Diyala,Ba'quba,Bani Saad-Ali Al Hady Qtr,بني سعد-حي علي الهادي,33.56864638,44.54960916,3.0,18.0,0.0,0.0,0.0,0.0,0.0,3.0,0.0,0.0,0.0,0.0,0.0,0.0,0.0,0.0,0.0,0.0,0.0,0.0,0.0,3.0,0.0,0.0,0.0,0.0,0.0,0.0,0.0,0.0,0.0,0.0,0.0,0.0,0.0,0.0,0.0,0.0,0.0,0.0,0.0,0.0,0.0,0.0,3.0,0.0,0.0,3.0,0.0,0.0,0.0,0.0,0.0,0.0,0.0,0.0,0.0,0.0,"Jan 19, 2017"
1779,2403025.0,24576.0,Diyala,Ba'quba,Bani Saad-Zahraa Qtr,بني سعد-حي زهراء,33.5716067899,44.5454868344,8.0,48.0,0.0,0.0,0.0,0.0,0.0,8.0,0.0,0.0,0.0,0.0,0.0,0.0,0.0,0.0,0.0,0.0,0.0,0.0,0.0,8.0,0.0,0.0,0.0,0.0,0.0,0.0,0.0,0.0,0.0,0.0,0.0,0.0,0.0,0.0,0.0,0.0,0.0,0.0,0.0,0.0,0.0,0.0,8.0,0.0,0.0,8.0,0.0,0.0,0.0,0.0,0.0,0.0,0.0,0.0,0.0,0.0,"Jan 19, 2017"
1780,2403026.0,24574.0,Diyala,Ba'quba,Bani Saad-Al Salam Qtr,بني سعد-حي السلام,33.5727865255,44.5277936251,30.0,180.0,0.0,0.0,0.0,0.0,0.0,30.0,0.0,0.0,0.0,0.0,0.0,0.0,0.0,0.0,0.0,0.0,0.0,0.0,0.0,30.0,0.0,0.0,0.0,0.0,0.0,0.0,0.0,0.0,0.0,0.0,0.0,0.0,0.0,0.0,0.0,0.0,0.0,0.0,0.0,0.0,0.0,0.0,30.0,0.0,0.0,30.0,0.0,0.0,0.0,0.0,0.0,0.0,0.0,0.0,0.0,0.0,"Jan 19, 2017"
1781,2403027.0,25039.0,Diyala,Ba'quba,Buhriz-Abdulah Jasim village,قرية عبد الله جاسم,33.6885138877,44.6608990211,1.0,6.0,0.0,0.0,0.0,0.0,0.0,0.0,0.0,0.0,0.0,0.0,0.0,0.0,0.0,0.0,1.0,0.0,0.0,0.0,0.0,1.0,0.0,0.0,0.0,0.0,0.0,0.0,0.0,0.0,0.0,0.0,0.0,0.0,0.0,0.0,0.0,0.0,0.0,0.0,0.0,0.0,0.0,0.0,1.0,0.0,0.0,1.0,0.0,0.0,0.0,0.0,0.0,0.0,0.0,0.0,0.0,0.0,"Jan 19, 2017"
1782,2403028.0,25038.0,Diyala,Ba'quba,Buhriz-Al Bwadish village,قرية البواديش,33.6836621383,44.6433901706,7.0,42.0,0.0,0.0,0.0,0.0,0.0,0.0,0.0,0.0,0.0,0.0,0.0,0.0,0.0,0.0,7.0,0.0,0.0,0.0,0.0,7.0,0.0,0.0,0.0,0.0,0.0,0.0,0.0,0.0,0.0,0.0,0.0,0.0,0.0,0.0,0.0,0.0,0.0,0.0,0.0,0.0,0.0,0.0,7.0,0.0,0.0,7.0,0.0,0.0,0.0,0.0,0.0,0.0,0.0,0.0,0.0,0.0,"Jan 19, 2017"
1783,2403029.0,24918.0,Diyala,Ba'quba,Buhriz-Al-Asri Qtr,بهرز-الحي العصري,33.706500026,44.6472570439,15.0,90.0,0.0,0.0,0.0,0.0,0.0,15.0,0.0,0.0,0.0,0.0,0.0,0.0,0.0,0.0,0.0,0.0,0.0,0.0,0.0,15.0,0.0,0.0,0.0,0.0,0.0,0.0,0.0,0.0,0.0,0.0,0.0,0.0,0.0,0.0,0.0,0.0,0.0,0.0,0.0,0.0,0.0,0.0,0.0,0.0,15.0,0.0,0.0,15.0,0.0,0.0,0.0,0.0,0.0,0.0,0.0,0.0,"Jan 19, 2017"
1784,2403030.0,11376.0,Diyala,Ba'quba,Buhriz-Al-Mustafa Qtr,بهرز-حي المصطفى,33.7136359915,44.6503807778,22.0,132.0,0.0,0.0,0.0,0.0,0.0,22.0,0.0,0.0,0.0,0.0,0.0,0.0,0.0,0.0,0.0,0.0,0.0,0.0,0.0,0.0,0.0,0.0,0.0,0.0,0.0,0.0,22.0,0.0,0.0,22.0,0.0,0.0,0.0,0.0,0.0,0.0,0.0,0.0,0.0,0.0,0.0,0.0,0.0,0.0,22.0,0.0,0.0,22.0,0.0,0.0,0.0,0.0,0.0,0.0,0.0,0.0,"Jan 19, 2017"
1785,2403031.0,11368.0,Diyala,Ba'quba,Buhriz-Borgha Qtr,بهرز-حي برغة,33.7277788943,44.6585419087,8.0,48.0,0.0,0.0,0.0,0.0,0.0,8.0,0.0,0.0,0.0,0.0,0.0,0.0,0.0,0.0,0.0,0.0,0.0,0.0,0.0,8.0,0.0,0.0,0.0,0.0,0.0,0.0,0.0,0.0,0.0,0.0,0.0,0.0,0.0,0.0,0.0,0.0,0.0,0.0,0.0,0.0,0.0,0.0,0.0,0.0,8.0,0.0,0.0,8.0,0.0,0.0,0.0,0.0,0.0,0.0,0.0,0.0,"Jan 19, 2017"
1786,2403032.0,25037.0,Diyala,Ba'quba,Buhriz-Shatib village,قرية شطب,33.69806492,44.68220412,11.0,66.0,0.0,0.0,0.0,0.0,0.0,0.0,0.0,0.0,0.0,0.0,0.0,0.0,0.0,0.0,11.0,0.0,0.0,0.0,0.0,11.0,0.0,0.0,0.0,0.0,0.0,0.0,0.0,0.0,0.0,0.0,0.0,0.0,0.0,0.0,0.0,0.0,0.0,0.0,0.0,0.0,0.0,0.0,11.0,0.0,0.0,11.0,0.0,0.0,0.0,0.0,0.0,0.0,0.0,0.0,0.0,0.0,"Jan 19, 2017"
1787,2403033.0,11496.0,Diyala,Ba'quba,Ejbainat village,قرية جبينات,33.769738911,44.6442569297,25.0,150.0,0.0,0.0,0.0,0.0,0.0,25.0,0.0,0.0,0.0,0.0,0.0,0.0,0.0,0.0,0.0,0.0,0.0,0.0,0.0,0.0,0.0,0.0,0.0,0.0,0.0,0.0,25.0,0.0,0.0,25.0,0.0,0.0,0.0,0.0,0.0,0.0,0.0,0.0,0.0,0.0,25.0,0.0,0.0,25.0,0.0,0.0,0.0,0.0,0.0,0.0,0.0,0.0,0.0,0.0,0.0,0.0,"Jan 19, 2017"
1788,2403034.0,11553.0,Diyala,Ba'quba,Had Al-Akhdhar village,قرية الحد الاخضر ,33.828640713,44.6736540906,18.0,108.0,0.0,0.0,0.0,0.0,0.0,18.0,0.0,0.0,0.0,0.0,0.0,0.0,0.0,0.0,0.0,0.0,0.0,0.0,0.0,18.0,0.0,0.0,0.0,0.0,0.0,0.0,0.0,0.0,0.0,0.0,0.0,0.0,0.0,0.0,0.0,0.0,0.0,0.0,0.0,0.0,0.0,0.0,0.0,0.0,18.0,0.0,0.0,18.0,0.0,0.0,0.0,0.0,0.0,0.0,0.0,0.0,"Jan 19, 2017"
1789,2403035.0,11463.0,Diyala,Ba'quba,Had Mekser,حد مكسر,33.8436572124,44.644396961,40.0,240.0,0.0,0.0,0.0,0.0,0.0,15.0,0.0,0.0,0.0,0.0,0.0,0.0,0.0,0.0,25.0,0.0,0.0,0.0,0.0,18.0,0.0,0.0,0.0,0.0,0.0,0.0,22.0,0.0,0.0,22.0,0.0,0.0,0.0,0.0,0.0,0.0,0.0,0.0,0.0,0.0,0.0,0.0,0.0,0.0,40.0,0.0,0.0,40.0,0.0,0.0,0.0,0.0,0.0,0.0,0.0,0.0,"Jan 19, 2017"
1790,2403036.0,23694.0,Diyala,Ba'quba,Al Intesar-1 Qtr,حي الانتصار 1,33.5842200577,44.5542886818,68.0,408.0,19.0,0.0,0.0,0.0,0.0,35.0,0.0,0.0,0.0,0.0,0.0,0.0,0.0,0.0,14.0,0.0,0.0,0.0,0.0,36.0,0.0,0.0,0.0,0.0,0.0,0.0,32.0,0.0,0.0,32.0,0.0,0.0,0.0,0.0,0.0,0.0,0.0,0.0,8.0,0.0,0.0,8.0,38.0,0.0,9.0,38.0,13.0,9.0,0.0,13.0,0.0,0.0,0.0,0.0,0.0,0.0,"Jan 19, 2017"
1791,2403037.0,11220.0,Diyala,Ba'quba,Al Karama village,قرية الكرامة ,33.4813098414,44.5262937987,8.0,48.0,0.0,0.0,0.0,0.0,0.0,8.0,0.0,0.0,0.0,0.0,0.0,0.0,0.0,0.0,0.0,0.0,0.0,0.0,0.0,8.0,0.0,0.0,0.0,0.0,0.0,0.0,0.0,0.0,0.0,0.0,0.0,0.0,0.0,0.0,0.0,0.0,0.0,0.0,0.0,0.0,0.0,0.0,0.0,0.0,8.0,0.0,0.0,8.0,0.0,0.0,0.0,0.0,0.0,0.0,0.0,0.0,"Jan 19, 2017"
1792,2403038.0,11268.0,Diyala,Ba'quba,Al Qadisiya Qtr,حي القادسية,33.7204670191,44.6525422311,37.0,222.0,0.0,0.0,0.0,0.0,0.0,37.0,0.0,0.0,0.0,0.0,0.0,0.0,0.0,0.0,0.0,0.0,0.0,0.0,0.0,37.0,0.0,0.0,0.0,0.0,0.0,0.0,0.0,0.0,0.0,0.0,0.0,0.0,0.0,0.0,0.0,0.0,0.0,0.0,0.0,0.0,0.0,0.0,0.0,0.0,37.0,0.0,0.0,37.0,0.0,0.0,0.0,0.0,0.0,0.0,0.0,0.0,"Jan 19, 2017"
1793,2403039.0,11251.0,Diyala,Ba'quba,Al Salam Qtr,حي السلام,33.7142629611,44.6535524566,25.0,150.0,0.0,0.0,0.0,0.0,0.0,25.0,0.0,0.0,0.0,0.0,0.0,0.0,0.0,0.0,0.0,0.0,0.0,0.0,0.0,25.0,0.0,0.0,0.0,0.0,0.0,0.0,0.0,0.0,0.0,0.0,0.0,0.0,0.0,0.0,0.0,0.0,0.0,0.0,0.0,0.0,0.0,0.0,0.0,0.0,25.0,0.0,0.0,25.0,0.0,0.0,0.0,0.0,0.0,0.0,0.0,0.0,"Jan 19, 2017"
1794,2403040.0,21413.0,Diyala,Ba'quba,Al-Mualimeen-Shahid wadah Qtr,حي المعلمين-الشهيد وضاح,33.728401607,44.611321933,120.0,720.0,6.0,0.0,0.0,0.0,0.0,80.0,0.0,0.0,0.0,0.0,0.0,0.0,10.0,0.0,24.0,0.0,0.0,0.0,0.0,10.0,0.0,0.0,0.0,0.0,0.0,0.0,75.0,0.0,0.0,75.0,0.0,0.0,0.0,0.0,35.0,0.0,0.0,35.0,6.0,0.0,0.0,6.0,0.0,0.0,114.0,0.0,0.0,114.0,0.0,0.0,0.0,0.0,0.0,0.0,0.0,0.0,"Jan 19, 2017"
1795,2403042.0,21271.0,Diyala,Ba'quba,Al-Shuhada Qtr,حي الشهداء,33.7295158581,44.6524893157,15.0,90.0,0.0,0.0,0.0,0.0,0.0,15.0,0.0,0.0,0.0,0.0,0.0,0.0,0.0,0.0,0.0,0.0,0.0,0.0,0.0,15.0,0.0,0.0,0.0,0.0,0.0,0.0,0.0,0.0,0.0,0.0,0.0,0.0,0.0,0.0,0.0,0.0,0.0,0.0,0.0,0.0,0.0,0.0,15.0,0.0,0.0,15.0,0.0,0.0,0.0,0.0,0.0,0.0,0.0,0.0,0.0,0.0,"Jan 19, 2017"
1796,2403043.0,11217.0,Diyala,Ba'quba,Jorf Al Milih Qtr,حي جرف الملح,33.7547943956,44.6585572816,49.0,294.0,0.0,0.0,0.0,0.0,0.0,49.0,0.0,0.0,0.0,0.0,0.0,0.0,0.0,0.0,0.0,0.0,0.0,0.0,0.0,0.0,0.0,0.0,0.0,0.0,0.0,0.0,49.0,0.0,0.0,49.0,0.0,0.0,0.0,0.0,0.0,0.0,0.0,0.0,0.0,0.0,49.0,0.0,0.0,49.0,0.0,0.0,0.0,0.0,0.0,0.0,0.0,0.0,0.0,0.0,0.0,0.0,"Jan 19, 2017"
1797,2403044.0,11363.0,Diyala,Ba'quba,Markaz Kanaan,مركز ناحية كنعان ,33.6909072794,44.7984165527,49.0,294.0,0.0,0.0,0.0,0.0,0.0,49.0,0.0,0.0,0.0,0.0,0.0,0.0,0.0,0.0,0.0,0.0,0.0,0.0,0.0,34.0,0.0,0.0,0.0,0.0,0.0,0.0,15.0,0.0,0.0,15.0,0.0,0.0,0.0,0.0,0.0,0.0,0.0,0.0,0.0,0.0,0.0,0.0,49.0,0.0,0.0,49.0,0.0,0.0,0.0,0.0,0.0,0.0,0.0,0.0,0.0,0.0,"Jan 19, 2017"
1798,2403045.0,25040.0,Diyala,Ba'quba,Al Asri Qtr,حي العصري,33.6898693387,44.7994201254,75.0,450.0,0.0,0.0,0.0,0.0,0.0,75.0,0.0,0.0,0.0,0.0,0.0,0.0,0.0,0.0,0.0,0.0,0.0,0.0,0.0,0.0,0.0,0.0,0.0,0.0,0.0,0.0,45.0,0.0,0.0,45.0,0.0,0.0,0.0,0.0,30.0,0.0,0.0,30.0,0.0,0.0,0.0,0.0,0.0,0.0,75.0,0.0,0.0,75.0,0.0,0.0,0.0,0.0,0.0,0.0,0.0,0.0,"Jan 19, 2017"
1799,2403046.0,25052.0,Diyala,Ba'quba,Al Badaa Village,قرية البدعة,33.6670399054,44.7708691511,15.0,90.0,0.0,0.0,0.0,0.0,0.0,15.0,0.0,0.0,0.0,0.0,0.0,0.0,0.0,0.0,0.0,0.0,0.0,0.0,0.0,0.0,0.0,0.0,0.0,0.0,0.0,0.0,15.0,0.0,0.0,15.0,0.0,0.0,0.0,0.0,0.0,0.0,0.0,0.0,0.0,0.0,0.0,0.0,0.0,0.0,15.0,0.0,0.0,15.0,0.0,0.0,0.0,0.0,0.0,0.0,0.0,0.0,"Jan 19, 2017"
1800,2403047.0,25047.0,Diyala,Ba'quba,Al Khadra Qtr,حي الخضراء,33.6945491053,44.8016870836,65.0,390.0,0.0,0.0,0.0,0.0,0.0,47.0,0.0,0.0,0.0,0.0,0.0,0.0,0.0,0.0,18.0,0.0,0.0,0.0,0.0,0.0,0.0,0.0,0.0,0.0,0.0,0.0,65.0,0.0,0.0,65.0,0.0,0.0,0.0,0.0,0.0,0.0,0.0,0.0,0.0,0.0,0.0,0.0,0.0,0.0,65.0,0.0,0.0,65.0,0.0,0.0,0.0,0.0,0.0,0.0,0.0,0.0,"Jan 19, 2017"
1801,2403048.0,25054.0,Diyala,Ba'quba,Al Mashtl Qtr,حي المشتل,33.6944540483,44.8019422718,18.0,108.0,0.0,0.0,0.0,0.0,0.0,13.0,0.0,0.0,0.0,0.0,0.0,0.0,5.0,0.0,0.0,0.0,0.0,0.0,0.0,0.0,0.0,0.0,0.0,0.0,0.0,0.0,18.0,0.0,0.0,18.0,0.0,0.0,0.0,0.0,0.0,0.0,0.0,0.0,0.0,0.0,0.0,0.0,0.0,0.0,18.0,0.0,0.0,18.0,0.0,0.0,0.0,0.0,0.0,0.0,0.0,0.0,"Jan 19, 2017"
1802,2403049.0,25049.0,Diyala,Ba'quba,Al Nasr Qtr,حي النصر,33.6910373499,44.804466811,13.0,78.0,0.0,0.0,0.0,0.0,0.0,13.0,0.0,0.0,0.0,0.0,0.0,0.0,0.0,0.0,0.0,0.0,0.0,0.0,0.0,0.0,0.0,0.0,0.0,0.0,0.0,0.0,13.0,0.0,0.0,13.0,0.0,0.0,0.0,0.0,0.0,0.0,0.0,0.0,0.0,0.0,0.0,0.0,0.0,0.0,13.0,0.0,0.0,13.0,0.0,0.0,0.0,0.0,0.0,0.0,0.0,0.0,"Jan 19, 2017"
1803,2403050.0,25044.0,Diyala,Ba'quba,Al Oroba Qtr,حي العروبة,33.6932001049,44.8014447209,44.0,264.0,0.0,0.0,0.0,0.0,0.0,29.0,0.0,0.0,0.0,0.0,0.0,0.0,0.0,0.0,15.0,0.0,0.0,0.0,0.0,0.0,0.0,0.0,0.0,0.0,0.0,0.0,44.0,0.0,0.0,44.0,0.0,0.0,0.0,0.0,0.0,0.0,0.0,0.0,0.0,0.0,0.0,0.0,15.0,0.0,29.0,15.0,0.0,29.0,0.0,0.0,0.0,0.0,0.0,0.0,0.0,0.0,"Jan 19, 2017"
1804,2403051.0,25041.0,Diyala,Ba'quba,Al Resala Qtr,حي الرسالة,33.6927385557,44.7906374496,45.0,270.0,0.0,0.0,0.0,0.0,0.0,45.0,0.0,0.0,0.0,0.0,0.0,0.0,0.0,0.0,0.0,0.0,0.0,0.0,0.0,0.0,0.0,0.0,0.0,0.0,0.0,0.0,30.0,0.0,0.0,30.0,0.0,0.0,0.0,0.0,15.0,0.0,0.0,15.0,0.0,0.0,0.0,0.0,0.0,0.0,45.0,0.0,0.0,45.0,0.0,0.0,0.0,0.0,0.0,0.0,0.0,0.0,"Jan 19, 2017"
1805,2403052.0,25046.0,Diyala,Ba'quba,Al Sadiq Qtr,حي الصديق,33.6974999845,44.7897947394,20.0,120.0,0.0,0.0,0.0,0.0,0.0,20.0,0.0,0.0,0.0,0.0,0.0,0.0,0.0,0.0,0.0,0.0,0.0,0.0,0.0,0.0,0.0,0.0,0.0,0.0,0.0,0.0,20.0,0.0,0.0,20.0,0.0,0.0,0.0,0.0,0.0,0.0,0.0,0.0,0.0,0.0,0.0,0.0,0.0,0.0,20.0,0.0,0.0,20.0,0.0,0.0,0.0,0.0,0.0,0.0,0.0,0.0,"Jan 19, 2017"
1806,2403053.0,25055.0,Diyala,Ba'quba,Al Shrika Qtr,حي الشركة,33.6893753569,44.7938685597,13.0,78.0,0.0,0.0,0.0,0.0,0.0,13.0,0.0,0.0,0.0,0.0,0.0,0.0,0.0,0.0,0.0,0.0,0.0,0.0,0.0,0.0,0.0,0.0,0.0,0.0,0.0,0.0,13.0,0.0,0.0,13.0,0.0,0.0,0.0,0.0,0.0,0.0,0.0,0.0,0.0,0.0,0.0,0.0,0.0,0.0,13.0,0.0,0.0,13.0,0.0,0.0,0.0,0.0,0.0,0.0,0.0,0.0,"Jan 19, 2017"
1807,2403054.0,25045.0,Diyala,Ba'quba,Dor Mindli Qtr,حي دور مندلي,33.700701424,44.7942550439,15.0,90.0,0.0,0.0,0.0,0.0,0.0,15.0,0.0,0.0,0.0,0.0,0.0,0.0,0.0,0.0,0.0,0.0,0.0,0.0,0.0,0.0,0.0,0.0,0.0,0.0,0.0,0.0,15.0,0.0,0.0,15.0,0.0,0.0,0.0,0.0,0.0,0.0,0.0,0.0,0.0,0.0,0.0,0.0,0.0,0.0,15.0,0.0,0.0,15.0,0.0,0.0,0.0,0.0,0.0,0.0,0.0,0.0,"Jan 19, 2017"
1808,2403055.0,25050.0,Diyala,Ba'quba,Fars Tarish Village,قرية فارس طارش,33.7196045616,44.7744963832,15.0,90.0,0.0,0.0,0.0,0.0,0.0,15.0,0.0,0.0,0.0,0.0,0.0,0.0,0.0,0.0,0.0,0.0,0.0,0.0,0.0,0.0,0.0,0.0,0.0,0.0,0.0,0.0,15.0,0.0,0.0,15.0,0.0,0.0,0.0,0.0,0.0,0.0,0.0,0.0,0.0,0.0,0.0,0.0,0.0,0.0,15.0,0.0,0.0,15.0,0.0,0.0,0.0,0.0,0.0,0.0,0.0,0.0,"Jan 19, 2017"
1809,2403056.0,25048.0,Diyala,Ba'quba,Kanbar Village,قرية قنبر,33.6717278862,44.8131911469,10.0,60.0,0.0,0.0,0.0,0.0,0.0,10.0,0.0,0.0,0.0,0.0,0.0,0.0,0.0,0.0,0.0,0.0,0.0,0.0,0.0,0.0,0.0,0.0,0.0,0.0,0.0,0.0,0.0,0.0,0.0,0.0,0.0,0.0,0.0,0.0,10.0,0.0,0.0,10.0,0.0,0.0,0.0,0.0,0.0,0.0,10.0,0.0,0.0,10.0,0.0,0.0,0.0,0.0,0.0,0.0,0.0,0.0,"Jan 19, 2017"
1810,2403057.0,25051.0,Diyala,Ba'quba,Khamis Village,قرية خميس,33.67805022,44.83827236,16.0,96.0,0.0,0.0,0.0,0.0,0.0,16.0,0.0,0.0,0.0,0.0,0.0,0.0,0.0,0.0,0.0,0.0,0.0,0.0,0.0,10.0,0.0,0.0,0.0,0.0,0.0,0.0,0.0,0.0,0.0,0.0,0.0,0.0,0.0,0.0,6.0,0.0,0.0,6.0,0.0,0.0,0.0,0.0,0.0,0.0,16.0,0.0,0.0,16.0,0.0,0.0,0.0,0.0,0.0,0.0,0.0,0.0,"Jan 19, 2017"
1811,2403058.0,25043.0,Diyala,Ba'quba,Nahr Ibraheem Village,قرية نهر ابراهيم,33.7194480104,44.7740070462,20.0,120.0,0.0,0.0,0.0,0.0,0.0,20.0,0.0,0.0,0.0,0.0,0.0,0.0,0.0,0.0,0.0,0.0,0.0,0.0,0.0,0.0,0.0,0.0,0.0,0.0,0.0,0.0,20.0,0.0,0.0,20.0,0.0,0.0,0.0,0.0,0.0,0.0,0.0,0.0,0.0,0.0,0.0,0.0,0.0,0.0,20.0,0.0,0.0,20.0,0.0,0.0,0.0,0.0,0.0,0.0,0.0,0.0,"Jan 19, 2017"
1812,2403059.0,25053.0,Diyala,Ba'quba,Nahr Shekh Tamem Village,قرية نهر شيخ تميم,33.740612754,44.8098038066,10.0,60.0,0.0,0.0,0.0,0.0,0.0,10.0,0.0,0.0,0.0,0.0,0.0,0.0,0.0,0.0,0.0,0.0,0.0,0.0,0.0,0.0,0.0,0.0,0.0,0.0,0.0,0.0,10.0,0.0,0.0,10.0,0.0,0.0,0.0,0.0,0.0,0.0,0.0,0.0,0.0,0.0,0.0,0.0,0.0,0.0,10.0,0.0,0.0,10.0,0.0,0.0,0.0,0.0,0.0,0.0,0.0,0.0,"Jan 19, 2017"
1813,2403060.0,25042.0,Diyala,Ba'quba,Sesbana Village,قرية سيسبانه,33.6887723866,44.8286456112,18.0,108.0,0.0,0.0,0.0,0.0,0.0,18.0,0.0,0.0,0.0,0.0,0.0,0.0,0.0,0.0,0.0,0.0,0.0,0.0,0.0,0.0,0.0,0.0,0.0,0.0,0.0,0.0,18.0,0.0,0.0,18.0,0.0,0.0,0.0,0.0,0.0,0.0,0.0,0.0,0.0,0.0,0.0,0.0,0.0,0.0,18.0,0.0,0.0,18.0,0.0,0.0,0.0,0.0,0.0,0.0,0.0,0.0,"Jan 19, 2017"
1814,2403061.0,11200.0,Diyala,Ba'quba,Khirnabat village,قرية خرنابات ,33.8040175957,44.6340130597,40.0,240.0,0.0,0.0,0.0,0.0,0.0,40.0,0.0,0.0,0.0,0.0,0.0,0.0,0.0,0.0,0.0,0.0,0.0,0.0,0.0,20.0,0.0,0.0,0.0,0.0,0.0,0.0,20.0,0.0,0.0,20.0,0.0,0.0,0.0,0.0,0.0,0.0,0.0,0.0,0.0,0.0,0.0,0.0,0.0,0.0,40.0,0.0,0.0,40.0,0.0,0.0,0.0,0.0,0.0,0.0,0.0,0.0,"Jan 19, 2017"
1815,2403062.0,23709.0,Diyala,Ba'quba,Mohamed sakran,محمد سكران,33.5645406992,44.4322712142,39.0,234.0,39.0,0.0,0.0,0.0,0.0,0.0,0.0,0.0,0.0,0.0,0.0,0.0,0.0,0.0,0.0,0.0,0.0,0.0,0.0,39.0,0.0,0.0,0.0,0.0,0.0,0.0,0.0,0.0,0.0,0.0,0.0,0.0,0.0,0.0,0.0,0.0,0.0,0.0,39.0,0.0,0.0,39.0,0.0,0.0,0.0,0.0,0.0,0.0,0.0,0.0,0.0,0.0,0.0,0.0,0.0,0.0,"Jan 19, 2017"
1816,2403063.0,24776.0,Diyala,Ba'quba,Muskar Saad Camp,مخيم معسكر سعد,33.7493875643,44.6631924575,173.0,1038.0,0.0,0.0,0.0,0.0,0.0,173.0,0.0,0.0,0.0,0.0,0.0,0.0,0.0,0.0,0.0,0.0,0.0,0.0,173.0,0.0,0.0,0.0,0.0,0.0,0.0,0.0,0.0,0.0,0.0,0.0,0.0,0.0,0.0,0.0,0.0,0.0,0.0,0.0,0.0,0.0,0.0,0.0,0.0,0.0,173.0,0.0,0.0,173.0,0.0,0.0,0.0,0.0,0.0,0.0,0.0,0.0,"Jan 19, 2017"
1817,2403064.0,11208.0,Diyala,Ba'quba,Muskar Saad Qtr,حي معسكر سعد ,33.7523396127,44.6664973517,70.0,420.0,0.0,0.0,0.0,0.0,0.0,70.0,0.0,0.0,0.0,0.0,0.0,0.0,0.0,0.0,0.0,0.0,0.0,0.0,0.0,70.0,0.0,0.0,0.0,0.0,0.0,0.0,0.0,0.0,0.0,0.0,0.0,0.0,0.0,0.0,0.0,0.0,0.0,0.0,0.0,0.0,0.0,0.0,0.0,0.0,70.0,0.0,0.0,70.0,0.0,0.0,0.0,0.0,0.0,0.0,0.0,0.0,"Jan 19, 2017"
1818,2403065.0,24919.0,Diyala,Ba'quba,Nahr Alshikh Village,قرية نهر الشيخ,33.78675323,44.64398154,18.0,108.0,0.0,0.0,0.0,0.0,0.0,18.0,0.0,0.0,0.0,0.0,0.0,0.0,0.0,0.0,0.0,0.0,0.0,0.0,0.0,18.0,0.0,0.0,0.0,0.0,0.0,0.0,0.0,0.0,0.0,0.0,0.0,0.0,0.0,0.0,0.0,0.0,0.0,0.0,0.0,0.0,0.0,0.0,0.0,0.0,18.0,0.0,0.0,18.0,0.0,0.0,0.0,0.0,0.0,0.0,0.0,0.0,"Jan 19, 2017"
1819,2403066.0,25466.0,Diyala,Ba'quba,New Baquba Qtr,حي بعقوبة الجديدة,33.7469608518,44.6293962209,53.0,318.0,0.0,0.0,0.0,0.0,0.0,53.0,0.0,0.0,0.0,0.0,0.0,0.0,0.0,0.0,0.0,0.0,0.0,0.0,0.0,0.0,0.0,0.0,0.0,0.0,0.0,0.0,53.0,0.0,0.0,53.0,0.0,0.0,0.0,0.0,0.0,0.0,0.0,0.0,0.0,0.0,53.0,0.0,0.0,53.0,0.0,0.0,0.0,0.0,0.0,0.0,0.0,0.0,0.0,0.0,0.0,0.0,"Jan 19, 2017"
1820,2403067.0,11212.0,Diyala,Ba'quba,Shiftah Village,قرية شفته ,33.7402506441,44.6342930429,8.0,48.0,0.0,0.0,0.0,0.0,0.0,8.0,0.0,0.0,0.0,0.0,0.0,0.0,0.0,0.0,0.0,0.0,0.0,0.0,0.0,0.0,0.0,0.0,0.0,0.0,0.0,0.0,8.0,0.0,0.0,8.0,0.0,0.0,0.0,0.0,0.0,0.0,0.0,0.0,0.0,0.0,0.0,0.0,0.0,0.0,8.0,0.0,0.0,8.0,0.0,0.0,0.0,0.0,0.0,0.0,0.0,0.0,"Jan 19, 2017"
1821,2403068.0,24914.0,Diyala,Ba'quba,Um Al Edam Village,قرية ام العظام,33.7189583297,44.6223111575,60.0,360.0,0.0,0.0,0.0,0.0,0.0,60.0,0.0,0.0,0.0,0.0,0.0,0.0,0.0,0.0,0.0,0.0,0.0,0.0,0.0,23.0,0.0,0.0,0.0,0.0,0.0,0.0,37.0,0.0,0.0,37.0,0.0,0.0,0.0,0.0,0.0,0.0,0.0,0.0,0.0,0.0,0.0,0.0,0.0,0.0,60.0,0.0,0.0,60.0,0.0,0.0,0.0,0.0,0.0,0.0,0.0,0.0,"Jan 19, 2017"
1822,2403069.0,11214.0,Diyala,Ba'quba,Zahrah Village,قرية زهرة ,33.8121662005,44.6761615534,50.0,300.0,0.0,0.0,0.0,0.0,0.0,50.0,0.0,0.0,0.0,0.0,0.0,0.0,0.0,0.0,0.0,0.0,0.0,0.0,0.0,50.0,0.0,0.0,0.0,0.0,0.0,0.0,0.0,0.0,0.0,0.0,0.0,0.0,0.0,0.0,0.0,0.0,0.0,0.0,0.0,0.0,0.0,0.0,0.0,0.0,50.0,0.0,0.0,50.0,0.0,0.0,0.0,0.0,0.0,0.0,0.0,0.0,"Jan 19, 2017"
1823,2404001.0,11230.0,Diyala,Baladrooz,Al Bazaniya village,قرية البزانية,33.6950318674,45.0797503167,8.0,48.0,0.0,0.0,0.0,0.0,0.0,8.0,0.0,0.0,0.0,0.0,0.0,0.0,0.0,0.0,0.0,0.0,0.0,0.0,0.0,8.0,0.0,0.0,0.0,0.0,0.0,0.0,0.0,0.0,0.0,0.0,0.0,0.0,0.0,0.0,0.0,0.0,0.0,0.0,0.0,0.0,8.0,0.0,0.0,8.0,0.0,0.0,0.0,0.0,0.0,0.0,0.0,0.0,0.0,0.0,0.0,0.0,"Jan 19, 2017"
1824,2404002.0,11338.0,Diyala,Baladrooz,Al-Asri Qtr,حي العصري,33.6923492204,45.0648730184,20.0,120.0,0.0,0.0,0.0,0.0,0.0,20.0,0.0,0.0,0.0,0.0,0.0,0.0,0.0,0.0,0.0,0.0,0.0,0.0,0.0,0.0,0.0,0.0,0.0,0.0,0.0,0.0,20.0,0.0,0.0,20.0,0.0,0.0,0.0,0.0,0.0,0.0,0.0,0.0,0.0,0.0,20.0,0.0,0.0,20.0,0.0,0.0,0.0,0.0,0.0,0.0,0.0,0.0,0.0,0.0,0.0,0.0,"Jan 19, 2017"
1825,2404003.0,25242.0,Diyala,Baladrooz,Al-Awadl Village,قرية العوادل,33.69725717,45.07752473,8.0,48.0,0.0,0.0,0.0,0.0,0.0,8.0,0.0,0.0,0.0,0.0,0.0,0.0,0.0,0.0,0.0,0.0,0.0,0.0,0.0,8.0,0.0,0.0,0.0,0.0,0.0,0.0,0.0,0.0,0.0,0.0,0.0,0.0,0.0,0.0,0.0,0.0,0.0,0.0,0.0,0.0,8.0,0.0,0.0,8.0,0.0,0.0,0.0,0.0,0.0,0.0,0.0,0.0,0.0,0.0,0.0,0.0,"Jan 19, 2017"
1826,2404004.0,25245.0,Diyala,Baladrooz,Al-Fadua Village,قرية الفضوة,33.69557298,45.07751006,5.0,30.0,0.0,0.0,0.0,0.0,0.0,5.0,0.0,0.0,0.0,0.0,0.0,0.0,0.0,0.0,0.0,0.0,0.0,0.0,0.0,0.0,0.0,0.0,0.0,0.0,0.0,0.0,5.0,0.0,0.0,5.0,0.0,0.0,0.0,0.0,0.0,0.0,0.0,0.0,0.0,0.0,5.0,0.0,0.0,5.0,0.0,0.0,0.0,0.0,0.0,0.0,0.0,0.0,0.0,0.0,0.0,0.0,"Jan 19, 2017"
1827,2404005.0,25233.0,Diyala,Baladrooz,Al-Fath Qtr,حي الفتح,33.70061521,45.05943482,16.0,96.0,0.0,0.0,0.0,0.0,0.0,10.0,0.0,0.0,0.0,0.0,0.0,0.0,0.0,0.0,6.0,0.0,0.0,0.0,0.0,0.0,0.0,0.0,0.0,0.0,0.0,0.0,16.0,0.0,0.0,16.0,0.0,0.0,0.0,0.0,0.0,0.0,0.0,0.0,0.0,0.0,16.0,0.0,0.0,16.0,0.0,0.0,0.0,0.0,0.0,0.0,0.0,0.0,0.0,0.0,0.0,0.0,"Jan 19, 2017"
1828,2404006.0,25234.0,Diyala,Baladrooz,Al-Gadir1 Qtr,حي الغدير1,34.418572,44.9202944,7.0,42.0,0.0,0.0,0.0,0.0,0.0,7.0,0.0,0.0,0.0,0.0,0.0,0.0,0.0,0.0,0.0,0.0,0.0,0.0,0.0,0.0,0.0,0.0,0.0,0.0,0.0,0.0,7.0,0.0,0.0,7.0,0.0,0.0,0.0,0.0,0.0,0.0,0.0,0.0,0.0,0.0,7.0,0.0,0.0,7.0,0.0,0.0,0.0,0.0,0.0,0.0,0.0,0.0,0.0,0.0,0.0,0.0,"Jan 19, 2017"
1829,2404007.0,25235.0,Diyala,Baladrooz,Al-Gadir2 Qtr,حي الغدير 2,34.41857422,44.92111488,8.0,48.0,0.0,0.0,0.0,0.0,0.0,8.0,0.0,0.0,0.0,0.0,0.0,0.0,0.0,0.0,0.0,0.0,0.0,0.0,0.0,0.0,0.0,0.0,0.0,0.0,0.0,0.0,8.0,0.0,0.0,8.0,0.0,0.0,0.0,0.0,0.0,0.0,0.0,0.0,0.0,0.0,8.0,0.0,0.0,8.0,0.0,0.0,0.0,0.0,0.0,0.0,0.0,0.0,0.0,0.0,0.0,0.0,"Jan 19, 2017"
1830,2404008.0,23028.0,Diyala,Baladrooz,Al-Huria Qtr,حي الحرية,33.695754,45.07951392,15.0,90.0,0.0,0.0,0.0,0.0,0.0,15.0,0.0,0.0,0.0,0.0,0.0,0.0,0.0,0.0,0.0,0.0,0.0,0.0,0.0,0.0,0.0,0.0,0.0,0.0,0.0,0.0,15.0,0.0,0.0,15.0,0.0,0.0,0.0,0.0,0.0,0.0,0.0,0.0,0.0,0.0,15.0,0.0,0.0,15.0,0.0,0.0,0.0,0.0,0.0,0.0,0.0,0.0,0.0,0.0,0.0,0.0,"Jan 19, 2017"
1831,2404009.0,25237.0,Diyala,Baladrooz,Al-Rafah Village,قرية الرفاه,33.69465553,45.08008528,7.0,42.0,0.0,0.0,0.0,0.0,0.0,7.0,0.0,0.0,0.0,0.0,0.0,0.0,0.0,0.0,0.0,0.0,0.0,0.0,0.0,7.0,0.0,0.0,0.0,0.0,0.0,0.0,0.0,0.0,0.0,0.0,0.0,0.0,0.0,0.0,0.0,0.0,0.0,0.0,0.0,0.0,7.0,0.0,0.0,7.0,0.0,0.0,0.0,0.0,0.0,0.0,0.0,0.0,0.0,0.0,0.0,0.0,"Jan 19, 2017"
1832,2404010.0,25238.0,Diyala,Baladrooz,Al-Ramaila Village,قرية رميلة,33.6953051522,45.0773893038,8.0,48.0,0.0,0.0,0.0,0.0,0.0,8.0,0.0,0.0,0.0,0.0,0.0,0.0,0.0,0.0,0.0,0.0,0.0,0.0,0.0,8.0,0.0,0.0,0.0,0.0,0.0,0.0,0.0,0.0,0.0,0.0,0.0,0.0,0.0,0.0,0.0,0.0,0.0,0.0,0.0,0.0,8.0,0.0,0.0,8.0,0.0,0.0,0.0,0.0,0.0,0.0,0.0,0.0,0.0,0.0,0.0,0.0,"Jan 19, 2017"
1833,2404011.0,11231.0,Diyala,Baladrooz,Al-Sadrania village,قرية الصدرانية,33.6989644796,45.078145426,7.0,42.0,0.0,0.0,0.0,0.0,0.0,7.0,0.0,0.0,0.0,0.0,0.0,0.0,0.0,0.0,0.0,0.0,0.0,0.0,0.0,0.0,0.0,0.0,0.0,0.0,0.0,0.0,7.0,0.0,0.0,7.0,0.0,0.0,0.0,0.0,0.0,0.0,0.0,0.0,0.0,0.0,7.0,0.0,0.0,7.0,0.0,0.0,0.0,0.0,0.0,0.0,0.0,0.0,0.0,0.0,0.0,0.0,"Jan 19, 2017"
1834,2404012.0,25241.0,Diyala,Baladrooz,Al-Sawad Village,قرية السواعد,33.69830901,45.08738427,10.0,60.0,0.0,0.0,0.0,0.0,0.0,10.0,0.0,0.0,0.0,0.0,0.0,0.0,0.0,0.0,0.0,0.0,0.0,0.0,0.0,0.0,0.0,0.0,0.0,0.0,0.0,0.0,0.0,0.0,0.0,0.0,0.0,0.0,0.0,0.0,10.0,0.0,0.0,10.0,0.0,0.0,10.0,0.0,0.0,10.0,0.0,0.0,0.0,0.0,0.0,0.0,0.0,0.0,0.0,0.0,0.0,0.0,"Jan 19, 2017"
1835,2404013.0,25236.0,Diyala,Baladrooz,Al-Wasiti Village,قرية الوسيطي,33.69623314,45.07829637,7.0,42.0,0.0,0.0,0.0,0.0,0.0,7.0,0.0,0.0,0.0,0.0,0.0,0.0,0.0,0.0,0.0,0.0,0.0,0.0,0.0,7.0,0.0,0.0,0.0,0.0,0.0,0.0,0.0,0.0,0.0,0.0,0.0,0.0,0.0,0.0,0.0,0.0,0.0,0.0,0.0,0.0,7.0,0.0,0.0,7.0,0.0,0.0,0.0,0.0,0.0,0.0,0.0,0.0,0.0,0.0,0.0,0.0,"Jan 19, 2017"
1836,2404015.0,11226.0,Diyala,Baladrooz,Dur Mandiliy Qtr,حي دور مندلي,33.6867906889,45.0659595696,15.0,90.0,10.0,0.0,0.0,0.0,0.0,5.0,0.0,0.0,0.0,0.0,0.0,0.0,0.0,0.0,0.0,0.0,0.0,0.0,0.0,5.0,0.0,0.0,0.0,0.0,0.0,0.0,10.0,0.0,0.0,10.0,0.0,0.0,0.0,0.0,0.0,0.0,0.0,0.0,0.0,0.0,14.0,0.0,0.0,14.0,0.0,0.0,1.0,0.0,0.0,1.0,0.0,0.0,0.0,0.0,0.0,0.0,"Jan 19, 2017"
1837,2404016.0,11257.0,Diyala,Baladrooz,Hay Al Bakir,حي البكر,33.7430758352,45.5340675264,50.0,300.0,0.0,0.0,0.0,0.0,0.0,50.0,0.0,0.0,0.0,0.0,0.0,0.0,0.0,0.0,0.0,0.0,0.0,0.0,0.0,0.0,0.0,0.0,0.0,0.0,0.0,0.0,50.0,0.0,0.0,50.0,0.0,0.0,0.0,0.0,0.0,0.0,0.0,0.0,0.0,0.0,0.0,0.0,0.0,0.0,50.0,0.0,0.0,50.0,0.0,0.0,0.0,0.0,0.0,0.0,0.0,0.0,"Jan 19, 2017"
1838,2404017.0,11236.0,Diyala,Baladrooz,Imam Askar Village,قرية امام عسكر,33.44915644,45.08621259,9.0,54.0,0.0,0.0,0.0,0.0,0.0,9.0,0.0,0.0,0.0,0.0,0.0,0.0,0.0,0.0,0.0,0.0,0.0,0.0,0.0,9.0,0.0,0.0,0.0,0.0,0.0,0.0,0.0,0.0,0.0,0.0,0.0,0.0,0.0,0.0,0.0,0.0,0.0,0.0,0.0,0.0,9.0,0.0,0.0,9.0,0.0,0.0,0.0,0.0,0.0,0.0,0.0,0.0,0.0,0.0,0.0,0.0,"Jan 19, 2017"
1839,2404018.0,11224.0,Diyala,Baladrooz,Itba Village,قرية عتبة,33.68271305,45.02697469,6.0,36.0,0.0,0.0,0.0,0.0,0.0,6.0,0.0,0.0,0.0,0.0,0.0,0.0,0.0,0.0,0.0,0.0,0.0,0.0,0.0,0.0,0.0,0.0,0.0,0.0,0.0,0.0,0.0,0.0,0.0,0.0,0.0,0.0,0.0,0.0,6.0,0.0,0.0,6.0,0.0,0.0,6.0,0.0,0.0,6.0,0.0,0.0,0.0,0.0,0.0,0.0,0.0,0.0,0.0,0.0,0.0,0.0,"Jan 19, 2017"
1840,2404019.0,25240.0,Diyala,Baladrooz,Jame Al-Rhman Village,قرية جامع الرحمان,33.69200165,45.07405276,9.0,54.0,0.0,0.0,0.0,0.0,0.0,9.0,0.0,0.0,0.0,0.0,0.0,0.0,0.0,0.0,0.0,0.0,0.0,0.0,0.0,9.0,0.0,0.0,0.0,0.0,0.0,0.0,0.0,0.0,0.0,0.0,0.0,0.0,0.0,0.0,0.0,0.0,0.0,0.0,0.0,0.0,9.0,0.0,0.0,9.0,0.0,0.0,0.0,0.0,0.0,0.0,0.0,0.0,0.0,0.0,0.0,0.0,"Jan 19, 2017"
1841,2404020.0,10894.0,Diyala,Baladrooz,Markaz Mandali,مركز مندلي,33.7464420246,45.5503109681,150.0,900.0,0.0,0.0,0.0,0.0,0.0,150.0,0.0,0.0,0.0,0.0,0.0,0.0,0.0,0.0,0.0,0.0,0.0,0.0,0.0,80.0,0.0,0.0,0.0,0.0,0.0,0.0,70.0,0.0,0.0,70.0,0.0,0.0,0.0,0.0,0.0,0.0,0.0,0.0,0.0,0.0,0.0,0.0,150.0,0.0,0.0,150.0,0.0,0.0,0.0,0.0,0.0,0.0,0.0,0.0,0.0,0.0,"Jan 19, 2017"
1842,2404021.0,25243.0,Diyala,Baladrooz,Matar Abuss Village,قرية مطرعبوس,33.7061506,45.08337929,6.0,36.0,0.0,0.0,0.0,0.0,0.0,6.0,0.0,0.0,0.0,0.0,0.0,0.0,0.0,0.0,0.0,0.0,0.0,0.0,0.0,6.0,0.0,0.0,0.0,0.0,0.0,0.0,0.0,0.0,0.0,0.0,0.0,0.0,0.0,0.0,0.0,0.0,0.0,0.0,0.0,0.0,6.0,0.0,0.0,6.0,0.0,0.0,0.0,0.0,0.0,0.0,0.0,0.0,0.0,0.0,0.0,0.0,"Jan 19, 2017"
1843,2404022.0,25239.0,Diyala,Baladrooz,Naif Ahmad Village,قرية نايف احمد,33.69198,45.08104,10.0,60.0,0.0,0.0,0.0,0.0,0.0,10.0,0.0,0.0,0.0,0.0,0.0,0.0,0.0,0.0,0.0,0.0,0.0,0.0,0.0,0.0,0.0,0.0,0.0,0.0,0.0,0.0,0.0,0.0,0.0,0.0,0.0,0.0,0.0,0.0,10.0,0.0,0.0,10.0,0.0,0.0,10.0,0.0,0.0,10.0,0.0,0.0,0.0,0.0,0.0,0.0,0.0,0.0,0.0,0.0,0.0,0.0,"Jan 19, 2017"
1844,2404023.0,20834.0,Diyala,Baladrooz,Dabbat village,قرية دبات,33.71410751,45.06828013,7.0,42.0,0.0,0.0,0.0,0.0,0.0,0.0,0.0,0.0,0.0,0.0,0.0,0.0,0.0,0.0,7.0,0.0,0.0,0.0,0.0,0.0,0.0,0.0,0.0,0.0,0.0,0.0,0.0,0.0,0.0,0.0,0.0,0.0,0.0,0.0,7.0,0.0,0.0,7.0,0.0,0.0,7.0,0.0,0.0,7.0,0.0,0.0,0.0,0.0,0.0,0.0,0.0,0.0,0.0,0.0,0.0,0.0,"Jan 19, 2017"
1845,2404024.0,11547.0,Diyala,Baladrooz,Eksairat village,قرية كسيرات,33.6975582099,45.0631184674,4.0,24.0,0.0,0.0,0.0,0.0,0.0,4.0,0.0,0.0,0.0,0.0,0.0,0.0,0.0,0.0,0.0,0.0,0.0,0.0,0.0,4.0,0.0,0.0,0.0,0.0,0.0,0.0,0.0,0.0,0.0,0.0,0.0,0.0,0.0,0.0,0.0,0.0,0.0,0.0,0.0,0.0,4.0,0.0,0.0,4.0,0.0,0.0,0.0,0.0,0.0,0.0,0.0,0.0,0.0,0.0,0.0,0.0,"Jan 19, 2017"
1846,2404026.0,25246.0,Diyala,Baladrooz,Shah Ali Village,قرية شاه علي,33.65236664,45.15809376,5.0,30.0,0.0,0.0,0.0,0.0,0.0,5.0,0.0,0.0,0.0,0.0,0.0,0.0,0.0,0.0,0.0,0.0,0.0,0.0,0.0,5.0,0.0,0.0,0.0,0.0,0.0,0.0,0.0,0.0,0.0,0.0,0.0,0.0,0.0,0.0,0.0,0.0,0.0,0.0,0.0,0.0,5.0,0.0,0.0,5.0,0.0,0.0,0.0,0.0,0.0,0.0,0.0,0.0,0.0,0.0,0.0,0.0,"Jan 19, 2017"
1847,2404027.0,25244.0,Diyala,Baladrooz,Zain Al-din Village,قرية زين الدين,33.67373726,45.09501015,5.0,30.0,0.0,0.0,0.0,0.0,0.0,5.0,0.0,0.0,0.0,0.0,0.0,0.0,0.0,0.0,0.0,0.0,0.0,0.0,0.0,5.0,0.0,0.0,0.0,0.0,0.0,0.0,0.0,0.0,0.0,0.0,0.0,0.0,0.0,0.0,0.0,0.0,0.0,0.0,0.0,0.0,5.0,0.0,0.0,5.0,0.0,0.0,0.0,0.0,0.0,0.0,0.0,0.0,0.0,0.0,0.0,0.0,"Jan 19, 2017"
1848,2405001.0,11145.0,Diyala,Khanaqin,Ahmed Hilal village,قرية احمد هلال,34.3768290977,45.3277819656,28.0,168.0,0.0,0.0,0.0,0.0,0.0,28.0,0.0,0.0,0.0,0.0,0.0,0.0,0.0,0.0,0.0,0.0,0.0,0.0,0.0,10.0,0.0,0.0,0.0,0.0,0.0,0.0,8.0,0.0,0.0,8.0,0.0,0.0,0.0,0.0,10.0,0.0,0.0,10.0,0.0,0.0,25.0,0.0,3.0,25.0,0.0,3.0,0.0,0.0,0.0,0.0,0.0,0.0,0.0,0.0,0.0,0.0,"Jan 19, 2017"
1849,2405002.0,24388.0,Diyala,Khanaqin,Ahmed Taher Village,قرية احمد طاهر,34.3166626664,45.3211390283,20.0,120.0,0.0,0.0,0.0,0.0,0.0,20.0,0.0,0.0,0.0,0.0,0.0,0.0,0.0,0.0,0.0,0.0,0.0,0.0,0.0,0.0,0.0,0.0,0.0,0.0,0.0,0.0,20.0,0.0,0.0,20.0,0.0,0.0,0.0,0.0,0.0,0.0,0.0,0.0,0.0,0.0,20.0,0.0,0.0,20.0,0.0,0.0,0.0,0.0,0.0,0.0,0.0,0.0,0.0,0.0,0.0,0.0,"Jan 19, 2017"
1850,2405004.0,24510.0,Diyala,Khanaqin,Al Ukhwah village,قرية الاخوة,34.3253327088,45.2779816812,80.0,480.0,0.0,0.0,0.0,0.0,0.0,80.0,0.0,0.0,0.0,0.0,0.0,0.0,0.0,0.0,0.0,0.0,0.0,0.0,0.0,25.0,0.0,0.0,0.0,0.0,0.0,0.0,27.0,0.0,0.0,27.0,0.0,0.0,0.0,0.0,28.0,0.0,0.0,28.0,0.0,0.0,80.0,0.0,0.0,80.0,0.0,0.0,0.0,0.0,0.0,0.0,0.0,0.0,0.0,0.0,0.0,0.0,"Jan 19, 2017"
1851,2405005.0,25255.0,Diyala,Kifri,Albishir village,قرية البشر,34.4532123883,45.0348189642,50.0,300.0,0.0,0.0,0.0,0.0,0.0,50.0,0.0,0.0,0.0,0.0,0.0,0.0,0.0,0.0,0.0,0.0,0.0,0.0,0.0,50.0,0.0,0.0,0.0,0.0,0.0,0.0,0.0,0.0,0.0,0.0,0.0,0.0,0.0,0.0,0.0,0.0,0.0,0.0,0.0,0.0,50.0,0.0,0.0,50.0,0.0,0.0,0.0,0.0,0.0,0.0,0.0,0.0,0.0,0.0,0.0,0.0,"Jan 19, 2017"
1852,2405006.0,24405.0,Diyala,Khanaqin,aldarawsha village,قرية الدراوشة,34.360143746,45.2206341126,45.0,270.0,0.0,0.0,0.0,0.0,0.0,45.0,0.0,0.0,0.0,0.0,0.0,0.0,0.0,0.0,0.0,0.0,0.0,0.0,0.0,23.0,0.0,0.0,0.0,0.0,0.0,0.0,0.0,0.0,0.0,0.0,0.0,0.0,12.0,0.0,10.0,12.0,0.0,10.0,0.0,0.0,20.0,0.0,10.0,20.0,15.0,10.0,0.0,15.0,0.0,0.0,0.0,0.0,0.0,0.0,0.0,0.0,"Jan 19, 2017"
1853,2405007.0,24401.0,Diyala,Khanaqin,Elean village,قرية عليان,34.3653295815,45.2382007562,32.0,192.0,0.0,0.0,0.0,0.0,0.0,32.0,0.0,0.0,0.0,0.0,0.0,0.0,0.0,0.0,0.0,0.0,0.0,0.0,0.0,32.0,0.0,0.0,0.0,0.0,0.0,0.0,0.0,0.0,0.0,0.0,0.0,0.0,0.0,0.0,0.0,0.0,0.0,0.0,0.0,0.0,15.0,0.0,0.0,15.0,17.0,0.0,0.0,17.0,0.0,0.0,0.0,0.0,0.0,0.0,0.0,0.0,"Jan 19, 2017"
1854,2405008.0,25627.0,Diyala,Khanaqin,Ali Beck village,قرية علي بيك,34.3518033714,45.2399026669,25.0,150.0,0.0,0.0,0.0,0.0,0.0,25.0,0.0,0.0,0.0,0.0,0.0,0.0,0.0,0.0,0.0,0.0,0.0,0.0,0.0,25.0,0.0,0.0,0.0,0.0,0.0,0.0,0.0,0.0,0.0,0.0,0.0,0.0,0.0,0.0,0.0,0.0,0.0,0.0,0.0,0.0,25.0,0.0,0.0,25.0,0.0,0.0,0.0,0.0,0.0,0.0,0.0,0.0,0.0,0.0,0.0,0.0,"Jan 19, 2017"
1855,2405009.0,25341.0,Diyala,Khanaqin,Ali Murad village,قرية علي مراد,34.3592594776,45.3827324102,57.0,342.0,0.0,0.0,2.0,0.0,0.0,55.0,0.0,0.0,0.0,0.0,0.0,0.0,0.0,0.0,0.0,0.0,0.0,0.0,0.0,23.0,0.0,0.0,0.0,0.0,0.0,0.0,34.0,0.0,0.0,34.0,0.0,0.0,0.0,0.0,0.0,0.0,0.0,0.0,0.0,0.0,57.0,0.0,0.0,57.0,0.0,0.0,0.0,0.0,0.0,0.0,0.0,0.0,0.0,0.0,0.0,0.0,"Jan 19, 2017"
1856,2405010.0,24386.0,Diyala,Khanaqin,Ali Saadoun village,قرية علي سعدون,34.3846765269,45.2926556192,15.0,90.0,0.0,0.0,0.0,0.0,0.0,15.0,0.0,0.0,0.0,0.0,0.0,0.0,0.0,0.0,0.0,0.0,0.0,0.0,0.0,15.0,0.0,0.0,0.0,0.0,0.0,0.0,0.0,0.0,0.0,0.0,0.0,0.0,0.0,0.0,0.0,0.0,0.0,0.0,0.0,0.0,15.0,0.0,0.0,15.0,0.0,0.0,0.0,0.0,0.0,0.0,0.0,0.0,0.0,0.0,0.0,0.0,"Jan 19, 2017"
1857,2405012.0,24404.0,Diyala,Khanaqin,alkalah village,قرية القلعة,34.366800297,45.2440490699,18.0,108.0,0.0,0.0,0.0,0.0,0.0,18.0,0.0,0.0,0.0,0.0,0.0,0.0,0.0,0.0,0.0,0.0,0.0,0.0,0.0,18.0,0.0,0.0,0.0,0.0,0.0,0.0,0.0,0.0,0.0,0.0,0.0,0.0,0.0,0.0,0.0,0.0,0.0,0.0,0.0,0.0,5.0,0.0,0.0,5.0,13.0,0.0,0.0,13.0,0.0,0.0,0.0,0.0,0.0,0.0,0.0,0.0,"Jan 19, 2017"
1858,2405013.0,24407.0,Diyala,Khanaqin,alkubeah small village,قرية الكبية الصغيرة,34.3994973149,45.2335821421,50.0,300.0,0.0,0.0,0.0,0.0,0.0,50.0,0.0,0.0,0.0,0.0,0.0,0.0,0.0,0.0,0.0,0.0,0.0,0.0,0.0,10.0,0.0,0.0,0.0,0.0,0.0,0.0,0.0,0.0,0.0,0.0,0.0,0.0,0.0,0.0,40.0,0.0,0.0,40.0,0.0,0.0,50.0,0.0,0.0,50.0,0.0,0.0,0.0,0.0,0.0,0.0,0.0,0.0,0.0,0.0,0.0,0.0,"Jan 19, 2017"
1859,2405014.0,10676.0,Diyala,Khanaqin,Arkawazi Qtr,حي اركوازي,34.3311820058,45.4011356063,125.0,750.0,0.0,0.0,0.0,0.0,0.0,125.0,0.0,0.0,0.0,0.0,0.0,0.0,0.0,0.0,0.0,0.0,0.0,0.0,0.0,10.0,0.0,0.0,0.0,0.0,0.0,0.0,60.0,0.0,0.0,60.0,0.0,0.0,0.0,0.0,55.0,0.0,0.0,55.0,0.0,0.0,125.0,0.0,0.0,125.0,0.0,0.0,0.0,0.0,0.0,0.0,0.0,0.0,0.0,0.0,0.0,0.0,"Jan 19, 2017"
1860,2405016.0,24352.0,Diyala,Khanaqin,Bahari Taza Area,منطقة بهار تازة,34.3056540722,45.3503987228,40.0,240.0,0.0,0.0,0.0,0.0,0.0,40.0,0.0,0.0,0.0,0.0,0.0,0.0,0.0,0.0,0.0,0.0,0.0,0.0,0.0,0.0,0.0,0.0,0.0,0.0,0.0,0.0,20.0,0.0,0.0,20.0,0.0,0.0,0.0,0.0,20.0,0.0,0.0,20.0,0.0,0.0,40.0,0.0,0.0,40.0,0.0,0.0,0.0,0.0,0.0,0.0,0.0,0.0,0.0,0.0,0.0,0.0,"Jan 19, 2017"
1861,2405019.0,25251.0,Diyala,Kifri,Bakaly village,قرية بكالي(البجاجيل),34.4212660003,45.0963012903,150.0,900.0,0.0,0.0,0.0,0.0,0.0,150.0,0.0,0.0,0.0,0.0,0.0,0.0,0.0,0.0,0.0,0.0,0.0,0.0,0.0,70.0,0.0,0.0,0.0,0.0,0.0,0.0,0.0,0.0,0.0,0.0,0.0,0.0,0.0,0.0,80.0,0.0,0.0,80.0,0.0,0.0,130.0,0.0,20.0,130.0,0.0,20.0,0.0,0.0,0.0,0.0,0.0,0.0,0.0,0.0,0.0,0.0,"Jan 19, 2017"
1862,2405020.0,25257.0,Diyala,Khanaqin,Bakhtiari Qtr,حي بختياري,34.3144272644,45.3565178418,375.0,2250.0,0.0,0.0,0.0,0.0,0.0,375.0,0.0,0.0,0.0,0.0,0.0,0.0,0.0,0.0,0.0,0.0,0.0,0.0,0.0,15.0,0.0,0.0,0.0,0.0,0.0,0.0,225.0,0.0,0.0,225.0,0.0,0.0,0.0,0.0,135.0,0.0,0.0,135.0,0.0,0.0,350.0,0.0,25.0,350.0,0.0,25.0,0.0,0.0,0.0,0.0,0.0,0.0,0.0,0.0,0.0,0.0,"Jan 19, 2017"
1863,2405021.0,24387.0,Diyala,Khanaqin,Clay Hussein village,قرية كلاي حسين,34.3761951065,45.2754965549,40.0,240.0,0.0,0.0,0.0,0.0,0.0,40.0,0.0,0.0,0.0,0.0,0.0,0.0,0.0,0.0,0.0,0.0,0.0,0.0,0.0,18.0,0.0,0.0,0.0,0.0,0.0,0.0,0.0,0.0,0.0,0.0,0.0,0.0,0.0,0.0,22.0,0.0,0.0,22.0,0.0,0.0,0.0,0.0,40.0,0.0,0.0,40.0,0.0,0.0,0.0,0.0,0.0,0.0,0.0,0.0,0.0,0.0,"Jan 19, 2017"
1864,2405022.0,24400.0,Diyala,Khanaqin,bani arkab village,قرية بني اركاب,34.3583633475,45.2359515984,20.0,120.0,0.0,0.0,0.0,0.0,0.0,20.0,0.0,0.0,0.0,0.0,0.0,0.0,0.0,0.0,0.0,0.0,0.0,0.0,0.0,5.0,0.0,0.0,0.0,0.0,0.0,0.0,0.0,0.0,0.0,0.0,0.0,0.0,0.0,0.0,15.0,0.0,0.0,15.0,0.0,0.0,5.0,0.0,15.0,5.0,0.0,15.0,0.0,0.0,0.0,0.0,0.0,0.0,0.0,0.0,0.0,0.0,"Jan 19, 2017"
1865,2405023.0,25467.0,Diyala,Khanaqin,Dara Konarh Qtr,حي دارة كونارة,34.3393165691,45.3908512422,70.0,420.0,0.0,0.0,0.0,0.0,0.0,70.0,0.0,0.0,0.0,0.0,0.0,0.0,0.0,0.0,0.0,0.0,0.0,0.0,0.0,0.0,0.0,0.0,0.0,0.0,0.0,0.0,52.0,0.0,0.0,52.0,0.0,0.0,0.0,0.0,18.0,0.0,0.0,18.0,0.0,0.0,58.0,0.0,12.0,58.0,0.0,12.0,0.0,0.0,0.0,0.0,0.0,0.0,0.0,0.0,0.0,0.0,"Jan 19, 2017"
1866,2405024.0,24403.0,Diyala,Khanaqin,darwish village,قرية درويش,34.3917327502,45.30702866,16.0,96.0,0.0,0.0,0.0,0.0,0.0,16.0,0.0,0.0,0.0,0.0,0.0,0.0,0.0,0.0,0.0,0.0,0.0,0.0,0.0,0.0,0.0,0.0,0.0,0.0,0.0,0.0,0.0,0.0,0.0,0.0,0.0,0.0,0.0,0.0,16.0,0.0,0.0,16.0,0.0,0.0,4.0,0.0,12.0,4.0,0.0,12.0,0.0,0.0,0.0,0.0,0.0,0.0,0.0,0.0,0.0,0.0,"Jan 19, 2017"
1867,2405025.0,25254.0,Diyala,Kifri,Dora village,قرية دورة,34.4432797546,45.0584311968,60.0,360.0,0.0,0.0,0.0,0.0,0.0,60.0,0.0,0.0,0.0,0.0,0.0,0.0,0.0,0.0,0.0,0.0,0.0,0.0,0.0,40.0,0.0,0.0,0.0,0.0,0.0,0.0,0.0,0.0,0.0,0.0,0.0,0.0,0.0,0.0,20.0,0.0,0.0,20.0,0.0,0.0,60.0,0.0,0.0,60.0,0.0,0.0,0.0,0.0,0.0,0.0,0.0,0.0,0.0,0.0,0.0,0.0,"Jan 19, 2017"
1868,2405027.0,24394.0,Diyala,Khanaqin,habib Abdullah village,قرية حبيب عبد الله,34.3128827995,45.3242915,25.0,150.0,0.0,0.0,0.0,0.0,0.0,25.0,0.0,0.0,0.0,0.0,0.0,0.0,0.0,0.0,0.0,0.0,0.0,0.0,0.0,20.0,0.0,0.0,0.0,0.0,0.0,0.0,0.0,0.0,0.0,0.0,0.0,0.0,0.0,0.0,5.0,0.0,0.0,5.0,0.0,0.0,25.0,0.0,0.0,25.0,0.0,0.0,0.0,0.0,0.0,0.0,0.0,0.0,0.0,0.0,0.0,0.0,"Jan 19, 2017"
1869,2405028.0,25626.0,Diyala,Khanaqin,Hassan Garad Village,قرية حسن جراد,34.381731909,45.2568096619,7.0,42.0,0.0,0.0,0.0,0.0,0.0,7.0,0.0,0.0,0.0,0.0,0.0,0.0,0.0,0.0,0.0,0.0,0.0,0.0,0.0,0.0,0.0,0.0,0.0,0.0,0.0,0.0,0.0,0.0,0.0,0.0,0.0,0.0,0.0,0.0,7.0,0.0,0.0,7.0,0.0,0.0,7.0,0.0,0.0,7.0,0.0,0.0,0.0,0.0,0.0,0.0,0.0,0.0,0.0,0.0,0.0,0.0,"Jan 19, 2017"
1870,2405029.0,24354.0,Diyala,Khanaqin,Al Askari Qtr,حي عسكري,34.3402497244,45.4002443104,50.0,300.0,0.0,0.0,0.0,0.0,0.0,50.0,0.0,0.0,0.0,0.0,0.0,0.0,0.0,0.0,0.0,0.0,0.0,0.0,0.0,10.0,0.0,0.0,0.0,0.0,0.0,0.0,40.0,0.0,0.0,40.0,0.0,0.0,0.0,0.0,0.0,0.0,0.0,0.0,0.0,0.0,40.0,0.0,10.0,40.0,0.0,10.0,0.0,0.0,0.0,0.0,0.0,0.0,0.0,0.0,0.0,0.0,"Jan 19, 2017"
1871,2405030.0,24395.0,Diyala,Khanaqin,Alshortah Qtr,حي الشرطة,34.3472971524,45.4071636959,50.0,300.0,0.0,0.0,0.0,0.0,0.0,50.0,0.0,0.0,0.0,0.0,0.0,0.0,0.0,0.0,0.0,0.0,0.0,0.0,0.0,0.0,0.0,0.0,0.0,0.0,0.0,0.0,30.0,0.0,0.0,30.0,0.0,0.0,0.0,0.0,20.0,0.0,0.0,20.0,0.0,0.0,25.0,0.0,25.0,25.0,0.0,25.0,0.0,0.0,0.0,0.0,0.0,0.0,0.0,0.0,0.0,0.0,"Jan 19, 2017"
1872,2405031.0,24312.0,Diyala,Khanaqin,Imam Abass Qtr,حي إمام عباس,34.3423005061,45.3606339171,125.0,750.0,2.0,0.0,0.0,0.0,0.0,121.0,0.0,0.0,0.0,0.0,0.0,0.0,2.0,0.0,0.0,0.0,0.0,0.0,0.0,4.0,0.0,0.0,0.0,0.0,0.0,0.0,75.0,0.0,0.0,75.0,0.0,0.0,0.0,0.0,46.0,0.0,0.0,46.0,2.0,0.0,123.0,2.0,0.0,123.0,0.0,0.0,0.0,0.0,0.0,0.0,0.0,0.0,0.0,0.0,0.0,0.0,"Jan 19, 2017"
1873,2405032.0,24410.0,Diyala,Khanaqin,Ibrahim bek village,قرية ابراهيم بيك,34.4374194134,45.2566269153,15.0,90.0,0.0,0.0,0.0,0.0,0.0,15.0,0.0,0.0,0.0,0.0,0.0,0.0,0.0,0.0,0.0,0.0,0.0,0.0,0.0,5.0,0.0,0.0,0.0,0.0,0.0,0.0,10.0,0.0,0.0,10.0,0.0,0.0,0.0,0.0,0.0,0.0,0.0,0.0,0.0,0.0,15.0,0.0,0.0,15.0,0.0,0.0,0.0,0.0,0.0,0.0,0.0,0.0,0.0,0.0,0.0,0.0,"Jan 19, 2017"
1874,2405034.0,25429.0,Diyala,Kifri,Markaz Jabara,جبارة,34.5915319305,44.935440448,100.0,600.0,0.0,0.0,0.0,0.0,0.0,100.0,0.0,0.0,0.0,0.0,0.0,0.0,0.0,0.0,0.0,0.0,0.0,0.0,0.0,60.0,0.0,0.0,0.0,0.0,0.0,0.0,40.0,0.0,0.0,40.0,0.0,0.0,0.0,0.0,0.0,0.0,0.0,0.0,0.0,0.0,100.0,0.0,0.0,100.0,0.0,0.0,0.0,0.0,0.0,0.0,0.0,0.0,0.0,0.0,0.0,0.0,"Jan 19, 2017"
1875,2405035.0,10666.0,Diyala,Khanaqin,Jibraoh village,قرية جبراوة,34.3069084587,45.3884228997,40.0,240.0,0.0,0.0,0.0,0.0,0.0,40.0,0.0,0.0,0.0,0.0,0.0,0.0,0.0,0.0,0.0,0.0,0.0,0.0,0.0,5.0,0.0,0.0,0.0,0.0,0.0,0.0,2.0,0.0,0.0,2.0,0.0,0.0,0.0,0.0,33.0,0.0,0.0,33.0,0.0,0.0,40.0,0.0,0.0,40.0,0.0,0.0,0.0,0.0,0.0,0.0,0.0,0.0,0.0,0.0,0.0,0.0,"Jan 19, 2017"
1876,2405036.0,24409.0,Diyala,Khanaqin,kader bek village,قرية قادر بيك,34.4728885684,45.213676601,15.0,90.0,0.0,0.0,0.0,0.0,0.0,15.0,0.0,0.0,0.0,0.0,0.0,0.0,0.0,0.0,0.0,0.0,0.0,0.0,0.0,12.0,0.0,0.0,0.0,0.0,0.0,0.0,3.0,0.0,0.0,3.0,0.0,0.0,0.0,0.0,0.0,0.0,0.0,0.0,0.0,0.0,15.0,0.0,0.0,15.0,0.0,0.0,0.0,0.0,0.0,0.0,0.0,0.0,0.0,0.0,0.0,0.0,"Jan 19, 2017"
1877,2405037.0,25343.0,Diyala,Khanaqin,Kahriaz Sofla Area,منطقة كهريز السفلى,34.3313364583,45.3782597868,52.0,312.0,0.0,0.0,0.0,0.0,0.0,52.0,0.0,0.0,0.0,0.0,0.0,0.0,0.0,0.0,0.0,0.0,0.0,0.0,0.0,0.0,0.0,0.0,0.0,0.0,0.0,0.0,37.0,0.0,0.0,37.0,0.0,0.0,0.0,0.0,15.0,0.0,0.0,15.0,0.0,0.0,52.0,0.0,0.0,52.0,0.0,0.0,0.0,0.0,0.0,0.0,0.0,0.0,0.0,0.0,0.0,0.0,"Jan 19, 2017"
1878,2405038.0,24777.0,Diyala,Khanaqin,Al Wand 1,كلات(مخيم الوند 1),34.3267074421,45.45054761,800.0,4800.0,0.0,0.0,0.0,0.0,0.0,800.0,0.0,0.0,0.0,0.0,0.0,0.0,0.0,0.0,0.0,0.0,0.0,0.0,800.0,0.0,0.0,0.0,0.0,0.0,0.0,0.0,0.0,0.0,0.0,0.0,0.0,0.0,0.0,0.0,0.0,0.0,0.0,0.0,0.0,0.0,600.0,0.0,200.0,600.0,0.0,200.0,0.0,0.0,0.0,0.0,0.0,0.0,0.0,0.0,0.0,0.0,"Jan 19, 2017"
1879,2405039.0,24398.0,Diyala,Khanaqin,Karim alDaoud village,قرية كريم الداود,34.3603936404,45.2624170944,40.0,240.0,0.0,0.0,0.0,0.0,0.0,40.0,0.0,0.0,0.0,0.0,0.0,0.0,0.0,0.0,0.0,0.0,0.0,0.0,0.0,26.0,0.0,0.0,0.0,0.0,0.0,0.0,0.0,0.0,0.0,0.0,0.0,0.0,0.0,0.0,14.0,0.0,0.0,14.0,0.0,0.0,40.0,0.0,0.0,40.0,0.0,0.0,0.0,0.0,0.0,0.0,0.0,0.0,0.0,0.0,0.0,0.0,"Jan 19, 2017"
1880,2405040.0,25253.0,Diyala,Kifri,Khdran village,قرية خضران,34.4585319198,45.0214505921,51.0,306.0,0.0,0.0,0.0,0.0,0.0,51.0,0.0,0.0,0.0,0.0,0.0,0.0,0.0,0.0,0.0,0.0,0.0,0.0,0.0,33.0,0.0,0.0,0.0,0.0,0.0,0.0,0.0,0.0,0.0,0.0,0.0,0.0,0.0,0.0,18.0,0.0,0.0,18.0,0.0,0.0,36.0,0.0,10.0,36.0,5.0,10.0,0.0,5.0,0.0,0.0,0.0,0.0,0.0,0.0,0.0,0.0,"Jan 19, 2017"
1881,2405041.0,25252.0,Diyala,Kifri,Khozifah village,قرية خزيفة,34.4367796318,45.0599580894,100.0,600.0,0.0,0.0,0.0,0.0,0.0,100.0,0.0,0.0,0.0,0.0,0.0,0.0,0.0,0.0,0.0,0.0,0.0,0.0,0.0,100.0,0.0,0.0,0.0,0.0,0.0,0.0,0.0,0.0,0.0,0.0,0.0,0.0,0.0,0.0,0.0,0.0,0.0,0.0,0.0,0.0,100.0,0.0,0.0,100.0,0.0,0.0,0.0,0.0,0.0,0.0,0.0,0.0,0.0,0.0,0.0,0.0,"Jan 19, 2017"
1882,2405042.0,24351.0,Diyala,Khanaqin,Mazrah Qtr,حي مزرعة,34.3441594324,45.388889099,100.0,600.0,0.0,0.0,0.0,0.0,0.0,100.0,0.0,0.0,0.0,0.0,0.0,0.0,0.0,0.0,0.0,0.0,0.0,0.0,0.0,5.0,0.0,0.0,0.0,0.0,0.0,0.0,80.0,0.0,0.0,80.0,0.0,0.0,0.0,0.0,15.0,0.0,0.0,15.0,0.0,0.0,100.0,0.0,0.0,100.0,0.0,0.0,0.0,0.0,0.0,0.0,0.0,0.0,0.0,0.0,0.0,0.0,"Jan 19, 2017"
1883,2405043.0,10528.0,Diyala,Khanaqin,Mekhas Village,قرية ميخاس(ملا رحمن),34.3945094757,45.3563535013,20.0,120.0,0.0,0.0,0.0,0.0,0.0,20.0,0.0,0.0,0.0,0.0,0.0,0.0,0.0,0.0,0.0,0.0,0.0,0.0,0.0,8.0,0.0,0.0,0.0,0.0,0.0,0.0,12.0,0.0,0.0,12.0,0.0,0.0,0.0,0.0,0.0,0.0,0.0,0.0,0.0,0.0,20.0,0.0,0.0,20.0,0.0,0.0,0.0,0.0,0.0,0.0,0.0,0.0,0.0,0.0,0.0,0.0,"Jan 19, 2017"
1884,2405044.0,25628.0,Diyala,Khanaqin,Mohammed Abbas village,قرية محمد عباس,34.37901551,45.32954921,1.0,6.0,0.0,0.0,0.0,0.0,0.0,1.0,0.0,0.0,0.0,0.0,0.0,0.0,0.0,0.0,0.0,0.0,0.0,0.0,0.0,1.0,0.0,0.0,0.0,0.0,0.0,0.0,0.0,0.0,0.0,0.0,0.0,0.0,0.0,0.0,0.0,0.0,0.0,0.0,0.0,0.0,1.0,0.0,0.0,1.0,0.0,0.0,0.0,0.0,0.0,0.0,0.0,0.0,0.0,0.0,0.0,0.0,"Jan 19, 2017"
1885,2405045.0,24402.0,Diyala,Khanaqin,mohammed humeli village,قرية محمد هميلي,34.3748590186,45.2489711528,50.0,300.0,0.0,0.0,0.0,0.0,0.0,50.0,0.0,0.0,0.0,0.0,0.0,0.0,0.0,0.0,0.0,0.0,0.0,0.0,0.0,50.0,0.0,0.0,0.0,0.0,0.0,0.0,0.0,0.0,0.0,0.0,0.0,0.0,0.0,0.0,0.0,0.0,0.0,0.0,0.0,0.0,35.0,0.0,15.0,35.0,0.0,15.0,0.0,0.0,0.0,0.0,0.0,0.0,0.0,0.0,0.0,0.0,"Jan 19, 2017"
1886,2405046.0,10924.0,Diyala,Khanaqin,Mullah Aziz village,قرية ملا عزيز,34.3218725862,45.4174882648,50.0,300.0,0.0,0.0,0.0,0.0,0.0,50.0,0.0,0.0,0.0,0.0,0.0,0.0,0.0,0.0,0.0,0.0,0.0,0.0,0.0,0.0,0.0,0.0,0.0,0.0,0.0,0.0,11.0,0.0,0.0,11.0,0.0,0.0,0.0,0.0,39.0,0.0,0.0,39.0,0.0,0.0,50.0,0.0,0.0,50.0,0.0,0.0,0.0,0.0,0.0,0.0,0.0,0.0,0.0,0.0,0.0,0.0,"Jan 19, 2017"
1887,2405047.0,25256.0,Diyala,Kifri,Nargis village,قرية نرجس,34.4593313511,45.0262989011,60.0,360.0,0.0,0.0,0.0,0.0,0.0,60.0,0.0,0.0,0.0,0.0,0.0,0.0,0.0,0.0,0.0,0.0,0.0,0.0,0.0,30.0,0.0,0.0,0.0,0.0,0.0,0.0,0.0,0.0,0.0,0.0,0.0,0.0,0.0,0.0,30.0,0.0,0.0,30.0,0.0,0.0,60.0,0.0,0.0,60.0,0.0,0.0,0.0,0.0,0.0,0.0,0.0,0.0,0.0,0.0,0.0,0.0,"Jan 19, 2017"
1888,2405049.0,25249.0,Diyala,Khanaqin,Obara-1 Qtr,حي اوبارا-1,34.3586388243,45.3922607414,40.0,240.0,0.0,0.0,0.0,0.0,0.0,40.0,0.0,0.0,0.0,0.0,0.0,0.0,0.0,0.0,0.0,0.0,0.0,0.0,0.0,15.0,0.0,0.0,0.0,0.0,0.0,0.0,25.0,0.0,0.0,25.0,0.0,0.0,0.0,0.0,0.0,0.0,0.0,0.0,0.0,0.0,40.0,0.0,0.0,40.0,0.0,0.0,0.0,0.0,0.0,0.0,0.0,0.0,0.0,0.0,0.0,0.0,"Jan 19, 2017"
1889,2405050.0,25250.0,Diyala,Khanaqin,Obara-2 Qtr,حي اوبارا-2,34.3613335488,45.3902156325,35.0,210.0,0.0,0.0,0.0,0.0,0.0,35.0,0.0,0.0,0.0,0.0,0.0,0.0,0.0,0.0,0.0,0.0,0.0,0.0,0.0,0.0,0.0,0.0,0.0,0.0,0.0,0.0,33.0,0.0,0.0,33.0,0.0,0.0,0.0,0.0,2.0,0.0,0.0,2.0,0.0,0.0,35.0,0.0,0.0,35.0,0.0,0.0,0.0,0.0,0.0,0.0,0.0,0.0,0.0,0.0,0.0,0.0,"Jan 19, 2017"
1890,2405051.0,25818.0,Diyala,Khanaqin,Qoratu,قوارتو كامب,34.5437155,45.3898012,312.0,1872.0,152.0,0.0,3.0,0.0,0.0,157.0,0.0,0.0,0.0,0.0,0.0,0.0,0.0,0.0,0.0,0.0,0.0,0.0,312.0,0.0,0.0,0.0,0.0,0.0,0.0,0.0,0.0,0.0,0.0,0.0,0.0,0.0,0.0,0.0,0.0,0.0,0.0,0.0,25.0,0.0,137.0,25.0,0.0,137.0,35.0,0.0,106.0,35.0,9.0,106.0,0.0,9.0,0.0,0.0,0.0,0.0,"Jan 19, 2017"
1891,2405052.0,24411.0,Diyala,Khanaqin,Quramin village,قرية قرامين,34.4191926357,45.2927298849,40.0,240.0,0.0,0.0,0.0,0.0,0.0,40.0,0.0,0.0,0.0,0.0,0.0,0.0,0.0,0.0,0.0,0.0,0.0,0.0,0.0,0.0,0.0,0.0,0.0,0.0,0.0,0.0,0.0,0.0,0.0,0.0,0.0,0.0,0.0,0.0,40.0,0.0,0.0,40.0,0.0,0.0,40.0,0.0,0.0,40.0,0.0,0.0,0.0,0.0,0.0,0.0,0.0,0.0,0.0,0.0,0.0,0.0,"Jan 19, 2017"
1892,2405053.0,10511.0,Diyala,Khanaqin,Rahamalla Village,قرية الرحاملة,34.3732420716,45.2777317356,3.0,18.0,0.0,0.0,0.0,0.0,0.0,3.0,0.0,0.0,0.0,0.0,0.0,0.0,0.0,0.0,0.0,0.0,0.0,0.0,0.0,3.0,0.0,0.0,0.0,0.0,0.0,0.0,0.0,0.0,0.0,0.0,0.0,0.0,0.0,0.0,0.0,0.0,0.0,0.0,0.0,0.0,3.0,0.0,0.0,3.0,0.0,0.0,0.0,0.0,0.0,0.0,0.0,0.0,0.0,0.0,0.0,0.0,"Jan 19, 2017"
1893,2405054.0,25247.0,Diyala,Khanaqin,Rapren-1 Qtr,حي رابرين-1,34.3201199719,45.3820411125,35.0,210.0,0.0,0.0,0.0,0.0,0.0,35.0,0.0,0.0,0.0,0.0,0.0,0.0,0.0,0.0,0.0,0.0,0.0,0.0,0.0,0.0,0.0,0.0,0.0,0.0,0.0,0.0,8.0,0.0,0.0,8.0,0.0,0.0,0.0,0.0,27.0,0.0,0.0,27.0,0.0,0.0,35.0,0.0,0.0,35.0,0.0,0.0,0.0,0.0,0.0,0.0,0.0,0.0,0.0,0.0,0.0,0.0,"Jan 19, 2017"
1894,2405055.0,25248.0,Diyala,Khanaqin,Rapren-2 Qtr,حي رابرين-2,34.3179832068,45.3846825423,30.0,180.0,0.0,0.0,0.0,0.0,0.0,30.0,0.0,0.0,0.0,0.0,0.0,0.0,0.0,0.0,0.0,0.0,0.0,0.0,0.0,0.0,0.0,0.0,0.0,0.0,0.0,0.0,10.0,0.0,0.0,10.0,0.0,0.0,0.0,0.0,20.0,0.0,0.0,20.0,0.0,0.0,30.0,0.0,0.0,30.0,0.0,0.0,0.0,0.0,0.0,0.0,0.0,0.0,0.0,0.0,0.0,0.0,"Jan 19, 2017"
1895,2405057.0,10403.0,Diyala,Khanaqin,Salih Agha village,قرية صالح اغا,34.5746093,45.3412701,205.0,1230.0,30.0,0.0,4.0,0.0,0.0,171.0,0.0,0.0,0.0,0.0,0.0,0.0,0.0,0.0,0.0,0.0,0.0,0.0,0.0,0.0,0.0,0.0,0.0,0.0,0.0,0.0,205.0,0.0,0.0,205.0,0.0,0.0,0.0,0.0,0.0,0.0,0.0,0.0,0.0,0.0,114.0,0.0,28.0,114.0,50.0,28.0,10.0,50.0,3.0,10.0,0.0,3.0,0.0,0.0,0.0,0.0,"Jan 19, 2017"
1896,2405058.0,24509.0,Diyala,Khanaqin,Shafiq village,قرية شفيق,34.3477233884,45.2873250576,23.0,138.0,0.0,0.0,0.0,0.0,0.0,23.0,0.0,0.0,0.0,0.0,0.0,0.0,0.0,0.0,0.0,0.0,0.0,0.0,0.0,0.0,0.0,0.0,0.0,0.0,0.0,0.0,10.0,0.0,0.0,10.0,0.0,0.0,0.0,0.0,13.0,0.0,0.0,13.0,0.0,0.0,10.0,0.0,13.0,10.0,0.0,13.0,0.0,0.0,0.0,0.0,0.0,0.0,0.0,0.0,0.0,0.0,"Jan 19, 2017"
1897,2405059.0,24385.0,Diyala,Khanaqin,Shaikh Mahdi village,قرية شيخ مهدي,34.3880729734,45.3005507466,8.0,48.0,0.0,0.0,0.0,0.0,0.0,8.0,0.0,0.0,0.0,0.0,0.0,0.0,0.0,0.0,0.0,0.0,0.0,0.0,0.0,8.0,0.0,0.0,0.0,0.0,0.0,0.0,0.0,0.0,0.0,0.0,0.0,0.0,0.0,0.0,0.0,0.0,0.0,0.0,0.0,0.0,5.0,0.0,3.0,5.0,0.0,3.0,0.0,0.0,0.0,0.0,0.0,0.0,0.0,0.0,0.0,0.0,"Jan 19, 2017"
1898,2405060.0,24392.0,Diyala,Khanaqin,Shakir village,قرية شاكر,34.3547202421,45.3455918505,60.0,360.0,0.0,0.0,0.0,0.0,0.0,60.0,0.0,0.0,0.0,0.0,0.0,0.0,0.0,0.0,0.0,0.0,0.0,0.0,0.0,0.0,0.0,0.0,0.0,0.0,0.0,0.0,0.0,0.0,0.0,0.0,0.0,0.0,0.0,0.0,0.0,0.0,60.0,0.0,0.0,60.0,60.0,0.0,0.0,60.0,0.0,0.0,0.0,0.0,0.0,0.0,0.0,0.0,0.0,0.0,0.0,0.0,"Jan 19, 2017"
1899,2405061.0,24408.0,Diyala,Khanaqin,sheark village,قرية شيرك,34.387689749,45.2189280635,12.0,72.0,0.0,0.0,0.0,0.0,0.0,12.0,0.0,0.0,0.0,0.0,0.0,0.0,0.0,0.0,0.0,0.0,0.0,0.0,0.0,12.0,0.0,0.0,0.0,0.0,0.0,0.0,0.0,0.0,0.0,0.0,0.0,0.0,0.0,0.0,0.0,0.0,0.0,0.0,0.0,0.0,12.0,0.0,0.0,12.0,0.0,0.0,0.0,0.0,0.0,0.0,0.0,0.0,0.0,0.0,0.0,0.0,"Jan 19, 2017"
1900,2405062.0,25342.0,Diyala,Khanaqin,Sirwan Qtr,حي سيروان,34.3523053985,45.4225947373,50.0,300.0,0.0,0.0,0.0,0.0,0.0,50.0,0.0,0.0,0.0,0.0,0.0,0.0,0.0,0.0,0.0,0.0,0.0,0.0,0.0,0.0,0.0,0.0,0.0,0.0,0.0,0.0,20.0,0.0,0.0,20.0,0.0,0.0,0.0,0.0,30.0,0.0,0.0,30.0,0.0,0.0,50.0,0.0,0.0,50.0,0.0,0.0,0.0,0.0,0.0,0.0,0.0,0.0,0.0,0.0,0.0,0.0,"Jan 19, 2017"
1901,2405063.0,25468.0,Diyala,Khanaqin,Sparta Qtr,حي سبارتا,34.3468393476,45.3868102766,50.0,300.0,0.0,0.0,0.0,0.0,0.0,50.0,0.0,0.0,0.0,0.0,0.0,0.0,0.0,0.0,0.0,0.0,0.0,0.0,0.0,0.0,0.0,0.0,0.0,0.0,0.0,0.0,30.0,0.0,0.0,30.0,0.0,0.0,0.0,0.0,20.0,0.0,0.0,20.0,0.0,0.0,40.0,0.0,10.0,40.0,0.0,10.0,0.0,0.0,0.0,0.0,0.0,0.0,0.0,0.0,0.0,0.0,"Jan 19, 2017"
1902,2405064.0,24406.0,Diyala,Khanaqin,tal abbas village,قرية تل عباس(القاية),34.3532585109,45.2023902942,50.0,300.0,0.0,0.0,0.0,0.0,0.0,50.0,0.0,0.0,0.0,0.0,0.0,0.0,0.0,0.0,0.0,0.0,0.0,0.0,0.0,35.0,0.0,0.0,0.0,0.0,0.0,0.0,5.0,0.0,0.0,5.0,0.0,0.0,0.0,0.0,10.0,0.0,0.0,10.0,0.0,0.0,15.0,0.0,30.0,15.0,5.0,30.0,0.0,5.0,0.0,0.0,0.0,0.0,0.0,0.0,0.0,0.0,"Jan 19, 2017"
1903,2405065.0,10497.0,Diyala,Khanaqin,Tal Manjal village,قرية تل منجل,34.3711907691,45.2162776246,3.0,18.0,0.0,0.0,0.0,0.0,0.0,3.0,0.0,0.0,0.0,0.0,0.0,0.0,0.0,0.0,0.0,0.0,0.0,0.0,0.0,3.0,0.0,0.0,0.0,0.0,0.0,0.0,0.0,0.0,0.0,0.0,0.0,0.0,0.0,0.0,0.0,0.0,0.0,0.0,0.0,0.0,3.0,0.0,0.0,3.0,0.0,0.0,0.0,0.0,0.0,0.0,0.0,0.0,0.0,0.0,0.0,0.0,"Jan 19, 2017"
1904,2405067.0,24389.0,Diyala,Khanaqin,Totk Village,قرية توتك,34.3136273273,45.3046507489,10.0,60.0,0.0,0.0,0.0,0.0,0.0,10.0,0.0,0.0,0.0,0.0,0.0,0.0,0.0,0.0,0.0,0.0,0.0,0.0,0.0,0.0,0.0,0.0,0.0,0.0,0.0,0.0,0.0,0.0,0.0,0.0,0.0,0.0,0.0,0.0,0.0,0.0,10.0,0.0,0.0,10.0,10.0,0.0,0.0,10.0,0.0,0.0,0.0,0.0,0.0,0.0,0.0,0.0,0.0,0.0,0.0,0.0,"Jan 19, 2017"
1905,2405068.0,11047.0,Diyala,Khanaqin,Tula Frosh Qtr,حي تولا فروش,34.3578876346,45.3763183352,150.0,900.0,0.0,0.0,0.0,0.0,0.0,150.0,0.0,0.0,0.0,0.0,0.0,0.0,0.0,0.0,0.0,0.0,0.0,0.0,0.0,10.0,0.0,0.0,0.0,0.0,0.0,0.0,110.0,0.0,0.0,110.0,0.0,0.0,0.0,0.0,30.0,0.0,0.0,30.0,0.0,0.0,145.0,0.0,0.0,145.0,5.0,0.0,0.0,5.0,0.0,0.0,0.0,0.0,0.0,0.0,0.0,0.0,"Jan 19, 2017"
1906,2405069.0,25625.0,Diyala,Khanaqin,Yosif Algaeed Village,قرية يوسف الجايد,34.387723026,45.2566978977,9.0,54.0,0.0,0.0,0.0,0.0,0.0,9.0,0.0,0.0,0.0,0.0,0.0,0.0,0.0,0.0,0.0,0.0,0.0,0.0,0.0,9.0,0.0,0.0,0.0,0.0,0.0,0.0,0.0,0.0,0.0,0.0,0.0,0.0,0.0,0.0,0.0,0.0,0.0,0.0,0.0,0.0,0.0,0.0,9.0,0.0,0.0,9.0,0.0,0.0,0.0,0.0,0.0,0.0,0.0,0.0,0.0,0.0,"Jan 19, 2017"
1907,2405070.0,24393.0,Diyala,Khanaqin,Zurab village,قرية زوراب,34.3520512314,45.3472971066,50.0,300.0,0.0,0.0,0.0,0.0,0.0,50.0,0.0,0.0,0.0,0.0,0.0,0.0,0.0,0.0,0.0,0.0,0.0,0.0,0.0,0.0,0.0,0.0,0.0,0.0,0.0,0.0,0.0,0.0,0.0,0.0,0.0,0.0,0.0,0.0,0.0,0.0,50.0,0.0,0.0,50.0,50.0,0.0,0.0,50.0,0.0,0.0,0.0,0.0,0.0,0.0,0.0,0.0,0.0,0.0,0.0,0.0,"Jan 19, 2017"
1908,2405076.0,27296.0,Diyala,Khanaqin,Banmil-1 Qtr,حي بانميل-1,34.3159361348,45.4037759377,50.0,300.0,0.0,0.0,0.0,0.0,0.0,50.0,0.0,0.0,0.0,0.0,0.0,0.0,0.0,0.0,0.0,0.0,0.0,0.0,0.0,5.0,0.0,0.0,0.0,0.0,0.0,0.0,45.0,0.0,0.0,45.0,0.0,0.0,0.0,0.0,0.0,0.0,0.0,0.0,0.0,0.0,20.0,0.0,30.0,20.0,0.0,30.0,0.0,0.0,0.0,0.0,0.0,0.0,0.0,0.0,0.0,0.0,"Jan 19, 2017"
1909,2405077.0,27297.0,Diyala,Khanaqin,Banmil-2 Qtr,حي بانميل-2,34.3174753928,45.4026154142,60.0,360.0,0.0,0.0,0.0,0.0,0.0,60.0,0.0,0.0,0.0,0.0,0.0,0.0,0.0,0.0,0.0,0.0,0.0,0.0,0.0,15.0,0.0,0.0,0.0,0.0,0.0,0.0,35.0,0.0,0.0,35.0,0.0,0.0,0.0,0.0,10.0,0.0,0.0,10.0,0.0,0.0,30.0,0.0,30.0,30.0,0.0,30.0,0.0,0.0,0.0,0.0,0.0,0.0,0.0,0.0,0.0,0.0,"Jan 19, 2017"
1910,2405078.0,27298.0,Diyala,Khanaqin,Banmil-3 Qtr,حي بانميل-3,34.3197323805,45.3966648797,40.0,240.0,0.0,0.0,0.0,0.0,0.0,40.0,0.0,0.0,0.0,0.0,0.0,0.0,0.0,0.0,0.0,0.0,0.0,0.0,0.0,0.0,0.0,0.0,0.0,0.0,0.0,0.0,40.0,0.0,0.0,40.0,0.0,0.0,0.0,0.0,0.0,0.0,0.0,0.0,0.0,0.0,20.0,0.0,20.0,20.0,0.0,20.0,0.0,0.0,0.0,0.0,0.0,0.0,0.0,0.0,0.0,0.0,"Jan 19, 2017"
1911,2405079.0,10530.0,Diyala,Khanaqin,Malik Shah Qtr,حي ملك شاه,34.3301933832,45.3639523523,50.0,300.0,0.0,0.0,0.0,0.0,0.0,50.0,0.0,0.0,0.0,0.0,0.0,0.0,0.0,0.0,0.0,0.0,0.0,0.0,0.0,10.0,0.0,0.0,0.0,0.0,0.0,0.0,29.0,0.0,0.0,29.0,0.0,0.0,0.0,0.0,11.0,0.0,0.0,11.0,0.0,0.0,40.0,0.0,10.0,40.0,0.0,10.0,0.0,0.0,0.0,0.0,0.0,0.0,0.0,0.0,0.0,0.0,"Jan 19, 2017"
1912,2405080.0,10419.0,Diyala,Khanaqin,Agha and Khalifa,أغا وخليفة,34.3396863344,45.3777030067,50.0,300.0,0.0,0.0,0.0,0.0,0.0,50.0,0.0,0.0,0.0,0.0,0.0,0.0,0.0,0.0,0.0,0.0,0.0,0.0,0.0,0.0,0.0,0.0,0.0,0.0,0.0,0.0,50.0,0.0,0.0,50.0,0.0,0.0,0.0,0.0,0.0,0.0,0.0,0.0,0.0,0.0,35.0,0.0,15.0,35.0,0.0,15.0,0.0,0.0,0.0,0.0,0.0,0.0,0.0,0.0,0.0,0.0,"Jan 19, 2017"
1913,2405081.0,27299.0,Diyala,Khanaqin,Basha Kobry Qtr,حي باشا كوبري,34.3467263346,45.3908373238,22.0,132.0,0.0,0.0,0.0,0.0,0.0,22.0,0.0,0.0,0.0,0.0,0.0,0.0,0.0,0.0,0.0,0.0,0.0,0.0,0.0,0.0,0.0,0.0,0.0,0.0,0.0,0.0,22.0,0.0,0.0,22.0,0.0,0.0,0.0,0.0,0.0,0.0,0.0,0.0,0.0,0.0,15.0,0.0,7.0,15.0,0.0,7.0,0.0,0.0,0.0,0.0,0.0,0.0,0.0,0.0,0.0,0.0,"Jan 19, 2017"
1914,2405082.0,27286.0,Diyala,Khanaqin,Al Wand 2,مخيم الوند 2,34.3237593348,45.4541405748,400.0,2400.0,0.0,0.0,0.0,0.0,0.0,400.0,0.0,0.0,0.0,0.0,0.0,0.0,0.0,0.0,0.0,0.0,0.0,0.0,400.0,0.0,0.0,0.0,0.0,0.0,0.0,0.0,0.0,0.0,0.0,0.0,0.0,0.0,0.0,0.0,0.0,0.0,0.0,0.0,0.0,0.0,395.0,0.0,5.0,395.0,0.0,5.0,0.0,0.0,0.0,0.0,0.0,0.0,0.0,0.0,0.0,0.0,"Jan 19, 2017"
1915,2406002.0,10592.0,Diyala,Kifri,Qaratappa,قره تبه,34.4303163093,44.9289786032,150.0,900.0,0.0,0.0,0.0,0.0,0.0,150.0,0.0,0.0,0.0,0.0,0.0,0.0,0.0,0.0,0.0,0.0,0.0,0.0,0.0,50.0,0.0,0.0,0.0,0.0,0.0,0.0,100.0,0.0,0.0,100.0,0.0,0.0,0.0,0.0,0.0,0.0,0.0,0.0,0.0,0.0,150.0,0.0,0.0,150.0,0.0,0.0,0.0,0.0,0.0,0.0,0.0,0.0,0.0,0.0,0.0,0.0,"Jan 19, 2017"
1916,2406004.0,28422.0,Diyala,Kifri,awbrey,اوبري,34.7036343,44.968331,93.0,558.0,10.0,12.0,0.0,0.0,0.0,42.0,0.0,0.0,0.0,0.0,0.0,0.0,0.0,0.0,29.0,0.0,0.0,0.0,0.0,0.0,0.0,0.0,0.0,0.0,0.0,0.0,93.0,0.0,0.0,93.0,0.0,0.0,0.0,0.0,0.0,0.0,0.0,0.0,6.0,0.0,40.0,6.0,15.0,40.0,23.0,15.0,5.0,23.0,4.0,5.0,0.0,4.0,0.0,0.0,0.0,0.0,"Jan 19, 2017"
1917,2406005.0,28423.0,Diyala,Kifri,bawa shaswar,باوة شاسوار,34.699881,44.9638983,31.0,186.0,6.0,0.0,3.0,0.0,0.0,22.0,0.0,0.0,0.0,0.0,0.0,0.0,0.0,0.0,0.0,0.0,0.0,0.0,0.0,0.0,0.0,0.0,0.0,0.0,0.0,0.0,21.0,0.0,0.0,21.0,0.0,0.0,0.0,0.0,10.0,0.0,0.0,10.0,0.0,0.0,14.0,0.0,4.0,14.0,9.0,4.0,4.0,9.0,0.0,4.0,0.0,0.0,0.0,0.0,0.0,0.0,"Jan 19, 2017"
1918,2406006.0,28424.0,Diyala,Kifri,mamostayan,ماموستايان,34.6897689,44.9563149,19.0,114.0,2.0,6.0,0.0,0.0,0.0,11.0,0.0,0.0,0.0,0.0,0.0,0.0,0.0,0.0,0.0,0.0,0.0,0.0,0.0,0.0,0.0,0.0,0.0,0.0,0.0,0.0,19.0,0.0,0.0,19.0,0.0,0.0,0.0,0.0,0.0,0.0,0.0,0.0,5.0,0.0,6.0,5.0,2.0,6.0,6.0,2.0,0.0,6.0,0.0,0.0,0.0,0.0,0.0,0.0,0.0,0.0,"Jan 19, 2017"
1919,2406007.0,28425.0,Diyala,Kifri,emam mohammed,امام محمد,34.6920197,44.9686574,39.0,234.0,12.0,4.0,0.0,0.0,0.0,18.0,0.0,0.0,0.0,0.0,0.0,0.0,0.0,0.0,5.0,0.0,0.0,0.0,0.0,0.0,0.0,0.0,0.0,0.0,0.0,0.0,39.0,0.0,0.0,39.0,0.0,0.0,0.0,0.0,0.0,0.0,0.0,0.0,10.0,0.0,10.0,10.0,7.0,10.0,4.0,7.0,6.0,4.0,2.0,6.0,0.0,2.0,0.0,0.0,0.0,0.0,"Jan 19, 2017"
1920,2406008.0,28426.0,Diyala,Kifri,anfalakan,انفالكان,34.6793618,44.9602235,39.0,234.0,4.0,4.0,0.0,0.0,0.0,20.0,0.0,0.0,0.0,0.0,0.0,0.0,0.0,0.0,11.0,0.0,0.0,0.0,0.0,0.0,0.0,0.0,0.0,0.0,0.0,0.0,34.0,0.0,0.0,34.0,0.0,0.0,0.0,0.0,5.0,0.0,0.0,5.0,8.0,0.0,16.0,8.0,3.0,16.0,12.0,3.0,0.0,12.0,0.0,0.0,0.0,0.0,0.0,0.0,0.0,0.0,"Jan 19, 2017"
1921,2406009.0,28427.0,Diyala,Kifri,Hawari new ,هواري نوي,34.6906938,44.9505876,73.0,438.0,6.0,8.0,4.0,0.0,0.0,43.0,0.0,0.0,0.0,0.0,0.0,0.0,0.0,0.0,12.0,0.0,0.0,0.0,0.0,0.0,0.0,0.0,0.0,0.0,0.0,0.0,67.0,0.0,0.0,67.0,0.0,0.0,0.0,0.0,6.0,0.0,0.0,6.0,10.0,0.0,39.0,10.0,9.0,39.0,13.0,9.0,2.0,13.0,0.0,2.0,0.0,0.0,0.0,0.0,0.0,0.0,"Jan 19, 2017"
1922,2406010.0,28428.0,Diyala,Kifri,rezgari,رزكاري,34.6936463,44.9614081,57.0,342.0,5.0,10.0,0.0,0.0,0.0,35.0,0.0,0.0,0.0,0.0,0.0,0.0,0.0,0.0,7.0,0.0,0.0,0.0,0.0,0.0,0.0,0.0,0.0,0.0,0.0,0.0,49.0,0.0,0.0,49.0,0.0,0.0,0.0,0.0,8.0,0.0,0.0,8.0,10.0,0.0,33.0,10.0,6.0,33.0,6.0,6.0,2.0,6.0,0.0,2.0,0.0,0.0,0.0,0.0,0.0,0.0,"Jan 19, 2017"
1923,2406011.0,28429.0,Diyala,Kifri,shoresh,شورش,34.6865702,44.9527278,60.0,360.0,16.0,0.0,5.0,0.0,0.0,22.0,0.0,0.0,0.0,0.0,0.0,0.0,0.0,0.0,17.0,0.0,0.0,0.0,0.0,0.0,0.0,0.0,0.0,0.0,0.0,0.0,60.0,0.0,0.0,60.0,0.0,0.0,0.0,0.0,0.0,0.0,0.0,0.0,9.0,0.0,18.0,9.0,9.0,18.0,16.0,9.0,6.0,16.0,2.0,6.0,0.0,2.0,0.0,0.0,0.0,0.0,"Jan 19, 2017"
1924,2406012.0,28430.0,Diyala,Kifri,raparin,رابرين,34.6795417,44.9548963,77.0,462.0,9.0,12.0,6.0,0.0,0.0,36.0,0.0,0.0,0.0,0.0,0.0,0.0,0.0,0.0,14.0,0.0,0.0,0.0,0.0,0.0,0.0,0.0,0.0,0.0,0.0,0.0,75.0,0.0,0.0,75.0,0.0,0.0,0.0,0.0,2.0,0.0,0.0,2.0,10.0,0.0,41.0,10.0,9.0,41.0,15.0,9.0,2.0,15.0,0.0,2.0,0.0,0.0,0.0,0.0,0.0,0.0,"Jan 19, 2017"
1925,2406013.0,28431.0,Diyala,Kifri,azadi,ازدي,34.6832676,44.9623784,57.0,342.0,16.0,0.0,0.0,0.0,0.0,28.0,0.0,0.0,0.0,0.0,0.0,0.0,0.0,0.0,13.0,0.0,0.0,0.0,0.0,0.0,0.0,0.0,0.0,0.0,0.0,0.0,57.0,0.0,0.0,57.0,0.0,0.0,0.0,0.0,0.0,0.0,0.0,0.0,2.0,0.0,27.0,2.0,8.0,27.0,12.0,8.0,6.0,12.0,2.0,6.0,0.0,2.0,0.0,0.0,0.0,0.0,"Jan 19, 2017"
1926,2406014.0,28432.0,Diyala,Kifri,nawrooz,نوروز,34.6882393,44.9637433,77.0,462.0,12.0,14.0,0.0,0.0,0.0,29.0,0.0,0.0,0.0,0.0,0.0,0.0,0.0,0.0,22.0,0.0,0.0,0.0,0.0,0.0,0.0,0.0,0.0,0.0,0.0,0.0,77.0,0.0,0.0,77.0,0.0,0.0,0.0,0.0,0.0,0.0,0.0,0.0,13.0,0.0,31.0,13.0,13.0,31.0,20.0,13.0,0.0,20.0,0.0,0.0,0.0,0.0,0.0,0.0,0.0,0.0,"Jan 19, 2017"
1927,2406015.0,10394.0,Diyala,Kifri,12 Imam,12 امام,34.6363583,45.0113079,46.0,276.0,0.0,2.0,1.0,0.0,0.0,30.0,0.0,0.0,0.0,0.0,0.0,0.0,0.0,0.0,13.0,0.0,0.0,0.0,0.0,0.0,0.0,0.0,0.0,3.0,0.0,0.0,43.0,0.0,0.0,43.0,0.0,0.0,0.0,0.0,0.0,0.0,0.0,0.0,0.0,0.0,46.0,0.0,0.0,46.0,0.0,0.0,0.0,0.0,0.0,0.0,0.0,0.0,0.0,0.0,0.0,0.0,"Jan 19, 2017"
1928,2406016.0,11023.0,Diyala,Kifri,sar qala,سةرقةلا,34.7427975,45.0653236,66.0,396.0,4.0,1.0,0.0,0.0,0.0,28.0,0.0,0.0,0.0,0.0,0.0,0.0,0.0,0.0,33.0,0.0,0.0,0.0,0.0,0.0,0.0,5.0,0.0,0.0,5.0,0.0,60.0,0.0,0.0,60.0,0.0,0.0,0.0,0.0,1.0,0.0,0.0,1.0,11.0,0.0,38.0,11.0,17.0,38.0,0.0,17.0,0.0,0.0,0.0,0.0,0.0,0.0,0.0,0.0,0.0,0.0,"Jan 19, 2017"
1929,2501005.0,13994.0,Kerbala,Ain Al-Tamur,Albo Hardan,البو حردان,32.5656352027,43.4899213,8.0,48.0,3.0,0.0,0.0,0.0,0.0,0.0,0.0,0.0,0.0,0.0,0.0,0.0,5.0,0.0,0.0,0.0,0.0,0.0,0.0,0.0,0.0,0.0,0.0,0.0,0.0,0.0,8.0,0.0,0.0,8.0,0.0,0.0,0.0,0.0,0.0,0.0,0.0,0.0,3.0,0.0,5.0,3.0,0.0,5.0,0.0,0.0,0.0,0.0,0.0,0.0,0.0,0.0,0.0,0.0,0.0,0.0,"Jan 19, 2017"
1930,2501010.0,23744.0,Kerbala,Ain Al-Tamur,Ain Al-Tamur-Hay Al Hussein,حي الحسين-عين التمر,32.5710818596,43.4794677,15.0,90.0,15.0,0.0,0.0,0.0,0.0,0.0,0.0,0.0,0.0,0.0,0.0,0.0,0.0,0.0,0.0,0.0,0.0,0.0,0.0,0.0,0.0,0.0,0.0,0.0,0.0,0.0,15.0,0.0,0.0,15.0,0.0,0.0,0.0,0.0,0.0,0.0,0.0,0.0,15.0,0.0,0.0,15.0,0.0,0.0,0.0,0.0,0.0,0.0,0.0,0.0,0.0,0.0,0.0,0.0,0.0,0.0,"Jan 19, 2017"
1931,2501011.0,23938.0,Kerbala,Ain Al-Tamur,Hay Al Zahraa,حي الزهراء-عين التمر,32.5705396105,43.4855055,5.0,30.0,5.0,0.0,0.0,0.0,0.0,0.0,0.0,0.0,0.0,0.0,0.0,0.0,0.0,0.0,0.0,0.0,0.0,0.0,0.0,0.0,0.0,0.0,0.0,0.0,0.0,0.0,5.0,0.0,0.0,5.0,0.0,0.0,0.0,0.0,0.0,0.0,0.0,0.0,5.0,0.0,0.0,5.0,0.0,0.0,0.0,0.0,0.0,0.0,0.0,0.0,0.0,0.0,0.0,0.0,0.0,0.0,"Jan 19, 2017"
1932,2502001.0,24198.0,Kerbala,Al-Hindiya,Al Jamyah,الجمعية ,32.5551133149,44.2232131215,85.0,510.0,6.0,0.0,0.0,0.0,0.0,0.0,0.0,0.0,0.0,0.0,0.0,0.0,76.0,0.0,3.0,0.0,0.0,0.0,0.0,0.0,0.0,5.0,0.0,0.0,5.0,0.0,66.0,0.0,0.0,66.0,0.0,0.0,0.0,0.0,14.0,0.0,0.0,14.0,6.0,0.0,79.0,6.0,0.0,79.0,0.0,0.0,0.0,0.0,0.0,0.0,0.0,0.0,0.0,0.0,0.0,0.0,"Jan 19, 2017"
1933,2502003.0,25494.0,Kerbala,Al-Hindiya,Al Rejeba,الرجيبة(الديران),32.5035455728,44.2007276173,32.0,192.0,0.0,0.0,0.0,0.0,0.0,0.0,0.0,0.0,0.0,0.0,0.0,0.0,32.0,0.0,0.0,0.0,0.0,0.0,0.0,0.0,0.0,0.0,0.0,0.0,0.0,0.0,32.0,0.0,0.0,32.0,0.0,0.0,0.0,0.0,0.0,0.0,0.0,0.0,0.0,0.0,32.0,0.0,0.0,32.0,0.0,0.0,0.0,0.0,0.0,0.0,0.0,0.0,0.0,0.0,0.0,0.0,"Jan 19, 2017"
1934,2502005.0,25485.0,Kerbala,Al-Hindiya,Albo Saho,البو صحو,32.57096,44.20046,25.0,150.0,0.0,0.0,0.0,0.0,0.0,0.0,0.0,0.0,0.0,0.0,0.0,0.0,25.0,0.0,0.0,0.0,0.0,0.0,0.0,8.0,0.0,0.0,0.0,0.0,0.0,0.0,17.0,0.0,0.0,17.0,0.0,0.0,0.0,0.0,0.0,0.0,0.0,0.0,0.0,0.0,25.0,0.0,0.0,25.0,0.0,0.0,0.0,0.0,0.0,0.0,0.0,0.0,0.0,0.0,0.0,0.0,"Jan 19, 2017"
1935,2502006.0,22785.0,Kerbala,Al-Hindiya,Albu Aziz,البو عزيز,32.5383491749,44.2386780348,40.0,240.0,0.0,0.0,0.0,0.0,0.0,0.0,0.0,0.0,0.0,0.0,0.0,0.0,40.0,0.0,0.0,0.0,0.0,0.0,0.0,0.0,0.0,0.0,0.0,0.0,0.0,17.0,23.0,17.0,0.0,23.0,0.0,0.0,0.0,0.0,0.0,0.0,0.0,0.0,0.0,0.0,40.0,0.0,0.0,40.0,0.0,0.0,0.0,0.0,0.0,0.0,0.0,0.0,0.0,0.0,0.0,0.0,"Jan 19, 2017"
1936,2502007.0,23743.0,Kerbala,Al-Hindiya,Albu Kredah,البو كريده ,32.58525,44.22912,10.0,60.0,2.0,0.0,0.0,0.0,0.0,0.0,0.0,0.0,0.0,0.0,0.0,0.0,8.0,0.0,0.0,0.0,0.0,0.0,0.0,2.0,0.0,0.0,0.0,0.0,0.0,0.0,8.0,0.0,0.0,8.0,0.0,0.0,0.0,0.0,0.0,0.0,0.0,0.0,2.0,0.0,8.0,2.0,0.0,8.0,0.0,0.0,0.0,0.0,0.0,0.0,0.0,0.0,0.0,0.0,0.0,0.0,"Jan 19, 2017"
1937,2502008.0,25845.0,Kerbala,Al-Hindiya,Al Riyadh,الرياض,32.5524021969,44.2226683248,33.0,198.0,0.0,0.0,0.0,0.0,0.0,0.0,0.0,0.0,0.0,0.0,0.0,0.0,33.0,0.0,0.0,0.0,0.0,0.0,0.0,0.0,0.0,0.0,0.0,0.0,0.0,4.0,29.0,4.0,0.0,29.0,0.0,0.0,0.0,0.0,0.0,0.0,0.0,0.0,0.0,0.0,33.0,0.0,0.0,33.0,0.0,0.0,0.0,0.0,0.0,0.0,0.0,0.0,0.0,0.0,0.0,0.0,"Jan 19, 2017"
1938,2502010.0,21235.0,Kerbala,Al-Hindiya,Al-Kas Al Jonoby,الكص الجنوبي,32.54612,44.22265,9.0,54.0,0.0,0.0,0.0,0.0,0.0,0.0,0.0,0.0,0.0,0.0,0.0,0.0,9.0,0.0,0.0,0.0,0.0,0.0,0.0,0.0,0.0,0.0,0.0,0.0,0.0,0.0,9.0,0.0,0.0,9.0,0.0,0.0,0.0,0.0,0.0,0.0,0.0,0.0,0.0,0.0,9.0,0.0,0.0,9.0,0.0,0.0,0.0,0.0,0.0,0.0,0.0,0.0,0.0,0.0,0.0,0.0,"Jan 19, 2017"
1939,2502011.0,13807.0,Kerbala,Al-Hindiya,Al-Kas Al-Shimaly,الكص الشمالي,32.54414,44.21767,13.0,78.0,0.0,0.0,0.0,0.0,0.0,0.0,0.0,0.0,0.0,0.0,0.0,0.0,13.0,0.0,0.0,0.0,0.0,0.0,0.0,0.0,0.0,0.0,0.0,0.0,0.0,0.0,11.0,0.0,0.0,11.0,0.0,0.0,0.0,0.0,2.0,0.0,0.0,2.0,0.0,0.0,13.0,0.0,0.0,13.0,0.0,0.0,0.0,0.0,0.0,0.0,0.0,0.0,0.0,0.0,0.0,0.0,"Jan 19, 2017"
1940,2502012.0,14298.0,Kerbala,Al-Hindiya,Al-Sakbaniyah,الصكبانية,32.5508917759,44.2491307479,35.0,210.0,0.0,0.0,10.0,0.0,0.0,0.0,0.0,0.0,0.0,0.0,0.0,0.0,25.0,0.0,0.0,0.0,0.0,0.0,0.0,0.0,0.0,0.0,0.0,0.0,0.0,0.0,35.0,0.0,0.0,35.0,0.0,0.0,0.0,0.0,0.0,0.0,0.0,0.0,0.0,0.0,25.0,0.0,10.0,25.0,0.0,10.0,0.0,0.0,0.0,0.0,0.0,0.0,0.0,0.0,0.0,0.0,"Jan 19, 2017"
1941,2502013.0,24522.0,Kerbala,Al-Hindiya,Al-Tanbi,الطنبي,32.54667,44.22711,29.0,174.0,0.0,0.0,0.0,0.0,0.0,0.0,0.0,0.0,0.0,0.0,0.0,0.0,29.0,0.0,0.0,0.0,0.0,0.0,0.0,6.0,0.0,0.0,0.0,0.0,0.0,0.0,23.0,0.0,0.0,23.0,0.0,0.0,0.0,0.0,0.0,0.0,0.0,0.0,0.0,0.0,29.0,0.0,0.0,29.0,0.0,0.0,0.0,0.0,0.0,0.0,0.0,0.0,0.0,0.0,0.0,0.0,"Jan 19, 2017"
1942,2502014.0,25553.0,Kerbala,Al-Hindiya,Al-Hindiya-Door Al Hajar,الهندية-دور الحجر,32.549979,44.24541,4.0,24.0,0.0,0.0,0.0,0.0,0.0,0.0,0.0,0.0,0.0,0.0,0.0,0.0,4.0,0.0,0.0,0.0,0.0,0.0,0.0,0.0,0.0,0.0,0.0,0.0,0.0,0.0,4.0,0.0,0.0,4.0,0.0,0.0,0.0,0.0,0.0,0.0,0.0,0.0,0.0,0.0,4.0,0.0,0.0,4.0,0.0,0.0,0.0,0.0,0.0,0.0,0.0,0.0,0.0,0.0,0.0,0.0,"Jan 19, 2017"
1943,2502015.0,25486.0,Kerbala,Al-Hindiya,emlbege(hay al salam),املبيج(حي السلام),32.5527284614,44.2074784189,24.0,144.0,0.0,0.0,0.0,0.0,0.0,0.0,0.0,0.0,0.0,0.0,0.0,0.0,24.0,0.0,0.0,0.0,0.0,0.0,0.0,0.0,0.0,0.0,0.0,0.0,0.0,15.0,9.0,15.0,0.0,9.0,0.0,0.0,0.0,0.0,0.0,0.0,0.0,0.0,0.0,0.0,24.0,0.0,0.0,24.0,0.0,0.0,0.0,0.0,0.0,0.0,0.0,0.0,0.0,0.0,0.0,0.0,"Jan 19, 2017"
1944,2502017.0,25489.0,Kerbala,Al-Hindiya,Hay Al Zeraa,حي الزراعة,32.55362,44.20775,38.0,228.0,0.0,0.0,0.0,0.0,0.0,0.0,0.0,0.0,0.0,0.0,0.0,0.0,38.0,0.0,0.0,0.0,0.0,0.0,0.0,0.0,0.0,0.0,0.0,0.0,0.0,38.0,0.0,38.0,0.0,0.0,0.0,0.0,0.0,0.0,0.0,0.0,0.0,0.0,0.0,0.0,38.0,0.0,0.0,38.0,0.0,0.0,0.0,0.0,0.0,0.0,0.0,0.0,0.0,0.0,0.0,0.0,"Jan 19, 2017"
1945,2502018.0,14323.0,Kerbala,Al-Hindiya,Al-Hindiya-Hay Al-Amel,الهندية-حي العامل,32.5417361343,44.2195618082,68.0,408.0,0.0,0.0,0.0,0.0,0.0,0.0,0.0,0.0,0.0,0.0,0.0,0.0,68.0,0.0,0.0,0.0,0.0,0.0,0.0,0.0,0.0,0.0,0.0,0.0,0.0,11.0,57.0,11.0,0.0,57.0,0.0,0.0,0.0,0.0,0.0,0.0,0.0,0.0,0.0,0.0,68.0,0.0,0.0,68.0,0.0,0.0,0.0,0.0,0.0,0.0,0.0,0.0,0.0,0.0,0.0,0.0,"Jan 19, 2017"
1946,2502019.0,25545.0,Kerbala,Al-Hindiya,Shatt Mula,شط مله,32.50026,44.24784,18.0,108.0,0.0,0.0,0.0,0.0,0.0,0.0,0.0,0.0,0.0,0.0,0.0,0.0,18.0,0.0,0.0,0.0,0.0,0.0,0.0,0.0,0.0,0.0,0.0,0.0,0.0,0.0,18.0,0.0,0.0,18.0,0.0,0.0,0.0,0.0,0.0,0.0,0.0,0.0,0.0,0.0,18.0,0.0,0.0,18.0,0.0,0.0,0.0,0.0,0.0,0.0,0.0,0.0,0.0,0.0,0.0,0.0,"Jan 19, 2017"
1947,2502020.0,13802.0,Kerbala,Al-Hindiya,Shaykh hamza,شيخ حمزه,32.5418862162,44.2213841008,40.0,240.0,0.0,0.0,0.0,0.0,0.0,0.0,0.0,0.0,0.0,0.0,0.0,0.0,40.0,0.0,0.0,0.0,0.0,0.0,0.0,0.0,0.0,0.0,0.0,0.0,0.0,8.0,32.0,8.0,0.0,32.0,0.0,0.0,0.0,0.0,0.0,0.0,0.0,0.0,0.0,0.0,0.0,0.0,40.0,0.0,0.0,40.0,0.0,0.0,0.0,0.0,0.0,0.0,0.0,0.0,0.0,0.0,"Jan 19, 2017"
1948,2502023.0,27335.0,Kerbala,Al-Hindiya,Kareat al jubur,قرية الجبور,32.474457293,44.1561389322,122.0,732.0,0.0,0.0,0.0,0.0,0.0,0.0,0.0,0.0,0.0,0.0,0.0,0.0,122.0,0.0,0.0,0.0,0.0,0.0,0.0,0.0,0.0,0.0,0.0,0.0,0.0,122.0,0.0,122.0,0.0,0.0,0.0,0.0,0.0,0.0,0.0,0.0,0.0,0.0,0.0,0.0,122.0,0.0,0.0,122.0,0.0,0.0,0.0,0.0,0.0,0.0,0.0,0.0,0.0,0.0,0.0,0.0,"Jan 19, 2017"
1949,2502024.0,13985.0,Kerbala,Al-Hindiya,Mantakat Al hnedea,منطقة الهندية,32.560357912,44.0676033036,160.0,960.0,0.0,0.0,0.0,0.0,0.0,0.0,0.0,0.0,0.0,0.0,0.0,0.0,160.0,0.0,0.0,0.0,0.0,0.0,0.0,0.0,0.0,6.0,0.0,0.0,6.0,154.0,0.0,154.0,0.0,0.0,0.0,0.0,0.0,0.0,0.0,0.0,0.0,0.0,0.0,0.0,160.0,0.0,0.0,160.0,0.0,0.0,0.0,0.0,0.0,0.0,0.0,0.0,0.0,0.0,0.0,0.0,"Jan 19, 2017"
1950,2502025.0,13947.0,Kerbala,Al-Hindiya,Al beash,البياش,32.50944,44.20272,20.0,120.0,0.0,0.0,0.0,0.0,0.0,0.0,0.0,0.0,0.0,0.0,0.0,0.0,20.0,0.0,0.0,0.0,0.0,0.0,0.0,20.0,0.0,0.0,0.0,0.0,0.0,0.0,0.0,0.0,0.0,0.0,0.0,0.0,0.0,0.0,0.0,0.0,0.0,0.0,0.0,0.0,20.0,0.0,0.0,20.0,0.0,0.0,0.0,0.0,0.0,0.0,0.0,0.0,0.0,0.0,0.0,0.0,"Jan 19, 2017"
1951,2502026.0,27334.0,Kerbala,Al-Hindiya,Al Jazra walwasab,الجزرة والوساب,32.4943,44.19609,17.0,102.0,1.0,0.0,0.0,0.0,0.0,0.0,0.0,0.0,0.0,0.0,0.0,0.0,16.0,0.0,0.0,0.0,0.0,0.0,0.0,0.0,0.0,0.0,0.0,0.0,0.0,0.0,17.0,0.0,0.0,17.0,0.0,0.0,0.0,0.0,0.0,0.0,0.0,0.0,1.0,0.0,16.0,1.0,0.0,16.0,0.0,0.0,0.0,0.0,0.0,0.0,0.0,0.0,0.0,0.0,0.0,0.0,"Jan 19, 2017"
1952,2502027.0,27336.0,Kerbala,Al-Hindiya,Al abodea,العبودية,32.4988482702,44.1299493773,54.0,324.0,0.0,0.0,0.0,0.0,0.0,0.0,0.0,0.0,0.0,0.0,0.0,0.0,54.0,0.0,0.0,0.0,0.0,0.0,0.0,0.0,0.0,0.0,0.0,0.0,0.0,54.0,0.0,54.0,0.0,0.0,0.0,0.0,0.0,0.0,0.0,0.0,0.0,0.0,0.0,0.0,54.0,0.0,0.0,54.0,0.0,0.0,0.0,0.0,0.0,0.0,0.0,0.0,0.0,0.0,0.0,0.0,"Jan 19, 2017"
1953,2503001.0,25265.0,Kerbala,Kerbala,Abo Akab,ابو عكب,32.6067898,44.0516005031,77.0,462.0,1.0,0.0,0.0,0.0,0.0,1.0,0.0,0.0,0.0,0.0,0.0,0.0,75.0,0.0,0.0,0.0,0.0,0.0,0.0,7.0,0.0,0.0,0.0,0.0,0.0,23.0,47.0,23.0,0.0,47.0,0.0,0.0,0.0,0.0,0.0,0.0,0.0,0.0,1.0,0.0,75.0,1.0,1.0,75.0,0.0,1.0,0.0,0.0,0.0,0.0,0.0,0.0,0.0,0.0,0.0,0.0,"Jan 19, 2017"
1954,2502028.0,26004.0,Kerbala,Al-Hindiya,Abo Hussien,ابو حسين(هور حسين),32.4916,44.14545,14.0,84.0,0.0,0.0,0.0,0.0,0.0,0.0,0.0,0.0,0.0,0.0,0.0,0.0,14.0,0.0,0.0,0.0,0.0,0.0,0.0,0.0,0.0,0.0,0.0,0.0,0.0,14.0,0.0,14.0,0.0,0.0,0.0,0.0,0.0,0.0,0.0,0.0,0.0,0.0,0.0,0.0,14.0,0.0,0.0,14.0,0.0,0.0,0.0,0.0,0.0,0.0,0.0,0.0,0.0,0.0,0.0,0.0,"Jan 19, 2017"
1955,2502029.0,26001.0,Kerbala,Al-Hindiya,Abo Hussien Al Sharkea,ابو حسين الشرقية,32.52045,44.12015,40.0,240.0,0.0,0.0,0.0,0.0,0.0,0.0,0.0,0.0,0.0,0.0,0.0,0.0,40.0,0.0,0.0,0.0,0.0,0.0,0.0,0.0,0.0,0.0,0.0,0.0,0.0,40.0,0.0,40.0,0.0,0.0,0.0,0.0,0.0,0.0,0.0,0.0,0.0,0.0,0.0,0.0,40.0,0.0,0.0,40.0,0.0,0.0,0.0,0.0,0.0,0.0,0.0,0.0,0.0,0.0,0.0,0.0,"Jan 19, 2017"
1956,2503004.0,25903.0,Kerbala,Kerbala,Abo Zarnt Al Shamaly,ابو زرنت الشمالية,32.7059143082,44.1675407019,45.0,270.0,0.0,4.0,20.0,0.0,0.0,0.0,0.0,0.0,0.0,0.0,0.0,0.0,21.0,0.0,0.0,0.0,0.0,0.0,0.0,1.0,0.0,0.0,0.0,0.0,0.0,16.0,28.0,16.0,0.0,28.0,0.0,0.0,0.0,0.0,0.0,0.0,0.0,0.0,3.0,0.0,21.0,3.0,21.0,21.0,0.0,21.0,0.0,0.0,0.0,0.0,0.0,0.0,0.0,0.0,0.0,0.0,"Jan 19, 2017"
1957,2503005.0,25354.0,Kerbala,Kerbala,Abu Theen,ابو طحين,32.64130941,44.07733108,9.0,54.0,0.0,0.0,0.0,0.0,0.0,0.0,0.0,0.0,0.0,0.0,0.0,0.0,9.0,0.0,0.0,0.0,0.0,0.0,0.0,0.0,0.0,0.0,0.0,0.0,0.0,9.0,0.0,9.0,0.0,0.0,0.0,0.0,0.0,0.0,0.0,0.0,0.0,0.0,0.0,0.0,9.0,0.0,0.0,9.0,0.0,0.0,0.0,0.0,0.0,0.0,0.0,0.0,0.0,0.0,0.0,0.0,"Jan 19, 2017"
1958,2503006.0,26059.0,Kerbala,Kerbala,Abu Theen 2,ابو طحين2,32.65605105,44.06146091,20.0,120.0,0.0,0.0,0.0,0.0,0.0,0.0,0.0,0.0,0.0,0.0,0.0,0.0,20.0,0.0,0.0,0.0,0.0,0.0,0.0,0.0,0.0,0.0,0.0,0.0,0.0,0.0,20.0,0.0,0.0,20.0,0.0,0.0,0.0,0.0,0.0,0.0,0.0,0.0,0.0,0.0,20.0,0.0,0.0,20.0,0.0,0.0,0.0,0.0,0.0,0.0,0.0,0.0,0.0,0.0,0.0,0.0,"Jan 19, 2017"
1959,2503007.0,24743.0,Kerbala,Kerbala,Ahmad Al Waely St,شارع احمد الوائلي,32.6305765,44.0392547197,68.0,408.0,0.0,0.0,0.0,0.0,0.0,0.0,0.0,0.0,0.0,0.0,0.0,0.0,68.0,0.0,0.0,0.0,0.0,0.0,0.0,0.0,6.0,0.0,0.0,0.0,0.0,19.0,43.0,19.0,0.0,43.0,0.0,0.0,0.0,0.0,0.0,0.0,0.0,0.0,0.0,0.0,68.0,0.0,0.0,68.0,0.0,0.0,0.0,0.0,0.0,0.0,0.0,0.0,0.0,0.0,0.0,0.0,"Jan 19, 2017"
1960,2502030.0,25999.0,Kerbala,Al-Hindiya,Al Abd Awenat,العبد عوينات,32.522177,44.21228,25.0,150.0,0.0,0.0,0.0,0.0,0.0,0.0,0.0,0.0,0.0,0.0,0.0,0.0,25.0,0.0,0.0,0.0,0.0,0.0,0.0,0.0,0.0,0.0,0.0,0.0,0.0,23.0,2.0,23.0,0.0,2.0,0.0,0.0,0.0,0.0,0.0,0.0,0.0,0.0,0.0,0.0,25.0,0.0,0.0,25.0,0.0,0.0,0.0,0.0,0.0,0.0,0.0,0.0,0.0,0.0,0.0,0.0,"Jan 19, 2017"
1961,2503009.0,25955.0,Kerbala,Kerbala,Al Abeater Al Westa,الابيتر الوسطى,32.6411755587,44.1423393449,7.0,42.0,0.0,5.0,0.0,0.0,0.0,0.0,0.0,0.0,0.0,0.0,0.0,0.0,2.0,0.0,0.0,0.0,0.0,0.0,0.0,6.0,0.0,0.0,0.0,0.0,0.0,0.0,1.0,0.0,0.0,1.0,0.0,0.0,0.0,0.0,0.0,0.0,0.0,0.0,0.0,0.0,7.0,0.0,0.0,7.0,0.0,0.0,0.0,0.0,0.0,0.0,0.0,0.0,0.0,0.0,0.0,0.0,"Jan 19, 2017"
1962,2503010.0,25270.0,Kerbala,Kerbala,Al Amam Ali,الامام علي,32.5809681,44.0239422231,25.0,150.0,7.0,0.0,0.0,0.0,0.0,0.0,0.0,0.0,0.0,0.0,0.0,0.0,18.0,0.0,0.0,0.0,0.0,0.0,0.0,0.0,0.0,0.0,0.0,0.0,0.0,0.0,25.0,0.0,0.0,25.0,0.0,0.0,0.0,0.0,0.0,0.0,0.0,0.0,3.0,0.0,18.0,3.0,0.0,18.0,0.0,0.0,4.0,0.0,0.0,4.0,0.0,0.0,0.0,0.0,0.0,0.0,"Jan 19, 2017"
1963,2503011.0,13769.0,Kerbala,Kerbala,Al Amam Aon,الامام عون,32.6871234882,44.1090922988,60.0,360.0,0.0,0.0,0.0,0.0,0.0,0.0,0.0,0.0,0.0,0.0,0.0,0.0,60.0,0.0,0.0,0.0,0.0,0.0,0.0,0.0,0.0,0.0,0.0,0.0,0.0,35.0,25.0,35.0,0.0,25.0,0.0,0.0,0.0,0.0,0.0,0.0,0.0,0.0,0.0,0.0,60.0,0.0,0.0,60.0,0.0,0.0,0.0,0.0,0.0,0.0,0.0,0.0,0.0,0.0,0.0,0.0,"Jan 19, 2017"
1964,2503012.0,25885.0,Kerbala,Kerbala,Al Amen 1,الامين1,32.6413477555,43.9917653916,6.0,36.0,1.0,0.0,0.0,0.0,0.0,0.0,0.0,0.0,0.0,0.0,0.0,0.0,5.0,0.0,0.0,0.0,0.0,0.0,0.0,0.0,0.0,0.0,0.0,0.0,0.0,0.0,6.0,0.0,0.0,6.0,0.0,0.0,0.0,0.0,0.0,0.0,0.0,0.0,1.0,0.0,5.0,1.0,0.0,5.0,0.0,0.0,0.0,0.0,0.0,0.0,0.0,0.0,0.0,0.0,0.0,0.0,"Jan 19, 2017"
1965,2503013.0,26060.0,Kerbala,Kerbala,Al Ameshea 2,العميشية 2,32.6580348785,44.0585271395,25.0,150.0,0.0,0.0,0.0,0.0,0.0,0.0,0.0,0.0,0.0,0.0,0.0,0.0,25.0,0.0,0.0,0.0,0.0,0.0,0.0,0.0,0.0,0.0,0.0,0.0,0.0,0.0,25.0,0.0,0.0,25.0,0.0,0.0,0.0,0.0,0.0,0.0,0.0,0.0,0.0,0.0,25.0,0.0,0.0,25.0,0.0,0.0,0.0,0.0,0.0,0.0,0.0,0.0,0.0,0.0,0.0,0.0,"Jan 19, 2017"
1966,2503014.0,25356.0,Kerbala,Kerbala,Al Ameshea 1,العميشية 1,32.657621,44.061569,6.0,36.0,0.0,0.0,0.0,0.0,0.0,0.0,0.0,0.0,0.0,0.0,0.0,0.0,6.0,0.0,0.0,0.0,0.0,0.0,0.0,0.0,0.0,0.0,0.0,0.0,0.0,1.0,5.0,1.0,0.0,5.0,0.0,0.0,0.0,0.0,0.0,0.0,0.0,0.0,0.0,0.0,6.0,0.0,0.0,6.0,0.0,0.0,0.0,0.0,0.0,0.0,0.0,0.0,0.0,0.0,0.0,0.0,"Jan 19, 2017"
1967,2503015.0,24679.0,Kerbala,Kerbala,Al Amin,الامين,32.6009654,44.0364638906,9.0,54.0,0.0,0.0,0.0,0.0,0.0,0.0,0.0,0.0,0.0,0.0,0.0,0.0,9.0,0.0,0.0,0.0,0.0,0.0,0.0,0.0,0.0,0.0,0.0,0.0,0.0,2.0,7.0,2.0,0.0,7.0,0.0,0.0,0.0,0.0,0.0,0.0,0.0,0.0,0.0,0.0,9.0,0.0,0.0,9.0,0.0,0.0,0.0,0.0,0.0,0.0,0.0,0.0,0.0,0.0,0.0,0.0,"Jan 19, 2017"
1968,2503017.0,25484.0,Kerbala,Kerbala,Al Askary-Al haidery,العسكري-مجمع الحيدري,32.6467644,43.9701619,315.0,1890.0,2.0,0.0,2.0,0.0,0.0,0.0,0.0,0.0,0.0,0.0,0.0,0.0,311.0,0.0,0.0,0.0,0.0,0.0,0.0,6.0,0.0,0.0,0.0,0.0,0.0,0.0,309.0,0.0,0.0,309.0,0.0,0.0,0.0,0.0,0.0,0.0,0.0,0.0,0.0,0.0,313.0,0.0,2.0,313.0,0.0,2.0,0.0,0.0,0.0,0.0,0.0,0.0,0.0,0.0,0.0,0.0,"Jan 19, 2017"
1969,2503018.0,25490.0,Kerbala,Kerbala,Al Askary 1,العسكري 1(الحر),32.6522166,43.979705,15.0,90.0,0.0,0.0,0.0,0.0,0.0,0.0,0.0,0.0,0.0,0.0,0.0,0.0,15.0,0.0,0.0,0.0,0.0,0.0,0.0,0.0,0.0,0.0,0.0,0.0,0.0,0.0,15.0,0.0,0.0,15.0,0.0,0.0,0.0,0.0,0.0,0.0,0.0,0.0,0.0,0.0,15.0,0.0,0.0,15.0,0.0,0.0,0.0,0.0,0.0,0.0,0.0,0.0,0.0,0.0,0.0,0.0,"Jan 19, 2017"
1970,2503019.0,25477.0,Kerbala,Kerbala,Al askary 11,العسكري11(العابد),32.6217682678,43.9792246,12.0,72.0,0.0,0.0,0.0,0.0,0.0,0.0,0.0,0.0,0.0,0.0,0.0,0.0,12.0,0.0,0.0,0.0,0.0,0.0,0.0,0.0,0.0,0.0,0.0,0.0,0.0,2.0,10.0,2.0,0.0,10.0,0.0,0.0,0.0,0.0,0.0,0.0,0.0,0.0,0.0,0.0,12.0,0.0,0.0,12.0,0.0,0.0,0.0,0.0,0.0,0.0,0.0,0.0,0.0,0.0,0.0,0.0,"Jan 19, 2017"
1971,2503020.0,25476.0,Kerbala,Kerbala,Al askary 12,العسكري12(العابد),32.6230507538,43.9779157,16.0,96.0,1.0,0.0,0.0,0.0,0.0,0.0,0.0,0.0,0.0,0.0,0.0,0.0,15.0,0.0,0.0,0.0,0.0,0.0,0.0,0.0,0.0,0.0,0.0,0.0,0.0,0.0,16.0,0.0,0.0,16.0,0.0,0.0,0.0,0.0,0.0,0.0,0.0,0.0,0.0,0.0,15.0,0.0,0.0,15.0,0.0,0.0,1.0,0.0,0.0,1.0,0.0,0.0,0.0,0.0,0.0,0.0,"Jan 19, 2017"
1972,2503021.0,25475.0,Kerbala,Kerbala,Al askary 14,العسكري14(العابد),32.6206309113,43.9788039,13.0,78.0,3.0,0.0,0.0,0.0,0.0,0.0,0.0,0.0,0.0,0.0,0.0,0.0,10.0,0.0,0.0,0.0,0.0,0.0,0.0,2.0,0.0,0.0,0.0,0.0,0.0,0.0,11.0,0.0,0.0,11.0,0.0,0.0,0.0,0.0,0.0,0.0,0.0,0.0,0.0,0.0,13.0,0.0,0.0,13.0,0.0,0.0,0.0,0.0,0.0,0.0,0.0,0.0,0.0,0.0,0.0,0.0,"Jan 19, 2017"
1973,2503022.0,25474.0,Kerbala,Kerbala,Al Askary 17,العسكري17(العابد),32.6141040657,43.9758595,12.0,72.0,2.0,0.0,0.0,0.0,0.0,0.0,0.0,0.0,0.0,0.0,0.0,0.0,7.0,0.0,3.0,0.0,0.0,0.0,0.0,0.0,0.0,0.0,0.0,0.0,0.0,0.0,12.0,0.0,0.0,12.0,0.0,0.0,0.0,0.0,0.0,0.0,0.0,0.0,3.0,0.0,9.0,3.0,0.0,9.0,0.0,0.0,0.0,0.0,0.0,0.0,0.0,0.0,0.0,0.0,0.0,0.0,"Jan 19, 2017"
1974,2503023.0,25478.0,Kerbala,Kerbala,Al askary 19,العسكري 19(العابد),32.62787582,43.96953976,7.0,42.0,1.0,0.0,0.0,0.0,0.0,0.0,0.0,0.0,0.0,0.0,0.0,0.0,6.0,0.0,0.0,0.0,0.0,0.0,0.0,3.0,0.0,0.0,0.0,0.0,0.0,0.0,4.0,0.0,0.0,4.0,0.0,0.0,0.0,0.0,0.0,0.0,0.0,0.0,0.0,0.0,6.0,0.0,0.0,6.0,0.0,0.0,1.0,0.0,0.0,1.0,0.0,0.0,0.0,0.0,0.0,0.0,"Jan 19, 2017"
1975,2503024.0,25491.0,Kerbala,Kerbala,Al Askary 2,العسكري2(الحر),32.6515591,43.9786882,26.0,156.0,5.0,0.0,0.0,0.0,0.0,0.0,0.0,0.0,0.0,0.0,0.0,0.0,21.0,0.0,0.0,0.0,0.0,0.0,0.0,0.0,0.0,0.0,0.0,0.0,0.0,0.0,26.0,0.0,0.0,26.0,0.0,0.0,0.0,0.0,0.0,0.0,0.0,0.0,5.0,0.0,21.0,5.0,0.0,21.0,0.0,0.0,0.0,0.0,0.0,0.0,0.0,0.0,0.0,0.0,0.0,0.0,"Jan 19, 2017"
1976,2503025.0,25492.0,Kerbala,Kerbala,Al Askary 4,العسكري4(الحر),32.6479335,43.9750048,6.0,36.0,0.0,0.0,0.0,0.0,0.0,0.0,0.0,0.0,0.0,0.0,0.0,0.0,6.0,0.0,0.0,0.0,0.0,0.0,0.0,0.0,0.0,0.0,0.0,0.0,0.0,0.0,6.0,0.0,0.0,6.0,0.0,0.0,0.0,0.0,0.0,0.0,0.0,0.0,0.0,0.0,6.0,0.0,0.0,6.0,0.0,0.0,0.0,0.0,0.0,0.0,0.0,0.0,0.0,0.0,0.0,0.0,"Jan 19, 2017"
1977,2503027.0,25360.0,Kerbala,Kerbala,Al Askary-15,العسكري 15,32.6259414,43.696645161,21.0,126.0,4.0,0.0,0.0,0.0,0.0,0.0,0.0,0.0,2.0,0.0,0.0,0.0,15.0,0.0,0.0,0.0,0.0,0.0,0.0,0.0,0.0,0.0,0.0,0.0,0.0,0.0,21.0,0.0,0.0,21.0,0.0,0.0,0.0,0.0,0.0,0.0,0.0,0.0,0.0,0.0,18.0,0.0,3.0,18.0,0.0,3.0,0.0,0.0,0.0,0.0,0.0,0.0,0.0,0.0,0.0,0.0,"Jan 19, 2017"
1978,2502031.0,26003.0,Kerbala,Al-Hindiya,Al Asra,العسرة,32.53852,44.10225,37.0,222.0,0.0,0.0,0.0,0.0,0.0,0.0,0.0,0.0,0.0,0.0,0.0,0.0,37.0,0.0,0.0,0.0,0.0,0.0,0.0,0.0,0.0,0.0,0.0,0.0,0.0,37.0,0.0,37.0,0.0,0.0,0.0,0.0,0.0,0.0,0.0,0.0,0.0,0.0,0.0,0.0,37.0,0.0,0.0,37.0,0.0,0.0,0.0,0.0,0.0,0.0,0.0,0.0,0.0,0.0,0.0,0.0,"Jan 19, 2017"
1979,2503031.0,25355.0,Kerbala,Kerbala,Al Dafteer Dar,الدفتر دار,32.63037341,44.06233418,15.0,90.0,0.0,0.0,0.0,0.0,0.0,0.0,0.0,0.0,0.0,0.0,0.0,0.0,15.0,0.0,0.0,0.0,0.0,0.0,0.0,0.0,0.0,0.0,0.0,0.0,0.0,11.0,4.0,11.0,0.0,4.0,0.0,0.0,0.0,0.0,0.0,0.0,0.0,0.0,0.0,0.0,15.0,0.0,0.0,15.0,0.0,0.0,0.0,0.0,0.0,0.0,0.0,0.0,0.0,0.0,0.0,0.0,"Jan 19, 2017"
1980,2503032.0,25482.0,Kerbala,Kerbala,Al Dalya 2,الدالية 2,32.645865294,44.0238168,16.0,96.0,0.0,0.0,0.0,0.0,0.0,0.0,0.0,0.0,0.0,0.0,0.0,0.0,16.0,0.0,0.0,0.0,0.0,0.0,0.0,7.0,0.0,0.0,0.0,0.0,0.0,0.0,9.0,0.0,0.0,9.0,0.0,0.0,0.0,0.0,0.0,0.0,0.0,0.0,0.0,0.0,16.0,0.0,0.0,16.0,0.0,0.0,0.0,0.0,0.0,0.0,0.0,0.0,0.0,0.0,0.0,0.0,"Jan 19, 2017"
1981,2503033.0,25483.0,Kerbala,Kerbala,Al Dalya1,الدالية 1,32.6304489579,44.0183094,45.0,270.0,0.0,0.0,0.0,0.0,0.0,0.0,0.0,0.0,0.0,0.0,0.0,0.0,45.0,0.0,0.0,0.0,0.0,0.0,0.0,1.0,0.0,0.0,0.0,0.0,0.0,0.0,44.0,0.0,0.0,44.0,0.0,0.0,0.0,0.0,0.0,0.0,0.0,0.0,0.0,0.0,45.0,0.0,0.0,45.0,0.0,0.0,0.0,0.0,0.0,0.0,0.0,0.0,0.0,0.0,0.0,0.0,"Jan 19, 2017"
1982,2502032.0,26013.0,Kerbala,Al-Hindiya,Al Dawajin,الدواجن,32.52534,44.114268,26.0,156.0,0.0,0.0,0.0,0.0,0.0,0.0,0.0,0.0,0.0,0.0,0.0,0.0,26.0,0.0,0.0,0.0,0.0,0.0,0.0,0.0,0.0,0.0,0.0,0.0,0.0,26.0,0.0,26.0,0.0,0.0,0.0,0.0,0.0,0.0,0.0,0.0,0.0,0.0,0.0,0.0,0.0,0.0,26.0,0.0,0.0,26.0,0.0,0.0,0.0,0.0,0.0,0.0,0.0,0.0,0.0,0.0,"Jan 19, 2017"
1983,2502033.0,26008.0,Kerbala,Al-Hindiya,Al Dokanea Al Gharbya,الدخانية الغربية,32.59288,44.12263,30.0,180.0,0.0,0.0,0.0,0.0,0.0,0.0,0.0,0.0,0.0,0.0,0.0,0.0,30.0,0.0,0.0,0.0,0.0,0.0,0.0,0.0,0.0,0.0,0.0,0.0,0.0,0.0,30.0,0.0,0.0,30.0,0.0,0.0,0.0,0.0,0.0,0.0,0.0,0.0,0.0,0.0,30.0,0.0,0.0,30.0,0.0,0.0,0.0,0.0,0.0,0.0,0.0,0.0,0.0,0.0,0.0,0.0,"Jan 19, 2017"
1984,2503036.0,25904.0,Kerbala,Kerbala,Al Eman2,الايمان2(دور البيض),32.58657293,44.01476118,8.0,48.0,0.0,0.0,0.0,0.0,0.0,0.0,0.0,0.0,0.0,0.0,0.0,0.0,8.0,0.0,0.0,0.0,0.0,0.0,0.0,0.0,0.0,0.0,0.0,0.0,0.0,0.0,8.0,0.0,0.0,8.0,0.0,0.0,0.0,0.0,0.0,0.0,0.0,0.0,0.0,0.0,8.0,0.0,0.0,8.0,0.0,0.0,0.0,0.0,0.0,0.0,0.0,0.0,0.0,0.0,0.0,0.0,"Jan 19, 2017"
1985,2503037.0,25887.0,Kerbala,Kerbala,Al Fadha,الفيضة,32.6846100843,44.1113461,80.0,480.0,3.0,9.0,0.0,0.0,0.0,0.0,0.0,0.0,0.0,0.0,0.0,0.0,68.0,0.0,0.0,0.0,0.0,0.0,0.0,3.0,0.0,0.0,0.0,0.0,0.0,68.0,9.0,68.0,0.0,9.0,0.0,0.0,0.0,0.0,0.0,0.0,0.0,0.0,12.0,0.0,68.0,12.0,0.0,68.0,0.0,0.0,0.0,0.0,0.0,0.0,0.0,0.0,0.0,0.0,0.0,0.0,"Jan 19, 2017"
1986,2503038.0,14137.0,Kerbala,Kerbala,Al Farashea,الفراشية,32.637731,44.076967,15.0,90.0,0.0,0.0,0.0,0.0,0.0,0.0,0.0,0.0,0.0,0.0,0.0,0.0,15.0,0.0,0.0,0.0,0.0,0.0,0.0,15.0,0.0,0.0,0.0,0.0,0.0,0.0,0.0,0.0,0.0,0.0,0.0,0.0,0.0,0.0,0.0,0.0,0.0,0.0,0.0,0.0,15.0,0.0,0.0,15.0,0.0,0.0,0.0,0.0,0.0,0.0,0.0,0.0,0.0,0.0,0.0,0.0,"Jan 19, 2017"
1987,2503039.0,25480.0,Kerbala,Kerbala,Al Forat 1,الفرات 1,32.6486187,43.9712316,20.0,120.0,2.0,0.0,0.0,0.0,0.0,0.0,0.0,0.0,3.0,0.0,0.0,0.0,15.0,0.0,0.0,0.0,0.0,0.0,0.0,0.0,0.0,0.0,0.0,0.0,0.0,0.0,20.0,0.0,0.0,20.0,0.0,0.0,0.0,0.0,0.0,0.0,0.0,0.0,5.0,0.0,15.0,5.0,0.0,15.0,0.0,0.0,0.0,0.0,0.0,0.0,0.0,0.0,0.0,0.0,0.0,0.0,"Jan 19, 2017"
1988,2503040.0,25481.0,Kerbala,Kerbala,Al forat 2,الفرات 2,32.6469712,43.9691727,25.0,150.0,1.0,0.0,2.0,0.0,0.0,0.0,0.0,0.0,8.0,0.0,0.0,0.0,14.0,0.0,0.0,0.0,0.0,0.0,0.0,0.0,0.0,0.0,0.0,0.0,0.0,0.0,25.0,0.0,0.0,25.0,0.0,0.0,0.0,0.0,0.0,0.0,0.0,0.0,1.0,0.0,23.0,1.0,0.0,23.0,0.0,0.0,1.0,0.0,0.0,1.0,0.0,0.0,0.0,0.0,0.0,0.0,"Jan 19, 2017"
1989,2503041.0,25264.0,Kerbala,Kerbala,Al Fadaein,الفدين,32.6058356,44.0640015,118.0,708.0,0.0,0.0,0.0,0.0,0.0,0.0,0.0,0.0,0.0,0.0,0.0,0.0,118.0,0.0,0.0,0.0,0.0,0.0,0.0,25.0,0.0,0.0,0.0,0.0,0.0,20.0,73.0,20.0,0.0,73.0,0.0,0.0,0.0,0.0,0.0,0.0,0.0,0.0,0.0,0.0,118.0,0.0,0.0,118.0,0.0,0.0,0.0,0.0,0.0,0.0,0.0,0.0,0.0,0.0,0.0,0.0,"Jan 19, 2017"
1990,2503042.0,25956.0,Kerbala,Kerbala,Al Furat(Elegal),الفرات(تجاوز),32.58281751,44.01112066,11.0,66.0,0.0,0.0,0.0,0.0,0.0,4.0,0.0,0.0,0.0,0.0,0.0,0.0,7.0,0.0,0.0,0.0,0.0,0.0,0.0,0.0,0.0,0.0,0.0,0.0,0.0,0.0,11.0,0.0,0.0,11.0,0.0,0.0,0.0,0.0,0.0,0.0,0.0,0.0,0.0,0.0,11.0,0.0,0.0,11.0,0.0,0.0,0.0,0.0,0.0,0.0,0.0,0.0,0.0,0.0,0.0,0.0,"Jan 19, 2017"
1991,2503043.0,25902.0,Kerbala,Kerbala,Al Ghaltawiyah Al Gharbiyah,الغلطاوية الغربية,32.63765758,44.06134034,8.0,48.0,0.0,0.0,0.0,0.0,0.0,0.0,0.0,0.0,0.0,0.0,0.0,0.0,8.0,0.0,0.0,0.0,0.0,0.0,0.0,0.0,0.0,0.0,0.0,0.0,0.0,0.0,8.0,0.0,0.0,8.0,0.0,0.0,0.0,0.0,0.0,0.0,0.0,0.0,0.0,0.0,8.0,0.0,0.0,8.0,0.0,0.0,0.0,0.0,0.0,0.0,0.0,0.0,0.0,0.0,0.0,0.0,"Jan 19, 2017"
1992,2502034.0,26012.0,Kerbala,Al-Hindiya,Al Hakem,الحكيم,32.46531,44.15959,14.0,84.0,0.0,0.0,0.0,0.0,0.0,0.0,0.0,0.0,0.0,0.0,0.0,0.0,14.0,0.0,0.0,0.0,0.0,0.0,0.0,0.0,0.0,2.0,0.0,0.0,2.0,12.0,0.0,12.0,0.0,0.0,0.0,0.0,0.0,0.0,0.0,0.0,0.0,0.0,0.0,0.0,14.0,0.0,0.0,14.0,0.0,0.0,0.0,0.0,0.0,0.0,0.0,0.0,0.0,0.0,0.0,0.0,"Jan 19, 2017"
1993,2503045.0,23265.0,Kerbala,Kerbala,Al Hawra,حي الحوراء ,32.6492675503,44.0497929,88.0,528.0,0.0,0.0,0.0,0.0,0.0,0.0,0.0,0.0,0.0,0.0,0.0,0.0,88.0,0.0,0.0,0.0,0.0,0.0,0.0,0.0,0.0,0.0,0.0,0.0,0.0,25.0,63.0,25.0,0.0,63.0,0.0,0.0,0.0,0.0,0.0,0.0,0.0,0.0,0.0,0.0,88.0,0.0,0.0,88.0,0.0,0.0,0.0,0.0,0.0,0.0,0.0,0.0,0.0,0.0,0.0,0.0,"Jan 19, 2017"
1994,2503048.0,24630.0,Kerbala,Kerbala,Sumer 1,حي سومر1,32.6462041,43.9881351,22.0,132.0,3.0,0.0,5.0,0.0,0.0,0.0,0.0,0.0,0.0,0.0,0.0,0.0,14.0,0.0,0.0,0.0,0.0,0.0,0.0,0.0,0.0,0.0,0.0,0.0,0.0,0.0,22.0,0.0,0.0,22.0,0.0,0.0,0.0,0.0,0.0,0.0,0.0,0.0,6.0,0.0,14.0,6.0,0.0,14.0,0.0,0.0,2.0,0.0,0.0,2.0,0.0,0.0,0.0,0.0,0.0,0.0,"Jan 19, 2017"
1995,2503049.0,25550.0,Kerbala,Kerbala,Al Amam Al Montadar,الامام المنتظر,32.6349564,43.9848728,15.0,90.0,0.0,0.0,0.0,0.0,0.0,0.0,0.0,0.0,0.0,0.0,0.0,0.0,15.0,0.0,0.0,0.0,0.0,0.0,0.0,0.0,0.0,0.0,0.0,0.0,0.0,0.0,15.0,0.0,0.0,15.0,0.0,0.0,0.0,0.0,0.0,0.0,0.0,0.0,0.0,0.0,15.0,0.0,0.0,15.0,0.0,0.0,0.0,0.0,0.0,0.0,0.0,0.0,0.0,0.0,0.0,0.0,"Jan 19, 2017"
1996,2503051.0,25546.0,Kerbala,Kerbala,Al Walaa1,الولاء1,32.6127513,43.98150095,12.0,72.0,1.0,0.0,0.0,0.0,0.0,0.0,0.0,0.0,0.0,0.0,0.0,0.0,11.0,0.0,0.0,0.0,0.0,0.0,0.0,0.0,0.0,0.0,0.0,0.0,0.0,0.0,12.0,0.0,0.0,12.0,0.0,0.0,0.0,0.0,0.0,0.0,0.0,0.0,0.0,0.0,11.0,0.0,0.0,11.0,0.0,0.0,1.0,0.0,0.0,1.0,0.0,0.0,0.0,0.0,0.0,0.0,"Jan 19, 2017"
1997,2503052.0,25555.0,Kerbala,Kerbala,Hay Al Rafdean 2,الرافدين 2,32.6078771311,43.9650182,21.0,126.0,3.0,0.0,0.0,0.0,0.0,0.0,0.0,0.0,8.0,0.0,0.0,0.0,8.0,0.0,2.0,0.0,0.0,0.0,0.0,0.0,0.0,0.0,0.0,0.0,0.0,0.0,21.0,0.0,0.0,21.0,0.0,0.0,0.0,0.0,0.0,0.0,0.0,0.0,3.0,0.0,16.0,3.0,2.0,16.0,0.0,2.0,0.0,0.0,0.0,0.0,0.0,0.0,0.0,0.0,0.0,0.0,"Jan 19, 2017"
1998,2503053.0,25552.0,Kerbala,Kerbala,Hay Al-Jawad,حي الجواد,32.62205785,43.98634678,4.0,24.0,0.0,0.0,0.0,0.0,0.0,0.0,0.0,0.0,0.0,0.0,0.0,0.0,3.0,0.0,1.0,0.0,0.0,0.0,0.0,0.0,0.0,0.0,0.0,0.0,0.0,0.0,4.0,0.0,0.0,4.0,0.0,0.0,0.0,0.0,0.0,0.0,0.0,0.0,1.0,0.0,3.0,1.0,0.0,3.0,0.0,0.0,0.0,0.0,0.0,0.0,0.0,0.0,0.0,0.0,0.0,0.0,"Jan 19, 2017"
1999,2503054.0,14288.0,Kerbala,Kerbala,Hay Al-Momnean,حي المؤمنين,32.64838981,43.97942291,11.0,66.0,5.0,0.0,0.0,0.0,0.0,0.0,0.0,0.0,0.0,0.0,0.0,0.0,6.0,0.0,0.0,0.0,0.0,0.0,0.0,0.0,0.0,0.0,0.0,0.0,0.0,0.0,11.0,0.0,0.0,11.0,0.0,0.0,0.0,0.0,0.0,0.0,0.0,0.0,0.0,0.0,6.0,0.0,5.0,6.0,0.0,5.0,0.0,0.0,0.0,0.0,0.0,0.0,0.0,0.0,0.0,0.0,"Jan 19, 2017"
2000,2503055.0,25548.0,Kerbala,Kerbala,Mulhak Hay Al Mualmen,ملحق حي المعلمين,32.6409417,43.976397,11.0,66.0,0.0,0.0,1.0,0.0,0.0,0.0,0.0,0.0,0.0,0.0,0.0,0.0,3.0,0.0,7.0,0.0,0.0,0.0,0.0,0.0,0.0,0.0,0.0,0.0,0.0,0.0,11.0,0.0,0.0,11.0,0.0,0.0,0.0,0.0,0.0,0.0,0.0,0.0,0.0,0.0,11.0,0.0,0.0,11.0,0.0,0.0,0.0,0.0,0.0,0.0,0.0,0.0,0.0,0.0,0.0,0.0,"Jan 19, 2017"
2001,2503057.0,24716.0,Kerbala,Kerbala,Al Iman,الايمان,32.58915,44.01479,15.0,90.0,0.0,0.0,0.0,0.0,0.0,0.0,0.0,0.0,0.0,0.0,0.0,0.0,15.0,0.0,0.0,0.0,0.0,0.0,0.0,0.0,0.0,0.0,0.0,0.0,0.0,7.0,8.0,7.0,0.0,8.0,0.0,0.0,0.0,0.0,0.0,0.0,0.0,0.0,0.0,0.0,15.0,0.0,0.0,15.0,0.0,0.0,0.0,0.0,0.0,0.0,0.0,0.0,0.0,0.0,0.0,0.0,"Jan 19, 2017"
2002,2503058.0,22533.0,Kerbala,Kerbala,Al Intefadha Al Shabaniya,الانتفاضه الشعبانية,32.5919543422,44.0127889647,20.0,120.0,0.0,0.0,0.0,0.0,0.0,2.0,0.0,0.0,0.0,0.0,0.0,0.0,16.0,0.0,2.0,0.0,0.0,0.0,0.0,0.0,0.0,0.0,0.0,0.0,0.0,3.0,17.0,3.0,0.0,17.0,0.0,0.0,0.0,0.0,0.0,0.0,0.0,0.0,0.0,0.0,20.0,0.0,0.0,20.0,0.0,0.0,0.0,0.0,0.0,0.0,0.0,0.0,0.0,0.0,0.0,0.0,"Jan 19, 2017"
2003,2503062.0,25487.0,Kerbala,Kerbala,Al Jarya,الجرية,32.6482378553,44.1076618293,19.0,114.0,3.0,1.0,1.0,0.0,0.0,1.0,0.0,0.0,0.0,0.0,0.0,0.0,13.0,0.0,0.0,0.0,0.0,0.0,0.0,0.0,0.0,0.0,0.0,0.0,0.0,0.0,19.0,0.0,0.0,19.0,0.0,0.0,0.0,0.0,0.0,0.0,0.0,0.0,0.0,0.0,19.0,0.0,0.0,19.0,0.0,0.0,0.0,0.0,0.0,0.0,0.0,0.0,0.0,0.0,0.0,0.0,"Jan 19, 2017"
2004,2502036.0,25995.0,Kerbala,Al-Hindiya,Al Jedar Al Gharbi,الجدار الغربي,32.5102609923,44.1397468699,125.0,750.0,0.0,0.0,0.0,0.0,0.0,0.0,0.0,0.0,0.0,0.0,0.0,0.0,125.0,0.0,0.0,0.0,0.0,0.0,0.0,0.0,0.0,0.0,0.0,0.0,0.0,119.0,0.0,119.0,0.0,0.0,0.0,0.0,0.0,0.0,6.0,0.0,0.0,6.0,0.0,0.0,125.0,0.0,0.0,125.0,0.0,0.0,0.0,0.0,0.0,0.0,0.0,0.0,0.0,0.0,0.0,0.0,"Jan 19, 2017"
2005,2503064.0,24197.0,Kerbala,Kerbala,Al Kaim,القائم,32.5978574374,44.0000131961,25.0,150.0,0.0,0.0,0.0,0.0,0.0,0.0,0.0,0.0,19.0,0.0,0.0,0.0,6.0,0.0,0.0,0.0,0.0,0.0,0.0,0.0,0.0,0.0,0.0,0.0,0.0,0.0,25.0,0.0,0.0,25.0,0.0,0.0,0.0,0.0,0.0,0.0,0.0,0.0,0.0,0.0,25.0,0.0,0.0,25.0,0.0,0.0,0.0,0.0,0.0,0.0,0.0,0.0,0.0,0.0,0.0,0.0,"Jan 19, 2017"
2006,2502037.0,25058.0,Kerbala,Al-Hindiya,Al Kreat,الكريط,32.42948,44.18368,235.0,1410.0,0.0,0.0,0.0,0.0,0.0,0.0,0.0,0.0,0.0,0.0,0.0,0.0,235.0,0.0,0.0,0.0,0.0,0.0,0.0,0.0,0.0,0.0,0.0,0.0,0.0,235.0,0.0,235.0,0.0,0.0,0.0,0.0,0.0,0.0,0.0,0.0,0.0,0.0,0.0,0.0,235.0,0.0,0.0,235.0,0.0,0.0,0.0,0.0,0.0,0.0,0.0,0.0,0.0,0.0,0.0,0.0,"Jan 19, 2017"
2007,2503067.0,25493.0,Kerbala,Kerbala,Al Makalaa,المقالع,32.6492763,43.9838384,26.0,156.0,2.0,0.0,0.0,0.0,0.0,0.0,0.0,0.0,0.0,0.0,0.0,0.0,24.0,0.0,0.0,0.0,0.0,0.0,0.0,0.0,0.0,0.0,0.0,0.0,0.0,7.0,19.0,7.0,0.0,19.0,0.0,0.0,0.0,0.0,0.0,0.0,0.0,0.0,0.0,0.0,26.0,0.0,0.0,26.0,0.0,0.0,0.0,0.0,0.0,0.0,0.0,0.0,0.0,0.0,0.0,0.0,"Jan 19, 2017"
2008,2503068.0,22091.0,Kerbala,Kerbala,Al Makrama,المكرمه,32.56181,44.03747,1.0,6.0,0.0,0.0,0.0,0.0,0.0,0.0,0.0,0.0,0.0,0.0,0.0,0.0,1.0,0.0,0.0,0.0,0.0,0.0,0.0,0.0,0.0,0.0,0.0,0.0,0.0,0.0,1.0,0.0,0.0,1.0,0.0,0.0,0.0,0.0,0.0,0.0,0.0,0.0,0.0,0.0,1.0,0.0,0.0,1.0,0.0,0.0,0.0,0.0,0.0,0.0,0.0,0.0,0.0,0.0,0.0,0.0,"Jan 19, 2017"
2009,2502038.0,26011.0,Kerbala,Al-Hindiya,Al Matar,المطار,32.3532444708,44.2361991273,25.0,150.0,0.0,0.0,0.0,0.0,0.0,0.0,0.0,0.0,0.0,0.0,0.0,0.0,25.0,0.0,0.0,0.0,0.0,0.0,0.0,0.0,0.0,0.0,0.0,0.0,0.0,25.0,0.0,25.0,0.0,0.0,0.0,0.0,0.0,0.0,0.0,0.0,0.0,0.0,0.0,0.0,0.0,0.0,25.0,0.0,0.0,25.0,0.0,0.0,0.0,0.0,0.0,0.0,0.0,0.0,0.0,0.0,"Jan 19, 2017"
2010,2503070.0,25884.0,Kerbala,Kerbala,Al Motlak Al Gharby,المطلق الغربي,32.6289172006,44.0528323865,22.0,132.0,0.0,0.0,0.0,0.0,0.0,0.0,0.0,0.0,0.0,0.0,0.0,0.0,22.0,0.0,0.0,0.0,0.0,0.0,0.0,0.0,0.0,0.0,0.0,0.0,0.0,1.0,21.0,1.0,0.0,21.0,0.0,0.0,0.0,0.0,0.0,0.0,0.0,0.0,0.0,0.0,22.0,0.0,0.0,22.0,0.0,0.0,0.0,0.0,0.0,0.0,0.0,0.0,0.0,0.0,0.0,0.0,"Jan 19, 2017"
2011,2503071.0,25357.0,Kerbala,Kerbala,Al Motlak Al Sharky,المطلق الشرقي,32.6277077264,44.0597838629,15.0,90.0,0.0,0.0,0.0,0.0,0.0,0.0,0.0,0.0,0.0,0.0,0.0,0.0,15.0,0.0,0.0,0.0,0.0,0.0,0.0,0.0,0.0,0.0,0.0,0.0,0.0,5.0,10.0,5.0,0.0,10.0,0.0,0.0,0.0,0.0,0.0,0.0,0.0,0.0,0.0,0.0,15.0,0.0,0.0,15.0,0.0,0.0,0.0,0.0,0.0,0.0,0.0,0.0,0.0,0.0,0.0,0.0,"Jan 19, 2017"
2012,2503072.0,25886.0,Kerbala,Kerbala,Al Mustjadat,المستجدات,32.6234065104,44.0492402486,25.0,150.0,0.0,0.0,0.0,0.0,0.0,0.0,0.0,0.0,0.0,0.0,0.0,0.0,25.0,0.0,0.0,0.0,0.0,0.0,0.0,3.0,0.0,0.0,0.0,0.0,0.0,15.0,7.0,15.0,0.0,7.0,0.0,0.0,0.0,0.0,0.0,0.0,0.0,0.0,0.0,0.0,25.0,0.0,0.0,25.0,0.0,0.0,0.0,0.0,0.0,0.0,0.0,0.0,0.0,0.0,0.0,0.0,"Jan 19, 2017"
2013,2503073.0,25273.0,Kerbala,Kerbala,Al Qadissiya 1,القادسية 1,32.6408618,43.9844632,35.0,210.0,2.0,0.0,0.0,0.0,0.0,0.0,0.0,0.0,0.0,0.0,0.0,0.0,33.0,0.0,0.0,0.0,0.0,0.0,0.0,0.0,0.0,0.0,0.0,0.0,0.0,0.0,35.0,0.0,0.0,35.0,0.0,0.0,0.0,0.0,0.0,0.0,0.0,0.0,2.0,0.0,33.0,2.0,0.0,33.0,0.0,0.0,0.0,0.0,0.0,0.0,0.0,0.0,0.0,0.0,0.0,0.0,"Jan 19, 2017"
2014,2503074.0,22532.0,Kerbala,Kerbala,Al Qadissiya 2,القادسية 2,32.6421869,43.9830919,16.0,96.0,0.0,0.0,0.0,0.0,0.0,0.0,0.0,0.0,0.0,0.0,0.0,0.0,16.0,0.0,0.0,0.0,0.0,0.0,0.0,0.0,0.0,0.0,0.0,0.0,0.0,0.0,16.0,0.0,0.0,16.0,0.0,0.0,0.0,0.0,0.0,0.0,0.0,0.0,0.0,0.0,16.0,0.0,0.0,16.0,0.0,0.0,0.0,0.0,0.0,0.0,0.0,0.0,0.0,0.0,0.0,0.0,"Jan 19, 2017"
2015,2503075.0,24681.0,Kerbala,Kerbala,Al Qazwiniyah,القزوينيه,32.61447,44.02629,25.0,150.0,0.0,0.0,0.0,0.0,0.0,0.0,0.0,0.0,0.0,0.0,0.0,0.0,25.0,0.0,0.0,0.0,0.0,0.0,0.0,1.0,0.0,0.0,0.0,0.0,0.0,0.0,24.0,0.0,0.0,24.0,0.0,0.0,0.0,0.0,0.0,0.0,0.0,0.0,0.0,0.0,25.0,0.0,0.0,25.0,0.0,0.0,0.0,0.0,0.0,0.0,0.0,0.0,0.0,0.0,0.0,0.0,"Jan 19, 2017"
2016,2503076.0,22786.0,Kerbala,Kerbala,Al Rawdhatain,الروضتين ,32.6201625,44.0183933514,90.0,540.0,0.0,0.0,0.0,0.0,0.0,0.0,0.0,0.0,0.0,0.0,0.0,0.0,90.0,0.0,0.0,0.0,0.0,0.0,0.0,0.0,0.0,25.0,0.0,0.0,25.0,15.0,50.0,15.0,0.0,50.0,0.0,0.0,0.0,0.0,0.0,0.0,0.0,0.0,0.0,0.0,90.0,0.0,0.0,90.0,0.0,0.0,0.0,0.0,0.0,0.0,0.0,0.0,0.0,0.0,0.0,0.0,"Jan 19, 2017"
2017,2503077.0,25848.0,Kerbala,Kerbala,Al Sahrawy Al Mazarea,الصحراوية المزارع,32.5450305,44.0912482,95.0,570.0,0.0,0.0,0.0,0.0,0.0,0.0,0.0,0.0,0.0,0.0,0.0,0.0,95.0,0.0,0.0,0.0,0.0,0.0,0.0,0.0,0.0,0.0,0.0,0.0,0.0,80.0,15.0,80.0,0.0,15.0,0.0,0.0,0.0,0.0,0.0,0.0,0.0,0.0,0.0,0.0,95.0,0.0,0.0,95.0,0.0,0.0,0.0,0.0,0.0,0.0,0.0,0.0,0.0,0.0,0.0,0.0,"Jan 19, 2017"
2018,2503078.0,25358.0,Kerbala,Kerbala,Al Salam-1,السلام1,32.5876564,44.0007174584,20.0,120.0,0.0,0.0,0.0,0.0,0.0,0.0,0.0,0.0,0.0,0.0,0.0,0.0,20.0,0.0,0.0,0.0,0.0,0.0,0.0,0.0,0.0,0.0,0.0,0.0,0.0,0.0,20.0,0.0,0.0,20.0,0.0,0.0,0.0,0.0,0.0,0.0,0.0,0.0,0.0,0.0,20.0,0.0,0.0,20.0,0.0,0.0,0.0,0.0,0.0,0.0,0.0,0.0,0.0,0.0,0.0,0.0,"Jan 19, 2017"
2019,2503079.0,25359.0,Kerbala,Kerbala,Al Salam-2,السلام 2,32.5859744,43.9894069076,16.0,96.0,1.0,0.0,0.0,0.0,0.0,0.0,0.0,0.0,0.0,0.0,0.0,0.0,13.0,0.0,2.0,0.0,0.0,0.0,0.0,0.0,0.0,0.0,0.0,0.0,0.0,8.0,8.0,8.0,0.0,8.0,0.0,0.0,0.0,0.0,0.0,0.0,0.0,0.0,0.0,0.0,16.0,0.0,0.0,16.0,0.0,0.0,0.0,0.0,0.0,0.0,0.0,0.0,0.0,0.0,0.0,0.0,"Jan 19, 2017"
2020,2503080.0,25065.0,Kerbala,Kerbala,Al Salamea,الصلامية,32.66699625,44.16943654,13.0,78.0,1.0,0.0,0.0,0.0,0.0,0.0,0.0,0.0,0.0,0.0,0.0,0.0,12.0,0.0,0.0,0.0,0.0,0.0,0.0,5.0,0.0,0.0,0.0,0.0,0.0,7.0,1.0,7.0,0.0,1.0,0.0,0.0,0.0,0.0,0.0,0.0,0.0,0.0,1.0,0.0,12.0,1.0,0.0,12.0,0.0,0.0,0.0,0.0,0.0,0.0,0.0,0.0,0.0,0.0,0.0,0.0,"Jan 19, 2017"
2021,2503082.0,25361.0,Kerbala,Kerbala,Al Shrawea Al Wady,الصحراوية الوادي,32.5495776,44.091208435,30.0,180.0,0.0,0.0,0.0,0.0,0.0,0.0,0.0,0.0,0.0,0.0,0.0,0.0,30.0,0.0,0.0,0.0,0.0,0.0,0.0,0.0,0.0,0.0,0.0,0.0,0.0,26.0,4.0,26.0,0.0,4.0,0.0,0.0,0.0,0.0,0.0,0.0,0.0,0.0,0.0,0.0,30.0,0.0,0.0,30.0,0.0,0.0,0.0,0.0,0.0,0.0,0.0,0.0,0.0,0.0,0.0,0.0,"Jan 19, 2017"
2022,2503084.0,25551.0,Kerbala,Kerbala,Al Somod-Al Uwlaa,الصمود الاولى,32.5893078,44.0060855,9.0,54.0,2.0,0.0,0.0,0.0,0.0,0.0,0.0,0.0,0.0,0.0,0.0,0.0,7.0,0.0,0.0,0.0,0.0,0.0,0.0,0.0,0.0,0.0,0.0,0.0,0.0,0.0,9.0,0.0,0.0,9.0,0.0,0.0,0.0,0.0,0.0,0.0,0.0,0.0,0.0,0.0,7.0,0.0,2.0,7.0,0.0,2.0,0.0,0.0,0.0,0.0,0.0,0.0,0.0,0.0,0.0,0.0,"Jan 19, 2017"
2023,2503086.0,25941.0,Kerbala,Kerbala,Al Wand Al Hmodea 1,الوند الحمودية1,32.71834274,44.20907565,40.0,240.0,0.0,1.0,0.0,0.0,0.0,0.0,0.0,0.0,0.0,0.0,0.0,0.0,39.0,0.0,0.0,0.0,0.0,0.0,0.0,0.0,0.0,0.0,0.0,0.0,0.0,39.0,1.0,39.0,0.0,1.0,0.0,0.0,0.0,0.0,0.0,0.0,0.0,0.0,1.0,0.0,39.0,1.0,0.0,39.0,0.0,0.0,0.0,0.0,0.0,0.0,0.0,0.0,0.0,0.0,0.0,0.0,"Jan 19, 2017"
2024,2503087.0,25942.0,Kerbala,Kerbala,Al Wand Al Hmodea 2,الوند الحمودية2,32.71953247,44.21438903,11.0,66.0,0.0,0.0,0.0,0.0,0.0,0.0,0.0,0.0,0.0,0.0,0.0,0.0,11.0,0.0,0.0,0.0,0.0,0.0,0.0,0.0,0.0,0.0,0.0,0.0,0.0,11.0,0.0,11.0,0.0,0.0,0.0,0.0,0.0,0.0,0.0,0.0,0.0,0.0,0.0,0.0,11.0,0.0,0.0,11.0,0.0,0.0,0.0,0.0,0.0,0.0,0.0,0.0,0.0,0.0,0.0,0.0,"Jan 19, 2017"
2025,2503088.0,25940.0,Kerbala,Kerbala,Al Wand Al Hmodea Al Sharqea,الوند الحمودية الشرقية,32.72405427,44.22848361,35.0,210.0,0.0,0.0,0.0,0.0,0.0,0.0,0.0,0.0,0.0,0.0,0.0,0.0,35.0,0.0,0.0,0.0,0.0,0.0,0.0,0.0,0.0,0.0,0.0,0.0,0.0,35.0,0.0,35.0,0.0,0.0,0.0,0.0,0.0,0.0,0.0,0.0,0.0,0.0,0.0,0.0,35.0,0.0,0.0,35.0,0.0,0.0,0.0,0.0,0.0,0.0,0.0,0.0,0.0,0.0,0.0,0.0,"Jan 19, 2017"
2026,2503089.0,25938.0,Kerbala,Kerbala,Al Wand Al Mustajad,الوند المستجد,32.7230437274,44.1949910085,27.0,162.0,0.0,4.0,0.0,0.0,0.0,0.0,0.0,0.0,0.0,0.0,0.0,0.0,23.0,0.0,0.0,0.0,0.0,0.0,0.0,0.0,0.0,0.0,0.0,0.0,0.0,27.0,0.0,27.0,0.0,0.0,0.0,0.0,0.0,0.0,0.0,0.0,0.0,0.0,0.0,0.0,27.0,0.0,0.0,27.0,0.0,0.0,0.0,0.0,0.0,0.0,0.0,0.0,0.0,0.0,0.0,0.0,"Jan 19, 2017"
2027,2503090.0,25939.0,Kerbala,Kerbala,Al Wand Al Zehafat,الوند الزحيفات,32.71405678,44.19485492,4.0,24.0,0.0,2.0,0.0,0.0,0.0,0.0,0.0,0.0,0.0,0.0,0.0,0.0,2.0,0.0,0.0,0.0,0.0,0.0,0.0,0.0,0.0,0.0,0.0,0.0,0.0,4.0,0.0,4.0,0.0,0.0,0.0,0.0,0.0,0.0,0.0,0.0,0.0,0.0,2.0,0.0,2.0,2.0,0.0,2.0,0.0,0.0,0.0,0.0,0.0,0.0,0.0,0.0,0.0,0.0,0.0,0.0,"Jan 19, 2017"
2028,2503091.0,25362.0,Kerbala,Kerbala,Al Yarmook 4,اليرموك 4,32.62592426,43.9807967,11.0,66.0,2.0,0.0,0.0,0.0,0.0,0.0,0.0,0.0,0.0,0.0,0.0,0.0,8.0,0.0,1.0,0.0,0.0,0.0,0.0,0.0,0.0,0.0,0.0,0.0,0.0,0.0,11.0,0.0,0.0,11.0,0.0,0.0,0.0,0.0,0.0,0.0,0.0,0.0,2.0,0.0,8.0,2.0,1.0,8.0,0.0,1.0,0.0,0.0,0.0,0.0,0.0,0.0,0.0,0.0,0.0,0.0,"Jan 19, 2017"
2029,2503092.0,23707.0,Kerbala,Kerbala,Al Zareen city,مدينه الزائرين الزهراء,32.67477,44.07323,78.0,468.0,0.0,0.0,0.0,0.0,0.0,0.0,0.0,0.0,0.0,0.0,0.0,0.0,78.0,0.0,0.0,0.0,0.0,0.0,0.0,0.0,0.0,0.0,0.0,0.0,0.0,78.0,0.0,78.0,0.0,0.0,0.0,0.0,0.0,0.0,0.0,0.0,0.0,0.0,0.0,0.0,78.0,0.0,0.0,78.0,0.0,0.0,0.0,0.0,0.0,0.0,0.0,0.0,0.0,0.0,0.0,0.0,"Jan 19, 2017"
2030,2503093.0,25262.0,Kerbala,Kerbala,Al Zohor,الزهور,32.59325,44.05294,9.0,54.0,3.0,0.0,0.0,0.0,0.0,0.0,0.0,0.0,0.0,0.0,0.0,0.0,6.0,0.0,0.0,0.0,0.0,0.0,0.0,0.0,0.0,0.0,0.0,0.0,0.0,0.0,9.0,0.0,0.0,9.0,0.0,0.0,0.0,0.0,0.0,0.0,0.0,0.0,1.0,0.0,4.0,1.0,0.0,4.0,0.0,0.0,4.0,0.0,0.0,4.0,0.0,0.0,0.0,0.0,0.0,0.0,"Jan 19, 2017"
2031,2503094.0,14309.0,Kerbala,Kerbala,AL_Saadiya,السعدية ,32.61662,44.02808,12.0,72.0,0.0,0.0,0.0,0.0,0.0,0.0,0.0,0.0,0.0,0.0,0.0,0.0,12.0,0.0,0.0,0.0,0.0,0.0,0.0,0.0,0.0,0.0,0.0,0.0,0.0,1.0,11.0,1.0,0.0,11.0,0.0,0.0,0.0,0.0,0.0,0.0,0.0,0.0,0.0,0.0,12.0,0.0,0.0,12.0,0.0,0.0,0.0,0.0,0.0,0.0,0.0,0.0,0.0,0.0,0.0,0.0,"Jan 19, 2017"
2032,2503095.0,14085.0,Kerbala,Kerbala,Al-Abasiah Al-Sharkeiah,العباسيه الشرقيه,32.608633,44.033036,34.0,204.0,0.0,0.0,0.0,0.0,0.0,0.0,0.0,0.0,0.0,0.0,0.0,0.0,34.0,0.0,0.0,0.0,0.0,0.0,0.0,0.0,0.0,0.0,0.0,0.0,0.0,0.0,34.0,0.0,0.0,34.0,0.0,0.0,0.0,0.0,0.0,0.0,0.0,0.0,0.0,0.0,0.0,0.0,34.0,0.0,0.0,34.0,0.0,0.0,0.0,0.0,0.0,0.0,0.0,0.0,0.0,0.0,"Jan 19, 2017"
2033,2503096.0,14167.0,Kerbala,Kerbala,Al-Abrahmeiah (Al hafed),الابراهيمية (الحافظ),32.6601784305,44.1402887232,4.0,24.0,0.0,0.0,0.0,0.0,0.0,0.0,0.0,0.0,0.0,0.0,0.0,0.0,4.0,0.0,0.0,0.0,0.0,0.0,0.0,4.0,0.0,0.0,0.0,0.0,0.0,0.0,0.0,0.0,0.0,0.0,0.0,0.0,0.0,0.0,0.0,0.0,0.0,0.0,0.0,0.0,4.0,0.0,0.0,4.0,0.0,0.0,0.0,0.0,0.0,0.0,0.0,0.0,0.0,0.0,0.0,0.0,"Jan 19, 2017"
2034,2503097.0,14302.0,Kerbala,Kerbala,Al-Askari 13,العسكري13(العابد),32.6229669167,43.9753799,12.0,72.0,4.0,0.0,0.0,0.0,0.0,0.0,0.0,0.0,0.0,0.0,0.0,0.0,6.0,0.0,2.0,0.0,0.0,0.0,0.0,0.0,0.0,0.0,0.0,0.0,0.0,0.0,12.0,0.0,0.0,12.0,0.0,0.0,0.0,0.0,0.0,0.0,0.0,0.0,0.0,0.0,6.0,0.0,2.0,6.0,0.0,2.0,4.0,0.0,0.0,4.0,0.0,0.0,0.0,0.0,0.0,0.0,"Jan 19, 2017"
2035,2503098.0,14282.0,Kerbala,Kerbala,AL-Askeriy 16,العسكري 16   ,32.6174347753,43.9755486,13.0,78.0,2.0,0.0,0.0,0.0,0.0,0.0,0.0,0.0,0.0,0.0,0.0,0.0,11.0,0.0,0.0,0.0,0.0,0.0,0.0,0.0,0.0,0.0,0.0,0.0,0.0,0.0,13.0,0.0,0.0,13.0,0.0,0.0,0.0,0.0,0.0,0.0,0.0,0.0,0.0,0.0,11.0,0.0,0.0,11.0,0.0,0.0,2.0,0.0,0.0,2.0,0.0,0.0,0.0,0.0,0.0,0.0,"Jan 19, 2017"
2036,2503099.0,26067.0,Kerbala,Kerbala,Albo Hamed 1,البو حميد1,32.646752,44.108598,17.0,102.0,0.0,0.0,0.0,0.0,0.0,0.0,0.0,0.0,0.0,0.0,0.0,0.0,17.0,0.0,0.0,0.0,0.0,0.0,0.0,0.0,0.0,0.0,0.0,0.0,0.0,0.0,17.0,0.0,0.0,17.0,0.0,0.0,0.0,0.0,0.0,0.0,0.0,0.0,0.0,0.0,17.0,0.0,0.0,17.0,0.0,0.0,0.0,0.0,0.0,0.0,0.0,0.0,0.0,0.0,0.0,0.0,"Jan 19, 2017"
2037,2502040.0,26000.0,Kerbala,Al-Hindiya,Albo Safn,البو سفن,32.34255,44.12015,25.0,150.0,0.0,0.0,0.0,0.0,0.0,0.0,0.0,0.0,0.0,0.0,0.0,0.0,25.0,0.0,0.0,0.0,0.0,0.0,0.0,0.0,0.0,0.0,0.0,0.0,0.0,0.0,25.0,0.0,0.0,25.0,0.0,0.0,0.0,0.0,0.0,0.0,0.0,0.0,0.0,0.0,25.0,0.0,0.0,25.0,0.0,0.0,0.0,0.0,0.0,0.0,0.0,0.0,0.0,0.0,0.0,0.0,"Jan 19, 2017"
2038,2502041.0,25996.0,Kerbala,Al-Hindiya,Albo Soof,البو سوف,32.4658889681,44.1623930405,44.0,264.0,0.0,0.0,0.0,0.0,0.0,0.0,0.0,0.0,0.0,0.0,0.0,0.0,44.0,0.0,0.0,0.0,0.0,0.0,0.0,0.0,0.0,0.0,0.0,0.0,0.0,44.0,0.0,44.0,0.0,0.0,0.0,0.0,0.0,0.0,0.0,0.0,0.0,0.0,0.0,0.0,44.0,0.0,0.0,44.0,0.0,0.0,0.0,0.0,0.0,0.0,0.0,0.0,0.0,0.0,0.0,0.0,"Jan 19, 2017"
2039,2502042.0,26002.0,Kerbala,Al-Hindiya,Albo Soof Al Gharbi,ابو سوف الغربي,32.53372,44.10777,41.0,246.0,0.0,0.0,0.0,0.0,0.0,0.0,0.0,0.0,0.0,0.0,0.0,0.0,41.0,0.0,0.0,0.0,0.0,0.0,0.0,0.0,0.0,0.0,0.0,0.0,0.0,41.0,0.0,41.0,0.0,0.0,0.0,0.0,0.0,0.0,0.0,0.0,0.0,0.0,0.0,0.0,41.0,0.0,0.0,41.0,0.0,0.0,0.0,0.0,0.0,0.0,0.0,0.0,0.0,0.0,0.0,0.0,"Jan 19, 2017"
2040,2503104.0,14287.0,Kerbala,Kerbala,Al-Bobyat-Al Wadde,البوبيات-الودي,32.6252558,44.0261152,150.0,900.0,6.0,0.0,0.0,0.0,0.0,0.0,0.0,0.0,0.0,0.0,0.0,0.0,144.0,0.0,0.0,0.0,0.0,0.0,0.0,0.0,0.0,0.0,0.0,0.0,0.0,128.0,22.0,128.0,0.0,22.0,0.0,0.0,0.0,0.0,0.0,0.0,0.0,0.0,6.0,0.0,16.0,6.0,128.0,16.0,0.0,128.0,0.0,0.0,0.0,0.0,0.0,0.0,0.0,0.0,0.0,0.0,"Jan 19, 2017"
2041,2502043.0,25994.0,Kerbala,Al-Hindiya,Albu Zagam,البوزكم,32.482397162,44.1313557341,250.0,1500.0,2.0,0.0,0.0,0.0,0.0,0.0,0.0,0.0,0.0,0.0,0.0,0.0,248.0,0.0,0.0,0.0,0.0,0.0,0.0,0.0,0.0,8.0,0.0,0.0,8.0,242.0,0.0,242.0,0.0,0.0,0.0,0.0,0.0,0.0,0.0,0.0,0.0,0.0,0.0,0.0,250.0,0.0,0.0,250.0,0.0,0.0,0.0,0.0,0.0,0.0,0.0,0.0,0.0,0.0,0.0,0.0,"Jan 19, 2017"
2042,2502044.0,14098.0,Kerbala,Al-Hindiya,Al-Dikhaniyah Al-Sharqiyah,الدخانية الشرقية,32.58163,44.17554,22.0,132.0,0.0,0.0,0.0,0.0,0.0,0.0,0.0,0.0,0.0,0.0,0.0,0.0,22.0,0.0,0.0,0.0,0.0,0.0,0.0,0.0,0.0,0.0,0.0,0.0,0.0,0.0,22.0,0.0,0.0,22.0,0.0,0.0,0.0,0.0,0.0,0.0,0.0,0.0,0.0,0.0,22.0,0.0,0.0,22.0,0.0,0.0,0.0,0.0,0.0,0.0,0.0,0.0,0.0,0.0,0.0,0.0,"Jan 19, 2017"
2043,2502045.0,14106.0,Kerbala,Al-Hindiya,Al-Dikhaniyah Al-Wista,الدخانية الوسطى,32.5902,44.13511,45.0,270.0,0.0,0.0,0.0,0.0,0.0,0.0,0.0,0.0,0.0,0.0,0.0,0.0,45.0,0.0,0.0,0.0,0.0,0.0,0.0,4.0,0.0,0.0,0.0,0.0,0.0,0.0,41.0,0.0,0.0,41.0,0.0,0.0,0.0,0.0,0.0,0.0,0.0,0.0,0.0,0.0,45.0,0.0,0.0,45.0,0.0,0.0,0.0,0.0,0.0,0.0,0.0,0.0,0.0,0.0,0.0,0.0,"Jan 19, 2017"
2044,2503108.0,13781.0,Kerbala,Kerbala,Al-Faris,الفارس,32.565796,43.9998979,6.0,36.0,0.0,0.0,0.0,0.0,0.0,0.0,0.0,0.0,0.0,0.0,0.0,0.0,6.0,0.0,0.0,0.0,0.0,0.0,0.0,0.0,0.0,0.0,0.0,0.0,0.0,0.0,6.0,0.0,0.0,6.0,0.0,0.0,0.0,0.0,0.0,0.0,0.0,0.0,0.0,0.0,6.0,0.0,0.0,6.0,0.0,0.0,0.0,0.0,0.0,0.0,0.0,0.0,0.0,0.0,0.0,0.0,"Jan 19, 2017"
2045,2503110.0,25543.0,Kerbala,Kerbala,Al Furat 4(door al halal),الفرات 4(دور الهلال),32.61421472,43.96092957,4.0,24.0,2.0,0.0,0.0,0.0,0.0,0.0,0.0,0.0,0.0,0.0,0.0,0.0,2.0,0.0,0.0,0.0,0.0,0.0,0.0,0.0,0.0,0.0,0.0,0.0,0.0,0.0,4.0,0.0,0.0,4.0,0.0,0.0,0.0,0.0,0.0,0.0,0.0,0.0,0.0,0.0,3.0,0.0,1.0,3.0,0.0,1.0,0.0,0.0,0.0,0.0,0.0,0.0,0.0,0.0,0.0,0.0,"Jan 19, 2017"
2046,2503111.0,25060.0,Kerbala,Kerbala,Al-hurr-Al Amen 2,الامين 2,32.6431041992,43.9918203,16.0,96.0,0.0,0.0,0.0,0.0,0.0,0.0,0.0,0.0,0.0,0.0,0.0,0.0,16.0,0.0,0.0,0.0,0.0,0.0,0.0,0.0,0.0,0.0,0.0,0.0,0.0,3.0,13.0,3.0,0.0,13.0,0.0,0.0,0.0,0.0,0.0,0.0,0.0,0.0,0.0,0.0,16.0,0.0,0.0,16.0,0.0,0.0,0.0,0.0,0.0,0.0,0.0,0.0,0.0,0.0,0.0,0.0,"Jan 19, 2017"
2047,2503112.0,25783.0,Kerbala,Kerbala,Al Anwar,الانوار,32.6908448,43.917633,14.0,84.0,1.0,0.0,0.0,0.0,0.0,0.0,0.0,0.0,0.0,0.0,0.0,0.0,13.0,0.0,0.0,0.0,0.0,0.0,0.0,0.0,0.0,0.0,0.0,0.0,0.0,0.0,14.0,0.0,0.0,14.0,0.0,0.0,0.0,0.0,0.0,0.0,0.0,0.0,0.0,0.0,13.0,0.0,0.0,13.0,0.0,0.0,1.0,0.0,0.0,1.0,0.0,0.0,0.0,0.0,0.0,0.0,"Jan 19, 2017"
2048,2503113.0,25061.0,Kerbala,Kerbala,Al Hurr Al Sager,الحر الصغير,32.6524887,43.9948325,123.0,738.0,5.0,2.0,1.0,0.0,0.0,0.0,0.0,0.0,0.0,0.0,0.0,0.0,114.0,0.0,1.0,0.0,0.0,0.0,0.0,17.0,0.0,0.0,0.0,0.0,0.0,0.0,106.0,0.0,0.0,106.0,0.0,0.0,0.0,0.0,0.0,0.0,0.0,0.0,8.0,0.0,115.0,8.0,0.0,115.0,0.0,0.0,0.0,0.0,0.0,0.0,0.0,0.0,0.0,0.0,0.0,0.0,"Jan 19, 2017"
2049,2503114.0,25062.0,Kerbala,Kerbala,Hay Al Noor,حي النور,32.6497935,43.9874314,14.0,84.0,0.0,0.0,0.0,0.0,0.0,0.0,0.0,0.0,0.0,0.0,0.0,0.0,14.0,0.0,0.0,0.0,0.0,0.0,0.0,0.0,0.0,0.0,0.0,0.0,0.0,0.0,14.0,0.0,0.0,14.0,0.0,0.0,0.0,0.0,0.0,0.0,0.0,0.0,0.0,0.0,14.0,0.0,0.0,14.0,0.0,0.0,0.0,0.0,0.0,0.0,0.0,0.0,0.0,0.0,0.0,0.0,"Jan 19, 2017"
2050,2503115.0,25259.0,Kerbala,Kerbala,Sumer 2,حي سومر 2,32.647769,43.9876817,5.0,30.0,0.0,0.0,0.0,0.0,0.0,0.0,0.0,0.0,0.0,0.0,0.0,0.0,5.0,0.0,0.0,0.0,0.0,0.0,0.0,2.0,0.0,0.0,0.0,0.0,0.0,0.0,3.0,0.0,0.0,3.0,0.0,0.0,0.0,0.0,0.0,0.0,0.0,0.0,0.0,0.0,5.0,0.0,0.0,5.0,0.0,0.0,0.0,0.0,0.0,0.0,0.0,0.0,0.0,0.0,0.0,0.0,"Jan 19, 2017"
2051,2503116.0,25064.0,Kerbala,Kerbala,Al Ateshy,العطيشي,32.6736473523,44.1636764203,39.0,234.0,4.0,13.0,0.0,0.0,0.0,0.0,0.0,0.0,0.0,0.0,0.0,0.0,22.0,0.0,0.0,0.0,0.0,0.0,0.0,0.0,0.0,0.0,0.0,0.0,0.0,0.0,39.0,0.0,0.0,39.0,0.0,0.0,0.0,0.0,0.0,0.0,0.0,0.0,17.0,0.0,22.0,17.0,0.0,22.0,0.0,0.0,0.0,0.0,0.0,0.0,0.0,0.0,0.0,0.0,0.0,0.0,"Jan 19, 2017"
2052,2503117.0,14120.0,Kerbala,Kerbala,Al-hussainyh-Hay Al-Abas,الحسينية-حي العباس,32.6845317588,44.1660875514,16.0,96.0,1.0,11.0,0.0,0.0,0.0,0.0,0.0,0.0,0.0,0.0,0.0,0.0,4.0,0.0,0.0,0.0,0.0,0.0,0.0,0.0,0.0,0.0,0.0,0.0,0.0,0.0,16.0,0.0,0.0,16.0,0.0,0.0,0.0,0.0,0.0,0.0,0.0,0.0,10.0,0.0,4.0,10.0,0.0,4.0,2.0,0.0,0.0,2.0,0.0,0.0,0.0,0.0,0.0,0.0,0.0,0.0,"Jan 19, 2017"
2053,2503118.0,24140.0,Kerbala,Kerbala,Al-hussainya-hay al-hussain,الحسينية-حي الحسين,32.6789597719,44.1651664694,35.0,210.0,5.0,17.0,0.0,0.0,0.0,0.0,0.0,0.0,0.0,0.0,0.0,0.0,11.0,0.0,2.0,0.0,0.0,0.0,0.0,0.0,0.0,0.0,0.0,0.0,0.0,0.0,35.0,0.0,0.0,35.0,0.0,0.0,0.0,0.0,0.0,0.0,0.0,0.0,14.0,0.0,11.0,14.0,2.0,11.0,8.0,2.0,0.0,8.0,0.0,0.0,0.0,0.0,0.0,0.0,0.0,0.0,"Jan 19, 2017"
2054,2502046.0,14097.0,Kerbala,Al-Hindiya,Al-Jadwal Al-Ghrabi-Al Askary,العسكري,32.4943746604,44.1943415191,30.0,180.0,4.0,0.0,1.0,0.0,0.0,0.0,0.0,0.0,1.0,0.0,0.0,0.0,24.0,0.0,0.0,0.0,0.0,0.0,0.0,0.0,0.0,0.0,0.0,0.0,0.0,0.0,30.0,0.0,0.0,30.0,0.0,0.0,0.0,0.0,0.0,0.0,0.0,0.0,0.0,0.0,30.0,0.0,0.0,30.0,0.0,0.0,0.0,0.0,0.0,0.0,0.0,0.0,0.0,0.0,0.0,0.0,"Jan 19, 2017"
2055,2503121.0,25479.0,Kerbala,Kerbala,Al-kakaeiah Al-karbea,الكعكاعية الغربية,32.66158008,44.13514168,12.0,72.0,0.0,0.0,0.0,0.0,0.0,0.0,0.0,0.0,0.0,0.0,0.0,0.0,12.0,0.0,0.0,0.0,0.0,0.0,0.0,5.0,0.0,0.0,0.0,0.0,0.0,0.0,7.0,0.0,0.0,7.0,0.0,0.0,0.0,0.0,0.0,0.0,0.0,0.0,0.0,0.0,12.0,0.0,0.0,12.0,0.0,0.0,0.0,0.0,0.0,0.0,0.0,0.0,0.0,0.0,0.0,0.0,"Jan 19, 2017"
2056,2503122.0,14191.0,Kerbala,Kerbala,Al-kakaeiah Al-Sharkeiah,كعكاعية الشرقيه,32.6977041603,44.1431724189,152.0,912.0,0.0,11.0,0.0,0.0,0.0,0.0,0.0,0.0,0.0,0.0,0.0,0.0,141.0,0.0,0.0,0.0,0.0,0.0,0.0,11.0,0.0,0.0,0.0,0.0,0.0,130.0,11.0,130.0,0.0,11.0,0.0,0.0,0.0,0.0,0.0,0.0,0.0,0.0,11.0,0.0,141.0,11.0,0.0,141.0,0.0,0.0,0.0,0.0,0.0,0.0,0.0,0.0,0.0,0.0,0.0,0.0,"Jan 19, 2017"
2057,2502047.0,26009.0,Kerbala,Al-Hindiya,Al-Khayrat,الخيرات,32.3545901956,44.2387874049,1595.0,9570.0,2.0,0.0,0.0,0.0,0.0,0.0,0.0,0.0,0.0,0.0,0.0,0.0,1593.0,0.0,0.0,0.0,0.0,0.0,0.0,32.0,0.0,0.0,0.0,0.0,0.0,1450.0,113.0,1450.0,0.0,113.0,0.0,0.0,0.0,0.0,0.0,0.0,0.0,0.0,0.0,0.0,0.0,0.0,1593.0,0.0,0.0,1593.0,0.0,0.0,2.0,0.0,0.0,2.0,0.0,0.0,0.0,0.0,"Jan 19, 2017"
2058,2503124.0,14050.0,Kerbala,Kerbala,Al-muhandesein,المهندسين,32.575406,44.021672,7.0,42.0,0.0,0.0,0.0,0.0,0.0,0.0,0.0,0.0,0.0,0.0,0.0,0.0,6.0,0.0,1.0,0.0,0.0,0.0,0.0,0.0,0.0,0.0,0.0,0.0,0.0,0.0,7.0,0.0,0.0,7.0,0.0,0.0,0.0,0.0,0.0,0.0,0.0,0.0,0.0,0.0,7.0,0.0,0.0,7.0,0.0,0.0,0.0,0.0,0.0,0.0,0.0,0.0,0.0,0.0,0.0,0.0,"Jan 19, 2017"
2059,2503126.0,14286.0,Kerbala,Kerbala,Al-Rafedeen,الرافدين,32.6051463766,43.9671995,17.0,102.0,0.0,0.0,0.0,0.0,0.0,2.0,0.0,0.0,0.0,0.0,0.0,0.0,15.0,0.0,0.0,0.0,0.0,0.0,0.0,0.0,0.0,0.0,0.0,0.0,0.0,0.0,17.0,0.0,0.0,17.0,0.0,0.0,0.0,0.0,0.0,0.0,0.0,0.0,0.0,0.0,17.0,0.0,0.0,17.0,0.0,0.0,0.0,0.0,0.0,0.0,0.0,0.0,0.0,0.0,0.0,0.0,"Jan 19, 2017"
2060,2503127.0,24285.0,Kerbala,Kerbala,Al-Safiya 2,الصافية 2,32.6570236454,44.0509545,500.0,3000.0,0.0,0.0,0.0,0.0,0.0,0.0,0.0,0.0,0.0,0.0,0.0,0.0,500.0,0.0,0.0,0.0,0.0,0.0,0.0,0.0,0.0,0.0,0.0,0.0,0.0,0.0,500.0,0.0,0.0,500.0,0.0,0.0,0.0,0.0,0.0,0.0,0.0,0.0,0.0,0.0,500.0,0.0,0.0,500.0,0.0,0.0,0.0,0.0,0.0,0.0,0.0,0.0,0.0,0.0,0.0,0.0,"Jan 19, 2017"
2061,2503129.0,14072.0,Kerbala,Kerbala,Al-Shebanat,ألشبانات ,32.59061,44.07348,6.0,36.0,0.0,0.0,0.0,0.0,0.0,0.0,0.0,0.0,0.0,0.0,0.0,0.0,6.0,0.0,0.0,0.0,0.0,0.0,0.0,0.0,0.0,0.0,0.0,0.0,0.0,0.0,6.0,0.0,0.0,6.0,0.0,0.0,0.0,0.0,0.0,0.0,0.0,0.0,0.0,0.0,6.0,0.0,0.0,6.0,0.0,0.0,0.0,0.0,0.0,0.0,0.0,0.0,0.0,0.0,0.0,0.0,"Jan 19, 2017"
2062,2503130.0,21683.0,Kerbala,Kerbala,Al-Shebanat 2,الشبانات 2,32.5965223,44.0545301,11.0,66.0,0.0,0.0,0.0,0.0,0.0,0.0,0.0,0.0,0.0,0.0,0.0,0.0,11.0,0.0,0.0,0.0,0.0,0.0,0.0,0.0,0.0,0.0,0.0,0.0,0.0,1.0,10.0,1.0,0.0,10.0,0.0,0.0,0.0,0.0,0.0,0.0,0.0,0.0,0.0,0.0,11.0,0.0,0.0,11.0,0.0,0.0,0.0,0.0,0.0,0.0,0.0,0.0,0.0,0.0,0.0,0.0,"Jan 19, 2017"
2063,2503131.0,14186.0,Kerbala,Kerbala,Al-Swadah 1,السواده 1,32.6612065,43.9865974,10.0,60.0,10.0,0.0,0.0,0.0,0.0,0.0,0.0,0.0,0.0,0.0,0.0,0.0,0.0,0.0,0.0,0.0,0.0,0.0,0.0,2.0,0.0,0.0,0.0,0.0,0.0,0.0,8.0,0.0,0.0,8.0,0.0,0.0,0.0,0.0,0.0,0.0,0.0,0.0,10.0,0.0,0.0,10.0,0.0,0.0,0.0,0.0,0.0,0.0,0.0,0.0,0.0,0.0,0.0,0.0,0.0,0.0,"Jan 19, 2017"
2064,2503132.0,21142.0,Kerbala,Kerbala,Al-Taaleb,التعليب,32.6094424463,44.0080023,8.0,48.0,4.0,0.0,0.0,0.0,0.0,0.0,0.0,0.0,0.0,0.0,0.0,0.0,4.0,0.0,0.0,0.0,0.0,0.0,0.0,0.0,0.0,0.0,0.0,0.0,0.0,0.0,8.0,0.0,0.0,8.0,0.0,0.0,0.0,0.0,0.0,0.0,0.0,0.0,4.0,0.0,4.0,4.0,0.0,4.0,0.0,0.0,0.0,0.0,0.0,0.0,0.0,0.0,0.0,0.0,0.0,0.0,"Jan 19, 2017"
2065,2503133.0,21111.0,Kerbala,Kerbala,Al-Taqa 18,الطاقه 18,32.6365141,43.9688001,8.0,48.0,2.0,0.0,0.0,0.0,0.0,0.0,0.0,0.0,6.0,0.0,0.0,0.0,0.0,0.0,0.0,0.0,0.0,0.0,0.0,0.0,0.0,0.0,0.0,0.0,0.0,0.0,8.0,0.0,0.0,8.0,0.0,0.0,0.0,0.0,0.0,0.0,0.0,0.0,0.0,0.0,6.0,0.0,0.0,6.0,0.0,0.0,2.0,0.0,0.0,2.0,0.0,0.0,0.0,0.0,0.0,0.0,"Jan 19, 2017"
2066,2503134.0,14037.0,Kerbala,Kerbala,Al-zabaylah,الزبيليه ,32.6006941572,44.1040391956,80.0,480.0,0.0,0.0,0.0,0.0,0.0,0.0,0.0,0.0,0.0,0.0,0.0,0.0,80.0,0.0,0.0,0.0,0.0,0.0,0.0,0.0,0.0,0.0,0.0,0.0,0.0,9.0,71.0,9.0,0.0,71.0,0.0,0.0,0.0,0.0,0.0,0.0,0.0,0.0,0.0,0.0,80.0,0.0,0.0,80.0,0.0,0.0,0.0,0.0,0.0,0.0,0.0,0.0,0.0,0.0,0.0,0.0,"Jan 19, 2017"
2067,2503135.0,13785.0,Kerbala,Kerbala,Al-Zahraa,حي الزهراء,32.6432198,44.0498528,82.0,492.0,0.0,0.0,0.0,0.0,0.0,0.0,0.0,0.0,0.0,0.0,0.0,0.0,82.0,0.0,0.0,0.0,0.0,0.0,0.0,0.0,0.0,0.0,0.0,0.0,0.0,25.0,57.0,25.0,0.0,57.0,0.0,0.0,0.0,0.0,0.0,0.0,0.0,0.0,0.0,0.0,82.0,0.0,0.0,82.0,0.0,0.0,0.0,0.0,0.0,0.0,0.0,0.0,0.0,0.0,0.0,0.0,"Jan 19, 2017"
2068,2503137.0,26068.0,Kerbala,Kerbala,Badat Aesha,بدعة عيشه,32.6568216843,44.0641331313,32.0,192.0,0.0,0.0,0.0,0.0,0.0,0.0,0.0,0.0,0.0,0.0,0.0,0.0,32.0,0.0,0.0,0.0,0.0,0.0,0.0,0.0,0.0,7.0,0.0,0.0,7.0,0.0,25.0,0.0,0.0,25.0,0.0,0.0,0.0,0.0,0.0,0.0,0.0,0.0,0.0,0.0,32.0,0.0,0.0,32.0,0.0,0.0,0.0,0.0,0.0,0.0,0.0,0.0,0.0,0.0,0.0,0.0,"Jan 19, 2017"
2069,2503138.0,26065.0,Kerbala,Kerbala,Badat Aswad,بدعة اسود,32.6827925145,44.0768801565,120.0,720.0,0.0,0.0,0.0,0.0,0.0,0.0,0.0,0.0,0.0,0.0,0.0,0.0,120.0,0.0,0.0,0.0,0.0,0.0,0.0,0.0,0.0,0.0,0.0,0.0,0.0,120.0,0.0,120.0,0.0,0.0,0.0,0.0,0.0,0.0,0.0,0.0,0.0,0.0,0.0,0.0,120.0,0.0,0.0,120.0,0.0,0.0,0.0,0.0,0.0,0.0,0.0,0.0,0.0,0.0,0.0,0.0,"Jan 19, 2017"
2070,2503139.0,25901.0,Kerbala,Kerbala,Badat Shareef,بدعة شريف,32.658011447,44.0645107409,10.0,60.0,0.0,10.0,0.0,0.0,0.0,0.0,0.0,0.0,0.0,0.0,0.0,0.0,0.0,0.0,0.0,0.0,0.0,0.0,0.0,10.0,0.0,0.0,0.0,0.0,0.0,0.0,0.0,0.0,0.0,0.0,0.0,0.0,0.0,0.0,0.0,0.0,0.0,0.0,10.0,0.0,0.0,10.0,0.0,0.0,0.0,0.0,0.0,0.0,0.0,0.0,0.0,0.0,0.0,0.0,0.0,0.0,"Jan 19, 2017"
2071,2503140.0,26061.0,Kerbala,Kerbala,Badat Shareef Al Gharbiyah,بدعة شريف الغربية,32.6691283001,44.0710444417,80.0,480.0,0.0,0.0,0.0,0.0,0.0,0.0,0.0,0.0,0.0,0.0,0.0,0.0,80.0,0.0,0.0,0.0,0.0,0.0,0.0,0.0,0.0,0.0,0.0,0.0,0.0,80.0,0.0,80.0,0.0,0.0,0.0,0.0,0.0,0.0,0.0,0.0,0.0,0.0,0.0,0.0,80.0,0.0,0.0,80.0,0.0,0.0,0.0,0.0,0.0,0.0,0.0,0.0,0.0,0.0,0.0,0.0,"Jan 19, 2017"
2072,2503142.0,14133.0,Kerbala,Kerbala,Basatein Bab Al-Slalmah,بساتين باب السلامة,32.6215489,44.0310981,40.0,240.0,0.0,0.0,0.0,0.0,0.0,0.0,0.0,0.0,0.0,0.0,0.0,0.0,40.0,0.0,0.0,0.0,0.0,0.0,0.0,0.0,0.0,0.0,0.0,0.0,0.0,0.0,40.0,0.0,0.0,40.0,0.0,0.0,0.0,0.0,0.0,0.0,0.0,0.0,0.0,0.0,40.0,0.0,0.0,40.0,0.0,0.0,0.0,0.0,0.0,0.0,0.0,0.0,0.0,0.0,0.0,0.0,"Jan 19, 2017"
2073,2503143.0,25850.0,Kerbala,Kerbala,Basaten Al Naqeeb,بساتين النقيب,32.6071940478,44.0201521,12.0,72.0,2.0,0.0,0.0,0.0,0.0,0.0,0.0,0.0,0.0,0.0,0.0,0.0,10.0,0.0,0.0,0.0,0.0,0.0,0.0,2.0,0.0,0.0,0.0,0.0,0.0,1.0,9.0,1.0,0.0,9.0,0.0,0.0,0.0,0.0,0.0,0.0,0.0,0.0,0.0,0.0,10.0,0.0,2.0,10.0,0.0,2.0,0.0,0.0,0.0,0.0,0.0,0.0,0.0,0.0,0.0,0.0,"Jan 19, 2017"
2074,2503144.0,13740.0,Kerbala,Kerbala,Darawish,دراويش,32.65137,44.113202,4.0,24.0,0.0,1.0,0.0,0.0,0.0,0.0,0.0,0.0,0.0,0.0,0.0,0.0,3.0,0.0,0.0,0.0,0.0,0.0,0.0,0.0,0.0,0.0,0.0,0.0,0.0,0.0,4.0,0.0,0.0,4.0,0.0,0.0,0.0,0.0,0.0,0.0,0.0,0.0,0.0,0.0,4.0,0.0,0.0,4.0,0.0,0.0,0.0,0.0,0.0,0.0,0.0,0.0,0.0,0.0,0.0,0.0,"Jan 19, 2017"
2075,2503145.0,25268.0,Kerbala,Kerbala,Door al hajar,دور الحجر,32.61073,44.0116,4.0,24.0,0.0,0.0,0.0,0.0,0.0,0.0,0.0,0.0,0.0,0.0,0.0,0.0,4.0,0.0,0.0,0.0,0.0,0.0,0.0,0.0,0.0,0.0,0.0,0.0,0.0,0.0,4.0,0.0,0.0,4.0,0.0,0.0,0.0,0.0,0.0,0.0,0.0,0.0,0.0,0.0,4.0,0.0,0.0,4.0,0.0,0.0,0.0,0.0,0.0,0.0,0.0,0.0,0.0,0.0,0.0,0.0,"Jan 19, 2017"
2076,2503146.0,26062.0,Kerbala,Kerbala,Freaha Al Maamell,فريحة المعامل,32.60684545,44.07300468,20.0,120.0,2.0,0.0,0.0,0.0,0.0,0.0,0.0,0.0,0.0,0.0,0.0,0.0,18.0,0.0,0.0,0.0,0.0,0.0,0.0,0.0,0.0,0.0,0.0,0.0,0.0,3.0,17.0,3.0,0.0,17.0,0.0,0.0,0.0,0.0,0.0,0.0,0.0,0.0,0.0,0.0,20.0,0.0,0.0,20.0,0.0,0.0,0.0,0.0,0.0,0.0,0.0,0.0,0.0,0.0,0.0,0.0,"Jan 19, 2017"
2077,2503149.0,26063.0,Kerbala,Kerbala,Haswat Al Sood,حصوة السعود,32.67543578,44.12639095,6.0,36.0,0.0,0.0,0.0,0.0,0.0,0.0,0.0,0.0,0.0,0.0,0.0,0.0,1.0,0.0,5.0,0.0,0.0,0.0,0.0,0.0,0.0,0.0,0.0,0.0,0.0,0.0,6.0,0.0,0.0,6.0,0.0,0.0,0.0,0.0,0.0,0.0,0.0,0.0,0.0,0.0,6.0,0.0,0.0,6.0,0.0,0.0,0.0,0.0,0.0,0.0,0.0,0.0,0.0,0.0,0.0,0.0,"Jan 19, 2017"
2078,2503150.0,22396.0,Kerbala,Kerbala,Hay Al Ameer-1,حي الامير 1,32.6115183,43.9878771,11.0,66.0,0.0,0.0,0.0,0.0,0.0,0.0,0.0,0.0,0.0,0.0,0.0,0.0,11.0,0.0,0.0,0.0,0.0,0.0,0.0,0.0,0.0,0.0,0.0,0.0,0.0,0.0,11.0,0.0,0.0,11.0,0.0,0.0,0.0,0.0,0.0,0.0,0.0,0.0,0.0,0.0,11.0,0.0,0.0,11.0,0.0,0.0,0.0,0.0,0.0,0.0,0.0,0.0,0.0,0.0,0.0,0.0,"Jan 19, 2017"
2079,2503152.0,25349.0,Kerbala,Kerbala,Hay Al Amel-4,حي العامل 4,32.622006,43.98962,12.0,72.0,2.0,0.0,0.0,0.0,0.0,0.0,0.0,0.0,0.0,0.0,0.0,0.0,10.0,0.0,0.0,0.0,0.0,0.0,0.0,0.0,0.0,0.0,0.0,0.0,0.0,0.0,12.0,0.0,0.0,12.0,0.0,0.0,0.0,0.0,0.0,0.0,0.0,0.0,2.0,0.0,10.0,2.0,0.0,10.0,0.0,0.0,0.0,0.0,0.0,0.0,0.0,0.0,0.0,0.0,0.0,0.0,"Jan 19, 2017"
2080,2503153.0,25350.0,Kerbala,Kerbala,Hay Al Amel-6,حي العامل 6,32.62509,43.99036,2.0,12.0,2.0,0.0,0.0,0.0,0.0,0.0,0.0,0.0,0.0,0.0,0.0,0.0,0.0,0.0,0.0,0.0,0.0,0.0,0.0,0.0,0.0,0.0,0.0,0.0,0.0,0.0,2.0,0.0,0.0,2.0,0.0,0.0,0.0,0.0,0.0,0.0,0.0,0.0,0.0,0.0,0.0,0.0,2.0,0.0,0.0,2.0,0.0,0.0,0.0,0.0,0.0,0.0,0.0,0.0,0.0,0.0,"Jan 19, 2017"
2081,2503154.0,25351.0,Kerbala,Kerbala,Hay Al Amel-7,حي العامل 7,32.6245171,43.9892948998,10.0,60.0,0.0,0.0,0.0,0.0,0.0,0.0,0.0,0.0,0.0,0.0,0.0,0.0,10.0,0.0,0.0,0.0,0.0,0.0,0.0,0.0,0.0,0.0,0.0,0.0,0.0,0.0,10.0,0.0,0.0,10.0,0.0,0.0,0.0,0.0,0.0,0.0,0.0,0.0,0.0,0.0,10.0,0.0,0.0,10.0,0.0,0.0,0.0,0.0,0.0,0.0,0.0,0.0,0.0,0.0,0.0,0.0,"Jan 19, 2017"
2082,2503155.0,25352.0,Kerbala,Kerbala,Hay Al Amel-8,حي العامل 8,32.62936,43.98379,2.0,12.0,0.0,0.0,0.0,0.0,0.0,0.0,0.0,0.0,0.0,0.0,0.0,0.0,2.0,0.0,0.0,0.0,0.0,0.0,0.0,0.0,0.0,0.0,0.0,0.0,0.0,0.0,2.0,0.0,0.0,2.0,0.0,0.0,0.0,0.0,0.0,0.0,0.0,0.0,0.0,0.0,2.0,0.0,0.0,2.0,0.0,0.0,0.0,0.0,0.0,0.0,0.0,0.0,0.0,0.0,0.0,0.0,"Jan 19, 2017"
2083,2503156.0,25353.0,Kerbala,Kerbala,Hay Al Amel-9,حي العامل 9,32.6293546,43.9854716,5.0,30.0,2.0,0.0,0.0,0.0,0.0,0.0,0.0,0.0,0.0,0.0,0.0,0.0,3.0,0.0,0.0,0.0,0.0,0.0,0.0,0.0,0.0,0.0,0.0,0.0,0.0,0.0,5.0,0.0,0.0,5.0,0.0,0.0,0.0,0.0,0.0,0.0,0.0,0.0,0.0,0.0,3.0,0.0,2.0,3.0,0.0,2.0,0.0,0.0,0.0,0.0,0.0,0.0,0.0,0.0,0.0,0.0,"Jan 19, 2017"
2084,2503157.0,23495.0,Kerbala,Kerbala,Hay Al Amil-5,حي العامل5,32.62262,43.98945,6.0,36.0,6.0,0.0,0.0,0.0,0.0,0.0,0.0,0.0,0.0,0.0,0.0,0.0,0.0,0.0,0.0,0.0,0.0,0.0,0.0,0.0,0.0,0.0,0.0,0.0,0.0,0.0,6.0,0.0,0.0,6.0,0.0,0.0,0.0,0.0,0.0,0.0,0.0,0.0,6.0,0.0,0.0,6.0,0.0,0.0,0.0,0.0,0.0,0.0,0.0,0.0,0.0,0.0,0.0,0.0,0.0,0.0,"Jan 19, 2017"
2085,2503158.0,23594.0,Kerbala,Kerbala,Hay Al Atebba-354,حي الاطباء-محله 354,32.581438442,44.000284725,16.0,96.0,3.0,0.0,0.0,0.0,0.0,2.0,0.0,0.0,0.0,0.0,0.0,0.0,11.0,0.0,0.0,0.0,0.0,0.0,0.0,2.0,0.0,0.0,0.0,0.0,0.0,0.0,14.0,0.0,0.0,14.0,0.0,0.0,0.0,0.0,0.0,0.0,0.0,0.0,3.0,0.0,11.0,3.0,2.0,11.0,0.0,2.0,0.0,0.0,0.0,0.0,0.0,0.0,0.0,0.0,0.0,0.0,"Jan 19, 2017"
2086,2503159.0,25063.0,Kerbala,Kerbala,Hay Al Husain,حي الحسين,32.5963090678,44.0143907683,14.0,84.0,0.0,0.0,0.0,0.0,0.0,0.0,0.0,0.0,0.0,0.0,0.0,0.0,14.0,0.0,0.0,0.0,0.0,0.0,0.0,0.0,0.0,0.0,0.0,0.0,0.0,0.0,14.0,0.0,0.0,14.0,0.0,0.0,0.0,0.0,0.0,0.0,0.0,0.0,0.0,0.0,14.0,0.0,0.0,14.0,0.0,0.0,0.0,0.0,0.0,0.0,0.0,0.0,0.0,0.0,0.0,0.0,"Jan 19, 2017"
2087,2503160.0,25266.0,Kerbala,Kerbala,Hay Al Karrar,حي الكرار,32.6201303057,44.0483781449,60.0,360.0,0.0,0.0,0.0,0.0,0.0,0.0,0.0,0.0,0.0,0.0,0.0,0.0,60.0,0.0,0.0,0.0,0.0,0.0,0.0,0.0,0.0,0.0,0.0,0.0,0.0,3.0,57.0,3.0,0.0,57.0,0.0,0.0,0.0,0.0,0.0,0.0,0.0,0.0,0.0,0.0,60.0,0.0,0.0,60.0,0.0,0.0,0.0,0.0,0.0,0.0,0.0,0.0,0.0,0.0,0.0,0.0,"Jan 19, 2017"
2088,2503162.0,22716.0,Kerbala,Kerbala,Hay Al Mujtaba,حي المجتبى,32.63719792,43.99174523,9.0,54.0,0.0,0.0,0.0,0.0,0.0,0.0,0.0,0.0,0.0,0.0,0.0,0.0,9.0,0.0,0.0,0.0,0.0,0.0,0.0,0.0,0.0,0.0,0.0,0.0,0.0,0.0,9.0,0.0,0.0,9.0,0.0,0.0,0.0,0.0,0.0,0.0,0.0,0.0,0.0,0.0,9.0,0.0,0.0,9.0,0.0,0.0,0.0,0.0,0.0,0.0,0.0,0.0,0.0,0.0,0.0,0.0,"Jan 19, 2017"
2089,2503163.0,25888.0,Kerbala,Kerbala,Hay Al Nidhal 1,حي النضال1,32.60316,43.980155,2.0,12.0,0.0,0.0,0.0,0.0,0.0,0.0,0.0,0.0,1.0,0.0,0.0,0.0,1.0,0.0,0.0,0.0,0.0,0.0,0.0,0.0,0.0,0.0,0.0,0.0,0.0,0.0,2.0,0.0,0.0,2.0,0.0,0.0,0.0,0.0,0.0,0.0,0.0,0.0,0.0,0.0,2.0,0.0,0.0,2.0,0.0,0.0,0.0,0.0,0.0,0.0,0.0,0.0,0.0,0.0,0.0,0.0,"Jan 19, 2017"
2090,2503165.0,25267.0,Kerbala,Kerbala,Hay Al Rada,حي الرضا,32.61094,44.045818,34.0,204.0,4.0,0.0,0.0,0.0,0.0,0.0,0.0,0.0,0.0,0.0,0.0,0.0,30.0,0.0,0.0,0.0,0.0,0.0,0.0,0.0,5.0,0.0,0.0,0.0,0.0,0.0,29.0,0.0,0.0,29.0,0.0,0.0,0.0,0.0,0.0,0.0,0.0,0.0,0.0,0.0,32.0,0.0,0.0,32.0,0.0,0.0,2.0,0.0,0.0,2.0,0.0,0.0,0.0,0.0,0.0,0.0,"Jan 19, 2017"
2091,2503166.0,21587.0,Kerbala,Kerbala,Al-hussainya-Hay Al Rasool,الحسينيه-حي الرسول,32.6796086164,44.1639425101,93.0,558.0,8.0,55.0,0.0,0.0,0.0,0.0,0.0,0.0,0.0,0.0,0.0,0.0,30.0,0.0,0.0,0.0,0.0,0.0,0.0,0.0,0.0,0.0,0.0,0.0,0.0,0.0,93.0,0.0,0.0,93.0,0.0,0.0,0.0,0.0,0.0,0.0,0.0,0.0,0.0,0.0,93.0,0.0,0.0,93.0,0.0,0.0,0.0,0.0,0.0,0.0,0.0,0.0,0.0,0.0,0.0,0.0,"Jan 19, 2017"
2092,2503167.0,25261.0,Kerbala,Kerbala,Hay Al Shorta,حي الشرطة,32.60106,44.04534,7.0,42.0,0.0,0.0,0.0,0.0,0.0,0.0,0.0,0.0,0.0,0.0,0.0,0.0,7.0,0.0,0.0,0.0,0.0,0.0,0.0,1.0,0.0,0.0,0.0,0.0,0.0,0.0,6.0,0.0,0.0,6.0,0.0,0.0,0.0,0.0,0.0,0.0,0.0,0.0,0.0,0.0,7.0,0.0,0.0,7.0,0.0,0.0,0.0,0.0,0.0,0.0,0.0,0.0,0.0,0.0,0.0,0.0,"Jan 19, 2017"
2093,2503168.0,21682.0,Kerbala,Kerbala,Al-hussainya-Hay Al Zahraa,الحسينيه-حي الزهراء,32.6840366588,44.1667964427,69.0,414.0,3.0,55.0,0.0,0.0,0.0,0.0,0.0,0.0,0.0,0.0,0.0,0.0,11.0,0.0,0.0,0.0,0.0,0.0,0.0,0.0,0.0,0.0,0.0,0.0,0.0,0.0,69.0,0.0,0.0,69.0,0.0,0.0,0.0,0.0,0.0,0.0,0.0,0.0,53.0,0.0,11.0,53.0,0.0,11.0,0.0,0.0,5.0,0.0,0.0,5.0,0.0,0.0,0.0,0.0,0.0,0.0,"Jan 19, 2017"
2094,2503169.0,14093.0,Kerbala,Kerbala,Al-Abbasya al-gharbya,العباسية الغربية,32.609985,44.031112,33.0,198.0,1.0,0.0,0.0,0.0,0.0,0.0,0.0,0.0,0.0,0.0,0.0,0.0,30.0,0.0,2.0,0.0,0.0,0.0,0.0,0.0,0.0,0.0,0.0,0.0,0.0,0.0,33.0,0.0,0.0,33.0,0.0,0.0,0.0,0.0,0.0,0.0,0.0,0.0,1.0,0.0,32.0,1.0,0.0,32.0,0.0,0.0,0.0,0.0,0.0,0.0,0.0,0.0,0.0,0.0,0.0,0.0,"Jan 19, 2017"
2095,2503170.0,14134.0,Kerbala,Kerbala,Hay Al-Abbas,حي العباس,32.6370344,44.0476716,32.0,192.0,1.0,0.0,0.0,0.0,0.0,0.0,0.0,0.0,0.0,0.0,0.0,0.0,26.0,0.0,5.0,0.0,0.0,0.0,0.0,0.0,0.0,0.0,0.0,0.0,0.0,0.0,32.0,0.0,0.0,32.0,0.0,0.0,0.0,0.0,0.0,0.0,0.0,0.0,1.0,0.0,26.0,1.0,5.0,26.0,0.0,5.0,0.0,0.0,0.0,0.0,0.0,0.0,0.0,0.0,0.0,0.0,"Jan 19, 2017"
2096,2503171.0,14138.0,Kerbala,Kerbala,Hay al-amein al-dakheily,الامن الداخلي,32.6128189116,43.9743075,12.0,72.0,4.0,0.0,0.0,0.0,0.0,0.0,0.0,0.0,6.0,0.0,0.0,0.0,2.0,0.0,0.0,0.0,0.0,0.0,0.0,0.0,0.0,0.0,0.0,0.0,0.0,0.0,12.0,0.0,0.0,12.0,0.0,0.0,0.0,0.0,0.0,0.0,0.0,0.0,0.0,0.0,8.0,0.0,0.0,8.0,0.0,0.0,4.0,0.0,0.0,4.0,0.0,0.0,0.0,0.0,0.0,0.0,"Jan 19, 2017"
2097,2503172.0,14104.0,Kerbala,Kerbala,Hay al-Amel-1,حي العامل 1,32.61099,43.99699,8.0,48.0,0.0,0.0,0.0,0.0,0.0,0.0,0.0,0.0,0.0,0.0,0.0,0.0,8.0,0.0,0.0,0.0,0.0,0.0,0.0,0.0,0.0,0.0,0.0,0.0,0.0,0.0,8.0,0.0,0.0,8.0,0.0,0.0,0.0,0.0,0.0,0.0,0.0,0.0,0.0,0.0,8.0,0.0,0.0,8.0,0.0,0.0,0.0,0.0,0.0,0.0,0.0,0.0,0.0,0.0,0.0,0.0,"Jan 19, 2017"
2098,2503173.0,14060.0,Kerbala,Kerbala,Hay al-askan,حي الاسكان,32.59151,44.02167,15.0,90.0,0.0,0.0,0.0,0.0,0.0,0.0,0.0,0.0,0.0,0.0,0.0,0.0,15.0,0.0,0.0,0.0,0.0,0.0,0.0,5.0,0.0,0.0,0.0,0.0,0.0,0.0,10.0,0.0,0.0,10.0,0.0,0.0,0.0,0.0,0.0,0.0,0.0,0.0,0.0,0.0,15.0,0.0,0.0,15.0,0.0,0.0,0.0,0.0,0.0,0.0,0.0,0.0,0.0,0.0,0.0,0.0,"Jan 19, 2017"
2099,2503175.0,14073.0,Kerbala,Kerbala,Hay al-baldya,البلديه,32.6045,44.02955,43.0,258.0,0.0,0.0,0.0,0.0,0.0,0.0,0.0,0.0,0.0,0.0,0.0,0.0,43.0,0.0,0.0,0.0,0.0,0.0,0.0,0.0,0.0,0.0,0.0,0.0,0.0,0.0,43.0,0.0,0.0,43.0,0.0,0.0,0.0,0.0,0.0,0.0,0.0,0.0,0.0,0.0,43.0,0.0,0.0,43.0,0.0,0.0,0.0,0.0,0.0,0.0,0.0,0.0,0.0,0.0,0.0,0.0,"Jan 19, 2017"
2100,2503176.0,24138.0,Kerbala,Kerbala,Hay Al-Ghadeer,حي الغدير,32.6039675,43.9950197,8.0,48.0,0.0,0.0,0.0,0.0,0.0,0.0,0.0,0.0,0.0,0.0,0.0,0.0,8.0,0.0,0.0,0.0,0.0,0.0,0.0,0.0,0.0,0.0,0.0,0.0,0.0,0.0,8.0,0.0,0.0,8.0,0.0,0.0,0.0,0.0,0.0,0.0,0.0,0.0,0.0,0.0,8.0,0.0,0.0,8.0,0.0,0.0,0.0,0.0,0.0,0.0,0.0,0.0,0.0,0.0,0.0,0.0,"Jan 19, 2017"
2101,2503177.0,25344.0,Kerbala,Kerbala,Hay Al-Ghadeer 4,حي الغدير4,32.6047793,43.9878141672,7.0,42.0,0.0,0.0,0.0,0.0,0.0,0.0,0.0,0.0,0.0,0.0,0.0,0.0,7.0,0.0,0.0,0.0,0.0,0.0,0.0,0.0,0.0,0.0,0.0,0.0,0.0,0.0,7.0,0.0,0.0,7.0,0.0,0.0,0.0,0.0,0.0,0.0,0.0,0.0,0.0,0.0,7.0,0.0,0.0,7.0,0.0,0.0,0.0,0.0,0.0,0.0,0.0,0.0,0.0,0.0,0.0,0.0,"Jan 19, 2017"
2102,2503178.0,25345.0,Kerbala,Kerbala,Hay Al-Ghadeer 5,حي الغدير 5,32.6072893,43.9878097272,13.0,78.0,0.0,0.0,1.0,0.0,0.0,0.0,0.0,0.0,3.0,0.0,0.0,0.0,9.0,0.0,0.0,0.0,0.0,0.0,0.0,0.0,0.0,0.0,0.0,0.0,0.0,0.0,13.0,0.0,0.0,13.0,0.0,0.0,0.0,0.0,0.0,0.0,0.0,0.0,2.0,0.0,9.0,2.0,2.0,9.0,0.0,2.0,0.0,0.0,0.0,0.0,0.0,0.0,0.0,0.0,0.0,0.0,"Jan 19, 2017"
2103,2503180.0,25347.0,Kerbala,Kerbala,Hay Al-Ghadeer 7,حي الغدير 7,32.60422,43.98239,1.0,6.0,1.0,0.0,0.0,0.0,0.0,0.0,0.0,0.0,0.0,0.0,0.0,0.0,0.0,0.0,0.0,0.0,0.0,0.0,0.0,0.0,0.0,0.0,0.0,0.0,0.0,0.0,1.0,0.0,0.0,1.0,0.0,0.0,0.0,0.0,0.0,0.0,0.0,0.0,1.0,0.0,0.0,1.0,0.0,0.0,0.0,0.0,0.0,0.0,0.0,0.0,0.0,0.0,0.0,0.0,0.0,0.0,"Jan 19, 2017"
2104,2503181.0,25348.0,Kerbala,Kerbala,Hay Al-Ghadeer 8,حي الغدير 8,32.610732,43.9901,3.0,18.0,1.0,0.0,0.0,0.0,0.0,0.0,0.0,0.0,0.0,0.0,0.0,0.0,2.0,0.0,0.0,0.0,0.0,0.0,0.0,0.0,0.0,0.0,0.0,0.0,0.0,0.0,3.0,0.0,0.0,3.0,0.0,0.0,0.0,0.0,0.0,0.0,0.0,0.0,1.0,0.0,2.0,1.0,0.0,2.0,0.0,0.0,0.0,0.0,0.0,0.0,0.0,0.0,0.0,0.0,0.0,0.0,"Jan 19, 2017"
2105,2503182.0,13988.0,Kerbala,Kerbala,Hay al-milad,حي الميلاد,32.55971,44.02838,9.0,54.0,0.0,0.0,0.0,0.0,0.0,0.0,0.0,0.0,0.0,0.0,0.0,0.0,9.0,0.0,0.0,0.0,0.0,0.0,0.0,0.0,0.0,0.0,0.0,0.0,0.0,0.0,9.0,0.0,0.0,9.0,0.0,0.0,0.0,0.0,0.0,0.0,0.0,0.0,0.0,0.0,9.0,0.0,0.0,9.0,0.0,0.0,0.0,0.0,0.0,0.0,0.0,0.0,0.0,0.0,0.0,0.0,"Jan 19, 2017"
2106,2503183.0,25554.0,Kerbala,Kerbala,Hay Almohandsen Alzerain 24,حي المهندسين الزراعين 24,32.62459607,43.96437343,3.0,18.0,0.0,0.0,0.0,0.0,0.0,0.0,0.0,0.0,0.0,0.0,0.0,0.0,3.0,0.0,0.0,0.0,0.0,0.0,0.0,0.0,0.0,0.0,0.0,0.0,0.0,0.0,3.0,0.0,0.0,3.0,0.0,0.0,0.0,0.0,0.0,0.0,0.0,0.0,0.0,0.0,3.0,0.0,0.0,3.0,0.0,0.0,0.0,0.0,0.0,0.0,0.0,0.0,0.0,0.0,0.0,0.0,"Jan 19, 2017"
2107,2503184.0,14077.0,Kerbala,Kerbala,Hay al-muadhafein,حي الموظفين,32.60366,44.011605,8.0,48.0,0.0,0.0,0.0,0.0,0.0,0.0,0.0,0.0,0.0,0.0,0.0,0.0,8.0,0.0,0.0,0.0,0.0,0.0,0.0,0.0,0.0,0.0,0.0,0.0,0.0,5.0,3.0,5.0,0.0,3.0,0.0,0.0,0.0,0.0,0.0,0.0,0.0,0.0,0.0,0.0,8.0,0.0,0.0,8.0,0.0,0.0,0.0,0.0,0.0,0.0,0.0,0.0,0.0,0.0,0.0,0.0,"Jan 19, 2017"
2108,2503185.0,14099.0,Kerbala,Kerbala,Hay al-mualmein,حي المعلمين,32.614955,44.00396,6.0,36.0,0.0,0.0,0.0,0.0,0.0,0.0,0.0,0.0,0.0,0.0,0.0,0.0,6.0,0.0,0.0,0.0,0.0,0.0,0.0,0.0,0.0,0.0,0.0,0.0,0.0,1.0,5.0,1.0,0.0,5.0,0.0,0.0,0.0,0.0,0.0,0.0,0.0,0.0,0.0,0.0,6.0,0.0,0.0,6.0,0.0,0.0,0.0,0.0,0.0,0.0,0.0,0.0,0.0,0.0,0.0,0.0,"Jan 19, 2017"
2109,2503186.0,14013.0,Kerbala,Kerbala,Hay al-muhandseen al-zeraeien,حي المهندسين الزراعين,32.65361598,43.98380738,6.0,36.0,3.0,0.0,0.0,0.0,0.0,0.0,0.0,0.0,0.0,0.0,0.0,0.0,3.0,0.0,0.0,0.0,0.0,0.0,0.0,0.0,0.0,0.0,0.0,0.0,0.0,0.0,6.0,0.0,0.0,6.0,0.0,0.0,0.0,0.0,0.0,0.0,0.0,0.0,3.0,0.0,3.0,3.0,0.0,3.0,0.0,0.0,0.0,0.0,0.0,0.0,0.0,0.0,0.0,0.0,0.0,0.0,"Jan 19, 2017"
2110,2503187.0,14018.0,Kerbala,Kerbala,Hay Al-Naser,حي النصر ,32.5777732836,44.0022594,37.0,222.0,0.0,0.0,0.0,0.0,0.0,0.0,0.0,0.0,0.0,0.0,0.0,0.0,37.0,0.0,0.0,0.0,0.0,0.0,0.0,0.0,0.0,0.0,0.0,0.0,0.0,0.0,37.0,0.0,0.0,37.0,0.0,0.0,0.0,0.0,0.0,0.0,0.0,0.0,0.0,0.0,37.0,0.0,0.0,37.0,0.0,0.0,0.0,0.0,0.0,0.0,0.0,0.0,0.0,0.0,0.0,0.0,"Jan 19, 2017"
2111,2503189.0,14273.0,Kerbala,Kerbala,Hay Al-Rasool,حي الرسول,32.5753973416,44.0163881,30.0,180.0,0.0,0.0,0.0,0.0,0.0,0.0,0.0,0.0,0.0,0.0,0.0,0.0,30.0,0.0,0.0,0.0,0.0,0.0,0.0,0.0,0.0,0.0,0.0,0.0,0.0,0.0,26.0,0.0,0.0,26.0,0.0,0.0,0.0,0.0,4.0,0.0,0.0,4.0,0.0,0.0,30.0,0.0,0.0,30.0,0.0,0.0,0.0,0.0,0.0,0.0,0.0,0.0,0.0,0.0,0.0,0.0,"Jan 19, 2017"
2112,2503190.0,14004.0,Kerbala,Kerbala,Hay al-resalah,حي الرساله,32.56581,44.01556,26.0,156.0,3.0,0.0,0.0,0.0,0.0,4.0,0.0,0.0,0.0,0.0,0.0,0.0,18.0,0.0,1.0,0.0,0.0,0.0,0.0,3.0,0.0,0.0,0.0,0.0,0.0,0.0,23.0,0.0,0.0,23.0,0.0,0.0,0.0,0.0,0.0,0.0,0.0,0.0,3.0,0.0,18.0,3.0,5.0,18.0,0.0,5.0,0.0,0.0,0.0,0.0,0.0,0.0,0.0,0.0,0.0,0.0,"Jan 19, 2017"
2113,2503192.0,14079.0,Kerbala,Kerbala,Hay al-sahah,العنك,32.64783736,44.00303372,8.0,48.0,0.0,0.0,3.0,0.0,0.0,0.0,0.0,0.0,0.0,0.0,0.0,0.0,5.0,0.0,0.0,0.0,0.0,0.0,0.0,0.0,0.0,0.0,0.0,0.0,0.0,0.0,8.0,0.0,0.0,8.0,0.0,0.0,0.0,0.0,0.0,0.0,0.0,0.0,0.0,0.0,5.0,0.0,2.0,5.0,0.0,2.0,1.0,0.0,0.0,1.0,0.0,0.0,0.0,0.0,0.0,0.0,"Jan 19, 2017"
2114,2503195.0,14023.0,Kerbala,Kerbala,al-taawen,التعاون,32.5812779,44.0191467,6.0,36.0,1.0,0.0,0.0,0.0,0.0,0.0,0.0,0.0,0.0,0.0,0.0,0.0,5.0,0.0,0.0,0.0,0.0,0.0,0.0,0.0,0.0,0.0,0.0,0.0,0.0,0.0,6.0,0.0,0.0,6.0,0.0,0.0,0.0,0.0,0.0,0.0,0.0,0.0,1.0,0.0,5.0,1.0,0.0,5.0,0.0,0.0,0.0,0.0,0.0,0.0,0.0,0.0,0.0,0.0,0.0,0.0,"Jan 19, 2017"
2115,2503196.0,14067.0,Kerbala,Kerbala,Hay al-tahady,حي التحدي,32.5979946658,44.0049484,11.0,66.0,0.0,0.0,0.0,0.0,0.0,0.0,0.0,0.0,0.0,0.0,0.0,0.0,11.0,0.0,0.0,0.0,0.0,0.0,0.0,0.0,0.0,0.0,0.0,0.0,0.0,0.0,11.0,0.0,0.0,11.0,0.0,0.0,0.0,0.0,0.0,0.0,0.0,0.0,0.0,0.0,11.0,0.0,0.0,11.0,0.0,0.0,0.0,0.0,0.0,0.0,0.0,0.0,0.0,0.0,0.0,0.0,"Jan 19, 2017"
2116,2503197.0,14043.0,Kerbala,Kerbala,Hay al-Usrah,حي الاسرة,32.58306,44.03713,11.0,66.0,0.0,0.0,0.0,0.0,0.0,0.0,0.0,0.0,0.0,0.0,0.0,0.0,11.0,0.0,0.0,0.0,0.0,0.0,0.0,0.0,0.0,0.0,0.0,0.0,0.0,0.0,11.0,0.0,0.0,11.0,0.0,0.0,0.0,0.0,0.0,0.0,0.0,0.0,0.0,0.0,11.0,0.0,0.0,11.0,0.0,0.0,0.0,0.0,0.0,0.0,0.0,0.0,0.0,0.0,0.0,0.0,"Jan 19, 2017"
2117,2503198.0,14005.0,Kerbala,Kerbala,Hay Al-Wafaa-333,حي الوفاء-محله 333,32.5672019713,44.0269374,49.0,294.0,6.0,0.0,0.0,0.0,0.0,3.0,0.0,0.0,4.0,0.0,0.0,0.0,32.0,0.0,4.0,0.0,0.0,0.0,0.0,0.0,0.0,0.0,0.0,0.0,0.0,0.0,49.0,0.0,0.0,49.0,0.0,0.0,0.0,0.0,0.0,0.0,0.0,0.0,0.0,0.0,43.0,0.0,0.0,43.0,2.0,0.0,4.0,2.0,0.0,4.0,0.0,0.0,0.0,0.0,0.0,0.0,"Jan 19, 2017"
2118,2503199.0,25272.0,Kerbala,Kerbala,Hay El Al Iman-3,حي الايمان 3,32.5890353825,44.0130968312,17.0,102.0,0.0,0.0,0.0,0.0,0.0,0.0,0.0,0.0,0.0,0.0,0.0,0.0,17.0,0.0,0.0,0.0,0.0,0.0,0.0,0.0,0.0,0.0,0.0,0.0,0.0,13.0,4.0,13.0,0.0,4.0,0.0,0.0,0.0,0.0,0.0,0.0,0.0,0.0,0.0,0.0,17.0,0.0,0.0,17.0,0.0,0.0,0.0,0.0,0.0,0.0,0.0,0.0,0.0,0.0,0.0,0.0,"Jan 19, 2017"
2119,2503200.0,14274.0,Kerbala,Kerbala,Hay Ramadan,حي رمضان,32.60744,44.01328,13.0,78.0,0.0,0.0,0.0,0.0,0.0,0.0,0.0,0.0,0.0,0.0,0.0,0.0,13.0,0.0,0.0,0.0,0.0,0.0,0.0,0.0,0.0,0.0,0.0,0.0,0.0,2.0,11.0,2.0,0.0,11.0,0.0,0.0,0.0,0.0,0.0,0.0,0.0,0.0,0.0,0.0,13.0,0.0,0.0,13.0,0.0,0.0,0.0,0.0,0.0,0.0,0.0,0.0,0.0,0.0,0.0,0.0,"Jan 19, 2017"
2120,2503201.0,14272.0,Kerbala,Kerbala,Hay Ramadan 2,حي رمضان 2,32.60393,44.0133,11.0,66.0,1.0,0.0,0.0,0.0,0.0,1.0,0.0,0.0,0.0,0.0,0.0,0.0,9.0,0.0,0.0,0.0,0.0,0.0,0.0,0.0,0.0,0.0,0.0,0.0,0.0,0.0,11.0,0.0,0.0,11.0,0.0,0.0,0.0,0.0,0.0,0.0,0.0,0.0,1.0,0.0,10.0,1.0,0.0,10.0,0.0,0.0,0.0,0.0,0.0,0.0,0.0,0.0,0.0,0.0,0.0,0.0,"Jan 19, 2017"
2121,2503203.0,25263.0,Kerbala,Kerbala,Kantraat Al Salam,كنطرة السلام,32.6045284,44.0616160896,190.0,1140.0,10.0,0.0,0.0,0.0,0.0,5.0,0.0,0.0,0.0,0.0,0.0,0.0,170.0,0.0,5.0,0.0,0.0,0.0,0.0,18.0,0.0,3.0,0.0,0.0,3.0,95.0,72.0,95.0,0.0,72.0,0.0,0.0,0.0,0.0,2.0,0.0,0.0,2.0,10.0,0.0,170.0,10.0,10.0,170.0,0.0,10.0,0.0,0.0,0.0,0.0,0.0,0.0,0.0,0.0,0.0,0.0,"Jan 19, 2017"
2122,2503205.0,25847.0,Kerbala,Kerbala,Kerbala1,كربلاء 1,32.6001445,44.046995,22.0,132.0,0.0,0.0,0.0,0.0,0.0,0.0,0.0,0.0,0.0,0.0,0.0,0.0,22.0,0.0,0.0,0.0,0.0,0.0,0.0,0.0,0.0,0.0,0.0,0.0,0.0,6.0,16.0,6.0,0.0,16.0,0.0,0.0,0.0,0.0,0.0,0.0,0.0,0.0,0.0,0.0,22.0,0.0,0.0,22.0,0.0,0.0,0.0,0.0,0.0,0.0,0.0,0.0,0.0,0.0,0.0,0.0,"Jan 19, 2017"
2123,2503206.0,25782.0,Kerbala,Kerbala,Al thawra 2,الثورة2,32.6341112161,43.9918512963,18.0,108.0,6.0,0.0,0.0,0.0,0.0,0.0,0.0,0.0,0.0,0.0,0.0,0.0,12.0,0.0,0.0,0.0,0.0,0.0,0.0,0.0,0.0,0.0,0.0,0.0,0.0,0.0,18.0,0.0,0.0,18.0,0.0,0.0,0.0,0.0,0.0,0.0,0.0,0.0,0.0,0.0,12.0,0.0,0.0,12.0,0.0,0.0,6.0,0.0,0.0,6.0,0.0,0.0,0.0,0.0,0.0,0.0,"Jan 19, 2017"
2124,2503207.0,25781.0,Kerbala,Kerbala,Al thawra-1,الثورة1,32.6296408218,43.9940460905,6.0,36.0,6.0,0.0,0.0,0.0,0.0,0.0,0.0,0.0,0.0,0.0,0.0,0.0,0.0,0.0,0.0,0.0,0.0,0.0,0.0,0.0,0.0,0.0,0.0,0.0,0.0,0.0,6.0,0.0,0.0,6.0,0.0,0.0,0.0,0.0,0.0,0.0,0.0,0.0,0.0,0.0,0.0,0.0,0.0,0.0,0.0,0.0,6.0,0.0,0.0,6.0,0.0,0.0,0.0,0.0,0.0,0.0,"Jan 19, 2017"
2125,2503208.0,14319.0,Kerbala,Kerbala,Al-Mulhak,الملحق,32.5861447731,44.0355004041,4.0,24.0,0.0,0.0,0.0,0.0,0.0,0.0,0.0,0.0,0.0,0.0,0.0,0.0,4.0,0.0,0.0,0.0,0.0,0.0,0.0,0.0,0.0,0.0,0.0,0.0,0.0,0.0,4.0,0.0,0.0,4.0,0.0,0.0,0.0,0.0,0.0,0.0,0.0,0.0,0.0,0.0,4.0,0.0,0.0,4.0,0.0,0.0,0.0,0.0,0.0,0.0,0.0,0.0,0.0,0.0,0.0,0.0,"Jan 19, 2017"
2126,2503209.0,25780.0,Kerbala,Kerbala,Hay Al-Naser14,حي النصر14,32.5771676,44.0058704946,8.0,48.0,0.0,0.0,0.0,0.0,0.0,0.0,0.0,0.0,0.0,0.0,0.0,0.0,7.0,0.0,1.0,0.0,0.0,0.0,0.0,0.0,0.0,0.0,0.0,0.0,0.0,0.0,8.0,0.0,0.0,8.0,0.0,0.0,0.0,0.0,0.0,0.0,0.0,0.0,0.0,0.0,8.0,0.0,0.0,8.0,0.0,0.0,0.0,0.0,0.0,0.0,0.0,0.0,0.0,0.0,0.0,0.0,"Jan 19, 2017"
2127,2503210.0,25854.0,Kerbala,Kerbala,Khair Al-den Al Janouby,خير الدين الجنوبي,32.654209,44.118456,10.0,60.0,5.0,0.0,0.0,0.0,0.0,1.0,0.0,0.0,0.0,0.0,0.0,0.0,4.0,0.0,0.0,0.0,0.0,0.0,0.0,0.0,0.0,0.0,0.0,0.0,0.0,1.0,9.0,1.0,0.0,9.0,0.0,0.0,0.0,0.0,0.0,0.0,0.0,0.0,5.0,0.0,4.0,5.0,0.0,4.0,0.0,0.0,1.0,0.0,0.0,1.0,0.0,0.0,0.0,0.0,0.0,0.0,"Jan 19, 2017"
2128,2503211.0,25853.0,Kerbala,Kerbala,Khair Al-den Al Shamaly,خير الدين الشمالي,32.65824401,44.12630545,8.0,48.0,0.0,0.0,0.0,0.0,0.0,0.0,0.0,0.0,0.0,0.0,0.0,0.0,8.0,0.0,0.0,0.0,0.0,0.0,0.0,1.0,0.0,0.0,0.0,0.0,0.0,7.0,0.0,7.0,0.0,0.0,0.0,0.0,0.0,0.0,0.0,0.0,0.0,0.0,0.0,0.0,8.0,0.0,0.0,8.0,0.0,0.0,0.0,0.0,0.0,0.0,0.0,0.0,0.0,0.0,0.0,0.0,"Jan 19, 2017"
2129,2503212.0,14102.0,Kerbala,Kerbala,Mahlat al-mukheim,المخيم,32.614148,44.03073,60.0,360.0,0.0,0.0,0.0,0.0,0.0,0.0,0.0,0.0,0.0,0.0,0.0,0.0,60.0,0.0,0.0,0.0,0.0,0.0,0.0,32.0,0.0,0.0,0.0,0.0,0.0,0.0,28.0,0.0,0.0,28.0,0.0,0.0,0.0,0.0,0.0,0.0,0.0,0.0,0.0,0.0,60.0,0.0,0.0,60.0,0.0,0.0,0.0,0.0,0.0,0.0,0.0,0.0,0.0,0.0,0.0,0.0,"Jan 19, 2017"
2130,2503213.0,14121.0,Kerbala,Kerbala,Mahlat bab al-khan,محلة باب الخان,32.61721,44.04011,100.0,600.0,1.0,0.0,0.0,0.0,0.0,0.0,0.0,0.0,0.0,0.0,0.0,0.0,99.0,0.0,0.0,0.0,0.0,0.0,0.0,0.0,0.0,0.0,0.0,0.0,0.0,0.0,100.0,0.0,0.0,100.0,0.0,0.0,0.0,0.0,0.0,0.0,0.0,0.0,1.0,0.0,99.0,1.0,0.0,99.0,0.0,0.0,0.0,0.0,0.0,0.0,0.0,0.0,0.0,0.0,0.0,0.0,"Jan 19, 2017"
2131,2503214.0,14114.0,Kerbala,Kerbala,Mahlat bab al-taak,باب الطاق,32.617776,44.031277,40.0,240.0,0.0,0.0,0.0,0.0,0.0,0.0,0.0,0.0,0.0,0.0,0.0,0.0,40.0,0.0,0.0,0.0,0.0,0.0,0.0,0.0,0.0,0.0,0.0,0.0,0.0,0.0,40.0,0.0,0.0,40.0,0.0,0.0,0.0,0.0,0.0,0.0,0.0,0.0,0.0,0.0,40.0,0.0,0.0,40.0,0.0,0.0,0.0,0.0,0.0,0.0,0.0,0.0,0.0,0.0,0.0,0.0,"Jan 19, 2017"
2132,2503215.0,14117.0,Kerbala,Kerbala,Mahlat bab baghdad,باب بغداد ,32.61867,44.03655,20.0,120.0,0.0,0.0,0.0,0.0,0.0,0.0,0.0,0.0,0.0,0.0,0.0,0.0,20.0,0.0,0.0,0.0,0.0,0.0,0.0,1.0,0.0,0.0,0.0,0.0,0.0,0.0,19.0,0.0,0.0,19.0,0.0,0.0,0.0,0.0,0.0,0.0,0.0,0.0,0.0,0.0,20.0,0.0,0.0,20.0,0.0,0.0,0.0,0.0,0.0,0.0,0.0,0.0,0.0,0.0,0.0,0.0,"Jan 19, 2017"
2133,2502048.0,25997.0,Kerbala,Al-Hindiya,Mahoor Karbala-Hindiya,محور كربلاء هندية,32.54216,44.21385,28.0,168.0,0.0,0.0,0.0,0.0,0.0,0.0,0.0,0.0,0.0,0.0,0.0,0.0,28.0,0.0,0.0,0.0,0.0,0.0,0.0,0.0,0.0,0.0,0.0,0.0,0.0,0.0,28.0,0.0,0.0,28.0,0.0,0.0,0.0,0.0,0.0,0.0,0.0,0.0,0.0,0.0,28.0,0.0,0.0,28.0,0.0,0.0,0.0,0.0,0.0,0.0,0.0,0.0,0.0,0.0,0.0,0.0,"Jan 19, 2017"
2134,2503217.0,24137.0,Kerbala,Kerbala,Maitham Al Tammar,ميثم التمار ,32.6180031,44.0434423224,140.0,840.0,0.0,0.0,0.0,0.0,0.0,0.0,0.0,0.0,0.0,0.0,0.0,0.0,140.0,0.0,0.0,0.0,0.0,0.0,0.0,0.0,0.0,0.0,0.0,0.0,0.0,50.0,90.0,50.0,0.0,90.0,0.0,0.0,0.0,0.0,0.0,0.0,0.0,0.0,0.0,0.0,140.0,0.0,0.0,140.0,0.0,0.0,0.0,0.0,0.0,0.0,0.0,0.0,0.0,0.0,0.0,0.0,"Jan 19, 2017"
2135,2503218.0,24578.0,Kerbala,Kerbala,Malhak Dubbat Al-Mudfeen,ملحق ضباط الموظفين,32.6046416144,43.9996337533,17.0,102.0,2.0,0.0,0.0,0.0,0.0,0.0,0.0,0.0,0.0,0.0,0.0,0.0,15.0,0.0,0.0,0.0,0.0,0.0,0.0,1.0,0.0,0.0,0.0,0.0,0.0,0.0,16.0,0.0,0.0,16.0,0.0,0.0,0.0,0.0,0.0,0.0,0.0,0.0,2.0,0.0,15.0,2.0,0.0,15.0,0.0,0.0,0.0,0.0,0.0,0.0,0.0,0.0,0.0,0.0,0.0,0.0,"Jan 19, 2017"
2136,2503219.0,25846.0,Kerbala,Kerbala,Mamel Al Jobor,معامل الجبور,32.6056595,44.0705493,80.0,480.0,0.0,0.0,0.0,0.0,0.0,0.0,0.0,0.0,0.0,0.0,0.0,0.0,80.0,0.0,0.0,0.0,0.0,0.0,0.0,0.0,0.0,20.0,0.0,0.0,20.0,43.0,17.0,43.0,0.0,17.0,0.0,0.0,0.0,0.0,0.0,0.0,0.0,0.0,0.0,0.0,80.0,0.0,0.0,80.0,0.0,0.0,0.0,0.0,0.0,0.0,0.0,0.0,0.0,0.0,0.0,0.0,"Jan 19, 2017"
2137,2503220.0,25735.0,Kerbala,Kerbala,Al-hadi,الهادي,32.6006572,44.0404201289,63.0,378.0,0.0,0.0,0.0,0.0,0.0,0.0,0.0,0.0,0.0,0.0,0.0,0.0,61.0,0.0,2.0,0.0,0.0,0.0,0.0,0.0,0.0,0.0,0.0,0.0,0.0,17.0,46.0,17.0,0.0,46.0,0.0,0.0,0.0,0.0,0.0,0.0,0.0,0.0,0.0,0.0,61.0,0.0,2.0,61.0,0.0,2.0,0.0,0.0,0.0,0.0,0.0,0.0,0.0,0.0,0.0,0.0,"Jan 19, 2017"
2138,2502049.0,25975.0,Kerbala,Al-Hindiya,Al-Kawthar Camp,مخيم وزارة الهجرة والمهجرين,32.5251688271,44.104280552,1300.0,7800.0,9.0,0.0,0.0,0.0,0.0,0.0,0.0,0.0,0.0,0.0,0.0,0.0,1291.0,0.0,0.0,0.0,0.0,0.0,1300.0,0.0,0.0,0.0,0.0,0.0,0.0,0.0,0.0,0.0,0.0,0.0,0.0,0.0,0.0,0.0,0.0,0.0,0.0,0.0,9.0,0.0,1291.0,9.0,0.0,1291.0,0.0,0.0,0.0,0.0,0.0,0.0,0.0,0.0,0.0,0.0,0.0,0.0,"Jan 19, 2017"
2139,2503223.0,25363.0,Kerbala,Kerbala,Molahak Al Atbaa,ملحق الاطباء,32.5794278,43.998512553,17.0,102.0,4.0,0.0,0.0,0.0,0.0,0.0,0.0,0.0,0.0,0.0,0.0,0.0,13.0,0.0,0.0,0.0,0.0,0.0,0.0,0.0,0.0,0.0,0.0,0.0,0.0,0.0,17.0,0.0,0.0,17.0,0.0,0.0,0.0,0.0,0.0,0.0,0.0,0.0,0.0,0.0,13.0,0.0,4.0,13.0,0.0,4.0,0.0,0.0,0.0,0.0,0.0,0.0,0.0,0.0,0.0,0.0,"Jan 19, 2017"
2140,2503224.0,14280.0,Kerbala,Kerbala,Molhak al fares,ملحق الفارس,32.5800710705,43.9919312,25.0,150.0,5.0,0.0,0.0,0.0,0.0,0.0,0.0,0.0,2.0,0.0,0.0,0.0,18.0,0.0,0.0,0.0,0.0,0.0,0.0,0.0,0.0,0.0,0.0,0.0,0.0,0.0,25.0,0.0,0.0,25.0,0.0,0.0,0.0,0.0,0.0,0.0,0.0,0.0,0.0,0.0,25.0,0.0,0.0,25.0,0.0,0.0,0.0,0.0,0.0,0.0,0.0,0.0,0.0,0.0,0.0,0.0,"Jan 19, 2017"
2141,2503226.0,25056.0,Kerbala,Kerbala,Mulhak Al Shebanat,ملحق الشبانات,32.5914826,44.0707843133,19.0,114.0,0.0,0.0,2.0,0.0,0.0,4.0,0.0,0.0,0.0,0.0,0.0,0.0,13.0,0.0,0.0,0.0,0.0,0.0,0.0,0.0,0.0,0.0,0.0,0.0,0.0,17.0,2.0,17.0,0.0,2.0,0.0,0.0,0.0,0.0,0.0,0.0,0.0,0.0,0.0,0.0,19.0,0.0,0.0,19.0,0.0,0.0,0.0,0.0,0.0,0.0,0.0,0.0,0.0,0.0,0.0,0.0,"Jan 19, 2017"
2142,2503227.0,14281.0,Kerbala,Kerbala,Mulhaq Al-Intisar,ملحق الانتصار,32.6069421,44.0414644,125.0,750.0,0.0,0.0,0.0,0.0,0.0,0.0,0.0,0.0,0.0,0.0,0.0,0.0,125.0,0.0,0.0,0.0,0.0,0.0,0.0,0.0,0.0,0.0,0.0,0.0,0.0,25.0,100.0,25.0,0.0,100.0,0.0,0.0,0.0,0.0,0.0,0.0,0.0,0.0,0.0,0.0,125.0,0.0,0.0,125.0,0.0,0.0,0.0,0.0,0.0,0.0,0.0,0.0,0.0,0.0,0.0,0.0,"Jan 19, 2017"
2143,2503228.0,14293.0,Kerbala,Kerbala,Mulhaq Al-Mudaraa,ملحق المدراء,32.6140303301,43.9840543769,19.0,114.0,0.0,0.0,0.0,0.0,0.0,0.0,0.0,0.0,0.0,0.0,0.0,0.0,19.0,0.0,0.0,0.0,0.0,0.0,0.0,0.0,0.0,0.0,0.0,0.0,0.0,0.0,19.0,0.0,0.0,19.0,0.0,0.0,0.0,0.0,0.0,0.0,0.0,0.0,0.0,0.0,19.0,0.0,0.0,19.0,0.0,0.0,0.0,0.0,0.0,0.0,0.0,0.0,0.0,0.0,0.0,0.0,"Jan 19, 2017"
2144,2503230.0,25849.0,Kerbala,Kerbala,Om Al Baneen Al Shrawy 2,ام البنين الصحراويه 2,32.5610115,44.065455,25.0,150.0,0.0,0.0,0.0,0.0,0.0,0.0,0.0,0.0,0.0,0.0,0.0,0.0,25.0,0.0,0.0,0.0,0.0,0.0,0.0,0.0,0.0,0.0,0.0,0.0,0.0,20.0,5.0,20.0,0.0,5.0,0.0,0.0,0.0,0.0,0.0,0.0,0.0,0.0,0.0,0.0,25.0,0.0,0.0,25.0,0.0,0.0,0.0,0.0,0.0,0.0,0.0,0.0,0.0,0.0,0.0,0.0,"Jan 19, 2017"
2145,2502052.0,26005.0,Kerbala,Al-Hindiya,Shat Alaa,شط الله,32.50547,44.241168,11.0,66.0,0.0,0.0,0.0,0.0,0.0,0.0,0.0,0.0,0.0,0.0,0.0,0.0,11.0,0.0,0.0,0.0,0.0,0.0,0.0,0.0,0.0,0.0,0.0,0.0,0.0,0.0,11.0,0.0,0.0,11.0,0.0,0.0,0.0,0.0,0.0,0.0,0.0,0.0,0.0,0.0,11.0,0.0,0.0,11.0,0.0,0.0,0.0,0.0,0.0,0.0,0.0,0.0,0.0,0.0,0.0,0.0,"Jan 19, 2017"
2146,2503233.0,14315.0,Kerbala,Kerbala,Shuhadaa AL Muwadhayn,شهداء الموظفين,32.60318,44.00143,9.0,54.0,8.0,0.0,0.0,0.0,0.0,0.0,0.0,0.0,0.0,0.0,0.0,0.0,1.0,0.0,0.0,0.0,0.0,0.0,0.0,0.0,0.0,0.0,0.0,0.0,0.0,0.0,9.0,0.0,0.0,9.0,0.0,0.0,0.0,0.0,0.0,0.0,0.0,0.0,8.0,0.0,1.0,8.0,0.0,1.0,0.0,0.0,0.0,0.0,0.0,0.0,0.0,0.0,0.0,0.0,0.0,0.0,"Jan 19, 2017"
2147,2503234.0,25733.0,Kerbala,Kerbala,Shuhadaa Al Muwadhafen 2,شهداء الموظفين 2,32.6026880718,43.9963640945,15.0,90.0,4.0,0.0,0.0,0.0,0.0,0.0,0.0,0.0,0.0,0.0,0.0,0.0,11.0,0.0,0.0,0.0,0.0,0.0,0.0,0.0,0.0,0.0,0.0,0.0,0.0,0.0,15.0,0.0,0.0,15.0,0.0,0.0,0.0,0.0,0.0,0.0,0.0,0.0,0.0,0.0,15.0,0.0,0.0,15.0,0.0,0.0,0.0,0.0,0.0,0.0,0.0,0.0,0.0,0.0,0.0,0.0,"Jan 19, 2017"
2148,2503235.0,25271.0,Kerbala,Kerbala,Shuihadaa Al Amam Ali,شهداء الامام علي,32.5703420985,44.0208274694,8.0,48.0,2.0,0.0,0.0,0.0,0.0,3.0,0.0,0.0,0.0,0.0,0.0,0.0,3.0,0.0,0.0,0.0,0.0,0.0,0.0,0.0,0.0,0.0,0.0,0.0,0.0,0.0,8.0,0.0,0.0,8.0,0.0,0.0,0.0,0.0,0.0,0.0,0.0,0.0,0.0,0.0,8.0,0.0,0.0,8.0,0.0,0.0,0.0,0.0,0.0,0.0,0.0,0.0,0.0,0.0,0.0,0.0,"Jan 19, 2017"
2149,2503236.0,25536.0,Kerbala,Kerbala,Molhak Al Atbaa(Elegal),تجاوز ملحق الاطباء,32.5781237,43.9974296641,4.0,24.0,1.0,0.0,0.0,0.0,0.0,0.0,0.0,0.0,0.0,0.0,0.0,0.0,3.0,0.0,0.0,0.0,0.0,0.0,0.0,0.0,0.0,0.0,0.0,0.0,0.0,0.0,4.0,0.0,0.0,4.0,0.0,0.0,0.0,0.0,0.0,0.0,0.0,0.0,0.0,0.0,3.0,0.0,0.0,3.0,1.0,0.0,0.0,1.0,0.0,0.0,0.0,0.0,0.0,0.0,0.0,0.0,"Jan 19, 2017"
2150,2503237.0,25906.0,Kerbala,Kerbala,Al Ahrar(Elegal),تجاوز الاحرار,32.58918391,44.00977434,6.0,36.0,1.0,0.0,0.0,0.0,0.0,0.0,0.0,0.0,0.0,0.0,0.0,0.0,5.0,0.0,0.0,0.0,0.0,0.0,0.0,6.0,0.0,0.0,0.0,0.0,0.0,0.0,0.0,0.0,0.0,0.0,0.0,0.0,0.0,0.0,0.0,0.0,0.0,0.0,0.0,0.0,6.0,0.0,0.0,6.0,0.0,0.0,0.0,0.0,0.0,0.0,0.0,0.0,0.0,0.0,0.0,0.0,"Jan 19, 2017"
2151,2503238.0,25905.0,Kerbala,Kerbala,Al Nasser(Elegal),تجاوز النصر,32.5763657,44.0019075,12.0,72.0,0.0,0.0,0.0,0.0,0.0,3.0,0.0,0.0,2.0,0.0,0.0,0.0,7.0,0.0,0.0,0.0,0.0,0.0,0.0,1.0,0.0,0.0,0.0,0.0,0.0,0.0,11.0,0.0,0.0,11.0,0.0,0.0,0.0,0.0,0.0,0.0,0.0,0.0,0.0,0.0,12.0,0.0,0.0,12.0,0.0,0.0,0.0,0.0,0.0,0.0,0.0,0.0,0.0,0.0,0.0,0.0,"Jan 19, 2017"
2152,2503240.0,23679.0,Kerbala,Kerbala,Um Al Baneen city,مدينة الزائرين ام البنين ,32.55732,44.073,200.0,1200.0,0.0,0.0,0.0,0.0,0.0,0.0,0.0,0.0,0.0,0.0,0.0,0.0,200.0,0.0,0.0,0.0,0.0,0.0,0.0,0.0,0.0,0.0,0.0,0.0,0.0,200.0,0.0,200.0,0.0,0.0,0.0,0.0,0.0,0.0,0.0,0.0,0.0,0.0,0.0,0.0,200.0,0.0,0.0,200.0,0.0,0.0,0.0,0.0,0.0,0.0,0.0,0.0,0.0,0.0,0.0,0.0,"Jan 19, 2017"
2153,2503241.0,26010.0,Kerbala,Kerbala,Um Al Banen Village,قرية ام البنين,32.5615083,44.0831715,90.0,540.0,0.0,0.0,0.0,0.0,0.0,0.0,0.0,0.0,0.0,0.0,0.0,0.0,90.0,0.0,0.0,0.0,0.0,0.0,0.0,0.0,0.0,0.0,0.0,0.0,0.0,60.0,30.0,60.0,0.0,30.0,0.0,0.0,0.0,0.0,0.0,0.0,0.0,0.0,0.0,0.0,90.0,0.0,0.0,90.0,0.0,0.0,0.0,0.0,0.0,0.0,0.0,0.0,0.0,0.0,0.0,0.0,"Jan 19, 2017"
2154,2503243.0,26066.0,Kerbala,Kerbala,Um Hamam,ام حمام,32.648509,44.233983,6.0,36.0,0.0,0.0,0.0,0.0,0.0,0.0,0.0,0.0,0.0,0.0,0.0,0.0,6.0,0.0,0.0,0.0,0.0,0.0,0.0,0.0,0.0,0.0,0.0,0.0,0.0,0.0,0.0,0.0,0.0,0.0,0.0,0.0,6.0,0.0,0.0,6.0,0.0,0.0,0.0,0.0,6.0,0.0,0.0,6.0,0.0,0.0,0.0,0.0,0.0,0.0,0.0,0.0,0.0,0.0,0.0,0.0,"Jan 19, 2017"
2155,2503247.0,26112.0,Kerbala,Kerbala,Hay Al-Noab,حي النواب,32.586393,44.0509513796,15.0,90.0,0.0,0.0,0.0,0.0,0.0,0.0,0.0,0.0,0.0,0.0,0.0,0.0,15.0,0.0,0.0,0.0,0.0,0.0,0.0,0.0,0.0,0.0,0.0,0.0,0.0,0.0,15.0,0.0,0.0,15.0,0.0,0.0,0.0,0.0,0.0,0.0,0.0,0.0,0.0,0.0,15.0,0.0,0.0,15.0,0.0,0.0,0.0,0.0,0.0,0.0,0.0,0.0,0.0,0.0,0.0,0.0,"Jan 19, 2017"
2156,2503249.0,27265.0,Kerbala,Kerbala,Shuihadaa Al Amam Ali,شهداء الامام علي 2,32.5719858,44.0210812,25.0,150.0,9.0,0.0,0.0,0.0,0.0,0.0,0.0,0.0,0.0,0.0,0.0,0.0,16.0,0.0,0.0,0.0,0.0,0.0,0.0,0.0,0.0,0.0,0.0,0.0,0.0,0.0,25.0,0.0,0.0,25.0,0.0,0.0,0.0,0.0,0.0,0.0,0.0,0.0,0.0,0.0,25.0,0.0,0.0,25.0,0.0,0.0,0.0,0.0,0.0,0.0,0.0,0.0,0.0,0.0,0.0,0.0,"Jan 19, 2017"
2157,2503250.0,27266.0,Kerbala,Kerbala,Hay El Al Iman-4,حي الايمان 4,32.5910708246,44.0137481096,30.0,180.0,1.0,0.0,0.0,0.0,0.0,1.0,0.0,0.0,2.0,0.0,0.0,0.0,26.0,0.0,0.0,0.0,0.0,0.0,0.0,0.0,0.0,0.0,0.0,0.0,0.0,0.0,30.0,0.0,0.0,30.0,0.0,0.0,0.0,0.0,0.0,0.0,0.0,0.0,1.0,0.0,26.0,1.0,3.0,26.0,0.0,3.0,0.0,0.0,0.0,0.0,0.0,0.0,0.0,0.0,0.0,0.0,"Jan 19, 2017"
2158,2503251.0,28409.0,Kerbala,Kerbala,Mosa al Kadum,موسى الكاظم,32.56074306,44.0335789,10.0,60.0,0.0,0.0,0.0,0.0,0.0,0.0,0.0,0.0,0.0,0.0,0.0,0.0,10.0,0.0,0.0,0.0,0.0,0.0,0.0,0.0,0.0,0.0,0.0,0.0,0.0,0.0,10.0,0.0,0.0,10.0,0.0,0.0,0.0,0.0,0.0,0.0,0.0,0.0,0.0,0.0,10.0,0.0,0.0,10.0,0.0,0.0,0.0,0.0,0.0,0.0,0.0,0.0,0.0,0.0,0.0,0.0,"Jan 19, 2017"
2159,2503252.0,22087.0,Kerbala,Kerbala,Hay al mostafa,حي المصطفى,32.5901658,44.0450969379,28.0,168.0,1.0,0.0,0.0,0.0,0.0,0.0,0.0,0.0,0.0,0.0,0.0,0.0,27.0,0.0,0.0,0.0,0.0,0.0,0.0,0.0,0.0,0.0,0.0,0.0,0.0,1.0,27.0,1.0,0.0,27.0,0.0,0.0,0.0,0.0,0.0,0.0,0.0,0.0,0.0,0.0,28.0,0.0,0.0,28.0,0.0,0.0,0.0,0.0,0.0,0.0,0.0,0.0,0.0,0.0,0.0,0.0,"Jan 19, 2017"
2160,2503253.0,14324.0,Kerbala,Kerbala,Al Muamnen(Elegal),تجاوز المؤمنين,32.6430265832,43.9779922,18.0,108.0,3.0,0.0,0.0,0.0,0.0,0.0,0.0,0.0,0.0,0.0,0.0,0.0,15.0,0.0,0.0,0.0,0.0,0.0,0.0,0.0,0.0,0.0,0.0,0.0,0.0,0.0,6.0,0.0,0.0,6.0,0.0,0.0,0.0,0.0,12.0,0.0,0.0,12.0,3.0,0.0,15.0,3.0,0.0,15.0,0.0,0.0,0.0,0.0,0.0,0.0,0.0,0.0,0.0,0.0,0.0,0.0,"Jan 19, 2017"
2161,2601001.0,15614.0,Kirkuk,Al-Hawiga,8 Shabahit,حي 8 شباط,35.32708,43.78052,200.0,1200.0,0.0,0.0,0.0,0.0,0.0,0.0,0.0,0.0,0.0,0.0,0.0,0.0,0.0,0.0,200.0,0.0,0.0,0.0,0.0,200.0,0.0,0.0,0.0,0.0,0.0,0.0,0.0,0.0,0.0,0.0,0.0,0.0,0.0,0.0,0.0,0.0,0.0,0.0,0.0,0.0,200.0,0.0,0.0,200.0,0.0,0.0,0.0,0.0,0.0,0.0,0.0,0.0,0.0,0.0,0.0,0.0,"Jan 19, 2017"
2162,2601002.0,15005.0,Kirkuk,Al-Hawiga,Abas-Al-Namla,قرية نملة,35.3072,43.5925,25.0,150.0,0.0,0.0,0.0,0.0,0.0,0.0,0.0,0.0,0.0,0.0,0.0,0.0,0.0,0.0,25.0,0.0,0.0,0.0,0.0,25.0,0.0,0.0,0.0,0.0,0.0,0.0,0.0,0.0,0.0,0.0,0.0,0.0,0.0,0.0,0.0,0.0,0.0,0.0,0.0,0.0,25.0,0.0,0.0,25.0,0.0,0.0,0.0,0.0,0.0,0.0,0.0,0.0,0.0,0.0,0.0,0.0,"Jan 19, 2017"
2163,2601003.0,14836.0,Kirkuk,Al-Hawiga,Abu-Al-Jaise,قرية أبو الجيس,35.2968793793,43.8448801126,18.0,108.0,18.0,0.0,0.0,0.0,0.0,0.0,0.0,0.0,0.0,0.0,0.0,0.0,0.0,0.0,0.0,0.0,0.0,0.0,0.0,18.0,0.0,0.0,0.0,0.0,0.0,0.0,0.0,0.0,0.0,0.0,0.0,0.0,0.0,0.0,0.0,0.0,0.0,0.0,18.0,0.0,0.0,18.0,0.0,0.0,0.0,0.0,0.0,0.0,0.0,0.0,0.0,0.0,0.0,0.0,0.0,0.0,"Jan 19, 2017"
2164,2601004.0,24365.0,Kirkuk,Al-Hawiga,Al Anadiyah Village,قرية العنادية,35.402192,43.7893,80.0,480.0,0.0,0.0,0.0,0.0,0.0,0.0,0.0,0.0,0.0,0.0,0.0,0.0,0.0,0.0,80.0,0.0,0.0,0.0,0.0,80.0,0.0,0.0,0.0,0.0,0.0,0.0,0.0,0.0,0.0,0.0,0.0,0.0,0.0,0.0,0.0,0.0,0.0,0.0,0.0,0.0,80.0,0.0,0.0,80.0,0.0,0.0,0.0,0.0,0.0,0.0,0.0,0.0,0.0,0.0,0.0,0.0,"Jan 19, 2017"
2165,2601005.0,15594.0,Kirkuk,Al-Hawiga,Al Askary,حي العسكري,35.32528,43.7654489797,400.0,2400.0,0.0,0.0,0.0,0.0,0.0,0.0,0.0,0.0,0.0,0.0,0.0,0.0,0.0,0.0,400.0,0.0,0.0,0.0,0.0,150.0,0.0,0.0,0.0,0.0,0.0,0.0,0.0,0.0,0.0,0.0,0.0,0.0,0.0,0.0,0.0,0.0,250.0,0.0,0.0,250.0,0.0,0.0,400.0,0.0,0.0,400.0,0.0,0.0,0.0,0.0,0.0,0.0,0.0,0.0,0.0,0.0,"Jan 19, 2017"
2166,2601006.0,23072.0,Kirkuk,Al-Hawiga,Al Mahmodiya,قرية المحمودية,35.392802,43.9689138185,50.0,300.0,0.0,0.0,0.0,0.0,0.0,0.0,0.0,0.0,0.0,0.0,0.0,0.0,0.0,0.0,50.0,0.0,0.0,0.0,0.0,0.0,0.0,0.0,0.0,0.0,0.0,0.0,0.0,0.0,0.0,0.0,0.0,0.0,0.0,0.0,0.0,0.0,50.0,0.0,0.0,50.0,0.0,0.0,50.0,0.0,0.0,50.0,0.0,0.0,0.0,0.0,0.0,0.0,0.0,0.0,0.0,0.0,"Jan 19, 2017"
2167,2601007.0,24366.0,Kirkuk,Al-Hawiga,Tal Al-Ghazal villag Village,قرية تل الغزال,35.402192,43.883961,100.0,600.0,0.0,0.0,0.0,0.0,0.0,0.0,0.0,0.0,0.0,0.0,0.0,0.0,0.0,0.0,100.0,0.0,0.0,0.0,0.0,100.0,0.0,0.0,0.0,0.0,0.0,0.0,0.0,0.0,0.0,0.0,0.0,0.0,0.0,0.0,0.0,0.0,0.0,0.0,0.0,0.0,100.0,0.0,0.0,100.0,0.0,0.0,0.0,0.0,0.0,0.0,0.0,0.0,0.0,0.0,0.0,0.0,"Jan 19, 2017"
2168,2601008.0,15268.0,Kirkuk,Al-Hawiga,Al-Hawiga-Al Hawija cenetr,مركز الحويجة,35.32507,43.76794,3200.0,19200.0,1400.0,0.0,0.0,0.0,0.0,0.0,0.0,0.0,1200.0,0.0,0.0,0.0,600.0,0.0,0.0,0.0,0.0,0.0,0.0,0.0,0.0,0.0,0.0,0.0,0.0,0.0,0.0,0.0,0.0,0.0,0.0,0.0,0.0,0.0,0.0,0.0,3200.0,0.0,1400.0,3200.0,600.0,1400.0,0.0,600.0,1200.0,0.0,0.0,1200.0,0.0,0.0,0.0,0.0,0.0,0.0,0.0,0.0,"Jan 19, 2017"
2169,2601009.0,14998.0,Kirkuk,Al-Hawiga,Al-Khaldia,قرية الخالدية,35.343151,43.7256837725,30.0,180.0,0.0,0.0,0.0,0.0,0.0,0.0,0.0,0.0,0.0,0.0,0.0,0.0,0.0,0.0,30.0,0.0,0.0,0.0,0.0,20.0,0.0,0.0,0.0,0.0,0.0,0.0,0.0,0.0,0.0,0.0,0.0,0.0,0.0,0.0,10.0,0.0,0.0,10.0,0.0,0.0,30.0,0.0,0.0,30.0,0.0,0.0,0.0,0.0,0.0,0.0,0.0,0.0,0.0,0.0,0.0,0.0,"Jan 19, 2017"
2170,2601010.0,15202.0,Kirkuk,Al-Hawiga,Al-riyadh center,مركز الرياض,35.270389,43.9115406,1500.0,9000.0,500.0,0.0,0.0,0.0,0.0,0.0,0.0,0.0,500.0,0.0,0.0,0.0,0.0,0.0,500.0,0.0,0.0,0.0,0.0,0.0,0.0,0.0,0.0,0.0,0.0,0.0,0.0,0.0,0.0,0.0,0.0,0.0,0.0,0.0,0.0,0.0,1500.0,0.0,500.0,1500.0,0.0,500.0,0.0,0.0,1000.0,0.0,0.0,1000.0,0.0,0.0,0.0,0.0,0.0,0.0,0.0,0.0,"Jan 19, 2017"
2171,2601011.0,15191.0,Kirkuk,Al-Hawiga,Al-zab,مركز ناحية الزاب,35.26433,43.4475612851,2500.0,15000.0,0.0,0.0,0.0,0.0,0.0,0.0,0.0,0.0,0.0,0.0,0.0,0.0,0.0,0.0,2500.0,0.0,0.0,0.0,0.0,0.0,0.0,0.0,0.0,0.0,0.0,0.0,0.0,0.0,0.0,0.0,0.0,0.0,0.0,0.0,0.0,0.0,2500.0,0.0,0.0,2500.0,0.0,0.0,2500.0,0.0,0.0,2500.0,0.0,0.0,0.0,0.0,0.0,0.0,0.0,0.0,0.0,0.0,"Jan 19, 2017"
2172,2601012.0,15346.0,Kirkuk,Al-Hawiga,Ash shareaa,قرية الشريعة,35.3833,43.6194936406,100.0,600.0,0.0,0.0,0.0,0.0,0.0,0.0,0.0,0.0,0.0,0.0,0.0,0.0,0.0,0.0,100.0,0.0,0.0,0.0,0.0,100.0,0.0,0.0,0.0,0.0,0.0,0.0,0.0,0.0,0.0,0.0,0.0,0.0,0.0,0.0,0.0,0.0,0.0,0.0,0.0,0.0,100.0,0.0,0.0,100.0,0.0,0.0,0.0,0.0,0.0,0.0,0.0,0.0,0.0,0.0,0.0,0.0,"Jan 19, 2017"
2173,2601013.0,24364.0,Kirkuk,Al-Hawiga,Atira Village,قرية عتيرة,35.5092,43.8129703421,200.0,1200.0,0.0,0.0,0.0,0.0,0.0,0.0,0.0,0.0,0.0,0.0,0.0,0.0,0.0,0.0,200.0,0.0,0.0,0.0,0.0,200.0,0.0,0.0,0.0,0.0,0.0,0.0,0.0,0.0,0.0,0.0,0.0,0.0,0.0,0.0,0.0,0.0,0.0,0.0,0.0,0.0,200.0,0.0,0.0,200.0,0.0,0.0,0.0,0.0,0.0,0.0,0.0,0.0,0.0,0.0,0.0,0.0,"Jan 19, 2017"
2174,2601014.0,24236.0,Kirkuk,Al-Hawiga,Hay Al Latifiyah,حي اللطيفية,35.31836,43.5976,100.0,600.0,0.0,0.0,0.0,0.0,0.0,0.0,0.0,0.0,0.0,0.0,0.0,0.0,0.0,0.0,100.0,0.0,0.0,0.0,0.0,100.0,0.0,0.0,0.0,0.0,0.0,0.0,0.0,0.0,0.0,0.0,0.0,0.0,0.0,0.0,0.0,0.0,0.0,0.0,0.0,0.0,100.0,0.0,0.0,100.0,0.0,0.0,0.0,0.0,0.0,0.0,0.0,0.0,0.0,0.0,0.0,0.0,"Jan 19, 2017"
2175,2601015.0,24237.0,Kirkuk,Al-Hawiga,Hay Al Motajawizeen,حي المتجاوزين,35.32493,43.78945,200.0,1200.0,0.0,0.0,0.0,0.0,0.0,0.0,0.0,0.0,0.0,0.0,0.0,0.0,0.0,0.0,200.0,0.0,0.0,0.0,0.0,200.0,0.0,0.0,0.0,0.0,0.0,0.0,0.0,0.0,0.0,0.0,0.0,0.0,0.0,0.0,0.0,0.0,0.0,0.0,0.0,0.0,200.0,0.0,0.0,200.0,0.0,0.0,0.0,0.0,0.0,0.0,0.0,0.0,0.0,0.0,0.0,0.0,"Jan 19, 2017"
2176,2601016.0,23660.0,Kirkuk,Al-Hawiga,Hay Al Salam,حي دور البستنة-حي السلام-,35.32347,43.774153292,50.0,300.0,20.0,0.0,0.0,0.0,0.0,0.0,0.0,0.0,0.0,0.0,0.0,0.0,0.0,0.0,30.0,0.0,0.0,0.0,0.0,30.0,0.0,0.0,0.0,0.0,0.0,0.0,0.0,0.0,0.0,0.0,0.0,0.0,0.0,0.0,0.0,0.0,20.0,0.0,20.0,20.0,30.0,20.0,0.0,30.0,0.0,0.0,0.0,0.0,0.0,0.0,0.0,0.0,0.0,0.0,0.0,0.0,"Jan 19, 2017"
2177,2601017.0,22084.0,Kirkuk,Al-Hawiga,Hay Al Saray,حي السراي,35.32311,43.7660691047,150.0,900.0,0.0,0.0,0.0,0.0,0.0,0.0,0.0,0.0,0.0,0.0,0.0,0.0,0.0,0.0,150.0,0.0,0.0,0.0,0.0,150.0,0.0,0.0,0.0,0.0,0.0,0.0,0.0,0.0,0.0,0.0,0.0,0.0,0.0,0.0,0.0,0.0,0.0,0.0,0.0,0.0,150.0,0.0,0.0,150.0,0.0,0.0,0.0,0.0,0.0,0.0,0.0,0.0,0.0,0.0,0.0,0.0,"Jan 19, 2017"
2178,2601018.0,24361.0,Kirkuk,Al-Hawiga,Hay Al Shab,حي الشعب,35.32285,43.4596,500.0,3000.0,0.0,0.0,0.0,0.0,0.0,0.0,0.0,0.0,0.0,0.0,0.0,0.0,0.0,0.0,500.0,0.0,0.0,0.0,0.0,300.0,0.0,0.0,0.0,0.0,0.0,0.0,0.0,0.0,0.0,0.0,0.0,0.0,0.0,0.0,0.0,0.0,200.0,0.0,0.0,200.0,500.0,0.0,0.0,500.0,0.0,0.0,0.0,0.0,0.0,0.0,0.0,0.0,0.0,0.0,0.0,0.0,"Jan 19, 2017"
2179,2601019.0,15554.0,Kirkuk,Al-Hawiga,Hay Al-askary 1,حي العسكري 1,35.32864,43.76433,50.0,300.0,50.0,0.0,0.0,0.0,0.0,0.0,0.0,0.0,0.0,0.0,0.0,0.0,0.0,0.0,0.0,0.0,0.0,0.0,0.0,50.0,0.0,0.0,0.0,0.0,0.0,0.0,0.0,0.0,0.0,0.0,0.0,0.0,0.0,0.0,0.0,0.0,0.0,0.0,50.0,0.0,0.0,50.0,0.0,0.0,0.0,0.0,0.0,0.0,0.0,0.0,0.0,0.0,0.0,0.0,0.0,0.0,"Jan 19, 2017"
2180,2601020.0,15690.0,Kirkuk,Al-Hawiga,Hay Al-Zuhoor,حي الزهور,35.31959,43.58467,500.0,3000.0,0.0,0.0,0.0,0.0,0.0,0.0,0.0,0.0,0.0,0.0,0.0,0.0,0.0,0.0,500.0,0.0,0.0,0.0,0.0,250.0,0.0,0.0,0.0,0.0,0.0,0.0,0.0,0.0,0.0,0.0,0.0,0.0,0.0,0.0,200.0,0.0,50.0,200.0,0.0,50.0,500.0,0.0,0.0,500.0,0.0,0.0,0.0,0.0,0.0,0.0,0.0,0.0,0.0,0.0,0.0,0.0,"Jan 19, 2017"
2181,2601021.0,24235.0,Kirkuk,Al-Hawiga,Hay Jbor,حي الجبور,35.32219,43.6007,300.0,1800.0,0.0,0.0,0.0,0.0,0.0,0.0,0.0,0.0,0.0,0.0,0.0,0.0,0.0,0.0,300.0,0.0,0.0,0.0,0.0,300.0,0.0,0.0,0.0,0.0,0.0,0.0,0.0,0.0,0.0,0.0,0.0,0.0,0.0,0.0,0.0,0.0,0.0,0.0,0.0,0.0,300.0,0.0,0.0,300.0,0.0,0.0,0.0,0.0,0.0,0.0,0.0,0.0,0.0,0.0,0.0,0.0,"Jan 19, 2017"
2182,2601022.0,14934.0,Kirkuk,Al-Hawiga,Helwa Olia,قرية حلوة عليا,35.491102,43.7942513076,120.0,720.0,0.0,0.0,0.0,0.0,0.0,0.0,0.0,0.0,0.0,0.0,0.0,0.0,0.0,0.0,120.0,0.0,0.0,0.0,0.0,120.0,0.0,0.0,0.0,0.0,0.0,0.0,0.0,0.0,0.0,0.0,0.0,0.0,0.0,0.0,0.0,0.0,0.0,0.0,0.0,0.0,120.0,0.0,0.0,120.0,0.0,0.0,0.0,0.0,0.0,0.0,0.0,0.0,0.0,0.0,0.0,0.0,"Jan 19, 2017"
2183,2601023.0,15408.0,Kirkuk,Al-Hawiga,Hilwa lower,قرية حلوة سفلى,35.4484480498,43.7419160962,150.0,900.0,0.0,0.0,0.0,0.0,0.0,0.0,0.0,0.0,0.0,0.0,0.0,0.0,0.0,0.0,150.0,0.0,0.0,0.0,0.0,150.0,0.0,0.0,0.0,0.0,0.0,0.0,0.0,0.0,0.0,0.0,0.0,0.0,0.0,0.0,0.0,0.0,0.0,0.0,0.0,0.0,150.0,0.0,0.0,150.0,0.0,0.0,0.0,0.0,0.0,0.0,0.0,0.0,0.0,0.0,0.0,0.0,"Jan 19, 2017"
2184,2601024.0,15416.0,Kirkuk,Al-Hawiga,Hilwa middle,قرية حلوة وسطى,35.472569,43.7606551423,250.0,1500.0,0.0,0.0,0.0,0.0,0.0,0.0,0.0,0.0,0.0,0.0,0.0,0.0,250.0,0.0,0.0,0.0,0.0,0.0,0.0,150.0,0.0,0.0,0.0,0.0,0.0,0.0,0.0,0.0,0.0,0.0,0.0,0.0,0.0,0.0,50.0,0.0,50.0,50.0,0.0,50.0,250.0,0.0,0.0,250.0,0.0,0.0,0.0,0.0,0.0,0.0,0.0,0.0,0.0,0.0,0.0,0.0,"Jan 19, 2017"
2185,2601025.0,15281.0,Kirkuk,Al-Hawiga,Imam ismail,قرية امام اسماعيل,35.333,43.6524293223,22.0,132.0,0.0,0.0,0.0,0.0,0.0,0.0,0.0,0.0,0.0,0.0,0.0,0.0,0.0,0.0,22.0,0.0,0.0,0.0,0.0,22.0,0.0,0.0,0.0,0.0,0.0,0.0,0.0,0.0,0.0,0.0,0.0,0.0,0.0,0.0,0.0,0.0,0.0,0.0,0.0,0.0,22.0,0.0,0.0,22.0,0.0,0.0,0.0,0.0,0.0,0.0,0.0,0.0,0.0,0.0,0.0,0.0,"Jan 19, 2017"
2186,2601026.0,24367.0,Kirkuk,Al-Hawiga,Jamos Village,قرية جاموس,35.37495,43.77771,250.0,1500.0,0.0,0.0,0.0,0.0,0.0,0.0,0.0,0.0,0.0,0.0,0.0,0.0,250.0,0.0,0.0,0.0,0.0,0.0,0.0,150.0,0.0,0.0,0.0,0.0,0.0,0.0,0.0,0.0,0.0,0.0,0.0,0.0,0.0,0.0,100.0,0.0,0.0,100.0,0.0,0.0,250.0,0.0,0.0,250.0,0.0,0.0,0.0,0.0,0.0,0.0,0.0,0.0,0.0,0.0,0.0,0.0,"Jan 19, 2017"
2187,2601027.0,24496.0,Kirkuk,Al-Hawiga,Khazifi Village,قرية خزيفي,35.246887,44.00808,50.0,300.0,0.0,0.0,0.0,0.0,0.0,0.0,0.0,0.0,50.0,0.0,0.0,0.0,0.0,0.0,0.0,0.0,0.0,0.0,0.0,50.0,0.0,0.0,0.0,0.0,0.0,0.0,0.0,0.0,0.0,0.0,0.0,0.0,0.0,0.0,0.0,0.0,0.0,0.0,0.0,0.0,0.0,0.0,50.0,0.0,0.0,50.0,0.0,0.0,0.0,0.0,0.0,0.0,0.0,0.0,0.0,0.0,"Jan 19, 2017"
2188,2601028.0,15353.0,Kirkuk,Al-Hawiga,Lazaga,قرية لزاكة,35.386972,43.6957432192,15.0,90.0,15.0,0.0,0.0,0.0,0.0,0.0,0.0,0.0,0.0,0.0,0.0,0.0,0.0,0.0,0.0,0.0,0.0,0.0,0.0,15.0,0.0,0.0,0.0,0.0,0.0,0.0,0.0,0.0,0.0,0.0,0.0,0.0,0.0,0.0,0.0,0.0,0.0,0.0,15.0,0.0,0.0,15.0,0.0,0.0,0.0,0.0,0.0,0.0,0.0,0.0,0.0,0.0,0.0,0.0,0.0,0.0,"Jan 19, 2017"
2189,2601029.0,24363.0,Kirkuk,Al-Hawiga,Namisa Village,قرية نميصة,35.51115,43.548085,175.0,1050.0,0.0,0.0,0.0,0.0,0.0,0.0,0.0,0.0,0.0,0.0,0.0,0.0,0.0,0.0,175.0,0.0,0.0,0.0,0.0,150.0,0.0,0.0,0.0,0.0,0.0,0.0,0.0,0.0,0.0,0.0,0.0,0.0,0.0,0.0,25.0,0.0,0.0,25.0,0.0,0.0,175.0,0.0,0.0,175.0,0.0,0.0,0.0,0.0,0.0,0.0,0.0,0.0,0.0,0.0,0.0,0.0,"Jan 19, 2017"
2190,2601030.0,24085.0,Kirkuk,Al-Hawiga,Qadissiya-101,حي القادسية 101,35.325724,43.7735808807,286.0,1716.0,36.0,0.0,0.0,0.0,0.0,0.0,0.0,0.0,0.0,0.0,0.0,0.0,0.0,0.0,250.0,0.0,0.0,0.0,0.0,46.0,0.0,0.0,0.0,0.0,0.0,0.0,16.0,0.0,0.0,16.0,0.0,0.0,4.0,0.0,0.0,4.0,220.0,0.0,36.0,220.0,0.0,36.0,250.0,0.0,0.0,250.0,0.0,0.0,0.0,0.0,0.0,0.0,0.0,0.0,0.0,0.0,"Jan 19, 2017"
2191,2601031.0,14661.0,Kirkuk,Al-Hawiga,Ranjiya,قرية رنجية,35.4115,43.6798005675,90.0,540.0,0.0,0.0,0.0,0.0,0.0,0.0,0.0,0.0,0.0,0.0,0.0,0.0,0.0,0.0,90.0,0.0,0.0,0.0,0.0,90.0,0.0,0.0,0.0,0.0,0.0,0.0,0.0,0.0,0.0,0.0,0.0,0.0,0.0,0.0,0.0,0.0,0.0,0.0,0.0,0.0,90.0,0.0,0.0,90.0,0.0,0.0,0.0,0.0,0.0,0.0,0.0,0.0,0.0,0.0,0.0,0.0,"Jan 19, 2017"
2192,2601032.0,24495.0,Kirkuk,Al-Hawiga,Hawd Sabah village,قرية حوض سبعة,35.279111,43.67566,50.0,300.0,0.0,0.0,0.0,0.0,0.0,0.0,0.0,0.0,0.0,0.0,0.0,0.0,0.0,0.0,50.0,0.0,0.0,0.0,0.0,0.0,0.0,0.0,0.0,0.0,0.0,0.0,0.0,0.0,0.0,0.0,0.0,0.0,0.0,0.0,0.0,0.0,50.0,0.0,0.0,50.0,0.0,0.0,50.0,0.0,0.0,50.0,0.0,0.0,0.0,0.0,0.0,0.0,0.0,0.0,0.0,0.0,"Jan 19, 2017"
2193,2601033.0,14664.0,Kirkuk,Al-Hawiga,Sabbaghiya,قرية صباغية,35.27,43.4818540802,120.0,720.0,0.0,0.0,0.0,0.0,0.0,0.0,0.0,0.0,0.0,0.0,0.0,0.0,0.0,0.0,120.0,0.0,0.0,0.0,0.0,120.0,0.0,0.0,0.0,0.0,0.0,0.0,0.0,0.0,0.0,0.0,0.0,0.0,0.0,0.0,0.0,0.0,0.0,0.0,0.0,0.0,120.0,0.0,0.0,120.0,0.0,0.0,0.0,0.0,0.0,0.0,0.0,0.0,0.0,0.0,0.0,0.0,"Jan 19, 2017"
2194,2601034.0,24362.0,Kirkuk,Al-Hawiga,Shamitt Village,قرية شميط,35.2977,43.5300452125,200.0,1200.0,0.0,0.0,0.0,0.0,0.0,0.0,0.0,0.0,0.0,0.0,0.0,0.0,0.0,0.0,200.0,0.0,0.0,0.0,0.0,200.0,0.0,0.0,0.0,0.0,0.0,0.0,0.0,0.0,0.0,0.0,0.0,0.0,0.0,0.0,0.0,0.0,0.0,0.0,0.0,0.0,200.0,0.0,0.0,200.0,0.0,0.0,0.0,0.0,0.0,0.0,0.0,0.0,0.0,0.0,0.0,0.0,"Jan 19, 2017"
2195,2601035.0,14889.0,Kirkuk,Al-Hawiga,Shawook,قرية شاووك,35.3523,43.6347501595,30.0,180.0,0.0,0.0,0.0,0.0,0.0,0.0,0.0,0.0,0.0,0.0,0.0,0.0,0.0,0.0,30.0,0.0,0.0,0.0,0.0,20.0,0.0,0.0,0.0,0.0,0.0,0.0,0.0,0.0,0.0,0.0,0.0,0.0,10.0,0.0,0.0,10.0,0.0,0.0,0.0,0.0,30.0,0.0,0.0,30.0,0.0,0.0,0.0,0.0,0.0,0.0,0.0,0.0,0.0,0.0,0.0,0.0,"Jan 19, 2017"
2196,2601036.0,15313.0,Kirkuk,Al-Hawiga,Tal ali Village,قرية تل علي,35.358718,43.6529789788,80.0,480.0,0.0,0.0,0.0,0.0,0.0,0.0,0.0,0.0,0.0,0.0,0.0,0.0,0.0,0.0,80.0,0.0,0.0,0.0,0.0,0.0,0.0,0.0,0.0,0.0,0.0,0.0,0.0,0.0,0.0,0.0,0.0,0.0,0.0,0.0,0.0,0.0,80.0,0.0,0.0,80.0,0.0,0.0,80.0,0.0,0.0,80.0,0.0,0.0,0.0,0.0,0.0,0.0,0.0,0.0,0.0,0.0,"Jan 19, 2017"
2197,2601037.0,15178.0,Kirkuk,Al-Hawiga,Tariqiya,قرية الطارقية,35.2465,43.5724,20.0,120.0,0.0,0.0,0.0,0.0,0.0,0.0,0.0,0.0,0.0,0.0,0.0,0.0,0.0,0.0,20.0,0.0,0.0,0.0,0.0,20.0,0.0,0.0,0.0,0.0,0.0,0.0,0.0,0.0,0.0,0.0,0.0,0.0,0.0,0.0,0.0,0.0,0.0,0.0,0.0,0.0,20.0,0.0,0.0,20.0,0.0,0.0,0.0,0.0,0.0,0.0,0.0,0.0,0.0,0.0,0.0,0.0,"Jan 19, 2017"
2198,2601038.0,14718.0,Kirkuk,Al-Hawiga,Zrariya,قرية زرارية,35.33,43.5678089959,120.0,720.0,0.0,0.0,0.0,0.0,0.0,0.0,0.0,0.0,0.0,0.0,0.0,0.0,0.0,0.0,120.0,0.0,0.0,0.0,0.0,120.0,0.0,0.0,0.0,0.0,0.0,0.0,0.0,0.0,0.0,0.0,0.0,0.0,0.0,0.0,0.0,0.0,0.0,0.0,0.0,0.0,120.0,0.0,0.0,120.0,0.0,0.0,0.0,0.0,0.0,0.0,0.0,0.0,0.0,0.0,0.0,0.0,"Jan 19, 2017"
2199,2602001.0,24546.0,Kirkuk,Daquq,Al Qaragul,قرية كراغول,35.2216,43.9914,100.0,600.0,0.0,0.0,0.0,0.0,0.0,0.0,0.0,0.0,0.0,0.0,0.0,0.0,0.0,0.0,100.0,0.0,0.0,0.0,0.0,0.0,0.0,0.0,0.0,0.0,0.0,0.0,0.0,0.0,0.0,0.0,0.0,0.0,0.0,0.0,0.0,0.0,100.0,0.0,0.0,100.0,0.0,0.0,100.0,0.0,0.0,100.0,0.0,0.0,0.0,0.0,0.0,0.0,0.0,0.0,0.0,0.0,"Jan 19, 2017"
2200,2602002.0,14864.0,Kirkuk,Daquq,Albu Mahammad,قرية البو محمد,35.05,44.3698271609,120.0,720.0,0.0,0.0,0.0,0.0,0.0,0.0,0.0,0.0,0.0,0.0,0.0,0.0,0.0,0.0,120.0,0.0,0.0,0.0,0.0,50.0,0.0,0.0,0.0,0.0,0.0,0.0,0.0,0.0,0.0,0.0,0.0,0.0,0.0,0.0,0.0,0.0,70.0,0.0,0.0,70.0,0.0,0.0,120.0,0.0,0.0,120.0,0.0,0.0,0.0,0.0,0.0,0.0,0.0,0.0,0.0,0.0,"Jan 19, 2017"
2201,2602003.0,24116.0,Kirkuk,Daquq,Al-Qadissiyah-Taza,تازة-قرية القادسية,35.318707,44.269216,67.0,402.0,22.0,0.0,0.0,0.0,0.0,0.0,0.0,0.0,0.0,0.0,0.0,0.0,0.0,0.0,45.0,0.0,0.0,0.0,0.0,22.0,0.0,0.0,0.0,0.0,0.0,0.0,0.0,0.0,0.0,0.0,0.0,0.0,0.0,0.0,45.0,0.0,0.0,45.0,22.0,0.0,0.0,22.0,45.0,0.0,0.0,45.0,0.0,0.0,0.0,0.0,0.0,0.0,0.0,0.0,0.0,0.0,"Jan 19, 2017"
2202,2602004.0,26069.0,Kirkuk,Daquq,Badawa,بداوة,35.2391848403,44.6079881747,260.0,1560.0,5.0,0.0,0.0,0.0,0.0,0.0,0.0,0.0,200.0,0.0,0.0,0.0,35.0,0.0,20.0,0.0,0.0,0.0,0.0,0.0,0.0,0.0,0.0,0.0,0.0,0.0,260.0,0.0,0.0,260.0,0.0,0.0,0.0,0.0,0.0,0.0,0.0,0.0,0.0,0.0,70.0,0.0,0.0,70.0,40.0,0.0,50.0,40.0,60.0,50.0,40.0,60.0,0.0,40.0,0.0,0.0,"Jan 19, 2017"
2203,2602005.0,14786.0,Kirkuk,Daquq,Fareeq Awa,حي فريق اوه,35.134636043,44.4372189735,360.0,2160.0,110.0,0.0,0.0,0.0,0.0,50.0,0.0,0.0,30.0,0.0,0.0,0.0,0.0,0.0,170.0,0.0,0.0,0.0,0.0,5.0,0.0,0.0,0.0,0.0,0.0,0.0,355.0,0.0,0.0,355.0,0.0,0.0,0.0,0.0,0.0,0.0,0.0,0.0,0.0,0.0,13.0,0.0,190.0,13.0,67.0,190.0,90.0,67.0,0.0,90.0,0.0,0.0,0.0,0.0,0.0,0.0,"Jan 19, 2017"
2204,2602006.0,24238.0,Kirkuk,Daquq,Hay Al Motajawizeen,حي منطقة متجاوزين,35.1470456,44.4522298,336.0,2016.0,100.0,0.0,4.0,0.0,0.0,35.0,0.0,0.0,45.0,0.0,0.0,0.0,0.0,0.0,152.0,0.0,0.0,0.0,0.0,60.0,0.0,0.0,0.0,0.0,0.0,0.0,276.0,0.0,0.0,276.0,0.0,0.0,0.0,0.0,0.0,0.0,0.0,0.0,0.0,0.0,8.0,0.0,80.0,8.0,115.0,80.0,133.0,115.0,0.0,133.0,0.0,0.0,0.0,0.0,0.0,0.0,"Jan 19, 2017"
2205,2602007.0,21453.0,Kirkuk,Daquq,Hay Ashti,حي آشتي,35.1492204074,44.4405085793,345.0,2070.0,30.0,0.0,0.0,0.0,0.0,40.0,0.0,0.0,45.0,0.0,0.0,0.0,30.0,0.0,200.0,0.0,0.0,0.0,0.0,40.0,0.0,0.0,0.0,0.0,0.0,0.0,305.0,0.0,0.0,305.0,0.0,0.0,0.0,0.0,0.0,0.0,0.0,0.0,0.0,0.0,0.0,0.0,160.0,0.0,105.0,160.0,67.0,105.0,13.0,67.0,0.0,13.0,0.0,0.0,0.0,0.0,"Jan 19, 2017"
2206,2602008.0,25557.0,Kirkuk,Daquq,Khala Bazyani,خاله بازياني,35.4180713406,44.6294771468,290.0,1740.0,15.0,0.0,0.0,0.0,0.0,0.0,0.0,0.0,15.0,0.0,0.0,0.0,10.0,0.0,250.0,0.0,0.0,0.0,0.0,0.0,0.0,0.0,0.0,0.0,0.0,0.0,290.0,0.0,0.0,290.0,0.0,0.0,0.0,0.0,0.0,0.0,0.0,0.0,0.0,0.0,50.0,0.0,10.0,50.0,120.0,10.0,70.0,120.0,40.0,70.0,0.0,40.0,0.0,0.0,0.0,0.0,"Jan 19, 2017"
2207,2602009.0,14536.0,Kirkuk,Daquq,Laylan IDP,مخيم ليلان,35.3279844157,44.5283576215,1935.0,11610.0,41.0,4.0,1.0,0.0,0.0,31.0,0.0,0.0,998.0,0.0,0.0,0.0,160.0,0.0,700.0,0.0,0.0,0.0,1935.0,0.0,0.0,0.0,0.0,0.0,0.0,0.0,0.0,0.0,0.0,0.0,0.0,0.0,0.0,0.0,0.0,0.0,0.0,0.0,41.0,0.0,490.0,41.0,390.0,490.0,106.0,390.0,145.0,106.0,550.0,145.0,213.0,550.0,0.0,213.0,0.0,0.0,"Jan 19, 2017"
2208,2602010.0,25738.0,Kirkuk,Daquq,Laylan-Al Abadat village,قرية العبادات,35.2798405472,44.3604802035,179.0,1074.0,0.0,0.0,0.0,0.0,0.0,0.0,0.0,0.0,179.0,0.0,0.0,0.0,0.0,0.0,0.0,0.0,0.0,0.0,0.0,18.0,0.0,161.0,0.0,0.0,161.0,0.0,0.0,0.0,0.0,0.0,0.0,0.0,0.0,0.0,0.0,0.0,0.0,0.0,0.0,0.0,0.0,0.0,10.0,0.0,158.0,10.0,0.0,158.0,11.0,0.0,0.0,11.0,0.0,0.0,0.0,0.0,"Jan 19, 2017"
2209,2602011.0,25739.0,Kirkuk,Daquq,Laylan-Bash Bulaq village,قرية باش بولاق,35.2525517587,44.3947030887,183.0,1098.0,0.0,0.0,0.0,0.0,0.0,0.0,0.0,0.0,183.0,0.0,0.0,0.0,0.0,0.0,0.0,0.0,0.0,0.0,0.0,51.0,0.0,132.0,0.0,0.0,132.0,0.0,0.0,0.0,0.0,0.0,0.0,0.0,0.0,0.0,0.0,0.0,0.0,0.0,0.0,0.0,0.0,0.0,0.0,0.0,173.0,0.0,0.0,173.0,10.0,0.0,0.0,10.0,0.0,0.0,0.0,0.0,"Jan 19, 2017"
2210,2602012.0,21711.0,Kirkuk,Daquq,Nawroz,حي نوروز,35.3157379358,44.5138656896,260.0,1560.0,15.0,0.0,0.0,0.0,0.0,0.0,0.0,0.0,65.0,0.0,0.0,0.0,165.0,0.0,15.0,0.0,0.0,0.0,0.0,0.0,0.0,0.0,0.0,0.0,0.0,0.0,260.0,0.0,0.0,260.0,0.0,0.0,0.0,0.0,0.0,0.0,0.0,0.0,20.0,0.0,30.0,20.0,30.0,30.0,125.0,30.0,55.0,125.0,0.0,55.0,0.0,0.0,0.0,0.0,0.0,0.0,"Jan 19, 2017"
2211,2602013.0,14960.0,Kirkuk,Daquq,Taza-Omer Bin Khattab,قرية عمر بن الخطاب,35.2389270086,44.3895371908,760.0,4560.0,0.0,0.0,0.0,0.0,0.0,0.0,0.0,0.0,645.0,0.0,0.0,0.0,100.0,0.0,15.0,0.0,0.0,0.0,0.0,0.0,0.0,760.0,0.0,0.0,760.0,0.0,0.0,0.0,0.0,0.0,0.0,0.0,0.0,0.0,0.0,0.0,0.0,0.0,0.0,0.0,55.0,0.0,60.0,55.0,635.0,60.0,0.0,635.0,0.0,0.0,10.0,0.0,0.0,10.0,0.0,0.0,"Jan 19, 2017"
2212,2602014.0,24778.0,Kirkuk,Daquq,Yahyawa,مخيم يحياوة,35.3273006112,44.495974022,609.0,3654.0,0.0,0.0,0.0,0.0,0.0,0.0,0.0,0.0,0.0,0.0,0.0,0.0,609.0,0.0,0.0,0.0,0.0,0.0,609.0,0.0,0.0,0.0,0.0,0.0,0.0,0.0,0.0,0.0,0.0,0.0,0.0,0.0,0.0,0.0,0.0,0.0,0.0,0.0,0.0,0.0,260.0,0.0,0.0,260.0,293.0,0.0,0.0,293.0,47.0,0.0,9.0,47.0,0.0,9.0,0.0,0.0,"Jan 19, 2017"
2213,2602016.0,27337.0,Kirkuk,Daquq,Nazrawa camp,مخيم نزراوة,35.29272,44.57643,1661.0,9966.0,6.0,0.0,0.0,0.0,0.0,9.0,0.0,0.0,1450.0,0.0,0.0,0.0,16.0,0.0,180.0,0.0,0.0,0.0,1661.0,0.0,0.0,0.0,0.0,0.0,0.0,0.0,0.0,0.0,0.0,0.0,0.0,0.0,0.0,0.0,0.0,0.0,0.0,0.0,0.0,0.0,0.0,0.0,0.0,0.0,0.0,0.0,59.0,0.0,1372.0,59.0,230.0,1372.0,0.0,230.0,0.0,0.0,"Jan 19, 2017"
2214,2602017.0,14545.0,Kirkuk,Daquq,Furqan village,قرية الفرقان,35.3146029389,44.5624205939,97.0,582.0,7.0,0.0,0.0,0.0,0.0,0.0,0.0,0.0,22.0,0.0,0.0,0.0,5.0,0.0,63.0,0.0,0.0,0.0,0.0,0.0,0.0,0.0,0.0,0.0,0.0,0.0,0.0,0.0,0.0,0.0,0.0,0.0,0.0,0.0,97.0,0.0,0.0,97.0,0.0,0.0,6.0,0.0,31.0,6.0,35.0,31.0,0.0,35.0,20.0,0.0,5.0,20.0,0.0,5.0,0.0,0.0,"Jan 19, 2017"
2215,2602018.0,28476.0,Kirkuk,Daquq,Yarmjia Village,قرية يارمجة,35.3123689457,44.440336901,108.0,648.0,15.0,0.0,0.0,0.0,0.0,3.0,0.0,0.0,80.0,0.0,0.0,0.0,3.0,0.0,7.0,0.0,0.0,0.0,0.0,38.0,0.0,0.0,0.0,0.0,0.0,0.0,40.0,0.0,0.0,40.0,0.0,0.0,0.0,0.0,30.0,0.0,0.0,30.0,15.0,0.0,30.0,15.0,10.0,30.0,10.0,10.0,18.0,10.0,25.0,18.0,0.0,25.0,0.0,0.0,0.0,0.0,"Jan 19, 2017"
2216,2602020.0,29617.0,Kirkuk,Daquq,Daquq Camp,مخيم داقوق,35.23435,44.38096,1705.0,10230.0,2.0,0.0,0.0,0.0,0.0,1.0,0.0,0.0,1655.0,0.0,0.0,0.0,7.0,0.0,40.0,0.0,0.0,0.0,1705.0,0.0,0.0,0.0,0.0,0.0,0.0,0.0,0.0,0.0,0.0,0.0,0.0,0.0,0.0,0.0,0.0,0.0,0.0,0.0,0.0,0.0,0.0,0.0,0.0,0.0,0.0,0.0,0.0,0.0,1017.0,0.0,688.0,1017.0,0.0,688.0,0.0,0.0,"Jan 19, 2017"
2217,2602022.0,29668.0,Kirkuk,Daquq,Laylan 2,مخيم ليلان 2,35.3297419829,44.5291543159,791.0,4746.0,0.0,0.0,0.0,0.0,0.0,0.0,0.0,0.0,780.0,0.0,0.0,0.0,2.0,0.0,9.0,0.0,0.0,0.0,791.0,0.0,0.0,0.0,0.0,0.0,0.0,0.0,0.0,0.0,0.0,0.0,0.0,0.0,0.0,0.0,0.0,0.0,0.0,0.0,0.0,0.0,0.0,0.0,0.0,0.0,0.0,0.0,0.0,0.0,0.0,0.0,791.0,0.0,0.0,791.0,0.0,0.0,"Jan 19, 2017"
2218,2603001.0,22289.0,Kirkuk,Kirkuk,Al Faylaq-Mahala 5,حي الفيلق-5,35.4761735203,44.3620571151,695.0,4170.0,7.0,0.0,0.0,0.0,0.0,0.0,0.0,0.0,455.0,0.0,0.0,0.0,160.0,0.0,73.0,0.0,0.0,0.0,0.0,10.0,0.0,0.0,0.0,0.0,0.0,0.0,683.0,0.0,0.0,683.0,0.0,0.0,0.0,0.0,2.0,0.0,0.0,2.0,0.0,0.0,20.0,0.0,15.0,20.0,114.0,15.0,230.0,114.0,246.0,230.0,70.0,246.0,0.0,70.0,0.0,0.0,"Jan 19, 2017"
2219,2603002.0,24359.0,Kirkuk,Kirkuk,Al Hurriyah,حي الحرية,35.439308783,44.4133502712,752.0,4512.0,305.0,0.0,0.0,0.0,0.0,0.0,0.0,0.0,160.0,0.0,0.0,0.0,57.0,0.0,230.0,0.0,0.0,0.0,0.0,0.0,0.0,0.0,0.0,0.0,0.0,0.0,752.0,0.0,0.0,752.0,0.0,0.0,0.0,0.0,0.0,0.0,0.0,0.0,80.0,0.0,130.0,80.0,0.0,130.0,215.0,0.0,250.0,215.0,50.0,250.0,27.0,50.0,0.0,27.0,0.0,0.0,"Jan 19, 2017"
2220,2603005.0,14984.0,Kirkuk,Kirkuk,Al Taakhi,حي التأخي,35.4223311983,44.3524947993,1580.0,9480.0,455.0,0.0,0.0,0.0,0.0,0.0,0.0,0.0,920.0,0.0,0.0,0.0,150.0,0.0,55.0,0.0,0.0,0.0,0.0,40.0,0.0,0.0,0.0,0.0,0.0,0.0,1420.0,0.0,0.0,1420.0,0.0,0.0,0.0,0.0,120.0,0.0,0.0,120.0,520.0,0.0,300.0,520.0,0.0,300.0,225.0,0.0,165.0,225.0,190.0,165.0,180.0,190.0,0.0,180.0,0.0,0.0,"Jan 19, 2017"
2221,2603006.0,24084.0,Kirkuk,Kirkuk,Al Tadamon(Hawkari),حي التضامن-هاوكاري-,35.4101237217,44.3873049404,1550.0,9300.0,395.0,0.0,0.0,0.0,0.0,25.0,0.0,0.0,710.0,0.0,0.0,0.0,150.0,0.0,270.0,0.0,0.0,0.0,0.0,40.0,0.0,0.0,0.0,0.0,0.0,0.0,1495.0,0.0,0.0,1495.0,0.0,0.0,0.0,0.0,15.0,0.0,0.0,15.0,385.0,0.0,360.0,385.0,10.0,360.0,534.0,10.0,173.0,534.0,84.0,173.0,4.0,84.0,0.0,4.0,0.0,0.0,"Jan 19, 2017"
2222,2603007.0,24453.0,Kirkuk,Kirkuk,Al Takhi Village,قرية تأخي,35.3767013412,44.3493209875,340.0,2040.0,10.0,0.0,0.0,0.0,0.0,0.0,0.0,0.0,300.0,0.0,0.0,0.0,0.0,0.0,30.0,0.0,0.0,0.0,0.0,45.0,0.0,0.0,0.0,0.0,0.0,0.0,245.0,0.0,0.0,245.0,0.0,0.0,0.0,0.0,50.0,0.0,0.0,50.0,0.0,0.0,0.0,0.0,25.0,0.0,45.0,25.0,40.0,45.0,165.0,40.0,65.0,165.0,0.0,65.0,0.0,0.0,"Jan 19, 2017"
2223,2603008.0,14813.0,Kirkuk,Kirkuk,Al-Qadisssiya(Rabareen),حي الانتفاضة-رابرين-(القادسية سابقا),35.4214474,44.4193476,2490.0,14940.0,935.0,0.0,0.0,0.0,0.0,10.0,0.0,0.0,775.0,0.0,0.0,0.0,635.0,0.0,135.0,0.0,0.0,0.0,0.0,65.0,0.0,30.0,0.0,0.0,30.0,0.0,2155.0,0.0,0.0,2155.0,0.0,0.0,0.0,0.0,240.0,0.0,0.0,240.0,925.0,0.0,55.0,925.0,0.0,55.0,1020.0,0.0,180.0,1020.0,170.0,180.0,140.0,170.0,0.0,140.0,0.0,0.0,"Jan 19, 2017"
2224,2603009.0,15433.0,Kirkuk,Kirkuk,Amal al shaabi,حي العمل الشعبي,35.5024861156,44.3346104014,2159.0,12954.0,143.0,0.0,3.0,0.0,0.0,0.0,0.0,0.0,1633.0,0.0,0.0,0.0,350.0,0.0,30.0,0.0,0.0,0.0,0.0,95.0,0.0,10.0,0.0,0.0,10.0,0.0,2044.0,0.0,0.0,2044.0,0.0,0.0,0.0,0.0,10.0,0.0,0.0,10.0,130.0,0.0,55.0,130.0,231.0,55.0,305.0,231.0,570.0,305.0,568.0,570.0,300.0,568.0,0.0,300.0,0.0,0.0,"Jan 19, 2017"
2225,2603010.0,24807.0,Kirkuk,Kirkuk,Baglar,حي بكلر,35.4735412424,44.387761656,198.0,1188.0,61.0,0.0,0.0,0.0,0.0,0.0,0.0,0.0,76.0,0.0,0.0,0.0,45.0,0.0,16.0,0.0,0.0,0.0,0.0,0.0,0.0,0.0,0.0,0.0,0.0,0.0,198.0,0.0,0.0,198.0,0.0,0.0,0.0,0.0,0.0,0.0,0.0,0.0,0.0,0.0,0.0,0.0,0.0,0.0,38.0,0.0,105.0,38.0,55.0,105.0,0.0,55.0,0.0,0.0,0.0,0.0,"Jan 19, 2017"
2226,2603011.0,15449.0,Kirkuk,Kirkuk,Bajwan,قرية باجوان,35.5411040921,44.2818801579,140.0,840.0,15.0,0.0,0.0,0.0,0.0,0.0,0.0,0.0,95.0,0.0,0.0,0.0,20.0,0.0,10.0,0.0,0.0,0.0,0.0,25.0,0.0,0.0,0.0,0.0,0.0,0.0,100.0,0.0,0.0,100.0,0.0,0.0,0.0,0.0,15.0,0.0,0.0,15.0,0.0,0.0,15.0,0.0,0.0,15.0,90.0,0.0,10.0,90.0,0.0,10.0,25.0,0.0,0.0,25.0,0.0,0.0,"Jan 19, 2017"
2227,2603012.0,25556.0,Kirkuk,Kirkuk,Darwaza,دروازة,35.4733986619,44.4162548227,515.0,3090.0,35.0,0.0,0.0,0.0,0.0,0.0,0.0,0.0,235.0,0.0,0.0,0.0,10.0,0.0,235.0,0.0,0.0,0.0,0.0,0.0,0.0,0.0,0.0,0.0,0.0,0.0,515.0,0.0,0.0,515.0,0.0,0.0,0.0,0.0,0.0,0.0,0.0,0.0,20.0,0.0,180.0,20.0,0.0,180.0,10.0,0.0,110.0,10.0,160.0,110.0,35.0,160.0,0.0,35.0,0.0,0.0,"Jan 19, 2017"
2228,2603013.0,15603.0,Kirkuk,Kirkuk,Hay 1 Athar,حي 1 اذار,35.3979694296,44.3643386341,424.0,2544.0,145.0,0.0,0.0,0.0,0.0,0.0,0.0,0.0,240.0,0.0,0.0,0.0,24.0,0.0,15.0,0.0,0.0,0.0,0.0,45.0,0.0,0.0,0.0,0.0,0.0,0.0,379.0,0.0,0.0,379.0,0.0,0.0,0.0,0.0,0.0,0.0,0.0,0.0,0.0,0.0,157.0,0.0,0.0,157.0,15.0,0.0,165.0,15.0,57.0,165.0,30.0,57.0,0.0,30.0,0.0,0.0,"Jan 19, 2017"
2229,2603014.0,15624.0,Kirkuk,Kirkuk,Hay Adan,حي عدن,35.408876466,44.3770405801,367.0,2202.0,92.0,0.0,0.0,0.0,0.0,0.0,0.0,0.0,223.0,0.0,0.0,0.0,17.0,0.0,35.0,0.0,0.0,0.0,0.0,13.0,0.0,0.0,0.0,0.0,0.0,0.0,354.0,0.0,0.0,354.0,0.0,0.0,0.0,0.0,0.0,0.0,0.0,0.0,0.0,0.0,40.0,0.0,32.0,40.0,80.0,32.0,124.0,80.0,71.0,124.0,20.0,71.0,0.0,20.0,0.0,0.0,"Jan 19, 2017"
2230,2603015.0,24779.0,Kirkuk,Kirkuk,Hay Al Hamzali,حي الحمزلي,35.4550989037,44.3668239389,200.0,1200.0,10.0,0.0,0.0,0.0,0.0,0.0,0.0,0.0,70.0,0.0,0.0,0.0,110.0,0.0,10.0,0.0,0.0,0.0,0.0,0.0,0.0,0.0,0.0,0.0,0.0,0.0,160.0,0.0,0.0,160.0,0.0,0.0,0.0,0.0,40.0,0.0,0.0,40.0,0.0,0.0,10.0,0.0,110.0,10.0,0.0,110.0,25.0,0.0,20.0,25.0,35.0,20.0,0.0,35.0,0.0,0.0,"Jan 19, 2017"
2231,2603016.0,22296.0,Kirkuk,Kirkuk,Hay Al Jamia-Mahalla 622,حي الجامعة-622,35.4079381819,44.3267362641,5270.0,31620.0,2480.0,0.0,0.0,0.0,0.0,135.0,0.0,0.0,2135.0,0.0,0.0,0.0,425.0,0.0,95.0,0.0,0.0,0.0,0.0,25.0,0.0,110.0,0.0,0.0,110.0,0.0,4635.0,0.0,0.0,4635.0,0.0,0.0,0.0,0.0,500.0,0.0,0.0,500.0,1400.0,0.0,1740.0,1400.0,510.0,1740.0,780.0,510.0,630.0,780.0,60.0,630.0,150.0,60.0,0.0,150.0,0.0,0.0,"Jan 19, 2017"
2232,2603017.0,24089.0,Kirkuk,Kirkuk,Hay Al Mansour,حي المنصور,35.4389935523,44.3691155294,300.0,1800.0,50.0,0.0,0.0,0.0,0.0,0.0,0.0,0.0,160.0,0.0,0.0,0.0,55.0,0.0,35.0,0.0,0.0,0.0,0.0,0.0,0.0,0.0,0.0,0.0,0.0,0.0,300.0,0.0,0.0,300.0,0.0,0.0,0.0,0.0,0.0,0.0,0.0,0.0,45.0,0.0,75.0,45.0,65.0,75.0,0.0,65.0,55.0,0.0,35.0,55.0,25.0,35.0,0.0,25.0,0.0,0.0,"Jan 19, 2017"
2233,2603018.0,15582.0,Kirkuk,Kirkuk,Hay Al mas,حي الماس,35.4802878935,44.3859447464,405.0,2430.0,70.0,0.0,0.0,0.0,0.0,0.0,0.0,0.0,190.0,0.0,0.0,0.0,115.0,0.0,30.0,0.0,0.0,0.0,0.0,0.0,0.0,0.0,0.0,0.0,0.0,0.0,405.0,0.0,0.0,405.0,0.0,0.0,0.0,0.0,0.0,0.0,0.0,0.0,0.0,0.0,110.0,0.0,130.0,110.0,0.0,130.0,95.0,0.0,70.0,95.0,0.0,70.0,0.0,0.0,0.0,0.0,"Jan 19, 2017"
2234,2603019.0,21016.0,Kirkuk,Kirkuk,Hay Al Nassir,حي النصر,35.4278453307,44.4071895955,1321.0,7926.0,755.0,0.0,0.0,0.0,0.0,10.0,0.0,0.0,428.0,0.0,0.0,0.0,93.0,0.0,35.0,0.0,0.0,0.0,0.0,36.0,0.0,0.0,0.0,0.0,0.0,0.0,1250.0,0.0,0.0,1250.0,0.0,0.0,0.0,0.0,35.0,0.0,0.0,35.0,720.0,0.0,0.0,720.0,45.0,0.0,270.0,45.0,160.0,270.0,120.0,160.0,6.0,120.0,0.0,6.0,0.0,0.0,"Jan 19, 2017"
2235,2603020.0,24780.0,Kirkuk,Kirkuk,Hay Al Sekak,حي السكك,35.4214561414,44.3361168118,737.0,4422.0,113.0,0.0,9.0,0.0,0.0,10.0,0.0,0.0,275.0,0.0,0.0,0.0,120.0,0.0,210.0,0.0,0.0,0.0,0.0,20.0,0.0,0.0,0.0,0.0,0.0,0.0,707.0,0.0,0.0,707.0,0.0,0.0,0.0,0.0,10.0,0.0,0.0,10.0,30.0,0.0,53.0,30.0,139.0,53.0,170.0,139.0,190.0,170.0,116.0,190.0,39.0,116.0,0.0,39.0,0.0,0.0,"Jan 19, 2017"
2236,2603021.0,23746.0,Kirkuk,Kirkuk,Hay Al-Askary,حي العسكري,35.4122557,44.401134,2703.0,16218.0,1540.0,20.0,0.0,0.0,0.0,25.0,0.0,0.0,480.0,0.0,0.0,0.0,192.0,0.0,446.0,0.0,0.0,0.0,0.0,46.0,0.0,10.0,0.0,0.0,10.0,0.0,1757.0,0.0,0.0,1757.0,0.0,0.0,0.0,0.0,890.0,0.0,0.0,890.0,1510.0,0.0,345.0,1510.0,52.0,345.0,416.0,52.0,237.0,416.0,137.0,237.0,6.0,137.0,0.0,6.0,0.0,0.0,"Jan 19, 2017"
2237,2603022.0,15578.0,Kirkuk,Kirkuk,Hay Al-Khadraa,حي الخضراء,35.4343247685,44.353204455,1520.0,9120.0,310.0,0.0,0.0,0.0,0.0,0.0,0.0,0.0,860.0,0.0,0.0,0.0,250.0,0.0,100.0,0.0,0.0,0.0,0.0,40.0,0.0,0.0,0.0,0.0,0.0,0.0,1400.0,0.0,0.0,1400.0,0.0,0.0,0.0,0.0,80.0,0.0,0.0,80.0,250.0,0.0,160.0,250.0,250.0,160.0,260.0,250.0,330.0,260.0,120.0,330.0,150.0,120.0,0.0,150.0,0.0,0.0,"Jan 19, 2017"
2238,2603023.0,15650.0,Kirkuk,Kirkuk,Hay Al-Nasir 2,حي النصر 2,35.4163487125,44.39534,1014.0,6084.0,514.0,0.0,35.0,0.0,0.0,0.0,0.0,0.0,280.0,0.0,0.0,0.0,82.0,0.0,103.0,0.0,0.0,0.0,0.0,10.0,0.0,0.0,0.0,0.0,0.0,0.0,1004.0,0.0,0.0,1004.0,0.0,0.0,0.0,0.0,0.0,0.0,0.0,0.0,0.0,0.0,420.0,0.0,212.0,420.0,110.0,212.0,200.0,110.0,70.0,200.0,2.0,70.0,0.0,2.0,0.0,0.0,"Jan 19, 2017"
2239,2603024.0,15639.0,Kirkuk,Kirkuk,Hay Al-Nedaa,حي النداء,35.397851,44.3756889982,1167.0,7002.0,446.0,0.0,0.0,0.0,0.0,5.0,0.0,0.0,646.0,0.0,0.0,0.0,20.0,0.0,50.0,0.0,0.0,0.0,0.0,30.0,0.0,105.0,0.0,0.0,105.0,5.0,957.0,5.0,0.0,957.0,0.0,0.0,0.0,0.0,70.0,0.0,0.0,70.0,386.0,0.0,75.0,386.0,117.0,75.0,59.0,117.0,379.0,59.0,141.0,379.0,10.0,141.0,0.0,10.0,0.0,0.0,"Jan 19, 2017"
2240,2603025.0,15658.0,Kirkuk,Kirkuk,Hay Al-Sinay,حي الصناعي,35.3560290252,44.3016781198,136.0,816.0,0.0,0.0,0.0,0.0,0.0,0.0,0.0,0.0,130.0,0.0,0.0,0.0,0.0,0.0,6.0,0.0,0.0,0.0,0.0,0.0,0.0,28.0,0.0,0.0,28.0,0.0,68.0,0.0,0.0,68.0,0.0,0.0,0.0,0.0,40.0,0.0,0.0,40.0,10.0,0.0,6.0,10.0,30.0,6.0,10.0,30.0,37.0,10.0,43.0,37.0,0.0,43.0,0.0,0.0,0.0,0.0,"Jan 19, 2017"
2241,2603026.0,15550.0,Kirkuk,Kirkuk,Hay Al-Urooba,حي العروبة,35.4296511042,44.3918360517,1752.0,10512.0,405.0,0.0,0.0,0.0,0.0,0.0,0.0,0.0,1217.0,0.0,0.0,0.0,75.0,0.0,55.0,0.0,0.0,0.0,0.0,35.0,0.0,0.0,0.0,0.0,0.0,0.0,1717.0,0.0,0.0,1717.0,0.0,0.0,0.0,0.0,0.0,0.0,0.0,0.0,290.0,0.0,90.0,290.0,0.0,90.0,325.0,0.0,825.0,325.0,215.0,825.0,7.0,215.0,0.0,7.0,0.0,0.0,"Jan 19, 2017"
2242,2603027.0,23899.0,Kirkuk,Kirkuk,Hay Al-Zawraa,حي الزوراء,35.3899777491,44.3916803076,1273.0,7638.0,420.0,0.0,0.0,0.0,0.0,20.0,0.0,0.0,630.0,0.0,0.0,0.0,110.0,0.0,93.0,0.0,0.0,0.0,0.0,68.0,0.0,20.0,0.0,0.0,20.0,0.0,1005.0,0.0,0.0,1005.0,0.0,0.0,0.0,0.0,180.0,0.0,0.0,180.0,0.0,0.0,70.0,0.0,97.0,70.0,616.0,97.0,315.0,616.0,166.0,315.0,9.0,166.0,0.0,9.0,0.0,0.0,"Jan 19, 2017"
2243,2603028.0,24142.0,Kirkuk,Kirkuk,Hay Arafah 201,عرفة,35.4887730693,44.3711684031,100.0,600.0,28.0,0.0,0.0,0.0,0.0,0.0,0.0,0.0,5.0,0.0,0.0,0.0,42.0,0.0,25.0,0.0,0.0,0.0,0.0,0.0,0.0,0.0,0.0,0.0,0.0,0.0,100.0,0.0,0.0,100.0,0.0,0.0,0.0,0.0,0.0,0.0,0.0,0.0,0.0,0.0,67.0,0.0,25.0,67.0,0.0,25.0,3.0,0.0,0.0,3.0,5.0,0.0,0.0,5.0,0.0,0.0,"Jan 19, 2017"
2244,2603029.0,21702.0,Kirkuk,Kirkuk,Hay Azadi,حي ازادي,35.4814452737,44.4186038802,523.0,3138.0,150.0,0.0,0.0,0.0,0.0,0.0,0.0,0.0,230.0,0.0,0.0,0.0,108.0,0.0,35.0,0.0,0.0,0.0,0.0,0.0,0.0,0.0,0.0,0.0,0.0,0.0,523.0,0.0,0.0,523.0,0.0,0.0,0.0,0.0,0.0,0.0,0.0,0.0,0.0,0.0,205.0,0.0,0.0,205.0,75.0,0.0,65.0,75.0,125.0,65.0,53.0,125.0,0.0,53.0,0.0,0.0,"Jan 19, 2017"
2245,2603030.0,15584.0,Kirkuk,Kirkuk,Hay Ghurnata,حي غرناطة,35.435250627,44.3814867022,995.0,5970.0,367.0,0.0,0.0,0.0,0.0,0.0,0.0,0.0,461.0,0.0,0.0,0.0,92.0,0.0,75.0,0.0,0.0,0.0,0.0,42.0,0.0,0.0,0.0,0.0,0.0,0.0,953.0,0.0,0.0,953.0,0.0,0.0,0.0,0.0,0.0,0.0,0.0,0.0,280.0,0.0,30.0,280.0,210.0,30.0,85.0,210.0,325.0,85.0,55.0,325.0,10.0,55.0,0.0,10.0,0.0,0.0,"Jan 19, 2017"
2246,2603031.0,15694.0,Kirkuk,Kirkuk,Hay Musalla,حي المصلى,35.4631820131,44.3957085963,969.0,5814.0,292.0,0.0,25.0,0.0,0.0,0.0,0.0,0.0,363.0,0.0,0.0,0.0,279.0,0.0,10.0,0.0,0.0,0.0,0.0,0.0,0.0,0.0,0.0,0.0,0.0,0.0,969.0,0.0,0.0,969.0,0.0,0.0,0.0,0.0,0.0,0.0,0.0,0.0,0.0,0.0,280.0,0.0,260.0,280.0,77.0,260.0,139.0,77.0,133.0,139.0,80.0,133.0,0.0,80.0,0.0,0.0,"Jan 19, 2017"
2247,2603032.0,15679.0,Kirkuk,Kirkuk,Hay Rasheed(Domiz),حي الرشيد-دوميز-,35.3910756237,44.38154581,1582.0,9492.0,442.0,0.0,0.0,0.0,0.0,10.0,0.0,0.0,545.0,0.0,0.0,0.0,165.0,0.0,420.0,0.0,0.0,0.0,0.0,175.0,0.0,25.0,0.0,0.0,25.0,0.0,1382.0,0.0,0.0,1382.0,0.0,0.0,0.0,0.0,0.0,0.0,0.0,0.0,328.0,0.0,559.0,328.0,0.0,559.0,168.0,0.0,390.0,168.0,130.0,390.0,7.0,130.0,0.0,7.0,0.0,0.0,"Jan 19, 2017"
2248,2603038.0,14530.0,Kirkuk,Kirkuk,Panja Ali,بنجه علي,35.4369200075,44.4276313888,975.0,5850.0,284.0,0.0,0.0,0.0,0.0,0.0,0.0,0.0,520.0,0.0,0.0,0.0,5.0,0.0,166.0,0.0,0.0,0.0,0.0,10.0,0.0,0.0,0.0,0.0,0.0,0.0,875.0,0.0,0.0,875.0,0.0,0.0,0.0,0.0,90.0,0.0,0.0,90.0,40.0,0.0,0.0,40.0,0.0,0.0,550.0,0.0,290.0,550.0,80.0,290.0,15.0,80.0,0.0,15.0,0.0,0.0,"Jan 19, 2017"
2249,2603040.0,22199.0,Kirkuk,Kirkuk,Qaryat Kamptelar,قرية كمبتلر,35.5075219569,44.2702509227,115.0,690.0,20.0,0.0,0.0,0.0,0.0,0.0,0.0,0.0,35.0,0.0,0.0,0.0,45.0,0.0,15.0,0.0,0.0,0.0,0.0,20.0,0.0,0.0,0.0,0.0,0.0,0.0,50.0,0.0,0.0,50.0,0.0,0.0,0.0,0.0,45.0,0.0,0.0,45.0,10.0,0.0,20.0,10.0,15.0,20.0,45.0,15.0,20.0,45.0,0.0,20.0,5.0,0.0,0.0,5.0,0.0,0.0,"Jan 19, 2017"
2250,2603041.0,22495.0,Kirkuk,Kirkuk,Qaryat Tobzawa,قرية طوبزاوة,35.3958484253,44.274991164,130.0,780.0,25.0,0.0,0.0,0.0,0.0,0.0,5.0,0.0,60.0,0.0,0.0,0.0,10.0,0.0,30.0,0.0,0.0,0.0,0.0,10.0,0.0,0.0,0.0,0.0,0.0,0.0,85.0,0.0,0.0,85.0,0.0,0.0,0.0,0.0,35.0,0.0,0.0,35.0,0.0,0.0,10.0,0.0,0.0,10.0,85.0,0.0,25.0,85.0,10.0,25.0,0.0,10.0,0.0,0.0,0.0,0.0,"Jan 19, 2017"
2251,2603042.0,14474.0,Kirkuk,Kirkuk,Qizil Yar,قرية قزليار,35.4695824277,44.248788025,30.0,180.0,9.0,0.0,0.0,0.0,0.0,0.0,0.0,0.0,15.0,0.0,0.0,0.0,5.0,0.0,1.0,0.0,0.0,0.0,0.0,5.0,0.0,0.0,0.0,0.0,0.0,0.0,10.0,0.0,0.0,10.0,0.0,0.0,0.0,0.0,15.0,0.0,0.0,15.0,0.0,0.0,5.0,0.0,0.0,5.0,20.0,0.0,0.0,20.0,5.0,0.0,0.0,5.0,0.0,0.0,0.0,0.0,"Jan 19, 2017"
2252,2603043.0,23632.0,Kirkuk,Kirkuk,Quriya,حي القورية,35.471389,44.384444,196.0,1176.0,1.0,0.0,0.0,0.0,0.0,0.0,0.0,0.0,140.0,0.0,0.0,0.0,55.0,0.0,0.0,0.0,0.0,0.0,0.0,0.0,0.0,0.0,0.0,0.0,0.0,0.0,196.0,0.0,0.0,196.0,0.0,0.0,0.0,0.0,0.0,0.0,0.0,0.0,0.0,0.0,73.0,0.0,0.0,73.0,15.0,0.0,20.0,15.0,80.0,20.0,8.0,80.0,0.0,8.0,0.0,0.0,"Jan 19, 2017"
2253,2603044.0,14763.0,Kirkuk,Kirkuk,Rahim Awa,رحيم اوه,35.4974935968,44.3956196906,1013.0,6078.0,203.0,0.0,0.0,0.0,0.0,0.0,0.0,0.0,285.0,0.0,0.0,0.0,325.0,0.0,200.0,0.0,0.0,0.0,0.0,0.0,0.0,0.0,0.0,0.0,0.0,0.0,1013.0,0.0,0.0,1013.0,0.0,0.0,0.0,0.0,0.0,0.0,0.0,0.0,0.0,0.0,293.0,0.0,60.0,293.0,75.0,60.0,470.0,75.0,115.0,470.0,0.0,115.0,0.0,0.0,0.0,0.0,"Jan 19, 2017"
2254,2603045.0,23634.0,Kirkuk,Kirkuk,Runaki,حي روناكي,35.4456806353,44.4053745369,395.0,2370.0,115.0,0.0,0.0,0.0,0.0,0.0,0.0,0.0,103.0,0.0,0.0,0.0,35.0,0.0,142.0,0.0,0.0,0.0,0.0,0.0,0.0,0.0,0.0,0.0,0.0,0.0,395.0,0.0,0.0,395.0,0.0,0.0,0.0,0.0,0.0,0.0,0.0,0.0,0.0,0.0,157.0,0.0,65.0,157.0,20.0,65.0,55.0,20.0,78.0,55.0,20.0,78.0,0.0,20.0,0.0,0.0,"Jan 19, 2017"
2255,2603046.0,24806.0,Kirkuk,Kirkuk,Sary Kahya,حي صاري كهيه,35.4662918306,44.3772091904,339.0,2034.0,130.0,0.0,0.0,0.0,0.0,0.0,0.0,0.0,70.0,0.0,0.0,0.0,80.0,0.0,59.0,0.0,0.0,0.0,0.0,0.0,0.0,0.0,0.0,0.0,0.0,0.0,269.0,0.0,0.0,269.0,0.0,0.0,0.0,0.0,70.0,0.0,0.0,70.0,72.0,0.0,71.0,72.0,45.0,71.0,52.0,45.0,59.0,52.0,40.0,59.0,0.0,40.0,0.0,0.0,0.0,0.0,"Jan 19, 2017"
2256,2603047.0,24422.0,Kirkuk,Kirkuk,Sayada village,قرية صيادة,35.3610924208,44.3314596647,105.0,630.0,20.0,0.0,0.0,0.0,0.0,15.0,0.0,0.0,10.0,0.0,0.0,0.0,0.0,0.0,60.0,0.0,0.0,0.0,0.0,0.0,0.0,0.0,0.0,0.0,0.0,0.0,0.0,0.0,0.0,0.0,0.0,0.0,0.0,0.0,105.0,0.0,0.0,105.0,0.0,0.0,70.0,0.0,0.0,70.0,15.0,0.0,20.0,15.0,0.0,20.0,0.0,0.0,0.0,0.0,0.0,0.0,"Jan 19, 2017"
2257,2603048.0,15522.0,Kirkuk,Kirkuk,Shwan Center,مركز ناحية شوان,35.7351842292,44.4870318524,90.0,540.0,20.0,0.0,0.0,0.0,0.0,0.0,0.0,0.0,0.0,0.0,0.0,0.0,40.0,0.0,30.0,0.0,0.0,0.0,0.0,0.0,0.0,0.0,0.0,0.0,0.0,0.0,90.0,0.0,0.0,90.0,0.0,0.0,0.0,0.0,0.0,0.0,0.0,0.0,0.0,0.0,45.0,0.0,45.0,45.0,0.0,45.0,0.0,0.0,0.0,0.0,0.0,0.0,0.0,0.0,0.0,0.0,"Jan 19, 2017"
2258,2603050.0,14703.0,Kirkuk,Kirkuk,Tiseen,حي تسن,35.445333511,44.3711164081,350.0,2100.0,50.0,0.0,0.0,0.0,0.0,0.0,0.0,0.0,200.0,0.0,0.0,0.0,45.0,0.0,55.0,0.0,0.0,0.0,0.0,45.0,0.0,0.0,0.0,0.0,0.0,0.0,230.0,0.0,0.0,230.0,0.0,0.0,0.0,0.0,75.0,0.0,0.0,75.0,0.0,0.0,40.0,0.0,30.0,40.0,125.0,30.0,130.0,125.0,0.0,130.0,25.0,0.0,0.0,25.0,0.0,0.0,"Jan 19, 2017"
2259,2603051.0,14464.0,Kirkuk,Kirkuk,Yaychi-101,حي يايجي-101,35.4385383531,44.2376825469,360.0,2160.0,95.0,0.0,0.0,0.0,0.0,0.0,0.0,0.0,220.0,0.0,0.0,0.0,0.0,0.0,45.0,0.0,0.0,0.0,0.0,20.0,0.0,0.0,0.0,0.0,0.0,0.0,290.0,0.0,0.0,290.0,0.0,0.0,0.0,0.0,50.0,0.0,0.0,50.0,10.0,0.0,0.0,10.0,15.0,0.0,180.0,15.0,60.0,180.0,30.0,60.0,65.0,30.0,0.0,65.0,0.0,0.0,"Jan 19, 2017"
2260,2603052.0,23901.0,Kirkuk,Kirkuk,Yaychi-Qaryat Dibak Taba,قرية ديبك تبة,35.44244293,44.2845542687,59.0,354.0,6.0,0.0,0.0,0.0,0.0,0.0,0.0,0.0,26.0,0.0,0.0,0.0,0.0,0.0,27.0,0.0,0.0,0.0,0.0,19.0,0.0,0.0,0.0,0.0,0.0,0.0,20.0,0.0,0.0,20.0,0.0,0.0,0.0,0.0,20.0,0.0,0.0,20.0,0.0,0.0,10.0,0.0,0.0,10.0,30.0,0.0,14.0,30.0,5.0,14.0,0.0,5.0,0.0,0.0,0.0,0.0,"Jan 19, 2017"
2261,2603053.0,23900.0,Kirkuk,Kirkuk,Yaychi-Qaryat Turklan,قرية تركلان,35.3881488299,44.2759519887,197.0,1182.0,42.0,0.0,0.0,0.0,0.0,5.0,0.0,0.0,105.0,0.0,0.0,0.0,5.0,0.0,40.0,0.0,0.0,0.0,0.0,25.0,0.0,0.0,0.0,0.0,0.0,0.0,142.0,0.0,0.0,142.0,0.0,0.0,0.0,0.0,30.0,0.0,0.0,30.0,0.0,0.0,7.0,0.0,0.0,7.0,145.0,0.0,20.0,145.0,20.0,20.0,5.0,20.0,0.0,5.0,0.0,0.0,"Jan 19, 2017"
2262,2603059.0,28410.0,Kirkuk,Kirkuk,Sekanyan,سيكانيان,35.5541193934,44.360257535,62.0,372.0,0.0,0.0,0.0,0.0,0.0,0.0,0.0,0.0,2.0,0.0,0.0,0.0,60.0,0.0,0.0,0.0,0.0,0.0,0.0,0.0,0.0,0.0,0.0,0.0,0.0,0.0,62.0,0.0,0.0,62.0,0.0,0.0,0.0,0.0,0.0,0.0,0.0,0.0,0.0,0.0,0.0,0.0,43.0,0.0,0.0,43.0,0.0,0.0,2.0,0.0,17.0,2.0,0.0,17.0,0.0,0.0,"Jan 19, 2017"
2263,2603060.0,15442.0,Kirkuk,Kirkuk,Shorawo,شوراو,35.5250152249,44.3848430318,78.0,468.0,0.0,0.0,0.0,0.0,0.0,0.0,0.0,0.0,70.0,0.0,0.0,0.0,8.0,0.0,0.0,0.0,0.0,0.0,0.0,0.0,0.0,0.0,0.0,0.0,0.0,0.0,78.0,0.0,0.0,78.0,0.0,0.0,0.0,0.0,0.0,0.0,0.0,0.0,0.0,0.0,0.0,0.0,0.0,0.0,0.0,0.0,60.0,0.0,0.0,60.0,18.0,0.0,0.0,18.0,0.0,0.0,"Jan 19, 2017"
2264,2603061.0,22847.0,Kirkuk,Kirkuk,chardaghli village,قرية جرداغلوا,35.3556783563,44.3127887632,140.0,840.0,0.0,0.0,0.0,0.0,0.0,0.0,0.0,0.0,135.0,0.0,0.0,0.0,5.0,0.0,0.0,0.0,0.0,0.0,0.0,10.0,0.0,0.0,0.0,0.0,0.0,0.0,93.0,0.0,0.0,93.0,0.0,0.0,0.0,0.0,37.0,0.0,0.0,37.0,0.0,0.0,20.0,0.0,35.0,20.0,0.0,35.0,42.0,0.0,23.0,42.0,20.0,23.0,0.0,20.0,0.0,0.0,"Jan 19, 2017"
2265,2603062.0,14611.0,Kirkuk,Kirkuk,Jadida Village,قرية الجديدة,35.4277,44.2258,25.0,150.0,0.0,0.0,0.0,0.0,0.0,0.0,0.0,0.0,25.0,0.0,0.0,0.0,0.0,0.0,0.0,0.0,0.0,0.0,0.0,0.0,0.0,0.0,0.0,0.0,0.0,0.0,0.0,0.0,0.0,0.0,0.0,0.0,0.0,0.0,25.0,0.0,0.0,25.0,0.0,0.0,0.0,0.0,0.0,0.0,0.0,0.0,20.0,0.0,5.0,20.0,0.0,5.0,0.0,0.0,0.0,0.0,"Jan 19, 2017"
2266,2603064.0,15648.0,Kirkuk,Kirkuk,Al-Sayada Complex,مجمع الصيادة,35.3806586999,44.3324449665,475.0,2850.0,3.0,0.0,0.0,0.0,0.0,2.0,0.0,0.0,457.0,0.0,0.0,0.0,10.0,0.0,3.0,0.0,0.0,0.0,0.0,0.0,0.0,0.0,0.0,0.0,0.0,0.0,475.0,0.0,0.0,475.0,0.0,0.0,0.0,0.0,0.0,0.0,0.0,0.0,0.0,0.0,18.0,0.0,0.0,18.0,125.0,0.0,87.0,125.0,170.0,87.0,75.0,170.0,0.0,75.0,0.0,0.0,"Jan 19, 2017"
2267,2604001.0,14375.0,Kirkuk,Dabes,Altun Kupri Center,مركز ناحية التون كوبري,35.7562662504,44.1387131723,530.0,3180.0,35.0,0.0,0.0,0.0,0.0,5.0,0.0,0.0,0.0,0.0,0.0,0.0,490.0,0.0,0.0,0.0,0.0,0.0,0.0,0.0,0.0,0.0,0.0,0.0,0.0,0.0,530.0,0.0,0.0,530.0,0.0,0.0,0.0,0.0,0.0,0.0,0.0,0.0,25.0,0.0,255.0,25.0,60.0,255.0,180.0,60.0,0.0,180.0,10.0,0.0,0.0,10.0,0.0,0.0,0.0,0.0,"Jan 19, 2017"
2268,2604002.0,14424.0,Kirkuk,Dabes,Bay Hasan,قرية باي حسن,35.63,44.01,90.0,540.0,0.0,0.0,0.0,0.0,0.0,0.0,0.0,0.0,90.0,0.0,0.0,0.0,0.0,0.0,0.0,0.0,0.0,0.0,0.0,70.0,0.0,0.0,0.0,0.0,0.0,0.0,0.0,0.0,0.0,0.0,0.0,0.0,0.0,0.0,20.0,0.0,0.0,20.0,0.0,0.0,0.0,0.0,0.0,0.0,90.0,0.0,0.0,90.0,0.0,0.0,0.0,0.0,0.0,0.0,0.0,0.0,"Jan 19, 2017"
2269,2604005.0,24632.0,Kirkuk,Dabes,Hay Al Muaasker,حي المعسكر,35.667296708,44.074888401,70.0,420.0,0.0,0.0,0.0,0.0,0.0,0.0,0.0,0.0,70.0,0.0,0.0,0.0,0.0,0.0,0.0,0.0,0.0,0.0,0.0,0.0,0.0,0.0,0.0,0.0,0.0,0.0,70.0,0.0,0.0,70.0,0.0,0.0,0.0,0.0,0.0,0.0,0.0,0.0,0.0,0.0,0.0,0.0,0.0,0.0,60.0,0.0,10.0,60.0,0.0,10.0,0.0,0.0,0.0,0.0,0.0,0.0,"Jan 19, 2017"
2270,2604006.0,24631.0,Kirkuk,Dabes,Hay Al Tanak,حي التنك,35.6605481038,44.0899282922,50.0,300.0,0.0,0.0,0.0,0.0,0.0,0.0,0.0,0.0,50.0,0.0,0.0,0.0,0.0,0.0,0.0,0.0,0.0,0.0,0.0,0.0,0.0,0.0,0.0,0.0,0.0,0.0,50.0,0.0,0.0,50.0,0.0,0.0,0.0,0.0,0.0,0.0,0.0,0.0,0.0,0.0,0.0,0.0,0.0,0.0,35.0,0.0,5.0,35.0,0.0,5.0,10.0,0.0,0.0,10.0,0.0,0.0,"Jan 19, 2017"
2271,2604007.0,15674.0,Kirkuk,Dabes,Hay Al-Shuhadaa,حي الشهداء,35.6705348992,44.069217917,60.0,360.0,0.0,0.0,0.0,0.0,0.0,0.0,0.0,0.0,45.0,0.0,0.0,0.0,15.0,0.0,0.0,0.0,0.0,0.0,0.0,0.0,0.0,0.0,0.0,0.0,0.0,0.0,60.0,0.0,0.0,60.0,0.0,0.0,0.0,0.0,0.0,0.0,0.0,0.0,0.0,0.0,0.0,0.0,0.0,0.0,45.0,0.0,0.0,45.0,0.0,0.0,15.0,0.0,0.0,15.0,0.0,0.0,"Jan 19, 2017"
2272,2604009.0,15413.0,Kirkuk,Dabes,Rubaidha asriya,ربيضة عصرية,35.483285,43.957607,500.0,3000.0,0.0,0.0,0.0,0.0,0.0,0.0,0.0,0.0,500.0,0.0,0.0,0.0,0.0,0.0,0.0,0.0,0.0,0.0,0.0,0.0,0.0,0.0,0.0,0.0,0.0,0.0,0.0,0.0,0.0,0.0,0.0,0.0,0.0,0.0,200.0,0.0,300.0,200.0,0.0,300.0,0.0,0.0,0.0,0.0,500.0,0.0,0.0,500.0,0.0,0.0,0.0,0.0,0.0,0.0,0.0,0.0,"Jan 19, 2017"
2273,2701001.0,17734.0,Ninewa,Akre,Akre,عقرة,36.7361641121,43.8703676367,2200.0,13200.0,0.0,0.0,0.0,0.0,0.0,0.0,0.0,0.0,0.0,0.0,0.0,0.0,2200.0,0.0,0.0,0.0,0.0,0.0,0.0,70.0,0.0,0.0,0.0,0.0,0.0,0.0,1870.0,0.0,0.0,1870.0,0.0,0.0,0.0,0.0,260.0,0.0,0.0,260.0,0.0,0.0,1150.0,0.0,1050.0,1150.0,0.0,1050.0,0.0,0.0,0.0,0.0,0.0,0.0,0.0,0.0,0.0,0.0,"Jan 19, 2017"
2274,2701002.0,17295.0,Ninewa,Akre,Amiyanook,آميانوك,36.5368014067,43.6040783128,39.0,234.0,0.0,0.0,0.0,0.0,0.0,0.0,0.0,0.0,0.0,0.0,0.0,0.0,39.0,0.0,0.0,0.0,0.0,0.0,0.0,2.0,0.0,0.0,0.0,0.0,0.0,0.0,30.0,0.0,0.0,30.0,0.0,0.0,0.0,0.0,7.0,0.0,0.0,7.0,0.0,0.0,0.0,0.0,39.0,0.0,0.0,39.0,0.0,0.0,0.0,0.0,0.0,0.0,0.0,0.0,0.0,0.0,"Jan 19, 2017"
2275,2701003.0,8789.0,Ninewa,Akre,Amyan,اميان,36.5374827537,43.5984455004,53.0,318.0,0.0,0.0,0.0,0.0,0.0,0.0,0.0,0.0,0.0,0.0,0.0,0.0,53.0,0.0,0.0,0.0,0.0,0.0,0.0,30.0,0.0,0.0,0.0,0.0,0.0,0.0,14.0,0.0,0.0,14.0,0.0,0.0,0.0,0.0,9.0,0.0,0.0,9.0,0.0,0.0,16.0,0.0,37.0,16.0,0.0,37.0,0.0,0.0,0.0,0.0,0.0,0.0,0.0,0.0,0.0,0.0,"Jan 19, 2017"
2276,2701004.0,18256.0,Ninewa,Akre,Banasur,بانسور,36.7093970407,43.972810898,80.0,480.0,0.0,0.0,0.0,0.0,0.0,0.0,0.0,0.0,0.0,0.0,0.0,0.0,80.0,0.0,0.0,0.0,0.0,0.0,0.0,16.0,0.0,0.0,0.0,0.0,0.0,0.0,54.0,0.0,0.0,54.0,0.0,0.0,0.0,0.0,10.0,0.0,0.0,10.0,0.0,0.0,0.0,0.0,80.0,0.0,0.0,80.0,0.0,0.0,0.0,0.0,0.0,0.0,0.0,0.0,0.0,0.0,"Jan 19, 2017"
2277,2701005.0,8783.0,Ninewa,Akre,Bardarash,بردرش,36.5050524563,43.5955985834,1800.0,10800.0,0.0,0.0,0.0,0.0,0.0,0.0,0.0,0.0,0.0,0.0,0.0,0.0,1800.0,0.0,0.0,0.0,0.0,0.0,0.0,82.0,0.0,0.0,0.0,0.0,0.0,0.0,1648.0,0.0,0.0,1648.0,0.0,0.0,0.0,0.0,70.0,0.0,0.0,70.0,0.0,0.0,695.0,0.0,1105.0,695.0,0.0,1105.0,0.0,0.0,0.0,0.0,0.0,0.0,0.0,0.0,0.0,0.0,"Jan 19, 2017"
2278,2701006.0,24907.0,Ninewa,Akre,Bardarash Camp,مخيم بردرش,36.494357,43.566421,2368.0,14208.0,0.0,0.0,0.0,0.0,0.0,0.0,0.0,0.0,0.0,0.0,0.0,0.0,2368.0,0.0,0.0,0.0,0.0,0.0,2368.0,0.0,0.0,0.0,0.0,0.0,0.0,0.0,0.0,0.0,0.0,0.0,0.0,0.0,0.0,0.0,0.0,0.0,0.0,0.0,0.0,0.0,0.0,0.0,2346.0,0.0,0.0,2346.0,5.0,0.0,17.0,5.0,0.0,17.0,0.0,0.0,0.0,0.0,"Jan 19, 2017"
2279,2701007.0,25816.0,Ninewa,Akre,Bishryan,بشريان,36.3098006982,43.6742682321,100.0,600.0,0.0,0.0,0.0,0.0,0.0,0.0,0.0,0.0,0.0,0.0,0.0,0.0,100.0,0.0,0.0,0.0,0.0,0.0,0.0,0.0,0.0,0.0,0.0,0.0,0.0,0.0,78.0,0.0,0.0,78.0,0.0,0.0,0.0,0.0,22.0,0.0,0.0,22.0,0.0,0.0,60.0,0.0,40.0,60.0,0.0,40.0,0.0,0.0,0.0,0.0,0.0,0.0,0.0,0.0,0.0,0.0,"Jan 19, 2017"
2280,2701008.0,17776.0,Ninewa,Akre,Bjil,بجيل,36.727823778,44.0160862863,82.0,492.0,0.0,0.0,0.0,0.0,0.0,0.0,0.0,0.0,0.0,0.0,0.0,0.0,82.0,0.0,0.0,0.0,0.0,0.0,0.0,9.0,0.0,0.0,0.0,0.0,0.0,0.0,48.0,0.0,0.0,48.0,0.0,0.0,0.0,0.0,25.0,0.0,0.0,25.0,0.0,0.0,0.0,0.0,82.0,0.0,0.0,82.0,0.0,0.0,0.0,0.0,0.0,0.0,0.0,0.0,0.0,0.0,"Jan 19, 2017"
2281,2701009.0,8776.0,Ninewa,Akre,Daratu,دارتو,36.4778018104,43.7260191611,436.0,2616.0,0.0,0.0,0.0,0.0,0.0,0.0,0.0,0.0,0.0,0.0,0.0,0.0,436.0,0.0,0.0,0.0,0.0,0.0,0.0,70.0,0.0,0.0,0.0,0.0,0.0,0.0,228.0,0.0,0.0,228.0,0.0,0.0,0.0,0.0,138.0,0.0,0.0,138.0,0.0,0.0,70.0,0.0,366.0,70.0,0.0,366.0,0.0,0.0,0.0,0.0,0.0,0.0,0.0,0.0,0.0,0.0,"Jan 19, 2017"
2282,2701010.0,16953.0,Ninewa,Akre,Dinarta,دينارته,36.7929916712,43.9795982543,134.0,804.0,0.0,0.0,0.0,0.0,0.0,0.0,0.0,0.0,0.0,0.0,0.0,0.0,134.0,0.0,0.0,0.0,0.0,0.0,0.0,41.0,0.0,0.0,0.0,0.0,0.0,0.0,60.0,0.0,0.0,60.0,0.0,0.0,0.0,0.0,33.0,0.0,0.0,33.0,0.0,0.0,60.0,0.0,74.0,60.0,0.0,74.0,0.0,0.0,0.0,0.0,0.0,0.0,0.0,0.0,0.0,0.0,"Jan 19, 2017"
2283,2701011.0,17802.0,Ninewa,Akre,Grdasin,كردسين,36.6545756067,43.8070683168,374.0,2244.0,0.0,0.0,0.0,0.0,0.0,0.0,0.0,0.0,0.0,0.0,0.0,0.0,374.0,0.0,0.0,0.0,0.0,0.0,0.0,186.0,0.0,0.0,0.0,0.0,0.0,0.0,45.0,0.0,0.0,45.0,0.0,0.0,0.0,0.0,143.0,0.0,0.0,143.0,0.0,0.0,96.0,0.0,278.0,96.0,0.0,278.0,0.0,0.0,0.0,0.0,0.0,0.0,0.0,0.0,0.0,0.0,"Jan 19, 2017"
2284,2701012.0,24581.0,Ninewa,Akre,Kalak,كلكك,36.2712232125,43.6367033223,925.0,5550.0,0.0,0.0,0.0,0.0,0.0,0.0,0.0,0.0,0.0,0.0,0.0,0.0,925.0,0.0,0.0,0.0,0.0,0.0,0.0,74.0,0.0,0.0,0.0,0.0,0.0,0.0,794.0,0.0,0.0,794.0,0.0,0.0,0.0,0.0,57.0,0.0,0.0,57.0,0.0,0.0,142.0,0.0,783.0,142.0,0.0,783.0,0.0,0.0,0.0,0.0,0.0,0.0,0.0,0.0,0.0,0.0,"Jan 19, 2017"
2285,2701013.0,17142.0,Ninewa,Akre,Kani Lan,كاني لان,36.4939261958,43.5288413727,33.0,198.0,0.0,0.0,0.0,0.0,0.0,0.0,0.0,0.0,0.0,0.0,0.0,0.0,33.0,0.0,0.0,0.0,0.0,0.0,0.0,5.0,0.0,0.0,0.0,0.0,0.0,0.0,16.0,0.0,0.0,16.0,0.0,0.0,0.0,0.0,12.0,0.0,0.0,12.0,0.0,0.0,0.0,0.0,33.0,0.0,0.0,33.0,0.0,0.0,0.0,0.0,0.0,0.0,0.0,0.0,0.0,0.0,"Jan 19, 2017"
2286,2701014.0,17012.0,Ninewa,Akre,Khalilkan,خليلكان,36.6869242848,43.6264887082,32.0,192.0,0.0,0.0,0.0,0.0,0.0,0.0,0.0,0.0,0.0,0.0,0.0,0.0,32.0,0.0,0.0,0.0,0.0,0.0,0.0,29.0,0.0,0.0,0.0,0.0,0.0,0.0,0.0,0.0,0.0,0.0,0.0,0.0,0.0,0.0,3.0,0.0,0.0,3.0,0.0,0.0,0.0,0.0,32.0,0.0,0.0,32.0,0.0,0.0,0.0,0.0,0.0,0.0,0.0,0.0,0.0,0.0,"Jan 19, 2017"
2287,2701015.0,17272.0,Ninewa,Akre,Mamilian,مخيم مامليان,36.6893367648,43.7995407716,1100.0,6600.0,0.0,0.0,0.0,0.0,0.0,0.0,0.0,0.0,0.0,0.0,0.0,0.0,1100.0,0.0,0.0,0.0,0.0,0.0,1100.0,0.0,0.0,0.0,0.0,0.0,0.0,0.0,0.0,0.0,0.0,0.0,0.0,0.0,0.0,0.0,0.0,0.0,0.0,0.0,0.0,0.0,0.0,0.0,1092.0,0.0,0.0,1092.0,0.0,0.0,0.0,0.0,8.0,0.0,0.0,8.0,0.0,0.0,"Jan 19, 2017"
2288,2701016.0,17293.0,Ninewa,Akre,Mam Wa Zina,مم و زينا,36.5449209105,43.619582556,7.0,42.0,0.0,0.0,0.0,0.0,0.0,0.0,0.0,0.0,0.0,0.0,0.0,0.0,7.0,0.0,0.0,0.0,0.0,0.0,0.0,7.0,0.0,0.0,0.0,0.0,0.0,0.0,0.0,0.0,0.0,0.0,0.0,0.0,0.0,0.0,0.0,0.0,0.0,0.0,0.0,0.0,5.0,0.0,2.0,5.0,0.0,2.0,0.0,0.0,0.0,0.0,0.0,0.0,0.0,0.0,0.0,0.0,"Jan 19, 2017"
2289,2701017.0,24580.0,Ninewa,Akre,Roviya,روفيا,36.6180422219,43.7012026489,1017.0,6102.0,0.0,0.0,0.0,0.0,0.0,0.0,0.0,0.0,0.0,0.0,0.0,0.0,1017.0,0.0,0.0,0.0,0.0,0.0,0.0,376.0,0.0,0.0,0.0,0.0,0.0,0.0,616.0,0.0,0.0,616.0,0.0,0.0,0.0,0.0,25.0,0.0,0.0,25.0,0.0,0.0,675.0,0.0,342.0,675.0,0.0,342.0,0.0,0.0,0.0,0.0,0.0,0.0,0.0,0.0,0.0,0.0,"Jan 19, 2017"
2290,2701018.0,18162.0,Ninewa,Akre,Zawi Rash,زوي رش,36.5132553389,43.5718517771,18.0,108.0,0.0,0.0,0.0,0.0,0.0,0.0,0.0,0.0,0.0,0.0,0.0,0.0,18.0,0.0,0.0,0.0,0.0,0.0,0.0,3.0,0.0,0.0,0.0,0.0,0.0,0.0,6.0,0.0,0.0,6.0,0.0,0.0,0.0,0.0,9.0,0.0,0.0,9.0,0.0,0.0,3.0,0.0,15.0,3.0,0.0,15.0,0.0,0.0,0.0,0.0,0.0,0.0,0.0,0.0,0.0,0.0,"Jan 19, 2017"
2291,2701019.0,17147.0,Ninewa,Akre,Zimzimuk,زمزموك,36.4950190687,43.6226714588,50.0,300.0,0.0,0.0,0.0,0.0,0.0,0.0,0.0,0.0,0.0,0.0,0.0,0.0,50.0,0.0,0.0,0.0,0.0,0.0,0.0,30.0,0.0,0.0,0.0,0.0,0.0,0.0,10.0,0.0,0.0,10.0,0.0,0.0,0.0,0.0,10.0,0.0,0.0,10.0,0.0,0.0,10.0,0.0,40.0,10.0,0.0,40.0,0.0,0.0,0.0,0.0,0.0,0.0,0.0,0.0,0.0,0.0,"Jan 19, 2017"
2292,2701025.0,29571.0,Ninewa,Akre,Bardarash Bchok,بردرش بجوك,36.5030129173,43.5713345682,60.0,360.0,0.0,0.0,0.0,0.0,0.0,0.0,0.0,0.0,0.0,0.0,0.0,0.0,60.0,0.0,0.0,0.0,0.0,0.0,0.0,19.0,0.0,0.0,0.0,0.0,0.0,0.0,33.0,0.0,0.0,33.0,0.0,0.0,0.0,0.0,8.0,0.0,0.0,8.0,0.0,0.0,15.0,0.0,45.0,15.0,0.0,45.0,0.0,0.0,0.0,0.0,0.0,0.0,0.0,0.0,0.0,0.0,"Jan 19, 2017"
2293,2701026.0,18223.0,Ninewa,Akre,Gawilan,كويلان,36.35067904,43.6504364381,44.0,264.0,0.0,0.0,0.0,0.0,0.0,0.0,0.0,0.0,0.0,0.0,0.0,0.0,44.0,0.0,0.0,0.0,0.0,0.0,0.0,0.0,0.0,0.0,0.0,0.0,0.0,0.0,0.0,0.0,0.0,0.0,0.0,0.0,0.0,0.0,44.0,0.0,0.0,44.0,0.0,0.0,0.0,0.0,44.0,0.0,0.0,44.0,0.0,0.0,0.0,0.0,0.0,0.0,0.0,0.0,0.0,0.0,"Jan 19, 2017"
2294,2701027.0,8777.0,Ninewa,Akre,Big Dogondan,دوكندان كبيرة,36.4834126633,43.690311217,10.0,60.0,0.0,0.0,0.0,0.0,0.0,0.0,0.0,0.0,0.0,0.0,0.0,0.0,10.0,0.0,0.0,0.0,0.0,0.0,0.0,7.0,0.0,0.0,0.0,0.0,0.0,0.0,3.0,0.0,0.0,3.0,0.0,0.0,0.0,0.0,0.0,0.0,0.0,0.0,0.0,0.0,7.0,0.0,3.0,7.0,0.0,3.0,0.0,0.0,0.0,0.0,0.0,0.0,0.0,0.0,0.0,0.0,"Jan 19, 2017"
2295,2701028.0,8780.0,Ninewa,Akre,Zanganan,زنكنان,36.4883010909,43.6619738816,49.0,294.0,0.0,0.0,0.0,0.0,0.0,0.0,0.0,0.0,0.0,0.0,0.0,0.0,49.0,0.0,0.0,0.0,0.0,0.0,0.0,44.0,0.0,0.0,0.0,0.0,0.0,0.0,2.0,0.0,0.0,2.0,0.0,0.0,3.0,0.0,0.0,3.0,0.0,0.0,0.0,0.0,12.0,0.0,37.0,12.0,0.0,37.0,0.0,0.0,0.0,0.0,0.0,0.0,0.0,0.0,0.0,0.0,"Jan 19, 2017"
2296,2701029.0,29605.0,Ninewa,Akre,Kawnapak,كوناباك,36.4927477612,43.6416518071,48.0,288.0,0.0,0.0,0.0,0.0,0.0,0.0,0.0,0.0,0.0,0.0,0.0,0.0,48.0,0.0,0.0,0.0,0.0,0.0,0.0,38.0,0.0,0.0,0.0,0.0,0.0,0.0,4.0,0.0,0.0,4.0,0.0,0.0,0.0,0.0,6.0,0.0,0.0,6.0,0.0,0.0,0.0,0.0,48.0,0.0,0.0,48.0,0.0,0.0,0.0,0.0,0.0,0.0,0.0,0.0,0.0,0.0,"Jan 19, 2017"
2297,2701030.0,29625.0,Ninewa,Akre,Gawrasoor,كورا صور,36.292342563,43.6486705026,25.0,150.0,0.0,0.0,0.0,0.0,0.0,0.0,0.0,0.0,0.0,0.0,0.0,0.0,25.0,0.0,0.0,0.0,0.0,0.0,0.0,20.0,0.0,0.0,0.0,0.0,0.0,0.0,0.0,0.0,0.0,0.0,0.0,0.0,0.0,0.0,5.0,0.0,0.0,5.0,0.0,0.0,0.0,0.0,25.0,0.0,0.0,25.0,0.0,0.0,0.0,0.0,0.0,0.0,0.0,0.0,0.0,0.0,"Jan 19, 2017"
2298,2701031.0,17096.0,Ninewa,Akre,Ismawa,ايسماوة,36.5612918777,43.5686426838,66.0,396.0,0.0,0.0,0.0,0.0,0.0,0.0,0.0,0.0,0.0,0.0,0.0,0.0,66.0,0.0,0.0,0.0,0.0,0.0,0.0,38.0,0.0,0.0,0.0,0.0,0.0,0.0,24.0,0.0,0.0,24.0,0.0,0.0,0.0,0.0,4.0,0.0,0.0,4.0,0.0,0.0,0.0,0.0,66.0,0.0,0.0,66.0,0.0,0.0,0.0,0.0,0.0,0.0,0.0,0.0,0.0,0.0,"Jan 19, 2017"
2299,2701032.0,17323.0,Ninewa,Akre,Big Topzawa,توبزاوة كبيرة,36.5633250937,43.7597465161,21.0,126.0,0.0,0.0,0.0,0.0,0.0,0.0,0.0,0.0,0.0,0.0,0.0,0.0,21.0,0.0,0.0,0.0,0.0,0.0,0.0,21.0,0.0,0.0,0.0,0.0,0.0,0.0,0.0,0.0,0.0,0.0,0.0,0.0,0.0,0.0,0.0,0.0,0.0,0.0,0.0,0.0,0.0,0.0,21.0,0.0,0.0,21.0,0.0,0.0,0.0,0.0,0.0,0.0,0.0,0.0,0.0,0.0,"Jan 19, 2017"
2300,2701033.0,29626.0,Ninewa,Akre,Husseini,حسيني,36.641600932,43.5802821867,45.0,270.0,0.0,0.0,0.0,0.0,0.0,0.0,0.0,0.0,0.0,0.0,0.0,0.0,45.0,0.0,0.0,0.0,0.0,0.0,0.0,34.0,0.0,0.0,0.0,0.0,0.0,0.0,6.0,0.0,0.0,6.0,0.0,0.0,0.0,0.0,5.0,0.0,0.0,5.0,0.0,0.0,0.0,0.0,45.0,0.0,0.0,45.0,0.0,0.0,0.0,0.0,0.0,0.0,0.0,0.0,0.0,0.0,"Jan 19, 2017"
2301,2701034.0,29627.0,Ninewa,Akre,Yakmala,يكمالا,36.6529035709,43.7261300027,84.0,504.0,0.0,0.0,0.0,0.0,0.0,0.0,0.0,0.0,0.0,0.0,0.0,0.0,84.0,0.0,0.0,0.0,0.0,0.0,0.0,0.0,0.0,0.0,0.0,0.0,0.0,0.0,84.0,0.0,0.0,84.0,0.0,0.0,0.0,0.0,0.0,0.0,0.0,0.0,0.0,0.0,0.0,0.0,84.0,0.0,0.0,84.0,0.0,0.0,0.0,0.0,0.0,0.0,0.0,0.0,0.0,0.0,"Jan 19, 2017"
2302,2703001.0,17976.0,Ninewa,Al-Hamdaniya,Yarimjah,يارمجة,36.3025,43.1765,33.0,198.0,0.0,0.0,0.0,0.0,0.0,0.0,0.0,0.0,0.0,0.0,0.0,0.0,33.0,0.0,0.0,0.0,0.0,0.0,0.0,0.0,0.0,0.0,0.0,0.0,0.0,13.0,0.0,13.0,0.0,0.0,0.0,0.0,0.0,0.0,20.0,0.0,0.0,20.0,0.0,0.0,0.0,0.0,0.0,0.0,33.0,0.0,0.0,33.0,0.0,0.0,0.0,0.0,0.0,0.0,0.0,0.0,"Jan 19, 2017"
2303,2703016.0,8793.0,Ninewa,Al-Hamdaniya,Qaymawa (former Zelikan),(مخيم زليكان)قيماوا,36.49031,43.50769,920.0,5520.0,0.0,0.0,0.0,0.0,0.0,0.0,0.0,0.0,0.0,0.0,0.0,0.0,920.0,0.0,0.0,0.0,0.0,0.0,920.0,0.0,0.0,0.0,0.0,0.0,0.0,0.0,0.0,0.0,0.0,0.0,0.0,0.0,0.0,0.0,0.0,0.0,0.0,0.0,0.0,0.0,0.0,0.0,0.0,0.0,0.0,0.0,0.0,0.0,0.0,0.0,920.0,0.0,0.0,920.0,0.0,0.0,"Jan 19, 2017"
2304,2703017.0,17995.0,Ninewa,Al-Hamdaniya,Al-Adla Village,قرية العدلة,36.027476218,43.40668491,150.0,900.0,0.0,0.0,0.0,0.0,0.0,0.0,0.0,0.0,0.0,0.0,0.0,0.0,150.0,0.0,0.0,0.0,0.0,0.0,0.0,120.0,0.0,0.0,0.0,0.0,0.0,0.0,0.0,0.0,0.0,0.0,0.0,0.0,30.0,0.0,0.0,30.0,0.0,0.0,0.0,0.0,0.0,0.0,0.0,0.0,0.0,0.0,0.0,0.0,0.0,0.0,150.0,0.0,0.0,150.0,0.0,0.0,"Jan 19, 2017"
2305,2703018.0,29643.0,Ninewa,Al-Hamdaniya,Ibrahim Alkhalil Village,قرية ابراهيم الخليل,36.0356161499,43.4348176686,150.0,900.0,0.0,0.0,0.0,0.0,0.0,0.0,0.0,0.0,0.0,0.0,0.0,0.0,150.0,0.0,0.0,0.0,0.0,0.0,0.0,120.0,0.0,0.0,0.0,0.0,0.0,0.0,0.0,0.0,0.0,0.0,0.0,0.0,30.0,0.0,0.0,30.0,0.0,0.0,0.0,0.0,0.0,0.0,0.0,0.0,0.0,0.0,0.0,0.0,0.0,0.0,150.0,0.0,0.0,150.0,0.0,0.0,"Jan 19, 2017"
2306,2703019.0,29645.0,Ninewa,Al-Hamdaniya,Khazer M1,مخيم الخازر M1,36.3035319,43.5432609,6900.0,41400.0,0.0,0.0,0.0,0.0,0.0,0.0,0.0,0.0,0.0,0.0,0.0,0.0,6900.0,0.0,0.0,0.0,0.0,0.0,6900.0,0.0,0.0,0.0,0.0,0.0,0.0,0.0,0.0,0.0,0.0,0.0,0.0,0.0,0.0,0.0,0.0,0.0,0.0,0.0,0.0,0.0,0.0,0.0,0.0,0.0,0.0,0.0,0.0,0.0,0.0,0.0,6900.0,0.0,0.0,6900.0,0.0,0.0,"Jan 19, 2017"
2307,2703020.0,29647.0,Ninewa,Al-Hamdaniya,Hasansham U3,مخيم حسن شامي U3,36.3238291,43.5398114,1805.0,10830.0,0.0,0.0,0.0,0.0,0.0,0.0,0.0,0.0,0.0,0.0,0.0,0.0,1805.0,0.0,0.0,0.0,0.0,0.0,1805.0,0.0,0.0,0.0,0.0,0.0,0.0,0.0,0.0,0.0,0.0,0.0,0.0,0.0,0.0,0.0,0.0,0.0,0.0,0.0,0.0,0.0,0.0,0.0,0.0,0.0,0.0,0.0,0.0,0.0,0.0,0.0,1805.0,0.0,0.0,1805.0,0.0,0.0,"Jan 19, 2017"
2308,2703021.0,29671.0,Ninewa,Al-Hamdaniya,Khazer M2 camp,مخيم الخازر M2,36.33509,43.547687,5000.0,30000.0,0.0,0.0,0.0,0.0,0.0,0.0,0.0,0.0,0.0,0.0,0.0,0.0,5000.0,0.0,0.0,0.0,0.0,0.0,5000.0,0.0,0.0,0.0,0.0,0.0,0.0,0.0,0.0,0.0,0.0,0.0,0.0,0.0,0.0,0.0,0.0,0.0,0.0,0.0,0.0,0.0,0.0,0.0,0.0,0.0,0.0,0.0,0.0,0.0,0.0,0.0,5000.0,0.0,0.0,5000.0,0.0,0.0,"Jan 19, 2017"
2309,2703022.0,29684.0,Ninewa,Al-Hamdaniya,Kubaiba village,قرية كبيبة,36.0143349072,43.3760565946,100.0,600.0,0.0,0.0,0.0,0.0,0.0,0.0,0.0,0.0,0.0,0.0,0.0,0.0,100.0,0.0,0.0,0.0,0.0,0.0,0.0,100.0,0.0,0.0,0.0,0.0,0.0,0.0,0.0,0.0,0.0,0.0,0.0,0.0,0.0,0.0,0.0,0.0,0.0,0.0,0.0,0.0,0.0,0.0,0.0,0.0,0.0,0.0,0.0,0.0,0.0,0.0,100.0,0.0,0.0,100.0,0.0,0.0,"Jan 19, 2017"
2310,2703023.0,23410.0,Ninewa,Al-Hamdaniya,Sayyid Hamad village,قرية سيد حمد,36.0517566145,43.331887051,70.0,420.0,0.0,0.0,0.0,0.0,0.0,0.0,0.0,0.0,0.0,0.0,0.0,0.0,70.0,0.0,0.0,0.0,0.0,0.0,0.0,70.0,0.0,0.0,0.0,0.0,0.0,0.0,0.0,0.0,0.0,0.0,0.0,0.0,0.0,0.0,0.0,0.0,0.0,0.0,0.0,0.0,0.0,0.0,0.0,0.0,0.0,0.0,0.0,0.0,0.0,0.0,70.0,0.0,0.0,70.0,0.0,0.0,"Jan 19, 2017"
2311,2704001.0,17338.0,Ninewa,Al-Shikhan,Atrush,أتروش,36.8377966022,43.3337338667,228.0,1368.0,0.0,0.0,0.0,0.0,0.0,0.0,0.0,0.0,0.0,0.0,0.0,0.0,228.0,0.0,0.0,0.0,0.0,0.0,0.0,28.0,0.0,0.0,0.0,0.0,0.0,0.0,20.0,0.0,0.0,20.0,0.0,0.0,0.0,0.0,180.0,0.0,0.0,180.0,0.0,0.0,54.0,0.0,174.0,54.0,0.0,174.0,0.0,0.0,0.0,0.0,0.0,0.0,0.0,0.0,0.0,0.0,"Jan 19, 2017"
2312,2704002.0,17752.0,Ninewa,Al-Shikhan,Baadre,باعدري,36.7234298377,43.2520512595,1201.0,7206.0,0.0,0.0,0.0,0.0,0.0,0.0,0.0,0.0,0.0,0.0,0.0,0.0,1201.0,0.0,0.0,0.0,0.0,0.0,0.0,330.0,0.0,0.0,0.0,0.0,0.0,0.0,420.0,0.0,0.0,420.0,0.0,0.0,0.0,0.0,451.0,0.0,0.0,451.0,0.0,0.0,0.0,0.0,1196.0,0.0,0.0,1196.0,5.0,0.0,0.0,5.0,0.0,0.0,0.0,0.0,0.0,0.0,"Jan 19, 2017"
2313,2704004.0,18294.0,Ninewa,Al-Shikhan,Berstik,بيرستيك,36.7044151264,43.3211574844,121.0,726.0,0.0,0.0,0.0,0.0,0.0,0.0,0.0,0.0,0.0,0.0,0.0,0.0,121.0,0.0,0.0,0.0,0.0,0.0,0.0,32.0,0.0,1.0,0.0,0.0,1.0,0.0,3.0,0.0,0.0,3.0,0.0,0.0,0.0,0.0,85.0,0.0,0.0,85.0,0.0,0.0,0.0,0.0,121.0,0.0,0.0,121.0,0.0,0.0,0.0,0.0,0.0,0.0,0.0,0.0,0.0,0.0,"Jan 19, 2017"
2314,2704005.0,18265.0,Ninewa,Al-Shikhan,Betnar,بيتنار,36.6500200434,43.3812984365,90.0,540.0,0.0,0.0,0.0,0.0,0.0,0.0,0.0,0.0,0.0,0.0,0.0,0.0,90.0,0.0,0.0,0.0,0.0,0.0,0.0,29.0,0.0,1.0,0.0,0.0,1.0,0.0,1.0,0.0,0.0,1.0,0.0,0.0,0.0,0.0,59.0,0.0,0.0,59.0,0.0,0.0,0.0,0.0,90.0,0.0,0.0,90.0,0.0,0.0,0.0,0.0,0.0,0.0,0.0,0.0,0.0,0.0,"Jan 19, 2017"
2315,2704006.0,21008.0,Ninewa,Al-Shikhan,Chira,جرة,36.6406650692,43.5248635281,443.0,2658.0,0.0,0.0,0.0,0.0,0.0,0.0,0.0,0.0,0.0,0.0,0.0,0.0,443.0,0.0,0.0,0.0,0.0,0.0,0.0,79.0,0.0,0.0,0.0,0.0,0.0,2.0,204.0,2.0,0.0,204.0,0.0,0.0,0.0,0.0,158.0,0.0,0.0,158.0,0.0,0.0,211.0,0.0,232.0,211.0,0.0,232.0,0.0,0.0,0.0,0.0,0.0,0.0,0.0,0.0,0.0,0.0,"Jan 19, 2017"
2316,2704007.0,25945.0,Ninewa,Al-Shikhan,Esiyan Village,قرية ايسيان,36.7148436018,43.2944862132,301.0,1806.0,0.0,0.0,0.0,0.0,0.0,0.0,0.0,0.0,0.0,0.0,0.0,0.0,301.0,0.0,0.0,0.0,0.0,0.0,0.0,30.0,0.0,0.0,0.0,0.0,0.0,0.0,13.0,0.0,0.0,13.0,0.0,0.0,0.0,0.0,258.0,0.0,0.0,258.0,0.0,0.0,0.0,0.0,301.0,0.0,0.0,301.0,0.0,0.0,0.0,0.0,0.0,0.0,0.0,0.0,0.0,0.0,"Jan 19, 2017"
2317,2704008.0,24796.0,Ninewa,Al-Shikhan,Essian,مخيم ايسيان,36.7224078231,43.2672863797,2749.0,16494.0,0.0,0.0,0.0,0.0,0.0,0.0,0.0,0.0,0.0,0.0,0.0,0.0,2749.0,0.0,0.0,0.0,0.0,0.0,2749.0,0.0,0.0,0.0,0.0,0.0,0.0,0.0,0.0,0.0,0.0,0.0,0.0,0.0,0.0,0.0,0.0,0.0,0.0,0.0,0.0,0.0,0.0,0.0,2749.0,0.0,0.0,2749.0,0.0,0.0,0.0,0.0,0.0,0.0,0.0,0.0,0.0,0.0,"Jan 19, 2017"
2318,2704009.0,18213.0,Ninewa,Al-Shikhan,Lalish,لالش,36.7721760605,43.3041989708,10.0,60.0,0.0,0.0,0.0,0.0,0.0,0.0,0.0,0.0,0.0,0.0,0.0,0.0,10.0,0.0,0.0,0.0,0.0,0.0,0.0,0.0,0.0,0.0,0.0,0.0,0.0,10.0,0.0,10.0,0.0,0.0,0.0,0.0,0.0,0.0,0.0,0.0,0.0,0.0,0.0,0.0,0.0,0.0,10.0,0.0,0.0,10.0,0.0,0.0,0.0,0.0,0.0,0.0,0.0,0.0,0.0,0.0,"Jan 19, 2017"
2319,2704011.0,18058.0,Ninewa,Al-Shikhan,Kalakchi,كلكجي,36.5880967912,43.5262760124,944.0,5664.0,4.0,0.0,0.0,0.0,0.0,0.0,0.0,0.0,0.0,0.0,0.0,0.0,940.0,0.0,0.0,0.0,0.0,0.0,0.0,155.0,0.0,0.0,0.0,0.0,0.0,0.0,617.0,0.0,0.0,617.0,0.0,0.0,3.0,0.0,169.0,3.0,0.0,169.0,4.0,0.0,409.0,4.0,527.0,409.0,0.0,527.0,0.0,0.0,4.0,0.0,0.0,4.0,0.0,0.0,0.0,0.0,"Jan 19, 2017"
2320,2704012.0,17535.0,Ninewa,Al-Shikhan,Mahad,مهد,36.6466696159,43.414726435,846.0,5076.0,0.0,0.0,0.0,0.0,0.0,0.0,0.0,0.0,0.0,0.0,0.0,0.0,846.0,0.0,0.0,0.0,0.0,0.0,0.0,415.0,0.0,7.0,0.0,0.0,7.0,52.0,97.0,52.0,0.0,97.0,0.0,0.0,0.0,0.0,275.0,0.0,0.0,275.0,0.0,0.0,0.0,0.0,846.0,0.0,0.0,846.0,0.0,0.0,0.0,0.0,0.0,0.0,0.0,0.0,0.0,0.0,"Jan 19, 2017"
2321,2704013.0,17532.0,Ninewa,Al-Shikhan,Mamrashan,مام رشان,36.6662661912,43.4244916337,70.0,420.0,0.0,0.0,0.0,0.0,0.0,0.0,0.0,0.0,0.0,0.0,0.0,0.0,70.0,0.0,0.0,0.0,0.0,0.0,0.0,26.0,0.0,0.0,0.0,0.0,0.0,0.0,0.0,0.0,0.0,0.0,0.0,0.0,0.0,0.0,44.0,0.0,0.0,44.0,0.0,0.0,0.0,0.0,70.0,0.0,0.0,70.0,0.0,0.0,0.0,0.0,0.0,0.0,0.0,0.0,0.0,0.0,"Jan 19, 2017"
2322,2704015.0,18199.0,Ninewa,Al-Shikhan,Qasrok,قسروك,36.6997388584,43.5970093704,954.0,5724.0,0.0,0.0,0.0,0.0,0.0,0.0,0.0,0.0,0.0,0.0,0.0,0.0,954.0,0.0,0.0,0.0,0.0,0.0,0.0,353.0,0.0,0.0,0.0,0.0,0.0,0.0,385.0,0.0,0.0,385.0,0.0,0.0,0.0,0.0,216.0,0.0,0.0,216.0,0.0,0.0,138.0,0.0,816.0,138.0,0.0,816.0,0.0,0.0,0.0,0.0,0.0,0.0,0.0,0.0,0.0,0.0,"Jan 19, 2017"
2323,2704016.0,17333.0,Ninewa,Al-Shikhan,Shekhan,شيخان,36.6858503241,43.3471432572,2701.0,16206.0,0.0,0.0,0.0,0.0,0.0,0.0,0.0,0.0,0.0,0.0,0.0,0.0,2701.0,0.0,0.0,0.0,0.0,0.0,0.0,555.0,0.0,1.0,0.0,0.0,1.0,6.0,1590.0,6.0,0.0,1590.0,0.0,0.0,0.0,0.0,549.0,0.0,0.0,549.0,0.0,0.0,628.0,0.0,2073.0,628.0,0.0,2073.0,0.0,0.0,0.0,0.0,0.0,0.0,0.0,0.0,0.0,0.0,"Jan 19, 2017"
2324,2704017.0,25817.0,Ninewa,Al-Shikhan,Sheikhan,مخيم شيخان,36.6702454552,43.3421409459,982.0,5892.0,0.0,0.0,0.0,0.0,0.0,0.0,0.0,0.0,0.0,0.0,0.0,0.0,982.0,0.0,0.0,0.0,0.0,0.0,982.0,0.0,0.0,0.0,0.0,0.0,0.0,0.0,0.0,0.0,0.0,0.0,0.0,0.0,0.0,0.0,0.0,0.0,0.0,0.0,0.0,0.0,0.0,0.0,982.0,0.0,0.0,982.0,0.0,0.0,0.0,0.0,0.0,0.0,0.0,0.0,0.0,0.0,"Jan 19, 2017"
2325,2704018.0,17981.0,Ninewa,Al-Shikhan,Zelkan,زيلكان,36.5727011714,43.3696493816,322.0,1932.0,0.0,0.0,0.0,0.0,0.0,0.0,0.0,0.0,0.0,0.0,0.0,0.0,322.0,0.0,0.0,0.0,0.0,0.0,0.0,165.0,0.0,0.0,0.0,0.0,0.0,1.0,4.0,1.0,0.0,4.0,0.0,0.0,0.0,0.0,152.0,0.0,0.0,152.0,0.0,0.0,81.0,0.0,225.0,81.0,0.0,225.0,16.0,0.0,0.0,16.0,0.0,0.0,0.0,0.0,0.0,0.0,"Jan 19, 2017"
2326,2704024.0,27230.0,Ninewa,Al-Shikhan,Mamrashan,مخيم مام رشان,36.6712959652,43.4350329328,1038.0,6228.0,0.0,0.0,0.0,0.0,0.0,0.0,0.0,0.0,0.0,0.0,0.0,0.0,1038.0,0.0,0.0,0.0,0.0,0.0,1038.0,0.0,0.0,0.0,0.0,0.0,0.0,0.0,0.0,0.0,0.0,0.0,0.0,0.0,0.0,0.0,0.0,0.0,0.0,0.0,0.0,0.0,0.0,0.0,1038.0,0.0,0.0,1038.0,0.0,0.0,0.0,0.0,0.0,0.0,0.0,0.0,0.0,0.0,"Jan 19, 2017"
2327,2704025.0,16949.0,Ninewa,Al-Shikhan,Mlkishan,ملكيشان,36.805776101,43.5126400462,27.0,162.0,0.0,0.0,0.0,0.0,0.0,0.0,0.0,0.0,0.0,0.0,0.0,0.0,27.0,0.0,0.0,0.0,0.0,0.0,0.0,0.0,0.0,0.0,0.0,0.0,0.0,0.0,0.0,0.0,0.0,0.0,0.0,0.0,0.0,0.0,27.0,0.0,0.0,27.0,0.0,0.0,0.0,0.0,27.0,0.0,0.0,27.0,0.0,0.0,0.0,0.0,0.0,0.0,0.0,0.0,0.0,0.0,"Jan 19, 2017"
2328,2704026.0,18246.0,Ninewa,Al-Shikhan,Doshvan,دوشفان,36.6606351721,43.3017532252,10.0,60.0,0.0,0.0,0.0,0.0,0.0,0.0,0.0,0.0,0.0,0.0,0.0,0.0,10.0,0.0,0.0,0.0,0.0,0.0,0.0,6.0,0.0,0.0,0.0,0.0,0.0,0.0,0.0,0.0,0.0,0.0,0.0,0.0,0.0,0.0,4.0,0.0,0.0,4.0,0.0,0.0,0.0,0.0,10.0,0.0,0.0,10.0,0.0,0.0,0.0,0.0,0.0,0.0,0.0,0.0,0.0,0.0,"Jan 19, 2017"
2329,2704027.0,18251.0,Ninewa,Al-Shikhan,Almaman,آلممان,36.664052961,43.268486276,33.0,198.0,0.0,0.0,0.0,0.0,0.0,0.0,0.0,0.0,0.0,0.0,0.0,0.0,33.0,0.0,0.0,0.0,0.0,0.0,0.0,0.0,0.0,0.0,0.0,0.0,0.0,0.0,0.0,0.0,0.0,0.0,0.0,0.0,0.0,0.0,33.0,0.0,0.0,33.0,0.0,0.0,0.0,0.0,33.0,0.0,0.0,33.0,0.0,0.0,0.0,0.0,0.0,0.0,0.0,0.0,0.0,0.0,"Jan 19, 2017"
2330,2704028.0,29607.0,Ninewa,Al-Shikhan,Tlan,تلان,36.833612,43.464578,42.0,252.0,0.0,0.0,0.0,0.0,0.0,0.0,0.0,0.0,0.0,0.0,0.0,0.0,42.0,0.0,0.0,0.0,0.0,0.0,0.0,0.0,0.0,0.0,0.0,0.0,0.0,0.0,42.0,0.0,0.0,42.0,0.0,0.0,0.0,0.0,0.0,0.0,0.0,0.0,0.0,0.0,0.0,0.0,42.0,0.0,0.0,42.0,0.0,0.0,0.0,0.0,0.0,0.0,0.0,0.0,0.0,0.0,"Jan 19, 2017"
2331,2704029.0,29608.0,Ninewa,Al-Shikhan,Bldisha,بلديشا,36.8236,43.334152,27.0,162.0,0.0,0.0,0.0,0.0,0.0,0.0,0.0,0.0,0.0,0.0,0.0,0.0,27.0,0.0,0.0,0.0,0.0,0.0,0.0,0.0,0.0,0.0,0.0,0.0,0.0,0.0,0.0,0.0,0.0,0.0,0.0,0.0,0.0,0.0,27.0,0.0,0.0,27.0,0.0,0.0,0.0,0.0,27.0,0.0,0.0,27.0,0.0,0.0,0.0,0.0,0.0,0.0,0.0,0.0,0.0,0.0,"Jan 19, 2017"
2332,2704030.0,18220.0,Ninewa,Al-Shikhan,Tal Jumal,تل جومل,36.5922323053,43.482506723,25.0,150.0,0.0,0.0,0.0,0.0,0.0,0.0,0.0,0.0,0.0,0.0,0.0,0.0,25.0,0.0,0.0,0.0,0.0,0.0,0.0,0.0,0.0,0.0,0.0,0.0,0.0,0.0,0.0,0.0,0.0,0.0,0.0,0.0,0.0,0.0,25.0,0.0,0.0,25.0,0.0,0.0,5.0,0.0,20.0,5.0,0.0,20.0,0.0,0.0,0.0,0.0,0.0,0.0,0.0,0.0,0.0,0.0,"Jan 19, 2017"
2333,2704031.0,18205.0,Ninewa,Al-Shikhan,New Zinava,زينافا جديدة,36.6033134616,43.5020470637,8.0,48.0,0.0,0.0,0.0,0.0,0.0,0.0,0.0,0.0,0.0,0.0,0.0,0.0,8.0,0.0,0.0,0.0,0.0,0.0,0.0,0.0,0.0,0.0,0.0,0.0,0.0,0.0,0.0,0.0,0.0,0.0,0.0,0.0,0.0,0.0,8.0,0.0,0.0,8.0,0.0,0.0,2.0,0.0,6.0,2.0,0.0,6.0,0.0,0.0,0.0,0.0,0.0,0.0,0.0,0.0,0.0,0.0,"Jan 19, 2017"
2334,2704032.0,17983.0,Ninewa,Al-Shikhan,Old Zinava,زينافا قديمة,36.614683,43.47876,14.0,84.0,0.0,0.0,0.0,0.0,0.0,0.0,0.0,0.0,0.0,0.0,0.0,0.0,14.0,0.0,0.0,0.0,0.0,0.0,0.0,0.0,0.0,0.0,0.0,0.0,0.0,0.0,0.0,0.0,0.0,0.0,0.0,0.0,0.0,0.0,14.0,0.0,0.0,14.0,0.0,0.0,5.0,0.0,9.0,5.0,0.0,9.0,0.0,0.0,0.0,0.0,0.0,0.0,0.0,0.0,0.0,0.0,"Jan 19, 2017"
2335,2704033.0,29672.0,Ninewa,Al-Shikhan,Pirbob,بيربوب,36.6440537618,43.4691867917,31.0,186.0,0.0,0.0,0.0,0.0,0.0,0.0,0.0,0.0,0.0,0.0,0.0,0.0,31.0,0.0,0.0,0.0,0.0,0.0,0.0,0.0,0.0,0.0,0.0,0.0,0.0,0.0,16.0,0.0,0.0,16.0,0.0,0.0,0.0,0.0,15.0,0.0,0.0,15.0,0.0,0.0,0.0,0.0,31.0,0.0,0.0,31.0,0.0,0.0,0.0,0.0,0.0,0.0,0.0,0.0,0.0,0.0,"Jan 19, 2017"
2336,2704034.0,17529.0,Ninewa,Al-Shikhan,Nargizlia1 Camp,مخيم نركزلية 1,36.618779,43.305426,1017.0,6102.0,0.0,0.0,0.0,0.0,0.0,0.0,0.0,0.0,0.0,0.0,0.0,0.0,1017.0,0.0,0.0,0.0,0.0,0.0,1017.0,0.0,0.0,0.0,0.0,0.0,0.0,0.0,0.0,0.0,0.0,0.0,0.0,0.0,0.0,0.0,0.0,0.0,0.0,0.0,0.0,0.0,0.0,0.0,0.0,0.0,0.0,0.0,0.0,0.0,0.0,0.0,1017.0,0.0,0.0,1017.0,0.0,0.0,"Jan 19, 2017"
2337,2705001.0,27271.0,Ninewa,Hatra,Tal abta,تل عبطة,35.94547,42.562155,240.0,1440.0,0.0,0.0,0.0,0.0,0.0,0.0,0.0,0.0,0.0,0.0,0.0,0.0,240.0,0.0,0.0,0.0,0.0,0.0,0.0,0.0,0.0,60.0,0.0,0.0,60.0,0.0,0.0,0.0,0.0,0.0,0.0,0.0,0.0,0.0,0.0,0.0,180.0,0.0,0.0,180.0,0.0,0.0,0.0,0.0,0.0,0.0,240.0,0.0,0.0,240.0,0.0,0.0,0.0,0.0,0.0,0.0,"Jan 19, 2017"
2338,2705002.0,29685.0,Ninewa,Hatra,om Kdor VIllage,قرية ام كدور,35.8214,42.95999,240.0,1440.0,0.0,0.0,0.0,0.0,0.0,0.0,0.0,0.0,0.0,0.0,0.0,0.0,240.0,0.0,0.0,0.0,0.0,0.0,0.0,240.0,0.0,0.0,0.0,0.0,0.0,0.0,0.0,0.0,0.0,0.0,0.0,0.0,0.0,0.0,0.0,0.0,0.0,0.0,0.0,0.0,0.0,0.0,0.0,0.0,0.0,0.0,0.0,0.0,0.0,0.0,240.0,0.0,0.0,240.0,0.0,0.0,"Jan 19, 2017"
2339,2706001.0,23930.0,Ninewa,Mosul,Ajhalah village,قرية اجحلة,35.71132,43.30064,10.0,60.0,10.0,0.0,0.0,0.0,0.0,0.0,0.0,0.0,0.0,0.0,0.0,0.0,0.0,0.0,0.0,0.0,0.0,0.0,0.0,7.0,0.0,0.0,0.0,0.0,0.0,0.0,3.0,0.0,0.0,3.0,0.0,0.0,0.0,0.0,0.0,0.0,0.0,0.0,10.0,0.0,0.0,10.0,0.0,0.0,0.0,0.0,0.0,0.0,0.0,0.0,0.0,0.0,0.0,0.0,0.0,0.0,"Jan 19, 2017"
2340,2706003.0,24549.0,Ninewa,Mosul,Al Harmaat,الهرمات,36.3624,43.0716,733.0,4398.0,0.0,0.0,0.0,0.0,0.0,0.0,0.0,0.0,0.0,0.0,0.0,0.0,707.0,0.0,26.0,0.0,0.0,0.0,0.0,55.0,0.0,81.0,0.0,0.0,81.0,25.0,329.0,25.0,0.0,329.0,0.0,0.0,31.0,0.0,172.0,31.0,40.0,172.0,0.0,40.0,0.0,0.0,37.0,0.0,243.0,37.0,310.0,243.0,143.0,310.0,0.0,143.0,0.0,0.0,0.0,0.0,"Jan 19, 2017"
2341,2706004.0,18361.0,Ninewa,Mosul,Al jazaer,حي الجزائر,36.3564398714,43.1670732938,57.0,342.0,32.0,0.0,0.0,0.0,0.0,0.0,0.0,0.0,0.0,0.0,0.0,0.0,25.0,0.0,0.0,0.0,0.0,0.0,0.0,19.0,0.0,0.0,0.0,0.0,0.0,0.0,25.0,0.0,0.0,25.0,0.0,0.0,0.0,0.0,13.0,0.0,0.0,13.0,4.0,0.0,0.0,4.0,0.0,0.0,25.0,0.0,28.0,25.0,0.0,28.0,0.0,0.0,0.0,0.0,0.0,0.0,"Jan 19, 2017"
2342,2706005.0,20798.0,Ninewa,Mosul,Al Mazaraa,المزارع,36.3229,43.1798,200.0,1200.0,0.0,0.0,0.0,0.0,0.0,0.0,0.0,0.0,0.0,0.0,0.0,0.0,200.0,0.0,0.0,0.0,0.0,0.0,0.0,200.0,0.0,0.0,0.0,0.0,0.0,0.0,0.0,0.0,0.0,0.0,0.0,0.0,0.0,0.0,0.0,0.0,0.0,0.0,0.0,0.0,200.0,0.0,0.0,200.0,0.0,0.0,0.0,0.0,0.0,0.0,0.0,0.0,0.0,0.0,0.0,0.0,"Jan 19, 2017"
2343,2706006.0,18377.0,Ninewa,Mosul,Al rasheediya,الرشيدية,36.403236683,43.0935171026,410.0,2460.0,5.0,0.0,0.0,0.0,0.0,0.0,0.0,0.0,0.0,0.0,0.0,0.0,405.0,0.0,0.0,0.0,0.0,0.0,0.0,92.0,0.0,0.0,0.0,0.0,0.0,0.0,263.0,0.0,0.0,263.0,0.0,0.0,0.0,0.0,55.0,0.0,0.0,55.0,0.0,0.0,0.0,0.0,0.0,0.0,275.0,0.0,131.0,275.0,4.0,131.0,0.0,4.0,0.0,0.0,0.0,0.0,"Jan 19, 2017"
2344,2706007.0,24617.0,Ninewa,Mosul,Al Sahiroon,الساهرون,36.3020506,43.2049866,93.0,558.0,0.0,0.0,0.0,0.0,0.0,0.0,0.0,0.0,12.0,0.0,0.0,0.0,56.0,0.0,25.0,0.0,0.0,0.0,0.0,21.0,0.0,0.0,0.0,0.0,0.0,0.0,43.0,0.0,0.0,43.0,0.0,0.0,0.0,0.0,9.0,0.0,20.0,9.0,0.0,20.0,0.0,0.0,0.0,0.0,26.0,0.0,67.0,26.0,0.0,67.0,0.0,0.0,0.0,0.0,0.0,0.0,"Jan 19, 2017"
2345,2706008.0,24146.0,Ninewa,Mosul,Al Samaqiyah,السماقية,36.4651261278,43.2526778286,13.0,78.0,0.0,0.0,0.0,0.0,0.0,0.0,0.0,0.0,0.0,0.0,0.0,0.0,13.0,0.0,0.0,0.0,0.0,0.0,0.0,13.0,0.0,0.0,0.0,0.0,0.0,0.0,0.0,0.0,0.0,0.0,0.0,0.0,0.0,0.0,0.0,0.0,0.0,0.0,0.0,0.0,0.0,0.0,0.0,0.0,0.0,0.0,0.0,0.0,0.0,0.0,13.0,0.0,0.0,13.0,0.0,0.0,"Jan 19, 2017"
2346,2706009.0,24616.0,Ninewa,Mosul,Shamsiat Village,قرية الشمسيات,36.2572,43.1912,13.0,78.0,0.0,0.0,0.0,0.0,0.0,0.0,0.0,0.0,0.0,0.0,0.0,0.0,13.0,0.0,0.0,0.0,0.0,0.0,0.0,0.0,0.0,0.0,0.0,0.0,0.0,8.0,0.0,8.0,0.0,0.0,0.0,0.0,0.0,0.0,5.0,0.0,0.0,5.0,0.0,0.0,0.0,0.0,0.0,0.0,8.0,0.0,0.0,8.0,5.0,0.0,0.0,5.0,0.0,0.0,0.0,0.0,"Jan 19, 2017"
2347,2706010.0,18356.0,Ninewa,Mosul,Al tahreer,التحرير,36.3909444123,43.2044680959,195.0,1170.0,10.0,0.0,0.0,0.0,0.0,0.0,0.0,0.0,0.0,0.0,0.0,0.0,175.0,0.0,10.0,0.0,0.0,0.0,0.0,59.0,0.0,0.0,0.0,0.0,0.0,0.0,33.0,0.0,0.0,33.0,0.0,0.0,55.0,0.0,48.0,55.0,0.0,48.0,10.0,0.0,0.0,10.0,110.0,0.0,0.0,110.0,68.0,0.0,7.0,68.0,0.0,7.0,0.0,0.0,0.0,0.0,"Jan 19, 2017"
2348,2706011.0,25066.0,Ninewa,Mosul,Al Tanak,التنك,36.341839,43.052996,285.0,1710.0,7.0,0.0,0.0,0.0,0.0,0.0,0.0,0.0,0.0,0.0,0.0,0.0,268.0,0.0,10.0,0.0,0.0,0.0,0.0,51.0,0.0,17.0,0.0,0.0,17.0,0.0,42.0,0.0,0.0,42.0,0.0,0.0,0.0,0.0,121.0,0.0,54.0,121.0,0.0,54.0,0.0,0.0,0.0,0.0,53.0,0.0,82.0,53.0,150.0,82.0,0.0,150.0,0.0,0.0,0.0,0.0,"Jan 19, 2017"
2349,2706012.0,18328.0,Ninewa,Mosul,Al-Akhaa,الاخاء,36.3573743315,43.2034105618,41.0,246.0,16.0,0.0,0.0,0.0,0.0,0.0,0.0,0.0,0.0,0.0,0.0,0.0,21.0,0.0,4.0,0.0,0.0,0.0,0.0,2.0,0.0,0.0,0.0,0.0,0.0,0.0,4.0,0.0,0.0,4.0,0.0,0.0,0.0,0.0,14.0,0.0,21.0,14.0,6.0,21.0,0.0,6.0,0.0,0.0,0.0,0.0,25.0,0.0,10.0,25.0,0.0,10.0,0.0,0.0,0.0,0.0,"Jan 19, 2017"
2350,2706013.0,18337.0,Ninewa,Mosul,Al-Bareed,حي البريد,36.386359622,43.1781717746,25.0,150.0,0.0,0.0,0.0,0.0,0.0,0.0,0.0,0.0,0.0,0.0,0.0,0.0,25.0,0.0,0.0,0.0,0.0,0.0,0.0,19.0,0.0,0.0,0.0,0.0,0.0,0.0,0.0,0.0,0.0,0.0,0.0,0.0,0.0,0.0,6.0,0.0,0.0,6.0,0.0,0.0,0.0,0.0,0.0,0.0,0.0,0.0,17.0,0.0,8.0,17.0,0.0,8.0,0.0,0.0,0.0,0.0,"Jan 19, 2017"
2351,2706014.0,25741.0,Ninewa,Mosul,Aldernaj,الدرناج,36.3085669782,42.9234698911,45.0,270.0,0.0,0.0,0.0,0.0,0.0,0.0,0.0,0.0,0.0,0.0,0.0,0.0,45.0,0.0,0.0,0.0,0.0,0.0,0.0,30.0,0.0,0.0,0.0,0.0,0.0,0.0,0.0,0.0,0.0,0.0,0.0,0.0,0.0,0.0,0.0,0.0,15.0,0.0,0.0,15.0,0.0,0.0,0.0,0.0,30.0,0.0,15.0,30.0,0.0,15.0,0.0,0.0,0.0,0.0,0.0,0.0,"Jan 19, 2017"
2352,2706015.0,18331.0,Ninewa,Mosul,Al-Hadbaa,الحدباء,36.3944150409,43.1514378427,106.0,636.0,12.0,0.0,0.0,0.0,0.0,0.0,0.0,0.0,0.0,0.0,0.0,0.0,53.0,0.0,41.0,0.0,0.0,0.0,0.0,26.0,0.0,12.0,0.0,0.0,12.0,0.0,36.0,0.0,0.0,36.0,0.0,0.0,6.0,0.0,26.0,6.0,0.0,26.0,7.0,0.0,0.0,7.0,0.0,0.0,15.0,0.0,70.0,15.0,14.0,70.0,0.0,14.0,0.0,0.0,0.0,0.0,"Jan 19, 2017"
2353,2706016.0,24738.0,Ninewa,Mosul,Al-Harmat 2,الهرمات الثانية,36.3666,43.0753,135.0,810.0,0.0,0.0,0.0,0.0,0.0,0.0,0.0,0.0,0.0,0.0,0.0,0.0,135.0,0.0,0.0,0.0,0.0,0.0,0.0,15.0,0.0,0.0,0.0,0.0,0.0,0.0,0.0,0.0,0.0,0.0,0.0,0.0,0.0,0.0,100.0,0.0,20.0,100.0,0.0,20.0,0.0,0.0,0.0,0.0,100.0,0.0,20.0,100.0,15.0,20.0,0.0,15.0,0.0,0.0,0.0,0.0,"Jan 19, 2017"
2354,2706017.0,18339.0,Ninewa,Mosul,Al-Karamah,الكرامة,36.3443403167,43.2139333382,270.0,1620.0,95.0,0.0,0.0,0.0,0.0,0.0,0.0,0.0,42.0,0.0,0.0,0.0,102.0,0.0,31.0,0.0,0.0,0.0,0.0,70.0,0.0,0.0,0.0,15.0,0.0,0.0,51.0,0.0,0.0,51.0,0.0,0.0,10.0,0.0,59.0,10.0,65.0,59.0,2.0,65.0,0.0,2.0,0.0,0.0,78.0,0.0,138.0,78.0,52.0,138.0,0.0,52.0,0.0,0.0,0.0,0.0,"Jan 19, 2017"
2355,2706018.0,18369.0,Ninewa,Mosul,Al-Khadraa,الخضراء,36.3568907866,43.2227368037,28.0,168.0,8.0,0.0,0.0,0.0,0.0,0.0,0.0,0.0,0.0,0.0,0.0,0.0,0.0,0.0,20.0,0.0,0.0,0.0,0.0,6.0,0.0,0.0,0.0,0.0,0.0,0.0,2.0,0.0,0.0,2.0,0.0,0.0,0.0,0.0,0.0,0.0,20.0,0.0,8.0,20.0,0.0,8.0,0.0,0.0,0.0,0.0,20.0,0.0,0.0,20.0,0.0,0.0,0.0,0.0,0.0,0.0,"Jan 19, 2017"
2356,2706019.0,20993.0,Ninewa,Mosul,Al-Khazraj,خزرج,36.3407,43.125131,18.0,108.0,0.0,0.0,0.0,0.0,0.0,0.0,0.0,0.0,0.0,0.0,0.0,0.0,18.0,0.0,0.0,0.0,0.0,0.0,0.0,0.0,0.0,0.0,0.0,0.0,0.0,0.0,15.0,0.0,0.0,15.0,0.0,0.0,3.0,0.0,0.0,3.0,0.0,0.0,0.0,0.0,0.0,0.0,0.0,0.0,3.0,0.0,15.0,3.0,0.0,15.0,0.0,0.0,0.0,0.0,0.0,0.0,"Jan 19, 2017"
2357,2706020.0,18346.0,Ninewa,Mosul,Al-Maamon,المامون,36.3088201342,43.1085432806,339.0,2034.0,0.0,0.0,0.0,0.0,0.0,0.0,0.0,0.0,0.0,0.0,0.0,0.0,100.0,0.0,239.0,0.0,0.0,0.0,0.0,76.0,0.0,11.0,0.0,0.0,11.0,0.0,23.0,0.0,0.0,23.0,0.0,0.0,15.0,0.0,115.0,15.0,99.0,115.0,0.0,99.0,0.0,0.0,0.0,0.0,0.0,0.0,147.0,0.0,192.0,147.0,0.0,192.0,0.0,0.0,0.0,0.0,"Jan 19, 2017"
2358,2706021.0,18375.0,Ninewa,Mosul,Al-Mansour,المنصور,36.3208689806,43.1141897485,177.0,1062.0,0.0,0.0,0.0,0.0,0.0,0.0,0.0,0.0,17.0,0.0,0.0,0.0,102.0,0.0,58.0,0.0,0.0,0.0,0.0,81.0,0.0,0.0,0.0,0.0,0.0,10.0,0.0,10.0,0.0,0.0,0.0,0.0,10.0,0.0,51.0,10.0,25.0,51.0,0.0,25.0,0.0,0.0,22.0,0.0,36.0,22.0,93.0,36.0,26.0,93.0,0.0,26.0,0.0,0.0,0.0,0.0,"Jan 19, 2017"
2359,2706022.0,24550.0,Ninewa,Mosul,Al-Methaq,الميثاق,36.3297002093,43.1959016453,80.0,480.0,15.0,0.0,0.0,0.0,0.0,0.0,0.0,0.0,24.0,0.0,0.0,0.0,37.0,0.0,4.0,0.0,0.0,0.0,0.0,28.0,0.0,0.0,0.0,0.0,0.0,0.0,7.0,0.0,0.0,7.0,0.0,0.0,9.0,0.0,36.0,9.0,0.0,36.0,0.0,0.0,0.0,0.0,13.0,0.0,16.0,13.0,43.0,16.0,8.0,43.0,0.0,8.0,0.0,0.0,0.0,0.0,"Jan 19, 2017"
2360,2706023.0,18393.0,Ninewa,Mosul,Al-Muhandiseen,المهندسين,36.3685749149,43.1372377867,52.0,312.0,3.0,0.0,0.0,0.0,0.0,0.0,0.0,0.0,0.0,0.0,0.0,0.0,34.0,0.0,15.0,0.0,0.0,0.0,0.0,21.0,0.0,0.0,0.0,0.0,0.0,0.0,16.0,0.0,0.0,16.0,0.0,0.0,0.0,0.0,0.0,0.0,15.0,0.0,3.0,15.0,0.0,3.0,0.0,0.0,0.0,0.0,49.0,0.0,0.0,49.0,0.0,0.0,0.0,0.0,0.0,0.0,"Jan 19, 2017"
2361,2706024.0,20782.0,Ninewa,Mosul,Al-Muharibeen,المحاربين,36.3836623144,43.1934310423,111.0,666.0,5.0,0.0,0.0,0.0,0.0,0.0,0.0,0.0,0.0,0.0,0.0,0.0,106.0,0.0,0.0,0.0,0.0,0.0,0.0,31.0,0.0,0.0,0.0,0.0,0.0,0.0,80.0,0.0,0.0,80.0,0.0,0.0,0.0,0.0,0.0,0.0,0.0,0.0,5.0,0.0,0.0,5.0,0.0,0.0,0.0,0.0,70.0,0.0,36.0,70.0,0.0,36.0,0.0,0.0,0.0,0.0,"Jan 19, 2017"
2362,2706025.0,18244.0,Ninewa,Mosul,Al-Nabi Sheet,النبي شيت,36.3331287058,43.1348878879,17.0,102.0,2.0,0.0,0.0,0.0,0.0,0.0,0.0,0.0,0.0,0.0,0.0,0.0,15.0,0.0,0.0,0.0,0.0,0.0,0.0,15.0,0.0,0.0,0.0,0.0,0.0,0.0,2.0,0.0,0.0,2.0,0.0,0.0,0.0,0.0,0.0,0.0,0.0,0.0,2.0,0.0,0.0,2.0,0.0,0.0,0.0,0.0,15.0,0.0,0.0,15.0,0.0,0.0,0.0,0.0,0.0,0.0,"Jan 19, 2017"
2363,2706026.0,18336.0,Ninewa,Mosul,Al-Noor,النور,36.3584701203,43.1860369276,77.0,462.0,19.0,0.0,0.0,0.0,0.0,0.0,0.0,0.0,0.0,0.0,0.0,0.0,48.0,0.0,10.0,0.0,0.0,0.0,0.0,48.0,0.0,0.0,0.0,0.0,0.0,0.0,10.0,0.0,0.0,10.0,0.0,0.0,0.0,0.0,9.0,0.0,10.0,9.0,10.0,10.0,0.0,10.0,10.0,0.0,40.0,10.0,17.0,40.0,0.0,17.0,0.0,0.0,0.0,0.0,0.0,0.0,"Jan 19, 2017"
2364,2706027.0,18348.0,Ninewa,Mosul,Al-Numaniyah,النعمانية,36.35292,43.15684,12.0,72.0,2.0,0.0,0.0,0.0,0.0,0.0,0.0,0.0,0.0,0.0,0.0,0.0,10.0,0.0,0.0,0.0,0.0,0.0,0.0,10.0,0.0,0.0,0.0,0.0,0.0,0.0,2.0,0.0,0.0,2.0,0.0,0.0,0.0,0.0,0.0,0.0,0.0,0.0,2.0,0.0,0.0,2.0,0.0,0.0,0.0,0.0,10.0,0.0,0.0,10.0,0.0,0.0,0.0,0.0,0.0,0.0,"Jan 19, 2017"
2365,2706028.0,18366.0,Ninewa,Mosul,Al-Qahira,القاهرة,36.397396752,43.1919094034,292.0,1752.0,15.0,0.0,0.0,0.0,0.0,0.0,0.0,0.0,0.0,0.0,0.0,0.0,259.0,0.0,18.0,0.0,0.0,0.0,0.0,90.0,0.0,8.0,0.0,0.0,8.0,30.0,29.0,30.0,0.0,29.0,0.0,0.0,63.0,0.0,54.0,63.0,18.0,54.0,15.0,18.0,0.0,15.0,192.0,0.0,0.0,192.0,54.0,0.0,31.0,54.0,0.0,31.0,0.0,0.0,0.0,0.0,"Jan 19, 2017"
2366,2706029.0,18338.0,Ninewa,Mosul,Al-Quds Complex,مجمع القدس,36.3981,43.1832,39.0,234.0,21.0,0.0,0.0,0.0,0.0,0.0,0.0,0.0,0.0,0.0,0.0,0.0,18.0,0.0,0.0,0.0,0.0,0.0,0.0,4.0,0.0,0.0,0.0,0.0,0.0,0.0,17.0,0.0,0.0,17.0,0.0,0.0,0.0,0.0,18.0,0.0,0.0,18.0,21.0,0.0,0.0,21.0,0.0,0.0,18.0,0.0,0.0,18.0,0.0,0.0,0.0,0.0,0.0,0.0,0.0,0.0,"Jan 19, 2017"
2367,2706030.0,18344.0,Ninewa,Mosul,Al-Risalah,الرسالة,36.3302823388,43.0897934832,67.0,402.0,15.0,0.0,0.0,0.0,0.0,0.0,0.0,0.0,0.0,0.0,0.0,0.0,37.0,0.0,15.0,0.0,0.0,0.0,0.0,42.0,0.0,0.0,0.0,0.0,0.0,0.0,5.0,0.0,0.0,5.0,0.0,0.0,1.0,0.0,4.0,1.0,15.0,4.0,15.0,15.0,0.0,15.0,0.0,0.0,0.0,0.0,52.0,0.0,0.0,52.0,0.0,0.0,0.0,0.0,0.0,0.0,"Jan 19, 2017"
2368,2706031.0,23875.0,Ninewa,Mosul,Al-Quds,القدس,36.3489956208,43.2255534768,60.0,360.0,0.0,0.0,0.0,0.0,0.0,0.0,0.0,0.0,3.0,0.0,0.0,0.0,54.0,0.0,3.0,0.0,0.0,0.0,0.0,26.0,0.0,0.0,0.0,0.0,0.0,0.0,15.0,0.0,0.0,15.0,0.0,0.0,5.0,0.0,14.0,5.0,0.0,14.0,0.0,0.0,0.0,0.0,0.0,0.0,23.0,0.0,23.0,23.0,14.0,23.0,0.0,14.0,0.0,0.0,0.0,0.0,"Jan 19, 2017"
2369,2706032.0,18322.0,Ninewa,Mosul,Al-Salam,السلام,36.3026395,43.2115335,79.0,474.0,0.0,0.0,0.0,0.0,0.0,0.0,0.0,0.0,0.0,0.0,0.0,0.0,72.0,0.0,7.0,0.0,0.0,0.0,0.0,0.0,0.0,0.0,0.0,0.0,0.0,0.0,27.0,0.0,0.0,27.0,0.0,0.0,0.0,0.0,45.0,0.0,7.0,45.0,0.0,7.0,0.0,0.0,35.0,0.0,0.0,35.0,27.0,0.0,17.0,27.0,0.0,17.0,0.0,0.0,0.0,0.0,"Jan 19, 2017"
2370,2706033.0,18372.0,Ninewa,Mosul,Al-Wahda,الوحدة,36.3249804896,43.1898108107,57.0,342.0,20.0,0.0,0.0,0.0,0.0,0.0,0.0,0.0,0.0,0.0,0.0,0.0,17.0,0.0,20.0,0.0,0.0,0.0,0.0,37.0,0.0,0.0,0.0,0.0,0.0,0.0,5.0,0.0,0.0,5.0,0.0,0.0,0.0,0.0,15.0,0.0,0.0,15.0,0.0,0.0,0.0,0.0,0.0,0.0,0.0,0.0,57.0,0.0,0.0,57.0,0.0,0.0,0.0,0.0,0.0,0.0,"Jan 19, 2017"
2371,2706034.0,18367.0,Ninewa,Mosul,Al-Yarmuk,اليرموك,36.3380867888,43.0833271753,599.0,3594.0,22.0,0.0,0.0,0.0,0.0,0.0,0.0,0.0,0.0,0.0,0.0,0.0,487.0,0.0,90.0,0.0,0.0,0.0,0.0,56.0,0.0,0.0,0.0,0.0,0.0,32.0,72.0,32.0,0.0,72.0,0.0,0.0,30.0,0.0,15.0,30.0,394.0,15.0,7.0,394.0,0.0,7.0,82.0,0.0,78.0,82.0,387.0,78.0,45.0,387.0,0.0,45.0,0.0,0.0,0.0,0.0,"Jan 19, 2017"
2372,2706035.0,18327.0,Ninewa,Mosul,Al-Zuhor,الزهور,36.3765144298,43.1833020956,102.0,612.0,7.0,0.0,0.0,0.0,0.0,0.0,0.0,0.0,0.0,0.0,0.0,0.0,83.0,0.0,12.0,0.0,0.0,0.0,0.0,20.0,0.0,0.0,0.0,0.0,0.0,0.0,48.0,0.0,0.0,48.0,0.0,0.0,12.0,0.0,4.0,12.0,18.0,4.0,7.0,18.0,0.0,7.0,0.0,0.0,7.0,0.0,50.0,7.0,38.0,50.0,0.0,38.0,0.0,0.0,0.0,0.0,"Jan 19, 2017"
2373,2706036.0,18245.0,Ninewa,Mosul,Bab Jadeed,باب الجديد,36.3336629217,43.1298155684,46.0,276.0,6.0,0.0,0.0,0.0,0.0,0.0,0.0,0.0,0.0,0.0,0.0,0.0,40.0,0.0,0.0,0.0,0.0,0.0,0.0,0.0,0.0,0.0,0.0,0.0,0.0,0.0,46.0,0.0,0.0,46.0,0.0,0.0,0.0,0.0,0.0,0.0,0.0,0.0,6.0,0.0,0.0,6.0,0.0,0.0,40.0,0.0,0.0,40.0,0.0,0.0,0.0,0.0,0.0,0.0,0.0,0.0,"Jan 19, 2017"
2374,2706039.0,18247.0,Ninewa,Mosul,Hay 17 July,حي 17 تموز,36.3680734938,43.0837793828,665.0,3990.0,8.0,0.0,0.0,0.0,0.0,0.0,0.0,0.0,0.0,0.0,0.0,0.0,657.0,0.0,0.0,0.0,0.0,0.0,0.0,117.0,0.0,0.0,0.0,0.0,0.0,0.0,502.0,0.0,0.0,502.0,0.0,0.0,4.0,0.0,42.0,4.0,0.0,42.0,8.0,0.0,0.0,8.0,0.0,0.0,38.0,0.0,609.0,38.0,10.0,609.0,0.0,10.0,0.0,0.0,0.0,0.0,"Jan 19, 2017"
2375,2706040.0,24636.0,Ninewa,Mosul,Hay 30 July,حي 30 تموز,36.3731056992,43.0807892652,82.0,492.0,0.0,0.0,0.0,0.0,0.0,0.0,0.0,0.0,0.0,0.0,0.0,0.0,82.0,0.0,0.0,0.0,0.0,0.0,0.0,16.0,0.0,0.0,0.0,0.0,0.0,0.0,61.0,0.0,0.0,61.0,0.0,0.0,0.0,0.0,5.0,0.0,0.0,5.0,0.0,0.0,0.0,0.0,0.0,0.0,5.0,0.0,45.0,5.0,32.0,45.0,0.0,32.0,0.0,0.0,0.0,0.0,"Jan 19, 2017"
2376,2706041.0,18306.0,Ninewa,Mosul,Hay Al Arabi,حي العربي,36.4010603632,43.1174401406,102.0,612.0,1.0,0.0,0.0,0.0,0.0,0.0,0.0,0.0,0.0,0.0,0.0,0.0,59.0,0.0,42.0,0.0,0.0,0.0,0.0,32.0,0.0,0.0,0.0,0.0,0.0,0.0,55.0,0.0,0.0,55.0,0.0,0.0,0.0,0.0,0.0,0.0,15.0,0.0,1.0,15.0,0.0,1.0,0.0,0.0,0.0,0.0,101.0,0.0,0.0,101.0,0.0,0.0,0.0,0.0,0.0,0.0,"Jan 19, 2017"
2377,2706042.0,23789.0,Ninewa,Mosul,Hay Al Farouq,حي الفاروق,36.340687,43.128489,110.0,660.0,8.0,0.0,0.0,0.0,0.0,0.0,0.0,0.0,0.0,0.0,0.0,0.0,95.0,0.0,7.0,0.0,0.0,0.0,0.0,22.0,0.0,0.0,0.0,0.0,0.0,0.0,53.0,0.0,0.0,53.0,0.0,0.0,25.0,0.0,10.0,25.0,0.0,10.0,8.0,0.0,0.0,8.0,50.0,0.0,0.0,50.0,52.0,0.0,0.0,52.0,0.0,0.0,0.0,0.0,0.0,0.0,"Jan 19, 2017"
2378,2706043.0,18314.0,Ninewa,Mosul,Hay Al Intisar,الانتصار,36.321603521,43.2184224035,249.0,1494.0,72.0,0.0,0.0,0.0,0.0,0.0,0.0,0.0,0.0,0.0,0.0,0.0,170.0,0.0,7.0,0.0,0.0,0.0,0.0,34.0,0.0,0.0,0.0,0.0,0.0,0.0,18.0,0.0,0.0,18.0,0.0,0.0,0.0,0.0,197.0,0.0,0.0,197.0,0.0,0.0,0.0,0.0,46.0,0.0,72.0,46.0,35.0,72.0,96.0,35.0,0.0,96.0,0.0,0.0,0.0,0.0,"Jan 19, 2017"
2379,2706044.0,18313.0,Ninewa,Mosul,Hay Al Islah Al Zirai,حي الاصلاح الزراعي,36.3502431463,43.085158739,271.0,1626.0,4.0,0.0,0.0,0.0,0.0,0.0,0.0,0.0,0.0,0.0,0.0,0.0,239.0,0.0,28.0,0.0,0.0,0.0,0.0,78.0,0.0,0.0,0.0,0.0,0.0,0.0,139.0,0.0,0.0,139.0,0.0,0.0,0.0,0.0,46.0,0.0,8.0,46.0,4.0,8.0,0.0,4.0,21.0,0.0,67.0,21.0,88.0,67.0,91.0,88.0,0.0,91.0,0.0,0.0,0.0,0.0,"Jan 19, 2017"
2380,2706045.0,23929.0,Ninewa,Mosul,Hay Al Kafaat,حي الكفاءات,36.3802,43.1539,12.0,72.0,3.0,0.0,0.0,0.0,0.0,0.0,0.0,0.0,0.0,0.0,0.0,0.0,6.0,0.0,3.0,0.0,0.0,0.0,0.0,0.0,0.0,0.0,0.0,0.0,0.0,0.0,7.0,0.0,0.0,7.0,0.0,0.0,0.0,0.0,0.0,0.0,5.0,0.0,3.0,5.0,0.0,3.0,0.0,0.0,0.0,0.0,4.0,0.0,5.0,4.0,0.0,5.0,0.0,0.0,0.0,0.0,"Jan 19, 2017"
2381,2706046.0,23934.0,Ninewa,Mosul,Hay Al Nahrawan,حي النهروان,36.331523,43.066661,114.0,684.0,10.0,0.0,0.0,0.0,0.0,0.0,0.0,0.0,0.0,0.0,0.0,0.0,104.0,0.0,0.0,0.0,0.0,0.0,0.0,41.0,0.0,0.0,0.0,0.0,0.0,0.0,27.0,0.0,0.0,27.0,0.0,0.0,0.0,0.0,33.0,0.0,13.0,33.0,10.0,13.0,0.0,10.0,0.0,0.0,57.0,0.0,31.0,57.0,16.0,31.0,0.0,16.0,0.0,0.0,0.0,0.0,"Jan 19, 2017"
2382,2706047.0,23933.0,Ninewa,Mosul,Hay Al Samah,حي السماح,36.3659922249,43.220835604,53.0,318.0,15.0,0.0,0.0,0.0,0.0,0.0,0.0,0.0,0.0,0.0,0.0,0.0,38.0,0.0,0.0,0.0,0.0,0.0,0.0,11.0,0.0,0.0,0.0,0.0,0.0,0.0,4.0,0.0,0.0,4.0,0.0,0.0,0.0,0.0,38.0,0.0,0.0,38.0,15.0,0.0,0.0,15.0,0.0,0.0,38.0,0.0,0.0,38.0,0.0,0.0,0.0,0.0,0.0,0.0,0.0,0.0,"Jan 19, 2017"
2383,2706048.0,18370.0,Ninewa,Mosul,Hay Al Tammem,التاميم,36.3555135035,43.1919572672,628.0,3768.0,3.0,0.0,0.0,0.0,0.0,0.0,0.0,0.0,59.0,0.0,0.0,0.0,512.0,0.0,54.0,0.0,0.0,0.0,0.0,187.0,0.0,0.0,0.0,0.0,0.0,0.0,14.0,0.0,0.0,14.0,0.0,0.0,115.0,0.0,289.0,115.0,23.0,289.0,3.0,23.0,0.0,3.0,400.0,0.0,65.0,400.0,122.0,65.0,38.0,122.0,0.0,38.0,0.0,0.0,0.0,0.0,"Jan 19, 2017"
2384,2706050.0,21647.0,Ninewa,Mosul,Hay Al Zahraa,حي الزهراء,36.383555315,43.2083959115,546.0,3276.0,50.0,0.0,0.0,0.0,0.0,0.0,0.0,0.0,0.0,0.0,0.0,0.0,496.0,0.0,0.0,0.0,0.0,0.0,0.0,55.0,0.0,0.0,0.0,0.0,0.0,0.0,49.0,0.0,0.0,49.0,0.0,0.0,0.0,0.0,374.0,0.0,68.0,374.0,50.0,68.0,0.0,50.0,220.0,0.0,194.0,220.0,58.0,194.0,24.0,58.0,0.0,24.0,0.0,0.0,0.0,0.0,"Jan 19, 2017"
2385,2706051.0,18362.0,Ninewa,Mosul,Hay Al-Baker,حي البكر,36.3670746317,43.2056211578,80.0,480.0,16.0,0.0,0.0,0.0,0.0,0.0,0.0,0.0,0.0,0.0,0.0,0.0,24.0,0.0,40.0,0.0,0.0,0.0,0.0,19.0,0.0,0.0,0.0,0.0,0.0,0.0,4.0,0.0,0.0,4.0,0.0,0.0,0.0,0.0,57.0,0.0,0.0,57.0,4.0,0.0,0.0,4.0,0.0,0.0,20.0,0.0,46.0,20.0,10.0,46.0,0.0,10.0,0.0,0.0,0.0,0.0,"Jan 19, 2017"
2386,2706052.0,20970.0,Ninewa,Mosul,Hay Al-Shifaa,حي الشفاء,36.3521980176,43.118589401,4.0,24.0,4.0,0.0,0.0,0.0,0.0,0.0,0.0,0.0,0.0,0.0,0.0,0.0,0.0,0.0,0.0,0.0,0.0,0.0,0.0,4.0,0.0,0.0,0.0,0.0,0.0,0.0,0.0,0.0,0.0,0.0,0.0,0.0,0.0,0.0,0.0,0.0,0.0,0.0,4.0,0.0,0.0,4.0,0.0,0.0,0.0,0.0,0.0,0.0,0.0,0.0,0.0,0.0,0.0,0.0,0.0,0.0,"Jan 19, 2017"
2387,2706053.0,24635.0,Ninewa,Mosul,Hay Nablus,حي نابلس,36.3262496377,43.0826786855,32.0,192.0,0.0,0.0,0.0,0.0,0.0,0.0,0.0,0.0,0.0,0.0,0.0,0.0,22.0,0.0,10.0,0.0,0.0,0.0,0.0,17.0,0.0,0.0,0.0,0.0,0.0,0.0,0.0,0.0,0.0,0.0,0.0,0.0,0.0,0.0,15.0,0.0,0.0,15.0,0.0,0.0,0.0,0.0,0.0,0.0,15.0,0.0,10.0,15.0,7.0,10.0,0.0,7.0,0.0,0.0,0.0,0.0,"Jan 19, 2017"
2388,2706054.0,21336.0,Ninewa,Mosul,HAY-SUMMER,حي سومر,36.2989213451,43.1924594445,409.0,2454.0,62.0,0.0,0.0,0.0,0.0,0.0,0.0,0.0,18.0,0.0,0.0,0.0,320.0,0.0,9.0,0.0,0.0,0.0,0.0,48.0,0.0,0.0,0.0,0.0,0.0,0.0,342.0,0.0,0.0,342.0,0.0,0.0,0.0,0.0,19.0,0.0,0.0,19.0,62.0,0.0,0.0,62.0,0.0,0.0,85.0,0.0,147.0,85.0,115.0,147.0,0.0,115.0,0.0,0.0,0.0,0.0,"Jan 19, 2017"
2389,2706055.0,21332.0,Ninewa,Mosul,HAY-FALISTINE,حي فلسطين,36.3075092256,43.1910329019,101.0,606.0,33.0,0.0,0.0,0.0,0.0,0.0,0.0,0.0,0.0,0.0,0.0,0.0,68.0,0.0,0.0,0.0,0.0,0.0,0.0,15.0,0.0,0.0,0.0,0.0,0.0,0.0,86.0,0.0,0.0,86.0,0.0,0.0,0.0,0.0,0.0,0.0,0.0,0.0,33.0,0.0,0.0,33.0,0.0,0.0,29.0,0.0,39.0,29.0,0.0,39.0,0.0,0.0,0.0,0.0,0.0,0.0,"Jan 19, 2017"
2390,2706057.0,17990.0,Ninewa,Mosul,Mosul,موصل,36.340054,43.130055,778.0,4668.0,133.0,0.0,0.0,0.0,0.0,0.0,0.0,0.0,70.0,0.0,0.0,0.0,565.0,0.0,10.0,0.0,0.0,0.0,0.0,0.0,0.0,0.0,0.0,0.0,0.0,0.0,0.0,0.0,0.0,0.0,0.0,0.0,0.0,0.0,0.0,0.0,778.0,0.0,0.0,778.0,0.0,0.0,0.0,0.0,0.0,0.0,778.0,0.0,0.0,778.0,0.0,0.0,0.0,0.0,0.0,0.0,"Jan 19, 2017"
2391,2706058.0,17471.0,Ninewa,Mosul,Mosul Jadida,موصل الجديدة,36.332143,43.099938,100.0,600.0,18.0,0.0,0.0,0.0,0.0,0.0,0.0,0.0,9.0,0.0,0.0,0.0,73.0,0.0,0.0,0.0,0.0,0.0,0.0,30.0,0.0,0.0,0.0,0.0,0.0,0.0,61.0,0.0,0.0,61.0,0.0,0.0,5.0,0.0,4.0,5.0,0.0,4.0,5.0,0.0,0.0,5.0,0.0,0.0,23.0,0.0,57.0,23.0,15.0,57.0,0.0,15.0,0.0,0.0,0.0,0.0,"Jan 19, 2017"
2392,2706059.0,17414.0,Ninewa,Mosul,Muwali,الموالي,36.3246969357,42.840522297,11.0,66.0,0.0,0.0,0.0,0.0,0.0,0.0,0.0,0.0,0.0,0.0,0.0,0.0,11.0,0.0,0.0,0.0,0.0,0.0,0.0,11.0,0.0,0.0,0.0,0.0,0.0,0.0,0.0,0.0,0.0,0.0,0.0,0.0,0.0,0.0,0.0,0.0,0.0,0.0,0.0,0.0,0.0,0.0,0.0,0.0,11.0,0.0,0.0,11.0,0.0,0.0,0.0,0.0,0.0,0.0,0.0,0.0,"Jan 19, 2017"
2393,2706061.0,17411.0,Ninewa,Mosul,Rihaniya,الريحانية,36.3867829887,42.8897586889,15.0,90.0,0.0,0.0,0.0,0.0,0.0,0.0,0.0,0.0,0.0,0.0,0.0,0.0,15.0,0.0,0.0,0.0,0.0,0.0,0.0,5.0,0.0,0.0,0.0,0.0,0.0,0.0,0.0,0.0,0.0,0.0,0.0,0.0,0.0,0.0,10.0,0.0,0.0,10.0,0.0,0.0,0.0,0.0,0.0,0.0,15.0,0.0,0.0,15.0,0.0,0.0,0.0,0.0,0.0,0.0,0.0,0.0,"Jan 19, 2017"
2394,2706062.0,17410.0,Ninewa,Mosul,Sahaji,السحاجي,36.2809972284,42.9428163966,50.0,300.0,0.0,0.0,0.0,0.0,0.0,0.0,0.0,0.0,0.0,0.0,0.0,0.0,50.0,0.0,0.0,0.0,0.0,0.0,0.0,0.0,0.0,0.0,0.0,0.0,0.0,0.0,0.0,0.0,0.0,0.0,0.0,0.0,0.0,0.0,15.0,0.0,35.0,15.0,0.0,35.0,0.0,0.0,0.0,0.0,15.0,0.0,15.0,15.0,20.0,15.0,0.0,20.0,0.0,0.0,0.0,0.0,"Jan 19, 2017"
2395,2706063.0,21258.0,Ninewa,Mosul,Tal Al-Rumman,تل الرمان,36.3156163755,43.089962639,99.0,594.0,0.0,0.0,0.0,0.0,0.0,0.0,0.0,0.0,0.0,0.0,0.0,0.0,86.0,0.0,13.0,0.0,0.0,0.0,0.0,23.0,0.0,0.0,0.0,0.0,0.0,7.0,33.0,7.0,0.0,33.0,0.0,0.0,11.0,0.0,25.0,11.0,0.0,25.0,0.0,0.0,0.0,0.0,0.0,0.0,38.0,0.0,20.0,38.0,41.0,20.0,0.0,41.0,0.0,0.0,0.0,0.0,"Jan 19, 2017"
2396,2706064.0,18368.0,Ninewa,Mosul,Wadi Hajar,وادي حجر,36.3211254849,43.1254966435,412.0,2472.0,26.0,0.0,0.0,0.0,0.0,0.0,0.0,0.0,0.0,0.0,0.0,0.0,362.0,0.0,24.0,0.0,0.0,0.0,0.0,100.0,0.0,0.0,0.0,0.0,0.0,0.0,30.0,0.0,0.0,30.0,0.0,0.0,106.0,0.0,29.0,106.0,147.0,29.0,0.0,147.0,14.0,0.0,31.0,14.0,134.0,31.0,76.0,134.0,157.0,76.0,0.0,157.0,0.0,0.0,0.0,0.0,"Jan 19, 2017"
2397,2706065.0,21007.0,Ninewa,Mosul,Zanjili,الزنجيلي,36.3497575113,43.1104930274,96.0,576.0,3.0,0.0,0.0,0.0,0.0,0.0,0.0,0.0,0.0,0.0,0.0,0.0,63.0,0.0,30.0,0.0,0.0,0.0,0.0,32.0,0.0,0.0,0.0,0.0,0.0,0.0,3.0,0.0,0.0,3.0,0.0,0.0,10.0,0.0,51.0,10.0,0.0,51.0,3.0,0.0,0.0,3.0,0.0,0.0,59.0,0.0,30.0,59.0,4.0,30.0,0.0,4.0,0.0,0.0,0.0,0.0,"Jan 19, 2017"
2398,2706066.0,17751.0,Ninewa,Mosul,Badosh,بادوش,36.425,42.9632,123.0,738.0,0.0,0.0,0.0,0.0,0.0,0.0,0.0,0.0,0.0,0.0,0.0,0.0,123.0,0.0,0.0,0.0,0.0,0.0,0.0,33.0,0.0,0.0,0.0,0.0,0.0,0.0,0.0,0.0,0.0,0.0,0.0,0.0,0.0,0.0,0.0,0.0,90.0,0.0,0.0,90.0,0.0,0.0,0.0,0.0,0.0,0.0,90.0,0.0,33.0,90.0,0.0,33.0,0.0,0.0,0.0,0.0,"Jan 19, 2017"
2399,2706071.0,22652.0,Ninewa,Mosul,Baybokht,بايبوخت,36.4661053752,43.2219552301,220.0,1320.0,0.0,0.0,0.0,0.0,0.0,0.0,0.0,0.0,0.0,0.0,0.0,0.0,220.0,0.0,0.0,0.0,0.0,0.0,220.0,0.0,0.0,0.0,0.0,0.0,0.0,0.0,0.0,0.0,0.0,0.0,0.0,0.0,0.0,0.0,0.0,0.0,0.0,0.0,0.0,0.0,0.0,0.0,0.0,0.0,0.0,0.0,0.0,0.0,0.0,0.0,220.0,0.0,0.0,220.0,0.0,0.0,"Jan 19, 2017"
2400,2706082.0,18365.0,Ninewa,Mosul,Al-Amil,العامل,36.3228077238,43.0921699732,85.0,510.0,0.0,0.0,0.0,0.0,0.0,0.0,0.0,0.0,0.0,0.0,0.0,0.0,36.0,0.0,49.0,0.0,0.0,0.0,0.0,60.0,0.0,0.0,0.0,0.0,0.0,0.0,0.0,0.0,0.0,0.0,0.0,0.0,0.0,0.0,25.0,0.0,0.0,25.0,0.0,0.0,0.0,0.0,0.0,0.0,0.0,0.0,69.0,0.0,16.0,69.0,0.0,16.0,0.0,0.0,0.0,0.0,"Jan 19, 2017"
2401,2706083.0,17416.0,Ninewa,Mosul,Rajim hadeed ,رجم حديد,36.326645,43.073414,250.0,1500.0,0.0,0.0,0.0,0.0,0.0,0.0,0.0,0.0,0.0,0.0,0.0,0.0,250.0,0.0,0.0,0.0,0.0,0.0,0.0,0.0,0.0,0.0,0.0,0.0,0.0,0.0,0.0,0.0,0.0,0.0,0.0,0.0,0.0,0.0,0.0,0.0,250.0,0.0,0.0,250.0,0.0,0.0,0.0,0.0,0.0,0.0,250.0,0.0,0.0,250.0,0.0,0.0,0.0,0.0,0.0,0.0,"Jan 19, 2017"
2402,2706084.0,21491.0,Ninewa,Mosul,Hay Almeshraq,حي المشراق,36.369689,43.187331,22.0,132.0,0.0,0.0,0.0,0.0,0.0,0.0,0.0,0.0,3.0,0.0,0.0,0.0,14.0,0.0,5.0,0.0,0.0,0.0,0.0,0.0,0.0,0.0,0.0,0.0,0.0,0.0,0.0,0.0,0.0,0.0,0.0,0.0,7.0,0.0,15.0,7.0,0.0,15.0,0.0,0.0,0.0,0.0,0.0,0.0,0.0,0.0,22.0,0.0,0.0,22.0,0.0,0.0,0.0,0.0,0.0,0.0,"Jan 19, 2017"
2403,2706085.0,22450.0,Ninewa,Mosul,Muhalabya center,مركز المحلبية,36.266653677,42.7092623863,210.0,1260.0,0.0,0.0,0.0,0.0,0.0,0.0,0.0,0.0,0.0,0.0,0.0,0.0,210.0,0.0,0.0,0.0,0.0,0.0,0.0,0.0,0.0,0.0,0.0,0.0,0.0,0.0,0.0,0.0,0.0,0.0,0.0,0.0,0.0,0.0,0.0,0.0,210.0,0.0,0.0,210.0,0.0,0.0,0.0,0.0,0.0,0.0,210.0,0.0,0.0,210.0,0.0,0.0,0.0,0.0,0.0,0.0,"Jan 19, 2017"
2404,2706086.0,27269.0,Ninewa,Mosul,Hay Alqadisya Alawla,حي القادسية الاولى,36.3724838885,43.189232136,22.0,132.0,0.0,0.0,0.0,0.0,0.0,0.0,0.0,0.0,0.0,0.0,0.0,0.0,19.0,0.0,3.0,0.0,0.0,0.0,0.0,0.0,0.0,0.0,0.0,0.0,0.0,0.0,0.0,0.0,0.0,0.0,0.0,0.0,0.0,0.0,16.0,0.0,6.0,16.0,0.0,6.0,0.0,0.0,0.0,0.0,0.0,0.0,14.0,0.0,8.0,14.0,0.0,8.0,0.0,0.0,0.0,0.0,"Jan 19, 2017"
2405,2706087.0,17128.0,Ninewa,Mosul,Hamam Alaleel Center,مركز حمام العليل,36.1675881128,43.2549478849,249.0,1494.0,0.0,0.0,0.0,0.0,0.0,0.0,0.0,0.0,30.0,0.0,0.0,0.0,85.0,0.0,134.0,0.0,0.0,0.0,0.0,62.0,0.0,0.0,0.0,0.0,0.0,0.0,0.0,0.0,0.0,0.0,0.0,0.0,0.0,0.0,12.0,0.0,175.0,12.0,0.0,175.0,0.0,0.0,0.0,0.0,0.0,0.0,134.0,0.0,115.0,134.0,0.0,115.0,0.0,0.0,0.0,0.0,"Jan 19, 2017"
2406,2706088.0,17428.0,Ninewa,Mosul,Aldlawya Sufla,الدلاوية سفلى,36.0252,42.9373,47.0,282.0,0.0,0.0,0.0,0.0,0.0,0.0,0.0,0.0,0.0,0.0,0.0,0.0,15.0,0.0,32.0,0.0,0.0,0.0,0.0,20.0,0.0,0.0,0.0,0.0,0.0,0.0,0.0,0.0,0.0,0.0,0.0,0.0,0.0,0.0,0.0,0.0,27.0,0.0,0.0,27.0,0.0,0.0,0.0,0.0,0.0,0.0,12.0,0.0,35.0,12.0,0.0,35.0,0.0,0.0,0.0,0.0,"Jan 19, 2017"
2407,2706089.0,27302.0,Ninewa,Mosul,Sananik,سنانك,36.1535024009,43.0933281515,40.0,240.0,0.0,0.0,0.0,0.0,0.0,0.0,0.0,0.0,0.0,0.0,0.0,0.0,22.0,0.0,18.0,0.0,0.0,0.0,0.0,7.0,0.0,0.0,0.0,0.0,0.0,0.0,0.0,0.0,0.0,0.0,0.0,0.0,0.0,0.0,0.0,0.0,33.0,0.0,0.0,33.0,0.0,0.0,0.0,0.0,0.0,0.0,18.0,0.0,22.0,18.0,0.0,22.0,0.0,0.0,0.0,0.0,"Jan 19, 2017"
2408,2706090.0,17127.0,Ninewa,Mosul,Al-Qayyarah Center,مركز القيارة,35.8013429285,43.2947405629,753.0,4518.0,0.0,0.0,0.0,0.0,0.0,0.0,0.0,0.0,0.0,0.0,0.0,0.0,753.0,0.0,0.0,0.0,0.0,0.0,0.0,753.0,0.0,0.0,0.0,0.0,0.0,0.0,0.0,0.0,0.0,0.0,0.0,0.0,0.0,0.0,0.0,0.0,0.0,0.0,0.0,0.0,0.0,0.0,0.0,0.0,0.0,0.0,0.0,0.0,50.0,0.0,703.0,50.0,0.0,703.0,0.0,0.0,"Jan 19, 2017"
2409,2706091.0,18332.0,Ninewa,Mosul,Nabi Younis,حي النبي يونس,36.3475343671,43.1618041914,45.0,270.0,0.0,0.0,0.0,0.0,0.0,0.0,0.0,0.0,0.0,0.0,0.0,0.0,45.0,0.0,0.0,0.0,0.0,0.0,0.0,15.0,0.0,0.0,0.0,0.0,0.0,0.0,30.0,0.0,0.0,30.0,0.0,0.0,0.0,0.0,0.0,0.0,0.0,0.0,0.0,0.0,0.0,0.0,0.0,0.0,0.0,0.0,45.0,0.0,0.0,45.0,0.0,0.0,0.0,0.0,0.0,0.0,"Jan 19, 2017"
2410,2706092.0,27303.0,Ninewa,Mosul,Hay Alnasr,حي النصر,36.3513282878,43.1447388487,35.0,210.0,0.0,0.0,0.0,0.0,0.0,0.0,0.0,0.0,0.0,0.0,0.0,0.0,30.0,0.0,5.0,0.0,0.0,0.0,0.0,0.0,0.0,0.0,0.0,0.0,0.0,0.0,0.0,0.0,0.0,0.0,0.0,0.0,0.0,0.0,15.0,0.0,20.0,15.0,0.0,20.0,0.0,0.0,0.0,0.0,0.0,0.0,35.0,0.0,0.0,35.0,0.0,0.0,0.0,0.0,0.0,0.0,"Jan 19, 2017"
2411,2706093.0,18383.0,Ninewa,Mosul,Hay Adan,حي عدن,36.353585,43.213329,73.0,438.0,15.0,0.0,0.0,0.0,0.0,0.0,0.0,0.0,12.0,0.0,0.0,0.0,46.0,0.0,0.0,0.0,0.0,0.0,0.0,51.0,0.0,0.0,0.0,0.0,0.0,0.0,12.0,0.0,0.0,12.0,0.0,0.0,0.0,0.0,10.0,0.0,0.0,10.0,0.0,0.0,0.0,0.0,0.0,0.0,0.0,0.0,44.0,0.0,29.0,44.0,0.0,29.0,0.0,0.0,0.0,0.0,"Jan 19, 2017"
2412,2706094.0,20998.0,Ninewa,Mosul,Hay Alalam,حي الاعلام,36.3611094409,43.1930089679,47.0,282.0,0.0,0.0,0.0,0.0,0.0,0.0,0.0,0.0,0.0,0.0,0.0,0.0,47.0,0.0,0.0,0.0,0.0,0.0,0.0,10.0,0.0,0.0,0.0,0.0,0.0,0.0,27.0,0.0,0.0,27.0,0.0,0.0,0.0,0.0,0.0,0.0,10.0,0.0,0.0,10.0,0.0,0.0,0.0,0.0,0.0,0.0,47.0,0.0,0.0,47.0,0.0,0.0,0.0,0.0,0.0,0.0,"Jan 19, 2017"
2413,2706095.0,18342.0,Ninewa,Mosul,Hay Alqadsya,حي القادسية,36.376466,43.182335,23.0,138.0,15.0,0.0,0.0,0.0,0.0,0.0,0.0,0.0,0.0,0.0,0.0,0.0,8.0,0.0,0.0,0.0,0.0,0.0,0.0,0.0,0.0,0.0,0.0,0.0,0.0,0.0,0.0,0.0,0.0,0.0,0.0,0.0,0.0,0.0,23.0,0.0,0.0,23.0,0.0,0.0,0.0,0.0,0.0,0.0,0.0,0.0,23.0,0.0,0.0,23.0,0.0,0.0,0.0,0.0,0.0,0.0,"Jan 19, 2017"
2414,2706096.0,18001.0,Ninewa,Mosul,Abu Arayis Village,قرية أبوعرايس,36.0847161092,43.024217694,40.0,240.0,0.0,0.0,0.0,0.0,0.0,0.0,0.0,0.0,0.0,0.0,0.0,0.0,0.0,0.0,40.0,0.0,0.0,0.0,0.0,20.0,0.0,0.0,0.0,0.0,0.0,0.0,0.0,0.0,0.0,0.0,0.0,0.0,0.0,0.0,0.0,0.0,20.0,0.0,0.0,20.0,0.0,0.0,0.0,0.0,0.0,0.0,20.0,0.0,20.0,20.0,0.0,20.0,0.0,0.0,0.0,0.0,"Jan 19, 2017"
2415,2706097.0,20796.0,Ninewa,Mosul,Bysan,بيسان,36.4085196439,43.1046160096,106.0,636.0,0.0,0.0,0.0,0.0,0.0,0.0,0.0,0.0,0.0,0.0,0.0,0.0,106.0,0.0,0.0,0.0,0.0,0.0,0.0,10.0,0.0,0.0,0.0,0.0,0.0,0.0,12.0,0.0,0.0,12.0,0.0,0.0,0.0,0.0,84.0,0.0,0.0,84.0,0.0,0.0,0.0,0.0,0.0,0.0,0.0,0.0,96.0,0.0,10.0,96.0,0.0,10.0,0.0,0.0,0.0,0.0,"Jan 19, 2017"
2416,2706098.0,27381.0,Ninewa,Mosul,Sherekhan sufle,شريخان سفلى,36.4039,43.073461,84.0,504.0,0.0,5.0,0.0,0.0,0.0,0.0,0.0,0.0,0.0,0.0,0.0,0.0,79.0,0.0,0.0,0.0,0.0,0.0,0.0,0.0,0.0,0.0,0.0,0.0,0.0,0.0,42.0,0.0,0.0,42.0,0.0,0.0,0.0,0.0,42.0,0.0,0.0,42.0,0.0,0.0,0.0,0.0,0.0,0.0,0.0,0.0,79.0,0.0,5.0,79.0,0.0,5.0,0.0,0.0,0.0,0.0,"Jan 19, 2017"
2417,2706099.0,18384.0,Ninewa,Mosul,Alshuhadaa,حي الشهداء,36.3188062857,43.1001554391,161.0,966.0,12.0,0.0,0.0,0.0,0.0,0.0,0.0,0.0,0.0,0.0,0.0,0.0,99.0,0.0,50.0,0.0,0.0,0.0,0.0,100.0,0.0,0.0,0.0,0.0,0.0,0.0,33.0,0.0,0.0,33.0,0.0,0.0,0.0,0.0,28.0,0.0,0.0,28.0,0.0,0.0,0.0,0.0,0.0,0.0,0.0,0.0,60.0,0.0,101.0,60.0,0.0,101.0,0.0,0.0,0.0,0.0,"Jan 19, 2017"
2418,2706100.0,17922.0,Ninewa,Mosul,Shura Center,الشورى,35.9945661452,43.2232952532,70.0,420.0,0.0,0.0,0.0,0.0,0.0,0.0,0.0,0.0,70.0,0.0,0.0,0.0,0.0,0.0,0.0,0.0,0.0,0.0,0.0,0.0,0.0,0.0,0.0,0.0,0.0,0.0,0.0,0.0,0.0,0.0,0.0,0.0,0.0,0.0,0.0,0.0,70.0,0.0,0.0,70.0,0.0,0.0,0.0,0.0,0.0,0.0,70.0,0.0,0.0,70.0,0.0,0.0,0.0,0.0,0.0,0.0,"Jan 19, 2017"
2419,2706101.0,28434.0,Ninewa,Mosul,Alzanazil Village,قرية الزنازل,36.434406092,42.8004153592,30.0,180.0,0.0,0.0,0.0,0.0,0.0,0.0,0.0,0.0,0.0,0.0,0.0,0.0,30.0,0.0,0.0,0.0,0.0,0.0,0.0,30.0,0.0,0.0,0.0,0.0,0.0,0.0,0.0,0.0,0.0,0.0,0.0,0.0,0.0,0.0,0.0,0.0,0.0,0.0,0.0,0.0,0.0,0.0,0.0,0.0,0.0,0.0,30.0,0.0,0.0,30.0,0.0,0.0,0.0,0.0,0.0,0.0,"Jan 19, 2017"
2420,2706102.0,28435.0,Ninewa,Mosul,Albweer Village,قرية البوير,36.4216071047,42.7667954252,20.0,120.0,0.0,0.0,0.0,0.0,0.0,0.0,0.0,0.0,0.0,0.0,0.0,0.0,20.0,0.0,0.0,0.0,0.0,0.0,0.0,20.0,0.0,0.0,0.0,0.0,0.0,0.0,0.0,0.0,0.0,0.0,0.0,0.0,0.0,0.0,0.0,0.0,0.0,0.0,0.0,0.0,0.0,0.0,0.0,0.0,0.0,0.0,20.0,0.0,0.0,20.0,0.0,0.0,0.0,0.0,0.0,0.0,"Jan 19, 2017"
2421,2706103.0,28436.0,Ninewa,Mosul,Kulega,كليجة,36.4197599653,43.4676491011,20.0,120.0,0.0,0.0,0.0,0.0,0.0,0.0,0.0,0.0,0.0,0.0,0.0,0.0,20.0,0.0,0.0,0.0,0.0,0.0,0.0,20.0,0.0,0.0,0.0,0.0,0.0,0.0,0.0,0.0,0.0,0.0,0.0,0.0,0.0,0.0,0.0,0.0,0.0,0.0,0.0,0.0,20.0,0.0,0.0,20.0,0.0,0.0,0.0,0.0,0.0,0.0,0.0,0.0,0.0,0.0,0.0,0.0,"Jan 19, 2017"
2422,2706104.0,17574.0,Ninewa,Mosul,Aski Mosul Village ,قريه اسكي موصل ,36.5156443249,42.7333623282,143.0,858.0,0.0,0.0,0.0,0.0,0.0,0.0,0.0,0.0,0.0,0.0,0.0,0.0,143.0,0.0,0.0,0.0,0.0,0.0,0.0,143.0,0.0,0.0,0.0,0.0,0.0,0.0,0.0,0.0,0.0,0.0,0.0,0.0,0.0,0.0,0.0,0.0,0.0,0.0,0.0,0.0,0.0,0.0,0.0,0.0,143.0,0.0,0.0,143.0,0.0,0.0,0.0,0.0,0.0,0.0,0.0,0.0,"Jan 19, 2017"
2423,2706105.0,17382.0,Ninewa,Mosul,Bazwaya,بازوايا,36.368700776,43.2932685274,33.0,198.0,0.0,0.0,0.0,0.0,0.0,0.0,0.0,0.0,0.0,0.0,0.0,0.0,0.0,0.0,33.0,0.0,0.0,0.0,0.0,0.0,0.0,0.0,0.0,0.0,0.0,0.0,0.0,0.0,0.0,0.0,0.0,0.0,0.0,0.0,33.0,0.0,0.0,33.0,0.0,0.0,0.0,0.0,0.0,0.0,0.0,0.0,33.0,0.0,0.0,33.0,0.0,0.0,0.0,0.0,0.0,0.0,"Jan 19, 2017"
2424,2706106.0,18363.0,Ninewa,Mosul,Hay alsedeeq,حي الصديق,36.3894319679,43.1586934346,63.0,378.0,7.0,0.0,0.0,0.0,0.0,0.0,0.0,0.0,0.0,0.0,0.0,0.0,41.0,0.0,15.0,0.0,0.0,0.0,0.0,58.0,0.0,0.0,0.0,0.0,0.0,0.0,5.0,0.0,0.0,5.0,0.0,0.0,0.0,0.0,0.0,0.0,0.0,0.0,0.0,0.0,0.0,0.0,0.0,0.0,0.0,0.0,0.0,0.0,63.0,0.0,0.0,63.0,0.0,0.0,0.0,0.0,"Jan 19, 2017"
2425,2706107.0,17515.0,Ninewa,Mosul,Al Haj Ali,الحاج علي,35.738433,43.313799,172.0,1032.0,0.0,0.0,0.0,0.0,0.0,0.0,0.0,0.0,50.0,0.0,0.0,0.0,122.0,0.0,0.0,0.0,0.0,0.0,0.0,15.0,0.0,0.0,0.0,0.0,0.0,0.0,0.0,0.0,0.0,0.0,0.0,0.0,157.0,0.0,0.0,157.0,0.0,0.0,0.0,0.0,0.0,0.0,0.0,0.0,0.0,0.0,0.0,0.0,0.0,0.0,172.0,0.0,0.0,172.0,0.0,0.0,"Jan 19, 2017"
2426,2706108.0,29642.0,Ninewa,Mosul,Qayyarah-Jad'ah 1,مخيم القيارة-الجدعة,35.7448112143,43.2672852147,1123.0,6738.0,0.0,0.0,0.0,0.0,0.0,0.0,0.0,0.0,201.0,0.0,0.0,0.0,872.0,0.0,50.0,0.0,0.0,0.0,1123.0,0.0,0.0,0.0,0.0,0.0,0.0,0.0,0.0,0.0,0.0,0.0,0.0,0.0,0.0,0.0,0.0,0.0,0.0,0.0,0.0,0.0,0.0,0.0,0.0,0.0,0.0,0.0,0.0,0.0,0.0,0.0,1123.0,0.0,0.0,1123.0,0.0,0.0,"Jan 19, 2017"
2427,2706121.0,29669.0,Ninewa,Mosul,Qayyarah-Jadah 2,مخيم القيارة-الجدعة 2,35.7455872422,43.2652295398,912.0,5472.0,0.0,0.0,0.0,0.0,0.0,0.0,0.0,0.0,71.0,0.0,0.0,0.0,719.0,0.0,122.0,0.0,0.0,0.0,912.0,0.0,0.0,0.0,0.0,0.0,0.0,0.0,0.0,0.0,0.0,0.0,0.0,0.0,0.0,0.0,0.0,0.0,0.0,0.0,0.0,0.0,0.0,0.0,0.0,0.0,0.0,0.0,0.0,0.0,0.0,0.0,912.0,0.0,0.0,912.0,0.0,0.0,"Jan 19, 2017"
2428,2706122.0,29670.0,Ninewa,Mosul,Qayyarah Airstrip,مخيم قاعدة القيارة الجوية,35.765228332,43.2670105062,2144.0,12864.0,0.0,0.0,0.0,0.0,0.0,0.0,0.0,0.0,249.0,0.0,0.0,0.0,1695.0,0.0,200.0,0.0,0.0,0.0,2144.0,0.0,0.0,0.0,0.0,0.0,0.0,0.0,0.0,0.0,0.0,0.0,0.0,0.0,0.0,0.0,0.0,0.0,0.0,0.0,0.0,0.0,0.0,0.0,0.0,0.0,0.0,0.0,0.0,0.0,0.0,0.0,2144.0,0.0,0.0,2144.0,0.0,0.0,"Jan 19, 2017"
2429,2706123.0,29682.0,Ninewa,Mosul,Qayyarah-Jadah 3,مخيم القيارة-الجدعة 3,35.7514449337,43.2661412344,538.0,3228.0,0.0,0.0,0.0,0.0,0.0,0.0,0.0,0.0,0.0,0.0,0.0,0.0,538.0,0.0,0.0,0.0,0.0,0.0,538.0,0.0,0.0,0.0,0.0,0.0,0.0,0.0,0.0,0.0,0.0,0.0,0.0,0.0,0.0,0.0,0.0,0.0,0.0,0.0,0.0,0.0,0.0,0.0,0.0,0.0,0.0,0.0,0.0,0.0,0.0,0.0,538.0,0.0,0.0,538.0,0.0,0.0,"Jan 19, 2017"
2430,2706124.0,22440.0,Ninewa,Mosul,Derig,قرية ديرج,36.4912867034,43.2166787241,140.0,840.0,0.0,0.0,0.0,0.0,0.0,0.0,0.0,0.0,0.0,0.0,0.0,0.0,140.0,0.0,0.0,0.0,0.0,0.0,0.0,140.0,0.0,0.0,0.0,0.0,0.0,0.0,0.0,0.0,0.0,0.0,0.0,0.0,0.0,0.0,0.0,0.0,0.0,0.0,0.0,0.0,0.0,0.0,0.0,0.0,0.0,0.0,0.0,0.0,0.0,0.0,140.0,0.0,0.0,140.0,0.0,0.0,"Jan 19, 2017"
2431,2706125.0,29683.0,Ninewa,Mosul,AL-Maghfera Village,قرية المغفرة,36.471574253,43.2248990087,305.0,1830.0,0.0,0.0,0.0,0.0,0.0,0.0,0.0,0.0,0.0,0.0,0.0,0.0,305.0,0.0,0.0,0.0,0.0,0.0,0.0,305.0,0.0,0.0,0.0,0.0,0.0,0.0,0.0,0.0,0.0,0.0,0.0,0.0,0.0,0.0,0.0,0.0,0.0,0.0,0.0,0.0,0.0,0.0,0.0,0.0,0.0,0.0,0.0,0.0,0.0,0.0,305.0,0.0,0.0,305.0,0.0,0.0,"Jan 19, 2017"
2432,2707003.0,27272.0,Ninewa,Hatra,Alsadahya,السداحية,36.127522,42.299418,80.0,480.0,0.0,0.0,0.0,0.0,0.0,0.0,0.0,0.0,0.0,0.0,0.0,0.0,80.0,0.0,0.0,0.0,0.0,0.0,0.0,0.0,0.0,0.0,0.0,0.0,0.0,0.0,0.0,0.0,0.0,0.0,0.0,0.0,0.0,0.0,0.0,0.0,80.0,0.0,0.0,80.0,0.0,0.0,0.0,0.0,0.0,0.0,80.0,0.0,0.0,80.0,0.0,0.0,0.0,0.0,0.0,0.0,"Jan 19, 2017"
2433,2707004.0,17845.0,Ninewa,Sinjar,Khana sor,خانصور,36.4647407537,41.6275786136,158.0,948.0,0.0,0.0,0.0,0.0,0.0,0.0,0.0,0.0,0.0,0.0,0.0,0.0,158.0,0.0,0.0,0.0,0.0,0.0,0.0,158.0,0.0,0.0,0.0,0.0,0.0,0.0,0.0,0.0,0.0,0.0,0.0,0.0,0.0,0.0,0.0,0.0,0.0,0.0,0.0,0.0,0.0,0.0,158.0,0.0,0.0,158.0,0.0,0.0,0.0,0.0,0.0,0.0,0.0,0.0,0.0,0.0,"Jan 19, 2017"
2434,2707005.0,17928.0,Ninewa,Sinjar,Sinuni center,مركز سنوني,36.4659398405,41.7133853273,400.0,2400.0,0.0,0.0,0.0,0.0,0.0,0.0,0.0,0.0,0.0,0.0,0.0,0.0,400.0,0.0,0.0,0.0,0.0,0.0,0.0,400.0,0.0,0.0,0.0,0.0,0.0,0.0,0.0,0.0,0.0,0.0,0.0,0.0,0.0,0.0,0.0,0.0,0.0,0.0,0.0,0.0,0.0,0.0,400.0,0.0,0.0,400.0,0.0,0.0,0.0,0.0,0.0,0.0,0.0,0.0,0.0,0.0,"Jan 19, 2017"
2435,2707006.0,27283.0,Ninewa,Sinjar,Dokri,دوكري,36.4701733439,41.7381184621,32.0,192.0,0.0,0.0,0.0,0.0,0.0,0.0,0.0,0.0,0.0,0.0,0.0,0.0,32.0,0.0,0.0,0.0,0.0,0.0,0.0,32.0,0.0,0.0,0.0,0.0,0.0,0.0,0.0,0.0,0.0,0.0,0.0,0.0,0.0,0.0,0.0,0.0,0.0,0.0,0.0,0.0,0.0,0.0,32.0,0.0,0.0,32.0,0.0,0.0,0.0,0.0,0.0,0.0,0.0,0.0,0.0,0.0,"Jan 19, 2017"
2436,2707008.0,27285.0,Ninewa,Sinjar,Borek,بورك,36.4943673864,41.8682061344,20.0,120.0,0.0,0.0,0.0,0.0,0.0,0.0,0.0,0.0,0.0,0.0,0.0,0.0,20.0,0.0,0.0,0.0,0.0,0.0,0.0,20.0,0.0,0.0,0.0,0.0,0.0,0.0,0.0,0.0,0.0,0.0,0.0,0.0,0.0,0.0,0.0,0.0,0.0,0.0,0.0,0.0,0.0,0.0,20.0,0.0,0.0,20.0,0.0,0.0,0.0,0.0,0.0,0.0,0.0,0.0,0.0,0.0,"Jan 19, 2017"
2437,2707011.0,27288.0,Ninewa,Sinjar,Karsi ,كرسي,36.3771646344,41.6876967733,85.0,510.0,0.0,0.0,0.0,0.0,0.0,0.0,0.0,0.0,0.0,0.0,0.0,0.0,85.0,0.0,0.0,0.0,0.0,0.0,0.0,85.0,0.0,0.0,0.0,0.0,0.0,0.0,0.0,0.0,0.0,0.0,0.0,0.0,0.0,0.0,0.0,0.0,0.0,0.0,0.0,0.0,0.0,0.0,85.0,0.0,0.0,85.0,0.0,0.0,0.0,0.0,0.0,0.0,0.0,0.0,0.0,0.0,"Jan 19, 2017"
2438,2707012.0,27358.0,Ninewa,Sinjar,Kolka,كولكا,36.3715289124,41.7251107824,44.0,264.0,0.0,0.0,0.0,0.0,0.0,0.0,0.0,0.0,0.0,0.0,0.0,0.0,44.0,0.0,0.0,0.0,0.0,0.0,0.0,10.0,0.0,34.0,0.0,0.0,34.0,0.0,0.0,0.0,0.0,0.0,0.0,0.0,0.0,0.0,0.0,0.0,0.0,0.0,0.0,0.0,0.0,0.0,44.0,0.0,0.0,44.0,0.0,0.0,0.0,0.0,0.0,0.0,0.0,0.0,0.0,0.0,"Jan 19, 2017"
2439,2707013.0,27359.0,Ninewa,Sinjar,Semi-Hester,سمي هيستر,36.3714887655,41.7126528126,36.0,216.0,0.0,0.0,0.0,0.0,0.0,0.0,0.0,0.0,0.0,0.0,0.0,0.0,36.0,0.0,0.0,0.0,0.0,0.0,0.0,5.0,0.0,31.0,0.0,0.0,31.0,0.0,0.0,0.0,0.0,0.0,0.0,0.0,0.0,0.0,0.0,0.0,0.0,0.0,0.0,0.0,0.0,0.0,36.0,0.0,0.0,36.0,0.0,0.0,0.0,0.0,0.0,0.0,0.0,0.0,0.0,0.0,"Jan 19, 2017"
2440,2707014.0,17694.0,Ninewa,Sinjar,Quwasi,قويسي,36.4536646772,41.7582550441,8.0,48.0,0.0,0.0,0.0,0.0,0.0,0.0,0.0,0.0,0.0,0.0,0.0,0.0,8.0,0.0,0.0,0.0,0.0,0.0,0.0,8.0,0.0,0.0,0.0,0.0,0.0,0.0,0.0,0.0,0.0,0.0,0.0,0.0,0.0,0.0,0.0,0.0,0.0,0.0,0.0,0.0,0.0,0.0,8.0,0.0,0.0,8.0,0.0,0.0,0.0,0.0,0.0,0.0,0.0,0.0,0.0,0.0,"Jan 19, 2017"
2441,2707015.0,27360.0,Ninewa,Sinjar,Barah,باره,36.3712,41.4907,7.0,42.0,0.0,0.0,0.0,0.0,0.0,0.0,0.0,0.0,0.0,0.0,0.0,0.0,7.0,0.0,0.0,0.0,0.0,0.0,0.0,7.0,0.0,0.0,0.0,0.0,0.0,0.0,0.0,0.0,0.0,0.0,0.0,0.0,0.0,0.0,0.0,0.0,0.0,0.0,0.0,0.0,0.0,0.0,7.0,0.0,0.0,7.0,0.0,0.0,0.0,0.0,0.0,0.0,0.0,0.0,0.0,0.0,"Jan 19, 2017"
2442,2707016.0,27361.0,Ninewa,Sinjar,Wary Bahdo,واري بهدو,36.3811689593,41.7919379924,370.0,2220.0,0.0,0.0,0.0,0.0,0.0,0.0,0.0,0.0,0.0,0.0,0.0,0.0,370.0,0.0,0.0,0.0,0.0,0.0,0.0,1.0,0.0,369.0,0.0,0.0,369.0,0.0,0.0,0.0,0.0,0.0,0.0,0.0,0.0,0.0,0.0,0.0,0.0,0.0,0.0,0.0,0.0,0.0,370.0,0.0,0.0,370.0,0.0,0.0,0.0,0.0,0.0,0.0,0.0,0.0,0.0,0.0,"Jan 19, 2017"
2443,2707017.0,27362.0,Ninewa,Sinjar,Sardashty,سردشتي,36.3738235832,41.7492235827,204.0,1224.0,0.0,0.0,0.0,0.0,0.0,0.0,0.0,0.0,0.0,0.0,0.0,0.0,204.0,0.0,0.0,0.0,0.0,0.0,0.0,2.0,0.0,202.0,0.0,0.0,202.0,0.0,0.0,0.0,0.0,0.0,0.0,0.0,0.0,0.0,0.0,0.0,0.0,0.0,0.0,0.0,0.0,0.0,204.0,0.0,0.0,204.0,0.0,0.0,0.0,0.0,0.0,0.0,0.0,0.0,0.0,0.0,"Jan 19, 2017"
2444,2707018.0,27363.0,Ninewa,Sinjar,Osiva,اوسفا,36.4172227527,41.8842852281,22.0,132.0,0.0,0.0,0.0,0.0,0.0,0.0,0.0,0.0,0.0,0.0,0.0,0.0,22.0,0.0,0.0,0.0,0.0,0.0,0.0,22.0,0.0,0.0,0.0,0.0,0.0,0.0,0.0,0.0,0.0,0.0,0.0,0.0,0.0,0.0,0.0,0.0,0.0,0.0,0.0,0.0,0.0,0.0,22.0,0.0,0.0,22.0,0.0,0.0,0.0,0.0,0.0,0.0,0.0,0.0,0.0,0.0,"Jan 19, 2017"
2445,2707019.0,27364.0,Ninewa,Sinjar,Melik,ملك,36.3723527094,41.7071758473,72.0,432.0,0.0,0.0,0.0,0.0,0.0,0.0,0.0,0.0,0.0,0.0,0.0,0.0,72.0,0.0,0.0,0.0,0.0,0.0,0.0,13.0,0.0,59.0,0.0,0.0,59.0,0.0,0.0,0.0,0.0,0.0,0.0,0.0,0.0,0.0,0.0,0.0,0.0,0.0,0.0,0.0,0.0,0.0,72.0,0.0,0.0,72.0,0.0,0.0,0.0,0.0,0.0,0.0,0.0,0.0,0.0,0.0,"Jan 19, 2017"
2446,2707020.0,27365.0,Ninewa,Sinjar,Bayevok,بايفوك,36.4342847104,41.9066503392,2.0,12.0,0.0,0.0,0.0,0.0,0.0,0.0,0.0,0.0,0.0,0.0,0.0,0.0,2.0,0.0,0.0,0.0,0.0,0.0,0.0,2.0,0.0,0.0,0.0,0.0,0.0,0.0,0.0,0.0,0.0,0.0,0.0,0.0,0.0,0.0,0.0,0.0,0.0,0.0,0.0,0.0,0.0,0.0,2.0,0.0,0.0,2.0,0.0,0.0,0.0,0.0,0.0,0.0,0.0,0.0,0.0,0.0,"Jan 19, 2017"
2447,2707021.0,27366.0,Ninewa,Sinjar,Balif,بليف,36.4286986037,41.6989191402,138.0,828.0,0.0,0.0,0.0,0.0,0.0,0.0,0.0,0.0,0.0,0.0,0.0,0.0,138.0,0.0,0.0,0.0,0.0,0.0,0.0,91.0,0.0,47.0,0.0,0.0,47.0,0.0,0.0,0.0,0.0,0.0,0.0,0.0,0.0,0.0,0.0,0.0,0.0,0.0,0.0,0.0,0.0,0.0,138.0,0.0,0.0,138.0,0.0,0.0,0.0,0.0,0.0,0.0,0.0,0.0,0.0,0.0,"Jan 19, 2017"
2448,2707022.0,27396.0,Ninewa,Sinjar,Adika,اديكا,36.4487357598,41.7560540013,9.0,54.0,0.0,0.0,0.0,0.0,0.0,0.0,0.0,0.0,0.0,0.0,0.0,0.0,9.0,0.0,0.0,0.0,0.0,0.0,0.0,9.0,0.0,0.0,0.0,0.0,0.0,0.0,0.0,0.0,0.0,0.0,0.0,0.0,0.0,0.0,0.0,0.0,0.0,0.0,0.0,0.0,0.0,0.0,9.0,0.0,0.0,9.0,0.0,0.0,0.0,0.0,0.0,0.0,0.0,0.0,0.0,0.0,"Jan 19, 2017"
2449,2707024.0,27398.0,Ninewa,Sinjar,Cheyl mira,جيل ميرا,36.3924186694,41.8329721345,45.0,270.0,0.0,0.0,0.0,0.0,0.0,0.0,0.0,0.0,0.0,0.0,0.0,0.0,45.0,0.0,0.0,0.0,0.0,0.0,0.0,15.0,0.0,30.0,0.0,0.0,30.0,0.0,0.0,0.0,0.0,0.0,0.0,0.0,0.0,0.0,0.0,0.0,0.0,0.0,0.0,0.0,0.0,0.0,45.0,0.0,0.0,45.0,0.0,0.0,0.0,0.0,0.0,0.0,0.0,0.0,0.0,0.0,"Jan 19, 2017"
2450,2707025.0,27399.0,Ninewa,Sinjar,Sharaf Alddin,شرف الدين,36.4298407829,41.8680823331,70.0,420.0,0.0,0.0,0.0,0.0,0.0,0.0,0.0,0.0,0.0,0.0,0.0,0.0,70.0,0.0,0.0,0.0,0.0,0.0,0.0,11.0,0.0,59.0,0.0,0.0,59.0,0.0,0.0,0.0,0.0,0.0,0.0,0.0,0.0,0.0,0.0,0.0,0.0,0.0,0.0,0.0,0.0,0.0,70.0,0.0,0.0,70.0,0.0,0.0,0.0,0.0,0.0,0.0,0.0,0.0,0.0,0.0,"Jan 19, 2017"
2451,2707026.0,27400.0,Ninewa,Sinjar,Shyebl Qasim,شيبل قاسم,36.3759179334,41.7154140262,20.0,120.0,0.0,0.0,0.0,0.0,0.0,0.0,0.0,0.0,0.0,0.0,0.0,0.0,20.0,0.0,0.0,0.0,0.0,0.0,0.0,20.0,0.0,0.0,0.0,0.0,0.0,0.0,0.0,0.0,0.0,0.0,0.0,0.0,0.0,0.0,0.0,0.0,0.0,0.0,0.0,0.0,0.0,0.0,20.0,0.0,0.0,20.0,0.0,0.0,0.0,0.0,0.0,0.0,0.0,0.0,0.0,0.0,"Jan 19, 2017"
2452,2707027.0,27401.0,Ninewa,Sinjar,Haliqye,حليقي,36.459690092,41.6126350582,5.0,30.0,0.0,0.0,0.0,0.0,0.0,0.0,0.0,0.0,0.0,0.0,0.0,0.0,5.0,0.0,0.0,0.0,0.0,0.0,0.0,5.0,0.0,0.0,0.0,0.0,0.0,0.0,0.0,0.0,0.0,0.0,0.0,0.0,0.0,0.0,0.0,0.0,0.0,0.0,0.0,0.0,0.0,0.0,5.0,0.0,0.0,5.0,0.0,0.0,0.0,0.0,0.0,0.0,0.0,0.0,0.0,0.0,"Jan 19, 2017"
2453,2707029.0,27403.0,Ninewa,Sinjar,Ashti & Heriko,اشتي و هريكو,36.4527940371,41.7074081439,140.0,840.0,0.0,0.0,0.0,0.0,0.0,0.0,0.0,0.0,0.0,0.0,0.0,0.0,140.0,0.0,0.0,0.0,0.0,0.0,0.0,140.0,0.0,0.0,0.0,0.0,0.0,0.0,0.0,0.0,0.0,0.0,0.0,0.0,0.0,0.0,0.0,0.0,0.0,0.0,0.0,0.0,0.0,0.0,140.0,0.0,0.0,140.0,0.0,0.0,0.0,0.0,0.0,0.0,0.0,0.0,0.0,0.0,"Jan 19, 2017"
2454,2707030.0,17720.0,Ninewa,Sinjar,Bir Adam,بير ادم,36.539386,41.706409,5.0,30.0,0.0,0.0,0.0,0.0,0.0,0.0,0.0,0.0,0.0,0.0,0.0,0.0,5.0,0.0,0.0,0.0,0.0,0.0,0.0,5.0,0.0,0.0,0.0,0.0,0.0,0.0,0.0,0.0,0.0,0.0,0.0,0.0,0.0,0.0,0.0,0.0,0.0,0.0,0.0,0.0,0.0,0.0,5.0,0.0,0.0,5.0,0.0,0.0,0.0,0.0,0.0,0.0,0.0,0.0,0.0,0.0,"Jan 19, 2017"
2455,2707031.0,28415.0,Ninewa,Sinjar,Bakera ,بكرا,36.4291887697,41.9119082005,15.0,90.0,0.0,0.0,0.0,0.0,0.0,0.0,0.0,0.0,0.0,0.0,0.0,0.0,15.0,0.0,0.0,0.0,0.0,0.0,0.0,8.0,0.0,6.0,0.0,0.0,6.0,0.0,0.0,0.0,0.0,0.0,0.0,0.0,0.0,0.0,1.0,0.0,0.0,1.0,0.0,0.0,0.0,0.0,15.0,0.0,0.0,15.0,0.0,0.0,0.0,0.0,0.0,0.0,0.0,0.0,0.0,0.0,"Jan 19, 2017"
2456,2707034.0,28418.0,Ninewa,Sinjar,Darki Qawala,داركي قوالا,36.375829245,41.7631585184,84.0,504.0,0.0,0.0,0.0,0.0,0.0,0.0,0.0,0.0,0.0,0.0,0.0,0.0,84.0,0.0,0.0,0.0,0.0,0.0,0.0,0.0,0.0,84.0,0.0,0.0,84.0,0.0,0.0,0.0,0.0,0.0,0.0,0.0,0.0,0.0,0.0,0.0,0.0,0.0,0.0,0.0,0.0,0.0,84.0,0.0,0.0,84.0,0.0,0.0,0.0,0.0,0.0,0.0,0.0,0.0,0.0,0.0,"Jan 19, 2017"
2457,2707037.0,29481.0,Ninewa,Sinjar,Trbeka,تربكة,36.5298862669,41.6719591348,4.0,24.0,0.0,0.0,0.0,0.0,0.0,0.0,0.0,0.0,0.0,0.0,0.0,0.0,4.0,0.0,0.0,0.0,0.0,0.0,0.0,4.0,0.0,0.0,0.0,0.0,0.0,0.0,0.0,0.0,0.0,0.0,0.0,0.0,0.0,0.0,0.0,0.0,0.0,0.0,0.0,0.0,0.0,0.0,4.0,0.0,0.0,4.0,0.0,0.0,0.0,0.0,0.0,0.0,0.0,0.0,0.0,0.0,"Jan 19, 2017"
2458,2707038.0,27287.0,Ninewa,Sinjar,Zorava and zirwa,زورافا+زيروا ,36.4724672765,42.0158882745,4.0,24.0,0.0,0.0,0.0,0.0,0.0,0.0,0.0,0.0,0.0,0.0,0.0,0.0,4.0,0.0,0.0,0.0,0.0,0.0,0.0,4.0,0.0,0.0,0.0,0.0,0.0,0.0,0.0,0.0,0.0,0.0,0.0,0.0,0.0,0.0,0.0,0.0,0.0,0.0,0.0,0.0,0.0,0.0,4.0,0.0,0.0,4.0,0.0,0.0,0.0,0.0,0.0,0.0,0.0,0.0,0.0,0.0,"Jan 19, 2017"
2459,2708001.0,17486.0,Ninewa,Telafar,Abu Mariya,قرية ابو ماريا,36.4266737,42.6011278,163.0,978.0,0.0,0.0,0.0,0.0,0.0,0.0,0.0,0.0,0.0,0.0,0.0,0.0,163.0,0.0,0.0,0.0,0.0,0.0,0.0,155.0,0.0,0.0,0.0,0.0,0.0,0.0,8.0,0.0,0.0,8.0,0.0,0.0,0.0,0.0,0.0,0.0,0.0,0.0,0.0,0.0,0.0,0.0,0.0,0.0,155.0,0.0,8.0,155.0,0.0,8.0,0.0,0.0,0.0,0.0,0.0,0.0,"Jan 19, 2017"
2460,2708002.0,24809.0,Ninewa,Telafar,Al Hay Al Askare,الحي العسكري,36.3920374,42.4765978,20.0,120.0,0.0,0.0,0.0,0.0,0.0,0.0,0.0,0.0,0.0,0.0,0.0,0.0,20.0,0.0,0.0,0.0,0.0,0.0,0.0,0.0,0.0,0.0,0.0,0.0,0.0,0.0,0.0,0.0,0.0,0.0,0.0,0.0,0.0,0.0,20.0,0.0,0.0,20.0,0.0,0.0,0.0,0.0,0.0,0.0,20.0,0.0,0.0,20.0,0.0,0.0,0.0,0.0,0.0,0.0,0.0,0.0,"Jan 19, 2017"
2461,2708003.0,23168.0,Ninewa,Telafar,Al Muthalatha village,المثلثة,36.628500078,42.2875761162,275.0,1650.0,0.0,0.0,0.0,0.0,0.0,0.0,0.0,0.0,0.0,0.0,0.0,0.0,275.0,0.0,0.0,0.0,0.0,0.0,0.0,150.0,0.0,0.0,0.0,52.0,0.0,0.0,0.0,0.0,0.0,0.0,0.0,0.0,0.0,0.0,73.0,0.0,0.0,73.0,0.0,0.0,0.0,0.0,13.0,0.0,260.0,13.0,2.0,260.0,0.0,2.0,0.0,0.0,0.0,0.0,0.0,0.0,"Jan 19, 2017"
2462,2708006.0,18305.0,Ninewa,Telafar,Hay Al Muthana,حي المثنى,36.380954,42.454283,34.0,204.0,0.0,0.0,0.0,0.0,0.0,0.0,0.0,0.0,0.0,0.0,0.0,0.0,34.0,0.0,0.0,0.0,0.0,0.0,0.0,10.0,0.0,0.0,0.0,0.0,0.0,0.0,24.0,0.0,0.0,24.0,0.0,0.0,0.0,0.0,0.0,0.0,0.0,0.0,0.0,0.0,0.0,0.0,0.0,0.0,24.0,0.0,10.0,24.0,0.0,10.0,0.0,0.0,0.0,0.0,0.0,0.0,"Jan 19, 2017"
2463,2708007.0,18309.0,Ninewa,Telafar,Hay Al Uroba,حي العروبة,36.3773714,42.4572373,59.0,354.0,0.0,0.0,0.0,0.0,0.0,0.0,0.0,0.0,0.0,0.0,0.0,0.0,59.0,0.0,0.0,0.0,0.0,0.0,0.0,23.0,0.0,0.0,0.0,0.0,0.0,0.0,36.0,0.0,0.0,36.0,0.0,0.0,0.0,0.0,0.0,0.0,0.0,0.0,0.0,0.0,0.0,0.0,0.0,0.0,36.0,0.0,23.0,36.0,0.0,23.0,0.0,0.0,0.0,0.0,0.0,0.0,"Jan 19, 2017"
2464,2708009.0,22923.0,Ninewa,Telafar,Kakhirta,كاخرتة,36.5574058895,42.3490522567,93.0,558.0,0.0,0.0,0.0,0.0,0.0,0.0,0.0,0.0,0.0,0.0,0.0,0.0,93.0,0.0,0.0,0.0,0.0,0.0,0.0,48.0,0.0,0.0,0.0,5.0,0.0,0.0,0.0,0.0,0.0,0.0,0.0,0.0,0.0,0.0,40.0,0.0,0.0,40.0,0.0,0.0,0.0,0.0,0.0,0.0,93.0,0.0,0.0,93.0,0.0,0.0,0.0,0.0,0.0,0.0,0.0,0.0,"Jan 19, 2017"
2465,2708011.0,25944.0,Ninewa,Telafar,Qasabat Zummar,قصبة زمار,36.6559975704,42.5980133829,1505.0,9030.0,0.0,0.0,0.0,0.0,0.0,0.0,0.0,0.0,0.0,0.0,0.0,0.0,1505.0,0.0,0.0,0.0,0.0,0.0,0.0,500.0,0.0,0.0,0.0,0.0,0.0,0.0,1005.0,0.0,0.0,1005.0,0.0,0.0,0.0,0.0,0.0,0.0,0.0,0.0,0.0,0.0,0.0,0.0,0.0,0.0,0.0,0.0,1500.0,0.0,5.0,1500.0,0.0,5.0,0.0,0.0,0.0,0.0,"Jan 19, 2017"
2466,2708013.0,17942.0,Ninewa,Telafar,Tal Khidr,تل خضر,36.5462080234,42.6571944793,21.0,126.0,0.0,0.0,0.0,0.0,0.0,0.0,0.0,0.0,0.0,0.0,0.0,0.0,21.0,0.0,0.0,0.0,0.0,0.0,0.0,21.0,0.0,0.0,0.0,0.0,0.0,0.0,0.0,0.0,0.0,0.0,0.0,0.0,0.0,0.0,0.0,0.0,0.0,0.0,0.0,0.0,0.0,0.0,0.0,0.0,21.0,0.0,0.0,21.0,0.0,0.0,0.0,0.0,0.0,0.0,0.0,0.0,"Jan 19, 2017"
2467,2708014.0,25819.0,Ninewa,Telafar,Telafar-Al Noor,حي النور,36.383069,42.470675,11.0,66.0,0.0,0.0,0.0,0.0,0.0,0.0,0.0,0.0,0.0,0.0,0.0,0.0,11.0,0.0,0.0,0.0,0.0,0.0,0.0,11.0,0.0,0.0,0.0,0.0,0.0,0.0,0.0,0.0,0.0,0.0,0.0,0.0,0.0,0.0,0.0,0.0,0.0,0.0,0.0,0.0,0.0,0.0,0.0,0.0,0.0,0.0,11.0,0.0,0.0,11.0,0.0,0.0,0.0,0.0,0.0,0.0,"Jan 19, 2017"
2468,2708015.0,25856.0,Ninewa,Telafar,Telafar-Hay Al Salam,حي السلام,36.3885364,42.4615367,20.0,120.0,0.0,0.0,0.0,0.0,0.0,0.0,0.0,0.0,0.0,0.0,0.0,0.0,20.0,0.0,0.0,0.0,0.0,0.0,0.0,0.0,0.0,0.0,0.0,0.0,0.0,0.0,20.0,0.0,0.0,20.0,0.0,0.0,0.0,0.0,0.0,0.0,0.0,0.0,0.0,0.0,0.0,0.0,0.0,0.0,20.0,0.0,0.0,20.0,0.0,0.0,0.0,0.0,0.0,0.0,0.0,0.0,"Jan 19, 2017"
2469,2708016.0,25740.0,Ninewa,Mosul,Twayem,تويم,36.3627,42.691377597,80.0,480.0,0.0,0.0,0.0,0.0,0.0,0.0,0.0,0.0,0.0,0.0,0.0,0.0,80.0,0.0,0.0,0.0,0.0,0.0,0.0,33.0,0.0,0.0,0.0,0.0,0.0,0.0,0.0,0.0,0.0,0.0,0.0,0.0,15.0,0.0,15.0,15.0,17.0,15.0,0.0,17.0,0.0,0.0,0.0,0.0,80.0,0.0,0.0,80.0,0.0,0.0,0.0,0.0,0.0,0.0,0.0,0.0,"Jan 19, 2017"
2470,2708022.0,17746.0,Ninewa,Telafar,Ain Hilwa Upper,قرية عين حلوة العليا,36.6036303678,42.6246294352,20.0,120.0,0.0,0.0,0.0,0.0,0.0,0.0,0.0,0.0,0.0,0.0,0.0,0.0,20.0,0.0,0.0,0.0,0.0,0.0,0.0,20.0,0.0,0.0,0.0,0.0,0.0,0.0,0.0,0.0,0.0,0.0,0.0,0.0,0.0,0.0,0.0,0.0,0.0,0.0,0.0,0.0,0.0,0.0,20.0,0.0,0.0,20.0,0.0,0.0,0.0,0.0,0.0,0.0,0.0,0.0,0.0,0.0,"Jan 19, 2017"
2471,2708025.0,25980.0,Ninewa,Telafar,Gilbarat Village,قرية جلبارات,36.8275066556,42.1395246963,20.0,120.0,0.0,0.0,0.0,0.0,0.0,0.0,0.0,0.0,0.0,0.0,0.0,0.0,20.0,0.0,0.0,0.0,0.0,0.0,0.0,20.0,0.0,0.0,0.0,0.0,0.0,0.0,0.0,0.0,0.0,0.0,0.0,0.0,0.0,0.0,0.0,0.0,0.0,0.0,0.0,0.0,0.0,0.0,0.0,0.0,20.0,0.0,0.0,20.0,0.0,0.0,0.0,0.0,0.0,0.0,0.0,0.0,"Jan 19, 2017"
2472,2708026.0,18308.0,Ninewa,Telafar,Hay Al Askari,حي العسكري,36.8024619147,42.0971544774,282.0,1692.0,0.0,0.0,0.0,0.0,0.0,0.0,0.0,0.0,0.0,0.0,0.0,0.0,282.0,0.0,0.0,0.0,0.0,0.0,0.0,137.0,0.0,0.0,0.0,0.0,0.0,0.0,100.0,0.0,0.0,100.0,0.0,0.0,0.0,0.0,45.0,0.0,0.0,45.0,0.0,0.0,0.0,0.0,0.0,0.0,0.0,0.0,277.0,0.0,5.0,277.0,0.0,5.0,0.0,0.0,0.0,0.0,"Jan 19, 2017"
2473,2708027.0,25686.0,Ninewa,Telafar,Hay Al Arbaeen,حي الاربعين,36.80605796,42.0861918791,6.0,36.0,0.0,0.0,0.0,0.0,0.0,0.0,0.0,0.0,0.0,0.0,0.0,0.0,6.0,0.0,0.0,0.0,0.0,0.0,0.0,6.0,0.0,0.0,0.0,0.0,0.0,0.0,0.0,0.0,0.0,0.0,0.0,0.0,0.0,0.0,0.0,0.0,0.0,0.0,0.0,0.0,0.0,0.0,0.0,0.0,0.0,0.0,6.0,0.0,0.0,6.0,0.0,0.0,0.0,0.0,0.0,0.0,"Jan 19, 2017"
2474,2708028.0,25808.0,Ninewa,Telafar,Hay Alasreya,حي العصرية,36.80441,42.088101,35.0,210.0,0.0,0.0,0.0,0.0,0.0,0.0,0.0,0.0,0.0,0.0,0.0,0.0,35.0,0.0,0.0,0.0,0.0,0.0,0.0,30.0,0.0,0.0,0.0,0.0,0.0,0.0,5.0,0.0,0.0,5.0,0.0,0.0,0.0,0.0,0.0,0.0,0.0,0.0,0.0,0.0,0.0,0.0,0.0,0.0,0.0,0.0,35.0,0.0,0.0,35.0,0.0,0.0,0.0,0.0,0.0,0.0,"Jan 19, 2017"
2475,2708029.0,25807.0,Ninewa,Telafar,Hay althahabe,الحي الذهبي,36.8017092502,42.0945875453,47.0,282.0,0.0,0.0,0.0,0.0,0.0,0.0,0.0,0.0,0.0,0.0,0.0,0.0,47.0,0.0,0.0,0.0,0.0,0.0,0.0,47.0,0.0,0.0,0.0,0.0,0.0,0.0,0.0,0.0,0.0,0.0,0.0,0.0,0.0,0.0,0.0,0.0,0.0,0.0,0.0,0.0,0.0,0.0,0.0,0.0,0.0,0.0,47.0,0.0,0.0,47.0,0.0,0.0,0.0,0.0,0.0,0.0,"Jan 19, 2017"
2476,2708030.0,24701.0,Ninewa,Telafar,Hay Al laban,حي اللبن,36.8084919913,42.0901615686,58.0,348.0,0.0,0.0,0.0,0.0,0.0,0.0,0.0,0.0,0.0,0.0,0.0,0.0,58.0,0.0,0.0,0.0,0.0,0.0,0.0,58.0,0.0,0.0,0.0,0.0,0.0,0.0,0.0,0.0,0.0,0.0,0.0,0.0,0.0,0.0,0.0,0.0,0.0,0.0,0.0,0.0,0.0,0.0,0.0,0.0,0.0,0.0,58.0,0.0,0.0,58.0,0.0,0.0,0.0,0.0,0.0,0.0,"Jan 19, 2017"
2477,2708032.0,25688.0,Ninewa,Telafar,Hay Al Qadisya,حي القادسية,36.8081581141,42.0837072961,30.0,180.0,0.0,0.0,0.0,0.0,0.0,0.0,0.0,0.0,0.0,0.0,0.0,0.0,30.0,0.0,0.0,0.0,0.0,0.0,0.0,30.0,0.0,0.0,0.0,0.0,0.0,0.0,0.0,0.0,0.0,0.0,0.0,0.0,0.0,0.0,0.0,0.0,0.0,0.0,0.0,0.0,0.0,0.0,0.0,0.0,0.0,0.0,30.0,0.0,0.0,30.0,0.0,0.0,0.0,0.0,0.0,0.0,"Jan 19, 2017"
2478,2708034.0,25687.0,Ninewa,Telafar,Hay Al Sikak,حي السكك,36.7993063325,42.0937826563,42.0,252.0,0.0,0.0,0.0,0.0,0.0,0.0,0.0,0.0,0.0,0.0,0.0,0.0,42.0,0.0,0.0,0.0,0.0,0.0,0.0,22.0,0.0,0.0,0.0,0.0,0.0,0.0,0.0,0.0,0.0,0.0,0.0,0.0,0.0,0.0,20.0,0.0,0.0,20.0,0.0,0.0,0.0,0.0,0.0,0.0,0.0,0.0,42.0,0.0,0.0,42.0,0.0,0.0,0.0,0.0,0.0,0.0,"Jan 19, 2017"
2479,2708046.0,25689.0,Ninewa,Telafar,Sahel Hamad Village,ساحل حمد,36.578,42.644,5.0,30.0,0.0,0.0,0.0,0.0,0.0,0.0,0.0,0.0,0.0,0.0,0.0,0.0,5.0,0.0,0.0,0.0,0.0,0.0,0.0,5.0,0.0,0.0,0.0,0.0,0.0,0.0,0.0,0.0,0.0,0.0,0.0,0.0,0.0,0.0,0.0,0.0,0.0,0.0,0.0,0.0,0.0,0.0,5.0,0.0,0.0,5.0,0.0,0.0,0.0,0.0,0.0,0.0,0.0,0.0,0.0,0.0,"Jan 19, 2017"
2480,2708047.0,17614.0,Ninewa,Telafar,Tal Ismair,قرية تل سمير,36.7503097006,42.1712018441,65.0,390.0,0.0,0.0,0.0,0.0,0.0,0.0,0.0,0.0,0.0,0.0,0.0,0.0,65.0,0.0,0.0,0.0,0.0,0.0,0.0,65.0,0.0,0.0,0.0,0.0,0.0,0.0,0.0,0.0,0.0,0.0,0.0,0.0,0.0,0.0,0.0,0.0,0.0,0.0,0.0,0.0,0.0,0.0,0.0,0.0,40.0,0.0,21.0,40.0,4.0,21.0,0.0,4.0,0.0,0.0,0.0,0.0,"Jan 19, 2017"
2481,2708053.0,25809.0,Ninewa,Telafar,Domez complex,مجمع دوميز,36.7120468058,42.6146106697,185.0,1110.0,0.0,0.0,0.0,0.0,0.0,0.0,0.0,0.0,0.0,0.0,0.0,0.0,185.0,0.0,0.0,0.0,0.0,0.0,0.0,0.0,0.0,0.0,0.0,0.0,0.0,0.0,185.0,0.0,0.0,185.0,0.0,0.0,0.0,0.0,0.0,0.0,0.0,0.0,0.0,0.0,0.0,0.0,0.0,0.0,0.0,0.0,185.0,0.0,0.0,185.0,0.0,0.0,0.0,0.0,0.0,0.0,"Jan 19, 2017"
2482,2708054.0,17951.0,Ninewa,Telafar,Markaz Talafar,مركز تلعفر,36.375092,42.4531152,250.0,1500.0,0.0,0.0,0.0,0.0,0.0,0.0,0.0,0.0,0.0,0.0,0.0,0.0,250.0,0.0,0.0,0.0,0.0,0.0,0.0,95.0,0.0,0.0,0.0,0.0,0.0,0.0,0.0,0.0,0.0,0.0,0.0,0.0,0.0,0.0,55.0,0.0,100.0,55.0,0.0,100.0,0.0,0.0,0.0,0.0,0.0,0.0,250.0,0.0,0.0,250.0,0.0,0.0,0.0,0.0,0.0,0.0,"Jan 19, 2017"
2483,2708055.0,25695.0,Ninewa,Telafar,kirver village,قرية كرفر,36.6882349707,42.5955943725,10.0,60.0,0.0,0.0,0.0,0.0,0.0,0.0,0.0,0.0,0.0,0.0,0.0,0.0,10.0,0.0,0.0,0.0,0.0,0.0,0.0,10.0,0.0,0.0,0.0,0.0,0.0,0.0,0.0,0.0,0.0,0.0,0.0,0.0,0.0,0.0,0.0,0.0,0.0,0.0,0.0,0.0,0.0,0.0,10.0,0.0,0.0,10.0,0.0,0.0,0.0,0.0,0.0,0.0,0.0,0.0,0.0,0.0,"Jan 19, 2017"
2484,2708056.0,27304.0,Ninewa,Telafar,Kharabat Ashiq,قرية خرابت عاشق,36.7587486423,42.4589467795,170.0,1020.0,0.0,0.0,0.0,0.0,0.0,0.0,0.0,0.0,0.0,0.0,0.0,0.0,170.0,0.0,0.0,0.0,0.0,0.0,0.0,0.0,0.0,0.0,0.0,0.0,0.0,0.0,0.0,0.0,0.0,0.0,0.0,0.0,0.0,0.0,170.0,0.0,0.0,170.0,0.0,0.0,0.0,0.0,0.0,0.0,0.0,0.0,170.0,0.0,0.0,170.0,0.0,0.0,0.0,0.0,0.0,0.0,"Jan 19, 2017"
2485,2708057.0,17655.0,Ninewa,Telafar,Khrmer,قرية خرمر,36.6234315351,42.3784940874,140.0,840.0,0.0,0.0,0.0,0.0,0.0,0.0,0.0,0.0,0.0,0.0,0.0,0.0,140.0,0.0,0.0,0.0,0.0,0.0,0.0,88.0,0.0,0.0,0.0,0.0,0.0,0.0,0.0,0.0,0.0,0.0,0.0,0.0,0.0,0.0,52.0,0.0,0.0,52.0,0.0,0.0,0.0,0.0,0.0,0.0,120.0,0.0,20.0,120.0,0.0,20.0,0.0,0.0,0.0,0.0,0.0,0.0,"Jan 19, 2017"
2486,2708058.0,27382.0,Ninewa,Telafar,abu wni,قرية أبو وني,36.6242533465,42.4649090942,225.0,1350.0,0.0,0.0,0.0,0.0,0.0,0.0,0.0,0.0,0.0,0.0,0.0,0.0,225.0,0.0,0.0,0.0,0.0,0.0,0.0,200.0,0.0,0.0,0.0,0.0,0.0,0.0,0.0,0.0,0.0,0.0,0.0,0.0,0.0,0.0,25.0,0.0,0.0,25.0,0.0,0.0,0.0,0.0,48.0,0.0,0.0,48.0,177.0,0.0,0.0,177.0,0.0,0.0,0.0,0.0,0.0,0.0,"Jan 19, 2017"
2487,2708059.0,17654.0,Ninewa,Telafar,amla,قرية عمله,36.6432179789,42.444310029,363.0,2178.0,0.0,0.0,0.0,0.0,0.0,0.0,0.0,0.0,0.0,0.0,0.0,0.0,363.0,0.0,0.0,0.0,0.0,0.0,0.0,310.0,0.0,0.0,0.0,0.0,0.0,0.0,0.0,0.0,0.0,0.0,0.0,0.0,0.0,0.0,53.0,0.0,0.0,53.0,0.0,0.0,0.0,0.0,0.0,0.0,0.0,0.0,363.0,0.0,0.0,363.0,0.0,0.0,0.0,0.0,0.0,0.0,"Jan 19, 2017"
2488,2708060.0,18031.0,Ninewa,Telafar,Bayr alhulu,قرية بئر الحلو,36.5514285468,42.2846428295,113.0,678.0,0.0,0.0,0.0,0.0,0.0,0.0,0.0,0.0,0.0,0.0,0.0,0.0,113.0,0.0,0.0,0.0,0.0,0.0,0.0,63.0,0.0,0.0,0.0,20.0,0.0,0.0,0.0,0.0,0.0,0.0,0.0,0.0,0.0,0.0,30.0,0.0,0.0,30.0,0.0,0.0,0.0,0.0,0.0,0.0,0.0,0.0,113.0,0.0,0.0,113.0,0.0,0.0,0.0,0.0,0.0,0.0,"Jan 19, 2017"
2489,2708061.0,17775.0,Ninewa,Telafar,Albughuh,قرية البوغه,36.5920129012,42.3889765972,33.0,198.0,0.0,0.0,0.0,0.0,0.0,0.0,0.0,0.0,0.0,0.0,0.0,0.0,33.0,0.0,0.0,0.0,0.0,0.0,0.0,23.0,0.0,0.0,0.0,0.0,0.0,0.0,0.0,0.0,0.0,0.0,0.0,0.0,0.0,0.0,10.0,0.0,0.0,10.0,0.0,0.0,0.0,0.0,0.0,0.0,10.0,0.0,23.0,10.0,0.0,23.0,0.0,0.0,0.0,0.0,0.0,0.0,"Jan 19, 2017"
2490,2708062.0,17674.0,Ninewa,Telafar,Albarghlih,قرية البرغليه,36.5912467704,42.3644174346,75.0,450.0,0.0,0.0,0.0,0.0,0.0,0.0,0.0,0.0,0.0,0.0,0.0,0.0,75.0,0.0,0.0,0.0,0.0,0.0,0.0,50.0,0.0,0.0,0.0,0.0,0.0,0.0,0.0,0.0,0.0,0.0,0.0,0.0,0.0,0.0,25.0,0.0,0.0,25.0,0.0,0.0,0.0,0.0,0.0,0.0,35.0,0.0,40.0,35.0,0.0,40.0,0.0,0.0,0.0,0.0,0.0,0.0,"Jan 19, 2017"
2491,2708063.0,18238.0,Ninewa,Telafar,Sahal albawghuh,قرية سحل البوغه,36.5765032933,42.379985685,43.0,258.0,0.0,0.0,0.0,0.0,0.0,0.0,0.0,0.0,0.0,0.0,0.0,0.0,43.0,0.0,0.0,0.0,0.0,0.0,0.0,43.0,0.0,0.0,0.0,0.0,0.0,0.0,0.0,0.0,0.0,0.0,0.0,0.0,0.0,0.0,0.0,0.0,0.0,0.0,0.0,0.0,0.0,0.0,0.0,0.0,20.0,0.0,23.0,20.0,0.0,23.0,0.0,0.0,0.0,0.0,0.0,0.0,"Jan 19, 2017"
2492,2708064.0,17637.0,Ninewa,Telafar,am Kahayef ,ام كهيف,36.584,42.3237,38.0,228.0,0.0,0.0,0.0,0.0,0.0,0.0,0.0,0.0,0.0,0.0,0.0,0.0,38.0,0.0,0.0,0.0,0.0,0.0,0.0,25.0,0.0,0.0,0.0,0.0,0.0,0.0,0.0,0.0,0.0,0.0,0.0,0.0,0.0,0.0,13.0,0.0,0.0,13.0,0.0,0.0,0.0,0.0,0.0,0.0,10.0,0.0,28.0,10.0,0.0,28.0,0.0,0.0,0.0,0.0,0.0,0.0,"Jan 19, 2017"
2493,2708065.0,17814.0,Ninewa,Telafar,Tal alhuaa,قرية تل الهوى,36.7491011216,42.3041719196,50.0,300.0,0.0,0.0,0.0,0.0,0.0,0.0,0.0,0.0,0.0,0.0,0.0,0.0,50.0,0.0,0.0,0.0,0.0,0.0,0.0,50.0,0.0,0.0,0.0,0.0,0.0,0.0,0.0,0.0,0.0,0.0,0.0,0.0,0.0,0.0,0.0,0.0,0.0,0.0,0.0,0.0,0.0,0.0,0.0,0.0,50.0,0.0,0.0,50.0,0.0,0.0,0.0,0.0,0.0,0.0,0.0,0.0,"Jan 19, 2017"
2494,2708066.0,18262.0,Ninewa,Telafar,abu khushub,قرية ابوخشب,36.7414438534,42.1217734426,25.0,150.0,0.0,0.0,0.0,0.0,0.0,0.0,0.0,0.0,0.0,0.0,0.0,0.0,25.0,0.0,0.0,0.0,0.0,0.0,0.0,25.0,0.0,0.0,0.0,0.0,0.0,0.0,0.0,0.0,0.0,0.0,0.0,0.0,0.0,0.0,0.0,0.0,0.0,0.0,0.0,0.0,0.0,0.0,0.0,0.0,25.0,0.0,0.0,25.0,0.0,0.0,0.0,0.0,0.0,0.0,0.0,0.0,"Jan 19, 2017"
2495,2708072.0,17762.0,Ninewa,Telafar,Bardiah complex,مجمع برديه,36.7992566448,42.4682401426,19.0,114.0,0.0,0.0,0.0,0.0,0.0,0.0,0.0,0.0,0.0,0.0,0.0,0.0,19.0,0.0,0.0,0.0,0.0,0.0,0.0,19.0,0.0,0.0,0.0,0.0,0.0,0.0,0.0,0.0,0.0,0.0,0.0,0.0,0.0,0.0,0.0,0.0,0.0,0.0,0.0,0.0,0.0,0.0,0.0,0.0,0.0,0.0,19.0,0.0,0.0,19.0,0.0,0.0,0.0,0.0,0.0,0.0,"Jan 19, 2017"
2496,2708077.0,28433.0,Ninewa,Telafar,Tal Alsimn Village,قرية تل السمن,36.4279568,42.6751302,50.0,300.0,0.0,0.0,0.0,0.0,0.0,0.0,0.0,0.0,0.0,0.0,0.0,0.0,50.0,0.0,0.0,0.0,0.0,0.0,0.0,50.0,0.0,0.0,0.0,0.0,0.0,0.0,0.0,0.0,0.0,0.0,0.0,0.0,0.0,0.0,0.0,0.0,0.0,0.0,0.0,0.0,0.0,0.0,0.0,0.0,0.0,0.0,50.0,0.0,0.0,50.0,0.0,0.0,0.0,0.0,0.0,0.0,"Jan 19, 2017"
2497,2708078.0,28437.0,Ninewa,Telafar,Almawmi vilage,قرية المومي,36.6268624861,42.047201629,73.0,438.0,0.0,0.0,0.0,0.0,0.0,0.0,0.0,0.0,0.0,0.0,0.0,0.0,73.0,0.0,0.0,0.0,0.0,0.0,0.0,73.0,0.0,0.0,0.0,0.0,0.0,0.0,0.0,0.0,0.0,0.0,0.0,0.0,0.0,0.0,0.0,0.0,0.0,0.0,0.0,0.0,0.0,0.0,0.0,0.0,15.0,0.0,43.0,15.0,15.0,43.0,0.0,15.0,0.0,0.0,0.0,0.0,"Jan 19, 2017"
2498,2708079.0,17657.0,Ninewa,Telafar,Abu Hajira vilage,قرية ابو حجيرة,36.762904624,42.2119050924,22.0,132.0,0.0,0.0,0.0,0.0,0.0,0.0,0.0,0.0,0.0,0.0,0.0,0.0,22.0,0.0,0.0,0.0,0.0,0.0,0.0,22.0,0.0,0.0,0.0,0.0,0.0,0.0,0.0,0.0,0.0,0.0,0.0,0.0,0.0,0.0,0.0,0.0,0.0,0.0,0.0,0.0,0.0,0.0,0.0,0.0,22.0,0.0,0.0,22.0,0.0,0.0,0.0,0.0,0.0,0.0,0.0,0.0,"Jan 19, 2017"
2499,2708080.0,28438.0,Ninewa,Telafar,Tal Hial vilage,قرية تل حيال,36.7939514849,42.1772325194,38.0,228.0,0.0,0.0,0.0,0.0,0.0,0.0,0.0,0.0,0.0,0.0,0.0,0.0,38.0,0.0,0.0,0.0,0.0,0.0,0.0,38.0,0.0,0.0,0.0,0.0,0.0,0.0,0.0,0.0,0.0,0.0,0.0,0.0,0.0,0.0,0.0,0.0,0.0,0.0,0.0,0.0,0.0,0.0,0.0,0.0,38.0,0.0,0.0,38.0,0.0,0.0,0.0,0.0,0.0,0.0,0.0,0.0,"Jan 19, 2017"
2500,2708081.0,28439.0,Ninewa,Telafar,Tal Talab vilage,قرية تل طلب,36.7458497146,42.2024575332,22.0,132.0,0.0,0.0,0.0,0.0,0.0,0.0,0.0,0.0,0.0,0.0,0.0,0.0,22.0,0.0,0.0,0.0,0.0,0.0,0.0,22.0,0.0,0.0,0.0,0.0,0.0,0.0,0.0,0.0,0.0,0.0,0.0,0.0,0.0,0.0,0.0,0.0,0.0,0.0,0.0,0.0,0.0,0.0,0.0,0.0,21.0,0.0,0.0,21.0,1.0,0.0,0.0,1.0,0.0,0.0,0.0,0.0,"Jan 19, 2017"
2501,2708082.0,28440.0,Ninewa,Telafar,Biir eakla vilage,قرية بئر عكلة,36.7971291634,42.2166009583,10.0,60.0,0.0,0.0,0.0,0.0,0.0,0.0,0.0,0.0,0.0,0.0,0.0,0.0,10.0,0.0,0.0,0.0,0.0,0.0,0.0,10.0,0.0,0.0,0.0,0.0,0.0,0.0,0.0,0.0,0.0,0.0,0.0,0.0,0.0,0.0,0.0,0.0,0.0,0.0,0.0,0.0,0.0,0.0,0.0,0.0,8.0,0.0,0.0,8.0,2.0,0.0,0.0,2.0,0.0,0.0,0.0,0.0,"Jan 19, 2017"
2502,2708083.0,28441.0,Ninewa,Telafar,Rajm hassn vilage,قرية رجم حسن,36.7151229878,42.075256351,12.0,72.0,0.0,0.0,0.0,0.0,0.0,0.0,0.0,0.0,0.0,0.0,0.0,0.0,12.0,0.0,0.0,0.0,0.0,0.0,0.0,12.0,0.0,0.0,0.0,0.0,0.0,0.0,0.0,0.0,0.0,0.0,0.0,0.0,0.0,0.0,0.0,0.0,0.0,0.0,0.0,0.0,0.0,0.0,0.0,0.0,11.0,0.0,0.0,11.0,1.0,0.0,0.0,1.0,0.0,0.0,0.0,0.0,"Jan 19, 2017"
2503,2708084.0,28442.0,Ninewa,Telafar,Mushah vilage,قرية موشة,36.7158319957,42.326310595,80.0,480.0,0.0,0.0,0.0,0.0,0.0,0.0,0.0,0.0,0.0,0.0,0.0,0.0,80.0,0.0,0.0,0.0,0.0,0.0,0.0,80.0,0.0,0.0,0.0,0.0,0.0,0.0,0.0,0.0,0.0,0.0,0.0,0.0,0.0,0.0,0.0,0.0,0.0,0.0,0.0,0.0,0.0,0.0,0.0,0.0,52.0,0.0,22.0,52.0,6.0,22.0,0.0,6.0,0.0,0.0,0.0,0.0,"Jan 19, 2017"
2504,2708086.0,28444.0,Ninewa,Telafar,Tal wardan vilage,قرية تل وردان,36.7163660008,42.3521438271,19.0,114.0,0.0,0.0,0.0,0.0,0.0,0.0,0.0,0.0,0.0,0.0,0.0,0.0,19.0,0.0,0.0,0.0,0.0,0.0,0.0,19.0,0.0,0.0,0.0,0.0,0.0,0.0,0.0,0.0,0.0,0.0,0.0,0.0,0.0,0.0,0.0,0.0,0.0,0.0,0.0,0.0,0.0,0.0,0.0,0.0,16.0,0.0,1.0,16.0,2.0,1.0,0.0,2.0,0.0,0.0,0.0,0.0,"Jan 19, 2017"
2505,2708089.0,28451.0,Ninewa,Telafar,Karsur vilage,قرية كرصور,36.732131762,42.389666318,86.0,516.0,0.0,0.0,0.0,0.0,0.0,0.0,0.0,0.0,0.0,0.0,0.0,0.0,86.0,0.0,0.0,0.0,0.0,0.0,0.0,86.0,0.0,0.0,0.0,0.0,0.0,0.0,0.0,0.0,0.0,0.0,0.0,0.0,0.0,0.0,0.0,0.0,0.0,0.0,0.0,0.0,0.0,0.0,0.0,0.0,68.0,0.0,12.0,68.0,6.0,12.0,0.0,6.0,0.0,0.0,0.0,0.0,"Jan 19, 2017"
2506,2708090.0,28450.0,Ninewa,Telafar,Ewaynat vilage,قرية عوينات,36.6809312231,42.4021966735,50.0,300.0,0.0,0.0,0.0,0.0,0.0,0.0,0.0,0.0,0.0,0.0,0.0,0.0,50.0,0.0,0.0,0.0,0.0,0.0,0.0,50.0,0.0,0.0,0.0,0.0,0.0,0.0,0.0,0.0,0.0,0.0,0.0,0.0,0.0,0.0,0.0,0.0,0.0,0.0,0.0,0.0,0.0,0.0,0.0,0.0,40.0,0.0,10.0,40.0,0.0,10.0,0.0,0.0,0.0,0.0,0.0,0.0,"Jan 19, 2017"
2507,2708091.0,17932.0,Ninewa,Telafar,Tal aldhdhahab,تل الذهب,36.5444817493,42.7457163939,460.0,2760.0,0.0,0.0,0.0,0.0,0.0,0.0,0.0,0.0,0.0,0.0,0.0,0.0,460.0,0.0,0.0,0.0,0.0,0.0,0.0,460.0,0.0,0.0,0.0,0.0,0.0,0.0,0.0,0.0,0.0,0.0,0.0,0.0,0.0,0.0,0.0,0.0,0.0,0.0,0.0,0.0,0.0,0.0,0.0,0.0,0.0,0.0,460.0,0.0,0.0,460.0,0.0,0.0,0.0,0.0,0.0,0.0,"Jan 19, 2017"
2508,2708092.0,22648.0,Ninewa,Telafar,Hdeimh,قرية هضمية,36.5353906023,42.7035951735,275.0,1650.0,0.0,0.0,0.0,0.0,0.0,0.0,0.0,0.0,0.0,0.0,0.0,0.0,275.0,0.0,0.0,0.0,0.0,0.0,0.0,275.0,0.0,0.0,0.0,0.0,0.0,0.0,0.0,0.0,0.0,0.0,0.0,0.0,0.0,0.0,0.0,0.0,0.0,0.0,0.0,0.0,0.0,0.0,0.0,0.0,0.0,0.0,275.0,0.0,0.0,275.0,0.0,0.0,0.0,0.0,0.0,0.0,"Jan 19, 2017"
2509,2708093.0,29559.0,Ninewa,Telafar,alsamud complex ,مجمع الصمود,36.7638737507,42.6021243641,73.0,438.0,0.0,0.0,0.0,0.0,0.0,0.0,0.0,0.0,0.0,0.0,0.0,0.0,73.0,0.0,0.0,0.0,0.0,0.0,0.0,0.0,73.0,0.0,0.0,0.0,0.0,0.0,0.0,0.0,0.0,0.0,0.0,0.0,0.0,0.0,0.0,0.0,0.0,0.0,0.0,0.0,0.0,0.0,0.0,0.0,73.0,0.0,0.0,73.0,0.0,0.0,0.0,0.0,0.0,0.0,0.0,0.0,"Jan 19, 2017"
2510,2708094.0,17728.0,Ninewa,Telafar,Al baswna vilage,قرية البزونة,36.6208328959,41.946331694,25.0,150.0,0.0,0.0,0.0,0.0,0.0,0.0,0.0,0.0,0.0,0.0,0.0,0.0,25.0,0.0,0.0,0.0,0.0,0.0,0.0,25.0,0.0,0.0,0.0,0.0,0.0,0.0,0.0,0.0,0.0,0.0,0.0,0.0,0.0,0.0,0.0,0.0,0.0,0.0,0.0,0.0,0.0,0.0,0.0,0.0,25.0,0.0,0.0,25.0,0.0,0.0,0.0,0.0,0.0,0.0,0.0,0.0,"Jan 19, 2017"
2511,2708095.0,17933.0,Ninewa,Telafar,Tel Reem,تل الريم,36.5104017569,42.6718647366,20.0,120.0,0.0,0.0,0.0,0.0,0.0,0.0,0.0,0.0,0.0,0.0,0.0,0.0,20.0,0.0,0.0,0.0,0.0,0.0,0.0,20.0,0.0,0.0,0.0,0.0,0.0,0.0,0.0,0.0,0.0,0.0,0.0,0.0,0.0,0.0,0.0,0.0,0.0,0.0,0.0,0.0,0.0,0.0,0.0,0.0,0.0,0.0,20.0,0.0,0.0,20.0,0.0,0.0,0.0,0.0,0.0,0.0,"Jan 19, 2017"
2512,2708098.0,29609.0,Ninewa,Telafar,Abu hajarah,ابو حجرة,36.586570874,42.2895090976,63.0,378.0,0.0,0.0,0.0,0.0,0.0,0.0,0.0,0.0,0.0,0.0,0.0,0.0,63.0,0.0,0.0,0.0,0.0,0.0,0.0,35.0,0.0,0.0,0.0,17.0,0.0,0.0,0.0,0.0,0.0,0.0,0.0,0.0,0.0,0.0,11.0,0.0,0.0,11.0,0.0,0.0,0.0,0.0,0.0,0.0,20.0,0.0,43.0,20.0,0.0,43.0,0.0,0.0,0.0,0.0,0.0,0.0,"Jan 19, 2017"
2513,2708099.0,29665.0,Ninewa,Telafar,Dano Village,دنو,36.6217725446,42.4774073608,10.0,60.0,0.0,0.0,0.0,0.0,0.0,0.0,0.0,0.0,0.0,0.0,0.0,0.0,10.0,0.0,0.0,0.0,0.0,0.0,0.0,0.0,0.0,0.0,0.0,0.0,0.0,0.0,0.0,0.0,0.0,0.0,0.0,0.0,10.0,0.0,0.0,10.0,0.0,0.0,0.0,0.0,0.0,0.0,0.0,0.0,0.0,0.0,0.0,0.0,0.0,0.0,10.0,0.0,0.0,10.0,0.0,0.0,"Jan 19, 2017"
2514,2709001.0,17590.0,Ninewa,Tilkaif,Ain Baqara,عين بقرة,36.6754750738,43.1946144544,18.0,108.0,0.0,0.0,0.0,0.0,0.0,0.0,0.0,0.0,0.0,0.0,0.0,0.0,18.0,0.0,0.0,0.0,0.0,0.0,0.0,18.0,0.0,0.0,0.0,0.0,0.0,0.0,0.0,0.0,0.0,0.0,0.0,0.0,0.0,0.0,0.0,0.0,0.0,0.0,0.0,0.0,0.0,0.0,18.0,0.0,0.0,18.0,0.0,0.0,0.0,0.0,0.0,0.0,0.0,0.0,0.0,0.0,"Jan 19, 2017"
2515,2709003.0,24600.0,Ninewa,Tilkaif,Al Qawsiyat,القوسيات,36.4444211569,43.0949080358,28.0,168.0,0.0,0.0,0.0,0.0,0.0,0.0,0.0,0.0,0.0,0.0,0.0,0.0,28.0,0.0,0.0,0.0,0.0,0.0,0.0,0.0,0.0,0.0,0.0,0.0,0.0,0.0,0.0,0.0,0.0,0.0,0.0,0.0,13.0,0.0,15.0,13.0,0.0,15.0,0.0,0.0,0.0,0.0,0.0,0.0,28.0,0.0,0.0,28.0,0.0,0.0,0.0,0.0,0.0,0.0,0.0,0.0,"Jan 19, 2017"
2516,2709004.0,24682.0,Ninewa,Tilkaif,Al Quba,القبة,36.4020888397,43.0439659223,251.0,1506.0,0.0,0.0,0.0,0.0,0.0,0.0,0.0,0.0,12.0,0.0,0.0,0.0,140.0,0.0,99.0,0.0,0.0,0.0,0.0,23.0,0.0,0.0,0.0,0.0,0.0,10.0,0.0,10.0,0.0,0.0,0.0,0.0,15.0,0.0,142.0,15.0,61.0,142.0,0.0,61.0,0.0,0.0,45.0,0.0,30.0,45.0,157.0,30.0,19.0,157.0,0.0,19.0,0.0,0.0,0.0,0.0,"Jan 19, 2017"
2517,2709005.0,17134.0,Ninewa,Tilkaif,Alqosh,القوش,36.731975,43.095524,490.0,2940.0,0.0,0.0,0.0,0.0,0.0,0.0,0.0,0.0,0.0,0.0,0.0,0.0,490.0,0.0,0.0,0.0,0.0,0.0,0.0,35.0,0.0,0.0,0.0,0.0,0.0,14.0,366.0,14.0,0.0,366.0,0.0,0.0,0.0,0.0,75.0,0.0,0.0,75.0,0.0,0.0,65.0,0.0,425.0,65.0,0.0,425.0,0.0,0.0,0.0,0.0,0.0,0.0,0.0,0.0,0.0,0.0,"Jan 19, 2017"
2518,2709006.0,16978.0,Ninewa,Tilkaif,Tafteyan,قرية تفتيان,36.698412,43.219862,24.0,144.0,0.0,0.0,0.0,0.0,0.0,0.0,0.0,0.0,0.0,0.0,0.0,0.0,24.0,0.0,0.0,0.0,0.0,0.0,0.0,18.0,0.0,0.0,0.0,3.0,0.0,0.0,0.0,0.0,0.0,0.0,0.0,0.0,0.0,0.0,3.0,0.0,0.0,3.0,0.0,0.0,0.0,0.0,24.0,0.0,0.0,24.0,0.0,0.0,0.0,0.0,0.0,0.0,0.0,0.0,0.0,0.0,"Jan 19, 2017"
2519,2709007.0,17077.0,Ninewa,Tilkaif,Bahindawa,بندوايا,36.7359180973,43.0402946235,42.0,252.0,0.0,0.0,0.0,0.0,0.0,0.0,0.0,0.0,0.0,0.0,0.0,0.0,42.0,0.0,0.0,0.0,0.0,0.0,0.0,42.0,0.0,0.0,0.0,0.0,0.0,0.0,0.0,0.0,0.0,0.0,0.0,0.0,0.0,0.0,0.0,0.0,0.0,0.0,0.0,0.0,6.0,0.0,36.0,6.0,0.0,36.0,0.0,0.0,0.0,0.0,0.0,0.0,0.0,0.0,0.0,0.0,"Jan 19, 2017"
2520,2709008.0,17569.0,Ninewa,Tilkaif,Beban,قرية بيبان,36.7005736607,43.1531024819,127.0,762.0,0.0,0.0,0.0,0.0,0.0,0.0,0.0,0.0,0.0,0.0,0.0,0.0,127.0,0.0,0.0,0.0,0.0,0.0,0.0,63.0,0.0,0.0,0.0,0.0,0.0,0.0,0.0,0.0,0.0,0.0,0.0,0.0,0.0,0.0,64.0,0.0,0.0,64.0,0.0,0.0,0.0,0.0,127.0,0.0,0.0,127.0,0.0,0.0,0.0,0.0,0.0,0.0,0.0,0.0,0.0,0.0,"Jan 19, 2017"
2521,2709009.0,24684.0,Ninewa,Tilkaif,Beerzwa,بيروزواة,36.6612278826,43.2422497229,28.0,168.0,0.0,0.0,0.0,0.0,0.0,0.0,0.0,0.0,0.0,0.0,0.0,0.0,28.0,0.0,0.0,0.0,0.0,0.0,0.0,28.0,0.0,0.0,0.0,0.0,0.0,0.0,0.0,0.0,0.0,0.0,0.0,0.0,0.0,0.0,0.0,0.0,0.0,0.0,0.0,0.0,9.0,0.0,19.0,9.0,0.0,19.0,0.0,0.0,0.0,0.0,0.0,0.0,0.0,0.0,0.0,0.0,"Jan 19, 2017"
2522,2709010.0,21603.0,Ninewa,Tilkaif,Baawiza,بعويزة,36.4335603196,43.1557870291,204.0,1224.0,0.0,0.0,0.0,0.0,0.0,0.0,0.0,0.0,0.0,0.0,0.0,0.0,60.0,0.0,144.0,0.0,0.0,0.0,0.0,10.0,0.0,5.0,0.0,0.0,5.0,0.0,0.0,0.0,0.0,0.0,0.0,0.0,21.0,0.0,131.0,21.0,37.0,131.0,0.0,37.0,0.0,0.0,0.0,0.0,33.0,0.0,171.0,33.0,0.0,171.0,0.0,0.0,0.0,0.0,0.0,0.0,"Jan 19, 2017"
2523,2709011.0,17570.0,Ninewa,Tilkaif,Bozan,قرية بوزان,36.7332446181,43.1276245722,499.0,2994.0,0.0,0.0,0.0,0.0,0.0,0.0,0.0,0.0,0.0,0.0,0.0,0.0,499.0,0.0,0.0,0.0,0.0,0.0,0.0,290.0,0.0,0.0,0.0,0.0,0.0,9.0,0.0,9.0,0.0,0.0,0.0,0.0,6.0,0.0,194.0,6.0,0.0,194.0,0.0,0.0,0.0,0.0,499.0,0.0,0.0,499.0,0.0,0.0,0.0,0.0,0.0,0.0,0.0,0.0,0.0,0.0,"Jan 19, 2017"
2524,2709012.0,17080.0,Ninewa,Tilkaif,Dahkan,دهكان كبير ,36.7414222277,43.0049481682,16.0,96.0,0.0,0.0,0.0,0.0,0.0,0.0,0.0,0.0,0.0,0.0,0.0,0.0,16.0,0.0,0.0,0.0,0.0,0.0,0.0,0.0,0.0,0.0,0.0,0.0,0.0,0.0,0.0,0.0,0.0,0.0,0.0,0.0,0.0,0.0,16.0,0.0,0.0,16.0,0.0,0.0,0.0,0.0,16.0,0.0,0.0,16.0,0.0,0.0,0.0,0.0,0.0,0.0,0.0,0.0,0.0,0.0,"Jan 19, 2017"
2525,2709013.0,25500.0,Ninewa,Tilkaif,Dahkan Sageer,دهكان صغير,36.7447357808,42.9617006539,1.0,6.0,0.0,0.0,0.0,0.0,0.0,0.0,0.0,0.0,0.0,0.0,0.0,0.0,1.0,0.0,0.0,0.0,0.0,0.0,0.0,1.0,0.0,0.0,0.0,0.0,0.0,0.0,0.0,0.0,0.0,0.0,0.0,0.0,0.0,0.0,0.0,0.0,0.0,0.0,0.0,0.0,0.0,0.0,1.0,0.0,0.0,1.0,0.0,0.0,0.0,0.0,0.0,0.0,0.0,0.0,0.0,0.0,"Jan 19, 2017"
2526,2709014.0,24683.0,Ninewa,Tilkaif,Dashqutan,داشقوتان,36.6567844968,43.2181061505,16.0,96.0,0.0,0.0,0.0,0.0,0.0,0.0,0.0,0.0,0.0,0.0,0.0,0.0,16.0,0.0,0.0,0.0,0.0,0.0,0.0,16.0,0.0,0.0,0.0,0.0,0.0,0.0,0.0,0.0,0.0,0.0,0.0,0.0,0.0,0.0,0.0,0.0,0.0,0.0,0.0,0.0,0.0,0.0,16.0,0.0,0.0,16.0,0.0,0.0,0.0,0.0,0.0,0.0,0.0,0.0,0.0,0.0,"Jan 19, 2017"
2527,2709017.0,21604.0,Ninewa,Tilkaif,Doghat,قرية دوغات,36.643557,43.113388,8.0,48.0,0.0,0.0,0.0,0.0,0.0,0.0,0.0,0.0,0.0,0.0,0.0,0.0,8.0,0.0,0.0,0.0,0.0,0.0,0.0,8.0,0.0,0.0,0.0,0.0,0.0,0.0,0.0,0.0,0.0,0.0,0.0,0.0,0.0,0.0,0.0,0.0,0.0,0.0,0.0,0.0,0.0,0.0,8.0,0.0,0.0,8.0,0.0,0.0,0.0,0.0,0.0,0.0,0.0,0.0,0.0,0.0,"Jan 19, 2017"
2528,2709018.0,24797.0,Ninewa,Tilkaif,Garmawa,مخيم كرماوه,36.646940274,43.2381587753,1215.0,7290.0,0.0,0.0,0.0,0.0,0.0,0.0,0.0,0.0,0.0,0.0,0.0,0.0,1215.0,0.0,0.0,0.0,0.0,0.0,1215.0,0.0,0.0,0.0,0.0,0.0,0.0,0.0,0.0,0.0,0.0,0.0,0.0,0.0,0.0,0.0,0.0,0.0,0.0,0.0,0.0,0.0,0.0,0.0,86.0,0.0,0.0,86.0,866.0,0.0,263.0,866.0,0.0,263.0,0.0,0.0,0.0,0.0,"Jan 19, 2017"
2529,2709020.0,23606.0,Ninewa,Tilkaif,Jabir Ben Hayan,جابر بن حيان,36.460661,42.985285,95.0,570.0,0.0,0.0,0.0,0.0,0.0,0.0,0.0,0.0,0.0,0.0,0.0,0.0,95.0,0.0,0.0,0.0,0.0,0.0,0.0,0.0,0.0,0.0,0.0,0.0,0.0,0.0,0.0,0.0,0.0,0.0,0.0,0.0,0.0,0.0,95.0,0.0,0.0,95.0,0.0,0.0,0.0,0.0,0.0,0.0,95.0,0.0,0.0,95.0,0.0,0.0,0.0,0.0,0.0,0.0,0.0,0.0,"Jan 19, 2017"
2530,2709021.0,24703.0,Ninewa,Tilkaif,Jambour Village,قرية جمبور,36.712698,42.952601,120.0,720.0,0.0,0.0,0.0,0.0,0.0,0.0,0.0,0.0,0.0,0.0,0.0,0.0,120.0,0.0,0.0,0.0,0.0,0.0,0.0,105.0,0.0,0.0,0.0,0.0,0.0,0.0,10.0,0.0,0.0,10.0,0.0,0.0,0.0,0.0,5.0,0.0,0.0,5.0,0.0,0.0,5.0,0.0,115.0,5.0,0.0,115.0,0.0,0.0,0.0,0.0,0.0,0.0,0.0,0.0,0.0,0.0,"Jan 19, 2017"
2531,2709022.0,17830.0,Ninewa,Tilkaif,Jarahiya,الجراحية,36.7017795993,43.2130272227,44.0,264.0,0.0,0.0,0.0,0.0,0.0,0.0,0.0,0.0,0.0,0.0,0.0,0.0,44.0,0.0,0.0,0.0,0.0,0.0,0.0,36.0,0.0,0.0,0.0,0.0,0.0,0.0,0.0,0.0,0.0,0.0,0.0,0.0,0.0,0.0,8.0,0.0,0.0,8.0,0.0,0.0,0.0,0.0,44.0,0.0,0.0,44.0,0.0,0.0,0.0,0.0,0.0,0.0,0.0,0.0,0.0,0.0,"Jan 19, 2017"
2532,2709023.0,26019.0,Ninewa,Tilkaif,Jarghan,جرغان,36.6297134787,43.2547998478,37.0,222.0,0.0,0.0,0.0,0.0,0.0,0.0,0.0,0.0,0.0,0.0,0.0,0.0,37.0,0.0,0.0,0.0,0.0,0.0,0.0,17.0,0.0,0.0,0.0,0.0,0.0,0.0,0.0,0.0,0.0,0.0,0.0,0.0,0.0,0.0,20.0,0.0,0.0,20.0,0.0,0.0,0.0,0.0,33.0,0.0,0.0,33.0,4.0,0.0,0.0,4.0,0.0,0.0,0.0,0.0,0.0,0.0,"Jan 19, 2017"
2533,2709024.0,25278.0,Ninewa,Tilkaif,Kabara,قرية كابارة,36.6978394865,43.2225241158,15.0,90.0,0.0,0.0,0.0,0.0,0.0,0.0,0.0,0.0,0.0,0.0,0.0,0.0,15.0,0.0,0.0,0.0,0.0,0.0,0.0,12.0,0.0,0.0,0.0,0.0,0.0,0.0,0.0,0.0,0.0,0.0,0.0,0.0,0.0,0.0,3.0,0.0,0.0,3.0,0.0,0.0,0.0,0.0,15.0,0.0,0.0,15.0,0.0,0.0,0.0,0.0,0.0,0.0,0.0,0.0,0.0,0.0,"Jan 19, 2017"
2534,2709025.0,24637.0,Ninewa,Tilkaif,Kalata Farhan village,قرية كلاتة فرحان(طماشة),36.5957309352,43.2103379875,201.0,1206.0,0.0,0.0,0.0,0.0,0.0,0.0,0.0,0.0,0.0,0.0,0.0,0.0,201.0,0.0,0.0,0.0,0.0,0.0,0.0,148.0,0.0,0.0,0.0,0.0,0.0,0.0,0.0,0.0,0.0,0.0,0.0,0.0,0.0,0.0,53.0,0.0,0.0,53.0,0.0,0.0,0.0,0.0,60.0,0.0,80.0,60.0,61.0,80.0,0.0,61.0,0.0,0.0,0.0,0.0,0.0,0.0,"Jan 19, 2017"
2535,2709026.0,17602.0,Ninewa,Tilkaif,Kany-Sheren,كاني شيرين,36.564261,43.032031,24.0,144.0,0.0,0.0,0.0,0.0,0.0,0.0,0.0,0.0,0.0,0.0,0.0,0.0,24.0,0.0,0.0,0.0,0.0,0.0,0.0,24.0,0.0,0.0,0.0,0.0,0.0,0.0,0.0,0.0,0.0,0.0,0.0,0.0,0.0,0.0,0.0,0.0,0.0,0.0,0.0,0.0,15.0,0.0,9.0,15.0,0.0,9.0,0.0,0.0,0.0,0.0,0.0,0.0,0.0,0.0,0.0,0.0,"Jan 19, 2017"
2536,2709027.0,18379.0,Ninewa,Tilkaif,Karanjik,كرنجوك,36.6733593055,43.2156826683,7.0,42.0,0.0,0.0,0.0,0.0,0.0,0.0,0.0,0.0,0.0,0.0,0.0,0.0,7.0,0.0,0.0,0.0,0.0,0.0,0.0,7.0,0.0,0.0,0.0,0.0,0.0,0.0,0.0,0.0,0.0,0.0,0.0,0.0,0.0,0.0,0.0,0.0,0.0,0.0,0.0,0.0,0.0,0.0,7.0,0.0,0.0,7.0,0.0,0.0,0.0,0.0,0.0,0.0,0.0,0.0,0.0,0.0,"Jan 19, 2017"
2537,2709028.0,24685.0,Ninewa,Tilkaif,Karmawa,كرماوة,36.6428513327,43.2340965343,11.0,66.0,0.0,0.0,0.0,0.0,0.0,0.0,0.0,0.0,0.0,0.0,0.0,0.0,11.0,0.0,0.0,0.0,0.0,0.0,0.0,10.0,0.0,0.0,0.0,0.0,0.0,0.0,1.0,0.0,0.0,1.0,0.0,0.0,0.0,0.0,0.0,0.0,0.0,0.0,0.0,0.0,0.0,0.0,11.0,0.0,0.0,11.0,0.0,0.0,0.0,0.0,0.0,0.0,0.0,0.0,0.0,0.0,"Jan 19, 2017"
2538,2709029.0,17564.0,Ninewa,Tilkaif,Khorazan,قرية خورازان,36.695143,43.220559,9.0,54.0,0.0,0.0,0.0,0.0,0.0,0.0,0.0,0.0,0.0,0.0,0.0,0.0,9.0,0.0,0.0,0.0,0.0,0.0,0.0,9.0,0.0,0.0,0.0,0.0,0.0,0.0,0.0,0.0,0.0,0.0,0.0,0.0,0.0,0.0,0.0,0.0,0.0,0.0,0.0,0.0,0.0,0.0,9.0,0.0,0.0,9.0,0.0,0.0,0.0,0.0,0.0,0.0,0.0,0.0,0.0,0.0,"Jan 19, 2017"
2539,2709030.0,17849.0,Ninewa,Tilkaif,Khoshaba,قرية خوشابا ,36.6274218154,43.1753764289,2.0,12.0,0.0,0.0,0.0,0.0,0.0,0.0,0.0,0.0,0.0,0.0,0.0,0.0,2.0,0.0,0.0,0.0,0.0,0.0,0.0,2.0,0.0,0.0,0.0,0.0,0.0,0.0,0.0,0.0,0.0,0.0,0.0,0.0,0.0,0.0,0.0,0.0,0.0,0.0,0.0,0.0,0.0,0.0,2.0,0.0,0.0,2.0,0.0,0.0,0.0,0.0,0.0,0.0,0.0,0.0,0.0,0.0,"Jan 19, 2017"
2540,2709031.0,18380.0,Ninewa,Tilkaif,Nasiriah,النصيرية,36.6990905022,43.2192923013,62.0,372.0,0.0,0.0,0.0,0.0,0.0,0.0,0.0,0.0,0.0,0.0,0.0,0.0,62.0,0.0,0.0,0.0,0.0,0.0,0.0,37.0,0.0,0.0,0.0,0.0,0.0,0.0,0.0,0.0,0.0,0.0,0.0,0.0,0.0,0.0,25.0,0.0,0.0,25.0,0.0,0.0,0.0,0.0,62.0,0.0,0.0,62.0,0.0,0.0,0.0,0.0,0.0,0.0,0.0,0.0,0.0,0.0,"Jan 19, 2017"
2541,2709032.0,25368.0,Ninewa,Tilkaif,Pabera Complex,مجمع بابيرة,36.6324847988,42.9845914829,29.0,174.0,0.0,0.0,0.0,0.0,0.0,0.0,0.0,0.0,0.0,0.0,0.0,0.0,29.0,0.0,0.0,0.0,0.0,0.0,0.0,29.0,0.0,0.0,0.0,0.0,0.0,0.0,0.0,0.0,0.0,0.0,0.0,0.0,0.0,0.0,0.0,0.0,0.0,0.0,0.0,0.0,0.0,0.0,29.0,0.0,0.0,29.0,0.0,0.0,0.0,0.0,0.0,0.0,0.0,0.0,0.0,0.0,"Jan 19, 2017"
2542,2709033.0,18055.0,Ninewa,Tilkaif,Hatara,حتارة,36.6597502928,43.0487589401,126.0,756.0,0.0,0.0,0.0,0.0,0.0,0.0,0.0,0.0,0.0,0.0,0.0,0.0,126.0,0.0,0.0,0.0,0.0,0.0,0.0,44.0,0.0,0.0,0.0,0.0,0.0,0.0,0.0,0.0,0.0,0.0,0.0,0.0,0.0,0.0,82.0,0.0,0.0,82.0,0.0,0.0,0.0,0.0,126.0,0.0,0.0,126.0,0.0,0.0,0.0,0.0,0.0,0.0,0.0,0.0,0.0,0.0,"Jan 19, 2017"
2543,2709034.0,17551.0,Ninewa,Tilkaif,Sarishka,قرية سريشكا,36.63567,43.147485,11.0,66.0,0.0,0.0,0.0,0.0,0.0,0.0,0.0,0.0,0.0,0.0,0.0,0.0,11.0,0.0,0.0,0.0,0.0,0.0,0.0,11.0,0.0,0.0,0.0,0.0,0.0,0.0,0.0,0.0,0.0,0.0,0.0,0.0,0.0,0.0,0.0,0.0,0.0,0.0,0.0,0.0,0.0,0.0,11.0,0.0,0.0,11.0,0.0,0.0,0.0,0.0,0.0,0.0,0.0,0.0,0.0,0.0,"Jan 19, 2017"
2544,2709035.0,26017.0,Ninewa,Tilkaif,Sendank Olya,سندانك عليا,36.6242647053,43.2220044379,45.0,270.0,0.0,0.0,0.0,0.0,0.0,0.0,0.0,0.0,0.0,0.0,0.0,0.0,45.0,0.0,0.0,0.0,0.0,0.0,0.0,40.0,0.0,0.0,0.0,0.0,0.0,0.0,0.0,0.0,0.0,0.0,0.0,0.0,0.0,0.0,5.0,0.0,0.0,5.0,0.0,0.0,4.0,0.0,26.0,4.0,0.0,26.0,15.0,0.0,0.0,15.0,0.0,0.0,0.0,0.0,0.0,0.0,"Jan 19, 2017"
2545,2709036.0,26018.0,Ninewa,Tilkaif,Sendank Sofla,سندانك سفلى,36.6128033919,43.2219420845,61.0,366.0,0.0,0.0,0.0,0.0,0.0,0.0,0.0,0.0,0.0,0.0,0.0,0.0,61.0,0.0,0.0,0.0,0.0,0.0,0.0,29.0,0.0,0.0,0.0,0.0,0.0,0.0,0.0,0.0,0.0,0.0,0.0,0.0,5.0,0.0,27.0,5.0,0.0,27.0,0.0,0.0,0.0,0.0,30.0,0.0,0.0,30.0,31.0,0.0,0.0,31.0,0.0,0.0,0.0,0.0,0.0,0.0,"Jan 19, 2017"
2546,2709037.0,25277.0,Ninewa,Tilkaif,Sharafiya,قرية الشرفية,36.6894575348,43.0927627108,78.0,468.0,0.0,0.0,0.0,0.0,0.0,0.0,0.0,0.0,0.0,0.0,0.0,0.0,78.0,0.0,0.0,0.0,0.0,0.0,0.0,0.0,0.0,0.0,0.0,0.0,0.0,0.0,78.0,0.0,0.0,78.0,0.0,0.0,0.0,0.0,0.0,0.0,0.0,0.0,0.0,0.0,0.0,0.0,78.0,0.0,0.0,78.0,0.0,0.0,0.0,0.0,0.0,0.0,0.0,0.0,0.0,0.0,"Jan 19, 2017"
2547,2709038.0,22365.0,Ninewa,Tilkaif,Shaykhaka,قرية شيخكة,36.6900263957,43.1628015763,270.0,1620.0,0.0,0.0,0.0,0.0,0.0,0.0,0.0,0.0,0.0,0.0,0.0,0.0,270.0,0.0,0.0,0.0,0.0,0.0,0.0,137.0,0.0,0.0,0.0,1.0,0.0,0.0,20.0,0.0,0.0,20.0,0.0,0.0,1.0,0.0,111.0,1.0,0.0,111.0,0.0,0.0,0.0,0.0,270.0,0.0,0.0,270.0,0.0,0.0,0.0,0.0,0.0,0.0,0.0,0.0,0.0,0.0,"Jan 19, 2017"
2548,2709040.0,17133.0,Ninewa,Tilkaif,wanna center,مركز وانة,36.535585072,42.7599794164,119.0,714.0,0.0,0.0,0.0,0.0,0.0,0.0,0.0,0.0,0.0,0.0,0.0,0.0,119.0,0.0,0.0,0.0,0.0,0.0,0.0,100.0,0.0,0.0,0.0,0.0,0.0,0.0,19.0,0.0,0.0,19.0,0.0,0.0,0.0,0.0,0.0,0.0,0.0,0.0,0.0,0.0,0.0,0.0,0.0,0.0,0.0,0.0,109.0,0.0,10.0,109.0,0.0,10.0,0.0,0.0,0.0,0.0,"Jan 19, 2017"
2549,2709041.0,18046.0,Ninewa,Tilkaif,Manara,منارة,36.6154239989,42.9899302446,148.0,888.0,0.0,0.0,0.0,0.0,0.0,0.0,0.0,0.0,0.0,0.0,0.0,0.0,148.0,0.0,0.0,0.0,0.0,0.0,0.0,120.0,0.0,0.0,0.0,0.0,0.0,0.0,13.0,0.0,0.0,13.0,0.0,0.0,0.0,0.0,15.0,0.0,0.0,15.0,0.0,0.0,0.0,0.0,148.0,0.0,0.0,148.0,0.0,0.0,0.0,0.0,0.0,0.0,0.0,0.0,0.0,0.0,"Jan 19, 2017"
2550,2709042.0,17931.0,Ninewa,Tilkaif,Tal Adas,تل عدس,36.60841,42.98357,170.0,1020.0,0.0,0.0,0.0,0.0,0.0,0.0,0.0,0.0,0.0,0.0,0.0,0.0,170.0,0.0,0.0,0.0,0.0,0.0,0.0,160.0,0.0,0.0,0.0,0.0,0.0,0.0,0.0,0.0,0.0,0.0,0.0,0.0,0.0,0.0,10.0,0.0,0.0,10.0,0.0,0.0,110.0,0.0,60.0,110.0,0.0,60.0,0.0,0.0,0.0,0.0,0.0,0.0,0.0,0.0,0.0,0.0,"Jan 19, 2017"
2551,2709053.0,17949.0,Ninewa,Tilkaif,Derston,دير ستون ,36.678912,43.014885,92.0,552.0,0.0,0.0,0.0,0.0,0.0,0.0,0.0,0.0,0.0,0.0,0.0,0.0,92.0,0.0,0.0,0.0,0.0,0.0,0.0,30.0,0.0,0.0,0.0,0.0,0.0,0.0,0.0,0.0,0.0,0.0,0.0,0.0,15.0,0.0,47.0,15.0,0.0,47.0,0.0,0.0,0.0,0.0,92.0,0.0,0.0,92.0,0.0,0.0,0.0,0.0,0.0,0.0,0.0,0.0,0.0,0.0,"Jan 19, 2017"
2552,2801001.0,20746.0,Salah al-Din,Al-Daur,Al-Khadhra area,حي الخضراء,34.47699,43.790377746,6.0,36.0,0.0,0.0,0.0,0.0,0.0,0.0,0.0,0.0,0.0,0.0,0.0,0.0,0.0,0.0,6.0,0.0,0.0,0.0,0.0,0.0,0.0,0.0,0.0,0.0,0.0,0.0,6.0,0.0,0.0,6.0,0.0,0.0,0.0,0.0,0.0,0.0,0.0,0.0,0.0,0.0,0.0,0.0,0.0,0.0,0.0,0.0,0.0,0.0,0.0,0.0,6.0,0.0,0.0,6.0,0.0,0.0,"Jan 19, 2017"
2553,2801002.0,20584.0,Salah al-Din,Al-Daur,Door Al Gharbiya,وادي جباش الغربية سكن متناثر,34.4527,43.8002,6.0,36.0,0.0,0.0,0.0,0.0,0.0,0.0,0.0,0.0,0.0,0.0,0.0,0.0,0.0,0.0,6.0,0.0,0.0,0.0,0.0,0.0,0.0,0.0,0.0,0.0,0.0,0.0,0.0,0.0,0.0,0.0,0.0,0.0,4.0,0.0,0.0,4.0,2.0,0.0,0.0,2.0,0.0,0.0,0.0,0.0,0.0,0.0,0.0,0.0,4.0,0.0,2.0,4.0,0.0,2.0,0.0,0.0,"Jan 19, 2017"
2554,2801003.0,24620.0,Salah al-Din,Al-Daur,Hay Alsharqiah-Mahalla 112,حي الشرقية محلة 112,34.45633,43.78917,12.0,72.0,0.0,0.0,0.0,0.0,0.0,0.0,0.0,0.0,0.0,0.0,0.0,0.0,0.0,0.0,12.0,0.0,0.0,0.0,0.0,0.0,0.0,0.0,0.0,0.0,0.0,0.0,12.0,0.0,0.0,12.0,0.0,0.0,0.0,0.0,0.0,0.0,0.0,0.0,0.0,0.0,0.0,0.0,0.0,0.0,0.0,0.0,0.0,0.0,0.0,0.0,12.0,0.0,0.0,12.0,0.0,0.0,"Jan 19, 2017"
2555,2801004.0,24619.0,Salah al-Din,Al-Daur,Hay Mohammad Aldorri-Mhalla 107,محمد الدري محلة 107,34.46088,43.790154499,6.0,36.0,0.0,0.0,0.0,0.0,0.0,0.0,0.0,0.0,0.0,0.0,0.0,0.0,0.0,0.0,6.0,0.0,0.0,0.0,0.0,0.0,0.0,0.0,0.0,0.0,0.0,0.0,6.0,0.0,0.0,6.0,0.0,0.0,0.0,0.0,0.0,0.0,0.0,0.0,0.0,0.0,0.0,0.0,0.0,0.0,0.0,0.0,0.0,0.0,0.0,0.0,6.0,0.0,0.0,6.0,0.0,0.0,"Jan 19, 2017"
2556,2801015.0,26116.0,Salah al-Din,Al-Daur,Al Mujammaa Al Sakani,المجمع السكني,34.4093972,43.789427446,272.0,1632.0,0.0,0.0,0.0,0.0,0.0,0.0,0.0,0.0,145.0,0.0,0.0,0.0,2.0,0.0,125.0,0.0,0.0,0.0,0.0,63.0,0.0,0.0,0.0,0.0,0.0,0.0,209.0,0.0,0.0,209.0,0.0,0.0,0.0,0.0,0.0,0.0,0.0,0.0,0.0,0.0,0.0,0.0,0.0,0.0,0.0,0.0,0.0,0.0,60.0,0.0,212.0,60.0,0.0,212.0,0.0,0.0,"Jan 19, 2017"
2557,2801021.0,26077.0,Salah al-Din,Al-Daur,Hay Tal Al Banat,حي تل البنات,34.4476367,43.798894973,62.0,372.0,0.0,0.0,0.0,0.0,0.0,0.0,0.0,0.0,38.0,0.0,0.0,0.0,0.0,0.0,24.0,0.0,0.0,0.0,0.0,0.0,0.0,0.0,0.0,0.0,0.0,0.0,62.0,0.0,0.0,62.0,0.0,0.0,0.0,0.0,0.0,0.0,0.0,0.0,0.0,0.0,0.0,0.0,0.0,0.0,0.0,0.0,0.0,0.0,4.0,0.0,58.0,4.0,0.0,58.0,0.0,0.0,"Jan 19, 2017"
2558,2801022.0,20713.0,Salah al-Din,Al-Daur,Hay Al Qadisiah,حي القادسية,34.473313,43.791331379,17.0,102.0,0.0,0.0,0.0,0.0,0.0,0.0,0.0,0.0,0.0,0.0,0.0,0.0,0.0,0.0,17.0,0.0,0.0,0.0,0.0,0.0,0.0,0.0,0.0,0.0,0.0,0.0,17.0,0.0,0.0,17.0,0.0,0.0,0.0,0.0,0.0,0.0,0.0,0.0,0.0,0.0,0.0,0.0,0.0,0.0,0.0,0.0,0.0,0.0,0.0,0.0,17.0,0.0,0.0,17.0,0.0,0.0,"Jan 19, 2017"
2559,2802003.0,23300.0,Salah al-Din,Al-Shirqat,Al Fajir village(Al Tasni),قرية الفجر,35.4394603427,43.2197617887,133.0,798.0,0.0,0.0,0.0,0.0,0.0,0.0,0.0,0.0,5.0,0.0,0.0,0.0,30.0,0.0,98.0,0.0,0.0,0.0,0.0,90.0,0.0,43.0,0.0,0.0,43.0,0.0,0.0,0.0,0.0,0.0,0.0,0.0,0.0,0.0,0.0,0.0,0.0,0.0,0.0,0.0,0.0,0.0,0.0,0.0,0.0,0.0,0.0,0.0,100.0,0.0,33.0,100.0,0.0,33.0,0.0,0.0,"Jan 19, 2017"
2560,2802005.0,24667.0,Salah al-Din,Al-Shirqat,Al Khasim Al-Jaded village-Al qlisat,قرية الخصم الجديدة(القليصات),35.4728990654,43.2399348489,377.0,2262.0,0.0,0.0,0.0,0.0,0.0,0.0,0.0,0.0,77.0,0.0,0.0,0.0,0.0,0.0,300.0,0.0,0.0,0.0,0.0,77.0,0.0,0.0,0.0,0.0,0.0,0.0,100.0,0.0,0.0,100.0,0.0,0.0,0.0,0.0,200.0,0.0,0.0,200.0,0.0,0.0,0.0,0.0,0.0,0.0,0.0,0.0,0.0,0.0,0.0,0.0,377.0,0.0,0.0,377.0,0.0,0.0,"Jan 19, 2017"
2561,2802007.0,21005.0,Salah al-Din,Al-Shirqat,Hay Al Jumiala,حي الجميلة,35.4924684204,43.2399480804,1010.0,6060.0,0.0,0.0,0.0,0.0,0.0,0.0,0.0,0.0,30.0,0.0,0.0,0.0,0.0,0.0,980.0,0.0,0.0,0.0,0.0,0.0,0.0,0.0,0.0,0.0,0.0,0.0,882.0,0.0,0.0,882.0,0.0,0.0,0.0,0.0,128.0,0.0,0.0,128.0,0.0,0.0,0.0,0.0,0.0,0.0,0.0,0.0,0.0,0.0,798.0,0.0,212.0,798.0,0.0,212.0,0.0,0.0,"Jan 19, 2017"
2562,2802008.0,20392.0,Salah al-Din,Al-Shirqat,Al Khadraniyah,قرية الخضرانية,35.6081209565,43.2419127654,55.0,330.0,0.0,0.0,0.0,0.0,0.0,0.0,0.0,0.0,10.0,0.0,0.0,0.0,0.0,0.0,45.0,0.0,0.0,0.0,0.0,10.0,0.0,40.0,0.0,0.0,40.0,0.0,5.0,0.0,0.0,5.0,0.0,0.0,0.0,0.0,0.0,0.0,0.0,0.0,0.0,0.0,0.0,0.0,0.0,0.0,0.0,0.0,0.0,0.0,0.0,0.0,55.0,0.0,0.0,55.0,0.0,0.0,"Jan 19, 2017"
2563,2802009.0,21002.0,Salah al-Din,Al-Shirqat,Al Khanuga village,قرية الخانوكة,35.394071457,43.2562212044,900.0,5400.0,0.0,0.0,0.0,0.0,0.0,0.0,0.0,0.0,0.0,0.0,0.0,0.0,0.0,0.0,900.0,0.0,0.0,0.0,0.0,100.0,0.0,0.0,0.0,0.0,0.0,0.0,800.0,0.0,0.0,800.0,0.0,0.0,0.0,0.0,0.0,0.0,0.0,0.0,0.0,0.0,900.0,0.0,0.0,900.0,0.0,0.0,0.0,0.0,0.0,0.0,0.0,0.0,0.0,0.0,0.0,0.0,"Jan 19, 2017"
2564,2802013.0,20395.0,Salah al-Din,Al-Shirqat,Baaja,حاوي بعاجه حاوي-حضر,35.5443241121,43.2248358708,571.0,3426.0,4.0,0.0,0.0,0.0,0.0,0.0,0.0,0.0,16.0,0.0,0.0,0.0,0.0,0.0,551.0,0.0,0.0,0.0,0.0,240.0,0.0,121.0,0.0,0.0,121.0,0.0,0.0,0.0,0.0,0.0,0.0,0.0,0.0,0.0,210.0,0.0,0.0,210.0,4.0,0.0,0.0,4.0,0.0,0.0,0.0,0.0,0.0,0.0,0.0,0.0,567.0,0.0,0.0,567.0,0.0,0.0,"Jan 19, 2017"
2565,2802015.0,21004.0,Salah al-Din,Al-Shirqat,Hay Al Askari,الحي العسكري,35.5158826802,43.2401432688,678.0,4068.0,0.0,0.0,0.0,0.0,0.0,0.0,0.0,0.0,5.0,0.0,0.0,0.0,0.0,0.0,673.0,0.0,0.0,0.0,0.0,0.0,100.0,0.0,0.0,0.0,0.0,0.0,78.0,0.0,0.0,78.0,0.0,0.0,0.0,0.0,500.0,0.0,0.0,500.0,0.0,0.0,0.0,0.0,0.0,0.0,0.0,0.0,0.0,0.0,0.0,0.0,678.0,0.0,0.0,678.0,0.0,0.0,"Jan 19, 2017"
2566,2802016.0,24210.0,Salah al-Din,Al-Shirqat,Hay Al Qasbah,حي القصبة,35.5229680287,43.2359055988,603.0,3618.0,0.0,0.0,0.0,0.0,0.0,0.0,0.0,0.0,3.0,0.0,0.0,0.0,0.0,0.0,600.0,0.0,0.0,0.0,0.0,120.0,0.0,458.0,0.0,0.0,458.0,0.0,25.0,0.0,0.0,25.0,0.0,0.0,0.0,0.0,0.0,0.0,0.0,0.0,0.0,0.0,3.0,0.0,0.0,3.0,0.0,0.0,0.0,0.0,0.0,0.0,600.0,0.0,0.0,600.0,0.0,0.0,"Jan 19, 2017"
2567,2802017.0,24246.0,Salah al-Din,Al-Shirqat,Hay Al Ziraa,حي الزراعه,35.5039812578,43.246247219,50.0,300.0,0.0,0.0,0.0,0.0,0.0,0.0,0.0,0.0,0.0,0.0,0.0,0.0,0.0,0.0,50.0,0.0,0.0,0.0,0.0,50.0,0.0,0.0,0.0,0.0,0.0,0.0,0.0,0.0,0.0,0.0,0.0,0.0,0.0,0.0,0.0,0.0,0.0,0.0,0.0,0.0,50.0,0.0,0.0,50.0,0.0,0.0,0.0,0.0,0.0,0.0,0.0,0.0,0.0,0.0,0.0,0.0,"Jan 19, 2017"
2568,2802018.0,20403.0,Salah al-Din,Al-Shirqat,Huriyah al jazerah-Al-Aboud,قرية العبود,35.5739769805,43.230924717,21.0,126.0,0.0,0.0,0.0,0.0,0.0,0.0,0.0,0.0,4.0,0.0,0.0,0.0,0.0,0.0,17.0,0.0,0.0,0.0,0.0,0.0,17.0,4.0,0.0,0.0,4.0,0.0,0.0,0.0,0.0,0.0,0.0,0.0,0.0,0.0,0.0,0.0,0.0,0.0,0.0,0.0,0.0,0.0,0.0,0.0,0.0,0.0,0.0,0.0,0.0,0.0,21.0,0.0,0.0,21.0,0.0,0.0,"Jan 19, 2017"
2569,2802025.0,20991.0,Salah al-Din,Al-Shirqat,Qaryat Al Sabkha,قرية الصبخة,35.4707442457,43.2463239457,257.0,1542.0,16.0,0.0,0.0,0.0,0.0,0.0,0.0,0.0,0.0,0.0,0.0,0.0,0.0,0.0,241.0,0.0,0.0,0.0,0.0,60.0,0.0,157.0,0.0,0.0,157.0,0.0,40.0,0.0,0.0,40.0,0.0,0.0,0.0,0.0,0.0,0.0,0.0,0.0,16.0,0.0,84.0,16.0,0.0,84.0,0.0,0.0,0.0,0.0,0.0,0.0,157.0,0.0,0.0,157.0,0.0,0.0,"Jan 19, 2017"
2570,2802028.0,21006.0,Salah al-Din,Al-Shirqat,Tal Al Jumiala area,تل بعاجة 1 وتل اجميلة ,35.5109178275,43.2337180374,407.0,2442.0,10.0,0.0,0.0,0.0,0.0,0.0,0.0,0.0,0.0,0.0,0.0,0.0,0.0,0.0,397.0,0.0,0.0,0.0,0.0,60.0,0.0,297.0,0.0,0.0,297.0,0.0,30.0,0.0,0.0,30.0,0.0,0.0,10.0,0.0,10.0,10.0,0.0,10.0,10.0,0.0,40.0,10.0,50.0,40.0,0.0,50.0,0.0,0.0,0.0,0.0,307.0,0.0,0.0,307.0,0.0,0.0,"Jan 19, 2017"
2571,2802032.0,29650.0,Salah al-Din,Al-Shirqat,Al-Horya Al-Qadema village,قرية الحورية القديمة,35.5944911437,43.2408091574,242.0,1452.0,0.0,0.0,0.0,0.0,0.0,0.0,0.0,0.0,66.0,0.0,0.0,0.0,0.0,0.0,176.0,0.0,0.0,0.0,0.0,0.0,0.0,0.0,0.0,0.0,0.0,0.0,66.0,0.0,0.0,66.0,0.0,0.0,0.0,0.0,176.0,0.0,0.0,176.0,0.0,0.0,0.0,0.0,0.0,0.0,0.0,0.0,0.0,0.0,0.0,0.0,242.0,0.0,0.0,242.0,0.0,0.0,"Jan 19, 2017"
2572,2802033.0,29651.0,Salah al-Din,Al-Shirqat,Al-Qalaa Village,قرية القلعة,35.4598665889,43.2511713641,57.0,342.0,0.0,0.0,0.0,0.0,0.0,0.0,0.0,0.0,7.0,0.0,0.0,0.0,0.0,0.0,50.0,0.0,0.0,0.0,0.0,0.0,0.0,20.0,0.0,0.0,20.0,0.0,27.0,0.0,0.0,27.0,0.0,0.0,0.0,0.0,10.0,0.0,0.0,10.0,0.0,0.0,0.0,0.0,0.0,0.0,0.0,0.0,0.0,0.0,0.0,0.0,57.0,0.0,0.0,57.0,0.0,0.0,"Jan 19, 2017"
2573,2802034.0,21955.0,Salah al-Din,Al-Shirqat,Hay Al-Khasim Al-Qadem village,قرية الخصم القديمة,35.4860995989,43.2413645053,233.0,1398.0,0.0,0.0,0.0,0.0,0.0,0.0,0.0,0.0,0.0,0.0,0.0,0.0,0.0,0.0,233.0,0.0,0.0,0.0,0.0,0.0,0.0,233.0,0.0,0.0,233.0,0.0,0.0,0.0,0.0,0.0,0.0,0.0,0.0,0.0,0.0,0.0,0.0,0.0,0.0,0.0,0.0,0.0,0.0,0.0,0.0,0.0,0.0,0.0,0.0,0.0,233.0,0.0,0.0,233.0,0.0,0.0,"Jan 19, 2017"
2574,2802035.0,29653.0,Salah al-Din,Al-Shirqat,Al-Qudus,القدس,35.536968573,43.2263397519,215.0,1290.0,0.0,0.0,0.0,0.0,0.0,0.0,0.0,0.0,23.0,0.0,0.0,0.0,0.0,0.0,192.0,0.0,0.0,0.0,0.0,15.0,0.0,192.0,0.0,0.0,192.0,0.0,8.0,0.0,0.0,8.0,0.0,0.0,0.0,0.0,0.0,0.0,0.0,0.0,0.0,0.0,0.0,0.0,0.0,0.0,0.0,0.0,0.0,0.0,0.0,0.0,215.0,0.0,0.0,215.0,0.0,0.0,"Jan 19, 2017"
2575,2802036.0,21349.0,Salah al-Din,Al-Shirqat,Al-Swedan Village,قرية سويدان,35.6225353153,43.2408311866,6.0,36.0,0.0,0.0,0.0,0.0,0.0,0.0,0.0,0.0,4.0,0.0,0.0,0.0,0.0,0.0,2.0,0.0,0.0,0.0,0.0,0.0,0.0,6.0,0.0,0.0,6.0,0.0,0.0,0.0,0.0,0.0,0.0,0.0,0.0,0.0,0.0,0.0,0.0,0.0,0.0,0.0,0.0,0.0,0.0,0.0,0.0,0.0,0.0,0.0,0.0,0.0,6.0,0.0,0.0,6.0,0.0,0.0,"Jan 19, 2017"
2576,2802037.0,29654.0,Salah al-Din,Al-Shirqat,Hay Al-Baladyat,حي البلديات,35.5388353067,43.2241769694,180.0,1080.0,0.0,0.0,0.0,0.0,0.0,0.0,0.0,0.0,0.0,0.0,0.0,0.0,0.0,0.0,180.0,0.0,0.0,0.0,0.0,80.0,0.0,100.0,0.0,0.0,100.0,0.0,0.0,0.0,0.0,0.0,0.0,0.0,0.0,0.0,0.0,0.0,0.0,0.0,0.0,0.0,0.0,0.0,0.0,0.0,0.0,0.0,0.0,0.0,0.0,0.0,180.0,0.0,0.0,180.0,0.0,0.0,"Jan 19, 2017"
2577,2802038.0,29655.0,Salah al-Din,Al-Shirqat,Hay Tal Baajah,حي تل بعاجة,35.5268902564,43.2282270212,287.0,1722.0,0.0,0.0,0.0,0.0,0.0,0.0,0.0,0.0,0.0,0.0,0.0,0.0,0.0,0.0,287.0,0.0,0.0,0.0,0.0,0.0,0.0,100.0,0.0,0.0,100.0,0.0,0.0,0.0,0.0,0.0,0.0,0.0,0.0,0.0,187.0,0.0,0.0,187.0,0.0,0.0,0.0,0.0,0.0,0.0,0.0,0.0,0.0,0.0,0.0,0.0,287.0,0.0,0.0,287.0,0.0,0.0,"Jan 19, 2017"
2578,2802039.0,20389.0,Salah al-Din,Al-Shirqat,Al-Ayitha Village,قريةالعيثة(جرناف شرقي),35.6262965268,43.2345158373,68.0,408.0,0.0,0.0,0.0,0.0,0.0,0.0,0.0,0.0,2.0,0.0,0.0,0.0,0.0,0.0,66.0,0.0,0.0,0.0,0.0,46.0,0.0,20.0,0.0,0.0,20.0,0.0,0.0,0.0,0.0,0.0,0.0,0.0,0.0,0.0,2.0,0.0,0.0,2.0,0.0,0.0,0.0,0.0,0.0,0.0,0.0,0.0,0.0,0.0,0.0,0.0,68.0,0.0,0.0,68.0,0.0,0.0,"Jan 19, 2017"
2579,2803001.0,24304.0,Salah al-Din,Baiji,Al Mushhaq Village,قرية المسحك,35.185783,43.413113425,150.0,900.0,0.0,0.0,0.0,0.0,0.0,0.0,0.0,0.0,0.0,0.0,0.0,0.0,0.0,0.0,150.0,0.0,0.0,0.0,0.0,70.0,0.0,0.0,0.0,0.0,0.0,10.0,10.0,10.0,0.0,10.0,0.0,0.0,30.0,0.0,30.0,30.0,0.0,30.0,0.0,0.0,150.0,0.0,0.0,150.0,0.0,0.0,0.0,0.0,0.0,0.0,0.0,0.0,0.0,0.0,0.0,0.0,"Jan 19, 2017"
2580,2803002.0,24305.0,Salah al-Din,Baiji,Al Namel Village,قرية النمل,34.333402,43.349432021,100.0,600.0,0.0,0.0,0.0,0.0,0.0,0.0,0.0,0.0,0.0,0.0,0.0,0.0,0.0,0.0,100.0,0.0,0.0,0.0,0.0,30.0,0.0,0.0,0.0,0.0,0.0,15.0,10.0,15.0,0.0,10.0,0.0,0.0,10.0,0.0,35.0,10.0,0.0,35.0,0.0,0.0,100.0,0.0,0.0,100.0,0.0,0.0,0.0,0.0,0.0,0.0,0.0,0.0,0.0,0.0,0.0,0.0,"Jan 19, 2017"
2581,2803007.0,20686.0,Salah al-Din,Baiji,Jireesh village,قرية جريش,34.885238,43.510834,117.0,702.0,0.0,0.0,0.0,0.0,0.0,0.0,0.0,0.0,0.0,0.0,0.0,0.0,0.0,0.0,117.0,0.0,0.0,0.0,0.0,28.0,0.0,89.0,0.0,0.0,89.0,0.0,0.0,0.0,0.0,0.0,0.0,0.0,0.0,0.0,0.0,0.0,0.0,0.0,0.0,0.0,0.0,0.0,0.0,0.0,0.0,0.0,0.0,0.0,117.0,0.0,0.0,117.0,0.0,0.0,0.0,0.0,"Jan 19, 2017"
2582,2803008.0,22958.0,Salah al-Din,Baiji,Maslakha Al Sufla(Shikh Abdula village),قرية الشيخ عبدالله,34.081697,43.522957,100.0,600.0,0.0,0.0,0.0,0.0,0.0,0.0,0.0,0.0,0.0,0.0,0.0,0.0,0.0,0.0,100.0,0.0,0.0,0.0,0.0,55.0,0.0,0.0,0.0,0.0,0.0,10.0,5.0,10.0,0.0,5.0,0.0,0.0,10.0,0.0,20.0,10.0,0.0,20.0,0.0,0.0,100.0,0.0,0.0,100.0,0.0,0.0,0.0,0.0,0.0,0.0,0.0,0.0,0.0,0.0,0.0,0.0,"Jan 19, 2017"
2583,2803009.0,22959.0,Salah al-Din,Baiji,Maslakha Al Ulya,قرية المصلخة عليا,35.090911,43.51989,40.0,240.0,0.0,0.0,0.0,0.0,0.0,0.0,0.0,0.0,0.0,0.0,0.0,0.0,0.0,0.0,40.0,0.0,0.0,0.0,0.0,15.0,0.0,0.0,0.0,0.0,0.0,0.0,5.0,0.0,0.0,5.0,0.0,0.0,5.0,0.0,15.0,5.0,0.0,15.0,0.0,0.0,40.0,0.0,0.0,40.0,0.0,0.0,0.0,0.0,0.0,0.0,0.0,0.0,0.0,0.0,0.0,0.0,"Jan 19, 2017"
2584,2803010.0,22813.0,Salah al-Din,Baiji,Qaryat Al Sareen,مقاطعة 13 الحجاج والجيسات قرية الصرين,34.862259693,43.4955863149,375.0,2250.0,0.0,0.0,0.0,0.0,0.0,0.0,0.0,0.0,150.0,0.0,0.0,0.0,0.0,0.0,225.0,0.0,0.0,0.0,0.0,25.0,0.0,250.0,0.0,0.0,250.0,0.0,0.0,0.0,0.0,0.0,0.0,0.0,0.0,0.0,100.0,0.0,0.0,100.0,0.0,0.0,0.0,0.0,0.0,0.0,0.0,0.0,325.0,0.0,50.0,325.0,0.0,50.0,0.0,0.0,0.0,0.0,"Jan 19, 2017"
2585,2803015.0,25706.0,Salah al-Din,Baiji,Albu Tuama Village,قرية البوطعمة,34.8214578596,43.5192379742,408.0,2448.0,0.0,0.0,0.0,0.0,0.0,0.0,0.0,0.0,0.0,0.0,0.0,0.0,120.0,0.0,288.0,0.0,0.0,0.0,0.0,120.0,0.0,70.0,0.0,0.0,70.0,0.0,98.0,0.0,0.0,98.0,0.0,0.0,50.0,0.0,70.0,50.0,0.0,70.0,0.0,0.0,0.0,0.0,142.0,0.0,56.0,142.0,0.0,56.0,202.0,0.0,8.0,202.0,0.0,8.0,0.0,0.0,"Jan 19, 2017"
2586,2803016.0,23388.0,Salah al-Din,Baiji,Al Hamra village,قرية الحمرة,34.75922381,43.6055522379,91.0,546.0,0.0,0.0,0.0,0.0,0.0,0.0,0.0,0.0,5.0,0.0,0.0,0.0,0.0,0.0,86.0,0.0,0.0,0.0,0.0,44.0,0.0,27.0,0.0,0.0,27.0,0.0,20.0,0.0,0.0,20.0,0.0,0.0,0.0,0.0,0.0,0.0,0.0,0.0,0.0,0.0,29.0,0.0,11.0,29.0,0.0,11.0,0.0,0.0,51.0,0.0,0.0,51.0,0.0,0.0,0.0,0.0,"Jan 19, 2017"
2587,2803017.0,25921.0,Salah al-Din,Baiji,Al Hejaj Village-13,مقاطعة 13 الحجاج والجيسات-قرية الحجاج,34.8278145042,43.5064845847,338.0,2028.0,0.0,0.0,0.0,0.0,0.0,0.0,0.0,0.0,186.0,0.0,0.0,0.0,0.0,0.0,152.0,0.0,0.0,0.0,186.0,20.0,0.0,32.0,0.0,0.0,32.0,15.0,20.0,15.0,0.0,20.0,0.0,0.0,0.0,0.0,65.0,0.0,0.0,65.0,0.0,0.0,0.0,0.0,0.0,0.0,0.0,0.0,0.0,0.0,338.0,0.0,0.0,338.0,0.0,0.0,0.0,0.0,"Jan 19, 2017"
2588,2803018.0,20655.0,Salah al-Din,Baiji,Al Mazraa Village,قرية المزرعة,34.886529,43.4907899561,75.0,450.0,0.0,0.0,0.0,0.0,0.0,0.0,0.0,0.0,0.0,0.0,0.0,0.0,0.0,0.0,75.0,0.0,0.0,0.0,0.0,75.0,0.0,0.0,0.0,0.0,0.0,0.0,0.0,0.0,0.0,0.0,0.0,0.0,0.0,0.0,0.0,0.0,0.0,0.0,0.0,0.0,0.0,0.0,30.0,0.0,0.0,30.0,0.0,0.0,45.0,0.0,0.0,45.0,0.0,0.0,0.0,0.0,"Jan 19, 2017"
2589,2804001.0,23140.0,Salah al-Din,Balad,Al Hardaniyah,قرية الحردانية ,34.0724020833,44.1567057163,409.0,2454.0,0.0,0.0,0.0,0.0,0.0,0.0,0.0,0.0,0.0,0.0,0.0,0.0,0.0,0.0,409.0,0.0,0.0,0.0,0.0,75.0,0.0,207.0,0.0,0.0,207.0,0.0,27.0,0.0,0.0,27.0,0.0,0.0,0.0,0.0,100.0,0.0,0.0,100.0,0.0,0.0,170.0,0.0,239.0,170.0,0.0,239.0,0.0,0.0,0.0,0.0,0.0,0.0,0.0,0.0,0.0,0.0,"Jan 19, 2017"
2590,2804002.0,26020.0,Salah al-Din,Balad,Al Mashrooa Village,قرية المشروع,34.0568443614,44.2580746477,75.0,450.0,0.0,0.0,0.0,0.0,0.0,0.0,0.0,0.0,0.0,0.0,0.0,0.0,0.0,0.0,75.0,0.0,0.0,0.0,0.0,20.0,0.0,0.0,0.0,0.0,0.0,0.0,30.0,0.0,0.0,30.0,0.0,0.0,0.0,0.0,25.0,0.0,0.0,25.0,0.0,0.0,0.0,0.0,0.0,0.0,75.0,0.0,0.0,75.0,0.0,0.0,0.0,0.0,0.0,0.0,0.0,0.0,"Jan 19, 2017"
2591,2804004.0,20771.0,Salah al-Din,Balad,Albu Farraj Village,قرية البو فراج,34.0861281075,44.1909774285,325.0,1950.0,0.0,0.0,0.0,0.0,0.0,0.0,0.0,0.0,0.0,0.0,0.0,0.0,0.0,0.0,325.0,0.0,0.0,0.0,0.0,50.0,0.0,63.0,0.0,0.0,63.0,32.0,60.0,32.0,0.0,60.0,0.0,0.0,0.0,0.0,100.0,0.0,20.0,100.0,0.0,20.0,0.0,0.0,100.0,0.0,175.0,100.0,50.0,175.0,0.0,50.0,0.0,0.0,0.0,0.0,0.0,0.0,"Jan 19, 2017"
2592,2804005.0,20767.0,Salah al-Din,Balad,Albu Jewari,محلة البو جواري,34.0600252537,44.2180074159,410.0,2460.0,35.0,0.0,0.0,0.0,0.0,0.0,0.0,0.0,0.0,0.0,0.0,0.0,25.0,0.0,350.0,0.0,0.0,0.0,0.0,13.0,0.0,33.0,0.0,0.0,33.0,0.0,58.0,0.0,0.0,58.0,0.0,0.0,150.0,0.0,80.0,150.0,76.0,80.0,0.0,76.0,0.0,0.0,0.0,0.0,335.0,0.0,0.0,335.0,75.0,0.0,0.0,75.0,0.0,0.0,0.0,0.0,"Jan 19, 2017"
2593,2804006.0,25742.0,Salah al-Din,Balad,Al-Duloeyah-Hay Al Jubor,محلة الجبور الاولى,34.0325560855,44.2311162399,801.0,4806.0,0.0,0.0,0.0,0.0,0.0,0.0,0.0,0.0,87.0,0.0,0.0,0.0,0.0,0.0,714.0,0.0,0.0,0.0,0.0,0.0,0.0,87.0,0.0,0.0,87.0,0.0,354.0,0.0,0.0,354.0,0.0,0.0,0.0,0.0,204.0,0.0,156.0,204.0,0.0,156.0,0.0,0.0,0.0,0.0,314.0,0.0,400.0,314.0,0.0,400.0,87.0,0.0,0.0,87.0,0.0,0.0,"Jan 19, 2017"
2594,2804007.0,20770.0,Salah al-Din,Balad,Al-Duloeyah-Hay khazraj,محلة خزرج,34.0480818869,44.218840531,240.0,1440.0,0.0,0.0,0.0,0.0,0.0,0.0,0.0,0.0,0.0,0.0,0.0,0.0,0.0,0.0,240.0,0.0,0.0,0.0,0.0,22.0,0.0,18.0,0.0,0.0,18.0,0.0,77.0,0.0,0.0,77.0,0.0,0.0,0.0,0.0,73.0,0.0,50.0,73.0,0.0,50.0,0.0,0.0,0.0,0.0,240.0,0.0,0.0,240.0,0.0,0.0,0.0,0.0,0.0,0.0,0.0,0.0,"Jan 19, 2017"
2595,2804009.0,20773.0,Salah al-Din,Balad,Beshakan village,قرية بيشكان,34.0344334928,44.282596919,242.0,1452.0,0.0,0.0,0.0,0.0,0.0,0.0,0.0,0.0,30.0,0.0,0.0,0.0,0.0,0.0,212.0,0.0,0.0,0.0,0.0,25.0,0.0,0.0,0.0,0.0,0.0,0.0,80.0,0.0,0.0,80.0,0.0,0.0,0.0,0.0,93.0,0.0,44.0,93.0,0.0,44.0,0.0,0.0,112.0,0.0,100.0,112.0,0.0,100.0,0.0,0.0,30.0,0.0,0.0,30.0,0.0,0.0,"Jan 19, 2017"
2596,2804010.0,26021.0,Salah al-Din,Balad,Gbeabah Village,قرية كبيبه,34.0755817919,44.2853381244,150.0,900.0,0.0,0.0,0.0,0.0,0.0,0.0,0.0,0.0,0.0,0.0,0.0,0.0,0.0,0.0,150.0,0.0,0.0,0.0,0.0,30.0,0.0,20.0,0.0,0.0,20.0,0.0,40.0,0.0,0.0,40.0,0.0,0.0,0.0,0.0,60.0,0.0,0.0,60.0,0.0,0.0,0.0,0.0,0.0,0.0,150.0,0.0,0.0,150.0,0.0,0.0,0.0,0.0,0.0,0.0,0.0,0.0,"Jan 19, 2017"
2597,2804011.0,25918.0,Salah al-Din,Balad,Hallub,هلوب,34.03935539,44.05185784,170.0,1020.0,0.0,0.0,0.0,0.0,0.0,0.0,0.0,0.0,0.0,0.0,0.0,0.0,0.0,0.0,170.0,0.0,0.0,0.0,0.0,0.0,0.0,73.0,0.0,7.0,73.0,0.0,75.0,0.0,0.0,75.0,0.0,0.0,0.0,0.0,15.0,0.0,0.0,15.0,0.0,0.0,0.0,0.0,0.0,0.0,85.0,0.0,85.0,85.0,0.0,85.0,0.0,0.0,0.0,0.0,0.0,0.0,"Jan 19, 2017"
2598,2804013.0,22065.0,Salah al-Din,Balad,Mahalla-Abu Sefa-1,محلة ابو صفة م(15)محلة ابو صفة-1,34.0292271236,44.0429888536,793.0,4758.0,0.0,0.0,0.0,0.0,0.0,0.0,0.0,0.0,0.0,0.0,0.0,0.0,0.0,0.0,793.0,0.0,0.0,0.0,0.0,0.0,0.0,266.0,0.0,0.0,266.0,0.0,172.0,0.0,0.0,172.0,0.0,0.0,0.0,0.0,355.0,0.0,0.0,355.0,27.0,0.0,0.0,27.0,0.0,0.0,68.0,0.0,698.0,68.0,0.0,698.0,0.0,0.0,0.0,0.0,0.0,0.0,"Jan 19, 2017"
2599,2804016.0,20921.0,Salah al-Din,Balad,Al-Juboor Village,قرية الجبور والحويجة ا,34.0325276543,44.2065177974,150.0,900.0,0.0,0.0,0.0,0.0,0.0,0.0,0.0,0.0,0.0,0.0,0.0,0.0,0.0,0.0,150.0,0.0,0.0,0.0,0.0,12.0,0.0,17.0,0.0,0.0,17.0,0.0,40.0,0.0,0.0,40.0,0.0,0.0,0.0,0.0,55.0,0.0,26.0,55.0,0.0,26.0,0.0,0.0,0.0,0.0,65.0,0.0,85.0,65.0,0.0,85.0,0.0,0.0,0.0,0.0,0.0,0.0,"Jan 19, 2017"
2600,2804019.0,29600.0,Salah al-Din,Balad,Al Hardaniyah Camp,مخيم الحردانية,34.0723813164,44.1551638199,273.0,1638.0,0.0,0.0,0.0,0.0,0.0,0.0,0.0,0.0,0.0,0.0,0.0,0.0,0.0,0.0,273.0,0.0,0.0,0.0,273.0,0.0,0.0,0.0,0.0,0.0,0.0,0.0,0.0,0.0,0.0,0.0,0.0,0.0,0.0,0.0,0.0,0.0,0.0,0.0,0.0,0.0,0.0,0.0,273.0,0.0,0.0,273.0,0.0,0.0,0.0,0.0,0.0,0.0,0.0,0.0,0.0,0.0,"Jan 19, 2017"
2601,2804020.0,29601.0,Salah al-Din,Balad,Eshaqi Complex,مجمع الاسحاقي,34.0486060435,43.9826586698,513.0,3078.0,0.0,0.0,0.0,0.0,0.0,0.0,0.0,0.0,0.0,0.0,0.0,0.0,0.0,0.0,513.0,0.0,0.0,0.0,513.0,0.0,0.0,0.0,0.0,0.0,0.0,0.0,0.0,0.0,0.0,0.0,0.0,0.0,0.0,0.0,0.0,0.0,0.0,0.0,0.0,0.0,0.0,0.0,0.0,0.0,197.0,0.0,316.0,197.0,0.0,316.0,0.0,0.0,0.0,0.0,0.0,0.0,"Jan 19, 2017"
2602,2805001.0,20981.0,Salah al-Din,Al-Fares,14 Ramadhan,قرية 14 رمضان,33.740893,44.267094,25.0,150.0,0.0,0.0,0.0,0.0,0.0,0.0,0.0,0.0,0.0,0.0,0.0,0.0,25.0,0.0,0.0,0.0,0.0,0.0,0.0,0.0,0.0,0.0,0.0,0.0,0.0,0.0,25.0,0.0,0.0,25.0,0.0,0.0,0.0,0.0,0.0,0.0,0.0,0.0,0.0,0.0,25.0,0.0,0.0,25.0,0.0,0.0,0.0,0.0,0.0,0.0,0.0,0.0,0.0,0.0,0.0,0.0,"Jan 19, 2017"
2603,2805004.0,25916.0,Salah al-Din,Al-Fares,Al Sejla village,قرية السجلة,33.90931473,44.1980154,125.0,750.0,75.0,0.0,0.0,0.0,0.0,0.0,0.0,0.0,0.0,0.0,0.0,0.0,0.0,0.0,50.0,0.0,0.0,0.0,0.0,20.0,0.0,0.0,0.0,0.0,0.0,0.0,50.0,0.0,0.0,50.0,0.0,0.0,0.0,0.0,55.0,0.0,0.0,55.0,60.0,0.0,0.0,60.0,0.0,0.0,65.0,0.0,0.0,65.0,0.0,0.0,0.0,0.0,0.0,0.0,0.0,0.0,"Jan 19, 2017"
2604,2805005.0,25917.0,Salah al-Din,Al-Fares,Al Zuheari Village,قرية الزهيري,33.7703370793,44.2919568847,105.0,630.0,30.0,0.0,0.0,0.0,0.0,0.0,0.0,0.0,0.0,0.0,0.0,0.0,0.0,0.0,75.0,0.0,0.0,0.0,0.0,10.0,0.0,30.0,0.0,0.0,30.0,0.0,40.0,0.0,0.0,40.0,0.0,0.0,0.0,0.0,25.0,0.0,0.0,25.0,0.0,0.0,0.0,0.0,0.0,0.0,88.0,0.0,17.0,88.0,0.0,17.0,0.0,0.0,0.0,0.0,0.0,0.0,"Jan 19, 2017"
2605,2805006.0,25946.0,Salah al-Din,Al-Fares,Albu Mejwel Village,قرية البو مجول,33.80071055,44.25564674,150.0,900.0,0.0,0.0,0.0,0.0,0.0,0.0,0.0,0.0,0.0,0.0,0.0,0.0,0.0,0.0,150.0,0.0,0.0,0.0,0.0,25.0,0.0,0.0,0.0,0.0,0.0,0.0,125.0,0.0,0.0,125.0,0.0,0.0,0.0,0.0,0.0,0.0,0.0,0.0,0.0,0.0,0.0,0.0,0.0,0.0,0.0,0.0,150.0,0.0,0.0,150.0,0.0,0.0,0.0,0.0,0.0,0.0,"Jan 19, 2017"
2606,2805008.0,25947.0,Salah al-Din,Al-Fares,Bezna Village,قرية بزنة,33.90924349,44.18353,175.0,1050.0,0.0,0.0,0.0,0.0,0.0,0.0,0.0,0.0,0.0,0.0,0.0,0.0,0.0,0.0,175.0,0.0,0.0,0.0,0.0,12.0,0.0,10.0,0.0,0.0,10.0,0.0,65.0,0.0,0.0,65.0,0.0,0.0,0.0,0.0,45.0,0.0,43.0,45.0,67.0,43.0,108.0,67.0,0.0,108.0,0.0,0.0,0.0,0.0,0.0,0.0,0.0,0.0,0.0,0.0,0.0,0.0,"Jan 19, 2017"
2607,2805010.0,23920.0,Salah al-Din,Al-Fares,Hay Al Hussien,حي الحسين,33.8429637242,44.2416826132,200.0,1200.0,0.0,0.0,0.0,0.0,0.0,0.0,0.0,0.0,125.0,0.0,0.0,0.0,0.0,0.0,75.0,0.0,0.0,0.0,0.0,0.0,0.0,0.0,0.0,0.0,0.0,0.0,110.0,0.0,0.0,110.0,0.0,0.0,0.0,0.0,90.0,0.0,0.0,90.0,0.0,0.0,0.0,0.0,0.0,0.0,0.0,0.0,200.0,0.0,0.0,200.0,0.0,0.0,0.0,0.0,0.0,0.0,"Jan 19, 2017"
2608,2805013.0,25743.0,Salah al-Din,Al-Fares,Hay Al Wihda Mahala 102,محلة 102,33.8519141288,44.2261033464,150.0,900.0,0.0,0.0,0.0,0.0,0.0,0.0,0.0,0.0,0.0,0.0,0.0,0.0,0.0,0.0,150.0,0.0,0.0,0.0,0.0,0.0,0.0,0.0,0.0,0.0,0.0,0.0,150.0,0.0,0.0,150.0,0.0,0.0,0.0,0.0,0.0,0.0,0.0,0.0,0.0,0.0,0.0,0.0,76.0,0.0,74.0,76.0,0.0,74.0,0.0,0.0,0.0,0.0,0.0,0.0,0.0,0.0,"Jan 19, 2017"
2609,2805014.0,23913.0,Salah al-Din,Al-Fares,Hay al Zahraa 204,حي الزهراء م(9-تل مسكين)محلة 204,33.8385149134,44.2476823233,109.0,654.0,34.0,0.0,0.0,0.0,0.0,0.0,0.0,0.0,0.0,0.0,0.0,0.0,0.0,0.0,75.0,0.0,0.0,0.0,0.0,17.0,0.0,0.0,0.0,0.0,0.0,0.0,92.0,0.0,0.0,92.0,0.0,0.0,0.0,0.0,0.0,0.0,0.0,0.0,0.0,0.0,0.0,0.0,0.0,0.0,88.0,0.0,21.0,88.0,0.0,21.0,0.0,0.0,0.0,0.0,0.0,0.0,"Jan 19, 2017"
2610,2805016.0,25747.0,Salah al-Din,Al-Fares,Markaz Al-Dujeel-Al Shabab village,قرية الشباب,33.7731058076,44.3054492293,275.0,1650.0,0.0,0.0,0.0,0.0,0.0,0.0,0.0,0.0,75.0,0.0,0.0,0.0,0.0,0.0,200.0,0.0,0.0,0.0,0.0,0.0,0.0,0.0,0.0,0.0,0.0,0.0,200.0,0.0,0.0,200.0,0.0,0.0,0.0,0.0,75.0,0.0,0.0,75.0,0.0,0.0,0.0,0.0,0.0,0.0,150.0,0.0,125.0,150.0,0.0,125.0,0.0,0.0,0.0,0.0,0.0,0.0,"Jan 19, 2017"
2611,2805017.0,25744.0,Salah al-Din,Al-Fares,Markaz Al-Dujeel-Hay Al Askari,محلة 209,33.81935878,44.26208986,300.0,1800.0,125.0,0.0,0.0,0.0,0.0,0.0,0.0,0.0,0.0,0.0,0.0,0.0,0.0,0.0,175.0,0.0,0.0,0.0,0.0,15.0,0.0,50.0,0.0,0.0,50.0,0.0,135.0,0.0,0.0,135.0,0.0,0.0,0.0,0.0,100.0,0.0,0.0,100.0,0.0,0.0,0.0,0.0,50.0,0.0,250.0,50.0,0.0,250.0,0.0,0.0,0.0,0.0,0.0,0.0,0.0,0.0,"Jan 19, 2017"
2612,2805018.0,25746.0,Salah al-Din,Al-Fares,Markaz Al-Dujeel-Hay Al Wihda Mahala 101,محلة 101,33.8488707066,44.2324681278,215.0,1290.0,15.0,0.0,0.0,0.0,0.0,0.0,0.0,0.0,0.0,0.0,0.0,0.0,0.0,0.0,200.0,0.0,0.0,0.0,0.0,0.0,0.0,0.0,0.0,0.0,0.0,0.0,215.0,0.0,0.0,215.0,0.0,0.0,0.0,0.0,0.0,0.0,0.0,0.0,0.0,0.0,0.0,0.0,0.0,0.0,185.0,0.0,30.0,185.0,0.0,30.0,0.0,0.0,0.0,0.0,0.0,0.0,"Jan 19, 2017"
2613,2805019.0,25745.0,Salah al-Din,Al-Fares,Markaz Al-Dujeel-Hay Al Wihda Mahala 103,محلة 103,33.850661717,44.231288881,250.0,1500.0,75.0,0.0,0.0,0.0,0.0,0.0,0.0,0.0,0.0,0.0,0.0,0.0,0.0,0.0,175.0,0.0,0.0,0.0,0.0,20.0,0.0,0.0,0.0,0.0,0.0,0.0,190.0,0.0,0.0,190.0,0.0,0.0,0.0,0.0,0.0,0.0,40.0,0.0,0.0,40.0,0.0,0.0,75.0,0.0,175.0,75.0,0.0,175.0,0.0,0.0,0.0,0.0,0.0,0.0,0.0,0.0,"Jan 19, 2017"
2614,2806001.0,21589.0,Salah al-Din,Samarra,Al Armushia(Mahala 332),حي الشرطة م(25-عرموشية)محلة 332,34.199031,43.8958270848,133.0,798.0,3.0,0.0,0.0,0.0,0.0,0.0,0.0,0.0,0.0,0.0,0.0,0.0,0.0,0.0,130.0,0.0,0.0,0.0,0.0,1.0,0.0,0.0,0.0,3.0,0.0,4.0,76.0,4.0,0.0,76.0,0.0,0.0,3.0,0.0,46.0,3.0,0.0,46.0,0.0,0.0,0.0,0.0,0.0,0.0,50.0,0.0,83.0,50.0,0.0,83.0,0.0,0.0,0.0,0.0,0.0,0.0,"Jan 19, 2017"
2615,2806002.0,23876.0,Salah al-Din,Samarra,Al Jibariya Mahala 316,حي الواثق(22-جبيرية)محلة 316,34.1844526492,43.9031853061,221.0,1326.0,0.0,0.0,0.0,0.0,0.0,0.0,0.0,0.0,0.0,0.0,0.0,0.0,6.0,0.0,215.0,0.0,0.0,0.0,0.0,0.0,0.0,0.0,0.0,0.0,0.0,19.0,170.0,19.0,0.0,170.0,0.0,0.0,32.0,0.0,0.0,32.0,0.0,0.0,0.0,0.0,20.0,0.0,180.0,20.0,15.0,180.0,0.0,15.0,6.0,0.0,0.0,6.0,0.0,0.0,0.0,0.0,"Jan 19, 2017"
2616,2806003.0,21588.0,Salah al-Din,Samarra,Al Jubairiyah Al Thalitha,حي الواثق(22-جبيرية)الجبيرية الثالثة,34.1815107269,43.9093785267,708.0,4248.0,0.0,0.0,0.0,0.0,0.0,0.0,0.0,0.0,0.0,0.0,0.0,0.0,0.0,0.0,708.0,0.0,0.0,0.0,0.0,22.0,0.0,41.0,0.0,18.0,41.0,0.0,208.0,0.0,0.0,208.0,0.0,0.0,0.0,0.0,419.0,0.0,0.0,419.0,21.0,0.0,188.0,21.0,125.0,188.0,171.0,125.0,203.0,171.0,0.0,203.0,0.0,0.0,0.0,0.0,0.0,0.0,"Jan 19, 2017"
2617,2806004.0,25518.0,Salah al-Din,Samarra,Al Mahalla Al Gharbiah,المحلة الغربية,34.193541524,43.8703848235,75.0,450.0,0.0,0.0,0.0,0.0,0.0,0.0,0.0,0.0,0.0,0.0,0.0,0.0,0.0,0.0,75.0,0.0,0.0,0.0,0.0,6.0,0.0,0.0,0.0,0.0,0.0,0.0,69.0,0.0,0.0,69.0,0.0,0.0,0.0,0.0,0.0,0.0,0.0,0.0,2.0,0.0,11.0,2.0,37.0,11.0,8.0,37.0,17.0,8.0,0.0,17.0,0.0,0.0,0.0,0.0,0.0,0.0,"Jan 19, 2017"
2618,2806005.0,21723.0,Salah al-Din,Samarra,Al Qala-Mahal 201,مقاطعة 4 القلعة محلة 201,34.1820562631,43.8558614999,232.0,1392.0,10.0,0.0,0.0,0.0,0.0,0.0,0.0,0.0,0.0,0.0,0.0,0.0,0.0,0.0,222.0,0.0,0.0,0.0,0.0,11.0,0.0,3.0,0.0,43.0,3.0,0.0,175.0,0.0,0.0,175.0,0.0,0.0,0.0,0.0,0.0,0.0,0.0,0.0,10.0,0.0,69.0,10.0,8.0,69.0,0.0,8.0,145.0,0.0,0.0,145.0,0.0,0.0,0.0,0.0,0.0,0.0,"Jan 19, 2017"
2619,2806006.0,23781.0,Salah al-Din,Samarra,Al Sayoya-Mahala 1,محلة الصعيوية-1,34.0822534868,44.055491779,68.0,408.0,0.0,0.0,0.0,0.0,0.0,0.0,0.0,0.0,19.0,0.0,0.0,0.0,0.0,0.0,49.0,0.0,0.0,0.0,0.0,4.0,0.0,3.0,0.0,0.0,3.0,0.0,45.0,0.0,0.0,45.0,0.0,0.0,0.0,0.0,16.0,0.0,0.0,16.0,0.0,0.0,0.0,0.0,0.0,0.0,37.0,0.0,12.0,37.0,0.0,12.0,19.0,0.0,0.0,19.0,0.0,0.0,"Jan 19, 2017"
2620,2806007.0,20752.0,Salah al-Din,Samarra,Al_Jazera,مقاطعة 9 الجزيرة(الجزءالجنوبي),34.2462022137,43.660999,9.0,54.0,0.0,0.0,0.0,0.0,0.0,0.0,0.0,0.0,0.0,0.0,0.0,0.0,0.0,0.0,9.0,0.0,0.0,0.0,0.0,5.0,0.0,0.0,0.0,0.0,0.0,0.0,0.0,0.0,0.0,0.0,0.0,0.0,0.0,0.0,4.0,0.0,0.0,4.0,0.0,0.0,0.0,0.0,0.0,0.0,0.0,0.0,9.0,0.0,0.0,9.0,0.0,0.0,0.0,0.0,0.0,0.0,"Jan 19, 2017"
2621,2806008.0,20695.0,Salah al-Din,Samarra,Al-Abasiya Village,قرية العباسية,34.3009239295,43.7803131435,345.0,2070.0,0.0,0.0,0.0,0.0,0.0,0.0,0.0,0.0,0.0,0.0,0.0,0.0,0.0,0.0,345.0,0.0,0.0,0.0,0.0,164.0,0.0,20.0,0.0,0.0,20.0,0.0,111.0,0.0,0.0,111.0,0.0,0.0,0.0,0.0,50.0,0.0,0.0,50.0,0.0,0.0,0.0,0.0,0.0,0.0,0.0,0.0,325.0,0.0,20.0,325.0,0.0,20.0,0.0,0.0,0.0,0.0,"Jan 19, 2017"
2622,2806009.0,20675.0,Salah al-Din,Samarra,Al-Efraz area,حي الافراز,34.2058912106,43.9098703768,393.0,2358.0,5.0,0.0,0.0,0.0,0.0,0.0,0.0,0.0,0.0,0.0,0.0,0.0,8.0,0.0,380.0,0.0,0.0,0.0,0.0,0.0,0.0,171.0,0.0,0.0,171.0,0.0,165.0,0.0,0.0,165.0,0.0,0.0,0.0,0.0,57.0,0.0,0.0,57.0,10.0,0.0,113.0,10.0,24.0,113.0,131.0,24.0,115.0,131.0,0.0,115.0,0.0,0.0,0.0,0.0,0.0,0.0,"Jan 19, 2017"
2623,2806010.0,20674.0,Salah al-Din,Samarra,Al-Hewaish area,قرية الحويش,34.1951516457,43.8074836694,401.0,2406.0,0.0,0.0,0.0,0.0,0.0,0.0,0.0,0.0,0.0,0.0,0.0,0.0,0.0,0.0,401.0,0.0,0.0,0.0,0.0,125.0,0.0,0.0,0.0,0.0,0.0,0.0,108.0,0.0,0.0,108.0,0.0,0.0,27.0,0.0,141.0,27.0,0.0,141.0,0.0,0.0,0.0,0.0,0.0,0.0,67.0,0.0,307.0,67.0,27.0,307.0,0.0,27.0,0.0,0.0,0.0,0.0,"Jan 19, 2017"
2624,2806011.0,20643.0,Salah al-Din,Samarra,Al-Jamiaa Area,حي الجامعة,34.2125670612,43.8995375857,346.0,2076.0,0.0,0.0,0.0,0.0,0.0,0.0,0.0,0.0,0.0,0.0,0.0,0.0,0.0,0.0,346.0,0.0,0.0,0.0,0.0,20.0,0.0,0.0,0.0,0.0,0.0,0.0,271.0,0.0,0.0,271.0,0.0,0.0,0.0,0.0,55.0,0.0,0.0,55.0,30.0,0.0,200.0,30.0,42.0,200.0,74.0,42.0,0.0,74.0,0.0,0.0,0.0,0.0,0.0,0.0,0.0,0.0,"Jan 19, 2017"
2625,2806012.0,20633.0,Salah al-Din,Samarra,Al-Shuhadaa-Mahalla 324,حي الشهداءم(25-عرموشية)محلة 324,34.1902190633,43.9040939044,392.0,2352.0,0.0,0.0,0.0,0.0,0.0,0.0,0.0,0.0,0.0,0.0,0.0,0.0,0.0,0.0,392.0,0.0,0.0,0.0,0.0,31.0,0.0,4.0,0.0,0.0,4.0,0.0,314.0,0.0,0.0,314.0,0.0,0.0,40.0,0.0,3.0,40.0,0.0,3.0,0.0,0.0,0.0,0.0,32.0,0.0,182.0,32.0,178.0,182.0,0.0,178.0,0.0,0.0,0.0,0.0,0.0,0.0,"Jan 19, 2017"
2626,2806013.0,20649.0,Salah al-Din,Samarra,Al-Sikak-111,حي السكك(الشرقية)محلة 111,34.1911437549,43.8847661577,249.0,1494.0,6.0,0.0,0.0,0.0,0.0,0.0,0.0,0.0,0.0,0.0,0.0,0.0,0.0,0.0,243.0,0.0,0.0,0.0,0.0,12.0,0.0,0.0,0.0,0.0,0.0,0.0,230.0,0.0,0.0,230.0,0.0,0.0,0.0,0.0,4.0,0.0,3.0,4.0,0.0,3.0,0.0,0.0,162.0,0.0,0.0,162.0,87.0,0.0,0.0,87.0,0.0,0.0,0.0,0.0,0.0,0.0,"Jan 19, 2017"
2627,2806014.0,22580.0,Salah al-Din,Samarra,Hay Al Baladiya-104,م ق سامراء حي ابن سينا محلة 104,34.2042941647,43.8887085021,285.0,1710.0,5.0,0.0,0.0,0.0,0.0,0.0,0.0,0.0,0.0,0.0,0.0,0.0,5.0,0.0,275.0,0.0,0.0,0.0,0.0,5.0,0.0,0.0,0.0,0.0,0.0,0.0,264.0,0.0,0.0,264.0,0.0,0.0,16.0,0.0,0.0,16.0,0.0,0.0,0.0,0.0,93.0,0.0,181.0,93.0,11.0,181.0,0.0,11.0,0.0,0.0,0.0,0.0,0.0,0.0,0.0,0.0,"Jan 19, 2017"
2628,2806015.0,22474.0,Salah al-Din,Samarra,Hay Al Dhubbat-Mahalla 334,حي الضباط م(25-عرموشية)محلة 334,34.1930698743,43.8913850952,48.0,288.0,0.0,0.0,0.0,0.0,0.0,0.0,0.0,0.0,0.0,0.0,0.0,0.0,0.0,0.0,48.0,0.0,0.0,0.0,0.0,0.0,0.0,0.0,0.0,0.0,0.0,0.0,0.0,0.0,0.0,0.0,0.0,0.0,43.0,0.0,5.0,43.0,0.0,5.0,0.0,0.0,20.0,0.0,23.0,20.0,0.0,23.0,0.0,0.0,5.0,0.0,0.0,5.0,0.0,0.0,0.0,0.0,"Jan 19, 2017"
2629,2806016.0,22584.0,Salah al-Din,Samarra,Hay Al Dubhat-Mahalla 336,حي الضباط م(25-عرموشية)محلة 336,34.192828266,43.8985854015,49.0,294.0,0.0,0.0,0.0,0.0,0.0,0.0,0.0,0.0,0.0,0.0,0.0,0.0,0.0,0.0,49.0,0.0,0.0,0.0,0.0,0.0,0.0,0.0,0.0,0.0,0.0,0.0,37.0,0.0,0.0,37.0,0.0,0.0,12.0,0.0,0.0,12.0,0.0,0.0,0.0,0.0,10.0,0.0,30.0,10.0,9.0,30.0,0.0,9.0,0.0,0.0,0.0,0.0,0.0,0.0,0.0,0.0,"Jan 19, 2017"
2630,2806017.0,25519.0,Salah al-Din,Samarra,Hay Al Gatol-Albu Nisan,حي القاطول-البو نيسان,34.1947211092,43.8682232145,31.0,186.0,0.0,0.0,0.0,0.0,0.0,0.0,0.0,0.0,0.0,0.0,0.0,0.0,0.0,0.0,31.0,0.0,0.0,0.0,0.0,4.0,0.0,0.0,0.0,0.0,0.0,0.0,27.0,0.0,0.0,27.0,0.0,0.0,0.0,0.0,0.0,0.0,0.0,0.0,0.0,0.0,0.0,0.0,6.0,0.0,8.0,6.0,5.0,8.0,0.0,5.0,12.0,0.0,0.0,12.0,0.0,0.0,"Jan 19, 2017"
2631,2806018.0,20680.0,Salah al-Din,Samarra,Hay Al Hady 101,حي الهادي(غربية)محلة 101,34.2024712684,43.8773283083,54.0,324.0,0.0,0.0,0.0,0.0,0.0,0.0,0.0,0.0,0.0,0.0,0.0,0.0,0.0,0.0,54.0,0.0,0.0,0.0,0.0,0.0,0.0,0.0,0.0,0.0,0.0,0.0,54.0,0.0,0.0,54.0,0.0,0.0,0.0,0.0,0.0,0.0,0.0,0.0,0.0,0.0,9.0,0.0,0.0,9.0,40.0,0.0,5.0,40.0,0.0,5.0,0.0,0.0,0.0,0.0,0.0,0.0,"Jan 19, 2017"
2632,2806019.0,22903.0,Salah al-Din,Samarra,Hay Al imam-103,حي الامام محلة 103,34.1956538055,43.871750487,20.0,120.0,0.0,0.0,0.0,0.0,0.0,0.0,0.0,0.0,0.0,0.0,0.0,0.0,0.0,0.0,20.0,0.0,0.0,0.0,0.0,0.0,0.0,0.0,0.0,0.0,0.0,0.0,20.0,0.0,0.0,20.0,0.0,0.0,0.0,0.0,0.0,0.0,0.0,0.0,0.0,0.0,0.0,0.0,20.0,0.0,0.0,20.0,0.0,0.0,0.0,0.0,0.0,0.0,0.0,0.0,0.0,0.0,"Jan 19, 2017"
2633,2806020.0,24122.0,Salah al-Din,Samarra,Hay Al Mulmeen-109,حي المعلمين-109,34.1965586739,43.8878161646,80.0,480.0,3.0,0.0,0.0,0.0,0.0,0.0,0.0,0.0,0.0,0.0,0.0,0.0,2.0,0.0,75.0,0.0,0.0,0.0,0.0,0.0,0.0,0.0,0.0,0.0,0.0,0.0,67.0,0.0,0.0,67.0,0.0,0.0,0.0,0.0,13.0,0.0,0.0,13.0,0.0,0.0,0.0,0.0,0.0,0.0,27.0,0.0,53.0,27.0,0.0,53.0,0.0,0.0,0.0,0.0,0.0,0.0,"Jan 19, 2017"
2634,2806021.0,21724.0,Salah al-Din,Samarra,Hay Al Mutasim-mahala 105,محلة 105,34.1942101484,43.8782435283,65.0,390.0,2.0,0.0,0.0,0.0,0.0,0.0,0.0,0.0,0.0,0.0,0.0,0.0,0.0,0.0,63.0,0.0,0.0,0.0,0.0,0.0,0.0,0.0,0.0,0.0,0.0,0.0,65.0,0.0,0.0,65.0,0.0,0.0,0.0,0.0,0.0,0.0,0.0,0.0,0.0,0.0,0.0,0.0,30.0,0.0,35.0,30.0,0.0,35.0,0.0,0.0,0.0,0.0,0.0,0.0,0.0,0.0,"Jan 19, 2017"
2635,2806022.0,22473.0,Salah al-Din,Samarra,Hay Al Muthanna-Mahalla 312,حي المثنى-محلة 312,34.1932340758,43.9168047253,625.0,3750.0,11.0,0.0,0.0,0.0,0.0,0.0,0.0,0.0,0.0,0.0,0.0,0.0,0.0,0.0,614.0,0.0,0.0,0.0,0.0,0.0,0.0,49.0,0.0,0.0,49.0,0.0,385.0,0.0,0.0,385.0,0.0,0.0,61.0,0.0,130.0,61.0,0.0,130.0,0.0,0.0,220.0,0.0,225.0,220.0,101.0,225.0,67.0,101.0,0.0,67.0,12.0,0.0,0.0,12.0,0.0,0.0,"Jan 19, 2017"
2636,2806023.0,22810.0,Salah al-Din,Samarra,Hay Al Rasheed-Mahalla 326,حي الرشيد م(22-جبيرية)محلة 326,34.1881947918,43.9047412388,50.0,300.0,0.0,0.0,0.0,0.0,0.0,0.0,0.0,0.0,0.0,0.0,0.0,0.0,0.0,0.0,50.0,0.0,0.0,0.0,0.0,11.0,0.0,0.0,0.0,0.0,0.0,0.0,39.0,0.0,0.0,39.0,0.0,0.0,0.0,0.0,0.0,0.0,0.0,0.0,0.0,0.0,0.0,0.0,21.0,0.0,29.0,21.0,0.0,29.0,0.0,0.0,0.0,0.0,0.0,0.0,0.0,0.0,"Jan 19, 2017"
2637,2806024.0,21725.0,Salah al-Din,Samarra,Hay Al Wathiq-Mahala 314,حي الواثق(22-جبيرية)محلة 314,34.1860535508,43.894180879,478.0,2868.0,7.0,0.0,0.0,0.0,0.0,0.0,0.0,0.0,0.0,0.0,0.0,0.0,2.0,0.0,469.0,0.0,0.0,0.0,0.0,382.0,0.0,0.0,0.0,0.0,0.0,9.0,8.0,9.0,0.0,8.0,0.0,0.0,27.0,0.0,52.0,27.0,0.0,52.0,7.0,0.0,205.0,7.0,77.0,205.0,180.0,77.0,0.0,180.0,9.0,0.0,0.0,9.0,0.0,0.0,0.0,0.0,"Jan 19, 2017"
2638,2806025.0,21594.0,Salah al-Din,Samarra,Hay Al Zuhoor(Al qala 4)Mahala 202,حي الزهور(4-القلعة)محلة 202,34.179837741,43.8551255688,127.0,762.0,3.0,0.0,0.0,0.0,0.0,0.0,0.0,0.0,0.0,0.0,0.0,0.0,0.0,0.0,124.0,0.0,0.0,0.0,0.0,23.0,0.0,4.0,0.0,4.0,4.0,0.0,79.0,0.0,0.0,79.0,0.0,0.0,3.0,0.0,14.0,3.0,0.0,14.0,6.0,0.0,0.0,6.0,15.0,0.0,0.0,15.0,106.0,0.0,0.0,106.0,0.0,0.0,0.0,0.0,0.0,0.0,"Jan 19, 2017"
2639,2806026.0,25517.0,Salah al-Din,Samarra,Hay Albu Rahman,حي البو رحمن,34.1945575364,43.8730937708,20.0,120.0,0.0,0.0,0.0,0.0,0.0,0.0,0.0,0.0,0.0,0.0,0.0,0.0,0.0,0.0,20.0,0.0,0.0,0.0,0.0,0.0,0.0,0.0,0.0,0.0,0.0,0.0,20.0,0.0,0.0,20.0,0.0,0.0,0.0,0.0,0.0,0.0,0.0,0.0,0.0,0.0,18.0,0.0,0.0,18.0,2.0,0.0,0.0,2.0,0.0,0.0,0.0,0.0,0.0,0.0,0.0,0.0,"Jan 19, 2017"
2640,2806027.0,20569.0,Salah al-Din,Samarra,Hay Al-Khathraa Mahala 322,حي الخضراء م(25-عرموشية)محلة 322,34.1977385106,43.9074379485,394.0,2364.0,9.0,0.0,0.0,0.0,0.0,0.0,0.0,0.0,0.0,0.0,0.0,0.0,6.0,0.0,379.0,0.0,0.0,0.0,0.0,28.0,0.0,65.0,0.0,0.0,65.0,17.0,214.0,17.0,0.0,214.0,0.0,0.0,0.0,0.0,70.0,0.0,0.0,70.0,0.0,0.0,98.0,0.0,45.0,98.0,119.0,45.0,123.0,119.0,0.0,123.0,9.0,0.0,0.0,9.0,0.0,0.0,"Jan 19, 2017"
2641,2806028.0,23693.0,Salah al-Din,Samarra,Hay Alqadisiya-320,حي القادسية م(25-عرموشية)محلة 320,34.2094273679,43.8999202196,164.0,984.0,0.0,0.0,0.0,0.0,0.0,0.0,0.0,0.0,0.0,0.0,0.0,0.0,0.0,0.0,164.0,0.0,0.0,0.0,0.0,4.0,0.0,0.0,0.0,0.0,0.0,0.0,160.0,0.0,0.0,160.0,0.0,0.0,0.0,0.0,0.0,0.0,0.0,0.0,0.0,0.0,91.0,0.0,73.0,91.0,0.0,73.0,0.0,0.0,0.0,0.0,0.0,0.0,0.0,0.0,0.0,0.0,"Jan 19, 2017"
2642,2806029.0,23877.0,Salah al-Din,Samarra,Hay Al-Ziraa(Sharqiyah)113,حي الزراعة(شرقية)محلة 113,34.188255854,43.8730756659,75.0,450.0,0.0,0.0,0.0,0.0,0.0,0.0,0.0,0.0,0.0,0.0,0.0,0.0,0.0,0.0,75.0,0.0,0.0,0.0,0.0,8.0,0.0,0.0,0.0,6.0,0.0,0.0,61.0,0.0,0.0,61.0,0.0,0.0,0.0,0.0,0.0,0.0,0.0,0.0,3.0,0.0,9.0,3.0,29.0,9.0,11.0,29.0,23.0,11.0,0.0,23.0,0.0,0.0,0.0,0.0,0.0,0.0,"Jan 19, 2017"
2643,2806030.0,21590.0,Salah al-Din,Samarra,Hay Salah Al-Din(Mahala 302),حي صلاح الدين محلة 302,34.204720594,43.9126189705,460.0,2760.0,0.0,0.0,0.0,0.0,0.0,0.0,0.0,0.0,0.0,0.0,0.0,0.0,0.0,0.0,460.0,0.0,0.0,0.0,0.0,38.0,0.0,58.0,0.0,4.0,58.0,0.0,264.0,0.0,0.0,264.0,0.0,0.0,0.0,0.0,96.0,0.0,0.0,96.0,0.0,0.0,0.0,0.0,118.0,0.0,250.0,118.0,92.0,250.0,0.0,92.0,0.0,0.0,0.0,0.0,0.0,0.0,"Jan 19, 2017"
2644,2806053.0,29539.0,Salah al-Din,Samarra,Mahalla Makeshfa,محلة مكيشفة,34.369047177,43.7591998838,405.0,2430.0,0.0,0.0,0.0,0.0,0.0,0.0,0.0,0.0,0.0,0.0,0.0,0.0,17.0,0.0,388.0,0.0,0.0,0.0,0.0,230.0,0.0,0.0,0.0,60.0,0.0,0.0,100.0,0.0,0.0,100.0,0.0,0.0,15.0,0.0,0.0,15.0,0.0,0.0,0.0,0.0,0.0,0.0,0.0,0.0,0.0,0.0,330.0,0.0,0.0,330.0,75.0,0.0,0.0,75.0,0.0,0.0,"Jan 19, 2017"
2645,2808001.0,23145.0,Salah al-Din,Tikrit,Al Ahad Al Jadid village,قرية العهد الجديد,34.7201651082,43.6989630329,80.0,480.0,0.0,0.0,0.0,0.0,0.0,0.0,0.0,0.0,43.0,0.0,0.0,0.0,0.0,0.0,37.0,0.0,0.0,0.0,0.0,15.0,0.0,0.0,0.0,0.0,0.0,0.0,65.0,0.0,0.0,65.0,0.0,0.0,0.0,0.0,0.0,0.0,0.0,0.0,0.0,0.0,0.0,0.0,0.0,0.0,0.0,0.0,50.0,0.0,30.0,50.0,0.0,30.0,0.0,0.0,0.0,0.0,"Jan 19, 2017"
2646,2808002.0,23244.0,Salah al-Din,Tikrit,Hay Al Askari,الحي العسكري,34.6888668163,43.7172710479,655.0,3930.0,0.0,0.0,0.0,0.0,0.0,0.0,0.0,0.0,329.0,0.0,0.0,0.0,0.0,0.0,326.0,0.0,0.0,0.0,0.0,18.0,0.0,25.0,0.0,0.0,25.0,5.0,438.0,5.0,0.0,438.0,0.0,0.0,0.0,0.0,169.0,0.0,0.0,169.0,0.0,0.0,0.0,0.0,0.0,0.0,0.0,0.0,300.0,0.0,68.0,300.0,287.0,68.0,0.0,287.0,0.0,0.0,"Jan 19, 2017"
2647,2808004.0,25569.0,Salah al-Din,Tikrit,Al Haweja village-AlAbady,قرية الحويجة-العبادي,34.704490884,43.679389427,120.0,720.0,0.0,0.0,0.0,0.0,0.0,0.0,0.0,0.0,55.0,0.0,0.0,0.0,0.0,0.0,65.0,0.0,0.0,0.0,0.0,0.0,0.0,10.0,0.0,0.0,10.0,0.0,65.0,0.0,0.0,65.0,0.0,0.0,0.0,0.0,45.0,0.0,0.0,45.0,0.0,0.0,0.0,0.0,0.0,0.0,0.0,0.0,120.0,0.0,0.0,120.0,0.0,0.0,0.0,0.0,0.0,0.0,"Jan 19, 2017"
2648,2808005.0,24212.0,Salah al-Din,Tikrit,Al khuzamiya Village,قرية الخزامية,34.7685449972,43.6508570495,85.0,510.0,0.0,0.0,0.0,0.0,0.0,0.0,0.0,0.0,31.0,0.0,0.0,0.0,0.0,0.0,54.0,0.0,0.0,0.0,0.0,5.0,0.0,0.0,0.0,0.0,0.0,0.0,80.0,0.0,0.0,80.0,0.0,0.0,0.0,0.0,0.0,0.0,0.0,0.0,0.0,0.0,0.0,0.0,0.0,0.0,0.0,0.0,60.0,0.0,25.0,60.0,0.0,25.0,0.0,0.0,0.0,0.0,"Jan 19, 2017"
2649,2808006.0,23146.0,Salah al-Din,Tikrit,Al Namah Al Janobiyah Village,الناعمة الجنوبية قرية الناعمة,34.639779,43.861341,145.0,870.0,0.0,0.0,0.0,0.0,0.0,0.0,0.0,0.0,5.0,0.0,0.0,0.0,0.0,0.0,140.0,0.0,0.0,0.0,0.0,0.0,0.0,145.0,0.0,0.0,145.0,0.0,0.0,0.0,0.0,0.0,0.0,0.0,0.0,0.0,0.0,0.0,0.0,0.0,0.0,0.0,0.0,0.0,0.0,0.0,0.0,0.0,0.0,0.0,145.0,0.0,0.0,145.0,0.0,0.0,0.0,0.0,"Jan 19, 2017"
2650,2808007.0,24211.0,Salah al-Din,Tikrit,Al Namah Al ShamaliyahVillage,قرية الناعمة الشمالية,34.6626378201,43.9208114088,35.0,210.0,0.0,0.0,0.0,0.0,0.0,0.0,0.0,0.0,0.0,0.0,0.0,0.0,0.0,0.0,35.0,0.0,0.0,0.0,0.0,0.0,0.0,0.0,0.0,0.0,0.0,0.0,0.0,0.0,0.0,0.0,0.0,0.0,35.0,0.0,0.0,35.0,0.0,0.0,0.0,0.0,0.0,0.0,0.0,0.0,0.0,0.0,0.0,0.0,35.0,0.0,0.0,35.0,0.0,0.0,0.0,0.0,"Jan 19, 2017"
2651,2808011.0,24248.0,Salah al-Din,Tikrit,Awajealah Quarter,حي عويجيلية-م(27-الخرجة والعالي),34.6747398535,43.7152989723,465.0,2790.0,0.0,0.0,0.0,0.0,0.0,0.0,0.0,0.0,325.0,0.0,0.0,0.0,0.0,0.0,140.0,0.0,0.0,0.0,0.0,0.0,0.0,100.0,0.0,0.0,100.0,0.0,195.0,0.0,0.0,195.0,0.0,0.0,6.0,0.0,164.0,6.0,0.0,164.0,0.0,0.0,0.0,0.0,0.0,0.0,0.0,0.0,195.0,0.0,76.0,195.0,194.0,76.0,0.0,194.0,0.0,0.0,"Jan 19, 2017"
2652,2808012.0,23527.0,Salah al-Din,Tikrit,Ellmeabdi Al Shemaliya Village,العلم مقاطعة 44 المعيبدي الشمالية,34.774034,43.890529,25.0,150.0,0.0,0.0,0.0,0.0,0.0,0.0,0.0,0.0,2.0,0.0,0.0,0.0,0.0,0.0,23.0,0.0,0.0,0.0,0.0,0.0,0.0,0.0,0.0,0.0,0.0,0.0,25.0,0.0,0.0,25.0,0.0,0.0,0.0,0.0,0.0,0.0,0.0,0.0,0.0,0.0,0.0,0.0,0.0,0.0,0.0,0.0,0.0,0.0,25.0,0.0,0.0,25.0,0.0,0.0,0.0,0.0,"Jan 19, 2017"
2653,2808013.0,23206.0,Salah al-Din,Tikrit,Hay Al Asry Al Jadid-404,حي العصري-محلة 404,34.6053898567,43.6761703435,728.0,4368.0,0.0,0.0,0.0,0.0,0.0,0.0,0.0,0.0,0.0,0.0,0.0,0.0,0.0,0.0,728.0,0.0,0.0,0.0,0.0,243.0,0.0,0.0,0.0,0.0,0.0,0.0,264.0,0.0,0.0,264.0,0.0,0.0,87.0,0.0,134.0,87.0,0.0,134.0,0.0,0.0,0.0,0.0,0.0,0.0,0.0,0.0,96.0,0.0,568.0,96.0,64.0,568.0,0.0,64.0,0.0,0.0,"Jan 19, 2017"
2654,2808014.0,24247.0,Salah al-Din,Tikrit,Hay Al baladiyah,حي البلدية-م(27-الخرجة والعالي),34.687550089,43.7176952396,492.0,2952.0,0.0,0.0,0.0,0.0,0.0,0.0,0.0,0.0,350.0,0.0,0.0,0.0,18.0,0.0,124.0,0.0,0.0,0.0,0.0,20.0,0.0,122.0,0.0,0.0,122.0,0.0,142.0,0.0,0.0,142.0,0.0,0.0,0.0,0.0,208.0,0.0,0.0,208.0,0.0,0.0,0.0,0.0,0.0,0.0,0.0,0.0,30.0,0.0,162.0,30.0,300.0,162.0,0.0,300.0,0.0,0.0,"Jan 19, 2017"
2655,2808015.0,20608.0,Salah al-Din,Tikrit,Hay Al Jamiyah,حي الجمعية-2,34.6946263051,43.7152207043,130.0,780.0,0.0,0.0,0.0,0.0,0.0,0.0,0.0,0.0,55.0,0.0,0.0,0.0,0.0,0.0,75.0,0.0,0.0,0.0,0.0,0.0,0.0,10.0,0.0,0.0,10.0,0.0,42.0,0.0,0.0,42.0,0.0,0.0,0.0,0.0,78.0,0.0,0.0,78.0,0.0,0.0,0.0,0.0,0.0,0.0,0.0,0.0,125.0,0.0,5.0,125.0,0.0,5.0,0.0,0.0,0.0,0.0,"Jan 19, 2017"
2656,2808016.0,21592.0,Salah al-Din,Tikrit,Hay Al sinay-Al samad,حي الصناعي-م(51-المجرة وتل رجيم)قرية الصمد,34.7132682538,43.7066910747,845.0,5070.0,16.0,0.0,0.0,0.0,0.0,40.0,0.0,0.0,407.0,0.0,0.0,0.0,0.0,0.0,382.0,0.0,0.0,0.0,0.0,90.0,0.0,125.0,0.0,0.0,125.0,0.0,130.0,0.0,0.0,130.0,0.0,0.0,0.0,0.0,500.0,0.0,0.0,500.0,0.0,0.0,0.0,0.0,0.0,0.0,0.0,0.0,343.0,0.0,138.0,343.0,364.0,138.0,0.0,364.0,0.0,0.0,"Jan 19, 2017"
2657,2808019.0,22470.0,Salah al-Din,Tikrit,Mahalla Al muwadafeen,حي الموظفين(27الخرجة والعالي)محلة الموظفين,34.6905558572,43.7144303777,205.0,1230.0,0.0,0.0,0.0,0.0,0.0,0.0,0.0,0.0,70.0,0.0,0.0,0.0,0.0,0.0,135.0,0.0,0.0,0.0,0.0,37.0,0.0,30.0,0.0,0.0,30.0,0.0,35.0,0.0,0.0,35.0,0.0,0.0,8.0,0.0,95.0,8.0,0.0,95.0,0.0,0.0,0.0,0.0,0.0,0.0,0.0,0.0,205.0,0.0,0.0,205.0,0.0,0.0,0.0,0.0,0.0,0.0,"Jan 19, 2017"
2658,2808023.0,22059.0,Salah al-Din,Tikrit,Qaryat Erbaidha,قرية أربيضة,34.7932755465,43.6042593887,1656.0,9936.0,0.0,0.0,0.0,0.0,0.0,0.0,0.0,0.0,807.0,0.0,0.0,0.0,60.0,0.0,789.0,0.0,0.0,0.0,0.0,100.0,0.0,1326.0,0.0,0.0,1326.0,0.0,50.0,0.0,0.0,50.0,0.0,0.0,0.0,0.0,180.0,0.0,0.0,180.0,0.0,0.0,0.0,0.0,22.0,0.0,0.0,22.0,390.0,0.0,349.0,390.0,895.0,349.0,0.0,895.0,0.0,0.0,"Jan 19, 2017"
2659,2808024.0,22180.0,Salah al-Din,Tikrit,Sadayrat Abo Ajeel,صديرة ابو عجيل,34.60252484,43.7195013593,281.0,1686.0,0.0,0.0,0.0,0.0,0.0,0.0,0.0,0.0,0.0,0.0,0.0,0.0,27.0,0.0,254.0,0.0,0.0,0.0,0.0,25.0,0.0,50.0,0.0,0.0,50.0,0.0,30.0,0.0,0.0,30.0,0.0,0.0,0.0,0.0,176.0,0.0,0.0,176.0,0.0,0.0,0.0,0.0,0.0,0.0,0.0,0.0,0.0,0.0,281.0,0.0,0.0,281.0,0.0,0.0,0.0,0.0,"Jan 19, 2017"
2660,2808025.0,20612.0,Salah al-Din,Tikrit,Samrah Village,قرية سمرة,34.7556756507,43.669097506,413.0,2478.0,0.0,0.0,0.0,0.0,0.0,0.0,0.0,0.0,330.0,0.0,0.0,0.0,0.0,0.0,83.0,0.0,0.0,0.0,0.0,0.0,0.0,30.0,0.0,0.0,30.0,0.0,8.0,0.0,0.0,8.0,0.0,0.0,0.0,0.0,275.0,0.0,100.0,275.0,0.0,100.0,0.0,0.0,0.0,0.0,0.0,0.0,0.0,0.0,59.0,0.0,354.0,59.0,0.0,354.0,0.0,0.0,"Jan 19, 2017"
2661,2808028.0,23702.0,Salah al-Din,Tikrit,Qadisya 2 500 Area,حي المطاردة(قادسية2)مقاطعة 7 محله 218 – قطعه 500,34.6508521597,43.6484036824,1320.0,7920.0,0.0,0.0,0.0,0.0,0.0,0.0,0.0,0.0,33.0,0.0,0.0,0.0,78.0,0.0,1209.0,0.0,0.0,0.0,0.0,451.0,0.0,97.0,0.0,0.0,97.0,0.0,339.0,0.0,0.0,339.0,0.0,0.0,0.0,0.0,433.0,0.0,0.0,433.0,0.0,0.0,0.0,0.0,0.0,0.0,0.0,0.0,315.0,0.0,956.0,315.0,49.0,956.0,0.0,49.0,0.0,0.0,"Jan 19, 2017"
2662,2808031.0,23918.0,Salah al-Din,Tikrit,Al-Mutaradah 204,حي الشهداء مقاطعة 7-المطاردة محلة 204,34.6225053677,43.6737766396,1594.0,9564.0,0.0,0.0,0.0,0.0,0.0,0.0,0.0,0.0,152.0,0.0,0.0,0.0,393.0,0.0,1049.0,0.0,0.0,0.0,0.0,40.0,0.0,440.0,0.0,0.0,440.0,0.0,700.0,0.0,0.0,700.0,0.0,0.0,54.0,0.0,360.0,54.0,0.0,360.0,0.0,0.0,0.0,0.0,0.0,0.0,0.0,0.0,306.0,0.0,916.0,306.0,372.0,916.0,0.0,372.0,0.0,0.0,"Jan 19, 2017"
2663,2808032.0,20630.0,Salah al-Din,Tikrit,Al-Shahama Village,قرية الشهامة,34.6956270355,43.6248264661,618.0,3708.0,0.0,0.0,0.0,0.0,0.0,0.0,0.0,0.0,258.0,0.0,0.0,0.0,22.0,0.0,338.0,0.0,0.0,0.0,280.0,76.0,0.0,61.0,0.0,0.0,61.0,0.0,80.0,0.0,0.0,80.0,0.0,0.0,0.0,0.0,121.0,0.0,0.0,121.0,0.0,0.0,0.0,0.0,30.0,0.0,30.0,30.0,20.0,30.0,357.0,20.0,181.0,357.0,0.0,181.0,0.0,0.0,"Jan 19, 2017"
2664,2808034.0,20618.0,Salah al-Din,Tikrit,Hammad Shihab,قرية حماد شهاب,34.6986952464,43.6182605224,319.0,1914.0,0.0,0.0,0.0,0.0,0.0,0.0,0.0,0.0,0.0,0.0,0.0,0.0,28.0,0.0,291.0,0.0,0.0,0.0,0.0,65.0,0.0,51.0,0.0,0.0,51.0,0.0,115.0,0.0,0.0,115.0,0.0,0.0,0.0,0.0,88.0,0.0,0.0,88.0,0.0,0.0,0.0,0.0,0.0,0.0,0.0,0.0,20.0,0.0,262.0,20.0,37.0,262.0,0.0,37.0,0.0,0.0,"Jan 19, 2017"
2665,2808037.0,22966.0,Salah al-Din,Tikrit,Hay Sheshen Mahal 408,حي شيشين-مقاطعة 5-وادي شيشين محلة 408,34.5929545071,43.6818062514,308.0,1848.0,8.0,0.0,0.0,0.0,0.0,0.0,0.0,0.0,0.0,0.0,0.0,0.0,11.0,0.0,289.0,0.0,0.0,0.0,0.0,187.0,0.0,0.0,0.0,0.0,0.0,0.0,93.0,0.0,0.0,93.0,0.0,0.0,0.0,0.0,28.0,0.0,0.0,28.0,0.0,0.0,0.0,0.0,0.0,0.0,0.0,0.0,46.0,0.0,261.0,46.0,1.0,261.0,0.0,1.0,0.0,0.0,"Jan 19, 2017"
2666,2808041.0,25949.0,Salah al-Din,Tikrit,Al Bzikhah Village,قرية البزيخة,34.892082314,43.5488168918,60.0,360.0,0.0,0.0,0.0,0.0,0.0,0.0,0.0,0.0,30.0,0.0,0.0,0.0,0.0,0.0,30.0,0.0,0.0,0.0,0.0,25.0,0.0,0.0,0.0,0.0,0.0,0.0,35.0,0.0,0.0,35.0,0.0,0.0,0.0,0.0,0.0,0.0,0.0,0.0,0.0,0.0,0.0,0.0,0.0,0.0,0.0,0.0,35.0,0.0,25.0,35.0,0.0,25.0,0.0,0.0,0.0,0.0,"Jan 19, 2017"
2667,2808043.0,20642.0,Salah al-Din,Tikrit,Al Karama Village,قرية الكرامة,34.6912611446,43.6255140504,217.0,1302.0,0.0,0.0,0.0,0.0,0.0,0.0,0.0,0.0,0.0,0.0,0.0,0.0,2.0,0.0,215.0,0.0,0.0,0.0,0.0,165.0,0.0,12.0,0.0,0.0,12.0,0.0,32.0,0.0,0.0,32.0,0.0,0.0,0.0,0.0,8.0,0.0,0.0,8.0,0.0,0.0,0.0,0.0,0.0,0.0,0.0,0.0,21.0,0.0,194.0,21.0,2.0,194.0,0.0,2.0,0.0,0.0,"Jan 19, 2017"
2668,2808044.0,26034.0,Salah al-Din,Tikrit,Al Mahzam village,قرية المحزم,34.7285134911,43.6406543147,127.0,762.0,0.0,0.0,0.0,0.0,0.0,0.0,0.0,0.0,0.0,0.0,0.0,0.0,10.0,0.0,117.0,0.0,0.0,0.0,0.0,10.0,0.0,21.0,0.0,0.0,21.0,0.0,40.0,0.0,0.0,40.0,0.0,0.0,0.0,0.0,56.0,0.0,0.0,56.0,0.0,0.0,0.0,0.0,28.0,0.0,15.0,28.0,0.0,15.0,84.0,0.0,0.0,84.0,0.0,0.0,0.0,0.0,"Jan 19, 2017"
2669,2808046.0,20631.0,Salah al-Din,Tikrit,Al Safiya village,قرية الصافية,34.6936732021,43.6143404311,45.0,270.0,0.0,0.0,0.0,0.0,0.0,0.0,0.0,0.0,0.0,0.0,0.0,0.0,0.0,0.0,45.0,0.0,0.0,0.0,0.0,27.0,0.0,8.0,0.0,0.0,8.0,0.0,10.0,0.0,0.0,10.0,0.0,0.0,0.0,0.0,0.0,0.0,0.0,0.0,0.0,0.0,0.0,0.0,0.0,0.0,0.0,0.0,0.0,0.0,42.0,0.0,3.0,42.0,0.0,3.0,0.0,0.0,"Jan 19, 2017"
2670,2808047.0,21357.0,Salah al-Din,Tikrit,Al Zallayah village,قرية الزلاية,34.45798508,43.72672328,142.0,852.0,0.0,0.0,0.0,0.0,0.0,0.0,0.0,0.0,0.0,0.0,0.0,0.0,0.0,0.0,142.0,0.0,0.0,0.0,0.0,90.0,0.0,0.0,0.0,0.0,0.0,0.0,52.0,0.0,0.0,52.0,0.0,0.0,0.0,0.0,0.0,0.0,0.0,0.0,0.0,0.0,0.0,0.0,0.0,0.0,0.0,0.0,0.0,0.0,142.0,0.0,0.0,142.0,0.0,0.0,0.0,0.0,"Jan 19, 2017"
2671,2808048.0,23301.0,Salah al-Din,Tikrit,Hay Al Anwaa Mahala 420,حي الانواء-محلة 420,34.5750390046,43.6820188772,524.0,3144.0,0.0,0.0,0.0,0.0,0.0,0.0,0.0,0.0,0.0,0.0,0.0,0.0,0.0,0.0,524.0,0.0,0.0,0.0,0.0,160.0,0.0,15.0,0.0,0.0,15.0,0.0,206.0,0.0,0.0,206.0,0.0,0.0,0.0,0.0,143.0,0.0,0.0,143.0,0.0,0.0,0.0,0.0,0.0,0.0,0.0,0.0,100.0,0.0,305.0,100.0,119.0,305.0,0.0,119.0,0.0,0.0,"Jan 19, 2017"
2672,2808049.0,25961.0,Salah al-Din,Tikrit,Hay Alarbaen,حي الاربعين-محله 414,34.5948121464,43.6768271495,131.0,786.0,0.0,0.0,0.0,0.0,0.0,0.0,0.0,0.0,11.0,0.0,0.0,0.0,0.0,0.0,120.0,0.0,0.0,0.0,0.0,38.0,0.0,0.0,0.0,0.0,0.0,0.0,93.0,0.0,0.0,93.0,0.0,0.0,0.0,0.0,0.0,0.0,0.0,0.0,0.0,0.0,0.0,0.0,0.0,0.0,0.0,0.0,93.0,0.0,38.0,93.0,0.0,38.0,0.0,0.0,0.0,0.0,"Jan 19, 2017"
2673,2808050.0,22331.0,Salah al-Din,Tikrit,Al Baladiyat-402,البلديات-402,34.6112426883,43.6740902904,365.0,2190.0,0.0,0.0,0.0,0.0,0.0,0.0,0.0,0.0,14.0,0.0,0.0,0.0,15.0,0.0,336.0,0.0,0.0,0.0,0.0,56.0,0.0,0.0,0.0,0.0,0.0,20.0,185.0,20.0,0.0,185.0,0.0,0.0,7.0,0.0,97.0,7.0,0.0,97.0,0.0,0.0,0.0,0.0,0.0,0.0,0.0,0.0,157.0,0.0,180.0,157.0,28.0,180.0,0.0,28.0,0.0,0.0,"Jan 19, 2017"
2674,2808053.0,25960.0,Salah al-Din,Tikrit,Hay Aljamiyaa,حي الجمعية-محله 418,34.5929969189,43.6741052732,657.0,3942.0,0.0,0.0,0.0,0.0,0.0,0.0,0.0,0.0,0.0,0.0,0.0,0.0,0.0,0.0,657.0,0.0,0.0,0.0,0.0,85.0,0.0,0.0,0.0,0.0,0.0,0.0,345.0,0.0,0.0,345.0,0.0,0.0,36.0,0.0,191.0,36.0,0.0,191.0,0.0,0.0,0.0,0.0,0.0,0.0,0.0,0.0,249.0,0.0,288.0,249.0,120.0,288.0,0.0,120.0,0.0,0.0,"Jan 19, 2017"
2675,2808055.0,22812.0,Salah al-Din,Tikrit,Hay Al Mualimeen-406,حي المعلمين محلة-406,34.6036512824,43.6747349426,294.0,1764.0,0.0,0.0,0.0,0.0,0.0,0.0,0.0,0.0,0.0,0.0,0.0,0.0,0.0,0.0,294.0,0.0,0.0,0.0,0.0,14.0,0.0,55.0,0.0,0.0,55.0,0.0,225.0,0.0,0.0,225.0,0.0,0.0,0.0,0.0,0.0,0.0,0.0,0.0,0.0,0.0,0.0,0.0,0.0,0.0,0.0,0.0,227.0,0.0,67.0,227.0,0.0,67.0,0.0,0.0,0.0,0.0,"Jan 19, 2017"
2676,2808056.0,20622.0,Salah al-Din,Tikrit,Hay AL Suqour,حي الصقور,34.7009644488,43.6106373538,268.0,1608.0,0.0,0.0,0.0,0.0,0.0,0.0,0.0,0.0,0.0,0.0,0.0,0.0,10.0,0.0,258.0,0.0,0.0,0.0,0.0,0.0,0.0,127.0,0.0,0.0,127.0,0.0,67.0,0.0,0.0,67.0,0.0,0.0,0.0,0.0,74.0,0.0,0.0,74.0,0.0,0.0,0.0,0.0,0.0,0.0,0.0,0.0,18.0,0.0,226.0,18.0,24.0,226.0,0.0,24.0,0.0,0.0,"Jan 19, 2017"
2677,2808057.0,22468.0,Salah al-Din,Tikrit,Hay Al Zuhour-422,حي الزهور محلة-422,34.5906041222,43.6723785909,1730.0,10380.0,0.0,0.0,0.0,0.0,0.0,0.0,0.0,0.0,19.0,0.0,0.0,0.0,8.0,0.0,1703.0,0.0,0.0,0.0,0.0,302.0,0.0,203.0,0.0,0.0,203.0,0.0,485.0,0.0,0.0,485.0,0.0,0.0,10.0,0.0,730.0,10.0,0.0,730.0,0.0,0.0,0.0,0.0,0.0,0.0,0.0,0.0,240.0,0.0,992.0,240.0,498.0,992.0,0.0,498.0,0.0,0.0,"Jan 19, 2017"
2678,2808058.0,25962.0,Salah al-Din,Tikrit,Hay Salma Altaghlubia,حي سلمى التغلبيه-محله 401,34.6097445069,43.6808217131,303.0,1818.0,0.0,0.0,0.0,0.0,0.0,0.0,0.0,0.0,27.0,0.0,0.0,0.0,36.0,0.0,240.0,0.0,0.0,0.0,0.0,20.0,0.0,15.0,0.0,0.0,15.0,0.0,132.0,0.0,0.0,132.0,0.0,0.0,10.0,0.0,126.0,10.0,0.0,126.0,0.0,0.0,0.0,0.0,0.0,0.0,0.0,0.0,20.0,0.0,174.0,20.0,109.0,174.0,0.0,109.0,0.0,0.0,"Jan 19, 2017"
2679,2808061.0,25922.0,Salah al-Din,Tikrit,Qadisya 1 Mahala 214,حي المطاردة(قادسية1)مقاطعة 7-محله 214,34.6457808852,43.6660867266,914.0,5484.0,0.0,0.0,0.0,0.0,0.0,0.0,0.0,0.0,32.0,0.0,0.0,0.0,115.0,0.0,767.0,0.0,0.0,0.0,0.0,105.0,0.0,0.0,0.0,0.0,0.0,0.0,386.0,0.0,0.0,386.0,0.0,0.0,10.0,0.0,413.0,10.0,0.0,413.0,0.0,0.0,0.0,0.0,0.0,0.0,0.0,0.0,318.0,0.0,457.0,318.0,139.0,457.0,0.0,139.0,0.0,0.0,"Jan 19, 2017"
2680,2808062.0,25923.0,Salah al-Din,Tikrit,Qadisya 2 Mahala 216,حي المطاردة(قادسية2)مقاطعة 7-محله 216,34.6490426651,43.6629112169,3112.0,18672.0,0.0,0.0,0.0,0.0,0.0,0.0,0.0,0.0,344.0,0.0,0.0,0.0,404.0,0.0,2364.0,0.0,0.0,0.0,0.0,220.0,0.0,0.0,0.0,0.0,0.0,0.0,913.0,0.0,0.0,913.0,0.0,0.0,0.0,0.0,1979.0,0.0,0.0,1979.0,0.0,0.0,0.0,0.0,0.0,0.0,0.0,0.0,669.0,0.0,2148.0,669.0,295.0,2148.0,0.0,295.0,0.0,0.0,"Jan 19, 2017"
2681,2808063.0,25950.0,Salah al-Din,Tikrit,Tal-Al Sibaat Village,قرية تل السيباط,34.8196908407,43.5777288906,1316.0,7896.0,0.0,0.0,0.0,0.0,0.0,0.0,0.0,0.0,1150.0,0.0,0.0,0.0,98.0,0.0,68.0,0.0,0.0,0.0,1316.0,0.0,0.0,0.0,0.0,0.0,0.0,0.0,0.0,0.0,0.0,0.0,0.0,0.0,0.0,0.0,0.0,0.0,0.0,0.0,0.0,0.0,0.0,0.0,0.0,0.0,0.0,0.0,0.0,0.0,100.0,0.0,1216.0,100.0,0.0,1216.0,0.0,0.0,"Jan 19, 2017"
2682,2808065.0,20666.0,Salah al-Din,Tikrit,Uwainat,عوينات,34.4713799229,43.7353503848,92.0,552.0,0.0,0.0,0.0,0.0,0.0,0.0,0.0,0.0,0.0,0.0,0.0,0.0,0.0,0.0,92.0,0.0,0.0,0.0,0.0,83.0,0.0,0.0,0.0,0.0,0.0,0.0,9.0,0.0,0.0,9.0,0.0,0.0,0.0,0.0,0.0,0.0,0.0,0.0,0.0,0.0,0.0,0.0,0.0,0.0,0.0,0.0,19.0,0.0,73.0,19.0,0.0,73.0,0.0,0.0,0.0,0.0,"Jan 19, 2017"
2683,2808066.0,27231.0,Salah al-Din,Tikrit,Al Shaheed Abdulla village,قرية الشهيد عبدالله جباره,34.6681781168,43.7329189855,77.0,462.0,0.0,0.0,0.0,0.0,0.0,0.0,0.0,0.0,23.0,0.0,0.0,0.0,0.0,0.0,54.0,0.0,0.0,0.0,0.0,0.0,0.0,0.0,0.0,0.0,0.0,0.0,10.0,0.0,0.0,10.0,0.0,0.0,7.0,0.0,60.0,7.0,0.0,60.0,0.0,0.0,0.0,0.0,0.0,0.0,0.0,0.0,0.0,0.0,77.0,0.0,0.0,77.0,0.0,0.0,0.0,0.0,"Jan 19, 2017"
2684,2808068.0,22058.0,Salah al-Din,Tikrit,Hay Aldiuom,حي الديوم-مقاطعة 211-ديوم تكريت,34.5961806178,43.6552203633,640.0,3840.0,0.0,0.0,0.0,0.0,0.0,0.0,0.0,0.0,96.0,0.0,0.0,0.0,12.0,0.0,532.0,0.0,0.0,0.0,0.0,31.0,0.0,95.0,0.0,0.0,95.0,0.0,60.0,0.0,0.0,60.0,0.0,0.0,0.0,0.0,454.0,0.0,0.0,454.0,0.0,0.0,0.0,0.0,0.0,0.0,0.0,0.0,22.0,0.0,371.0,22.0,247.0,371.0,0.0,247.0,0.0,0.0,"Jan 19, 2017"
2685,2808069.0,27367.0,Salah al-Din,Tikrit,Hay Alziraa,حي الزراعة,34.5846342109,43.6825517379,158.0,948.0,0.0,0.0,0.0,0.0,0.0,0.0,0.0,0.0,0.0,0.0,0.0,0.0,0.0,0.0,158.0,0.0,0.0,0.0,0.0,10.0,0.0,0.0,0.0,0.0,0.0,0.0,99.0,0.0,0.0,99.0,0.0,0.0,0.0,0.0,49.0,0.0,0.0,49.0,0.0,0.0,0.0,0.0,0.0,0.0,0.0,0.0,41.0,0.0,57.0,41.0,60.0,57.0,0.0,60.0,0.0,0.0,"Jan 19, 2017"
2686,2808070.0,20624.0,Salah al-Din,Tikrit,Hay 100 dar,حي 100 دار,34.5836836612,43.6883329879,270.0,1620.0,0.0,0.0,0.0,0.0,0.0,0.0,0.0,0.0,0.0,0.0,0.0,0.0,33.0,0.0,237.0,0.0,0.0,0.0,0.0,80.0,0.0,55.0,0.0,0.0,55.0,0.0,24.0,0.0,0.0,24.0,0.0,0.0,0.0,0.0,111.0,0.0,0.0,111.0,0.0,0.0,0.0,0.0,0.0,0.0,0.0,0.0,21.0,0.0,157.0,21.0,92.0,157.0,0.0,92.0,0.0,0.0,"Jan 19, 2017"
2687,2808071.0,22965.0,Salah al-Din,Tikrit,Hay Alqalaa,حي القلعة(6-تكريت)محلة 405,34.603648684,43.6899681296,1192.0,7152.0,0.0,0.0,0.0,0.0,0.0,0.0,0.0,0.0,12.0,0.0,0.0,0.0,42.0,0.0,1138.0,0.0,0.0,0.0,0.0,22.0,0.0,561.0,0.0,0.0,561.0,0.0,100.0,0.0,0.0,100.0,0.0,0.0,0.0,0.0,509.0,0.0,0.0,509.0,0.0,0.0,0.0,0.0,0.0,0.0,0.0,0.0,30.0,0.0,1025.0,30.0,137.0,1025.0,0.0,137.0,0.0,0.0,"Jan 19, 2017"
2688,2808072.0,27368.0,Salah al-Din,Tikrit,Hay Alkahrbaa,حي الكهرباء,34.6040726826,43.6643316597,126.0,756.0,0.0,0.0,0.0,0.0,0.0,0.0,0.0,0.0,0.0,0.0,0.0,0.0,0.0,0.0,126.0,0.0,0.0,0.0,0.0,0.0,0.0,0.0,0.0,0.0,0.0,0.0,33.0,0.0,0.0,33.0,0.0,0.0,0.0,0.0,93.0,0.0,0.0,93.0,0.0,0.0,0.0,0.0,0.0,0.0,0.0,0.0,6.0,0.0,45.0,6.0,75.0,45.0,0.0,75.0,0.0,0.0,"Jan 19, 2017"
2689,2808073.0,27369.0,Salah al-Din,Tikrit,Hay Alfirdous,حي الفردوس(البو عبيد)مقاطعة-5 محلة 428,34.5943739405,43.6658699904,1013.0,6078.0,0.0,0.0,0.0,0.0,0.0,0.0,0.0,0.0,24.0,0.0,0.0,0.0,0.0,0.0,989.0,0.0,0.0,0.0,0.0,360.0,0.0,457.0,0.0,0.0,457.0,0.0,126.0,0.0,0.0,126.0,0.0,0.0,0.0,0.0,70.0,0.0,0.0,70.0,0.0,0.0,0.0,0.0,0.0,0.0,0.0,0.0,215.0,0.0,696.0,215.0,102.0,696.0,0.0,102.0,0.0,0.0,"Jan 19, 2017"
2690,2808074.0,20663.0,Salah al-Din,Tikrit,Hay Al-Tajneed,حي التجنيد,34.580094656,43.6815059278,241.0,1446.0,0.0,0.0,0.0,0.0,0.0,0.0,0.0,0.0,0.0,0.0,0.0,0.0,9.0,0.0,232.0,0.0,0.0,0.0,0.0,25.0,0.0,39.0,0.0,0.0,39.0,0.0,113.0,0.0,0.0,113.0,0.0,0.0,28.0,0.0,36.0,28.0,0.0,36.0,0.0,0.0,0.0,0.0,0.0,0.0,0.0,0.0,105.0,0.0,110.0,105.0,26.0,110.0,0.0,26.0,0.0,0.0,"Jan 19, 2017"
2691,2808075.0,28412.0,Salah al-Din,Tikrit,Hay Al-Quthat,حي القضاة,34.6012128323,43.6725341066,166.0,996.0,0.0,0.0,0.0,0.0,0.0,0.0,0.0,0.0,0.0,0.0,0.0,0.0,15.0,0.0,151.0,0.0,0.0,0.0,0.0,0.0,0.0,10.0,0.0,0.0,10.0,0.0,132.0,0.0,0.0,132.0,0.0,0.0,0.0,0.0,24.0,0.0,0.0,24.0,0.0,0.0,0.0,0.0,0.0,0.0,0.0,0.0,66.0,0.0,59.0,66.0,41.0,59.0,0.0,41.0,0.0,0.0,"Jan 19, 2017"
2692,2808076.0,28413.0,Salah al-Din,Tikrit,Hay Al-Wihda,حي الوحدة,34.6045283647,43.6700681504,45.0,270.0,0.0,0.0,0.0,0.0,0.0,0.0,0.0,0.0,0.0,0.0,0.0,0.0,0.0,0.0,45.0,0.0,0.0,0.0,0.0,3.0,0.0,0.0,0.0,0.0,0.0,0.0,42.0,0.0,0.0,42.0,0.0,0.0,0.0,0.0,0.0,0.0,0.0,0.0,0.0,0.0,0.0,0.0,0.0,0.0,0.0,0.0,33.0,0.0,12.0,33.0,0.0,12.0,0.0,0.0,0.0,0.0,"Jan 19, 2017"
2693,2808077.0,28419.0,Salah al-Din,Tikrit,Al-Muskarat,منطقة المعسكرات,34.7145793959,43.6181557308,400.0,2400.0,0.0,0.0,0.0,0.0,0.0,0.0,0.0,0.0,0.0,0.0,0.0,0.0,0.0,0.0,400.0,0.0,0.0,0.0,0.0,222.0,0.0,152.0,0.0,0.0,152.0,0.0,0.0,0.0,0.0,0.0,0.0,0.0,0.0,0.0,26.0,0.0,0.0,26.0,0.0,0.0,0.0,0.0,0.0,0.0,0.0,0.0,0.0,0.0,400.0,0.0,0.0,400.0,0.0,0.0,0.0,0.0,"Jan 19, 2017"
2694,2808080.0,28449.0,Salah al-Din,Tikrit,Mahalla Al Aed,حي العائد(27-الخرجة والعالي)محلة العائد,34.7018106396,43.7157548897,558.0,3348.0,0.0,0.0,0.0,0.0,0.0,0.0,0.0,0.0,415.0,0.0,0.0,0.0,0.0,0.0,143.0,0.0,0.0,0.0,0.0,0.0,0.0,0.0,0.0,0.0,0.0,0.0,260.0,0.0,0.0,260.0,0.0,0.0,43.0,0.0,255.0,43.0,0.0,255.0,0.0,0.0,0.0,0.0,0.0,0.0,0.0,0.0,210.0,0.0,43.0,210.0,305.0,43.0,0.0,305.0,0.0,0.0,"Jan 19, 2017"
2695,2808081.0,20638.0,Salah al-Din,Tikrit,Hay Al Dhubbat,حي الضباط,34.6346683931,43.6702753012,250.0,1500.0,0.0,0.0,0.0,0.0,0.0,0.0,0.0,0.0,0.0,0.0,0.0,0.0,0.0,0.0,250.0,0.0,0.0,0.0,0.0,0.0,0.0,35.0,0.0,0.0,35.0,0.0,0.0,0.0,0.0,0.0,0.0,0.0,100.0,0.0,115.0,100.0,0.0,115.0,0.0,0.0,0.0,0.0,0.0,0.0,0.0,0.0,0.0,0.0,250.0,0.0,0.0,250.0,0.0,0.0,0.0,0.0,"Jan 19, 2017"
2696,2808082.0,28478.0,Salah al-Din,Tikrit,Hay Al-Sikak,حي السكك,34.5968288729,43.6751378321,152.0,912.0,0.0,0.0,0.0,0.0,0.0,0.0,0.0,0.0,0.0,0.0,0.0,0.0,2.0,0.0,150.0,0.0,0.0,0.0,0.0,20.0,0.0,0.0,0.0,0.0,0.0,0.0,108.0,0.0,0.0,108.0,0.0,0.0,4.0,0.0,20.0,4.0,0.0,20.0,0.0,0.0,0.0,0.0,0.0,0.0,0.0,0.0,6.0,0.0,83.0,6.0,63.0,83.0,0.0,63.0,0.0,0.0,"Jan 19, 2017"
2697,2808084.0,20594.0,Salah al-Din,Tikrit,Al Auja village ,قرية العوجة,34.5719279171,43.6918819559,265.0,1590.0,0.0,0.0,0.0,0.0,0.0,0.0,0.0,0.0,0.0,0.0,0.0,0.0,50.0,0.0,215.0,0.0,0.0,0.0,0.0,0.0,0.0,0.0,0.0,0.0,0.0,0.0,0.0,0.0,0.0,0.0,0.0,0.0,0.0,0.0,0.0,0.0,265.0,0.0,0.0,265.0,0.0,0.0,0.0,0.0,0.0,0.0,0.0,0.0,265.0,0.0,0.0,265.0,0.0,0.0,0.0,0.0,"Jan 19, 2017"
2698,2808085.0,29589.0,Salah al-Din,Tikrit,Al-Dibsa Village,قرية الدبسة,34.6467615059,43.7024115678,50.0,300.0,0.0,0.0,0.0,0.0,0.0,0.0,0.0,0.0,10.0,0.0,0.0,0.0,0.0,0.0,40.0,0.0,0.0,0.0,0.0,20.0,0.0,20.0,0.0,0.0,20.0,0.0,0.0,0.0,0.0,0.0,0.0,0.0,0.0,0.0,10.0,0.0,0.0,10.0,0.0,0.0,0.0,0.0,0.0,0.0,0.0,0.0,0.0,0.0,50.0,0.0,0.0,50.0,0.0,0.0,0.0,0.0,"Jan 19, 2017"
2699,2809001.0,21846.0,Salah al-Din,Tuz Khurmatu,Hay Al Sideeq Mahalla 105,محلة 105,34.8860602603,44.6130530013,175.0,1050.0,10.0,0.0,0.0,0.0,0.0,6.0,0.0,0.0,0.0,0.0,0.0,0.0,4.0,0.0,155.0,0.0,0.0,0.0,0.0,26.0,0.0,0.0,0.0,0.0,0.0,0.0,149.0,0.0,0.0,149.0,0.0,0.0,0.0,0.0,0.0,0.0,0.0,0.0,9.0,0.0,144.0,9.0,12.0,144.0,0.0,12.0,10.0,0.0,0.0,10.0,0.0,0.0,0.0,0.0,0.0,0.0,"Jan 19, 2017"
2700,2809003.0,25864.0,Salah al-Din,Tuz Khurmatu,Hay Aqsu,حي اقصو,34.88223604,44.6369824557,20.0,120.0,0.0,0.0,0.0,0.0,0.0,0.0,0.0,0.0,0.0,0.0,0.0,0.0,0.0,0.0,20.0,0.0,0.0,0.0,0.0,0.0,0.0,0.0,0.0,0.0,0.0,0.0,20.0,0.0,0.0,20.0,0.0,0.0,0.0,0.0,0.0,0.0,0.0,0.0,0.0,0.0,20.0,0.0,0.0,20.0,0.0,0.0,0.0,0.0,0.0,0.0,0.0,0.0,0.0,0.0,0.0,0.0,"Jan 19, 2017"
2701,2809004.0,25865.0,Salah al-Din,Tuz Khurmatu,Hay Garmian,حي كرميان,34.8996644014,44.6261417359,130.0,780.0,0.0,0.0,0.0,0.0,0.0,20.0,0.0,0.0,0.0,0.0,0.0,0.0,0.0,0.0,110.0,0.0,0.0,0.0,0.0,0.0,0.0,80.0,0.0,0.0,80.0,0.0,50.0,0.0,0.0,50.0,0.0,0.0,0.0,0.0,0.0,0.0,0.0,0.0,15.0,0.0,25.0,15.0,90.0,25.0,0.0,90.0,0.0,0.0,0.0,0.0,0.0,0.0,0.0,0.0,0.0,0.0,"Jan 19, 2017"
2702,2809005.0,25866.0,Salah al-Din,Tuz Khurmatu,Hay Komari-120,حي كوماري م(5-الطوز)محلة 120,34.8963111574,44.6261856196,1035.0,6210.0,90.0,0.0,0.0,0.0,0.0,105.0,0.0,0.0,0.0,0.0,0.0,0.0,0.0,0.0,840.0,0.0,0.0,0.0,0.0,65.0,0.0,100.0,0.0,0.0,100.0,0.0,870.0,0.0,0.0,870.0,0.0,0.0,0.0,0.0,0.0,0.0,0.0,0.0,0.0,0.0,170.0,0.0,745.0,170.0,0.0,745.0,115.0,0.0,0.0,115.0,5.0,0.0,0.0,5.0,0.0,0.0,"Jan 19, 2017"
2703,2809006.0,25867.0,Salah al-Din,Tuz Khurmatu,Hay Mula Safar-102,حي ملا صفر م(5-الطوز)محلة 102,34.88232614,44.62729951,8.0,48.0,0.0,0.0,0.0,0.0,0.0,0.0,0.0,0.0,0.0,0.0,0.0,0.0,0.0,0.0,8.0,0.0,0.0,0.0,0.0,0.0,0.0,0.0,0.0,0.0,0.0,0.0,8.0,0.0,0.0,8.0,0.0,0.0,0.0,0.0,0.0,0.0,0.0,0.0,0.0,0.0,0.0,0.0,5.0,0.0,0.0,5.0,3.0,0.0,0.0,3.0,0.0,0.0,0.0,0.0,0.0,0.0,"Jan 19, 2017"
2704,2809007.0,25868.0,Salah al-Din,Tuz Khurmatu,Hay Rizgari-114,حي رزكاري م(5-الطوز)محلة 114,34.8867014915,44.6411486719,305.0,1830.0,0.0,0.0,0.0,0.0,0.0,0.0,0.0,0.0,0.0,0.0,0.0,0.0,0.0,0.0,305.0,0.0,0.0,0.0,0.0,0.0,0.0,0.0,0.0,0.0,0.0,0.0,305.0,0.0,0.0,305.0,0.0,0.0,0.0,0.0,0.0,0.0,0.0,0.0,0.0,0.0,10.0,0.0,260.0,10.0,35.0,260.0,0.0,35.0,0.0,0.0,0.0,0.0,0.0,0.0,0.0,0.0,"Jan 19, 2017"
2705,2809008.0,25869.0,Salah al-Din,Tuz Khurmatu,Hay Shoraw-1,مقاطعة 1 شوراو,35.0732398297,44.5028073771,101.0,606.0,0.0,0.0,0.0,0.0,0.0,63.0,0.0,0.0,0.0,0.0,0.0,0.0,0.0,0.0,38.0,0.0,0.0,0.0,0.0,0.0,0.0,101.0,0.0,0.0,101.0,0.0,0.0,0.0,0.0,0.0,0.0,0.0,0.0,0.0,0.0,0.0,0.0,0.0,0.0,0.0,20.0,0.0,68.0,20.0,0.0,68.0,0.0,0.0,13.0,0.0,0.0,13.0,0.0,0.0,0.0,0.0,"Jan 19, 2017"
2706,2809009.0,25749.0,Salah al-Din,Tuz Khurmatu,Markaz Tooz-Barbara village,قرية بربارة,34.96371302,44.4619925,9.0,54.0,0.0,0.0,0.0,0.0,0.0,2.0,0.0,0.0,0.0,0.0,0.0,0.0,0.0,0.0,7.0,0.0,0.0,0.0,0.0,6.0,0.0,0.0,0.0,0.0,0.0,0.0,0.0,0.0,0.0,0.0,0.0,0.0,0.0,0.0,3.0,0.0,0.0,3.0,0.0,0.0,0.0,0.0,7.0,0.0,0.0,7.0,2.0,0.0,0.0,2.0,0.0,0.0,0.0,0.0,0.0,0.0,"Jan 19, 2017"
2707,2809010.0,25754.0,Salah al-Din,Tuz Khurmatu,Markaz Tooz-Hay Al Askari,حي العسكري,34.8789338333,44.6156447403,970.0,5820.0,10.0,0.0,0.0,0.0,0.0,0.0,0.0,0.0,0.0,0.0,0.0,0.0,0.0,0.0,960.0,0.0,0.0,0.0,0.0,40.0,0.0,40.0,0.0,0.0,40.0,0.0,890.0,0.0,0.0,890.0,0.0,0.0,0.0,0.0,0.0,0.0,0.0,0.0,0.0,0.0,105.0,0.0,800.0,105.0,5.0,800.0,60.0,5.0,0.0,60.0,0.0,0.0,0.0,0.0,0.0,0.0,"Jan 19, 2017"
2708,2809011.0,25751.0,Salah al-Din,Tuz Khurmatu,Markaz Tooz-Hay Al Hussien 124,محلة 124 الحسين,34.8838157585,44.6315143244,10.0,60.0,0.0,0.0,0.0,0.0,0.0,0.0,0.0,0.0,0.0,0.0,0.0,0.0,0.0,0.0,10.0,0.0,0.0,0.0,0.0,0.0,0.0,0.0,0.0,0.0,0.0,0.0,10.0,0.0,0.0,10.0,0.0,0.0,0.0,0.0,0.0,0.0,0.0,0.0,0.0,0.0,10.0,0.0,0.0,10.0,0.0,0.0,0.0,0.0,0.0,0.0,0.0,0.0,0.0,0.0,0.0,0.0,"Jan 19, 2017"
2709,2809012.0,25752.0,Salah al-Din,Tuz Khurmatu,Markaz Tooz-Hay Al Taiyar 122,محلة 122,34.9021581202,44.6204883214,707.0,4242.0,0.0,0.0,0.0,0.0,0.0,32.0,0.0,0.0,0.0,0.0,0.0,0.0,0.0,0.0,675.0,0.0,0.0,0.0,0.0,155.0,0.0,0.0,0.0,0.0,0.0,0.0,552.0,0.0,0.0,552.0,0.0,0.0,0.0,0.0,0.0,0.0,0.0,0.0,0.0,0.0,125.0,0.0,582.0,125.0,0.0,582.0,0.0,0.0,0.0,0.0,0.0,0.0,0.0,0.0,0.0,0.0,"Jan 19, 2017"
2710,2809014.0,25756.0,Salah al-Din,Tuz Khurmatu,Markaz Tooz-Hay Aurtah,حي أورطة,34.8897898106,44.634121243,20.0,120.0,0.0,0.0,0.0,0.0,0.0,0.0,0.0,0.0,0.0,0.0,0.0,0.0,0.0,0.0,20.0,0.0,0.0,0.0,0.0,0.0,0.0,0.0,0.0,0.0,0.0,0.0,20.0,0.0,0.0,20.0,0.0,0.0,0.0,0.0,0.0,0.0,0.0,0.0,0.0,0.0,20.0,0.0,0.0,20.0,0.0,0.0,0.0,0.0,0.0,0.0,0.0,0.0,0.0,0.0,0.0,0.0,"Jan 19, 2017"
2711,2809015.0,25750.0,Salah al-Din,Tuz Khurmatu,Markaz Tooz-Hay Brayati,محلة برايتي,34.9050825079,44.6092061477,298.0,1788.0,12.0,0.0,0.0,0.0,0.0,21.0,0.0,0.0,10.0,0.0,0.0,0.0,2.0,0.0,253.0,0.0,0.0,0.0,0.0,20.0,0.0,15.0,0.0,0.0,15.0,0.0,263.0,0.0,0.0,263.0,0.0,0.0,0.0,0.0,0.0,0.0,0.0,0.0,5.0,0.0,25.0,5.0,250.0,25.0,0.0,250.0,15.0,0.0,0.0,15.0,3.0,0.0,0.0,3.0,0.0,0.0,"Jan 19, 2017"
2712,2809016.0,25755.0,Salah al-Din,Tuz Khurmatu,Markaz Tooz-Hay Imam Ahmed,حي امام احمد,34.88186876,44.6243641833,12.0,72.0,0.0,0.0,0.0,0.0,0.0,0.0,0.0,0.0,0.0,0.0,0.0,0.0,0.0,0.0,12.0,0.0,0.0,0.0,0.0,2.0,0.0,0.0,0.0,0.0,0.0,0.0,10.0,0.0,0.0,10.0,0.0,0.0,0.0,0.0,0.0,0.0,0.0,0.0,0.0,0.0,10.0,0.0,0.0,10.0,0.0,0.0,2.0,0.0,0.0,2.0,0.0,0.0,0.0,0.0,0.0,0.0,"Jan 19, 2017"
2713,2809017.0,25748.0,Salah al-Din,Tuz Khurmatu,Markaz Tooz-Jesir Dara,جسر دارا,34.9510712127,44.5945517295,3.0,18.0,0.0,0.0,0.0,0.0,0.0,3.0,0.0,0.0,0.0,0.0,0.0,0.0,0.0,0.0,0.0,0.0,0.0,0.0,0.0,3.0,0.0,0.0,0.0,0.0,0.0,0.0,0.0,0.0,0.0,0.0,0.0,0.0,0.0,0.0,0.0,0.0,0.0,0.0,0.0,0.0,3.0,0.0,0.0,3.0,0.0,0.0,0.0,0.0,0.0,0.0,0.0,0.0,0.0,0.0,0.0,0.0,"Jan 19, 2017"
2714,2809018.0,20405.0,Salah al-Din,Tuz Khurmatu,Sankur,سنكور,35.008807295,44.5383274353,302.0,1812.0,0.0,0.0,0.0,0.0,0.0,0.0,0.0,0.0,0.0,0.0,0.0,0.0,0.0,0.0,302.0,0.0,0.0,0.0,0.0,190.0,0.0,112.0,0.0,0.0,112.0,0.0,0.0,0.0,0.0,0.0,0.0,0.0,0.0,0.0,0.0,0.0,0.0,0.0,0.0,0.0,273.0,0.0,7.0,273.0,0.0,7.0,0.0,0.0,22.0,0.0,0.0,22.0,0.0,0.0,0.0,0.0,"Jan 19, 2017"
2715,2809019.0,25871.0,Salah al-Din,Tuz Khurmatu,Shaikh Abd village,قرية شيخ عبد,34.79865,44.7232650563,570.0,3420.0,0.0,0.0,0.0,0.0,0.0,0.0,0.0,0.0,0.0,0.0,0.0,0.0,0.0,0.0,570.0,0.0,0.0,0.0,0.0,0.0,0.0,570.0,0.0,0.0,570.0,0.0,0.0,0.0,0.0,0.0,0.0,0.0,0.0,0.0,0.0,0.0,0.0,0.0,0.0,0.0,20.0,0.0,285.0,20.0,0.0,285.0,265.0,0.0,0.0,265.0,0.0,0.0,0.0,0.0,0.0,0.0,"Jan 19, 2017"
2716,2809020.0,25870.0,Salah al-Din,Tuz Khurmatu,Tal Al Naqqar,تل النقار,34.732738,44.800704,380.0,2280.0,0.0,0.0,0.0,0.0,0.0,30.0,0.0,0.0,0.0,0.0,0.0,0.0,0.0,0.0,350.0,0.0,0.0,0.0,0.0,160.0,0.0,220.0,0.0,0.0,220.0,0.0,0.0,0.0,0.0,0.0,0.0,0.0,0.0,0.0,0.0,0.0,0.0,0.0,0.0,0.0,35.0,0.0,345.0,35.0,0.0,345.0,0.0,0.0,0.0,0.0,0.0,0.0,0.0,0.0,0.0,0.0,"Jan 19, 2017"
2717,2809021.0,20992.0,Salah al-Din,Tuz Khurmatu,Tooz-Hay Al Teen,حي الطين,34.8726647959,44.6202448173,270.0,1620.0,15.0,0.0,0.0,0.0,0.0,0.0,0.0,0.0,5.0,0.0,0.0,0.0,0.0,0.0,250.0,0.0,0.0,0.0,0.0,10.0,0.0,30.0,0.0,0.0,30.0,0.0,230.0,0.0,0.0,230.0,0.0,0.0,0.0,0.0,0.0,0.0,0.0,0.0,80.0,0.0,150.0,80.0,20.0,150.0,5.0,20.0,15.0,5.0,0.0,15.0,0.0,0.0,0.0,0.0,0.0,0.0,"Jan 19, 2017"
2718,2809022.0,25872.0,Salah al-Din,Tuz Khurmatu,Unformal Shelter,سكن غير رسمي,34.9051509006,44.6358183762,520.0,3120.0,0.0,0.0,0.0,0.0,0.0,0.0,0.0,0.0,0.0,0.0,0.0,0.0,0.0,0.0,520.0,0.0,0.0,0.0,0.0,30.0,0.0,190.0,0.0,0.0,190.0,0.0,300.0,0.0,0.0,300.0,0.0,0.0,0.0,0.0,0.0,0.0,0.0,0.0,0.0,0.0,410.0,0.0,100.0,410.0,0.0,100.0,10.0,0.0,0.0,10.0,0.0,0.0,0.0,0.0,0.0,0.0,"Jan 19, 2017"
2719,2809034.0,20430.0,Salah al-Din,Tuz Khurmatu,Nawjool area,منطقة نوجول,34.9758582028,44.7624145752,287.0,1722.0,0.0,0.0,0.0,0.0,0.0,17.0,0.0,0.0,0.0,0.0,0.0,0.0,0.0,0.0,270.0,0.0,0.0,0.0,0.0,37.0,0.0,250.0,0.0,0.0,250.0,0.0,0.0,0.0,0.0,0.0,0.0,0.0,0.0,0.0,0.0,0.0,0.0,0.0,0.0,0.0,200.0,0.0,87.0,200.0,0.0,87.0,0.0,0.0,0.0,0.0,0.0,0.0,0.0,0.0,0.0,0.0,"Jan 19, 2017"
2720,2901001.0,19509.0,Wassit,Al-Hai,Al Bashaer sub-district,ناحية البشائر ,32.1243089772,46.116103253,13.0,78.0,0.0,0.0,0.0,0.0,0.0,0.0,0.0,0.0,0.0,0.0,0.0,0.0,13.0,0.0,0.0,0.0,0.0,0.0,0.0,3.0,0.0,0.0,0.0,0.0,0.0,0.0,8.0,0.0,0.0,8.0,0.0,0.0,0.0,0.0,2.0,0.0,0.0,2.0,0.0,0.0,0.0,0.0,0.0,0.0,13.0,0.0,0.0,13.0,0.0,0.0,0.0,0.0,0.0,0.0,0.0,0.0,"Jan 19, 2017"
2721,2901003.0,25324.0,Wassit,Al-Hai,Al Bashaer-Al-Qudis 1,ناحية البشائر-القدس الأولى,32.1263752266,46.1168290734,3.0,18.0,0.0,0.0,0.0,0.0,0.0,0.0,0.0,0.0,0.0,0.0,0.0,0.0,3.0,0.0,0.0,0.0,0.0,0.0,0.0,3.0,0.0,0.0,0.0,0.0,0.0,0.0,0.0,0.0,0.0,0.0,0.0,0.0,0.0,0.0,0.0,0.0,0.0,0.0,0.0,0.0,3.0,0.0,0.0,3.0,0.0,0.0,0.0,0.0,0.0,0.0,0.0,0.0,0.0,0.0,0.0,0.0,"Jan 19, 2017"
2722,2901004.0,25325.0,Wassit,Al-Hai,Al Bashaer-Al-Qudis 2,ناحية البشائر-القدس الثانيه,32.1243835749,46.1201123357,4.0,24.0,0.0,0.0,0.0,0.0,0.0,0.0,0.0,0.0,0.0,0.0,0.0,0.0,4.0,0.0,0.0,0.0,0.0,0.0,0.0,4.0,0.0,0.0,0.0,0.0,0.0,0.0,0.0,0.0,0.0,0.0,0.0,0.0,0.0,0.0,0.0,0.0,0.0,0.0,0.0,0.0,4.0,0.0,0.0,4.0,0.0,0.0,0.0,0.0,0.0,0.0,0.0,0.0,0.0,0.0,0.0,0.0,"Jan 19, 2017"
2723,2901006.0,24875.0,Wassit,Al-Hai,City Center,المركز,32.1686021511,46.0448498378,10.0,60.0,0.0,0.0,0.0,0.0,0.0,0.0,0.0,0.0,0.0,0.0,0.0,0.0,10.0,0.0,0.0,0.0,0.0,0.0,0.0,0.0,0.0,0.0,0.0,0.0,0.0,0.0,10.0,0.0,0.0,10.0,0.0,0.0,0.0,0.0,0.0,0.0,0.0,0.0,0.0,0.0,10.0,0.0,0.0,10.0,0.0,0.0,0.0,0.0,0.0,0.0,0.0,0.0,0.0,0.0,0.0,0.0,"Jan 19, 2017"
2724,2901007.0,18593.0,Wassit,Al-Hai,Al Muwaffaqiyah,الموفقية,32.2703462847,45.9281241922,34.0,204.0,0.0,0.0,0.0,0.0,0.0,0.0,0.0,0.0,0.0,0.0,0.0,0.0,34.0,0.0,0.0,0.0,0.0,0.0,0.0,0.0,0.0,0.0,0.0,0.0,0.0,0.0,19.0,0.0,0.0,19.0,0.0,0.0,0.0,0.0,15.0,0.0,0.0,15.0,0.0,0.0,34.0,0.0,0.0,34.0,0.0,0.0,0.0,0.0,0.0,0.0,0.0,0.0,0.0,0.0,0.0,0.0,"Jan 19, 2017"
2725,2901008.0,25579.0,Wassit,Al-Hai,Al-Askari Al-Thania,حي العسكري الثانية,32.18357076,46.0389907801,3.0,18.0,0.0,0.0,0.0,0.0,0.0,0.0,0.0,0.0,0.0,0.0,0.0,0.0,0.0,0.0,3.0,0.0,0.0,0.0,0.0,3.0,0.0,0.0,0.0,0.0,0.0,0.0,0.0,0.0,0.0,0.0,0.0,0.0,0.0,0.0,0.0,0.0,0.0,0.0,0.0,0.0,0.0,0.0,3.0,0.0,0.0,3.0,0.0,0.0,0.0,0.0,0.0,0.0,0.0,0.0,0.0,0.0,"Jan 19, 2017"
2726,2901009.0,25580.0,Wassit,Al-Hai,Al-Askari Al-Uwla,حي العسكري الاولى,32.1846574115,46.0394045688,13.0,78.0,0.0,0.0,0.0,0.0,0.0,0.0,0.0,0.0,0.0,0.0,0.0,0.0,13.0,0.0,0.0,0.0,0.0,0.0,0.0,0.0,0.0,0.0,0.0,0.0,0.0,0.0,13.0,0.0,0.0,13.0,0.0,0.0,0.0,0.0,0.0,0.0,0.0,0.0,0.0,0.0,13.0,0.0,0.0,13.0,0.0,0.0,0.0,0.0,0.0,0.0,0.0,0.0,0.0,0.0,0.0,0.0,"Jan 19, 2017"
2727,2901010.0,25584.0,Wassit,Al-Hai,Hay Al-Imam Al-Sadiq,حي الأمام الصادق,32.1658614777,46.0435712335,5.0,30.0,0.0,0.0,0.0,0.0,0.0,0.0,0.0,0.0,0.0,0.0,0.0,0.0,5.0,0.0,0.0,0.0,0.0,0.0,0.0,0.0,0.0,0.0,0.0,0.0,0.0,0.0,5.0,0.0,0.0,5.0,0.0,0.0,0.0,0.0,0.0,0.0,0.0,0.0,0.0,0.0,5.0,0.0,0.0,5.0,0.0,0.0,0.0,0.0,0.0,0.0,0.0,0.0,0.0,0.0,0.0,0.0,"Jan 19, 2017"
2728,2901011.0,18722.0,Wassit,Al-Hai,Hay Al-Saray,حي السراي,32.1736219586,46.0453062739,35.0,210.0,0.0,0.0,0.0,0.0,0.0,0.0,0.0,0.0,0.0,0.0,0.0,0.0,29.0,0.0,6.0,0.0,0.0,0.0,0.0,0.0,0.0,0.0,0.0,0.0,0.0,0.0,35.0,0.0,0.0,35.0,0.0,0.0,0.0,0.0,0.0,0.0,0.0,0.0,0.0,0.0,29.0,0.0,6.0,29.0,0.0,6.0,0.0,0.0,0.0,0.0,0.0,0.0,0.0,0.0,0.0,0.0,"Jan 19, 2017"
2729,2901013.0,25581.0,Wassit,Al-Hai,Hay Saed Al-Thania,حي سعيد الثانية,32.1666615037,46.0558181215,40.0,240.0,10.0,0.0,0.0,0.0,0.0,0.0,0.0,0.0,5.0,0.0,0.0,0.0,25.0,0.0,0.0,0.0,0.0,0.0,0.0,0.0,0.0,0.0,0.0,0.0,0.0,0.0,40.0,0.0,0.0,40.0,0.0,0.0,0.0,0.0,0.0,0.0,0.0,0.0,10.0,0.0,25.0,10.0,5.0,25.0,0.0,5.0,0.0,0.0,0.0,0.0,0.0,0.0,0.0,0.0,0.0,0.0,"Jan 19, 2017"
2730,2901015.0,18733.0,Wassit,Al-Hai,Al-hay al-asri,الحي العصري,32.1778075568,46.0441819224,17.0,102.0,0.0,0.0,0.0,0.0,0.0,0.0,0.0,0.0,0.0,0.0,0.0,0.0,17.0,0.0,0.0,0.0,0.0,0.0,0.0,17.0,0.0,0.0,0.0,0.0,0.0,0.0,0.0,0.0,0.0,0.0,0.0,0.0,0.0,0.0,0.0,0.0,0.0,0.0,0.0,0.0,17.0,0.0,0.0,17.0,0.0,0.0,0.0,0.0,0.0,0.0,0.0,0.0,0.0,0.0,0.0,0.0,"Jan 19, 2017"
2731,2901016.0,25576.0,Wassit,Al-Hai,Al-Hay Al-Asri Al-Thalitha,الحي العصري الثالثة,32.180892262,46.0408434203,4.0,24.0,0.0,0.0,0.0,0.0,0.0,0.0,0.0,0.0,0.0,0.0,0.0,0.0,4.0,0.0,0.0,0.0,0.0,0.0,0.0,4.0,0.0,0.0,0.0,0.0,0.0,0.0,0.0,0.0,0.0,0.0,0.0,0.0,0.0,0.0,0.0,0.0,0.0,0.0,0.0,0.0,4.0,0.0,0.0,4.0,0.0,0.0,0.0,0.0,0.0,0.0,0.0,0.0,0.0,0.0,0.0,0.0,"Jan 19, 2017"
2732,2901017.0,25577.0,Wassit,Al-Hai,Al-Hurria Al-Thania,حي الحرية الثانية,32.18181347,46.03414995,7.0,42.0,0.0,0.0,0.0,0.0,0.0,0.0,0.0,0.0,0.0,0.0,0.0,0.0,7.0,0.0,0.0,0.0,0.0,0.0,0.0,7.0,0.0,0.0,0.0,0.0,0.0,0.0,0.0,0.0,0.0,0.0,0.0,0.0,0.0,0.0,0.0,0.0,0.0,0.0,0.0,0.0,7.0,0.0,0.0,7.0,0.0,0.0,0.0,0.0,0.0,0.0,0.0,0.0,0.0,0.0,0.0,0.0,"Jan 19, 2017"
2733,2901018.0,25583.0,Wassit,Al-Hai,Al-Zaiton Neighborhood,حي الزيتون,32.1736000122,46.0453097383,4.0,24.0,0.0,0.0,0.0,0.0,0.0,0.0,0.0,0.0,0.0,0.0,0.0,0.0,4.0,0.0,0.0,0.0,0.0,0.0,0.0,4.0,0.0,0.0,0.0,0.0,0.0,0.0,0.0,0.0,0.0,0.0,0.0,0.0,0.0,0.0,0.0,0.0,0.0,0.0,0.0,0.0,4.0,0.0,0.0,4.0,0.0,0.0,0.0,0.0,0.0,0.0,0.0,0.0,0.0,0.0,0.0,0.0,"Jan 19, 2017"
2734,2901019.0,24876.0,Wassit,Al-Hai,Hay Al Ghadeer,حي الغدير,32.2731485129,45.9272292661,12.0,72.0,6.0,0.0,0.0,0.0,0.0,0.0,0.0,0.0,0.0,0.0,0.0,0.0,6.0,0.0,0.0,0.0,0.0,0.0,0.0,0.0,0.0,0.0,0.0,0.0,0.0,0.0,12.0,0.0,0.0,12.0,0.0,0.0,0.0,0.0,0.0,0.0,0.0,0.0,6.0,0.0,6.0,6.0,0.0,6.0,0.0,0.0,0.0,0.0,0.0,0.0,0.0,0.0,0.0,0.0,0.0,0.0,"Jan 19, 2017"
2735,2901020.0,18718.0,Wassit,Al-Hai,Bashaeer-Al-Imam Al-Sadiq Village,ناحية البشائر-قرية الأمام الصادق,32.1457948177,46.0435444401,5.0,30.0,0.0,0.0,0.0,0.0,0.0,0.0,0.0,0.0,0.0,0.0,0.0,0.0,5.0,0.0,0.0,0.0,0.0,0.0,0.0,5.0,0.0,0.0,0.0,0.0,0.0,0.0,0.0,0.0,0.0,0.0,0.0,0.0,0.0,0.0,0.0,0.0,0.0,0.0,0.0,0.0,5.0,0.0,0.0,5.0,0.0,0.0,0.0,0.0,0.0,0.0,0.0,0.0,0.0,0.0,0.0,0.0,"Jan 19, 2017"
2736,2901021.0,18732.0,Wassit,Al-Hai,Hay al-muaalimen al-thaniyah,حي المعلمين الثانية,32.1802037857,46.0342994689,7.0,42.0,0.0,0.0,0.0,0.0,0.0,0.0,0.0,0.0,0.0,0.0,0.0,0.0,7.0,0.0,0.0,0.0,0.0,0.0,0.0,0.0,0.0,0.0,0.0,0.0,0.0,7.0,0.0,7.0,0.0,0.0,0.0,0.0,0.0,0.0,0.0,0.0,0.0,0.0,0.0,0.0,7.0,0.0,0.0,7.0,0.0,0.0,0.0,0.0,0.0,0.0,0.0,0.0,0.0,0.0,0.0,0.0,"Jan 19, 2017"
2737,2901022.0,18686.0,Wassit,Al-Hai,Hay Al-Rasol,حي الرسول,32.2648546333,45.9271141983,20.0,120.0,0.0,0.0,0.0,0.0,0.0,0.0,0.0,0.0,0.0,0.0,0.0,0.0,20.0,0.0,0.0,0.0,0.0,0.0,0.0,20.0,0.0,0.0,0.0,0.0,0.0,0.0,0.0,0.0,0.0,0.0,0.0,0.0,0.0,0.0,0.0,0.0,0.0,0.0,0.0,0.0,20.0,0.0,0.0,20.0,0.0,0.0,0.0,0.0,0.0,0.0,0.0,0.0,0.0,0.0,0.0,0.0,"Jan 19, 2017"
2738,2901024.0,24105.0,Wassit,Al-Hai,Hay Al-Wehda(Mahala al-arab),حي الوحدة-محلة العرب,32.1686528248,46.0420213616,13.0,78.0,0.0,0.0,0.0,0.0,0.0,0.0,0.0,0.0,0.0,0.0,0.0,0.0,13.0,0.0,0.0,0.0,0.0,0.0,0.0,2.0,0.0,0.0,0.0,0.0,0.0,0.0,11.0,0.0,0.0,11.0,0.0,0.0,0.0,0.0,0.0,0.0,0.0,0.0,0.0,0.0,13.0,0.0,0.0,13.0,0.0,0.0,0.0,0.0,0.0,0.0,0.0,0.0,0.0,0.0,0.0,0.0,"Jan 19, 2017"
2739,2901026.0,24879.0,Wassit,Al-Hai,Hay Emam Ali,حي الامام علي,32.26831648,45.92534493,15.0,90.0,0.0,0.0,0.0,0.0,0.0,0.0,0.0,0.0,0.0,0.0,0.0,0.0,15.0,0.0,0.0,0.0,0.0,0.0,0.0,0.0,0.0,0.0,0.0,0.0,0.0,0.0,15.0,0.0,0.0,15.0,0.0,0.0,0.0,0.0,0.0,0.0,0.0,0.0,0.0,0.0,15.0,0.0,0.0,15.0,0.0,0.0,0.0,0.0,0.0,0.0,0.0,0.0,0.0,0.0,0.0,0.0,"Jan 19, 2017"
2740,2902003.0,25101.0,Wassit,Al-Na'maniya,Al-Jameiah-1,الجمعية الاولى,32.5421943467,45.4151827766,4.0,24.0,0.0,0.0,0.0,0.0,0.0,0.0,0.0,0.0,0.0,0.0,0.0,0.0,4.0,0.0,0.0,0.0,0.0,0.0,0.0,4.0,0.0,0.0,0.0,0.0,0.0,0.0,0.0,0.0,0.0,0.0,0.0,0.0,0.0,0.0,0.0,0.0,0.0,0.0,0.0,0.0,4.0,0.0,0.0,4.0,0.0,0.0,0.0,0.0,0.0,0.0,0.0,0.0,0.0,0.0,0.0,0.0,"Jan 19, 2017"
2741,2902004.0,25096.0,Wassit,Al-Na'maniya,Al-Hakeem villge,قرية الحكيم,32.543523517,45.3853146776,114.0,684.0,9.0,0.0,0.0,0.0,0.0,0.0,0.0,0.0,0.0,0.0,0.0,0.0,105.0,0.0,0.0,0.0,0.0,0.0,0.0,7.0,0.0,0.0,0.0,0.0,0.0,107.0,0.0,107.0,0.0,0.0,0.0,0.0,0.0,0.0,0.0,0.0,0.0,0.0,0.0,0.0,105.0,0.0,0.0,105.0,0.0,0.0,9.0,0.0,0.0,9.0,0.0,0.0,0.0,0.0,0.0,0.0,"Jan 19, 2017"
2742,2902005.0,19539.0,Wassit,Al-Na'maniya,Al-Baqaratain Village,قرية البقرتين,32.5312243955,45.3458673255,30.0,180.0,0.0,0.0,0.0,0.0,0.0,0.0,0.0,0.0,0.0,0.0,0.0,0.0,30.0,0.0,0.0,0.0,0.0,0.0,0.0,0.0,0.0,0.0,0.0,0.0,0.0,30.0,0.0,30.0,0.0,0.0,0.0,0.0,0.0,0.0,0.0,0.0,0.0,0.0,0.0,0.0,30.0,0.0,0.0,30.0,0.0,0.0,0.0,0.0,0.0,0.0,0.0,0.0,0.0,0.0,0.0,0.0,"Jan 19, 2017"
2743,2902009.0,25796.0,Wassit,Al-Na'maniya,Imam Rudha,حي الأمام الرضا,32.5428670913,45.4167027411,21.0,126.0,0.0,0.0,0.0,0.0,0.0,0.0,0.0,0.0,0.0,0.0,0.0,0.0,21.0,0.0,0.0,0.0,0.0,0.0,0.0,0.0,0.0,0.0,0.0,0.0,0.0,0.0,21.0,0.0,0.0,21.0,0.0,0.0,0.0,0.0,0.0,0.0,0.0,0.0,0.0,0.0,21.0,0.0,0.0,21.0,0.0,0.0,0.0,0.0,0.0,0.0,0.0,0.0,0.0,0.0,0.0,0.0,"Jan 19, 2017"
2744,2902012.0,25308.0,Wassit,Al-Na'maniya,Shadhi Al-Gherbi,شاذي الغربي,32.5962456,45.53715122,8.0,48.0,0.0,0.0,0.0,0.0,0.0,0.0,0.0,0.0,0.0,0.0,0.0,0.0,8.0,0.0,0.0,0.0,0.0,0.0,0.0,0.0,0.0,0.0,0.0,0.0,0.0,8.0,0.0,8.0,0.0,0.0,0.0,0.0,0.0,0.0,0.0,0.0,0.0,0.0,0.0,0.0,8.0,0.0,0.0,8.0,0.0,0.0,0.0,0.0,0.0,0.0,0.0,0.0,0.0,0.0,0.0,0.0,"Jan 19, 2017"
2745,2902013.0,25309.0,Wassit,Al-Na'maniya,Shadhi Al-Sharki,شاذي الشرقي,32.5961818691,45.5284463823,10.0,60.0,0.0,0.0,0.0,0.0,0.0,0.0,0.0,0.0,0.0,0.0,0.0,0.0,10.0,0.0,0.0,0.0,0.0,0.0,0.0,0.0,0.0,0.0,0.0,0.0,0.0,0.0,10.0,0.0,0.0,10.0,0.0,0.0,0.0,0.0,0.0,0.0,0.0,0.0,0.0,0.0,10.0,0.0,0.0,10.0,0.0,0.0,0.0,0.0,0.0,0.0,0.0,0.0,0.0,0.0,0.0,0.0,"Jan 19, 2017"
2746,2902014.0,26024.0,Wassit,Al-Na'maniya,Hay Al-Shraqia,حي الشرقية,32.5695141885,45.3952872006,7.0,42.0,0.0,0.0,0.0,0.0,0.0,0.0,0.0,0.0,0.0,0.0,0.0,0.0,7.0,0.0,0.0,0.0,0.0,0.0,0.0,0.0,0.0,0.0,0.0,0.0,0.0,0.0,7.0,0.0,0.0,7.0,0.0,0.0,0.0,0.0,0.0,0.0,0.0,0.0,0.0,0.0,0.0,0.0,7.0,0.0,0.0,7.0,0.0,0.0,0.0,0.0,0.0,0.0,0.0,0.0,0.0,0.0,"Jan 19, 2017"
2747,2902019.0,26025.0,Wassit,Al-Na'maniya,Misarhad village,قرية مسرهد,32.5083335857,45.2601333363,35.0,210.0,0.0,0.0,0.0,0.0,0.0,0.0,0.0,0.0,0.0,0.0,0.0,0.0,35.0,0.0,0.0,0.0,0.0,0.0,0.0,15.0,0.0,0.0,0.0,0.0,0.0,20.0,0.0,20.0,0.0,0.0,0.0,0.0,0.0,0.0,0.0,0.0,0.0,0.0,0.0,0.0,35.0,0.0,0.0,35.0,0.0,0.0,0.0,0.0,0.0,0.0,0.0,0.0,0.0,0.0,0.0,0.0,"Jan 19, 2017"
2748,2902020.0,25098.0,Wassit,Al-Na'maniya,Said Habeeb Village,قرية سيد حبيب,32.5195636801,45.2988343503,268.0,1608.0,0.0,0.0,0.0,0.0,0.0,0.0,0.0,0.0,0.0,0.0,0.0,0.0,268.0,0.0,0.0,0.0,0.0,0.0,0.0,65.0,0.0,0.0,0.0,0.0,0.0,183.0,20.0,183.0,0.0,20.0,0.0,0.0,0.0,0.0,0.0,0.0,0.0,0.0,0.0,0.0,268.0,0.0,0.0,268.0,0.0,0.0,0.0,0.0,0.0,0.0,0.0,0.0,0.0,0.0,0.0,0.0,"Jan 19, 2017"
2749,2902021.0,25097.0,Wassit,Al-Na'maniya,Said malik village,قرية سيد مالك,32.5136268038,45.2807206086,215.0,1290.0,0.0,20.0,0.0,0.0,0.0,0.0,0.0,0.0,0.0,0.0,0.0,0.0,195.0,0.0,0.0,0.0,0.0,0.0,0.0,16.0,0.0,0.0,0.0,0.0,0.0,199.0,0.0,199.0,0.0,0.0,0.0,0.0,0.0,0.0,0.0,0.0,0.0,0.0,20.0,0.0,195.0,20.0,0.0,195.0,0.0,0.0,0.0,0.0,0.0,0.0,0.0,0.0,0.0,0.0,0.0,0.0,"Jan 19, 2017"
2750,2903002.0,21392.0,Wassit,Al-Suwaira,Al Shihaimiya city center,مركز الشحيمية,32.689894,44.975801,7.0,42.0,0.0,0.0,0.0,0.0,0.0,0.0,0.0,0.0,0.0,0.0,0.0,0.0,7.0,0.0,0.0,0.0,0.0,0.0,0.0,0.0,0.0,0.0,0.0,0.0,0.0,7.0,0.0,7.0,0.0,0.0,0.0,0.0,0.0,0.0,0.0,0.0,0.0,0.0,0.0,0.0,7.0,0.0,0.0,7.0,0.0,0.0,0.0,0.0,0.0,0.0,0.0,0.0,0.0,0.0,0.0,0.0,"Jan 19, 2017"
2751,2903004.0,19328.0,Wassit,Al-Suwaira,Al-Firdos Village,قرية الفردوس,32.77396792,45.15985707,7.0,42.0,0.0,0.0,0.0,0.0,0.0,0.0,0.0,0.0,0.0,0.0,0.0,0.0,7.0,0.0,0.0,0.0,0.0,0.0,0.0,5.0,0.0,0.0,0.0,0.0,0.0,0.0,2.0,0.0,0.0,2.0,0.0,0.0,0.0,0.0,0.0,0.0,0.0,0.0,0.0,0.0,7.0,0.0,0.0,7.0,0.0,0.0,0.0,0.0,0.0,0.0,0.0,0.0,0.0,0.0,0.0,0.0,"Jan 19, 2017"
2752,2903005.0,25387.0,Wassit,Al-Suwaira,Hay Al-Jihad,حي الجهاد,32.9319066617,44.7739866154,35.0,210.0,25.0,0.0,0.0,0.0,0.0,0.0,0.0,0.0,0.0,0.0,0.0,0.0,0.0,0.0,10.0,0.0,0.0,0.0,0.0,10.0,0.0,0.0,0.0,0.0,0.0,0.0,25.0,0.0,0.0,25.0,0.0,0.0,0.0,0.0,0.0,0.0,0.0,0.0,0.0,0.0,0.0,0.0,10.0,0.0,0.0,10.0,25.0,0.0,0.0,25.0,0.0,0.0,0.0,0.0,0.0,0.0,"Jan 19, 2017"
2753,2903006.0,18774.0,Wassit,Al-Suwaira,Al-Jisir village,قرية الجسر,32.977708943,44.7765162552,45.0,270.0,10.0,0.0,0.0,0.0,0.0,0.0,0.0,0.0,0.0,0.0,0.0,0.0,35.0,0.0,0.0,0.0,0.0,0.0,0.0,0.0,0.0,0.0,0.0,0.0,0.0,4.0,41.0,4.0,0.0,41.0,0.0,0.0,0.0,0.0,0.0,0.0,0.0,0.0,0.0,0.0,35.0,0.0,0.0,35.0,0.0,0.0,10.0,0.0,0.0,10.0,0.0,0.0,0.0,0.0,0.0,0.0,"Jan 19, 2017"
2754,2903007.0,25386.0,Wassit,Al-Suwaira,Hay Al-Maghrib,حي المغرب,32.9263602921,44.768489147,25.0,150.0,25.0,0.0,0.0,0.0,0.0,0.0,0.0,0.0,0.0,0.0,0.0,0.0,0.0,0.0,0.0,0.0,0.0,0.0,0.0,7.0,0.0,0.0,0.0,0.0,0.0,0.0,18.0,0.0,0.0,18.0,0.0,0.0,0.0,0.0,0.0,0.0,0.0,0.0,0.0,0.0,0.0,0.0,5.0,0.0,0.0,5.0,20.0,0.0,0.0,20.0,0.0,0.0,0.0,0.0,0.0,0.0,"Jan 19, 2017"
2755,2903008.0,24217.0,Wassit,Al-Suwaira,Al-Suwaira City Center,مركز الصويره,32.9277720575,44.789159727,100.0,600.0,100.0,0.0,0.0,0.0,0.0,0.0,0.0,0.0,0.0,0.0,0.0,0.0,0.0,0.0,0.0,0.0,0.0,0.0,0.0,0.0,0.0,0.0,0.0,0.0,0.0,0.0,100.0,0.0,0.0,100.0,0.0,0.0,0.0,0.0,0.0,0.0,0.0,0.0,0.0,0.0,0.0,0.0,0.0,0.0,0.0,0.0,100.0,0.0,0.0,100.0,0.0,0.0,0.0,0.0,0.0,0.0,"Jan 19, 2017"
2756,2903009.0,19397.0,Wassit,Al-Suwaira,Hay Al-askary,حي العسكري,32.9329350849,44.7715631157,47.0,282.0,0.0,0.0,0.0,0.0,0.0,0.0,0.0,0.0,0.0,0.0,0.0,0.0,47.0,0.0,0.0,0.0,0.0,0.0,0.0,20.0,0.0,0.0,0.0,0.0,0.0,0.0,27.0,0.0,0.0,27.0,0.0,0.0,0.0,0.0,0.0,0.0,0.0,0.0,0.0,0.0,47.0,0.0,0.0,47.0,0.0,0.0,0.0,0.0,0.0,0.0,0.0,0.0,0.0,0.0,0.0,0.0,"Jan 19, 2017"
2757,2903011.0,25390.0,Wassit,Al-Suwaira,Al-Sudor Village,قرية الصدور,32.754119,45.167689,10.0,60.0,0.0,0.0,0.0,0.0,0.0,0.0,0.0,0.0,0.0,0.0,0.0,0.0,10.0,0.0,0.0,0.0,0.0,0.0,0.0,6.0,0.0,0.0,0.0,0.0,0.0,0.0,4.0,0.0,0.0,4.0,0.0,0.0,0.0,0.0,0.0,0.0,0.0,0.0,0.0,0.0,10.0,0.0,0.0,10.0,0.0,0.0,0.0,0.0,0.0,0.0,0.0,0.0,0.0,0.0,0.0,0.0,"Jan 19, 2017"
2758,2903012.0,25385.0,Wassit,Al-Suwaira,Hai Al-Askari-5 Dunam,حي العسكري-5 دونم,32.9194335049,44.7694341459,50.0,300.0,30.0,0.0,0.0,0.0,0.0,0.0,0.0,0.0,0.0,0.0,0.0,0.0,8.0,0.0,12.0,0.0,0.0,0.0,0.0,19.0,0.0,0.0,0.0,0.0,0.0,0.0,31.0,0.0,0.0,31.0,0.0,0.0,0.0,0.0,0.0,0.0,0.0,0.0,0.0,0.0,6.0,0.0,14.0,6.0,5.0,14.0,25.0,5.0,0.0,25.0,0.0,0.0,0.0,0.0,0.0,0.0,"Jan 19, 2017"
2759,2903014.0,19402.0,Wassit,Al-Suwaira,Hay Al-Furat,حي الفرات,32.9213263851,44.775121695,15.0,90.0,0.0,0.0,0.0,0.0,0.0,0.0,0.0,0.0,0.0,0.0,0.0,0.0,15.0,0.0,0.0,0.0,0.0,0.0,0.0,0.0,0.0,0.0,0.0,0.0,0.0,0.0,15.0,0.0,0.0,15.0,0.0,0.0,0.0,0.0,0.0,0.0,0.0,0.0,0.0,0.0,15.0,0.0,0.0,15.0,0.0,0.0,0.0,0.0,0.0,0.0,0.0,0.0,0.0,0.0,0.0,0.0,"Jan 19, 2017"
2760,2903017.0,25761.0,Wassit,Al-Suwaira,Al-Suwaira City Center,مركز الصويرة,32.9279449,44.78164611,35.0,210.0,35.0,0.0,0.0,0.0,0.0,0.0,0.0,0.0,0.0,0.0,0.0,0.0,0.0,0.0,0.0,0.0,0.0,0.0,0.0,15.0,0.0,0.0,0.0,0.0,0.0,0.0,20.0,0.0,0.0,20.0,0.0,0.0,0.0,0.0,0.0,0.0,0.0,0.0,0.0,0.0,0.0,0.0,0.0,0.0,0.0,0.0,35.0,0.0,0.0,35.0,0.0,0.0,0.0,0.0,0.0,0.0,"Jan 19, 2017"
2761,2903022.0,24155.0,Wassit,Al-Suwaira,Hay Al-Jameya,حي الجمعية,32.7650973125,45.1676896,33.0,198.0,8.0,0.0,0.0,0.0,0.0,0.0,0.0,0.0,0.0,0.0,0.0,0.0,25.0,0.0,0.0,0.0,0.0,0.0,0.0,0.0,0.0,0.0,0.0,0.0,0.0,0.0,33.0,0.0,0.0,33.0,0.0,0.0,0.0,0.0,0.0,0.0,0.0,0.0,0.0,0.0,25.0,0.0,0.0,25.0,0.0,0.0,8.0,0.0,0.0,8.0,0.0,0.0,0.0,0.0,0.0,0.0,"Jan 19, 2017"
2762,2903024.0,18537.0,Wassit,Al-Suwaira,Al-Rujaibia Village,قرية الرجيبية,32.7555189,45.18694495,6.0,36.0,0.0,0.0,0.0,0.0,0.0,0.0,0.0,0.0,0.0,0.0,0.0,0.0,6.0,0.0,0.0,0.0,0.0,0.0,0.0,0.0,0.0,0.0,0.0,0.0,0.0,3.0,3.0,3.0,0.0,3.0,0.0,0.0,0.0,0.0,0.0,0.0,0.0,0.0,0.0,0.0,6.0,0.0,0.0,6.0,0.0,0.0,0.0,0.0,0.0,0.0,0.0,0.0,0.0,0.0,0.0,0.0,"Jan 19, 2017"
2763,2903025.0,25110.0,Wassit,Al-Suwaira,Hay Al-Zahraa,حي الزهراء,32.7632504404,45.1694968811,22.0,132.0,0.0,0.0,0.0,0.0,0.0,0.0,0.0,0.0,0.0,0.0,0.0,0.0,22.0,0.0,0.0,0.0,0.0,0.0,0.0,22.0,0.0,0.0,0.0,0.0,0.0,0.0,0.0,0.0,0.0,0.0,0.0,0.0,0.0,0.0,0.0,0.0,0.0,0.0,0.0,0.0,22.0,0.0,0.0,22.0,0.0,0.0,0.0,0.0,0.0,0.0,0.0,0.0,0.0,0.0,0.0,0.0,"Jan 19, 2017"
2764,2903026.0,25112.0,Wassit,Al-Suwaira,Hay Al-Amer,حي الامير,32.7674584901,45.1672362,31.0,186.0,10.0,0.0,0.0,0.0,0.0,0.0,0.0,0.0,0.0,0.0,0.0,0.0,21.0,0.0,0.0,0.0,0.0,0.0,0.0,0.0,0.0,0.0,0.0,0.0,0.0,0.0,31.0,0.0,0.0,31.0,0.0,0.0,0.0,0.0,0.0,0.0,0.0,0.0,0.0,0.0,0.0,0.0,21.0,0.0,0.0,21.0,10.0,0.0,0.0,10.0,0.0,0.0,0.0,0.0,0.0,0.0,"Jan 19, 2017"
2765,2903027.0,25111.0,Wassit,Al-Suwaira,Qatae Dejla,قطاع دجلة,32.7660703955,45.1717036836,47.0,282.0,10.0,0.0,0.0,0.0,0.0,0.0,0.0,0.0,0.0,0.0,0.0,0.0,37.0,0.0,0.0,0.0,0.0,0.0,0.0,0.0,0.0,0.0,0.0,0.0,0.0,4.0,43.0,4.0,0.0,43.0,0.0,0.0,0.0,0.0,0.0,0.0,0.0,0.0,0.0,0.0,34.0,0.0,0.0,34.0,0.0,0.0,13.0,0.0,0.0,13.0,0.0,0.0,0.0,0.0,0.0,0.0,"Jan 19, 2017"
2766,2903028.0,18436.0,Wassit,Al-Suwaira,Al-Zubaidiya city center,مركز الزبيدية,32.7631419334,45.1728522144,20.0,120.0,13.0,0.0,0.0,0.0,0.0,0.0,0.0,0.0,0.0,0.0,0.0,0.0,7.0,0.0,0.0,0.0,0.0,0.0,0.0,13.0,0.0,0.0,0.0,0.0,0.0,4.0,3.0,4.0,0.0,3.0,0.0,0.0,0.0,0.0,0.0,0.0,0.0,0.0,0.0,0.0,7.0,0.0,0.0,7.0,0.0,0.0,13.0,0.0,0.0,13.0,0.0,0.0,0.0,0.0,0.0,0.0,"Jan 19, 2017"
2767,2904002.0,18443.0,Wassit,Al-Azezia,City Center,المركز,32.908171206,45.0600879915,42.0,252.0,10.0,0.0,0.0,0.0,0.0,0.0,0.0,0.0,0.0,0.0,0.0,0.0,32.0,0.0,0.0,0.0,0.0,0.0,0.0,0.0,0.0,0.0,0.0,0.0,0.0,0.0,42.0,0.0,0.0,42.0,0.0,0.0,0.0,0.0,0.0,0.0,0.0,0.0,0.0,0.0,0.0,0.0,32.0,0.0,0.0,32.0,10.0,0.0,0.0,10.0,0.0,0.0,0.0,0.0,0.0,0.0,"Jan 19, 2017"
2768,2904006.0,24850.0,Wassit,Al-Azezia,Al Dawar Al Gharbi,الدوار الغربي,32.98535623,44.84934995,4.0,24.0,3.0,0.0,1.0,0.0,0.0,0.0,0.0,0.0,0.0,0.0,0.0,0.0,0.0,0.0,0.0,0.0,0.0,0.0,0.0,1.0,0.0,0.0,0.0,0.0,0.0,0.0,3.0,0.0,0.0,3.0,0.0,0.0,0.0,0.0,0.0,0.0,0.0,0.0,0.0,0.0,0.0,0.0,1.0,0.0,0.0,1.0,3.0,0.0,0.0,3.0,0.0,0.0,0.0,0.0,0.0,0.0,"Jan 19, 2017"
2769,2904008.0,22690.0,Wassit,Al-Azezia,Al Murtadha village,قرية المرتضى,32.93040576,44.97012633,14.0,84.0,1.0,0.0,0.0,0.0,0.0,0.0,0.0,0.0,0.0,0.0,0.0,0.0,13.0,0.0,0.0,0.0,0.0,0.0,0.0,0.0,0.0,0.0,0.0,0.0,0.0,0.0,14.0,0.0,0.0,14.0,0.0,0.0,0.0,0.0,0.0,0.0,0.0,0.0,0.0,0.0,13.0,0.0,0.0,13.0,0.0,0.0,1.0,0.0,0.0,1.0,0.0,0.0,0.0,0.0,0.0,0.0,"Jan 19, 2017"
2770,2904009.0,22360.0,Wassit,Al-Azezia,Hay Al Quds,حي القدس,32.9179846419,45.0548027,46.0,276.0,0.0,0.0,0.0,0.0,0.0,0.0,0.0,0.0,0.0,0.0,0.0,0.0,46.0,0.0,0.0,0.0,0.0,0.0,0.0,0.0,0.0,0.0,0.0,0.0,0.0,0.0,46.0,0.0,0.0,46.0,0.0,0.0,0.0,0.0,0.0,0.0,0.0,0.0,0.0,0.0,46.0,0.0,0.0,46.0,0.0,0.0,0.0,0.0,0.0,0.0,0.0,0.0,0.0,0.0,0.0,0.0,"Jan 19, 2017"
2771,2904010.0,24844.0,Wassit,Al-Azezia,Al Sadoniyah,السعدونية,32.9184804602,45.0252698295,23.0,138.0,0.0,0.0,0.0,0.0,0.0,0.0,0.0,0.0,0.0,0.0,0.0,0.0,20.0,0.0,3.0,0.0,0.0,0.0,0.0,0.0,0.0,0.0,0.0,0.0,0.0,0.0,23.0,0.0,0.0,23.0,0.0,0.0,0.0,0.0,0.0,0.0,0.0,0.0,0.0,0.0,23.0,0.0,0.0,23.0,0.0,0.0,0.0,0.0,0.0,0.0,0.0,0.0,0.0,0.0,0.0,0.0,"Jan 19, 2017"
2772,2904011.0,24858.0,Wassit,Al-Azezia,Al-Azezia 150 area,العزيزية 150,32.9061597707,45.0569343,19.0,114.0,0.0,0.0,0.0,0.0,0.0,0.0,0.0,0.0,0.0,0.0,0.0,0.0,19.0,0.0,0.0,0.0,0.0,0.0,0.0,19.0,0.0,0.0,0.0,0.0,0.0,0.0,0.0,0.0,0.0,0.0,0.0,0.0,0.0,0.0,0.0,0.0,0.0,0.0,0.0,0.0,19.0,0.0,0.0,19.0,0.0,0.0,0.0,0.0,0.0,0.0,0.0,0.0,0.0,0.0,0.0,0.0,"Jan 19, 2017"
2773,2904012.0,21043.0,Wassit,Al-Azezia,Al-Debooni City Center,مركز الدبوني ,32.7463361571,45.301434,35.0,210.0,0.0,0.0,0.0,0.0,0.0,0.0,0.0,0.0,0.0,0.0,0.0,0.0,35.0,0.0,0.0,0.0,0.0,0.0,0.0,0.0,0.0,0.0,0.0,0.0,0.0,7.0,25.0,7.0,0.0,25.0,0.0,0.0,0.0,0.0,3.0,0.0,0.0,3.0,0.0,0.0,0.0,0.0,35.0,0.0,0.0,35.0,0.0,0.0,0.0,0.0,0.0,0.0,0.0,0.0,0.0,0.0,"Jan 19, 2017"
2774,2904013.0,19363.0,Wassit,Al-Azezia,Al-Dair al-Aala,الدير الاعلى,32.88968866,45.08582714,8.0,48.0,0.0,0.0,0.0,0.0,0.0,0.0,0.0,0.0,0.0,0.0,0.0,0.0,8.0,0.0,0.0,0.0,0.0,0.0,0.0,2.0,0.0,0.0,0.0,0.0,0.0,0.0,6.0,0.0,0.0,6.0,0.0,0.0,0.0,0.0,0.0,0.0,0.0,0.0,0.0,0.0,5.0,0.0,3.0,5.0,0.0,3.0,0.0,0.0,0.0,0.0,0.0,0.0,0.0,0.0,0.0,0.0,"Jan 19, 2017"
2775,2904015.0,25094.0,Wassit,Al-Azezia,Al-Dir Al Aala 2,الدير الاعلى الثانية,32.88938133,45.0876445919,30.0,180.0,0.0,0.0,0.0,0.0,0.0,12.0,0.0,0.0,0.0,0.0,0.0,0.0,10.0,0.0,8.0,0.0,0.0,0.0,0.0,0.0,0.0,0.0,0.0,0.0,0.0,0.0,30.0,0.0,0.0,30.0,0.0,0.0,0.0,0.0,0.0,0.0,0.0,0.0,12.0,0.0,18.0,12.0,0.0,18.0,0.0,0.0,0.0,0.0,0.0,0.0,0.0,0.0,0.0,0.0,0.0,0.0,"Jan 19, 2017"
2776,2904017.0,24852.0,Wassit,Al-Azezia,Bader Al-Kubra,قرية الحردان,32.93406496,44.97175338,22.0,132.0,0.0,0.0,0.0,0.0,0.0,0.0,0.0,0.0,7.0,0.0,0.0,0.0,15.0,0.0,0.0,0.0,0.0,0.0,0.0,22.0,0.0,0.0,0.0,0.0,0.0,0.0,0.0,0.0,0.0,0.0,0.0,0.0,0.0,0.0,0.0,0.0,0.0,0.0,7.0,0.0,15.0,7.0,0.0,15.0,0.0,0.0,0.0,0.0,0.0,0.0,0.0,0.0,0.0,0.0,0.0,0.0,"Jan 19, 2017"
2777,2904018.0,24860.0,Wassit,Al-Azezia,Al-Jadida,الجديدة,32.92719435,44.98700385,7.0,42.0,0.0,0.0,0.0,0.0,0.0,0.0,0.0,0.0,0.0,0.0,0.0,0.0,7.0,0.0,0.0,0.0,0.0,0.0,0.0,0.0,0.0,7.0,0.0,0.0,7.0,0.0,0.0,0.0,0.0,0.0,0.0,0.0,0.0,0.0,0.0,0.0,0.0,0.0,0.0,0.0,7.0,0.0,0.0,7.0,0.0,0.0,0.0,0.0,0.0,0.0,0.0,0.0,0.0,0.0,0.0,0.0,"Jan 19, 2017"
2778,2904020.0,24856.0,Wassit,Al-Azezia,Al-Khamas 2,الخماس الثانية,32.9182926413,45.0723574399,67.0,402.0,0.0,0.0,0.0,0.0,0.0,0.0,0.0,0.0,0.0,0.0,0.0,0.0,34.0,0.0,33.0,0.0,0.0,0.0,0.0,22.0,0.0,40.0,0.0,0.0,40.0,0.0,5.0,0.0,0.0,5.0,0.0,0.0,0.0,0.0,0.0,0.0,0.0,0.0,0.0,0.0,67.0,0.0,0.0,67.0,0.0,0.0,0.0,0.0,0.0,0.0,0.0,0.0,0.0,0.0,0.0,0.0,"Jan 19, 2017"
2779,2904021.0,24857.0,Wassit,Al-Azezia,Al-Khamas 3,الخماس الثالثة,32.9219217549,45.0725817555,8.0,48.0,0.0,0.0,0.0,0.0,0.0,0.0,0.0,0.0,0.0,0.0,0.0,0.0,8.0,0.0,0.0,0.0,0.0,0.0,0.0,0.0,0.0,0.0,0.0,0.0,0.0,0.0,8.0,0.0,0.0,8.0,0.0,0.0,0.0,0.0,0.0,0.0,0.0,0.0,0.0,0.0,8.0,0.0,0.0,8.0,0.0,0.0,0.0,0.0,0.0,0.0,0.0,0.0,0.0,0.0,0.0,0.0,"Jan 19, 2017"
2780,2904022.0,24855.0,Wassit,Al-Azezia,Al-Khamas1,الخماس الاولى,32.9168755126,45.0721917081,8.0,48.0,0.0,0.0,0.0,0.0,0.0,0.0,0.0,0.0,0.0,0.0,0.0,0.0,8.0,0.0,0.0,0.0,0.0,0.0,0.0,8.0,0.0,0.0,0.0,0.0,0.0,0.0,0.0,0.0,0.0,0.0,0.0,0.0,0.0,0.0,0.0,0.0,0.0,0.0,0.0,0.0,8.0,0.0,0.0,8.0,0.0,0.0,0.0,0.0,0.0,0.0,0.0,0.0,0.0,0.0,0.0,0.0,"Jan 19, 2017"
2781,2904023.0,25090.0,Wassit,Al-Azezia,Al-Karama village,قرية الكرامة,32.9282804678,44.9699393262,11.0,66.0,0.0,0.0,0.0,0.0,0.0,0.0,0.0,0.0,0.0,0.0,0.0,0.0,11.0,0.0,0.0,0.0,0.0,0.0,0.0,11.0,0.0,0.0,0.0,0.0,0.0,0.0,0.0,0.0,0.0,0.0,0.0,0.0,0.0,0.0,0.0,0.0,0.0,0.0,0.0,0.0,11.0,0.0,0.0,11.0,0.0,0.0,0.0,0.0,0.0,0.0,0.0,0.0,0.0,0.0,0.0,0.0,"Jan 19, 2017"
2782,2904024.0,25089.0,Wassit,Al-Azezia,Al-Manseya,المنسية,32.760062309,45.2848969199,5.0,30.0,0.0,0.0,0.0,0.0,0.0,0.0,0.0,0.0,0.0,0.0,0.0,0.0,5.0,0.0,0.0,0.0,0.0,0.0,0.0,5.0,0.0,0.0,0.0,0.0,0.0,0.0,0.0,0.0,0.0,0.0,0.0,0.0,0.0,0.0,0.0,0.0,0.0,0.0,5.0,0.0,0.0,5.0,0.0,0.0,0.0,0.0,0.0,0.0,0.0,0.0,0.0,0.0,0.0,0.0,0.0,0.0,"Jan 19, 2017"
2783,2904025.0,24853.0,Wassit,Al-Azezia,Bader Al-Kubra,المزرعة,33.0054956432,44.8257683206,12.0,72.0,10.0,0.0,0.0,0.0,0.0,0.0,0.0,0.0,0.0,0.0,0.0,0.0,2.0,0.0,0.0,0.0,0.0,0.0,0.0,1.0,0.0,0.0,0.0,0.0,0.0,0.0,11.0,0.0,0.0,11.0,0.0,0.0,0.0,0.0,0.0,0.0,0.0,0.0,2.0,0.0,2.0,2.0,0.0,2.0,0.0,0.0,8.0,0.0,0.0,8.0,0.0,0.0,0.0,0.0,0.0,0.0,"Jan 19, 2017"
2784,2904026.0,24854.0,Wassit,Al-Azezia,Al-Nedhal village,قرية النضال,32.9338284956,44.9716243822,41.0,246.0,3.0,0.0,0.0,0.0,0.0,0.0,0.0,0.0,0.0,0.0,0.0,0.0,38.0,0.0,0.0,0.0,0.0,0.0,0.0,41.0,0.0,0.0,0.0,0.0,0.0,0.0,0.0,0.0,0.0,0.0,0.0,0.0,0.0,0.0,0.0,0.0,0.0,0.0,3.0,0.0,38.0,3.0,0.0,38.0,0.0,0.0,0.0,0.0,0.0,0.0,0.0,0.0,0.0,0.0,0.0,0.0,"Jan 19, 2017"
2785,2904028.0,21340.0,Wassit,Al-Azezia,Al-Qutniya al Sharqiya,القطنية الشرقية,32.93833385,44.95007348,17.0,102.0,0.0,0.0,0.0,0.0,0.0,0.0,0.0,0.0,0.0,0.0,0.0,0.0,17.0,0.0,0.0,0.0,0.0,0.0,0.0,17.0,0.0,0.0,0.0,0.0,0.0,0.0,0.0,0.0,0.0,0.0,0.0,0.0,0.0,0.0,0.0,0.0,0.0,0.0,0.0,0.0,17.0,0.0,0.0,17.0,0.0,0.0,0.0,0.0,0.0,0.0,0.0,0.0,0.0,0.0,0.0,0.0,"Jan 19, 2017"
2786,2904029.0,24841.0,Wassit,Al-Azezia,Al-Rafidain,الرافدين,32.9453869941,44.9141208414,7.0,42.0,0.0,0.0,0.0,0.0,0.0,0.0,0.0,0.0,0.0,0.0,0.0,0.0,7.0,0.0,0.0,0.0,0.0,0.0,0.0,7.0,0.0,0.0,0.0,0.0,0.0,0.0,0.0,0.0,0.0,0.0,0.0,0.0,0.0,0.0,0.0,0.0,0.0,0.0,0.0,0.0,7.0,0.0,0.0,7.0,0.0,0.0,0.0,0.0,0.0,0.0,0.0,0.0,0.0,0.0,0.0,0.0,"Jan 19, 2017"
2787,2904031.0,24859.0,Wassit,Al-Azezia,Al-Sarai,السراي,32.9112280604,45.0634395359,27.0,162.0,9.0,0.0,0.0,0.0,0.0,0.0,0.0,0.0,0.0,0.0,0.0,0.0,10.0,0.0,8.0,0.0,0.0,0.0,0.0,18.0,0.0,0.0,0.0,0.0,0.0,0.0,9.0,0.0,0.0,9.0,0.0,0.0,0.0,0.0,0.0,0.0,0.0,0.0,9.0,0.0,18.0,9.0,0.0,18.0,0.0,0.0,0.0,0.0,0.0,0.0,0.0,0.0,0.0,0.0,0.0,0.0,"Jan 19, 2017"
2788,2904032.0,24842.0,Wassit,Al-Azezia,Al-Shabab 2,الشباب الثانية,32.91180333,45.05101701,4.0,24.0,0.0,0.0,0.0,0.0,0.0,0.0,0.0,0.0,0.0,0.0,0.0,0.0,4.0,0.0,0.0,0.0,0.0,0.0,0.0,4.0,0.0,0.0,0.0,0.0,0.0,0.0,0.0,0.0,0.0,0.0,0.0,0.0,0.0,0.0,0.0,0.0,0.0,0.0,0.0,0.0,4.0,0.0,0.0,4.0,0.0,0.0,0.0,0.0,0.0,0.0,0.0,0.0,0.0,0.0,0.0,0.0,"Jan 19, 2017"
2789,2904033.0,25084.0,Wassit,Al-Azezia,Al-Sharif Alradhi,الشريف الرضي,32.91792667,44.95836857,14.0,84.0,0.0,0.0,0.0,0.0,0.0,0.0,0.0,0.0,0.0,0.0,0.0,0.0,14.0,0.0,0.0,0.0,0.0,0.0,0.0,0.0,0.0,0.0,0.0,0.0,0.0,0.0,14.0,0.0,0.0,14.0,0.0,0.0,0.0,0.0,0.0,0.0,0.0,0.0,0.0,0.0,14.0,0.0,0.0,14.0,0.0,0.0,0.0,0.0,0.0,0.0,0.0,0.0,0.0,0.0,0.0,0.0,"Jan 19, 2017"
2790,2904035.0,19454.0,Wassit,Al-Azezia,Al-Tanmeya,التنمية,32.9513826383,44.9108842815,17.0,102.0,12.0,0.0,0.0,0.0,0.0,0.0,0.0,0.0,4.0,0.0,0.0,0.0,1.0,0.0,0.0,0.0,0.0,0.0,0.0,0.0,0.0,0.0,0.0,0.0,0.0,0.0,17.0,0.0,0.0,17.0,0.0,0.0,0.0,0.0,0.0,0.0,0.0,0.0,6.0,0.0,7.0,6.0,4.0,7.0,0.0,4.0,0.0,0.0,0.0,0.0,0.0,0.0,0.0,0.0,0.0,0.0,"Jan 19, 2017"
2791,2904039.0,24849.0,Wassit,Al-Azezia,Bader Al-Kubra,بدر الكبرى,32.9719295238,44.8633109082,11.0,66.0,0.0,0.0,0.0,0.0,0.0,0.0,0.0,0.0,6.0,0.0,0.0,0.0,5.0,0.0,0.0,0.0,0.0,0.0,0.0,0.0,0.0,0.0,0.0,0.0,0.0,0.0,11.0,0.0,0.0,11.0,0.0,0.0,0.0,0.0,0.0,0.0,0.0,0.0,0.0,0.0,5.0,0.0,6.0,5.0,0.0,6.0,0.0,0.0,0.0,0.0,0.0,0.0,0.0,0.0,0.0,0.0,"Jan 19, 2017"
2792,2904044.0,22361.0,Wassit,Al-Azezia,Al Shabab 1,الشباب الاولى,32.9102026847,45.0449234,8.0,48.0,0.0,0.0,0.0,0.0,0.0,0.0,0.0,0.0,0.0,0.0,0.0,0.0,8.0,0.0,0.0,0.0,0.0,0.0,0.0,2.0,0.0,0.0,0.0,0.0,0.0,0.0,6.0,0.0,0.0,6.0,0.0,0.0,0.0,0.0,0.0,0.0,0.0,0.0,0.0,0.0,8.0,0.0,0.0,8.0,0.0,0.0,0.0,0.0,0.0,0.0,0.0,0.0,0.0,0.0,0.0,0.0,"Jan 19, 2017"
2793,2904045.0,24845.0,Wassit,Al-Azezia,Hay Al-Askari 1,الحي العسكري الاولى,32.9081616908,45.049369184,9.0,54.0,0.0,0.0,0.0,0.0,0.0,0.0,0.0,0.0,0.0,0.0,0.0,0.0,9.0,0.0,0.0,0.0,0.0,0.0,0.0,0.0,0.0,0.0,0.0,0.0,0.0,0.0,9.0,0.0,0.0,9.0,0.0,0.0,0.0,0.0,0.0,0.0,0.0,0.0,0.0,0.0,9.0,0.0,0.0,9.0,0.0,0.0,0.0,0.0,0.0,0.0,0.0,0.0,0.0,0.0,0.0,0.0,"Jan 19, 2017"
2794,2904046.0,24846.0,Wassit,Al-Azezia,Hay Al-Askari 3,الحي العسكري الثالثة,32.9054560584,45.0545747175,8.0,48.0,0.0,0.0,0.0,0.0,0.0,0.0,0.0,0.0,0.0,0.0,0.0,0.0,8.0,0.0,0.0,0.0,0.0,0.0,0.0,0.0,0.0,0.0,0.0,0.0,0.0,0.0,8.0,0.0,0.0,8.0,0.0,0.0,0.0,0.0,0.0,0.0,0.0,0.0,0.0,0.0,8.0,0.0,0.0,8.0,0.0,0.0,0.0,0.0,0.0,0.0,0.0,0.0,0.0,0.0,0.0,0.0,"Jan 19, 2017"
2795,2904048.0,24757.0,Wassit,Al-Azezia,Hay Al-Hashimy,حي الهاشمي,32.90940874,45.0462563,4.0,24.0,0.0,0.0,0.0,0.0,0.0,0.0,0.0,0.0,0.0,0.0,0.0,0.0,4.0,0.0,0.0,0.0,0.0,0.0,0.0,4.0,0.0,0.0,0.0,0.0,0.0,0.0,0.0,0.0,0.0,0.0,0.0,0.0,0.0,0.0,0.0,0.0,0.0,0.0,0.0,0.0,4.0,0.0,0.0,4.0,0.0,0.0,0.0,0.0,0.0,0.0,0.0,0.0,0.0,0.0,0.0,0.0,"Jan 19, 2017"
2796,2904049.0,24840.0,Wassit,Al-Azezia,Hay Al-Oroba 1,حي العروبة الاولى,32.90927534,45.05154413,4.0,24.0,0.0,0.0,0.0,0.0,0.0,0.0,0.0,0.0,0.0,0.0,0.0,0.0,4.0,0.0,0.0,0.0,0.0,0.0,0.0,0.0,0.0,0.0,0.0,0.0,0.0,0.0,4.0,0.0,0.0,4.0,0.0,0.0,0.0,0.0,0.0,0.0,0.0,0.0,0.0,0.0,4.0,0.0,0.0,4.0,0.0,0.0,0.0,0.0,0.0,0.0,0.0,0.0,0.0,0.0,0.0,0.0,"Jan 19, 2017"
2797,2904050.0,24839.0,Wassit,Al-Azezia,Hay Al-Oroba 2,حي العروبة الثانية,32.9083672569,45.0465851067,21.0,126.0,0.0,0.0,0.0,0.0,0.0,0.0,0.0,0.0,0.0,0.0,0.0,0.0,15.0,0.0,6.0,0.0,0.0,0.0,0.0,0.0,0.0,0.0,0.0,0.0,0.0,0.0,21.0,0.0,0.0,21.0,0.0,0.0,0.0,0.0,0.0,0.0,0.0,0.0,0.0,0.0,21.0,0.0,0.0,21.0,0.0,0.0,0.0,0.0,0.0,0.0,0.0,0.0,0.0,0.0,0.0,0.0,"Jan 19, 2017"
2798,2904053.0,24843.0,Wassit,Al-Azezia,Hay Fadek,حي فدك,32.916999143,45.0430681393,20.0,120.0,8.0,0.0,0.0,0.0,0.0,2.0,0.0,0.0,0.0,0.0,0.0,0.0,10.0,0.0,0.0,0.0,0.0,0.0,0.0,0.0,0.0,0.0,0.0,0.0,0.0,0.0,20.0,0.0,0.0,20.0,0.0,0.0,0.0,0.0,0.0,0.0,0.0,0.0,0.0,0.0,10.0,0.0,2.0,10.0,0.0,2.0,8.0,0.0,0.0,8.0,0.0,0.0,0.0,0.0,0.0,0.0,"Jan 19, 2017"
2799,2904057.0,24864.0,Wassit,Al-Azezia,Saloomi village,قرية سلومي,32.77246865,45.20701362,6.0,36.0,0.0,0.0,0.0,0.0,0.0,0.0,0.0,0.0,0.0,0.0,0.0,0.0,6.0,0.0,0.0,0.0,0.0,0.0,0.0,6.0,0.0,0.0,0.0,0.0,0.0,0.0,0.0,0.0,0.0,0.0,0.0,0.0,0.0,0.0,0.0,0.0,0.0,0.0,0.0,0.0,0.0,0.0,6.0,0.0,0.0,6.0,0.0,0.0,0.0,0.0,0.0,0.0,0.0,0.0,0.0,0.0,"Jan 19, 2017"
2800,2904058.0,24874.0,Wassit,Al-Azezia,Tabaruk village,قرية تبارك,32.75242308,45.29575633,4.0,24.0,0.0,0.0,0.0,0.0,0.0,0.0,0.0,0.0,0.0,0.0,0.0,0.0,4.0,0.0,0.0,0.0,0.0,0.0,0.0,4.0,0.0,0.0,0.0,0.0,0.0,0.0,0.0,0.0,0.0,0.0,0.0,0.0,0.0,0.0,0.0,0.0,0.0,0.0,0.0,0.0,0.0,0.0,4.0,0.0,0.0,4.0,0.0,0.0,0.0,0.0,0.0,0.0,0.0,0.0,0.0,0.0,"Jan 19, 2017"
2801,2904059.0,19442.0,Wassit,Al-Azezia,Taj al-dien,تاج الدين,32.9853927391,44.8474813479,42.0,252.0,18.0,0.0,0.0,0.0,0.0,0.0,0.0,0.0,0.0,0.0,0.0,0.0,14.0,0.0,10.0,0.0,0.0,0.0,0.0,0.0,0.0,0.0,0.0,0.0,0.0,0.0,42.0,0.0,0.0,42.0,0.0,0.0,0.0,0.0,0.0,0.0,0.0,0.0,0.0,0.0,14.0,0.0,10.0,14.0,0.0,10.0,18.0,0.0,0.0,18.0,0.0,0.0,0.0,0.0,0.0,0.0,"Jan 19, 2017"
2802,2904060.0,24967.0,Wassit,Al-Azezia,Taj al-dien center 1,مركز تاج الدين 1,32.9892205611,44.8401012135,38.0,228.0,0.0,0.0,0.0,0.0,0.0,0.0,0.0,0.0,0.0,0.0,0.0,0.0,35.0,0.0,3.0,0.0,0.0,0.0,0.0,4.0,0.0,0.0,0.0,0.0,0.0,0.0,34.0,0.0,0.0,34.0,0.0,0.0,0.0,0.0,0.0,0.0,0.0,0.0,0.0,0.0,35.0,0.0,3.0,35.0,0.0,3.0,0.0,0.0,0.0,0.0,0.0,0.0,0.0,0.0,0.0,0.0,"Jan 19, 2017"
2803,2904061.0,19464.0,Wassit,Al-Azezia,Tuliha,طليحة,32.9405801784,44.9516408317,6.0,36.0,0.0,0.0,0.0,0.0,0.0,0.0,0.0,0.0,0.0,0.0,0.0,0.0,6.0,0.0,0.0,0.0,0.0,0.0,0.0,6.0,0.0,0.0,0.0,0.0,0.0,0.0,0.0,0.0,0.0,0.0,0.0,0.0,0.0,0.0,0.0,0.0,0.0,0.0,0.0,0.0,6.0,0.0,0.0,6.0,0.0,0.0,0.0,0.0,0.0,0.0,0.0,0.0,0.0,0.0,0.0,0.0,"Jan 19, 2017"
2804,2904062.0,24865.0,Wassit,Al-Azezia,Utba Al-Kawaled Village,قرية عتبة الخوالد,32.93986874,44.95115095,3.0,18.0,0.0,0.0,0.0,0.0,0.0,0.0,0.0,0.0,0.0,0.0,0.0,0.0,3.0,0.0,0.0,0.0,0.0,0.0,0.0,3.0,0.0,0.0,0.0,0.0,0.0,0.0,0.0,0.0,0.0,0.0,0.0,0.0,0.0,0.0,0.0,0.0,0.0,0.0,0.0,0.0,0.0,0.0,3.0,0.0,0.0,3.0,0.0,0.0,0.0,0.0,0.0,0.0,0.0,0.0,0.0,0.0,"Jan 19, 2017"
2805,2905001.0,25316.0,Wassit,Badra,Al-Akar Wil-Atriba village,قرية العقر والأتربة,33.09814554,45.9593846748,19.0,114.0,0.0,0.0,0.0,0.0,0.0,0.0,0.0,0.0,0.0,0.0,0.0,0.0,19.0,0.0,0.0,0.0,0.0,0.0,0.0,19.0,0.0,0.0,0.0,0.0,0.0,0.0,0.0,0.0,0.0,0.0,0.0,0.0,0.0,0.0,0.0,0.0,0.0,0.0,0.0,0.0,19.0,0.0,0.0,19.0,0.0,0.0,0.0,0.0,0.0,0.0,0.0,0.0,0.0,0.0,0.0,0.0,"Jan 19, 2017"
2806,2905002.0,18459.0,Wassit,Badra,Hay Al-Imam Al-Hussein,حي الأمام الحسين,33.1161964349,45.9325561727,3.0,18.0,0.0,0.0,0.0,0.0,0.0,0.0,0.0,0.0,0.0,0.0,0.0,0.0,3.0,0.0,0.0,0.0,0.0,0.0,0.0,0.0,0.0,0.0,0.0,0.0,0.0,0.0,3.0,0.0,0.0,3.0,0.0,0.0,0.0,0.0,0.0,0.0,0.0,0.0,0.0,0.0,3.0,0.0,0.0,3.0,0.0,0.0,0.0,0.0,0.0,0.0,0.0,0.0,0.0,0.0,0.0,0.0,"Jan 19, 2017"
2807,2905003.0,25313.0,Wassit,Badra,Hay Al-Rasool,حي الرسول,33.1177598541,45.9380007912,8.0,48.0,0.0,0.0,0.0,0.0,0.0,0.0,0.0,0.0,0.0,0.0,0.0,0.0,8.0,0.0,0.0,0.0,0.0,0.0,0.0,0.0,0.0,0.0,0.0,0.0,0.0,0.0,8.0,0.0,0.0,8.0,0.0,0.0,0.0,0.0,0.0,0.0,0.0,0.0,0.0,0.0,0.0,0.0,8.0,0.0,0.0,8.0,0.0,0.0,0.0,0.0,0.0,0.0,0.0,0.0,0.0,0.0,"Jan 19, 2017"
2808,2905004.0,25315.0,Wassit,Badra,Al-Shuhadaa Village,قرية الشهداء,33.0963248255,45.9584260451,6.0,36.0,0.0,0.0,0.0,0.0,0.0,0.0,0.0,0.0,0.0,0.0,0.0,0.0,6.0,0.0,0.0,0.0,0.0,0.0,0.0,6.0,0.0,0.0,0.0,0.0,0.0,0.0,0.0,0.0,0.0,0.0,0.0,0.0,0.0,0.0,0.0,0.0,0.0,0.0,0.0,0.0,6.0,0.0,0.0,6.0,0.0,0.0,0.0,0.0,0.0,0.0,0.0,0.0,0.0,0.0,0.0,0.0,"Jan 19, 2017"
2809,2905005.0,25314.0,Wassit,Badra,Hay Al-Zahraa,حي الزهراء,33.1085645997,45.9278037698,13.0,78.0,0.0,0.0,0.0,0.0,0.0,0.0,0.0,0.0,0.0,0.0,0.0,0.0,13.0,0.0,0.0,0.0,0.0,0.0,0.0,0.0,0.0,0.0,0.0,0.0,0.0,0.0,0.0,0.0,0.0,0.0,0.0,0.0,0.0,0.0,13.0,0.0,0.0,13.0,0.0,0.0,13.0,0.0,0.0,13.0,0.0,0.0,0.0,0.0,0.0,0.0,0.0,0.0,0.0,0.0,0.0,0.0,"Jan 19, 2017"
2810,2905007.0,19492.0,Wassit,Badra,Dahnok,دهنوك,33.115891657,45.9485307888,8.0,48.0,0.0,0.0,0.0,0.0,0.0,0.0,0.0,0.0,0.0,0.0,0.0,0.0,8.0,0.0,0.0,0.0,0.0,0.0,0.0,0.0,0.0,0.0,0.0,0.0,0.0,8.0,0.0,8.0,0.0,0.0,0.0,0.0,0.0,0.0,0.0,0.0,0.0,0.0,0.0,0.0,8.0,0.0,0.0,8.0,0.0,0.0,0.0,0.0,0.0,0.0,0.0,0.0,0.0,0.0,0.0,0.0,"Jan 19, 2017"
2811,2905008.0,18438.0,Wassit,Badra,Jassan center,مركز جصان,32.9672874259,45.8710675031,23.0,138.0,0.0,0.0,0.0,0.0,0.0,0.0,0.0,0.0,0.0,0.0,0.0,0.0,23.0,0.0,0.0,0.0,0.0,0.0,0.0,11.0,0.0,0.0,0.0,0.0,0.0,6.0,6.0,6.0,0.0,6.0,0.0,0.0,0.0,0.0,0.0,0.0,0.0,0.0,0.0,0.0,23.0,0.0,0.0,23.0,0.0,0.0,0.0,0.0,0.0,0.0,0.0,0.0,0.0,0.0,0.0,0.0,"Jan 19, 2017"
2812,2906001.0,19548.0,Wassit,Kut,Al Batar village,قرية البتار,32.5665956931,45.649405147,14.0,84.0,0.0,0.0,0.0,0.0,0.0,0.0,0.0,0.0,0.0,0.0,0.0,0.0,14.0,0.0,0.0,0.0,0.0,0.0,0.0,0.0,0.0,0.0,0.0,0.0,0.0,0.0,14.0,0.0,0.0,14.0,0.0,0.0,0.0,0.0,0.0,0.0,0.0,0.0,0.0,0.0,14.0,0.0,0.0,14.0,0.0,0.0,0.0,0.0,0.0,0.0,0.0,0.0,0.0,0.0,0.0,0.0,"Jan 19, 2017"
2813,2906002.0,19524.0,Wassit,Kut,Al Gardhia,الكارضية,32.5252610619,45.8699387349,13.0,78.0,0.0,0.0,0.0,0.0,0.0,0.0,0.0,0.0,0.0,0.0,0.0,0.0,13.0,0.0,0.0,0.0,0.0,0.0,0.0,0.0,0.0,0.0,0.0,0.0,0.0,13.0,0.0,13.0,0.0,0.0,0.0,0.0,0.0,0.0,0.0,0.0,0.0,0.0,0.0,0.0,13.0,0.0,0.0,13.0,0.0,0.0,0.0,0.0,0.0,0.0,0.0,0.0,0.0,0.0,0.0,0.0,"Jan 19, 2017"
2814,2906003.0,24786.0,Wassit,Kut,Al Hakeem Al-Khdhra,الحكيم الخضراء,32.5452502646,45.8518435325,11.0,66.0,0.0,0.0,0.0,0.0,0.0,0.0,0.0,0.0,0.0,0.0,0.0,0.0,5.0,0.0,6.0,0.0,0.0,0.0,0.0,0.0,0.0,0.0,0.0,0.0,0.0,1.0,10.0,1.0,0.0,10.0,0.0,0.0,0.0,0.0,0.0,0.0,0.0,0.0,0.0,0.0,11.0,0.0,0.0,11.0,0.0,0.0,0.0,0.0,0.0,0.0,0.0,0.0,0.0,0.0,0.0,0.0,"Jan 19, 2017"
2815,2906004.0,23256.0,Wassit,Kut,Al Hasan Al Askari,الحسن العسكري,32.5307509798,45.7473125,85.0,510.0,0.0,0.0,0.0,0.0,0.0,0.0,0.0,0.0,27.0,0.0,0.0,0.0,58.0,0.0,0.0,0.0,0.0,0.0,0.0,0.0,0.0,0.0,0.0,0.0,0.0,8.0,77.0,8.0,0.0,77.0,0.0,0.0,0.0,0.0,0.0,0.0,0.0,0.0,0.0,0.0,48.0,0.0,37.0,48.0,0.0,37.0,0.0,0.0,0.0,0.0,0.0,0.0,0.0,0.0,0.0,0.0,"Jan 19, 2017"
2816,2906005.0,23395.0,Wassit,Kut,Al Hindiyah,الهندية,32.4012172323,46.2305007508,14.0,84.0,0.0,0.0,0.0,0.0,0.0,0.0,0.0,0.0,0.0,0.0,0.0,0.0,14.0,0.0,0.0,0.0,0.0,0.0,0.0,3.0,0.0,0.0,0.0,0.0,0.0,0.0,11.0,0.0,0.0,11.0,0.0,0.0,0.0,0.0,0.0,0.0,0.0,0.0,0.0,0.0,14.0,0.0,0.0,14.0,0.0,0.0,0.0,0.0,0.0,0.0,0.0,0.0,0.0,0.0,0.0,0.0,"Jan 19, 2017"
2817,2906007.0,19546.0,Wassit,Kut,Al Maimoon,الميمون,32.5286669876,45.8043173114,19.0,114.0,7.0,0.0,0.0,0.0,0.0,1.0,0.0,0.0,0.0,0.0,0.0,0.0,10.0,0.0,1.0,0.0,0.0,0.0,0.0,0.0,0.0,0.0,0.0,0.0,0.0,0.0,19.0,0.0,0.0,19.0,0.0,0.0,0.0,0.0,0.0,0.0,0.0,0.0,0.0,0.0,19.0,0.0,0.0,19.0,0.0,0.0,0.0,0.0,0.0,0.0,0.0,0.0,0.0,0.0,0.0,0.0,"Jan 19, 2017"
2818,2906008.0,24869.0,Wassit,Kut,Al Mantaqa Al qadima,المنطقة القديمة,32.5617764885,46.2734114081,4.0,24.0,0.0,0.0,0.0,0.0,0.0,0.0,0.0,0.0,0.0,0.0,0.0,0.0,4.0,0.0,0.0,0.0,0.0,0.0,0.0,0.0,0.0,0.0,0.0,0.0,0.0,4.0,0.0,4.0,0.0,0.0,0.0,0.0,0.0,0.0,0.0,0.0,0.0,0.0,0.0,0.0,4.0,0.0,0.0,4.0,0.0,0.0,0.0,0.0,0.0,0.0,0.0,0.0,0.0,0.0,0.0,0.0,"Jan 19, 2017"
2819,2906009.0,23967.0,Wassit,Kut,Al Muhandseen-Al Amarat Al Sakaniyah,المهندسين-العمارات السكنية,32.5177041216,45.8089374711,41.0,246.0,7.0,0.0,0.0,0.0,0.0,0.0,0.0,0.0,0.0,0.0,0.0,0.0,34.0,0.0,0.0,0.0,0.0,0.0,0.0,0.0,0.0,0.0,0.0,0.0,0.0,7.0,34.0,7.0,0.0,34.0,0.0,0.0,0.0,0.0,0.0,0.0,0.0,0.0,0.0,0.0,26.0,0.0,15.0,26.0,0.0,15.0,0.0,0.0,0.0,0.0,0.0,0.0,0.0,0.0,0.0,0.0,"Jan 19, 2017"
2820,2906010.0,24868.0,Wassit,Kut,Al Nahalat,النحالات,32.5747244789,46.2681743787,6.0,36.0,0.0,0.0,0.0,0.0,0.0,0.0,0.0,0.0,0.0,0.0,0.0,0.0,6.0,0.0,0.0,0.0,0.0,0.0,0.0,6.0,0.0,0.0,0.0,0.0,0.0,0.0,0.0,0.0,0.0,0.0,0.0,0.0,0.0,0.0,0.0,0.0,0.0,0.0,0.0,0.0,6.0,0.0,0.0,6.0,0.0,0.0,0.0,0.0,0.0,0.0,0.0,0.0,0.0,0.0,0.0,0.0,"Jan 19, 2017"
2821,2906011.0,24883.0,Wassit,Kut,Al Uroba 1,العروبة الاولى,32.4556186355,46.071892184,10.0,60.0,0.0,0.0,0.0,0.0,0.0,0.0,0.0,0.0,0.0,0.0,0.0,0.0,10.0,0.0,0.0,0.0,0.0,0.0,0.0,0.0,0.0,0.0,0.0,0.0,0.0,0.0,10.0,0.0,0.0,10.0,0.0,0.0,0.0,0.0,0.0,0.0,0.0,0.0,0.0,0.0,10.0,0.0,0.0,10.0,0.0,0.0,0.0,0.0,0.0,0.0,0.0,0.0,0.0,0.0,0.0,0.0,"Jan 19, 2017"
2822,2906012.0,22112.0,Wassit,Kut,Al-Jihad-Al Shaheed Dawood,الجهاد-الشهيد داود,32.471803737,45.8229616166,64.0,384.0,9.0,0.0,0.0,0.0,0.0,0.0,0.0,0.0,0.0,0.0,0.0,0.0,55.0,0.0,0.0,0.0,0.0,0.0,0.0,0.0,0.0,0.0,0.0,0.0,0.0,0.0,64.0,0.0,0.0,64.0,0.0,0.0,0.0,0.0,0.0,0.0,0.0,0.0,0.0,0.0,55.0,0.0,0.0,55.0,0.0,0.0,9.0,0.0,0.0,9.0,0.0,0.0,0.0,0.0,0.0,0.0,"Jan 19, 2017"
2823,2906013.0,24220.0,Wassit,Kut,Al Dujily-Al zahraa,الدجيلي-الزهراء,32.461983941,46.0729472952,15.0,90.0,0.0,0.0,0.0,0.0,0.0,0.0,0.0,0.0,0.0,0.0,0.0,0.0,15.0,0.0,0.0,0.0,0.0,0.0,0.0,8.0,0.0,0.0,0.0,0.0,0.0,3.0,4.0,3.0,0.0,4.0,0.0,0.0,0.0,0.0,0.0,0.0,0.0,0.0,0.0,0.0,13.0,0.0,2.0,13.0,0.0,2.0,0.0,0.0,0.0,0.0,0.0,0.0,0.0,0.0,0.0,0.0,"Jan 19, 2017"
2824,2906014.0,25587.0,Wassit,Kut,Hay Al-Abassya,حي العباسية,32.5014669284,45.8266226816,9.0,54.0,0.0,0.0,0.0,0.0,0.0,0.0,0.0,0.0,0.0,0.0,0.0,0.0,9.0,0.0,0.0,0.0,0.0,0.0,0.0,0.0,0.0,0.0,0.0,0.0,0.0,0.0,9.0,0.0,0.0,9.0,0.0,0.0,0.0,0.0,0.0,0.0,0.0,0.0,0.0,0.0,9.0,0.0,0.0,9.0,0.0,0.0,0.0,0.0,0.0,0.0,0.0,0.0,0.0,0.0,0.0,0.0,"Jan 19, 2017"
2825,2906015.0,19049.0,Wassit,Al-Na'maniya,Al-Ahrar city center,الاحرار المركز,32.5178688267,45.6079345325,140.0,840.0,9.0,0.0,0.0,0.0,0.0,0.0,0.0,0.0,0.0,0.0,0.0,0.0,131.0,0.0,0.0,0.0,0.0,0.0,0.0,0.0,0.0,0.0,0.0,0.0,0.0,73.0,67.0,73.0,0.0,67.0,0.0,0.0,0.0,0.0,0.0,0.0,0.0,0.0,0.0,0.0,0.0,0.0,131.0,0.0,0.0,131.0,9.0,0.0,0.0,9.0,0.0,0.0,0.0,0.0,0.0,0.0,"Jan 19, 2017"
2826,2906016.0,25586.0,Wassit,Kut,Al-Ansar Village,قرية الأنصار,32.5335479403,45.7645835512,9.0,54.0,0.0,0.0,0.0,0.0,0.0,0.0,0.0,0.0,5.0,0.0,0.0,0.0,4.0,0.0,0.0,0.0,0.0,0.0,0.0,1.0,0.0,0.0,0.0,0.0,0.0,0.0,8.0,0.0,0.0,8.0,0.0,0.0,0.0,0.0,0.0,0.0,0.0,0.0,0.0,0.0,5.0,0.0,4.0,5.0,0.0,4.0,0.0,0.0,0.0,0.0,0.0,0.0,0.0,0.0,0.0,0.0,"Jan 19, 2017"
2827,2906017.0,24867.0,Wassit,Kut,Al-Badreya village,قرية البدرية,32.4582794103,45.8004440096,27.0,162.0,0.0,0.0,0.0,0.0,0.0,0.0,0.0,0.0,0.0,0.0,0.0,0.0,27.0,0.0,0.0,0.0,0.0,0.0,0.0,14.0,0.0,0.0,0.0,0.0,0.0,13.0,0.0,13.0,0.0,0.0,0.0,0.0,0.0,0.0,0.0,0.0,0.0,0.0,0.0,0.0,27.0,0.0,0.0,27.0,0.0,0.0,0.0,0.0,0.0,0.0,0.0,0.0,0.0,0.0,0.0,0.0,"Jan 19, 2017"
2828,2906019.0,25319.0,Wassit,Kut,Al-Dujaily-Al-Zahra 1,الدجيلي-الزهراء الأولى,32.46038996,46.07549358,7.0,42.0,0.0,0.0,0.0,0.0,0.0,0.0,0.0,0.0,0.0,0.0,0.0,0.0,7.0,0.0,0.0,0.0,0.0,0.0,0.0,0.0,0.0,0.0,0.0,0.0,0.0,0.0,7.0,0.0,0.0,7.0,0.0,0.0,0.0,0.0,0.0,0.0,0.0,0.0,0.0,0.0,7.0,0.0,0.0,7.0,0.0,0.0,0.0,0.0,0.0,0.0,0.0,0.0,0.0,0.0,0.0,0.0,"Jan 19, 2017"
2829,2906021.0,25109.0,Wassit,Kut,Al-Eza Al-Jadida,العزة الجديدة,32.4833084031,45.8250216594,13.0,78.0,3.0,0.0,0.0,0.0,0.0,0.0,0.0,0.0,0.0,0.0,0.0,0.0,10.0,0.0,0.0,0.0,0.0,0.0,0.0,0.0,0.0,0.0,0.0,0.0,0.0,0.0,13.0,0.0,0.0,13.0,0.0,0.0,0.0,0.0,0.0,0.0,0.0,0.0,0.0,0.0,10.0,0.0,3.0,10.0,0.0,3.0,0.0,0.0,0.0,0.0,0.0,0.0,0.0,0.0,0.0,0.0,"Jan 19, 2017"
2830,2906022.0,25108.0,Wassit,Kut,Al-Eza Al-Qadima,العزة القديمة,32.4928596996,45.8155863283,27.0,162.0,12.0,0.0,0.0,0.0,0.0,0.0,0.0,0.0,0.0,0.0,0.0,0.0,15.0,0.0,0.0,0.0,0.0,0.0,0.0,3.0,0.0,0.0,0.0,0.0,0.0,0.0,24.0,0.0,0.0,24.0,0.0,0.0,0.0,0.0,0.0,0.0,0.0,0.0,0.0,0.0,15.0,0.0,10.0,15.0,0.0,10.0,2.0,0.0,0.0,2.0,0.0,0.0,0.0,0.0,0.0,0.0,"Jan 19, 2017"
2831,2906023.0,24261.0,Wassit,Kut,Hay Al-Hawaraa 3,حي الحوراء الثالثة,32.4870263336,45.8452815381,356.0,2136.0,7.0,0.0,3.0,0.0,0.0,0.0,0.0,0.0,21.0,0.0,0.0,0.0,325.0,0.0,0.0,0.0,0.0,0.0,0.0,0.0,0.0,0.0,0.0,0.0,0.0,13.0,313.0,13.0,0.0,313.0,0.0,0.0,0.0,0.0,30.0,0.0,0.0,30.0,0.0,0.0,338.0,0.0,0.0,338.0,13.0,0.0,5.0,13.0,0.0,5.0,0.0,0.0,0.0,0.0,0.0,0.0,"Jan 19, 2017"
2832,2906024.0,19214.0,Wassit,Kut,Al-chabab,قرية الجباب,32.6369235391,46.1799549298,6.0,36.0,0.0,0.0,0.0,0.0,0.0,0.0,0.0,0.0,0.0,0.0,0.0,0.0,6.0,0.0,0.0,0.0,0.0,0.0,0.0,0.0,0.0,0.0,0.0,0.0,0.0,6.0,0.0,6.0,0.0,0.0,0.0,0.0,0.0,0.0,0.0,0.0,0.0,0.0,0.0,0.0,6.0,0.0,0.0,6.0,0.0,0.0,0.0,0.0,0.0,0.0,0.0,0.0,0.0,0.0,0.0,0.0,"Jan 19, 2017"
2833,2906025.0,25103.0,Wassit,Kut,Al-Jihad Al-Zahraa,الجهاد الزهراء,32.478340628,45.8128393005,19.0,114.0,0.0,0.0,0.0,0.0,0.0,0.0,0.0,0.0,0.0,0.0,0.0,0.0,19.0,0.0,0.0,0.0,0.0,0.0,0.0,0.0,0.0,0.0,0.0,0.0,0.0,0.0,19.0,0.0,0.0,19.0,0.0,0.0,0.0,0.0,0.0,0.0,0.0,0.0,0.0,0.0,19.0,0.0,0.0,19.0,0.0,0.0,0.0,0.0,0.0,0.0,0.0,0.0,0.0,0.0,0.0,0.0,"Jan 19, 2017"
2834,2906026.0,25106.0,Wassit,Kut,Al-Jihad-Al-Sajad,الجهاد-السجاد,32.4737596981,45.8208688196,33.0,198.0,0.0,0.0,0.0,0.0,0.0,0.0,0.0,0.0,13.0,0.0,0.0,0.0,20.0,0.0,0.0,0.0,0.0,0.0,0.0,33.0,0.0,0.0,0.0,0.0,0.0,0.0,0.0,0.0,0.0,0.0,0.0,0.0,0.0,0.0,0.0,0.0,0.0,0.0,0.0,0.0,22.0,0.0,11.0,22.0,0.0,11.0,0.0,0.0,0.0,0.0,0.0,0.0,0.0,0.0,0.0,0.0,"Jan 19, 2017"
2835,2906027.0,24866.0,Wassit,Kut,Hay Al-Kadhraa,حي الخضراء,32.53390113,45.7848185,11.0,66.0,0.0,0.0,0.0,0.0,0.0,0.0,0.0,0.0,2.0,0.0,0.0,0.0,8.0,0.0,1.0,0.0,0.0,0.0,0.0,0.0,0.0,0.0,0.0,0.0,0.0,0.0,11.0,0.0,0.0,11.0,0.0,0.0,0.0,0.0,0.0,0.0,0.0,0.0,0.0,0.0,11.0,0.0,0.0,11.0,0.0,0.0,0.0,0.0,0.0,0.0,0.0,0.0,0.0,0.0,0.0,0.0,"Jan 19, 2017"
2836,2906028.0,19170.0,Wassit,Kut,Hay Al-khawarnaq,حي الخورنق,32.55653865,45.68901993,15.0,90.0,0.0,0.0,0.0,0.0,0.0,0.0,0.0,0.0,0.0,0.0,0.0,0.0,15.0,0.0,0.0,0.0,0.0,0.0,0.0,0.0,0.0,0.0,0.0,0.0,0.0,15.0,0.0,15.0,0.0,0.0,0.0,0.0,0.0,0.0,0.0,0.0,0.0,0.0,0.0,0.0,15.0,0.0,0.0,15.0,0.0,0.0,0.0,0.0,0.0,0.0,0.0,0.0,0.0,0.0,0.0,0.0,"Jan 19, 2017"
2837,2906029.0,24871.0,Wassit,Kut,Al-Oroba 2,العروبة الثانية,32.456975,46.067745,6.0,36.0,0.0,0.0,0.0,0.0,0.0,0.0,0.0,0.0,0.0,0.0,0.0,0.0,6.0,0.0,0.0,0.0,0.0,0.0,0.0,0.0,0.0,0.0,0.0,0.0,0.0,0.0,6.0,0.0,0.0,6.0,0.0,0.0,0.0,0.0,0.0,0.0,0.0,0.0,0.0,0.0,6.0,0.0,0.0,6.0,0.0,0.0,0.0,0.0,0.0,0.0,0.0,0.0,0.0,0.0,0.0,0.0,"Jan 19, 2017"
2838,2906030.0,24881.0,Wassit,Kut,Al-Oroba-Hay Al-Ansar,العروبة حي الانصار,32.45442656,46.06594682,6.0,36.0,0.0,0.0,0.0,0.0,0.0,0.0,0.0,0.0,0.0,0.0,0.0,0.0,6.0,0.0,0.0,0.0,0.0,0.0,0.0,0.0,0.0,0.0,0.0,0.0,0.0,0.0,6.0,0.0,0.0,6.0,0.0,0.0,0.0,0.0,0.0,0.0,0.0,0.0,0.0,0.0,6.0,0.0,0.0,6.0,0.0,0.0,0.0,0.0,0.0,0.0,0.0,0.0,0.0,0.0,0.0,0.0,"Jan 19, 2017"
2839,2906031.0,24784.0,Wassit,Kut,Al-Sebtain W Al-Maamel,السبطين والمعامل,32.5805673196,45.6133312214,9.0,54.0,0.0,0.0,0.0,0.0,0.0,0.0,0.0,0.0,0.0,0.0,0.0,0.0,9.0,0.0,0.0,0.0,0.0,0.0,0.0,0.0,0.0,0.0,0.0,0.0,0.0,9.0,0.0,9.0,0.0,0.0,0.0,0.0,0.0,0.0,0.0,0.0,0.0,0.0,0.0,0.0,9.0,0.0,0.0,9.0,0.0,0.0,0.0,0.0,0.0,0.0,0.0,0.0,0.0,0.0,0.0,0.0,"Jan 19, 2017"
2840,2906032.0,25104.0,Wassit,Kut,Al-Shuhadaa 3,الشهداء الثالثة,32.5424609346,45.8230237141,20.0,120.0,18.0,0.0,0.0,0.0,0.0,0.0,0.0,0.0,1.0,0.0,0.0,0.0,1.0,0.0,0.0,0.0,0.0,0.0,0.0,0.0,0.0,0.0,0.0,0.0,0.0,0.0,20.0,0.0,0.0,20.0,0.0,0.0,0.0,0.0,0.0,0.0,0.0,0.0,0.0,0.0,2.0,0.0,0.0,2.0,10.0,0.0,8.0,10.0,0.0,8.0,0.0,0.0,0.0,0.0,0.0,0.0,"Jan 19, 2017"
2841,2906033.0,25105.0,Wassit,Kut,Al-Shuhadaa 4,الشهداء الرابعة,32.5462294265,45.8312631219,26.0,156.0,20.0,0.0,0.0,0.0,0.0,0.0,0.0,0.0,1.0,0.0,0.0,0.0,5.0,0.0,0.0,0.0,0.0,0.0,0.0,6.0,0.0,0.0,0.0,0.0,0.0,0.0,20.0,0.0,0.0,20.0,0.0,0.0,0.0,0.0,0.0,0.0,0.0,0.0,12.0,0.0,6.0,12.0,0.0,6.0,0.0,0.0,8.0,0.0,0.0,8.0,0.0,0.0,0.0,0.0,0.0,0.0,"Jan 19, 2017"
2842,2906034.0,24785.0,Wassit,Kut,Al-Wafdin Al-Sadrain,الوافدين الصدرين,32.4828975876,45.9077467372,23.0,138.0,0.0,0.0,0.0,0.0,0.0,2.0,0.0,0.0,0.0,0.0,0.0,0.0,21.0,0.0,0.0,0.0,0.0,0.0,0.0,4.0,0.0,0.0,0.0,0.0,0.0,4.0,15.0,4.0,0.0,15.0,0.0,0.0,0.0,0.0,0.0,0.0,0.0,0.0,0.0,0.0,23.0,0.0,0.0,23.0,0.0,0.0,0.0,0.0,0.0,0.0,0.0,0.0,0.0,0.0,0.0,0.0,"Jan 19, 2017"
2843,2906035.0,24872.0,Wassit,Kut,Al-Zahra 2,الزهراء الثانية,32.46448233,46.08122471,9.0,54.0,0.0,0.0,0.0,0.0,0.0,0.0,0.0,0.0,0.0,0.0,0.0,0.0,9.0,0.0,0.0,0.0,0.0,0.0,0.0,0.0,0.0,0.0,0.0,0.0,0.0,0.0,9.0,0.0,0.0,9.0,0.0,0.0,0.0,0.0,0.0,0.0,0.0,0.0,0.0,0.0,9.0,0.0,0.0,9.0,0.0,0.0,0.0,0.0,0.0,0.0,0.0,0.0,0.0,0.0,0.0,0.0,"Jan 19, 2017"
2844,2906037.0,24882.0,Wassit,Kut,Al-Zahra Al-Karavanat,الزهراء الكرفانات,32.46263131,46.0792003323,8.0,48.0,0.0,0.0,0.0,0.0,0.0,0.0,0.0,0.0,0.0,0.0,0.0,0.0,8.0,0.0,0.0,0.0,0.0,0.0,0.0,8.0,0.0,0.0,0.0,0.0,0.0,0.0,0.0,0.0,0.0,0.0,0.0,0.0,0.0,0.0,0.0,0.0,0.0,0.0,0.0,0.0,8.0,0.0,0.0,8.0,0.0,0.0,0.0,0.0,0.0,0.0,0.0,0.0,0.0,0.0,0.0,0.0,"Jan 19, 2017"
2845,2906038.0,21868.0,Wassit,Kut,Anwar Al Sadur,انوار الصدر,32.5235158988,45.8475112038,21.0,126.0,8.0,0.0,0.0,0.0,0.0,0.0,0.0,0.0,0.0,0.0,0.0,0.0,13.0,0.0,0.0,0.0,0.0,0.0,0.0,0.0,0.0,0.0,0.0,0.0,0.0,0.0,21.0,0.0,0.0,21.0,0.0,0.0,0.0,0.0,0.0,0.0,0.0,0.0,0.0,0.0,8.0,0.0,13.0,8.0,0.0,13.0,0.0,0.0,0.0,0.0,0.0,0.0,0.0,0.0,0.0,0.0,"Jan 19, 2017"
2846,2906039.0,25322.0,Wassit,Kut,Anwar Al Sadur-Al-Ghader,انوار الصدر-الغدير,32.5131732965,45.8401989914,13.0,78.0,0.0,0.0,0.0,0.0,0.0,0.0,0.0,0.0,0.0,0.0,0.0,0.0,13.0,0.0,0.0,0.0,0.0,0.0,0.0,0.0,0.0,0.0,0.0,0.0,0.0,0.0,13.0,0.0,0.0,13.0,0.0,0.0,0.0,0.0,0.0,0.0,0.0,0.0,0.0,0.0,10.0,0.0,0.0,10.0,3.0,0.0,0.0,3.0,0.0,0.0,0.0,0.0,0.0,0.0,0.0,0.0,"Jan 19, 2017"
2847,2906040.0,19555.0,Wassit,Kut,Damook 150,داموك 150,32.5316125328,45.821034634,106.0,636.0,0.0,0.0,0.0,0.0,0.0,0.0,0.0,0.0,0.0,0.0,0.0,0.0,106.0,0.0,0.0,0.0,0.0,0.0,0.0,10.0,0.0,0.0,0.0,0.0,0.0,27.0,69.0,27.0,0.0,69.0,0.0,0.0,0.0,0.0,0.0,0.0,0.0,0.0,0.0,0.0,106.0,0.0,0.0,106.0,0.0,0.0,0.0,0.0,0.0,0.0,0.0,0.0,0.0,0.0,0.0,0.0,"Jan 19, 2017"
2848,2906041.0,24758.0,Wassit,Kut,Damook Al-Dhbat,داموك الضباط,32.5327328961,45.8316635014,63.0,378.0,10.0,0.0,0.0,0.0,0.0,0.0,0.0,0.0,0.0,0.0,0.0,0.0,53.0,0.0,0.0,0.0,0.0,0.0,0.0,0.0,0.0,0.0,0.0,0.0,0.0,0.0,63.0,0.0,0.0,63.0,0.0,0.0,0.0,0.0,0.0,0.0,0.0,0.0,0.0,0.0,53.0,0.0,0.0,53.0,0.0,0.0,10.0,0.0,0.0,10.0,0.0,0.0,0.0,0.0,0.0,0.0,"Jan 19, 2017"
2849,2906042.0,19554.0,Wassit,Kut,Damook-Al-Hurriya,داموك الحرية,32.5375538407,45.8245379981,22.0,132.0,8.0,0.0,0.0,0.0,0.0,0.0,0.0,0.0,2.0,0.0,0.0,0.0,12.0,0.0,0.0,0.0,0.0,0.0,0.0,0.0,0.0,0.0,0.0,0.0,0.0,6.0,16.0,6.0,0.0,16.0,0.0,0.0,0.0,0.0,0.0,0.0,0.0,0.0,0.0,0.0,14.0,0.0,0.0,14.0,0.0,0.0,8.0,0.0,0.0,8.0,0.0,0.0,0.0,0.0,0.0,0.0,"Jan 19, 2017"
2850,2906043.0,19064.0,Wassit,Kut,Door al-Umal,دور العمال,32.5288961024,45.8222148821,30.0,180.0,0.0,0.0,0.0,0.0,0.0,0.0,0.0,0.0,0.0,0.0,0.0,0.0,30.0,0.0,0.0,0.0,0.0,0.0,0.0,0.0,0.0,0.0,0.0,0.0,0.0,14.0,16.0,14.0,0.0,16.0,0.0,0.0,0.0,0.0,0.0,0.0,0.0,0.0,0.0,0.0,30.0,0.0,0.0,30.0,0.0,0.0,0.0,0.0,0.0,0.0,0.0,0.0,0.0,0.0,0.0,0.0,"Jan 19, 2017"
2851,2906045.0,25317.0,Wassit,Kut,Hay Al-Emam Ali-2,حي الامام علي الثانيه,32.5133543321,45.813947639,5.0,30.0,1.0,0.0,0.0,0.0,0.0,2.0,0.0,0.0,1.0,0.0,0.0,0.0,1.0,0.0,0.0,0.0,0.0,0.0,0.0,0.0,0.0,0.0,0.0,0.0,0.0,0.0,5.0,0.0,0.0,5.0,0.0,0.0,0.0,0.0,0.0,0.0,0.0,0.0,0.0,0.0,3.0,0.0,2.0,3.0,0.0,2.0,0.0,0.0,0.0,0.0,0.0,0.0,0.0,0.0,0.0,0.0,"Jan 19, 2017"
2852,2906048.0,23703.0,Wassit,Kut,Al Hoqoqein,الحقوقيين,32.5390864197,45.826404023,25.0,150.0,10.0,0.0,0.0,0.0,0.0,0.0,0.0,0.0,0.0,0.0,0.0,0.0,15.0,0.0,0.0,0.0,0.0,0.0,0.0,16.0,0.0,0.0,0.0,0.0,0.0,4.0,5.0,4.0,0.0,5.0,0.0,0.0,0.0,0.0,0.0,0.0,0.0,0.0,0.0,0.0,0.0,0.0,15.0,0.0,0.0,15.0,10.0,0.0,0.0,10.0,0.0,0.0,0.0,0.0,0.0,0.0,"Jan 19, 2017"
2853,2906050.0,24262.0,Wassit,Kut,Hay Al Jawadeen Al-Ula,حي الجوادين الاولى,32.517205503,45.8444548128,17.0,102.0,4.0,0.0,0.0,0.0,0.0,0.0,0.0,0.0,0.0,0.0,0.0,0.0,13.0,0.0,0.0,0.0,0.0,0.0,0.0,6.0,0.0,0.0,0.0,0.0,0.0,0.0,8.0,0.0,0.0,8.0,0.0,0.0,0.0,0.0,3.0,0.0,0.0,3.0,0.0,0.0,13.0,0.0,0.0,13.0,0.0,0.0,4.0,0.0,0.0,4.0,0.0,0.0,0.0,0.0,0.0,0.0,"Jan 19, 2017"
2854,2906051.0,22693.0,Wassit,Kut,Al-Jihad-Al Thaqalain,الجهاد-الثقلين,32.4807578385,45.814300292,11.0,66.0,2.0,0.0,0.0,0.0,0.0,0.0,0.0,0.0,0.0,0.0,0.0,0.0,9.0,0.0,0.0,0.0,0.0,0.0,0.0,0.0,0.0,0.0,0.0,0.0,0.0,9.0,0.0,9.0,0.0,0.0,0.0,0.0,0.0,0.0,0.0,0.0,2.0,0.0,0.0,2.0,9.0,0.0,2.0,9.0,0.0,2.0,0.0,0.0,0.0,0.0,0.0,0.0,0.0,0.0,0.0,0.0,"Jan 19, 2017"
2855,2906052.0,23968.0,Wassit,Kut,Hay Al Wehda,حي الوحدة,32.5040388764,45.8319275842,16.0,96.0,0.0,0.0,0.0,0.0,0.0,0.0,0.0,0.0,0.0,0.0,0.0,0.0,16.0,0.0,0.0,0.0,0.0,0.0,0.0,0.0,0.0,0.0,0.0,0.0,0.0,16.0,0.0,16.0,0.0,0.0,0.0,0.0,0.0,0.0,0.0,0.0,0.0,0.0,0.0,0.0,0.0,0.0,16.0,0.0,0.0,16.0,0.0,0.0,0.0,0.0,0.0,0.0,0.0,0.0,0.0,0.0,"Jan 19, 2017"
2856,2906053.0,24825.0,Wassit,Kut,Hay Al Zahraa 1,الزهراء الاولى,32.46201532,46.07485922,12.0,72.0,0.0,0.0,0.0,0.0,0.0,0.0,0.0,0.0,0.0,0.0,0.0,0.0,12.0,0.0,0.0,0.0,0.0,0.0,0.0,0.0,0.0,0.0,0.0,0.0,0.0,4.0,8.0,4.0,0.0,8.0,0.0,0.0,0.0,0.0,0.0,0.0,0.0,0.0,0.0,0.0,12.0,0.0,0.0,12.0,0.0,0.0,0.0,0.0,0.0,0.0,0.0,0.0,0.0,0.0,0.0,0.0,"Jan 19, 2017"
2857,2906055.0,20872.0,Wassit,Kut,Hay Al-Hakeem,حي الحكيم,32.5390314701,45.8555222628,67.0,402.0,0.0,0.0,0.0,0.0,0.0,0.0,0.0,0.0,0.0,0.0,0.0,0.0,67.0,0.0,0.0,0.0,0.0,0.0,0.0,0.0,0.0,0.0,0.0,0.0,0.0,23.0,38.0,23.0,0.0,38.0,0.0,0.0,0.0,0.0,6.0,0.0,0.0,6.0,0.0,0.0,17.0,0.0,50.0,17.0,0.0,50.0,0.0,0.0,0.0,0.0,0.0,0.0,0.0,0.0,0.0,0.0,"Jan 19, 2017"
2858,2906056.0,24826.0,Wassit,Kut,Hay Al-Karar,حي الكرار,32.5268316355,45.8211332611,52.0,312.0,3.0,0.0,0.0,0.0,0.0,0.0,0.0,0.0,0.0,0.0,0.0,0.0,49.0,0.0,0.0,0.0,0.0,0.0,0.0,0.0,0.0,0.0,0.0,0.0,0.0,0.0,52.0,0.0,0.0,52.0,0.0,0.0,0.0,0.0,0.0,0.0,0.0,0.0,0.0,0.0,49.0,0.0,0.0,49.0,0.0,0.0,3.0,0.0,0.0,3.0,0.0,0.0,0.0,0.0,0.0,0.0,"Jan 19, 2017"
2859,2906057.0,19033.0,Wassit,Kut,Hay al-mualimen,حي المعلمين,32.505946,45.814111,44.0,264.0,0.0,0.0,0.0,0.0,0.0,0.0,0.0,0.0,0.0,0.0,0.0,0.0,44.0,0.0,0.0,0.0,0.0,0.0,0.0,0.0,44.0,0.0,0.0,0.0,0.0,0.0,0.0,0.0,0.0,0.0,0.0,0.0,0.0,0.0,0.0,0.0,0.0,0.0,0.0,0.0,40.0,0.0,4.0,40.0,0.0,4.0,0.0,0.0,0.0,0.0,0.0,0.0,0.0,0.0,0.0,0.0,"Jan 19, 2017"
2860,2906058.0,19531.0,Wassit,Kut,Hay Al-Shuhadaa,حي الشهداء,32.5433752031,45.8269253866,23.0,138.0,3.0,0.0,0.0,0.0,0.0,0.0,0.0,0.0,0.0,0.0,0.0,0.0,20.0,0.0,0.0,0.0,0.0,0.0,0.0,3.0,0.0,0.0,0.0,0.0,0.0,20.0,0.0,20.0,0.0,0.0,0.0,0.0,0.0,0.0,0.0,0.0,0.0,0.0,3.0,0.0,0.0,3.0,4.0,0.0,16.0,4.0,0.0,16.0,0.0,0.0,0.0,0.0,0.0,0.0,0.0,0.0,"Jan 19, 2017"
2861,2906059.0,19070.0,Wassit,Kut,Hay al-zahraa,حي الزهراء,32.5229187399,45.8187023097,116.0,696.0,10.0,0.0,0.0,0.0,0.0,0.0,0.0,0.0,0.0,0.0,0.0,0.0,106.0,0.0,0.0,0.0,0.0,0.0,0.0,25.0,0.0,0.0,0.0,0.0,0.0,15.0,76.0,15.0,0.0,76.0,0.0,0.0,0.0,0.0,0.0,0.0,0.0,0.0,10.0,0.0,55.0,10.0,51.0,55.0,0.0,51.0,0.0,0.0,0.0,0.0,0.0,0.0,0.0,0.0,0.0,0.0,"Jan 19, 2017"
2862,2906060.0,24824.0,Wassit,Kut,Hay Askari-1,حي العسكري الاولى,32.5136670593,45.8610752289,40.0,240.0,0.0,0.0,0.0,0.0,0.0,0.0,0.0,0.0,0.0,0.0,0.0,0.0,40.0,0.0,0.0,0.0,0.0,0.0,0.0,0.0,0.0,0.0,0.0,0.0,0.0,0.0,40.0,0.0,0.0,40.0,0.0,0.0,0.0,0.0,0.0,0.0,0.0,0.0,0.0,0.0,40.0,0.0,0.0,40.0,0.0,0.0,0.0,0.0,0.0,0.0,0.0,0.0,0.0,0.0,0.0,0.0,"Jan 19, 2017"
2863,2906061.0,24640.0,Wassit,Kut,Al-Jihad-Al-Zanabra,الجهاد-الزنابرة,32.4722262469,45.8122114661,16.0,96.0,0.0,0.0,0.0,0.0,0.0,0.0,0.0,0.0,0.0,0.0,0.0,0.0,16.0,0.0,0.0,0.0,0.0,0.0,0.0,0.0,0.0,0.0,0.0,0.0,0.0,0.0,16.0,0.0,0.0,16.0,0.0,0.0,0.0,0.0,0.0,0.0,0.0,0.0,0.0,0.0,16.0,0.0,0.0,16.0,0.0,0.0,0.0,0.0,0.0,0.0,0.0,0.0,0.0,0.0,0.0,0.0,"Jan 19, 2017"
2864,2906062.0,19541.0,Wassit,Kut,Khajia –Hay Al Rassol,الخاجية حي الرسول,32.5305209887,45.7968794059,35.0,210.0,21.0,0.0,2.0,0.0,0.0,1.0,0.0,0.0,1.0,0.0,0.0,0.0,10.0,0.0,0.0,0.0,0.0,0.0,0.0,0.0,0.0,0.0,0.0,0.0,0.0,0.0,35.0,0.0,0.0,35.0,0.0,0.0,0.0,0.0,0.0,0.0,0.0,0.0,0.0,0.0,14.0,0.0,10.0,14.0,10.0,10.0,1.0,10.0,0.0,1.0,0.0,0.0,0.0,0.0,0.0,0.0,"Jan 19, 2017"
2865,2906063.0,24870.0,Wassit,Kut,Said Naji village,قرية سيد ناجي,32.547466,45.717297,7.0,42.0,0.0,0.0,0.0,0.0,0.0,0.0,0.0,0.0,0.0,0.0,0.0,0.0,7.0,0.0,0.0,0.0,0.0,0.0,0.0,7.0,0.0,0.0,0.0,0.0,0.0,0.0,0.0,0.0,0.0,0.0,0.0,0.0,0.0,0.0,0.0,0.0,0.0,0.0,0.0,0.0,7.0,0.0,0.0,7.0,0.0,0.0,0.0,0.0,0.0,0.0,0.0,0.0,0.0,0.0,0.0,0.0,"Jan 19, 2017"
2866,2906064.0,24787.0,Wassit,Kut,Sewada Said Shati,سوادة وسيد شاطي,32.5946979347,45.9477029755,29.0,174.0,0.0,0.0,0.0,0.0,0.0,0.0,0.0,0.0,0.0,0.0,0.0,0.0,29.0,0.0,0.0,0.0,0.0,0.0,0.0,14.0,0.0,0.0,0.0,0.0,0.0,3.0,12.0,3.0,0.0,12.0,0.0,0.0,0.0,0.0,0.0,0.0,0.0,0.0,0.0,0.0,29.0,0.0,0.0,29.0,0.0,0.0,0.0,0.0,0.0,0.0,0.0,0.0,0.0,0.0,0.0,0.0,"Jan 19, 2017"
2867,2906065.0,25107.0,Wassit,Kut,Sewada-Al-Baydhaa village,السوادة-قرية البيضاء,32.6529979722,46.0773995466,12.0,72.0,0.0,0.0,0.0,0.0,0.0,0.0,0.0,0.0,0.0,0.0,0.0,0.0,12.0,0.0,0.0,0.0,0.0,0.0,0.0,0.0,0.0,0.0,0.0,0.0,0.0,4.0,8.0,4.0,0.0,8.0,0.0,0.0,0.0,0.0,0.0,0.0,0.0,0.0,0.0,0.0,12.0,0.0,0.0,12.0,0.0,0.0,0.0,0.0,0.0,0.0,0.0,0.0,0.0,0.0,0.0,0.0,"Jan 19, 2017"
2868,2906067.0,18435.0,Wassit,Kut,Shaikh Saad,شيخ سعد,32.5659209372,46.2745914235,14.0,84.0,0.0,0.0,0.0,0.0,0.0,0.0,0.0,0.0,0.0,0.0,0.0,0.0,14.0,0.0,0.0,0.0,0.0,0.0,0.0,6.0,0.0,0.0,0.0,0.0,0.0,8.0,0.0,8.0,0.0,0.0,0.0,0.0,0.0,0.0,0.0,0.0,0.0,0.0,0.0,0.0,0.0,0.0,14.0,0.0,0.0,14.0,0.0,0.0,0.0,0.0,0.0,0.0,0.0,0.0,0.0,0.0,"Jan 19, 2017"
2869,2906068.0,19551.0,Wassit,Kut,Technical Institute,معهد فني ,32.4506221244,45.9028489203,35.0,210.0,4.0,0.0,0.0,0.0,0.0,0.0,0.0,0.0,0.0,0.0,0.0,0.0,25.0,0.0,6.0,0.0,0.0,0.0,0.0,0.0,0.0,0.0,0.0,0.0,0.0,12.0,23.0,12.0,0.0,23.0,0.0,0.0,0.0,0.0,0.0,0.0,0.0,0.0,0.0,0.0,25.0,0.0,6.0,25.0,0.0,6.0,4.0,0.0,0.0,4.0,0.0,0.0,0.0,0.0,0.0,0.0,"Jan 19, 2017"
2870,2906069.0,20948.0,Wassit,Kut,Um Hulail Village,ام هليل,32.5315482091,45.7644747378,43.0,258.0,3.0,0.0,0.0,0.0,0.0,0.0,0.0,0.0,0.0,0.0,0.0,0.0,40.0,0.0,0.0,0.0,0.0,0.0,0.0,0.0,0.0,0.0,0.0,0.0,0.0,43.0,0.0,43.0,0.0,0.0,0.0,0.0,0.0,0.0,0.0,0.0,0.0,0.0,3.0,0.0,20.0,3.0,0.0,20.0,20.0,0.0,0.0,20.0,0.0,0.0,0.0,0.0,0.0,0.0,0.0,0.0,"Jan 19, 2017"
2871,2906070.0,27275.0,Wassit,Kut,Al-Hassan Al-Askari Al-Thania,الحسن العسكري الثانيه,32.5324789235,45.7912212,40.0,240.0,0.0,0.0,0.0,0.0,0.0,0.0,0.0,0.0,0.0,0.0,0.0,0.0,40.0,0.0,0.0,0.0,0.0,0.0,0.0,0.0,0.0,0.0,0.0,0.0,0.0,15.0,25.0,15.0,0.0,25.0,0.0,0.0,0.0,0.0,0.0,0.0,0.0,0.0,0.0,0.0,40.0,0.0,0.0,40.0,0.0,0.0,0.0,0.0,0.0,0.0,0.0,0.0,0.0,0.0,0.0,0.0,"Jan 19, 2017"
2872,2906071.0,27276.0,Wassit,Kut,Al-Umarat-Al-Mutamaizeen,العمارات المتميزين,32.5177429718,45.8017850636,68.0,408.0,15.0,0.0,0.0,0.0,0.0,0.0,0.0,0.0,0.0,0.0,0.0,0.0,48.0,0.0,5.0,0.0,0.0,0.0,0.0,0.0,0.0,0.0,0.0,0.0,0.0,0.0,68.0,0.0,0.0,68.0,0.0,0.0,0.0,0.0,0.0,0.0,0.0,0.0,0.0,0.0,46.0,0.0,7.0,46.0,0.0,7.0,15.0,0.0,0.0,15.0,0.0,0.0,0.0,0.0,0.0,0.0,"Jan 19, 2017"
2873,2906072.0,27277.0,Wassit,Kut,Al Hakeem Al-Ula,الحكيم الأولى,32.529881711,45.8396483069,4.0,24.0,0.0,0.0,0.0,0.0,0.0,0.0,0.0,0.0,0.0,0.0,0.0,0.0,4.0,0.0,0.0,0.0,0.0,0.0,0.0,0.0,0.0,0.0,0.0,0.0,0.0,0.0,4.0,0.0,0.0,4.0,0.0,0.0,0.0,0.0,0.0,0.0,0.0,0.0,0.0,0.0,4.0,0.0,0.0,4.0,0.0,0.0,0.0,0.0,0.0,0.0,0.0,0.0,0.0,0.0,0.0,0.0,"Jan 19, 2017"
2874,2906073.0,27278.0,Wassit,Kut,Al Hakeem Al-Thania,الحكيم الثانيه,32.5358911059,45.8570799654,2.0,12.0,0.0,0.0,0.0,0.0,0.0,0.0,0.0,0.0,0.0,0.0,0.0,0.0,2.0,0.0,0.0,0.0,0.0,0.0,0.0,0.0,0.0,0.0,0.0,0.0,0.0,0.0,2.0,0.0,0.0,2.0,0.0,0.0,0.0,0.0,0.0,0.0,0.0,0.0,0.0,0.0,2.0,0.0,0.0,2.0,0.0,0.0,0.0,0.0,0.0,0.0,0.0,0.0,0.0,0.0,0.0,0.0,"Jan 19, 2017"
2875,2906074.0,27383.0,Wassit,Kut,Hay Al Jawadeen Al-Thalitha,حي الجوادين الثالثه,32.5110396113,45.8569685935,24.0,144.0,7.0,0.0,0.0,0.0,0.0,0.0,0.0,0.0,7.0,0.0,0.0,0.0,10.0,0.0,0.0,0.0,0.0,0.0,0.0,0.0,0.0,0.0,0.0,0.0,0.0,0.0,24.0,0.0,0.0,24.0,0.0,0.0,0.0,0.0,0.0,0.0,0.0,0.0,7.0,0.0,10.0,7.0,0.0,10.0,0.0,0.0,7.0,0.0,0.0,7.0,0.0,0.0,0.0,0.0,0.0,0.0,"Jan 19, 2017"
2876,3101001.0,24228.0,Basrah,Abu Al-Khaseeb,Abo Jawzy,البصرة-ابو الخصيب-ابو الجوزي,30.48193639,47.8625267013,1.0,6.0,1.0,0.0,0.0,0.0,0.0,0.0,0.0,0.0,0.0,0.0,0.0,0.0,0.0,0.0,0.0,0.0,0.0,0.0,0.0,0.0,0.0,0.0,0.0,0.0,0.0,0.0,1.0,0.0,0.0,1.0,0.0,0.0,0.0,0.0,0.0,0.0,0.0,0.0,0.0,0.0,0.0,0.0,1.0,0.0,0.0,1.0,0.0,0.0,0.0,0.0,0.0,0.0,0.0,0.0,0.0,0.0,"Jan 19, 2017"
2877,3101002.0,792.0,Basrah,Abu Al-Khaseeb,Abu flos,البصرة-ابو الخصيب-ابو فلوس,30.4411107787,48.0137107922,2.0,12.0,2.0,0.0,0.0,0.0,0.0,0.0,0.0,0.0,0.0,0.0,0.0,0.0,0.0,0.0,0.0,0.0,0.0,0.0,0.0,1.0,0.0,0.0,0.0,0.0,0.0,0.0,1.0,0.0,0.0,1.0,0.0,0.0,0.0,0.0,0.0,0.0,0.0,0.0,2.0,0.0,0.0,2.0,0.0,0.0,0.0,0.0,0.0,0.0,0.0,0.0,0.0,0.0,0.0,0.0,0.0,0.0,"Jan 19, 2017"
2878,3101003.0,25540.0,Basrah,Abu Al-Khaseeb,Abu Kusra,ابو كوصره,30.4417453525,47.9594889265,7.0,42.0,3.0,0.0,1.0,0.0,0.0,0.0,0.0,0.0,0.0,0.0,0.0,0.0,0.0,0.0,3.0,0.0,0.0,0.0,0.0,3.0,0.0,0.0,0.0,0.0,0.0,0.0,4.0,0.0,0.0,4.0,0.0,0.0,0.0,0.0,0.0,0.0,0.0,0.0,2.0,0.0,1.0,2.0,0.0,1.0,3.0,0.0,0.0,3.0,0.0,0.0,1.0,0.0,0.0,1.0,0.0,0.0,"Jan 19, 2017"
2879,3101004.0,601.0,Basrah,Abu Al-Khaseeb,Abu magheera,ابو مغيره,30.4606054712,47.9612413976,4.0,24.0,0.0,0.0,0.0,0.0,0.0,0.0,0.0,0.0,0.0,0.0,0.0,0.0,0.0,0.0,4.0,0.0,0.0,0.0,0.0,4.0,0.0,0.0,0.0,0.0,0.0,0.0,0.0,0.0,0.0,0.0,0.0,0.0,0.0,0.0,0.0,0.0,0.0,0.0,0.0,0.0,4.0,0.0,0.0,4.0,0.0,0.0,0.0,0.0,0.0,0.0,0.0,0.0,0.0,0.0,0.0,0.0,"Jan 19, 2017"
2880,3101005.0,25970.0,Basrah,Abu Al-Khaseeb,Al Ibraheem,ال ابراهيم,30.4496837503,47.986187425,8.0,48.0,2.0,0.0,0.0,0.0,0.0,0.0,0.0,0.0,1.0,0.0,0.0,0.0,3.0,0.0,2.0,0.0,0.0,0.0,0.0,0.0,0.0,0.0,0.0,0.0,0.0,0.0,8.0,0.0,0.0,8.0,0.0,0.0,0.0,0.0,0.0,0.0,0.0,0.0,0.0,0.0,5.0,0.0,0.0,5.0,2.0,0.0,1.0,2.0,0.0,1.0,0.0,0.0,0.0,0.0,0.0,0.0,"Jan 19, 2017"
2881,3101007.0,23896.0,Basrah,Abu Al-Khaseeb,Al-Abdaliyan,البصرة-ابو الخصيب-العبدليان,30.4763338647,47.8662181397,2.0,12.0,2.0,0.0,0.0,0.0,0.0,0.0,0.0,0.0,0.0,0.0,0.0,0.0,0.0,0.0,0.0,0.0,0.0,0.0,0.0,2.0,0.0,0.0,0.0,0.0,0.0,0.0,0.0,0.0,0.0,0.0,0.0,0.0,0.0,0.0,0.0,0.0,0.0,0.0,2.0,0.0,0.0,2.0,0.0,0.0,0.0,0.0,0.0,0.0,0.0,0.0,0.0,0.0,0.0,0.0,0.0,0.0,"Jan 19, 2017"
2882,3101008.0,23895.0,Basrah,Abu Al-Khaseeb,Al-Awjah,البصرة-ابو الخصيب-العوجه,30.433843588,47.9649323977,9.0,54.0,3.0,0.0,0.0,0.0,0.0,0.0,0.0,0.0,0.0,0.0,0.0,0.0,4.0,0.0,2.0,0.0,0.0,0.0,0.0,2.0,0.0,0.0,0.0,0.0,0.0,0.0,7.0,0.0,0.0,7.0,0.0,0.0,0.0,0.0,0.0,0.0,0.0,0.0,0.0,0.0,3.0,0.0,3.0,3.0,2.0,3.0,0.0,2.0,0.0,0.0,1.0,0.0,0.0,1.0,0.0,0.0,"Jan 19, 2017"
2883,3101009.0,587.0,Basrah,Abu Al-Khaseeb,Al-bahadria,البهادرية ,30.4722638405,47.867014551,4.0,24.0,0.0,0.0,0.0,0.0,0.0,2.0,0.0,0.0,0.0,0.0,0.0,0.0,1.0,0.0,1.0,0.0,0.0,0.0,0.0,0.0,0.0,0.0,0.0,0.0,0.0,0.0,4.0,0.0,0.0,4.0,0.0,0.0,0.0,0.0,0.0,0.0,0.0,0.0,0.0,0.0,2.0,0.0,0.0,2.0,2.0,0.0,0.0,2.0,0.0,0.0,0.0,0.0,0.0,0.0,0.0,0.0,"Jan 19, 2017"
2884,3101010.0,780.0,Basrah,Abu Al-Khaseeb,Al-Dhaheeria,ظاهرية,30.4327220587,47.9703892242,5.0,30.0,5.0,0.0,0.0,0.0,0.0,0.0,0.0,0.0,0.0,0.0,0.0,0.0,0.0,0.0,0.0,0.0,0.0,0.0,0.0,1.0,0.0,0.0,0.0,0.0,0.0,0.0,4.0,0.0,0.0,4.0,0.0,0.0,0.0,0.0,0.0,0.0,0.0,0.0,0.0,0.0,4.0,0.0,0.0,4.0,1.0,0.0,0.0,1.0,0.0,0.0,0.0,0.0,0.0,0.0,0.0,0.0,"Jan 19, 2017"
2885,3101011.0,820.0,Basrah,Abu Al-Khaseeb,Al-jadida,البصرة-ابو الخصيب-الجُديدا,30.4507608144,47.9042637662,4.0,24.0,2.0,0.0,0.0,0.0,0.0,0.0,0.0,0.0,0.0,0.0,0.0,0.0,2.0,0.0,0.0,0.0,0.0,0.0,0.0,1.0,0.0,0.0,0.0,0.0,0.0,0.0,3.0,0.0,0.0,3.0,0.0,0.0,0.0,0.0,0.0,0.0,0.0,0.0,0.0,0.0,0.0,0.0,0.0,0.0,4.0,0.0,0.0,4.0,0.0,0.0,0.0,0.0,0.0,0.0,0.0,0.0,"Jan 19, 2017"
2886,3101012.0,607.0,Basrah,Abu Al-Khaseeb,Al-Sankar,الصنكر,30.4642247367,47.9412580586,4.0,24.0,1.0,0.0,0.0,0.0,0.0,0.0,0.0,0.0,0.0,0.0,0.0,0.0,1.0,0.0,2.0,0.0,0.0,0.0,0.0,0.0,0.0,0.0,0.0,0.0,0.0,0.0,4.0,0.0,0.0,4.0,0.0,0.0,0.0,0.0,0.0,0.0,0.0,0.0,0.0,0.0,0.0,0.0,1.0,0.0,3.0,1.0,0.0,3.0,0.0,0.0,0.0,0.0,0.0,0.0,0.0,0.0,"Jan 19, 2017"
2887,3101013.0,1307.0,Basrah,Abu Al-Khaseeb,Al-Sibiliat,السيبيليات,30.457114598,47.9506490704,8.0,48.0,5.0,0.0,0.0,0.0,0.0,1.0,0.0,0.0,0.0,0.0,0.0,0.0,2.0,0.0,0.0,0.0,0.0,0.0,0.0,6.0,0.0,0.0,0.0,0.0,0.0,0.0,2.0,0.0,0.0,2.0,0.0,0.0,0.0,0.0,0.0,0.0,0.0,0.0,0.0,0.0,1.0,0.0,0.0,1.0,5.0,0.0,0.0,5.0,0.0,0.0,2.0,0.0,0.0,2.0,0.0,0.0,"Jan 19, 2017"
2888,3101014.0,841.0,Basrah,Abu Al-Khaseeb,Awaisian,عويسيان,30.4846945568,47.8570778808,10.0,60.0,5.0,0.0,0.0,0.0,0.0,2.0,0.0,0.0,3.0,0.0,0.0,0.0,0.0,0.0,0.0,0.0,0.0,0.0,0.0,8.0,0.0,0.0,0.0,0.0,0.0,0.0,2.0,0.0,0.0,2.0,0.0,0.0,0.0,0.0,0.0,0.0,0.0,0.0,1.0,0.0,4.0,1.0,2.0,4.0,1.0,2.0,2.0,1.0,0.0,2.0,0.0,0.0,0.0,0.0,0.0,0.0,"Jan 19, 2017"
2889,3101015.0,809.0,Basrah,Abu Al-Khaseeb,Bab al-dabagh,باب دباغ,30.4451049014,47.995388753,7.0,42.0,2.0,0.0,0.0,0.0,0.0,0.0,0.0,0.0,2.0,0.0,0.0,0.0,2.0,0.0,1.0,0.0,0.0,0.0,0.0,6.0,0.0,0.0,0.0,0.0,0.0,0.0,1.0,0.0,0.0,1.0,0.0,0.0,0.0,0.0,0.0,0.0,0.0,0.0,0.0,0.0,4.0,0.0,0.0,4.0,1.0,0.0,2.0,1.0,0.0,2.0,0.0,0.0,0.0,0.0,0.0,0.0,"Jan 19, 2017"
2890,3101016.0,512.0,Basrah,Abu Al-Khaseeb,Bab midan,باب ميدان ,30.4567426685,47.9940957242,8.0,48.0,1.0,0.0,0.0,0.0,0.0,0.0,0.0,0.0,0.0,0.0,0.0,0.0,1.0,0.0,6.0,0.0,0.0,0.0,0.0,1.0,0.0,0.0,0.0,0.0,0.0,0.0,7.0,0.0,0.0,7.0,0.0,0.0,0.0,0.0,0.0,0.0,0.0,0.0,0.0,0.0,3.0,0.0,0.0,3.0,5.0,0.0,0.0,5.0,0.0,0.0,0.0,0.0,0.0,0.0,0.0,0.0,"Jan 19, 2017"
2891,3101017.0,811.0,Basrah,Abu Al-Khaseeb,Bab sulaiman,باب سليمان,30.4492257884,47.997116688,15.0,90.0,3.0,0.0,0.0,0.0,0.0,0.0,0.0,0.0,0.0,0.0,0.0,0.0,1.0,0.0,11.0,0.0,0.0,0.0,0.0,9.0,0.0,0.0,0.0,0.0,0.0,0.0,6.0,0.0,0.0,6.0,0.0,0.0,0.0,0.0,0.0,0.0,0.0,0.0,1.0,0.0,5.0,1.0,3.0,5.0,5.0,3.0,1.0,5.0,0.0,1.0,0.0,0.0,0.0,0.0,0.0,0.0,"Jan 19, 2017"
2892,3101018.0,797.0,Basrah,Abu Al-Khaseeb,Bab taweel,البصرة-ابو الخصيب-باب طويل,30.4386312772,47.9870524852,3.0,18.0,0.0,0.0,0.0,0.0,0.0,0.0,0.0,0.0,0.0,0.0,0.0,0.0,0.0,0.0,3.0,0.0,0.0,0.0,0.0,3.0,0.0,0.0,0.0,0.0,0.0,0.0,0.0,0.0,0.0,0.0,0.0,0.0,0.0,0.0,0.0,0.0,0.0,0.0,0.0,0.0,0.0,0.0,0.0,0.0,3.0,0.0,0.0,3.0,0.0,0.0,0.0,0.0,0.0,0.0,0.0,0.0,"Jan 19, 2017"
2893,3101019.0,20783.0,Basrah,Abu Al-Khaseeb,Balad Sultan,ابو الخصيب-بلد سلطان,30.4535116554,47.9894297577,6.0,36.0,3.0,0.0,0.0,0.0,0.0,0.0,0.0,0.0,0.0,0.0,0.0,0.0,3.0,0.0,0.0,0.0,0.0,0.0,0.0,0.0,0.0,0.0,0.0,0.0,0.0,0.0,6.0,0.0,0.0,6.0,0.0,0.0,0.0,0.0,0.0,0.0,0.0,0.0,6.0,0.0,0.0,6.0,0.0,0.0,0.0,0.0,0.0,0.0,0.0,0.0,0.0,0.0,0.0,0.0,0.0,0.0,"Jan 19, 2017"
2894,3101021.0,24480.0,Basrah,Abu Al-Khaseeb,Door Alasmeadh,البصرة-ابو الخصيب-دور الاسمدة,30.4445509462,48.0251211868,6.0,36.0,0.0,0.0,0.0,0.0,0.0,0.0,0.0,0.0,0.0,0.0,0.0,0.0,5.0,0.0,1.0,0.0,0.0,0.0,0.0,0.0,0.0,0.0,0.0,0.0,0.0,0.0,6.0,0.0,0.0,6.0,0.0,0.0,0.0,0.0,0.0,0.0,0.0,0.0,0.0,0.0,1.0,0.0,5.0,1.0,0.0,5.0,0.0,0.0,0.0,0.0,0.0,0.0,0.0,0.0,0.0,0.0,"Jan 19, 2017"
2895,3101022.0,381.0,Basrah,Abu Al-Khaseeb,Hamdan,البصرة-ابو الخصيب-حمدن,30.4567786411,47.8918025769,50.0,300.0,17.0,0.0,0.0,0.0,0.0,0.0,0.0,0.0,0.0,0.0,0.0,0.0,17.0,0.0,16.0,0.0,0.0,0.0,0.0,12.0,0.0,0.0,0.0,0.0,0.0,0.0,38.0,0.0,0.0,38.0,0.0,0.0,0.0,0.0,0.0,0.0,0.0,0.0,0.0,0.0,27.0,0.0,7.0,27.0,14.0,7.0,1.0,14.0,0.0,1.0,1.0,0.0,0.0,1.0,0.0,0.0,"Jan 19, 2017"
2896,3101023.0,505.0,Basrah,Abu Al-Khaseeb,Hay Al Askarye,الحي العسكري ,30.4403138728,47.9424084771,13.0,78.0,6.0,0.0,0.0,0.0,0.0,0.0,0.0,0.0,2.0,0.0,0.0,0.0,2.0,0.0,3.0,0.0,0.0,0.0,0.0,3.0,0.0,0.0,0.0,0.0,0.0,0.0,10.0,0.0,0.0,10.0,0.0,0.0,0.0,0.0,0.0,0.0,0.0,0.0,1.0,0.0,10.0,1.0,2.0,10.0,0.0,2.0,0.0,0.0,0.0,0.0,0.0,0.0,0.0,0.0,0.0,0.0,"Jan 19, 2017"
2897,3101024.0,24158.0,Basrah,Abu Al-Khaseeb,Kut Al Solhy,ابو الخصيب-كوت الصلحي,30.4477764913,47.9098156768,12.0,72.0,3.0,0.0,0.0,0.0,0.0,0.0,0.0,0.0,0.0,0.0,0.0,0.0,6.0,0.0,3.0,0.0,0.0,0.0,0.0,4.0,0.0,0.0,0.0,0.0,0.0,0.0,8.0,0.0,0.0,8.0,0.0,0.0,0.0,0.0,0.0,0.0,0.0,0.0,2.0,0.0,5.0,2.0,3.0,5.0,2.0,3.0,0.0,2.0,0.0,0.0,0.0,0.0,0.0,0.0,0.0,0.0,"Jan 19, 2017"
2898,3101025.0,813.0,Basrah,Abu Al-Khaseeb,Kut thewainy,كوت ثويني,30.4645974832,47.8908986936,5.0,30.0,1.0,0.0,0.0,0.0,0.0,0.0,0.0,0.0,1.0,0.0,0.0,0.0,1.0,0.0,2.0,0.0,0.0,0.0,0.0,3.0,0.0,0.0,0.0,0.0,0.0,0.0,2.0,0.0,0.0,2.0,0.0,0.0,0.0,0.0,0.0,0.0,0.0,0.0,0.0,0.0,2.0,0.0,1.0,2.0,2.0,1.0,0.0,2.0,0.0,0.0,0.0,0.0,0.0,0.0,0.0,0.0,"Jan 19, 2017"
2899,3101026.0,583.0,Basrah,Abu Al-Khaseeb,Mehila,محيلة,30.4608373133,47.9294944504,7.0,42.0,4.0,0.0,0.0,0.0,0.0,0.0,0.0,0.0,3.0,0.0,0.0,0.0,0.0,0.0,0.0,0.0,0.0,0.0,0.0,5.0,0.0,0.0,0.0,0.0,0.0,0.0,2.0,0.0,0.0,2.0,0.0,0.0,0.0,0.0,0.0,0.0,0.0,0.0,0.0,0.0,2.0,0.0,3.0,2.0,1.0,3.0,1.0,1.0,0.0,1.0,0.0,0.0,0.0,0.0,0.0,0.0,"Jan 19, 2017"
2900,3101027.0,24526.0,Basrah,Abu Al-Khaseeb,Mhjeran,مهيجران,30.46856738,47.8794947933,12.0,72.0,6.0,0.0,0.0,0.0,0.0,0.0,0.0,0.0,0.0,0.0,0.0,0.0,3.0,0.0,3.0,0.0,0.0,0.0,0.0,3.0,0.0,0.0,0.0,0.0,0.0,0.0,9.0,0.0,0.0,9.0,0.0,0.0,0.0,0.0,0.0,0.0,0.0,0.0,0.0,0.0,4.0,0.0,2.0,4.0,5.0,2.0,1.0,5.0,0.0,1.0,0.0,0.0,0.0,0.0,0.0,0.0,"Jan 19, 2017"
2901,3101028.0,599.0,Basrah,Abu Al-Khaseeb,Nahir khuz,نهر خوز,30.4570987869,47.969832475,2.0,12.0,1.0,0.0,0.0,0.0,0.0,0.0,0.0,0.0,0.0,0.0,0.0,0.0,1.0,0.0,0.0,0.0,0.0,0.0,0.0,1.0,0.0,0.0,0.0,0.0,0.0,0.0,1.0,0.0,0.0,1.0,0.0,0.0,0.0,0.0,0.0,0.0,0.0,0.0,1.0,0.0,0.0,1.0,0.0,0.0,0.0,0.0,0.0,0.0,1.0,0.0,0.0,1.0,0.0,0.0,0.0,0.0,"Jan 19, 2017"
2902,3101029.0,20943.0,Basrah,Abu Al-Khaseeb,Shaikh Ibraheem,شيخ ابراهيم,30.4475806456,47.9753472548,7.0,42.0,0.0,0.0,0.0,0.0,0.0,0.0,0.0,0.0,0.0,0.0,0.0,0.0,6.0,0.0,1.0,0.0,0.0,0.0,0.0,0.0,0.0,0.0,0.0,0.0,0.0,0.0,7.0,0.0,0.0,7.0,0.0,0.0,0.0,0.0,0.0,0.0,0.0,0.0,0.0,0.0,6.0,0.0,0.0,6.0,1.0,0.0,0.0,1.0,0.0,0.0,0.0,0.0,0.0,0.0,0.0,0.0,"Jan 19, 2017"
2903,3101030.0,622.0,Basrah,Abu Al-Khaseeb,Yousifan,البصرة-ابو الخصيب-يوسفان,30.4710742651,47.8973959119,3.0,18.0,3.0,0.0,0.0,0.0,0.0,0.0,0.0,0.0,0.0,0.0,0.0,0.0,0.0,0.0,0.0,0.0,0.0,0.0,0.0,0.0,0.0,0.0,0.0,0.0,0.0,0.0,3.0,0.0,0.0,3.0,0.0,0.0,0.0,0.0,0.0,0.0,0.0,0.0,2.0,0.0,0.0,2.0,0.0,0.0,1.0,0.0,0.0,1.0,0.0,0.0,0.0,0.0,0.0,0.0,0.0,0.0,"Jan 19, 2017"
2904,3101032.0,834.0,Basrah,Abu Al-Khaseeb,Al-romia,الرومية,30.4570548101,47.9166111352,6.0,36.0,3.0,0.0,0.0,0.0,0.0,0.0,0.0,0.0,0.0,0.0,0.0,0.0,1.0,0.0,2.0,0.0,0.0,0.0,0.0,1.0,0.0,0.0,0.0,0.0,0.0,0.0,5.0,0.0,0.0,5.0,0.0,0.0,0.0,0.0,0.0,0.0,0.0,0.0,0.0,0.0,1.0,0.0,0.0,1.0,5.0,0.0,0.0,5.0,0.0,0.0,0.0,0.0,0.0,0.0,0.0,0.0,"Jan 19, 2017"
2905,3101033.0,27197.0,Basrah,Abu Al-Khaseeb,Muhoelat al zuhair,محولة الزهير ,30.4845064343,47.8721660627,2.0,12.0,1.0,0.0,0.0,0.0,0.0,0.0,0.0,0.0,0.0,0.0,0.0,0.0,0.0,0.0,1.0,0.0,0.0,0.0,0.0,1.0,0.0,0.0,0.0,0.0,0.0,0.0,1.0,0.0,0.0,1.0,0.0,0.0,0.0,0.0,0.0,0.0,0.0,0.0,0.0,0.0,1.0,0.0,0.0,1.0,1.0,0.0,0.0,1.0,0.0,0.0,0.0,0.0,0.0,0.0,0.0,0.0,"Jan 19, 2017"
2906,3101034.0,793.0,Basrah,Abu Al-Khaseeb,Al-Nizelah,النزيلة ,30.4371809627,47.9773122655,3.0,18.0,0.0,0.0,0.0,0.0,0.0,0.0,0.0,0.0,0.0,0.0,0.0,0.0,2.0,0.0,1.0,0.0,0.0,0.0,0.0,1.0,0.0,0.0,0.0,0.0,0.0,0.0,2.0,0.0,0.0,2.0,0.0,0.0,0.0,0.0,0.0,0.0,0.0,0.0,0.0,0.0,0.0,0.0,0.0,0.0,0.0,0.0,3.0,0.0,0.0,3.0,0.0,0.0,0.0,0.0,0.0,0.0,"Jan 19, 2017"
2907,3102001.0,1168.0,Basrah,Al-Midaina,Abo Shaoui,ابو شاوي,30.9429956,47.2590658729,38.0,228.0,0.0,0.0,0.0,0.0,0.0,2.0,0.0,0.0,0.0,0.0,0.0,0.0,30.0,0.0,6.0,0.0,0.0,0.0,0.0,1.0,0.0,0.0,0.0,0.0,0.0,3.0,34.0,3.0,0.0,34.0,0.0,0.0,0.0,0.0,0.0,0.0,0.0,0.0,4.0,0.0,1.0,4.0,23.0,1.0,5.0,23.0,3.0,5.0,2.0,3.0,0.0,2.0,0.0,0.0,0.0,0.0,"Jan 19, 2017"
2908,3102003.0,24921.0,Basrah,Al-Midaina,Al Khas,الخاص,30.9668686,47.300004883,6.0,36.0,0.0,0.0,0.0,0.0,0.0,0.0,0.0,0.0,0.0,0.0,0.0,0.0,0.0,0.0,6.0,0.0,0.0,0.0,0.0,1.0,0.0,0.0,0.0,0.0,0.0,0.0,5.0,0.0,0.0,5.0,0.0,0.0,0.0,0.0,0.0,0.0,0.0,0.0,4.0,0.0,2.0,4.0,0.0,2.0,0.0,0.0,0.0,0.0,0.0,0.0,0.0,0.0,0.0,0.0,0.0,0.0,"Jan 19, 2017"
2909,3102004.0,1202.0,Basrah,Al-Midaina,Al-a_wijah,العويجة,30.9777101,47.3256065,6.0,36.0,1.0,0.0,0.0,0.0,0.0,0.0,0.0,0.0,0.0,0.0,0.0,0.0,5.0,0.0,0.0,0.0,0.0,0.0,0.0,2.0,0.0,0.0,0.0,0.0,0.0,0.0,4.0,0.0,0.0,4.0,0.0,0.0,0.0,0.0,0.0,0.0,0.0,0.0,2.0,0.0,1.0,2.0,2.0,1.0,0.0,2.0,1.0,0.0,0.0,1.0,0.0,0.0,0.0,0.0,0.0,0.0,"Jan 19, 2017"
2910,3102005.0,1120.0,Basrah,Al-Midaina,Al-rahmaniyah,الرحمانية ,30.9278035,47.2966460109,4.0,24.0,1.0,0.0,1.0,0.0,0.0,0.0,0.0,0.0,0.0,0.0,0.0,0.0,0.0,0.0,2.0,0.0,0.0,0.0,0.0,3.0,0.0,0.0,0.0,0.0,0.0,0.0,1.0,0.0,0.0,1.0,0.0,0.0,0.0,0.0,0.0,0.0,0.0,0.0,1.0,0.0,0.0,1.0,2.0,0.0,0.0,2.0,1.0,0.0,0.0,1.0,0.0,0.0,0.0,0.0,0.0,0.0,"Jan 19, 2017"
2911,3102006.0,354.0,Basrah,Al-Midaina,Badran,البصرة-المدينة-البدران,30.9384589,47.2608006,1.0,6.0,0.0,0.0,0.0,0.0,0.0,0.0,0.0,0.0,0.0,0.0,0.0,0.0,1.0,0.0,0.0,0.0,0.0,0.0,0.0,0.0,0.0,0.0,0.0,0.0,0.0,0.0,1.0,0.0,0.0,1.0,0.0,0.0,0.0,0.0,0.0,0.0,0.0,0.0,0.0,0.0,1.0,0.0,0.0,1.0,0.0,0.0,0.0,0.0,0.0,0.0,0.0,0.0,0.0,0.0,0.0,0.0,"Jan 19, 2017"
2912,3102009.0,1210.0,Basrah,Al-Midaina,Shalhat al-hajaj,شلهة الحجاج,30.98808692,47.34655126,2.0,12.0,0.0,0.0,0.0,0.0,0.0,0.0,0.0,0.0,0.0,0.0,0.0,0.0,2.0,0.0,0.0,0.0,0.0,0.0,0.0,2.0,0.0,0.0,0.0,0.0,0.0,0.0,0.0,0.0,0.0,0.0,0.0,0.0,0.0,0.0,0.0,0.0,0.0,0.0,0.0,0.0,2.0,0.0,0.0,2.0,0.0,0.0,0.0,0.0,0.0,0.0,0.0,0.0,0.0,0.0,0.0,0.0,"Jan 19, 2017"
2913,3102010.0,491.0,Basrah,Al-Midaina,Shuwayj,ام الشويج,31.0012726,47.2628657939,5.0,30.0,0.0,0.0,0.0,0.0,0.0,0.0,0.0,0.0,0.0,0.0,0.0,0.0,0.0,0.0,5.0,0.0,0.0,0.0,0.0,1.0,0.0,0.0,0.0,0.0,0.0,0.0,4.0,0.0,0.0,4.0,0.0,0.0,0.0,0.0,0.0,0.0,0.0,0.0,3.0,0.0,2.0,3.0,0.0,2.0,0.0,0.0,0.0,0.0,0.0,0.0,0.0,0.0,0.0,0.0,0.0,0.0,"Jan 19, 2017"
2914,3102011.0,1129.0,Basrah,Al-Midaina,Alwan,مدينة-العلوان,30.9322847,47.2757481,3.0,18.0,1.0,0.0,0.0,0.0,0.0,0.0,0.0,0.0,0.0,0.0,0.0,0.0,2.0,0.0,0.0,0.0,0.0,0.0,0.0,0.0,0.0,0.0,0.0,0.0,0.0,0.0,3.0,0.0,0.0,3.0,0.0,0.0,0.0,0.0,0.0,0.0,0.0,0.0,0.0,0.0,0.0,0.0,0.0,0.0,0.0,0.0,2.0,0.0,1.0,2.0,0.0,1.0,0.0,0.0,0.0,0.0,"Jan 19, 2017"
2915,3102013.0,1166.0,Basrah,Al-Midaina,Al-Sooq,السوق ,30.95331967,47.26636386,7.0,42.0,0.0,0.0,0.0,0.0,0.0,0.0,0.0,0.0,0.0,0.0,0.0,0.0,1.0,0.0,6.0,0.0,0.0,0.0,0.0,1.0,0.0,0.0,0.0,0.0,0.0,0.0,6.0,0.0,0.0,6.0,0.0,0.0,0.0,0.0,0.0,0.0,0.0,0.0,0.0,0.0,0.0,0.0,1.0,0.0,6.0,1.0,0.0,6.0,0.0,0.0,0.0,0.0,0.0,0.0,0.0,0.0,"Jan 19, 2017"
2916,3102014.0,29633.0,Basrah,Al-Midaina,Abuv Ghazlan,ابو غزلان,30.9272391,47.2564387,1.0,6.0,0.0,0.0,0.0,0.0,0.0,0.0,0.0,0.0,0.0,0.0,0.0,0.0,0.0,0.0,1.0,0.0,0.0,0.0,0.0,1.0,0.0,0.0,0.0,0.0,0.0,0.0,0.0,0.0,0.0,0.0,0.0,0.0,0.0,0.0,0.0,0.0,0.0,0.0,0.0,0.0,0.0,0.0,0.0,0.0,1.0,0.0,0.0,1.0,0.0,0.0,0.0,0.0,0.0,0.0,0.0,0.0,"Jan 19, 2017"
2917,3102015.0,1225.0,Basrah,Al-Midaina,Shalhat Al-Egaab,شلهة عكاب,31.00052491,47.39869441,1.0,6.0,0.0,0.0,0.0,0.0,0.0,0.0,0.0,0.0,0.0,0.0,0.0,0.0,1.0,0.0,0.0,0.0,0.0,0.0,0.0,1.0,0.0,0.0,0.0,0.0,0.0,0.0,0.0,0.0,0.0,0.0,0.0,0.0,0.0,0.0,0.0,0.0,0.0,0.0,0.0,0.0,0.0,0.0,0.0,0.0,1.0,0.0,0.0,1.0,0.0,0.0,0.0,0.0,0.0,0.0,0.0,0.0,"Jan 19, 2017"
2918,3103002.0,25014.0,Basrah,Al-Qurna,Al Dair-Al Zahra,الدير-حي الزهراء,30.7991975,47.5786108,3.0,18.0,0.0,0.0,0.0,0.0,0.0,0.0,0.0,0.0,0.0,0.0,0.0,0.0,3.0,0.0,0.0,0.0,0.0,0.0,0.0,0.0,0.0,0.0,0.0,0.0,0.0,0.0,3.0,0.0,0.0,3.0,0.0,0.0,0.0,0.0,0.0,0.0,0.0,0.0,3.0,0.0,0.0,3.0,0.0,0.0,0.0,0.0,0.0,0.0,0.0,0.0,0.0,0.0,0.0,0.0,0.0,0.0,"Jan 19, 2017"
2919,3103003.0,25012.0,Basrah,Al-Qurna,Al Jelaa,البصره-القرنه-الجلعه,30.9743946,47.4509208572,7.0,42.0,1.0,0.0,0.0,0.0,0.0,0.0,0.0,0.0,0.0,0.0,0.0,0.0,0.0,0.0,6.0,0.0,0.0,0.0,0.0,5.0,0.0,0.0,0.0,0.0,0.0,0.0,2.0,0.0,0.0,2.0,0.0,0.0,0.0,0.0,0.0,0.0,0.0,0.0,0.0,0.0,3.0,0.0,4.0,3.0,0.0,4.0,0.0,0.0,0.0,0.0,0.0,0.0,0.0,0.0,0.0,0.0,"Jan 19, 2017"
2920,3103005.0,24625.0,Basrah,Al-Qurna,Al Sharsh Al Hamdawy,القرنة-الشرش-الحمداوي,30.99360377,47.43325593,5.0,30.0,0.0,0.0,0.0,0.0,0.0,0.0,0.0,0.0,0.0,0.0,0.0,0.0,5.0,0.0,0.0,0.0,0.0,0.0,0.0,0.0,0.0,0.0,0.0,0.0,0.0,0.0,5.0,0.0,0.0,5.0,0.0,0.0,0.0,0.0,0.0,0.0,0.0,0.0,0.0,0.0,0.0,0.0,5.0,0.0,0.0,5.0,0.0,0.0,0.0,0.0,0.0,0.0,0.0,0.0,0.0,0.0,"Jan 19, 2017"
2921,3103008.0,1251.0,Basrah,Al-Qurna,Al Thagar-Al-Nekhelat,الثغر-النخيلات,31.1018199,47.4256345,4.0,24.0,0.0,4.0,0.0,0.0,0.0,0.0,0.0,0.0,0.0,0.0,0.0,0.0,0.0,0.0,0.0,0.0,0.0,0.0,0.0,0.0,0.0,4.0,0.0,0.0,4.0,0.0,0.0,0.0,0.0,0.0,0.0,0.0,0.0,0.0,0.0,0.0,0.0,0.0,0.0,0.0,0.0,0.0,4.0,0.0,0.0,4.0,0.0,0.0,0.0,0.0,0.0,0.0,0.0,0.0,0.0,0.0,"Jan 19, 2017"
2922,3103009.0,25013.0,Basrah,Al-Qurna,Al-Dair Al Imam Al Abas,الدير-حي الامام العباس,30.7975698,47.5787076,4.0,24.0,0.0,0.0,0.0,0.0,0.0,0.0,0.0,0.0,0.0,0.0,0.0,0.0,4.0,0.0,0.0,0.0,0.0,0.0,0.0,0.0,0.0,0.0,0.0,0.0,0.0,0.0,4.0,0.0,0.0,4.0,0.0,0.0,0.0,0.0,0.0,0.0,0.0,0.0,0.0,0.0,2.0,0.0,1.0,2.0,1.0,1.0,0.0,1.0,0.0,0.0,0.0,0.0,0.0,0.0,0.0,0.0,"Jan 19, 2017"
2923,3103010.0,1239.0,Basrah,Al-Qurna,Al-mezearah,القرنة-المزيرعة ,31.0064472,47.451953,3.0,18.0,0.0,0.0,0.0,0.0,0.0,0.0,0.0,0.0,1.0,0.0,0.0,0.0,0.0,0.0,2.0,0.0,0.0,0.0,0.0,2.0,0.0,0.0,0.0,0.0,0.0,0.0,1.0,0.0,0.0,1.0,0.0,0.0,0.0,0.0,0.0,0.0,0.0,0.0,0.0,0.0,0.0,0.0,1.0,0.0,1.0,1.0,1.0,1.0,0.0,1.0,0.0,0.0,0.0,0.0,0.0,0.0,"Jan 19, 2017"
2924,3103011.0,1241.0,Basrah,Al-Qurna,Al-nehairat,النهيرات,31.0214896,47.4327203636,5.0,30.0,0.0,0.0,0.0,0.0,0.0,0.0,0.0,0.0,4.0,0.0,0.0,0.0,1.0,0.0,0.0,0.0,0.0,0.0,0.0,0.0,0.0,0.0,0.0,0.0,0.0,0.0,5.0,0.0,0.0,5.0,0.0,0.0,0.0,0.0,0.0,0.0,0.0,0.0,0.0,0.0,0.0,0.0,3.0,0.0,2.0,3.0,0.0,2.0,0.0,0.0,0.0,0.0,0.0,0.0,0.0,0.0,"Jan 19, 2017"
2925,3103012.0,1236.0,Basrah,Al-Qurna,Al-nesaer,النصير,31.0116643,47.4257633,1.0,6.0,1.0,0.0,0.0,0.0,0.0,0.0,0.0,0.0,0.0,0.0,0.0,0.0,0.0,0.0,0.0,0.0,0.0,0.0,0.0,0.0,0.0,0.0,0.0,0.0,0.0,0.0,1.0,0.0,0.0,1.0,0.0,0.0,0.0,0.0,0.0,0.0,0.0,0.0,0.0,0.0,0.0,0.0,0.0,0.0,1.0,0.0,0.0,1.0,0.0,0.0,0.0,0.0,0.0,0.0,0.0,0.0,"Jan 19, 2017"
2926,3103013.0,1110.0,Basrah,Al-Qurna,Al-shannanh,الشنانه,30.9052966,47.4983116,1.0,6.0,0.0,0.0,0.0,0.0,0.0,0.0,0.0,0.0,1.0,0.0,0.0,0.0,0.0,0.0,0.0,0.0,0.0,0.0,0.0,1.0,0.0,0.0,0.0,0.0,0.0,0.0,0.0,0.0,0.0,0.0,0.0,0.0,0.0,0.0,0.0,0.0,0.0,0.0,0.0,0.0,0.0,0.0,1.0,0.0,0.0,1.0,0.0,0.0,0.0,0.0,0.0,0.0,0.0,0.0,0.0,0.0,"Jan 19, 2017"
2927,3103014.0,1292.0,Basrah,Al-Qurna,Al-Souq,السوق,31.01311805,47.43100128,1.0,6.0,0.0,0.0,1.0,0.0,0.0,0.0,0.0,0.0,0.0,0.0,0.0,0.0,0.0,0.0,0.0,0.0,0.0,0.0,0.0,0.0,0.0,0.0,0.0,0.0,0.0,0.0,1.0,0.0,0.0,1.0,0.0,0.0,0.0,0.0,0.0,0.0,0.0,0.0,0.0,0.0,0.0,0.0,0.0,0.0,1.0,0.0,0.0,1.0,0.0,0.0,0.0,0.0,0.0,0.0,0.0,0.0,"Jan 19, 2017"
2928,3103016.0,23518.0,Basrah,Al-Qurna,Hay Al Hakeem,حي الحكيم ,30.79755721,47.5719543,5.0,30.0,0.0,0.0,0.0,0.0,0.0,0.0,0.0,0.0,0.0,0.0,0.0,0.0,5.0,0.0,0.0,0.0,0.0,0.0,0.0,0.0,0.0,0.0,0.0,0.0,0.0,0.0,5.0,0.0,0.0,5.0,0.0,0.0,0.0,0.0,0.0,0.0,0.0,0.0,3.0,0.0,2.0,3.0,0.0,2.0,0.0,0.0,0.0,0.0,0.0,0.0,0.0,0.0,0.0,0.0,0.0,0.0,"Jan 19, 2017"
2929,3103018.0,1240.0,Basrah,Al-Qurna,Hay al-juma_a,البصرة-القرنة-حي جمعة,31.0228364,47.4257866828,10.0,60.0,1.0,0.0,0.0,0.0,0.0,0.0,0.0,0.0,2.0,0.0,0.0,0.0,6.0,0.0,1.0,0.0,0.0,0.0,0.0,1.0,0.0,0.0,0.0,0.0,0.0,0.0,9.0,0.0,0.0,9.0,0.0,0.0,0.0,0.0,0.0,0.0,0.0,0.0,1.0,0.0,2.0,1.0,4.0,2.0,3.0,4.0,0.0,3.0,0.0,0.0,0.0,0.0,0.0,0.0,0.0,0.0,"Jan 19, 2017"
2930,3103021.0,27257.0,Basrah,Al-Qurna,Dair-AlJarah,الدير-الجراح,30.7313204,47.70517694,6.0,36.0,0.0,0.0,0.0,0.0,0.0,0.0,0.0,0.0,0.0,0.0,0.0,0.0,6.0,0.0,0.0,0.0,0.0,0.0,0.0,6.0,0.0,0.0,0.0,0.0,0.0,0.0,0.0,0.0,0.0,0.0,0.0,0.0,0.0,0.0,0.0,0.0,0.0,0.0,0.0,0.0,0.0,0.0,0.0,0.0,6.0,0.0,0.0,6.0,0.0,0.0,0.0,0.0,0.0,0.0,0.0,0.0,"Jan 19, 2017"
2931,3103023.0,28406.0,Basrah,Al-Qurna,Al Dair-Hay Al-Amil,الدير-حي العامل,30.7193883,47.7179978433,5.0,30.0,2.0,0.0,0.0,0.0,0.0,0.0,0.0,0.0,2.0,0.0,0.0,0.0,1.0,0.0,0.0,0.0,0.0,0.0,0.0,2.0,0.0,0.0,0.0,0.0,0.0,0.0,3.0,0.0,0.0,3.0,0.0,0.0,0.0,0.0,0.0,0.0,0.0,0.0,4.0,0.0,0.0,4.0,0.0,0.0,0.0,0.0,1.0,0.0,0.0,1.0,0.0,0.0,0.0,0.0,0.0,0.0,"Jan 19, 2017"
2932,3103024.0,28407.0,Basrah,Al-Qurna,Al Sharsh Shalhat Al-Hassan,الشرش-شلهة الحسن,30.9527657,47.4561057836,13.0,78.0,0.0,0.0,0.0,0.0,0.0,0.0,0.0,0.0,0.0,0.0,0.0,0.0,8.0,0.0,5.0,0.0,0.0,0.0,0.0,3.0,0.0,0.0,0.0,0.0,0.0,0.0,10.0,0.0,0.0,10.0,0.0,0.0,0.0,0.0,0.0,0.0,0.0,0.0,2.0,0.0,3.0,2.0,8.0,3.0,0.0,8.0,0.0,0.0,0.0,0.0,0.0,0.0,0.0,0.0,0.0,0.0,"Jan 19, 2017"
2933,3103025.0,29577.0,Basrah,Al-Qurna,Al Dair-Al-sharamkha,الدير-الشرامخة,30.8386162,47.545998,2.0,12.0,0.0,0.0,0.0,0.0,0.0,2.0,0.0,0.0,0.0,0.0,0.0,0.0,0.0,0.0,0.0,0.0,0.0,0.0,0.0,0.0,0.0,0.0,0.0,0.0,0.0,0.0,2.0,0.0,0.0,2.0,0.0,0.0,0.0,0.0,0.0,0.0,0.0,0.0,0.0,0.0,2.0,0.0,0.0,2.0,0.0,0.0,0.0,0.0,0.0,0.0,0.0,0.0,0.0,0.0,0.0,0.0,"Jan 19, 2017"
2934,3103026.0,496.0,Basrah,Al-Qurna,Shifia,شيفيا,30.8153737,47.5650991,3.0,18.0,0.0,0.0,0.0,0.0,0.0,0.0,0.0,0.0,0.0,0.0,0.0,0.0,3.0,0.0,0.0,0.0,0.0,0.0,0.0,1.0,0.0,0.0,0.0,0.0,0.0,0.0,2.0,0.0,0.0,2.0,0.0,0.0,0.0,0.0,0.0,0.0,0.0,0.0,0.0,0.0,0.0,0.0,3.0,0.0,0.0,3.0,0.0,0.0,0.0,0.0,0.0,0.0,0.0,0.0,0.0,0.0,"Jan 19, 2017"
2935,3104001.0,24279.0,Basrah,Al-Zubair,Al Dawajin,الزبير-الدواجن,30.3453171197,47.7561507141,9.0,54.0,0.0,0.0,0.0,0.0,0.0,0.0,0.0,0.0,0.0,0.0,0.0,0.0,8.0,0.0,1.0,0.0,0.0,0.0,0.0,0.0,0.0,3.0,0.0,0.0,3.0,0.0,6.0,0.0,0.0,6.0,0.0,0.0,0.0,0.0,0.0,0.0,0.0,0.0,0.0,0.0,1.0,0.0,0.0,1.0,3.0,0.0,0.0,3.0,0.0,0.0,5.0,0.0,0.0,5.0,0.0,0.0,"Jan 19, 2017"
2936,3104002.0,367.0,Basrah,Al-Zubair,Al Dirhamiyah 1,البصرة-الزبير-الدرهمية 1,30.3770593534,47.7183281407,6.0,36.0,2.0,0.0,0.0,0.0,0.0,0.0,0.0,0.0,0.0,0.0,0.0,0.0,4.0,0.0,0.0,0.0,0.0,0.0,0.0,1.0,0.0,0.0,0.0,0.0,0.0,0.0,5.0,0.0,0.0,5.0,0.0,0.0,0.0,0.0,0.0,0.0,0.0,0.0,0.0,0.0,1.0,0.0,3.0,1.0,2.0,3.0,0.0,2.0,0.0,0.0,0.0,0.0,0.0,0.0,0.0,0.0,"Jan 19, 2017"
2937,3104003.0,24924.0,Basrah,Al-Zubair,Al Mushroaa,المشروع,30.0373213,47.9269568,2.0,12.0,1.0,0.0,0.0,0.0,0.0,0.0,0.0,0.0,1.0,0.0,0.0,0.0,0.0,0.0,0.0,0.0,0.0,0.0,0.0,0.0,0.0,0.0,0.0,0.0,0.0,0.0,2.0,0.0,0.0,2.0,0.0,0.0,0.0,0.0,0.0,0.0,0.0,0.0,0.0,0.0,0.0,0.0,0.0,0.0,1.0,0.0,1.0,1.0,0.0,1.0,0.0,0.0,0.0,0.0,0.0,0.0,"Jan 19, 2017"
2938,3104004.0,24677.0,Basrah,Al-Zubair,Al Petro,الزبير-البيترو,30.3218638019,47.7218414955,4.0,24.0,0.0,0.0,0.0,0.0,0.0,0.0,0.0,0.0,0.0,0.0,0.0,0.0,2.0,0.0,2.0,0.0,0.0,0.0,0.0,3.0,0.0,0.0,0.0,0.0,0.0,0.0,1.0,0.0,0.0,1.0,0.0,0.0,0.0,0.0,0.0,0.0,0.0,0.0,0.0,0.0,2.0,0.0,2.0,2.0,0.0,2.0,0.0,0.0,0.0,0.0,0.0,0.0,0.0,0.0,0.0,0.0,"Jan 19, 2017"
2939,3104005.0,24676.0,Basrah,Al-Zubair,Al Rumilah Al Shamaliyah,البصرة-الزبير-الرميلة الشمالية,30.5600157237,47.3733710769,3.0,18.0,0.0,0.0,0.0,0.0,0.0,0.0,0.0,0.0,0.0,0.0,0.0,0.0,3.0,0.0,0.0,0.0,0.0,0.0,0.0,0.0,0.0,0.0,0.0,0.0,0.0,0.0,3.0,0.0,0.0,3.0,0.0,0.0,0.0,0.0,0.0,0.0,0.0,0.0,0.0,0.0,3.0,0.0,0.0,3.0,0.0,0.0,0.0,0.0,0.0,0.0,0.0,0.0,0.0,0.0,0.0,0.0,"Jan 19, 2017"
2940,3104006.0,509.0,Basrah,Al-Zubair,Al-Shemal Area,البصرة-الزبير-محلة الشمال,30.3983482897,47.7088830036,68.0,408.0,5.0,0.0,0.0,0.0,0.0,1.0,0.0,0.0,0.0,0.0,0.0,0.0,6.0,0.0,56.0,0.0,0.0,0.0,0.0,6.0,0.0,6.0,0.0,0.0,6.0,0.0,56.0,0.0,0.0,56.0,0.0,0.0,0.0,0.0,0.0,0.0,0.0,0.0,8.0,0.0,11.0,8.0,7.0,11.0,36.0,7.0,1.0,36.0,4.0,1.0,1.0,4.0,0.0,1.0,0.0,0.0,"Jan 19, 2017"
2941,3104009.0,1281.0,Basrah,Al-Zubair,Al-Dur Al-Jahiza,البصرة-الزبير-دور الجاهزة,30.3881063449,47.7147770511,13.0,78.0,3.0,0.0,0.0,0.0,0.0,0.0,0.0,0.0,0.0,0.0,0.0,0.0,2.0,0.0,8.0,0.0,0.0,0.0,0.0,1.0,0.0,0.0,0.0,0.0,0.0,0.0,12.0,0.0,0.0,12.0,0.0,0.0,0.0,0.0,0.0,0.0,0.0,0.0,0.0,0.0,5.0,0.0,3.0,5.0,3.0,3.0,2.0,3.0,0.0,2.0,0.0,0.0,0.0,0.0,0.0,0.0,"Jan 19, 2017"
2942,3104010.0,767.0,Basrah,Al-Zubair,Al-jamhoriyah al-olah,البصرة-الزبير-الجمهورية 1,30.390720319,47.7087281719,2.0,12.0,1.0,0.0,0.0,0.0,0.0,0.0,0.0,0.0,0.0,0.0,0.0,0.0,0.0,0.0,1.0,0.0,0.0,0.0,0.0,0.0,0.0,0.0,0.0,0.0,0.0,0.0,2.0,0.0,0.0,2.0,0.0,0.0,0.0,0.0,0.0,0.0,0.0,0.0,0.0,0.0,0.0,0.0,0.0,0.0,2.0,0.0,0.0,2.0,0.0,0.0,0.0,0.0,0.0,0.0,0.0,0.0,"Jan 19, 2017"
2943,3104011.0,760.0,Basrah,Al-Zubair,Al-jamhoriyah al-thaniyah,الجمهورية 2,30.3891039485,47.713629582,17.0,102.0,7.0,0.0,0.0,0.0,0.0,0.0,0.0,0.0,0.0,0.0,0.0,0.0,0.0,0.0,10.0,0.0,0.0,0.0,0.0,5.0,0.0,6.0,0.0,0.0,6.0,0.0,6.0,0.0,0.0,6.0,0.0,0.0,0.0,0.0,0.0,0.0,0.0,0.0,3.0,0.0,1.0,3.0,4.0,1.0,3.0,4.0,6.0,3.0,0.0,6.0,0.0,0.0,0.0,0.0,0.0,0.0,"Jan 19, 2017"
2944,3104012.0,757.0,Basrah,Al-Zubair,Al-marbed al-kadeem,المربد القديم ,30.386522723,47.6871562835,7.0,42.0,2.0,0.0,0.0,0.0,0.0,0.0,0.0,0.0,0.0,0.0,0.0,0.0,0.0,0.0,5.0,0.0,0.0,0.0,0.0,1.0,0.0,0.0,0.0,0.0,0.0,0.0,6.0,0.0,0.0,6.0,0.0,0.0,0.0,0.0,0.0,0.0,0.0,0.0,0.0,0.0,0.0,0.0,2.0,0.0,5.0,2.0,0.0,5.0,0.0,0.0,0.0,0.0,0.0,0.0,0.0,0.0,"Jan 19, 2017"
2945,3104013.0,779.0,Basrah,Al-Zubair,Al-Rasheidiyah Alolh,البصرة-الزبير-الرشيدية 1,30.3974488358,47.7009666147,8.0,48.0,1.0,0.0,0.0,0.0,0.0,1.0,0.0,0.0,0.0,0.0,0.0,0.0,3.0,0.0,3.0,0.0,0.0,0.0,0.0,0.0,0.0,0.0,0.0,0.0,0.0,0.0,8.0,0.0,0.0,8.0,0.0,0.0,0.0,0.0,0.0,0.0,0.0,0.0,2.0,0.0,1.0,2.0,0.0,1.0,5.0,0.0,0.0,5.0,0.0,0.0,0.0,0.0,0.0,0.0,0.0,0.0,"Jan 19, 2017"
2946,3104014.0,764.0,Basrah,Al-Zubair,Al-rasheidiyah al-thaniyah,البصرة-الزبير-الرشيدية 2,30.3923478708,47.7017321739,8.0,48.0,2.0,0.0,0.0,0.0,0.0,0.0,0.0,0.0,1.0,0.0,0.0,0.0,1.0,0.0,4.0,0.0,0.0,0.0,0.0,0.0,0.0,0.0,0.0,0.0,0.0,0.0,8.0,0.0,0.0,8.0,0.0,0.0,0.0,0.0,0.0,0.0,0.0,0.0,3.0,0.0,1.0,3.0,1.0,1.0,3.0,1.0,0.0,3.0,0.0,0.0,0.0,0.0,0.0,0.0,0.0,0.0,"Jan 19, 2017"
2947,3104015.0,25463.0,Basrah,Al-Zubair,Al-Shuaiba Hay Al-Murtadh,الشعيبة حي المرتضى,30.4294773,47.6791937908,10.0,60.0,0.0,0.0,0.0,0.0,0.0,0.0,0.0,0.0,0.0,0.0,0.0,0.0,9.0,0.0,1.0,0.0,0.0,0.0,0.0,0.0,0.0,0.0,0.0,0.0,0.0,0.0,10.0,0.0,0.0,10.0,0.0,0.0,0.0,0.0,0.0,0.0,0.0,0.0,0.0,0.0,3.0,0.0,3.0,3.0,4.0,3.0,0.0,4.0,0.0,0.0,0.0,0.0,0.0,0.0,0.0,0.0,"Jan 19, 2017"
2948,3104016.0,1312.0,Basrah,Al-Zubair,Al-Zubair Hay AlAthar,البصرة-الزبير-حي الاثار,30.3973449783,47.7196949006,3.0,18.0,0.0,0.0,0.0,0.0,0.0,0.0,0.0,0.0,0.0,0.0,0.0,0.0,0.0,0.0,3.0,0.0,0.0,0.0,0.0,1.0,0.0,0.0,0.0,0.0,0.0,0.0,2.0,0.0,0.0,2.0,0.0,0.0,0.0,0.0,0.0,0.0,0.0,0.0,0.0,0.0,0.0,0.0,1.0,0.0,2.0,1.0,0.0,2.0,0.0,0.0,0.0,0.0,0.0,0.0,0.0,0.0,"Jan 19, 2017"
2949,3104018.0,25971.0,Basrah,Al-Zubair,Door Al Dubbat,دور الضباط,30.3750714388,47.7078350788,7.0,42.0,0.0,0.0,0.0,0.0,0.0,1.0,0.0,0.0,0.0,0.0,0.0,0.0,1.0,0.0,5.0,0.0,0.0,0.0,0.0,0.0,0.0,0.0,0.0,0.0,0.0,0.0,7.0,0.0,0.0,7.0,0.0,0.0,0.0,0.0,0.0,0.0,0.0,0.0,1.0,0.0,0.0,1.0,1.0,0.0,5.0,1.0,0.0,5.0,0.0,0.0,0.0,0.0,0.0,0.0,0.0,0.0,"Jan 19, 2017"
2950,3104019.0,652.0,Basrah,Al-Zubair,Door al hindiyah ash shemaliyah,دور الهندية الشمالية ,30.0376813,47.912456,2.0,12.0,2.0,0.0,0.0,0.0,0.0,0.0,0.0,0.0,0.0,0.0,0.0,0.0,0.0,0.0,0.0,0.0,0.0,0.0,0.0,0.0,0.0,0.0,0.0,0.0,0.0,0.0,2.0,0.0,0.0,2.0,0.0,0.0,0.0,0.0,0.0,0.0,0.0,0.0,0.0,0.0,0.0,0.0,1.0,0.0,1.0,1.0,0.0,1.0,0.0,0.0,0.0,0.0,0.0,0.0,0.0,0.0,"Jan 19, 2017"
2951,3104021.0,651.0,Basrah,Al-Zubair,Door al-farook,حي الفاروق ,30.0371919,47.9160836,3.0,18.0,3.0,0.0,0.0,0.0,0.0,0.0,0.0,0.0,0.0,0.0,0.0,0.0,0.0,0.0,0.0,0.0,0.0,0.0,0.0,0.0,0.0,0.0,0.0,0.0,0.0,0.0,3.0,0.0,0.0,3.0,0.0,0.0,0.0,0.0,0.0,0.0,0.0,0.0,0.0,0.0,2.0,0.0,0.0,2.0,0.0,0.0,1.0,0.0,0.0,1.0,0.0,0.0,0.0,0.0,0.0,0.0,"Jan 19, 2017"
2952,3104024.0,22858.0,Basrah,Al-Zubair,Hay Al Dirhamiyah 3,البصرة-الزبير-الدرهمية 3,30.3798472162,47.7248827144,3.0,18.0,1.0,0.0,0.0,0.0,0.0,0.0,0.0,0.0,0.0,0.0,0.0,0.0,2.0,0.0,0.0,0.0,0.0,0.0,0.0,0.0,0.0,0.0,0.0,0.0,0.0,0.0,3.0,0.0,0.0,3.0,0.0,0.0,0.0,0.0,0.0,0.0,0.0,0.0,0.0,0.0,1.0,0.0,2.0,1.0,0.0,2.0,0.0,0.0,0.0,0.0,0.0,0.0,0.0,0.0,0.0,0.0,"Jan 19, 2017"
2953,3104025.0,1277.0,Basrah,Al-Zubair,Hay Al Hussain,البصرة-الزبير-حي الحسين,30.3769432809,47.7290953663,4.0,24.0,2.0,0.0,0.0,0.0,0.0,0.0,0.0,0.0,1.0,0.0,0.0,0.0,0.0,0.0,1.0,0.0,0.0,0.0,0.0,0.0,0.0,0.0,0.0,0.0,0.0,0.0,4.0,0.0,0.0,4.0,0.0,0.0,0.0,0.0,0.0,0.0,0.0,0.0,1.0,0.0,1.0,1.0,1.0,1.0,1.0,1.0,0.0,1.0,0.0,0.0,0.0,0.0,0.0,0.0,0.0,0.0,"Jan 19, 2017"
2954,3104026.0,1311.0,Basrah,Al-Zubair,Hay Al Sajad,حي السجاد,30.3839072462,47.7196110695,4.0,24.0,3.0,0.0,0.0,0.0,0.0,0.0,0.0,0.0,1.0,0.0,0.0,0.0,0.0,0.0,0.0,0.0,0.0,0.0,0.0,3.0,0.0,0.0,0.0,0.0,0.0,0.0,1.0,0.0,0.0,1.0,0.0,0.0,0.0,0.0,0.0,0.0,0.0,0.0,3.0,0.0,0.0,3.0,0.0,0.0,1.0,0.0,0.0,1.0,0.0,0.0,0.0,0.0,0.0,0.0,0.0,0.0,"Jan 19, 2017"
2955,3104029.0,25225.0,Basrah,Al-Zubair,Hay Alansar 1,البصرة-الزبير-حي الانصار 1,30.3636322929,47.7194306159,3.0,18.0,0.0,0.0,0.0,0.0,0.0,0.0,0.0,0.0,1.0,0.0,0.0,0.0,0.0,0.0,2.0,0.0,0.0,0.0,0.0,1.0,0.0,0.0,0.0,0.0,0.0,0.0,2.0,0.0,0.0,2.0,0.0,0.0,0.0,0.0,0.0,0.0,0.0,0.0,0.0,0.0,2.0,0.0,1.0,2.0,0.0,1.0,0.0,0.0,0.0,0.0,0.0,0.0,0.0,0.0,0.0,0.0,"Jan 19, 2017"
2956,3104030.0,25226.0,Basrah,Al-Zubair,Hay Alansar 2,البصرة-الزبير-حي الانصار2,30.3589680436,47.7189997039,5.0,30.0,2.0,0.0,0.0,0.0,0.0,0.0,0.0,0.0,0.0,0.0,0.0,0.0,0.0,0.0,3.0,0.0,0.0,0.0,0.0,1.0,0.0,0.0,0.0,0.0,0.0,0.0,4.0,0.0,0.0,4.0,0.0,0.0,0.0,0.0,0.0,0.0,0.0,0.0,2.0,0.0,0.0,2.0,0.0,0.0,2.0,0.0,1.0,2.0,0.0,1.0,0.0,0.0,0.0,0.0,0.0,0.0,"Jan 19, 2017"
2957,3104031.0,25227.0,Basrah,Al-Zubair,Hay Alansar 3,البصرة-الزبير-حي الانصار3,30.361554168,47.7240083222,6.0,36.0,5.0,0.0,0.0,0.0,0.0,0.0,0.0,0.0,0.0,0.0,0.0,0.0,1.0,0.0,0.0,0.0,0.0,0.0,0.0,0.0,0.0,0.0,0.0,0.0,0.0,0.0,6.0,0.0,0.0,6.0,0.0,0.0,0.0,0.0,0.0,0.0,0.0,0.0,0.0,0.0,5.0,0.0,0.0,5.0,1.0,0.0,0.0,1.0,0.0,0.0,0.0,0.0,0.0,0.0,0.0,0.0,"Jan 19, 2017"
2958,3104032.0,759.0,Basrah,Al-Zubair,Hay al-baladiyat,حي البلديات,30.38304637,47.71895528,1.0,6.0,0.0,0.0,0.0,0.0,0.0,1.0,0.0,0.0,0.0,0.0,0.0,0.0,0.0,0.0,0.0,0.0,0.0,0.0,0.0,0.0,0.0,0.0,0.0,0.0,0.0,0.0,1.0,0.0,0.0,1.0,0.0,0.0,0.0,0.0,0.0,0.0,0.0,0.0,0.0,0.0,1.0,0.0,0.0,1.0,0.0,0.0,0.0,0.0,0.0,0.0,0.0,0.0,0.0,0.0,0.0,0.0,"Jan 19, 2017"
2959,3104034.0,755.0,Basrah,Al-Zubair,Hay al-mualmein,حي المعلمين,30.38082529,47.71605656,1.0,6.0,0.0,0.0,0.0,0.0,0.0,0.0,0.0,0.0,0.0,0.0,0.0,0.0,0.0,0.0,1.0,0.0,0.0,0.0,0.0,0.0,0.0,0.0,0.0,0.0,0.0,0.0,1.0,0.0,0.0,1.0,0.0,0.0,0.0,0.0,0.0,0.0,0.0,0.0,0.0,0.0,1.0,0.0,0.0,1.0,0.0,0.0,0.0,0.0,0.0,0.0,0.0,0.0,0.0,0.0,0.0,0.0,"Jan 19, 2017"
2960,3104036.0,657.0,Basrah,Al-Zubair,Hay door al-senaah,دور الصناعة ,30.045495,47.9102532,5.0,30.0,3.0,0.0,0.0,0.0,0.0,0.0,0.0,0.0,0.0,0.0,0.0,0.0,0.0,0.0,2.0,0.0,0.0,0.0,0.0,0.0,0.0,2.0,0.0,0.0,2.0,0.0,3.0,0.0,0.0,3.0,0.0,0.0,0.0,0.0,0.0,0.0,0.0,0.0,0.0,0.0,0.0,0.0,2.0,0.0,1.0,2.0,2.0,1.0,0.0,2.0,0.0,0.0,0.0,0.0,0.0,0.0,"Jan 19, 2017"
2961,3104038.0,23898.0,Basrah,Al-Zubair,khor Al Zubair-Hay AL Hasan,البصرة-الزبير-خور الزبير-حي الحسن,30.2338733,47.7625214,1.0,6.0,1.0,0.0,0.0,0.0,0.0,0.0,0.0,0.0,0.0,0.0,0.0,0.0,0.0,0.0,0.0,0.0,0.0,0.0,0.0,0.0,0.0,0.0,0.0,0.0,0.0,0.0,1.0,0.0,0.0,1.0,0.0,0.0,0.0,0.0,0.0,0.0,0.0,0.0,0.0,0.0,0.0,0.0,0.0,0.0,1.0,0.0,0.0,1.0,0.0,0.0,0.0,0.0,0.0,0.0,0.0,0.0,"Jan 19, 2017"
2962,3104040.0,23976.0,Basrah,Al-Zubair,Mahalat Al-Arab,البصرة-الزبير-محلة العرب,30.3952927531,47.6892921928,29.0,174.0,22.0,0.0,0.0,0.0,0.0,0.0,0.0,0.0,4.0,0.0,0.0,0.0,3.0,0.0,0.0,0.0,0.0,0.0,0.0,2.0,0.0,0.0,0.0,0.0,0.0,0.0,27.0,0.0,0.0,27.0,0.0,0.0,0.0,0.0,0.0,0.0,0.0,0.0,1.0,0.0,7.0,1.0,2.0,7.0,6.0,2.0,13.0,6.0,0.0,13.0,0.0,0.0,0.0,0.0,0.0,0.0,"Jan 19, 2017"
2963,3104044.0,25018.0,Basrah,Al-Zubair,Safwan-Hay Al Risala,سفوان-حي الرساله,30.1163053,47.7170565,6.0,36.0,2.0,0.0,0.0,0.0,0.0,0.0,0.0,0.0,0.0,0.0,0.0,0.0,2.0,0.0,2.0,0.0,0.0,0.0,0.0,0.0,0.0,0.0,0.0,0.0,0.0,0.0,6.0,0.0,0.0,6.0,0.0,0.0,0.0,0.0,0.0,0.0,0.0,0.0,2.0,0.0,0.0,2.0,1.0,0.0,2.0,1.0,1.0,2.0,0.0,1.0,0.0,0.0,0.0,0.0,0.0,0.0,"Jan 19, 2017"
2964,3104045.0,25015.0,Basrah,Al-Zubair,Safwan-Hay Al Tahreer,سفوان-حي التحرير,30.1139633,47.7147295,2.0,12.0,0.0,0.0,0.0,0.0,0.0,0.0,0.0,0.0,0.0,0.0,0.0,0.0,1.0,0.0,1.0,0.0,0.0,0.0,0.0,2.0,0.0,0.0,0.0,0.0,0.0,0.0,0.0,0.0,0.0,0.0,0.0,0.0,0.0,0.0,0.0,0.0,0.0,0.0,0.0,0.0,1.0,0.0,1.0,1.0,0.0,1.0,0.0,0.0,0.0,0.0,0.0,0.0,0.0,0.0,0.0,0.0,"Jan 19, 2017"
2965,3104047.0,24925.0,Basrah,Al-Zubair,Umm Qasr-Door Al-Moaneaa 1-Street 10,دور الموانئ 1-أم قصير-شارع 10,30.038732,47.9203704,1.0,6.0,0.0,0.0,0.0,0.0,0.0,0.0,0.0,0.0,0.0,0.0,0.0,0.0,1.0,0.0,0.0,0.0,0.0,0.0,0.0,0.0,0.0,0.0,0.0,0.0,0.0,0.0,1.0,0.0,0.0,1.0,0.0,0.0,0.0,0.0,0.0,0.0,0.0,0.0,0.0,0.0,1.0,0.0,0.0,1.0,0.0,0.0,0.0,0.0,0.0,0.0,0.0,0.0,0.0,0.0,0.0,0.0,"Jan 19, 2017"
2966,3104048.0,24923.0,Basrah,Al-Zubair,Umm Qasr-Door Al-Moaneaa 1-Street 11,دور الموانئ 1-أم قصير-شارع 11,30.0383613,47.9209151,2.0,12.0,0.0,1.0,0.0,0.0,0.0,1.0,0.0,0.0,0.0,0.0,0.0,0.0,0.0,0.0,0.0,0.0,0.0,0.0,0.0,0.0,0.0,0.0,0.0,0.0,0.0,0.0,2.0,0.0,0.0,2.0,0.0,0.0,0.0,0.0,0.0,0.0,0.0,0.0,1.0,0.0,1.0,1.0,0.0,1.0,0.0,0.0,0.0,0.0,0.0,0.0,0.0,0.0,0.0,0.0,0.0,0.0,"Jan 19, 2017"
2967,3104050.0,24926.0,Basrah,Al-Zubair,Umm Qasr-Door Al-Moaneaa 1-Street 4,ام قصير-دور الموانئ 1-شارع 4,30.039371,47.915803,1.0,6.0,0.0,0.0,0.0,0.0,0.0,0.0,0.0,0.0,0.0,0.0,0.0,0.0,1.0,0.0,0.0,0.0,0.0,0.0,0.0,1.0,0.0,0.0,0.0,0.0,0.0,0.0,0.0,0.0,0.0,0.0,0.0,0.0,0.0,0.0,0.0,0.0,0.0,0.0,0.0,0.0,1.0,0.0,0.0,1.0,0.0,0.0,0.0,0.0,0.0,0.0,0.0,0.0,0.0,0.0,0.0,0.0,"Jan 19, 2017"
2968,3104052.0,25462.0,Basrah,Al-Zubair,Village Al-Nakheel Al-Asria,قرية النخيل العصرية,30.355550105,47.7158248796,7.0,42.0,0.0,0.0,0.0,0.0,0.0,0.0,0.0,0.0,0.0,0.0,0.0,0.0,1.0,0.0,6.0,0.0,0.0,0.0,0.0,0.0,0.0,7.0,0.0,0.0,7.0,0.0,0.0,0.0,0.0,0.0,0.0,0.0,0.0,0.0,0.0,0.0,0.0,0.0,2.0,0.0,0.0,2.0,0.0,0.0,5.0,0.0,0.0,5.0,0.0,0.0,0.0,0.0,0.0,0.0,0.0,0.0,"Jan 19, 2017"
2969,3104056.0,26111.0,Basrah,Al-Zubair,Khor Al Zubir-Al Shuqaq,خور الزبير-الشقق,30.2260548,47.7810015588,8.0,48.0,0.0,0.0,0.0,0.0,0.0,0.0,0.0,0.0,0.0,0.0,0.0,0.0,2.0,0.0,6.0,0.0,0.0,0.0,0.0,0.0,0.0,0.0,0.0,0.0,0.0,0.0,8.0,0.0,0.0,8.0,0.0,0.0,0.0,0.0,0.0,0.0,0.0,0.0,0.0,0.0,4.0,0.0,1.0,4.0,1.0,1.0,0.0,1.0,1.0,0.0,1.0,1.0,0.0,1.0,0.0,0.0,"Jan 19, 2017"
2970,3104057.0,26107.0,Basrah,Al-Zubair,Khor Al zubir-Hay Al Zahra,خور الزبير-حي الزهراء,30.2353794,47.7601865,9.0,54.0,7.0,0.0,0.0,0.0,0.0,0.0,0.0,0.0,0.0,0.0,0.0,0.0,0.0,0.0,2.0,0.0,0.0,0.0,0.0,0.0,0.0,0.0,0.0,0.0,0.0,0.0,9.0,0.0,0.0,9.0,0.0,0.0,0.0,0.0,0.0,0.0,0.0,0.0,0.0,0.0,0.0,0.0,0.0,0.0,6.0,0.0,3.0,6.0,0.0,3.0,0.0,0.0,0.0,0.0,0.0,0.0,"Jan 19, 2017"
2971,3104058.0,26108.0,Basrah,Al-Zubair,Khor Al zubir-Hay Al-Ansar,خور الزبير-حي الانصار,30.24025704,47.77092174,6.0,36.0,0.0,0.0,0.0,0.0,0.0,1.0,0.0,0.0,0.0,0.0,0.0,0.0,0.0,0.0,5.0,0.0,0.0,0.0,0.0,0.0,0.0,0.0,0.0,0.0,0.0,0.0,6.0,0.0,0.0,6.0,0.0,0.0,0.0,0.0,0.0,0.0,0.0,0.0,1.0,0.0,0.0,1.0,1.0,0.0,0.0,1.0,4.0,0.0,0.0,4.0,0.0,0.0,0.0,0.0,0.0,0.0,"Jan 19, 2017"
2972,3104059.0,26109.0,Basrah,Al-Zubair,Khor Al zubir-Hay Al-Hakeem,خور الزبير-حي الحكيم,30.2296719,47.7845184,4.0,24.0,0.0,0.0,0.0,0.0,0.0,0.0,0.0,0.0,1.0,0.0,0.0,0.0,3.0,0.0,0.0,0.0,0.0,0.0,0.0,0.0,0.0,0.0,0.0,0.0,0.0,0.0,4.0,0.0,0.0,4.0,0.0,0.0,0.0,0.0,0.0,0.0,0.0,0.0,1.0,0.0,1.0,1.0,2.0,1.0,0.0,2.0,0.0,0.0,0.0,0.0,0.0,0.0,0.0,0.0,0.0,0.0,"Jan 19, 2017"
2973,3104060.0,26110.0,Basrah,Al-Zubair,Khor Al zubir-Hay Al-Rasoul,خور الزبير-حي الرسول,30.2386718,47.767336,2.0,12.0,2.0,0.0,0.0,0.0,0.0,0.0,0.0,0.0,0.0,0.0,0.0,0.0,0.0,0.0,0.0,0.0,0.0,0.0,0.0,0.0,0.0,0.0,0.0,0.0,0.0,0.0,2.0,0.0,0.0,2.0,0.0,0.0,0.0,0.0,0.0,0.0,0.0,0.0,0.0,0.0,0.0,0.0,0.0,0.0,1.0,0.0,1.0,1.0,0.0,1.0,0.0,0.0,0.0,0.0,0.0,0.0,"Jan 19, 2017"
2974,3104061.0,1303.0,Basrah,Al-Zubair,Khor Al zubir-Hay Al-Salam,خور الزبير-حي السلام,30.24195869,47.77428254,10.0,60.0,0.0,0.0,0.0,0.0,0.0,0.0,0.0,0.0,0.0,0.0,0.0,0.0,2.0,0.0,8.0,0.0,0.0,0.0,0.0,1.0,0.0,0.0,0.0,0.0,0.0,0.0,9.0,0.0,0.0,9.0,0.0,0.0,0.0,0.0,0.0,0.0,0.0,0.0,0.0,0.0,0.0,0.0,0.0,0.0,10.0,0.0,0.0,10.0,0.0,0.0,0.0,0.0,0.0,0.0,0.0,0.0,"Jan 19, 2017"
2975,3104062.0,27196.0,Basrah,Al-Zubair,khor Al Zubair-Hay Al Baqer Al Ula,خور الزبير-الباقر الاولى,30.227041,47.767224,8.0,48.0,4.0,1.0,0.0,0.0,0.0,0.0,0.0,0.0,0.0,0.0,0.0,0.0,0.0,0.0,3.0,0.0,0.0,0.0,0.0,0.0,0.0,0.0,0.0,0.0,0.0,0.0,8.0,0.0,0.0,8.0,0.0,0.0,0.0,0.0,0.0,0.0,0.0,0.0,0.0,0.0,0.0,0.0,1.0,0.0,7.0,1.0,0.0,7.0,0.0,0.0,0.0,0.0,0.0,0.0,0.0,0.0,"Jan 19, 2017"
2976,3104064.0,27293.0,Basrah,Al-Zubair,Umm Qasr-Door Al-Moaneaa 2,ام قصير-دور الموانئ 2,30.03480088,47.92188308,4.0,24.0,2.0,0.0,0.0,0.0,0.0,0.0,0.0,0.0,0.0,0.0,0.0,0.0,1.0,0.0,1.0,0.0,0.0,0.0,0.0,1.0,0.0,0.0,0.0,0.0,0.0,0.0,3.0,0.0,0.0,3.0,0.0,0.0,0.0,0.0,0.0,0.0,0.0,0.0,0.0,0.0,0.0,0.0,1.0,0.0,0.0,1.0,3.0,0.0,0.0,3.0,0.0,0.0,0.0,0.0,0.0,0.0,"Jan 19, 2017"
2977,3104066.0,27295.0,Basrah,Al-Zubair,Umm Qasr-Al-hindiyah Al-Janobia,ام قصير-الهندية الجنوبية,30.0309122,47.9191197,3.0,18.0,1.0,0.0,0.0,0.0,0.0,0.0,0.0,0.0,0.0,0.0,0.0,0.0,2.0,0.0,0.0,0.0,0.0,0.0,0.0,0.0,0.0,0.0,0.0,0.0,0.0,0.0,3.0,0.0,0.0,3.0,0.0,0.0,0.0,0.0,0.0,0.0,0.0,0.0,0.0,0.0,0.0,0.0,0.0,0.0,3.0,0.0,0.0,3.0,0.0,0.0,0.0,0.0,0.0,0.0,0.0,0.0,"Jan 19, 2017"
2978,3104067.0,27327.0,Basrah,Al-Zubair,Al-Shuaiba Door Al Masfa,الشعيبة دور المصفى ,30.44536297,47.65906407,4.0,24.0,0.0,0.0,0.0,0.0,0.0,0.0,0.0,0.0,0.0,0.0,0.0,0.0,3.0,0.0,1.0,0.0,0.0,0.0,0.0,0.0,0.0,0.0,0.0,0.0,0.0,0.0,4.0,0.0,0.0,4.0,0.0,0.0,0.0,0.0,0.0,0.0,0.0,0.0,0.0,0.0,1.0,0.0,0.0,1.0,3.0,0.0,0.0,3.0,0.0,0.0,0.0,0.0,0.0,0.0,0.0,0.0,"Jan 19, 2017"
2979,3104068.0,28408.0,Basrah,Al-Zubair,khor Al Zubair-Hay Al Baqer Al Thaniyah,خور الزبير-الباقر الثانية,30.2269461,47.7646423469,18.0,108.0,10.0,0.0,0.0,0.0,0.0,0.0,0.0,0.0,2.0,0.0,0.0,0.0,0.0,0.0,6.0,0.0,0.0,0.0,0.0,1.0,0.0,0.0,0.0,0.0,0.0,0.0,17.0,0.0,0.0,17.0,0.0,0.0,0.0,0.0,0.0,0.0,0.0,0.0,0.0,0.0,1.0,0.0,0.0,1.0,11.0,0.0,5.0,11.0,0.0,5.0,1.0,0.0,0.0,1.0,0.0,0.0,"Jan 19, 2017"
2980,3104071.0,1304.0,Basrah,Al-Zubair,Hay Al Fedaa,حي الفداء ,30.3695919421,47.7195013736,4.0,24.0,0.0,0.0,0.0,0.0,0.0,0.0,0.0,0.0,0.0,0.0,0.0,0.0,1.0,0.0,3.0,0.0,0.0,0.0,0.0,0.0,0.0,0.0,0.0,0.0,0.0,0.0,4.0,0.0,0.0,4.0,0.0,0.0,0.0,0.0,0.0,0.0,0.0,0.0,0.0,0.0,0.0,0.0,0.0,0.0,4.0,0.0,0.0,4.0,0.0,0.0,0.0,0.0,0.0,0.0,0.0,0.0,"Jan 19, 2017"
2981,3104072.0,753.0,Basrah,Al-Zubair,Al-Kut,الزبير-الكوت,30.3833766829,47.7049438536,5.0,30.0,0.0,0.0,0.0,0.0,0.0,0.0,0.0,0.0,1.0,0.0,0.0,0.0,1.0,0.0,3.0,0.0,0.0,0.0,0.0,0.0,0.0,0.0,0.0,0.0,0.0,0.0,5.0,0.0,0.0,5.0,0.0,0.0,0.0,0.0,0.0,0.0,0.0,0.0,1.0,0.0,0.0,1.0,2.0,0.0,2.0,2.0,0.0,2.0,0.0,0.0,0.0,0.0,0.0,0.0,0.0,0.0,"Jan 19, 2017"
2982,3104073.0,25725.0,Basrah,Al-Zubair,Hey Al khatoa,حي الخطوة,30.3910713331,47.7324575615,8.0,48.0,0.0,0.0,2.0,0.0,0.0,0.0,0.0,0.0,0.0,0.0,0.0,0.0,3.0,0.0,3.0,0.0,0.0,0.0,0.0,0.0,0.0,0.0,0.0,0.0,0.0,0.0,8.0,0.0,0.0,8.0,0.0,0.0,0.0,0.0,0.0,0.0,0.0,0.0,2.0,0.0,0.0,2.0,1.0,0.0,3.0,1.0,0.0,3.0,2.0,0.0,0.0,2.0,0.0,0.0,0.0,0.0,"Jan 19, 2017"
2983,3104074.0,756.0,Basrah,Al-Zubair,Hay Al Askarye,الزبير حي العسكري,30.384766752,47.7277924099,5.0,30.0,2.0,0.0,0.0,0.0,0.0,0.0,0.0,0.0,2.0,0.0,0.0,0.0,0.0,0.0,1.0,0.0,0.0,0.0,0.0,0.0,0.0,0.0,0.0,0.0,0.0,0.0,5.0,0.0,0.0,5.0,0.0,0.0,0.0,0.0,0.0,0.0,0.0,0.0,0.0,0.0,0.0,0.0,3.0,0.0,2.0,3.0,0.0,2.0,0.0,0.0,0.0,0.0,0.0,0.0,0.0,0.0,"Jan 19, 2017"
2984,3104075.0,29677.0,Basrah,Al-Zubair,Hay Al Qaed Al muntadar,حي القائد المنتظر,30.3895784864,47.6729254714,4.0,24.0,1.0,0.0,0.0,0.0,0.0,0.0,0.0,0.0,3.0,0.0,0.0,0.0,0.0,0.0,0.0,0.0,0.0,0.0,0.0,0.0,0.0,0.0,0.0,0.0,0.0,0.0,4.0,0.0,0.0,4.0,0.0,0.0,0.0,0.0,0.0,0.0,0.0,0.0,0.0,0.0,0.0,0.0,0.0,0.0,4.0,0.0,0.0,4.0,0.0,0.0,0.0,0.0,0.0,0.0,0.0,0.0,"Jan 19, 2017"
2985,3105002.0,24799.0,Basrah,Basrah,5 Miles(Al Hady Al Thaniyah),5ميل الهادي الثانية,30.5475191,47.7636609,3.0,18.0,1.0,0.0,0.0,0.0,0.0,0.0,0.0,0.0,2.0,0.0,0.0,0.0,0.0,0.0,0.0,0.0,0.0,0.0,0.0,1.0,0.0,0.0,0.0,0.0,0.0,0.0,2.0,0.0,0.0,2.0,0.0,0.0,0.0,0.0,0.0,0.0,0.0,0.0,1.0,0.0,0.0,1.0,0.0,0.0,2.0,0.0,0.0,2.0,0.0,0.0,0.0,0.0,0.0,0.0,0.0,0.0,"Jan 19, 2017"
2986,3105006.0,988.0,Basrah,Basrah,50 hosh,50حوش,30.554573,47.7860399,2.0,12.0,1.0,0.0,0.0,0.0,0.0,0.0,0.0,0.0,0.0,0.0,0.0,0.0,1.0,0.0,0.0,0.0,0.0,0.0,0.0,1.0,0.0,0.0,0.0,0.0,0.0,0.0,1.0,0.0,0.0,1.0,0.0,0.0,0.0,0.0,0.0,0.0,0.0,0.0,1.0,0.0,0.0,1.0,0.0,0.0,0.0,0.0,0.0,0.0,0.0,0.0,1.0,0.0,0.0,1.0,0.0,0.0,"Jan 19, 2017"
2987,3105007.0,21192.0,Basrah,Basrah,Abu Hilwa,الهارثة-ابو حلوه,30.5829645,47.7498766,3.0,18.0,0.0,0.0,0.0,0.0,0.0,0.0,0.0,0.0,0.0,0.0,0.0,0.0,2.0,0.0,1.0,0.0,0.0,0.0,0.0,3.0,0.0,0.0,0.0,0.0,0.0,0.0,0.0,0.0,0.0,0.0,0.0,0.0,0.0,0.0,0.0,0.0,0.0,0.0,0.0,0.0,3.0,0.0,0.0,3.0,0.0,0.0,0.0,0.0,0.0,0.0,0.0,0.0,0.0,0.0,0.0,0.0,"Jan 19, 2017"
2988,3105008.0,1003.0,Basrah,Basrah,Abu sukhair,ابو صخير,30.5600967,47.7360294,1.0,6.0,0.0,0.0,0.0,0.0,0.0,1.0,0.0,0.0,0.0,0.0,0.0,0.0,0.0,0.0,0.0,0.0,0.0,0.0,0.0,0.0,0.0,0.0,0.0,0.0,0.0,0.0,1.0,0.0,0.0,1.0,0.0,0.0,0.0,0.0,0.0,0.0,0.0,0.0,0.0,0.0,0.0,0.0,1.0,0.0,0.0,1.0,0.0,0.0,0.0,0.0,0.0,0.0,0.0,0.0,0.0,0.0,"Jan 19, 2017"
2989,3105009.0,24179.0,Basrah,Basrah,Al Ablah,البصرة-المعقل-الابله,30.5487276,47.7733794,9.0,54.0,2.0,0.0,0.0,0.0,0.0,1.0,0.0,0.0,1.0,0.0,0.0,0.0,0.0,0.0,5.0,0.0,0.0,0.0,0.0,3.0,0.0,0.0,0.0,0.0,0.0,0.0,6.0,0.0,0.0,6.0,0.0,0.0,0.0,0.0,0.0,0.0,0.0,0.0,3.0,0.0,5.0,3.0,0.0,5.0,0.0,0.0,1.0,0.0,0.0,1.0,0.0,0.0,0.0,0.0,0.0,0.0,"Jan 19, 2017"
2990,3105010.0,1269.0,Basrah,Basrah,Al Amn Al Dakhly,البصرة-الامن الداخلي ,30.465855,47.7781414349,13.0,78.0,0.0,0.0,0.0,0.0,0.0,0.0,0.0,0.0,5.0,0.0,0.0,0.0,8.0,0.0,0.0,0.0,0.0,0.0,0.0,2.0,0.0,1.0,0.0,0.0,1.0,0.0,10.0,0.0,0.0,10.0,0.0,0.0,0.0,0.0,0.0,0.0,0.0,0.0,6.0,0.0,2.0,6.0,3.0,2.0,2.0,3.0,0.0,2.0,0.0,0.0,0.0,0.0,0.0,0.0,0.0,0.0,"Jan 19, 2017"
2991,3105011.0,968.0,Basrah,Basrah,Al Andolous,الاندلس,30.5435607923,47.7947877004,5.0,30.0,0.0,1.0,0.0,0.0,0.0,0.0,0.0,0.0,0.0,0.0,0.0,0.0,4.0,0.0,0.0,0.0,0.0,0.0,0.0,4.0,0.0,0.0,0.0,0.0,0.0,0.0,1.0,0.0,0.0,1.0,0.0,0.0,0.0,0.0,0.0,0.0,0.0,0.0,0.0,0.0,2.0,0.0,3.0,2.0,0.0,3.0,0.0,0.0,0.0,0.0,0.0,0.0,0.0,0.0,0.0,0.0,"Jan 19, 2017"
2992,3105012.0,475.0,Basrah,Basrah,Al Ashar,البصرة-العشار-العطيرية,30.5245368324,47.8304448952,2.0,12.0,0.0,0.0,0.0,0.0,0.0,0.0,0.0,0.0,0.0,0.0,0.0,0.0,2.0,0.0,0.0,0.0,0.0,0.0,0.0,2.0,0.0,0.0,0.0,0.0,0.0,0.0,0.0,0.0,0.0,0.0,0.0,0.0,0.0,0.0,0.0,0.0,0.0,0.0,0.0,0.0,0.0,0.0,0.0,0.0,0.0,0.0,0.0,0.0,0.0,0.0,2.0,0.0,0.0,2.0,0.0,0.0,"Jan 19, 2017"
2993,3105013.0,24346.0,Basrah,Basrah,Al Ashar Center,مركز العشار,30.5185264,47.8327375979,96.0,576.0,1.0,0.0,4.0,0.0,0.0,6.0,0.0,0.0,3.0,0.0,0.0,0.0,68.0,0.0,14.0,0.0,0.0,0.0,0.0,0.0,96.0,0.0,0.0,0.0,0.0,0.0,0.0,0.0,0.0,0.0,0.0,0.0,0.0,0.0,0.0,0.0,0.0,0.0,2.0,0.0,15.0,2.0,21.0,15.0,38.0,21.0,12.0,38.0,8.0,12.0,0.0,8.0,0.0,0.0,0.0,0.0,"Jan 19, 2017"
2994,3105014.0,24798.0,Basrah,Basrah,collective Al Assry(5 Miles Markets),مجمع العصري(سوق 5ميل),30.5484516,47.7591121314,31.0,186.0,13.0,0.0,0.0,0.0,0.0,0.0,0.0,0.0,0.0,0.0,0.0,0.0,8.0,0.0,10.0,0.0,0.0,0.0,0.0,0.0,0.0,31.0,0.0,0.0,31.0,0.0,0.0,0.0,0.0,0.0,0.0,0.0,0.0,0.0,0.0,0.0,0.0,0.0,0.0,0.0,2.0,0.0,2.0,2.0,11.0,2.0,7.0,11.0,9.0,7.0,0.0,9.0,0.0,0.0,0.0,0.0,"Jan 19, 2017"
2995,3105015.0,334.0,Basrah,Basrah,Markaz Al Harthah,البصرة-مركز الهارثة,30.5808118,47.7645586,4.0,24.0,1.0,0.0,0.0,0.0,0.0,0.0,0.0,0.0,1.0,0.0,0.0,0.0,0.0,0.0,2.0,0.0,0.0,0.0,0.0,2.0,0.0,0.0,0.0,0.0,0.0,0.0,2.0,0.0,0.0,2.0,0.0,0.0,0.0,0.0,0.0,0.0,0.0,0.0,0.0,0.0,1.0,0.0,1.0,1.0,2.0,1.0,0.0,2.0,0.0,0.0,0.0,0.0,0.0,0.0,0.0,0.0,"Jan 19, 2017"
2996,3105018.0,871.0,Basrah,Basrah,Al Harthah-Hay Al Risalah,الهارثة-حي الرسالة,30.5970753,47.753338,3.0,18.0,0.0,0.0,0.0,0.0,0.0,0.0,0.0,0.0,2.0,0.0,0.0,0.0,1.0,0.0,0.0,0.0,0.0,0.0,0.0,1.0,0.0,0.0,0.0,0.0,0.0,0.0,2.0,0.0,0.0,2.0,0.0,0.0,0.0,0.0,0.0,0.0,0.0,0.0,0.0,0.0,2.0,0.0,0.0,2.0,1.0,0.0,0.0,1.0,0.0,0.0,0.0,0.0,0.0,0.0,0.0,0.0,"Jan 19, 2017"
2997,3105019.0,24529.0,Basrah,Basrah,Al Harthah Almagdah,الهارثة الماجدية,30.61421683,47.75496502,4.0,24.0,2.0,0.0,0.0,0.0,0.0,0.0,0.0,0.0,0.0,0.0,0.0,0.0,2.0,0.0,0.0,0.0,0.0,0.0,0.0,0.0,0.0,0.0,0.0,0.0,0.0,0.0,4.0,0.0,0.0,4.0,0.0,0.0,0.0,0.0,0.0,0.0,0.0,0.0,2.0,0.0,2.0,2.0,0.0,2.0,0.0,0.0,0.0,0.0,0.0,0.0,0.0,0.0,0.0,0.0,0.0,0.0,"Jan 19, 2017"
2998,3105020.0,24675.0,Basrah,Basrah,Al Harthah Hai Al Intesar,الهارثة-حي الانتصار,30.66282034,47.7422292,3.0,18.0,0.0,0.0,0.0,0.0,0.0,0.0,0.0,0.0,0.0,0.0,0.0,0.0,3.0,0.0,0.0,0.0,0.0,0.0,0.0,1.0,0.0,0.0,0.0,0.0,0.0,0.0,2.0,0.0,0.0,2.0,0.0,0.0,0.0,0.0,0.0,0.0,0.0,0.0,0.0,0.0,0.0,0.0,0.0,0.0,2.0,0.0,0.0,2.0,0.0,0.0,1.0,0.0,0.0,1.0,0.0,0.0,"Jan 19, 2017"
2999,3105023.0,894.0,Basrah,Basrah,Al Jazair-Al-Forsey,الجزائر-الفرسي,30.5026469,47.8267893,4.0,24.0,1.0,0.0,0.0,0.0,0.0,0.0,0.0,0.0,0.0,0.0,0.0,0.0,2.0,0.0,1.0,0.0,0.0,0.0,0.0,2.0,0.0,0.0,0.0,0.0,0.0,0.0,2.0,0.0,0.0,2.0,0.0,0.0,0.0,0.0,0.0,0.0,0.0,0.0,1.0,0.0,0.0,1.0,1.0,0.0,2.0,1.0,0.0,2.0,0.0,0.0,0.0,0.0,0.0,0.0,0.0,0.0,"Jan 19, 2017"
3000,3105024.0,1032.0,Basrah,Shatt Al-Arab,Al Jazira-2,البصرة-شط العرب-الجزيرة 2,30.5800632,47.7856824537,7.0,42.0,0.0,0.0,0.0,0.0,0.0,0.0,0.0,0.0,1.0,0.0,0.0,0.0,5.0,0.0,1.0,0.0,0.0,0.0,0.0,1.0,0.0,0.0,0.0,0.0,0.0,0.0,6.0,0.0,0.0,6.0,0.0,0.0,0.0,0.0,0.0,0.0,0.0,0.0,0.0,0.0,0.0,0.0,3.0,0.0,3.0,3.0,0.0,3.0,0.0,0.0,1.0,0.0,0.0,1.0,0.0,0.0,"Jan 19, 2017"
3001,3105025.0,927.0,Basrah,Basrah,Al Jumhuriya,البصرة-الجمهورية,30.52243352,47.7976710252,15.0,90.0,1.0,0.0,0.0,0.0,0.0,3.0,0.0,0.0,10.0,0.0,0.0,0.0,1.0,0.0,0.0,0.0,0.0,0.0,0.0,5.0,0.0,0.0,0.0,0.0,0.0,0.0,10.0,0.0,0.0,10.0,0.0,0.0,0.0,0.0,0.0,0.0,0.0,0.0,4.0,0.0,2.0,4.0,4.0,2.0,5.0,4.0,0.0,5.0,0.0,0.0,0.0,0.0,0.0,0.0,0.0,0.0,"Jan 19, 2017"
3002,3105026.0,24344.0,Basrah,Basrah,Al Kaim 1,القائم 1,30.4683519085,47.8132201924,14.0,84.0,6.0,0.0,0.0,0.0,0.0,0.0,0.0,0.0,2.0,0.0,0.0,0.0,6.0,0.0,0.0,0.0,0.0,0.0,0.0,0.0,0.0,0.0,0.0,0.0,0.0,0.0,14.0,0.0,0.0,14.0,0.0,0.0,0.0,0.0,0.0,0.0,0.0,0.0,11.0,0.0,0.0,11.0,0.0,0.0,3.0,0.0,0.0,3.0,0.0,0.0,0.0,0.0,0.0,0.0,0.0,0.0,"Jan 19, 2017"
3003,3105027.0,511.0,Basrah,Basrah,Al Khaleej4,البصرة-الجمعيات-حي الخليج 4,30.5057997,47.7818161348,7.0,42.0,3.0,0.0,0.0,0.0,0.0,1.0,0.0,0.0,0.0,0.0,0.0,0.0,0.0,0.0,3.0,0.0,0.0,0.0,0.0,3.0,0.0,0.0,0.0,0.0,0.0,0.0,4.0,0.0,0.0,4.0,0.0,0.0,0.0,0.0,0.0,0.0,0.0,0.0,1.0,0.0,0.0,1.0,1.0,0.0,0.0,1.0,5.0,0.0,0.0,5.0,0.0,0.0,0.0,0.0,0.0,0.0,"Jan 19, 2017"
3004,3105029.0,989.0,Basrah,Basrah,Al Maqil-Al-kindi,البصرة-المعقل-الكندي,30.5530340428,47.7696660936,1.0,6.0,0.0,0.0,0.0,0.0,0.0,1.0,0.0,0.0,0.0,0.0,0.0,0.0,0.0,0.0,0.0,0.0,0.0,0.0,0.0,0.0,0.0,0.0,0.0,0.0,0.0,0.0,1.0,0.0,0.0,1.0,0.0,0.0,0.0,0.0,0.0,0.0,0.0,0.0,0.0,0.0,1.0,0.0,0.0,1.0,0.0,0.0,0.0,0.0,0.0,0.0,0.0,0.0,0.0,0.0,0.0,0.0,"Jan 19, 2017"
3005,3105030.0,963.0,Basrah,Basrah,AL Mowafaqiah,البصرة-الموفقية,30.5218062,47.7854393953,30.0,180.0,7.0,0.0,0.0,0.0,0.0,0.0,0.0,0.0,4.0,0.0,0.0,0.0,14.0,0.0,5.0,0.0,0.0,0.0,0.0,5.0,0.0,5.0,0.0,0.0,5.0,0.0,20.0,0.0,0.0,20.0,0.0,0.0,0.0,0.0,0.0,0.0,0.0,0.0,14.0,0.0,5.0,14.0,9.0,5.0,2.0,9.0,0.0,2.0,0.0,0.0,0.0,0.0,0.0,0.0,0.0,0.0,"Jan 19, 2017"
3006,3105031.0,24481.0,Basrah,Basrah,Al Muhallab,البصرة-حي المهلب,30.4881768768,47.8083180169,5.0,30.0,2.0,0.0,1.0,0.0,0.0,0.0,0.0,0.0,0.0,0.0,0.0,0.0,0.0,0.0,2.0,0.0,0.0,0.0,0.0,0.0,0.0,0.0,0.0,0.0,0.0,0.0,5.0,0.0,0.0,5.0,0.0,0.0,0.0,0.0,0.0,0.0,0.0,0.0,2.0,0.0,2.0,2.0,0.0,2.0,0.0,0.0,1.0,0.0,0.0,1.0,0.0,0.0,0.0,0.0,0.0,0.0,"Jan 19, 2017"
3007,3105032.0,1310.0,Basrah,Basrah,Al Qabla-Hay Al Baladiyat,البصرة-القبلة-حي البلديات,30.4648808,47.8041595,7.0,42.0,2.0,0.0,0.0,0.0,0.0,0.0,0.0,0.0,0.0,0.0,0.0,0.0,3.0,0.0,2.0,0.0,0.0,0.0,0.0,4.0,0.0,0.0,0.0,0.0,0.0,0.0,3.0,0.0,0.0,3.0,0.0,0.0,0.0,0.0,0.0,0.0,0.0,0.0,1.0,0.0,2.0,1.0,2.0,2.0,2.0,2.0,0.0,2.0,0.0,0.0,0.0,0.0,0.0,0.0,0.0,0.0,"Jan 19, 2017"
3008,3105034.0,24627.0,Basrah,Basrah,Al Qibla-Al Shahid Al Sadir,القبلة-الشهيد الصدر,30.4696812926,47.8221196533,2.0,12.0,0.0,1.0,0.0,0.0,0.0,1.0,0.0,0.0,0.0,0.0,0.0,0.0,0.0,0.0,0.0,0.0,0.0,0.0,0.0,1.0,0.0,0.0,0.0,0.0,0.0,0.0,1.0,0.0,0.0,1.0,0.0,0.0,0.0,0.0,0.0,0.0,0.0,0.0,1.0,0.0,0.0,1.0,1.0,0.0,0.0,1.0,0.0,0.0,0.0,0.0,0.0,0.0,0.0,0.0,0.0,0.0,"Jan 19, 2017"
3009,3105035.0,21641.0,Basrah,Basrah,AL Qiziza,الكزيزه,30.53992,47.752913995,8.0,48.0,1.0,0.0,0.0,0.0,0.0,1.0,0.0,0.0,3.0,0.0,0.0,0.0,1.0,0.0,2.0,0.0,0.0,0.0,0.0,3.0,0.0,0.0,0.0,0.0,0.0,0.0,5.0,0.0,0.0,5.0,0.0,0.0,0.0,0.0,0.0,0.0,0.0,0.0,0.0,0.0,1.0,0.0,3.0,1.0,3.0,3.0,1.0,3.0,0.0,1.0,0.0,0.0,0.0,0.0,0.0,0.0,"Jan 19, 2017"
3010,3105036.0,24180.0,Basrah,Basrah,Al Sholah,الشعله,30.5120957585,47.7679699692,8.0,48.0,2.0,0.0,1.0,0.0,0.0,0.0,0.0,0.0,0.0,0.0,0.0,0.0,4.0,0.0,1.0,0.0,0.0,0.0,0.0,1.0,0.0,0.0,0.0,0.0,0.0,0.0,7.0,0.0,0.0,7.0,0.0,0.0,0.0,0.0,0.0,0.0,0.0,0.0,1.0,0.0,2.0,1.0,0.0,2.0,3.0,0.0,0.0,3.0,2.0,0.0,0.0,2.0,0.0,0.0,0.0,0.0,"Jan 19, 2017"
3011,3105038.0,1296.0,Basrah,Basrah,Al Tameemiya,البصرة-التميمية,30.5242808546,47.8274366323,2.0,12.0,1.0,0.0,0.0,0.0,0.0,1.0,0.0,0.0,0.0,0.0,0.0,0.0,0.0,0.0,0.0,0.0,0.0,0.0,0.0,0.0,0.0,0.0,0.0,0.0,0.0,0.0,2.0,0.0,0.0,2.0,0.0,0.0,0.0,0.0,0.0,0.0,0.0,0.0,0.0,0.0,1.0,0.0,0.0,1.0,1.0,0.0,0.0,1.0,0.0,0.0,0.0,0.0,0.0,0.0,0.0,0.0,"Jan 19, 2017"
3012,3105040.0,920.0,Basrah,Basrah,Al Tuwaysa,البصرة-الطويسه,30.5188284685,47.8175637989,8.0,48.0,1.0,0.0,0.0,0.0,0.0,1.0,0.0,0.0,0.0,0.0,0.0,0.0,6.0,0.0,0.0,0.0,0.0,0.0,0.0,3.0,0.0,1.0,0.0,0.0,1.0,0.0,4.0,0.0,0.0,4.0,0.0,0.0,0.0,0.0,0.0,0.0,0.0,0.0,0.0,0.0,4.0,0.0,1.0,4.0,2.0,1.0,0.0,2.0,1.0,0.0,0.0,1.0,0.0,0.0,0.0,0.0,"Jan 19, 2017"
3013,3105042.0,905.0,Basrah,Basrah,Al-asma_i al-jadeed,الاصمعي الجديد,30.5082534387,47.7919037027,6.0,36.0,0.0,0.0,2.0,0.0,0.0,1.0,0.0,0.0,0.0,0.0,0.0,0.0,1.0,0.0,2.0,0.0,0.0,0.0,0.0,2.0,0.0,0.0,0.0,0.0,0.0,0.0,4.0,0.0,0.0,4.0,0.0,0.0,0.0,0.0,0.0,0.0,0.0,0.0,3.0,0.0,2.0,3.0,1.0,2.0,0.0,1.0,0.0,0.0,0.0,0.0,0.0,0.0,0.0,0.0,0.0,0.0,"Jan 19, 2017"
3014,3105043.0,1030.0,Basrah,Basrah,Al-badran,البصرة-الهارثة-البدران,30.5852998,47.757152,8.0,48.0,2.0,0.0,0.0,0.0,0.0,0.0,0.0,0.0,0.0,0.0,0.0,0.0,6.0,0.0,0.0,0.0,0.0,0.0,0.0,5.0,0.0,2.0,0.0,0.0,2.0,0.0,1.0,0.0,0.0,1.0,0.0,0.0,0.0,0.0,0.0,0.0,0.0,0.0,2.0,0.0,6.0,2.0,0.0,6.0,0.0,0.0,0.0,0.0,0.0,0.0,0.0,0.0,0.0,0.0,0.0,0.0,"Jan 19, 2017"
3015,3105044.0,1308.0,Basrah,Basrah,Al-Baker & Al-Ahrar,البكر والاحرار,30.4999937,47.8125471306,22.0,132.0,5.0,0.0,0.0,0.0,0.0,0.0,0.0,0.0,0.0,0.0,0.0,0.0,7.0,0.0,10.0,0.0,0.0,0.0,0.0,9.0,0.0,0.0,0.0,0.0,0.0,0.0,13.0,0.0,0.0,13.0,0.0,0.0,0.0,0.0,0.0,0.0,0.0,0.0,2.0,0.0,6.0,2.0,4.0,6.0,10.0,4.0,0.0,10.0,0.0,0.0,0.0,0.0,0.0,0.0,0.0,0.0,"Jan 19, 2017"
3016,3105045.0,872.0,Basrah,Basrah,Al-bradhia,البصرة-البراضعية,30.5043407,47.8521891547,10.0,60.0,1.0,0.0,0.0,0.0,0.0,0.0,0.0,0.0,2.0,0.0,0.0,0.0,3.0,0.0,4.0,0.0,0.0,0.0,0.0,7.0,0.0,0.0,0.0,0.0,0.0,0.0,3.0,0.0,0.0,3.0,0.0,0.0,0.0,0.0,0.0,0.0,0.0,0.0,0.0,0.0,5.0,0.0,0.0,5.0,5.0,0.0,0.0,5.0,0.0,0.0,0.0,0.0,0.0,0.0,0.0,0.0,"Jan 19, 2017"
3017,3105046.0,998.0,Basrah,Basrah,Al-hakeem,البصرة-القبلة-حي الحكيم,30.4567041,47.8011762832,13.0,78.0,0.0,2.0,0.0,0.0,0.0,0.0,0.0,0.0,0.0,0.0,0.0,0.0,5.0,0.0,6.0,0.0,0.0,0.0,0.0,1.0,0.0,0.0,0.0,0.0,0.0,0.0,12.0,0.0,0.0,12.0,0.0,0.0,0.0,0.0,0.0,0.0,0.0,0.0,1.0,0.0,0.0,1.0,3.0,0.0,9.0,3.0,0.0,9.0,0.0,0.0,0.0,0.0,0.0,0.0,0.0,0.0,"Jan 19, 2017"
3018,3105047.0,951.0,Basrah,Basrah,Al-hakemia,البصرة-الحكيمية,30.5269103,47.8152058939,11.0,66.0,1.0,0.0,0.0,0.0,0.0,0.0,0.0,0.0,0.0,0.0,0.0,0.0,5.0,0.0,5.0,0.0,0.0,0.0,0.0,5.0,0.0,0.0,0.0,0.0,0.0,0.0,6.0,0.0,0.0,6.0,0.0,0.0,0.0,0.0,0.0,0.0,0.0,0.0,1.0,0.0,4.0,1.0,4.0,4.0,0.0,4.0,1.0,0.0,0.0,1.0,1.0,0.0,0.0,1.0,0.0,0.0,"Jan 19, 2017"
3019,3105048.0,1022.0,Basrah,Basrah,Al-Hartha-Al-Ali,العلي,30.5768202,47.7592218,5.0,30.0,0.0,0.0,0.0,0.0,0.0,0.0,0.0,0.0,0.0,0.0,0.0,0.0,5.0,0.0,0.0,0.0,0.0,0.0,0.0,5.0,0.0,0.0,0.0,0.0,0.0,0.0,0.0,0.0,0.0,0.0,0.0,0.0,0.0,0.0,0.0,0.0,0.0,0.0,0.0,0.0,0.0,0.0,5.0,0.0,0.0,5.0,0.0,0.0,0.0,0.0,0.0,0.0,0.0,0.0,0.0,0.0,"Jan 19, 2017"
3020,3105049.0,1275.0,Basrah,Basrah,Al-Jnaina,الجنينة ,30.5412488497,47.7954450296,8.0,48.0,1.0,0.0,0.0,0.0,0.0,1.0,0.0,0.0,0.0,0.0,0.0,0.0,4.0,0.0,2.0,0.0,0.0,0.0,0.0,2.0,0.0,0.0,0.0,0.0,0.0,0.0,6.0,0.0,0.0,6.0,0.0,0.0,0.0,0.0,0.0,0.0,0.0,0.0,1.0,0.0,2.0,1.0,3.0,2.0,2.0,3.0,0.0,2.0,0.0,0.0,0.0,0.0,0.0,0.0,0.0,0.0,"Jan 19, 2017"
3021,3105050.0,986.0,Basrah,Basrah,Al-jubaila_,الجبيله,30.5460512743,47.8099870378,8.0,48.0,2.0,0.0,0.0,0.0,0.0,0.0,0.0,0.0,0.0,0.0,0.0,0.0,3.0,0.0,3.0,0.0,0.0,0.0,0.0,4.0,0.0,0.0,0.0,0.0,0.0,0.0,4.0,0.0,0.0,4.0,0.0,0.0,0.0,0.0,0.0,0.0,0.0,0.0,3.0,0.0,1.0,3.0,0.0,1.0,2.0,0.0,2.0,2.0,0.0,2.0,0.0,0.0,0.0,0.0,0.0,0.0,"Jan 19, 2017"
3022,3105051.0,862.0,Basrah,Basrah,Al-khaleeliya-2,الخليلية 2,30.49481821,47.82242396,5.0,30.0,0.0,0.0,0.0,0.0,0.0,0.0,0.0,0.0,0.0,0.0,0.0,0.0,5.0,0.0,0.0,0.0,0.0,0.0,0.0,0.0,0.0,0.0,0.0,0.0,0.0,0.0,5.0,0.0,0.0,5.0,0.0,0.0,0.0,0.0,0.0,0.0,0.0,0.0,0.0,0.0,0.0,0.0,3.0,0.0,2.0,3.0,0.0,2.0,0.0,0.0,0.0,0.0,0.0,0.0,0.0,0.0,"Jan 19, 2017"
3023,3105052.0,847.0,Basrah,Basrah,Al-meshraq al-qadeem,البصرة-المشراق القديم,30.4908240585,47.8161600456,13.0,78.0,3.0,0.0,0.0,0.0,0.0,0.0,0.0,0.0,0.0,0.0,0.0,0.0,5.0,0.0,5.0,0.0,0.0,0.0,0.0,5.0,0.0,0.0,0.0,0.0,0.0,0.0,8.0,0.0,0.0,8.0,0.0,0.0,0.0,0.0,0.0,0.0,0.0,0.0,0.0,0.0,8.0,0.0,2.0,8.0,2.0,2.0,1.0,2.0,0.0,1.0,0.0,0.0,0.0,0.0,0.0,0.0,"Jan 19, 2017"
3024,3105053.0,1306.0,Basrah,Basrah,Al-Mishraq Al-Jadeed,البصرة-المشراق-المشراق الجديد,30.484874393,47.8122007951,14.0,84.0,2.0,0.0,0.0,0.0,0.0,1.0,0.0,0.0,0.0,0.0,0.0,0.0,8.0,0.0,3.0,0.0,0.0,0.0,0.0,2.0,0.0,0.0,0.0,0.0,0.0,0.0,12.0,0.0,0.0,12.0,0.0,0.0,0.0,0.0,0.0,0.0,0.0,0.0,2.0,0.0,2.0,2.0,1.0,2.0,2.0,1.0,5.0,2.0,0.0,5.0,2.0,0.0,0.0,2.0,0.0,0.0,"Jan 19, 2017"
3025,3105054.0,849.0,Basrah,Basrah,Al-mutaiha,المطيحة ,30.4843211,47.8297065509,17.0,102.0,2.0,1.0,0.0,0.0,0.0,0.0,0.0,0.0,0.0,0.0,0.0,0.0,9.0,0.0,5.0,0.0,0.0,0.0,0.0,5.0,0.0,0.0,0.0,0.0,0.0,0.0,12.0,0.0,0.0,12.0,0.0,0.0,0.0,0.0,0.0,0.0,0.0,0.0,4.0,0.0,3.0,4.0,4.0,3.0,4.0,4.0,2.0,4.0,0.0,2.0,0.0,0.0,0.0,0.0,0.0,0.0,"Jan 19, 2017"
3026,3105057.0,24674.0,Basrah,Basrah,Al-Rubat Al Saghir,البصرة-الرباط الصغير,30.5291235,47.8339107,2.0,12.0,0.0,0.0,0.0,0.0,0.0,0.0,0.0,0.0,2.0,0.0,0.0,0.0,0.0,0.0,0.0,0.0,0.0,0.0,0.0,0.0,0.0,2.0,0.0,0.0,2.0,0.0,0.0,0.0,0.0,0.0,0.0,0.0,0.0,0.0,0.0,0.0,0.0,0.0,0.0,0.0,0.0,0.0,0.0,0.0,2.0,0.0,0.0,2.0,0.0,0.0,0.0,0.0,0.0,0.0,0.0,0.0,"Jan 19, 2017"
3027,3105059.0,896.0,Basrah,Basrah,Al-tahseeniya al-qadeema,التحسينية القديمة,30.5055609,47.8192261,2.0,12.0,1.0,0.0,0.0,0.0,0.0,0.0,0.0,0.0,0.0,0.0,0.0,0.0,1.0,0.0,0.0,0.0,0.0,0.0,0.0,1.0,0.0,0.0,0.0,0.0,0.0,0.0,1.0,0.0,0.0,1.0,0.0,0.0,0.0,0.0,0.0,0.0,0.0,0.0,0.0,0.0,0.0,0.0,1.0,0.0,1.0,1.0,0.0,1.0,0.0,0.0,0.0,0.0,0.0,0.0,0.0,0.0,"Jan 19, 2017"
3028,3105060.0,926.0,Basrah,Basrah,Ar-rafedain,حي الرافدين,30.51916944,47.80117789,2.0,12.0,0.0,0.0,0.0,0.0,0.0,0.0,0.0,0.0,2.0,0.0,0.0,0.0,0.0,0.0,0.0,0.0,0.0,0.0,0.0,2.0,0.0,0.0,0.0,0.0,0.0,0.0,0.0,0.0,0.0,0.0,0.0,0.0,0.0,0.0,0.0,0.0,0.0,0.0,0.0,0.0,2.0,0.0,0.0,2.0,0.0,0.0,0.0,0.0,0.0,0.0,0.0,0.0,0.0,0.0,0.0,0.0,"Jan 19, 2017"
3029,3105061.0,918.0,Basrah,Basrah,As-sa_ii,الساعي,30.5113981,47.8266545,1.0,6.0,0.0,0.0,0.0,0.0,0.0,0.0,0.0,0.0,0.0,0.0,0.0,0.0,1.0,0.0,0.0,0.0,0.0,0.0,0.0,0.0,0.0,0.0,0.0,0.0,0.0,0.0,1.0,0.0,0.0,1.0,0.0,0.0,0.0,0.0,0.0,0.0,0.0,0.0,0.0,0.0,0.0,0.0,1.0,0.0,0.0,1.0,0.0,0.0,0.0,0.0,0.0,0.0,0.0,0.0,0.0,0.0,"Jan 19, 2017"
3030,3105062.0,857.0,Basrah,Basrah,As-safat-Al Qadima,البصرة القديمة-الصفاة,30.495005,47.8175249151,6.0,36.0,5.0,0.0,0.0,0.0,0.0,0.0,0.0,0.0,0.0,0.0,0.0,0.0,0.0,0.0,1.0,0.0,0.0,0.0,0.0,6.0,0.0,0.0,0.0,0.0,0.0,0.0,0.0,0.0,0.0,0.0,0.0,0.0,0.0,0.0,0.0,0.0,0.0,0.0,0.0,0.0,0.0,0.0,3.0,0.0,3.0,3.0,0.0,3.0,0.0,0.0,0.0,0.0,0.0,0.0,0.0,0.0,"Jan 19, 2017"
3031,3105063.0,880.0,Basrah,Basrah,As-saimar,السيمر,30.50097972,47.82039499,2.0,12.0,0.0,0.0,0.0,0.0,0.0,0.0,0.0,0.0,0.0,0.0,0.0,0.0,1.0,0.0,1.0,0.0,0.0,0.0,0.0,1.0,0.0,0.0,0.0,0.0,0.0,0.0,1.0,0.0,0.0,1.0,0.0,0.0,0.0,0.0,0.0,0.0,0.0,0.0,0.0,0.0,0.0,0.0,1.0,0.0,1.0,1.0,0.0,1.0,0.0,0.0,0.0,0.0,0.0,0.0,0.0,0.0,"Jan 19, 2017"
3032,3105064.0,903.0,Basrah,Basrah,At-tahseeniya al-jadeda,البصرة-التحسينية-التحسينية الجديده,30.5077442,47.8222275,4.0,24.0,0.0,0.0,0.0,0.0,0.0,0.0,0.0,0.0,0.0,0.0,0.0,0.0,1.0,0.0,3.0,0.0,0.0,0.0,0.0,1.0,0.0,0.0,0.0,0.0,0.0,0.0,3.0,0.0,0.0,3.0,0.0,0.0,0.0,0.0,0.0,0.0,0.0,0.0,1.0,0.0,1.0,1.0,0.0,1.0,2.0,0.0,0.0,2.0,0.0,0.0,0.0,0.0,0.0,0.0,0.0,0.0,"Jan 19, 2017"
3033,3105066.0,24624.0,Basrah,Basrah,Basra al qadima-Al Sadoniyah,البصرة القديمة-السعدونية,30.4965284477,47.8046161031,7.0,42.0,2.0,0.0,0.0,0.0,0.0,2.0,0.0,0.0,1.0,0.0,0.0,0.0,2.0,0.0,0.0,0.0,0.0,0.0,0.0,3.0,0.0,0.0,0.0,0.0,0.0,0.0,4.0,0.0,0.0,4.0,0.0,0.0,0.0,0.0,0.0,0.0,0.0,0.0,2.0,0.0,2.0,2.0,2.0,2.0,1.0,2.0,0.0,1.0,0.0,0.0,0.0,0.0,0.0,0.0,0.0,0.0,"Jan 19, 2017"
3034,3105068.0,907.0,Basrah,Basrah,Braiha,بريهة ,30.5131295184,47.8382103793,24.0,144.0,5.0,0.0,0.0,0.0,0.0,0.0,0.0,0.0,0.0,0.0,0.0,0.0,17.0,0.0,2.0,0.0,0.0,0.0,0.0,13.0,0.0,0.0,0.0,0.0,0.0,0.0,11.0,0.0,0.0,11.0,0.0,0.0,0.0,0.0,0.0,0.0,0.0,0.0,1.0,0.0,4.0,1.0,16.0,4.0,3.0,16.0,0.0,3.0,0.0,0.0,0.0,0.0,0.0,0.0,0.0,0.0,"Jan 19, 2017"
3035,3105069.0,24182.0,Basrah,Basrah,Casino Lebnan,البصرة-كازينو لبنان,30.5077651,47.8081170511,37.0,222.0,0.0,0.0,0.0,0.0,0.0,3.0,0.0,0.0,0.0,0.0,0.0,0.0,32.0,0.0,2.0,0.0,0.0,0.0,0.0,0.0,0.0,37.0,0.0,0.0,37.0,0.0,0.0,0.0,0.0,0.0,0.0,0.0,0.0,0.0,0.0,0.0,0.0,0.0,0.0,0.0,37.0,0.0,0.0,37.0,0.0,0.0,0.0,0.0,0.0,0.0,0.0,0.0,0.0,0.0,0.0,0.0,"Jan 19, 2017"
3036,3105070.0,1295.0,Basrah,Basrah,Door Al Dubbat,دور الضباط,30.5341191591,47.7887255493,14.0,84.0,4.0,0.0,0.0,0.0,0.0,0.0,0.0,0.0,0.0,0.0,0.0,0.0,4.0,0.0,6.0,0.0,0.0,0.0,0.0,2.0,0.0,0.0,0.0,0.0,0.0,0.0,12.0,0.0,0.0,12.0,0.0,0.0,0.0,0.0,0.0,0.0,0.0,0.0,1.0,0.0,6.0,1.0,2.0,6.0,3.0,2.0,2.0,3.0,0.0,2.0,0.0,0.0,0.0,0.0,0.0,0.0,"Jan 19, 2017"
3037,3105071.0,983.0,Basrah,Basrah,Door al-hendiya,دور الهندية ,30.5448277391,47.7894370441,8.0,48.0,0.0,0.0,0.0,0.0,0.0,0.0,0.0,0.0,3.0,0.0,0.0,0.0,2.0,0.0,3.0,0.0,0.0,0.0,0.0,0.0,0.0,0.0,0.0,0.0,0.0,0.0,8.0,0.0,0.0,8.0,0.0,0.0,0.0,0.0,0.0,0.0,0.0,0.0,2.0,0.0,0.0,2.0,3.0,0.0,3.0,3.0,0.0,3.0,0.0,0.0,0.0,0.0,0.0,0.0,0.0,0.0,"Jan 19, 2017"
3038,3105072.0,1284.0,Basrah,Basrah,Door Al-Shooen,دور الشؤون,30.4947758,47.8109357,2.0,12.0,2.0,0.0,0.0,0.0,0.0,0.0,0.0,0.0,0.0,0.0,0.0,0.0,0.0,0.0,0.0,0.0,0.0,0.0,0.0,1.0,0.0,0.0,0.0,0.0,0.0,0.0,1.0,0.0,0.0,1.0,0.0,0.0,0.0,0.0,0.0,0.0,0.0,0.0,0.0,0.0,0.0,0.0,1.0,0.0,1.0,1.0,0.0,1.0,0.0,0.0,0.0,0.0,0.0,0.0,0.0,0.0,"Jan 19, 2017"
3039,3105073.0,966.0,Basrah,Basrah,Door as-sailo_,دور السايلو,30.5375143909,47.809472561,6.0,36.0,1.0,0.0,0.0,0.0,0.0,1.0,0.0,0.0,1.0,0.0,0.0,0.0,3.0,0.0,0.0,0.0,0.0,0.0,0.0,6.0,0.0,0.0,0.0,0.0,0.0,0.0,0.0,0.0,0.0,0.0,0.0,0.0,0.0,0.0,0.0,0.0,0.0,0.0,0.0,0.0,1.0,0.0,2.0,1.0,3.0,2.0,0.0,3.0,0.0,0.0,0.0,0.0,0.0,0.0,0.0,0.0,"Jan 19, 2017"
3040,3105076.0,934.0,Basrah,Basrah,Durr Al Naaft,البصرة-دور النفط,30.5272782877,47.7869949799,8.0,48.0,3.0,0.0,0.0,0.0,0.0,0.0,0.0,0.0,0.0,0.0,0.0,0.0,4.0,0.0,1.0,0.0,0.0,0.0,0.0,1.0,0.0,0.0,0.0,0.0,0.0,0.0,7.0,0.0,0.0,7.0,0.0,0.0,0.0,0.0,0.0,0.0,0.0,0.0,0.0,0.0,8.0,0.0,0.0,8.0,0.0,0.0,0.0,0.0,0.0,0.0,0.0,0.0,0.0,0.0,0.0,0.0,"Jan 19, 2017"
3041,3105077.0,987.0,Basrah,Basrah,Eskan al-mawanie,اسكان المواني,30.53820587,47.76594071,1.0,6.0,0.0,0.0,0.0,0.0,0.0,0.0,0.0,0.0,0.0,0.0,0.0,0.0,0.0,0.0,1.0,0.0,0.0,0.0,0.0,0.0,0.0,0.0,0.0,0.0,0.0,0.0,1.0,0.0,0.0,1.0,0.0,0.0,0.0,0.0,0.0,0.0,0.0,0.0,0.0,0.0,1.0,0.0,0.0,1.0,0.0,0.0,0.0,0.0,0.0,0.0,0.0,0.0,0.0,0.0,0.0,0.0,"Jan 19, 2017"
3042,3105078.0,952.0,Basrah,Basrah,Hai al-antesar,البصرة-الجنينة-حي الانتصار,30.534202,47.799049,1.0,6.0,0.0,1.0,0.0,0.0,0.0,0.0,0.0,0.0,0.0,0.0,0.0,0.0,0.0,0.0,0.0,0.0,0.0,0.0,0.0,0.0,0.0,1.0,0.0,0.0,1.0,0.0,0.0,0.0,0.0,0.0,0.0,0.0,0.0,0.0,0.0,0.0,0.0,0.0,0.0,0.0,1.0,0.0,0.0,1.0,0.0,0.0,0.0,0.0,0.0,0.0,0.0,0.0,0.0,0.0,0.0,0.0,"Jan 19, 2017"
3043,3105079.0,954.0,Basrah,Basrah,Hai al-bato_l,حي البتول,30.5377253103,47.7803027587,2.0,12.0,0.0,0.0,0.0,0.0,0.0,0.0,0.0,0.0,0.0,0.0,0.0,0.0,1.0,0.0,1.0,0.0,0.0,0.0,0.0,2.0,0.0,0.0,0.0,0.0,0.0,0.0,0.0,0.0,0.0,0.0,0.0,0.0,0.0,0.0,0.0,0.0,0.0,0.0,0.0,0.0,1.0,0.0,0.0,1.0,0.0,0.0,1.0,0.0,0.0,1.0,0.0,0.0,0.0,0.0,0.0,0.0,"Jan 19, 2017"
3044,3105080.0,869.0,Basrah,Basrah,Hai al-hussain-2,الحيانية-حي الحسين 2,30.4968692,47.7728658,7.0,42.0,4.0,0.0,0.0,0.0,0.0,0.0,0.0,0.0,2.0,0.0,0.0,0.0,1.0,0.0,0.0,0.0,0.0,0.0,0.0,2.0,0.0,0.0,0.0,0.0,0.0,0.0,5.0,0.0,0.0,5.0,0.0,0.0,0.0,0.0,0.0,0.0,0.0,0.0,0.0,0.0,5.0,0.0,0.0,5.0,1.0,0.0,1.0,1.0,0.0,1.0,0.0,0.0,0.0,0.0,0.0,0.0,"Jan 19, 2017"
3045,3105081.0,854.0,Basrah,Basrah,Hai al-kafa_at,البصرة-حي الكفاءات,30.4915877,47.7995977218,6.0,36.0,0.0,0.0,0.0,0.0,0.0,0.0,0.0,0.0,0.0,0.0,0.0,0.0,5.0,0.0,1.0,0.0,0.0,0.0,0.0,2.0,0.0,0.0,0.0,0.0,0.0,0.0,4.0,0.0,0.0,4.0,0.0,0.0,0.0,0.0,0.0,0.0,0.0,0.0,0.0,0.0,4.0,0.0,0.0,4.0,2.0,0.0,0.0,2.0,0.0,0.0,0.0,0.0,0.0,0.0,0.0,0.0,"Jan 19, 2017"
3046,3105082.0,933.0,Basrah,Basrah,Hai Al-Khadhraa,حي الخضراء,30.5224816084,47.8092186461,2.0,12.0,0.0,0.0,0.0,0.0,0.0,0.0,0.0,0.0,0.0,0.0,0.0,0.0,1.0,0.0,1.0,0.0,0.0,0.0,0.0,1.0,0.0,0.0,0.0,0.0,0.0,0.0,1.0,0.0,0.0,1.0,0.0,0.0,0.0,0.0,0.0,0.0,0.0,0.0,0.0,0.0,2.0,0.0,0.0,2.0,0.0,0.0,0.0,0.0,0.0,0.0,0.0,0.0,0.0,0.0,0.0,0.0,"Jan 19, 2017"
3047,3105083.0,852.0,Basrah,Basrah,Hai al-khaleej-3,البصرة-الجمعيات-حي الخليج 3,30.5017773,47.7855969,1.0,6.0,1.0,0.0,0.0,0.0,0.0,0.0,0.0,0.0,0.0,0.0,0.0,0.0,0.0,0.0,0.0,0.0,0.0,0.0,0.0,1.0,0.0,0.0,0.0,0.0,0.0,0.0,0.0,0.0,0.0,0.0,0.0,0.0,0.0,0.0,0.0,0.0,0.0,0.0,1.0,0.0,0.0,1.0,0.0,0.0,0.0,0.0,0.0,0.0,0.0,0.0,0.0,0.0,0.0,0.0,0.0,0.0,"Jan 19, 2017"
3048,3105084.0,602.0,Basrah,Basrah,Hai al-mohandesin,البصرة-حي المهندسين,30.4646421,47.7885523952,48.0,288.0,4.0,1.0,1.0,0.0,0.0,1.0,0.0,0.0,0.0,0.0,0.0,0.0,37.0,0.0,4.0,0.0,0.0,0.0,0.0,1.0,0.0,5.0,0.0,0.0,5.0,0.0,42.0,0.0,0.0,42.0,0.0,0.0,0.0,0.0,0.0,0.0,0.0,0.0,3.0,0.0,34.0,3.0,2.0,34.0,6.0,2.0,0.0,6.0,2.0,0.0,1.0,2.0,0.0,1.0,0.0,0.0,"Jan 19, 2017"
3049,3105085.0,874.0,Basrah,Basrah,Hai al-mu_alemin,البصرة القديمة-حي المعلمين,30.4965123,47.8079573,1.0,6.0,0.0,0.0,0.0,0.0,0.0,0.0,0.0,0.0,0.0,0.0,0.0,0.0,0.0,0.0,1.0,0.0,0.0,0.0,0.0,0.0,0.0,0.0,0.0,0.0,0.0,0.0,1.0,0.0,0.0,1.0,0.0,0.0,0.0,0.0,0.0,0.0,0.0,0.0,0.0,0.0,1.0,0.0,0.0,1.0,0.0,0.0,0.0,0.0,0.0,0.0,0.0,0.0,0.0,0.0,0.0,0.0,"Jan 19, 2017"
3050,3105086.0,886.0,Basrah,Basrah,Hai amman,حي عمان,30.5028733788,47.8332930646,2.0,12.0,0.0,0.0,0.0,0.0,0.0,0.0,0.0,0.0,0.0,0.0,0.0,0.0,2.0,0.0,0.0,0.0,0.0,0.0,0.0,2.0,0.0,0.0,0.0,0.0,0.0,0.0,0.0,0.0,0.0,0.0,0.0,0.0,0.0,0.0,0.0,0.0,0.0,0.0,0.0,0.0,0.0,0.0,0.0,0.0,2.0,0.0,0.0,2.0,0.0,0.0,0.0,0.0,0.0,0.0,0.0,0.0,"Jan 19, 2017"
3051,3105087.0,937.0,Basrah,Basrah,Hai az-zahra_a,البصرة-حي الزهراء,30.5243843,47.8059834,1.0,6.0,0.0,0.0,0.0,0.0,0.0,0.0,0.0,0.0,1.0,0.0,0.0,0.0,0.0,0.0,0.0,0.0,0.0,0.0,0.0,0.0,0.0,0.0,0.0,0.0,0.0,0.0,1.0,0.0,0.0,1.0,0.0,0.0,0.0,0.0,0.0,0.0,0.0,0.0,0.0,0.0,1.0,0.0,0.0,1.0,0.0,0.0,0.0,0.0,0.0,0.0,0.0,0.0,0.0,0.0,0.0,0.0,"Jan 19, 2017"
3052,3105089.0,21099.0,Basrah,Basrah,Hay Al Hussain 4,البصرة-الحيانية-حي الحسين 4,30.4822814,47.7891097,6.0,36.0,1.0,0.0,0.0,0.0,0.0,0.0,0.0,0.0,4.0,0.0,0.0,0.0,0.0,0.0,1.0,0.0,0.0,0.0,0.0,4.0,0.0,0.0,0.0,0.0,0.0,0.0,2.0,0.0,0.0,2.0,0.0,0.0,0.0,0.0,0.0,0.0,0.0,0.0,0.0,0.0,2.0,0.0,2.0,2.0,1.0,2.0,0.0,1.0,0.0,0.0,1.0,0.0,0.0,1.0,0.0,0.0,"Jan 19, 2017"
3053,3105090.0,23897.0,Basrah,Basrah,Hay AL Hussainyia,البصرة-حي الحسينية,30.4789195,47.8298608,6.0,36.0,6.0,0.0,0.0,0.0,0.0,0.0,0.0,0.0,0.0,0.0,0.0,0.0,0.0,0.0,0.0,0.0,0.0,0.0,0.0,0.0,0.0,5.0,0.0,0.0,5.0,0.0,1.0,0.0,0.0,1.0,0.0,0.0,0.0,0.0,0.0,0.0,0.0,0.0,1.0,0.0,5.0,1.0,0.0,5.0,0.0,0.0,0.0,0.0,0.0,0.0,0.0,0.0,0.0,0.0,0.0,0.0,"Jan 19, 2017"
3054,3105091.0,24126.0,Basrah,Basrah,Hay Al Jamiah,البصرة-القبلة-حي الجامعة,30.4735456,47.804901131,22.0,132.0,3.0,0.0,0.0,0.0,0.0,0.0,0.0,0.0,0.0,0.0,0.0,0.0,14.0,0.0,5.0,0.0,0.0,0.0,0.0,1.0,0.0,0.0,0.0,0.0,0.0,0.0,21.0,0.0,0.0,21.0,0.0,0.0,0.0,0.0,0.0,0.0,0.0,0.0,0.0,0.0,3.0,0.0,5.0,3.0,5.0,5.0,8.0,5.0,0.0,8.0,1.0,0.0,0.0,1.0,0.0,0.0,"Jan 19, 2017"
3055,3105092.0,21096.0,Basrah,Basrah,Hay Al Qaim 2,البصرة-القبلة-القائم 2,30.4768988996,47.8151532439,5.0,30.0,2.0,0.0,0.0,0.0,0.0,0.0,0.0,0.0,2.0,0.0,0.0,0.0,1.0,0.0,0.0,0.0,0.0,0.0,0.0,1.0,0.0,2.0,0.0,0.0,2.0,0.0,2.0,0.0,0.0,2.0,0.0,0.0,0.0,0.0,0.0,0.0,0.0,0.0,2.0,0.0,0.0,2.0,2.0,0.0,0.0,2.0,0.0,0.0,0.0,0.0,1.0,0.0,0.0,1.0,0.0,0.0,"Jan 19, 2017"
3056,3105093.0,22095.0,Basrah,Basrah,Hay Al Rasheed,البصرة-القبلة-حي الرشيد,30.4605229472,47.811367332,2.0,12.0,0.0,0.0,1.0,0.0,0.0,1.0,0.0,0.0,0.0,0.0,0.0,0.0,0.0,0.0,0.0,0.0,0.0,0.0,0.0,1.0,0.0,1.0,0.0,0.0,1.0,0.0,0.0,0.0,0.0,0.0,0.0,0.0,0.0,0.0,0.0,0.0,0.0,0.0,1.0,0.0,0.0,1.0,1.0,0.0,0.0,1.0,0.0,0.0,0.0,0.0,0.0,0.0,0.0,0.0,0.0,0.0,"Jan 19, 2017"
3057,3105094.0,860.0,Basrah,Basrah,Hay Al Risalah,البصرة-حي الرسالة,30.4988958,47.8059327148,32.0,192.0,0.0,0.0,1.0,0.0,0.0,0.0,0.0,0.0,0.0,0.0,0.0,0.0,29.0,0.0,2.0,0.0,0.0,0.0,0.0,2.0,0.0,17.0,0.0,0.0,17.0,0.0,13.0,0.0,0.0,13.0,0.0,0.0,0.0,0.0,0.0,0.0,0.0,0.0,0.0,0.0,14.0,0.0,11.0,14.0,7.0,11.0,0.0,7.0,0.0,0.0,0.0,0.0,0.0,0.0,0.0,0.0,"Jan 19, 2017"
3058,3105095.0,24479.0,Basrah,Basrah,Hay Al Shuhadaa,القبلة-حي الشهداء,30.4507384772,47.8079305237,11.0,66.0,0.0,0.0,0.0,0.0,0.0,0.0,0.0,0.0,0.0,0.0,0.0,0.0,6.0,0.0,5.0,0.0,0.0,0.0,0.0,0.0,0.0,0.0,0.0,0.0,0.0,0.0,11.0,0.0,0.0,11.0,0.0,0.0,0.0,0.0,0.0,0.0,0.0,0.0,4.0,0.0,1.0,4.0,0.0,1.0,5.0,0.0,0.0,5.0,1.0,0.0,0.0,1.0,0.0,0.0,0.0,0.0,"Jan 19, 2017"
3059,3105096.0,24482.0,Basrah,Basrah,Hay Al Tamim,الحيانية-حي التاميم,30.50589267,47.77446997,1.0,6.0,0.0,0.0,0.0,0.0,0.0,0.0,0.0,0.0,1.0,0.0,0.0,0.0,0.0,0.0,0.0,0.0,0.0,0.0,0.0,0.0,0.0,0.0,0.0,0.0,0.0,0.0,1.0,0.0,0.0,1.0,0.0,0.0,0.0,0.0,0.0,0.0,0.0,0.0,0.0,0.0,0.0,0.0,0.0,0.0,1.0,0.0,0.0,1.0,0.0,0.0,0.0,0.0,0.0,0.0,0.0,0.0,"Jan 19, 2017"
3060,3105097.0,24595.0,Basrah,Basrah,Hay Al Zaiton,حي الزيتون,30.4746484,47.8260349,2.0,12.0,1.0,0.0,0.0,0.0,0.0,1.0,0.0,0.0,0.0,0.0,0.0,0.0,0.0,0.0,0.0,0.0,0.0,0.0,0.0,0.0,0.0,1.0,0.0,0.0,1.0,0.0,1.0,0.0,0.0,1.0,0.0,0.0,0.0,0.0,0.0,0.0,0.0,0.0,0.0,0.0,1.0,0.0,0.0,1.0,0.0,0.0,1.0,0.0,0.0,1.0,0.0,0.0,0.0,0.0,0.0,0.0,"Jan 19, 2017"
3061,3105098.0,1272.0,Basrah,Basrah,Hay Al-Asdiqaa,حي الاصدقاء,30.5150483,47.7766533579,13.0,78.0,3.0,0.0,0.0,0.0,0.0,0.0,0.0,0.0,5.0,0.0,0.0,0.0,5.0,0.0,0.0,0.0,0.0,0.0,0.0,0.0,0.0,4.0,0.0,0.0,4.0,0.0,9.0,0.0,0.0,9.0,0.0,0.0,0.0,0.0,0.0,0.0,0.0,0.0,2.0,0.0,2.0,2.0,7.0,2.0,1.0,7.0,1.0,1.0,0.0,1.0,0.0,0.0,0.0,0.0,0.0,0.0,"Jan 19, 2017"
3062,3105099.0,21311.0,Basrah,Basrah,Hay Al-Asmae Al-Qadeem,حي الاصمعي القديم ,30.5033731634,47.7940556079,3.0,18.0,1.0,0.0,0.0,0.0,0.0,0.0,0.0,0.0,1.0,0.0,0.0,0.0,0.0,0.0,1.0,0.0,0.0,0.0,0.0,3.0,0.0,0.0,0.0,0.0,0.0,0.0,0.0,0.0,0.0,0.0,0.0,0.0,0.0,0.0,0.0,0.0,0.0,0.0,0.0,0.0,2.0,0.0,0.0,2.0,1.0,0.0,0.0,1.0,0.0,0.0,0.0,0.0,0.0,0.0,0.0,0.0,"Jan 19, 2017"
3063,3105100.0,1271.0,Basrah,Basrah,Hay Al-Husain 3,البصرة-الحيانية-حي الحسين 3,30.4895169,47.7852075538,6.0,36.0,0.0,0.0,0.0,0.0,0.0,0.0,0.0,0.0,6.0,0.0,0.0,0.0,0.0,0.0,0.0,0.0,0.0,0.0,0.0,5.0,0.0,0.0,0.0,0.0,0.0,0.0,1.0,0.0,0.0,1.0,0.0,0.0,0.0,0.0,0.0,0.0,0.0,0.0,0.0,0.0,0.0,0.0,6.0,0.0,0.0,6.0,0.0,0.0,0.0,0.0,0.0,0.0,0.0,0.0,0.0,0.0,"Jan 19, 2017"
3064,3105102.0,911.0,Basrah,Basrah,Hay Al-Zohoor,البصرة-العشار-حي الزهور,30.5156069133,47.8426548287,7.0,42.0,1.0,0.0,0.0,0.0,0.0,0.0,0.0,0.0,0.0,0.0,0.0,0.0,4.0,0.0,2.0,0.0,0.0,0.0,0.0,3.0,0.0,0.0,0.0,0.0,0.0,3.0,1.0,3.0,0.0,1.0,0.0,0.0,0.0,0.0,0.0,0.0,0.0,0.0,0.0,0.0,5.0,0.0,0.0,5.0,1.0,0.0,1.0,1.0,0.0,1.0,0.0,0.0,0.0,0.0,0.0,0.0,"Jan 19, 2017"
3065,3105103.0,1282.0,Basrah,Basrah,Hay Tariq,البصرة-المعقل-حي طارق,30.551937,47.7613871,1.0,6.0,0.0,0.0,0.0,0.0,0.0,0.0,0.0,0.0,0.0,0.0,0.0,0.0,1.0,0.0,0.0,0.0,0.0,0.0,0.0,0.0,0.0,0.0,0.0,0.0,0.0,0.0,1.0,0.0,0.0,1.0,0.0,0.0,0.0,0.0,0.0,0.0,0.0,0.0,0.0,0.0,1.0,0.0,0.0,1.0,0.0,0.0,0.0,0.0,0.0,0.0,0.0,0.0,0.0,0.0,0.0,0.0,"Jan 19, 2017"
3066,3105105.0,24230.0,Basrah,Basrah,Ibn Ghazwan,البصرة-منطقة ابن غزوان(العالية),30.51201662,47.7968442,2.0,12.0,0.0,0.0,0.0,0.0,0.0,1.0,0.0,0.0,0.0,0.0,0.0,0.0,1.0,0.0,0.0,0.0,0.0,0.0,0.0,2.0,0.0,0.0,0.0,0.0,0.0,0.0,0.0,0.0,0.0,0.0,0.0,0.0,0.0,0.0,0.0,0.0,0.0,0.0,0.0,0.0,2.0,0.0,0.0,2.0,0.0,0.0,0.0,0.0,0.0,0.0,0.0,0.0,0.0,0.0,0.0,0.0,"Jan 19, 2017"
3067,3105108.0,393.0,Basrah,Basrah,Karmat Ali,كرمة علي(الكرمة مركز),30.5733104,47.7437518,2.0,12.0,0.0,0.0,0.0,0.0,0.0,0.0,0.0,0.0,0.0,0.0,0.0,0.0,2.0,0.0,0.0,0.0,0.0,0.0,0.0,1.0,0.0,0.0,0.0,0.0,0.0,0.0,1.0,0.0,0.0,1.0,0.0,0.0,0.0,0.0,0.0,0.0,0.0,0.0,0.0,0.0,0.0,0.0,0.0,0.0,2.0,0.0,0.0,2.0,0.0,0.0,0.0,0.0,0.0,0.0,0.0,0.0,"Jan 19, 2017"
3068,3105109.0,893.0,Basrah,Basrah,Kut al-hejaj,البصرة-كوت الحجاج,30.5044163426,47.8008912996,3.0,18.0,2.0,0.0,0.0,0.0,0.0,0.0,0.0,0.0,0.0,0.0,0.0,0.0,1.0,0.0,0.0,0.0,0.0,0.0,0.0,2.0,0.0,0.0,0.0,0.0,0.0,0.0,1.0,0.0,0.0,1.0,0.0,0.0,0.0,0.0,0.0,0.0,0.0,0.0,0.0,0.0,2.0,0.0,0.0,2.0,1.0,0.0,0.0,1.0,0.0,0.0,0.0,0.0,0.0,0.0,0.0,0.0,"Jan 19, 2017"
3069,3105111.0,21097.0,Basrah,Basrah,Manawi Lajim Quarter,مناوي لجم ,30.495666389,47.8385616537,25.0,150.0,2.0,0.0,0.0,0.0,0.0,0.0,0.0,0.0,0.0,0.0,0.0,0.0,10.0,0.0,13.0,0.0,0.0,0.0,0.0,10.0,0.0,0.0,0.0,0.0,0.0,0.0,15.0,0.0,0.0,15.0,0.0,0.0,0.0,0.0,0.0,0.0,0.0,0.0,1.0,0.0,4.0,1.0,5.0,4.0,14.0,5.0,1.0,14.0,0.0,1.0,0.0,0.0,0.0,0.0,0.0,0.0,"Jan 19, 2017"
3070,3105112.0,891.0,Basrah,Basrah,Manawi pasha,مناوي باشا,30.5084310501,47.8410613812,25.0,150.0,4.0,0.0,0.0,0.0,0.0,0.0,0.0,0.0,1.0,0.0,0.0,0.0,9.0,0.0,11.0,0.0,0.0,0.0,0.0,11.0,0.0,0.0,0.0,0.0,0.0,2.0,12.0,2.0,0.0,12.0,0.0,0.0,0.0,0.0,0.0,0.0,0.0,0.0,0.0,0.0,12.0,0.0,0.0,12.0,12.0,0.0,0.0,12.0,1.0,0.0,0.0,1.0,0.0,0.0,0.0,0.0,"Jan 19, 2017"
3071,3105114.0,23974.0,Basrah,Basrah,Mosa Kadhim,البصرة-القبلة-موسى الكاظم,30.4510794,47.7988895893,4.0,24.0,2.0,0.0,0.0,0.0,0.0,0.0,0.0,0.0,1.0,0.0,0.0,0.0,1.0,0.0,0.0,0.0,0.0,0.0,0.0,0.0,0.0,0.0,0.0,0.0,0.0,0.0,4.0,0.0,0.0,4.0,0.0,0.0,0.0,0.0,0.0,0.0,0.0,0.0,0.0,0.0,2.0,0.0,1.0,2.0,1.0,1.0,0.0,1.0,0.0,0.0,0.0,0.0,0.0,0.0,0.0,0.0,"Jan 19, 2017"
3072,3105115.0,889.0,Basrah,Basrah,Nadhran,البصرة-نظران,30.5036258756,47.8127466604,14.0,84.0,0.0,0.0,0.0,0.0,0.0,0.0,0.0,0.0,2.0,0.0,0.0,0.0,6.0,0.0,6.0,0.0,0.0,0.0,0.0,2.0,0.0,0.0,0.0,0.0,0.0,0.0,12.0,0.0,0.0,12.0,0.0,0.0,0.0,0.0,0.0,0.0,0.0,0.0,3.0,0.0,5.0,3.0,4.0,5.0,2.0,4.0,0.0,2.0,0.0,0.0,0.0,0.0,0.0,0.0,0.0,0.0,"Jan 19, 2017"
3073,3105116.0,1025.0,Basrah,Basrah,Najibiah,نجيبية ,30.5748214175,47.769548473,2.0,12.0,0.0,0.0,0.0,0.0,0.0,0.0,0.0,0.0,0.0,0.0,0.0,0.0,1.0,0.0,1.0,0.0,0.0,0.0,0.0,2.0,0.0,0.0,0.0,0.0,0.0,0.0,0.0,0.0,0.0,0.0,0.0,0.0,0.0,0.0,0.0,0.0,0.0,0.0,0.0,0.0,1.0,0.0,1.0,1.0,0.0,1.0,0.0,0.0,0.0,0.0,0.0,0.0,0.0,0.0,0.0,0.0,"Jan 19, 2017"
3074,3105117.0,899.0,Basrah,Basrah,Sabkhat al-arab,صبخة العرب,30.5070869056,47.8027312839,4.0,24.0,2.0,0.0,0.0,0.0,0.0,0.0,0.0,0.0,2.0,0.0,0.0,0.0,0.0,0.0,0.0,0.0,0.0,0.0,0.0,2.0,0.0,0.0,0.0,0.0,0.0,0.0,2.0,0.0,0.0,2.0,0.0,0.0,0.0,0.0,0.0,0.0,0.0,0.0,0.0,0.0,3.0,0.0,1.0,3.0,0.0,1.0,0.0,0.0,0.0,0.0,0.0,0.0,0.0,0.0,0.0,0.0,"Jan 19, 2017"
3075,3105118.0,897.0,Basrah,Basrah,Shuqaq al-faw,البصرة-شقق الفاو,30.5064157357,47.7943967476,3.0,18.0,0.0,0.0,0.0,0.0,0.0,0.0,0.0,0.0,0.0,0.0,0.0,0.0,3.0,0.0,0.0,0.0,0.0,0.0,0.0,0.0,0.0,0.0,0.0,0.0,0.0,0.0,3.0,0.0,0.0,3.0,0.0,0.0,0.0,0.0,0.0,0.0,0.0,0.0,0.0,0.0,3.0,0.0,0.0,3.0,0.0,0.0,0.0,0.0,0.0,0.0,0.0,0.0,0.0,0.0,0.0,0.0,"Jan 19, 2017"
3076,3105119.0,23975.0,Basrah,Basrah,Um Al Neajj,البصرة-منطقة ام النعاج,30.4788051,47.8369367775,13.0,78.0,4.0,0.0,0.0,0.0,0.0,0.0,0.0,0.0,0.0,0.0,0.0,0.0,6.0,0.0,3.0,0.0,0.0,0.0,0.0,5.0,0.0,0.0,0.0,0.0,0.0,0.0,8.0,0.0,0.0,8.0,0.0,0.0,0.0,0.0,0.0,0.0,0.0,0.0,0.0,0.0,2.0,0.0,2.0,2.0,3.0,2.0,5.0,3.0,1.0,5.0,0.0,1.0,0.0,0.0,0.0,0.0,"Jan 19, 2017"
3077,3105121.0,885.0,Basrah,Basrah,Al Khaleej2,البصرة-الجمعيات-حي الخليج 2,30.4940009,47.7888570087,2.0,12.0,0.0,0.0,0.0,0.0,0.0,0.0,0.0,0.0,0.0,0.0,0.0,0.0,1.0,0.0,1.0,0.0,0.0,0.0,0.0,1.0,0.0,0.0,0.0,0.0,0.0,0.0,0.0,0.0,0.0,0.0,0.0,0.0,0.0,0.0,1.0,0.0,0.0,1.0,0.0,0.0,1.0,0.0,1.0,1.0,0.0,1.0,0.0,0.0,0.0,0.0,0.0,0.0,0.0,0.0,0.0,0.0,"Jan 19, 2017"
3078,3105122.0,858.0,Basrah,Basrah,Hmrenan,الهارثة-حمرينان,30.6522529,47.74738896,10.0,60.0,0.0,0.0,0.0,0.0,0.0,0.0,0.0,0.0,0.0,0.0,0.0,0.0,10.0,0.0,0.0,0.0,0.0,0.0,0.0,0.0,0.0,10.0,0.0,0.0,10.0,0.0,0.0,0.0,0.0,0.0,0.0,0.0,0.0,0.0,0.0,0.0,0.0,0.0,0.0,0.0,10.0,0.0,0.0,10.0,0.0,0.0,0.0,0.0,0.0,0.0,0.0,0.0,0.0,0.0,0.0,0.0,"Jan 19, 2017"
3079,3105123.0,898.0,Basrah,Basrah,Al Khaleej1,البصرة-الجمعيات-حي الخليج 1,30.4881858,47.7944062527,8.0,48.0,1.0,0.0,0.0,0.0,0.0,1.0,0.0,0.0,0.0,0.0,0.0,0.0,6.0,0.0,0.0,0.0,0.0,0.0,0.0,6.0,0.0,0.0,0.0,0.0,0.0,0.0,2.0,0.0,0.0,2.0,0.0,0.0,0.0,0.0,0.0,0.0,0.0,0.0,1.0,0.0,1.0,1.0,0.0,1.0,2.0,0.0,0.0,2.0,0.0,0.0,4.0,0.0,0.0,4.0,0.0,0.0,"Jan 19, 2017"
3080,3105124.0,27259.0,Basrah,Basrah,Karma Ali-Twela,الطويله,30.57774947,47.73166333,4.0,24.0,0.0,0.0,0.0,0.0,0.0,0.0,0.0,0.0,0.0,0.0,0.0,0.0,4.0,0.0,0.0,0.0,0.0,0.0,0.0,0.0,0.0,0.0,0.0,0.0,0.0,0.0,4.0,0.0,0.0,4.0,0.0,0.0,0.0,0.0,0.0,0.0,0.0,0.0,0.0,0.0,0.0,0.0,0.0,0.0,4.0,0.0,0.0,4.0,0.0,0.0,0.0,0.0,0.0,0.0,0.0,0.0,"Jan 19, 2017"
3081,3105125.0,27328.0,Basrah,Basrah,Kut al-hejaj-al-jadeed,البصرة-كوت الحجاج الجديد,30.5104171509,47.8150974222,3.0,18.0,0.0,0.0,0.0,0.0,0.0,0.0,0.0,0.0,0.0,0.0,0.0,0.0,3.0,0.0,0.0,0.0,0.0,0.0,0.0,0.0,0.0,0.0,0.0,0.0,0.0,0.0,3.0,0.0,0.0,3.0,0.0,0.0,0.0,0.0,0.0,0.0,0.0,0.0,0.0,0.0,0.0,0.0,0.0,0.0,0.0,0.0,3.0,0.0,0.0,3.0,0.0,0.0,0.0,0.0,0.0,0.0,"Jan 19, 2017"
3082,3105126.0,959.0,Basrah,Basrah,AL Qiziza Hay AlSalam,الكزيزه-حي السلام,30.5354478233,47.7600837608,1.0,6.0,1.0,0.0,0.0,0.0,0.0,0.0,0.0,0.0,0.0,0.0,0.0,0.0,0.0,0.0,0.0,0.0,0.0,0.0,0.0,0.0,0.0,1.0,0.0,0.0,1.0,0.0,0.0,0.0,0.0,0.0,0.0,0.0,0.0,0.0,0.0,0.0,0.0,0.0,1.0,0.0,0.0,1.0,0.0,0.0,0.0,0.0,0.0,0.0,0.0,0.0,0.0,0.0,0.0,0.0,0.0,0.0,"Jan 19, 2017"
3083,3105127.0,28457.0,Basrah,Basrah,Al-Sabkha Al-Sagera,الصبخة الصغيرة ,30.503172,47.8160531,1.0,6.0,0.0,0.0,0.0,0.0,0.0,0.0,0.0,0.0,1.0,0.0,0.0,0.0,0.0,0.0,0.0,0.0,0.0,0.0,0.0,0.0,0.0,0.0,0.0,0.0,0.0,0.0,1.0,0.0,0.0,1.0,0.0,0.0,0.0,0.0,0.0,0.0,0.0,0.0,0.0,0.0,0.0,0.0,0.0,0.0,0.0,0.0,1.0,0.0,0.0,1.0,0.0,0.0,0.0,0.0,0.0,0.0,"Jan 19, 2017"
3084,3105128.0,1313.0,Basrah,Basrah,Al-Sabkha Al-Kabeera,الصبخة الكبيرة ,30.5053916,47.81649,3.0,18.0,1.0,0.0,0.0,0.0,0.0,0.0,0.0,0.0,0.0,0.0,0.0,0.0,1.0,0.0,1.0,0.0,0.0,0.0,0.0,0.0,0.0,1.0,0.0,0.0,1.0,0.0,2.0,0.0,0.0,2.0,0.0,0.0,0.0,0.0,0.0,0.0,0.0,0.0,0.0,0.0,1.0,0.0,0.0,1.0,2.0,0.0,0.0,2.0,0.0,0.0,0.0,0.0,0.0,0.0,0.0,0.0,"Jan 19, 2017"
3085,3105129.0,28473.0,Basrah,Basrah,Dwaed ,دويد ,30.4836252,47.8221471,1.0,6.0,1.0,0.0,0.0,0.0,0.0,0.0,0.0,0.0,0.0,0.0,0.0,0.0,0.0,0.0,0.0,0.0,0.0,0.0,0.0,0.0,0.0,0.0,0.0,0.0,0.0,0.0,1.0,0.0,0.0,1.0,0.0,0.0,0.0,0.0,0.0,0.0,0.0,0.0,0.0,0.0,0.0,0.0,0.0,0.0,1.0,0.0,0.0,1.0,0.0,0.0,0.0,0.0,0.0,0.0,0.0,0.0,"Jan 19, 2017"
3086,3105130.0,29482.0,Basrah,Basrah,Karmat Ali Hay Al Sadrain,كرمة علي-حي الصدرين,30.5715373,47.7116579,6.0,36.0,0.0,0.0,0.0,0.0,0.0,0.0,0.0,0.0,0.0,0.0,0.0,0.0,6.0,0.0,0.0,0.0,0.0,0.0,0.0,0.0,0.0,0.0,0.0,0.0,0.0,0.0,6.0,0.0,0.0,6.0,0.0,0.0,0.0,0.0,0.0,0.0,0.0,0.0,0.0,0.0,6.0,0.0,0.0,6.0,0.0,0.0,0.0,0.0,0.0,0.0,0.0,0.0,0.0,0.0,0.0,0.0,"Jan 19, 2017"
3087,3105131.0,29508.0,Basrah,Basrah,Mojamaa Al Hussain Al Sakni,مجمع الحسين السكني ,30.4841001,47.7955818,3.0,18.0,1.0,0.0,0.0,0.0,0.0,0.0,0.0,0.0,1.0,0.0,0.0,0.0,0.0,0.0,1.0,0.0,0.0,0.0,0.0,0.0,0.0,0.0,0.0,0.0,0.0,0.0,3.0,0.0,0.0,3.0,0.0,0.0,0.0,0.0,0.0,0.0,0.0,0.0,1.0,0.0,1.0,1.0,0.0,1.0,1.0,0.0,0.0,1.0,0.0,0.0,0.0,0.0,0.0,0.0,0.0,0.0,"Jan 19, 2017"
3088,3105132.0,29538.0,Basrah,Basrah,Al Maqil-AlAhrar,المعقل الاحرار,30.5305272,47.772336,5.0,30.0,1.0,0.0,0.0,0.0,0.0,0.0,0.0,0.0,2.0,0.0,0.0,0.0,1.0,0.0,1.0,0.0,0.0,0.0,0.0,3.0,0.0,2.0,0.0,0.0,2.0,0.0,0.0,0.0,0.0,0.0,0.0,0.0,0.0,0.0,0.0,0.0,0.0,0.0,0.0,0.0,2.0,0.0,1.0,2.0,2.0,1.0,0.0,2.0,0.0,0.0,0.0,0.0,0.0,0.0,0.0,0.0,"Jan 19, 2017"
3089,3105133.0,941.0,Basrah,Basrah,Al-Rubat Al Kabeer,البصرة-الرباط الكبير,30.530187,47.824815,4.0,24.0,0.0,0.0,0.0,0.0,0.0,2.0,0.0,0.0,0.0,0.0,0.0,0.0,1.0,0.0,1.0,0.0,0.0,0.0,0.0,2.0,0.0,0.0,0.0,0.0,0.0,0.0,2.0,0.0,0.0,2.0,0.0,0.0,0.0,0.0,0.0,0.0,0.0,0.0,0.0,0.0,2.0,0.0,2.0,2.0,0.0,2.0,0.0,0.0,0.0,0.0,0.0,0.0,0.0,0.0,0.0,0.0,"Jan 19, 2017"
3090,3105134.0,29555.0,Basrah,Basrah,Al Harthah-Altaleaa,الهارثة-الطليعة,30.5777082,47.7462435,1.0,6.0,0.0,0.0,0.0,0.0,0.0,0.0,0.0,0.0,0.0,0.0,0.0,0.0,1.0,0.0,0.0,0.0,0.0,0.0,0.0,0.0,0.0,0.0,0.0,0.0,0.0,0.0,1.0,0.0,0.0,1.0,0.0,0.0,0.0,0.0,0.0,0.0,0.0,0.0,0.0,0.0,1.0,0.0,0.0,1.0,0.0,0.0,0.0,0.0,0.0,0.0,0.0,0.0,0.0,0.0,0.0,0.0,"Jan 19, 2017"
3091,3105135.0,24124.0,Basrah,Basrah,Hai al-hussain-1,الحيانية-حي الحسين 1,30.5034234,47.7749172,3.0,18.0,1.0,0.0,0.0,0.0,0.0,0.0,0.0,0.0,0.0,0.0,0.0,0.0,2.0,0.0,0.0,0.0,0.0,0.0,0.0,0.0,0.0,0.0,0.0,0.0,0.0,1.0,2.0,1.0,0.0,2.0,0.0,0.0,0.0,0.0,0.0,0.0,0.0,0.0,1.0,0.0,0.0,1.0,1.0,0.0,1.0,1.0,0.0,1.0,0.0,0.0,0.0,0.0,0.0,0.0,0.0,0.0,"Jan 19, 2017"
3092,3105136.0,29595.0,Basrah,Basrah,Al Maqil-Al-Farancea,المعقل-الفرنسية,30.5500058,47.7790877,2.0,12.0,0.0,0.0,0.0,0.0,0.0,0.0,0.0,0.0,0.0,0.0,0.0,0.0,2.0,0.0,0.0,0.0,0.0,0.0,0.0,2.0,0.0,0.0,0.0,0.0,0.0,0.0,0.0,0.0,0.0,0.0,0.0,0.0,0.0,0.0,0.0,0.0,0.0,0.0,0.0,0.0,2.0,0.0,0.0,2.0,0.0,0.0,0.0,0.0,0.0,0.0,0.0,0.0,0.0,0.0,0.0,0.0,"Jan 19, 2017"
3093,3105137.0,29656.0,Basrah,Basrah,Door Al-Sakak,معقل دور السكك,30.5620429,47.7804422,1.0,6.0,0.0,0.0,0.0,0.0,0.0,0.0,0.0,0.0,0.0,0.0,0.0,0.0,0.0,0.0,1.0,0.0,0.0,0.0,0.0,0.0,0.0,0.0,0.0,0.0,0.0,0.0,1.0,0.0,0.0,1.0,0.0,0.0,0.0,0.0,0.0,0.0,0.0,0.0,0.0,0.0,0.0,0.0,1.0,0.0,0.0,1.0,0.0,0.0,0.0,0.0,0.0,0.0,0.0,0.0,0.0,0.0,"Jan 19, 2017"
3094,3105138.0,29657.0,Basrah,Basrah,Shatt Al-Tuark,شط الترك,30.5597281,47.7707366,2.0,12.0,2.0,0.0,0.0,0.0,0.0,0.0,0.0,0.0,0.0,0.0,0.0,0.0,0.0,0.0,0.0,0.0,0.0,0.0,0.0,0.0,0.0,2.0,0.0,0.0,2.0,0.0,0.0,0.0,0.0,0.0,0.0,0.0,0.0,0.0,0.0,0.0,0.0,0.0,0.0,0.0,0.0,0.0,0.0,0.0,0.0,0.0,2.0,0.0,0.0,2.0,0.0,0.0,0.0,0.0,0.0,0.0,"Jan 19, 2017"
3095,3105139.0,863.0,Basrah,Basrah,Hay Al-Morabaa,الحيانية حي المربع,30.5081376,47.7697940361,4.0,24.0,0.0,0.0,0.0,0.0,0.0,0.0,0.0,0.0,2.0,0.0,0.0,0.0,2.0,0.0,0.0,0.0,0.0,0.0,0.0,0.0,0.0,0.0,0.0,0.0,0.0,0.0,4.0,0.0,0.0,4.0,0.0,0.0,0.0,0.0,0.0,0.0,0.0,0.0,2.0,0.0,0.0,2.0,0.0,0.0,1.0,0.0,0.0,1.0,1.0,0.0,0.0,1.0,0.0,0.0,0.0,0.0,"Jan 19, 2017"
3096,3105140.0,24128.0,Basrah,Basrah,Al-Wiless,المعقل الوايلس,30.544252,47.779412,1.0,6.0,0.0,0.0,0.0,0.0,0.0,0.0,0.0,0.0,0.0,0.0,0.0,0.0,1.0,0.0,0.0,0.0,0.0,0.0,0.0,1.0,0.0,0.0,0.0,0.0,0.0,0.0,0.0,0.0,0.0,0.0,0.0,0.0,0.0,0.0,0.0,0.0,0.0,0.0,0.0,0.0,0.0,0.0,0.0,0.0,1.0,0.0,0.0,1.0,0.0,0.0,0.0,0.0,0.0,0.0,0.0,0.0,"Jan 19, 2017"
3097,3105141.0,1054.0,Basrah,Basrah,Sayed Al Shuhadaa,سيد الشهداء,30.67936253,47.74106883,3.0,18.0,0.0,0.0,0.0,0.0,0.0,0.0,0.0,0.0,0.0,0.0,0.0,0.0,3.0,0.0,0.0,0.0,0.0,0.0,0.0,3.0,0.0,0.0,0.0,0.0,0.0,0.0,0.0,0.0,0.0,0.0,0.0,0.0,0.0,0.0,0.0,0.0,0.0,0.0,0.0,0.0,0.0,0.0,0.0,0.0,0.0,0.0,0.0,0.0,0.0,0.0,3.0,0.0,0.0,3.0,0.0,0.0,"Jan 19, 2017"
3098,3105142.0,884.0,Basrah,Basrah,Al-hkadrawia,الخضراوية,30.4996943,47.8242982,3.0,18.0,2.0,0.0,0.0,0.0,0.0,0.0,0.0,0.0,0.0,0.0,0.0,0.0,1.0,0.0,0.0,0.0,0.0,0.0,0.0,3.0,0.0,0.0,0.0,0.0,0.0,0.0,0.0,0.0,0.0,0.0,0.0,0.0,0.0,0.0,0.0,0.0,0.0,0.0,0.0,0.0,0.0,0.0,0.0,0.0,2.0,0.0,1.0,2.0,0.0,1.0,0.0,0.0,0.0,0.0,0.0,0.0,"Jan 19, 2017"
3099,3105143.0,29678.0,Basrah,Basrah,Yaseen Khurebtt,ياسين خريبط,30.5275305,47.7655907,1.0,6.0,0.0,0.0,0.0,0.0,0.0,0.0,0.0,0.0,0.0,0.0,0.0,0.0,1.0,0.0,0.0,0.0,0.0,0.0,0.0,0.0,0.0,0.0,0.0,0.0,0.0,0.0,1.0,0.0,0.0,1.0,0.0,0.0,0.0,0.0,0.0,0.0,0.0,0.0,0.0,0.0,0.0,0.0,0.0,0.0,0.0,0.0,1.0,0.0,0.0,1.0,0.0,0.0,0.0,0.0,0.0,0.0,"Jan 19, 2017"
3100,3105144.0,914.0,Basrah,Basrah,Door Al-Shorta,دور الشرطة,30.5064412,47.762365,3.0,18.0,0.0,0.0,0.0,0.0,0.0,0.0,0.0,0.0,2.0,0.0,0.0,0.0,0.0,0.0,1.0,0.0,0.0,0.0,0.0,2.0,0.0,0.0,0.0,0.0,0.0,0.0,1.0,0.0,0.0,1.0,0.0,0.0,0.0,0.0,0.0,0.0,0.0,0.0,0.0,0.0,0.0,0.0,2.0,0.0,0.0,2.0,0.0,0.0,1.0,0.0,0.0,1.0,0.0,0.0,0.0,0.0,"Jan 19, 2017"
3101,3106002.0,25338.0,Basrah,Fao,FAO Al Shamaliya-Hay Al Salam,حي السلام,29.9796562945,48.4607789616,1.0,6.0,0.0,0.0,0.0,0.0,0.0,0.0,0.0,0.0,0.0,0.0,0.0,0.0,0.0,0.0,1.0,0.0,0.0,0.0,0.0,0.0,0.0,0.0,0.0,0.0,0.0,0.0,1.0,0.0,0.0,1.0,0.0,0.0,0.0,0.0,0.0,0.0,0.0,0.0,0.0,0.0,0.0,0.0,0.0,0.0,1.0,0.0,0.0,1.0,0.0,0.0,0.0,0.0,0.0,0.0,0.0,0.0,"Jan 19, 2017"
3102,3106003.0,25335.0,Basrah,Fao,FAO Aljanubia-Hay Al Hussain,حي الحسين,29.9736040886,48.4702247057,1.0,6.0,0.0,0.0,0.0,0.0,0.0,0.0,0.0,0.0,1.0,0.0,0.0,0.0,0.0,0.0,0.0,0.0,0.0,0.0,0.0,0.0,0.0,0.0,0.0,0.0,0.0,0.0,1.0,0.0,0.0,1.0,0.0,0.0,0.0,0.0,0.0,0.0,0.0,0.0,0.0,0.0,0.0,0.0,1.0,0.0,0.0,1.0,0.0,0.0,0.0,0.0,0.0,0.0,0.0,0.0,0.0,0.0,"Jan 19, 2017"
3103,3106004.0,25334.0,Basrah,Fao,FAO Aljanubia-Hay Al Karar,حي الكرار,29.9680501289,48.4805273658,1.0,6.0,0.0,0.0,0.0,0.0,0.0,0.0,0.0,0.0,0.0,0.0,0.0,0.0,1.0,0.0,0.0,0.0,0.0,0.0,0.0,1.0,0.0,0.0,0.0,0.0,0.0,0.0,0.0,0.0,0.0,0.0,0.0,0.0,0.0,0.0,0.0,0.0,0.0,0.0,1.0,0.0,0.0,1.0,0.0,0.0,0.0,0.0,0.0,0.0,0.0,0.0,0.0,0.0,0.0,0.0,0.0,0.0,"Jan 19, 2017"
3104,3106006.0,25337.0,Basrah,Fao,FAO Aljanubia-Hay Al Zahra,حي الزهراء,29.9624361369,48.4767056079,1.0,6.0,0.0,0.0,0.0,0.0,0.0,0.0,0.0,0.0,0.0,0.0,0.0,0.0,0.0,0.0,1.0,0.0,0.0,0.0,0.0,1.0,0.0,0.0,0.0,0.0,0.0,0.0,0.0,0.0,0.0,0.0,0.0,0.0,0.0,0.0,0.0,0.0,0.0,0.0,0.0,0.0,1.0,0.0,0.0,1.0,0.0,0.0,0.0,0.0,0.0,0.0,0.0,0.0,0.0,0.0,0.0,0.0,"Jan 19, 2017"
3105,3106009.0,25340.0,Basrah,Fao,FAO Al-Shamaliya-Hay Al-Madaina,حي المدينة,29.9787803659,48.4704447006,7.0,42.0,5.0,0.0,0.0,0.0,0.0,0.0,0.0,0.0,0.0,0.0,0.0,0.0,0.0,0.0,2.0,0.0,0.0,0.0,0.0,0.0,0.0,0.0,0.0,0.0,0.0,0.0,7.0,0.0,0.0,7.0,0.0,0.0,0.0,0.0,0.0,0.0,0.0,0.0,3.0,0.0,2.0,3.0,2.0,2.0,0.0,2.0,0.0,0.0,0.0,0.0,0.0,0.0,0.0,0.0,0.0,0.0,"Jan 19, 2017"
3106,3106012.0,29596.0,Basrah,Fao,Markaz Al Bahhar ,مركز البحار,30.1495391515,48.3735235155,2.0,12.0,0.0,0.0,0.0,0.0,0.0,0.0,0.0,0.0,0.0,0.0,0.0,0.0,0.0,0.0,2.0,0.0,0.0,0.0,0.0,0.0,0.0,0.0,0.0,0.0,0.0,0.0,2.0,0.0,0.0,2.0,0.0,0.0,0.0,0.0,0.0,0.0,0.0,0.0,0.0,0.0,0.0,0.0,1.0,0.0,1.0,1.0,0.0,1.0,0.0,0.0,0.0,0.0,0.0,0.0,0.0,0.0,"Jan 19, 2017"
3107,3107001.0,23517.0,Basrah,Shatt Al-Arab,Al Hota,الحوطة ,30.6419249,47.7734263312,16.0,96.0,6.0,0.0,0.0,0.0,0.0,0.0,0.0,0.0,1.0,0.0,0.0,0.0,9.0,0.0,0.0,0.0,0.0,0.0,0.0,5.0,0.0,4.0,0.0,0.0,4.0,1.0,6.0,1.0,0.0,6.0,0.0,0.0,0.0,0.0,0.0,0.0,0.0,0.0,0.0,0.0,4.0,0.0,2.0,4.0,3.0,2.0,7.0,3.0,0.0,7.0,0.0,0.0,0.0,0.0,0.0,0.0,"Jan 19, 2017"
3108,3107002.0,21640.0,Basrah,Shatt Al-Arab,AL Jazira 3,البصرة-شط العرب-الجزيرة 3,30.5873529,47.7927341,6.0,36.0,4.0,0.0,0.0,0.0,0.0,0.0,0.0,0.0,0.0,0.0,0.0,0.0,2.0,0.0,0.0,0.0,0.0,0.0,0.0,0.0,0.0,0.0,0.0,0.0,0.0,0.0,6.0,0.0,0.0,6.0,0.0,0.0,0.0,0.0,0.0,0.0,0.0,0.0,0.0,0.0,0.0,0.0,1.0,0.0,5.0,1.0,0.0,5.0,0.0,0.0,0.0,0.0,0.0,0.0,0.0,0.0,"Jan 19, 2017"
3109,3107006.0,21829.0,Basrah,Shatt Al-Arab,Al Nashwa-Center,النشوة-مركز النشوة,30.8189875,47.6039867,2.0,12.0,0.0,0.0,0.0,0.0,0.0,0.0,0.0,0.0,0.0,0.0,0.0,0.0,0.0,0.0,2.0,0.0,0.0,0.0,0.0,0.0,0.0,0.0,0.0,0.0,0.0,0.0,2.0,0.0,0.0,2.0,0.0,0.0,0.0,0.0,0.0,0.0,0.0,0.0,0.0,0.0,0.0,0.0,0.0,0.0,2.0,0.0,0.0,2.0,0.0,0.0,0.0,0.0,0.0,0.0,0.0,0.0,"Jan 19, 2017"
3110,3107007.0,25021.0,Basrah,Shatt Al-Arab,Al Nashwa-Mayah Aldhawaen,النشوة-مياح الضواعن,30.8945768,47.5228608,13.0,78.0,0.0,0.0,0.0,0.0,0.0,0.0,0.0,0.0,0.0,0.0,0.0,0.0,13.0,0.0,0.0,0.0,0.0,0.0,0.0,4.0,0.0,0.0,0.0,0.0,0.0,9.0,0.0,9.0,0.0,0.0,0.0,0.0,0.0,0.0,0.0,0.0,0.0,0.0,0.0,0.0,5.0,0.0,4.0,5.0,4.0,4.0,0.0,4.0,0.0,0.0,0.0,0.0,0.0,0.0,0.0,0.0,"Jan 19, 2017"
3111,3107008.0,23261.0,Basrah,Shatt Al-Arab,Al Sahel village,شط العرب التنومه-الساحل,30.5207947375,47.8528611164,3.0,18.0,0.0,0.0,2.0,0.0,0.0,1.0,0.0,0.0,0.0,0.0,0.0,0.0,0.0,0.0,0.0,0.0,0.0,0.0,0.0,0.0,0.0,0.0,0.0,0.0,0.0,0.0,3.0,0.0,0.0,3.0,0.0,0.0,0.0,0.0,0.0,0.0,0.0,0.0,1.0,0.0,1.0,1.0,0.0,1.0,1.0,0.0,0.0,1.0,0.0,0.0,0.0,0.0,0.0,0.0,0.0,0.0,"Jan 19, 2017"
3112,3107011.0,1013.0,Basrah,Shatt Al-Arab,Al-Kibasi Kabeer,البصرة-شط العرب-الكباسي الكبير,30.5827683,47.8102885,5.0,30.0,2.0,0.0,0.0,0.0,0.0,0.0,0.0,0.0,2.0,0.0,0.0,0.0,0.0,0.0,1.0,0.0,0.0,0.0,0.0,1.0,0.0,0.0,0.0,0.0,0.0,3.0,1.0,3.0,0.0,1.0,0.0,0.0,0.0,0.0,0.0,0.0,0.0,0.0,0.0,0.0,1.0,0.0,1.0,1.0,3.0,1.0,0.0,3.0,0.0,0.0,0.0,0.0,0.0,0.0,0.0,0.0,"Jan 19, 2017"
3113,3107012.0,1000.0,Basrah,Shatt Al-Arab,Al-Kibasi Saghir,البصرة-شط العرب-الكباسي الصغير,30.598042,47.8039782,3.0,18.0,0.0,0.0,0.0,0.0,0.0,0.0,0.0,0.0,3.0,0.0,0.0,0.0,0.0,0.0,0.0,0.0,0.0,0.0,0.0,0.0,0.0,0.0,0.0,0.0,0.0,0.0,3.0,0.0,0.0,3.0,0.0,0.0,0.0,0.0,0.0,0.0,0.0,0.0,0.0,0.0,3.0,0.0,0.0,3.0,0.0,0.0,0.0,0.0,0.0,0.0,0.0,0.0,0.0,0.0,0.0,0.0,"Jan 19, 2017"
3114,3107013.0,645.0,Basrah,Shatt Al-Arab,As salehiyah,الصالحية ,30.5143639264,47.8734271104,11.0,66.0,0.0,0.0,10.0,0.0,0.0,1.0,0.0,0.0,0.0,0.0,0.0,0.0,0.0,0.0,0.0,0.0,0.0,0.0,0.0,0.0,0.0,10.0,0.0,0.0,10.0,0.0,1.0,0.0,0.0,1.0,0.0,0.0,0.0,0.0,0.0,0.0,0.0,0.0,0.0,0.0,1.0,0.0,0.0,1.0,10.0,0.0,0.0,10.0,0.0,0.0,0.0,0.0,0.0,0.0,0.0,0.0,"Jan 19, 2017"
3115,3107014.0,925.0,Basrah,Shatt Al-Arab,Bait zair,شط العرب-بيت زعير,30.52029169,47.86344521,1.0,6.0,1.0,0.0,0.0,0.0,0.0,0.0,0.0,0.0,0.0,0.0,0.0,0.0,0.0,0.0,0.0,0.0,0.0,0.0,0.0,1.0,0.0,0.0,0.0,0.0,0.0,0.0,0.0,0.0,0.0,0.0,0.0,0.0,0.0,0.0,0.0,0.0,0.0,0.0,0.0,0.0,1.0,0.0,0.0,1.0,0.0,0.0,0.0,0.0,0.0,0.0,0.0,0.0,0.0,0.0,0.0,0.0,"Jan 19, 2017"
3116,3107018.0,960.0,Basrah,Shatt Al-Arab,Hay al-jami_a,البصرة-شط العرب-حي الجامعة,30.5412141294,47.8570832066,11.0,66.0,5.0,0.0,0.0,0.0,0.0,1.0,0.0,0.0,1.0,0.0,0.0,0.0,1.0,0.0,3.0,0.0,0.0,0.0,0.0,0.0,0.0,5.0,0.0,0.0,5.0,0.0,6.0,0.0,0.0,6.0,0.0,0.0,0.0,0.0,0.0,0.0,0.0,0.0,0.0,0.0,5.0,0.0,0.0,5.0,6.0,0.0,0.0,6.0,0.0,0.0,0.0,0.0,0.0,0.0,0.0,0.0,"Jan 19, 2017"
3117,3107020.0,25723.0,Basrah,Shatt Al-Arab,Markaz Shat Al-Arab-Al Jazira 4,البصرة-شط العرب-الجزيرة 4,30.61308816,47.77763296,2.0,12.0,0.0,0.0,0.0,0.0,0.0,2.0,0.0,0.0,0.0,0.0,0.0,0.0,0.0,0.0,0.0,0.0,0.0,0.0,0.0,0.0,0.0,0.0,0.0,0.0,0.0,0.0,2.0,0.0,0.0,2.0,0.0,0.0,0.0,0.0,0.0,0.0,0.0,0.0,0.0,0.0,2.0,0.0,0.0,2.0,0.0,0.0,0.0,0.0,0.0,0.0,0.0,0.0,0.0,0.0,0.0,0.0,"Jan 19, 2017"
3118,3107021.0,24232.0,Basrah,Shatt Al-Arab,Shat Al Arab St 13,البصرة-شط العرب-شارع 13,30.52832625,47.85424962,1.0,6.0,0.0,0.0,0.0,0.0,0.0,1.0,0.0,0.0,0.0,0.0,0.0,0.0,0.0,0.0,0.0,0.0,0.0,0.0,0.0,0.0,0.0,0.0,0.0,0.0,0.0,0.0,1.0,0.0,0.0,1.0,0.0,0.0,0.0,0.0,0.0,0.0,0.0,0.0,0.0,0.0,1.0,0.0,0.0,1.0,0.0,0.0,0.0,0.0,0.0,0.0,0.0,0.0,0.0,0.0,0.0,0.0,"Jan 19, 2017"
3119,3107022.0,24531.0,Basrah,Shatt Al-Arab,Shatt Al-Arab-Tanoma-36 St,شط العرب التنومه-شارع 36,30.5317323,47.8525786,1.0,6.0,0.0,0.0,0.0,0.0,0.0,0.0,0.0,0.0,1.0,0.0,0.0,0.0,0.0,0.0,0.0,0.0,0.0,0.0,0.0,0.0,0.0,0.0,0.0,0.0,0.0,0.0,1.0,0.0,0.0,1.0,0.0,0.0,0.0,0.0,0.0,0.0,0.0,0.0,0.0,0.0,1.0,0.0,0.0,1.0,0.0,0.0,0.0,0.0,0.0,0.0,0.0,0.0,0.0,0.0,0.0,0.0,"Jan 19, 2017"
3120,3107024.0,25461.0,Basrah,Shatt Al-Arab,Shatt Al-Arab-Tanoma-17 St,التنومه شارع 17,30.531169,47.8564193,3.0,18.0,0.0,3.0,0.0,0.0,0.0,0.0,0.0,0.0,0.0,0.0,0.0,0.0,0.0,0.0,0.0,0.0,0.0,0.0,0.0,0.0,0.0,0.0,0.0,0.0,0.0,0.0,3.0,0.0,0.0,3.0,0.0,0.0,0.0,0.0,0.0,0.0,0.0,0.0,0.0,0.0,3.0,0.0,0.0,3.0,0.0,0.0,0.0,0.0,0.0,0.0,0.0,0.0,0.0,0.0,0.0,0.0,"Jan 19, 2017"
3121,3107025.0,24775.0,Basrah,Shatt Al-Arab,Street 40,شط العرب التنومه-شارع 40,30.5291951,47.8500717,1.0,6.0,0.0,0.0,0.0,0.0,0.0,0.0,0.0,0.0,0.0,0.0,0.0,0.0,1.0,0.0,0.0,0.0,0.0,0.0,0.0,0.0,0.0,0.0,0.0,0.0,0.0,0.0,1.0,0.0,0.0,1.0,0.0,0.0,0.0,0.0,0.0,0.0,0.0,0.0,0.0,0.0,1.0,0.0,0.0,1.0,0.0,0.0,0.0,0.0,0.0,0.0,0.0,0.0,0.0,0.0,0.0,0.0,"Jan 19, 2017"
3122,3107026.0,25954.0,Basrah,Shatt Al-Arab,Tanuma-Street 32,شط العرب التنومه-شارع 32,30.5339503,47.85984862,1.0,6.0,0.0,0.0,0.0,0.0,0.0,0.0,0.0,0.0,0.0,0.0,0.0,0.0,1.0,0.0,0.0,0.0,0.0,0.0,0.0,0.0,0.0,0.0,0.0,0.0,0.0,0.0,1.0,0.0,0.0,1.0,0.0,0.0,0.0,0.0,0.0,0.0,0.0,0.0,0.0,0.0,1.0,0.0,0.0,1.0,0.0,0.0,0.0,0.0,0.0,0.0,0.0,0.0,0.0,0.0,0.0,0.0,"Jan 19, 2017"
3123,3107027.0,28458.0,Basrah,Shatt Al-Arab,Street 29,شارع 29 ,30.53611282,47.85779019,1.0,6.0,1.0,0.0,0.0,0.0,0.0,0.0,0.0,0.0,0.0,0.0,0.0,0.0,0.0,0.0,0.0,0.0,0.0,0.0,0.0,0.0,0.0,1.0,0.0,0.0,1.0,0.0,0.0,0.0,0.0,0.0,0.0,0.0,0.0,0.0,0.0,0.0,0.0,0.0,0.0,0.0,0.0,0.0,0.0,0.0,1.0,0.0,0.0,1.0,0.0,0.0,0.0,0.0,0.0,0.0,0.0,0.0,"Jan 19, 2017"
3124,3201001.0,25274.0,Missan,Al-Kahla,Al Malfood village-Al Musharh,ناحية المشرح-قرية الملفود,31.8201638802,47.3852177296,1.0,6.0,0.0,0.0,0.0,0.0,0.0,0.0,0.0,0.0,0.0,0.0,0.0,0.0,0.0,0.0,1.0,0.0,0.0,0.0,0.0,0.0,0.0,1.0,0.0,0.0,1.0,0.0,0.0,0.0,0.0,0.0,0.0,0.0,0.0,0.0,0.0,0.0,0.0,0.0,0.0,0.0,0.0,0.0,0.0,0.0,1.0,0.0,0.0,1.0,0.0,0.0,0.0,0.0,0.0,0.0,0.0,0.0,"Jan 19, 2017"
3125,3201002.0,23871.0,Missan,Al-Kahla,Al Sader Al karima,ناحية المشرح-قرية صدر الكريمه,31.854462465,47.3402122557,3.0,18.0,0.0,0.0,3.0,0.0,0.0,0.0,0.0,0.0,0.0,0.0,0.0,0.0,0.0,0.0,0.0,0.0,0.0,0.0,0.0,0.0,0.0,3.0,0.0,0.0,3.0,0.0,0.0,0.0,0.0,0.0,0.0,0.0,0.0,0.0,0.0,0.0,0.0,0.0,0.0,0.0,0.0,0.0,3.0,0.0,0.0,3.0,0.0,0.0,0.0,0.0,0.0,0.0,0.0,0.0,0.0,0.0,"Jan 19, 2017"
3126,3201005.0,16292.0,Missan,Al-Kahla,Hay Al Nahdha,حي النهضه,31.6764868174,47.2935188152,3.0,18.0,0.0,0.0,0.0,0.0,0.0,0.0,0.0,0.0,3.0,0.0,0.0,0.0,0.0,0.0,0.0,0.0,0.0,0.0,0.0,2.0,0.0,0.0,0.0,0.0,0.0,0.0,1.0,0.0,0.0,1.0,0.0,0.0,0.0,0.0,0.0,0.0,0.0,0.0,0.0,0.0,0.0,0.0,3.0,0.0,0.0,3.0,0.0,0.0,0.0,0.0,0.0,0.0,0.0,0.0,0.0,0.0,"Jan 19, 2017"
3127,3201010.0,27379.0,Missan,Al-Kahla,Al Kharaba Village,قرية الخرابه,31.8450940759,47.3551006224,1.0,6.0,0.0,0.0,1.0,0.0,0.0,0.0,0.0,0.0,0.0,0.0,0.0,0.0,0.0,0.0,0.0,0.0,0.0,0.0,0.0,0.0,0.0,0.0,0.0,0.0,0.0,0.0,1.0,0.0,0.0,1.0,0.0,0.0,0.0,0.0,0.0,0.0,0.0,0.0,0.0,0.0,0.0,0.0,0.0,0.0,1.0,0.0,0.0,1.0,0.0,0.0,0.0,0.0,0.0,0.0,0.0,0.0,"Jan 19, 2017"
3128,3201011.0,29505.0,Missan,Al-Kahla,Hay 15 Sahaban,حي 15 شعبان,31.6756848156,47.2835301202,1.0,6.0,0.0,0.0,0.0,0.0,0.0,0.0,0.0,0.0,0.0,0.0,0.0,0.0,0.0,0.0,1.0,0.0,0.0,0.0,0.0,0.0,0.0,0.0,0.0,0.0,0.0,0.0,1.0,0.0,0.0,1.0,0.0,0.0,0.0,0.0,0.0,0.0,0.0,0.0,0.0,0.0,0.0,0.0,1.0,0.0,0.0,1.0,0.0,0.0,0.0,0.0,0.0,0.0,0.0,0.0,0.0,0.0,"Jan 19, 2017"
3129,3201012.0,22093.0,Missan,Al-Kahla,Hay Al Zahra,حي الزهراء,31.667392983,47.2964722217,1.0,6.0,0.0,0.0,0.0,0.0,0.0,0.0,0.0,0.0,0.0,0.0,0.0,0.0,1.0,0.0,0.0,0.0,0.0,0.0,0.0,0.0,0.0,0.0,0.0,0.0,0.0,0.0,1.0,0.0,0.0,1.0,0.0,0.0,0.0,0.0,0.0,0.0,0.0,0.0,0.0,0.0,1.0,0.0,0.0,1.0,0.0,0.0,0.0,0.0,0.0,0.0,0.0,0.0,0.0,0.0,0.0,0.0,"Jan 19, 2017"
3130,3202001.0,16170.0,Missan,Al-Maimouna,Al turkiyah,ناحية السلام-التركيه,31.5444711796,46.9757301301,1.0,6.0,0.0,0.0,0.0,0.0,0.0,0.0,0.0,0.0,0.0,0.0,0.0,0.0,0.0,0.0,1.0,0.0,0.0,0.0,0.0,1.0,0.0,0.0,0.0,0.0,0.0,0.0,0.0,0.0,0.0,0.0,0.0,0.0,0.0,0.0,0.0,0.0,0.0,0.0,0.0,0.0,1.0,0.0,0.0,1.0,0.0,0.0,0.0,0.0,0.0,0.0,0.0,0.0,0.0,0.0,0.0,0.0,"Jan 19, 2017"
3131,3202004.0,24579.0,Missan,Al-Maimouna,Sayyed Ahmad Rifae-Um Ubaida Village,ناحية سيد احمد الرفاعي-قرية ام عبيده,31.7207978385,46.7274681339,1.0,6.0,0.0,0.0,0.0,0.0,0.0,0.0,0.0,0.0,0.0,0.0,0.0,0.0,1.0,0.0,0.0,0.0,0.0,0.0,0.0,1.0,0.0,0.0,0.0,0.0,0.0,0.0,0.0,0.0,0.0,0.0,0.0,0.0,0.0,0.0,0.0,0.0,0.0,0.0,0.0,0.0,1.0,0.0,0.0,1.0,0.0,0.0,0.0,0.0,0.0,0.0,0.0,0.0,0.0,0.0,0.0,0.0,"Jan 19, 2017"
3132,3202005.0,27267.0,Missan,Al-Maimouna,Hay Al-Qasim,حي القاسم,31.6796467813,46.9623074319,2.0,12.0,0.0,0.0,1.0,0.0,0.0,1.0,0.0,0.0,0.0,0.0,0.0,0.0,0.0,0.0,0.0,0.0,0.0,0.0,0.0,1.0,0.0,0.0,0.0,0.0,0.0,0.0,1.0,0.0,0.0,1.0,0.0,0.0,0.0,0.0,0.0,0.0,0.0,0.0,0.0,0.0,0.0,0.0,1.0,0.0,1.0,1.0,0.0,1.0,0.0,0.0,0.0,0.0,0.0,0.0,0.0,0.0,"Jan 19, 2017"
3133,3203001.0,24537.0,Missan,Al-Mejar Al-Kabir,Abu AlAla Village,قرية ابو العلا,31.5527718434,47.1532012885,2.0,12.0,0.0,0.0,0.0,0.0,0.0,0.0,0.0,0.0,0.0,0.0,0.0,0.0,2.0,0.0,0.0,0.0,0.0,0.0,0.0,2.0,0.0,0.0,0.0,0.0,0.0,0.0,0.0,0.0,0.0,0.0,0.0,0.0,0.0,0.0,0.0,0.0,0.0,0.0,0.0,0.0,0.0,0.0,2.0,0.0,0.0,2.0,0.0,0.0,0.0,0.0,0.0,0.0,0.0,0.0,0.0,0.0,"Jan 19, 2017"
3134,3203003.0,24551.0,Missan,Al-Mejar Al-Kabir,Al Mabrukah Village,قرية المبروكه,31.6267515594,47.1941722734,1.0,6.0,0.0,0.0,0.0,0.0,0.0,0.0,0.0,0.0,0.0,0.0,0.0,0.0,1.0,0.0,0.0,0.0,0.0,0.0,0.0,0.0,0.0,0.0,0.0,0.0,0.0,0.0,1.0,0.0,0.0,1.0,0.0,0.0,0.0,0.0,0.0,0.0,0.0,0.0,0.0,0.0,0.0,0.0,1.0,0.0,0.0,1.0,0.0,0.0,0.0,0.0,0.0,0.0,0.0,0.0,0.0,0.0,"Jan 19, 2017"
3135,3203004.0,25276.0,Missan,Al-Mejar Al-Kabir,Al-Mejar Al-Kabir-Hay Al Zahra,حي الزهراء,31.5759381592,47.1638498787,7.0,42.0,0.0,0.0,3.0,0.0,0.0,0.0,0.0,0.0,4.0,0.0,0.0,0.0,0.0,0.0,0.0,0.0,0.0,0.0,0.0,3.0,0.0,0.0,0.0,0.0,0.0,0.0,4.0,0.0,0.0,4.0,0.0,0.0,0.0,0.0,0.0,0.0,0.0,0.0,0.0,0.0,6.0,0.0,1.0,6.0,0.0,1.0,0.0,0.0,0.0,0.0,0.0,0.0,0.0,0.0,0.0,0.0,"Jan 19, 2017"
3136,3203005.0,16214.0,Missan,Al-Mejar Al-Kabir,Hay al badrawi 1,حي البدراوي 1,31.5717659227,47.1682477994,5.0,30.0,0.0,0.0,0.0,0.0,0.0,0.0,0.0,0.0,4.0,0.0,0.0,0.0,0.0,0.0,1.0,0.0,0.0,0.0,0.0,3.0,0.0,0.0,0.0,0.0,0.0,0.0,2.0,0.0,0.0,2.0,0.0,0.0,0.0,0.0,0.0,0.0,0.0,0.0,0.0,0.0,1.0,0.0,2.0,1.0,2.0,2.0,0.0,2.0,0.0,0.0,0.0,0.0,0.0,0.0,0.0,0.0,"Jan 19, 2017"
3137,3203006.0,24533.0,Missan,Al-Mejar Al-Kabir,Hay Al Hassan,حي الحسن,31.5780079902,47.1795161659,5.0,30.0,0.0,0.0,1.0,0.0,0.0,0.0,0.0,0.0,1.0,0.0,0.0,0.0,3.0,0.0,0.0,0.0,0.0,0.0,0.0,1.0,0.0,0.0,0.0,0.0,0.0,0.0,4.0,0.0,0.0,4.0,0.0,0.0,0.0,0.0,0.0,0.0,0.0,0.0,0.0,0.0,0.0,0.0,4.0,0.0,1.0,4.0,0.0,1.0,0.0,0.0,0.0,0.0,0.0,0.0,0.0,0.0,"Jan 19, 2017"
3138,3203009.0,24372.0,Missan,Al-Mejar Al-Kabir,Hay Al Mulmin Al Jadid,حي المعلمين الجديد,31.5784954855,47.1653935528,4.0,24.0,0.0,0.0,0.0,0.0,0.0,0.0,0.0,0.0,0.0,0.0,0.0,0.0,4.0,0.0,0.0,0.0,0.0,0.0,0.0,1.0,0.0,0.0,0.0,0.0,0.0,0.0,0.0,0.0,0.0,0.0,0.0,0.0,3.0,0.0,0.0,3.0,0.0,0.0,0.0,0.0,2.0,0.0,1.0,2.0,1.0,1.0,0.0,1.0,0.0,0.0,0.0,0.0,0.0,0.0,0.0,0.0,"Jan 19, 2017"
3139,3203011.0,16870.0,Missan,Al-Mejar Al-Kabir,Hay Al Qudis,حي القدس,31.5756713368,47.1814311137,6.0,36.0,0.0,0.0,0.0,0.0,0.0,0.0,0.0,0.0,1.0,0.0,0.0,0.0,5.0,0.0,0.0,0.0,0.0,0.0,0.0,3.0,0.0,0.0,0.0,0.0,0.0,0.0,3.0,0.0,0.0,3.0,0.0,0.0,0.0,0.0,0.0,0.0,0.0,0.0,0.0,0.0,0.0,0.0,6.0,0.0,0.0,6.0,0.0,0.0,0.0,0.0,0.0,0.0,0.0,0.0,0.0,0.0,"Jan 19, 2017"
3140,3203013.0,16186.0,Missan,Al-Mejar Al-Kabir,Hay al saray,حي السراي,31.5765975918,47.1677317711,19.0,114.0,0.0,0.0,0.0,0.0,0.0,0.0,0.0,0.0,2.0,0.0,0.0,0.0,17.0,0.0,0.0,0.0,0.0,0.0,0.0,16.0,0.0,0.0,0.0,0.0,0.0,0.0,3.0,0.0,0.0,3.0,0.0,0.0,0.0,0.0,0.0,0.0,0.0,0.0,0.0,0.0,0.0,0.0,17.0,0.0,2.0,17.0,0.0,2.0,0.0,0.0,0.0,0.0,0.0,0.0,0.0,0.0,"Jan 19, 2017"
3141,3203016.0,16864.0,Missan,Al-Mejar Al-Kabir,Hay Al-Hasan Al-Askarey,حي الحسن العسكري,31.5890060807,47.1591255213,1.0,6.0,0.0,0.0,0.0,0.0,0.0,0.0,0.0,0.0,0.0,0.0,0.0,0.0,1.0,0.0,0.0,0.0,0.0,0.0,0.0,1.0,0.0,0.0,0.0,0.0,0.0,0.0,0.0,0.0,0.0,0.0,0.0,0.0,0.0,0.0,0.0,0.0,0.0,0.0,0.0,0.0,1.0,0.0,0.0,1.0,0.0,0.0,0.0,0.0,0.0,0.0,0.0,0.0,0.0,0.0,0.0,0.0,"Jan 19, 2017"
3142,3203017.0,15997.0,Missan,Al-Mejar Al-Kabir,Hay Al-Hussain,حي الحسين,31.5841076605,47.1745878792,1.0,6.0,0.0,0.0,0.0,0.0,0.0,0.0,0.0,0.0,1.0,0.0,0.0,0.0,0.0,0.0,0.0,0.0,0.0,0.0,0.0,1.0,0.0,0.0,0.0,0.0,0.0,0.0,0.0,0.0,0.0,0.0,0.0,0.0,0.0,0.0,0.0,0.0,0.0,0.0,0.0,0.0,0.0,0.0,1.0,0.0,0.0,1.0,0.0,0.0,0.0,0.0,0.0,0.0,0.0,0.0,0.0,0.0,"Jan 19, 2017"
3143,3203018.0,24536.0,Missan,Al-Mejar Al-Kabir,Hay Al-Hussain-Al Adil,ناحية العدل-حي الحسين,31.4879969436,47.1147961873,6.0,36.0,0.0,0.0,0.0,0.0,0.0,0.0,0.0,0.0,0.0,0.0,0.0,0.0,6.0,0.0,0.0,0.0,0.0,0.0,0.0,2.0,0.0,0.0,0.0,3.0,0.0,0.0,1.0,0.0,0.0,1.0,0.0,0.0,0.0,0.0,0.0,0.0,0.0,0.0,0.0,0.0,0.0,0.0,6.0,0.0,0.0,6.0,0.0,0.0,0.0,0.0,0.0,0.0,0.0,0.0,0.0,0.0,"Jan 19, 2017"
3144,3203020.0,16210.0,Missan,Al-Mejar Al-Kabir,Hay al-sinaah,حي الصناعه,31.5758556732,47.1591282974,7.0,42.0,0.0,0.0,0.0,0.0,0.0,0.0,0.0,0.0,3.0,0.0,0.0,0.0,4.0,0.0,0.0,0.0,0.0,0.0,0.0,3.0,0.0,3.0,0.0,0.0,3.0,0.0,1.0,0.0,0.0,1.0,0.0,0.0,0.0,0.0,0.0,0.0,0.0,0.0,0.0,0.0,0.0,0.0,3.0,0.0,4.0,3.0,0.0,4.0,0.0,0.0,0.0,0.0,0.0,0.0,0.0,0.0,"Jan 19, 2017"
3145,3203024.0,22555.0,Missan,Al-Mejar Al-Kabir,Imam Al Hussin village,قرية الامام الحسين,31.6925728136,47.154592274,3.0,18.0,0.0,0.0,0.0,0.0,0.0,0.0,0.0,0.0,3.0,0.0,0.0,0.0,0.0,0.0,0.0,0.0,0.0,0.0,0.0,1.0,0.0,0.0,0.0,0.0,0.0,0.0,2.0,0.0,0.0,2.0,0.0,0.0,0.0,0.0,0.0,0.0,0.0,0.0,0.0,0.0,2.0,0.0,0.0,2.0,1.0,0.0,0.0,1.0,0.0,0.0,0.0,0.0,0.0,0.0,0.0,0.0,"Jan 19, 2017"
3146,3203026.0,16221.0,Missan,Al-Mejar Al-Kabir,Hay Al-Risala,حي الرساله,31.4901318098,47.1165642114,1.0,6.0,0.0,0.0,0.0,0.0,0.0,0.0,0.0,0.0,1.0,0.0,0.0,0.0,0.0,0.0,0.0,0.0,0.0,0.0,0.0,0.0,0.0,0.0,0.0,0.0,0.0,0.0,1.0,0.0,0.0,1.0,0.0,0.0,0.0,0.0,0.0,0.0,0.0,0.0,0.0,0.0,1.0,0.0,0.0,1.0,0.0,0.0,0.0,0.0,0.0,0.0,0.0,0.0,0.0,0.0,0.0,0.0,"Jan 19, 2017"
3147,3204002.0,16773.0,Missan,Ali Al-Gharbi,Al-fakhriyah,الفخريه,32.4612861845,46.68892476,8.0,48.0,2.0,0.0,0.0,0.0,0.0,0.0,0.0,0.0,0.0,0.0,0.0,0.0,5.0,0.0,1.0,0.0,0.0,0.0,0.0,1.0,0.0,3.0,0.0,0.0,3.0,0.0,4.0,0.0,0.0,4.0,0.0,0.0,0.0,0.0,0.0,0.0,0.0,0.0,0.0,0.0,1.0,0.0,4.0,1.0,2.0,4.0,1.0,2.0,0.0,1.0,0.0,0.0,0.0,0.0,0.0,0.0,"Jan 19, 2017"
3148,3204003.0,16881.0,Missan,Ali Al-Gharbi,Hay Al Batool,حي البتول,32.4760191213,46.6927463388,4.0,24.0,0.0,0.0,0.0,0.0,0.0,0.0,0.0,0.0,0.0,0.0,0.0,0.0,4.0,0.0,0.0,0.0,0.0,0.0,0.0,2.0,0.0,0.0,0.0,0.0,0.0,0.0,2.0,0.0,0.0,2.0,0.0,0.0,0.0,0.0,0.0,0.0,0.0,0.0,0.0,0.0,0.0,0.0,3.0,0.0,1.0,3.0,0.0,1.0,0.0,0.0,0.0,0.0,0.0,0.0,0.0,0.0,"Jan 19, 2017"
3149,3204004.0,22047.0,Missan,Ali Al-Gharbi,Hay Al Hurria-Ali Al Sharqi,ناحية علي الشرقي-حي الحريه,32.1180353216,46.7332537701,1.0,6.0,0.0,0.0,0.0,0.0,0.0,0.0,0.0,0.0,1.0,0.0,0.0,0.0,0.0,0.0,0.0,0.0,0.0,0.0,0.0,1.0,0.0,0.0,0.0,0.0,0.0,0.0,0.0,0.0,0.0,0.0,0.0,0.0,0.0,0.0,0.0,0.0,0.0,0.0,0.0,0.0,0.0,0.0,1.0,0.0,0.0,1.0,0.0,0.0,0.0,0.0,0.0,0.0,0.0,0.0,0.0,0.0,"Jan 19, 2017"
3150,3204005.0,16883.0,Missan,Ali Al-Gharbi,Hay Al Sadir,حي الصدر,32.4630846629,46.6786714732,2.0,12.0,0.0,0.0,0.0,0.0,0.0,0.0,0.0,0.0,0.0,0.0,0.0,0.0,2.0,0.0,0.0,0.0,0.0,0.0,0.0,1.0,0.0,1.0,0.0,0.0,1.0,0.0,0.0,0.0,0.0,0.0,0.0,0.0,0.0,0.0,0.0,0.0,0.0,0.0,0.0,0.0,0.0,0.0,1.0,0.0,1.0,1.0,0.0,1.0,0.0,0.0,0.0,0.0,0.0,0.0,0.0,0.0,"Jan 19, 2017"
3151,3204006.0,22504.0,Missan,Ali Al-Gharbi,Hay Al Salam,ناحية علي الشرقي-حي السلام,32.1203880809,46.7304774912,2.0,12.0,0.0,0.0,1.0,0.0,0.0,0.0,0.0,0.0,0.0,0.0,0.0,0.0,1.0,0.0,0.0,0.0,0.0,0.0,0.0,1.0,0.0,0.0,0.0,0.0,0.0,0.0,1.0,0.0,0.0,1.0,0.0,0.0,0.0,0.0,0.0,0.0,0.0,0.0,0.0,0.0,1.0,0.0,1.0,1.0,0.0,1.0,0.0,0.0,0.0,0.0,0.0,0.0,0.0,0.0,0.0,0.0,"Jan 19, 2017"
3152,3204007.0,16833.0,Missan,Ali Al-Gharbi,Hay Al-Mualmin-Ali Al Sharqi,ناحية علي الشرقي-حي المعلمين,32.1189818443,46.7335791338,1.0,6.0,0.0,0.0,0.0,0.0,0.0,0.0,0.0,0.0,0.0,0.0,0.0,0.0,0.0,0.0,1.0,0.0,0.0,0.0,0.0,0.0,0.0,0.0,0.0,0.0,0.0,0.0,1.0,0.0,0.0,1.0,0.0,0.0,0.0,0.0,0.0,0.0,0.0,0.0,0.0,0.0,1.0,0.0,0.0,1.0,0.0,0.0,0.0,0.0,0.0,0.0,0.0,0.0,0.0,0.0,0.0,0.0,"Jan 19, 2017"
3153,3204008.0,16772.0,Missan,Ali Al-Gharbi,Hay al-qalah,حي القلعه,32.461364829,46.6921706041,1.0,6.0,0.0,0.0,0.0,0.0,0.0,0.0,0.0,0.0,0.0,0.0,0.0,0.0,1.0,0.0,0.0,0.0,0.0,0.0,0.0,0.0,0.0,0.0,0.0,0.0,0.0,0.0,1.0,0.0,0.0,1.0,0.0,0.0,0.0,0.0,0.0,0.0,0.0,0.0,0.0,0.0,0.0,0.0,1.0,0.0,0.0,1.0,0.0,0.0,0.0,0.0,0.0,0.0,0.0,0.0,0.0,0.0,"Jan 19, 2017"
3154,3204009.0,24239.0,Missan,Ali Al-Gharbi,Hay Al-Quds,ناحية علي الشرقي-حي القدس,32.1208244711,46.7387409975,2.0,12.0,0.0,0.0,1.0,0.0,0.0,0.0,0.0,0.0,0.0,0.0,0.0,0.0,1.0,0.0,0.0,0.0,0.0,0.0,0.0,0.0,0.0,1.0,0.0,0.0,1.0,0.0,1.0,0.0,0.0,1.0,0.0,0.0,0.0,0.0,0.0,0.0,0.0,0.0,0.0,0.0,1.0,0.0,1.0,1.0,0.0,1.0,0.0,0.0,0.0,0.0,0.0,0.0,0.0,0.0,0.0,0.0,"Jan 19, 2017"
3155,3204010.0,16779.0,Missan,Ali Al-Gharbi,Hay Al-Zahraa,حي الزهراء,32.4703658129,46.6876218721,2.0,12.0,0.0,0.0,0.0,0.0,0.0,0.0,0.0,0.0,0.0,0.0,0.0,0.0,2.0,0.0,0.0,0.0,0.0,0.0,0.0,2.0,0.0,0.0,0.0,0.0,0.0,0.0,0.0,0.0,0.0,0.0,0.0,0.0,0.0,0.0,0.0,0.0,0.0,0.0,0.0,0.0,0.0,0.0,0.0,0.0,2.0,0.0,0.0,2.0,0.0,0.0,0.0,0.0,0.0,0.0,0.0,0.0,"Jan 19, 2017"
3156,3204011.0,16834.0,Missan,Ali Al-Gharbi,Hay Ramadhan-Ali Al Sharqi,ناحية علي الشرقي-حي رمضان,32.1240153119,46.7347364104,1.0,6.0,0.0,0.0,0.0,0.0,0.0,0.0,0.0,0.0,0.0,0.0,0.0,0.0,1.0,0.0,0.0,0.0,0.0,0.0,0.0,0.0,0.0,0.0,0.0,0.0,0.0,0.0,1.0,0.0,0.0,1.0,0.0,0.0,0.0,0.0,0.0,0.0,0.0,0.0,0.0,0.0,0.0,0.0,1.0,0.0,0.0,1.0,0.0,0.0,0.0,0.0,0.0,0.0,0.0,0.0,0.0,0.0,"Jan 19, 2017"
3157,3204012.0,15808.0,Missan,Ali Al-Gharbi,Najadiya,حي النجيديه,32.4782765212,46.6844933275,3.0,18.0,0.0,0.0,0.0,0.0,0.0,0.0,0.0,0.0,0.0,0.0,0.0,0.0,1.0,0.0,2.0,0.0,0.0,0.0,0.0,2.0,0.0,0.0,0.0,0.0,0.0,0.0,1.0,0.0,0.0,1.0,0.0,0.0,0.0,0.0,0.0,0.0,0.0,0.0,0.0,0.0,2.0,0.0,0.0,2.0,0.0,0.0,1.0,0.0,0.0,1.0,0.0,0.0,0.0,0.0,0.0,0.0,"Jan 19, 2017"
3158,3205001.0,24808.0,Missan,Amara,Eye of Missan,عيون ميسان,31.884478787,47.1678702906,120.0,720.0,0.0,0.0,0.0,0.0,0.0,1.0,0.0,0.0,2.0,0.0,0.0,0.0,116.0,0.0,1.0,0.0,0.0,0.0,120.0,0.0,0.0,0.0,0.0,0.0,0.0,0.0,0.0,0.0,0.0,0.0,0.0,0.0,0.0,0.0,0.0,0.0,0.0,0.0,0.0,0.0,22.0,0.0,82.0,22.0,15.0,82.0,1.0,15.0,0.0,1.0,0.0,0.0,0.0,0.0,0.0,0.0,"Jan 19, 2017"
3159,3205002.0,24532.0,Missan,Amara,Al Hay Al JameI,الحي الجامعي,31.8070592126,47.1783002623,252.0,1512.0,19.0,1.0,0.0,0.0,0.0,2.0,0.0,0.0,12.0,0.0,0.0,0.0,197.0,0.0,21.0,0.0,0.0,0.0,0.0,79.0,0.0,0.0,0.0,0.0,0.0,0.0,148.0,0.0,0.0,148.0,0.0,0.0,25.0,0.0,0.0,25.0,0.0,0.0,3.0,0.0,61.0,3.0,113.0,61.0,64.0,113.0,9.0,64.0,0.0,9.0,2.0,0.0,0.0,2.0,0.0,0.0,"Jan 19, 2017"
3160,3205003.0,21620.0,Missan,Amara,Al Mudathra,قرية المدثره ,31.7857350975,47.1861363578,3.0,18.0,0.0,0.0,0.0,0.0,0.0,0.0,0.0,0.0,0.0,0.0,0.0,0.0,3.0,0.0,0.0,0.0,0.0,0.0,0.0,1.0,0.0,0.0,0.0,0.0,0.0,0.0,2.0,0.0,0.0,2.0,0.0,0.0,0.0,0.0,0.0,0.0,0.0,0.0,0.0,0.0,1.0,0.0,2.0,1.0,0.0,2.0,0.0,0.0,0.0,0.0,0.0,0.0,0.0,0.0,0.0,0.0,"Jan 19, 2017"
3161,3205005.0,24291.0,Missan,Amara,Al Rahma 2,حي الرحمه 2,31.8863477489,47.1658789459,2.0,12.0,0.0,0.0,0.0,0.0,0.0,0.0,0.0,0.0,0.0,0.0,0.0,0.0,2.0,0.0,0.0,0.0,0.0,0.0,0.0,0.0,0.0,0.0,0.0,0.0,0.0,0.0,2.0,0.0,0.0,2.0,0.0,0.0,0.0,0.0,0.0,0.0,0.0,0.0,0.0,0.0,1.0,0.0,0.0,1.0,1.0,0.0,0.0,1.0,0.0,0.0,0.0,0.0,0.0,0.0,0.0,0.0,"Jan 19, 2017"
3162,3205006.0,22208.0,Missan,Amara,Al Salam,حي السلام,31.8781183893,47.1473461086,25.0,150.0,0.0,0.0,1.0,0.0,0.0,0.0,0.0,0.0,19.0,0.0,0.0,0.0,5.0,0.0,0.0,0.0,0.0,0.0,0.0,13.0,0.0,1.0,0.0,0.0,1.0,0.0,11.0,0.0,0.0,11.0,0.0,0.0,0.0,0.0,0.0,0.0,0.0,0.0,1.0,0.0,6.0,1.0,10.0,6.0,8.0,10.0,0.0,8.0,0.0,0.0,0.0,0.0,0.0,0.0,0.0,0.0,"Jan 19, 2017"
3163,3205007.0,22740.0,Missan,Amara,Al-Amara-Albu Ali,ناحية كميت-قرية البو علي,32.0014043362,46.8955877956,2.0,12.0,0.0,0.0,0.0,0.0,0.0,0.0,0.0,0.0,0.0,0.0,0.0,0.0,2.0,0.0,0.0,0.0,0.0,0.0,0.0,2.0,0.0,0.0,0.0,0.0,0.0,0.0,0.0,0.0,0.0,0.0,0.0,0.0,0.0,0.0,0.0,0.0,0.0,0.0,0.0,0.0,0.0,0.0,0.0,0.0,2.0,0.0,0.0,2.0,0.0,0.0,0.0,0.0,0.0,0.0,0.0,0.0,"Jan 19, 2017"
3164,3205008.0,24416.0,Missan,Amara,Al-Imarat Al Jadeda,العمارات الجديده,31.8438911811,47.125409916,2.0,12.0,0.0,0.0,0.0,0.0,0.0,0.0,0.0,0.0,0.0,0.0,0.0,0.0,1.0,0.0,1.0,0.0,0.0,0.0,0.0,0.0,0.0,0.0,0.0,0.0,0.0,0.0,2.0,0.0,0.0,2.0,0.0,0.0,0.0,0.0,0.0,0.0,0.0,0.0,0.0,0.0,1.0,0.0,1.0,1.0,0.0,1.0,0.0,0.0,0.0,0.0,0.0,0.0,0.0,0.0,0.0,0.0,"Jan 19, 2017"
3165,3205009.0,24290.0,Missan,Amara,Al-Rahma 1,حي الرحمه 1,31.8901408229,47.1269619025,4.0,24.0,0.0,0.0,1.0,0.0,0.0,0.0,0.0,0.0,0.0,0.0,0.0,0.0,2.0,0.0,1.0,0.0,0.0,0.0,0.0,1.0,0.0,0.0,0.0,0.0,0.0,0.0,3.0,0.0,0.0,3.0,0.0,0.0,0.0,0.0,0.0,0.0,0.0,0.0,0.0,0.0,0.0,0.0,1.0,0.0,3.0,1.0,0.0,3.0,0.0,0.0,0.0,0.0,0.0,0.0,0.0,0.0,"Jan 19, 2017"
3166,3205010.0,16835.0,Missan,Amara,Hay 15 Sahaban,حي 15 شعبان,31.8449049303,47.1328791225,27.0,162.0,1.0,3.0,0.0,0.0,0.0,0.0,0.0,0.0,1.0,0.0,0.0,0.0,16.0,0.0,6.0,0.0,0.0,0.0,0.0,19.0,0.0,0.0,0.0,0.0,0.0,0.0,8.0,0.0,0.0,8.0,0.0,0.0,0.0,0.0,0.0,0.0,0.0,0.0,4.0,0.0,10.0,4.0,12.0,10.0,0.0,12.0,1.0,0.0,0.0,1.0,0.0,0.0,0.0,0.0,0.0,0.0,"Jan 19, 2017"
3167,3205011.0,24289.0,Missan,Amara,Hay 17 Rabe Al Awal,حي 17 ربيع الاول,31.8434987823,47.1377398632,3.0,18.0,0.0,0.0,0.0,0.0,0.0,1.0,0.0,0.0,0.0,0.0,0.0,0.0,1.0,0.0,1.0,0.0,0.0,0.0,0.0,2.0,0.0,0.0,0.0,0.0,0.0,0.0,1.0,0.0,0.0,1.0,0.0,0.0,0.0,0.0,0.0,0.0,0.0,0.0,0.0,0.0,2.0,0.0,0.0,2.0,1.0,0.0,0.0,1.0,0.0,0.0,0.0,0.0,0.0,0.0,0.0,0.0,"Jan 19, 2017"
3168,3205012.0,24370.0,Missan,Amara,Hay Al Baqer,حي الباقر,31.8325571297,47.1156913508,10.0,60.0,2.0,0.0,0.0,0.0,0.0,2.0,0.0,0.0,0.0,0.0,0.0,0.0,6.0,0.0,0.0,0.0,0.0,0.0,0.0,4.0,0.0,1.0,0.0,0.0,1.0,0.0,5.0,0.0,0.0,5.0,0.0,0.0,0.0,0.0,0.0,0.0,0.0,0.0,2.0,0.0,1.0,2.0,6.0,1.0,1.0,6.0,0.0,1.0,0.0,0.0,0.0,0.0,0.0,0.0,0.0,0.0,"Jan 19, 2017"
3169,3205013.0,16889.0,Missan,Amara,Hay Al Hussain-Al Kumayt,ناحية كميت-حي الحسين,32.034983394,46.8756388477,8.0,48.0,0.0,0.0,0.0,0.0,0.0,0.0,0.0,0.0,1.0,0.0,0.0,0.0,7.0,0.0,0.0,0.0,0.0,0.0,0.0,2.0,0.0,0.0,0.0,0.0,0.0,0.0,6.0,0.0,0.0,6.0,0.0,0.0,0.0,0.0,0.0,0.0,0.0,0.0,0.0,0.0,1.0,0.0,7.0,1.0,0.0,7.0,0.0,0.0,0.0,0.0,0.0,0.0,0.0,0.0,0.0,0.0,"Jan 19, 2017"
3170,3205014.0,24369.0,Missan,Amara,Hay Al Jamaiat,حي الجمعيات,31.8720394559,47.1212240774,1.0,6.0,0.0,0.0,0.0,0.0,0.0,0.0,0.0,0.0,0.0,0.0,0.0,0.0,1.0,0.0,0.0,0.0,0.0,0.0,0.0,0.0,0.0,0.0,0.0,0.0,0.0,0.0,1.0,0.0,0.0,1.0,0.0,0.0,0.0,0.0,0.0,0.0,0.0,0.0,0.0,0.0,0.0,0.0,1.0,0.0,0.0,1.0,0.0,0.0,0.0,0.0,0.0,0.0,0.0,0.0,0.0,0.0,"Jan 19, 2017"
3171,3205015.0,20842.0,Missan,Amara,Hay Al Jawadain,حي الجوادين,31.8258444825,47.1677457355,1.0,6.0,0.0,0.0,0.0,0.0,0.0,0.0,0.0,0.0,0.0,0.0,0.0,0.0,1.0,0.0,0.0,0.0,0.0,0.0,0.0,0.0,0.0,0.0,0.0,0.0,0.0,0.0,1.0,0.0,0.0,1.0,0.0,0.0,0.0,0.0,0.0,0.0,0.0,0.0,0.0,0.0,0.0,0.0,1.0,0.0,0.0,1.0,0.0,0.0,0.0,0.0,0.0,0.0,0.0,0.0,0.0,0.0,"Jan 19, 2017"
3172,3205016.0,16505.0,Missan,Amara,Hay al jidedah,حي الجديده,31.8433001273,47.1524492375,1.0,6.0,0.0,0.0,0.0,0.0,0.0,0.0,0.0,0.0,0.0,0.0,0.0,0.0,0.0,0.0,1.0,0.0,0.0,0.0,0.0,0.0,0.0,0.0,0.0,0.0,0.0,0.0,1.0,0.0,0.0,1.0,0.0,0.0,0.0,0.0,0.0,0.0,0.0,0.0,0.0,0.0,0.0,0.0,0.0,0.0,1.0,0.0,0.0,1.0,0.0,0.0,0.0,0.0,0.0,0.0,0.0,0.0,"Jan 19, 2017"
3173,3205017.0,24371.0,Missan,Amara,Hay Al Jihad,حي الجهاد,31.862702257,47.1753804396,1.0,6.0,0.0,0.0,0.0,0.0,0.0,0.0,0.0,0.0,1.0,0.0,0.0,0.0,0.0,0.0,0.0,0.0,0.0,0.0,0.0,1.0,0.0,0.0,0.0,0.0,0.0,0.0,0.0,0.0,0.0,0.0,0.0,0.0,0.0,0.0,0.0,0.0,0.0,0.0,0.0,0.0,0.0,0.0,1.0,0.0,0.0,1.0,0.0,0.0,0.0,0.0,0.0,0.0,0.0,0.0,0.0,0.0,"Jan 19, 2017"
3174,3205018.0,16568.0,Missan,Amara,Hay al karamah,حي الكرامه,31.8602720448,47.1590430879,4.0,24.0,3.0,0.0,0.0,0.0,0.0,0.0,0.0,0.0,0.0,0.0,0.0,0.0,1.0,0.0,0.0,0.0,0.0,0.0,0.0,2.0,0.0,0.0,0.0,0.0,0.0,0.0,1.0,0.0,0.0,1.0,0.0,0.0,0.0,0.0,1.0,0.0,0.0,1.0,1.0,0.0,0.0,1.0,0.0,0.0,1.0,0.0,2.0,1.0,0.0,2.0,0.0,0.0,0.0,0.0,0.0,0.0,"Jan 19, 2017"
3175,3205019.0,20844.0,Missan,Amara,Hay Al Karar,حي الكرار,31.8498908635,47.1203487964,14.0,84.0,1.0,0.0,2.0,0.0,0.0,0.0,0.0,0.0,6.0,0.0,0.0,0.0,5.0,0.0,0.0,0.0,0.0,0.0,0.0,6.0,0.0,2.0,0.0,0.0,2.0,0.0,6.0,0.0,0.0,6.0,0.0,0.0,0.0,0.0,0.0,0.0,0.0,0.0,1.0,0.0,8.0,1.0,3.0,8.0,2.0,3.0,0.0,2.0,0.0,0.0,0.0,0.0,0.0,0.0,0.0,0.0,"Jan 19, 2017"
3176,3205020.0,24781.0,Missan,Amara,Hay Al Khalij,حي الخليج,31.8351626024,47.1211537533,6.0,36.0,0.0,0.0,0.0,0.0,0.0,0.0,0.0,0.0,1.0,0.0,0.0,0.0,5.0,0.0,0.0,0.0,0.0,0.0,0.0,4.0,0.0,0.0,0.0,0.0,0.0,0.0,2.0,0.0,0.0,2.0,0.0,0.0,0.0,0.0,0.0,0.0,0.0,0.0,1.0,0.0,2.0,1.0,3.0,2.0,0.0,3.0,0.0,0.0,0.0,0.0,0.0,0.0,0.0,0.0,0.0,0.0,"Jan 19, 2017"
3177,3205021.0,16499.0,Missan,Amara,Hay al moaalimen al-qadem,حي المعلمين القديم,31.8359041074,47.1360644884,4.0,24.0,1.0,0.0,0.0,0.0,0.0,1.0,0.0,0.0,0.0,0.0,0.0,0.0,2.0,0.0,0.0,0.0,0.0,0.0,0.0,1.0,0.0,0.0,0.0,0.0,0.0,0.0,3.0,0.0,0.0,3.0,0.0,0.0,0.0,0.0,0.0,0.0,0.0,0.0,0.0,0.0,2.0,0.0,1.0,2.0,1.0,1.0,0.0,1.0,0.0,0.0,0.0,0.0,0.0,0.0,0.0,0.0,"Jan 19, 2017"
3178,3205022.0,24292.0,Missan,Amara,Hay Al Mulmin Al Jadid,حي المعلمين الجديد,31.8643097486,47.1416946128,3.0,18.0,1.0,0.0,0.0,0.0,0.0,0.0,0.0,0.0,0.0,0.0,0.0,0.0,0.0,0.0,2.0,0.0,0.0,0.0,0.0,1.0,0.0,2.0,0.0,0.0,2.0,0.0,0.0,0.0,0.0,0.0,0.0,0.0,0.0,0.0,0.0,0.0,0.0,0.0,0.0,0.0,2.0,0.0,0.0,2.0,1.0,0.0,0.0,1.0,0.0,0.0,0.0,0.0,0.0,0.0,0.0,0.0,"Jan 19, 2017"
3179,3205023.0,24633.0,Missan,Amara,Hay Al Nour-Kamit area,ناحية كميت-حي النور,32.0291872698,46.8752024923,11.0,66.0,0.0,0.0,0.0,0.0,0.0,0.0,0.0,0.0,0.0,0.0,0.0,0.0,11.0,0.0,0.0,0.0,0.0,0.0,0.0,0.0,0.0,0.0,0.0,0.0,0.0,0.0,0.0,0.0,0.0,0.0,0.0,0.0,11.0,0.0,0.0,11.0,0.0,0.0,0.0,0.0,0.0,0.0,11.0,0.0,0.0,11.0,0.0,0.0,0.0,0.0,0.0,0.0,0.0,0.0,0.0,0.0,"Jan 19, 2017"
3180,3205024.0,16487.0,Missan,Amara,Hay al-qaherah,حي القاهره,31.83032264,47.1451597754,4.0,24.0,0.0,0.0,0.0,0.0,0.0,0.0,0.0,0.0,0.0,0.0,0.0,0.0,4.0,0.0,0.0,0.0,0.0,0.0,0.0,1.0,0.0,1.0,0.0,0.0,1.0,0.0,2.0,0.0,0.0,2.0,0.0,0.0,0.0,0.0,0.0,0.0,0.0,0.0,0.0,0.0,0.0,0.0,4.0,0.0,0.0,4.0,0.0,0.0,0.0,0.0,0.0,0.0,0.0,0.0,0.0,0.0,"Jan 19, 2017"
3181,3205026.0,15991.0,Missan,Amara,Hay Al Rasool,حي الرسول,31.8191876588,47.1199329147,18.0,108.0,0.0,0.0,0.0,0.0,0.0,0.0,0.0,0.0,3.0,0.0,0.0,0.0,15.0,0.0,0.0,0.0,0.0,0.0,0.0,8.0,0.0,1.0,0.0,0.0,1.0,0.0,9.0,0.0,0.0,9.0,0.0,0.0,0.0,0.0,0.0,0.0,0.0,0.0,0.0,0.0,4.0,0.0,7.0,4.0,7.0,7.0,0.0,7.0,0.0,0.0,0.0,0.0,0.0,0.0,0.0,0.0,"Jan 19, 2017"
3182,3205027.0,22897.0,Missan,Amara,Hay Al Shuhada-Al Komait,ناحية كميت-حي الشهداء,32.0315726924,46.8754316708,2.0,12.0,0.0,0.0,0.0,0.0,0.0,0.0,0.0,0.0,0.0,0.0,0.0,0.0,2.0,0.0,0.0,0.0,0.0,0.0,0.0,0.0,0.0,0.0,0.0,0.0,0.0,0.0,2.0,0.0,0.0,2.0,0.0,0.0,0.0,0.0,0.0,0.0,0.0,0.0,0.0,0.0,0.0,0.0,2.0,0.0,0.0,2.0,0.0,0.0,0.0,0.0,0.0,0.0,0.0,0.0,0.0,0.0,"Jan 19, 2017"
3183,3205029.0,16859.0,Missan,Amara,Hay Al Urooba,حي العروبه,31.8498836551,47.1624499653,4.0,24.0,0.0,0.0,0.0,0.0,0.0,0.0,0.0,0.0,0.0,0.0,0.0,0.0,4.0,0.0,0.0,0.0,0.0,0.0,0.0,0.0,0.0,0.0,0.0,0.0,0.0,3.0,1.0,3.0,0.0,1.0,0.0,0.0,0.0,0.0,0.0,0.0,0.0,0.0,0.0,0.0,1.0,0.0,3.0,1.0,0.0,3.0,0.0,0.0,0.0,0.0,0.0,0.0,0.0,0.0,0.0,0.0,"Jan 19, 2017"
3184,3205030.0,16473.0,Missan,Amara,Hay al-wehdah,حي الوحده,31.8188527599,47.1308543812,4.0,24.0,0.0,0.0,0.0,0.0,0.0,0.0,0.0,0.0,0.0,0.0,0.0,0.0,4.0,0.0,0.0,0.0,0.0,0.0,0.0,3.0,0.0,0.0,0.0,0.0,0.0,0.0,1.0,0.0,0.0,1.0,0.0,0.0,0.0,0.0,0.0,0.0,0.0,0.0,0.0,0.0,1.0,0.0,3.0,1.0,0.0,3.0,0.0,0.0,0.0,0.0,0.0,0.0,0.0,0.0,0.0,0.0,"Jan 19, 2017"
3185,3205031.0,16825.0,Missan,Amara,Hay Al-Ameer,حي الامير,31.8275145348,47.1200443085,8.0,48.0,1.0,0.0,4.0,0.0,0.0,0.0,0.0,0.0,1.0,0.0,0.0,0.0,1.0,0.0,1.0,0.0,0.0,0.0,0.0,3.0,0.0,1.0,0.0,0.0,1.0,0.0,4.0,0.0,0.0,4.0,0.0,0.0,0.0,0.0,0.0,0.0,0.0,0.0,0.0,0.0,4.0,0.0,1.0,4.0,3.0,1.0,0.0,3.0,0.0,0.0,0.0,0.0,0.0,0.0,0.0,0.0,"Jan 19, 2017"
3186,3205033.0,16830.0,Missan,Amara,Hay Al-Amen,حي الامين,31.8247607863,47.1441023983,1.0,6.0,0.0,0.0,0.0,0.0,0.0,0.0,0.0,0.0,0.0,0.0,0.0,0.0,1.0,0.0,0.0,0.0,0.0,0.0,0.0,0.0,0.0,0.0,0.0,0.0,0.0,0.0,1.0,0.0,0.0,1.0,0.0,0.0,0.0,0.0,0.0,0.0,0.0,0.0,0.0,0.0,0.0,0.0,1.0,0.0,0.0,1.0,0.0,0.0,0.0,0.0,0.0,0.0,0.0,0.0,0.0,0.0,"Jan 19, 2017"
3187,3205034.0,16846.0,Missan,Amara,Hay Al-Amil,حي العامل,31.8281291491,47.1642180285,2.0,12.0,1.0,1.0,0.0,0.0,0.0,0.0,0.0,0.0,0.0,0.0,0.0,0.0,0.0,0.0,0.0,0.0,0.0,0.0,0.0,0.0,0.0,0.0,0.0,0.0,0.0,0.0,2.0,0.0,0.0,2.0,0.0,0.0,0.0,0.0,0.0,0.0,0.0,0.0,0.0,0.0,0.0,0.0,1.0,0.0,0.0,1.0,1.0,0.0,0.0,1.0,0.0,0.0,0.0,0.0,0.0,0.0,"Jan 19, 2017"
3188,3205035.0,16822.0,Missan,Amara,Hay Al-Dafas,قرية الدفاس,31.8552482827,47.1193944274,5.0,30.0,0.0,0.0,5.0,0.0,0.0,0.0,0.0,0.0,0.0,0.0,0.0,0.0,0.0,0.0,0.0,0.0,0.0,0.0,0.0,0.0,0.0,5.0,0.0,0.0,5.0,0.0,0.0,0.0,0.0,0.0,0.0,0.0,0.0,0.0,0.0,0.0,0.0,0.0,0.0,0.0,5.0,0.0,0.0,5.0,0.0,0.0,0.0,0.0,0.0,0.0,0.0,0.0,0.0,0.0,0.0,0.0,"Jan 19, 2017"
3189,3205036.0,23872.0,Missan,Amara,Hay Al-Dawanim,حي الدوانم,31.8406441156,47.1099835262,8.0,48.0,0.0,1.0,0.0,0.0,0.0,1.0,0.0,0.0,1.0,0.0,0.0,0.0,5.0,0.0,0.0,0.0,0.0,0.0,0.0,4.0,0.0,0.0,0.0,0.0,0.0,0.0,4.0,0.0,0.0,4.0,0.0,0.0,0.0,0.0,0.0,0.0,0.0,0.0,0.0,0.0,1.0,0.0,3.0,1.0,4.0,3.0,0.0,4.0,0.0,0.0,0.0,0.0,0.0,0.0,0.0,0.0,"Jan 19, 2017"
3190,3205037.0,16497.0,Missan,Amara,Hay aleskan,حي الاسكان,31.8360005831,47.1450232342,5.0,30.0,0.0,0.0,0.0,0.0,0.0,0.0,0.0,0.0,1.0,0.0,0.0,0.0,4.0,0.0,0.0,0.0,0.0,0.0,0.0,1.0,0.0,0.0,0.0,0.0,0.0,0.0,4.0,0.0,0.0,4.0,0.0,0.0,0.0,0.0,0.0,0.0,0.0,0.0,0.0,0.0,0.0,0.0,4.0,0.0,1.0,4.0,0.0,1.0,0.0,0.0,0.0,0.0,0.0,0.0,0.0,0.0,"Jan 19, 2017"
3191,3205039.0,16816.0,Missan,Amara,Hay Al-Ghader,حي الغدير,31.8648203345,47.1536490434,13.0,78.0,4.0,0.0,1.0,0.0,0.0,1.0,0.0,0.0,5.0,0.0,0.0,0.0,1.0,0.0,1.0,0.0,0.0,0.0,0.0,7.0,0.0,2.0,0.0,0.0,2.0,0.0,4.0,0.0,0.0,4.0,0.0,0.0,0.0,0.0,0.0,0.0,0.0,0.0,4.0,0.0,2.0,4.0,4.0,2.0,3.0,4.0,0.0,3.0,0.0,0.0,0.0,0.0,0.0,0.0,0.0,0.0,"Jan 19, 2017"
3192,3205040.0,24547.0,Missan,Amara,Hay Al-Hadi,حي الهادي,31.8305884302,47.1346074622,6.0,36.0,0.0,0.0,0.0,0.0,0.0,0.0,0.0,0.0,1.0,0.0,0.0,0.0,4.0,0.0,1.0,0.0,0.0,0.0,0.0,2.0,0.0,0.0,0.0,0.0,0.0,0.0,4.0,0.0,0.0,4.0,0.0,0.0,0.0,0.0,0.0,0.0,0.0,0.0,0.0,0.0,2.0,0.0,3.0,2.0,1.0,3.0,0.0,1.0,0.0,0.0,0.0,0.0,0.0,0.0,0.0,0.0,"Jan 19, 2017"
3193,3205041.0,16808.0,Missan,Amara,Hay Al-Hasan Al-Askry,حي الحسن العسكري,31.8214932238,47.1706801095,10.0,60.0,0.0,0.0,0.0,0.0,0.0,1.0,0.0,0.0,0.0,0.0,0.0,0.0,5.0,0.0,4.0,0.0,0.0,0.0,0.0,5.0,0.0,3.0,0.0,0.0,3.0,0.0,2.0,0.0,0.0,2.0,0.0,0.0,0.0,0.0,0.0,0.0,0.0,0.0,0.0,0.0,5.0,0.0,2.0,5.0,1.0,2.0,2.0,1.0,0.0,2.0,0.0,0.0,0.0,0.0,0.0,0.0,"Jan 19, 2017"
3194,3205042.0,16552.0,Missan,Amara,Hay al-hussain al-jaded,حي الحسين الجديد,31.8371354625,47.1716920698,6.0,36.0,0.0,0.0,1.0,0.0,0.0,0.0,0.0,0.0,3.0,0.0,0.0,0.0,2.0,0.0,0.0,0.0,0.0,0.0,0.0,2.0,0.0,0.0,0.0,0.0,0.0,0.0,4.0,0.0,0.0,4.0,0.0,0.0,0.0,0.0,0.0,0.0,0.0,0.0,0.0,0.0,4.0,0.0,1.0,4.0,1.0,1.0,0.0,1.0,0.0,0.0,0.0,0.0,0.0,0.0,0.0,0.0,"Jan 19, 2017"
3195,3205043.0,16532.0,Missan,Amara,Hay Al-hussan Al-qadem,حي الحسين القديم,31.836854741,47.1609145682,2.0,12.0,0.0,0.0,0.0,0.0,0.0,0.0,0.0,0.0,1.0,0.0,0.0,0.0,1.0,0.0,0.0,0.0,0.0,0.0,0.0,1.0,0.0,0.0,0.0,0.0,0.0,0.0,1.0,0.0,0.0,1.0,0.0,0.0,0.0,0.0,0.0,0.0,0.0,0.0,0.0,0.0,1.0,0.0,1.0,1.0,0.0,1.0,0.0,0.0,0.0,0.0,0.0,0.0,0.0,0.0,0.0,0.0,"Jan 19, 2017"
3196,3205045.0,16852.0,Missan,Amara,Hay Al-Kafat,حي الكفاءات,31.8475930486,47.1405719407,8.0,48.0,0.0,0.0,0.0,0.0,0.0,0.0,0.0,0.0,1.0,0.0,0.0,0.0,7.0,0.0,0.0,0.0,0.0,0.0,0.0,6.0,0.0,0.0,0.0,0.0,0.0,0.0,2.0,0.0,0.0,2.0,0.0,0.0,0.0,0.0,0.0,0.0,0.0,0.0,1.0,0.0,2.0,1.0,4.0,2.0,1.0,4.0,0.0,1.0,0.0,0.0,0.0,0.0,0.0,0.0,0.0,0.0,"Jan 19, 2017"
3197,3205046.0,16836.0,Missan,Amara,Hay Al-Khadhraa,حي الخضراء,31.8420063425,47.1269977,1.0,6.0,0.0,0.0,0.0,0.0,0.0,1.0,0.0,0.0,0.0,0.0,0.0,0.0,0.0,0.0,0.0,0.0,0.0,0.0,0.0,1.0,0.0,0.0,0.0,0.0,0.0,0.0,0.0,0.0,0.0,0.0,0.0,0.0,0.0,0.0,0.0,0.0,0.0,0.0,0.0,0.0,0.0,0.0,1.0,0.0,0.0,1.0,0.0,0.0,0.0,0.0,0.0,0.0,0.0,0.0,0.0,0.0,"Jan 19, 2017"
3198,3205047.0,16807.0,Missan,Amara,Hay Al-Mahmoudia,حي المحموديه,31.8466202182,47.1543487434,22.0,132.0,11.0,0.0,0.0,0.0,0.0,0.0,0.0,0.0,1.0,0.0,0.0,0.0,5.0,0.0,5.0,0.0,0.0,0.0,0.0,7.0,0.0,0.0,0.0,0.0,0.0,1.0,14.0,1.0,0.0,14.0,0.0,0.0,0.0,0.0,0.0,0.0,0.0,0.0,0.0,0.0,2.0,0.0,8.0,2.0,5.0,8.0,7.0,5.0,0.0,7.0,0.0,0.0,0.0,0.0,0.0,0.0,"Jan 19, 2017"
3199,3205048.0,16850.0,Missan,Amara,Hay Al-Montadhar,حي المنتظر,31.8248253688,47.1267929481,3.0,18.0,0.0,1.0,0.0,0.0,0.0,0.0,0.0,0.0,1.0,0.0,0.0,0.0,1.0,0.0,0.0,0.0,0.0,0.0,0.0,0.0,0.0,0.0,0.0,0.0,0.0,0.0,2.0,0.0,0.0,2.0,0.0,0.0,1.0,0.0,0.0,1.0,0.0,0.0,0.0,0.0,1.0,0.0,2.0,1.0,0.0,2.0,0.0,0.0,0.0,0.0,0.0,0.0,0.0,0.0,0.0,0.0,"Jan 19, 2017"
3200,3205049.0,16845.0,Missan,Amara,Hay Al-Nafot,حي النفط,31.8231898686,47.1551228905,3.0,18.0,0.0,0.0,0.0,0.0,0.0,0.0,0.0,0.0,0.0,0.0,0.0,0.0,0.0,0.0,3.0,0.0,0.0,0.0,0.0,1.0,0.0,0.0,0.0,0.0,0.0,0.0,2.0,0.0,0.0,2.0,0.0,0.0,0.0,0.0,0.0,0.0,0.0,0.0,0.0,0.0,1.0,0.0,1.0,1.0,1.0,1.0,0.0,1.0,0.0,0.0,0.0,0.0,0.0,0.0,0.0,0.0,"Jan 19, 2017"
3201,3205050.0,16851.0,Missan,Amara,Hay Al-Rafidain,حي الرافدين,31.8527225638,47.152801808,3.0,18.0,0.0,0.0,0.0,0.0,0.0,0.0,0.0,0.0,2.0,0.0,0.0,0.0,0.0,0.0,1.0,0.0,0.0,0.0,0.0,1.0,0.0,0.0,0.0,0.0,0.0,0.0,2.0,0.0,0.0,2.0,0.0,0.0,0.0,0.0,0.0,0.0,0.0,0.0,0.0,0.0,0.0,0.0,1.0,0.0,2.0,1.0,0.0,2.0,0.0,0.0,0.0,0.0,0.0,0.0,0.0,0.0,"Jan 19, 2017"
3202,3205051.0,16809.0,Missan,Amara,Hay Al-Risala,حي الرسالة,31.8261021841,47.137989644,2.0,12.0,0.0,0.0,0.0,0.0,0.0,0.0,0.0,0.0,0.0,0.0,0.0,0.0,2.0,0.0,0.0,0.0,0.0,0.0,0.0,0.0,0.0,0.0,0.0,0.0,0.0,0.0,0.0,0.0,0.0,0.0,0.0,0.0,2.0,0.0,0.0,2.0,0.0,0.0,0.0,0.0,0.0,0.0,2.0,0.0,0.0,2.0,0.0,0.0,0.0,0.0,0.0,0.0,0.0,0.0,0.0,0.0,"Jan 19, 2017"
3203,3205052.0,16817.0,Missan,Amara,Hay Al-Sadiq,حي الصادق,31.8609316264,47.168568878,9.0,54.0,1.0,0.0,1.0,0.0,0.0,0.0,0.0,0.0,3.0,0.0,0.0,0.0,4.0,0.0,0.0,0.0,0.0,0.0,0.0,6.0,0.0,1.0,0.0,0.0,1.0,0.0,2.0,0.0,0.0,2.0,0.0,0.0,0.0,0.0,0.0,0.0,0.0,0.0,0.0,0.0,1.0,0.0,4.0,1.0,3.0,4.0,1.0,3.0,0.0,1.0,0.0,0.0,0.0,0.0,0.0,0.0,"Jan 19, 2017"
3204,3205054.0,16848.0,Missan,Amara,Hay Al-Shahedain,حي الشهيدين,31.8455808889,47.1217170171,4.0,24.0,1.0,0.0,1.0,0.0,0.0,0.0,0.0,0.0,1.0,0.0,0.0,0.0,1.0,0.0,0.0,0.0,0.0,0.0,0.0,3.0,0.0,0.0,0.0,0.0,0.0,0.0,1.0,0.0,0.0,1.0,0.0,0.0,0.0,0.0,0.0,0.0,0.0,0.0,0.0,0.0,3.0,0.0,1.0,3.0,0.0,1.0,0.0,0.0,0.0,0.0,0.0,0.0,0.0,0.0,0.0,0.0,"Jan 19, 2017"
3205,3205055.0,16593.0,Missan,Amara,Hay Al-Shuhadaa,حي الشهداء,31.8692535876,47.1288836884,13.0,78.0,1.0,0.0,0.0,0.0,0.0,1.0,0.0,0.0,1.0,0.0,0.0,0.0,9.0,0.0,1.0,0.0,0.0,0.0,0.0,5.0,0.0,0.0,0.0,0.0,0.0,0.0,8.0,0.0,0.0,8.0,0.0,0.0,0.0,0.0,0.0,0.0,0.0,0.0,0.0,0.0,2.0,0.0,0.0,2.0,10.0,0.0,1.0,10.0,0.0,1.0,0.0,0.0,0.0,0.0,0.0,0.0,"Jan 19, 2017"
3206,3205057.0,16457.0,Missan,Amara,Hay al-yarmok,حي اليرموك,31.8466974003,47.1526435576,2.0,12.0,1.0,0.0,0.0,0.0,0.0,0.0,0.0,0.0,0.0,0.0,0.0,0.0,1.0,0.0,0.0,0.0,0.0,0.0,0.0,1.0,0.0,0.0,0.0,0.0,0.0,0.0,1.0,0.0,0.0,1.0,0.0,0.0,0.0,0.0,0.0,0.0,0.0,0.0,0.0,0.0,1.0,0.0,0.0,1.0,0.0,0.0,0.0,0.0,1.0,0.0,0.0,1.0,0.0,0.0,0.0,0.0,"Jan 19, 2017"
3207,3205058.0,16838.0,Missan,Amara,Hay Al-Zahraa,حي الزهراء,31.8745274622,47.1442000192,6.0,36.0,0.0,0.0,0.0,0.0,0.0,0.0,0.0,0.0,4.0,0.0,0.0,0.0,2.0,0.0,0.0,0.0,0.0,0.0,0.0,4.0,0.0,0.0,0.0,0.0,0.0,0.0,2.0,0.0,0.0,2.0,0.0,0.0,0.0,0.0,0.0,0.0,0.0,0.0,0.0,0.0,0.0,0.0,5.0,0.0,1.0,5.0,0.0,1.0,0.0,0.0,0.0,0.0,0.0,0.0,0.0,0.0,"Jan 19, 2017"
3208,3205059.0,24486.0,Missan,Amara,Hay Al-Zahraa-Al Kumayt,ناحية كميت-حي الزهراء,32.0330089763,46.8848531741,17.0,102.0,0.0,0.0,0.0,0.0,0.0,2.0,0.0,0.0,0.0,0.0,0.0,0.0,15.0,0.0,0.0,0.0,0.0,0.0,0.0,2.0,0.0,0.0,0.0,0.0,0.0,0.0,2.0,0.0,0.0,2.0,0.0,0.0,0.0,0.0,13.0,0.0,0.0,13.0,0.0,0.0,2.0,0.0,14.0,2.0,0.0,14.0,1.0,0.0,0.0,1.0,0.0,0.0,0.0,0.0,0.0,0.0,"Jan 19, 2017"
3209,3205060.0,16844.0,Missan,Amara,Hay Awasha,حي عواشه,31.8318130943,47.1525942453,8.0,48.0,3.0,0.0,0.0,0.0,0.0,0.0,0.0,0.0,0.0,0.0,0.0,0.0,1.0,0.0,4.0,0.0,0.0,0.0,0.0,3.0,0.0,0.0,0.0,0.0,0.0,0.0,5.0,0.0,0.0,5.0,0.0,0.0,0.0,0.0,0.0,0.0,0.0,0.0,0.0,0.0,1.0,0.0,1.0,1.0,6.0,1.0,0.0,6.0,0.0,0.0,0.0,0.0,0.0,0.0,0.0,0.0,"Jan 19, 2017"
3210,3205062.0,16847.0,Missan,Amara,Hay Dijlah-Al Kumayt,ناحية كميت-حي دجله,32.0363499778,46.8781182002,1.0,6.0,0.0,0.0,1.0,0.0,0.0,0.0,0.0,0.0,0.0,0.0,0.0,0.0,0.0,0.0,0.0,0.0,0.0,0.0,0.0,0.0,0.0,0.0,0.0,0.0,0.0,0.0,1.0,0.0,0.0,1.0,0.0,0.0,0.0,0.0,0.0,0.0,0.0,0.0,0.0,0.0,0.0,0.0,1.0,0.0,0.0,1.0,0.0,0.0,0.0,0.0,0.0,0.0,0.0,0.0,0.0,0.0,"Jan 19, 2017"
3211,3205063.0,16813.0,Missan,Amara,Hay Nahawnd,حي نهاوند,31.8750447873,47.1381201288,9.0,54.0,0.0,0.0,0.0,0.0,0.0,2.0,0.0,0.0,3.0,0.0,0.0,0.0,4.0,0.0,0.0,0.0,0.0,0.0,0.0,5.0,0.0,2.0,0.0,0.0,2.0,0.0,2.0,0.0,0.0,2.0,0.0,0.0,0.0,0.0,0.0,0.0,0.0,0.0,0.0,0.0,3.0,0.0,5.0,3.0,1.0,5.0,0.0,1.0,0.0,0.0,0.0,0.0,0.0,0.0,0.0,0.0,"Jan 19, 2017"
3212,3205064.0,16814.0,Missan,Amara,Hay Sayed Ashur,حي سيد عاشور,31.8488391861,47.1711751912,10.0,60.0,0.0,1.0,0.0,0.0,0.0,0.0,0.0,0.0,0.0,0.0,0.0,0.0,9.0,0.0,0.0,0.0,0.0,0.0,0.0,5.0,0.0,0.0,0.0,0.0,0.0,0.0,5.0,0.0,0.0,5.0,0.0,0.0,0.0,0.0,0.0,0.0,0.0,0.0,0.0,0.0,1.0,0.0,9.0,1.0,0.0,9.0,0.0,0.0,0.0,0.0,0.0,0.0,0.0,0.0,0.0,0.0,"Jan 19, 2017"
3213,3205065.0,22826.0,Missan,Amara,Hay Sayed Jamil,حي سيد جميل,31.8518373091,47.1738935262,5.0,30.0,0.0,0.0,0.0,0.0,0.0,0.0,0.0,0.0,0.0,0.0,0.0,0.0,5.0,0.0,0.0,0.0,0.0,0.0,0.0,3.0,0.0,0.0,0.0,0.0,0.0,0.0,2.0,0.0,0.0,2.0,0.0,0.0,0.0,0.0,0.0,0.0,0.0,0.0,0.0,0.0,0.0,0.0,5.0,0.0,0.0,5.0,0.0,0.0,0.0,0.0,0.0,0.0,0.0,0.0,0.0,0.0,"Jan 19, 2017"
3214,3205066.0,24199.0,Missan,Amara,Hay Shabanah,حي الشبانه,31.8448530044,47.1453401539,4.0,24.0,0.0,0.0,0.0,0.0,0.0,0.0,0.0,0.0,2.0,0.0,0.0,0.0,2.0,0.0,0.0,0.0,0.0,0.0,0.0,1.0,0.0,1.0,0.0,0.0,1.0,0.0,2.0,0.0,0.0,2.0,0.0,0.0,0.0,0.0,0.0,0.0,0.0,0.0,0.0,0.0,2.0,0.0,0.0,2.0,2.0,0.0,0.0,2.0,0.0,0.0,0.0,0.0,0.0,0.0,0.0,0.0,"Jan 19, 2017"
3215,3205068.0,22889.0,Missan,Amara,Kusiba 1 village,قرية كصيبه 1,31.811079039,47.1544461389,6.0,36.0,0.0,0.0,0.0,0.0,0.0,0.0,0.0,0.0,0.0,0.0,0.0,0.0,0.0,0.0,6.0,0.0,0.0,0.0,0.0,4.0,0.0,0.0,0.0,0.0,0.0,0.0,2.0,0.0,0.0,2.0,0.0,0.0,0.0,0.0,0.0,0.0,0.0,0.0,0.0,0.0,3.0,0.0,1.0,3.0,2.0,1.0,0.0,2.0,0.0,0.0,0.0,0.0,0.0,0.0,0.0,0.0,"Jan 19, 2017"
3216,3205070.0,27422.0,Missan,Amara,Great Al Sharqi Village,قرية جريت الشرقي,31.8563636625,47.1756762732,4.0,24.0,0.0,0.0,0.0,0.0,0.0,0.0,0.0,0.0,0.0,0.0,0.0,0.0,4.0,0.0,0.0,0.0,0.0,0.0,0.0,1.0,0.0,0.0,0.0,0.0,0.0,2.0,1.0,2.0,0.0,1.0,0.0,0.0,0.0,0.0,0.0,0.0,0.0,0.0,0.0,0.0,2.0,0.0,2.0,2.0,0.0,2.0,0.0,0.0,0.0,0.0,0.0,0.0,0.0,0.0,0.0,0.0,"Jan 19, 2017"
3217,3205071.0,28411.0,Missan,Amara,Hay Al-Sadiq,حي الصادق,32.0377307954,46.872166067,4.0,24.0,1.0,0.0,0.0,0.0,0.0,0.0,0.0,0.0,0.0,0.0,0.0,0.0,3.0,0.0,0.0,0.0,0.0,0.0,0.0,2.0,0.0,0.0,0.0,0.0,0.0,0.0,2.0,0.0,0.0,2.0,0.0,0.0,0.0,0.0,0.0,0.0,0.0,0.0,0.0,0.0,0.0,0.0,3.0,0.0,0.0,3.0,1.0,0.0,0.0,1.0,0.0,0.0,0.0,0.0,0.0,0.0,"Jan 19, 2017"
3218,3205072.0,16681.0,Missan,Amara,Al karamah Village,قرية الكرامه,32.0508492386,46.8897057067,1.0,6.0,0.0,0.0,0.0,0.0,0.0,0.0,0.0,0.0,0.0,0.0,0.0,0.0,1.0,0.0,0.0,0.0,0.0,0.0,0.0,1.0,0.0,0.0,0.0,0.0,0.0,0.0,0.0,0.0,0.0,0.0,0.0,0.0,0.0,0.0,0.0,0.0,0.0,0.0,0.0,0.0,0.0,0.0,1.0,0.0,0.0,1.0,0.0,0.0,0.0,0.0,0.0,0.0,0.0,0.0,0.0,0.0,"Jan 19, 2017"
3219,3205073.0,16827.0,Missan,Amara,Hay Al Imam Musa Al Kadhum,حي الامام موسى الكاظم,31.864501404,47.18096633,1.0,6.0,0.0,0.0,0.0,0.0,0.0,0.0,0.0,0.0,0.0,0.0,0.0,0.0,0.0,0.0,1.0,0.0,0.0,0.0,0.0,0.0,0.0,0.0,0.0,0.0,0.0,0.0,1.0,0.0,0.0,1.0,0.0,0.0,0.0,0.0,0.0,0.0,0.0,0.0,0.0,0.0,1.0,0.0,0.0,1.0,0.0,0.0,0.0,0.0,0.0,0.0,0.0,0.0,0.0,0.0,0.0,0.0,"Jan 19, 2017"
3220,3206004.0,21369.0,Missan,Qal'at Saleh,Hay Al Hurria,حي الحريه,31.5186842532,47.2894357249,2.0,12.0,0.0,0.0,0.0,0.0,0.0,0.0,0.0,0.0,1.0,0.0,0.0,0.0,1.0,0.0,0.0,0.0,0.0,0.0,0.0,0.0,0.0,0.0,0.0,0.0,0.0,0.0,2.0,0.0,0.0,2.0,0.0,0.0,0.0,0.0,0.0,0.0,0.0,0.0,0.0,0.0,2.0,0.0,0.0,2.0,0.0,0.0,0.0,0.0,0.0,0.0,0.0,0.0,0.0,0.0,0.0,0.0,"Jan 19, 2017"
3221,3206005.0,15777.0,Missan,Qal'at Saleh,Hay Al Husayniyah,حي الحسينيه,31.5186434932,47.2955179175,5.0,30.0,0.0,0.0,0.0,0.0,0.0,0.0,0.0,0.0,1.0,0.0,0.0,0.0,4.0,0.0,0.0,0.0,0.0,0.0,0.0,2.0,0.0,0.0,0.0,0.0,0.0,0.0,3.0,0.0,0.0,3.0,0.0,0.0,0.0,0.0,0.0,0.0,0.0,0.0,0.0,0.0,0.0,0.0,4.0,0.0,0.0,4.0,0.0,0.0,1.0,0.0,0.0,1.0,0.0,0.0,0.0,0.0,"Jan 19, 2017"
3222,3206006.0,21370.0,Missan,Qal'at Saleh,Hay Al Sadir,حي الصدر,31.5204271502,47.2897831379,5.0,30.0,1.0,0.0,0.0,0.0,0.0,0.0,0.0,0.0,0.0,0.0,0.0,0.0,4.0,0.0,0.0,0.0,0.0,0.0,0.0,2.0,0.0,0.0,0.0,0.0,0.0,0.0,3.0,0.0,0.0,3.0,0.0,0.0,0.0,0.0,0.0,0.0,0.0,0.0,0.0,0.0,0.0,0.0,1.0,0.0,4.0,1.0,0.0,4.0,0.0,0.0,0.0,0.0,0.0,0.0,0.0,0.0,"Jan 19, 2017"
3223,3206007.0,23622.0,Missan,Qal'at Saleh,Hay Al-Ameer,حي الامير,31.5313461668,47.2892422731,12.0,72.0,0.0,0.0,0.0,0.0,0.0,0.0,0.0,0.0,3.0,0.0,0.0,0.0,9.0,0.0,0.0,0.0,0.0,0.0,0.0,4.0,0.0,0.0,0.0,0.0,0.0,0.0,8.0,0.0,0.0,8.0,0.0,0.0,0.0,0.0,0.0,0.0,0.0,0.0,0.0,0.0,8.0,0.0,3.0,8.0,0.0,3.0,1.0,0.0,0.0,1.0,0.0,0.0,0.0,0.0,0.0,0.0,"Jan 19, 2017"
3224,3206009.0,24548.0,Missan,Qal'at Saleh,Hay Al-Shuhadaa,حي الشهداء,31.5232698036,47.2981963648,1.0,6.0,0.0,0.0,0.0,0.0,0.0,0.0,0.0,0.0,0.0,0.0,0.0,0.0,1.0,0.0,0.0,0.0,0.0,0.0,0.0,1.0,0.0,0.0,0.0,0.0,0.0,0.0,0.0,0.0,0.0,0.0,0.0,0.0,0.0,0.0,0.0,0.0,0.0,0.0,0.0,0.0,0.0,0.0,0.0,0.0,1.0,0.0,0.0,1.0,0.0,0.0,0.0,0.0,0.0,0.0,0.0,0.0,"Jan 19, 2017"
3225,3206010.0,16136.0,Missan,Qal'at Saleh,Hay Al-Uroba,حي العروبه,31.516615742,47.2906005887,3.0,18.0,0.0,0.0,0.0,0.0,0.0,0.0,0.0,0.0,0.0,0.0,0.0,0.0,3.0,0.0,0.0,0.0,0.0,0.0,0.0,3.0,0.0,0.0,0.0,0.0,0.0,0.0,0.0,0.0,0.0,0.0,0.0,0.0,0.0,0.0,0.0,0.0,0.0,0.0,0.0,0.0,0.0,0.0,0.0,0.0,3.0,0.0,0.0,3.0,0.0,0.0,0.0,0.0,0.0,0.0,0.0,0.0,"Jan 19, 2017"
3226,3206011.0,21371.0,Missan,Qal'at Saleh,Hay Al-Zahraa-Qalat Saleh,حي الزهراء-قلعة صالح,31.5254807874,47.291432273,2.0,12.0,0.0,0.0,0.0,0.0,0.0,0.0,0.0,0.0,0.0,0.0,0.0,0.0,2.0,0.0,0.0,0.0,0.0,0.0,0.0,1.0,0.0,0.0,0.0,0.0,0.0,0.0,1.0,0.0,0.0,1.0,0.0,0.0,0.0,0.0,0.0,0.0,0.0,0.0,0.0,0.0,0.0,0.0,0.0,0.0,2.0,0.0,0.0,2.0,0.0,0.0,0.0,0.0,0.0,0.0,0.0,0.0,"Jan 19, 2017"
3227,3301001.0,1450.0,Muthanna,Al-Khidhir,Al-hay al-askary,حي العسكري,31.2004484329,45.5334423389,13.0,78.0,3.0,0.0,0.0,0.0,0.0,0.0,0.0,0.0,0.0,0.0,0.0,0.0,6.0,0.0,4.0,0.0,0.0,0.0,0.0,6.0,0.0,0.0,0.0,0.0,0.0,0.0,7.0,0.0,0.0,7.0,0.0,0.0,0.0,0.0,0.0,0.0,0.0,0.0,1.0,0.0,1.0,1.0,7.0,1.0,1.0,7.0,3.0,1.0,0.0,3.0,0.0,0.0,0.0,0.0,0.0,0.0,"Jan 19, 2017"
3228,3301002.0,25633.0,Muthanna,Al-Khidhir,Hay Al Jwadain,حي الجوادين,31.1926526763,45.5322721414,30.0,180.0,9.0,0.0,0.0,0.0,0.0,0.0,0.0,0.0,0.0,0.0,0.0,0.0,21.0,0.0,0.0,0.0,0.0,0.0,0.0,13.0,0.0,0.0,0.0,1.0,0.0,3.0,13.0,3.0,0.0,13.0,0.0,0.0,0.0,0.0,0.0,0.0,0.0,0.0,3.0,0.0,2.0,3.0,22.0,2.0,1.0,22.0,2.0,1.0,0.0,2.0,0.0,0.0,0.0,0.0,0.0,0.0,"Jan 19, 2017"
3229,3301003.0,1527.0,Muthanna,Al-Khidhir,Hay Al Ansar,حي الانصار,31.2020780845,45.5505345482,1.0,6.0,0.0,0.0,0.0,0.0,0.0,0.0,0.0,0.0,0.0,0.0,0.0,0.0,0.0,0.0,1.0,0.0,0.0,0.0,0.0,0.0,0.0,0.0,0.0,1.0,0.0,0.0,0.0,0.0,0.0,0.0,0.0,0.0,0.0,0.0,0.0,0.0,0.0,0.0,0.0,0.0,1.0,0.0,0.0,1.0,0.0,0.0,0.0,0.0,0.0,0.0,0.0,0.0,0.0,0.0,0.0,0.0,"Jan 19, 2017"
3230,3301004.0,27229.0,Muthanna,Al-Khidhir,Albo Resha,البو ريشة,31.1848940095,45.5550998356,20.0,120.0,5.0,0.0,0.0,0.0,0.0,0.0,0.0,0.0,0.0,0.0,0.0,0.0,14.0,0.0,1.0,0.0,0.0,0.0,0.0,13.0,0.0,0.0,0.0,0.0,0.0,0.0,7.0,0.0,0.0,7.0,0.0,0.0,0.0,0.0,0.0,0.0,0.0,0.0,0.0,0.0,1.0,0.0,14.0,1.0,5.0,14.0,0.0,5.0,0.0,0.0,0.0,0.0,0.0,0.0,0.0,0.0,"Jan 19, 2017"
3231,3301005.0,27300.0,Muthanna,Al-Khidhir,Hay Al Zahra,حي الزهراء,31.1968094716,45.5264918972,4.0,24.0,0.0,0.0,1.0,0.0,0.0,0.0,0.0,0.0,0.0,0.0,0.0,0.0,3.0,0.0,0.0,0.0,0.0,0.0,0.0,2.0,0.0,0.0,0.0,0.0,0.0,0.0,2.0,0.0,0.0,2.0,0.0,0.0,0.0,0.0,0.0,0.0,0.0,0.0,1.0,0.0,0.0,1.0,3.0,0.0,0.0,3.0,0.0,0.0,0.0,0.0,0.0,0.0,0.0,0.0,0.0,0.0,"Jan 19, 2017"
3232,3301006.0,27301.0,Muthanna,Al-Khidhir,Hay Al Riyadh,حي الرياض,31.1843688414,45.5374086555,10.0,60.0,3.0,0.0,0.0,0.0,0.0,0.0,0.0,0.0,0.0,0.0,0.0,0.0,7.0,0.0,0.0,0.0,0.0,0.0,0.0,5.0,0.0,0.0,0.0,0.0,0.0,0.0,5.0,0.0,0.0,5.0,0.0,0.0,0.0,0.0,0.0,0.0,0.0,0.0,0.0,0.0,1.0,0.0,5.0,1.0,1.0,5.0,3.0,1.0,0.0,3.0,0.0,0.0,0.0,0.0,0.0,0.0,"Jan 19, 2017"
3233,3301007.0,29545.0,Muthanna,Al-Khidhir,Hay Al Sadiq,حي الصادق,31.2035739189,45.5537241139,4.0,24.0,3.0,0.0,0.0,0.0,0.0,0.0,0.0,0.0,0.0,0.0,0.0,0.0,1.0,0.0,0.0,0.0,0.0,0.0,0.0,2.0,0.0,0.0,0.0,0.0,0.0,0.0,2.0,0.0,0.0,2.0,0.0,0.0,0.0,0.0,0.0,0.0,0.0,0.0,0.0,0.0,1.0,0.0,0.0,1.0,2.0,0.0,1.0,2.0,0.0,1.0,0.0,0.0,0.0,0.0,0.0,0.0,"Jan 19, 2017"
3234,3301008.0,29546.0,Muthanna,Al-Khidhir,Village all Giza,قرية ال خزة,31.2805869291,45.447015781,2.0,12.0,0.0,0.0,0.0,0.0,0.0,0.0,0.0,0.0,0.0,0.0,0.0,0.0,2.0,0.0,0.0,0.0,0.0,0.0,0.0,0.0,0.0,0.0,0.0,0.0,0.0,2.0,0.0,2.0,0.0,0.0,0.0,0.0,0.0,0.0,0.0,0.0,0.0,0.0,0.0,0.0,0.0,0.0,2.0,0.0,0.0,2.0,0.0,0.0,0.0,0.0,0.0,0.0,0.0,0.0,0.0,0.0,"Jan 19, 2017"
3235,3301009.0,1515.0,Muthanna,Al-Khidhir,village Al Bderi,قرية البديري,31.2554079015,45.5242246762,3.0,18.0,0.0,0.0,0.0,0.0,0.0,0.0,0.0,0.0,0.0,0.0,0.0,0.0,3.0,0.0,0.0,0.0,0.0,0.0,0.0,3.0,0.0,0.0,0.0,0.0,0.0,0.0,0.0,0.0,0.0,0.0,0.0,0.0,0.0,0.0,0.0,0.0,0.0,0.0,0.0,0.0,2.0,0.0,1.0,2.0,0.0,1.0,0.0,0.0,0.0,0.0,0.0,0.0,0.0,0.0,0.0,0.0,"Jan 19, 2017"
3236,3301010.0,1436.0,Muthanna,Al-Khidhir,village Al Hamedia,قرية الحميدية,31.174120917,45.5536350142,2.0,12.0,0.0,0.0,0.0,0.0,0.0,0.0,0.0,0.0,0.0,0.0,0.0,0.0,2.0,0.0,0.0,0.0,0.0,0.0,0.0,2.0,0.0,0.0,0.0,0.0,0.0,0.0,0.0,0.0,0.0,0.0,0.0,0.0,0.0,0.0,0.0,0.0,0.0,0.0,0.0,0.0,0.0,0.0,2.0,0.0,0.0,2.0,0.0,0.0,0.0,0.0,0.0,0.0,0.0,0.0,0.0,0.0,"Jan 19, 2017"
3237,3301011.0,1459.0,Muthanna,Al-Khidhir,village AlSebia,قرية الصبية,31.2112066476,45.5402301718,10.0,60.0,0.0,0.0,0.0,0.0,0.0,0.0,0.0,0.0,0.0,0.0,0.0,0.0,10.0,0.0,0.0,0.0,0.0,0.0,0.0,3.0,0.0,0.0,0.0,2.0,0.0,5.0,0.0,5.0,0.0,0.0,0.0,0.0,0.0,0.0,0.0,0.0,0.0,0.0,0.0,0.0,0.0,0.0,8.0,0.0,2.0,8.0,0.0,2.0,0.0,0.0,0.0,0.0,0.0,0.0,0.0,0.0,"Jan 19, 2017"
3238,3301012.0,29547.0,Muthanna,Al-Khidhir,village om ozren,قرية ام وزرن,31.1572859902,45.6957949419,1.0,6.0,0.0,0.0,0.0,0.0,0.0,0.0,0.0,0.0,1.0,0.0,0.0,0.0,0.0,0.0,0.0,0.0,0.0,0.0,0.0,1.0,0.0,0.0,0.0,0.0,0.0,0.0,0.0,0.0,0.0,0.0,0.0,0.0,0.0,0.0,0.0,0.0,0.0,0.0,0.0,0.0,1.0,0.0,0.0,1.0,0.0,0.0,0.0,0.0,0.0,0.0,0.0,0.0,0.0,0.0,0.0,0.0,"Jan 19, 2017"
3239,3301013.0,1505.0,Muthanna,Al-Khidhir,village Al Dahera,قرية الظاهرة,31.2504803482,45.5424917769,2.0,12.0,2.0,0.0,0.0,0.0,0.0,0.0,0.0,0.0,0.0,0.0,0.0,0.0,0.0,0.0,0.0,0.0,0.0,0.0,0.0,2.0,0.0,0.0,0.0,0.0,0.0,0.0,0.0,0.0,0.0,0.0,0.0,0.0,0.0,0.0,0.0,0.0,0.0,0.0,0.0,0.0,0.0,0.0,1.0,0.0,0.0,1.0,1.0,0.0,0.0,1.0,0.0,0.0,0.0,0.0,0.0,0.0,"Jan 19, 2017"
3240,3301014.0,29548.0,Muthanna,Al-Khidhir,Hay AlKadhim,حي الكاظم,31.202291362,45.5530716665,2.0,12.0,1.0,0.0,0.0,0.0,0.0,0.0,0.0,0.0,0.0,0.0,0.0,0.0,1.0,0.0,0.0,0.0,0.0,0.0,0.0,0.0,0.0,0.0,0.0,0.0,0.0,1.0,1.0,1.0,0.0,1.0,0.0,0.0,0.0,0.0,0.0,0.0,0.0,0.0,0.0,0.0,0.0,0.0,1.0,0.0,0.0,1.0,1.0,0.0,0.0,1.0,0.0,0.0,0.0,0.0,0.0,0.0,"Jan 19, 2017"
3241,3301015.0,29549.0,Muthanna,Al-Khidhir,Hay AlGolan,حي الجولان,31.2098713266,45.5454326514,7.0,42.0,6.0,0.0,0.0,0.0,0.0,0.0,0.0,0.0,0.0,0.0,0.0,0.0,1.0,0.0,0.0,0.0,0.0,0.0,0.0,4.0,0.0,0.0,0.0,0.0,0.0,0.0,3.0,0.0,0.0,3.0,0.0,0.0,0.0,0.0,0.0,0.0,0.0,0.0,0.0,0.0,0.0,0.0,1.0,0.0,2.0,1.0,4.0,2.0,0.0,4.0,0.0,0.0,0.0,0.0,0.0,0.0,"Jan 19, 2017"
3242,3301016.0,29550.0,Muthanna,Al-Khidhir,Hay AlHer,حي الحرية,31.2005863572,45.5490220338,3.0,18.0,0.0,0.0,0.0,0.0,0.0,0.0,0.0,0.0,0.0,0.0,0.0,0.0,1.0,0.0,2.0,0.0,0.0,0.0,0.0,2.0,0.0,0.0,0.0,0.0,0.0,0.0,1.0,0.0,0.0,1.0,0.0,0.0,0.0,0.0,0.0,0.0,0.0,0.0,0.0,0.0,2.0,0.0,1.0,2.0,0.0,1.0,0.0,0.0,0.0,0.0,0.0,0.0,0.0,0.0,0.0,0.0,"Jan 19, 2017"
3243,3301017.0,29551.0,Muthanna,Al-Khidhir,Hay AlHussein,حي الحسين,31.1983331759,45.550287785,2.0,12.0,0.0,0.0,0.0,0.0,0.0,0.0,0.0,0.0,0.0,0.0,0.0,0.0,1.0,0.0,1.0,0.0,0.0,0.0,0.0,0.0,0.0,0.0,0.0,0.0,0.0,0.0,2.0,0.0,0.0,2.0,0.0,0.0,0.0,0.0,0.0,0.0,0.0,0.0,0.0,0.0,1.0,0.0,1.0,1.0,0.0,1.0,0.0,0.0,0.0,0.0,0.0,0.0,0.0,0.0,0.0,0.0,"Jan 19, 2017"
3244,3301018.0,29552.0,Muthanna,Al-Khidhir,Hay AlEshreen,حي العشرين,31.2063986622,45.549806077,1.0,6.0,1.0,0.0,0.0,0.0,0.0,0.0,0.0,0.0,0.0,0.0,0.0,0.0,0.0,0.0,0.0,0.0,0.0,0.0,0.0,0.0,0.0,0.0,0.0,0.0,0.0,0.0,1.0,0.0,0.0,1.0,0.0,0.0,0.0,0.0,0.0,0.0,0.0,0.0,0.0,0.0,0.0,0.0,0.0,0.0,0.0,0.0,1.0,0.0,0.0,1.0,0.0,0.0,0.0,0.0,0.0,0.0,"Jan 19, 2017"
3245,3301019.0,29553.0,Muthanna,Al-Khidhir,Hay Alshuhada,حي الشهداء,31.2035198556,45.548574524,3.0,18.0,1.0,0.0,0.0,0.0,0.0,0.0,0.0,0.0,0.0,0.0,0.0,0.0,2.0,0.0,0.0,0.0,0.0,0.0,0.0,0.0,0.0,0.0,0.0,2.0,0.0,0.0,1.0,0.0,0.0,1.0,0.0,0.0,0.0,0.0,0.0,0.0,0.0,0.0,0.0,0.0,2.0,0.0,0.0,2.0,0.0,0.0,1.0,0.0,0.0,1.0,0.0,0.0,0.0,0.0,0.0,0.0,"Jan 19, 2017"
3246,3301020.0,29554.0,Muthanna,Al-Khidhir,Hay AlKawthar,حي الكوثر,31.1968966853,45.5296246335,1.0,6.0,1.0,0.0,0.0,0.0,0.0,0.0,0.0,0.0,0.0,0.0,0.0,0.0,0.0,0.0,0.0,0.0,0.0,0.0,0.0,0.0,0.0,0.0,0.0,0.0,0.0,0.0,1.0,0.0,0.0,1.0,0.0,0.0,0.0,0.0,0.0,0.0,0.0,0.0,0.0,0.0,0.0,0.0,0.0,0.0,1.0,0.0,0.0,1.0,0.0,0.0,0.0,0.0,0.0,0.0,0.0,0.0,"Jan 19, 2017"
3247,3302001.0,1394.0,Muthanna,Al-Rumaitha,Al Hilal,الهلال,31.4111045608,45.1664402206,4.0,24.0,3.0,0.0,0.0,0.0,0.0,0.0,0.0,0.0,0.0,0.0,0.0,0.0,0.0,0.0,1.0,0.0,0.0,0.0,0.0,4.0,0.0,0.0,0.0,0.0,0.0,0.0,0.0,0.0,0.0,0.0,0.0,0.0,0.0,0.0,0.0,0.0,0.0,0.0,3.0,0.0,1.0,3.0,0.0,1.0,0.0,0.0,0.0,0.0,0.0,0.0,0.0,0.0,0.0,0.0,0.0,0.0,"Jan 19, 2017"
3248,3302002.0,1393.0,Muthanna,Al-Rumaitha,Al Majd,المجد,31.4004670875,45.200087009,28.0,168.0,0.0,0.0,0.0,0.0,0.0,0.0,0.0,0.0,1.0,0.0,0.0,0.0,27.0,0.0,0.0,0.0,0.0,0.0,0.0,16.0,0.0,0.0,0.0,1.0,0.0,0.0,11.0,0.0,0.0,11.0,0.0,0.0,0.0,0.0,0.0,0.0,0.0,0.0,0.0,0.0,1.0,0.0,27.0,1.0,0.0,27.0,0.0,0.0,0.0,0.0,0.0,0.0,0.0,0.0,0.0,0.0,"Jan 19, 2017"
3249,3302004.0,25498.0,Muthanna,Al-Rumaitha,Al Zahra,الزهراء,31.5352246631,45.207632985,30.0,180.0,10.0,0.0,0.0,0.0,0.0,0.0,0.0,0.0,0.0,0.0,0.0,0.0,20.0,0.0,0.0,0.0,0.0,0.0,0.0,0.0,0.0,0.0,0.0,0.0,0.0,0.0,30.0,0.0,0.0,30.0,0.0,0.0,0.0,0.0,0.0,0.0,0.0,0.0,0.0,0.0,12.0,0.0,10.0,12.0,8.0,10.0,0.0,8.0,0.0,0.0,0.0,0.0,0.0,0.0,0.0,0.0,"Jan 19, 2017"
3250,3302005.0,25976.0,Muthanna,Al-Rumaitha,Al-Warka-Al-Shuhada,حي الشهداء,31.4740041224,45.2846957944,36.0,216.0,0.0,0.0,0.0,0.0,0.0,0.0,0.0,0.0,0.0,0.0,0.0,0.0,36.0,0.0,0.0,0.0,0.0,0.0,0.0,11.0,0.0,0.0,0.0,0.0,0.0,3.0,22.0,3.0,0.0,22.0,0.0,0.0,0.0,0.0,0.0,0.0,0.0,0.0,0.0,0.0,36.0,0.0,0.0,36.0,0.0,0.0,0.0,0.0,0.0,0.0,0.0,0.0,0.0,0.0,0.0,0.0,"Jan 19, 2017"
3251,3302006.0,1885.0,Muthanna,Al-Rumaitha,Hay al-hussain,حي الحسين,31.5280914539,45.2034770697,8.0,48.0,0.0,0.0,0.0,0.0,0.0,0.0,0.0,0.0,0.0,0.0,0.0,0.0,8.0,0.0,0.0,0.0,0.0,0.0,0.0,7.0,0.0,0.0,0.0,0.0,0.0,0.0,1.0,0.0,0.0,1.0,0.0,0.0,0.0,0.0,0.0,0.0,0.0,0.0,0.0,0.0,6.0,0.0,2.0,6.0,0.0,2.0,0.0,0.0,0.0,0.0,0.0,0.0,0.0,0.0,0.0,0.0,"Jan 19, 2017"
3252,3302007.0,27228.0,Muthanna,Al-Rumaitha,Al Warkaa-Hay Al Zahra,حي الزهراء-الوركاء,31.4611658966,45.2855598911,13.0,78.0,0.0,0.0,0.0,0.0,0.0,0.0,0.0,0.0,0.0,0.0,0.0,0.0,13.0,0.0,0.0,0.0,0.0,0.0,0.0,4.0,0.0,0.0,0.0,0.0,0.0,0.0,9.0,0.0,0.0,9.0,0.0,0.0,0.0,0.0,0.0,0.0,0.0,0.0,0.0,0.0,13.0,0.0,0.0,13.0,0.0,0.0,0.0,0.0,0.0,0.0,0.0,0.0,0.0,0.0,0.0,0.0,"Jan 19, 2017"
3253,3302008.0,1888.0,Muthanna,Al-Rumaitha,Al-hay al-askary,حي العسكري,31.5330013214,45.2009215951,17.0,102.0,2.0,0.0,2.0,0.0,0.0,0.0,0.0,0.0,0.0,0.0,0.0,0.0,13.0,0.0,0.0,0.0,0.0,0.0,0.0,12.0,0.0,0.0,0.0,0.0,0.0,0.0,5.0,0.0,0.0,5.0,0.0,0.0,0.0,0.0,0.0,0.0,0.0,0.0,2.0,0.0,12.0,2.0,1.0,12.0,1.0,1.0,1.0,1.0,0.0,1.0,0.0,0.0,0.0,0.0,0.0,0.0,"Jan 19, 2017"
3254,3302011.0,1991.0,Muthanna,Al-Rumaitha,Al-Muthlem Village,قرية المظلم,31.5396761661,45.1834589615,82.0,492.0,6.0,0.0,0.0,0.0,0.0,0.0,0.0,0.0,0.0,0.0,0.0,0.0,75.0,0.0,1.0,0.0,0.0,0.0,0.0,0.0,0.0,0.0,0.0,0.0,0.0,0.0,0.0,0.0,0.0,0.0,0.0,0.0,0.0,0.0,82.0,0.0,0.0,82.0,1.0,0.0,42.0,1.0,34.0,42.0,4.0,34.0,1.0,4.0,0.0,1.0,0.0,0.0,0.0,0.0,0.0,0.0,"Jan 19, 2017"
3255,3302012.0,1787.0,Muthanna,Al-Rumaitha,Hay al-askary,حي العسكري,31.461714115,45.2936875541,5.0,30.0,0.0,0.0,0.0,0.0,0.0,0.0,0.0,0.0,0.0,0.0,0.0,0.0,5.0,0.0,0.0,0.0,0.0,0.0,0.0,3.0,0.0,0.0,0.0,0.0,0.0,0.0,2.0,0.0,0.0,2.0,0.0,0.0,0.0,0.0,0.0,0.0,0.0,0.0,0.0,0.0,4.0,0.0,1.0,4.0,0.0,1.0,0.0,0.0,0.0,0.0,0.0,0.0,0.0,0.0,0.0,0.0,"Jan 19, 2017"
3256,3302013.0,29680.0,Muthanna,Al-Rumaitha,Al-Barbary,البربري,31.4465219155,45.2892252803,2.0,12.0,0.0,0.0,0.0,0.0,0.0,0.0,0.0,0.0,0.0,0.0,0.0,0.0,2.0,0.0,0.0,0.0,0.0,0.0,0.0,1.0,0.0,0.0,0.0,0.0,0.0,0.0,1.0,0.0,0.0,1.0,0.0,0.0,0.0,0.0,0.0,0.0,0.0,0.0,0.0,0.0,2.0,0.0,0.0,2.0,0.0,0.0,0.0,0.0,0.0,0.0,0.0,0.0,0.0,0.0,0.0,0.0,"Jan 19, 2017"
3257,3302014.0,29681.0,Muthanna,Al-Rumaitha,Al-Hala,الحله,31.4711198257,45.2846912574,1.0,6.0,0.0,0.0,0.0,0.0,0.0,0.0,0.0,0.0,0.0,0.0,0.0,0.0,1.0,0.0,0.0,0.0,0.0,0.0,0.0,0.0,0.0,0.0,0.0,0.0,0.0,0.0,1.0,0.0,0.0,1.0,0.0,0.0,0.0,0.0,0.0,0.0,0.0,0.0,0.0,0.0,0.0,0.0,1.0,0.0,0.0,1.0,0.0,0.0,0.0,0.0,0.0,0.0,0.0,0.0,0.0,0.0,"Jan 19, 2017"
3258,3304001.0,25497.0,Muthanna,Al-Samawa,Al Mahdi,المهدي,31.3088535145,45.2241097111,12.0,72.0,0.0,0.0,0.0,0.0,0.0,0.0,0.0,0.0,0.0,0.0,0.0,0.0,12.0,0.0,0.0,0.0,0.0,0.0,0.0,2.0,0.0,0.0,0.0,0.0,0.0,0.0,0.0,0.0,0.0,0.0,0.0,0.0,0.0,0.0,10.0,0.0,0.0,10.0,0.0,0.0,0.0,0.0,2.0,0.0,10.0,2.0,0.0,10.0,0.0,0.0,0.0,0.0,0.0,0.0,0.0,0.0,"Jan 19, 2017"
3259,3304002.0,26083.0,Muthanna,Al-Samawa,Al Mamlaha,المملحة,31.2638196861,45.0641841721,6.0,36.0,6.0,0.0,0.0,0.0,0.0,0.0,0.0,0.0,0.0,0.0,0.0,0.0,0.0,0.0,0.0,0.0,0.0,0.0,0.0,5.0,0.0,0.0,0.0,0.0,0.0,0.0,1.0,0.0,0.0,1.0,0.0,0.0,0.0,0.0,0.0,0.0,0.0,0.0,5.0,0.0,0.0,5.0,0.0,0.0,0.0,0.0,1.0,0.0,0.0,1.0,0.0,0.0,0.0,0.0,0.0,0.0,"Jan 19, 2017"
3260,3304003.0,25496.0,Muthanna,Al-Samawa,Al Maredh,المعارض,31.2827080954,45.3010622878,8.0,48.0,0.0,0.0,0.0,0.0,0.0,0.0,0.0,0.0,0.0,0.0,0.0,0.0,8.0,0.0,0.0,0.0,0.0,0.0,0.0,0.0,0.0,0.0,0.0,0.0,0.0,8.0,0.0,8.0,0.0,0.0,0.0,0.0,0.0,0.0,0.0,0.0,0.0,0.0,0.0,0.0,0.0,0.0,8.0,0.0,0.0,8.0,0.0,0.0,0.0,0.0,0.0,0.0,0.0,0.0,0.0,0.0,"Jan 19, 2017"
3261,3304004.0,25495.0,Muthanna,Al-Samawa,Al Sailo,السايلو,31.2697652215,45.3312985785,5.0,30.0,0.0,0.0,0.0,0.0,0.0,0.0,0.0,0.0,0.0,0.0,0.0,0.0,5.0,0.0,0.0,0.0,0.0,0.0,0.0,0.0,0.0,0.0,0.0,0.0,0.0,5.0,0.0,5.0,0.0,0.0,0.0,0.0,0.0,0.0,0.0,0.0,0.0,0.0,0.0,0.0,0.0,0.0,5.0,0.0,0.0,5.0,0.0,0.0,0.0,0.0,0.0,0.0,0.0,0.0,0.0,0.0,"Jan 19, 2017"
3262,3304005.0,25430.0,Muthanna,Al-Samawa,Al Zahra,الزهراء,31.3499329705,45.2925217586,28.0,168.0,6.0,0.0,0.0,0.0,0.0,3.0,0.0,0.0,0.0,0.0,0.0,0.0,18.0,0.0,1.0,0.0,0.0,0.0,0.0,16.0,0.0,0.0,0.0,0.0,0.0,0.0,12.0,0.0,0.0,12.0,0.0,0.0,0.0,0.0,0.0,0.0,0.0,0.0,0.0,0.0,6.0,0.0,12.0,6.0,6.0,12.0,4.0,6.0,0.0,4.0,0.0,0.0,0.0,0.0,0.0,0.0,"Jan 19, 2017"
3263,3304006.0,1492.0,Muthanna,Al-Samawa,Al-haydariyah,الحيدريه,31.3044929132,45.2826445643,12.0,72.0,0.0,0.0,0.0,0.0,0.0,0.0,0.0,0.0,0.0,0.0,0.0,0.0,12.0,0.0,0.0,0.0,0.0,0.0,0.0,8.0,0.0,0.0,0.0,0.0,0.0,0.0,4.0,0.0,0.0,4.0,0.0,0.0,0.0,0.0,0.0,0.0,0.0,0.0,0.0,0.0,6.0,0.0,6.0,6.0,0.0,6.0,0.0,0.0,0.0,0.0,0.0,0.0,0.0,0.0,0.0,0.0,"Jan 19, 2017"
3264,3304007.0,1596.0,Muthanna,Al-Samawa,Al-Qushlah,القشله,31.3175732922,45.2923361398,27.0,162.0,9.0,0.0,5.0,0.0,0.0,1.0,0.0,0.0,0.0,0.0,0.0,0.0,10.0,0.0,2.0,0.0,0.0,0.0,0.0,1.0,0.0,0.0,0.0,0.0,0.0,0.0,26.0,0.0,0.0,26.0,0.0,0.0,0.0,0.0,0.0,0.0,0.0,0.0,10.0,0.0,7.0,10.0,3.0,7.0,2.0,3.0,5.0,2.0,0.0,5.0,0.0,0.0,0.0,0.0,0.0,0.0,"Jan 19, 2017"
3265,3304008.0,2033.0,Muthanna,Al-Samawa,Al-Samawa-Al Maaly,ال معالي,31.2756489404,45.2687121401,18.0,108.0,6.0,0.0,0.0,0.0,0.0,0.0,0.0,0.0,1.0,0.0,0.0,0.0,9.0,0.0,2.0,0.0,0.0,0.0,0.0,3.0,0.0,0.0,0.0,0.0,0.0,0.0,15.0,0.0,0.0,15.0,0.0,0.0,0.0,0.0,0.0,0.0,0.0,0.0,2.0,0.0,3.0,2.0,4.0,3.0,3.0,4.0,6.0,3.0,0.0,6.0,0.0,0.0,0.0,0.0,0.0,0.0,"Jan 19, 2017"
3266,3304009.0,1480.0,Muthanna,Al-Samawa,Al-Samawa-Al-Hay Al-Askary,حي العسكري,31.2974922638,45.2588020307,22.0,132.0,20.0,0.0,0.0,0.0,0.0,0.0,0.0,0.0,0.0,0.0,0.0,0.0,1.0,0.0,1.0,0.0,0.0,0.0,0.0,7.0,0.0,0.0,0.0,0.0,0.0,1.0,14.0,1.0,0.0,14.0,0.0,0.0,0.0,0.0,0.0,0.0,0.0,0.0,1.0,0.0,2.0,1.0,2.0,2.0,12.0,2.0,5.0,12.0,0.0,5.0,0.0,0.0,0.0,0.0,0.0,0.0,"Jan 19, 2017"
3267,3304010.0,25784.0,Muthanna,Al-Samawa,Al-Samawa-Hay Al-Hakim,حي الحكيم,31.2974679144,45.2755135609,14.0,84.0,4.0,0.0,1.0,0.0,0.0,0.0,0.0,0.0,1.0,0.0,0.0,0.0,8.0,0.0,0.0,0.0,0.0,0.0,0.0,2.0,0.0,0.0,0.0,0.0,0.0,0.0,12.0,0.0,0.0,12.0,0.0,0.0,0.0,0.0,0.0,0.0,0.0,0.0,0.0,0.0,2.0,0.0,5.0,2.0,4.0,5.0,2.0,4.0,1.0,2.0,0.0,1.0,0.0,0.0,0.0,0.0,"Jan 19, 2017"
3268,3304011.0,21433.0,Muthanna,Al-Samawa,Al-Shuhada,حي الشهداء,31.3048471324,45.3034662176,11.0,66.0,0.0,0.0,2.0,0.0,0.0,0.0,0.0,0.0,0.0,0.0,0.0,0.0,9.0,0.0,0.0,0.0,0.0,0.0,0.0,3.0,0.0,0.0,0.0,0.0,0.0,0.0,8.0,0.0,0.0,8.0,0.0,0.0,0.0,0.0,0.0,0.0,0.0,0.0,2.0,0.0,0.0,2.0,9.0,0.0,0.0,9.0,0.0,0.0,0.0,0.0,0.0,0.0,0.0,0.0,0.0,0.0,"Jan 19, 2017"
3269,3304013.0,2045.0,Muthanna,Al-Samawa,Hay 9 Nissan,حي 9 نيسان,31.3085472817,45.3072568495,12.0,72.0,10.0,0.0,0.0,0.0,0.0,0.0,0.0,0.0,0.0,0.0,0.0,0.0,2.0,0.0,0.0,0.0,0.0,0.0,0.0,3.0,0.0,0.0,0.0,0.0,0.0,0.0,2.0,0.0,0.0,2.0,0.0,0.0,7.0,0.0,0.0,7.0,0.0,0.0,0.0,0.0,0.0,0.0,0.0,0.0,8.0,0.0,4.0,8.0,0.0,4.0,0.0,0.0,0.0,0.0,0.0,0.0,"Jan 19, 2017"
3270,3304015.0,1485.0,Muthanna,Al-Samawa,Hay Al-Sadir,حي الصدر,31.3067668816,45.2618992701,4.0,24.0,2.0,0.0,0.0,0.0,0.0,0.0,0.0,0.0,0.0,0.0,0.0,0.0,2.0,0.0,0.0,0.0,0.0,0.0,0.0,1.0,0.0,0.0,0.0,0.0,0.0,0.0,3.0,0.0,0.0,3.0,0.0,0.0,0.0,0.0,0.0,0.0,0.0,0.0,0.0,0.0,0.0,0.0,1.0,0.0,1.0,1.0,2.0,1.0,0.0,2.0,0.0,0.0,0.0,0.0,0.0,0.0,"Jan 19, 2017"
3271,3304017.0,27232.0,Muthanna,Al-Samawa,Hay Al Kawthar,حي الكوثر,31.327997027,45.4142754804,9.0,54.0,0.0,0.0,0.0,0.0,0.0,0.0,0.0,0.0,0.0,0.0,0.0,0.0,9.0,0.0,0.0,0.0,0.0,0.0,0.0,0.0,0.0,0.0,0.0,8.0,0.0,0.0,1.0,0.0,0.0,1.0,0.0,0.0,0.0,0.0,0.0,0.0,0.0,0.0,0.0,0.0,0.0,0.0,9.0,0.0,0.0,9.0,0.0,0.0,0.0,0.0,0.0,0.0,0.0,0.0,0.0,0.0,"Jan 19, 2017"
3272,3304018.0,27233.0,Muthanna,Al-Samawa,Hay Al Zahra,حي الزهراء,31.3307781843,45.4146097507,5.0,30.0,1.0,0.0,0.0,0.0,0.0,0.0,0.0,0.0,0.0,0.0,0.0,0.0,4.0,0.0,0.0,0.0,0.0,0.0,0.0,0.0,0.0,0.0,0.0,4.0,0.0,0.0,1.0,0.0,0.0,1.0,0.0,0.0,0.0,0.0,0.0,0.0,0.0,0.0,0.0,0.0,0.0,0.0,4.0,0.0,1.0,4.0,0.0,1.0,0.0,0.0,0.0,0.0,0.0,0.0,0.0,0.0,"Jan 19, 2017"
3273,3304019.0,2060.0,Muthanna,Al-Samawa,Hay Al Gharbi ,حي الغربي,31.3194831507,45.2780954437,29.0,174.0,14.0,0.0,0.0,0.0,0.0,1.0,0.0,0.0,1.0,0.0,0.0,0.0,13.0,0.0,0.0,0.0,0.0,0.0,0.0,16.0,0.0,0.0,0.0,0.0,0.0,0.0,13.0,0.0,0.0,13.0,0.0,0.0,0.0,0.0,0.0,0.0,0.0,0.0,0.0,0.0,1.0,0.0,9.0,1.0,15.0,9.0,4.0,15.0,0.0,4.0,0.0,0.0,0.0,0.0,0.0,0.0,"Jan 19, 2017"
3274,3304020.0,1586.0,Muthanna,Al-Samawa,Hay Al Mualmeen,حي المعلمين,31.3164926134,45.2751221415,16.0,96.0,2.0,0.0,2.0,0.0,0.0,0.0,0.0,0.0,0.0,0.0,0.0,0.0,12.0,0.0,0.0,0.0,0.0,0.0,0.0,2.0,0.0,0.0,0.0,0.0,0.0,0.0,14.0,0.0,0.0,14.0,0.0,0.0,0.0,0.0,0.0,0.0,0.0,0.0,2.0,0.0,8.0,2.0,2.0,8.0,0.0,2.0,4.0,0.0,0.0,4.0,0.0,0.0,0.0,0.0,0.0,0.0,"Jan 19, 2017"
3275,3304021.0,1587.0,Muthanna,Al-Samawa,Al Basasteen Al Shirqia,البساتين الشرقية,31.3106507203,45.3190097027,11.0,66.0,3.0,0.0,0.0,0.0,0.0,0.0,0.0,0.0,0.0,0.0,0.0,0.0,7.0,0.0,1.0,0.0,0.0,0.0,0.0,6.0,0.0,0.0,0.0,0.0,0.0,4.0,1.0,4.0,0.0,1.0,0.0,0.0,0.0,0.0,0.0,0.0,0.0,0.0,0.0,0.0,0.0,0.0,8.0,0.0,1.0,8.0,2.0,1.0,0.0,2.0,0.0,0.0,0.0,0.0,0.0,0.0,"Jan 19, 2017"
3276,3304022.0,27268.0,Muthanna,Al-Samawa,Hay Al Mualmeen 2,حي المعلمين 2,31.3113343483,45.2667979058,12.0,72.0,2.0,0.0,0.0,0.0,0.0,0.0,0.0,0.0,0.0,0.0,0.0,0.0,4.0,0.0,6.0,0.0,0.0,0.0,0.0,8.0,0.0,0.0,0.0,0.0,0.0,0.0,4.0,0.0,0.0,4.0,0.0,0.0,0.0,0.0,0.0,0.0,0.0,0.0,0.0,0.0,1.0,0.0,3.0,1.0,7.0,3.0,1.0,7.0,0.0,1.0,0.0,0.0,0.0,0.0,0.0,0.0,"Jan 19, 2017"
3277,3304023.0,1562.0,Muthanna,Al-Samawa,Hay 270 Dar,270 حي دار,31.2974207243,45.2637618128,5.0,30.0,2.0,0.0,0.0,0.0,0.0,0.0,0.0,0.0,0.0,0.0,0.0,0.0,3.0,0.0,0.0,0.0,0.0,0.0,0.0,2.0,0.0,0.0,0.0,0.0,0.0,0.0,3.0,0.0,0.0,3.0,0.0,0.0,0.0,0.0,0.0,0.0,0.0,0.0,1.0,0.0,0.0,1.0,3.0,0.0,0.0,3.0,1.0,0.0,0.0,1.0,0.0,0.0,0.0,0.0,0.0,0.0,"Jan 19, 2017"
3278,3304024.0,1570.0,Muthanna,Al-Samawa,Hay Al Bani,حي ال باني,31.3094498869,45.2753586788,13.0,78.0,2.0,0.0,0.0,0.0,0.0,0.0,0.0,0.0,1.0,0.0,0.0,0.0,10.0,0.0,0.0,0.0,0.0,0.0,0.0,3.0,0.0,0.0,0.0,0.0,0.0,0.0,10.0,0.0,0.0,10.0,0.0,0.0,0.0,0.0,0.0,0.0,0.0,0.0,3.0,0.0,0.0,3.0,10.0,0.0,0.0,10.0,0.0,0.0,0.0,0.0,0.0,0.0,0.0,0.0,0.0,0.0,"Jan 19, 2017"
3279,3304025.0,1611.0,Muthanna,Al-Samawa,Hay Al Tamiem,حي التاميم,31.3302066643,45.2928289957,25.0,150.0,6.0,0.0,0.0,0.0,0.0,3.0,0.0,0.0,3.0,0.0,0.0,0.0,13.0,0.0,0.0,0.0,0.0,0.0,0.0,6.0,0.0,0.0,0.0,0.0,0.0,0.0,19.0,0.0,0.0,19.0,0.0,0.0,0.0,0.0,0.0,0.0,0.0,0.0,0.0,0.0,12.0,0.0,3.0,12.0,4.0,3.0,6.0,4.0,0.0,6.0,0.0,0.0,0.0,0.0,0.0,0.0,"Jan 19, 2017"
3280,3304026.0,2010.0,Muthanna,Al-Samawa,Hay Al Jarboaia,الجربوعية,31.3571784133,45.2668469665,12.0,72.0,2.0,0.0,0.0,0.0,0.0,1.0,0.0,0.0,0.0,0.0,0.0,0.0,6.0,0.0,3.0,0.0,0.0,0.0,0.0,6.0,0.0,0.0,0.0,0.0,0.0,0.0,6.0,0.0,0.0,6.0,0.0,0.0,0.0,0.0,0.0,0.0,0.0,0.0,0.0,0.0,3.0,0.0,3.0,3.0,4.0,3.0,2.0,4.0,0.0,2.0,0.0,0.0,0.0,0.0,0.0,0.0,"Jan 19, 2017"
3281,3304027.0,27380.0,Muthanna,Al-Samawa,Hay Al Jadhan,حي ال جضعان,31.3094202988,45.2682993561,26.0,156.0,6.0,0.0,0.0,0.0,0.0,2.0,0.0,0.0,2.0,0.0,0.0,0.0,12.0,0.0,4.0,0.0,0.0,0.0,0.0,6.0,0.0,0.0,0.0,0.0,0.0,0.0,20.0,0.0,0.0,20.0,0.0,0.0,0.0,0.0,0.0,0.0,0.0,0.0,3.0,0.0,18.0,3.0,0.0,18.0,0.0,0.0,5.0,0.0,0.0,5.0,0.0,0.0,0.0,0.0,0.0,0.0,"Jan 19, 2017"
3282,3304028.0,21434.0,Muthanna,Al-Samawa,Al Sharagia,الشراكية,31.2698439276,45.2554403432,16.0,96.0,4.0,0.0,0.0,0.0,0.0,1.0,0.0,0.0,0.0,0.0,0.0,0.0,11.0,0.0,0.0,0.0,0.0,0.0,0.0,1.0,0.0,0.0,0.0,0.0,0.0,0.0,15.0,0.0,0.0,15.0,0.0,0.0,0.0,0.0,0.0,0.0,0.0,0.0,0.0,0.0,11.0,0.0,2.0,11.0,2.0,2.0,1.0,2.0,0.0,1.0,0.0,0.0,0.0,0.0,0.0,0.0,"Jan 19, 2017"
3283,3304029.0,28421.0,Muthanna,Al-Samawa,Al Dahra,الداحرة,31.3782748673,45.2622931357,12.0,72.0,8.0,0.0,0.0,0.0,0.0,0.0,0.0,0.0,0.0,0.0,0.0,0.0,4.0,0.0,0.0,0.0,0.0,0.0,0.0,2.0,0.0,0.0,0.0,0.0,0.0,0.0,10.0,0.0,0.0,10.0,0.0,0.0,0.0,0.0,0.0,0.0,0.0,0.0,0.0,0.0,4.0,0.0,2.0,4.0,0.0,2.0,6.0,0.0,0.0,6.0,0.0,0.0,0.0,0.0,0.0,0.0,"Jan 19, 2017"
3284,3304030.0,29543.0,Muthanna,Al-Samawa,village All Sabbti,قرية ال سبتي,31.335687926,45.4124819208,4.0,24.0,4.0,0.0,0.0,0.0,0.0,0.0,0.0,0.0,0.0,0.0,0.0,0.0,0.0,0.0,0.0,0.0,0.0,0.0,0.0,3.0,0.0,0.0,0.0,0.0,0.0,0.0,1.0,0.0,0.0,1.0,0.0,0.0,0.0,0.0,0.0,0.0,0.0,0.0,0.0,0.0,0.0,0.0,0.0,0.0,4.0,0.0,0.0,4.0,0.0,0.0,0.0,0.0,0.0,0.0,0.0,0.0,"Jan 19, 2017"
3285,3304031.0,29544.0,Muthanna,Al-Samawa,village All Abs,قرية ال عبس,31.3108551549,45.4718599096,1.0,6.0,1.0,0.0,0.0,0.0,0.0,0.0,0.0,0.0,0.0,0.0,0.0,0.0,0.0,0.0,0.0,0.0,0.0,0.0,0.0,0.0,0.0,0.0,0.0,0.0,0.0,0.0,1.0,0.0,0.0,1.0,0.0,0.0,0.0,0.0,0.0,0.0,0.0,0.0,0.0,0.0,0.0,0.0,0.0,0.0,1.0,0.0,0.0,1.0,0.0,0.0,0.0,0.0,0.0,0.0,0.0,0.0,"Jan 19, 2017"
3286,3304032.0,2061.0,Muthanna,Al-Samawa,Hay Al Siagh,حي الصياغ,31.322629801,45.287345387,3.0,18.0,0.0,0.0,0.0,0.0,0.0,0.0,0.0,0.0,0.0,0.0,0.0,0.0,3.0,0.0,0.0,0.0,0.0,0.0,0.0,0.0,0.0,0.0,0.0,2.0,0.0,0.0,1.0,0.0,0.0,1.0,0.0,0.0,0.0,0.0,0.0,0.0,0.0,0.0,0.0,0.0,1.0,0.0,2.0,1.0,0.0,2.0,0.0,0.0,0.0,0.0,0.0,0.0,0.0,0.0,0.0,0.0,"Jan 19, 2017"
3287,3304033.0,21317.0,Muthanna,Al-Samawa,Hay Alhussein,حي الحسين,31.3160120789,45.2622287407,25.0,150.0,7.0,0.0,0.0,0.0,0.0,0.0,0.0,0.0,0.0,0.0,0.0,0.0,17.0,0.0,1.0,0.0,0.0,0.0,0.0,13.0,0.0,0.0,0.0,0.0,0.0,0.0,12.0,0.0,0.0,12.0,0.0,0.0,0.0,0.0,0.0,0.0,0.0,0.0,0.0,0.0,0.0,0.0,18.0,0.0,1.0,18.0,6.0,1.0,0.0,6.0,0.0,0.0,0.0,0.0,0.0,0.0,"Jan 19, 2017"
3288,3304034.0,2076.0,Muthanna,Al-Samawa,Hay Dor Al Nafid,حي دور النفط,31.3120405655,45.2480024099,2.0,12.0,0.0,0.0,0.0,0.0,0.0,0.0,0.0,0.0,0.0,0.0,0.0,0.0,2.0,0.0,0.0,0.0,0.0,0.0,0.0,0.0,0.0,0.0,0.0,0.0,0.0,2.0,0.0,2.0,0.0,0.0,0.0,0.0,0.0,0.0,0.0,0.0,0.0,0.0,0.0,0.0,0.0,0.0,2.0,0.0,0.0,2.0,0.0,0.0,0.0,0.0,0.0,0.0,0.0,0.0,0.0,0.0,"Jan 19, 2017"
3289,3304035.0,29574.0,Muthanna,Al-Samawa,Hay Al Entesar,حي الانتصار,31.3365433412,45.2780591603,4.0,24.0,2.0,0.0,0.0,0.0,0.0,0.0,0.0,0.0,0.0,0.0,0.0,0.0,2.0,0.0,0.0,0.0,0.0,0.0,0.0,2.0,0.0,0.0,0.0,0.0,0.0,0.0,2.0,0.0,0.0,2.0,0.0,0.0,0.0,0.0,0.0,0.0,0.0,0.0,0.0,0.0,0.0,0.0,2.0,0.0,0.0,2.0,2.0,0.0,0.0,2.0,0.0,0.0,0.0,0.0,0.0,0.0,"Jan 19, 2017"
3290,3304036.0,29575.0,Muthanna,Al-Samawa,Hay Dor Al Shareka,حي دور الشركة,31.3037680881,45.3007897083,1.0,6.0,0.0,0.0,0.0,0.0,0.0,0.0,0.0,0.0,0.0,0.0,0.0,0.0,1.0,0.0,0.0,0.0,0.0,0.0,0.0,1.0,0.0,0.0,0.0,0.0,0.0,0.0,0.0,0.0,0.0,0.0,0.0,0.0,0.0,0.0,0.0,0.0,0.0,0.0,0.0,0.0,0.0,0.0,1.0,0.0,0.0,1.0,0.0,0.0,0.0,0.0,0.0,0.0,0.0,0.0,0.0,0.0,"Jan 19, 2017"
3291,3304037.0,1478.0,Muthanna,Al-Samawa,Hay Al Sheirta,حي الشرطة,31.3036461733,45.2772097383,2.0,12.0,1.0,0.0,0.0,0.0,0.0,0.0,0.0,0.0,0.0,0.0,0.0,0.0,1.0,0.0,0.0,0.0,0.0,0.0,0.0,0.0,0.0,0.0,0.0,0.0,0.0,0.0,2.0,0.0,0.0,2.0,0.0,0.0,0.0,0.0,0.0,0.0,0.0,0.0,0.0,0.0,0.0,0.0,0.0,0.0,1.0,0.0,1.0,1.0,0.0,1.0,0.0,0.0,0.0,0.0,0.0,0.0,"Jan 19, 2017"
3292,3304038.0,1573.0,Muthanna,Al-Samawa,Hay Saed Jabar,حي سيد جبار,31.3062663563,45.310907755,4.0,24.0,1.0,0.0,0.0,0.0,0.0,0.0,0.0,0.0,0.0,0.0,0.0,0.0,3.0,0.0,0.0,0.0,0.0,0.0,0.0,2.0,0.0,0.0,0.0,0.0,0.0,0.0,2.0,0.0,0.0,2.0,0.0,0.0,0.0,0.0,0.0,0.0,0.0,0.0,0.0,0.0,0.0,0.0,3.0,0.0,0.0,3.0,1.0,0.0,0.0,1.0,0.0,0.0,0.0,0.0,0.0,0.0,"Jan 19, 2017"
3293,3304039.0,29573.0,Muthanna,Al-Samawa,Hay Alabeiad,حي ال عبيد,31.3181711733,45.2944189589,1.0,6.0,0.0,0.0,0.0,0.0,0.0,0.0,0.0,0.0,0.0,0.0,0.0,0.0,1.0,0.0,0.0,0.0,0.0,0.0,0.0,1.0,0.0,0.0,0.0,0.0,0.0,0.0,0.0,0.0,0.0,0.0,0.0,0.0,0.0,0.0,0.0,0.0,0.0,0.0,0.0,0.0,0.0,0.0,1.0,0.0,0.0,1.0,0.0,0.0,0.0,0.0,0.0,0.0,0.0,0.0,0.0,0.0,"Jan 19, 2017"
3294,3401001.0,19905.0,Najaf,Al-Manathera,Al Jumhooriya,حي الجمهورية,31.9096697779,44.4856153721,26.0,156.0,1.0,0.0,0.0,0.0,0.0,0.0,0.0,0.0,0.0,0.0,0.0,0.0,25.0,0.0,0.0,0.0,0.0,0.0,0.0,0.0,0.0,0.0,0.0,0.0,0.0,2.0,24.0,2.0,0.0,24.0,0.0,0.0,0.0,0.0,0.0,0.0,0.0,0.0,0.0,0.0,25.0,0.0,0.0,25.0,0.0,0.0,1.0,0.0,0.0,1.0,0.0,0.0,0.0,0.0,0.0,0.0,"Jan 19, 2017"
3295,3401002.0,19588.0,Najaf,Al-Manathera,Al Mishkhab,المشخاب,31.8054389485,44.490823878,150.0,900.0,0.0,0.0,6.0,0.0,0.0,0.0,0.0,0.0,0.0,0.0,0.0,0.0,144.0,0.0,0.0,0.0,0.0,0.0,0.0,0.0,0.0,0.0,0.0,0.0,0.0,50.0,100.0,50.0,0.0,100.0,0.0,0.0,0.0,0.0,0.0,0.0,0.0,0.0,6.0,0.0,84.0,6.0,0.0,84.0,60.0,0.0,0.0,60.0,0.0,0.0,0.0,0.0,0.0,0.0,0.0,0.0,"Jan 19, 2017"
3296,3401003.0,24525.0,Najaf,Al-Manathera,Al Shahid Al Sader,الشهيد الصدر,31.8015190558,44.4881175593,18.0,108.0,7.0,0.0,0.0,0.0,0.0,0.0,0.0,0.0,0.0,0.0,0.0,0.0,11.0,0.0,0.0,0.0,0.0,0.0,0.0,0.0,0.0,0.0,0.0,0.0,0.0,0.0,18.0,0.0,0.0,18.0,0.0,0.0,0.0,0.0,0.0,0.0,0.0,0.0,0.0,0.0,11.0,0.0,0.0,11.0,0.0,0.0,7.0,0.0,0.0,7.0,0.0,0.0,0.0,0.0,0.0,0.0,"Jan 19, 2017"
3297,3401004.0,25907.0,Najaf,Al-Manathera,Al-Muhajeer,المحاجير,31.9051746884,44.5011034732,8.0,48.0,0.0,0.0,0.0,0.0,0.0,0.0,0.0,0.0,0.0,0.0,0.0,0.0,8.0,0.0,0.0,0.0,0.0,0.0,0.0,0.0,0.0,0.0,0.0,0.0,0.0,0.0,8.0,0.0,0.0,8.0,0.0,0.0,0.0,0.0,0.0,0.0,0.0,0.0,0.0,0.0,0.0,0.0,8.0,0.0,0.0,8.0,0.0,0.0,0.0,0.0,0.0,0.0,0.0,0.0,0.0,0.0,"Jan 19, 2017"
3298,3401005.0,25433.0,Najaf,Al-Manathera,Hay 9 Nissan,حي 9 نيسان,31.7023735076,44.4770539748,15.0,90.0,7.0,0.0,0.0,0.0,0.0,0.0,0.0,0.0,0.0,0.0,0.0,0.0,8.0,0.0,0.0,0.0,0.0,0.0,0.0,0.0,0.0,0.0,0.0,0.0,0.0,0.0,15.0,0.0,0.0,15.0,0.0,0.0,0.0,0.0,0.0,0.0,0.0,0.0,0.0,0.0,0.0,0.0,8.0,0.0,0.0,8.0,7.0,0.0,0.0,7.0,0.0,0.0,0.0,0.0,0.0,0.0,"Jan 19, 2017"
3299,3401008.0,25366.0,Najaf,Al-Manathera,Hay Al Noaman,حي النعمان,31.8902444374,44.4795371799,19.0,114.0,8.0,0.0,0.0,0.0,0.0,3.0,0.0,0.0,0.0,0.0,0.0,0.0,8.0,0.0,0.0,0.0,0.0,0.0,0.0,0.0,0.0,0.0,0.0,0.0,0.0,0.0,19.0,0.0,0.0,19.0,0.0,0.0,0.0,0.0,0.0,0.0,0.0,0.0,4.0,0.0,5.0,4.0,0.0,5.0,10.0,0.0,0.0,10.0,0.0,0.0,0.0,0.0,0.0,0.0,0.0,0.0,"Jan 19, 2017"
3300,3401009.0,19911.0,Najaf,Al-Manathera,Hay almatat,حي المطاط,31.9143829846,44.4806146141,121.0,726.0,18.0,0.0,0.0,0.0,0.0,5.0,0.0,0.0,0.0,0.0,0.0,0.0,98.0,0.0,0.0,0.0,0.0,0.0,0.0,0.0,0.0,0.0,0.0,0.0,0.0,61.0,60.0,61.0,0.0,60.0,0.0,0.0,0.0,0.0,0.0,0.0,0.0,0.0,0.0,0.0,98.0,0.0,0.0,98.0,5.0,0.0,18.0,5.0,0.0,18.0,0.0,0.0,0.0,0.0,0.0,0.0,"Jan 19, 2017"
3301,3401010.0,19816.0,Najaf,Al-Manathera,Hay alsaray,حي السراي,31.9043413569,44.4903824386,12.0,72.0,0.0,0.0,0.0,0.0,0.0,0.0,0.0,0.0,0.0,0.0,0.0,0.0,12.0,0.0,0.0,0.0,0.0,0.0,0.0,0.0,0.0,0.0,0.0,0.0,0.0,0.0,12.0,0.0,0.0,12.0,0.0,0.0,0.0,0.0,0.0,0.0,0.0,0.0,0.0,0.0,12.0,0.0,0.0,12.0,0.0,0.0,0.0,0.0,0.0,0.0,0.0,0.0,0.0,0.0,0.0,0.0,"Jan 19, 2017"
3302,3401011.0,19847.0,Najaf,Al-Manathera,Leshan,حي الليشان,31.8896118549,44.4733180374,43.0,258.0,18.0,0.0,3.0,0.0,0.0,1.0,0.0,0.0,0.0,0.0,0.0,0.0,15.0,0.0,6.0,0.0,0.0,0.0,0.0,0.0,0.0,0.0,0.0,0.0,0.0,12.0,31.0,12.0,0.0,31.0,0.0,0.0,0.0,0.0,0.0,0.0,0.0,0.0,1.0,0.0,3.0,1.0,21.0,3.0,18.0,21.0,0.0,18.0,0.0,0.0,0.0,0.0,0.0,0.0,0.0,0.0,"Jan 19, 2017"
3303,3401012.0,27146.0,Najaf,Al-Manathera,Suq Shaalan,سوق شعلان,31.7605184613,44.5169831411,25.0,150.0,0.0,0.0,0.0,0.0,0.0,5.0,0.0,0.0,0.0,0.0,0.0,0.0,20.0,0.0,0.0,0.0,0.0,0.0,0.0,0.0,0.0,0.0,0.0,0.0,0.0,15.0,10.0,15.0,0.0,10.0,0.0,0.0,0.0,0.0,0.0,0.0,0.0,0.0,5.0,0.0,20.0,5.0,0.0,20.0,0.0,0.0,0.0,0.0,0.0,0.0,0.0,0.0,0.0,0.0,0.0,0.0,"Jan 19, 2017"
3304,3402001.0,24720.0,Najaf,Kufa,Al Abasiyah-Al wahaby,العباسية-الوهابي,32.1363598815,44.4031218057,44.0,264.0,0.0,0.0,0.0,0.0,0.0,0.0,0.0,0.0,0.0,0.0,0.0,0.0,44.0,0.0,0.0,0.0,0.0,0.0,0.0,0.0,0.0,0.0,0.0,0.0,0.0,39.0,5.0,39.0,0.0,5.0,0.0,0.0,0.0,0.0,0.0,0.0,0.0,0.0,0.0,0.0,22.0,0.0,0.0,22.0,22.0,0.0,0.0,22.0,0.0,0.0,0.0,0.0,0.0,0.0,0.0,0.0,"Jan 19, 2017"
3305,3402002.0,24614.0,Najaf,Kufa,Al Abassiyah-Al Resalah 3,العباسية حي الرسالة الثالثة,32.0767746582,44.4328620252,51.0,306.0,0.0,0.0,0.0,0.0,0.0,0.0,0.0,0.0,0.0,0.0,0.0,0.0,51.0,0.0,0.0,0.0,0.0,0.0,0.0,0.0,0.0,0.0,0.0,0.0,0.0,45.0,6.0,45.0,0.0,6.0,0.0,0.0,0.0,0.0,0.0,0.0,0.0,0.0,0.0,0.0,0.0,0.0,0.0,0.0,51.0,0.0,0.0,51.0,0.0,0.0,0.0,0.0,0.0,0.0,0.0,0.0,"Jan 19, 2017"
3306,3402003.0,25635.0,Najaf,Kufa,Al Abassiyah-Al-Adal,العباسية-العدل,32.0786727289,44.4436369472,37.0,222.0,0.0,0.0,0.0,0.0,0.0,0.0,0.0,0.0,0.0,0.0,0.0,0.0,37.0,0.0,0.0,0.0,0.0,0.0,0.0,0.0,0.0,0.0,0.0,0.0,0.0,31.0,6.0,31.0,0.0,6.0,0.0,0.0,0.0,0.0,0.0,0.0,0.0,0.0,0.0,0.0,37.0,0.0,0.0,37.0,0.0,0.0,0.0,0.0,0.0,0.0,0.0,0.0,0.0,0.0,0.0,0.0,"Jan 19, 2017"
3307,3402004.0,25636.0,Najaf,Kufa,Al Abassiyah-Al-Zaidi,العباسية-الزيدي,32.073600512,44.4775908899,36.0,216.0,0.0,0.0,0.0,0.0,0.0,0.0,0.0,0.0,0.0,0.0,0.0,0.0,36.0,0.0,0.0,0.0,0.0,0.0,0.0,22.0,0.0,0.0,0.0,0.0,0.0,0.0,14.0,0.0,0.0,14.0,0.0,0.0,0.0,0.0,0.0,0.0,0.0,0.0,0.0,0.0,36.0,0.0,0.0,36.0,0.0,0.0,0.0,0.0,0.0,0.0,0.0,0.0,0.0,0.0,0.0,0.0,"Jan 19, 2017"
3308,3402005.0,20173.0,Najaf,Kufa,Al Abassiyah-Hay Al muntadher,العباسية-حي المنتظر,32.0712363183,44.4352061125,45.0,270.0,0.0,0.0,0.0,0.0,0.0,0.0,0.0,0.0,0.0,0.0,0.0,0.0,45.0,0.0,0.0,0.0,0.0,0.0,0.0,0.0,0.0,0.0,0.0,0.0,0.0,18.0,27.0,18.0,0.0,27.0,0.0,0.0,0.0,0.0,0.0,0.0,0.0,0.0,0.0,0.0,45.0,0.0,0.0,45.0,0.0,0.0,0.0,0.0,0.0,0.0,0.0,0.0,0.0,0.0,0.0,0.0,"Jan 19, 2017"
3309,3402006.0,24613.0,Najaf,Kufa,Al Abassiyah-Hay Al Resalah 2,العباسية حي الرسالة الثانية,32.0753456061,44.4369743557,67.0,402.0,0.0,0.0,0.0,0.0,0.0,0.0,0.0,0.0,0.0,0.0,0.0,0.0,67.0,0.0,0.0,0.0,0.0,0.0,0.0,0.0,0.0,0.0,0.0,0.0,0.0,41.0,26.0,41.0,0.0,26.0,0.0,0.0,0.0,0.0,0.0,0.0,0.0,0.0,0.0,0.0,26.0,0.0,0.0,26.0,41.0,0.0,0.0,41.0,0.0,0.0,0.0,0.0,0.0,0.0,0.0,0.0,"Jan 19, 2017"
3310,3402007.0,25634.0,Najaf,Kufa,Al Abassiyah-Mamal,طريق عباسية-معمل,32.037335477,44.4282717805,43.0,258.0,0.0,0.0,0.0,0.0,0.0,0.0,0.0,0.0,0.0,0.0,0.0,0.0,43.0,0.0,0.0,0.0,0.0,0.0,0.0,3.0,0.0,0.0,0.0,0.0,0.0,40.0,0.0,40.0,0.0,0.0,0.0,0.0,0.0,0.0,0.0,0.0,0.0,0.0,0.0,0.0,0.0,0.0,43.0,0.0,0.0,43.0,0.0,0.0,0.0,0.0,0.0,0.0,0.0,0.0,0.0,0.0,"Jan 19, 2017"
3311,3402008.0,20298.0,Najaf,Kufa,Al Barakiya,البراكية,32.009313044,44.4003731785,90.0,540.0,0.0,0.0,0.0,0.0,0.0,0.0,0.0,0.0,0.0,0.0,0.0,0.0,90.0,0.0,0.0,0.0,0.0,0.0,0.0,0.0,0.0,0.0,0.0,0.0,0.0,0.0,90.0,0.0,0.0,90.0,0.0,0.0,0.0,0.0,0.0,0.0,0.0,0.0,0.0,0.0,73.0,0.0,17.0,73.0,0.0,17.0,0.0,0.0,0.0,0.0,0.0,0.0,0.0,0.0,0.0,0.0,"Jan 19, 2017"
3312,3402009.0,24615.0,Najaf,Kufa,Al Hakeem,حي الحكيم,32.0772009783,44.4459737543,30.0,180.0,0.0,0.0,0.0,0.0,0.0,0.0,0.0,0.0,0.0,0.0,0.0,0.0,30.0,0.0,0.0,0.0,0.0,0.0,0.0,0.0,0.0,0.0,0.0,0.0,0.0,18.0,12.0,18.0,0.0,12.0,0.0,0.0,0.0,0.0,0.0,0.0,0.0,0.0,0.0,0.0,0.0,0.0,0.0,0.0,30.0,0.0,0.0,30.0,0.0,0.0,0.0,0.0,0.0,0.0,0.0,0.0,"Jan 19, 2017"
3313,3402010.0,20340.0,Najaf,Kufa,Al Hureya,الحرية,32.1019024397,44.5430663256,55.0,330.0,0.0,0.0,0.0,0.0,0.0,0.0,0.0,0.0,0.0,0.0,0.0,0.0,55.0,0.0,0.0,0.0,0.0,0.0,0.0,0.0,0.0,0.0,0.0,0.0,0.0,10.0,45.0,10.0,0.0,45.0,0.0,0.0,0.0,0.0,0.0,0.0,0.0,0.0,0.0,0.0,0.0,0.0,55.0,0.0,0.0,55.0,0.0,0.0,0.0,0.0,0.0,0.0,0.0,0.0,0.0,0.0,"Jan 19, 2017"
3314,3402011.0,24375.0,Najaf,Kufa,Al Kreishat,الكريشات,32.0306217572,44.403010624,130.0,780.0,4.0,0.0,0.0,0.0,0.0,0.0,0.0,0.0,0.0,0.0,0.0,0.0,126.0,0.0,0.0,0.0,0.0,0.0,0.0,0.0,0.0,0.0,0.0,0.0,0.0,4.0,126.0,4.0,0.0,126.0,0.0,0.0,0.0,0.0,0.0,0.0,0.0,0.0,0.0,0.0,90.0,0.0,0.0,90.0,12.0,0.0,28.0,12.0,0.0,28.0,0.0,0.0,0.0,0.0,0.0,0.0,"Jan 19, 2017"
3315,3402012.0,19634.0,Najaf,Kufa,Al Sahla,السهله,32.0371283971,44.3827438757,38.0,228.0,0.0,0.0,0.0,0.0,0.0,0.0,0.0,0.0,0.0,0.0,0.0,0.0,38.0,0.0,0.0,0.0,0.0,0.0,0.0,0.0,0.0,0.0,0.0,0.0,0.0,5.0,33.0,5.0,0.0,33.0,0.0,0.0,0.0,0.0,0.0,0.0,0.0,0.0,0.0,0.0,38.0,0.0,0.0,38.0,0.0,0.0,0.0,0.0,0.0,0.0,0.0,0.0,0.0,0.0,0.0,0.0,"Jan 19, 2017"
3316,3402014.0,20089.0,Najaf,Kufa,Al Suhailiya 1,السهيليه 1,32.03584247,44.3871690546,64.0,384.0,0.0,0.0,0.0,0.0,0.0,0.0,0.0,0.0,0.0,0.0,0.0,0.0,53.0,0.0,11.0,0.0,0.0,0.0,0.0,0.0,0.0,0.0,0.0,0.0,0.0,11.0,53.0,11.0,0.0,53.0,0.0,0.0,0.0,0.0,0.0,0.0,0.0,0.0,0.0,0.0,0.0,0.0,0.0,0.0,64.0,0.0,0.0,64.0,0.0,0.0,0.0,0.0,0.0,0.0,0.0,0.0,"Jan 19, 2017"
3317,3402015.0,25644.0,Najaf,Kufa,Al Suhailiya 2,السهيليه 2,32.034577263,44.3907607905,70.0,420.0,0.0,0.0,0.0,0.0,0.0,4.0,0.0,0.0,0.0,0.0,0.0,0.0,66.0,0.0,0.0,0.0,0.0,0.0,0.0,0.0,0.0,0.0,0.0,0.0,0.0,4.0,66.0,4.0,0.0,66.0,0.0,0.0,0.0,0.0,0.0,0.0,0.0,0.0,66.0,0.0,0.0,66.0,0.0,0.0,4.0,0.0,0.0,4.0,0.0,0.0,0.0,0.0,0.0,0.0,0.0,0.0,"Jan 19, 2017"
3318,3402016.0,24374.0,Najaf,Kufa,Albu Hadary,البو حداري,32.0720395587,44.39435981,74.0,444.0,0.0,0.0,0.0,0.0,0.0,0.0,0.0,0.0,23.0,0.0,0.0,0.0,51.0,0.0,0.0,0.0,0.0,0.0,0.0,0.0,0.0,0.0,0.0,0.0,0.0,7.0,67.0,7.0,0.0,67.0,0.0,0.0,0.0,0.0,0.0,0.0,0.0,0.0,0.0,0.0,28.0,0.0,0.0,28.0,46.0,0.0,0.0,46.0,0.0,0.0,0.0,0.0,0.0,0.0,0.0,0.0,"Jan 19, 2017"
3319,3402017.0,23485.0,Najaf,Kufa,Albu Noman,البو نعمان,32.0291770314,44.4182394248,43.0,258.0,0.0,0.0,0.0,0.0,0.0,0.0,0.0,0.0,0.0,0.0,0.0,0.0,43.0,0.0,0.0,0.0,0.0,0.0,0.0,0.0,0.0,0.0,0.0,0.0,0.0,33.0,10.0,33.0,0.0,10.0,0.0,0.0,0.0,0.0,0.0,0.0,0.0,0.0,0.0,0.0,43.0,0.0,0.0,43.0,0.0,0.0,0.0,0.0,0.0,0.0,0.0,0.0,0.0,0.0,0.0,0.0,"Jan 19, 2017"
3320,3402018.0,25855.0,Najaf,Kufa,Al-kufa Area-Al Issa,آل عيسى,31.9873350803,44.4500858459,15.0,90.0,5.0,0.0,0.0,0.0,0.0,0.0,0.0,0.0,0.0,0.0,0.0,0.0,10.0,0.0,0.0,0.0,0.0,0.0,0.0,0.0,0.0,0.0,0.0,5.0,0.0,0.0,10.0,0.0,0.0,10.0,0.0,0.0,0.0,0.0,0.0,0.0,0.0,0.0,5.0,0.0,0.0,5.0,0.0,0.0,10.0,0.0,0.0,10.0,0.0,0.0,0.0,0.0,0.0,0.0,0.0,0.0,"Jan 19, 2017"
3321,3402019.0,24311.0,Najaf,Kufa,Alwat Al Fahal,علوة الفحل,32.0781163674,44.3717020271,360.0,2160.0,0.0,0.0,0.0,0.0,0.0,0.0,0.0,0.0,10.0,0.0,0.0,0.0,350.0,0.0,0.0,0.0,0.0,0.0,0.0,0.0,0.0,0.0,0.0,0.0,0.0,274.0,86.0,274.0,0.0,86.0,0.0,0.0,0.0,0.0,0.0,0.0,0.0,0.0,0.0,0.0,194.0,0.0,0.0,194.0,166.0,0.0,0.0,166.0,0.0,0.0,0.0,0.0,0.0,0.0,0.0,0.0,"Jan 19, 2017"
3322,3402020.0,25891.0,Najaf,Kufa,Door Al-Maamal,دور المعمل,31.9756374879,44.4517787854,16.0,96.0,2.0,0.0,5.0,0.0,0.0,2.0,0.0,0.0,0.0,0.0,0.0,0.0,7.0,0.0,0.0,0.0,0.0,0.0,0.0,0.0,0.0,0.0,0.0,0.0,0.0,0.0,16.0,0.0,0.0,16.0,0.0,0.0,0.0,0.0,0.0,0.0,0.0,0.0,2.0,0.0,0.0,2.0,7.0,0.0,0.0,7.0,7.0,0.0,0.0,7.0,0.0,0.0,0.0,0.0,0.0,0.0,"Jan 19, 2017"
3323,3402021.0,22621.0,Najaf,Kufa,Hay Al Mualmin-Mahalla 208,حي المعلمين-محلة 208,32.0308790506,44.3948261404,2.0,12.0,0.0,0.0,0.0,0.0,0.0,0.0,0.0,0.0,0.0,0.0,0.0,0.0,2.0,0.0,0.0,0.0,0.0,0.0,0.0,0.0,0.0,0.0,0.0,0.0,0.0,0.0,2.0,0.0,0.0,2.0,0.0,0.0,0.0,0.0,0.0,0.0,0.0,0.0,0.0,0.0,0.0,0.0,2.0,0.0,0.0,2.0,0.0,0.0,0.0,0.0,0.0,0.0,0.0,0.0,0.0,0.0,"Jan 19, 2017"
3324,3402022.0,20041.0,Najaf,Kufa,Hay alfurat,حي الفرات,32.0300537725,44.4072867674,22.0,132.0,0.0,0.0,0.0,0.0,0.0,0.0,0.0,0.0,0.0,0.0,0.0,0.0,22.0,0.0,0.0,0.0,0.0,0.0,0.0,0.0,0.0,0.0,0.0,0.0,0.0,0.0,22.0,0.0,0.0,22.0,0.0,0.0,0.0,0.0,0.0,0.0,0.0,0.0,0.0,0.0,0.0,0.0,22.0,0.0,0.0,22.0,0.0,0.0,0.0,0.0,0.0,0.0,0.0,0.0,0.0,0.0,"Jan 19, 2017"
3325,3402024.0,25434.0,Najaf,Kufa,Hay Askary-Mutanabi,حي عسكري-متنبي,32.0344028666,44.3818564664,7.0,42.0,3.0,0.0,0.0,0.0,0.0,0.0,0.0,0.0,0.0,0.0,0.0,0.0,4.0,0.0,0.0,0.0,0.0,0.0,0.0,0.0,0.0,0.0,0.0,0.0,0.0,0.0,7.0,0.0,0.0,7.0,0.0,0.0,0.0,0.0,0.0,0.0,0.0,0.0,3.0,0.0,0.0,3.0,2.0,0.0,2.0,2.0,0.0,2.0,0.0,0.0,0.0,0.0,0.0,0.0,0.0,0.0,"Jan 19, 2017"
3326,3402025.0,20054.0,Najaf,Kufa,Hay Kinda 1,حي كندة 1,32.0292054188,44.3951552383,4.0,24.0,2.0,0.0,0.0,0.0,0.0,0.0,0.0,0.0,0.0,0.0,0.0,0.0,2.0,0.0,0.0,0.0,0.0,0.0,0.0,2.0,0.0,0.0,0.0,0.0,0.0,0.0,2.0,0.0,0.0,2.0,0.0,0.0,0.0,0.0,0.0,0.0,0.0,0.0,0.0,0.0,2.0,0.0,0.0,2.0,2.0,0.0,0.0,2.0,0.0,0.0,0.0,0.0,0.0,0.0,0.0,0.0,"Jan 19, 2017"
3327,3402028.0,20122.0,Najaf,Kufa,Hay missan 230,حي ميسان 230,32.0644241308,44.3622919572,40.0,240.0,0.0,0.0,0.0,0.0,0.0,0.0,0.0,0.0,0.0,0.0,0.0,0.0,40.0,0.0,0.0,0.0,0.0,0.0,0.0,0.0,0.0,0.0,0.0,0.0,0.0,0.0,40.0,0.0,0.0,40.0,0.0,0.0,0.0,0.0,0.0,0.0,0.0,0.0,0.0,0.0,0.0,0.0,40.0,0.0,0.0,40.0,0.0,0.0,0.0,0.0,0.0,0.0,0.0,0.0,0.0,0.0,"Jan 19, 2017"
3328,3402029.0,20130.0,Najaf,Kufa,Hay missan 232,حي ميسان 232,32.049574136,44.3653653884,6.0,36.0,0.0,0.0,0.0,0.0,0.0,0.0,0.0,0.0,1.0,0.0,0.0,0.0,5.0,0.0,0.0,0.0,0.0,0.0,0.0,0.0,0.0,0.0,0.0,0.0,0.0,0.0,6.0,0.0,0.0,6.0,0.0,0.0,0.0,0.0,0.0,0.0,0.0,0.0,1.0,0.0,0.0,1.0,5.0,0.0,0.0,5.0,0.0,0.0,0.0,0.0,0.0,0.0,0.0,0.0,0.0,0.0,"Jan 19, 2017"
3329,3402030.0,20132.0,Najaf,Kufa,Hay missan 234,حي ميسان 234,32.0583422747,44.3551152434,39.0,234.0,8.0,0.0,0.0,0.0,0.0,0.0,0.0,0.0,0.0,0.0,0.0,0.0,31.0,0.0,0.0,0.0,0.0,0.0,0.0,0.0,0.0,0.0,0.0,0.0,0.0,1.0,38.0,1.0,0.0,38.0,0.0,0.0,0.0,0.0,0.0,0.0,0.0,0.0,0.0,0.0,1.0,0.0,30.0,1.0,8.0,30.0,0.0,8.0,0.0,0.0,0.0,0.0,0.0,0.0,0.0,0.0,"Jan 19, 2017"
3330,3402031.0,20161.0,Najaf,Kufa,Hay missan 236,حي ميسان 236,32.0617313722,44.3608085375,36.0,216.0,6.0,0.0,0.0,0.0,0.0,0.0,0.0,0.0,0.0,0.0,0.0,0.0,30.0,0.0,0.0,0.0,0.0,0.0,0.0,0.0,0.0,0.0,0.0,0.0,0.0,0.0,36.0,0.0,0.0,36.0,0.0,0.0,0.0,0.0,0.0,0.0,0.0,0.0,6.0,0.0,30.0,6.0,0.0,30.0,0.0,0.0,0.0,0.0,0.0,0.0,0.0,0.0,0.0,0.0,0.0,0.0,"Jan 19, 2017"
3331,3402032.0,20148.0,Najaf,Kufa,Hay missan block 238,حي ميسان 238,32.046302057,44.3659652474,24.0,144.0,3.0,0.0,0.0,0.0,0.0,0.0,0.0,0.0,0.0,0.0,0.0,0.0,21.0,0.0,0.0,0.0,0.0,0.0,0.0,0.0,0.0,0.0,0.0,0.0,0.0,0.0,24.0,0.0,0.0,24.0,0.0,0.0,0.0,0.0,0.0,0.0,0.0,0.0,0.0,0.0,0.0,0.0,3.0,0.0,21.0,3.0,0.0,21.0,0.0,0.0,0.0,0.0,0.0,0.0,0.0,0.0,"Jan 19, 2017"
3332,3402033.0,20158.0,Najaf,Kufa,Hay missan block 242,حي ميسان 242,32.0633934715,44.3528329214,32.0,192.0,8.0,0.0,0.0,0.0,0.0,0.0,0.0,0.0,0.0,0.0,0.0,0.0,24.0,0.0,0.0,0.0,0.0,0.0,0.0,8.0,0.0,0.0,0.0,0.0,0.0,0.0,24.0,0.0,0.0,24.0,0.0,0.0,0.0,0.0,0.0,0.0,0.0,0.0,0.0,0.0,8.0,0.0,5.0,8.0,19.0,5.0,0.0,19.0,0.0,0.0,0.0,0.0,0.0,0.0,0.0,0.0,"Jan 19, 2017"
3333,3402035.0,20347.0,Najaf,Kufa,Maytham Al Tamar,حي ميثم التمار,32.0193019381,44.3981725202,42.0,252.0,5.0,0.0,0.0,0.0,0.0,0.0,0.0,0.0,0.0,0.0,0.0,0.0,37.0,0.0,0.0,0.0,0.0,0.0,0.0,0.0,0.0,0.0,0.0,0.0,0.0,0.0,42.0,0.0,0.0,42.0,0.0,0.0,0.0,0.0,0.0,0.0,0.0,0.0,2.0,0.0,0.0,2.0,40.0,0.0,0.0,40.0,0.0,0.0,0.0,0.0,0.0,0.0,0.0,0.0,0.0,0.0,"Jan 19, 2017"
3334,3402037.0,25890.0,Najaf,Kufa,Sader 3,الصدر الثالث,32.0124100328,44.4032305122,6.0,36.0,6.0,0.0,0.0,0.0,0.0,0.0,0.0,0.0,0.0,0.0,0.0,0.0,0.0,0.0,0.0,0.0,0.0,0.0,0.0,0.0,0.0,0.0,0.0,0.0,0.0,0.0,6.0,0.0,0.0,6.0,0.0,0.0,0.0,0.0,0.0,0.0,0.0,0.0,0.0,0.0,0.0,0.0,0.0,0.0,0.0,0.0,6.0,0.0,0.0,6.0,0.0,0.0,0.0,0.0,0.0,0.0,"Jan 19, 2017"
3335,3402040.0,28477.0,Najaf,Kufa,Al-Jamhuriya,الجمهورية,32.0332552827,44.3958767058,11.0,66.0,0.0,0.0,0.0,0.0,0.0,0.0,0.0,0.0,0.0,0.0,0.0,0.0,11.0,0.0,0.0,0.0,0.0,0.0,0.0,0.0,0.0,0.0,0.0,0.0,0.0,0.0,11.0,0.0,0.0,11.0,0.0,0.0,0.0,0.0,0.0,0.0,0.0,0.0,0.0,0.0,0.0,0.0,0.0,0.0,11.0,0.0,0.0,11.0,0.0,0.0,0.0,0.0,0.0,0.0,0.0,0.0,"Jan 19, 2017"
3336,3403001.0,20892.0,Najaf,Najaf,Abu Khalid,حي ابو خالد,31.9976587365,44.3415954202,5.0,30.0,0.0,0.0,0.0,0.0,0.0,0.0,0.0,0.0,5.0,0.0,0.0,0.0,0.0,0.0,0.0,0.0,0.0,0.0,0.0,0.0,0.0,0.0,0.0,0.0,0.0,0.0,5.0,0.0,0.0,5.0,0.0,0.0,0.0,0.0,0.0,0.0,0.0,0.0,0.0,0.0,5.0,0.0,0.0,5.0,0.0,0.0,0.0,0.0,0.0,0.0,0.0,0.0,0.0,0.0,0.0,0.0,"Jan 19, 2017"
3337,3403003.0,20260.0,Najaf,Najaf,Al bory,قرية البوري,32.2796098883,44.2892457254,360.0,2160.0,13.0,0.0,0.0,0.0,0.0,0.0,0.0,0.0,0.0,0.0,0.0,0.0,347.0,0.0,0.0,0.0,0.0,0.0,0.0,13.0,0.0,0.0,0.0,0.0,0.0,347.0,0.0,347.0,0.0,0.0,0.0,0.0,0.0,0.0,0.0,0.0,0.0,0.0,13.0,0.0,0.0,13.0,347.0,0.0,0.0,347.0,0.0,0.0,0.0,0.0,0.0,0.0,0.0,0.0,0.0,0.0,"Jan 19, 2017"
3338,3403006.0,24433.0,Najaf,Najaf,Al Imam Al Mahdi,الامام المهدي,31.9872877109,44.3434341874,8.0,48.0,0.0,0.0,5.0,0.0,0.0,0.0,0.0,0.0,0.0,0.0,0.0,0.0,3.0,0.0,0.0,0.0,0.0,0.0,0.0,0.0,0.0,0.0,0.0,0.0,0.0,0.0,8.0,0.0,0.0,8.0,0.0,0.0,0.0,0.0,0.0,0.0,0.0,0.0,0.0,0.0,5.0,0.0,3.0,5.0,0.0,3.0,0.0,0.0,0.0,0.0,0.0,0.0,0.0,0.0,0.0,0.0,"Jan 19, 2017"
3339,3403007.0,22114.0,Najaf,Najaf,Al Jamiaa 1,الجامعة 1,32.0267041626,44.352212248,14.0,84.0,0.0,0.0,0.0,0.0,0.0,0.0,0.0,0.0,0.0,0.0,0.0,0.0,14.0,0.0,0.0,0.0,0.0,0.0,0.0,0.0,0.0,0.0,0.0,0.0,0.0,0.0,14.0,0.0,0.0,14.0,0.0,0.0,0.0,0.0,0.0,0.0,0.0,0.0,0.0,0.0,0.0,0.0,14.0,0.0,0.0,14.0,0.0,0.0,0.0,0.0,0.0,0.0,0.0,0.0,0.0,0.0,"Jan 19, 2017"
3340,3403008.0,22565.0,Najaf,Najaf,Al Jamiaa 3,الجامعة 3,32.0378245022,44.357380437,27.0,162.0,1.0,0.0,0.0,0.0,0.0,0.0,0.0,0.0,0.0,0.0,0.0,0.0,26.0,0.0,0.0,0.0,0.0,0.0,0.0,0.0,0.0,0.0,0.0,0.0,0.0,0.0,27.0,0.0,0.0,27.0,0.0,0.0,0.0,0.0,0.0,0.0,0.0,0.0,0.0,0.0,26.0,0.0,0.0,26.0,1.0,0.0,0.0,1.0,0.0,0.0,0.0,0.0,0.0,0.0,0.0,0.0,"Jan 19, 2017"
3341,3403009.0,20285.0,Najaf,Najaf,Al Jamiaa 2,الجامعة 2,32.0394625888,44.3499515756,10.0,60.0,6.0,0.0,0.0,0.0,0.0,0.0,0.0,0.0,0.0,0.0,0.0,0.0,4.0,0.0,0.0,0.0,0.0,0.0,0.0,0.0,0.0,0.0,0.0,0.0,0.0,0.0,10.0,0.0,0.0,10.0,0.0,0.0,0.0,0.0,0.0,0.0,0.0,0.0,6.0,0.0,4.0,6.0,0.0,4.0,0.0,0.0,0.0,0.0,0.0,0.0,0.0,0.0,0.0,0.0,0.0,0.0,"Jan 19, 2017"
3342,3403010.0,22620.0,Najaf,Najaf,Al Jazair 5,الجزائر 5,32.0514905094,44.3434127783,32.0,192.0,5.0,0.0,0.0,0.0,0.0,0.0,0.0,0.0,0.0,0.0,0.0,0.0,20.0,0.0,7.0,0.0,0.0,0.0,0.0,8.0,0.0,0.0,0.0,0.0,0.0,0.0,18.0,0.0,0.0,18.0,0.0,0.0,0.0,0.0,6.0,0.0,0.0,6.0,5.0,0.0,6.0,5.0,16.0,6.0,5.0,16.0,0.0,5.0,0.0,0.0,0.0,0.0,0.0,0.0,0.0,0.0,"Jan 19, 2017"
3343,3403011.0,21936.0,Najaf,Najaf,Al Jazair 3,الجزائر 3,32.0473973344,44.3438943167,10.0,60.0,0.0,0.0,0.0,0.0,0.0,0.0,0.0,0.0,0.0,0.0,0.0,0.0,10.0,0.0,0.0,0.0,0.0,0.0,0.0,0.0,0.0,0.0,0.0,0.0,0.0,0.0,10.0,0.0,0.0,10.0,0.0,0.0,0.0,0.0,0.0,0.0,0.0,0.0,0.0,0.0,0.0,0.0,10.0,0.0,0.0,10.0,0.0,0.0,0.0,0.0,0.0,0.0,0.0,0.0,0.0,0.0,"Jan 19, 2017"
3344,3403012.0,20338.0,Najaf,Najaf,AL JEDAIDA,الجديدة 4,31.990201697,44.3178220468,220.0,1320.0,10.0,0.0,0.0,0.0,0.0,0.0,0.0,0.0,0.0,0.0,0.0,0.0,210.0,0.0,0.0,0.0,0.0,0.0,0.0,0.0,0.0,0.0,0.0,0.0,0.0,8.0,212.0,8.0,0.0,212.0,0.0,0.0,0.0,0.0,0.0,0.0,0.0,0.0,0.0,0.0,210.0,0.0,0.0,210.0,2.0,0.0,8.0,2.0,0.0,8.0,0.0,0.0,0.0,0.0,0.0,0.0,"Jan 19, 2017"
3345,3403014.0,24376.0,Najaf,Najaf,Al Noor,النور,31.980476089,44.3260465678,5.0,30.0,0.0,0.0,0.0,0.0,0.0,0.0,0.0,0.0,0.0,0.0,0.0,0.0,5.0,0.0,0.0,0.0,0.0,0.0,0.0,0.0,0.0,0.0,0.0,0.0,0.0,0.0,5.0,0.0,0.0,5.0,0.0,0.0,0.0,0.0,0.0,0.0,0.0,0.0,0.0,0.0,5.0,0.0,0.0,5.0,0.0,0.0,0.0,0.0,0.0,0.0,0.0,0.0,0.0,0.0,0.0,0.0,"Jan 19, 2017"
3346,3403015.0,23747.0,Najaf,Najaf,Al-Qasim 2,حي القاسم 2,32.0487064765,44.3125292035,55.0,330.0,12.0,0.0,0.0,0.0,0.0,0.0,0.0,0.0,3.0,0.0,0.0,0.0,40.0,0.0,0.0,0.0,0.0,0.0,0.0,0.0,0.0,0.0,0.0,0.0,0.0,0.0,55.0,0.0,0.0,55.0,0.0,0.0,0.0,0.0,0.0,0.0,0.0,0.0,40.0,0.0,0.0,40.0,0.0,0.0,3.0,0.0,12.0,3.0,0.0,12.0,0.0,0.0,0.0,0.0,0.0,0.0,"Jan 19, 2017"
3347,3403016.0,24373.0,Najaf,Najaf,Al Quds 22,القدس 22,31.9791939795,44.3533989022,66.0,396.0,0.0,0.0,0.0,0.0,0.0,0.0,0.0,0.0,0.0,0.0,0.0,0.0,66.0,0.0,0.0,0.0,0.0,0.0,0.0,0.0,0.0,0.0,0.0,0.0,0.0,10.0,56.0,10.0,0.0,56.0,0.0,0.0,0.0,0.0,0.0,0.0,0.0,0.0,0.0,0.0,66.0,0.0,0.0,66.0,0.0,0.0,0.0,0.0,0.0,0.0,0.0,0.0,0.0,0.0,0.0,0.0,"Jan 19, 2017"
3348,3403017.0,21577.0,Najaf,Najaf,Al Radhawiyah 2,الرضوية 2,31.9664470318,44.3837887774,15.0,90.0,0.0,0.0,0.0,0.0,0.0,0.0,0.0,0.0,0.0,0.0,0.0,0.0,15.0,0.0,0.0,0.0,0.0,0.0,0.0,0.0,0.0,0.0,0.0,0.0,0.0,15.0,0.0,15.0,0.0,0.0,0.0,0.0,0.0,0.0,0.0,0.0,0.0,0.0,0.0,0.0,0.0,0.0,15.0,0.0,0.0,15.0,0.0,0.0,0.0,0.0,0.0,0.0,0.0,0.0,0.0,0.0,"Jan 19, 2017"
3349,3403018.0,21575.0,Najaf,Najaf,Al Radhawiyah 3,الرضوية 3,31.9633210107,44.3884170439,66.0,396.0,0.0,0.0,0.0,0.0,0.0,0.0,0.0,0.0,0.0,0.0,0.0,0.0,66.0,0.0,0.0,0.0,0.0,0.0,0.0,66.0,0.0,0.0,0.0,0.0,0.0,0.0,0.0,0.0,0.0,0.0,0.0,0.0,0.0,0.0,0.0,0.0,0.0,0.0,0.0,0.0,66.0,0.0,0.0,66.0,0.0,0.0,0.0,0.0,0.0,0.0,0.0,0.0,0.0,0.0,0.0,0.0,"Jan 19, 2017"
3350,3403019.0,25649.0,Najaf,Najaf,Al Radhawiyah 4,الرضوية 4,31.9627459469,44.3894925676,71.0,426.0,0.0,0.0,0.0,0.0,0.0,0.0,0.0,0.0,0.0,0.0,0.0,0.0,71.0,0.0,0.0,0.0,0.0,0.0,0.0,0.0,0.0,0.0,0.0,0.0,0.0,0.0,71.0,0.0,0.0,71.0,0.0,0.0,0.0,0.0,0.0,0.0,0.0,0.0,0.0,0.0,0.0,0.0,71.0,0.0,0.0,71.0,0.0,0.0,0.0,0.0,0.0,0.0,0.0,0.0,0.0,0.0,"Jan 19, 2017"
3351,3403020.0,25638.0,Najaf,Najaf,Al Radhawiyah 5,الرضوية 5,31.9569320037,44.4001768937,9.0,54.0,0.0,0.0,0.0,0.0,0.0,0.0,0.0,0.0,0.0,0.0,0.0,0.0,9.0,0.0,0.0,0.0,0.0,0.0,0.0,0.0,0.0,0.0,0.0,0.0,0.0,0.0,9.0,0.0,0.0,9.0,0.0,0.0,0.0,0.0,0.0,0.0,0.0,0.0,0.0,0.0,0.0,0.0,0.0,0.0,9.0,0.0,0.0,9.0,0.0,0.0,0.0,0.0,0.0,0.0,0.0,0.0,"Jan 19, 2017"
3352,3403021.0,25639.0,Najaf,Najaf,Al Radhawiyah 6,الرضوية 6,31.9539993901,44.4091724209,12.0,72.0,0.0,0.0,0.0,0.0,0.0,0.0,0.0,0.0,0.0,0.0,0.0,0.0,10.0,0.0,2.0,0.0,0.0,0.0,0.0,0.0,0.0,0.0,0.0,0.0,0.0,12.0,0.0,12.0,0.0,0.0,0.0,0.0,0.0,0.0,0.0,0.0,0.0,0.0,0.0,0.0,0.0,0.0,0.0,0.0,12.0,0.0,0.0,12.0,0.0,0.0,0.0,0.0,0.0,0.0,0.0,0.0,"Jan 19, 2017"
3353,3403022.0,25640.0,Najaf,Najaf,Al Radhawiyah 7,الرضوية 7,31.9519130676,44.4136935852,94.0,564.0,0.0,0.0,0.0,0.0,0.0,0.0,0.0,0.0,0.0,0.0,0.0,0.0,94.0,0.0,0.0,0.0,0.0,0.0,0.0,0.0,0.0,0.0,0.0,0.0,0.0,10.0,84.0,10.0,0.0,84.0,0.0,0.0,0.0,0.0,0.0,0.0,0.0,0.0,0.0,0.0,0.0,0.0,94.0,0.0,0.0,94.0,0.0,0.0,0.0,0.0,0.0,0.0,0.0,0.0,0.0,0.0,"Jan 19, 2017"
3354,3403023.0,25641.0,Najaf,Najaf,Al Radhawiyah 8,الرضوية 8,31.951530176,44.4150329377,23.0,138.0,0.0,0.0,0.0,0.0,0.0,0.0,0.0,0.0,0.0,0.0,0.0,0.0,23.0,0.0,0.0,0.0,0.0,0.0,0.0,0.0,0.0,0.0,0.0,0.0,0.0,0.0,23.0,0.0,0.0,23.0,0.0,0.0,0.0,0.0,0.0,0.0,0.0,0.0,0.0,0.0,0.0,0.0,0.0,0.0,23.0,0.0,0.0,23.0,0.0,0.0,0.0,0.0,0.0,0.0,0.0,0.0,"Jan 19, 2017"
3355,3403024.0,23705.0,Najaf,Najaf,Al Rehab,الرحاب,32.0936977521,44.3324568209,13.0,78.0,7.0,0.0,0.0,0.0,0.0,0.0,0.0,0.0,0.0,0.0,0.0,0.0,6.0,0.0,0.0,0.0,0.0,0.0,0.0,0.0,0.0,7.0,0.0,0.0,7.0,2.0,4.0,2.0,0.0,4.0,0.0,0.0,0.0,0.0,0.0,0.0,0.0,0.0,9.0,0.0,4.0,9.0,0.0,4.0,0.0,0.0,0.0,0.0,0.0,0.0,0.0,0.0,0.0,0.0,0.0,0.0,"Jan 19, 2017"
3356,3403025.0,19643.0,Najaf,Najaf,Al Salam,حي السلام,32.0336596684,44.3386552908,63.0,378.0,0.0,0.0,0.0,0.0,0.0,0.0,0.0,0.0,0.0,0.0,0.0,0.0,63.0,0.0,0.0,0.0,0.0,0.0,0.0,0.0,0.0,0.0,0.0,0.0,0.0,0.0,63.0,0.0,0.0,63.0,0.0,0.0,0.0,0.0,0.0,0.0,0.0,0.0,0.0,0.0,63.0,0.0,0.0,63.0,0.0,0.0,0.0,0.0,0.0,0.0,0.0,0.0,0.0,0.0,0.0,0.0,"Jan 19, 2017"
3357,3403026.0,24429.0,Najaf,Najaf,Al-Shaheed Al-Sadar 5,حي الشهيد الصدر 5,32.0529840135,44.3261125512,70.0,420.0,6.0,0.0,0.0,0.0,0.0,0.0,0.0,0.0,0.0,0.0,0.0,0.0,64.0,0.0,0.0,0.0,0.0,0.0,0.0,0.0,0.0,0.0,0.0,0.0,0.0,0.0,69.0,0.0,0.0,69.0,0.0,0.0,0.0,0.0,1.0,0.0,0.0,1.0,0.0,0.0,0.0,0.0,64.0,0.0,6.0,64.0,0.0,6.0,0.0,0.0,0.0,0.0,0.0,0.0,0.0,0.0,"Jan 19, 2017"
3358,3403027.0,26015.0,Najaf,Najaf,Al-Ameriya,العامرية,31.9869246018,44.3148376754,68.0,408.0,0.0,0.0,0.0,0.0,0.0,0.0,0.0,0.0,0.0,0.0,0.0,0.0,68.0,0.0,0.0,0.0,0.0,0.0,0.0,4.0,0.0,0.0,0.0,0.0,0.0,0.0,64.0,0.0,0.0,64.0,0.0,0.0,0.0,0.0,0.0,0.0,0.0,0.0,0.0,0.0,6.0,0.0,62.0,6.0,0.0,62.0,0.0,0.0,0.0,0.0,0.0,0.0,0.0,0.0,0.0,0.0,"Jan 19, 2017"
3359,3403028.0,25943.0,Najaf,Najaf,Al-Fao,الفاو,32.051397061,44.3081552947,49.0,294.0,6.0,0.0,0.0,0.0,0.0,0.0,0.0,0.0,0.0,0.0,0.0,0.0,43.0,0.0,0.0,0.0,0.0,0.0,0.0,0.0,0.0,0.0,0.0,0.0,0.0,0.0,49.0,0.0,0.0,49.0,0.0,0.0,0.0,0.0,0.0,0.0,0.0,0.0,0.0,0.0,0.0,0.0,43.0,0.0,0.0,43.0,6.0,0.0,0.0,6.0,0.0,0.0,0.0,0.0,0.0,0.0,"Jan 19, 2017"
3360,3403030.0,19976.0,Najaf,Najaf,Aljadidah althalthah,الجديدة الثالثة,31.9898749688,44.3325416296,94.0,564.0,0.0,0.0,0.0,0.0,0.0,0.0,0.0,0.0,0.0,0.0,0.0,0.0,94.0,0.0,0.0,0.0,0.0,0.0,0.0,0.0,0.0,0.0,0.0,0.0,0.0,33.0,61.0,33.0,0.0,61.0,0.0,0.0,0.0,0.0,0.0,0.0,0.0,0.0,0.0,0.0,94.0,0.0,0.0,94.0,0.0,0.0,0.0,0.0,0.0,0.0,0.0,0.0,0.0,0.0,0.0,0.0,"Jan 19, 2017"
3361,3403031.0,19968.0,Najaf,Najaf,Aljadidah althanyah,الجديدة الثانية,31.9922369736,44.3232730594,39.0,234.0,0.0,0.0,0.0,0.0,0.0,0.0,0.0,0.0,0.0,0.0,0.0,0.0,39.0,0.0,0.0,0.0,0.0,0.0,0.0,0.0,0.0,0.0,0.0,0.0,0.0,0.0,39.0,0.0,0.0,39.0,0.0,0.0,0.0,0.0,0.0,0.0,0.0,0.0,0.0,0.0,39.0,0.0,0.0,39.0,0.0,0.0,0.0,0.0,0.0,0.0,0.0,0.0,0.0,0.0,0.0,0.0,"Jan 19, 2017"
3362,3403032.0,19965.0,Najaf,Najaf,Aljadidah alulah,الجديدة الاولى,31.9949114615,44.3306133625,62.0,372.0,0.0,0.0,0.0,0.0,0.0,0.0,0.0,0.0,0.0,0.0,0.0,0.0,62.0,0.0,0.0,0.0,0.0,0.0,0.0,0.0,0.0,0.0,0.0,0.0,0.0,4.0,58.0,4.0,0.0,58.0,0.0,0.0,0.0,0.0,0.0,0.0,0.0,0.0,0.0,0.0,62.0,0.0,0.0,62.0,0.0,0.0,0.0,0.0,0.0,0.0,0.0,0.0,0.0,0.0,0.0,0.0,"Jan 19, 2017"
3363,3403034.0,25977.0,Najaf,Najaf,Al-Nidaa,النداء,32.0614168536,44.3034905578,6.0,36.0,1.0,0.0,0.0,0.0,0.0,0.0,0.0,0.0,0.0,0.0,0.0,0.0,5.0,0.0,0.0,0.0,0.0,0.0,0.0,0.0,0.0,0.0,0.0,0.0,0.0,0.0,6.0,0.0,0.0,6.0,0.0,0.0,0.0,0.0,0.0,0.0,0.0,0.0,0.0,0.0,5.0,0.0,0.0,5.0,0.0,0.0,1.0,0.0,0.0,1.0,0.0,0.0,0.0,0.0,0.0,0.0,"Jan 19, 2017"
3364,3403036.0,20062.0,Najaf,Najaf,Hay aby taleb,حي ابو طالب,32.0261866154,44.311255301,94.0,564.0,4.0,0.0,0.0,0.0,0.0,0.0,0.0,0.0,0.0,0.0,0.0,0.0,90.0,0.0,0.0,0.0,0.0,0.0,0.0,0.0,0.0,0.0,0.0,0.0,0.0,46.0,48.0,46.0,0.0,48.0,0.0,0.0,0.0,0.0,0.0,0.0,0.0,0.0,0.0,0.0,90.0,0.0,0.0,90.0,0.0,0.0,4.0,0.0,0.0,4.0,0.0,0.0,0.0,0.0,0.0,0.0,"Jan 19, 2017"
3365,3403037.0,23132.0,Najaf,Najaf,Al-Adalah 1,العدالة 1,32.0192346047,44.3641358953,18.0,108.0,0.0,0.0,0.0,0.0,0.0,0.0,0.0,0.0,0.0,0.0,0.0,0.0,18.0,0.0,0.0,0.0,0.0,0.0,0.0,0.0,0.0,0.0,0.0,0.0,0.0,0.0,18.0,0.0,0.0,18.0,0.0,0.0,0.0,0.0,0.0,0.0,0.0,0.0,0.0,0.0,0.0,0.0,18.0,0.0,0.0,18.0,0.0,0.0,0.0,0.0,0.0,0.0,0.0,0.0,0.0,0.0,"Jan 19, 2017"
3366,3403038.0,25432.0,Najaf,Najaf,Hay Al Tahadi,حي التحدي,32.3120043875,44.2690350487,769.0,4614.0,0.0,0.0,0.0,0.0,0.0,0.0,0.0,0.0,0.0,0.0,0.0,0.0,769.0,0.0,0.0,0.0,0.0,0.0,0.0,0.0,0.0,0.0,0.0,0.0,0.0,319.0,450.0,319.0,0.0,450.0,0.0,0.0,0.0,0.0,0.0,0.0,0.0,0.0,0.0,0.0,769.0,0.0,0.0,769.0,0.0,0.0,0.0,0.0,0.0,0.0,0.0,0.0,0.0,0.0,0.0,0.0,"Jan 19, 2017"
3367,3403039.0,25431.0,Najaf,Najaf,Hay Al Ameer,حي الامير,32.3160216607,44.2690096232,202.0,1212.0,20.0,0.0,0.0,0.0,0.0,0.0,0.0,0.0,0.0,0.0,0.0,0.0,182.0,0.0,0.0,0.0,0.0,0.0,0.0,0.0,0.0,0.0,0.0,0.0,0.0,82.0,120.0,82.0,0.0,120.0,0.0,0.0,0.0,0.0,0.0,0.0,0.0,0.0,20.0,0.0,182.0,20.0,0.0,182.0,0.0,0.0,0.0,0.0,0.0,0.0,0.0,0.0,0.0,0.0,0.0,0.0,"Jan 19, 2017"
3368,3403040.0,20291.0,Najaf,Najaf,Hay Al Hussain,حي الحسين,32.0071146308,44.3293288204,8.0,48.0,0.0,0.0,0.0,0.0,0.0,0.0,0.0,0.0,0.0,0.0,0.0,0.0,8.0,0.0,0.0,0.0,0.0,0.0,0.0,0.0,0.0,0.0,0.0,0.0,0.0,0.0,8.0,0.0,0.0,8.0,0.0,0.0,0.0,0.0,0.0,0.0,0.0,0.0,0.0,0.0,8.0,0.0,0.0,8.0,0.0,0.0,0.0,0.0,0.0,0.0,0.0,0.0,0.0,0.0,0.0,0.0,"Jan 19, 2017"
3369,3403041.0,19988.0,Najaf,Najaf,Hay Al imam Ali Al mualmien,حي الامام علي والمعلمين,31.9904078355,44.3423001248,8.0,48.0,4.0,0.0,0.0,0.0,0.0,0.0,0.0,0.0,0.0,0.0,0.0,0.0,4.0,0.0,0.0,0.0,0.0,0.0,0.0,0.0,0.0,0.0,0.0,0.0,0.0,0.0,8.0,0.0,0.0,8.0,0.0,0.0,0.0,0.0,0.0,0.0,0.0,0.0,0.0,0.0,4.0,0.0,0.0,4.0,4.0,0.0,0.0,4.0,0.0,0.0,0.0,0.0,0.0,0.0,0.0,0.0,"Jan 19, 2017"
3370,3403042.0,22912.0,Najaf,Najaf,Al Jamiaa 4,الجامعة 4,32.0336829873,44.3470852399,18.0,108.0,0.0,0.0,0.0,0.0,0.0,0.0,0.0,0.0,0.0,0.0,0.0,0.0,18.0,0.0,0.0,0.0,0.0,0.0,0.0,0.0,0.0,0.0,0.0,0.0,0.0,0.0,18.0,0.0,0.0,18.0,0.0,0.0,0.0,0.0,0.0,0.0,0.0,0.0,0.0,0.0,0.0,0.0,18.0,0.0,0.0,18.0,0.0,0.0,0.0,0.0,0.0,0.0,0.0,0.0,0.0,0.0,"Jan 19, 2017"
3371,3403043.0,22908.0,Najaf,Najaf,Al Jazair 2-A,الجزائر 2-A,32.0553884493,44.3364854949,10.0,60.0,0.0,0.0,0.0,0.0,0.0,0.0,0.0,0.0,0.0,0.0,0.0,0.0,10.0,0.0,0.0,0.0,0.0,0.0,0.0,0.0,0.0,0.0,0.0,0.0,0.0,0.0,10.0,0.0,0.0,10.0,0.0,0.0,0.0,0.0,0.0,0.0,0.0,0.0,0.0,0.0,0.0,0.0,10.0,0.0,0.0,10.0,0.0,0.0,0.0,0.0,0.0,0.0,0.0,0.0,0.0,0.0,"Jan 19, 2017"
3372,3403044.0,23118.0,Najaf,Najaf,Al Jazair 2-B,الجزائر 2-B,32.058611619,44.3452233358,20.0,120.0,20.0,0.0,0.0,0.0,0.0,0.0,0.0,0.0,0.0,0.0,0.0,0.0,0.0,0.0,0.0,0.0,0.0,0.0,0.0,0.0,0.0,0.0,0.0,0.0,0.0,0.0,20.0,0.0,0.0,20.0,0.0,0.0,0.0,0.0,0.0,0.0,0.0,0.0,20.0,0.0,0.0,20.0,0.0,0.0,0.0,0.0,0.0,0.0,0.0,0.0,0.0,0.0,0.0,0.0,0.0,0.0,"Jan 19, 2017"
3373,3403045.0,25642.0,Najaf,Najaf,Al Jazair 4,الجزائر 4,32.0458689169,44.3506222529,27.0,162.0,0.0,0.0,0.0,0.0,0.0,0.0,0.0,0.0,0.0,0.0,0.0,0.0,27.0,0.0,0.0,0.0,0.0,0.0,0.0,0.0,0.0,0.0,0.0,0.0,0.0,0.0,27.0,0.0,0.0,27.0,0.0,0.0,0.0,0.0,0.0,0.0,0.0,0.0,0.0,0.0,0.0,0.0,0.0,0.0,27.0,0.0,0.0,27.0,0.0,0.0,0.0,0.0,0.0,0.0,0.0,0.0,"Jan 19, 2017"
3374,3403046.0,22909.0,Najaf,Najaf,Al Jazair 1,الجزائر 1,32.0510974221,44.3398890939,23.0,138.0,10.0,0.0,0.0,0.0,0.0,0.0,0.0,0.0,0.0,0.0,0.0,0.0,13.0,0.0,0.0,0.0,0.0,0.0,0.0,0.0,0.0,0.0,0.0,0.0,0.0,0.0,23.0,0.0,0.0,23.0,0.0,0.0,0.0,0.0,0.0,0.0,0.0,0.0,10.0,0.0,0.0,10.0,13.0,0.0,0.0,13.0,0.0,0.0,0.0,0.0,0.0,0.0,0.0,0.0,0.0,0.0,"Jan 19, 2017"
3375,3403047.0,24377.0,Najaf,Najaf,Hay Al qadissiyah,حي القادسية,32.0010880079,44.3718808835,16.0,96.0,0.0,0.0,0.0,0.0,0.0,0.0,0.0,0.0,0.0,0.0,0.0,0.0,16.0,0.0,0.0,0.0,0.0,0.0,0.0,0.0,0.0,0.0,0.0,0.0,0.0,0.0,16.0,0.0,0.0,16.0,0.0,0.0,0.0,0.0,0.0,0.0,0.0,0.0,0.0,0.0,16.0,0.0,0.0,16.0,0.0,0.0,0.0,0.0,0.0,0.0,0.0,0.0,0.0,0.0,0.0,0.0,"Jan 19, 2017"
3376,3403048.0,20349.0,Najaf,Najaf,Hay Al Rahma,حي الرحمة,32.0177379884,44.3224693103,225.0,1350.0,60.0,0.0,4.0,0.0,0.0,0.0,0.0,0.0,0.0,0.0,0.0,0.0,150.0,0.0,11.0,0.0,0.0,0.0,0.0,0.0,0.0,0.0,0.0,0.0,0.0,0.0,225.0,0.0,0.0,225.0,0.0,0.0,0.0,0.0,0.0,0.0,0.0,0.0,121.0,0.0,44.0,121.0,60.0,44.0,0.0,60.0,0.0,0.0,0.0,0.0,0.0,0.0,0.0,0.0,0.0,0.0,"Jan 19, 2017"
3377,3403049.0,21574.0,Najaf,Najaf,Al-Shaheed Al-Sadar 1,حي الشهيد الصدر 1,32.0628537147,44.3238195151,47.0,282.0,3.0,0.0,0.0,0.0,0.0,0.0,0.0,0.0,0.0,0.0,0.0,0.0,44.0,0.0,0.0,0.0,0.0,0.0,0.0,0.0,0.0,0.0,0.0,0.0,0.0,9.0,38.0,9.0,0.0,38.0,0.0,0.0,0.0,0.0,0.0,0.0,0.0,0.0,3.0,0.0,44.0,3.0,0.0,44.0,0.0,0.0,0.0,0.0,0.0,0.0,0.0,0.0,0.0,0.0,0.0,0.0,"Jan 19, 2017"
3378,3403050.0,22937.0,Najaf,Najaf,Al-Urooba 1,العروبة 1,32.0429870281,44.3399124762,5.0,30.0,0.0,0.0,0.0,0.0,0.0,0.0,0.0,0.0,0.0,0.0,0.0,0.0,5.0,0.0,0.0,0.0,0.0,0.0,0.0,0.0,0.0,0.0,0.0,0.0,0.0,0.0,5.0,0.0,0.0,5.0,0.0,0.0,0.0,0.0,0.0,0.0,0.0,0.0,0.0,0.0,0.0,0.0,5.0,0.0,0.0,5.0,0.0,0.0,0.0,0.0,0.0,0.0,0.0,0.0,0.0,0.0,"Jan 19, 2017"
3379,3403051.0,22938.0,Najaf,Najaf,Al-Urooba 2,العروبة 2,32.0407575027,44.335618837,22.0,132.0,5.0,0.0,0.0,0.0,0.0,0.0,0.0,0.0,0.0,0.0,0.0,0.0,17.0,0.0,0.0,0.0,0.0,0.0,0.0,0.0,0.0,0.0,0.0,0.0,0.0,0.0,22.0,0.0,0.0,22.0,0.0,0.0,0.0,0.0,0.0,0.0,0.0,0.0,5.0,0.0,0.0,5.0,17.0,0.0,0.0,17.0,0.0,0.0,0.0,0.0,0.0,0.0,0.0,0.0,0.0,0.0,"Jan 19, 2017"
3380,3403052.0,22769.0,Najaf,Najaf,Hay Al Yarmook 326,حي اليرموك 326,32.0874432948,44.3457165829,20.0,120.0,3.0,0.0,0.0,0.0,0.0,0.0,0.0,0.0,0.0,0.0,0.0,0.0,17.0,0.0,0.0,0.0,0.0,0.0,0.0,0.0,0.0,0.0,0.0,0.0,0.0,0.0,20.0,0.0,0.0,20.0,0.0,0.0,0.0,0.0,0.0,0.0,0.0,0.0,3.0,0.0,17.0,3.0,0.0,17.0,0.0,0.0,0.0,0.0,0.0,0.0,0.0,0.0,0.0,0.0,0.0,0.0,"Jan 19, 2017"
3381,3403053.0,22911.0,Najaf,Najaf,Hay Al Yarmuk-332,حي اليرموك 332,32.0604755214,44.3355438057,10.0,60.0,2.0,0.0,0.0,0.0,0.0,0.0,0.0,0.0,0.0,0.0,0.0,0.0,8.0,0.0,0.0,0.0,0.0,0.0,0.0,0.0,0.0,0.0,0.0,0.0,0.0,0.0,10.0,0.0,0.0,10.0,0.0,0.0,0.0,0.0,0.0,0.0,0.0,0.0,2.0,0.0,0.0,2.0,8.0,0.0,0.0,8.0,0.0,0.0,0.0,0.0,0.0,0.0,0.0,0.0,0.0,0.0,"Jan 19, 2017"
3382,3403054.0,20301.0,Najaf,Najaf,Hay Al-Zahra,حي الزهراء,31.9979545642,44.3540700131,8.0,48.0,0.0,0.0,0.0,0.0,0.0,0.0,0.0,0.0,0.0,0.0,0.0,0.0,8.0,0.0,0.0,0.0,0.0,0.0,0.0,0.0,0.0,0.0,0.0,0.0,0.0,0.0,8.0,0.0,0.0,8.0,0.0,0.0,0.0,0.0,0.0,0.0,0.0,0.0,0.0,0.0,0.0,0.0,0.0,0.0,8.0,0.0,0.0,8.0,0.0,0.0,0.0,0.0,0.0,0.0,0.0,0.0,"Jan 19, 2017"
3383,3403055.0,24240.0,Najaf,Najaf,Hay Al zahraa-Al Haidariyah,حي الزهراء-الحيدرية,32.3155588689,44.2742811368,1150.0,6900.0,0.0,0.0,0.0,0.0,0.0,0.0,0.0,0.0,0.0,0.0,0.0,0.0,1150.0,0.0,0.0,0.0,0.0,0.0,0.0,0.0,0.0,0.0,0.0,0.0,0.0,984.0,166.0,984.0,0.0,166.0,0.0,0.0,0.0,0.0,0.0,0.0,0.0,0.0,0.0,0.0,1150.0,0.0,0.0,1150.0,0.0,0.0,0.0,0.0,0.0,0.0,0.0,0.0,0.0,0.0,0.0,0.0,"Jan 19, 2017"
3384,3403056.0,19971.0,Najaf,Najaf,Al-Ansar,الانصار,31.9863089998,44.3529316043,59.0,354.0,9.0,0.0,0.0,0.0,0.0,0.0,0.0,0.0,0.0,0.0,0.0,0.0,50.0,0.0,0.0,0.0,0.0,0.0,0.0,0.0,0.0,0.0,0.0,0.0,0.0,5.0,54.0,5.0,0.0,54.0,0.0,0.0,0.0,0.0,0.0,0.0,0.0,0.0,9.0,0.0,50.0,9.0,0.0,50.0,0.0,0.0,0.0,0.0,0.0,0.0,0.0,0.0,0.0,0.0,0.0,0.0,"Jan 19, 2017"
3385,3403057.0,20045.0,Najaf,Najaf,Hay alghary 1,حي الغري 1,32.0274185324,44.3347924358,15.0,90.0,2.0,0.0,0.0,0.0,0.0,0.0,0.0,0.0,0.0,0.0,0.0,0.0,13.0,0.0,0.0,0.0,0.0,0.0,0.0,0.0,0.0,0.0,0.0,0.0,0.0,0.0,15.0,0.0,0.0,15.0,0.0,0.0,0.0,0.0,0.0,0.0,0.0,0.0,0.0,0.0,15.0,0.0,0.0,15.0,0.0,0.0,0.0,0.0,0.0,0.0,0.0,0.0,0.0,0.0,0.0,0.0,"Jan 19, 2017"
3386,3403058.0,19998.0,Najaf,Najaf,Hay alhawra zainab,حي الحوراء زينب,31.9933092636,44.3548928051,17.0,102.0,4.0,0.0,0.0,0.0,0.0,0.0,0.0,0.0,0.0,0.0,0.0,0.0,13.0,0.0,0.0,0.0,0.0,0.0,0.0,0.0,0.0,0.0,0.0,0.0,0.0,0.0,17.0,0.0,0.0,17.0,0.0,0.0,0.0,0.0,0.0,0.0,0.0,0.0,4.0,0.0,9.0,4.0,0.0,9.0,4.0,0.0,0.0,4.0,0.0,0.0,0.0,0.0,0.0,0.0,0.0,0.0,"Jan 19, 2017"
3387,3403059.0,20119.0,Najaf,Najaf,Al-Jihad 1,الجهاد 1,32.0386128924,44.3206833638,20.0,120.0,0.0,0.0,0.0,0.0,0.0,0.0,0.0,0.0,0.0,0.0,0.0,0.0,20.0,0.0,0.0,0.0,0.0,0.0,0.0,0.0,0.0,0.0,0.0,0.0,0.0,0.0,20.0,0.0,0.0,20.0,0.0,0.0,0.0,0.0,0.0,0.0,0.0,0.0,0.0,0.0,20.0,0.0,0.0,20.0,0.0,0.0,0.0,0.0,0.0,0.0,0.0,0.0,0.0,0.0,0.0,0.0,"Jan 19, 2017"
3388,3403060.0,20098.0,Najaf,Najaf,Al-Jihad 2,الجهاد 2,32.0380821773,44.3120831958,10.0,60.0,0.0,0.0,0.0,0.0,0.0,0.0,0.0,0.0,0.0,0.0,0.0,0.0,10.0,0.0,0.0,0.0,0.0,0.0,0.0,0.0,0.0,0.0,0.0,0.0,0.0,0.0,3.0,0.0,0.0,3.0,0.0,0.0,7.0,0.0,0.0,7.0,0.0,0.0,0.0,0.0,0.0,0.0,7.0,0.0,3.0,7.0,0.0,3.0,0.0,0.0,0.0,0.0,0.0,0.0,0.0,0.0,"Jan 19, 2017"
3389,3403061.0,20090.0,Najaf,Najaf,Al-Jihad 3,الجهاد 3,32.0384751514,44.3177883331,36.0,216.0,2.0,0.0,0.0,0.0,0.0,1.0,0.0,0.0,0.0,0.0,0.0,0.0,33.0,0.0,0.0,0.0,0.0,0.0,0.0,0.0,0.0,0.0,0.0,0.0,0.0,0.0,36.0,0.0,0.0,36.0,0.0,0.0,0.0,0.0,0.0,0.0,0.0,0.0,0.0,0.0,33.0,0.0,3.0,33.0,0.0,3.0,0.0,0.0,0.0,0.0,0.0,0.0,0.0,0.0,0.0,0.0,"Jan 19, 2017"
3390,3403062.0,20085.0,Najaf,Najaf,Al-Jihad 4,الجهاد 4,32.0318871385,44.3184328301,22.0,132.0,7.0,0.0,0.0,0.0,0.0,0.0,0.0,0.0,0.0,0.0,0.0,0.0,15.0,0.0,0.0,0.0,0.0,0.0,0.0,0.0,0.0,0.0,0.0,0.0,0.0,0.0,22.0,0.0,0.0,22.0,0.0,0.0,0.0,0.0,0.0,0.0,0.0,0.0,0.0,0.0,6.0,0.0,12.0,6.0,0.0,12.0,4.0,0.0,0.0,4.0,0.0,0.0,0.0,0.0,0.0,0.0,"Jan 19, 2017"
3391,3403063.0,20073.0,Najaf,Najaf,Al-Jihad 5,الجهاد 5,32.0375071465,44.3087974011,30.0,180.0,10.0,0.0,0.0,0.0,0.0,0.0,0.0,0.0,0.0,0.0,0.0,0.0,20.0,0.0,0.0,0.0,0.0,0.0,0.0,0.0,0.0,0.0,0.0,0.0,0.0,0.0,30.0,0.0,0.0,30.0,0.0,0.0,0.0,0.0,0.0,0.0,0.0,0.0,0.0,0.0,20.0,0.0,0.0,20.0,0.0,0.0,10.0,0.0,0.0,10.0,0.0,0.0,0.0,0.0,0.0,0.0,"Jan 19, 2017"
3392,3403064.0,20084.0,Najaf,Najaf,Al-Jihad 6,الجهاد 6,32.0286707061,44.3045129502,19.0,114.0,1.0,0.0,0.0,0.0,0.0,0.0,0.0,0.0,0.0,0.0,0.0,0.0,18.0,0.0,0.0,0.0,0.0,0.0,0.0,0.0,0.0,0.0,0.0,0.0,0.0,0.0,19.0,0.0,0.0,19.0,0.0,0.0,0.0,0.0,0.0,0.0,0.0,0.0,0.0,0.0,0.0,0.0,7.0,0.0,12.0,7.0,0.0,12.0,0.0,0.0,0.0,0.0,0.0,0.0,0.0,0.0,"Jan 19, 2017"
3393,3403065.0,20128.0,Najaf,Najaf,Al-Qasim 3,حي القاسم 3,32.0517403556,44.3143461698,80.0,480.0,4.0,0.0,0.0,0.0,0.0,1.0,0.0,0.0,0.0,0.0,0.0,0.0,75.0,0.0,0.0,0.0,0.0,0.0,0.0,0.0,0.0,0.0,0.0,0.0,0.0,0.0,80.0,0.0,0.0,80.0,0.0,0.0,0.0,0.0,0.0,0.0,0.0,0.0,0.0,0.0,0.0,0.0,75.0,0.0,5.0,75.0,0.0,5.0,0.0,0.0,0.0,0.0,0.0,0.0,0.0,0.0,"Jan 19, 2017"
3394,3403066.0,23748.0,Najaf,Najaf,Al-Risala 2,الرسالة 2,32.0384354466,44.3254031534,50.0,300.0,2.0,0.0,0.0,0.0,0.0,0.0,0.0,0.0,0.0,0.0,0.0,0.0,48.0,0.0,0.0,0.0,0.0,0.0,0.0,0.0,0.0,0.0,0.0,0.0,0.0,0.0,50.0,0.0,0.0,50.0,0.0,0.0,0.0,0.0,0.0,0.0,0.0,0.0,2.0,0.0,32.0,2.0,0.0,32.0,16.0,0.0,0.0,16.0,0.0,0.0,0.0,0.0,0.0,0.0,0.0,0.0,"Jan 19, 2017"
3395,3403067.0,20080.0,Najaf,Najaf,Hay alsalam 131,حي السلام 131,32.0332869466,44.3303686148,31.0,186.0,9.0,0.0,0.0,0.0,0.0,0.0,0.0,0.0,0.0,0.0,0.0,0.0,22.0,0.0,0.0,0.0,0.0,0.0,0.0,0.0,0.0,0.0,0.0,0.0,0.0,0.0,31.0,0.0,0.0,31.0,0.0,0.0,0.0,0.0,0.0,0.0,0.0,0.0,0.0,0.0,9.0,0.0,22.0,9.0,0.0,22.0,0.0,0.0,0.0,0.0,0.0,0.0,0.0,0.0,0.0,0.0,"Jan 19, 2017"
3396,3403068.0,20141.0,Najaf,Najaf,Al-Shaheed Al-Sadar 2,حي الشهيد الصدر 2,32.06091945,44.3280284814,17.0,102.0,0.0,0.0,0.0,0.0,0.0,0.0,0.0,0.0,0.0,0.0,0.0,0.0,17.0,0.0,0.0,0.0,0.0,0.0,0.0,0.0,0.0,0.0,0.0,0.0,0.0,0.0,17.0,0.0,0.0,17.0,0.0,0.0,0.0,0.0,0.0,0.0,0.0,0.0,0.0,0.0,0.0,0.0,17.0,0.0,0.0,17.0,0.0,0.0,0.0,0.0,0.0,0.0,0.0,0.0,0.0,0.0,"Jan 19, 2017"
3397,3403069.0,20137.0,Najaf,Najaf,Al-Shaheed Al-Sadar 4,حي الشهيد الصدر 4,32.0554801521,44.3262132539,22.0,132.0,0.0,0.0,0.0,0.0,0.0,0.0,0.0,0.0,0.0,0.0,0.0,0.0,22.0,0.0,0.0,0.0,0.0,0.0,0.0,0.0,0.0,0.0,0.0,0.0,0.0,22.0,0.0,22.0,0.0,0.0,0.0,0.0,0.0,0.0,0.0,0.0,0.0,0.0,0.0,0.0,0.0,0.0,22.0,0.0,0.0,22.0,0.0,0.0,0.0,0.0,0.0,0.0,0.0,0.0,0.0,0.0,"Jan 19, 2017"
3398,3403070.0,24378.0,Najaf,Najaf,Hay Tabok,حي تبوك,31.9842394275,44.3317629939,25.0,150.0,4.0,0.0,0.0,0.0,0.0,0.0,0.0,0.0,0.0,0.0,0.0,0.0,21.0,0.0,0.0,0.0,0.0,0.0,0.0,0.0,0.0,0.0,0.0,0.0,0.0,0.0,25.0,0.0,0.0,25.0,0.0,0.0,0.0,0.0,0.0,0.0,0.0,0.0,0.0,0.0,21.0,0.0,0.0,21.0,0.0,0.0,4.0,0.0,0.0,4.0,0.0,0.0,0.0,0.0,0.0,0.0,"Jan 19, 2017"
3399,3403072.0,26014.0,Najaf,Najaf,Madhlum Village,قرية مظلوم,31.9005890643,44.22987622,8.0,48.0,8.0,0.0,0.0,0.0,0.0,0.0,0.0,0.0,0.0,0.0,0.0,0.0,0.0,0.0,0.0,0.0,0.0,0.0,0.0,0.0,0.0,0.0,0.0,0.0,0.0,0.0,8.0,0.0,0.0,8.0,0.0,0.0,0.0,0.0,0.0,0.0,0.0,0.0,0.0,0.0,8.0,0.0,0.0,8.0,0.0,0.0,0.0,0.0,0.0,0.0,0.0,0.0,0.0,0.0,0.0,0.0,"Jan 19, 2017"
3400,3403074.0,25643.0,Najaf,Najaf,Shareet Noor-Tabook,شريط نور-تبوك,31.979442538,44.3292367372,4.0,24.0,0.0,0.0,0.0,0.0,0.0,0.0,0.0,0.0,0.0,0.0,0.0,0.0,4.0,0.0,0.0,0.0,0.0,0.0,0.0,0.0,0.0,0.0,0.0,0.0,0.0,0.0,4.0,0.0,0.0,4.0,0.0,0.0,0.0,0.0,0.0,0.0,0.0,0.0,0.0,0.0,4.0,0.0,0.0,4.0,0.0,0.0,0.0,0.0,0.0,0.0,0.0,0.0,0.0,0.0,0.0,0.0,"Jan 19, 2017"
3401,3403075.0,20282.0,Najaf,Najaf,Shawafi Village,الشوافع,31.9879224381,44.3147482039,210.0,1260.0,0.0,0.0,0.0,0.0,0.0,0.0,0.0,0.0,0.0,0.0,0.0,0.0,210.0,0.0,0.0,0.0,0.0,0.0,0.0,0.0,0.0,0.0,0.0,0.0,0.0,0.0,210.0,0.0,0.0,210.0,0.0,0.0,0.0,0.0,0.0,0.0,0.0,0.0,0.0,0.0,164.0,0.0,0.0,164.0,46.0,0.0,0.0,46.0,0.0,0.0,0.0,0.0,0.0,0.0,0.0,0.0,"Jan 19, 2017"
3402,3403077.0,20018.0,Najaf,Najaf,Al Siha,حي الصحه,32.0085203086,44.3420085991,4.0,24.0,0.0,0.0,0.0,0.0,0.0,0.0,0.0,0.0,0.0,0.0,0.0,0.0,4.0,0.0,0.0,0.0,0.0,0.0,0.0,0.0,0.0,0.0,0.0,0.0,0.0,4.0,0.0,4.0,0.0,0.0,0.0,0.0,0.0,0.0,0.0,0.0,0.0,0.0,0.0,0.0,0.0,0.0,0.0,0.0,4.0,0.0,0.0,4.0,0.0,0.0,0.0,0.0,0.0,0.0,0.0,0.0,"Jan 19, 2017"
3403,3403078.0,29598.0,Najaf,Najaf,Al Salam Complex,مجمع السلام,32.174144889,44.3075260715,380.0,2280.0,0.0,0.0,0.0,0.0,0.0,0.0,0.0,0.0,0.0,0.0,0.0,0.0,380.0,0.0,0.0,0.0,0.0,0.0,380.0,0.0,0.0,0.0,0.0,0.0,0.0,0.0,0.0,0.0,0.0,0.0,0.0,0.0,0.0,0.0,0.0,0.0,0.0,0.0,0.0,0.0,285.0,0.0,95.0,285.0,0.0,95.0,0.0,0.0,0.0,0.0,0.0,0.0,0.0,0.0,0.0,0.0,"Jan 19, 2017"
3404,3403079.0,29618.0,Najaf,Najaf,Mafraq Al-Kefal,مفرك الجفل,32.2168920533,44.3015051335,95.0,570.0,0.0,0.0,0.0,0.0,0.0,0.0,0.0,0.0,0.0,0.0,0.0,0.0,95.0,0.0,0.0,0.0,0.0,0.0,0.0,0.0,0.0,0.0,0.0,0.0,0.0,95.0,0.0,95.0,0.0,0.0,0.0,0.0,0.0,0.0,0.0,0.0,0.0,0.0,0.0,0.0,95.0,0.0,0.0,95.0,0.0,0.0,0.0,0.0,0.0,0.0,0.0,0.0,0.0,0.0,0.0,0.0,"Jan 19, 2017"
3405,3403080.0,29619.0,Najaf,Najaf,Al-Mazarea AL-Westa,المزارع الوسطى,32.2412195358,44.291453769,800.0,4800.0,0.0,0.0,0.0,0.0,0.0,0.0,0.0,0.0,0.0,0.0,0.0,0.0,800.0,0.0,0.0,0.0,0.0,0.0,0.0,0.0,0.0,0.0,0.0,0.0,0.0,790.0,10.0,790.0,0.0,10.0,0.0,0.0,0.0,0.0,0.0,0.0,0.0,0.0,0.0,0.0,800.0,0.0,0.0,800.0,0.0,0.0,0.0,0.0,0.0,0.0,0.0,0.0,0.0,0.0,0.0,0.0,"Jan 19, 2017"
3406,3403081.0,20341.0,Najaf,Najaf,Al-Qasim,القاسم,32.3101327841,44.2765477471,225.0,1350.0,0.0,0.0,0.0,0.0,0.0,0.0,0.0,0.0,0.0,0.0,0.0,0.0,225.0,0.0,0.0,0.0,0.0,0.0,0.0,0.0,0.0,0.0,0.0,0.0,0.0,225.0,0.0,225.0,0.0,0.0,0.0,0.0,0.0,0.0,0.0,0.0,0.0,0.0,0.0,0.0,225.0,0.0,0.0,225.0,0.0,0.0,0.0,0.0,0.0,0.0,0.0,0.0,0.0,0.0,0.0,0.0,"Jan 19, 2017"
3407,3403082.0,19637.0,Najaf,Najaf,Markaz Alhaidariya,مركز الحيدرية,32.3093582935,44.273303692,144.0,864.0,0.0,0.0,0.0,0.0,0.0,0.0,0.0,0.0,0.0,0.0,0.0,0.0,144.0,0.0,0.0,0.0,0.0,0.0,0.0,0.0,0.0,0.0,0.0,0.0,0.0,144.0,0.0,144.0,0.0,0.0,0.0,0.0,0.0,0.0,0.0,0.0,0.0,0.0,0.0,0.0,144.0,0.0,0.0,144.0,0.0,0.0,0.0,0.0,0.0,0.0,0.0,0.0,0.0,0.0,0.0,0.0,"Jan 19, 2017"
3408,3403083.0,29620.0,Najaf,Najaf,AL-Ajdaa,الاجدع,32.3321799698,44.2532413112,141.0,846.0,0.0,0.0,0.0,0.0,0.0,0.0,0.0,0.0,0.0,0.0,0.0,0.0,141.0,0.0,0.0,0.0,0.0,0.0,0.0,0.0,0.0,0.0,0.0,0.0,0.0,101.0,40.0,101.0,0.0,40.0,0.0,0.0,0.0,0.0,0.0,0.0,0.0,0.0,0.0,0.0,141.0,0.0,0.0,141.0,0.0,0.0,0.0,0.0,0.0,0.0,0.0,0.0,0.0,0.0,0.0,0.0,"Jan 19, 2017"
3409,3403084.0,29621.0,Najaf,Najaf,Mazara Al-Hawli,مزارع الحولي,32.0964972997,44.3313444008,461.0,2766.0,0.0,0.0,0.0,0.0,0.0,0.0,0.0,0.0,0.0,0.0,0.0,0.0,461.0,0.0,0.0,0.0,0.0,0.0,0.0,0.0,0.0,0.0,0.0,0.0,0.0,461.0,0.0,461.0,0.0,0.0,0.0,0.0,0.0,0.0,0.0,0.0,0.0,0.0,0.0,0.0,461.0,0.0,0.0,461.0,0.0,0.0,0.0,0.0,0.0,0.0,0.0,0.0,0.0,0.0,0.0,0.0,"Jan 19, 2017"
3410,3403085.0,29622.0,Najaf,Najaf,Fadak Village,قرية فدك,32.2165742135,44.3388864397,549.0,3294.0,0.0,0.0,0.0,0.0,0.0,0.0,0.0,0.0,0.0,0.0,0.0,0.0,549.0,0.0,0.0,0.0,0.0,0.0,0.0,0.0,0.0,0.0,0.0,0.0,0.0,549.0,0.0,549.0,0.0,0.0,0.0,0.0,0.0,0.0,0.0,0.0,0.0,0.0,0.0,0.0,0.0,0.0,549.0,0.0,0.0,549.0,0.0,0.0,0.0,0.0,0.0,0.0,0.0,0.0,0.0,0.0,"Jan 19, 2017"
3411,3403086.0,29623.0,Najaf,Najaf,Al-Mazara 2,المزارع الثانية,32.11799585,44.3390212301,3161.0,18966.0,0.0,0.0,0.0,0.0,0.0,0.0,0.0,0.0,0.0,0.0,0.0,0.0,3161.0,0.0,0.0,0.0,0.0,0.0,0.0,0.0,0.0,0.0,0.0,0.0,0.0,3161.0,0.0,3161.0,0.0,0.0,0.0,0.0,0.0,0.0,0.0,0.0,0.0,0.0,0.0,0.0,2800.0,0.0,361.0,2800.0,0.0,361.0,0.0,0.0,0.0,0.0,0.0,0.0,0.0,0.0,0.0,0.0,"Jan 19, 2017"
3412,3403087.0,29624.0,Najaf,Najaf,Al-Hurriya Camp,مخيم الحرية,32.1470487865,44.3321057935,80.0,480.0,0.0,0.0,0.0,0.0,0.0,0.0,0.0,0.0,0.0,0.0,0.0,0.0,80.0,0.0,0.0,0.0,0.0,0.0,80.0,0.0,0.0,0.0,0.0,0.0,0.0,0.0,0.0,0.0,0.0,0.0,0.0,0.0,0.0,0.0,0.0,0.0,0.0,0.0,0.0,0.0,0.0,0.0,80.0,0.0,0.0,80.0,0.0,0.0,0.0,0.0,0.0,0.0,0.0,0.0,0.0,0.0,"Jan 19, 2017"
3413,3403088.0,29658.0,Najaf,Najaf,Al-Shaheed Al-Sadar-Shareet,حي الشهيد الصدر-الشريط,32.0733908111,44.3264787768,151.0,906.0,0.0,0.0,0.0,0.0,0.0,0.0,0.0,0.0,0.0,0.0,0.0,0.0,151.0,0.0,0.0,0.0,0.0,0.0,0.0,0.0,0.0,0.0,0.0,0.0,0.0,83.0,68.0,83.0,0.0,68.0,0.0,0.0,0.0,0.0,0.0,0.0,0.0,0.0,0.0,0.0,98.0,0.0,53.0,98.0,0.0,53.0,0.0,0.0,0.0,0.0,0.0,0.0,0.0,0.0,0.0,0.0,"Jan 19, 2017"
3414,3501001.0,22177.0,Thi-Qar,Al-Chibayish,Markaz Al Fohod,مركز الفهود,30.9754625258,46.7204416512,23.0,138.0,4.0,0.0,0.0,0.0,0.0,0.0,0.0,0.0,0.0,0.0,0.0,0.0,19.0,0.0,0.0,0.0,0.0,0.0,0.0,9.0,0.0,0.0,0.0,0.0,0.0,0.0,14.0,0.0,0.0,14.0,0.0,0.0,0.0,0.0,0.0,0.0,0.0,0.0,0.0,0.0,17.0,0.0,3.0,17.0,3.0,3.0,0.0,3.0,0.0,0.0,0.0,0.0,0.0,0.0,0.0,0.0,"Jan 19, 2017"
3415,3501005.0,8881.0,Thi-Qar,Al-Chibayish,Markaz AL Hmar,مركز الحمار,30.9552208678,46.8471544192,5.0,30.0,0.0,0.0,0.0,0.0,0.0,0.0,0.0,0.0,0.0,0.0,0.0,0.0,5.0,0.0,0.0,0.0,0.0,0.0,0.0,0.0,0.0,0.0,0.0,0.0,0.0,0.0,5.0,0.0,0.0,5.0,0.0,0.0,0.0,0.0,0.0,0.0,0.0,0.0,0.0,0.0,5.0,0.0,0.0,5.0,0.0,0.0,0.0,0.0,0.0,0.0,0.0,0.0,0.0,0.0,0.0,0.0,"Jan 19, 2017"
3416,3502001.0,10297.0,Thi-Qar,Al-Rifa'i,Al-Moalemen,حي المعلمين,31.7132135578,46.1112456,10.0,60.0,0.0,0.0,0.0,0.0,0.0,0.0,0.0,0.0,8.0,0.0,0.0,0.0,0.0,0.0,2.0,0.0,0.0,0.0,0.0,6.0,0.0,0.0,0.0,0.0,0.0,0.0,4.0,0.0,0.0,4.0,0.0,0.0,0.0,0.0,0.0,0.0,0.0,0.0,0.0,0.0,10.0,0.0,0.0,10.0,0.0,0.0,0.0,0.0,0.0,0.0,0.0,0.0,0.0,0.0,0.0,0.0,"Jan 19, 2017"
3417,3502002.0,9096.0,Thi-Qar,Al-Rifa'i,Markaz Al Nasr,مركز النصر,31.5412728946,46.1240534349,24.0,144.0,1.0,0.0,0.0,0.0,0.0,0.0,0.0,0.0,0.0,0.0,0.0,0.0,19.0,0.0,4.0,0.0,0.0,0.0,0.0,19.0,0.0,0.0,0.0,0.0,0.0,0.0,5.0,0.0,0.0,5.0,0.0,0.0,0.0,0.0,0.0,0.0,0.0,0.0,0.0,0.0,10.0,0.0,14.0,10.0,0.0,14.0,0.0,0.0,0.0,0.0,0.0,0.0,0.0,0.0,0.0,0.0,"Jan 19, 2017"
3418,3502003.0,24722.0,Thi-Qar,Al-Rifa'i,Hay Al Hussien,حي الحسين,31.7115291965,46.124556874,18.0,108.0,0.0,0.0,0.0,0.0,0.0,0.0,0.0,0.0,0.0,0.0,0.0,0.0,18.0,0.0,0.0,0.0,0.0,0.0,0.0,10.0,0.0,0.0,0.0,0.0,0.0,0.0,8.0,0.0,0.0,8.0,0.0,0.0,0.0,0.0,0.0,0.0,0.0,0.0,0.0,0.0,18.0,0.0,0.0,18.0,0.0,0.0,0.0,0.0,0.0,0.0,0.0,0.0,0.0,0.0,0.0,0.0,"Jan 19, 2017"
3419,3502004.0,21965.0,Thi-Qar,Al-Rifa'i,Jiser Al Rifay,جسر الرفاعي,31.7178490551,46.1007603894,22.0,132.0,0.0,0.0,0.0,0.0,0.0,0.0,0.0,0.0,0.0,0.0,0.0,0.0,16.0,0.0,6.0,0.0,0.0,0.0,0.0,10.0,0.0,0.0,0.0,0.0,0.0,0.0,12.0,0.0,0.0,12.0,0.0,0.0,0.0,0.0,0.0,0.0,0.0,0.0,0.0,0.0,16.0,0.0,6.0,16.0,0.0,6.0,0.0,0.0,0.0,0.0,0.0,0.0,0.0,0.0,0.0,0.0,"Jan 19, 2017"
3420,3502005.0,9040.0,Thi-Qar,Al-Rifa'i,Markaz Qal at Sukhar,مركز قلعة سكر,31.8559248864,46.0813130829,52.0,312.0,1.0,0.0,0.0,0.0,0.0,0.0,0.0,0.0,9.0,0.0,0.0,0.0,40.0,0.0,2.0,0.0,0.0,0.0,0.0,12.0,0.0,0.0,0.0,0.0,0.0,0.0,40.0,0.0,0.0,40.0,0.0,0.0,0.0,0.0,0.0,0.0,0.0,0.0,10.0,0.0,12.0,10.0,30.0,12.0,0.0,30.0,0.0,0.0,0.0,0.0,0.0,0.0,0.0,0.0,0.0,0.0,"Jan 19, 2017"
3421,3502006.0,8889.0,Thi-Qar,Al-Rifa'i,Refai,مركز الرفاعي ,31.7225729416,46.1100108504,27.0,162.0,0.0,0.0,0.0,0.0,0.0,0.0,0.0,0.0,7.0,0.0,0.0,0.0,20.0,0.0,0.0,0.0,0.0,0.0,0.0,10.0,0.0,0.0,0.0,0.0,0.0,0.0,17.0,0.0,0.0,17.0,0.0,0.0,0.0,0.0,0.0,0.0,0.0,0.0,0.0,0.0,0.0,0.0,16.0,0.0,11.0,16.0,0.0,11.0,0.0,0.0,0.0,0.0,0.0,0.0,0.0,0.0,"Jan 19, 2017"
3422,3503001.0,10250.0,Thi-Qar,Al-Shatra,14 Ramadan,حي 14 رمضان,31.4359498874,46.1725725269,28.0,168.0,0.0,0.0,0.0,0.0,0.0,0.0,0.0,0.0,0.0,0.0,0.0,0.0,28.0,0.0,0.0,0.0,0.0,0.0,0.0,28.0,0.0,0.0,0.0,0.0,0.0,0.0,0.0,0.0,0.0,0.0,0.0,0.0,0.0,0.0,0.0,0.0,0.0,0.0,0.0,0.0,0.0,0.0,0.0,0.0,28.0,0.0,0.0,28.0,0.0,0.0,0.0,0.0,0.0,0.0,0.0,0.0,"Jan 19, 2017"
3423,3503002.0,9880.0,Thi-Qar,Al-Shatra,Al awad,ال عواد,31.4492209308,46.174959409,10.0,60.0,0.0,0.0,0.0,0.0,0.0,0.0,0.0,0.0,0.0,0.0,0.0,0.0,10.0,0.0,0.0,0.0,0.0,0.0,0.0,4.0,0.0,0.0,0.0,0.0,0.0,0.0,6.0,0.0,0.0,6.0,0.0,0.0,0.0,0.0,0.0,0.0,0.0,0.0,0.0,0.0,8.0,0.0,2.0,8.0,0.0,2.0,0.0,0.0,0.0,0.0,0.0,0.0,0.0,0.0,0.0,0.0,"Jan 19, 2017"
3424,3503003.0,8888.0,Thi-Qar,Al-Shatra,Markaz Al Dawaya,مركز الدواية,31.4975291,46.3746502,41.0,246.0,1.0,0.0,0.0,0.0,0.0,0.0,0.0,0.0,0.0,0.0,0.0,0.0,40.0,0.0,0.0,0.0,0.0,0.0,0.0,30.0,0.0,0.0,0.0,0.0,0.0,0.0,11.0,0.0,0.0,11.0,0.0,0.0,0.0,0.0,0.0,0.0,0.0,0.0,0.0,0.0,0.0,0.0,40.0,0.0,0.0,40.0,1.0,0.0,0.0,1.0,0.0,0.0,0.0,0.0,0.0,0.0,"Jan 19, 2017"
3425,3503004.0,8886.0,Thi-Qar,Al-Shatra,Markaz Al Gharraf,مركز الغراف,31.2949542975,46.2429251226,10.0,60.0,0.0,0.0,0.0,0.0,0.0,0.0,0.0,0.0,0.0,0.0,0.0,0.0,10.0,0.0,0.0,0.0,0.0,0.0,0.0,10.0,0.0,0.0,0.0,0.0,0.0,0.0,0.0,0.0,0.0,0.0,0.0,0.0,0.0,0.0,0.0,0.0,0.0,0.0,0.0,0.0,0.0,0.0,10.0,0.0,0.0,10.0,0.0,0.0,0.0,0.0,0.0,0.0,0.0,0.0,0.0,0.0,"Jan 19, 2017"
3426,3503005.0,24538.0,Thi-Qar,Al-Shatra,Al Mustashfa St,شارع المستشفى,31.4114504722,46.1626703804,48.0,288.0,9.0,0.0,0.0,0.0,0.0,0.0,0.0,0.0,0.0,0.0,0.0,0.0,39.0,0.0,0.0,0.0,0.0,0.0,0.0,20.0,0.0,0.0,0.0,0.0,0.0,0.0,28.0,0.0,0.0,28.0,0.0,0.0,0.0,0.0,0.0,0.0,0.0,0.0,0.0,0.0,0.0,0.0,36.0,0.0,0.0,36.0,12.0,0.0,0.0,12.0,0.0,0.0,0.0,0.0,0.0,0.0,"Jan 19, 2017"
3427,3503006.0,21209.0,Thi-Qar,Al-Shatra,Al Shomali,الشوملي,31.4156897184,46.1639768391,42.0,252.0,4.0,0.0,0.0,0.0,0.0,0.0,0.0,0.0,0.0,0.0,0.0,0.0,38.0,0.0,0.0,0.0,0.0,0.0,0.0,18.0,0.0,0.0,0.0,0.0,0.0,0.0,24.0,0.0,0.0,24.0,0.0,0.0,0.0,0.0,0.0,0.0,0.0,0.0,0.0,0.0,0.0,0.0,38.0,0.0,0.0,38.0,4.0,0.0,0.0,4.0,0.0,0.0,0.0,0.0,0.0,0.0,"Jan 19, 2017"
3428,3503008.0,9848.0,Thi-Qar,Al-Shatra,Al-fatahiyah,حي الفتاحية,31.4157560541,46.1729710675,10.0,60.0,1.0,0.0,0.0,0.0,0.0,0.0,0.0,0.0,0.0,0.0,0.0,0.0,8.0,0.0,1.0,0.0,0.0,0.0,0.0,6.0,0.0,0.0,0.0,0.0,0.0,4.0,0.0,4.0,0.0,0.0,0.0,0.0,0.0,0.0,0.0,0.0,0.0,0.0,0.0,0.0,1.0,0.0,8.0,1.0,0.0,8.0,1.0,0.0,0.0,1.0,0.0,0.0,0.0,0.0,0.0,0.0,"Jan 19, 2017"
3429,3503009.0,9822.0,Thi-Qar,Al-Shatra,Al-hawi,حي الحاوي,31.4039072127,46.1754910961,22.0,132.0,4.0,0.0,0.0,0.0,0.0,1.0,0.0,0.0,0.0,0.0,0.0,0.0,14.0,0.0,3.0,0.0,0.0,0.0,0.0,20.0,0.0,0.0,0.0,0.0,0.0,0.0,2.0,0.0,0.0,2.0,0.0,0.0,0.0,0.0,0.0,0.0,0.0,0.0,4.0,0.0,2.0,4.0,16.0,2.0,0.0,16.0,0.0,0.0,0.0,0.0,0.0,0.0,0.0,0.0,0.0,0.0,"Jan 19, 2017"
3430,3503011.0,27273.0,Thi-Qar,Al-Shatra,Siddifa,صديفه,31.4702418889,46.1967894707,20.0,120.0,0.0,0.0,0.0,0.0,0.0,0.0,0.0,0.0,0.0,0.0,0.0,0.0,20.0,0.0,0.0,0.0,0.0,0.0,0.0,0.0,0.0,0.0,0.0,20.0,0.0,0.0,0.0,0.0,0.0,0.0,0.0,0.0,0.0,0.0,0.0,0.0,0.0,0.0,0.0,0.0,0.0,0.0,6.0,0.0,14.0,6.0,0.0,14.0,0.0,0.0,0.0,0.0,0.0,0.0,0.0,0.0,"Jan 19, 2017"
3431,3503012.0,10286.0,Thi-Qar,Al-Shatra,Hay al Zahraa,حي الزهراء,31.4004197433,46.1806881535,3.0,18.0,3.0,0.0,0.0,0.0,0.0,0.0,0.0,0.0,0.0,0.0,0.0,0.0,0.0,0.0,0.0,0.0,0.0,0.0,0.0,0.0,0.0,0.0,0.0,0.0,0.0,0.0,3.0,0.0,0.0,3.0,0.0,0.0,0.0,0.0,0.0,0.0,0.0,0.0,0.0,0.0,3.0,0.0,0.0,3.0,0.0,0.0,0.0,0.0,0.0,0.0,0.0,0.0,0.0,0.0,0.0,0.0,"Jan 19, 2017"
3432,3503013.0,9188.0,Thi-Qar,Al-Shatra,albedaa,البدعة ,31.446458051,46.1753752153,5.0,30.0,0.0,0.0,0.0,0.0,0.0,0.0,0.0,0.0,0.0,0.0,0.0,0.0,5.0,0.0,0.0,0.0,0.0,0.0,0.0,0.0,0.0,0.0,0.0,0.0,0.0,0.0,0.0,0.0,0.0,0.0,0.0,0.0,0.0,0.0,5.0,0.0,0.0,5.0,0.0,0.0,5.0,0.0,0.0,5.0,0.0,0.0,0.0,0.0,0.0,0.0,0.0,0.0,0.0,0.0,0.0,0.0,"Jan 19, 2017"
3433,3504001.0,24494.0,Thi-Qar,Nassriya,Al Aker,العكر,31.0277108805,46.2182147412,4.0,24.0,0.0,0.0,0.0,0.0,0.0,0.0,0.0,0.0,0.0,0.0,0.0,0.0,4.0,0.0,0.0,0.0,0.0,0.0,0.0,4.0,0.0,0.0,0.0,0.0,0.0,0.0,0.0,0.0,0.0,0.0,0.0,0.0,0.0,0.0,0.0,0.0,0.0,0.0,0.0,0.0,4.0,0.0,0.0,4.0,0.0,0.0,0.0,0.0,0.0,0.0,0.0,0.0,0.0,0.0,0.0,0.0,"Jan 19, 2017"
3434,3504002.0,25529.0,Thi-Qar,Nassriya,Al Aoeh,قرية العوية,31.033167288,46.273891713,10.0,60.0,1.0,0.0,0.0,0.0,0.0,0.0,0.0,0.0,0.0,0.0,0.0,0.0,9.0,0.0,0.0,0.0,0.0,0.0,0.0,5.0,0.0,0.0,0.0,0.0,0.0,1.0,4.0,1.0,0.0,4.0,0.0,0.0,0.0,0.0,0.0,0.0,0.0,0.0,0.0,0.0,6.0,0.0,3.0,6.0,0.0,3.0,1.0,0.0,0.0,1.0,0.0,0.0,0.0,0.0,0.0,0.0,"Jan 19, 2017"
3435,3504003.0,24415.0,Thi-Qar,Nassriya,Al Asrriyah Village,القرية العصرية,31.1226731178,46.2340620451,5.0,30.0,0.0,0.0,0.0,0.0,0.0,0.0,0.0,0.0,0.0,0.0,0.0,0.0,5.0,0.0,0.0,0.0,0.0,0.0,0.0,0.0,0.0,0.0,0.0,0.0,0.0,0.0,5.0,0.0,0.0,5.0,0.0,0.0,0.0,0.0,0.0,0.0,0.0,0.0,0.0,0.0,0.0,0.0,5.0,0.0,0.0,5.0,0.0,0.0,0.0,0.0,0.0,0.0,0.0,0.0,0.0,0.0,"Jan 19, 2017"
3436,3504004.0,8884.0,Thi-Qar,Nassriya,Markaz Al Batha,مركز البطحاء,31.1148541594,45.8888578489,8.0,48.0,4.0,0.0,0.0,0.0,0.0,0.0,0.0,0.0,0.0,0.0,0.0,0.0,4.0,0.0,0.0,0.0,0.0,0.0,0.0,4.0,0.0,0.0,0.0,0.0,0.0,0.0,4.0,0.0,0.0,4.0,0.0,0.0,0.0,0.0,0.0,0.0,0.0,0.0,0.0,0.0,0.0,0.0,0.0,0.0,8.0,0.0,0.0,8.0,0.0,0.0,0.0,0.0,0.0,0.0,0.0,0.0,"Jan 19, 2017"
3437,3504005.0,24884.0,Thi-Qar,Nassriya,Al bohyaleh,ال ابو حواله,31.1555797272,46.2458392438,30.0,180.0,0.0,0.0,0.0,0.0,0.0,0.0,0.0,0.0,0.0,0.0,0.0,0.0,30.0,0.0,0.0,0.0,0.0,0.0,0.0,27.0,0.0,0.0,0.0,0.0,0.0,0.0,3.0,0.0,0.0,3.0,0.0,0.0,0.0,0.0,0.0,0.0,0.0,0.0,7.0,0.0,23.0,7.0,0.0,23.0,0.0,0.0,0.0,0.0,0.0,0.0,0.0,0.0,0.0,0.0,0.0,0.0,"Jan 19, 2017"
3438,3504006.0,9728.0,Thi-Qar,Nassriya,Al Dhubat,حي الضباط,31.0383163742,46.2539821722,3.0,18.0,3.0,0.0,0.0,0.0,0.0,0.0,0.0,0.0,0.0,0.0,0.0,0.0,0.0,0.0,0.0,0.0,0.0,0.0,0.0,0.0,0.0,0.0,0.0,0.0,0.0,0.0,3.0,0.0,0.0,3.0,0.0,0.0,0.0,0.0,0.0,0.0,0.0,0.0,0.0,0.0,3.0,0.0,0.0,3.0,0.0,0.0,0.0,0.0,0.0,0.0,0.0,0.0,0.0,0.0,0.0,0.0,"Jan 19, 2017"
3439,3504007.0,25525.0,Thi-Qar,Nassriya,Al Emarat,العمارات,31.0270240043,46.2416766755,10.0,60.0,0.0,2.0,0.0,0.0,0.0,0.0,0.0,0.0,0.0,0.0,0.0,0.0,8.0,0.0,0.0,0.0,0.0,0.0,0.0,0.0,0.0,0.0,0.0,0.0,0.0,0.0,10.0,0.0,0.0,10.0,0.0,0.0,0.0,0.0,0.0,0.0,0.0,0.0,0.0,0.0,10.0,0.0,0.0,10.0,0.0,0.0,0.0,0.0,0.0,0.0,0.0,0.0,0.0,0.0,0.0,0.0,"Jan 19, 2017"
3440,3504010.0,24740.0,Thi-Qar,Nassriya,Al Iskan,الاسكان,31.0385050049,46.242960423,2.0,12.0,1.0,0.0,0.0,0.0,0.0,0.0,0.0,0.0,0.0,0.0,0.0,0.0,0.0,0.0,1.0,0.0,0.0,0.0,0.0,1.0,0.0,0.0,0.0,0.0,0.0,0.0,1.0,0.0,0.0,1.0,0.0,0.0,0.0,0.0,0.0,0.0,0.0,0.0,0.0,0.0,0.0,0.0,0.0,0.0,1.0,0.0,1.0,1.0,0.0,1.0,0.0,0.0,0.0,0.0,0.0,0.0,"Jan 19, 2017"
3441,3504011.0,10260.0,Thi-Qar,Nassriya,Al Iskan Al Sinaie,الاسكان الصناعي,31.0134574836,46.282408152,46.0,276.0,8.0,1.0,0.0,0.0,0.0,6.0,0.0,0.0,8.0,0.0,0.0,0.0,23.0,0.0,0.0,0.0,0.0,0.0,0.0,25.0,0.0,0.0,0.0,0.0,0.0,0.0,21.0,0.0,0.0,21.0,0.0,0.0,0.0,0.0,0.0,0.0,0.0,0.0,0.0,0.0,5.0,0.0,39.0,5.0,1.0,39.0,1.0,1.0,0.0,1.0,0.0,0.0,0.0,0.0,0.0,0.0,"Jan 19, 2017"
3442,3504012.0,24540.0,Thi-Qar,Nassriya,Al Mahaliyah,المحليه,31.0524428876,46.2367981317,21.0,126.0,6.0,0.0,0.0,0.0,0.0,0.0,0.0,0.0,6.0,0.0,0.0,0.0,0.0,0.0,9.0,0.0,0.0,0.0,0.0,7.0,0.0,0.0,0.0,0.0,0.0,0.0,14.0,0.0,0.0,14.0,0.0,0.0,0.0,0.0,0.0,0.0,0.0,0.0,5.0,0.0,6.0,5.0,0.0,6.0,10.0,0.0,0.0,10.0,0.0,0.0,0.0,0.0,0.0,0.0,0.0,0.0,"Jan 19, 2017"
3443,3504013.0,10270.0,Thi-Qar,Nassriya,Al Saih,منطقة السائح,31.0441115454,46.223778697,5.0,30.0,0.0,0.0,0.0,0.0,0.0,0.0,0.0,0.0,0.0,0.0,0.0,0.0,5.0,0.0,0.0,0.0,0.0,0.0,0.0,0.0,0.0,0.0,0.0,0.0,0.0,0.0,5.0,0.0,0.0,5.0,0.0,0.0,0.0,0.0,0.0,0.0,0.0,0.0,0.0,0.0,5.0,0.0,0.0,5.0,0.0,0.0,0.0,0.0,0.0,0.0,0.0,0.0,0.0,0.0,0.0,0.0,"Jan 19, 2017"
3444,3504014.0,10254.0,Thi-Qar,Nassriya,Al Sharqiya,الشرقيه,31.0424298029,46.2620522046,35.0,210.0,1.0,0.0,0.0,0.0,0.0,0.0,0.0,0.0,10.0,0.0,0.0,0.0,24.0,0.0,0.0,0.0,0.0,0.0,0.0,17.0,0.0,0.0,0.0,0.0,0.0,0.0,18.0,0.0,0.0,18.0,0.0,0.0,0.0,0.0,0.0,0.0,0.0,0.0,0.0,0.0,0.0,0.0,35.0,0.0,0.0,35.0,0.0,0.0,0.0,0.0,0.0,0.0,0.0,0.0,0.0,0.0,"Jan 19, 2017"
3445,3504015.0,10272.0,Thi-Qar,Nassriya,Al Shoula,الشعلة,31.0349639446,46.2423009517,8.0,48.0,3.0,0.0,0.0,0.0,0.0,0.0,0.0,0.0,0.0,0.0,0.0,0.0,5.0,0.0,0.0,0.0,0.0,0.0,0.0,0.0,0.0,0.0,0.0,0.0,0.0,3.0,5.0,3.0,0.0,5.0,0.0,0.0,0.0,0.0,0.0,0.0,0.0,0.0,3.0,0.0,3.0,3.0,0.0,3.0,2.0,0.0,0.0,2.0,0.0,0.0,0.0,0.0,0.0,0.0,0.0,0.0,"Jan 19, 2017"
3446,3504016.0,10281.0,Thi-Qar,Nassriya,Al Shumokh,حي الشموخ,31.0294717066,46.2441216584,11.0,66.0,8.0,0.0,0.0,0.0,0.0,0.0,0.0,0.0,0.0,0.0,0.0,0.0,3.0,0.0,0.0,0.0,0.0,0.0,0.0,2.0,0.0,0.0,0.0,0.0,0.0,0.0,9.0,0.0,0.0,9.0,0.0,0.0,0.0,0.0,0.0,0.0,0.0,0.0,0.0,0.0,11.0,0.0,0.0,11.0,0.0,0.0,0.0,0.0,0.0,0.0,0.0,0.0,0.0,0.0,0.0,0.0,"Jan 19, 2017"
3447,3504017.0,9460.0,Thi-Qar,Nassriya,Al-bashaier,ال بوشاهر,31.0522968398,46.2292214683,1.0,6.0,1.0,0.0,0.0,0.0,0.0,0.0,0.0,0.0,0.0,0.0,0.0,0.0,0.0,0.0,0.0,0.0,0.0,0.0,0.0,0.0,0.0,0.0,0.0,0.0,0.0,0.0,1.0,0.0,0.0,1.0,0.0,0.0,0.0,0.0,0.0,0.0,0.0,0.0,0.0,0.0,0.0,0.0,1.0,0.0,0.0,1.0,0.0,0.0,0.0,0.0,0.0,0.0,0.0,0.0,0.0,0.0,"Jan 19, 2017"
3448,3504018.0,24741.0,Thi-Qar,Nassriya,Al-Berid,البريد,31.0447764918,46.2495762034,2.0,12.0,0.0,0.0,0.0,0.0,0.0,0.0,0.0,0.0,0.0,0.0,0.0,0.0,2.0,0.0,0.0,0.0,0.0,0.0,0.0,0.0,0.0,0.0,0.0,0.0,0.0,0.0,2.0,0.0,0.0,2.0,0.0,0.0,0.0,0.0,0.0,0.0,0.0,0.0,0.0,0.0,0.0,0.0,0.0,0.0,2.0,0.0,0.0,2.0,0.0,0.0,0.0,0.0,0.0,0.0,0.0,0.0,"Jan 19, 2017"
3449,3504019.0,9470.0,Thi-Qar,Nassriya,Al-hay al-askary,الحي العسكري ,31.0569626851,46.2661438049,8.0,48.0,2.0,0.0,0.0,0.0,0.0,0.0,0.0,0.0,0.0,0.0,0.0,0.0,6.0,0.0,0.0,0.0,0.0,0.0,0.0,0.0,0.0,0.0,0.0,0.0,0.0,0.0,8.0,0.0,0.0,8.0,0.0,0.0,0.0,0.0,0.0,0.0,0.0,0.0,0.0,0.0,2.0,0.0,2.0,2.0,1.0,2.0,3.0,1.0,0.0,3.0,0.0,0.0,0.0,0.0,0.0,0.0,"Jan 19, 2017"
3450,3504020.0,9541.0,Thi-Qar,Nassriya,Al-khashab,قرية الخشاب,31.0947541619,46.3066444124,3.0,18.0,0.0,0.0,0.0,0.0,0.0,0.0,0.0,0.0,3.0,0.0,0.0,0.0,0.0,0.0,0.0,0.0,0.0,0.0,0.0,0.0,0.0,0.0,0.0,0.0,0.0,0.0,3.0,0.0,0.0,3.0,0.0,0.0,0.0,0.0,0.0,0.0,0.0,0.0,0.0,0.0,3.0,0.0,0.0,3.0,0.0,0.0,0.0,0.0,0.0,0.0,0.0,0.0,0.0,0.0,0.0,0.0,"Jan 19, 2017"
3451,3504021.0,10335.0,Thi-Qar,Nassriya,Al-Salhiya,حي الصالحية,31.0506383486,46.2693433026,33.0,198.0,3.0,0.0,0.0,0.0,0.0,0.0,0.0,0.0,0.0,0.0,0.0,0.0,30.0,0.0,0.0,0.0,0.0,0.0,0.0,14.0,0.0,0.0,0.0,0.0,0.0,0.0,19.0,0.0,0.0,19.0,0.0,0.0,0.0,0.0,0.0,0.0,0.0,0.0,0.0,0.0,14.0,0.0,0.0,14.0,19.0,0.0,0.0,19.0,0.0,0.0,0.0,0.0,0.0,0.0,0.0,0.0,"Jan 19, 2017"
3452,3504022.0,9576.0,Thi-Qar,Nassriya,Al-shofah,قرية الشوفة,31.1327918405,46.2356646856,7.0,42.0,4.0,0.0,0.0,0.0,0.0,0.0,0.0,0.0,0.0,0.0,0.0,0.0,3.0,0.0,0.0,0.0,0.0,0.0,0.0,7.0,0.0,0.0,0.0,0.0,0.0,0.0,0.0,0.0,0.0,0.0,0.0,0.0,0.0,0.0,0.0,0.0,0.0,0.0,0.0,0.0,3.0,0.0,0.0,3.0,0.0,0.0,4.0,0.0,0.0,4.0,0.0,0.0,0.0,0.0,0.0,0.0,"Jan 19, 2017"
3453,3504023.0,9448.0,Thi-Qar,Nassriya,Al-Thawrah,الثوره,31.0270069734,46.2280930383,31.0,186.0,4.0,0.0,0.0,0.0,0.0,0.0,0.0,0.0,3.0,0.0,0.0,0.0,24.0,0.0,0.0,0.0,0.0,0.0,0.0,21.0,0.0,0.0,0.0,0.0,0.0,0.0,10.0,0.0,0.0,10.0,0.0,0.0,0.0,0.0,0.0,0.0,0.0,0.0,0.0,0.0,0.0,0.0,0.0,0.0,27.0,0.0,4.0,27.0,0.0,4.0,0.0,0.0,0.0,0.0,0.0,0.0,"Jan 19, 2017"
3454,3504024.0,9396.0,Thi-Qar,Nassriya,Al-zielat,الزعيلات,31.0154237044,46.2634417545,25.0,150.0,0.0,0.0,0.0,0.0,0.0,0.0,0.0,0.0,0.0,0.0,0.0,0.0,25.0,0.0,0.0,0.0,0.0,0.0,0.0,8.0,0.0,0.0,0.0,0.0,0.0,0.0,17.0,0.0,0.0,17.0,0.0,0.0,0.0,0.0,0.0,0.0,0.0,0.0,0.0,0.0,0.0,0.0,22.0,0.0,0.0,22.0,0.0,0.0,0.0,0.0,3.0,0.0,0.0,3.0,0.0,0.0,"Jan 19, 2017"
3455,3504025.0,10262.0,Thi-Qar,Nassriya,Aredo,حي اريدو,31.0743949006,46.2501429948,44.0,264.0,8.0,0.0,0.0,0.0,0.0,3.0,0.0,0.0,7.0,0.0,0.0,0.0,23.0,0.0,3.0,0.0,0.0,0.0,0.0,20.0,0.0,0.0,0.0,0.0,0.0,2.0,22.0,2.0,0.0,22.0,0.0,0.0,0.0,0.0,0.0,0.0,0.0,0.0,3.0,0.0,10.0,3.0,15.0,10.0,5.0,15.0,7.0,5.0,0.0,7.0,4.0,0.0,0.0,4.0,0.0,0.0,"Jan 19, 2017"
3456,3504026.0,10253.0,Thi-Qar,Nassriya,Baghdad Street,شارع بغداد,31.0384774129,46.2356561609,12.0,72.0,8.0,0.0,0.0,0.0,0.0,0.0,0.0,0.0,0.0,0.0,0.0,0.0,4.0,0.0,0.0,0.0,0.0,0.0,0.0,7.0,0.0,0.0,0.0,0.0,0.0,0.0,5.0,0.0,0.0,5.0,0.0,0.0,0.0,0.0,0.0,0.0,0.0,0.0,8.0,0.0,4.0,8.0,0.0,4.0,0.0,0.0,0.0,0.0,0.0,0.0,0.0,0.0,0.0,0.0,0.0,0.0,"Jan 19, 2017"
3457,3504027.0,24885.0,Thi-Qar,Nassriya,Hay Al Al Ghadeer,حي الغدير,31.0614678991,46.2781575836,4.0,24.0,0.0,0.0,1.0,0.0,0.0,0.0,0.0,0.0,1.0,0.0,0.0,0.0,2.0,0.0,0.0,0.0,0.0,0.0,0.0,0.0,0.0,0.0,0.0,0.0,0.0,0.0,4.0,0.0,0.0,4.0,0.0,0.0,0.0,0.0,0.0,0.0,0.0,0.0,0.0,0.0,4.0,0.0,0.0,4.0,0.0,0.0,0.0,0.0,0.0,0.0,0.0,0.0,0.0,0.0,0.0,0.0,"Jan 19, 2017"
3458,3504028.0,25526.0,Thi-Qar,Nassriya,Hay Al Ameer,حي الامير,31.0361758091,46.22052748,17.0,102.0,4.0,0.0,1.0,0.0,0.0,0.0,0.0,0.0,0.0,0.0,0.0,0.0,8.0,0.0,4.0,0.0,0.0,0.0,0.0,1.0,0.0,0.0,0.0,0.0,0.0,0.0,16.0,0.0,0.0,16.0,0.0,0.0,0.0,0.0,0.0,0.0,0.0,0.0,1.0,0.0,12.0,1.0,0.0,12.0,0.0,0.0,4.0,0.0,0.0,4.0,0.0,0.0,0.0,0.0,0.0,0.0,"Jan 19, 2017"
3459,3504029.0,10301.0,Thi-Qar,Nassriya,Hay Al Fidaa,حي الفداء,31.0697300136,46.2787419811,23.0,138.0,20.0,0.0,0.0,0.0,0.0,0.0,0.0,0.0,0.0,0.0,0.0,0.0,3.0,0.0,0.0,0.0,0.0,0.0,0.0,2.0,0.0,0.0,0.0,0.0,0.0,2.0,19.0,2.0,0.0,19.0,0.0,0.0,0.0,0.0,0.0,0.0,0.0,0.0,3.0,0.0,3.0,3.0,0.0,3.0,8.0,0.0,6.0,8.0,0.0,6.0,3.0,0.0,0.0,3.0,0.0,0.0,"Jan 19, 2017"
3460,3504030.0,24746.0,Thi-Qar,Nassriya,Hay Al Khadraa,حي الخضراء,31.0429462489,46.2746993946,4.0,24.0,0.0,0.0,0.0,0.0,0.0,0.0,0.0,0.0,0.0,0.0,0.0,0.0,4.0,0.0,0.0,0.0,0.0,0.0,0.0,0.0,0.0,0.0,0.0,0.0,0.0,0.0,4.0,0.0,0.0,4.0,0.0,0.0,0.0,0.0,0.0,0.0,0.0,0.0,0.0,0.0,4.0,0.0,0.0,4.0,0.0,0.0,0.0,0.0,0.0,0.0,0.0,0.0,0.0,0.0,0.0,0.0,"Jan 19, 2017"
3461,3504031.0,21208.0,Thi-Qar,Nassriya,Hay Al Mualimeen,حي المعلمين,31.0677792453,46.2496745582,20.0,120.0,3.0,0.0,0.0,0.0,0.0,0.0,0.0,0.0,0.0,0.0,0.0,0.0,17.0,0.0,0.0,0.0,0.0,0.0,0.0,13.0,0.0,0.0,0.0,0.0,0.0,0.0,7.0,0.0,0.0,7.0,0.0,0.0,0.0,0.0,0.0,0.0,0.0,0.0,3.0,0.0,3.0,3.0,14.0,3.0,0.0,14.0,0.0,0.0,0.0,0.0,0.0,0.0,0.0,0.0,0.0,0.0,"Jan 19, 2017"
3462,3504032.0,24750.0,Thi-Qar,Nassriya,Hay Al Shoula 1,حي الشعله 1,31.0342733412,46.2382226119,5.0,30.0,0.0,2.0,0.0,0.0,0.0,0.0,0.0,0.0,0.0,0.0,0.0,0.0,3.0,0.0,0.0,0.0,0.0,0.0,0.0,3.0,0.0,0.0,0.0,0.0,0.0,0.0,2.0,0.0,0.0,2.0,0.0,0.0,0.0,0.0,0.0,0.0,0.0,0.0,0.0,0.0,2.0,0.0,0.0,2.0,0.0,0.0,3.0,0.0,0.0,3.0,0.0,0.0,0.0,0.0,0.0,0.0,"Jan 19, 2017"
3463,3504033.0,10259.0,Thi-Qar,Nassriya,Hay Al Tadhihiya,حي التضحية,31.0501571781,46.2733532132,30.0,180.0,2.0,0.0,0.0,0.0,0.0,0.0,0.0,0.0,1.0,0.0,0.0,0.0,18.0,0.0,9.0,0.0,0.0,0.0,0.0,14.0,0.0,0.0,0.0,0.0,0.0,0.0,16.0,0.0,0.0,16.0,0.0,0.0,0.0,0.0,0.0,0.0,0.0,0.0,2.0,0.0,0.0,2.0,27.0,0.0,1.0,27.0,0.0,1.0,0.0,0.0,0.0,0.0,0.0,0.0,0.0,0.0,"Jan 19, 2017"
3464,3504034.0,24742.0,Thi-Qar,Nassriya,Hay Al-Hakim,حي الحكيم,31.0600902377,46.2772208676,4.0,24.0,0.0,0.0,0.0,0.0,0.0,1.0,0.0,0.0,3.0,0.0,0.0,0.0,0.0,0.0,0.0,0.0,0.0,0.0,0.0,2.0,0.0,0.0,0.0,0.0,0.0,0.0,2.0,0.0,0.0,2.0,0.0,0.0,0.0,0.0,0.0,0.0,0.0,0.0,0.0,0.0,0.0,0.0,1.0,0.0,3.0,1.0,0.0,3.0,0.0,0.0,0.0,0.0,0.0,0.0,0.0,0.0,"Jan 19, 2017"
3465,3504035.0,9398.0,Thi-Qar,Nassriya,Hay al-shohadaa,حي الشهداء,31.069961183,46.2700244459,27.0,162.0,5.0,0.0,0.0,0.0,0.0,0.0,0.0,0.0,0.0,0.0,0.0,0.0,22.0,0.0,0.0,0.0,0.0,0.0,0.0,13.0,0.0,0.0,0.0,0.0,0.0,0.0,14.0,0.0,0.0,14.0,0.0,0.0,0.0,0.0,0.0,0.0,0.0,0.0,1.0,0.0,0.0,1.0,26.0,0.0,0.0,26.0,0.0,0.0,0.0,0.0,0.0,0.0,0.0,0.0,0.0,0.0,"Jan 19, 2017"
3466,3504036.0,23683.0,Thi-Qar,Nassriya,Hay Mehidiya,حي المهيديه,31.03290329,46.25155243,13.0,78.0,5.0,0.0,0.0,0.0,0.0,0.0,0.0,0.0,0.0,0.0,0.0,0.0,8.0,0.0,0.0,0.0,0.0,0.0,0.0,4.0,0.0,0.0,0.0,0.0,0.0,0.0,9.0,0.0,0.0,9.0,0.0,0.0,0.0,0.0,0.0,0.0,0.0,0.0,3.0,0.0,5.0,3.0,0.0,5.0,5.0,0.0,0.0,5.0,0.0,0.0,0.0,0.0,0.0,0.0,0.0,0.0,"Jan 19, 2017"
3467,3504037.0,25532.0,Thi-Qar,Nassriya,Hey Al Amen Al Dakhlei 2,الامن الداخلي 2,31.0533568966,46.2777731393,13.0,78.0,0.0,0.0,0.0,0.0,0.0,0.0,0.0,0.0,0.0,0.0,0.0,0.0,13.0,0.0,0.0,0.0,0.0,0.0,0.0,0.0,0.0,0.0,0.0,0.0,0.0,0.0,13.0,0.0,0.0,13.0,0.0,0.0,0.0,0.0,0.0,0.0,0.0,0.0,10.0,0.0,3.0,10.0,0.0,3.0,0.0,0.0,0.0,0.0,0.0,0.0,0.0,0.0,0.0,0.0,0.0,0.0,"Jan 19, 2017"
3468,3504038.0,25528.0,Thi-Qar,Nassriya,Hey Al-Ariml,حي الارامل,31.0532810551,46.253512804,8.0,48.0,4.0,0.0,0.0,0.0,0.0,0.0,0.0,0.0,0.0,0.0,0.0,0.0,4.0,0.0,0.0,0.0,0.0,0.0,0.0,4.0,0.0,0.0,0.0,0.0,0.0,0.0,4.0,0.0,0.0,4.0,0.0,0.0,0.0,0.0,0.0,0.0,0.0,0.0,1.0,0.0,3.0,1.0,3.0,3.0,1.0,3.0,0.0,1.0,0.0,0.0,0.0,0.0,0.0,0.0,0.0,0.0,"Jan 19, 2017"
3469,3504039.0,25531.0,Thi-Qar,Nassriya,Hey Al-Mtanzh,حي المتنزة,31.0452754698,46.2350050258,2.0,12.0,0.0,0.0,0.0,0.0,0.0,0.0,0.0,0.0,0.0,0.0,0.0,0.0,2.0,0.0,0.0,0.0,0.0,0.0,0.0,0.0,0.0,0.0,0.0,0.0,0.0,0.0,2.0,0.0,0.0,2.0,0.0,0.0,0.0,0.0,0.0,0.0,0.0,0.0,0.0,0.0,2.0,0.0,0.0,2.0,0.0,0.0,0.0,0.0,0.0,0.0,0.0,0.0,0.0,0.0,0.0,0.0,"Jan 19, 2017"
3470,3504040.0,25530.0,Thi-Qar,Nassriya,Hey Al-Rafdeen,حي الرافدين,31.0767692226,46.2640300676,4.0,24.0,3.0,0.0,0.0,0.0,0.0,0.0,0.0,0.0,0.0,0.0,0.0,0.0,1.0,0.0,0.0,0.0,0.0,0.0,0.0,3.0,0.0,0.0,0.0,0.0,0.0,0.0,1.0,0.0,0.0,1.0,0.0,0.0,0.0,0.0,0.0,0.0,0.0,0.0,0.0,0.0,0.0,0.0,0.0,0.0,1.0,0.0,3.0,1.0,0.0,3.0,0.0,0.0,0.0,0.0,0.0,0.0,"Jan 19, 2017"
3471,3504041.0,25533.0,Thi-Qar,Nassriya,Nassriya-Hey 400,حي 400,31.0808621445,46.2400872036,17.0,102.0,7.0,0.0,0.0,0.0,0.0,0.0,0.0,0.0,0.0,0.0,0.0,0.0,10.0,0.0,0.0,0.0,0.0,0.0,0.0,4.0,0.0,0.0,0.0,0.0,0.0,0.0,13.0,0.0,0.0,13.0,0.0,0.0,0.0,0.0,0.0,0.0,0.0,0.0,0.0,0.0,3.0,0.0,5.0,3.0,0.0,5.0,9.0,0.0,0.0,9.0,0.0,0.0,0.0,0.0,0.0,0.0,"Jan 19, 2017"
3472,3504042.0,10263.0,Thi-Qar,Nassriya,Sadir City,حي مدينة الصدر,31.0802066016,46.2356938953,47.0,282.0,10.0,0.0,0.0,0.0,0.0,0.0,0.0,0.0,4.0,0.0,0.0,0.0,30.0,0.0,3.0,0.0,0.0,0.0,0.0,22.0,0.0,0.0,0.0,0.0,0.0,1.0,24.0,1.0,0.0,24.0,0.0,0.0,0.0,0.0,0.0,0.0,0.0,0.0,0.0,0.0,17.0,0.0,0.0,17.0,16.0,0.0,11.0,16.0,0.0,11.0,3.0,0.0,0.0,3.0,0.0,0.0,"Jan 19, 2017"
3473,3504043.0,24556.0,Thi-Qar,Nassriya,Sayid khudair,سيد خضير,31.0066844262,46.2571339368,6.0,36.0,0.0,0.0,0.0,0.0,0.0,0.0,0.0,0.0,0.0,0.0,0.0,0.0,6.0,0.0,0.0,0.0,0.0,0.0,0.0,6.0,0.0,0.0,0.0,0.0,0.0,0.0,0.0,0.0,0.0,0.0,0.0,0.0,0.0,0.0,0.0,0.0,0.0,0.0,0.0,0.0,0.0,0.0,6.0,0.0,0.0,6.0,0.0,0.0,0.0,0.0,0.0,0.0,0.0,0.0,0.0,0.0,"Jan 19, 2017"
3474,3504044.0,25527.0,Thi-Qar,Nassriya,Sharaa Al-hklas,شارع الاخلاص,31.0587778038,46.257208607,7.0,42.0,0.0,0.0,0.0,0.0,0.0,0.0,0.0,0.0,0.0,0.0,0.0,0.0,7.0,0.0,0.0,0.0,0.0,0.0,0.0,5.0,0.0,0.0,0.0,0.0,0.0,0.0,2.0,0.0,0.0,2.0,0.0,0.0,0.0,0.0,0.0,0.0,0.0,0.0,0.0,0.0,0.0,0.0,7.0,0.0,0.0,7.0,0.0,0.0,0.0,0.0,0.0,0.0,0.0,0.0,0.0,0.0,"Jan 19, 2017"
3475,3504045.0,22344.0,Thi-Qar,Nassriya,Share Eshreen,شارع عشرين,31.0485190005,46.2572829301,13.0,78.0,0.0,0.0,0.0,0.0,0.0,0.0,0.0,0.0,0.0,0.0,0.0,0.0,13.0,0.0,0.0,0.0,0.0,0.0,0.0,5.0,0.0,0.0,0.0,0.0,0.0,0.0,8.0,0.0,0.0,8.0,0.0,0.0,0.0,0.0,0.0,0.0,0.0,0.0,3.0,0.0,0.0,3.0,10.0,0.0,0.0,10.0,0.0,0.0,0.0,0.0,0.0,0.0,0.0,0.0,0.0,0.0,"Jan 19, 2017"
3476,3504046.0,10269.0,Thi-Qar,Nassriya,Sindaliyah-Sidenaweyah,حي السديناويه,31.0419012842,46.3069539022,20.0,120.0,0.0,0.0,0.0,0.0,0.0,0.0,0.0,0.0,0.0,0.0,0.0,0.0,20.0,0.0,0.0,0.0,0.0,0.0,0.0,17.0,0.0,0.0,0.0,1.0,0.0,1.0,1.0,1.0,0.0,1.0,0.0,0.0,0.0,0.0,0.0,0.0,0.0,0.0,1.0,0.0,5.0,1.0,13.0,5.0,0.0,13.0,1.0,0.0,0.0,1.0,0.0,0.0,0.0,0.0,0.0,0.0,"Jan 19, 2017"
3477,3504047.0,10295.0,Thi-Qar,Nassriya,Markaz Syied Dakhil,مركز سيد دخيل,31.1316775758,46.4355596726,15.0,90.0,1.0,0.0,0.0,0.0,0.0,0.0,0.0,0.0,0.0,0.0,0.0,0.0,14.0,0.0,0.0,0.0,0.0,0.0,0.0,10.0,0.0,0.0,0.0,0.0,0.0,0.0,5.0,0.0,0.0,5.0,0.0,0.0,0.0,0.0,0.0,0.0,0.0,0.0,0.0,0.0,0.0,0.0,14.0,0.0,0.0,14.0,1.0,0.0,0.0,1.0,0.0,0.0,0.0,0.0,0.0,0.0,"Jan 19, 2017"
3478,3504048.0,24820.0,Thi-Qar,Nassriya,Al-bjara,قرية البجاري,31.1162691012,46.4162073831,5.0,30.0,5.0,0.0,0.0,0.0,0.0,0.0,0.0,0.0,0.0,0.0,0.0,0.0,0.0,0.0,0.0,0.0,0.0,0.0,0.0,0.0,0.0,0.0,0.0,0.0,0.0,0.0,5.0,0.0,0.0,5.0,0.0,0.0,0.0,0.0,0.0,0.0,0.0,0.0,0.0,0.0,0.0,0.0,0.0,0.0,5.0,0.0,0.0,5.0,0.0,0.0,0.0,0.0,0.0,0.0,0.0,0.0,"Jan 19, 2017"
3479,3504049.0,24821.0,Thi-Qar,Nassriya,Al-hay al-askary,حي العسكري,31.132321332,46.4336437932,2.0,12.0,0.0,0.0,0.0,0.0,0.0,0.0,0.0,0.0,0.0,0.0,0.0,0.0,0.0,0.0,2.0,0.0,0.0,0.0,0.0,2.0,0.0,0.0,0.0,0.0,0.0,0.0,0.0,0.0,0.0,0.0,0.0,0.0,0.0,0.0,0.0,0.0,0.0,0.0,0.0,0.0,0.0,0.0,0.0,0.0,2.0,0.0,0.0,2.0,0.0,0.0,0.0,0.0,0.0,0.0,0.0,0.0,"Jan 19, 2017"
3480,3504050.0,25760.0,Thi-Qar,Nassriya,The Abu Athm,منطقة ال ابو عظم,30.981975211,46.3081693265,6.0,36.0,0.0,0.0,0.0,0.0,0.0,0.0,0.0,0.0,0.0,0.0,0.0,0.0,6.0,0.0,0.0,0.0,0.0,0.0,0.0,0.0,0.0,0.0,0.0,0.0,0.0,0.0,6.0,0.0,0.0,6.0,0.0,0.0,0.0,0.0,0.0,0.0,0.0,0.0,0.0,0.0,6.0,0.0,0.0,6.0,0.0,0.0,0.0,0.0,0.0,0.0,0.0,0.0,0.0,0.0,0.0,0.0,"Jan 19, 2017"
3481,3504051.0,23685.0,Thi-Qar,Nassriya,Um Al Dood,ام الدود,31.08726556,46.2412354765,9.0,54.0,5.0,0.0,0.0,0.0,0.0,0.0,0.0,0.0,4.0,0.0,0.0,0.0,0.0,0.0,0.0,0.0,0.0,0.0,0.0,1.0,0.0,0.0,0.0,0.0,0.0,0.0,8.0,0.0,0.0,8.0,0.0,0.0,0.0,0.0,0.0,0.0,0.0,0.0,0.0,0.0,0.0,0.0,0.0,0.0,9.0,0.0,0.0,9.0,0.0,0.0,0.0,0.0,0.0,0.0,0.0,0.0,"Jan 19, 2017"
3482,3504052.0,9113.0,Thi-Qar,Nassriya,Ur,حي اور,31.060153968,46.2433255553,64.0,384.0,7.0,6.0,0.0,0.0,0.0,0.0,0.0,0.0,3.0,0.0,0.0,0.0,48.0,0.0,0.0,0.0,0.0,0.0,0.0,31.0,0.0,0.0,0.0,9.0,0.0,2.0,22.0,2.0,0.0,22.0,0.0,0.0,0.0,0.0,0.0,0.0,0.0,0.0,2.0,0.0,0.0,2.0,47.0,0.0,11.0,47.0,0.0,11.0,0.0,0.0,4.0,0.0,0.0,4.0,0.0,0.0,"Jan 19, 2017"
3483,3504054.0,9427.0,Thi-Qar,Nassriya,Hay AL-Mansouria,المنصورية ,31.03044192,46.2155991158,7.0,42.0,3.0,0.0,0.0,0.0,0.0,0.0,0.0,0.0,0.0,0.0,0.0,0.0,4.0,0.0,0.0,0.0,0.0,0.0,0.0,3.0,0.0,0.0,0.0,0.0,0.0,0.0,4.0,0.0,0.0,4.0,0.0,0.0,0.0,0.0,0.0,0.0,0.0,0.0,4.0,0.0,0.0,4.0,3.0,0.0,0.0,3.0,0.0,0.0,0.0,0.0,0.0,0.0,0.0,0.0,0.0,0.0,"Jan 19, 2017"
3484,3504055.0,9561.0,Thi-Qar,Nassriya,Hay AL-Hussain,حي الحسين ,31.0671272145,46.264360511,7.0,42.0,5.0,0.0,1.0,0.0,0.0,0.0,0.0,0.0,1.0,0.0,0.0,0.0,0.0,0.0,0.0,0.0,0.0,0.0,0.0,0.0,0.0,0.0,0.0,0.0,0.0,0.0,7.0,0.0,0.0,7.0,0.0,0.0,0.0,0.0,0.0,0.0,0.0,0.0,5.0,0.0,2.0,5.0,0.0,2.0,0.0,0.0,0.0,0.0,0.0,0.0,0.0,0.0,0.0,0.0,0.0,0.0,"Jan 19, 2017"
3485,3505001.0,9206.0,Thi-Qar,Suq Al-Shoyokh,Al Esmaelya 2,الاسماعيليه 2,30.8836217891,46.4681495866,10.0,60.0,3.0,0.0,0.0,0.0,0.0,0.0,0.0,0.0,2.0,0.0,0.0,0.0,5.0,0.0,0.0,0.0,0.0,0.0,0.0,6.0,0.0,0.0,0.0,0.0,0.0,0.0,4.0,0.0,0.0,4.0,0.0,0.0,0.0,0.0,0.0,0.0,0.0,0.0,0.0,0.0,0.0,0.0,1.0,0.0,6.0,1.0,3.0,6.0,0.0,3.0,0.0,0.0,0.0,0.0,0.0,0.0,"Jan 19, 2017"
3486,3505002.0,24721.0,Thi-Qar,Suq Al-Shoyokh,Al Barid Street,شارع البريد,30.9562016338,46.3595015799,33.0,198.0,0.0,0.0,0.0,0.0,0.0,0.0,0.0,0.0,10.0,0.0,0.0,0.0,23.0,0.0,0.0,0.0,0.0,0.0,0.0,12.0,0.0,0.0,0.0,0.0,0.0,0.0,21.0,0.0,0.0,21.0,0.0,0.0,0.0,0.0,0.0,0.0,0.0,0.0,0.0,0.0,22.0,0.0,0.0,22.0,8.0,0.0,0.0,8.0,0.0,0.0,3.0,0.0,0.0,3.0,0.0,0.0,"Jan 19, 2017"
3487,3505003.0,25436.0,Thi-Qar,Suq Al-Shoyokh,Al Kibla,القبله,30.9066365022,46.4459799347,17.0,102.0,0.0,0.0,0.0,0.0,0.0,0.0,0.0,0.0,5.0,0.0,0.0,0.0,8.0,0.0,4.0,0.0,0.0,0.0,0.0,3.0,0.0,0.0,0.0,0.0,0.0,0.0,14.0,0.0,0.0,14.0,0.0,0.0,0.0,0.0,0.0,0.0,0.0,0.0,0.0,0.0,5.0,0.0,4.0,5.0,8.0,4.0,0.0,8.0,0.0,0.0,0.0,0.0,0.0,0.0,0.0,0.0,"Jan 19, 2017"
3488,3505004.0,25437.0,Thi-Qar,Suq Al-Shoyokh,Al Shumokh,الشموخ,30.8885562747,46.4502000422,5.0,30.0,2.0,0.0,0.0,0.0,0.0,0.0,0.0,0.0,3.0,0.0,0.0,0.0,0.0,0.0,0.0,0.0,0.0,0.0,0.0,2.0,0.0,0.0,0.0,0.0,0.0,0.0,3.0,0.0,0.0,3.0,0.0,0.0,0.0,0.0,0.0,0.0,0.0,0.0,0.0,0.0,0.0,0.0,4.0,0.0,0.0,4.0,0.0,0.0,0.0,0.0,1.0,0.0,0.0,1.0,0.0,0.0,"Jan 19, 2017"
3489,3505005.0,9262.0,Thi-Qar,Suq Al-Shoyokh,Markaz Al-akaekah,مركز العكيكه,30.911343312,46.4763023913,18.0,108.0,0.0,1.0,0.0,0.0,0.0,0.0,0.0,0.0,0.0,0.0,0.0,0.0,17.0,0.0,0.0,0.0,0.0,0.0,0.0,3.0,0.0,0.0,0.0,0.0,0.0,0.0,15.0,0.0,0.0,15.0,0.0,0.0,0.0,0.0,0.0,0.0,0.0,0.0,3.0,0.0,15.0,3.0,0.0,15.0,0.0,0.0,0.0,0.0,0.0,0.0,0.0,0.0,0.0,0.0,0.0,0.0,"Jan 19, 2017"
3490,3505006.0,9328.0,Thi-Qar,Suq Al-Shoyokh,Al-hey Al-Askarey,حي العسكري,30.9011745066,46.4496372761,15.0,90.0,0.0,0.0,0.0,0.0,0.0,0.0,0.0,0.0,0.0,0.0,0.0,0.0,15.0,0.0,0.0,0.0,0.0,0.0,0.0,5.0,0.0,0.0,0.0,0.0,0.0,0.0,10.0,0.0,0.0,10.0,0.0,0.0,0.0,0.0,0.0,0.0,0.0,0.0,0.0,0.0,10.0,0.0,0.0,10.0,0.0,0.0,0.0,0.0,0.0,0.0,5.0,0.0,0.0,5.0,0.0,0.0,"Jan 19, 2017"
3491,3505007.0,9332.0,Thi-Qar,Suq Al-Shoyokh,Al-Shuhadaa,حي الشهداء,30.8790316327,46.4642243146,25.0,150.0,3.0,1.0,0.0,0.0,0.0,9.0,0.0,0.0,0.0,0.0,0.0,0.0,12.0,0.0,0.0,0.0,0.0,0.0,0.0,9.0,0.0,0.0,0.0,0.0,0.0,0.0,16.0,0.0,0.0,16.0,0.0,0.0,0.0,0.0,0.0,0.0,0.0,0.0,0.0,0.0,4.0,0.0,5.0,4.0,8.0,5.0,8.0,8.0,0.0,8.0,0.0,0.0,0.0,0.0,0.0,0.0,"Jan 19, 2017"
3492,3505008.0,24783.0,Thi-Qar,Suq Al-Shoyokh,Hey Al Tahrear,حي التحرير,30.8843767864,46.4656770471,5.0,30.0,0.0,0.0,0.0,0.0,0.0,0.0,0.0,0.0,0.0,0.0,0.0,0.0,0.0,0.0,5.0,0.0,0.0,0.0,0.0,0.0,0.0,0.0,0.0,0.0,0.0,0.0,5.0,0.0,0.0,5.0,0.0,0.0,0.0,0.0,0.0,0.0,0.0,0.0,0.0,0.0,5.0,0.0,0.0,5.0,0.0,0.0,0.0,0.0,0.0,0.0,0.0,0.0,0.0,0.0,0.0,0.0,"Jan 19, 2017"
3493,3505009.0,24493.0,Thi-Qar,Suq Al-Shoyokh,Hey al-chaoui,حي الشاوي,30.8912403677,46.461386868,8.0,48.0,8.0,0.0,0.0,0.0,0.0,0.0,0.0,0.0,0.0,0.0,0.0,0.0,0.0,0.0,0.0,0.0,0.0,0.0,0.0,0.0,0.0,0.0,0.0,0.0,0.0,0.0,8.0,0.0,0.0,8.0,0.0,0.0,0.0,0.0,0.0,0.0,0.0,0.0,0.0,0.0,8.0,0.0,0.0,8.0,0.0,0.0,0.0,0.0,0.0,0.0,0.0,0.0,0.0,0.0,0.0,0.0,"Jan 19, 2017"
3494,3505010.0,9261.0,Thi-Qar,Suq Al-Shoyokh,Hey al-ghadeir,حي الغدير,30.8855811292,46.4605966021,8.0,48.0,0.0,0.0,4.0,0.0,0.0,0.0,0.0,0.0,0.0,0.0,0.0,0.0,4.0,0.0,0.0,0.0,0.0,0.0,0.0,0.0,0.0,0.0,0.0,0.0,0.0,0.0,8.0,0.0,0.0,8.0,0.0,0.0,0.0,0.0,0.0,0.0,0.0,0.0,5.0,0.0,0.0,5.0,3.0,0.0,0.0,3.0,0.0,0.0,0.0,0.0,0.0,0.0,0.0,0.0,0.0,0.0,"Jan 19, 2017"
3495,3505011.0,9258.0,Thi-Qar,Suq Al-Shoyokh,Hey al-zahraa,حي الزهراء,30.9018696183,46.4582449773,19.0,114.0,0.0,0.0,0.0,0.0,0.0,0.0,0.0,0.0,6.0,0.0,0.0,0.0,10.0,0.0,3.0,0.0,0.0,0.0,0.0,11.0,0.0,0.0,0.0,0.0,0.0,0.0,8.0,0.0,0.0,8.0,0.0,0.0,0.0,0.0,0.0,0.0,0.0,0.0,0.0,0.0,0.0,0.0,19.0,0.0,0.0,19.0,0.0,0.0,0.0,0.0,0.0,0.0,0.0,0.0,0.0,0.0,"Jan 19, 2017"
3496,3505012.0,8878.0,Thi-Qar,Suq Al-Shoyokh,Markaz Karmat Bani Said,مركز كرمة بني سعيد,30.8805817825,46.572900688,45.0,270.0,0.0,4.0,1.0,0.0,0.0,1.0,0.0,0.0,9.0,0.0,0.0,0.0,30.0,0.0,0.0,0.0,0.0,0.0,0.0,20.0,0.0,0.0,0.0,0.0,0.0,0.0,16.0,0.0,0.0,16.0,0.0,0.0,9.0,0.0,0.0,9.0,0.0,0.0,3.0,0.0,8.0,3.0,20.0,8.0,14.0,20.0,0.0,14.0,0.0,0.0,0.0,0.0,0.0,0.0,0.0,0.0,"Jan 19, 2017"
3497,3601001.0,3072.0,Qadissiya,Afaq,Laiby village,قرية العيبي,32.074075,45.247626,16.0,96.0,5.0,0.0,0.0,0.0,0.0,0.0,0.0,0.0,0.0,0.0,0.0,0.0,11.0,0.0,0.0,0.0,0.0,0.0,0.0,12.0,0.0,0.0,0.0,0.0,0.0,0.0,1.0,0.0,0.0,1.0,0.0,0.0,0.0,0.0,3.0,0.0,0.0,3.0,0.0,0.0,0.0,0.0,11.0,0.0,3.0,11.0,2.0,3.0,0.0,2.0,0.0,0.0,0.0,0.0,0.0,0.0,"Jan 19, 2017"
3498,3601004.0,24207.0,Qadissiya,Afaq,Al Atawah Village,قرية العطاوة,32.116014,45.114113,40.0,240.0,0.0,0.0,0.0,0.0,0.0,0.0,0.0,0.0,34.0,0.0,0.0,0.0,6.0,0.0,0.0,0.0,0.0,0.0,0.0,18.0,0.0,0.0,0.0,0.0,0.0,3.0,19.0,3.0,0.0,19.0,0.0,0.0,0.0,0.0,0.0,0.0,0.0,0.0,8.0,0.0,26.0,8.0,6.0,26.0,0.0,6.0,0.0,0.0,0.0,0.0,0.0,0.0,0.0,0.0,0.0,0.0,"Jan 19, 2017"
3499,3601005.0,24287.0,Qadissiya,Afaq,Hay Al Askary 2,حي العسكري2,31.9679167354,45.4050071854,24.0,144.0,2.0,0.0,1.0,0.0,0.0,0.0,0.0,0.0,6.0,0.0,0.0,0.0,15.0,0.0,0.0,0.0,0.0,0.0,0.0,15.0,0.0,0.0,0.0,0.0,0.0,0.0,9.0,0.0,0.0,9.0,0.0,0.0,0.0,0.0,0.0,0.0,0.0,0.0,0.0,0.0,15.0,0.0,6.0,15.0,3.0,6.0,0.0,3.0,0.0,0.0,0.0,0.0,0.0,0.0,0.0,0.0,"Jan 19, 2017"
3500,3601006.0,25369.0,Qadissiya,Afaq,Hay Al-Salam,حي السلام,31.9802629855,45.4081304029,12.0,72.0,0.0,0.0,0.0,0.0,0.0,0.0,0.0,0.0,3.0,0.0,0.0,0.0,9.0,0.0,0.0,0.0,0.0,0.0,0.0,4.0,0.0,0.0,0.0,0.0,0.0,0.0,8.0,0.0,0.0,8.0,0.0,0.0,0.0,0.0,0.0,0.0,0.0,0.0,0.0,0.0,3.0,0.0,9.0,3.0,0.0,9.0,0.0,0.0,0.0,0.0,0.0,0.0,0.0,0.0,0.0,0.0,"Jan 19, 2017"
3501,3601007.0,2576.0,Qadissiya,Afaq,Al Ejem Village,قرية ال عجم,31.9703,45.4244,16.0,96.0,0.0,0.0,0.0,0.0,0.0,0.0,0.0,0.0,16.0,0.0,0.0,0.0,0.0,0.0,0.0,0.0,0.0,0.0,0.0,9.0,0.0,0.0,0.0,0.0,0.0,0.0,7.0,0.0,0.0,7.0,0.0,0.0,0.0,0.0,0.0,0.0,0.0,0.0,0.0,0.0,0.0,0.0,16.0,0.0,0.0,16.0,0.0,0.0,0.0,0.0,0.0,0.0,0.0,0.0,0.0,0.0,"Jan 19, 2017"
3502,3601008.0,2647.0,Qadissiya,Afaq,Al Sbahi Village,قرية ال سباهي,31.9102,45.5155,10.0,60.0,0.0,0.0,0.0,0.0,0.0,0.0,0.0,0.0,9.0,0.0,0.0,0.0,1.0,0.0,0.0,0.0,0.0,0.0,0.0,6.0,0.0,0.0,0.0,0.0,0.0,0.0,4.0,0.0,0.0,4.0,0.0,0.0,0.0,0.0,0.0,0.0,0.0,0.0,0.0,0.0,0.0,0.0,10.0,0.0,0.0,10.0,0.0,0.0,0.0,0.0,0.0,0.0,0.0,0.0,0.0,0.0,"Jan 19, 2017"
3503,3601009.0,25504.0,Qadissiya,Afaq,Al_Kushan village,قرية ال كوشان,32.059483,45.196685,27.0,162.0,4.0,0.0,0.0,0.0,0.0,0.0,0.0,0.0,0.0,0.0,0.0,0.0,23.0,0.0,0.0,0.0,0.0,0.0,0.0,7.0,0.0,0.0,0.0,0.0,0.0,14.0,6.0,14.0,0.0,6.0,0.0,0.0,0.0,0.0,0.0,0.0,0.0,0.0,0.0,0.0,10.0,0.0,13.0,10.0,2.0,13.0,2.0,2.0,0.0,2.0,0.0,0.0,0.0,0.0,0.0,0.0,"Jan 19, 2017"
3504,3601010.0,3395.0,Qadissiya,Afaq,Mantaket Al-jadida,منطقة الجديدة,31.968207,45.410747,5.0,30.0,3.0,0.0,0.0,0.0,0.0,0.0,0.0,0.0,2.0,0.0,0.0,0.0,0.0,0.0,0.0,0.0,0.0,0.0,0.0,2.0,0.0,0.0,0.0,0.0,0.0,0.0,3.0,0.0,0.0,3.0,0.0,0.0,0.0,0.0,0.0,0.0,0.0,0.0,0.0,0.0,2.0,0.0,0.0,2.0,3.0,0.0,0.0,3.0,0.0,0.0,0.0,0.0,0.0,0.0,0.0,0.0,"Jan 19, 2017"
3505,3601011.0,2618.0,Qadissiya,Afaq,Albu Ali Village,قرية البوعلي,31.8667,45.5118,12.0,72.0,1.0,0.0,0.0,0.0,0.0,0.0,0.0,0.0,6.0,0.0,0.0,0.0,0.0,0.0,5.0,0.0,0.0,0.0,0.0,9.0,0.0,0.0,0.0,0.0,0.0,0.0,3.0,0.0,0.0,3.0,0.0,0.0,0.0,0.0,0.0,0.0,0.0,0.0,0.0,0.0,0.0,0.0,11.0,0.0,0.0,11.0,1.0,0.0,0.0,1.0,0.0,0.0,0.0,0.0,0.0,0.0,"Jan 19, 2017"
3506,3601012.0,3205.0,Qadissiya,Afaq,Al-Dariya village,قرية الدرعية,32.073181,45.132609,5.0,30.0,0.0,0.0,0.0,0.0,0.0,0.0,0.0,0.0,0.0,0.0,0.0,0.0,5.0,0.0,0.0,0.0,0.0,0.0,0.0,2.0,0.0,0.0,0.0,0.0,0.0,0.0,3.0,0.0,0.0,3.0,0.0,0.0,0.0,0.0,0.0,0.0,0.0,0.0,0.0,0.0,0.0,0.0,5.0,0.0,0.0,5.0,0.0,0.0,0.0,0.0,0.0,0.0,0.0,0.0,0.0,0.0,"Jan 19, 2017"
3507,3601013.0,3035.0,Qadissiya,Afaq,fadhel allah village,قرية فضل الله,32.031321,45.091121,6.0,36.0,0.0,0.0,0.0,0.0,0.0,0.0,0.0,0.0,0.0,0.0,0.0,0.0,6.0,0.0,0.0,0.0,0.0,0.0,0.0,0.0,0.0,0.0,0.0,0.0,0.0,6.0,0.0,6.0,0.0,0.0,0.0,0.0,0.0,0.0,0.0,0.0,0.0,0.0,0.0,0.0,0.0,0.0,6.0,0.0,0.0,6.0,0.0,0.0,0.0,0.0,0.0,0.0,0.0,0.0,0.0,0.0,"Jan 19, 2017"
3508,3601014.0,25381.0,Qadissiya,Afaq,Al-Mahtrj village,قرية المحترج,32.032156,45.095471,4.0,24.0,0.0,0.0,0.0,0.0,0.0,0.0,0.0,0.0,0.0,0.0,0.0,0.0,4.0,0.0,0.0,0.0,0.0,0.0,0.0,0.0,0.0,0.0,0.0,0.0,0.0,4.0,0.0,4.0,0.0,0.0,0.0,0.0,0.0,0.0,0.0,0.0,0.0,0.0,0.0,0.0,0.0,0.0,4.0,0.0,0.0,4.0,0.0,0.0,0.0,0.0,0.0,0.0,0.0,0.0,0.0,0.0,"Jan 19, 2017"
3509,3601015.0,3392.0,Qadissiya,Afaq,AL-Qati,القاطع,32.053763984,45.2333997609,30.0,180.0,5.0,0.0,0.0,0.0,0.0,0.0,0.0,0.0,17.0,0.0,0.0,0.0,8.0,0.0,0.0,0.0,0.0,0.0,0.0,9.0,0.0,0.0,0.0,0.0,0.0,4.0,16.0,4.0,0.0,16.0,0.0,0.0,0.0,0.0,1.0,0.0,0.0,1.0,0.0,0.0,17.0,0.0,8.0,17.0,5.0,8.0,0.0,5.0,0.0,0.0,0.0,0.0,0.0,0.0,0.0,0.0,"Jan 19, 2017"
3510,3601016.0,24601.0,Qadissiya,Afaq,Al-Sabkaia,الصبخاية,32.1524920536,45.0048223871,20.0,120.0,0.0,0.0,1.0,0.0,0.0,0.0,0.0,0.0,0.0,0.0,0.0,0.0,19.0,0.0,0.0,0.0,0.0,0.0,0.0,6.0,0.0,0.0,0.0,0.0,0.0,0.0,14.0,0.0,0.0,14.0,0.0,0.0,0.0,0.0,0.0,0.0,0.0,0.0,1.0,0.0,0.0,1.0,19.0,0.0,0.0,19.0,0.0,0.0,0.0,0.0,0.0,0.0,0.0,0.0,0.0,0.0,"Jan 19, 2017"
3511,3601017.0,3116.0,Qadissiya,Afaq,Al-sadaa al-muhania village,قرية السادة المحانية,32.0584227485,45.1627648746,9.0,54.0,0.0,0.0,0.0,0.0,0.0,0.0,0.0,0.0,0.0,0.0,0.0,0.0,9.0,0.0,0.0,0.0,0.0,0.0,0.0,0.0,0.0,0.0,0.0,0.0,0.0,6.0,3.0,6.0,0.0,3.0,0.0,0.0,0.0,0.0,0.0,0.0,0.0,0.0,0.0,0.0,2.0,0.0,7.0,2.0,0.0,7.0,0.0,0.0,0.0,0.0,0.0,0.0,0.0,0.0,0.0,0.0,"Jan 19, 2017"
3512,3601018.0,2795.0,Qadissiya,Afaq,Hay Al-sakban,حي الصكبان,31.9724988705,45.4100497545,13.0,78.0,2.0,0.0,0.0,0.0,0.0,0.0,0.0,0.0,9.0,0.0,0.0,0.0,2.0,0.0,0.0,0.0,0.0,0.0,0.0,2.0,0.0,0.0,0.0,0.0,0.0,0.0,11.0,0.0,0.0,11.0,0.0,0.0,0.0,0.0,0.0,0.0,0.0,0.0,2.0,0.0,9.0,2.0,2.0,9.0,0.0,2.0,0.0,0.0,0.0,0.0,0.0,0.0,0.0,0.0,0.0,0.0,"Jan 19, 2017"
3513,3601019.0,3109.0,Qadissiya,Afaq,Al-shariaa village,قرية الشريعة,32.0544099539,45.1511169552,5.0,30.0,0.0,0.0,0.0,0.0,0.0,0.0,0.0,0.0,0.0,0.0,0.0,0.0,5.0,0.0,0.0,0.0,0.0,0.0,0.0,0.0,0.0,0.0,0.0,0.0,0.0,4.0,1.0,4.0,0.0,1.0,0.0,0.0,0.0,0.0,0.0,0.0,0.0,0.0,0.0,0.0,0.0,0.0,5.0,0.0,0.0,5.0,0.0,0.0,0.0,0.0,0.0,0.0,0.0,0.0,0.0,0.0,"Jan 19, 2017"
3514,3601020.0,22751.0,Qadissiya,Afaq,Hay Al Jumhoriyah,حي الجمهورية ,32.1524027887,45.0014419198,21.0,126.0,1.0,0.0,0.0,0.0,0.0,0.0,0.0,0.0,0.0,0.0,0.0,0.0,20.0,0.0,0.0,0.0,0.0,0.0,0.0,9.0,0.0,0.0,0.0,0.0,0.0,0.0,12.0,0.0,0.0,12.0,0.0,0.0,0.0,0.0,0.0,0.0,0.0,0.0,0.0,0.0,3.0,0.0,17.0,3.0,1.0,17.0,0.0,1.0,0.0,0.0,0.0,0.0,0.0,0.0,0.0,0.0,"Jan 19, 2017"
3515,3601021.0,24288.0,Qadissiya,Afaq,Hay Al Zahraa,حي الزهراء,32.063236116,45.2367269271,30.0,180.0,7.0,0.0,0.0,0.0,0.0,0.0,0.0,0.0,6.0,0.0,0.0,0.0,17.0,0.0,0.0,0.0,0.0,0.0,0.0,6.0,0.0,0.0,0.0,0.0,0.0,7.0,15.0,7.0,0.0,15.0,0.0,0.0,0.0,0.0,2.0,0.0,0.0,2.0,0.0,0.0,6.0,0.0,18.0,6.0,4.0,18.0,2.0,4.0,0.0,2.0,0.0,0.0,0.0,0.0,0.0,0.0,"Jan 19, 2017"
3516,3601022.0,3362.0,Qadissiya,Afaq,Hay Al-Askari,حي العسكري ,32.0660688363,45.2406862068,26.0,156.0,14.0,0.0,2.0,0.0,0.0,0.0,0.0,0.0,6.0,0.0,0.0,0.0,4.0,0.0,0.0,0.0,0.0,0.0,0.0,5.0,0.0,0.0,0.0,0.0,0.0,0.0,21.0,0.0,0.0,21.0,0.0,0.0,0.0,0.0,0.0,0.0,0.0,0.0,0.0,0.0,9.0,0.0,11.0,9.0,4.0,11.0,2.0,4.0,0.0,2.0,0.0,0.0,0.0,0.0,0.0,0.0,"Jan 19, 2017"
3517,3601023.0,24488.0,Qadissiya,Afaq,Hay Al-Hakeem,حي الحكيم,32.1496902557,44.995358897,25.0,150.0,6.0,0.0,0.0,0.0,0.0,0.0,0.0,0.0,0.0,0.0,0.0,0.0,19.0,0.0,0.0,0.0,0.0,0.0,0.0,9.0,0.0,0.0,0.0,0.0,0.0,0.0,13.0,0.0,0.0,13.0,0.0,0.0,0.0,0.0,3.0,0.0,0.0,3.0,0.0,0.0,0.0,0.0,19.0,0.0,4.0,19.0,2.0,4.0,0.0,2.0,0.0,0.0,0.0,0.0,0.0,0.0,"Jan 19, 2017"
3518,3601024.0,25382.0,Qadissiya,Afaq,Hay Al-Hussein,حي الحسين,32.0627755943,45.2546195241,34.0,204.0,8.0,2.0,0.0,0.0,0.0,0.0,0.0,0.0,0.0,0.0,0.0,0.0,24.0,0.0,0.0,0.0,0.0,0.0,0.0,10.0,0.0,0.0,0.0,0.0,0.0,7.0,17.0,7.0,0.0,17.0,0.0,0.0,0.0,0.0,0.0,0.0,0.0,0.0,4.0,0.0,12.0,4.0,10.0,12.0,5.0,10.0,3.0,5.0,0.0,3.0,0.0,0.0,0.0,0.0,0.0,0.0,"Jan 19, 2017"
3519,3601025.0,25379.0,Qadissiya,Afaq,Hay Al-Imam,حي الامام,32.054082,45.142773,6.0,36.0,0.0,0.0,0.0,0.0,0.0,0.0,0.0,0.0,0.0,0.0,0.0,0.0,6.0,0.0,0.0,0.0,0.0,0.0,0.0,0.0,0.0,0.0,0.0,0.0,0.0,6.0,0.0,6.0,0.0,0.0,0.0,0.0,0.0,0.0,0.0,0.0,0.0,0.0,0.0,0.0,0.0,0.0,6.0,0.0,0.0,6.0,0.0,0.0,0.0,0.0,0.0,0.0,0.0,0.0,0.0,0.0,"Jan 19, 2017"
3520,3601026.0,2802.0,Qadissiya,Afaq,Hay al-jihad,حي الجهاد,31.973435632,45.4134042219,35.0,210.0,0.0,0.0,0.0,0.0,0.0,0.0,0.0,0.0,21.0,0.0,0.0,0.0,14.0,0.0,0.0,0.0,0.0,0.0,0.0,9.0,0.0,8.0,0.0,0.0,8.0,0.0,18.0,0.0,0.0,18.0,0.0,0.0,0.0,0.0,0.0,0.0,0.0,0.0,0.0,0.0,22.0,0.0,13.0,22.0,0.0,13.0,0.0,0.0,0.0,0.0,0.0,0.0,0.0,0.0,0.0,0.0,"Jan 19, 2017"
3521,3601028.0,25501.0,Qadissiya,Afaq,Hay Al-Oroba,حي العروبة,32.151274,45.000907,11.0,66.0,2.0,0.0,0.0,0.0,0.0,0.0,0.0,0.0,0.0,0.0,0.0,0.0,9.0,0.0,0.0,0.0,0.0,0.0,0.0,4.0,0.0,0.0,0.0,0.0,0.0,0.0,7.0,0.0,0.0,7.0,0.0,0.0,0.0,0.0,0.0,0.0,0.0,0.0,0.0,0.0,0.0,0.0,9.0,0.0,0.0,9.0,2.0,0.0,0.0,2.0,0.0,0.0,0.0,0.0,0.0,0.0,"Jan 19, 2017"
3522,3601029.0,25376.0,Qadissiya,Afaq,Hay Al-Rahma,حي الرحمه,31.96413,45.415137,5.0,30.0,0.0,0.0,0.0,0.0,0.0,0.0,0.0,0.0,3.0,0.0,0.0,0.0,2.0,0.0,0.0,0.0,0.0,0.0,0.0,2.0,0.0,0.0,0.0,0.0,0.0,0.0,3.0,0.0,0.0,3.0,0.0,0.0,0.0,0.0,0.0,0.0,0.0,0.0,0.0,0.0,1.0,0.0,4.0,1.0,0.0,4.0,0.0,0.0,0.0,0.0,0.0,0.0,0.0,0.0,0.0,0.0,"Jan 19, 2017"
3523,3601030.0,3360.0,Qadissiya,Afaq,Hay Al-Rasoul,حي الرسول,32.067178,45.246526,14.0,84.0,8.0,0.0,0.0,0.0,0.0,0.0,0.0,0.0,0.0,0.0,0.0,0.0,6.0,0.0,0.0,0.0,0.0,0.0,0.0,3.0,0.0,0.0,0.0,0.0,0.0,0.0,11.0,0.0,0.0,11.0,0.0,0.0,0.0,0.0,0.0,0.0,0.0,0.0,0.0,0.0,2.0,0.0,4.0,2.0,7.0,4.0,1.0,7.0,0.0,1.0,0.0,0.0,0.0,0.0,0.0,0.0,"Jan 19, 2017"
3524,3601031.0,25378.0,Qadissiya,Afaq,Hay Al-Sadrain,حي الصدرين,31.9779288769,45.3971406447,14.0,84.0,0.0,2.0,0.0,0.0,0.0,0.0,0.0,0.0,6.0,0.0,0.0,0.0,6.0,0.0,0.0,0.0,0.0,0.0,0.0,1.0,0.0,0.0,0.0,0.0,0.0,0.0,11.0,0.0,0.0,11.0,0.0,0.0,0.0,0.0,2.0,0.0,0.0,2.0,0.0,0.0,6.0,0.0,8.0,6.0,0.0,8.0,0.0,0.0,0.0,0.0,0.0,0.0,0.0,0.0,0.0,0.0,"Jan 19, 2017"
3525,3601032.0,2803.0,Qadissiya,Afaq,Hay Al-Salam(Random Area),حي السلام-منطقة التجاوز,32.061577,45.227755,13.0,78.0,5.0,0.0,0.0,0.0,0.0,0.0,0.0,0.0,0.0,0.0,0.0,0.0,8.0,0.0,0.0,0.0,0.0,0.0,0.0,4.0,0.0,0.0,0.0,0.0,0.0,0.0,7.0,0.0,0.0,7.0,0.0,0.0,0.0,0.0,2.0,0.0,0.0,2.0,0.0,0.0,0.0,0.0,8.0,0.0,3.0,8.0,2.0,3.0,0.0,2.0,0.0,0.0,0.0,0.0,0.0,0.0,"Jan 19, 2017"
3526,3601033.0,25380.0,Qadissiya,Afaq,Hay Al-Salam,حي السلام,32.047431,45.141245,11.0,66.0,0.0,0.0,0.0,0.0,0.0,0.0,0.0,0.0,0.0,0.0,0.0,0.0,11.0,0.0,0.0,0.0,0.0,0.0,0.0,0.0,0.0,0.0,0.0,0.0,0.0,11.0,0.0,11.0,0.0,0.0,0.0,0.0,0.0,0.0,0.0,0.0,0.0,0.0,0.0,0.0,5.0,0.0,6.0,5.0,0.0,6.0,0.0,0.0,0.0,0.0,0.0,0.0,0.0,0.0,0.0,0.0,"Jan 19, 2017"
3527,3601035.0,3368.0,Qadissiya,Afaq,Hay Al-Waili,حي الوائلي,32.0555827137,45.2372474364,15.0,90.0,3.0,0.0,0.0,0.0,0.0,0.0,0.0,0.0,4.0,0.0,0.0,0.0,8.0,0.0,0.0,0.0,0.0,0.0,0.0,2.0,0.0,0.0,0.0,0.0,0.0,0.0,13.0,0.0,0.0,13.0,0.0,0.0,0.0,0.0,0.0,0.0,0.0,0.0,0.0,0.0,4.0,0.0,8.0,4.0,3.0,8.0,0.0,3.0,0.0,0.0,0.0,0.0,0.0,0.0,0.0,0.0,"Jan 19, 2017"
3528,3601036.0,22451.0,Qadissiya,Afaq,Hay Wajaan,حي وجعان,32.145235,45.001085,15.0,90.0,3.0,0.0,0.0,0.0,0.0,0.0,0.0,0.0,5.0,0.0,0.0,0.0,7.0,0.0,0.0,0.0,0.0,0.0,0.0,5.0,0.0,0.0,0.0,0.0,0.0,0.0,10.0,0.0,0.0,10.0,0.0,0.0,0.0,0.0,0.0,0.0,0.0,0.0,0.0,0.0,6.0,0.0,6.0,6.0,3.0,6.0,0.0,3.0,0.0,0.0,0.0,0.0,0.0,0.0,0.0,0.0,"Jan 19, 2017"
3529,3601037.0,3366.0,Qadissiya,Afaq,Mantaket Al-Agaba,منطقة العكبة,32.067284,45.247279,10.0,60.0,3.0,0.0,0.0,0.0,0.0,0.0,0.0,0.0,5.0,0.0,0.0,0.0,2.0,0.0,0.0,0.0,0.0,0.0,0.0,3.0,0.0,0.0,0.0,0.0,0.0,0.0,7.0,0.0,0.0,7.0,0.0,0.0,0.0,0.0,0.0,0.0,0.0,0.0,0.0,0.0,5.0,0.0,2.0,5.0,3.0,2.0,0.0,3.0,0.0,0.0,0.0,0.0,0.0,0.0,0.0,0.0,"Jan 19, 2017"
3530,3601038.0,25503.0,Qadissiya,Afaq,Mantaket Al-Alwaa,منطقة العلوة,32.151228,44.999053,8.0,48.0,0.0,0.0,0.0,0.0,0.0,0.0,0.0,0.0,0.0,0.0,0.0,0.0,8.0,0.0,0.0,0.0,0.0,0.0,0.0,3.0,0.0,0.0,0.0,0.0,0.0,0.0,5.0,0.0,0.0,5.0,0.0,0.0,0.0,0.0,0.0,0.0,0.0,0.0,0.0,0.0,0.0,0.0,8.0,0.0,0.0,8.0,0.0,0.0,0.0,0.0,0.0,0.0,0.0,0.0,0.0,0.0,"Jan 19, 2017"
3531,3601039.0,3074.0,Qadissiya,Afaq,Mantaket Al-Zwiya,منطقة الزوية,32.064086,45.249973,11.0,66.0,9.0,0.0,0.0,0.0,0.0,0.0,0.0,0.0,0.0,0.0,0.0,0.0,2.0,0.0,0.0,0.0,0.0,0.0,0.0,0.0,0.0,0.0,0.0,0.0,0.0,0.0,3.0,0.0,0.0,3.0,0.0,0.0,0.0,0.0,8.0,0.0,0.0,8.0,0.0,0.0,0.0,0.0,2.0,0.0,4.0,2.0,5.0,4.0,0.0,5.0,0.0,0.0,0.0,0.0,0.0,0.0,"Jan 19, 2017"
3532,3601040.0,25377.0,Qadissiya,Afaq,Mantaqet Alsooq,منطقة السوق,31.9740101276,45.406389283,5.0,30.0,2.0,0.0,0.0,0.0,0.0,0.0,0.0,0.0,3.0,0.0,0.0,0.0,0.0,0.0,0.0,0.0,0.0,0.0,0.0,3.0,0.0,0.0,0.0,0.0,0.0,0.0,2.0,0.0,0.0,2.0,0.0,0.0,0.0,0.0,0.0,0.0,0.0,0.0,0.0,0.0,0.0,0.0,3.0,0.0,2.0,3.0,0.0,2.0,0.0,0.0,0.0,0.0,0.0,0.0,0.0,0.0,"Jan 19, 2017"
3533,3601042.0,22117.0,Qadissiya,Afaq,Hay Muslim Bin Aqeel,حي مسلم ابن عقيل,32.055192,45.235752,6.0,36.0,4.0,0.0,0.0,0.0,0.0,0.0,0.0,0.0,0.0,0.0,0.0,0.0,2.0,0.0,0.0,0.0,0.0,0.0,0.0,0.0,0.0,0.0,0.0,0.0,0.0,0.0,6.0,0.0,0.0,6.0,0.0,0.0,0.0,0.0,0.0,0.0,0.0,0.0,0.0,0.0,0.0,0.0,2.0,0.0,3.0,2.0,1.0,3.0,0.0,1.0,0.0,0.0,0.0,0.0,0.0,0.0,"Jan 19, 2017"
3534,3601043.0,3187.0,Qadissiya,Afaq,Qaryat Al-Ein,قرية العين,32.084064,45.119458,10.0,60.0,0.0,0.0,0.0,0.0,0.0,0.0,0.0,0.0,5.0,0.0,0.0,0.0,5.0,0.0,0.0,0.0,0.0,0.0,0.0,3.0,0.0,0.0,0.0,0.0,0.0,5.0,2.0,5.0,0.0,2.0,0.0,0.0,0.0,0.0,0.0,0.0,0.0,0.0,0.0,0.0,5.0,0.0,5.0,5.0,0.0,5.0,0.0,0.0,0.0,0.0,0.0,0.0,0.0,0.0,0.0,0.0,"Jan 19, 2017"
3535,3601044.0,25502.0,Qadissiya,Afaq,Hay Al-Askary,حي العسكري,32.1451122262,44.9928492229,20.0,120.0,5.0,0.0,1.0,0.0,0.0,0.0,0.0,0.0,0.0,0.0,0.0,0.0,14.0,0.0,0.0,0.0,0.0,0.0,0.0,1.0,0.0,0.0,0.0,0.0,0.0,2.0,17.0,2.0,0.0,17.0,0.0,0.0,0.0,0.0,0.0,0.0,0.0,0.0,0.0,0.0,0.0,0.0,15.0,0.0,0.0,15.0,5.0,0.0,0.0,5.0,0.0,0.0,0.0,0.0,0.0,0.0,"Jan 19, 2017"
3536,3601046.0,25374.0,Qadissiya,Afaq,Tajamo Al-Mohajreen,تجمع المهاجرين,31.9801058248,45.4142962125,20.0,120.0,0.0,0.0,0.0,0.0,0.0,0.0,0.0,0.0,20.0,0.0,0.0,0.0,0.0,0.0,0.0,0.0,0.0,0.0,0.0,14.0,0.0,0.0,0.0,0.0,0.0,0.0,6.0,0.0,0.0,6.0,0.0,0.0,0.0,0.0,0.0,0.0,0.0,0.0,0.0,0.0,13.0,0.0,7.0,13.0,0.0,7.0,0.0,0.0,0.0,0.0,0.0,0.0,0.0,0.0,0.0,0.0,"Jan 19, 2017"
3537,3601047.0,25373.0,Qadissiya,Afaq,Tajamo Al-Shara,تجمع الشرع,31.9727531774,45.4000164382,12.0,72.0,0.0,0.0,0.0,0.0,0.0,0.0,0.0,0.0,7.0,0.0,0.0,0.0,4.0,0.0,1.0,0.0,0.0,0.0,0.0,4.0,0.0,4.0,0.0,0.0,4.0,0.0,4.0,0.0,0.0,4.0,0.0,0.0,0.0,0.0,0.0,0.0,0.0,0.0,0.0,0.0,7.0,0.0,5.0,7.0,0.0,5.0,0.0,0.0,0.0,0.0,0.0,0.0,0.0,0.0,0.0,0.0,"Jan 19, 2017"
3538,3601048.0,25375.0,Qadissiya,Afaq,Tajamo Zamel,تجمع زامل,31.9679628359,45.4217653815,64.0,384.0,0.0,0.0,0.0,0.0,0.0,0.0,0.0,0.0,5.0,0.0,0.0,0.0,59.0,0.0,0.0,0.0,0.0,0.0,0.0,5.0,0.0,0.0,0.0,0.0,0.0,54.0,5.0,54.0,0.0,5.0,0.0,0.0,0.0,0.0,0.0,0.0,0.0,0.0,0.0,0.0,0.0,0.0,24.0,0.0,40.0,24.0,0.0,40.0,0.0,0.0,0.0,0.0,0.0,0.0,0.0,0.0,"Jan 19, 2017"
3539,3602001.0,25561.0,Qadissiya,Al-Shamiya,Abu Kufoof Al-jenobi,ابو كفوف الجنوبي,32.037687,44.559486,10.0,60.0,3.0,0.0,0.0,0.0,0.0,0.0,0.0,0.0,1.0,0.0,0.0,0.0,6.0,0.0,0.0,0.0,0.0,0.0,0.0,4.0,0.0,0.0,0.0,0.0,0.0,0.0,6.0,0.0,0.0,6.0,0.0,0.0,0.0,0.0,0.0,0.0,0.0,0.0,0.0,0.0,1.0,0.0,6.0,1.0,1.0,6.0,2.0,1.0,0.0,2.0,0.0,0.0,0.0,0.0,0.0,0.0,"Jan 19, 2017"
3540,3602003.0,25505.0,Qadissiya,Al-Shamiya,Ager village,قرية عكر,32.0395967,44.5595684071,12.0,72.0,4.0,0.0,0.0,0.0,0.0,0.0,0.0,0.0,0.0,0.0,0.0,0.0,8.0,0.0,0.0,0.0,0.0,0.0,0.0,5.0,0.0,0.0,0.0,0.0,0.0,0.0,7.0,0.0,0.0,7.0,0.0,0.0,0.0,0.0,0.0,0.0,0.0,0.0,0.0,0.0,7.0,0.0,1.0,7.0,0.0,1.0,4.0,0.0,0.0,4.0,0.0,0.0,0.0,0.0,0.0,0.0,"Jan 19, 2017"
3541,3602004.0,22683.0,Qadissiya,Al-Shamiya,Mantaket Al Hezam Al Akhdhar,منطقة الحزام الاخضر ,31.737460491,44.6099555827,10.0,60.0,0.0,0.0,0.0,0.0,0.0,0.0,0.0,0.0,0.0,0.0,0.0,0.0,10.0,0.0,0.0,0.0,0.0,0.0,0.0,2.0,0.0,0.0,0.0,0.0,0.0,8.0,0.0,8.0,0.0,0.0,0.0,0.0,0.0,0.0,0.0,0.0,0.0,0.0,0.0,0.0,4.0,0.0,6.0,4.0,0.0,6.0,0.0,0.0,0.0,0.0,0.0,0.0,0.0,0.0,0.0,0.0,"Jan 19, 2017"
3542,3602005.0,25566.0,Qadissiya,Al-Shamiya,Hay Al-Askary,حي العسكري,32.0527777707,44.5625420894,11.0,66.0,4.0,0.0,0.0,0.0,0.0,0.0,0.0,0.0,0.0,0.0,0.0,0.0,7.0,0.0,0.0,0.0,0.0,0.0,0.0,3.0,0.0,0.0,0.0,0.0,0.0,0.0,8.0,0.0,0.0,8.0,0.0,0.0,0.0,0.0,0.0,0.0,0.0,0.0,0.0,0.0,0.0,0.0,7.0,0.0,2.0,7.0,2.0,2.0,0.0,2.0,0.0,0.0,0.0,0.0,0.0,0.0,"Jan 19, 2017"
3543,3602006.0,2749.0,Qadissiya,Al-Shamiya,Hay Al-aaskary al-gharby,حي العسكري الغربي,31.9572482491,44.5736161349,59.0,354.0,5.0,0.0,0.0,0.0,0.0,0.0,0.0,0.0,2.0,0.0,0.0,0.0,48.0,0.0,4.0,0.0,0.0,0.0,0.0,9.0,0.0,0.0,0.0,0.0,0.0,30.0,20.0,30.0,0.0,20.0,0.0,0.0,0.0,0.0,0.0,0.0,0.0,0.0,0.0,0.0,28.0,0.0,24.0,28.0,7.0,24.0,0.0,7.0,0.0,0.0,0.0,0.0,0.0,0.0,0.0,0.0,"Jan 19, 2017"
3544,3602007.0,2789.0,Qadissiya,Al-Shamiya,Hay Al-aaskary al-sharqy,حي العسكري الشرقي ,31.9617649633,44.6063446786,29.0,174.0,12.0,0.0,0.0,0.0,0.0,0.0,0.0,0.0,0.0,0.0,0.0,0.0,17.0,0.0,0.0,0.0,0.0,0.0,0.0,4.0,0.0,0.0,0.0,0.0,0.0,0.0,25.0,0.0,0.0,25.0,0.0,0.0,0.0,0.0,0.0,0.0,0.0,0.0,0.0,0.0,3.0,0.0,14.0,3.0,12.0,14.0,0.0,12.0,0.0,0.0,0.0,0.0,0.0,0.0,0.0,0.0,"Jan 19, 2017"
3545,3602008.0,25911.0,Qadissiya,Al-Shamiya,Al-Alwa Village,قرية العلوة,32.0351,44.616433,4.0,24.0,0.0,0.0,0.0,0.0,0.0,0.0,0.0,0.0,2.0,0.0,0.0,0.0,2.0,0.0,0.0,0.0,0.0,0.0,0.0,3.0,0.0,0.0,0.0,0.0,0.0,0.0,1.0,0.0,0.0,1.0,0.0,0.0,0.0,0.0,0.0,0.0,0.0,0.0,0.0,0.0,2.0,0.0,2.0,2.0,0.0,2.0,0.0,0.0,0.0,0.0,0.0,0.0,0.0,0.0,0.0,0.0,"Jan 19, 2017"
3546,3602009.0,25914.0,Qadissiya,Al-Shamiya,Al-Felahi,الفلاحي,31.998618,44.563676,10.0,60.0,0.0,0.0,0.0,0.0,0.0,0.0,0.0,0.0,0.0,0.0,0.0,0.0,10.0,0.0,0.0,0.0,0.0,0.0,0.0,5.0,0.0,0.0,0.0,0.0,0.0,5.0,0.0,5.0,0.0,0.0,0.0,0.0,0.0,0.0,0.0,0.0,0.0,0.0,0.0,0.0,9.0,0.0,1.0,9.0,0.0,1.0,0.0,0.0,0.0,0.0,0.0,0.0,0.0,0.0,0.0,0.0,"Jan 19, 2017"
3547,3602010.0,2998.0,Qadissiya,Al-Shamiya,Al-ghrabia,الغرابية,32.0175002631,44.5442523741,10.0,60.0,0.0,0.0,0.0,0.0,0.0,0.0,0.0,0.0,2.0,0.0,0.0,0.0,8.0,0.0,0.0,0.0,0.0,0.0,0.0,5.0,0.0,0.0,0.0,0.0,0.0,4.0,1.0,4.0,0.0,1.0,0.0,0.0,0.0,0.0,0.0,0.0,0.0,0.0,0.0,0.0,6.0,0.0,4.0,6.0,0.0,4.0,0.0,0.0,0.0,0.0,0.0,0.0,0.0,0.0,0.0,0.0,"Jan 19, 2017"
3548,3602011.0,25910.0,Qadissiya,Al-Shamiya,Hay Al-Hussein,حي الحسين,32.0561537227,44.5585173817,6.0,36.0,5.0,0.0,0.0,0.0,0.0,0.0,0.0,0.0,0.0,0.0,0.0,0.0,1.0,0.0,0.0,0.0,0.0,0.0,0.0,2.0,0.0,0.0,0.0,0.0,0.0,0.0,4.0,0.0,0.0,4.0,0.0,0.0,0.0,0.0,0.0,0.0,0.0,0.0,0.0,0.0,0.0,0.0,1.0,0.0,3.0,1.0,2.0,3.0,0.0,2.0,0.0,0.0,0.0,0.0,0.0,0.0,"Jan 19, 2017"
3549,3602012.0,25909.0,Qadissiya,Al-Shamiya,Hay Al-Zahraa,حي الزهراء,32.0504151376,44.5612889885,7.0,42.0,3.0,0.0,0.0,0.0,0.0,0.0,0.0,0.0,0.0,0.0,0.0,0.0,4.0,0.0,0.0,0.0,0.0,0.0,0.0,2.0,0.0,0.0,0.0,0.0,0.0,0.0,5.0,0.0,0.0,5.0,0.0,0.0,0.0,0.0,0.0,0.0,0.0,0.0,0.0,0.0,0.0,0.0,4.0,0.0,1.0,4.0,2.0,1.0,0.0,2.0,0.0,0.0,0.0,0.0,0.0,0.0,"Jan 19, 2017"
3550,3602014.0,25913.0,Qadissiya,Al-Shamiya,Mahlat Al-Souq,محلة السوق,32.0189198095,44.5477983619,12.0,72.0,0.0,0.0,0.0,0.0,0.0,0.0,0.0,0.0,3.0,0.0,0.0,0.0,9.0,0.0,0.0,0.0,0.0,0.0,0.0,0.0,0.0,0.0,0.0,0.0,0.0,0.0,2.0,0.0,0.0,2.0,0.0,0.0,7.0,0.0,3.0,7.0,0.0,3.0,0.0,0.0,12.0,0.0,0.0,12.0,0.0,0.0,0.0,0.0,0.0,0.0,0.0,0.0,0.0,0.0,0.0,0.0,"Jan 19, 2017"
3551,3602015.0,25558.0,Qadissiya,Al-Shamiya,Al-Warawsha Village,قرية الوراوشة,31.96089,44.589544,13.0,78.0,4.0,0.0,0.0,0.0,0.0,0.0,0.0,0.0,0.0,0.0,0.0,0.0,9.0,0.0,0.0,0.0,0.0,0.0,0.0,10.0,0.0,0.0,0.0,0.0,0.0,0.0,3.0,0.0,0.0,3.0,0.0,0.0,0.0,0.0,0.0,0.0,0.0,0.0,0.0,0.0,0.0,0.0,9.0,0.0,0.0,9.0,4.0,0.0,0.0,4.0,0.0,0.0,0.0,0.0,0.0,0.0,"Jan 19, 2017"
3552,3602016.0,25858.0,Qadissiya,Al-Shamiya,Ghammas Al-Garb,غماس الغرب,31.7390364835,44.6024831037,20.0,120.0,4.0,0.0,0.0,0.0,0.0,0.0,0.0,0.0,1.0,0.0,0.0,0.0,15.0,0.0,0.0,0.0,0.0,0.0,0.0,9.0,0.0,0.0,0.0,0.0,0.0,0.0,11.0,0.0,0.0,11.0,0.0,0.0,0.0,0.0,0.0,0.0,0.0,0.0,0.0,0.0,0.0,0.0,16.0,0.0,3.0,16.0,1.0,3.0,0.0,1.0,0.0,0.0,0.0,0.0,0.0,0.0,"Jan 19, 2017"
3553,3602017.0,25857.0,Qadissiya,Al-Shamiya,Ghammas Al-Sharq,غماس الشرق,31.7492896322,44.6152584055,15.0,90.0,0.0,0.0,0.0,0.0,0.0,0.0,0.0,0.0,0.0,0.0,0.0,0.0,15.0,0.0,0.0,0.0,0.0,0.0,0.0,5.0,0.0,0.0,0.0,0.0,0.0,0.0,10.0,0.0,0.0,10.0,0.0,0.0,0.0,0.0,0.0,0.0,0.0,0.0,0.0,0.0,0.0,0.0,15.0,0.0,0.0,15.0,0.0,0.0,0.0,0.0,0.0,0.0,0.0,0.0,0.0,0.0,"Jan 19, 2017"
3554,3602019.0,25279.0,Qadissiya,Al-Shamiya,Al-Asaia Village,قرية العصية,31.7807158401,44.5849598708,20.0,120.0,0.0,0.0,0.0,0.0,0.0,0.0,0.0,0.0,0.0,0.0,0.0,0.0,20.0,0.0,0.0,0.0,0.0,0.0,0.0,0.0,0.0,0.0,0.0,0.0,0.0,0.0,4.0,0.0,0.0,4.0,0.0,0.0,0.0,0.0,16.0,0.0,0.0,16.0,0.0,0.0,8.0,0.0,12.0,8.0,0.0,12.0,0.0,0.0,0.0,0.0,0.0,0.0,0.0,0.0,0.0,0.0,"Jan 19, 2017"
3555,3602020.0,2459.0,Qadissiya,Al-Shamiya,Hawy Village,قرية حاوي,31.7640510197,44.60867809,49.0,294.0,0.0,0.0,0.0,0.0,0.0,0.0,0.0,0.0,0.0,0.0,0.0,0.0,49.0,0.0,0.0,0.0,0.0,0.0,0.0,9.0,0.0,0.0,0.0,0.0,0.0,33.0,7.0,33.0,0.0,7.0,0.0,0.0,0.0,0.0,0.0,0.0,0.0,0.0,0.0,0.0,22.0,0.0,27.0,22.0,0.0,27.0,0.0,0.0,0.0,0.0,0.0,0.0,0.0,0.0,0.0,0.0,"Jan 19, 2017"
3556,3602021.0,22593.0,Qadissiya,Al-Shamiya,Hay Al Tabqa,حي الطبكة,31.7474490652,44.6132781205,46.0,276.0,3.0,0.0,0.0,0.0,0.0,0.0,0.0,0.0,0.0,0.0,0.0,0.0,43.0,0.0,0.0,0.0,0.0,0.0,0.0,15.0,0.0,0.0,0.0,0.0,0.0,8.0,21.0,8.0,0.0,21.0,0.0,0.0,0.0,0.0,2.0,0.0,0.0,2.0,0.0,0.0,0.0,0.0,43.0,0.0,3.0,43.0,0.0,3.0,0.0,0.0,0.0,0.0,0.0,0.0,0.0,0.0,"Jan 19, 2017"
3557,3602022.0,24490.0,Qadissiya,Al-Shamiya,Hay Al-Ameer,حي الامير,32.0491926806,44.5581395416,16.0,96.0,5.0,0.0,0.0,0.0,0.0,0.0,0.0,0.0,0.0,0.0,0.0,0.0,11.0,0.0,0.0,0.0,0.0,0.0,0.0,6.0,0.0,0.0,0.0,0.0,0.0,0.0,10.0,0.0,0.0,10.0,0.0,0.0,0.0,0.0,0.0,0.0,0.0,0.0,0.0,0.0,0.0,0.0,11.0,0.0,4.0,11.0,1.0,4.0,0.0,1.0,0.0,0.0,0.0,0.0,0.0,0.0,"Jan 19, 2017"
3558,3602023.0,25506.0,Qadissiya,Al-Shamiya,Hay Al-Hakim,حي الحكيم,32.046377,44.562148,8.0,48.0,4.0,0.0,0.0,0.0,0.0,1.0,0.0,0.0,0.0,0.0,0.0,0.0,3.0,0.0,0.0,0.0,0.0,0.0,0.0,2.0,0.0,0.0,0.0,0.0,0.0,0.0,6.0,0.0,0.0,6.0,0.0,0.0,0.0,0.0,0.0,0.0,0.0,0.0,0.0,0.0,2.0,0.0,2.0,2.0,4.0,2.0,0.0,4.0,0.0,0.0,0.0,0.0,0.0,0.0,0.0,0.0,"Jan 19, 2017"
3559,3602024.0,2741.0,Qadissiya,Al-Shamiya,Hay al-husien,حي الحسين,31.9609333947,44.5883637294,11.0,66.0,6.0,0.0,0.0,0.0,0.0,0.0,0.0,0.0,0.0,0.0,0.0,0.0,5.0,0.0,0.0,0.0,0.0,0.0,0.0,4.0,0.0,0.0,0.0,0.0,0.0,0.0,7.0,0.0,0.0,7.0,0.0,0.0,0.0,0.0,0.0,0.0,0.0,0.0,1.0,0.0,4.0,1.0,5.0,4.0,1.0,5.0,0.0,1.0,0.0,0.0,0.0,0.0,0.0,0.0,0.0,0.0,"Jan 19, 2017"
3560,3602025.0,2759.0,Qadissiya,Al-Shamiya,Hay al-joumhoury,حي الجمهوري ,31.9652934093,44.6053760592,18.0,108.0,8.0,0.0,0.0,0.0,0.0,0.0,0.0,0.0,0.0,0.0,0.0,0.0,10.0,0.0,0.0,0.0,0.0,0.0,0.0,4.0,0.0,0.0,0.0,0.0,0.0,0.0,14.0,0.0,0.0,14.0,0.0,0.0,0.0,0.0,0.0,0.0,0.0,0.0,0.0,0.0,0.0,0.0,10.0,0.0,7.0,10.0,1.0,7.0,0.0,1.0,0.0,0.0,0.0,0.0,0.0,0.0,"Jan 19, 2017"
3561,3602026.0,2792.0,Qadissiya,Al-Shamiya,Hay al-mualamien,حي المعلمين ,31.96539219,44.6002684752,7.0,42.0,0.0,0.0,5.0,0.0,0.0,0.0,0.0,0.0,0.0,0.0,0.0,0.0,2.0,0.0,0.0,0.0,0.0,0.0,0.0,2.0,0.0,0.0,0.0,0.0,0.0,0.0,5.0,0.0,0.0,5.0,0.0,0.0,0.0,0.0,0.0,0.0,0.0,0.0,0.0,0.0,0.0,0.0,2.0,0.0,5.0,2.0,0.0,5.0,0.0,0.0,0.0,0.0,0.0,0.0,0.0,0.0,"Jan 19, 2017"
3562,3602027.0,25908.0,Qadissiya,Al-Shamiya,Hay Al-Sadrain,حي الصدرين,32.0484724382,44.56163558,10.0,60.0,5.0,0.0,0.0,0.0,0.0,0.0,0.0,0.0,0.0,0.0,0.0,0.0,5.0,0.0,0.0,0.0,0.0,0.0,0.0,4.0,0.0,0.0,0.0,0.0,0.0,0.0,6.0,0.0,0.0,6.0,0.0,0.0,0.0,0.0,0.0,0.0,0.0,0.0,0.0,0.0,0.0,0.0,5.0,0.0,5.0,5.0,0.0,5.0,0.0,0.0,0.0,0.0,0.0,0.0,0.0,0.0,"Jan 19, 2017"
3563,3602028.0,2447.0,Qadissiya,Al-Shamiya,Hay al-salam,حي السلام,31.7416561342,44.6154862582,24.0,144.0,3.0,0.0,0.0,0.0,0.0,0.0,0.0,0.0,0.0,0.0,0.0,0.0,21.0,0.0,0.0,0.0,0.0,0.0,0.0,0.0,0.0,0.0,0.0,0.0,0.0,5.0,19.0,5.0,0.0,19.0,0.0,0.0,0.0,0.0,0.0,0.0,0.0,0.0,0.0,0.0,7.0,0.0,14.0,7.0,3.0,14.0,0.0,3.0,0.0,0.0,0.0,0.0,0.0,0.0,0.0,0.0,"Jan 19, 2017"
3564,3602029.0,24245.0,Qadissiya,Al-Shamiya,Hay Al-Shuhada,حي الشهادة,31.9706870383,44.6112885439,20.0,120.0,9.0,0.0,0.0,0.0,0.0,2.0,0.0,0.0,3.0,0.0,0.0,0.0,6.0,0.0,0.0,0.0,0.0,0.0,0.0,8.0,0.0,0.0,0.0,0.0,0.0,0.0,12.0,0.0,0.0,12.0,0.0,0.0,0.0,0.0,0.0,0.0,0.0,0.0,0.0,0.0,5.0,0.0,6.0,5.0,9.0,6.0,0.0,9.0,0.0,0.0,0.0,0.0,0.0,0.0,0.0,0.0,"Jan 19, 2017"
3565,3602030.0,25565.0,Qadissiya,Al-Shamiya,Hay Al-Sifana,حي السيفانه,32.0595664794,44.5594683314,4.0,24.0,0.0,0.0,0.0,0.0,0.0,0.0,0.0,0.0,0.0,0.0,0.0,0.0,4.0,0.0,0.0,0.0,0.0,0.0,0.0,2.0,0.0,0.0,0.0,0.0,0.0,0.0,2.0,0.0,0.0,2.0,0.0,0.0,0.0,0.0,0.0,0.0,0.0,0.0,0.0,0.0,0.0,0.0,4.0,0.0,0.0,4.0,0.0,0.0,0.0,0.0,0.0,0.0,0.0,0.0,0.0,0.0,"Jan 19, 2017"
3566,3602031.0,2766.0,Qadissiya,Al-Shamiya,Mahlat al-souq,محلة السوق,31.960626198,44.6016230888,43.0,258.0,7.0,0.0,0.0,0.0,0.0,0.0,0.0,0.0,2.0,0.0,0.0,0.0,34.0,0.0,0.0,0.0,0.0,0.0,0.0,15.0,0.0,0.0,0.0,0.0,0.0,0.0,28.0,0.0,0.0,28.0,0.0,0.0,0.0,0.0,0.0,0.0,0.0,0.0,0.0,0.0,27.0,0.0,13.0,27.0,3.0,13.0,0.0,3.0,0.0,0.0,0.0,0.0,0.0,0.0,0.0,0.0,"Jan 19, 2017"
3567,3602032.0,25560.0,Qadissiya,Al-Shamiya,Mantaket Al-Aagmai,منطقة العجمية,31.9740316691,44.6343066854,30.0,180.0,14.0,0.0,0.0,0.0,0.0,0.0,0.0,0.0,1.0,0.0,0.0,0.0,15.0,0.0,0.0,0.0,0.0,0.0,0.0,6.0,0.0,0.0,0.0,0.0,0.0,0.0,24.0,0.0,0.0,24.0,0.0,0.0,0.0,0.0,0.0,0.0,0.0,0.0,0.0,0.0,5.0,0.0,11.0,5.0,10.0,11.0,4.0,10.0,0.0,4.0,0.0,0.0,0.0,0.0,0.0,0.0,"Jan 19, 2017"
3568,3602033.0,25912.0,Qadissiya,Al-Shamiya,Mantaket Al-Taraba,منطقة الترابة,32.050844,44.558891,5.0,30.0,2.0,0.0,0.0,0.0,0.0,0.0,0.0,0.0,0.0,0.0,0.0,0.0,3.0,0.0,0.0,0.0,0.0,0.0,0.0,2.0,0.0,0.0,0.0,0.0,0.0,0.0,3.0,0.0,0.0,3.0,0.0,0.0,0.0,0.0,0.0,0.0,0.0,0.0,0.0,0.0,0.0,0.0,3.0,0.0,0.0,3.0,2.0,0.0,0.0,2.0,0.0,0.0,0.0,0.0,0.0,0.0,"Jan 19, 2017"
3569,3602036.0,25559.0,Qadissiya,Al-Shamiya,Said Rafie village,قرية سيد رافع,31.9721125485,44.6086358864,11.0,66.0,4.0,0.0,2.0,0.0,0.0,5.0,0.0,0.0,0.0,0.0,0.0,0.0,0.0,0.0,0.0,0.0,0.0,0.0,0.0,4.0,0.0,0.0,0.0,0.0,0.0,0.0,7.0,0.0,0.0,7.0,0.0,0.0,0.0,0.0,0.0,0.0,0.0,0.0,0.0,0.0,2.0,0.0,6.0,2.0,3.0,6.0,0.0,3.0,0.0,0.0,0.0,0.0,0.0,0.0,0.0,0.0,"Jan 19, 2017"
3570,3602038.0,25859.0,Qadissiya,Al-Shamiya,Um Showareef village,قرية ام شواريف,31.7564173365,44.616354875,14.0,84.0,0.0,0.0,0.0,0.0,0.0,0.0,0.0,0.0,0.0,0.0,0.0,0.0,14.0,0.0,0.0,0.0,0.0,0.0,0.0,5.0,0.0,0.0,0.0,0.0,0.0,9.0,0.0,9.0,0.0,0.0,0.0,0.0,0.0,0.0,0.0,0.0,0.0,0.0,0.0,0.0,0.0,0.0,14.0,0.0,0.0,14.0,0.0,0.0,0.0,0.0,0.0,0.0,0.0,0.0,0.0,0.0,"Jan 19, 2017"
3571,3603002.0,25515.0,Qadissiya,Diwaniya,Al-Dorees village,قرية ال دوريس,32.207532,44.839033,10.0,60.0,0.0,0.0,0.0,0.0,0.0,0.0,0.0,0.0,3.0,0.0,0.0,0.0,7.0,0.0,0.0,0.0,0.0,0.0,0.0,0.0,0.0,0.0,0.0,0.0,0.0,7.0,3.0,7.0,0.0,3.0,0.0,0.0,0.0,0.0,0.0,0.0,0.0,0.0,0.0,0.0,3.0,0.0,7.0,3.0,0.0,7.0,0.0,0.0,0.0,0.0,0.0,0.0,0.0,0.0,0.0,0.0,"Jan 19, 2017"
3572,3603003.0,22326.0,Qadissiya,Diwaniya,Al Mojamaa Al Sakani,المجمع السكني,31.9818831235,44.9729864563,391.0,2346.0,5.0,0.0,0.0,0.0,0.0,0.0,0.0,0.0,0.0,0.0,0.0,0.0,386.0,0.0,0.0,0.0,0.0,0.0,0.0,0.0,0.0,0.0,0.0,391.0,0.0,0.0,0.0,0.0,0.0,0.0,0.0,0.0,0.0,0.0,0.0,0.0,0.0,0.0,0.0,0.0,5.0,0.0,381.0,5.0,4.0,381.0,1.0,4.0,0.0,1.0,0.0,0.0,0.0,0.0,0.0,0.0,"Jan 19, 2017"
3573,3603004.0,21817.0,Qadissiya,Diwaniya,Hay Al Ghadir,حي الغدير,31.9675105484,44.9538541296,9.0,54.0,0.0,0.0,2.0,0.0,0.0,0.0,0.0,0.0,0.0,0.0,0.0,0.0,7.0,0.0,0.0,0.0,0.0,0.0,0.0,3.0,0.0,0.0,0.0,0.0,0.0,0.0,6.0,0.0,0.0,6.0,0.0,0.0,0.0,0.0,0.0,0.0,0.0,0.0,0.0,0.0,2.0,0.0,7.0,2.0,0.0,7.0,0.0,0.0,0.0,0.0,0.0,0.0,0.0,0.0,0.0,0.0,"Jan 19, 2017"
3574,3603005.0,2943.0,Qadissiya,Diwaniya,Al hamad village,قرية الحمد,32.0040916465,44.9990023729,45.0,270.0,0.0,0.0,0.0,0.0,0.0,0.0,0.0,0.0,0.0,0.0,0.0,0.0,45.0,0.0,0.0,0.0,0.0,0.0,0.0,12.0,0.0,0.0,0.0,0.0,0.0,14.0,12.0,14.0,0.0,12.0,0.0,0.0,0.0,0.0,7.0,0.0,0.0,7.0,0.0,0.0,0.0,0.0,45.0,0.0,0.0,45.0,0.0,0.0,0.0,0.0,0.0,0.0,0.0,0.0,0.0,0.0,"Jan 19, 2017"
3575,3603006.0,22815.0,Qadissiya,Diwaniya,Hay Al Jumhori Al Sharqi,حي الجمهوري الشرقي,31.9917531917,44.9213822107,7.0,42.0,2.0,0.0,0.0,0.0,0.0,2.0,0.0,0.0,0.0,0.0,0.0,0.0,3.0,0.0,0.0,0.0,0.0,0.0,0.0,0.0,0.0,0.0,0.0,0.0,0.0,0.0,7.0,0.0,0.0,7.0,0.0,0.0,0.0,0.0,0.0,0.0,0.0,0.0,0.0,0.0,0.0,0.0,5.0,0.0,2.0,5.0,0.0,2.0,0.0,0.0,0.0,0.0,0.0,0.0,0.0,0.0,"Jan 19, 2017"
3576,3603007.0,24148.0,Qadissiya,Diwaniya,Hay Al Nahda 3,حي النهضة 3,31.9858933407,44.9530462834,30.0,180.0,9.0,0.0,0.0,0.0,0.0,0.0,0.0,0.0,3.0,0.0,0.0,0.0,18.0,0.0,0.0,0.0,0.0,0.0,0.0,16.0,0.0,0.0,0.0,0.0,0.0,0.0,14.0,0.0,0.0,14.0,0.0,0.0,0.0,0.0,0.0,0.0,0.0,0.0,0.0,0.0,13.0,0.0,7.0,13.0,10.0,7.0,0.0,10.0,0.0,0.0,0.0,0.0,0.0,0.0,0.0,0.0,"Jan 19, 2017"
3577,3603008.0,24905.0,Qadissiya,Diwaniya,Al himran village,قرية الحمران,32.0377858076,44.7834731733,31.0,186.0,0.0,0.0,0.0,0.0,0.0,0.0,0.0,0.0,1.0,0.0,0.0,0.0,30.0,0.0,0.0,0.0,0.0,0.0,0.0,3.0,0.0,0.0,0.0,0.0,0.0,19.0,1.0,19.0,0.0,1.0,0.0,0.0,0.0,0.0,8.0,0.0,0.0,8.0,0.0,0.0,29.0,0.0,2.0,29.0,0.0,2.0,0.0,0.0,0.0,0.0,0.0,0.0,0.0,0.0,0.0,0.0,"Jan 19, 2017"
3578,3603009.0,24904.0,Qadissiya,Diwaniya,Um tibashi village,قرية ام طباشي,32.0072806254,44.853895211,30.0,180.0,0.0,0.0,0.0,0.0,0.0,0.0,0.0,0.0,0.0,0.0,0.0,0.0,30.0,0.0,0.0,0.0,0.0,0.0,0.0,11.0,0.0,0.0,0.0,0.0,0.0,15.0,4.0,15.0,0.0,4.0,0.0,0.0,0.0,0.0,0.0,0.0,0.0,0.0,0.0,0.0,26.0,0.0,4.0,26.0,0.0,4.0,0.0,0.0,0.0,0.0,0.0,0.0,0.0,0.0,0.0,0.0,"Jan 19, 2017"
3579,3603010.0,24436.0,Qadissiya,Diwaniya,Albo Hasan village,قرية البو حسن,32.0208274154,44.8188983684,23.0,138.0,5.0,0.0,0.0,0.0,0.0,0.0,0.0,0.0,0.0,0.0,0.0,0.0,18.0,0.0,0.0,0.0,0.0,0.0,0.0,5.0,0.0,0.0,0.0,0.0,0.0,10.0,8.0,10.0,0.0,8.0,0.0,0.0,0.0,0.0,0.0,0.0,0.0,0.0,0.0,0.0,0.0,0.0,17.0,0.0,0.0,17.0,6.0,0.0,0.0,6.0,0.0,0.0,0.0,0.0,0.0,0.0,"Jan 19, 2017"
3580,3603011.0,21946.0,Qadissiya,Diwaniya,Hay Al Wihda 2,حي الوحدة الثانية,31.9916080915,44.9415052607,11.0,66.0,2.0,0.0,0.0,0.0,0.0,0.0,0.0,0.0,5.0,0.0,0.0,0.0,4.0,0.0,0.0,0.0,0.0,0.0,0.0,3.0,0.0,0.0,0.0,0.0,0.0,0.0,8.0,0.0,0.0,8.0,0.0,0.0,0.0,0.0,0.0,0.0,0.0,0.0,0.0,0.0,8.0,0.0,1.0,8.0,2.0,1.0,0.0,2.0,0.0,0.0,0.0,0.0,0.0,0.0,0.0,0.0,"Jan 19, 2017"
3581,3603012.0,21945.0,Qadissiya,Diwaniya,Hay Al Wihda 3,حي الوحده الثالثه,31.9930097281,44.9467431193,15.0,90.0,7.0,0.0,2.0,0.0,0.0,0.0,0.0,0.0,4.0,0.0,0.0,0.0,2.0,0.0,0.0,0.0,0.0,0.0,0.0,6.0,0.0,0.0,0.0,0.0,0.0,0.0,9.0,0.0,0.0,9.0,0.0,0.0,0.0,0.0,0.0,0.0,0.0,0.0,2.0,0.0,0.0,2.0,2.0,0.0,11.0,2.0,0.0,11.0,0.0,0.0,0.0,0.0,0.0,0.0,0.0,0.0,"Jan 19, 2017"
3582,3603013.0,2672.0,Qadissiya,Diwaniya,Al-ataa village,قرية العطاء,31.932926703,44.9052383175,25.0,150.0,0.0,0.0,0.0,0.0,0.0,0.0,0.0,0.0,4.0,0.0,0.0,0.0,21.0,0.0,0.0,0.0,0.0,0.0,0.0,6.0,0.0,0.0,0.0,0.0,0.0,18.0,1.0,18.0,0.0,1.0,0.0,0.0,0.0,0.0,0.0,0.0,0.0,0.0,0.0,0.0,14.0,0.0,11.0,14.0,0.0,11.0,0.0,0.0,0.0,0.0,0.0,0.0,0.0,0.0,0.0,0.0,"Jan 19, 2017"
3583,3603014.0,3033.0,Qadissiya,Diwaniya,Al-bo Hay Alaa Village,قرية البو حي الله,32.034085,44.871688,15.0,90.0,3.0,7.0,0.0,0.0,0.0,0.0,0.0,0.0,0.0,0.0,0.0,0.0,5.0,0.0,0.0,0.0,0.0,0.0,0.0,6.0,0.0,0.0,0.0,0.0,0.0,0.0,9.0,0.0,0.0,9.0,0.0,0.0,0.0,0.0,0.0,0.0,0.0,0.0,0.0,0.0,0.0,0.0,12.0,0.0,3.0,12.0,0.0,3.0,0.0,0.0,0.0,0.0,0.0,0.0,0.0,0.0,"Jan 19, 2017"
3584,3603015.0,3248.0,Qadissiya,Diwaniya,Al-bu hwelaa Village,قرية البو حويله,32.160423,44.893034,10.0,60.0,1.0,0.0,0.0,0.0,0.0,0.0,0.0,0.0,0.0,0.0,0.0,0.0,9.0,0.0,0.0,0.0,0.0,0.0,0.0,1.0,0.0,0.0,0.0,0.0,0.0,7.0,2.0,7.0,0.0,2.0,0.0,0.0,0.0,0.0,0.0,0.0,0.0,0.0,0.0,0.0,0.0,0.0,9.0,0.0,1.0,9.0,0.0,1.0,0.0,0.0,0.0,0.0,0.0,0.0,0.0,0.0,"Jan 19, 2017"
3585,3603016.0,3250.0,Qadissiya,Diwaniya,Al-bu jamal Village,قرية البو جمال,32.180985,44.861391,9.0,54.0,2.0,0.0,0.0,0.0,0.0,0.0,0.0,0.0,1.0,0.0,0.0,0.0,6.0,0.0,0.0,0.0,0.0,0.0,0.0,0.0,0.0,0.0,0.0,0.0,0.0,6.0,3.0,6.0,0.0,3.0,0.0,0.0,0.0,0.0,0.0,0.0,0.0,0.0,0.0,0.0,1.0,0.0,6.0,1.0,2.0,6.0,0.0,2.0,0.0,0.0,0.0,0.0,0.0,0.0,0.0,0.0,"Jan 19, 2017"
3586,3603017.0,2621.0,Qadissiya,Diwaniya,Albu Khnefis village,قرية البو خنيفس,32.0209653411,44.8605491768,15.0,90.0,0.0,0.0,0.0,0.0,0.0,0.0,0.0,0.0,0.0,0.0,0.0,0.0,15.0,0.0,0.0,0.0,0.0,0.0,0.0,6.0,0.0,0.0,0.0,0.0,0.0,9.0,0.0,9.0,0.0,0.0,0.0,0.0,0.0,0.0,0.0,0.0,0.0,0.0,0.0,0.0,6.0,0.0,9.0,6.0,0.0,9.0,0.0,0.0,0.0,0.0,0.0,0.0,0.0,0.0,0.0,0.0,"Jan 19, 2017"
3587,3603018.0,25792.0,Qadissiya,Diwaniya,Al Amish village,قرية ال عميش,32.2341558085,44.80415,5.0,30.0,4.0,0.0,0.0,0.0,0.0,0.0,0.0,0.0,0.0,0.0,0.0,0.0,1.0,0.0,0.0,0.0,0.0,0.0,0.0,4.0,0.0,0.0,0.0,0.0,0.0,0.0,1.0,0.0,0.0,1.0,0.0,0.0,0.0,0.0,0.0,0.0,0.0,0.0,0.0,0.0,0.0,0.0,1.0,0.0,4.0,1.0,0.0,4.0,0.0,0.0,0.0,0.0,0.0,0.0,0.0,0.0,"Jan 19, 2017"
3588,3603019.0,25793.0,Qadissiya,Diwaniya,Al Marmad Village,قرية ال مرمض,32.129395,44.951656,5.0,30.0,3.0,0.0,0.0,0.0,0.0,0.0,0.0,0.0,0.0,0.0,0.0,0.0,2.0,0.0,0.0,0.0,0.0,0.0,0.0,3.0,0.0,0.0,0.0,0.0,0.0,0.0,2.0,0.0,0.0,2.0,0.0,0.0,0.0,0.0,0.0,0.0,0.0,0.0,0.0,0.0,0.0,0.0,2.0,0.0,2.0,2.0,1.0,2.0,0.0,1.0,0.0,0.0,0.0,0.0,0.0,0.0,"Jan 19, 2017"
3589,3603020.0,25791.0,Qadissiya,Diwaniya,Hay Al-Sharta,حي الشرطة,32.132179,44.931292,7.0,42.0,7.0,0.0,0.0,0.0,0.0,0.0,0.0,0.0,0.0,0.0,0.0,0.0,0.0,0.0,0.0,0.0,0.0,0.0,0.0,4.0,0.0,0.0,0.0,0.0,0.0,0.0,3.0,0.0,0.0,3.0,0.0,0.0,0.0,0.0,0.0,0.0,0.0,0.0,0.0,0.0,0.0,0.0,0.0,0.0,4.0,0.0,3.0,4.0,0.0,3.0,0.0,0.0,0.0,0.0,0.0,0.0,"Jan 19, 2017"
3590,3603021.0,2892.0,Qadissiya,Diwaniya,Al-Hacham Village,قرية الحجام,32.165829,44.922499,7.0,42.0,0.0,0.0,0.0,0.0,0.0,0.0,0.0,0.0,2.0,0.0,0.0,0.0,5.0,0.0,0.0,0.0,0.0,0.0,0.0,0.0,0.0,0.0,0.0,0.0,0.0,0.0,4.0,0.0,0.0,4.0,0.0,0.0,3.0,0.0,0.0,3.0,0.0,0.0,0.0,0.0,5.0,0.0,2.0,5.0,0.0,2.0,0.0,0.0,0.0,0.0,0.0,0.0,0.0,0.0,0.0,0.0,"Jan 19, 2017"
3591,3603022.0,3381.0,Qadissiya,Diwaniya,AL-Jamiyah 2,الجمعية الثانية,31.9765619142,44.9484639988,10.0,60.0,6.0,0.0,0.0,0.0,0.0,0.0,0.0,0.0,0.0,0.0,0.0,0.0,4.0,0.0,0.0,0.0,0.0,0.0,0.0,0.0,0.0,0.0,0.0,0.0,0.0,0.0,10.0,0.0,0.0,10.0,0.0,0.0,0.0,0.0,0.0,0.0,0.0,0.0,0.0,0.0,0.0,0.0,4.0,0.0,6.0,4.0,0.0,6.0,0.0,0.0,0.0,0.0,0.0,0.0,0.0,0.0,"Jan 19, 2017"
3592,3603023.0,25288.0,Qadissiya,Diwaniya,Al-Jasem Village,قرية الجاسم,32.0152389907,44.931650741,16.0,96.0,3.0,0.0,0.0,0.0,0.0,0.0,0.0,0.0,0.0,0.0,0.0,0.0,13.0,0.0,0.0,0.0,0.0,0.0,0.0,9.0,0.0,0.0,0.0,0.0,0.0,0.0,7.0,0.0,0.0,7.0,0.0,0.0,0.0,0.0,0.0,0.0,0.0,0.0,0.0,0.0,10.0,0.0,3.0,10.0,1.0,3.0,2.0,1.0,0.0,2.0,0.0,0.0,0.0,0.0,0.0,0.0,"Jan 19, 2017"
3593,3603024.0,25957.0,Qadissiya,Diwaniya,Al-Jazaair 1,الجزائر الاولى,31.9845082099,44.9059538119,14.0,84.0,6.0,0.0,0.0,0.0,0.0,0.0,0.0,0.0,0.0,0.0,0.0,0.0,8.0,0.0,0.0,0.0,0.0,0.0,0.0,5.0,0.0,0.0,0.0,0.0,0.0,0.0,9.0,0.0,0.0,9.0,0.0,0.0,0.0,0.0,0.0,0.0,0.0,0.0,0.0,0.0,5.0,0.0,3.0,5.0,2.0,3.0,4.0,2.0,0.0,4.0,0.0,0.0,0.0,0.0,0.0,0.0,"Jan 19, 2017"
3594,3603025.0,2885.0,Qadissiya,Diwaniya,Al-Jazaair 2,الجزائر الثانية,31.9871806959,44.9025009109,25.0,150.0,3.0,0.0,0.0,0.0,0.0,0.0,0.0,0.0,0.0,0.0,0.0,0.0,22.0,0.0,0.0,0.0,0.0,0.0,0.0,4.0,0.0,0.0,0.0,0.0,0.0,9.0,12.0,9.0,0.0,12.0,0.0,0.0,0.0,0.0,0.0,0.0,0.0,0.0,0.0,0.0,12.0,0.0,10.0,12.0,3.0,10.0,0.0,3.0,0.0,0.0,0.0,0.0,0.0,0.0,0.0,0.0,"Jan 19, 2017"
3595,3603026.0,24523.0,Qadissiya,Diwaniya,Mantaket Al-Jethaa,منطقة الجذع,32.1103652367,44.7592365734,44.0,264.0,1.0,0.0,0.0,0.0,0.0,0.0,0.0,0.0,0.0,0.0,0.0,0.0,43.0,0.0,0.0,0.0,0.0,0.0,0.0,5.0,0.0,0.0,0.0,0.0,0.0,16.0,4.0,16.0,0.0,4.0,0.0,0.0,0.0,0.0,19.0,0.0,0.0,19.0,0.0,0.0,0.0,0.0,43.0,0.0,1.0,43.0,0.0,1.0,0.0,0.0,0.0,0.0,0.0,0.0,0.0,0.0,"Jan 19, 2017"
3596,3603027.0,3011.0,Qadissiya,Diwaniya,al-khalifa village,قرية الخليفة,32.0173772564,44.8268693592,20.0,120.0,6.0,0.0,0.0,0.0,0.0,0.0,0.0,0.0,0.0,0.0,0.0,0.0,14.0,0.0,0.0,0.0,0.0,0.0,0.0,4.0,0.0,0.0,0.0,0.0,0.0,16.0,0.0,16.0,0.0,0.0,0.0,0.0,0.0,0.0,0.0,0.0,0.0,0.0,0.0,0.0,0.0,0.0,14.0,0.0,0.0,14.0,6.0,0.0,0.0,6.0,0.0,0.0,0.0,0.0,0.0,0.0,"Jan 19, 2017"
3597,3603028.0,25514.0,Qadissiya,Diwaniya,Al-khalifa 2 Village,قرية الخليفة الثانية,32.01473,44.901316,12.0,72.0,10.0,0.0,0.0,0.0,0.0,0.0,0.0,0.0,0.0,0.0,0.0,0.0,2.0,0.0,0.0,0.0,0.0,0.0,0.0,6.0,0.0,0.0,0.0,0.0,0.0,0.0,6.0,0.0,0.0,6.0,0.0,0.0,0.0,0.0,0.0,0.0,0.0,0.0,0.0,0.0,0.0,0.0,2.0,0.0,7.0,2.0,3.0,7.0,0.0,3.0,0.0,0.0,0.0,0.0,0.0,0.0,"Jan 19, 2017"
3598,3603029.0,25075.0,Qadissiya,Diwaniya,Al-khozaal Village,قرية الخزاعل,32.0860728026,44.7621929368,20.0,120.0,0.0,0.0,0.0,0.0,0.0,0.0,0.0,0.0,0.0,0.0,0.0,0.0,20.0,0.0,0.0,0.0,0.0,0.0,0.0,4.0,0.0,0.0,0.0,0.0,0.0,16.0,0.0,16.0,0.0,0.0,0.0,0.0,0.0,0.0,0.0,0.0,0.0,0.0,0.0,0.0,2.0,0.0,18.0,2.0,0.0,18.0,0.0,0.0,0.0,0.0,0.0,0.0,0.0,0.0,0.0,0.0,"Jan 19, 2017"
3599,3603030.0,25370.0,Qadissiya,Diwaniya,Al-Mawqee Al-Askary,الموقع العسكري,31.9809384172,44.9241521125,17.0,102.0,0.0,0.0,0.0,0.0,0.0,0.0,0.0,0.0,11.0,0.0,0.0,0.0,6.0,0.0,0.0,0.0,0.0,0.0,0.0,0.0,0.0,7.0,0.0,0.0,7.0,0.0,0.0,0.0,0.0,0.0,0.0,0.0,0.0,0.0,10.0,0.0,0.0,10.0,0.0,0.0,11.0,0.0,6.0,11.0,0.0,6.0,0.0,0.0,0.0,0.0,0.0,0.0,0.0,0.0,0.0,0.0,"Jan 19, 2017"
3600,3603031.0,3364.0,Qadissiya,Diwaniya,Al-Sadiq(1),الصادق الاولى,31.978387,44.937547,5.0,30.0,3.0,0.0,0.0,0.0,0.0,0.0,0.0,0.0,0.0,0.0,0.0,0.0,2.0,0.0,0.0,0.0,0.0,0.0,0.0,2.0,0.0,0.0,0.0,0.0,0.0,0.0,3.0,0.0,0.0,3.0,0.0,0.0,0.0,0.0,0.0,0.0,0.0,0.0,0.0,0.0,2.0,0.0,2.0,2.0,1.0,2.0,0.0,1.0,0.0,0.0,0.0,0.0,0.0,0.0,0.0,0.0,"Jan 19, 2017"
3601,3603032.0,25069.0,Qadissiya,Diwaniya,Al-Sadiq(2),الصادق الثانية,31.9765509758,44.9311598707,18.0,108.0,5.0,0.0,1.0,0.0,0.0,0.0,0.0,0.0,4.0,0.0,0.0,0.0,7.0,0.0,1.0,0.0,0.0,0.0,0.0,5.0,0.0,0.0,0.0,0.0,0.0,3.0,10.0,3.0,0.0,10.0,0.0,0.0,0.0,0.0,0.0,0.0,0.0,0.0,0.0,0.0,7.0,0.0,6.0,7.0,5.0,6.0,0.0,5.0,0.0,0.0,0.0,0.0,0.0,0.0,0.0,0.0,"Jan 19, 2017"
3602,3603033.0,25071.0,Qadissiya,Diwaniya,Al-Jabaar village,قرية ال جبار,32.0319890929,44.7900744,22.0,132.0,0.0,0.0,0.0,0.0,0.0,0.0,0.0,0.0,0.0,0.0,0.0,0.0,22.0,0.0,0.0,0.0,0.0,0.0,0.0,0.0,0.0,0.0,0.0,0.0,0.0,20.0,2.0,20.0,0.0,2.0,0.0,0.0,0.0,0.0,0.0,0.0,0.0,0.0,0.0,0.0,4.0,0.0,18.0,4.0,0.0,18.0,0.0,0.0,0.0,0.0,0.0,0.0,0.0,0.0,0.0,0.0,"Jan 19, 2017"
3603,3603034.0,25070.0,Qadissiya,Diwaniya,Hay Al-Hussain,حي الحسين,32.0701462957,44.7676568807,26.0,156.0,0.0,0.0,0.0,0.0,0.0,0.0,0.0,0.0,0.0,0.0,0.0,0.0,26.0,0.0,0.0,0.0,0.0,0.0,0.0,0.0,0.0,0.0,0.0,0.0,0.0,26.0,0.0,26.0,0.0,0.0,0.0,0.0,0.0,0.0,0.0,0.0,0.0,0.0,0.0,0.0,0.0,0.0,26.0,0.0,0.0,26.0,0.0,0.0,0.0,0.0,0.0,0.0,0.0,0.0,0.0,0.0,"Jan 19, 2017"
3604,3603036.0,25509.0,Qadissiya,Diwaniya,Al-Taamem-2,التأميم الثانية,31.9797811517,44.942167323,11.0,66.0,5.0,0.0,0.0,0.0,0.0,0.0,0.0,0.0,0.0,0.0,0.0,0.0,6.0,0.0,0.0,0.0,0.0,0.0,0.0,0.0,0.0,0.0,0.0,0.0,0.0,0.0,11.0,0.0,0.0,11.0,0.0,0.0,0.0,0.0,0.0,0.0,0.0,0.0,0.0,0.0,0.0,0.0,6.0,0.0,0.0,6.0,5.0,0.0,0.0,5.0,0.0,0.0,0.0,0.0,0.0,0.0,"Jan 19, 2017"
3605,3603037.0,24381.0,Qadissiya,Diwaniya,Al-Taqiya 2,التقية الثانية,31.9703624531,44.8911874701,55.0,330.0,0.0,0.0,0.0,0.0,0.0,0.0,0.0,0.0,2.0,0.0,0.0,0.0,53.0,0.0,0.0,0.0,0.0,0.0,0.0,8.0,0.0,0.0,0.0,0.0,0.0,47.0,0.0,47.0,0.0,0.0,0.0,0.0,0.0,0.0,0.0,0.0,0.0,0.0,0.0,0.0,4.0,0.0,51.0,4.0,0.0,51.0,0.0,0.0,0.0,0.0,0.0,0.0,0.0,0.0,0.0,0.0,"Jan 19, 2017"
3606,3603038.0,25068.0,Qadissiya,Diwaniya,Al-Taqiya 3,التقية الثالثه,31.9571712194,44.9006470877,59.0,354.0,0.0,0.0,0.0,0.0,0.0,0.0,0.0,0.0,1.0,0.0,0.0,0.0,58.0,0.0,0.0,0.0,0.0,0.0,0.0,13.0,0.0,0.0,0.0,0.0,0.0,46.0,0.0,46.0,0.0,0.0,0.0,0.0,0.0,0.0,0.0,0.0,0.0,0.0,0.0,0.0,32.0,0.0,27.0,32.0,0.0,27.0,0.0,0.0,0.0,0.0,0.0,0.0,0.0,0.0,0.0,0.0,"Jan 19, 2017"
3607,3603039.0,2705.0,Qadissiya,Diwaniya,Al-tharwa al-alhaiwaniya,الثروة الحيوانية,31.9557993533,44.7714993501,30.0,180.0,0.0,0.0,0.0,0.0,0.0,0.0,0.0,0.0,0.0,0.0,0.0,0.0,30.0,0.0,0.0,0.0,0.0,0.0,0.0,7.0,0.0,0.0,0.0,0.0,0.0,15.0,0.0,15.0,0.0,0.0,0.0,0.0,0.0,0.0,8.0,0.0,0.0,8.0,0.0,0.0,8.0,0.0,22.0,8.0,0.0,22.0,0.0,0.0,0.0,0.0,0.0,0.0,0.0,0.0,0.0,0.0,"Jan 19, 2017"
3608,3603040.0,24756.0,Qadissiya,Diwaniya,Al-Zawad village,قرية الزواد,32.0237648782,45.0605125265,22.0,132.0,0.0,0.0,0.0,0.0,0.0,0.0,0.0,0.0,5.0,0.0,0.0,0.0,17.0,0.0,0.0,0.0,0.0,0.0,0.0,4.0,0.0,0.0,0.0,0.0,0.0,13.0,5.0,13.0,0.0,5.0,0.0,0.0,0.0,0.0,0.0,0.0,0.0,0.0,0.0,0.0,12.0,0.0,10.0,12.0,0.0,10.0,0.0,0.0,0.0,0.0,0.0,0.0,0.0,0.0,0.0,0.0,"Jan 19, 2017"
3609,3603042.0,25072.0,Qadissiya,Diwaniya,Ataiwarev Village,قرية الطواريف,32.0090988992,45.0267571005,9.0,54.0,0.0,0.0,0.0,0.0,0.0,4.0,0.0,0.0,0.0,0.0,0.0,0.0,2.0,0.0,3.0,0.0,0.0,0.0,0.0,0.0,0.0,0.0,0.0,0.0,0.0,8.0,1.0,8.0,0.0,1.0,0.0,0.0,0.0,0.0,0.0,0.0,0.0,0.0,0.0,0.0,0.0,0.0,6.0,0.0,3.0,6.0,0.0,3.0,0.0,0.0,0.0,0.0,0.0,0.0,0.0,0.0,"Jan 19, 2017"
3610,3603044.0,25790.0,Qadissiya,Diwaniya,Hay Al Jamiaa,حي الجامعة,31.9969622931,44.8745785796,27.0,162.0,6.0,0.0,0.0,0.0,0.0,2.0,0.0,0.0,6.0,0.0,0.0,0.0,13.0,0.0,0.0,0.0,0.0,0.0,0.0,2.0,0.0,0.0,0.0,0.0,0.0,0.0,25.0,0.0,0.0,25.0,0.0,0.0,0.0,0.0,0.0,0.0,0.0,0.0,0.0,0.0,8.0,0.0,13.0,8.0,6.0,13.0,0.0,6.0,0.0,0.0,0.0,0.0,0.0,0.0,0.0,0.0,"Jan 19, 2017"
3611,3603045.0,2700.0,Qadissiya,Diwaniya,Dour al-akrad,دور الاكراد,31.942357,44.973602,4.0,24.0,2.0,0.0,0.0,0.0,0.0,0.0,0.0,0.0,1.0,0.0,0.0,0.0,1.0,0.0,0.0,0.0,0.0,0.0,0.0,1.0,0.0,0.0,0.0,0.0,0.0,0.0,3.0,0.0,0.0,3.0,0.0,0.0,0.0,0.0,0.0,0.0,0.0,0.0,0.0,0.0,1.0,0.0,1.0,1.0,2.0,1.0,0.0,2.0,0.0,0.0,0.0,0.0,0.0,0.0,0.0,0.0,"Jan 19, 2017"
3612,3603047.0,25513.0,Qadissiya,Diwaniya,Hay Al Furat-1,حي الفرات الاولى,32.0105246746,44.9079217638,31.0,186.0,16.0,0.0,0.0,0.0,0.0,0.0,0.0,0.0,4.0,0.0,0.0,0.0,11.0,0.0,0.0,0.0,0.0,0.0,0.0,11.0,0.0,0.0,0.0,0.0,0.0,0.0,20.0,0.0,0.0,20.0,0.0,0.0,0.0,0.0,0.0,0.0,0.0,0.0,0.0,0.0,4.0,0.0,15.0,4.0,12.0,15.0,0.0,12.0,0.0,0.0,0.0,0.0,0.0,0.0,0.0,0.0,"Jan 19, 2017"
3613,3603048.0,23681.0,Qadissiya,Diwaniya,Hay Al Furat-2,حي الفرات الثانية,32.0200608111,44.9003653605,22.0,132.0,8.0,0.0,0.0,0.0,0.0,0.0,0.0,0.0,2.0,0.0,0.0,0.0,12.0,0.0,0.0,0.0,0.0,0.0,0.0,6.0,0.0,0.0,0.0,0.0,0.0,0.0,16.0,0.0,0.0,16.0,0.0,0.0,0.0,0.0,0.0,0.0,0.0,0.0,0.0,0.0,11.0,0.0,6.0,11.0,5.0,6.0,0.0,5.0,0.0,0.0,0.0,0.0,0.0,0.0,0.0,0.0,"Jan 19, 2017"
3614,3603049.0,24966.0,Qadissiya,Diwaniya,Hay Al Hurriya,حي الحرية,32.1465847169,44.9317777393,24.0,144.0,12.0,0.0,0.0,0.0,0.0,0.0,0.0,0.0,0.0,0.0,0.0,0.0,12.0,0.0,0.0,0.0,0.0,0.0,0.0,9.0,0.0,0.0,0.0,0.0,0.0,0.0,15.0,0.0,0.0,15.0,0.0,0.0,0.0,0.0,0.0,0.0,0.0,0.0,0.0,0.0,17.0,0.0,0.0,17.0,7.0,0.0,0.0,7.0,0.0,0.0,0.0,0.0,0.0,0.0,0.0,0.0,"Jan 19, 2017"
3615,3603050.0,23551.0,Qadissiya,Diwaniya,Hay Al Jamiaa-Al-Hawli,حي الجامعة-الحولي,32.0074005696,44.8707858412,32.0,192.0,4.0,0.0,0.0,0.0,0.0,0.0,0.0,0.0,10.0,0.0,0.0,0.0,18.0,0.0,0.0,0.0,0.0,0.0,0.0,11.0,0.0,5.0,0.0,0.0,5.0,0.0,16.0,0.0,0.0,16.0,0.0,0.0,0.0,0.0,0.0,0.0,0.0,0.0,0.0,0.0,25.0,0.0,3.0,25.0,4.0,3.0,0.0,4.0,0.0,0.0,0.0,0.0,0.0,0.0,0.0,0.0,"Jan 19, 2017"
3616,3603051.0,24739.0,Qadissiya,Diwaniya,Hay Al Mulmeen,حي المعلمين,32.1362424395,44.9363444741,25.0,150.0,0.0,0.0,0.0,0.0,0.0,0.0,0.0,0.0,1.0,0.0,0.0,0.0,24.0,0.0,0.0,0.0,0.0,0.0,0.0,3.0,0.0,0.0,0.0,0.0,0.0,12.0,10.0,12.0,0.0,10.0,0.0,0.0,0.0,0.0,0.0,0.0,0.0,0.0,0.0,0.0,4.0,0.0,21.0,4.0,0.0,21.0,0.0,0.0,0.0,0.0,0.0,0.0,0.0,0.0,0.0,0.0,"Jan 19, 2017"
3617,3603052.0,23680.0,Qadissiya,Diwaniya,Hay Al Sadir 1,حي الصدر الاول,32.0116889139,44.919243129,32.0,192.0,10.0,0.0,10.0,0.0,0.0,3.0,0.0,0.0,5.0,0.0,0.0,0.0,4.0,0.0,0.0,0.0,0.0,0.0,0.0,3.0,0.0,0.0,0.0,0.0,0.0,0.0,29.0,0.0,0.0,29.0,0.0,0.0,0.0,0.0,0.0,0.0,0.0,0.0,0.0,0.0,14.0,0.0,10.0,14.0,5.0,10.0,3.0,5.0,0.0,3.0,0.0,0.0,0.0,0.0,0.0,0.0,"Jan 19, 2017"
3618,3603053.0,24903.0,Qadissiya,Diwaniya,Hay Al Sadir 2,حي الصدر الثاني,32.0063780621,44.9373574577,15.0,90.0,7.0,0.0,0.0,0.0,0.0,0.0,0.0,0.0,6.0,0.0,0.0,0.0,2.0,0.0,0.0,0.0,0.0,0.0,0.0,2.0,0.0,0.0,0.0,0.0,0.0,0.0,13.0,0.0,0.0,13.0,0.0,0.0,0.0,0.0,0.0,0.0,0.0,0.0,1.0,0.0,6.0,1.0,2.0,6.0,1.0,2.0,5.0,1.0,0.0,5.0,0.0,0.0,0.0,0.0,0.0,0.0,"Jan 19, 2017"
3619,3603054.0,24208.0,Qadissiya,Diwaniya,Hay Al Sadir 3,حي الصدر الثالث,32.004631944,44.9423782086,43.0,258.0,23.0,0.0,3.0,0.0,0.0,0.0,0.0,0.0,8.0,0.0,0.0,0.0,5.0,0.0,4.0,0.0,0.0,0.0,0.0,5.0,0.0,0.0,0.0,0.0,0.0,0.0,38.0,0.0,0.0,38.0,0.0,0.0,0.0,0.0,0.0,0.0,0.0,0.0,0.0,0.0,11.0,0.0,7.0,11.0,7.0,7.0,18.0,7.0,0.0,18.0,0.0,0.0,0.0,0.0,0.0,0.0,"Jan 19, 2017"
3620,3603055.0,21554.0,Qadissiya,Diwaniya,Hay Al Salam,حي السلام ,32.0069486601,44.9324109312,18.0,108.0,6.0,0.0,2.0,0.0,0.0,4.0,0.0,0.0,0.0,0.0,0.0,0.0,6.0,0.0,0.0,0.0,0.0,0.0,0.0,1.0,0.0,0.0,0.0,0.0,0.0,0.0,17.0,0.0,0.0,17.0,0.0,0.0,0.0,0.0,0.0,0.0,0.0,0.0,0.0,0.0,0.0,0.0,8.0,0.0,10.0,8.0,0.0,10.0,0.0,0.0,0.0,0.0,0.0,0.0,0.0,0.0,"Jan 19, 2017"
3621,3603056.0,24149.0,Qadissiya,Diwaniya,Hay Al Shahada,حي الشهداء ,32.1357497849,44.9305147983,14.0,84.0,2.0,0.0,0.0,0.0,0.0,0.0,0.0,0.0,0.0,0.0,0.0,0.0,12.0,0.0,0.0,0.0,0.0,0.0,0.0,4.0,0.0,0.0,0.0,0.0,0.0,9.0,1.0,9.0,0.0,1.0,0.0,0.0,0.0,0.0,0.0,0.0,0.0,0.0,0.0,0.0,2.0,0.0,10.0,2.0,2.0,10.0,0.0,2.0,0.0,0.0,0.0,0.0,0.0,0.0,0.0,0.0,"Jan 19, 2017"
3622,3603057.0,24382.0,Qadissiya,Diwaniya,Hay Al Shomos,حي الشموس,32.0018013893,44.8640472443,25.0,150.0,0.0,0.0,0.0,0.0,0.0,0.0,0.0,0.0,3.0,0.0,0.0,0.0,22.0,0.0,0.0,0.0,0.0,0.0,0.0,6.0,0.0,0.0,0.0,0.0,0.0,10.0,9.0,10.0,0.0,9.0,0.0,0.0,0.0,0.0,0.0,0.0,0.0,0.0,0.0,0.0,22.0,0.0,3.0,22.0,0.0,3.0,0.0,0.0,0.0,0.0,0.0,0.0,0.0,0.0,0.0,0.0,"Jan 19, 2017"
3623,3603058.0,21727.0,Qadissiya,Diwaniya,Hay Al Thuqlayn,حي الثقلين,31.9708801992,44.9656979703,9.0,54.0,2.0,0.0,0.0,0.0,0.0,0.0,0.0,0.0,2.0,0.0,0.0,0.0,5.0,0.0,0.0,0.0,0.0,0.0,0.0,0.0,0.0,0.0,0.0,0.0,0.0,6.0,3.0,6.0,0.0,3.0,0.0,0.0,0.0,0.0,0.0,0.0,0.0,0.0,0.0,0.0,2.0,0.0,5.0,2.0,2.0,5.0,0.0,2.0,0.0,0.0,0.0,0.0,0.0,0.0,0.0,0.0,"Jan 19, 2017"
3624,3603059.0,24309.0,Qadissiya,Diwaniya,Hay Al Waely,حي الوائلي,32.057930586,44.7729948073,40.0,240.0,2.0,0.0,0.0,0.0,0.0,0.0,0.0,0.0,3.0,0.0,0.0,0.0,35.0,0.0,0.0,0.0,0.0,0.0,0.0,4.0,0.0,0.0,0.0,0.0,0.0,21.0,15.0,21.0,0.0,15.0,0.0,0.0,0.0,0.0,0.0,0.0,0.0,0.0,0.0,0.0,17.0,0.0,21.0,17.0,2.0,21.0,0.0,2.0,0.0,0.0,0.0,0.0,0.0,0.0,0.0,0.0,"Jan 19, 2017"
3625,3603060.0,21734.0,Qadissiya,Diwaniya,Hay Al Wihda 1,حي الوحده الاولى,31.995855404,44.9433796508,14.0,84.0,2.0,3.0,2.0,0.0,0.0,0.0,0.0,0.0,4.0,0.0,0.0,0.0,3.0,0.0,0.0,0.0,0.0,0.0,0.0,5.0,0.0,0.0,0.0,0.0,0.0,0.0,9.0,0.0,0.0,9.0,0.0,0.0,0.0,0.0,0.0,0.0,0.0,0.0,0.0,0.0,11.0,0.0,3.0,11.0,0.0,3.0,0.0,0.0,0.0,0.0,0.0,0.0,0.0,0.0,0.0,0.0,"Jan 19, 2017"
3626,3603061.0,2721.0,Qadissiya,Diwaniya,Hay Al Zahraa,حي الزهراء,31.976974,44.964159,5.0,30.0,1.0,0.0,0.0,0.0,0.0,0.0,0.0,0.0,0.0,0.0,0.0,0.0,4.0,0.0,0.0,0.0,0.0,0.0,0.0,0.0,0.0,0.0,0.0,0.0,0.0,0.0,5.0,0.0,0.0,5.0,0.0,0.0,0.0,0.0,0.0,0.0,0.0,0.0,0.0,0.0,0.0,0.0,4.0,0.0,1.0,4.0,0.0,1.0,0.0,0.0,0.0,0.0,0.0,0.0,0.0,0.0,"Jan 19, 2017"
3627,3603062.0,3386.0,Qadissiya,Diwaniya,Hay AL-Amel,حي العامل,32.009533,44.846618,8.0,48.0,2.0,0.0,0.0,0.0,0.0,0.0,0.0,0.0,0.0,0.0,0.0,0.0,6.0,0.0,0.0,0.0,0.0,0.0,0.0,0.0,0.0,0.0,0.0,0.0,0.0,3.0,5.0,3.0,0.0,5.0,0.0,0.0,0.0,0.0,0.0,0.0,0.0,0.0,0.0,0.0,5.0,0.0,1.0,5.0,2.0,1.0,0.0,2.0,0.0,0.0,0.0,0.0,0.0,0.0,0.0,0.0,"Jan 19, 2017"
3628,3603063.0,25567.0,Qadissiya,Diwaniya,Hay Al-Amin 1,حي الامين 1,32.0048192795,44.8499211418,61.0,366.0,13.0,0.0,0.0,0.0,0.0,0.0,0.0,0.0,0.0,0.0,0.0,0.0,48.0,0.0,0.0,0.0,0.0,0.0,0.0,9.0,0.0,0.0,0.0,0.0,0.0,25.0,27.0,25.0,0.0,27.0,0.0,0.0,0.0,0.0,0.0,0.0,0.0,0.0,0.0,0.0,36.0,0.0,23.0,36.0,2.0,23.0,0.0,2.0,0.0,0.0,0.0,0.0,0.0,0.0,0.0,0.0,"Jan 19, 2017"
3629,3603064.0,25568.0,Qadissiya,Diwaniya,Hay Al-Amin 2,حي الامين 2,32.0062987693,44.8447732166,49.0,294.0,9.0,0.0,0.0,0.0,0.0,0.0,0.0,0.0,0.0,0.0,0.0,0.0,40.0,0.0,0.0,0.0,0.0,0.0,0.0,0.0,0.0,0.0,0.0,0.0,0.0,28.0,21.0,28.0,0.0,21.0,0.0,0.0,0.0,0.0,0.0,0.0,0.0,0.0,0.0,0.0,0.0,0.0,40.0,0.0,9.0,40.0,0.0,9.0,0.0,0.0,0.0,0.0,0.0,0.0,0.0,0.0,"Jan 19, 2017"
3630,3603066.0,3308.0,Qadissiya,Diwaniya,Hay Al-Askaary,حي العسكري,32.1335967068,44.9329186366,22.0,132.0,2.0,0.0,0.0,0.0,0.0,0.0,0.0,0.0,2.0,0.0,0.0,0.0,18.0,0.0,0.0,0.0,0.0,0.0,0.0,6.0,0.0,0.0,0.0,0.0,0.0,0.0,16.0,0.0,0.0,16.0,0.0,0.0,0.0,0.0,0.0,0.0,0.0,0.0,0.0,0.0,10.0,0.0,10.0,10.0,2.0,10.0,0.0,2.0,0.0,0.0,0.0,0.0,0.0,0.0,0.0,0.0,"Jan 19, 2017"
3631,3603067.0,24487.0,Qadissiya,Diwaniya,Hay Al-Askary,حي العسكري,32.0640089999,44.7700142501,40.0,240.0,3.0,0.0,9.0,0.0,0.0,0.0,0.0,0.0,8.0,0.0,0.0,0.0,20.0,0.0,0.0,0.0,0.0,0.0,0.0,5.0,0.0,0.0,0.0,0.0,0.0,18.0,17.0,18.0,0.0,17.0,0.0,0.0,0.0,0.0,0.0,0.0,0.0,0.0,0.0,0.0,20.0,0.0,17.0,20.0,3.0,17.0,0.0,3.0,0.0,0.0,0.0,0.0,0.0,0.0,0.0,0.0,"Jan 19, 2017"
3632,3603068.0,23749.0,Qadissiya,Diwaniya,Hay Al-Asry-118,حي العصري محلة 118,31.9853588892,44.9339453141,13.0,78.0,4.0,0.0,2.0,0.0,0.0,0.0,0.0,0.0,1.0,0.0,0.0,0.0,4.0,0.0,2.0,0.0,0.0,0.0,0.0,4.0,0.0,0.0,0.0,0.0,0.0,3.0,6.0,3.0,0.0,6.0,0.0,0.0,0.0,0.0,0.0,0.0,0.0,0.0,0.0,0.0,5.0,0.0,4.0,5.0,4.0,4.0,0.0,4.0,0.0,0.0,0.0,0.0,0.0,0.0,0.0,0.0,"Jan 19, 2017"
3633,3603069.0,25371.0,Qadissiya,Diwaniya,Hay Al-Baqi,حي البقيع,31.954949,44.949869,12.0,72.0,3.0,0.0,0.0,0.0,0.0,0.0,0.0,0.0,0.0,0.0,0.0,0.0,9.0,0.0,0.0,0.0,0.0,0.0,0.0,0.0,0.0,0.0,0.0,0.0,0.0,0.0,12.0,0.0,0.0,12.0,0.0,0.0,0.0,0.0,0.0,0.0,0.0,0.0,0.0,0.0,0.0,0.0,9.0,0.0,0.0,9.0,3.0,0.0,0.0,3.0,0.0,0.0,0.0,0.0,0.0,0.0,"Jan 19, 2017"
3634,3603070.0,3367.0,Qadissiya,Diwaniya,Hay Al-Dhubat 2,حي الضباط الثاني,32.0076612619,44.9225516779,19.0,114.0,6.0,0.0,0.0,0.0,0.0,0.0,0.0,0.0,3.0,0.0,0.0,0.0,10.0,0.0,0.0,0.0,0.0,0.0,0.0,4.0,0.0,0.0,0.0,0.0,0.0,0.0,15.0,0.0,0.0,15.0,0.0,0.0,0.0,0.0,0.0,0.0,0.0,0.0,0.0,0.0,10.0,0.0,3.0,10.0,6.0,3.0,0.0,6.0,0.0,0.0,0.0,0.0,0.0,0.0,0.0,0.0,"Jan 19, 2017"
3635,3603071.0,25507.0,Qadissiya,Diwaniya,Hay Al-Fadliya,حي الفاضلية,31.992112,44.920867,12.0,72.0,8.0,0.0,0.0,0.0,0.0,0.0,0.0,0.0,0.0,0.0,0.0,0.0,4.0,0.0,0.0,0.0,0.0,0.0,0.0,4.0,0.0,0.0,0.0,0.0,0.0,0.0,8.0,0.0,0.0,8.0,0.0,0.0,0.0,0.0,0.0,0.0,0.0,0.0,0.0,0.0,2.0,0.0,5.0,2.0,2.0,5.0,3.0,2.0,0.0,3.0,0.0,0.0,0.0,0.0,0.0,0.0,"Jan 19, 2017"
3636,3603072.0,25510.0,Qadissiya,Diwaniya,Hay Al-Fajer Al-Jadeed,حي الفجر الجديد,31.998037,44.949587,11.0,66.0,0.0,0.0,4.0,0.0,0.0,2.0,0.0,0.0,4.0,0.0,0.0,0.0,1.0,0.0,0.0,0.0,0.0,0.0,0.0,1.0,0.0,0.0,0.0,0.0,0.0,0.0,10.0,0.0,0.0,10.0,0.0,0.0,0.0,0.0,0.0,0.0,0.0,0.0,0.0,0.0,0.0,0.0,11.0,0.0,0.0,11.0,0.0,0.0,0.0,0.0,0.0,0.0,0.0,0.0,0.0,0.0,"Jan 19, 2017"
3637,3603073.0,23715.0,Qadissiya,Diwaniya,Hay Al-Hadarah,حي الحضارة,32.0156769347,44.9173569003,46.0,276.0,27.0,0.0,0.0,0.0,0.0,0.0,0.0,0.0,0.0,0.0,0.0,0.0,17.0,0.0,2.0,0.0,0.0,0.0,0.0,15.0,0.0,0.0,0.0,0.0,0.0,4.0,27.0,4.0,0.0,27.0,0.0,0.0,0.0,0.0,0.0,0.0,0.0,0.0,5.0,0.0,13.0,5.0,6.0,13.0,22.0,6.0,0.0,22.0,0.0,0.0,0.0,0.0,0.0,0.0,0.0,0.0,"Jan 19, 2017"
3638,3603074.0,3382.0,Qadissiya,Diwaniya,Hay AL-Hussian,حي الحسين,31.970466217,44.8836852517,41.0,246.0,9.0,0.0,0.0,0.0,0.0,0.0,0.0,0.0,0.0,0.0,0.0,0.0,32.0,0.0,0.0,0.0,0.0,0.0,0.0,0.0,0.0,0.0,0.0,0.0,0.0,9.0,11.0,9.0,0.0,11.0,0.0,0.0,0.0,0.0,21.0,0.0,0.0,21.0,0.0,0.0,29.0,0.0,3.0,29.0,9.0,3.0,0.0,9.0,0.0,0.0,0.0,0.0,0.0,0.0,0.0,0.0,"Jan 19, 2017"
3639,3603075.0,25074.0,Qadissiya,Diwaniya,Hay Al-Karar,حي الكرار,31.9650285831,44.8811037093,25.0,150.0,3.0,1.0,0.0,0.0,0.0,0.0,0.0,0.0,13.0,0.0,0.0,0.0,8.0,0.0,0.0,0.0,0.0,0.0,0.0,5.0,0.0,0.0,0.0,0.0,0.0,0.0,20.0,0.0,0.0,20.0,0.0,0.0,0.0,0.0,0.0,0.0,0.0,0.0,1.0,0.0,14.0,1.0,7.0,14.0,1.0,7.0,2.0,1.0,0.0,2.0,0.0,0.0,0.0,0.0,0.0,0.0,"Jan 19, 2017"
3640,3603076.0,3209.0,Qadissiya,Diwaniya,Hay al-muaalmien,حي المعلمين ,31.9914014032,44.8956077166,29.0,174.0,9.0,0.0,0.0,0.0,0.0,0.0,0.0,0.0,0.0,0.0,0.0,0.0,20.0,0.0,0.0,0.0,0.0,0.0,0.0,5.0,0.0,0.0,0.0,0.0,0.0,12.0,12.0,12.0,0.0,12.0,0.0,0.0,0.0,0.0,0.0,0.0,0.0,0.0,0.0,0.0,19.0,0.0,6.0,19.0,1.0,6.0,3.0,1.0,0.0,3.0,0.0,0.0,0.0,0.0,0.0,0.0,"Jan 19, 2017"
3641,3603077.0,25287.0,Qadissiya,Diwaniya,Hay Al-Nahtha 1,حي النهضة 1,31.9873995817,44.9461045491,12.0,72.0,4.0,0.0,0.0,0.0,0.0,1.0,0.0,0.0,0.0,0.0,0.0,0.0,7.0,0.0,0.0,0.0,0.0,0.0,0.0,1.0,0.0,0.0,0.0,0.0,0.0,3.0,8.0,3.0,0.0,8.0,0.0,0.0,0.0,0.0,0.0,0.0,0.0,0.0,0.0,0.0,4.0,0.0,8.0,4.0,0.0,8.0,0.0,0.0,0.0,0.0,0.0,0.0,0.0,0.0,0.0,0.0,"Jan 19, 2017"
3642,3603078.0,25372.0,Qadissiya,Diwaniya,Hay Al-Naseej,حي النسيج,31.9670749409,44.965272656,14.0,84.0,0.0,0.0,0.0,0.0,0.0,2.0,0.0,0.0,5.0,0.0,0.0,0.0,7.0,0.0,0.0,0.0,0.0,0.0,0.0,0.0,0.0,2.0,0.0,0.0,2.0,0.0,12.0,0.0,0.0,12.0,0.0,0.0,0.0,0.0,0.0,0.0,0.0,0.0,0.0,0.0,9.0,0.0,5.0,9.0,0.0,5.0,0.0,0.0,0.0,0.0,0.0,0.0,0.0,0.0,0.0,0.0,"Jan 19, 2017"
3643,3603079.0,25958.0,Qadissiya,Diwaniya,Hay Al-Shurta,حي الشرطة,31.9935938831,44.9548294049,15.0,90.0,0.0,0.0,0.0,0.0,0.0,0.0,0.0,0.0,7.0,0.0,0.0,0.0,8.0,0.0,0.0,0.0,0.0,0.0,0.0,2.0,0.0,0.0,0.0,0.0,0.0,8.0,5.0,8.0,0.0,5.0,0.0,0.0,0.0,0.0,0.0,0.0,0.0,0.0,0.0,0.0,7.0,0.0,8.0,7.0,0.0,8.0,0.0,0.0,0.0,0.0,0.0,0.0,0.0,0.0,0.0,0.0,"Jan 19, 2017"
3644,3603080.0,25512.0,Qadissiya,Diwaniya,Hay Al-Zaieem,حي الزعيم,31.9858942938,44.9293912449,15.0,90.0,6.0,0.0,4.0,0.0,0.0,0.0,0.0,0.0,0.0,0.0,0.0,0.0,3.0,0.0,2.0,0.0,0.0,0.0,0.0,0.0,0.0,0.0,0.0,0.0,0.0,0.0,15.0,0.0,0.0,15.0,0.0,0.0,0.0,0.0,0.0,0.0,0.0,0.0,0.0,0.0,6.0,0.0,3.0,6.0,6.0,3.0,0.0,6.0,0.0,0.0,0.0,0.0,0.0,0.0,0.0,0.0,"Jan 19, 2017"
3645,3603081.0,24307.0,Qadissiya,Diwaniya,Hay Ramadan,حي رمضان,31.9799313135,44.9005274468,29.0,174.0,1.0,0.0,0.0,0.0,0.0,0.0,0.0,0.0,0.0,0.0,0.0,0.0,28.0,0.0,0.0,0.0,0.0,0.0,0.0,0.0,0.0,0.0,0.0,0.0,0.0,24.0,3.0,24.0,0.0,3.0,0.0,0.0,0.0,0.0,2.0,0.0,0.0,2.0,0.0,0.0,10.0,0.0,18.0,10.0,0.0,18.0,1.0,0.0,0.0,1.0,0.0,0.0,0.0,0.0,0.0,0.0,"Jan 19, 2017"
3646,3603082.0,25516.0,Qadissiya,Diwaniya,Kadoory village,قرية قدوري,32.153081,44.903711,8.0,48.0,0.0,0.0,0.0,0.0,0.0,0.0,0.0,0.0,0.0,0.0,0.0,0.0,8.0,0.0,0.0,0.0,0.0,0.0,0.0,0.0,0.0,0.0,0.0,0.0,0.0,5.0,3.0,5.0,0.0,3.0,0.0,0.0,0.0,0.0,0.0,0.0,0.0,0.0,0.0,0.0,0.0,0.0,8.0,0.0,0.0,8.0,0.0,0.0,0.0,0.0,0.0,0.0,0.0,0.0,0.0,0.0,"Jan 19, 2017"
3647,3603085.0,22452.0,Qadissiya,Diwaniya,Qaryat Al Ensaf,قرية الانصاف,31.9991649705,45.0154067767,34.0,204.0,2.0,0.0,9.0,0.0,0.0,0.0,0.0,0.0,0.0,0.0,0.0,0.0,15.0,0.0,8.0,0.0,0.0,0.0,0.0,9.0,0.0,0.0,0.0,0.0,0.0,14.0,11.0,14.0,0.0,11.0,0.0,0.0,0.0,0.0,0.0,0.0,0.0,0.0,0.0,0.0,0.0,0.0,21.0,0.0,13.0,21.0,0.0,13.0,0.0,0.0,0.0,0.0,0.0,0.0,0.0,0.0,"Jan 19, 2017"
3648,3603086.0,2114.0,Qadissiya,Diwaniya,Sader Al-Daghara,صدر الدغارة,32.2338990325,44.8098465396,23.0,138.0,5.0,0.0,0.0,0.0,0.0,0.0,0.0,0.0,0.0,0.0,0.0,0.0,18.0,0.0,0.0,0.0,0.0,0.0,0.0,0.0,0.0,0.0,0.0,0.0,0.0,13.0,10.0,13.0,0.0,10.0,0.0,0.0,0.0,0.0,0.0,0.0,0.0,0.0,0.0,0.0,4.0,0.0,14.0,4.0,3.0,14.0,2.0,3.0,0.0,2.0,0.0,0.0,0.0,0.0,0.0,0.0,"Jan 19, 2017"
3649,3603087.0,21783.0,Qadissiya,Diwaniya,Hay Al-Sadir 4,حي الصدر الرابعة,31.9950297195,44.9562248593,40.0,240.0,0.0,0.0,0.0,0.0,0.0,0.0,0.0,0.0,12.0,0.0,0.0,0.0,28.0,0.0,0.0,0.0,0.0,0.0,0.0,12.0,0.0,0.0,0.0,0.0,0.0,10.0,14.0,10.0,0.0,14.0,0.0,0.0,0.0,0.0,4.0,0.0,0.0,4.0,0.0,0.0,12.0,0.0,28.0,12.0,0.0,28.0,0.0,0.0,0.0,0.0,0.0,0.0,0.0,0.0,0.0,0.0,"Jan 19, 2017"
3650,3603088.0,25860.0,Qadissiya,Diwaniya,Salman Hlis Village,قرية سلمان هليس,31.9976262236,44.9812203134,35.0,210.0,2.0,0.0,0.0,0.0,0.0,0.0,0.0,0.0,7.0,0.0,0.0,0.0,22.0,0.0,4.0,0.0,0.0,0.0,0.0,2.0,0.0,0.0,0.0,0.0,0.0,21.0,10.0,21.0,0.0,10.0,0.0,0.0,0.0,0.0,2.0,0.0,0.0,2.0,0.0,0.0,19.0,0.0,13.0,19.0,3.0,13.0,0.0,3.0,0.0,0.0,0.0,0.0,0.0,0.0,0.0,0.0,"Jan 19, 2017"
3651,3603089.0,25861.0,Qadissiya,Diwaniya,Sayed Talib Village,قرية سيد طالب,31.9583001779,44.7502365852,10.0,60.0,4.0,0.0,0.0,0.0,0.0,0.0,0.0,0.0,0.0,0.0,0.0,0.0,6.0,0.0,0.0,0.0,0.0,0.0,0.0,4.0,0.0,0.0,0.0,0.0,0.0,0.0,6.0,0.0,0.0,6.0,0.0,0.0,0.0,0.0,0.0,0.0,0.0,0.0,0.0,0.0,0.0,0.0,6.0,0.0,4.0,6.0,0.0,4.0,0.0,0.0,0.0,0.0,0.0,0.0,0.0,0.0,"Jan 19, 2017"
3652,3603090.0,25327.0,Qadissiya,Diwaniya,Hay Al Zahra,حي الزهراء,31.9464840833,44.8358778097,28.0,168.0,3.0,0.0,2.0,0.0,0.0,0.0,0.0,0.0,3.0,0.0,0.0,0.0,20.0,0.0,0.0,0.0,0.0,0.0,0.0,3.0,0.0,0.0,0.0,0.0,0.0,0.0,25.0,0.0,0.0,25.0,0.0,0.0,0.0,0.0,0.0,0.0,0.0,0.0,0.0,0.0,13.0,0.0,10.0,13.0,5.0,10.0,0.0,5.0,0.0,0.0,0.0,0.0,0.0,0.0,0.0,0.0,"Jan 19, 2017"
3653,3603092.0,25280.0,Qadissiya,Diwaniya,Um Abasiyat,ام عباسيات,31.9485547906,44.8554245755,31.0,186.0,0.0,0.0,0.0,0.0,0.0,0.0,0.0,0.0,10.0,0.0,0.0,0.0,21.0,0.0,0.0,0.0,0.0,0.0,0.0,4.0,0.0,0.0,0.0,0.0,0.0,4.0,0.0,4.0,0.0,0.0,0.0,0.0,0.0,0.0,23.0,0.0,0.0,23.0,0.0,0.0,18.0,0.0,13.0,18.0,0.0,13.0,0.0,0.0,0.0,0.0,0.0,0.0,0.0,0.0,0.0,0.0,"Jan 19, 2017"
3654,3603093.0,23764.0,Qadissiya,Diwaniya,Um Al Khail 2,ام الخيل الثانية,31.9946974877,44.8994956695,24.0,144.0,11.0,0.0,0.0,0.0,0.0,0.0,0.0,0.0,0.0,0.0,0.0,0.0,13.0,0.0,0.0,0.0,0.0,0.0,0.0,10.0,0.0,0.0,0.0,0.0,0.0,0.0,14.0,0.0,0.0,14.0,0.0,0.0,0.0,0.0,0.0,0.0,0.0,0.0,5.0,0.0,5.0,5.0,4.0,5.0,7.0,4.0,3.0,7.0,0.0,3.0,0.0,0.0,0.0,0.0,0.0,0.0,"Jan 19, 2017"
3655,3603094.0,25508.0,Qadissiya,Diwaniya,Um Al Khail 3,ام الخيل الثالثه,32.0021501277,44.8997492713,26.0,156.0,10.0,0.0,2.0,0.0,0.0,0.0,0.0,0.0,5.0,0.0,0.0,0.0,9.0,0.0,0.0,0.0,0.0,0.0,0.0,4.0,0.0,0.0,0.0,0.0,0.0,0.0,18.0,0.0,0.0,18.0,0.0,0.0,0.0,0.0,4.0,0.0,0.0,4.0,0.0,0.0,8.0,0.0,8.0,8.0,6.0,8.0,4.0,6.0,0.0,4.0,0.0,0.0,0.0,0.0,0.0,0.0,"Jan 19, 2017"
3656,3604001.0,24437.0,Qadissiya,Hamza,Al Asriyah Village,القرية العصرية,31.569478,44.525691,48.0,288.0,0.0,0.0,0.0,0.0,0.0,0.0,0.0,0.0,33.0,0.0,0.0,0.0,15.0,0.0,0.0,0.0,0.0,0.0,0.0,0.0,0.0,0.0,0.0,44.0,0.0,0.0,0.0,0.0,0.0,0.0,0.0,0.0,0.0,0.0,4.0,0.0,0.0,4.0,0.0,0.0,16.0,0.0,32.0,16.0,0.0,32.0,0.0,0.0,0.0,0.0,0.0,0.0,0.0,0.0,0.0,0.0,"Jan 19, 2017"
3657,3604002.0,24582.0,Qadissiya,Hamza,Mantaket Al-Giwam,منطقة الكوام,31.7277437031,44.9724628354,50.0,300.0,7.0,0.0,0.0,0.0,0.0,2.0,0.0,0.0,0.0,0.0,0.0,0.0,41.0,0.0,0.0,0.0,0.0,0.0,0.0,6.0,0.0,0.0,0.0,0.0,0.0,21.0,23.0,21.0,0.0,23.0,0.0,0.0,0.0,0.0,0.0,0.0,0.0,0.0,0.0,0.0,7.0,0.0,36.0,7.0,7.0,36.0,0.0,7.0,0.0,0.0,0.0,0.0,0.0,0.0,0.0,0.0,"Jan 19, 2017"
3658,3604004.0,24583.0,Qadissiya,Hamza,Al-Marshad village,قرية المرشد,31.8602793524,44.9315678427,15.0,90.0,0.0,0.0,0.0,0.0,0.0,0.0,0.0,0.0,1.0,0.0,0.0,0.0,14.0,0.0,0.0,0.0,0.0,0.0,0.0,4.0,0.0,0.0,0.0,0.0,0.0,9.0,0.0,9.0,0.0,0.0,0.0,0.0,0.0,0.0,2.0,0.0,0.0,2.0,0.0,0.0,1.0,0.0,14.0,1.0,0.0,14.0,0.0,0.0,0.0,0.0,0.0,0.0,0.0,0.0,0.0,0.0,"Jan 19, 2017"
3659,3604005.0,21102.0,Qadissiya,Hamza,AL-Marsoul village,قرية المرسول,31.7315916964,44.9678345812,57.0,342.0,4.0,0.0,0.0,0.0,0.0,0.0,0.0,0.0,0.0,0.0,0.0,0.0,53.0,0.0,0.0,0.0,0.0,0.0,0.0,17.0,0.0,0.0,0.0,0.0,0.0,20.0,10.0,20.0,0.0,10.0,0.0,0.0,0.0,0.0,10.0,0.0,0.0,10.0,0.0,0.0,17.0,0.0,36.0,17.0,4.0,36.0,0.0,4.0,0.0,0.0,0.0,0.0,0.0,0.0,0.0,0.0,"Jan 19, 2017"
3660,3604006.0,25283.0,Qadissiya,Hamza,Al-Saada Alimyal village,قرية السادة الاميال,31.7303168613,44.9783182996,35.0,210.0,15.0,0.0,0.0,0.0,0.0,0.0,0.0,0.0,0.0,0.0,0.0,0.0,20.0,0.0,0.0,0.0,0.0,0.0,0.0,20.0,0.0,0.0,0.0,0.0,0.0,8.0,7.0,8.0,0.0,7.0,0.0,0.0,0.0,0.0,0.0,0.0,0.0,0.0,0.0,0.0,4.0,0.0,11.0,4.0,10.0,11.0,10.0,10.0,0.0,10.0,0.0,0.0,0.0,0.0,0.0,0.0,"Jan 19, 2017"
3661,3604007.0,2518.0,Qadissiya,Hamza,Al-sabah village,قرية الصباح,31.8209071644,44.9393139225,25.0,150.0,6.0,0.0,0.0,0.0,0.0,0.0,0.0,0.0,0.0,0.0,0.0,0.0,19.0,0.0,0.0,0.0,0.0,0.0,0.0,8.0,0.0,0.0,0.0,0.0,0.0,16.0,1.0,16.0,0.0,1.0,0.0,0.0,0.0,0.0,0.0,0.0,0.0,0.0,0.0,0.0,6.0,0.0,13.0,6.0,1.0,13.0,5.0,1.0,0.0,5.0,0.0,0.0,0.0,0.0,0.0,0.0,"Jan 19, 2017"
3662,3604008.0,25286.0,Qadissiya,Hamza,Ali Al-Salman Village,قرية علي السلمان,31.8029994797,44.9427232705,9.0,54.0,3.0,0.0,0.0,0.0,0.0,0.0,0.0,0.0,0.0,0.0,0.0,0.0,6.0,0.0,0.0,0.0,0.0,0.0,0.0,4.0,0.0,0.0,0.0,0.0,0.0,5.0,0.0,5.0,0.0,0.0,0.0,0.0,0.0,0.0,0.0,0.0,0.0,0.0,0.0,0.0,0.0,0.0,6.0,0.0,3.0,6.0,0.0,3.0,0.0,0.0,0.0,0.0,0.0,0.0,0.0,0.0,"Jan 19, 2017"
3663,3604009.0,25285.0,Qadissiya,Hamza,Hay Al-Askary,حي العسكري,31.8254737509,44.9427859293,37.0,222.0,9.0,0.0,0.0,0.0,0.0,0.0,0.0,0.0,3.0,0.0,0.0,0.0,25.0,0.0,0.0,0.0,0.0,0.0,0.0,4.0,0.0,0.0,0.0,0.0,0.0,22.0,11.0,22.0,0.0,11.0,0.0,0.0,0.0,0.0,0.0,0.0,0.0,0.0,0.0,0.0,11.0,0.0,17.0,11.0,7.0,17.0,2.0,7.0,0.0,2.0,0.0,0.0,0.0,0.0,0.0,0.0,"Jan 19, 2017"
3664,3604010.0,2539.0,Qadissiya,Hamza,Al-suraa village,قرية السورة,31.8298777286,44.9360782653,16.0,96.0,3.0,0.0,0.0,0.0,0.0,0.0,0.0,0.0,3.0,0.0,0.0,0.0,10.0,0.0,0.0,0.0,0.0,0.0,0.0,3.0,0.0,0.0,0.0,0.0,0.0,11.0,2.0,11.0,0.0,2.0,0.0,0.0,0.0,0.0,0.0,0.0,0.0,0.0,0.0,0.0,3.0,0.0,10.0,3.0,3.0,10.0,0.0,3.0,0.0,0.0,0.0,0.0,0.0,0.0,0.0,0.0,"Jan 19, 2017"
3665,3604013.0,24618.0,Qadissiya,Hamza,Hay Al saray,حي السراي,31.584512,44.646279,30.0,180.0,6.0,0.0,0.0,0.0,0.0,0.0,0.0,0.0,0.0,0.0,0.0,0.0,24.0,0.0,0.0,0.0,0.0,0.0,0.0,18.0,0.0,0.0,0.0,0.0,0.0,0.0,12.0,0.0,0.0,12.0,0.0,0.0,0.0,0.0,0.0,0.0,0.0,0.0,0.0,0.0,14.0,0.0,16.0,14.0,0.0,16.0,0.0,0.0,0.0,0.0,0.0,0.0,0.0,0.0,0.0,0.0,"Jan 19, 2017"
3666,3604014.0,25564.0,Qadissiya,Hamza,Hay Al-Hur,حي الحر,31.8221339397,44.9442870246,10.0,60.0,4.0,0.0,0.0,0.0,0.0,0.0,0.0,0.0,3.0,0.0,0.0,0.0,3.0,0.0,0.0,0.0,0.0,0.0,0.0,3.0,0.0,0.0,0.0,0.0,0.0,2.0,5.0,2.0,0.0,5.0,0.0,0.0,0.0,0.0,0.0,0.0,0.0,0.0,0.0,0.0,7.0,0.0,3.0,7.0,0.0,3.0,0.0,0.0,0.0,0.0,0.0,0.0,0.0,0.0,0.0,0.0,"Jan 19, 2017"
3667,3604015.0,22000.0,Qadissiya,Hamza,Hay Hussain,حي الحسين,31.7160727182,44.9707064665,67.0,402.0,37.0,0.0,0.0,0.0,0.0,0.0,0.0,0.0,6.0,0.0,0.0,0.0,24.0,0.0,0.0,0.0,0.0,0.0,0.0,14.0,0.0,0.0,0.0,0.0,0.0,10.0,43.0,10.0,0.0,43.0,0.0,0.0,0.0,0.0,0.0,0.0,0.0,0.0,0.0,0.0,6.0,0.0,24.0,6.0,28.0,24.0,9.0,28.0,0.0,9.0,0.0,0.0,0.0,0.0,0.0,0.0,"Jan 19, 2017"
3668,3604016.0,25284.0,Qadissiya,Hamza,Salim village,قرية سالم,31.7361178689,44.9761842008,45.0,270.0,10.0,0.0,0.0,0.0,0.0,0.0,0.0,0.0,0.0,0.0,0.0,0.0,35.0,0.0,0.0,0.0,0.0,0.0,0.0,16.0,0.0,0.0,0.0,0.0,0.0,13.0,16.0,13.0,0.0,16.0,0.0,0.0,0.0,0.0,0.0,0.0,0.0,0.0,0.0,0.0,10.0,0.0,30.0,10.0,5.0,30.0,0.0,5.0,0.0,0.0,0.0,0.0,0.0,0.0,0.0,0.0,"Jan 19, 2017"
3669,3604017.0,25281.0,Qadissiya,Hamza,Tabu,الطابو,31.6598359648,45.0099183191,30.0,180.0,6.0,0.0,0.0,0.0,0.0,0.0,0.0,0.0,0.0,0.0,0.0,0.0,24.0,0.0,0.0,0.0,0.0,0.0,0.0,10.0,0.0,0.0,0.0,0.0,0.0,20.0,0.0,20.0,0.0,0.0,0.0,0.0,0.0,0.0,0.0,0.0,0.0,0.0,0.0,0.0,10.0,0.0,14.0,10.0,6.0,14.0,0.0,6.0,0.0,0.0,0.0,0.0,0.0,0.0,0.0,0.0,"Jan 19, 2017"
3670,3604018.0,25282.0,Qadissiya,Hamza,Al-Taraf Al-Sharqi,الطرف الشرقي,31.7199679279,44.9769688363,27.0,162.0,20.0,0.0,3.0,0.0,0.0,0.0,0.0,0.0,0.0,0.0,0.0,0.0,4.0,0.0,0.0,0.0,0.0,0.0,0.0,10.0,0.0,0.0,0.0,0.0,0.0,10.0,7.0,10.0,0.0,7.0,0.0,0.0,0.0,0.0,0.0,0.0,0.0,0.0,0.0,0.0,4.0,0.0,11.0,4.0,7.0,11.0,5.0,7.0,0.0,5.0,0.0,0.0,0.0,0.0,0.0,0.0,"Jan 19, 2017"
3671,,,,,,,,,,,,,,,,,,,,,,,,,,,,,,,,,,,,,,,,,,,,,,,,,,,,,,,,,,,,,,,,,,,"Jan 19, 2017"
